Date,Open,High,Low,Close,Adj Close,Volume
1997-03-06,190.0,207.5,185.0,206.25,158.50694274902344,81350
1997-03-07,207.5,237.5,205.0,237.5,182.5231475830078,19425
1997-03-10,230.0,240.0,225.0,232.5,178.68055725097656,11795
1997-03-11,240.0,255.0,232.5,242.5,186.36573791503906,3245
1997-03-12,237.5,245.0,230.0,235.0,180.6018524169922,5485
1997-03-13,242.5,242.5,230.0,240.0,184.44444274902344,5015
1997-03-14,230.0,242.5,230.0,240.0,184.44444274902344,315
1997-03-17,245.0,247.5,237.5,240.0,184.44444274902344,7940
1997-03-18,237.5,245.0,237.5,245.0,188.2870330810547,7090
1997-03-19,245.0,245.0,237.5,238.75,183.48379516601562,1415
1997-03-20,237.5,242.5,237.5,242.5,186.36573791503906,1565
1997-03-21,242.5,242.5,237.5,240.0,184.44444274902344,330
1997-03-24,237.5,237.5,230.0,230.0,176.75926208496094,3305
1997-03-25,230.0,230.0,225.0,230.0,176.75926208496094,3115
1997-03-26,232.5,232.5,227.5,232.5,178.68055725097656,4935
1997-03-27,232.5,232.5,227.5,227.5,174.8379669189453,335
1997-03-31,225.0,232.5,222.5,222.5,170.995361328125,265
1997-04-01,222.5,232.5,222.5,232.5,178.68055725097656,5655
1997-04-02,232.5,232.5,227.5,228.75,175.79861450195312,380
1997-04-03,225.0,225.0,225.0,225.0,172.9166717529297,35
1997-04-04,232.5,232.5,225.0,225.0,172.9166717529297,90
1997-04-07,225.0,232.5,225.0,227.5,174.8379669189453,160
1997-04-08,225.0,232.5,225.0,232.5,178.68055725097656,65
1997-04-09,235.0,235.0,225.0,227.5,174.8379669189453,1210
1997-04-10,225.0,235.0,222.5,222.5,170.995361328125,1180
1997-04-11,220.0,220.0,220.0,220.0,169.07406616210938,270
1997-04-14,220.0,230.0,220.0,230.0,176.75926208496094,265
1997-04-15,230.0,230.0,220.0,222.5,170.995361328125,1090
1997-04-16,225.0,232.5,225.0,230.0,176.75926208496094,365
1997-04-17,230.0,230.0,225.0,225.0,172.9166717529297,95
1997-04-18,225.0,225.0,225.0,225.0,172.9166717529297,0
1997-04-21,225.0,230.0,222.5,222.5,170.995361328125,435
1997-04-22,222.5,225.0,222.5,222.5,170.995361328125,495
1997-04-23,222.5,227.5,222.5,225.0,172.9166717529297,225
1997-04-24,222.5,222.5,222.5,222.5,170.995361328125,30
1997-04-25,220.0,230.0,220.0,230.0,176.75926208496094,405
1997-04-28,232.5,232.5,227.5,232.5,178.68055725097656,190
1997-04-29,222.5,222.5,222.5,222.5,170.995361328125,100
1997-04-30,222.5,227.5,220.0,227.5,174.8379669189453,370
1997-05-01,227.5,232.5,227.5,232.5,178.68055725097656,980
1997-05-02,235.0,252.5,226.875,252.5,194.05091857910156,1490
1997-05-05,252.5,270.0,252.5,267.5,205.57870483398438,1560
1997-05-06,265.0,265.0,250.0,257.5,197.8935089111328,1315
1997-05-07,257.5,265.0,257.5,260.0,199.8148193359375,1460
1997-05-08,255.0,285.0,255.0,275.0,211.34259033203125,650
1997-05-09,285.0,285.0,270.0,280.0,215.1851806640625,595
1997-05-12,285.0,297.5,272.5,293.75,225.75230407714844,910
1997-05-13,300.0,335.0,287.5,320.0,245.92591857910156,1145
1997-05-14,325.0,350.0,325.0,332.5,255.53240966796875,1180
1997-05-15,330.0,365.0,330.0,347.5,267.0601806640625,1475
1997-05-16,345.0,355.0,335.0,335.0,257.4537048339844,1085
1997-05-19,340.0,347.5,320.0,325.0,249.7685089111328,2910
1997-05-20,325.0,335.0,305.0,315.0,242.0833282470703,690
1997-05-21,325.0,325.0,320.0,320.0,245.92591857910156,45
1997-05-22,307.5,325.0,307.5,310.0,238.24073791503906,90
1997-05-23,307.5,320.0,307.5,320.0,245.92591857910156,370
1997-05-27,305.0,325.0,305.0,325.0,249.7685089111328,1075
1997-05-28,322.5,322.5,322.5,322.5,247.8472137451172,65
1997-05-29,320.0,340.0,320.0,340.0,261.2962951660156,1215
1997-05-30,312.5,340.0,305.0,340.0,261.2962951660156,1755
1997-06-02,365.0,375.0,330.0,337.5,259.375,715
1997-06-03,335.0,347.5,330.0,345.0,265.1388854980469,690
1997-06-04,342.5,365.0,342.5,350.0,268.9814758300781,1230
1997-06-05,350.0,350.0,345.0,345.0,265.1388854980469,245
1997-06-06,345.0,360.0,345.0,360.0,276.6666564941406,95
1997-06-09,350.0,360.0,350.0,355.0,272.8240661621094,1260
1997-06-10,365.0,370.0,350.0,355.0,272.8240661621094,7610
1997-06-11,357.5,357.5,350.0,352.5,270.90277099609375,695
1997-06-12,357.5,357.5,350.0,355.0,272.8240661621094,3720
1997-06-13,355.0,355.0,355.0,355.0,272.8240661621094,15
1997-06-16,355.0,390.0,355.0,390.0,299.72222900390625,990
1997-06-17,390.0,390.0,372.5,375.0,288.1944274902344,780
1997-06-18,380.0,380.0,380.0,380.0,292.0370178222656,50
1997-06-19,380.0,380.0,362.5,362.5,278.58795166015625,690
1997-06-20,360.0,365.0,355.0,355.0,272.8240661621094,450
1997-06-23,357.5,370.0,355.0,355.0,272.8240661621094,195
1997-06-24,355.0,372.5,355.0,360.0,276.6666564941406,335
1997-06-25,355.0,363.75,355.0,360.0,276.6666564941406,210
1997-06-26,360.0,360.0,350.0,350.0,268.9814758300781,340
1997-06-27,350.0,355.0,330.0,340.0,261.2962951660156,1605
1997-06-30,336.25,340.0,335.0,336.25,258.4143371582031,755
1997-07-01,325.0,332.5,320.0,327.5,251.68980407714844,495
1997-07-02,327.5,327.5,325.0,325.0,249.7685089111328,150
1997-07-03,325.0,325.0,325.0,325.0,249.7685089111328,25
1997-07-07,325.0,335.0,325.0,327.5,251.68980407714844,2420
1997-07-08,327.5,332.5,327.5,332.5,255.53240966796875,835
1997-07-09,325.0,330.0,325.0,330.0,253.61111450195312,150
1997-07-10,332.5,332.5,325.0,327.5,251.68980407714844,4045
1997-07-11,335.0,345.0,332.5,345.0,265.1388854980469,595
1997-07-14,345.0,385.0,345.0,377.5,290.11572265625,1185
1997-07-15,375.0,390.0,375.0,380.0,292.0370178222656,945
1997-07-16,375.0,405.0,375.0,392.5,301.6435241699219,4035
1997-07-17,387.5,395.0,380.0,385.0,295.879638671875,3840
1997-07-18,372.5,377.5,352.5,360.0,276.6666564941406,720
1997-07-21,360.0,370.0,350.0,370.0,284.3518371582031,2825
1997-07-22,372.5,382.5,370.0,370.0,284.3518371582031,35
1997-07-23,380.0,425.0,375.0,410.0,315.09259033203125,2180
1997-07-24,421.25,450.0,415.0,435.0,334.3055419921875,2955
1997-07-25,435.0,435.0,415.0,435.0,334.3055419921875,4155
1997-07-28,435.0,435.0,420.0,435.0,334.3055419921875,495
1997-07-29,440.0,475.0,425.0,465.0,357.3611145019531,5970
1997-07-30,445.0,480.0,445.0,465.0,357.3611145019531,3815
1997-07-31,463.75,500.0,463.75,495.0,380.4166564941406,2490
1997-08-01,505.0,505.0,480.0,500.0,384.2592468261719,705
1997-08-04,500.0,500.0,485.0,495.0,380.4166564941406,1480
1997-08-05,500.0,505.0,490.0,497.5,382.33795166015625,3160
1997-08-06,495.0,500.0,495.0,495.0,380.4166564941406,70
1997-08-07,500.0,500.0,490.0,495.0,380.4166564941406,440
1997-08-08,490.0,490.0,445.0,460.0,353.5185241699219,2255
1997-08-11,460.0,460.0,450.0,460.0,353.5185241699219,130
1997-08-12,460.0,460.0,455.0,460.0,353.5185241699219,340
1997-08-13,450.0,460.0,432.5,432.5,332.3842468261719,1840
1997-08-14,435.0,435.0,410.0,410.0,315.09259033203125,470
1997-08-15,415.0,425.0,415.0,415.0,318.9351806640625,35
1997-08-18,410.0,420.0,407.5,420.0,322.77777099609375,1145
1997-08-19,417.5,432.5,410.0,410.0,315.09259033203125,930
1997-08-20,415.0,415.0,415.0,415.0,318.9351806640625,10
1997-08-21,430.0,495.0,415.0,475.0,365.0462951660156,8355
1997-08-22,470.0,485.0,470.0,480.0,368.8888854980469,575
1997-08-25,485.0,485.0,475.0,485.0,372.7314758300781,190
1997-08-26,485.0,485.0,460.0,460.0,353.5185241699219,240
1997-08-27,460.0,462.5,460.0,462.5,355.4398193359375,145
1997-08-28,475.0,475.0,475.0,475.0,365.0462951660156,15
1997-08-29,460.0,465.0,455.0,455.0,349.6759338378906,415
1997-09-02,455.0,455.0,455.0,455.0,349.6759338378906,0
1997-09-03,455.0,470.0,451.25,455.0,349.6759338378906,555
1997-09-04,450.0,450.0,435.0,445.0,341.99072265625,810
1997-09-05,431.25,440.0,430.0,430.0,330.46295166015625,140
1997-09-08,425.0,445.0,400.0,445.0,341.99072265625,6485
1997-09-09,437.5,475.0,437.5,475.0,365.0462951660156,1260
1997-09-10,415.0,435.0,380.0,420.0,322.77777099609375,21765
1997-09-11,417.5,430.0,397.5,405.0,311.25,3685
1997-09-12,412.5,412.5,395.0,412.5,317.0138854980469,2010
1997-09-15,412.5,412.5,400.0,405.0,311.25,2195
1997-09-16,405.0,405.0,385.0,387.5,297.8009338378906,1610
1997-09-17,382.5,387.5,375.0,375.0,288.1944274902344,2515
1997-09-18,372.5,387.5,355.0,362.5,278.58795166015625,3200
1997-09-19,362.5,370.0,355.0,360.0,276.6666564941406,2620
1997-09-22,352.5,365.0,350.0,362.5,278.58795166015625,4805
1997-09-23,350.0,382.5,350.0,382.5,293.9583435058594,1350
1997-09-24,392.5,402.5,382.5,390.0,299.72222900390625,11730
1997-09-25,397.5,397.5,390.0,390.0,299.72222900390625,3515
1997-09-26,397.5,397.5,380.0,392.5,301.6435241699219,12585
1997-09-29,385.0,387.5,382.5,385.0,295.879638671875,405
1997-09-30,382.5,382.5,375.0,375.0,288.1944274902344,875
1997-10-01,380.0,380.0,375.0,377.5,290.11572265625,600
1997-10-02,375.0,375.0,375.0,375.0,288.1944274902344,475
1997-10-03,375.0,375.0,365.0,367.5,282.4305419921875,8055
1997-10-06,360.0,367.5,350.0,357.5,274.745361328125,1995
1997-10-07,362.5,372.5,360.0,370.0,284.3518371582031,5595
1997-10-08,375.0,400.0,375.0,390.0,299.72222900390625,1790
1997-10-09,395.0,395.0,380.0,380.0,292.0370178222656,4820
1997-10-10,382.5,382.5,370.0,375.0,288.1944274902344,1425
1997-10-13,375.0,380.0,372.5,375.0,288.1944274902344,7825
1997-10-14,380.0,425.0,372.5,425.0,326.620361328125,15060
1997-10-15,420.0,467.5,412.5,462.5,355.4398193359375,2965
1997-10-16,452.5,462.5,420.0,420.0,322.77777099609375,1905
1997-10-17,420.0,430.0,377.5,407.5,313.1712951660156,1715
1997-10-20,407.5,407.5,385.0,392.5,301.6435241699219,495
1997-10-21,395.0,400.0,395.0,400.0,307.40740966796875,145
1997-10-22,395.0,407.5,385.0,390.0,299.72222900390625,2620
1997-10-23,380.0,382.5,370.0,380.0,292.0370178222656,830
1997-10-24,380.0,380.0,352.5,355.0,272.8240661621094,1810
1997-10-27,360.0,360.0,336.25,336.25,258.4143371582031,1460
1997-10-28,320.0,367.5,315.0,345.0,265.1388854980469,1660
1997-10-29,355.0,360.0,342.5,360.0,276.6666564941406,1385
1997-10-30,355.0,355.0,355.0,355.0,272.8240661621094,10
1997-10-31,365.0,385.0,345.0,385.0,295.879638671875,1960
1997-11-03,385.0,395.0,370.0,375.0,288.1944274902344,1005
1997-11-04,375.0,380.0,360.0,368.75,283.3912048339844,285
1997-11-05,370.0,380.0,370.0,380.0,292.0370178222656,270
1997-11-06,385.0,385.0,370.0,380.0,292.0370178222656,115
1997-11-07,368.75,380.0,362.5,367.5,282.4305419921875,450
1997-11-10,380.0,430.0,375.0,400.0,307.40740966796875,2955
1997-11-11,410.0,415.0,380.0,390.0,299.72222900390625,1725
1997-11-12,385.0,397.5,385.0,390.0,299.72222900390625,385
1997-11-13,385.0,385.0,360.0,380.0,292.0370178222656,1130
1997-11-14,382.5,390.0,380.0,390.0,299.72222900390625,225
1997-11-17,397.5,397.5,380.0,380.0,292.0370178222656,1085
1997-11-18,385.0,390.0,385.0,390.0,299.72222900390625,125
1997-11-19,395.0,395.0,390.0,395.0,303.5648193359375,155
1997-11-20,385.0,405.0,385.0,390.0,299.72222900390625,755
1997-11-21,395.0,395.0,385.0,390.0,299.72222900390625,260
1997-11-24,380.0,387.5,375.0,375.0,288.1944274902344,315
1997-11-25,375.0,380.0,350.0,350.0,268.9814758300781,430
1997-11-26,345.0,370.0,345.0,360.0,276.6666564941406,740
1997-11-28,370.0,375.0,370.0,375.0,288.1944274902344,75
1997-12-01,370.0,385.0,370.0,385.0,295.879638671875,255
1997-12-02,377.5,390.0,377.5,380.0,292.0370178222656,210
1997-12-03,390.0,395.0,382.5,390.0,299.72222900390625,1140
1997-12-04,392.5,392.5,392.5,392.5,301.6435241699219,195
1997-12-05,392.5,402.5,385.0,397.5,305.4861145019531,1930
1997-12-08,400.0,410.0,400.0,400.0,307.40740966796875,850
1997-12-09,410.0,410.0,390.0,390.0,299.72222900390625,1065
1997-12-10,385.0,390.0,375.0,385.0,295.879638671875,155
1997-12-11,375.0,377.5,355.0,355.0,272.8240661621094,2705
1997-12-12,362.5,362.5,340.0,345.0,265.1388854980469,2010
1997-12-15,360.0,367.5,350.0,365.0,280.5092468261719,6805
1997-12-16,360.0,365.0,360.0,365.0,280.5092468261719,95
1997-12-17,365.0,365.0,350.0,355.0,272.8240661621094,1025
1997-12-18,345.0,345.0,335.0,340.0,261.2962951660156,1170
1997-12-19,340.0,342.5,332.5,340.0,261.2962951660156,480
1997-12-22,345.0,345.0,322.5,330.0,253.61111450195312,965
1997-12-23,325.0,326.25,310.0,320.0,245.92591857910156,695
1997-12-24,320.0,330.0,315.0,330.0,253.61111450195312,565
1997-12-26,330.0,330.0,330.0,330.0,253.61111450195312,0
1997-12-29,335.0,355.0,335.0,350.0,268.9814758300781,1950
1997-12-30,345.0,355.0,345.0,355.0,272.8240661621094,155
1997-12-31,355.0,395.0,345.0,390.0,299.72222900390625,1215
1998-01-02,390.0,392.5,370.0,387.5,297.8009338378906,290
1998-01-05,367.5,370.0,360.0,367.5,282.4305419921875,1410
1998-01-06,375.0,375.0,362.5,365.0,280.5092468261719,1750
1998-01-07,352.5,362.5,350.0,362.5,278.58795166015625,95
1998-01-08,360.0,360.0,360.0,360.0,276.6666564941406,50
1998-01-09,350.0,365.0,350.0,355.0,272.8240661621094,825
1998-01-12,341.25,350.0,337.5,340.0,261.2962951660156,760
1998-01-13,335.0,345.0,330.0,345.0,265.1388854980469,500
1998-01-14,340.0,340.0,335.0,340.0,261.2962951660156,155
1998-01-15,335.0,340.0,335.0,337.5,259.375,455
1998-01-16,330.0,330.0,320.0,330.0,253.61111450195312,390
1998-01-20,332.5,335.0,325.0,335.0,257.4537048339844,565
1998-01-21,325.0,330.0,320.0,330.0,253.61111450195312,380
1998-01-22,320.0,320.0,305.0,320.0,245.92591857910156,620
1998-01-23,300.0,300.0,285.0,295.0,226.7129669189453,1130
1998-01-26,285.0,290.0,282.5,287.5,220.94906616210938,1650
1998-01-27,285.0,287.5,270.0,280.0,215.1851806640625,2815
1998-01-28,280.0,297.5,280.0,292.5,224.79165649414062,3970
1998-01-29,295.0,302.5,295.0,295.0,226.7129669189453,2345
1998-01-30,297.5,300.0,295.0,295.0,226.7129669189453,5435
1998-02-02,297.5,297.5,283.75,290.0,222.870361328125,135
1998-02-03,297.5,297.5,288.75,288.75,221.9097137451172,500
1998-02-04,290.0,295.0,280.0,285.0,219.02777099609375,1320
1998-02-05,280.0,285.0,272.5,275.0,211.34259033203125,2515
1998-02-06,275.0,275.0,257.5,261.25,200.7754669189453,2305
1998-02-09,262.5,272.5,260.0,272.5,209.42129516601562,7025
1998-02-10,275.0,280.0,267.5,280.0,215.1851806640625,8140
1998-02-11,285.0,305.0,285.0,302.5,232.4768524169922,2635
1998-02-12,305.0,305.0,297.5,297.5,228.63426208496094,740
1998-02-13,297.5,305.0,297.5,305.0,234.3981475830078,865
1998-02-17,305.0,305.0,300.0,305.0,234.3981475830078,810
1998-02-18,300.0,300.0,300.0,300.0,230.55555725097656,15
1998-02-19,310.0,310.0,302.5,310.0,238.24073791503906,130
1998-02-20,308.75,308.75,305.0,305.0,234.3981475830078,350
1998-02-23,305.0,306.25,300.0,302.5,232.4768524169922,930
1998-02-24,295.0,297.5,280.0,280.0,215.1851806640625,1225
1998-02-25,295.0,295.0,275.0,280.0,215.1851806640625,595
1998-02-26,280.0,282.5,275.0,277.5,213.26388549804688,980
1998-02-27,275.0,277.5,260.0,265.0,203.65740966796875,1185
1998-03-02,275.0,275.0,260.0,265.0,203.65740966796875,460
1998-03-03,270.0,272.5,265.0,268.75,206.5393524169922,895
1998-03-04,265.0,270.0,260.0,265.0,203.65740966796875,480
1998-03-05,255.0,260.0,255.0,255.0,195.9722137451172,865
1998-03-06,262.5,265.0,252.5,252.5,194.05091857910156,1890
1998-03-09,252.5,255.0,230.0,235.0,180.6018524169922,1930
1998-03-10,240.0,240.0,235.0,238.75,183.48379516601562,515
1998-03-11,235.0,240.0,235.0,235.0,180.6018524169922,2530
1998-03-12,237.5,237.5,220.0,225.0,172.9166717529297,2490
1998-03-13,230.0,235.0,228.75,228.75,175.79861450195312,1795
1998-03-16,235.0,267.5,230.0,265.0,203.65740966796875,9210
1998-03-17,270.0,280.0,257.5,271.25,208.4606475830078,10740
1998-03-18,280.0,295.0,270.0,292.5,224.79165649414062,3280
1998-03-19,300.0,312.5,295.0,312.5,240.1620330810547,2085
1998-03-20,310.0,310.0,300.0,300.0,230.55555725097656,990
1998-03-23,305.0,332.5,302.5,322.5,247.8472137451172,2890
1998-03-24,332.5,332.5,311.25,325.0,249.7685089111328,1895
1998-03-25,325.0,332.5,310.0,320.0,245.92591857910156,8660
1998-03-26,307.5,315.0,305.0,305.0,234.3981475830078,770
1998-03-27,310.0,312.5,297.5,300.0,230.55555725097656,10910
1998-03-30,310.0,310.0,295.0,295.0,226.7129669189453,1215
1998-03-31,305.0,315.0,290.0,312.5,240.1620330810547,16890
1998-04-01,297.5,305.0,297.5,305.0,234.3981475830078,925
1998-04-02,302.5,302.5,297.5,302.5,232.4768524169922,295
1998-04-03,307.5,315.0,300.0,305.0,234.3981475830078,7765
1998-04-06,305.0,315.0,285.0,290.0,222.870361328125,1720
1998-04-07,300.0,300.0,292.5,300.0,230.55555725097656,1670
1998-04-08,300.0,300.0,285.0,300.0,230.55555725097656,210
1998-04-09,300.0,300.0,292.5,300.0,230.55555725097656,120
1998-04-13,300.0,300.0,285.0,290.0,222.870361328125,2735
1998-04-14,297.5,297.5,285.0,285.0,219.02777099609375,455
1998-04-15,300.0,300.0,280.0,285.0,219.02777099609375,1435
1998-04-16,282.5,297.5,280.0,287.5,220.94906616210938,4285
1998-04-17,290.0,298.75,290.0,292.5,224.79165649414062,165
1998-04-20,292.5,312.5,292.5,310.0,238.24073791503906,3415
1998-04-21,305.0,322.5,305.0,312.5,240.1620330810547,6520
1998-04-22,320.0,320.0,310.0,310.0,238.24073791503906,2485
1998-04-23,317.5,320.0,295.0,295.0,226.7129669189453,810
1998-04-24,295.0,295.0,285.0,295.0,226.7129669189453,265
1998-04-27,280.0,295.0,280.0,287.5,220.94906616210938,1025
1998-04-28,287.5,287.5,275.0,285.0,219.02777099609375,1125
1998-04-29,280.0,292.5,280.0,292.5,224.79165649414062,1730
1998-04-30,295.0,295.0,282.5,287.5,220.94906616210938,1410
1998-05-01,280.0,282.5,277.5,277.5,213.26388549804688,3670
1998-05-04,277.5,282.5,276.25,280.0,215.1851806640625,335
1998-05-05,290.0,290.0,282.5,283.75,218.06712341308594,5935
1998-05-06,282.5,320.0,282.5,315.0,242.0833282470703,11795
1998-05-07,307.5,318.75,307.5,310.0,238.24073791503906,1050
1998-05-08,320.0,320.0,310.0,312.5,240.1620330810547,745
1998-05-11,320.0,320.0,310.0,317.5,244.00462341308594,2305
1998-05-12,317.5,317.5,302.5,302.5,232.4768524169922,2240
1998-05-13,300.0,317.5,300.0,317.5,244.00462341308594,1650
1998-05-14,307.5,335.0,307.5,335.0,257.4537048339844,2815
1998-05-15,330.0,335.0,321.25,321.25,246.88656616210938,1805
1998-05-18,327.5,327.5,315.0,315.0,242.0833282470703,4475
1998-05-19,317.5,332.5,317.5,330.0,253.61111450195312,1325
1998-05-20,332.5,332.5,322.5,322.5,247.8472137451172,1625
1998-05-21,320.0,322.5,315.0,317.5,244.00462341308594,1765
1998-05-22,320.0,320.0,315.0,315.0,242.0833282470703,2940
1998-05-26,315.0,320.0,315.0,315.0,242.0833282470703,1090
1998-05-27,307.5,310.0,300.0,305.0,234.3981475830078,2125
1998-05-28,305.0,310.0,305.0,305.0,234.3981475830078,340
1998-05-29,322.5,322.5,300.0,307.5,236.31944274902344,2060
1998-06-01,300.0,300.0,300.0,300.0,230.55555725097656,330
1998-06-02,302.5,302.5,295.0,295.0,226.7129669189453,205
1998-06-03,292.5,292.5,278.75,280.0,215.1851806640625,1035
1998-06-04,275.0,283.75,270.0,283.75,218.06712341308594,1390
1998-06-05,285.0,285.0,270.0,280.0,215.1851806640625,1895
1998-06-08,280.0,280.0,265.0,265.0,203.65740966796875,1470
1998-06-09,270.0,270.0,263.75,265.0,203.65740966796875,675
1998-06-10,260.0,262.5,250.0,252.5,194.05091857910156,1025
1998-06-11,255.0,255.0,250.0,250.0,192.12962341308594,125
1998-06-12,250.0,257.5,230.0,232.5,178.68055725097656,1275
1998-06-15,240.0,240.0,230.0,230.0,176.75926208496094,1265
1998-06-16,225.0,230.0,225.0,227.5,174.8379669189453,385
1998-06-17,225.0,227.5,210.0,210.0,161.38888549804688,1130
1998-06-18,220.0,220.0,207.5,207.5,159.46759033203125,1555
1998-06-19,220.0,225.0,215.0,220.0,169.07406616210938,1195
1998-06-22,225.0,225.0,210.0,210.0,161.38888549804688,1175
1998-06-23,210.0,211.25,201.25,205.0,157.54629516601562,1040
1998-06-24,210.0,210.0,180.0,180.0,138.3333282470703,1910
1998-06-25,190.0,207.5,187.5,200.0,153.70370483398438,1665
1998-06-26,202.5,210.0,200.0,200.0,153.70370483398438,2450
1998-06-29,205.0,207.5,190.0,203.75,156.5856475830078,1080
1998-06-30,205.0,207.5,200.0,200.0,153.70370483398438,430
1998-07-01,206.25,206.25,203.75,205.0,157.54629516601562,430
1998-07-02,200.0,203.75,185.0,197.5,151.78240966796875,1280
1998-07-06,200.0,210.0,197.5,202.5,155.625,2515
1998-07-07,203.75,205.0,197.5,198.75,152.74305725097656,665
1998-07-08,198.75,200.0,198.125,200.0,153.70370483398438,265
1998-07-09,198.125,202.5,197.5,202.5,155.625,2365
1998-07-10,200.0,205.0,196.25,202.5,155.625,3240
1998-07-13,210.0,210.0,197.5,200.0,153.70370483398438,1345
1998-07-14,210.0,210.0,197.5,197.5,151.78240966796875,695
1998-07-15,201.25,201.25,197.5,201.25,154.6643524169922,1695
1998-07-16,205.0,206.25,197.5,206.25,158.50694274902344,2340
1998-07-17,202.5,210.0,202.5,210.0,161.38888549804688,585
1998-07-20,212.5,240.0,212.5,240.0,184.44444274902344,1525
1998-07-21,247.5,248.75,237.5,240.0,184.44444274902344,1270
1998-07-22,252.5,252.5,231.25,238.75,183.48379516601562,915
1998-07-23,240.0,242.5,237.5,242.5,186.36573791503906,360
1998-07-24,246.25,246.25,225.0,225.0,172.9166717529297,615
1998-07-27,235.0,235.0,215.0,222.5,170.995361328125,1520
1998-07-28,217.5,232.5,217.5,225.0,172.9166717529297,300
1998-07-29,233.75,270.0,231.25,258.75,198.85415649414062,2135
1998-07-30,260.0,262.5,250.0,250.0,192.12962341308594,545
1998-07-31,250.0,256.25,248.75,252.5,194.05091857910156,335
1998-08-03,257.5,257.5,240.0,247.5,190.2083282470703,845
1998-08-04,242.5,247.5,220.0,220.0,169.07406616210938,970
1998-08-05,235.0,235.0,217.5,221.25,170.0347137451172,870
1998-08-06,215.0,220.0,215.0,217.5,167.15277099609375,475
1998-08-07,198.75,210.0,190.0,200.0,153.70370483398438,5065
1998-08-10,202.5,202.5,198.75,200.0,153.70370483398438,1125
1998-08-11,195.0,200.0,195.0,200.0,153.70370483398438,935
1998-08-12,201.25,205.0,197.5,197.5,151.78240966796875,2745
1998-08-13,197.5,197.5,195.0,197.5,151.78240966796875,330
1998-08-14,200.0,200.0,192.5,192.5,147.9398193359375,30
1998-08-17,193.125,197.5,192.5,195.0,149.86111450195312,150
1998-08-18,200.0,200.0,193.75,195.0,149.86111450195312,575
1998-08-19,197.5,197.5,195.0,197.5,151.78240966796875,945
1998-08-20,195.0,195.0,177.5,185.0,142.17591857910156,3720
1998-08-21,186.25,200.0,181.25,197.5,151.78240966796875,1365
1998-08-24,197.5,205.0,197.5,200.0,153.70370483398438,1755
1998-08-25,195.0,195.0,195.0,195.0,149.86111450195312,80
1998-08-26,197.5,197.5,190.0,197.5,151.78240966796875,335
1998-08-27,185.0,195.0,185.0,195.0,149.86111450195312,280
1998-08-28,185.0,197.5,182.5,195.0,149.86111450195312,305
1998-08-31,187.5,200.0,181.25,185.0,142.17591857910156,890
1998-09-01,200.0,200.0,180.0,180.0,138.3333282470703,1485
1998-09-02,190.0,197.5,187.5,187.5,144.0972137451172,395
1998-09-03,187.5,187.5,187.5,187.5,144.0972137451172,0
1998-09-04,185.0,185.0,182.5,182.5,140.25462341308594,525
1998-09-08,190.0,192.5,185.0,185.0,142.17591857910156,685
1998-09-09,190.0,190.0,180.0,180.0,138.3333282470703,440
1998-09-10,180.0,180.0,167.5,172.5,132.56944274902344,860
1998-09-11,162.5,175.0,160.0,175.0,134.49073791503906,3365
1998-09-14,165.0,176.25,155.0,170.0,130.6481475830078,4010
1998-09-15,170.0,172.5,152.5,155.0,119.12036895751953,1610
1998-09-16,156.25,162.5,155.0,155.0,119.12036895751953,1380
1998-09-17,142.5,155.0,120.0,155.0,119.12036895751953,5065
1998-09-18,155.0,155.0,145.0,150.0,115.27777862548828,1885
1998-09-21,131.25,150.0,131.25,140.0,107.59259033203125,945
1998-09-22,131.25,137.5,127.5,132.5,101.82870483398438,1520
1998-09-23,137.5,145.0,132.5,145.0,111.4351806640625,4300
1998-09-24,140.0,165.0,140.0,156.25,120.08101654052734,6275
1998-09-25,160.0,162.5,160.0,160.0,122.96295928955078,1675
1998-09-28,160.0,162.5,160.0,162.5,124.8842544555664,1270
1998-09-29,162.5,165.0,150.0,165.0,126.80555725097656,5735
1998-09-30,165.0,166.25,155.0,156.25,120.08101654052734,1720
1998-10-01,150.0,162.5,150.0,157.5,121.04166412353516,905
1998-10-02,158.75,158.75,147.5,152.5,117.1990737915039,815
1998-10-05,157.5,160.0,150.0,160.0,122.96295928955078,690
1998-10-06,155.0,160.0,155.0,155.0,119.12036895751953,2415
1998-10-07,152.5,165.0,152.5,165.0,126.80555725097656,810
1998-10-08,162.5,165.0,145.0,162.5,124.8842544555664,985
1998-10-09,165.0,167.5,153.75,165.0,126.80555725097656,365
1998-10-12,170.0,170.0,160.0,170.0,130.6481475830078,280
1998-10-13,155.0,175.0,155.0,172.5,132.56944274902344,2970
1998-10-14,177.5,180.0,175.0,180.0,138.3333282470703,435
1998-10-15,180.0,187.5,172.5,187.5,144.0972137451172,1760
1998-10-16,185.0,187.5,176.25,183.75,141.21527099609375,4610
1998-10-19,180.0,196.25,180.0,185.0,142.17591857910156,5580
1998-10-20,182.5,203.75,182.5,192.5,147.9398193359375,4435
1998-10-21,192.5,193.75,181.875,181.875,139.77430725097656,140
1998-10-22,193.75,193.75,157.5,157.5,121.04166412353516,475
1998-10-23,170.0,187.5,167.5,187.5,144.0972137451172,1970
1998-10-26,195.0,195.0,187.5,187.5,144.0972137451172,220
1998-10-27,190.0,192.5,180.0,182.5,140.25462341308594,915
1998-10-28,182.5,185.0,180.0,185.0,142.17591857910156,565
1998-10-29,180.0,192.5,180.0,180.0,138.3333282470703,345
1998-10-30,190.0,190.0,185.0,185.0,142.17591857910156,415
1998-11-02,185.0,185.0,175.0,182.5,140.25462341308594,640
1998-11-03,177.5,178.75,167.5,178.75,137.3726806640625,1290
1998-11-04,182.5,195.0,176.25,193.75,148.9004669189453,3845
1998-11-05,192.5,195.0,190.0,193.75,148.9004669189453,545
1998-11-06,192.5,192.5,182.5,185.0,142.17591857910156,6065
1998-11-09,190.0,210.0,182.5,182.5,140.25462341308594,4380
1998-11-10,187.5,200.0,182.5,200.0,153.70370483398438,2185
1998-11-11,202.5,247.5,200.0,237.5,182.5231475830078,9135
1998-11-12,245.0,252.5,240.0,250.0,192.12962341308594,1360
1998-11-13,250.0,270.0,250.0,252.5,194.05091857910156,3440
1998-11-16,262.5,285.0,257.5,282.5,217.10647583007812,2995
1998-11-17,282.5,302.5,275.0,295.0,226.7129669189453,3290
1998-11-18,300.0,300.0,250.0,260.0,199.8148193359375,2940
1998-11-19,260.0,272.5,260.0,265.0,203.65740966796875,1370
1998-11-20,265.0,266.25,255.0,255.0,195.9722137451172,890
1998-11-23,272.5,272.5,260.0,270.0,207.5,1815
1998-11-24,280.0,280.0,257.5,257.5,197.8935089111328,1380
1998-11-25,252.5,270.0,247.5,250.0,192.12962341308594,625
1998-11-27,257.5,257.5,250.0,250.0,192.12962341308594,70
1998-11-30,260.0,265.0,257.5,257.5,197.8935089111328,1430
1998-12-01,260.0,265.0,257.5,257.5,197.8935089111328,530
1998-12-02,257.5,257.5,240.0,253.75,195.01156616210938,970
1998-12-03,230.0,260.0,225.0,251.25,193.09027099609375,6770
1998-12-04,260.0,282.5,247.5,282.5,217.10647583007812,1365
1998-12-07,285.0,300.0,280.0,295.0,226.7129669189453,1245
1998-12-08,295.0,295.0,287.5,288.75,221.9097137451172,1420
1998-12-09,282.5,305.0,280.0,285.0,219.02777099609375,4720
1998-12-10,280.0,292.5,280.0,287.5,220.94906616210938,2225
1998-12-11,282.5,290.0,262.5,262.5,201.73611450195312,1820
1998-12-14,265.0,275.0,260.0,267.5,205.57870483398438,805
1998-12-15,267.5,280.0,267.5,275.0,211.34259033203125,395
1998-12-16,267.5,290.0,267.5,280.0,215.1851806640625,770
1998-12-17,292.5,295.0,287.5,290.0,222.870361328125,1865
1998-12-18,310.0,317.5,297.5,305.0,234.3981475830078,2890
1998-12-21,305.0,315.0,295.0,303.75,233.4375,3310
1998-12-22,307.5,362.5,303.75,355.0,272.8240661621094,10360
1998-12-23,362.5,365.0,350.0,365.0,280.5092468261719,3660
1998-12-24,367.5,367.5,357.5,360.0,276.6666564941406,1445
1998-12-28,360.0,360.0,352.5,352.5,270.90277099609375,2760
1998-12-29,352.5,357.5,350.0,355.0,272.8240661621094,460
1998-12-30,347.5,357.5,320.0,345.0,265.1388854980469,2330
1998-12-31,340.0,350.0,337.5,350.0,268.9814758300781,1630
1999-01-04,340.0,350.0,335.0,347.5,267.0601806640625,2250
1999-01-05,347.5,347.5,332.5,336.25,258.4143371582031,2600
1999-01-06,340.0,347.5,327.5,342.5,263.21759033203125,2615
1999-01-07,342.5,345.0,330.0,345.0,265.1388854980469,1415
1999-01-08,345.0,391.25,340.0,380.0,292.0370178222656,9475
1999-01-11,380.0,460.0,380.0,445.0,341.99072265625,10010
1999-01-12,460.0,465.0,435.0,450.0,345.8333435058594,4505
1999-01-13,430.0,447.5,385.0,435.0,334.3055419921875,4715
1999-01-14,432.5,497.5,432.5,460.0,353.5185241699219,6915
1999-01-15,470.0,472.5,452.5,457.5,351.59722900390625,4885
1999-01-19,470.0,480.0,460.0,480.0,368.8888854980469,8635
1999-01-20,477.5,495.0,467.5,480.0,368.8888854980469,5720
1999-01-21,567.5,570.0,482.5,525.0,403.47222900390625,15025
1999-01-22,527.5,557.5,517.5,545.0,418.84259033203125,8550
1999-01-25,555.0,575.0,520.0,530.0,407.3148193359375,10930
1999-01-26,517.5,535.0,490.0,490.0,376.5740661621094,2225
1999-01-27,495.0,497.5,405.0,420.0,322.77777099609375,7135
1999-01-28,427.5,485.0,427.5,476.25,366.0069274902344,2030
1999-01-29,460.0,465.0,445.0,465.0,357.3611145019531,2280
1999-02-01,445.0,485.0,440.0,450.0,345.8333435058594,2195
1999-02-02,445.0,455.0,380.0,407.5,313.1712951660156,5030
1999-02-03,420.0,430.0,362.5,370.0,284.3518371582031,11375
1999-02-04,380.0,380.0,330.0,370.0,284.3518371582031,5120
1999-02-05,350.0,365.0,348.75,355.0,272.8240661621094,2175
1999-02-08,367.5,367.5,356.25,367.5,282.4305419921875,2755
1999-02-09,365.0,377.5,350.0,360.0,276.6666564941406,1840
1999-02-10,365.0,365.0,350.0,360.0,276.6666564941406,910
1999-02-11,355.0,365.0,355.0,357.5,274.745361328125,965
1999-02-12,362.5,367.5,351.25,360.0,276.6666564941406,570
1999-02-16,367.5,367.5,357.5,360.0,276.6666564941406,1095
1999-02-17,360.0,372.5,357.5,361.25,277.6273193359375,1640
1999-02-18,365.0,393.75,365.0,387.5,297.8009338378906,2170
1999-02-19,390.0,422.5,386.25,416.25,319.8958435058594,2050
1999-02-22,420.0,428.75,411.25,412.5,317.0138854980469,1615
1999-02-23,410.0,417.5,400.0,411.25,316.05322265625,1060
1999-02-24,415.0,415.0,391.25,402.5,309.3287048339844,730
1999-02-25,395.0,401.25,375.0,380.0,292.0370178222656,420
1999-02-26,367.5,385.0,347.5,375.0,288.1944274902344,995
1999-03-01,385.0,412.5,382.5,387.5,297.8009338378906,645
1999-03-02,385.0,391.25,368.75,368.75,283.3912048339844,785
1999-03-03,380.0,382.5,370.0,371.25,285.3125,735
1999-03-04,380.0,390.0,380.0,385.0,295.879638671875,340
1999-03-05,388.75,390.0,372.5,382.5,293.9583435058594,300
1999-03-08,380.0,380.0,370.0,380.0,292.0370178222656,240
1999-03-09,370.0,381.25,368.75,377.5,290.11572265625,2250
1999-03-10,367.5,368.75,367.5,368.75,283.3912048339844,585
1999-03-11,367.5,367.5,365.0,365.0,280.5092468261719,400
1999-03-12,372.5,372.5,365.0,372.5,286.27313232421875,1300
1999-03-15,363.75,372.5,363.75,365.0,280.5092468261719,1155
1999-03-16,370.0,375.0,367.5,375.0,288.1944274902344,740
1999-03-17,365.0,371.25,362.5,362.5,278.58795166015625,240
1999-03-18,362.5,370.0,362.5,365.0,280.5092468261719,140
1999-03-19,370.0,370.0,362.5,363.75,279.5486145019531,535
1999-03-22,362.5,362.5,342.5,350.0,268.9814758300781,870
1999-03-23,355.0,355.0,330.0,340.0,261.2962951660156,555
1999-03-24,340.0,350.0,340.0,342.5,263.21759033203125,355
1999-03-25,350.0,350.0,330.0,345.0,265.1388854980469,1225
1999-03-26,337.5,345.0,327.5,335.0,257.4537048339844,915
1999-03-29,335.0,335.0,320.0,321.25,246.88656616210938,1050
1999-03-30,320.0,323.75,311.25,316.25,243.04397583007812,705
1999-03-31,313.75,330.0,277.5,281.25,216.1458282470703,4545
1999-04-01,290.0,292.5,257.5,272.5,209.42129516601562,3380
1999-04-05,280.0,290.0,267.5,281.25,216.1458282470703,2365
1999-04-06,281.25,290.0,278.75,287.5,220.94906616210938,1585
1999-04-07,300.0,342.5,300.0,315.0,242.0833282470703,2435
1999-04-08,320.0,320.0,305.0,305.0,234.3981475830078,290
1999-04-09,305.0,327.5,305.0,310.0,238.24073791503906,720
1999-04-12,321.25,340.0,317.5,322.5,247.8472137451172,1465
1999-04-13,330.0,340.0,330.0,337.5,259.375,885
1999-04-14,340.0,342.5,332.5,335.0,257.4537048339844,540
1999-04-15,340.0,340.0,287.5,305.0,234.3981475830078,1560
1999-04-16,290.0,302.5,290.0,302.5,232.4768524169922,895
1999-04-19,300.0,315.0,295.0,312.5,240.1620330810547,530
1999-04-20,320.0,338.75,310.0,338.75,260.33563232421875,525
1999-04-21,340.0,357.5,335.0,356.25,273.78472900390625,1035
1999-04-22,360.0,362.5,345.0,360.0,276.6666564941406,505
1999-04-23,367.5,367.5,360.0,360.0,276.6666564941406,175
1999-04-26,367.5,367.5,358.75,365.0,280.5092468261719,255
1999-04-27,375.0,402.5,375.0,387.5,297.8009338378906,1540
1999-04-28,382.5,392.5,380.0,392.5,301.6435241699219,130
1999-04-29,395.0,395.0,350.0,372.5,286.27313232421875,745
1999-04-30,380.0,387.5,380.0,380.0,292.0370178222656,595
1999-05-03,392.5,395.0,370.0,375.0,288.1944274902344,390
1999-05-04,385.0,385.0,365.0,365.0,280.5092468261719,375
1999-05-05,380.0,380.0,365.0,365.0,280.5092468261719,295
1999-05-06,380.0,380.0,350.0,365.0,280.5092468261719,660
1999-05-07,365.0,366.25,330.0,335.0,257.4537048339844,840
1999-05-10,335.0,340.0,325.0,330.0,253.61111450195312,1760
1999-05-11,330.0,330.0,325.0,325.0,249.7685089111328,360
1999-05-12,330.0,330.0,322.5,322.5,247.8472137451172,410
1999-05-13,327.5,327.5,307.5,320.0,245.92591857910156,1185
1999-05-14,317.5,323.75,315.0,323.75,248.807861328125,2755
1999-05-17,323.75,358.75,321.25,351.25,269.942138671875,2870
1999-05-18,400.0,405.0,380.0,382.5,293.9583435058594,2790
1999-05-19,380.0,400.0,380.0,392.5,301.6435241699219,1025
1999-05-20,402.5,460.0,395.0,457.5,351.59722900390625,4495
1999-05-21,450.0,455.0,420.0,442.5,340.0694274902344,3045
1999-05-24,442.5,447.5,425.0,445.0,341.99072265625,1585
1999-05-25,447.5,450.0,435.0,440.0,338.14813232421875,2660
1999-05-26,445.0,452.5,412.5,430.0,330.46295166015625,1625
1999-05-27,430.0,435.0,425.0,432.5,332.3842468261719,775
1999-05-28,428.75,445.0,428.75,445.0,341.99072265625,585
1999-06-01,437.5,442.5,435.0,438.75,337.1875,2255
1999-06-02,440.0,442.5,417.5,440.0,338.14813232421875,1410
1999-06-03,447.5,447.5,435.0,440.0,338.14813232421875,5230
1999-06-04,445.0,447.5,440.0,446.25,342.9513854980469,2375
1999-06-07,446.25,446.25,420.0,427.5,328.5416564941406,2860
1999-06-08,420.0,420.0,397.5,407.5,313.1712951660156,2940
1999-06-09,400.0,410.0,388.75,400.0,307.40740966796875,8710
1999-06-10,395.0,398.75,390.0,391.25,300.682861328125,11685
1999-06-11,380.0,390.0,378.75,380.0,292.0370178222656,126965
1999-06-14,380.0,381.25,360.0,360.0,276.6666564941406,19330
1999-06-15,360.0,380.0,360.0,377.5,290.11572265625,6375
1999-06-16,380.0,382.5,377.5,378.75,291.0763854980469,7490
1999-06-17,375.0,380.0,375.0,378.75,291.0763854980469,3820
1999-06-18,378.75,378.75,375.0,375.0,288.1944274902344,3470
1999-06-21,375.0,377.5,375.0,375.0,288.1944274902344,4520
1999-06-22,375.0,376.25,370.0,370.0,284.3518371582031,8230
1999-06-23,370.0,372.5,330.0,331.25,254.57176208496094,3755
1999-06-24,330.0,353.75,330.0,342.5,263.21759033203125,3910
1999-06-25,341.25,352.5,341.25,352.5,270.90277099609375,2010
1999-06-28,347.5,403.75,347.5,397.5,305.4861145019531,13460
1999-06-29,400.0,412.5,396.25,401.25,308.3680419921875,11530
1999-06-30,390.0,406.25,378.75,402.5,309.3287048339844,15265
1999-07-01,396.25,402.5,382.5,383.75,294.9189758300781,1895
1999-07-02,382.5,425.0,382.5,415.0,318.9351806640625,6630
1999-07-06,420.0,460.0,410.0,410.0,315.09259033203125,6450
1999-07-07,407.5,410.0,388.75,390.0,299.72222900390625,1775
1999-07-08,388.75,405.0,387.5,402.5,309.3287048339844,3365
1999-07-09,406.25,411.25,406.25,408.75,314.1319274902344,2595
1999-07-12,417.5,453.75,417.5,448.75,344.8726806640625,6560
1999-07-13,448.75,461.25,422.5,450.0,345.8333435058594,3685
1999-07-14,454.375,476.25,450.0,476.25,366.0069274902344,3710
1999-07-15,481.25,490.0,453.75,465.0,357.3611145019531,7545
1999-07-16,471.25,500.0,463.75,500.0,384.2592468261719,3830
1999-07-19,497.5,500.0,470.0,477.5,366.96759033203125,4080
1999-07-20,470.0,470.0,436.25,436.25,335.2662048339844,3810
1999-07-21,438.75,467.5,438.75,451.25,346.7939758300781,1530
1999-07-22,445.625,450.0,432.5,445.0,341.99072265625,3630
1999-07-23,440.0,478.75,440.0,458.75,352.557861328125,6285
1999-07-26,458.75,458.75,430.0,440.0,338.14813232421875,2640
1999-07-27,438.75,455.0,425.0,426.25,327.5810241699219,3260
1999-07-28,432.5,470.0,428.75,460.0,353.5185241699219,3195
1999-07-29,455.0,457.5,445.0,450.0,345.8333435058594,590
1999-07-30,453.75,460.0,436.25,440.0,338.14813232421875,1120
1999-08-02,442.5,445.0,435.0,440.0,338.14813232421875,1235
1999-08-03,431.25,440.0,420.0,420.0,322.77777099609375,585
1999-08-04,420.0,430.0,373.75,377.5,290.11572265625,2870
1999-08-05,390.0,390.0,350.0,370.0,284.3518371582031,5890
1999-08-06,368.75,377.5,368.75,377.5,290.11572265625,900
1999-08-09,377.5,405.0,377.5,400.0,307.40740966796875,830
1999-08-10,396.25,425.0,377.5,425.0,326.620361328125,1860
1999-08-11,435.0,437.5,420.0,427.5,328.5416564941406,1345
1999-08-12,428.75,440.0,428.75,432.5,332.3842468261719,650
1999-08-13,440.0,440.0,402.5,407.5,313.1712951660156,5580
1999-08-16,405.0,420.0,397.5,397.5,305.4861145019531,4315
1999-08-17,400.625,410.0,397.5,402.5,309.3287048339844,335
1999-08-18,397.5,402.5,395.0,395.0,303.5648193359375,1790
1999-08-19,392.5,397.5,391.25,391.25,300.682861328125,3765
1999-08-20,398.75,401.25,395.0,400.0,307.40740966796875,3985
1999-08-23,401.25,402.5,390.0,390.0,299.72222900390625,2935
1999-08-24,392.5,395.0,377.5,385.0,295.879638671875,2935
1999-08-25,387.5,387.5,380.0,382.5,293.9583435058594,1255
1999-08-26,385.0,387.5,375.0,377.5,290.11572265625,1020
1999-08-27,382.5,382.5,370.0,371.25,285.3125,1505
1999-08-30,378.75,378.75,370.0,371.25,285.3125,370
1999-08-31,370.0,370.0,355.0,355.0,272.8240661621094,1060
1999-09-01,354.375,357.5,351.25,355.0,272.8240661621094,1730
1999-09-02,355.0,365.0,351.25,365.0,280.5092468261719,1775
1999-09-03,367.5,400.0,365.625,390.0,299.72222900390625,2355
1999-09-07,397.5,407.5,385.0,407.5,313.1712951660156,1570
1999-09-08,402.5,412.5,392.5,411.25,316.05322265625,665
1999-09-09,407.5,407.5,360.0,378.75,291.0763854980469,3330
1999-09-10,385.0,385.0,375.0,375.0,288.1944274902344,420
1999-09-13,378.75,378.75,370.0,370.0,284.3518371582031,400
1999-09-14,370.0,370.0,355.0,356.25,273.78472900390625,1045
1999-09-15,358.75,362.5,351.25,351.25,269.942138671875,1580
1999-09-16,350.0,355.0,330.0,335.0,257.4537048339844,2365
1999-09-17,340.0,352.5,340.0,350.0,268.9814758300781,860
1999-09-20,343.125,345.0,330.0,342.5,263.21759033203125,765
1999-09-21,330.0,340.0,330.0,340.0,261.2962951660156,240
1999-09-22,336.25,336.25,311.25,317.5,244.00462341308594,1860
1999-09-23,316.875,320.0,295.0,300.0,230.55555725097656,4085
1999-09-24,293.75,298.75,288.75,288.75,221.9097137451172,2910
1999-09-27,285.625,295.0,272.5,287.5,220.94906616210938,2345
1999-09-28,267.5,281.875,263.75,267.5,205.57870483398438,2055
1999-09-29,225.0,285.0,225.0,267.5,205.57870483398438,8320
1999-09-30,280.0,282.5,271.25,277.5,213.26388549804688,3230
1999-10-01,280.0,280.0,270.0,272.5,209.42129516601562,1055
1999-10-04,275.0,285.0,270.0,285.0,219.02777099609375,995
1999-10-05,290.0,300.0,280.0,288.75,221.9097137451172,29275
1999-10-06,289.375,295.0,280.0,280.0,215.1851806640625,2040
1999-10-07,286.875,292.5,286.25,292.5,224.79165649414062,5025
1999-10-08,292.5,345.0,285.0,340.0,261.2962951660156,6245
1999-10-11,337.5,340.0,312.5,315.0,242.0833282470703,4885
1999-10-12,310.0,310.0,296.25,300.0,230.55555725097656,1870
1999-10-13,297.5,300.0,257.5,267.5,205.57870483398438,1490
1999-10-14,276.25,317.5,275.0,275.0,211.34259033203125,2405
1999-10-15,278.125,278.75,252.5,270.0,207.5,4675
1999-10-18,263.75,270.0,241.25,255.0,195.9722137451172,2745
1999-10-19,251.25,260.0,251.25,260.0,199.8148193359375,575
1999-10-20,258.75,290.0,255.625,277.5,213.26388549804688,1970
1999-10-21,280.0,305.0,271.25,305.0,234.3981475830078,1090
1999-10-22,300.0,305.0,285.0,295.0,226.7129669189453,515
1999-10-25,281.875,285.0,281.25,285.0,219.02777099609375,805
1999-10-26,283.75,285.0,280.0,281.25,216.1458282470703,2925
1999-10-27,280.0,280.0,275.0,280.0,215.1851806640625,475
1999-10-28,272.5,273.125,266.25,272.5,209.42129516601562,460
1999-10-29,265.0,295.0,265.0,275.0,211.34259033203125,780
1999-11-01,278.75,278.75,255.0,260.0,199.8148193359375,1750
1999-11-02,260.0,267.5,257.5,262.5,201.73611450195312,435
1999-11-03,265.0,275.0,252.5,252.5,194.05091857910156,3370
1999-11-04,256.25,256.25,243.75,252.5,194.05091857910156,4990
1999-11-05,257.5,261.25,252.5,252.5,194.05091857910156,3960
1999-11-08,252.5,262.5,247.5,258.75,198.85415649414062,5015
1999-11-09,263.75,270.0,252.5,262.5,201.73611450195312,1560
1999-11-10,267.5,290.0,267.5,285.0,219.02777099609375,9850
1999-11-11,288.125,290.0,272.5,280.0,215.1851806640625,2845
1999-11-12,280.0,285.0,270.0,275.0,211.34259033203125,4485
1999-11-15,276.875,290.0,273.75,280.0,215.1851806640625,3895
1999-11-16,290.0,290.0,278.75,283.75,218.06712341308594,6435
1999-11-17,284.375,285.0,281.25,282.5,217.10647583007812,6215
1999-11-18,285.0,321.25,281.25,317.5,244.00462341308594,13095
1999-11-19,316.25,385.0,312.5,375.0,288.1944274902344,25110
1999-11-22,385.0,432.5,380.0,412.5,317.0138854980469,14770
1999-11-23,418.75,418.75,372.5,400.0,307.40740966796875,9680
1999-11-24,401.25,422.5,397.5,420.0,322.77777099609375,8905
1999-11-26,421.25,440.0,417.5,440.0,338.14813232421875,3380
1999-11-29,440.0,480.0,436.25,460.0,353.5185241699219,11240
1999-11-30,450.0,470.0,432.5,455.0,349.6759338378906,10915
1999-12-01,463.75,485.0,455.0,478.75,367.92822265625,6850
1999-12-02,480.0,481.25,477.5,478.75,367.92822265625,5615
1999-12-03,480.0,482.5,470.0,480.0,368.8888854980469,5655
1999-12-06,478.75,500.0,467.5,498.75,383.2986145019531,11465
1999-12-07,495.0,500.0,483.75,495.0,380.4166564941406,4800
1999-12-08,489.375,500.0,482.5,495.0,380.4166564941406,3930
1999-12-09,490.0,492.5,470.0,472.5,363.125,6940
1999-12-10,471.25,471.25,460.0,466.25,358.3217468261719,2585
1999-12-13,460.0,477.5,452.5,465.0,357.3611145019531,4500
1999-12-14,468.75,468.75,400.0,427.5,328.5416564941406,4030
1999-12-15,423.75,432.5,395.0,410.0,315.09259033203125,4080
1999-12-16,410.0,448.75,410.0,445.3125,342.23089599609375,6160
1999-12-17,453.75,527.5,453.75,527.5,405.3935241699219,19330
1999-12-20,540.0,562.5,527.5,553.75,425.567138671875,6670
1999-12-21,548.75,598.75,548.75,595.0,457.2685241699219,6555
1999-12-22,597.5,685.0,595.0,670.0,514.9074096679688,8420
1999-12-23,668.75,675.0,600.0,600.0,461.1111145019531,9935
1999-12-27,600.625,617.5,547.5,586.25,450.5439758300781,3595
1999-12-28,575.625,590.0,563.75,585.0,449.58331298828125,1215
1999-12-29,600.0,785.0,571.25,752.5,578.3101806640625,19365
1999-12-30,751.25,751.25,675.0,682.5,524.5138549804688,8085
1999-12-31,690.0,700.0,665.0,680.0,522.5925903320312,2045
2000-01-03,680.0,787.5,665.0,760.0,584.0740356445312,16095
2000-01-04,756.25,756.25,612.5,707.5,543.7268676757812,8530
2000-01-05,711.25,740.0,690.0,720.0,553.3333129882812,11015
2000-01-06,712.5,800.0,705.0,800.0,614.8148193359375,2960
2000-01-07,790.0,790.0,711.25,721.25,554.2939453125,16485
2000-01-10,775.0,901.25,772.5,842.5,647.4768676757812,26160
2000-01-11,818.75,867.5,802.5,840.0,645.5555419921875,8735
2000-01-12,840.0,847.5,812.5,837.5,643.63427734375,3895
2000-01-13,837.5,967.5,837.5,962.5,739.6990356445312,12190
2000-01-14,990.0,1082.5,987.5,1060.0,814.629638671875,20190
2000-01-18,1048.75,1120.0,1017.5,1120.0,860.74072265625,10210
2000-01-19,1127.5,1140.0,1032.5,1138.75,875.1504516601562,9525
2000-01-20,1232.5,1292.5,1100.0,1197.5,920.3009033203125,30220
2000-01-21,1120.0,1260.0,1110.0,1226.25,942.3958129882812,12300
2000-01-24,1198.75,1198.75,1120.0,1160.0,891.4814453125,4230
2000-01-25,1132.5,1140.0,940.0,1070.0,822.3148193359375,9405
2000-01-26,1086.25,1180.0,1086.25,1175.0,903.0092163085938,9020
2000-01-27,1177.5,1227.5,1070.0,1095.0,841.5277709960938,12730
2000-01-28,1063.75,1080.0,867.5,920.0,707.0370483398438,10305
2000-01-31,943.75,995.0,911.25,935.0,718.5648193359375,6415
2000-02-01,935.0,967.5,935.0,942.5,724.3286743164062,8085
2000-02-02,1015.0,1022.5,968.75,975.0,749.3055419921875,13865
2000-02-03,1001.25,1080.0,970.0,1055.0,810.7870483398438,27540
2000-02-04,1092.5,1160.0,1062.5,1140.0,876.111083984375,11125
2000-02-07,1125.0,1212.5,1125.0,1140.0,876.111083984375,12430
2000-02-08,1190.0,1200.0,1142.5,1157.5,889.5601806640625,15410
2000-02-09,1136.25,1145.0,1070.0,1090.0,837.6851806640625,7030
2000-02-10,1112.5,1150.0,1060.0,1150.0,883.7962646484375,5680
2000-02-11,1100.0,1135.0,1085.0,1120.0,860.74072265625,2875
2000-02-14,1142.5,1310.0,1088.75,1297.5,997.1527709960938,9940
2000-02-15,1312.5,1558.75,1295.0,1536.25,1180.6365966796875,17745
2000-02-16,1491.25,1780.0,1485.0,1767.5,1358.3564453125,38150
2000-02-17,1740.0,2820.0,1740.0,2802.5,2153.773193359375,63270
2000-02-18,2735.0,3460.0,2557.5,3005.0,2309.398193359375,84660
2000-02-22,2907.5,3023.75,2630.0,2920.0,2244.073974609375,34405
2000-02-23,2898.75,3318.4375,2775.0,3236.25,2487.117919921875,16395
2000-02-24,3280.0,3280.0,2590.0,2775.0,2132.638916015625,36075
2000-02-25,2725.0,2730.0,2252.5,2455.0,1886.712890625,88200
2000-02-28,2453.75,2660.0,2160.0,2548.75,1958.7615966796875,31515
2000-02-29,2677.5,2678.75,2560.0,2600.0,1998.1480712890625,21865
2000-03-01,2587.5,2966.25,2582.5,2920.0,2244.073974609375,18970
2000-03-02,2995.0,3210.0,2860.0,2931.25,2252.719970703125,27210
2000-03-03,3138.75,3139.375,2870.0,2901.25,2229.664306640625,20860
2000-03-06,2980.0,2980.0,2797.5,2820.0,2167.22216796875,7950
2000-03-07,2727.5,2830.0,2590.0,2630.0,2021.2037353515625,8625
2000-03-08,2677.5,2857.5,2515.0,2730.0,2098.055419921875,18950
2000-03-09,2845.0,2876.25,2712.5,2876.25,2210.451416015625,8260
2000-03-10,2897.5,3140.0,2897.5,3050.0,2343.9814453125,22015
2000-03-13,2760.0,3200.0,2740.0,2900.0,2228.70361328125,18015
2000-03-14,2930.0,3250.0,2880.0,2980.0,2290.18505859375,24140
2000-03-15,3166.25,3167.5,2480.0,2588.75,1989.5023193359375,14575
2000-03-16,2760.0,2760.0,2100.0,2655.0,2040.4166259765625,17350
2000-03-17,2680.0,2760.0,2371.25,2527.5,1942.4305419921875,6900
2000-03-20,2500.0,2542.5,2300.0,2302.5,1769.513916015625,7655
2000-03-21,2282.5,2361.25,2060.0,2268.75,1743.576416015625,10420
2000-03-22,2310.0,2500.0,2220.0,2400.0,1844.4444580078125,8540
2000-03-23,2480.0,2542.5,2230.0,2450.0,1882.870361328125,5845
2000-03-24,2538.75,2598.75,2415.0,2482.5,1907.84716796875,8705
2000-03-27,2530.0,2530.0,2360.0,2380.0,1829.0740966796875,2275
2000-03-28,2420.0,2420.0,2281.25,2282.5,1754.1434326171875,1955
2000-03-29,2320.0,2360.0,1891.25,1979.6875,1521.426513671875,12640
2000-03-30,1792.5,2040.0,1530.0,1591.25,1222.905029296875,18970
2000-03-31,1718.75,2332.5,1520.0,2301.25,1768.55322265625,31055
2000-04-03,2042.5,2347.5,1736.25,1762.5,1354.513916015625,13645
2000-04-04,1840.0,1862.5,877.5,1635.0,1256.5277099609375,25005
2000-04-05,1260.0,1877.5,1260.0,1733.75,1332.4189453125,19255
2000-04-06,1820.0,2000.0,1741.25,1755.0,1348.75,10065
2000-04-07,1900.0,1972.5,1745.0,1920.0,1475.5555419921875,4805
2000-04-10,1958.75,2170.0,1870.0,1876.25,1441.932861328125,14090
2000-04-11,1845.0,1845.0,1540.0,1646.25,1265.173583984375,10390
2000-04-12,1610.0,1670.0,1100.0,1290.9375,992.109375,36310
2000-04-13,1361.25,1400.0,1060.0,1160.0,891.4814453125,22430
2000-04-14,991.25,1105.0,825.0,880.0,676.2962646484375,24690
2000-04-17,825.0,1127.5,800.0,951.25,731.05322265625,22180
2000-04-18,1016.25,1270.0,890.0,1232.5,947.1990356445312,18270
2000-04-19,1320.0,1390.0,1162.5,1250.0,960.6481323242188,9170
2000-04-20,1275.0,1338.75,1200.0,1260.0,968.3333129882812,4545
2000-04-24,1125.0,1250.0,1125.0,1210.0,929.9074096679688,4490
2000-04-25,1262.5,1540.0,1230.0,1499.375,1152.2974853515625,13145
2000-04-26,1567.5,1815.0,1495.0,1601.25,1230.5902099609375,32915
2000-04-27,1462.5,1680.0,1440.0,1650.0,1268.0555419921875,5030
2000-04-28,1657.5,1890.0,1651.875,1735.0,1333.379638671875,17140
2000-05-01,1880.0,2020.0,1780.0,1905.0,1464.0277099609375,10745
2000-05-02,1840.0,1978.75,1792.5,1797.5,1381.4119873046875,3800
2000-05-03,1782.5,1812.5,1700.0,1783.75,1370.8448486328125,6380
2000-05-04,1940.0,1940.0,1802.5,1845.0,1417.9166259765625,11315
2000-05-05,1900.0,1917.5,1840.0,1861.25,1430.405029296875,6210
2000-05-08,1822.5,1860.0,1810.0,1821.25,1399.664306640625,4510
2000-05-09,1845.0,1860.0,1620.0,1665.0,1279.5833740234375,7655
2000-05-10,1503.75,1560.0,1447.5,1540.0,1183.5185546875,8590
2000-05-11,1607.5,1607.5,1531.25,1535.0,1179.6759033203125,3210
2000-05-12,1548.75,1737.5,1548.75,1660.0,1275.74072265625,16680
2000-05-15,1662.5,1770.0,1662.5,1708.75,1313.2060546875,6775
2000-05-16,1768.75,1780.0,1695.0,1721.25,1322.8125,3670
2000-05-17,1702.5,1730.0,1617.5,1695.0,1302.638916015625,5960
2000-05-18,1640.0,1725.0,1600.0,1661.25,1276.701416015625,5510
2000-05-19,1572.5,1612.5,1560.0,1600.0,1229.629638671875,7260
2000-05-22,1600.0,1660.0,1510.0,1638.75,1259.40966796875,11305
2000-05-23,1581.25,1605.0,1510.0,1513.75,1163.3448486328125,4745
2000-05-24,1500.0,1540.0,1290.0,1385.0,1064.398193359375,17960
2000-05-25,1415.0,1455.0,1265.0,1320.0,1014.4444580078125,7300
2000-05-26,1290.625,1292.5,1115.0,1185.0,910.6944580078125,18150
2000-05-30,1325.0,1385.0,1240.0,1384.6875,1064.157958984375,6200
2000-05-31,1285.0,1480.0,1158.75,1295.0,995.2314453125,3535
2000-06-01,1399.375,1535.0,1357.5,1535.0,1179.6759033203125,10740
2000-06-02,1621.25,1925.0,1620.0,1850.0,1421.75927734375,16410
2000-06-05,1750.0,1997.5,1750.0,1830.0,1406.388916015625,4825
2000-06-06,1880.0,1882.5,1800.0,1823.75,1401.5855712890625,4875
2000-06-07,1833.75,1836.25,1758.75,1810.0,1391.0185546875,2945
2000-06-08,1860.0,1878.75,1770.0,1802.5,1385.254638671875,4485
2000-06-09,1840.0,1840.0,1765.0,1806.25,1388.1365966796875,1840
2000-06-12,1797.5,1827.5,1782.5,1787.5,1373.726806640625,5805
2000-06-13,1735.0,1795.0,1700.0,1730.0,1329.5369873046875,7080
2000-06-14,1780.0,1840.0,1702.5,1708.75,1313.2060546875,7705
2000-06-15,1685.0,1742.5,1620.0,1712.5,1316.087890625,3250
2000-06-16,1755.0,1780.0,1670.0,1706.25,1311.28466796875,3210
2000-06-19,1782.5,1782.5,1680.0,1740.0,1337.22216796875,3550
2000-06-20,1768.75,1897.5,1727.5,1875.0,1440.97216796875,16985
2000-06-21,1932.5,2225.0,1932.5,2127.5,1635.0230712890625,30580
2000-06-22,2157.5,2160.0,2060.0,2091.25,1607.164306640625,7730
2000-06-23,2080.0,2160.0,2060.0,2065.0,1586.99072265625,1785
2000-06-26,2065.0,2220.0,2061.25,2186.25,1680.173583984375,6205
2000-06-27,2200.0,2298.75,2150.0,2192.5,1684.976806640625,6350
2000-06-28,2276.25,2370.0,2197.5,2362.5,1815.625,7420
2000-06-29,2306.25,2440.0,2240.0,2347.5,1804.09716796875,7180
2000-06-30,2420.0,2420.0,2230.0,2400.0,1844.4444580078125,9585
2000-07-03,2410.0,2500.0,2377.5,2500.0,1921.2962646484375,2070
2000-07-05,2365.0,2480.0,2198.75,2323.75,1785.8448486328125,6795
2000-07-06,2370.0,2400.0,2220.0,2242.5,1723.4027099609375,3450
2000-07-07,2260.0,2260.0,2060.0,2100.0,1613.888916015625,10095
2000-07-10,2070.0,2120.0,1937.5,1952.5,1500.5323486328125,8960
2000-07-11,1973.75,1973.75,1765.0,1792.5,1377.5694580078125,10705
2000-07-12,1835.3125,1940.0,1800.0,1906.25,1464.9884033203125,17215
2000-07-13,1915.0,1987.5,1825.0,1827.5,1404.467529296875,10145
2000-07-14,1825.0,1871.25,1705.0,1736.25,1334.3402099609375,7485
2000-07-17,1800.0,1803.75,1720.0,1793.75,1378.530029296875,6125
2000-07-18,1818.125,1818.125,1638.75,1638.75,1259.40966796875,5345
2000-07-19,1717.5,1717.5,1575.0,1577.5,1212.337890625,4600
2000-07-20,1600.0,1640.0,1560.0,1597.5,1227.7083740234375,3110
2000-07-21,1562.5,1655.0,1561.25,1636.25,1257.4884033203125,5805
2000-07-24,1606.25,1673.75,1605.0,1628.75,1251.7244873046875,5345
2000-07-25,1622.5,1692.5,1612.5,1661.25,1276.701416015625,14360
2000-07-26,1661.25,1661.25,1504.375,1653.75,1270.9375,5250
2000-07-27,1660.0,1660.0,1460.0,1601.25,1230.5902099609375,13495
2000-07-28,1547.5,1561.25,1273.75,1320.0,1014.4444580078125,11460
2000-07-31,1448.75,1458.75,1333.75,1375.0,1056.712890625,18085
2000-08-01,1436.875,1437.5,1200.0,1206.25,927.0254516601562,11315
2000-08-02,1260.0,1340.0,1162.5,1332.5,1024.0509033203125,13130
2000-08-03,1215.0,1480.0,1142.5,1380.0,1060.5555419921875,32605
2000-08-04,1438.75,1577.5,1400.0,1470.9375,1130.4427490234375,19325
2000-08-07,1518.125,1595.0,1455.0,1557.5,1196.967529296875,8880
2000-08-08,1560.0,1940.0,1555.0,1940.0,1490.9259033203125,29400
2000-08-09,1975.0,2045.0,1765.0,1951.25,1499.57177734375,16605
2000-08-10,1845.0,2040.0,1800.0,1990.0,1529.351806640625,13865
2000-08-11,1980.0,1980.625,1860.0,1952.5,1500.5323486328125,6820
2000-08-14,1985.0,2030.0,1898.75,2019.375,1551.927001953125,9780
2000-08-15,2038.75,2075.0,1995.0,2030.0,1560.092529296875,9215
2000-08-16,1995.0,2102.5,1995.0,2078.75,1597.557861328125,5530
2000-08-17,2105.0,2122.5,2005.0,2077.5,1596.59716796875,6080
2000-08-18,2145.0,2160.0,2052.5,2088.4375,1605.0029296875,3200
2000-08-21,2088.4375,2113.75,1991.25,1993.75,1532.2337646484375,3510
2000-08-22,2070.0,2070.0,1920.0,1988.75,1528.3912353515625,3930
2000-08-23,1960.0,2000.0,1880.0,1961.25,1507.2569580078125,3130
2000-08-24,2045.0,2145.0,2010.0,2030.0,1560.092529296875,11530
2000-08-25,2050.0,2152.5,2050.0,2065.0,1586.99072265625,3230
2000-08-28,2110.0,2140.0,2060.0,2100.0,1613.888916015625,2675
2000-08-29,2152.5,2291.25,2140.0,2230.0,1713.7962646484375,5905
2000-08-30,2238.75,2240.0,2125.0,2149.375,1651.83447265625,4190
2000-08-31,2140.0,2326.25,2100.0,2230.0,1713.7962646484375,5530
2000-09-01,2230.0,2402.5,2230.0,2386.25,1833.8773193359375,5515
2000-09-05,2383.75,2418.75,2240.0,2302.5,1769.513916015625,5455
2000-09-06,2292.5,2293.75,1985.0,1985.0,1525.50927734375,17850
2000-09-07,1995.0,2297.1875,1994.375,2072.5,1592.754638671875,6800
2000-09-08,1991.25,2080.0,1920.0,1995.0,1533.1944580078125,8330
2000-09-11,1953.75,2102.5,1940.0,2055.0,1579.3055419921875,6415
2000-09-12,2029.375,2195.0,2029.375,2101.25,1614.8494873046875,8610
2000-09-13,2042.5,2162.5,1965.0,2077.5,1596.59716796875,8730
2000-09-14,2102.5,2194.375,2082.5,2111.25,1622.53466796875,3920
2000-09-15,2070.0,2200.0,2070.0,2116.25,1626.3773193359375,6220
2000-09-18,2163.75,2163.75,1962.5,2000.0,1537.0369873046875,9165
2000-09-19,2015.0,2110.0,2014.375,2110.0,1621.5740966796875,4155
2000-09-20,2054.375,2107.5,2012.5,2040.0,1567.7777099609375,3430
2000-09-21,2035.0,2077.5,1997.5,1997.5,1535.11572265625,1765
2000-09-22,1859.375,2000.0,1858.75,1962.5,1508.217529296875,9580
2000-09-25,2030.0,2127.5,1990.0,2022.5,1554.3287353515625,7030
2000-09-26,2165.0,2167.5,1920.0,1960.0,1506.2962646484375,3728
2000-09-27,2040.0,2065.0,1877.5,1942.5,1492.84716796875,3260
2000-09-28,1900.0,2020.0,1900.0,1927.5,1481.3194580078125,3448
2000-09-29,1842.5,1920.0,1645.0,1663.125,1278.142333984375,8253
2000-10-02,1687.5,1747.5,1625.0,1675.0,1287.2685546875,4500
2000-10-03,1770.0,1785.0,1562.5,1600.0,1229.629638671875,5805
2000-10-04,1615.0,1742.5,1575.0,1647.5,1266.13427734375,6028
2000-10-05,1640.0,1680.0,1487.5,1535.0,1179.6759033203125,6290
2000-10-06,1560.0,1640.0,1325.0,1350.0,1037.5,8178
2000-10-09,1345.0,1605.0,1342.5,1540.0,1183.5185546875,7208
2000-10-10,1640.0,1640.0,1402.5,1467.5,1127.8009033203125,5295
2000-10-11,1382.5,1535.0,1375.0,1450.0,1114.351806640625,4468
2000-10-12,1470.0,1582.5,1240.0,1240.0,952.9629516601562,5213
2000-10-13,1230.0,1430.0,1200.0,1425.0,1095.138916015625,8108
2000-10-16,1400.0,1585.0,1390.0,1400.0,1075.9259033203125,6903
2000-10-17,1590.0,1615.0,1277.5,1300.0,999.0740356445312,3370
2000-10-18,1235.0,1360.0,1130.0,1277.5,981.7824096679688,4830
2000-10-19,1332.5,1760.0,1330.0,1717.5,1319.9305419921875,16570
2000-10-20,1770.625,1945.0,1712.5,1787.5,1373.726806640625,7890
2000-10-23,1725.0,1832.5,1720.0,1757.5,1350.6712646484375,2260
2000-10-24,1732.5,1900.0,1720.0,1720.0,1321.851806640625,3825
2000-10-25,1717.5,1719.375,1480.0,1515.0,1164.3055419921875,4400
2000-10-26,1560.0,1605.0,1410.0,1552.5,1193.125,9195
2000-10-27,1661.875,1662.5,1530.0,1605.0,1233.47216796875,7855
2000-10-30,1630.0,1630.0,1440.0,1500.0,1152.7777099609375,7063
2000-10-31,1514.375,1685.0,1490.0,1640.0,1260.370361328125,7580
2000-11-01,1630.0,1740.0,1520.0,1665.0,1279.5833740234375,4958
2000-11-02,1737.5,1825.0,1640.0,1735.0,1333.379638671875,7618
2000-11-03,1673.75,1770.0,1650.0,1717.5,1319.9305419921875,3018
2000-11-06,1742.5,1815.0,1652.5,1740.0,1337.22216796875,6448
2000-11-07,1732.5,1777.5,1635.0,1693.75,1301.67822265625,8805
2000-11-08,1642.5,1770.0,1642.5,1680.0,1291.111083984375,9960
2000-11-09,1626.25,1705.0,1585.0,1600.0,1229.629638671875,7263
2000-11-10,1605.0,1610.0,1452.5,1505.0,1156.620361328125,5053
2000-11-13,1470.0,1560.0,1395.0,1552.5,1193.125,5388
2000-11-14,1585.0,1720.0,1560.0,1685.0,1294.9537353515625,8140
2000-11-15,1682.5,1830.0,1645.0,1655.0,1271.8980712890625,7515
2000-11-16,1622.5,1875.0,1620.0,1687.5,1296.875,9290
2000-11-17,1805.0,1805.0,1662.5,1720.0,1321.851806640625,3038
2000-11-20,1757.5,1757.5,1580.0,1670.0,1283.4259033203125,11035
2000-11-21,1642.5,1650.0,1500.0,1610.0,1237.3148193359375,7480
2000-11-22,1597.5,1625.0,1510.0,1585.0,1218.101806640625,12868
2000-11-24,1610.0,1700.0,1605.0,1630.0,1252.6851806640625,3158
2000-11-27,1752.5,1795.0,1570.0,1585.0,1218.101806640625,11015
2000-11-28,1600.0,1605.0,1402.5,1440.0,1106.6666259765625,14330
2000-11-29,1428.125,1475.0,1395.0,1440.0,1106.6666259765625,26653
2000-11-30,1395.0,1440.0,1280.0,1335.0,1025.97216796875,17600
2000-12-01,1347.5,1512.5,1340.0,1412.5,1085.5323486328125,14730
2000-12-04,1432.5,1517.5,1265.0,1267.5,974.0972290039062,9018
2000-12-05,1352.5,1505.0,1235.0,1490.0,1145.092529296875,18333
2000-12-06,1477.5,1610.0,1470.0,1545.0,1187.361083984375,18058
2000-12-07,1397.5,1560.0,1395.0,1525.0,1171.99072265625,4443
2000-12-08,1550.0,1850.0,1547.5,1850.0,1421.75927734375,13118
2000-12-11,1860.0,2175.0,1810.0,2127.5,1635.0230712890625,17218
2000-12-12,2065.0,2215.0,2060.0,2155.0,1656.1573486328125,9060
2000-12-13,2180.0,2190.0,2100.0,2127.5,1635.0230712890625,12748
2000-12-14,2115.0,2160.0,1955.0,2037.5,1565.8564453125,12215
2000-12-15,2035.625,2035.625,1880.0,1915.0,1471.712890625,20613
2000-12-18,1946.25,1990.0,1855.0,1957.5,1504.375,11598
2000-12-19,1925.0,2035.0,1925.0,1960.0,1506.2962646484375,10883
2000-12-20,1875.0,1880.0,1787.5,1825.0,1402.5462646484375,10398
2000-12-21,1797.5,1860.0,1680.0,1737.5,1335.3009033203125,13625
2000-12-22,1842.5,1895.0,1787.5,1837.5,1412.1527099609375,8028
2000-12-26,1845.0,1845.0,1732.5,1760.0,1352.592529296875,6478
2000-12-27,1740.0,1885.0,1662.5,1870.0,1437.129638671875,15985
2000-12-28,1900.0,2160.0,1870.0,2140.0,1644.629638671875,7098
2000-12-29,2140.0,2215.0,1855.0,1880.0,1444.8148193359375,8800
2001-01-02,1760.0,1785.0,1465.0,1520.0,1168.1480712890625,9053
2001-01-03,1325.0,1857.5,1325.0,1797.5,1381.4119873046875,22848
2001-01-04,1780.0,1780.0,1655.0,1680.0,1291.111083984375,10000
2001-01-05,1662.5,1680.0,1480.0,1520.0,1168.1480712890625,8505
2001-01-08,1477.5,1515.0,1400.0,1420.0,1091.2962646484375,8208
2001-01-09,1445.0,1670.0,1445.0,1637.5,1258.4490966796875,7153
2001-01-10,1570.0,1732.5,1532.5,1640.0,1260.370361328125,10465
2001-01-11,1560.0,1990.0,1560.0,1962.5,1508.217529296875,16978
2001-01-12,1932.5,2100.0,1900.0,2017.5,1550.486083984375,13140
2001-01-16,2010.0,2020.0,1860.0,1962.5,1508.217529296875,6350
2001-01-17,2000.0,2020.0,1860.0,1962.5,1508.217529296875,8733
2001-01-18,1970.0,1970.0,1865.0,1880.0,1444.8148193359375,5143
2001-01-19,1950.0,1950.0,1845.0,1897.5,1458.263916015625,5655
2001-01-22,1860.0,1880.0,1680.0,1760.0,1352.592529296875,6013
2001-01-23,1790.0,1817.5,1645.0,1805.0,1387.1759033203125,9913
2001-01-24,1792.5,1805.0,1645.0,1682.5,1293.0323486328125,11498
2001-01-25,1642.5,1700.0,1530.0,1542.5,1185.4398193359375,6130
2001-01-26,1515.0,1595.0,1455.0,1465.0,1125.879638671875,7280
2001-01-29,1492.5,1657.5,1470.0,1577.5,1212.337890625,7090
2001-01-30,1620.0,1800.0,1550.0,1725.0,1325.6944580078125,13425
2001-01-31,1725.0,1790.0,1625.0,1667.5,1281.504638671875,7378
2001-02-01,1599.375,1660.0,1582.5,1645.0,1264.212890625,5493
2001-02-02,1637.5,1640.0,1450.0,1515.0,1164.3055419921875,7928
2001-02-05,1525.0,1585.0,1477.5,1487.5,1143.1712646484375,5565
2001-02-06,1465.0,1577.5,1400.0,1440.0,1106.6666259765625,6490
2001-02-07,1495.0,1716.875,1475.0,1682.5,1293.0323486328125,14488
2001-02-08,1720.0,1725.0,1505.0,1530.0,1175.8333740234375,7613
2001-02-09,1520.0,1530.0,1402.5,1430.0,1098.9814453125,8865
2001-02-12,1400.0,1480.0,1392.5,1438.125,1105.2257080078125,7575
2001-02-13,1475.0,1545.0,1362.5,1380.0,1060.5555419921875,5103
2001-02-14,1393.75,1516.875,1357.5,1500.0,1152.7777099609375,4095
2001-02-15,1575.0,1725.0,1510.0,1605.0,1233.47216796875,12295
2001-02-16,1542.5,1575.0,1492.5,1520.0,1168.1480712890625,6715
2001-02-20,1527.5,1570.0,1380.0,1380.0,1060.5555419921875,8265
2001-02-21,1361.25,1440.0,1337.5,1412.5,1085.5323486328125,8668
2001-02-22,1390.0,1412.5,1260.0,1277.5,981.7824096679688,16638
2001-02-23,1277.5,1280.0,1100.0,1212.5,931.8286743164062,15470
2001-02-26,1260.0,1325.0,1162.5,1290.0,991.3888549804688,9115
2001-02-27,1280.0,1287.5,1182.5,1217.5,935.6712646484375,7090
2001-02-28,1225.0,1245.0,1000.0,1037.5,797.3379516601562,12233
2001-03-01,1012.5,1012.5,840.0,920.0,707.0370483398438,30418
2001-03-02,917.5,955.0,832.5,885.0,680.1388549804688,21500
2001-03-05,907.5,970.0,900.0,902.5,693.5879516601562,9323
2001-03-06,950.0,1020.0,902.5,910.0,699.3518676757812,11280
2001-03-07,955.0,1005.0,915.0,962.5,739.6990356445312,9533
2001-03-08,1015.0,1145.0,1002.5,1075.0,826.1574096679688,30080
2001-03-09,1040.0,1070.0,935.0,940.0,722.4074096679688,20188
2001-03-12,920.0,975.0,870.0,945.0,726.25,18785
2001-03-13,993.125,1025.0,930.0,997.5,766.5972290039062,22598
2001-03-14,967.5,1037.5,932.5,942.5,724.3286743164062,10928
2001-03-15,980.0,1015.0,940.0,947.5,728.1712646484375,5803
2001-03-16,977.5,980.0,900.0,930.0,714.7222290039062,8638
2001-03-19,952.5,977.5,800.0,930.0,714.7222290039062,13350
2001-03-20,955.0,1140.0,940.0,995.0,764.6759033203125,35878
2001-03-21,1005.0,1110.0,990.0,1000.0,768.5184936523438,19313
2001-03-22,1030.0,1032.5,935.0,1005.0,772.361083984375,12070
2001-03-23,1065.0,1120.0,987.5,1110.0,853.0555419921875,16970
2001-03-26,1090.0,1120.0,1010.0,1097.5,843.4490356445312,16783
2001-03-27,1100.0,1175.0,1040.0,1137.5,874.1898193359375,22818
2001-03-28,1117.5,1135.0,990.0,995.0,764.6759033203125,7303
2001-03-29,1006.25,1055.0,975.0,1025.0,787.7314453125,8253
2001-03-30,1022.5,1040.0,957.5,1002.5,770.4398193359375,7063
2001-04-02,1022.5,1022.5,940.0,959.375,737.2974243164062,10660
2001-04-03,957.5,957.5,800.0,867.5,666.6898193359375,14440
2001-04-04,850.0,875.0,795.0,802.5,616.736083984375,13450
2001-04-05,875.0,1047.5,875.0,1032.5,793.495361328125,11780
2001-04-06,1002.5,1007.5,900.0,992.5,762.754638671875,8538
2001-04-09,1010.0,1058.800048828125,908.7999877929688,908.7999877929688,698.4296264648438,7378
2001-04-10,955.5999755859375,1080.4000244140625,941.2000122070312,1066.4000244140625,819.5481567382812,11795
2001-04-11,1200.0,1220.0,1072.0,1147.5999755859375,881.9518432617188,9195
2001-04-12,1110.4000244140625,1319.5999755859375,1076.0,1298.800048828125,998.15185546875,8493
2001-04-16,1211.199951171875,1221.199951171875,1115.5999755859375,1120.0,860.74072265625,14433
2001-04-17,1117.5999755859375,1137.5999755859375,1050.0,1080.4000244140625,830.3074340820312,12690
2001-04-18,1145.199951171875,1378.4000244140625,1140.0,1210.4000244140625,930.21484375,22040
2001-04-19,1240.0,1416.0,1004.0,1390.0,1068.24072265625,16128
2001-04-20,1378.4000244140625,1497.199951171875,1320.0,1464.0,1125.111083984375,13825
2001-04-23,1422.0,1446.0,1326.4000244140625,1356.0,1042.111083984375,16138
2001-04-24,1358.800048828125,1427.5999755859375,1238.0,1278.4000244140625,982.4740600585938,11698
2001-04-25,1240.0,1376.0,1240.0,1326.0,1019.0555419921875,11133
2001-04-26,1397.199951171875,1440.0,1293.199951171875,1327.199951171875,1019.9777221679688,5903
2001-04-27,1366.0,1400.0,1307.5999755859375,1380.800048828125,1061.17041015625,4433
2001-04-30,1479.5999755859375,1765.199951171875,1440.0,1660.0,1275.74072265625,42185
2001-05-01,1610.0,1610.0,1473.199951171875,1500.800048828125,1153.392578125,42708
2001-05-02,1492.4000244140625,1527.199951171875,1388.4000244140625,1502.0,1154.3148193359375,63768
2001-05-03,1476.0,1557.199951171875,1418.0,1525.5999755859375,1172.4517822265625,30523
2001-05-04,1490.800048828125,1606.0,1424.0,1582.0,1215.7962646484375,20128
2001-05-07,1579.5999755859375,1594.0,1482.4000244140625,1484.4000244140625,1140.7889404296875,10610
2001-05-08,1612.0,1612.0,1456.0,1468.0,1128.1851806640625,23805
2001-05-09,1300.0,1454.0,1296.0,1426.4000244140625,1096.21484375,17588
2001-05-10,1460.4000244140625,1513.5999755859375,1378.0,1382.800048828125,1062.7073974609375,12040
2001-05-11,1402.800048828125,1408.0,1327.5999755859375,1352.0,1039.0369873046875,7533
2001-05-14,1342.4000244140625,1343.5999755859375,1260.0,1268.0,974.4814453125,8615
2001-05-15,1276.0,1320.0,1252.0,1273.5999755859375,978.78515625,10048
2001-05-16,1270.4000244140625,1410.0,1259.199951171875,1350.4000244140625,1037.807373046875,15285
2001-05-17,1390.4000244140625,1440.0,1351.5999755859375,1424.0,1094.370361328125,12565
2001-05-18,1400.0,1436.0,1360.4000244140625,1390.0,1068.24072265625,5410
2001-05-21,1390.4000244140625,1496.4000244140625,1362.0,1491.199951171875,1146.0147705078125,7358
2001-05-22,1529.5999755859375,1574.0,1494.0,1574.0,1209.6480712890625,14178
2001-05-23,1580.0,1584.4000244140625,1418.800048828125,1420.4000244140625,1091.603759765625,8923
2001-05-24,1446.0,1490.0,1408.800048828125,1468.800048828125,1128.800048828125,9975
2001-05-25,1460.0,1485.5999755859375,1446.0,1463.199951171875,1124.4962158203125,4313
2001-05-29,1467.199951171875,1476.0,1330.0,1330.0,1022.129638671875,7140
2001-05-30,1322.0,1322.0,1262.4000244140625,1289.5999755859375,991.0814208984375,10908
2001-05-31,1322.4000244140625,1356.0,1292.4000244140625,1306.0,1003.6851806640625,6028
2001-06-01,1313.199951171875,1346.0,1260.800048828125,1346.0,1034.4259033203125,9103
2001-06-04,1340.0,1340.0,1134.0,1135.199951171875,872.4221801757812,30045
2001-06-05,1134.800048828125,1276.800048828125,1129.199951171875,1190.0,914.5370483398438,19623
2001-06-06,1197.5999755859375,1230.0,1140.0,1228.0,943.74072265625,10970
2001-06-07,1200.0,1304.0,1182.0,1274.4000244140625,979.4000244140625,11743
2001-06-08,1274.0,1296.800048828125,1211.199951171875,1295.199951171875,995.3851318359375,7923
2001-06-11,1280.0,1296.0,1202.800048828125,1208.800048828125,928.9852294921875,23023
2001-06-12,1186.800048828125,1263.5999755859375,1163.199951171875,1223.5999755859375,940.3592529296875,8148
2001-06-13,1248.0,1255.199951171875,1096.0,1144.4000244140625,879.4926147460938,13013
2001-06-14,1120.4000244140625,1120.4000244140625,1036.4000244140625,1036.800048828125,796.800048828125,8463
2001-06-15,998.4000244140625,1045.199951171875,924.0,946.4000244140625,727.325927734375,24005
2001-06-18,959.5999755859375,967.2000122070312,844.4000244140625,864.0,664.0,15780
2001-06-19,888.0,922.0,785.2000122070312,837.2000122070312,643.4036865234375,44355
2001-06-20,792.0,940.0,784.0,914.0,702.4259033203125,24513
2001-06-21,891.5999755859375,1085.5999755859375,880.7999877929688,1082.4000244140625,831.8444213867188,35078
2001-06-22,1077.5999755859375,1091.5999755859375,990.4000244140625,998.0,766.9814453125,8598
2001-06-25,1033.5999755859375,1058.800048828125,954.0,1045.199951171875,803.2554931640625,11693
2001-06-26,1014.4000244140625,1109.199951171875,1004.7999877929688,1072.0,823.8518676757812,8518
2001-06-27,1072.4000244140625,1141.199951171875,1055.199951171875,1086.0,834.611083984375,34305
2001-06-28,1132.0,1151.199951171875,1070.0,1148.4000244140625,882.566650390625,10150
2001-06-29,1145.5999755859375,1240.0,1120.0,1230.0,945.2777709960938,10308
2001-07-02,1200.4000244140625,1225.5999755859375,1160.4000244140625,1202.0,923.7592163085938,15703
2001-07-03,1200.0,1200.0,1140.0,1182.4000244140625,908.6962890625,8905
2001-07-05,1160.0,1163.199951171875,1044.0,1052.0,808.4814453125,13160
2001-07-06,1020.0,1030.4000244140625,992.0,1000.0,768.5184936523438,14118
2001-07-09,1036.800048828125,1060.0,1000.0,1040.0,799.25927734375,12300
2001-07-10,1056.800048828125,1060.0,866.0,901.5999755859375,692.896240234375,30353
2001-07-11,875.5999755859375,903.5999755859375,837.5999755859375,886.4000244140625,681.21484375,17450
2001-07-12,940.7999877929688,1050.800048828125,924.4000244140625,1024.0,786.9629516601562,40538
2001-07-13,1008.4000244140625,1026.0,977.5999755859375,1003.2000122070312,770.977783203125,13115
2001-07-16,995.2000122070312,1010.0,957.5999755859375,964.0,740.8518676757812,14478
2001-07-17,956.7999877929688,1050.800048828125,930.0,1042.0,800.7962646484375,15450
2001-07-18,1012.4000244140625,1020.0,930.0,935.2000122070312,718.718505859375,19790
2001-07-19,972.4000244140625,1024.0,921.2000122070312,964.0,740.8518676757812,12375
2001-07-20,964.7999877929688,998.0,900.0,996.0,765.4444580078125,11740
2001-07-23,1010.0,1046.0,960.0,978.4000244140625,751.9185180664062,7450
2001-07-24,960.0,974.0,885.2000122070312,926.0,711.6481323242188,13885
2001-07-25,937.5999755859375,1026.0,928.0,1014.0,779.2777709960938,28253
2001-07-26,984.7999877929688,1023.2000122070312,984.0,1002.0,770.0555419921875,16918
2001-07-27,1014.0,1059.5999755859375,946.4000244140625,961.5999755859375,739.0073852539062,23878
2001-07-30,986.4000244140625,988.7999877929688,914.0,914.0,702.4259033203125,19143
2001-07-31,948.4000244140625,974.7999877929688,917.2000122070312,952.0,731.629638671875,8205
2001-08-01,974.7999877929688,1083.5999755859375,972.0,1062.0,816.1666259765625,28183
2001-08-02,1096.4000244140625,1111.5999755859375,1048.0,1071.5999755859375,823.54443359375,6620
2001-08-03,1048.0,1048.4000244140625,995.2000122070312,1016.0,780.8148193359375,5800
2001-08-06,1000.0,1010.4000244140625,960.0,960.0,737.7777709960938,4970
2001-08-07,976.0,976.0,902.0,912.0,700.8888549804688,22095
2001-08-08,918.0,922.0,816.0,840.0,645.5555419921875,37633
2001-08-09,920.0,939.5999755859375,805.2000122070312,840.0,645.5555419921875,35375
2001-08-10,836.0,836.0,730.0,798.7999877929688,613.892578125,15865
2001-08-13,802.0,806.0,726.7999877929688,732.0,562.5555419921875,26853
2001-08-14,752.7999877929688,760.0,680.0,694.0,533.3518676757812,13090
2001-08-15,690.7999877929688,720.0,628.0,636.4000244140625,489.085205078125,24008
2001-08-16,644.0,644.0,587.5999755859375,591.5999755859375,454.655517578125,29753
2001-08-17,591.5999755859375,610.0,568.0,586.0,450.3518371582031,17743
2001-08-20,599.5999755859375,606.4000244140625,562.0,583.2000122070312,448.20001220703125,20373
2001-08-21,584.4000244140625,610.0,564.0,564.0,433.4444274902344,17805
2001-08-22,596.4000244140625,604.7999877929688,556.4000244140625,582.7999877929688,447.892578125,10610
2001-08-23,561.2000122070312,598.0,560.7999877929688,578.4000244140625,444.5111083984375,10128
2001-08-24,580.4000244140625,640.0,580.4000244140625,625.5999755859375,480.78515625,21740
2001-08-27,638.0,657.2000122070312,612.0,648.7999877929688,498.61480712890625,9363
2001-08-28,640.0,657.5999755859375,630.4000244140625,634.0,487.24072265625,38470
2001-08-29,639.2000122070312,641.2000122070312,600.0,612.0,470.33331298828125,11520
2001-08-30,612.0,612.0,570.0,598.7999877929688,460.1888732910156,9323
2001-08-31,598.7999877929688,620.0,578.7999877929688,606.4000244140625,466.0296325683594,9215
2001-09-04,608.7999877929688,619.5999755859375,584.4000244140625,584.4000244140625,449.1222229003906,7055
2001-09-05,580.0,585.5999755859375,530.0,571.2000122070312,438.977783203125,10378
2001-09-06,550.4000244140625,560.0,514.0,534.7999877929688,411.0036926269531,12373
2001-09-07,522.0,558.7999877929688,514.4000244140625,522.7999877929688,401.7814636230469,4238
2001-09-10,522.0,546.0,506.0,531.2000122070312,408.2370300292969,4890
2001-09-17,488.3999938964844,514.0,482.0,495.6000061035156,380.8777770996094,10423
2001-09-18,494.3999938964844,506.0,440.0,460.0,353.5185241699219,7438
2001-09-19,473.6000061035156,474.0,418.0,450.0,345.8333435058594,9693
2001-09-20,430.0,452.0,410.0,430.3999938964844,330.7703552246094,10678
2001-09-21,400.3999938964844,444.0,400.0,419.20001220703125,322.1629638671875,6265
2001-09-24,452.0,494.0,436.79998779296875,486.3999938964844,373.8074035644531,19018
2001-09-25,486.0,486.3999938964844,436.0,450.0,345.8333435058594,7715
2001-09-26,459.6000061035156,459.6000061035156,394.0,394.0,302.7962951660156,14268
2001-09-27,392.0,400.0,307.6000061035156,328.0,252.07406616210938,46795
2001-09-28,360.0,368.0,330.0,342.3999938964844,263.1407470703125,25155
2001-10-01,332.0,335.6000061035156,306.79998779296875,325.20001220703125,249.92222595214844,18245
2001-10-02,336.3999938964844,336.3999938964844,312.0,321.6000061035156,247.1555633544922,4765
2001-10-03,320.0,335.6000061035156,308.0,316.0,242.8518524169922,29595
2001-10-04,329.6000061035156,364.3999938964844,314.3999938964844,342.79998779296875,263.4481201171875,14470
2001-10-05,332.0,350.0,320.3999938964844,342.0,262.8333435058594,6705
2001-10-08,339.6000061035156,354.0,320.0,340.79998779296875,261.9111022949219,5305
2001-10-09,346.0,346.0,318.0,318.3999938964844,244.6962890625,5853
2001-10-10,328.0,397.20001220703125,325.20001220703125,393.20001220703125,302.1814880371094,43210
2001-10-11,416.79998779296875,500.0,410.3999938964844,480.79998779296875,369.5036926269531,38553
2001-10-12,478.3999938964844,480.0,447.20001220703125,470.0,361.2037048339844,10495
2001-10-15,474.0,499.20001220703125,456.0,459.20001220703125,352.9037170410156,4490
2001-10-16,480.0,500.0,450.3999938964844,490.79998779296875,377.1888732910156,8078
2001-10-17,518.0,518.0,452.79998779296875,474.0,364.27777099609375,9000
2001-10-18,467.20001220703125,482.0,449.6000061035156,478.3999938964844,367.65924072265625,5190
2001-10-19,468.0,486.0,432.0,484.3999938964844,372.2703552246094,6523
2001-10-22,476.79998779296875,502.79998779296875,467.20001220703125,492.0,378.1111145019531,12073
2001-10-23,492.3999938964844,540.0,488.0,502.0,385.7962951660156,7895
2001-10-24,492.0,523.2000122070312,486.0,504.3999938964844,387.6407165527344,5678
2001-10-25,500.0,527.5999755859375,467.20001220703125,525.5999755859375,403.9333190917969,9510
2001-10-26,522.0,540.0,510.0,528.0,405.77777099609375,2675
2001-10-29,551.5999755859375,560.0,511.20001220703125,530.7999877929688,407.92962646484375,9553
2001-10-30,520.4000244140625,523.2000122070312,424.0,438.0,336.6111145019531,34755
2001-10-31,466.3999938964844,490.79998779296875,446.0,446.3999938964844,343.066650390625,19735
2001-11-01,430.0,430.3999938964844,380.3999938964844,390.0,299.72222900390625,49160
2001-11-02,406.3999938964844,411.6000061035156,386.0,397.6000061035156,305.5629577636719,17485
2001-11-05,396.0,420.0,390.3999938964844,406.0,312.0185241699219,20935
2001-11-06,402.79998779296875,410.0,398.0,402.3999938964844,309.2518310546875,18013
2001-11-07,402.0,404.79998779296875,392.3999938964844,398.3999938964844,306.1777648925781,18390
2001-11-08,398.0,418.0,392.0,398.79998779296875,306.48516845703125,16485
2001-11-09,398.0,406.3999938964844,374.0,377.20001220703125,289.88519287109375,10320
2001-11-12,381.20001220703125,406.0,361.6000061035156,401.6000061035156,308.63702392578125,4023
2001-11-13,398.3999938964844,433.20001220703125,398.0,426.0,327.3888854980469,10420
2001-11-14,439.6000061035156,447.20001220703125,416.0,419.6000061035156,322.4703674316406,5623
2001-11-15,416.3999938964844,439.6000061035156,409.6000061035156,413.20001220703125,317.5518493652344,4233
2001-11-16,414.3999938964844,420.0,401.20001220703125,411.6000061035156,316.3222351074219,5400
2001-11-19,419.6000061035156,429.6000061035156,410.0,420.0,322.77777099609375,5968
2001-11-20,429.6000061035156,432.0,390.79998779296875,404.0,310.4814758300781,10363
2001-11-21,402.79998779296875,408.79998779296875,384.79998779296875,396.3999938964844,304.6407165527344,3453
2001-11-23,386.0,402.0,384.0,399.6000061035156,307.1000061035156,1053
2001-11-26,416.0,420.0,396.79998779296875,416.3999938964844,320.0111083984375,12755
2001-11-27,436.0,495.20001220703125,436.0,471.20001220703125,362.12591552734375,23285
2001-11-28,465.6000061035156,522.4000244140625,462.0,510.0,391.9444274902344,17673
2001-11-29,521.5999755859375,540.0,501.20001220703125,534.4000244140625,410.6963195800781,24068
2001-11-30,524.0,560.0,489.6000061035156,537.2000122070312,412.84814453125,18185
2001-12-03,535.5999755859375,536.0,510.0,512.0,393.4814758300781,6498
2001-12-04,529.2000122070312,529.2000122070312,498.0,525.2000122070312,403.62591552734375,7188
2001-12-05,527.2000122070312,580.0,524.4000244140625,576.7999877929688,443.2814636230469,11948
2001-12-06,569.2000122070312,681.5999755859375,568.0,660.4000244140625,507.5296325683594,21873
2001-12-07,646.0,652.4000244140625,606.0,616.0,473.40740966796875,19175
2001-12-10,635.5999755859375,636.0,588.0,598.0,459.5740661621094,8473
2001-12-11,604.4000244140625,610.0,591.5999755859375,600.0,461.1111145019531,11343
2001-12-12,605.2000122070312,620.0,590.4000244140625,606.0,465.72222900390625,9645
2001-12-13,589.5999755859375,604.0,532.0,540.7999877929688,415.61480712890625,12030
2001-12-14,544.0,547.2000122070312,522.4000244140625,540.7999877929688,415.61480712890625,7125
2001-12-17,531.2000122070312,548.0,523.2000122070312,538.4000244140625,413.7703857421875,10245
2001-12-18,549.5999755859375,569.2000122070312,529.2000122070312,532.4000244140625,409.1592712402344,5663
2001-12-19,528.7999877929688,562.7999877929688,512.0,520.0,399.629638671875,7688
2001-12-20,518.0,528.0,500.79998779296875,500.79998779296875,384.8740539550781,4470
2001-12-21,520.0,529.2000122070312,506.0,520.0,399.629638671875,12255
2001-12-24,521.2000122070312,526.0,510.0,511.20001220703125,392.8666687011719,1398
2001-12-26,520.0,555.2000122070312,514.0,526.0,404.24072265625,8975
2001-12-27,530.4000244140625,548.7999877929688,530.4000244140625,543.5999755859375,417.7666320800781,3518
2001-12-28,542.0,568.7999877929688,534.0,567.2000122070312,435.9037170410156,6505
2001-12-31,557.2000122070312,562.4000244140625,531.2000122070312,538.0,413.46295166015625,4618
2002-01-02,544.7999877929688,568.0,536.4000244140625,557.5999755859375,428.5259094238281,6508
2002-01-03,559.2000122070312,653.5999755859375,559.2000122070312,622.4000244140625,478.325927734375,11445
2002-01-04,626.4000244140625,678.7999877929688,608.4000244140625,629.2000122070312,483.5518493652344,9133
2002-01-07,657.5999755859375,664.0,602.4000244140625,614.0,471.870361328125,5053
2002-01-08,612.0,618.7999877929688,582.7999877929688,612.0,470.33331298828125,4695
2002-01-09,612.4000244140625,630.0,600.0,628.7999877929688,483.2444152832031,7375
2002-01-10,628.7999877929688,628.7999877929688,580.0,592.7999877929688,455.5777587890625,13638
2002-01-11,593.2000122070312,605.2000122070312,560.4000244140625,590.7999877929688,454.04071044921875,8840
2002-01-14,580.4000244140625,590.4000244140625,514.0,519.5999755859375,399.32220458984375,20675
2002-01-15,520.0,527.2000122070312,502.3999938964844,522.7999877929688,401.7814636230469,11133
2002-01-16,519.2000122070312,519.2000122070312,474.3999938964844,480.0,368.8888854980469,8285
2002-01-17,490.0,492.0,456.3999938964844,478.0,367.3518371582031,6950
2002-01-18,474.0,477.6000061035156,420.0,436.0,335.0740661621094,15640
2002-01-22,444.79998779296875,446.0,412.0,416.79998779296875,320.3185119628906,3810
2002-01-23,420.79998779296875,431.20001220703125,408.0,428.3999938964844,329.23333740234375,6858
2002-01-24,434.0,440.0,422.0,426.0,327.3888854980469,5123
2002-01-25,427.20001220703125,433.20001220703125,406.79998779296875,416.79998779296875,320.3185119628906,5503
2002-01-28,427.20001220703125,431.6000061035156,416.0,420.0,322.77777099609375,9845
2002-01-29,422.3999938964844,427.6000061035156,402.0,403.6000061035156,310.174072265625,5888
2002-01-30,405.6000061035156,440.3999938964844,382.0,426.79998779296875,328.0036926269531,10678
2002-01-31,446.0,446.0,405.6000061035156,413.20001220703125,317.5518493652344,5700
2002-02-01,414.79998779296875,424.0,396.0,400.79998779296875,308.022216796875,6550
2002-02-04,402.3999938964844,412.79998779296875,367.6000061035156,390.79998779296875,300.3370361328125,9345
2002-02-05,383.6000061035156,392.79998779296875,362.3999938964844,370.3999938964844,284.65924072265625,7035
2002-02-06,378.3999938964844,392.0,360.3999938964844,362.79998779296875,278.8185119628906,7845
2002-02-07,360.0,364.0,322.3999938964844,334.0,256.6851806640625,54110
2002-02-08,348.0,350.0,324.0,343.20001220703125,263.75555419921875,14578
2002-02-11,342.79998779296875,360.79998779296875,338.79998779296875,346.79998779296875,266.522216796875,7435
2002-02-12,346.79998779296875,354.79998779296875,327.6000061035156,347.20001220703125,266.8296203613281,5300
2002-02-13,349.20001220703125,352.0,327.20001220703125,339.20001220703125,260.6814880371094,8088
2002-02-14,339.6000061035156,341.20001220703125,330.0,333.20001220703125,256.07037353515625,5703
2002-02-15,337.20001220703125,339.6000061035156,326.0,330.3999938964844,253.9185028076172,8618
2002-02-19,331.20001220703125,332.3999938964844,314.79998779296875,326.0,250.5370330810547,7635
2002-02-20,321.6000061035156,339.6000061035156,308.0,335.6000061035156,257.9148254394531,8210
2002-02-21,336.0,336.3999938964844,309.20001220703125,311.20001220703125,239.1629638671875,7045
2002-02-22,309.20001220703125,325.6000061035156,308.0,325.6000061035156,250.22962951660156,5748
2002-02-25,320.79998779296875,326.0,303.6000061035156,314.3999938964844,241.62220764160156,8520
2002-02-26,318.0,320.0,306.3999938964844,310.79998779296875,238.8555450439453,6258
2002-02-27,315.20001220703125,323.20001220703125,304.3999938964844,305.20001220703125,234.55186462402344,4403
2002-02-28,310.0,316.79998779296875,303.6000061035156,304.79998779296875,234.2444305419922,4480
2002-03-01,316.3999938964844,342.0,308.3999938964844,341.20001220703125,262.2185363769531,3895
2002-03-04,344.0,362.0,338.79998779296875,338.79998779296875,260.3740539550781,6263
2002-03-05,347.20001220703125,352.0,331.6000061035156,334.0,256.6851806640625,5840
2002-03-06,339.20001220703125,366.0,332.0,360.0,276.6666564941406,9838
2002-03-07,367.6000061035156,389.6000061035156,364.0,379.6000061035156,291.7296447753906,5675
2002-03-08,387.20001220703125,406.3999938964844,372.0,379.20001220703125,291.4222412109375,7170
2002-03-11,372.79998779296875,391.20001220703125,368.79998779296875,375.20001220703125,288.34814453125,2748
2002-03-12,366.0,371.6000061035156,340.0,358.0,275.129638671875,2940
2002-03-13,350.3999938964844,361.20001220703125,338.79998779296875,356.3999938964844,273.8999938964844,2510
2002-03-14,361.20001220703125,361.20001220703125,338.0,340.3999938964844,261.60369873046875,1895
2002-03-15,346.0,350.3999938964844,328.0,346.0,265.90740966796875,2450
2002-03-18,347.20001220703125,386.0,347.20001220703125,372.0,285.8888854980469,3958
2002-03-19,374.0,403.6000061035156,370.79998779296875,380.0,292.0370178222656,5343
2002-03-20,380.79998779296875,381.20001220703125,346.3999938964844,352.3999938964844,270.825927734375,6520
2002-03-21,352.0,392.0,348.0,376.0,288.96295166015625,14643
2002-03-22,376.0,392.79998779296875,366.0,366.0,281.27777099609375,1988
2002-03-25,366.0,388.0,360.0,365.20001220703125,280.6629638671875,3305
2002-03-26,366.0,392.0,366.0,375.6000061035156,288.6555480957031,2690
2002-03-27,378.79998779296875,390.0,370.79998779296875,376.79998779296875,289.5777587890625,2033
2002-03-28,376.3999938964844,400.0,373.6000061035156,384.3999938964844,295.41851806640625,4383
2002-04-01,380.0,399.6000061035156,380.0,394.79998779296875,303.4111022949219,4008
2002-04-02,396.0,414.0,384.0,393.20001220703125,302.1814880371094,4410
2002-04-03,407.20001220703125,407.6000061035156,361.6000061035156,361.6000061035156,277.89630126953125,3675
2002-04-04,362.0,380.0,343.20001220703125,374.0,287.4259338378906,4118
2002-04-05,373.6000061035156,385.6000061035156,358.0,364.0,279.74072265625,3898
2002-04-08,362.79998779296875,390.3999938964844,346.3999938964844,384.3999938964844,295.41851806640625,4908
2002-04-09,395.6000061035156,400.0,378.0,386.3999938964844,296.9555358886719,3730
2002-04-10,381.6000061035156,400.0,360.0,367.6000061035156,282.5074157714844,3380
2002-04-11,388.3999938964844,390.0,352.3999938964844,368.0,282.8148193359375,5270
2002-04-12,376.0,385.6000061035156,364.0,364.0,279.74072265625,4575
2002-04-15,380.0,386.79998779296875,364.3999938964844,371.20001220703125,285.2740783691406,2718
2002-04-16,382.79998779296875,395.6000061035156,374.0,383.6000061035156,294.8037109375,5118
2002-04-17,387.6000061035156,419.20001220703125,387.6000061035156,396.0,304.3333435058594,9505
2002-04-18,396.3999938964844,400.0,378.0,392.3999938964844,301.566650390625,5840
2002-04-19,402.0,405.6000061035156,385.20001220703125,387.6000061035156,297.8777770996094,2680
2002-04-22,388.79998779296875,389.6000061035156,342.79998779296875,359.20001220703125,276.0518493652344,3940
2002-04-23,360.0,368.0,345.6000061035156,366.0,281.27777099609375,6213
2002-04-24,356.3999938964844,369.20001220703125,344.3999938964844,348.3999938964844,267.7518310546875,2053
2002-04-25,347.20001220703125,354.0,322.0,337.20001220703125,259.1444396972656,6943
2002-04-26,338.3999938964844,352.0,326.0,328.3999938964844,252.3814697265625,4643
2002-04-29,322.3999938964844,327.6000061035156,310.0,320.79998779296875,246.5407257080078,5588
2002-04-30,319.20001220703125,356.79998779296875,316.3999938964844,354.0,272.0555419921875,4018
2002-05-01,330.0,359.6000061035156,312.79998779296875,358.3999938964844,275.4370422363281,3963
2002-05-02,352.0,358.0,329.6000061035156,354.3999938964844,272.3629455566406,4583
2002-05-03,350.0,350.0,324.0,343.20001220703125,263.75555419921875,3353
2002-05-06,321.6000061035156,360.3999938964844,320.79998779296875,345.6000061035156,265.6000061035156,4230
2002-05-07,344.0,348.0,321.6000061035156,321.6000061035156,247.1555633544922,2993
2002-05-08,330.0,348.0,329.6000061035156,336.79998779296875,258.8370361328125,4148
2002-05-09,340.3999938964844,366.0,338.0,344.79998779296875,264.98516845703125,4813
2002-05-10,341.6000061035156,356.79998779296875,324.0,324.0,249.0,3493
2002-05-13,327.6000061035156,334.79998779296875,322.0,322.79998779296875,248.0777587890625,2883
2002-05-14,328.3999938964844,344.0,326.79998779296875,334.0,256.6851806640625,4590
2002-05-15,333.6000061035156,340.0,327.20001220703125,334.3999938964844,256.9925842285156,5458
2002-05-16,336.3999938964844,359.6000061035156,336.0,342.3999938964844,263.1407470703125,4440
2002-05-17,343.6000061035156,350.0,322.0,328.3999938964844,252.3814697265625,5770
2002-05-20,328.0,334.79998779296875,307.20001220703125,313.20001220703125,240.70001220703125,3325
2002-05-21,314.0,328.0,307.20001220703125,316.3999938964844,243.1592559814453,3995
2002-05-22,317.20001220703125,318.3999938964844,286.3999938964844,298.0,229.0185089111328,4908
2002-05-23,300.3999938964844,318.3999938964844,298.79998779296875,312.79998779296875,240.392578125,3605
2002-05-24,310.79998779296875,310.79998779296875,296.3999938964844,297.6000061035156,228.7111053466797,3690
2002-05-28,296.79998779296875,303.20001220703125,290.0,295.20001220703125,226.86666870117188,2658
2002-05-29,295.20001220703125,300.0,284.0,286.0,219.79629516601562,1428
2002-05-30,288.0,295.20001220703125,286.0,288.79998779296875,221.94813537597656,1838
2002-05-31,290.3999938964844,292.3999938964844,284.0,286.79998779296875,220.41110229492188,3488
2002-06-03,286.79998779296875,286.79998779296875,250.0,253.1999969482422,194.58888244628906,6108
2002-06-04,252.0,266.0,220.0,232.0,178.29629516601562,10480
2002-06-05,231.1999969482422,242.0,220.0,238.0,182.90740966796875,5428
2002-06-06,236.39999389648438,240.0,216.0,227.1999969482422,174.60740661621094,5575
2002-06-07,225.1999969482422,233.60000610351562,218.0,223.60000610351562,171.8407440185547,11885
2002-06-10,226.0,235.1999969482422,220.39999389648438,227.60000610351562,174.91481018066406,3660
2002-06-11,227.1999969482422,237.1999969482422,220.0,227.60000610351562,174.91481018066406,4100
2002-06-12,226.0,226.39999389648438,204.39999389648438,222.0,170.61111450195312,2223
2002-06-13,222.0,228.0,202.39999389648438,208.0,159.8518524169922,7608
2002-06-14,209.60000610351562,216.8000030517578,198.0,199.60000610351562,153.39630126953125,7528
2002-06-17,206.0,227.1999969482422,200.0,220.8000030517578,169.6888885498047,2625
2002-06-18,220.0,236.0,210.0,210.0,161.38888549804688,2585
2002-06-19,210.0,216.8000030517578,192.0,192.0,147.55555725097656,4068
2002-06-20,200.39999389648438,206.0,191.60000610351562,196.0,150.62962341308594,1855
2002-06-21,200.0,212.0,188.0,188.39999389648438,144.78887939453125,2358
2002-06-24,192.39999389648438,203.1999969482422,184.0,191.1999969482422,146.94073486328125,2275
2002-06-25,188.0,195.60000610351562,156.0,157.60000610351562,121.11852264404297,2720
2002-06-26,155.60000610351562,175.60000610351562,144.0,170.39999389648438,130.95555114746094,4038
2002-06-27,193.60000610351562,230.0,172.0,220.8000030517578,169.6888885498047,5798
2002-06-28,220.0,244.0,220.0,240.0,184.44444274902344,7558
2002-07-01,240.0,240.0,208.0,208.0,159.8518524169922,4420
2002-07-02,208.39999389648438,234.8000030517578,196.8000030517578,224.0,172.1481475830078,3740
2002-07-03,225.1999969482422,237.60000610351562,198.8000030517578,224.0,172.1481475830078,4030
2002-07-05,224.8000030517578,232.0,224.39999389648438,231.1999969482422,177.6814727783203,830
2002-07-08,231.1999969482422,233.60000610351562,221.60000610351562,226.8000030517578,174.3000030517578,1823
2002-07-09,207.60000610351562,208.0,164.0,186.39999389648438,143.25184631347656,4588
2002-07-10,188.0,192.0,154.0,163.60000610351562,125.72962951660156,3578
2002-07-11,163.60000610351562,163.60000610351562,144.0,159.1999969482422,122.34814453125,6638
2002-07-12,163.60000610351562,167.60000610351562,148.0,157.1999969482422,120.81110382080078,3068
2002-07-15,157.60000610351562,168.0,145.60000610351562,168.0,129.11111450195312,7955
2002-07-16,166.0,174.0,156.0,161.60000610351562,124.19259643554688,4308
2002-07-17,168.8000030517578,173.1999969482422,162.39999389648438,166.39999389648438,127.88147735595703,2753
2002-07-18,164.8000030517578,171.60000610351562,158.0,159.60000610351562,122.65555572509766,1895
2002-07-19,161.60000610351562,161.60000610351562,152.0,155.1999969482422,119.2740707397461,2403
2002-07-22,155.60000610351562,158.8000030517578,151.1999969482422,152.0,116.81481170654297,1938
2002-07-23,161.60000610351562,168.0,150.0,150.39999389648438,115.5851821899414,2255
2002-07-24,154.0,176.0,140.0,163.60000610351562,125.72962951660156,3775
2002-07-25,162.0,164.0,152.39999389648438,152.39999389648438,117.1222152709961,1250
2002-07-26,152.8000030517578,158.8000030517578,112.4000015258789,143.60000610351562,110.35926055908203,8575
2002-07-29,144.39999389648438,176.0,136.39999389648438,174.0,133.7222137451172,2660
2002-07-30,166.39999389648438,167.1999969482422,154.39999389648438,154.8000030517578,118.96666717529297,1838
2002-07-31,154.0,159.60000610351562,124.80000305175781,132.0,101.44444274902344,4085
2002-08-01,130.0,136.0,126.0,134.8000030517578,103.59629821777344,1850
2002-08-02,126.0,133.1999969482422,122.0,123.19999694824219,94.68148040771484,4838
2002-08-05,123.5999984741211,124.0,114.0,123.5999984741211,94.98888397216797,4508
2002-08-06,120.0,126.0,114.4000015258789,116.80000305175781,89.7629623413086,2785
2002-08-07,120.0,124.80000305175781,107.19999694824219,116.0,89.14814758300781,6143
2002-08-08,116.0,124.0,108.0,120.0,92.22222137451172,2310
2002-08-09,118.0,122.80000305175781,115.19999694824219,121.19999694824219,93.14443969726562,2005
2002-08-12,122.0,125.5999984741211,115.19999694824219,124.0,95.29629516601562,1433
2002-08-13,123.5999984741211,134.0,118.80000305175781,121.19999694824219,93.14443969726562,1290
2002-08-14,124.80000305175781,137.60000610351562,120.80000305175781,130.8000030517578,100.52222442626953,1273
2002-08-15,127.19999694824219,136.39999389648438,121.19999694824219,126.4000015258789,97.14073944091797,1358
2002-08-16,121.19999694824219,140.0,121.19999694824219,137.1999969482422,105.44073486328125,2170
2002-08-19,137.60000610351562,138.0,132.8000030517578,135.1999969482422,103.90370178222656,1175
2002-08-20,135.60000610351562,136.0,124.0,129.1999969482422,99.29258728027344,830
2002-08-21,130.0,136.0,125.19999694824219,127.19999694824219,97.75555419921875,1958
2002-08-22,126.4000015258789,140.39999389648438,126.4000015258789,135.60000610351562,104.21111297607422,7630
2002-08-23,136.0,136.0,130.8000030517578,132.39999389648438,101.75184631347656,1570
2002-08-26,134.0,136.8000030517578,129.1999969482422,136.39999389648438,104.82592010498047,1528
2002-08-27,136.39999389648438,137.1999969482422,121.19999694824219,124.80000305175781,95.9111099243164,3260
2002-08-28,124.80000305175781,128.39999389648438,102.0,112.4000015258789,86.38148498535156,890
2002-08-29,112.80000305175781,124.4000015258789,110.80000305175781,117.5999984741211,90.37777709960938,3690
2002-08-30,117.19999694824219,120.0,112.80000305175781,116.0,89.14814758300781,3270
2002-09-03,113.5999984741211,120.0,113.5999984741211,120.0,92.22222137451172,4188
2002-09-04,120.0,124.0,114.80000305175781,122.0,93.7592544555664,4215
2002-09-05,122.0,128.0,112.80000305175781,124.80000305175781,95.9111099243164,3338
2002-09-06,126.0,134.39999389648438,122.80000305175781,133.1999969482422,102.36666107177734,2820
2002-09-09,132.8000030517578,132.8000030517578,121.5999984741211,128.0,98.37036895751953,2520
2002-09-10,122.4000015258789,130.39999389648438,118.4000015258789,126.0,96.83332824707031,3178
2002-09-11,130.0,132.0,118.80000305175781,121.5999984741211,93.45185089111328,2525
2002-09-12,122.0,122.0,116.0,116.4000015258789,89.45555877685547,903
2002-09-13,116.80000305175781,119.19999694824219,113.5999984741211,115.5999984741211,88.84073638916016,1093
2002-09-16,118.80000305175781,119.5999984741211,110.0,114.0,87.6111068725586,4443
2002-09-17,116.4000015258789,117.19999694824219,94.4000015258789,94.4000015258789,72.54814910888672,6175
2002-09-18,96.4000015258789,96.4000015258789,86.80000305175781,89.19999694824219,68.55184936523438,13295
2002-09-19,88.4000015258789,88.4000015258789,79.19999694824219,79.19999694824219,60.86666488647461,1565
2002-09-20,80.0,89.5999984741211,79.5999984741211,80.4000015258789,61.78889083862305,3988
2002-09-23,75.19999694824219,80.0,71.19999694824219,75.19999694824219,57.7925910949707,1763
2002-09-24,80.4000015258789,93.19999694824219,74.4000015258789,76.4000015258789,58.71481704711914,5663
2002-09-25,80.0,82.80000305175781,77.19999694824219,78.0,59.94444274902344,3013
2002-09-26,81.19999694824219,81.5999984741211,72.0,75.19999694824219,57.7925910949707,3455
2002-09-27,76.80000305175781,80.0,68.0,70.0,53.796295166015625,3653
2002-09-30,70.0,74.0,56.79999923706055,60.79999923706055,46.72592544555664,3990
2002-10-01,63.20000076293945,63.20000076293945,49.20000076293945,53.599998474121094,41.19259262084961,10738
2002-10-02,52.0,52.0,44.79999923706055,46.0,35.35185241699219,2155
2002-10-03,45.599998474121094,48.0,43.20000076293945,46.79999923706055,35.96666717529297,6023
2002-10-04,48.79999923706055,49.20000076293945,44.400001525878906,44.79999923706055,34.429630279541016,1078
2002-10-07,44.400001525878906,51.20000076293945,42.0,45.20000076293945,34.737037658691406,7618
2002-10-08,53.20000076293945,53.599998474121094,44.79999923706055,46.400001525878906,35.65925979614258,16168
2002-10-09,49.599998474121094,50.0,44.79999923706055,45.20000076293945,34.737037658691406,1355
2002-10-10,44.79999923706055,47.20000076293945,44.79999923706055,46.79999923706055,35.96666717529297,875
2002-10-11,47.20000076293945,50.79999923706055,44.0,46.79999923706055,35.96666717529297,4233
2002-10-14,47.20000076293945,50.0,44.0,46.400001525878906,35.65925979614258,5575
2002-10-15,50.400001525878906,56.0,47.599998474121094,53.599998474121094,41.19259262084961,39670
2002-10-16,52.0,55.599998474121094,39.20000076293945,40.79999923706055,31.355554580688477,2878
2002-10-17,49.599998474121094,50.79999923706055,44.0,50.0,38.425926208496094,12813
2002-10-18,51.20000076293945,52.79999923706055,48.0,51.20000076293945,39.348148345947266,790
2002-10-21,52.0,52.400001525878906,49.20000076293945,50.79999923706055,39.040740966796875,760
2002-10-22,50.0,56.79999923706055,49.20000076293945,56.79999923706055,43.651851654052734,1593
2002-10-23,56.79999923706055,68.4000015258789,55.599998474121094,66.80000305175781,51.337039947509766,1440
2002-10-24,66.80000305175781,100.80000305175781,66.4000015258789,76.4000015258789,58.71481704711914,6238
2002-10-25,78.0,82.4000015258789,71.19999694824219,72.80000305175781,55.948150634765625,1248
2002-10-28,75.19999694824219,80.0,67.5999984741211,67.5999984741211,51.95185089111328,1438
2002-10-29,67.5999984741211,70.4000015258789,64.0,66.0,50.72222137451172,1033
2002-10-30,67.5999984741211,71.5999984741211,64.80000305175781,70.80000305175781,54.41111373901367,2923
2002-10-31,73.5999984741211,82.0,73.19999694824219,79.5999984741211,61.174072265625,2018
2002-11-01,79.19999694824219,80.80000305175781,71.19999694824219,76.80000305175781,59.02222442626953,1063
2002-11-04,73.19999694824219,86.4000015258789,69.5999984741211,71.5999984741211,55.02592468261719,17605
2002-11-05,74.80000305175781,80.80000305175781,68.4000015258789,73.5999984741211,56.56296157836914,2890
2002-11-06,78.0,78.0,70.0,73.5999984741211,56.56296157836914,2280
2002-11-07,73.19999694824219,74.4000015258789,66.80000305175781,68.0,52.25925827026367,1178
2002-11-08,68.0,70.80000305175781,54.79999923706055,64.0,49.185184478759766,5860
2002-11-11,60.79999923706055,64.0,60.0,60.0,46.11111068725586,1025
2002-11-12,60.400001525878906,70.0,60.0,69.5999984741211,53.488887786865234,1003
2002-11-13,68.0,74.0,66.4000015258789,70.4000015258789,54.103702545166016,1328
2002-11-14,74.4000015258789,90.4000015258789,72.0,90.4000015258789,69.47407531738281,12078
2002-11-15,91.19999694824219,98.0,84.0,95.5999984741211,73.47036743164062,2008
2002-11-18,94.80000305175781,98.4000015258789,90.4000015258789,96.0,73.77777862548828,715
2002-11-19,90.4000015258789,94.0,84.0,85.19999694824219,65.47777557373047,1600
2002-11-20,86.4000015258789,124.0,86.4000015258789,124.0,95.29629516601562,3838
2002-11-21,124.0,135.1999969482422,118.0,120.80000305175781,92.8370361328125,4148
2002-11-22,122.0,123.5999984741211,115.5999984741211,118.0,90.6851806640625,3053
2002-11-25,112.80000305175781,122.0,110.0,119.19999694824219,91.60740661621094,2198
2002-11-26,120.0,120.80000305175781,108.80000305175781,116.0,89.14814758300781,1043
2002-11-27,116.0,133.60000610351562,114.0,126.0,96.83332824707031,16960
2002-11-29,128.0,128.0,118.0,128.0,98.37036895751953,2215
2002-12-02,127.5999984741211,128.0,122.0,128.0,98.37036895751953,10953
2002-12-03,120.0,128.0,120.0,122.80000305175781,94.37407684326172,5348
2002-12-04,122.80000305175781,128.0,114.4000015258789,118.0,90.6851806640625,3720
2002-12-05,114.80000305175781,117.5999984741211,110.0,112.0,86.0740737915039,1173
2002-12-06,112.4000015258789,120.0,104.0,116.80000305175781,89.7629623413086,1223
2002-12-09,116.0,116.0,114.0,114.0,87.6111068725586,940
2002-12-10,102.80000305175781,117.19999694824219,102.4000015258789,116.4000015258789,89.45555877685547,1063
2002-12-11,112.0,119.19999694824219,108.80000305175781,118.80000305175781,91.30000305175781,830
2002-12-12,119.5999984741211,120.80000305175781,109.19999694824219,110.4000015258789,84.84444427490234,753
2002-12-13,110.0,112.4000015258789,105.5999984741211,106.0,81.46295928955078,818
2002-12-16,107.5999984741211,111.19999694824219,106.0,109.19999694824219,83.9222183227539,1065
2002-12-17,105.5999984741211,111.19999694824219,104.80000305175781,110.0,84.53703308105469,583
2002-12-18,111.5999984741211,118.80000305175781,104.0,104.0,79.9259262084961,1148
2002-12-19,104.80000305175781,104.80000305175781,92.0,103.5999984741211,79.61851501464844,1058
2002-12-20,101.5999984741211,112.0,92.80000305175781,96.0,73.77777862548828,3070
2002-12-23,94.4000015258789,95.5999984741211,87.19999694824219,87.5999984741211,67.32221984863281,3278
2002-12-24,92.0,92.0,84.0,84.4000015258789,64.86296081542969,288
2002-12-26,84.4000015258789,86.0,74.4000015258789,76.0,58.407405853271484,2268
2002-12-27,77.5999984741211,80.0,69.19999694824219,75.5999984741211,58.099998474121094,4785
2002-12-30,75.5999984741211,80.0,71.5999984741211,78.0,59.94444274902344,3353
2002-12-31,78.0,94.80000305175781,78.0,87.5999984741211,67.32221984863281,5035
2003-01-02,86.80000305175781,91.19999694824219,84.80000305175781,89.19999694824219,68.55184936523438,715
2003-01-03,87.19999694824219,97.5999984741211,87.19999694824219,92.0,70.70370483398438,1113
2003-01-06,92.80000305175781,94.80000305175781,83.19999694824219,83.19999694824219,63.940738677978516,1363
2003-01-07,86.4000015258789,87.19999694824219,83.19999694824219,85.19999694824219,65.47777557373047,1533
2003-01-08,80.80000305175781,87.19999694824219,80.0,83.19999694824219,63.940738677978516,1603
2003-01-09,82.4000015258789,86.80000305175781,81.5999984741211,85.19999694824219,65.47777557373047,940
2003-01-10,85.19999694824219,86.0,81.5999984741211,86.0,66.09259033203125,1530
2003-01-13,83.19999694824219,86.80000305175781,83.19999694824219,84.0,64.55555725097656,345
2003-01-14,84.0,88.0,84.0,86.4000015258789,66.4000015258789,460
2003-01-15,84.0,86.4000015258789,69.5999984741211,71.5999984741211,55.02592468261719,4208
2003-01-16,75.19999694824219,79.19999694824219,74.0,74.4000015258789,57.17777633666992,1255
2003-01-17,75.5999984741211,75.5999984741211,70.0,70.4000015258789,54.103702545166016,748
2003-01-21,71.5999984741211,76.4000015258789,70.0,71.5999984741211,55.02592468261719,1085
2003-01-22,75.19999694824219,76.0,70.0,74.80000305175781,57.48518753051758,965
2003-01-23,76.4000015258789,83.19999694824219,76.0,80.0,61.48147964477539,2015
2003-01-24,82.4000015258789,83.19999694824219,70.0,72.4000015258789,55.64073944091797,1850
2003-01-27,72.4000015258789,72.4000015258789,70.0,70.80000305175781,54.41111373901367,673
2003-01-28,70.4000015258789,78.0,70.0,75.19999694824219,57.7925910949707,910
2003-01-29,70.80000305175781,100.0,68.4000015258789,98.0,75.31481170654297,6810
2003-01-30,88.4000015258789,90.80000305175781,80.0,80.0,61.48147964477539,1018
2003-01-31,80.0,90.0,80.0,82.80000305175781,63.63333511352539,603
2003-02-03,84.4000015258789,86.80000305175781,83.5999984741211,84.4000015258789,64.86296081542969,498
2003-02-04,87.19999694824219,88.80000305175781,84.0,85.19999694824219,65.47777557373047,975
2003-02-05,83.19999694824219,90.80000305175781,82.80000305175781,82.80000305175781,63.63333511352539,1013
2003-02-06,82.0,84.80000305175781,81.5999984741211,84.0,64.55555725097656,908
2003-02-07,81.19999694824219,85.19999694824219,80.0,83.19999694824219,63.940738677978516,930
2003-02-10,82.0,83.5999984741211,78.80000305175781,82.4000015258789,63.325927734375,2548
2003-02-11,82.4000015258789,85.19999694824219,79.19999694824219,82.0,63.018516540527344,983
2003-02-12,82.0,83.5999984741211,80.0,80.4000015258789,61.78889083862305,1575
2003-02-13,80.80000305175781,89.5999984741211,80.0,89.19999694824219,68.55184936523438,940
2003-02-14,88.0,91.19999694824219,82.0,89.5999984741211,68.85926055908203,1378
2003-02-18,83.5999984741211,94.0,83.5999984741211,93.19999694824219,71.62592315673828,2155
2003-02-19,91.5999984741211,91.5999984741211,84.4000015258789,86.4000015258789,66.4000015258789,323
2003-02-20,85.19999694824219,85.5999984741211,82.80000305175781,84.0,64.55555725097656,365
2003-02-21,82.0,84.0,81.5999984741211,83.5999984741211,64.2481460571289,340
2003-02-24,82.80000305175781,84.4000015258789,82.0,83.5999984741211,64.2481460571289,263
2003-02-25,83.5999984741211,83.5999984741211,82.0,82.4000015258789,63.325927734375,333
2003-02-26,82.4000015258789,83.5999984741211,80.0,82.80000305175781,63.63333511352539,358
2003-02-27,85.19999694824219,87.5999984741211,81.19999694824219,83.5999984741211,64.2481460571289,630
2003-02-28,84.4000015258789,84.4000015258789,81.5999984741211,83.19999694824219,63.940738677978516,713
2003-03-03,84.80000305175781,84.80000305175781,81.19999694824219,82.4000015258789,63.325927734375,675
2003-03-04,81.19999694824219,82.4000015258789,81.19999694824219,81.5999984741211,62.71110916137695,603
2003-03-05,81.5999984741211,83.19999694824219,81.19999694824219,82.0,63.018516540527344,780
2003-03-06,80.80000305175781,83.5999984741211,80.0,83.5999984741211,64.2481460571289,533
2003-03-07,81.19999694824219,83.19999694824219,78.80000305175781,78.80000305175781,60.559261322021484,988
2003-03-10,78.0,78.80000305175781,71.5999984741211,74.4000015258789,57.17777633666992,1793
2003-03-11,72.0,72.80000305175781,69.19999694824219,69.19999694824219,53.18147659301758,720
2003-03-12,72.80000305175781,75.5999984741211,68.0,74.0,56.87036895751953,548
2003-03-13,69.5999984741211,80.0,68.4000015258789,72.4000015258789,55.64073944091797,1030
2003-03-14,72.0,83.19999694824219,72.0,79.19999694824219,60.86666488647461,738
2003-03-17,79.19999694824219,83.5999984741211,74.80000305175781,74.80000305175781,57.48518753051758,775
2003-03-18,76.4000015258789,83.19999694824219,76.0,81.19999694824219,62.40370178222656,353
2003-03-19,81.5999984741211,81.5999984741211,74.0,76.4000015258789,58.71481704711914,803
2003-03-20,73.5999984741211,83.5999984741211,72.0,82.0,63.018516540527344,1030
2003-03-21,88.0,88.4000015258789,76.0,77.19999694824219,59.329627990722656,1458
2003-03-24,76.0,81.19999694824219,70.0,74.4000015258789,57.17777633666992,1128
2003-03-25,74.4000015258789,80.0,74.4000015258789,74.80000305175781,57.48518753051758,370
2003-03-26,74.4000015258789,78.4000015258789,70.4000015258789,70.4000015258789,54.103702545166016,1335
2003-03-27,72.0,73.19999694824219,66.0,66.0,50.72222137451172,2443
2003-03-28,66.80000305175781,80.0,66.0,70.0,53.796295166015625,1735
2003-03-31,69.19999694824219,74.4000015258789,66.0,66.0,50.72222137451172,785
2003-04-01,66.4000015258789,70.4000015258789,66.4000015258789,70.0,53.796295166015625,1828
2003-04-02,70.4000015258789,76.80000305175781,68.0,76.80000305175781,59.02222442626953,4593
2003-04-03,76.80000305175781,79.19999694824219,72.4000015258789,78.80000305175781,60.559261322021484,1425
2003-04-04,78.0,81.19999694824219,78.0,80.4000015258789,61.78889083862305,2035
2003-04-07,82.80000305175781,110.0,82.4000015258789,104.0,79.9259262084961,5480
2003-04-08,104.80000305175781,112.0,103.19999694824219,105.5999984741211,81.15555572509766,4183
2003-04-09,105.5999984741211,108.80000305175781,86.4000015258789,86.80000305175781,66.70740509033203,2535
2003-04-10,86.80000305175781,90.0,86.4000015258789,88.0,67.62963104248047,1768
2003-04-11,90.0,104.0,86.0,87.19999694824219,67.01480865478516,4278
2003-04-14,87.19999694824219,88.0,84.0,84.0,64.55555725097656,1335
2003-04-15,84.0,85.19999694824219,77.19999694824219,80.0,61.48147964477539,5078
2003-04-16,80.0,80.4000015258789,74.80000305175781,78.4000015258789,60.251853942871094,1900
2003-04-17,85.5999984741211,87.19999694824219,77.19999694824219,80.0,61.48147964477539,1543
2003-04-21,79.5999984741211,79.5999984741211,76.4000015258789,76.4000015258789,58.71481704711914,1345
2003-04-22,76.4000015258789,80.0,76.0,78.0,59.94444274902344,1293
2003-04-23,78.80000305175781,78.80000305175781,72.0,76.0,58.407405853271484,3943
2003-04-24,76.0,77.19999694824219,72.80000305175781,74.0,56.87036895751953,3563
2003-04-25,75.19999694824219,75.19999694824219,72.0,74.0,56.87036895751953,2265
2003-04-28,74.80000305175781,76.4000015258789,72.0,72.4000015258789,55.64073944091797,1760
2003-04-29,72.0,74.80000305175781,71.5999984741211,72.0,55.33333206176758,2193
2003-04-30,71.5999984741211,72.0,70.4000015258789,72.0,55.33333206176758,1173
2003-05-01,72.0,73.5999984741211,70.0,72.80000305175781,55.948150634765625,2768
2003-05-02,74.0,82.4000015258789,73.19999694824219,78.0,59.94444274902344,4623
2003-05-05,80.0,87.5999984741211,78.0,87.19999694824219,67.01480865478516,5790
2003-05-06,87.5999984741211,89.19999694824219,82.80000305175781,84.0,64.55555725097656,3938
2003-05-07,84.0,91.5999984741211,82.80000305175781,88.4000015258789,67.9370346069336,3185
2003-05-08,88.0,88.4000015258789,74.0,79.19999694824219,60.86666488647461,5115
2003-05-09,79.19999694824219,82.80000305175781,76.0,82.4000015258789,63.325927734375,5685
2003-05-12,82.4000015258789,83.5999984741211,80.80000305175781,82.80000305175781,63.63333511352539,3500
2003-05-13,81.5999984741211,90.0,81.5999984741211,86.80000305175781,66.70740509033203,2375
2003-05-14,85.19999694824219,92.80000305175781,85.19999694824219,88.4000015258789,67.9370346069336,2013
2003-05-15,76.4000015258789,116.0,76.4000015258789,114.80000305175781,88.2259292602539,16385
2003-05-16,110.0,112.80000305175781,98.0,100.4000015258789,77.15925598144531,7093
2003-05-19,99.5999984741211,105.19999694824219,90.80000305175781,92.4000015258789,71.0111083984375,2853
2003-05-20,93.19999694824219,100.80000305175781,92.4000015258789,95.5999984741211,73.47036743164062,2265
2003-05-21,96.4000015258789,97.5999984741211,95.19999694824219,95.5999984741211,73.47036743164062,1195
2003-05-22,94.0,97.5999984741211,92.80000305175781,96.4000015258789,74.0851821899414,2568
2003-05-23,94.0,97.5999984741211,90.80000305175781,92.0,70.70370483398438,2650
2003-05-27,97.5999984741211,97.5999984741211,92.0,96.80000305175781,74.39259338378906,1380
2003-05-28,95.5999984741211,97.19999694824219,91.19999694824219,94.80000305175781,72.85556030273438,1210
2003-05-29,96.4000015258789,104.0,94.80000305175781,104.0,79.9259262084961,2445
2003-05-30,96.0,110.4000015258789,96.0,108.0,83.0,4865
2003-06-02,115.5999984741211,132.0,108.80000305175781,124.0,95.29629516601562,8123
2003-06-03,124.0,150.39999389648438,120.4000015258789,144.39999389648438,110.97406768798828,8470
2003-06-04,150.0,159.1999969482422,148.0,149.60000610351562,114.97037506103516,4618
2003-06-05,145.60000610351562,152.0,140.0,142.8000030517578,109.74444580078125,2598
2003-06-06,153.60000610351562,157.60000610351562,129.60000610351562,130.8000030517578,100.52222442626953,3305
2003-06-09,132.0,132.39999389648438,122.80000305175781,130.8000030517578,100.52222442626953,9528
2003-06-10,131.1999969482422,136.8000030517578,130.8000030517578,131.1999969482422,100.82962799072266,2210
2003-06-11,132.0,136.0,128.0,128.0,98.37036895751953,1315
2003-06-12,130.0,132.8000030517578,125.19999694824219,128.0,98.37036895751953,3020
2003-06-13,128.0,130.8000030517578,120.0,126.0,96.83332824707031,5358
2003-06-16,117.19999694824219,129.1999969482422,117.19999694824219,127.19999694824219,97.75555419921875,2338
2003-06-17,124.0,138.0,124.0,134.0,102.98148345947266,3470
2003-06-18,132.0,138.8000030517578,126.0,126.4000015258789,97.14073944091797,3923
2003-06-19,125.5999984741211,132.0,124.4000015258789,129.60000610351562,99.60000610351562,10655
2003-06-20,125.19999694824219,133.1999969482422,125.19999694824219,127.5999984741211,98.06295776367188,8073
2003-06-23,127.5999984741211,129.1999969482422,124.0,126.4000015258789,97.14073944091797,3470
2003-06-24,128.0,130.0,126.4000015258789,128.8000030517578,98.98518371582031,903
2003-06-25,129.60000610351562,138.0,128.8000030517578,136.0,104.51851654052734,5805
2003-06-26,136.8000030517578,138.8000030517578,130.39999389648438,130.8000030517578,100.52222442626953,1745
2003-06-27,130.0,139.60000610351562,130.0,131.1999969482422,100.82962799072266,1958
2003-06-30,130.39999389648438,136.8000030517578,123.19999694824219,133.1999969482422,102.36666107177734,19345
2003-07-01,131.1999969482422,133.60000610351562,129.60000610351562,131.1999969482422,100.82962799072266,1463
2003-07-02,131.1999969482422,135.1999969482422,129.1999969482422,131.1999969482422,100.82962799072266,1758
2003-07-03,132.0,139.1999969482422,129.1999969482422,137.1999969482422,105.44073486328125,3980
2003-07-07,136.0,146.39999389648438,133.60000610351562,144.0,110.66666412353516,4193
2003-07-08,144.8000030517578,146.39999389648438,140.39999389648438,143.1999969482422,110.05184936523438,4348
2003-07-09,140.8000030517578,154.8000030517578,140.8000030517578,148.39999389648438,114.04814147949219,2373
2003-07-10,146.0,151.1999969482422,144.8000030517578,150.39999389648438,115.5851821899414,1168
2003-07-11,146.0,151.1999969482422,145.60000610351562,146.39999389648438,112.5111083984375,1040
2003-07-14,146.39999389648438,156.0,146.0,147.1999969482422,113.12592315673828,1868
2003-07-15,150.0,151.1999969482422,140.0,144.39999389648438,110.97406768798828,1893
2003-07-16,148.39999389648438,150.0,140.0,141.1999969482422,108.51480865478516,1200
2003-07-17,140.39999389648438,140.39999389648438,130.0,130.0,99.90740966796875,1840
2003-07-18,136.0,136.0,131.1999969482422,131.1999969482422,100.82962799072266,593
2003-07-21,138.39999389648438,146.0,122.80000305175781,124.0,95.29629516601562,1828
2003-07-22,125.19999694824219,125.19999694824219,118.80000305175781,124.0,95.29629516601562,3315
2003-07-23,122.0,124.0,118.0,124.0,95.29629516601562,2048
2003-07-24,122.4000015258789,123.5999984741211,119.5999984741211,119.5999984741211,91.91481018066406,315
2003-07-25,120.4000015258789,122.4000015258789,118.0,120.4000015258789,92.52963256835938,1215
2003-07-28,120.4000015258789,132.0,119.5999984741211,127.5999984741211,98.06295776367188,1778
2003-07-29,127.5999984741211,132.0,118.80000305175781,132.0,101.44444274902344,1763
2003-07-30,121.5999984741211,128.0,119.5999984741211,120.0,92.22222137451172,3025
2003-07-31,120.0,124.4000015258789,118.80000305175781,118.80000305175781,91.30000305175781,1398
2003-08-01,120.4000015258789,129.60000610351562,119.19999694824219,124.0,95.29629516601562,5605
2003-08-04,120.4000015258789,123.5999984741211,116.80000305175781,122.80000305175781,94.37407684326172,975
2003-08-05,120.0,126.0,120.0,125.19999694824219,96.21851348876953,865
2003-08-06,122.4000015258789,124.80000305175781,120.80000305175781,123.5999984741211,94.98888397216797,2408
2003-08-07,123.5999984741211,128.0,121.5999984741211,124.0,95.29629516601562,1588
2003-08-08,124.4000015258789,124.4000015258789,116.80000305175781,116.80000305175781,89.7629623413086,890
2003-08-11,118.0,120.0,116.80000305175781,119.5999984741211,91.91481018066406,735
2003-08-12,120.0,120.0,117.5999984741211,118.0,90.6851806640625,2673
2003-08-13,120.0,121.19999694824219,118.80000305175781,119.19999694824219,91.60740661621094,570
2003-08-14,118.0,124.0,118.0,124.0,95.29629516601562,1638
2003-08-15,119.5999984741211,124.0,118.0,124.0,95.29629516601562,2438
2003-08-18,126.4000015258789,126.4000015258789,120.80000305175781,121.5999984741211,93.45185089111328,508
2003-08-19,123.19999694824219,123.19999694824219,120.0,120.0,92.22222137451172,473
2003-08-20,120.0,120.80000305175781,118.80000305175781,120.0,92.22222137451172,1565
2003-08-21,123.5999984741211,124.0,96.0,110.0,84.53703308105469,7610
2003-08-22,114.0,116.0,112.0,114.0,87.6111068725586,4928
2003-08-25,114.0,116.0,112.80000305175781,112.80000305175781,86.68888854980469,1373
2003-08-26,112.80000305175781,114.0,110.0,112.4000015258789,86.38148498535156,848
2003-08-27,114.0,114.0,110.80000305175781,112.80000305175781,86.68888854980469,895
2003-08-28,113.5999984741211,119.19999694824219,113.5999984741211,114.4000015258789,87.91851806640625,1263
2003-08-29,117.5999984741211,119.19999694824219,114.4000015258789,117.19999694824219,90.07036590576172,868
2003-09-02,114.4000015258789,118.80000305175781,114.4000015258789,118.4000015258789,90.99259185791016,513
2003-09-03,118.80000305175781,122.4000015258789,118.80000305175781,121.5999984741211,93.45185089111328,1880
2003-09-04,121.5999984741211,124.80000305175781,118.0,124.0,95.29629516601562,1208
2003-09-05,117.5999984741211,134.0,117.5999984741211,130.8000030517578,100.52222442626953,2985
2003-09-08,133.60000610351562,139.60000610351562,128.39999389648438,133.1999969482422,102.36666107177734,2140
2003-09-09,137.60000610351562,138.8000030517578,133.1999969482422,136.0,104.51851654052734,1913
2003-09-10,140.0,140.0,127.19999694824219,128.0,98.37036895751953,2405
2003-09-11,126.4000015258789,131.60000610351562,126.0,128.0,98.37036895751953,1005
2003-09-12,132.0,133.1999969482422,124.80000305175781,128.0,98.37036895751953,885
2003-09-15,126.0,128.0,124.0,126.80000305175781,97.44815063476562,1075
2003-09-16,126.80000305175781,126.80000305175781,122.0,126.0,96.83332824707031,725
2003-09-17,124.4000015258789,130.0,124.0,128.0,98.37036895751953,1943
2003-09-18,126.80000305175781,134.8000030517578,126.80000305175781,127.19999694824219,97.75555419921875,2170
2003-09-19,127.19999694824219,130.39999389648438,124.0,125.19999694824219,96.21851348876953,970
2003-09-22,126.0,127.5999984741211,122.0,122.4000015258789,94.06666564941406,1053
2003-09-23,120.80000305175781,125.5999984741211,118.4000015258789,120.80000305175781,92.8370361328125,1913
2003-09-24,120.80000305175781,122.80000305175781,120.4000015258789,120.4000015258789,92.52963256835938,955
2003-09-25,115.19999694824219,120.4000015258789,114.4000015258789,118.0,90.6851806640625,1268
2003-09-26,120.0,120.0,110.0,116.0,89.14814758300781,1605
2003-09-29,116.0,117.5999984741211,116.0,116.0,89.14814758300781,570
2003-09-30,116.0,117.5999984741211,110.4000015258789,117.5999984741211,90.37777709960938,633
2003-10-01,117.19999694824219,117.5999984741211,116.0,116.0,89.14814758300781,173
2003-10-02,116.0,116.4000015258789,110.0,116.0,89.14814758300781,515
2003-10-03,110.4000015258789,119.5999984741211,110.4000015258789,116.80000305175781,89.7629623413086,1893
2003-10-06,119.19999694824219,120.80000305175781,119.19999694824219,119.5999984741211,91.91481018066406,428
2003-10-07,120.0,122.4000015258789,120.0,120.0,92.22222137451172,1813
2003-10-08,120.0,122.4000015258789,120.0,120.80000305175781,92.8370361328125,878
2003-10-09,120.4000015258789,122.4000015258789,120.0,122.0,93.7592544555664,2035
2003-10-10,122.4000015258789,122.4000015258789,120.0,122.0,93.7592544555664,533
2003-10-13,119.19999694824219,122.4000015258789,119.19999694824219,120.80000305175781,92.8370361328125,1218
2003-10-14,120.80000305175781,125.19999694824219,120.0,124.80000305175781,95.9111099243164,3205
2003-10-15,126.0,127.5999984741211,124.4000015258789,124.4000015258789,95.60370635986328,2330
2003-10-16,122.80000305175781,134.39999389648438,117.5999984741211,133.1999969482422,102.36666107177734,3020
2003-10-17,127.19999694824219,142.0,126.80000305175781,140.0,107.59259033203125,2088
2003-10-20,138.0,152.0,136.0,149.60000610351562,114.97037506103516,2840
2003-10-21,152.0,152.0,144.8000030517578,145.1999969482422,111.58888244628906,2470
2003-10-22,144.8000030517578,148.0,142.0,146.8000030517578,112.81851959228516,2493
2003-10-23,146.0,146.0,136.0,138.39999389648438,106.36295318603516,855
2003-10-24,136.8000030517578,140.0,132.8000030517578,140.0,107.59259033203125,855
2003-10-27,144.0,150.0,138.0,150.0,115.27777862548828,1060
2003-10-28,140.0,171.1999969482422,140.0,169.1999969482422,130.0333251953125,14588
2003-10-29,178.0,203.60000610351562,169.1999969482422,190.0,146.0185089111328,10225
2003-10-30,195.1999969482422,200.0,180.39999389648438,186.0,142.94444274902344,3773
2003-10-31,184.0,191.1999969482422,175.60000610351562,186.39999389648438,143.25184631347656,3775
2003-11-03,180.0,216.0,179.1999969482422,205.60000610351562,158.00741577148438,10198
2003-11-04,187.60000610351562,196.8000030517578,161.1999969482422,173.1999969482422,133.10740661621094,18360
2003-11-05,162.8000030517578,176.0,151.60000610351562,159.1999969482422,122.34814453125,11963
2003-11-06,159.60000610351562,185.1999969482422,154.0,184.8000030517578,142.022216796875,12965
2003-11-07,188.0,188.0,168.8000030517578,172.8000030517578,132.8000030517578,5565
2003-11-10,170.0,197.60000610351562,168.8000030517578,196.8000030517578,151.24444580078125,10890
2003-11-11,200.0,220.0,196.0,217.60000610351562,167.22962951660156,16075
2003-11-12,217.60000610351562,226.0,192.39999389648438,200.0,153.70370483398438,14315
2003-11-13,205.1999969482422,210.8000030517578,195.60000610351562,198.8000030517578,152.78147888183594,4323
2003-11-14,200.0,204.0,182.39999389648438,192.39999389648438,147.8629608154297,4663
2003-11-17,188.8000030517578,208.0,180.39999389648438,200.39999389648438,154.0111083984375,3958
2003-11-18,200.0,208.0,200.0,203.60000610351562,156.47036743164062,2338
2003-11-19,192.39999389648438,208.39999389648438,183.60000610351562,208.39999389648438,160.1592559814453,3103
2003-11-20,200.0,220.39999389648438,195.1999969482422,208.8000030517578,160.46665954589844,7110
2003-11-21,207.1999969482422,220.39999389648438,200.0,220.0,169.07406616210938,4098
2003-11-24,224.0,226.0,203.1999969482422,212.39999389648438,163.2333221435547,3965
2003-11-25,208.39999389648438,216.39999389648438,202.39999389648438,206.8000030517578,158.92962646484375,1305
2003-11-26,207.60000610351562,211.1999969482422,204.0,206.39999389648438,158.62220764160156,965
2003-11-28,204.0,205.1999969482422,200.39999389648438,204.0,156.77777099609375,803
2003-12-01,200.0,204.39999389648438,195.60000610351562,202.0,155.24073791503906,4880
2003-12-02,203.60000610351562,222.8000030517578,200.8000030517578,220.8000030517578,169.6888885498047,11748
2003-12-03,219.60000610351562,245.1999969482422,213.60000610351562,236.8000030517578,181.9851837158203,15520
2003-12-04,226.0,237.60000610351562,215.1999969482422,233.60000610351562,179.5259246826172,11505
2003-12-05,232.0,232.0,220.0,223.1999969482422,171.5333251953125,1178
2003-12-08,222.0,222.0,212.8000030517578,219.1999969482422,168.45925903320312,1735
2003-12-09,212.0,223.1999969482422,210.0,218.8000030517578,168.15185546875,1568
2003-12-10,216.8000030517578,220.8000030517578,208.0,216.39999389648438,166.30740356445312,1865
2003-12-11,213.1999969482422,213.1999969482422,204.0,210.0,161.38888549804688,2403
2003-12-12,201.1999969482422,210.0,191.60000610351562,206.0,158.3148193359375,2848
2003-12-15,214.39999389648438,214.39999389648438,197.60000610351562,199.60000610351562,153.39630126953125,1413
2003-12-16,200.0,208.8000030517578,187.60000610351562,198.0,152.1666717529297,2103
2003-12-17,196.0,206.0,190.0,204.39999389648438,157.08517456054688,1475
2003-12-18,192.0,205.60000610351562,189.1999969482422,202.39999389648438,155.5481414794922,1425
2003-12-19,200.0,204.0,192.0,199.60000610351562,153.39630126953125,2255
2003-12-22,194.0,208.39999389648438,192.0,204.39999389648438,157.08517456054688,1908
2003-12-23,204.0,208.0,200.39999389648438,204.39999389648438,157.08517456054688,1995
2003-12-24,208.0,214.8000030517578,206.0,214.8000030517578,165.07777404785156,1640
2003-12-26,211.60000610351562,217.60000610351562,208.8000030517578,212.39999389648438,163.2333221435547,1258
2003-12-29,204.39999389648438,212.39999389648438,200.0,203.1999969482422,156.1629638671875,2555
2003-12-30,203.60000610351562,209.1999969482422,197.60000610351562,198.39999389648438,152.47406005859375,2793
2003-12-31,196.8000030517578,197.1999969482422,181.1999969482422,188.39999389648438,144.78887939453125,5760
2004-01-02,187.60000610351562,189.60000610351562,181.1999969482422,182.0,139.870361328125,2118
2004-01-05,184.0,200.0,184.0,194.0,149.09259033203125,2895
2004-01-06,195.1999969482422,207.1999969482422,191.1999969482422,202.39999389648438,155.5481414794922,2423
2004-01-07,202.39999389648438,208.0,198.39999389648438,198.8000030517578,152.78147888183594,3018
2004-01-08,204.8000030517578,208.0,195.1999969482422,206.39999389648438,158.62220764160156,5073
2004-01-09,195.1999969482422,240.0,195.1999969482422,238.0,182.90740966796875,15495
2004-01-12,238.39999389648438,276.0,238.0,268.0,205.9629669189453,17825
2004-01-13,264.0,272.3999938964844,256.0,266.0,204.42591857910156,7390
2004-01-14,266.0,272.79998779296875,249.1999969482422,264.0,202.88888549804688,4925
2004-01-15,260.0,264.0,253.60000610351562,253.60000610351562,194.89630126953125,3658
2004-01-16,254.0,317.20001220703125,254.0,294.79998779296875,226.5592498779297,14890
2004-01-20,308.0,309.20001220703125,290.0,304.0,233.62962341308594,11293
2004-01-21,304.0,304.0,273.20001220703125,287.20001220703125,220.71852111816406,12838
2004-01-22,295.20001220703125,299.20001220703125,280.0,285.20001220703125,219.18148803710938,4443
2004-01-23,272.79998779296875,289.6000061035156,272.3999938964844,288.0,221.3333282470703,3830
2004-01-26,292.3999938964844,293.20001220703125,285.20001220703125,287.20001220703125,220.71852111816406,3343
2004-01-27,284.0,288.0,261.20001220703125,272.0,209.0370330810547,4283
2004-01-28,275.20001220703125,280.0,268.79998779296875,272.3999938964844,209.3444366455078,1295
2004-01-29,271.20001220703125,285.6000061035156,267.20001220703125,282.3999938964844,217.0296173095703,3548
2004-01-30,280.0,295.6000061035156,258.79998779296875,272.0,209.0370330810547,5853
2004-02-02,272.0,280.3999938964844,266.0,272.79998779296875,209.65184020996094,2263
2004-02-03,270.3999938964844,283.20001220703125,267.20001220703125,278.0,213.6481475830078,4133
2004-02-04,264.79998779296875,272.3999938964844,254.8000030517578,255.1999969482422,196.12591552734375,4155
2004-02-05,254.0,274.0,252.8000030517578,270.3999938964844,207.80740356445312,6018
2004-02-06,267.6000061035156,275.6000061035156,267.20001220703125,270.3999938964844,207.80740356445312,3318
2004-02-09,270.0,282.79998779296875,261.6000061035156,269.6000061035156,207.19259643554688,2825
2004-02-10,266.0,277.6000061035156,260.79998779296875,272.0,209.0370330810547,1435
2004-02-11,266.3999938964844,280.0,266.0,269.20001220703125,206.88519287109375,4273
2004-02-12,273.20001220703125,280.0,264.3999938964844,264.3999938964844,203.1962890625,2053
2004-02-13,269.6000061035156,269.6000061035156,253.60000610351562,254.8000030517578,195.81851196289062,2130
2004-02-17,254.0,264.0,248.8000030517578,253.60000610351562,194.89630126953125,1975
2004-02-18,257.6000061035156,260.0,252.8000030517578,259.6000061035156,199.50741577148438,2693
2004-02-19,261.6000061035156,263.20001220703125,250.0,250.0,192.12962341308594,3295
2004-02-20,245.1999969482422,246.0,225.1999969482422,228.0,175.2222137451172,6265
2004-02-23,244.0,244.0,198.0,198.8000030517578,152.78147888183594,9518
2004-02-24,200.8000030517578,212.39999389648438,190.8000030517578,204.0,156.77777099609375,5663
2004-02-25,202.0,213.60000610351562,202.0,206.8000030517578,158.92962646484375,3198
2004-02-26,211.60000610351562,212.0,203.1999969482422,206.0,158.3148193359375,2670
2004-02-27,205.60000610351562,208.0,203.1999969482422,206.8000030517578,158.92962646484375,1508
2004-03-01,209.60000610351562,217.1999969482422,201.60000610351562,216.0,166.0,3240
2004-03-02,211.60000610351562,220.8000030517578,211.60000610351562,219.1999969482422,168.45925903320312,2305
2004-03-03,221.60000610351562,221.60000610351562,218.8000030517578,220.39999389648438,169.3814697265625,1088
2004-03-04,216.8000030517578,220.8000030517578,216.8000030517578,218.39999389648438,167.8444366455078,1658
2004-03-05,214.8000030517578,217.60000610351562,206.8000030517578,210.39999389648438,161.6962890625,1448
2004-03-08,210.39999389648438,210.39999389648438,204.8000030517578,205.1999969482422,157.6999969482422,3080
2004-03-09,212.39999389648438,212.39999389648438,186.39999389648438,187.60000610351562,144.174072265625,4138
2004-03-10,188.0,191.1999969482422,168.8000030517578,172.39999389648438,132.49258422851562,6200
2004-03-11,181.1999969482422,188.39999389648438,174.39999389648438,174.39999389648438,134.0296173095703,4108
2004-03-12,178.39999389648438,184.0,172.0,182.0,139.870361328125,2210
2004-03-15,182.0,184.39999389648438,174.39999389648438,178.0,136.79629516601562,1958
2004-03-16,182.0,184.0,174.0,178.39999389648438,137.10369873046875,1110
2004-03-17,178.0,179.60000610351562,170.39999389648438,172.0,132.1851806640625,2360
2004-03-18,171.60000610351562,172.0,168.8000030517578,169.1999969482422,130.0333251953125,1133
2004-03-19,169.60000610351562,169.60000610351562,166.0,166.0,127.5740737915039,900
2004-03-22,165.1999969482422,168.0,138.0,138.0,106.05555725097656,8880
2004-03-23,152.8000030517578,153.60000610351562,126.80000305175781,128.0,98.37036895751953,12040
2004-03-24,130.0,135.60000610351562,120.4000015258789,120.80000305175781,92.8370361328125,12378
2004-03-25,126.0,148.0,122.80000305175781,134.0,102.98148345947266,22198
2004-03-26,128.8000030517578,149.60000610351562,126.80000305175781,141.1999969482422,108.51480865478516,11220
2004-03-29,152.0,172.0,145.1999969482422,169.1999969482422,130.0333251953125,13688
2004-03-30,166.39999389648438,176.39999389648438,166.39999389648438,168.39999389648438,129.41851806640625,5480
2004-03-31,168.39999389648438,172.0,160.8000030517578,162.8000030517578,125.11481475830078,3155
2004-04-01,166.8000030517578,187.1999969482422,162.39999389648438,186.0,142.94444274902344,13973
2004-04-02,200.39999389648438,200.8000030517578,188.39999389648438,194.0,149.09259033203125,14860
2004-04-05,206.0,206.0,194.39999389648438,206.0,158.3148193359375,6595
2004-04-06,196.0,203.1999969482422,188.8000030517578,196.0,150.62962341308594,7728
2004-04-07,196.8000030517578,196.8000030517578,188.8000030517578,190.8000030517578,146.63333129882812,5550
2004-04-08,187.60000610351562,199.60000610351562,187.60000610351562,190.39999389648438,146.32591247558594,2843
2004-04-12,194.39999389648438,199.60000610351562,185.1999969482422,187.60000610351562,144.174072265625,3168
2004-04-13,188.39999389648438,196.0,180.0,182.39999389648438,140.17776489257812,1915
2004-04-14,179.60000610351562,190.39999389648438,171.60000610351562,176.0,135.25926208496094,3860
2004-04-15,179.60000610351562,180.8000030517578,162.0,165.1999969482422,126.9592514038086,5483
2004-04-16,161.1999969482422,168.39999389648438,150.8000030517578,157.60000610351562,121.11852264404297,4418
2004-04-19,156.39999389648438,158.0,147.60000610351562,148.8000030517578,114.35555267333984,3930
2004-04-20,143.60000610351562,148.39999389648438,136.8000030517578,137.1999969482422,105.44073486328125,6625
2004-04-21,137.1999969482422,141.60000610351562,130.8000030517578,131.1999969482422,100.82962799072266,6648
2004-04-22,130.8000030517578,146.0,130.8000030517578,137.60000610351562,105.74815368652344,6895
2004-04-23,143.60000610351562,148.0,135.60000610351562,148.0,113.74073791503906,5645
2004-04-26,148.39999389648438,158.0,134.8000030517578,135.60000610351562,104.21111297607422,7625
2004-04-27,142.39999389648438,142.39999389648438,121.19999694824219,121.19999694824219,93.14443969726562,34863
2004-04-28,125.5999984741211,129.1999969482422,122.0,123.19999694824219,94.68148040771484,9135
2004-04-29,125.5999984741211,127.5999984741211,111.5999984741211,117.5999984741211,90.37777709960938,8345
2004-04-30,113.19999694824219,121.5999984741211,111.19999694824219,119.19999694824219,91.60740661621094,4958
2004-05-03,118.80000305175781,119.5999984741211,98.4000015258789,103.5999984741211,79.61851501464844,9750
2004-05-04,104.80000305175781,110.80000305175781,102.80000305175781,109.5999984741211,84.22962951660156,4060
2004-05-05,111.19999694824219,117.19999694824219,108.80000305175781,109.5999984741211,84.22962951660156,4075
2004-05-06,117.5999984741211,128.8000030517578,114.0,122.80000305175781,94.37407684326172,15405
2004-05-07,125.19999694824219,128.0,118.80000305175781,118.80000305175781,91.30000305175781,5523
2004-05-10,122.0,122.0,106.0,108.4000015258789,83.30741119384766,2925
2004-05-11,110.4000015258789,118.80000305175781,107.19999694824219,118.0,90.6851806640625,2400
2004-05-12,118.80000305175781,119.5999984741211,106.0,117.19999694824219,90.07036590576172,2868
2004-05-13,112.0,116.80000305175781,110.0,114.4000015258789,87.91851806640625,3540
2004-05-14,116.0,117.5999984741211,110.4000015258789,110.80000305175781,85.15185546875,1595
2004-05-17,106.80000305175781,112.0,106.0,107.5999984741211,82.69258880615234,1678
2004-05-18,108.80000305175781,112.0,102.4000015258789,105.19999694824219,80.84814453125,2293
2004-05-19,110.0,123.5999984741211,108.80000305175781,117.19999694824219,90.07036590576172,6338
2004-05-20,115.5999984741211,121.5999984741211,115.19999694824219,115.19999694824219,88.53333282470703,2083
2004-05-21,120.0,126.80000305175781,116.0,122.0,93.7592544555664,2223
2004-05-24,124.80000305175781,128.0,120.0,123.19999694824219,94.68148040771484,1520
2004-05-25,125.19999694824219,130.39999389648438,122.4000015258789,126.0,96.83332824707031,2235
2004-05-26,127.19999694824219,134.0,122.80000305175781,126.0,96.83332824707031,2953
2004-05-27,124.0,128.0,115.19999694824219,120.0,92.22222137451172,2910
2004-05-28,118.0,123.5999984741211,116.0,118.4000015258789,90.99259185791016,1495
2004-06-01,117.19999694824219,120.0,114.0,116.4000015258789,89.45555877685547,1440
2004-06-02,119.5999984741211,121.5999984741211,114.80000305175781,118.0,90.6851806640625,2638
2004-06-03,116.80000305175781,118.4000015258789,114.0,116.4000015258789,89.45555877685547,1233
2004-06-04,118.0,120.80000305175781,114.0,114.80000305175781,88.2259292602539,1533
2004-06-07,114.4000015258789,120.0,114.4000015258789,116.4000015258789,89.45555877685547,1045
2004-06-08,116.4000015258789,116.80000305175781,114.0,114.4000015258789,87.91851806640625,2223
2004-06-09,114.0,117.19999694824219,110.4000015258789,113.5999984741211,87.30370330810547,1935
2004-06-10,118.0,118.0,111.5999984741211,112.4000015258789,86.38148498535156,1548
2004-06-14,112.0,113.19999694824219,105.19999694824219,105.5999984741211,81.15555572509766,2190
2004-06-15,110.80000305175781,118.80000305175781,110.4000015258789,115.5999984741211,88.84073638916016,3455
2004-06-16,116.80000305175781,126.80000305175781,116.4000015258789,124.4000015258789,95.60370635986328,2985
2004-06-17,125.5999984741211,127.5999984741211,120.80000305175781,120.80000305175781,92.8370361328125,2755
2004-06-18,120.4000015258789,124.80000305175781,120.4000015258789,122.0,93.7592544555664,2125
2004-06-21,120.80000305175781,124.4000015258789,120.0,121.19999694824219,93.14443969726562,743
2004-06-22,124.0,124.0,114.0,117.19999694824219,90.07036590576172,1695
2004-06-23,114.0,127.19999694824219,114.0,123.5999984741211,94.98888397216797,2443
2004-06-24,122.80000305175781,126.80000305175781,120.0,122.80000305175781,94.37407684326172,1840
2004-06-25,124.4000015258789,126.80000305175781,117.5999984741211,118.4000015258789,90.99259185791016,1795
2004-06-28,117.5999984741211,127.5999984741211,116.4000015258789,127.5999984741211,98.06295776367188,968
2004-06-29,127.5999984741211,132.0,123.19999694824219,129.60000610351562,99.60000610351562,2745
2004-06-30,130.8000030517578,132.0,124.80000305175781,130.39999389648438,100.21480560302734,1693
2004-07-01,142.0,147.1999969482422,130.8000030517578,139.1999969482422,106.97777557373047,17280
2004-07-02,139.60000610351562,151.60000610351562,135.60000610351562,148.39999389648438,114.04814147949219,9298
2004-07-06,144.8000030517578,152.0,140.8000030517578,146.8000030517578,112.81851959228516,6940
2004-07-07,149.60000610351562,155.60000610351562,142.39999389648438,143.1999969482422,110.05184936523438,1998
2004-07-08,142.0,144.39999389648438,127.5999984741211,127.5999984741211,98.06295776367188,3410
2004-07-09,126.80000305175781,132.8000030517578,126.0,131.1999969482422,100.82962799072266,1418
2004-07-12,129.1999969482422,130.0,122.0,124.0,95.29629516601562,1155
2004-07-13,124.0,126.80000305175781,122.0,123.5999984741211,94.98888397216797,1203
2004-07-14,116.80000305175781,124.4000015258789,116.4000015258789,117.5999984741211,90.37777709960938,2648
2004-07-15,116.4000015258789,123.19999694824219,116.4000015258789,119.19999694824219,91.60740661621094,1110
2004-07-16,118.80000305175781,120.0,113.19999694824219,116.0,89.14814758300781,1660
2004-07-19,110.80000305175781,119.5999984741211,110.80000305175781,112.0,86.0740737915039,2098
2004-07-20,110.80000305175781,116.0,110.4000015258789,112.0,86.0740737915039,1510
2004-07-21,114.0,118.0,112.80000305175781,115.19999694824219,88.53333282470703,740
2004-07-22,116.0,117.5999984741211,112.4000015258789,117.5999984741211,90.37777709960938,305
2004-07-23,120.4000015258789,120.4000015258789,110.4000015258789,110.4000015258789,84.84444427490234,918
2004-07-26,116.0,116.0,110.0,112.0,86.0740737915039,1260
2004-07-27,113.19999694824219,114.0,110.4000015258789,112.0,86.0740737915039,575
2004-07-28,112.4000015258789,112.4000015258789,104.4000015258789,105.19999694824219,80.84814453125,1520
2004-07-29,100.0,113.19999694824219,100.0,107.5999984741211,82.69258880615234,1625
2004-07-30,106.4000015258789,114.4000015258789,106.4000015258789,113.19999694824219,86.99629211425781,1375
2004-08-02,105.5999984741211,114.0,104.4000015258789,107.5999984741211,82.69258880615234,7993
2004-08-03,106.0,109.19999694824219,102.4000015258789,103.5999984741211,79.61851501464844,2448
2004-08-04,107.5999984741211,107.5999984741211,97.19999694824219,97.5999984741211,75.00740814208984,3070
2004-08-05,102.4000015258789,106.0,96.0,96.0,73.77777862548828,2398
2004-08-06,96.0,97.19999694824219,94.80000305175781,96.0,73.77777862548828,1448
2004-08-09,96.0,100.0,96.0,98.4000015258789,75.62222290039062,823
2004-08-10,97.5999984741211,99.19999694824219,96.80000305175781,97.19999694824219,74.69999694824219,763
2004-08-11,95.5999984741211,96.80000305175781,94.80000305175781,95.5999984741211,73.47036743164062,1888
2004-08-12,94.0,95.19999694824219,92.80000305175781,93.19999694824219,71.62592315673828,1368
2004-08-13,92.80000305175781,94.0,90.4000015258789,90.80000305175781,69.78148651123047,2570
2004-08-16,89.5999984741211,95.5999984741211,89.5999984741211,93.5999984741211,71.93333435058594,2175
2004-08-17,95.19999694824219,99.19999694824219,93.19999694824219,96.80000305175781,74.39259338378906,4135
2004-08-18,92.80000305175781,101.19999694824219,92.80000305175781,96.4000015258789,74.0851821899414,610
2004-08-19,95.5999984741211,100.0,92.80000305175781,97.5999984741211,75.00740814208984,743
2004-08-20,93.5999984741211,98.80000305175781,93.5999984741211,94.80000305175781,72.85556030273438,1060
2004-08-23,98.80000305175781,98.80000305175781,90.0,94.4000015258789,72.54814910888672,1788
2004-08-24,95.19999694824219,96.80000305175781,95.19999694824219,95.5999984741211,73.47036743164062,1395
2004-08-25,95.19999694824219,96.80000305175781,95.19999694824219,95.5999984741211,73.47036743164062,1720
2004-08-26,94.0,96.80000305175781,94.0,94.80000305175781,72.85556030273438,433
2004-08-27,95.19999694824219,96.4000015258789,94.0,94.4000015258789,72.54814910888672,1615
2004-08-30,93.19999694824219,94.4000015258789,92.4000015258789,92.4000015258789,71.0111083984375,1145
2004-08-31,91.19999694824219,93.5999984741211,91.19999694824219,93.19999694824219,71.62592315673828,500
2004-09-01,92.4000015258789,94.4000015258789,91.5999984741211,91.5999984741211,70.39629364013672,4345
2004-09-02,92.0,93.19999694824219,88.4000015258789,88.4000015258789,67.9370346069336,5693
2004-09-03,88.0,92.4000015258789,88.0,90.4000015258789,69.47407531738281,2373
2004-09-07,94.80000305175781,94.80000305175781,88.0,92.0,70.70370483398438,1588
2004-09-08,89.5999984741211,96.0,89.19999694824219,90.0,69.16666412353516,883
2004-09-09,90.4000015258789,95.19999694824219,90.0,94.0,72.24073791503906,655
2004-09-10,92.80000305175781,104.0,92.80000305175781,95.5999984741211,73.47036743164062,5938
2004-09-13,94.80000305175781,99.19999694824219,94.80000305175781,96.0,73.77777862548828,1590
2004-09-14,96.0,98.4000015258789,94.80000305175781,96.0,73.77777862548828,2720
2004-09-15,92.80000305175781,96.0,90.4000015258789,91.5999984741211,70.39629364013672,2408
2004-09-16,90.0,95.19999694824219,90.0,90.80000305175781,69.78148651123047,1545
2004-09-17,94.0,95.19999694824219,90.80000305175781,92.4000015258789,71.0111083984375,735
2004-09-20,90.80000305175781,92.0,90.0,92.0,70.70370483398438,1145
2004-09-21,92.0,94.80000305175781,87.5999984741211,88.0,67.62963104248047,8168
2004-09-22,85.5999984741211,89.5999984741211,85.5999984741211,87.5999984741211,67.32221984863281,3800
2004-09-23,87.19999694824219,88.0,85.5999984741211,87.19999694824219,67.01480865478516,3053
2004-09-24,87.5999984741211,88.80000305175781,84.4000015258789,86.80000305175781,66.70740509033203,620
2004-09-27,84.0,84.80000305175781,80.0,82.0,63.018516540527344,2478
2004-09-28,84.80000305175781,84.80000305175781,78.0,79.19999694824219,60.86666488647461,2930
2004-09-29,78.0,82.80000305175781,76.0,80.0,61.48147964477539,2598
2004-09-30,82.0,83.5999984741211,77.5999984741211,78.80000305175781,60.559261322021484,2523
2004-10-01,80.0,83.19999694824219,78.4000015258789,80.80000305175781,62.09629821777344,2165
2004-10-04,81.19999694824219,82.0,79.19999694824219,79.19999694824219,60.86666488647461,3470
2004-10-05,78.4000015258789,80.80000305175781,78.0,80.4000015258789,61.78889083862305,1878
2004-10-06,82.0,83.5999984741211,78.4000015258789,80.0,61.48147964477539,4998
2004-10-07,83.19999694824219,83.19999694824219,78.0,81.5999984741211,62.71110916137695,1285
2004-10-08,78.4000015258789,94.0,78.4000015258789,92.4000015258789,71.0111083984375,3243
2004-10-11,90.0,90.4000015258789,82.0,83.19999694824219,63.940738677978516,2803
2004-10-12,82.80000305175781,83.5999984741211,80.80000305175781,83.19999694824219,63.940738677978516,2010
2004-10-13,82.0,84.0,79.5999984741211,79.5999984741211,61.174072265625,6535
2004-10-14,78.80000305175781,80.4000015258789,78.0,80.0,61.48147964477539,2243
2004-10-15,82.0,82.80000305175781,73.19999694824219,75.5999984741211,58.099998474121094,4620
2004-10-18,72.0,76.80000305175781,72.0,74.0,56.87036895751953,3040
2004-10-19,78.0,78.0,72.80000305175781,73.19999694824219,56.25555419921875,1648
2004-10-20,72.80000305175781,74.4000015258789,68.0,70.0,53.796295166015625,3468
2004-10-21,68.0,72.80000305175781,64.4000015258789,66.4000015258789,51.02962875366211,6700
2004-10-22,64.0,68.80000305175781,64.0,66.0,50.72222137451172,2005
2004-10-25,74.4000015258789,74.4000015258789,62.400001525878906,64.0,49.185184478759766,4628
2004-10-26,66.0,70.0,60.0,64.0,49.185184478759766,8920
2004-10-27,62.0,66.4000015258789,62.0,65.5999984741211,50.41481399536133,9053
2004-10-28,66.4000015258789,66.80000305175781,61.599998474121094,61.599998474121094,47.34074020385742,4540
2004-10-29,65.19999694824219,65.19999694824219,58.79999923706055,59.20000076293945,45.49629592895508,5570
2004-11-01,62.0,66.0,59.599998474121094,61.599998474121094,47.34074020385742,6010
2004-11-02,66.0,66.4000015258789,58.400001525878906,63.20000076293945,48.570369720458984,16238
2004-11-03,66.0,66.80000305175781,61.20000076293945,62.0,47.64814758300781,4363
2004-11-04,64.4000015258789,64.80000305175781,61.20000076293945,61.599998474121094,47.34074020385742,13610
2004-11-05,68.0,81.5999984741211,66.0,72.4000015258789,55.64073944091797,50238
2004-11-08,75.19999694824219,76.80000305175781,68.0,70.0,53.796295166015625,31223
2004-11-09,70.4000015258789,72.0,68.80000305175781,70.80000305175781,54.41111373901367,19845
2004-11-10,71.5999984741211,88.80000305175781,70.4000015258789,88.80000305175781,68.24444580078125,35953
2004-11-11,88.80000305175781,99.19999694824219,84.0,89.19999694824219,68.55184936523438,29213
2004-11-12,91.5999984741211,91.5999984741211,88.0,89.19999694824219,68.55184936523438,7705
2004-11-15,88.0,100.4000015258789,83.19999694824219,98.0,75.31481170654297,10283
2004-11-16,100.80000305175781,115.19999694824219,94.0,106.0,81.46295928955078,23255
2004-11-17,108.0,120.80000305175781,102.4000015258789,114.4000015258789,87.91851806640625,23943
2004-11-18,115.19999694824219,116.0,104.4000015258789,108.0,83.0,9053
2004-11-19,108.80000305175781,108.80000305175781,100.4000015258789,101.5999984741211,78.08148193359375,4913
2004-11-22,101.5999984741211,113.5999984741211,101.5999984741211,111.19999694824219,85.45925903320312,6355
2004-11-23,118.80000305175781,119.5999984741211,106.4000015258789,110.0,84.53703308105469,4875
2004-11-24,116.0,116.0,109.5999984741211,114.0,87.6111068725586,2045
2004-11-26,114.0,114.0,108.0,112.0,86.0740737915039,898
2004-11-29,116.4000015258789,118.0,107.5999984741211,112.4000015258789,86.38148498535156,5545
2004-11-30,110.0,116.0,104.0,106.4000015258789,81.77037048339844,3978
2004-12-01,104.80000305175781,109.5999984741211,104.4000015258789,107.19999694824219,82.38518524169922,3603
2004-12-02,110.0,110.0,102.0,108.80000305175781,83.61481475830078,6568
2004-12-03,110.80000305175781,110.80000305175781,104.4000015258789,105.19999694824219,80.84814453125,4688
2004-12-06,107.5999984741211,113.5999984741211,100.80000305175781,110.0,84.53703308105469,2985
2004-12-07,112.0,126.80000305175781,110.80000305175781,117.5999984741211,90.37777709960938,20873
2004-12-08,112.0,123.19999694824219,112.0,112.80000305175781,86.68888854980469,6738
2004-12-09,110.0,112.80000305175781,106.4000015258789,108.4000015258789,83.30741119384766,7975
2004-12-10,108.0,114.0,101.19999694824219,112.4000015258789,86.38148498535156,8150
2004-12-13,115.5999984741211,121.5999984741211,112.4000015258789,120.4000015258789,92.52963256835938,8408
2004-12-14,120.0,134.0,116.0,130.8000030517578,100.52222442626953,15005
2004-12-15,132.0,134.0,121.5999984741211,127.19999694824219,97.75555419921875,5313
2004-12-16,130.0,133.60000610351562,127.19999694824219,132.8000030517578,102.05925750732422,5040
2004-12-17,133.1999969482422,137.60000610351562,128.0,131.1999969482422,100.82962799072266,6705
2004-12-20,126.80000305175781,134.39999389648438,126.80000305175781,130.39999389648438,100.21480560302734,5820
2004-12-21,137.60000610351562,137.60000610351562,131.1999969482422,133.60000610351562,102.67407989501953,3645
2004-12-22,130.39999389648438,153.60000610351562,130.39999389648438,144.8000030517578,111.28147888183594,42308
2004-12-23,148.0,154.0,144.8000030517578,153.1999969482422,117.73703002929688,15405
2004-12-27,154.0,158.8000030517578,147.1999969482422,148.8000030517578,114.35555267333984,4850
2004-12-28,146.0,155.60000610351562,136.0,141.60000610351562,108.82222747802734,6913
2004-12-29,142.8000030517578,144.0,132.39999389648438,132.39999389648438,101.75184631347656,7865
2004-12-30,137.60000610351562,140.0,132.0,139.1999969482422,106.97777557373047,3665
2004-12-31,139.60000610351562,145.60000610351562,137.60000610351562,139.60000610351562,107.28518676757812,6543
2005-01-03,135.60000610351562,142.0,134.0,140.8000030517578,108.20740509033203,6388
2005-01-04,135.1999969482422,140.0,126.0,132.39999389648438,101.75184631347656,7778
2005-01-05,130.0,132.8000030517578,122.0,123.5999984741211,94.98888397216797,10210
2005-01-06,122.0,126.0,122.0,124.0,95.29629516601562,4155
2005-01-07,122.0,132.39999389648438,122.0,122.4000015258789,94.06666564941406,5195
2005-01-10,126.4000015258789,133.1999969482422,126.4000015258789,128.8000030517578,98.98518371582031,11090
2005-01-11,129.1999969482422,129.1999969482422,121.19999694824219,122.4000015258789,94.06666564941406,5380
2005-01-12,122.0,124.0,114.4000015258789,122.0,93.7592544555664,18053
2005-01-13,118.4000015258789,124.80000305175781,118.0,119.19999694824219,91.60740661621094,4735
2005-01-14,120.0,122.80000305175781,119.19999694824219,120.80000305175781,92.8370361328125,6015
2005-01-18,121.5999984741211,122.4000015258789,118.0,122.4000015258789,94.06666564941406,6890
2005-01-19,120.0,124.80000305175781,118.0,119.5999984741211,91.91481018066406,7635
2005-01-20,117.5999984741211,121.19999694824219,114.80000305175781,120.0,92.22222137451172,15215
2005-01-21,119.5999984741211,120.0,113.5999984741211,113.5999984741211,87.30370330810547,4255
2005-01-24,112.4000015258789,114.0,110.80000305175781,111.19999694824219,85.45925903320312,5653
2005-01-25,112.0,114.80000305175781,96.4000015258789,100.0,76.85185241699219,17100
2005-01-26,100.0,104.0,96.4000015258789,101.5999984741211,78.08148193359375,9118
2005-01-27,100.80000305175781,106.80000305175781,100.80000305175781,105.19999694824219,80.84814453125,4150
2005-01-28,102.0,103.5999984741211,90.0,98.4000015258789,75.62222290039062,14593
2005-01-31,98.0,110.0,98.0,106.4000015258789,81.77037048339844,8198
2005-02-01,110.4000015258789,110.4000015258789,106.80000305175781,110.4000015258789,84.84444427490234,3235
2005-02-02,112.0,112.4000015258789,106.80000305175781,108.80000305175781,83.61481475830078,4850
2005-02-03,109.5999984741211,110.80000305175781,108.0,108.0,83.0,2590
2005-02-04,106.0,109.5999984741211,105.19999694824219,108.0,83.0,3148
2005-02-07,111.19999694824219,111.19999694824219,108.0,110.80000305175781,85.15185546875,4425
2005-02-08,120.0,124.4000015258789,114.4000015258789,118.80000305175781,91.30000305175781,17545
2005-02-09,128.0,135.60000610351562,120.4000015258789,126.0,96.83332824707031,20955
2005-02-10,124.4000015258789,129.60000610351562,120.80000305175781,120.80000305175781,92.8370361328125,3615
2005-02-11,120.0,120.0,114.0,118.0,90.6851806640625,4540
2005-02-14,114.4000015258789,120.4000015258789,105.5999984741211,114.4000015258789,87.91851806640625,9325
2005-02-15,111.5999984741211,118.80000305175781,110.0,115.19999694824219,88.53333282470703,4560
2005-02-16,118.0,118.0,110.0,111.5999984741211,85.76666259765625,3428
2005-02-17,111.19999694824219,116.80000305175781,106.0,112.4000015258789,86.38148498535156,6678
2005-02-18,115.19999694824219,115.19999694824219,110.80000305175781,110.80000305175781,85.15185546875,2225
2005-02-22,116.0,116.0,106.0,110.0,84.53703308105469,2238
2005-02-23,107.5999984741211,110.80000305175781,105.5999984741211,109.5999984741211,84.22962951660156,3910
2005-02-24,110.0,112.4000015258789,107.5999984741211,112.4000015258789,86.38148498535156,5000
2005-02-25,112.0,118.4000015258789,108.0,117.19999694824219,90.07036590576172,4318
2005-02-28,118.4000015258789,125.19999694824219,112.4000015258789,120.0,92.22222137451172,7045
2005-03-01,124.4000015258789,135.1999969482422,120.0,133.60000610351562,102.67407989501953,11745
2005-03-02,129.1999969482422,139.60000610351562,128.0,136.8000030517578,105.13333129882812,11958
2005-03-03,140.8000030517578,148.0,136.8000030517578,144.0,110.66666412353516,20553
2005-03-04,144.0,150.8000030517578,133.60000610351562,133.60000610351562,102.67407989501953,13810
2005-03-07,132.39999389648438,144.39999389648438,132.0,136.0,104.51851654052734,4365
2005-03-08,134.0,136.0,128.39999389648438,132.0,101.44444274902344,2900
2005-03-09,130.8000030517578,132.8000030517578,123.5999984741211,128.0,98.37036895751953,4075
2005-03-10,126.80000305175781,130.0,126.0,128.39999389648438,98.67777252197266,3808
2005-03-11,130.0,134.0,124.4000015258789,127.19999694824219,97.75555419921875,1968
2005-03-14,126.0,131.1999969482422,124.4000015258789,126.0,96.83332824707031,2273
2005-03-15,132.0,132.0,126.0,130.0,99.90740966796875,4750
2005-03-16,131.1999969482422,134.0,122.4000015258789,126.0,96.83332824707031,3038
2005-03-17,126.4000015258789,128.0,118.0,120.80000305175781,92.8370361328125,3820
2005-03-18,120.80000305175781,130.0,120.0,127.5999984741211,98.06295776367188,3838
2005-03-21,133.60000610351562,134.0,120.4000015258789,126.80000305175781,97.44815063476562,7140
2005-03-22,125.19999694824219,130.0,124.4000015258789,125.19999694824219,96.21851348876953,9375
2005-03-23,123.5999984741211,128.0,122.0,122.0,93.7592544555664,2060
2005-03-24,120.4000015258789,125.19999694824219,118.0,122.4000015258789,94.06666564941406,3170
2005-03-28,122.0,123.5999984741211,120.0,120.0,92.22222137451172,4525
2005-03-29,120.0,125.19999694824219,120.0,120.0,92.22222137451172,2715
2005-03-30,121.5999984741211,129.60000610351562,121.5999984741211,129.60000610351562,99.60000610351562,2950
2005-03-31,130.0,136.0,123.19999694824219,134.8000030517578,103.59629821777344,6785
2005-04-01,134.39999389648438,134.8000030517578,125.5999984741211,126.80000305175781,97.44815063476562,3538
2005-04-04,124.0,129.60000610351562,124.0,126.4000015258789,97.14073944091797,9338
2005-04-05,128.0,132.39999389648438,128.0,131.60000610351562,101.13703918457031,4285
2005-04-06,128.8000030517578,135.1999969482422,128.8000030517578,130.0,99.90740966796875,2018
2005-04-07,129.60000610351562,136.8000030517578,129.60000610351562,134.0,102.98148345947266,2373
2005-04-08,136.8000030517578,136.8000030517578,130.8000030517578,134.39999389648438,103.28887939453125,2175
2005-04-11,131.1999969482422,133.60000610351562,127.19999694824219,127.19999694824219,97.75555419921875,1878
2005-04-12,126.0,127.5999984741211,124.0,126.4000015258789,97.14073944091797,1093
2005-04-13,127.19999694824219,128.0,126.0,126.0,96.83332824707031,1100
2005-04-14,126.0,130.8000030517578,126.0,128.39999389648438,98.67777252197266,2118
2005-04-15,127.19999694824219,128.39999389648438,114.4000015258789,123.19999694824219,94.68148040771484,6850
2005-04-18,119.19999694824219,130.39999389648438,119.19999694824219,127.19999694824219,97.75555419921875,2990
2005-04-19,129.60000610351562,136.0,129.60000610351562,134.39999389648438,103.28887939453125,4470
2005-04-20,137.1999969482422,137.1999969482422,130.39999389648438,134.0,102.98148345947266,2653
2005-04-21,137.1999969482422,138.8000030517578,126.0,136.0,104.51851654052734,3308
2005-04-22,134.8000030517578,136.0,119.5999984741211,131.1999969482422,100.82962799072266,8485
2005-04-25,129.60000610351562,133.60000610351562,126.0,132.0,101.44444274902344,2003
2005-04-26,132.0,132.0,127.19999694824219,128.8000030517578,98.98518371582031,4185
2005-04-27,128.39999389648438,129.1999969482422,126.0,128.0,98.37036895751953,1453
2005-04-28,124.80000305175781,127.19999694824219,119.19999694824219,120.0,92.22222137451172,5613
2005-04-29,122.4000015258789,127.5999984741211,108.4000015258789,116.80000305175781,89.7629623413086,15750
2005-05-02,116.0,128.39999389648438,108.0,116.80000305175781,89.7629623413086,3845
2005-05-03,114.0,126.0,114.0,120.80000305175781,92.8370361328125,2443
2005-05-04,118.80000305175781,133.60000610351562,116.80000305175781,132.0,101.44444274902344,4415
2005-05-05,138.0,144.0,122.4000015258789,128.39999389648438,98.67777252197266,11770
2005-05-06,131.60000610351562,138.8000030517578,130.0,135.60000610351562,104.21111297607422,7528
2005-05-09,135.60000610351562,140.8000030517578,130.8000030517578,139.60000610351562,107.28518676757812,2915
2005-05-10,138.8000030517578,142.0,132.8000030517578,135.60000610351562,104.21111297607422,1915
2005-05-11,135.1999969482422,139.1999969482422,132.0,137.1999969482422,105.44073486328125,1258
2005-05-12,135.60000610351562,139.1999969482422,128.0,131.60000610351562,101.13703918457031,2310
2005-05-13,134.39999389648438,136.0,122.4000015258789,125.19999694824219,96.21851348876953,3178
2005-05-16,128.39999389648438,131.1999969482422,126.80000305175781,130.0,99.90740966796875,4585
2005-05-17,130.0,137.1999969482422,122.80000305175781,136.0,104.51851654052734,5670
2005-05-18,136.0,140.0,132.0,136.8000030517578,105.13333129882812,5848
2005-05-19,144.0,150.0,142.0,145.1999969482422,111.58888244628906,15055
2005-05-20,146.39999389648438,147.1999969482422,142.0,142.0,109.12963104248047,5955
2005-05-23,145.60000610351562,145.60000610351562,135.1999969482422,139.1999969482422,106.97777557373047,3100
2005-05-24,135.1999969482422,143.60000610351562,135.1999969482422,140.39999389648438,107.89999389648438,2235
2005-05-25,140.8000030517578,148.0,138.8000030517578,146.8000030517578,112.81851959228516,6175
2005-05-26,146.0,165.1999969482422,146.0,160.0,122.96295928955078,17488
2005-05-27,162.39999389648438,163.60000610351562,154.39999389648438,159.60000610351562,122.65555572509766,5230
2005-05-31,160.0,162.8000030517578,155.1999969482422,158.8000030517578,122.04074096679688,7815
2005-06-01,161.60000610351562,164.0,158.8000030517578,158.8000030517578,122.04074096679688,8248
2005-06-02,158.0,169.1999969482422,158.0,166.8000030517578,128.1888885498047,8438
2005-06-03,162.39999389648438,168.39999389648438,162.0,168.0,129.11111450195312,4425
2005-06-06,170.0,178.39999389648438,162.8000030517578,174.39999389648438,134.0296173095703,10990
2005-06-07,176.8000030517578,180.0,170.0,175.1999969482422,134.64443969726562,8213
2005-06-08,176.0,176.8000030517578,166.8000030517578,173.60000610351562,133.41481018066406,8223
2005-06-09,174.0,174.0,166.0,170.39999389648438,130.95555114746094,6103
2005-06-10,168.0,172.39999389648438,168.0,169.60000610351562,130.3407440185547,5020
2005-06-13,169.60000610351562,175.60000610351562,168.0,172.8000030517578,132.8000030517578,5153
2005-06-14,173.1999969482422,180.39999389648438,170.0,176.39999389648438,135.56666564941406,4388
2005-06-15,176.0,184.0,172.39999389648438,180.39999389648438,138.64073181152344,12498
2005-06-16,178.0,184.0,175.60000610351562,180.8000030517578,138.94815063476562,8670
2005-06-17,182.0,182.39999389648438,177.60000610351562,181.1999969482422,139.25555419921875,8063
2005-06-20,180.0,188.39999389648438,178.0,185.1999969482422,142.32962036132812,8363
2005-06-21,186.0,188.8000030517578,180.0,186.39999389648438,143.25184631347656,6428
2005-06-22,189.60000610351562,190.0,176.39999389648438,180.0,138.3333282470703,8723
2005-06-23,183.60000610351562,183.60000610351562,167.1999969482422,174.0,133.7222137451172,11278
2005-06-24,170.8000030517578,185.60000610351562,170.8000030517578,176.0,135.25926208496094,51553
2005-06-27,175.60000610351562,180.0,165.1999969482422,170.39999389648438,130.95555114746094,14623
2005-06-28,171.1999969482422,175.60000610351562,167.60000610351562,175.60000610351562,134.9518585205078,3628
2005-06-29,176.0,178.0,160.0,160.8000030517578,123.5777816772461,8513
2005-06-30,160.8000030517578,170.0,160.8000030517578,165.1999969482422,126.9592514038086,9435
2005-07-01,165.1999969482422,166.8000030517578,160.8000030517578,162.39999389648438,124.80740356445312,5778
2005-07-05,162.39999389648438,172.0,160.0,171.60000610351562,131.87777709960938,6158
2005-07-06,170.39999389648438,178.0,164.8000030517578,165.1999969482422,126.9592514038086,4163
2005-07-07,164.0,166.39999389648438,162.0,166.39999389648438,127.88147735595703,3463
2005-07-08,166.0,176.8000030517578,164.39999389648438,176.8000030517578,135.8740692138672,6075
2005-07-11,178.8000030517578,180.0,168.39999389648438,177.1999969482422,136.1814727783203,8450
2005-07-12,176.39999389648438,178.39999389648438,173.1999969482422,174.39999389648438,134.0296173095703,4200
2005-07-13,174.8000030517578,176.8000030517578,170.0,174.8000030517578,134.3370361328125,1700
2005-07-14,175.60000610351562,179.1999969482422,173.1999969482422,174.8000030517578,134.3370361328125,3185
2005-07-15,174.0,180.0,174.0,176.39999389648438,135.56666564941406,14493
2005-07-18,179.60000610351562,194.0,175.1999969482422,188.39999389648438,144.78887939453125,27113
2005-07-19,190.0,192.0,184.0,186.39999389648438,143.25184631347656,10258
2005-07-20,185.1999969482422,203.60000610351562,185.1999969482422,200.8000030517578,154.31851196289062,23685
2005-07-21,201.1999969482422,209.60000610351562,196.39999389648438,209.60000610351562,161.08148193359375,22130
2005-07-22,208.8000030517578,219.60000610351562,204.39999389648438,218.39999389648438,167.8444366455078,22298
2005-07-25,216.0,219.60000610351562,208.39999389648438,209.60000610351562,161.08148193359375,8665
2005-07-26,209.60000610351562,210.39999389648438,200.8000030517578,204.39999389648438,157.08517456054688,7293
2005-07-27,203.1999969482422,208.0,201.1999969482422,201.60000610351562,154.93333435058594,7278
2005-07-28,201.60000610351562,205.1999969482422,200.0,202.0,155.24073791503906,6428
2005-07-29,201.60000610351562,208.0,200.0,205.1999969482422,157.6999969482422,7650
2005-08-01,208.0,211.60000610351562,205.60000610351562,208.8000030517578,160.46665954589844,12220
2005-08-02,210.8000030517578,210.8000030517578,192.0,201.1999969482422,154.62591552734375,14560
2005-08-03,198.8000030517578,200.39999389648438,180.39999389648438,186.39999389648438,143.25184631347656,24365
2005-08-04,186.39999389648438,198.39999389648438,186.0,198.0,152.1666717529297,10325
2005-08-05,198.0,199.60000610351562,192.39999389648438,198.0,152.1666717529297,6835
2005-08-08,196.39999389648438,200.0,191.60000610351562,194.8000030517578,149.70741271972656,4520
2005-08-09,194.0,195.1999969482422,184.39999389648438,188.8000030517578,145.09629821777344,3495
2005-08-10,187.1999969482422,188.8000030517578,184.39999389648438,185.1999969482422,142.32962036132812,3728
2005-08-11,184.39999389648438,188.8000030517578,175.1999969482422,186.8000030517578,143.55926513671875,4973
2005-08-12,186.39999389648438,188.8000030517578,182.0,185.60000610351562,142.6370391845703,5225
2005-08-15,184.8000030517578,196.8000030517578,182.0,192.0,147.55555725097656,15583
2005-08-16,192.8000030517578,193.60000610351562,188.0,188.39999389648438,144.78887939453125,18828
2005-08-17,188.0,193.60000610351562,180.8000030517578,190.39999389648438,146.32591247558594,17113
2005-08-18,190.8000030517578,195.60000610351562,185.1999969482422,193.60000610351562,148.78518676757812,4398
2005-08-19,193.60000610351562,204.39999389648438,193.60000610351562,202.0,155.24073791503906,13960
2005-08-22,204.0,206.8000030517578,198.8000030517578,203.60000610351562,156.47036743164062,6370
2005-08-23,203.60000610351562,207.1999969482422,200.0,201.60000610351562,154.93333435058594,16725
2005-08-24,201.1999969482422,216.0,196.0,203.60000610351562,156.47036743164062,16928
2005-08-25,204.39999389648438,212.0,204.39999389648438,209.1999969482422,160.77406311035156,10760
2005-08-26,206.0,210.0,202.39999389648438,206.8000030517578,158.92962646484375,3858
2005-08-29,208.8000030517578,208.8000030517578,204.0,207.60000610351562,159.54444885253906,4935
2005-08-30,206.8000030517578,208.0,197.60000610351562,199.1999969482422,153.08888244628906,13883
2005-08-31,201.1999969482422,208.39999389648438,196.39999389648438,206.0,158.3148193359375,8023
2005-09-01,205.60000610351562,208.0,197.1999969482422,200.0,153.70370483398438,5443
2005-09-02,198.0,204.39999389648438,198.0,204.39999389648438,157.08517456054688,1775
2005-09-06,202.8000030517578,209.60000610351562,200.8000030517578,209.60000610351562,161.08148193359375,8510
2005-09-07,209.1999969482422,230.0,204.8000030517578,228.8000030517578,175.8370361328125,28338
2005-09-08,226.0,233.60000610351562,223.60000610351562,228.39999389648438,175.5296173095703,12078
2005-09-09,228.39999389648438,237.1999969482422,226.8000030517578,234.0,179.8333282470703,8153
2005-09-12,236.0,236.0,227.60000610351562,232.8000030517578,178.91111755371094,9115
2005-09-13,232.8000030517578,235.60000610351562,221.60000610351562,233.60000610351562,179.5259246826172,8820
2005-09-14,233.60000610351562,234.8000030517578,216.8000030517578,218.0,167.5370330810547,5585
2005-09-15,217.60000610351562,223.1999969482422,213.1999969482422,220.0,169.07406616210938,5125
2005-09-16,222.0,222.0,212.39999389648438,217.60000610351562,167.22962951660156,9275
2005-09-19,216.39999389648438,216.8000030517578,203.60000610351562,207.60000610351562,159.54444885253906,7868
2005-09-20,208.39999389648438,219.60000610351562,207.1999969482422,214.0,164.4629669189453,5973
2005-09-21,214.0,214.39999389648438,208.0,208.8000030517578,160.46665954589844,8463
2005-09-22,207.60000610351562,218.8000030517578,200.39999389648438,218.39999389648438,167.8444366455078,18708
2005-09-23,217.60000610351562,231.60000610351562,210.39999389648438,227.1999969482422,174.60740661621094,9090
2005-09-26,231.1999969482422,232.0,222.8000030517578,227.1999969482422,174.60740661621094,7245
2005-09-27,232.0,238.8000030517578,222.0,226.39999389648438,173.99258422851562,9298
2005-09-28,226.39999389648438,233.1999969482422,222.8000030517578,228.39999389648438,175.5296173095703,8163
2005-09-29,230.0,231.60000610351562,227.1999969482422,227.60000610351562,174.91481018066406,6203
2005-09-30,228.39999389648438,244.8000030517578,227.1999969482422,244.8000030517578,188.13333129882812,17005
2005-10-03,242.39999389648438,250.39999389648438,238.8000030517578,242.39999389648438,186.28887939453125,11028
2005-10-04,244.0,250.0,238.0,238.0,182.90740966796875,10270
2005-10-05,238.8000030517578,244.0,227.1999969482422,232.8000030517578,178.91111755371094,8713
2005-10-06,230.8000030517578,238.0,224.8000030517578,229.60000610351562,176.4518585205078,6353
2005-10-07,230.0,237.60000610351562,222.0,227.60000610351562,174.91481018066406,4140
2005-10-10,228.39999389648438,228.8000030517578,218.39999389648438,221.60000610351562,170.3037109375,2373
2005-10-11,220.39999389648438,224.39999389648438,210.8000030517578,211.60000610351562,162.61851501464844,6623
2005-10-12,209.1999969482422,214.0,198.8000030517578,207.1999969482422,159.23703002929688,11673
2005-10-13,206.8000030517578,218.0,205.1999969482422,216.39999389648438,166.30740356445312,3545
2005-10-14,218.39999389648438,223.60000610351562,214.0,220.39999389648438,169.3814697265625,12185
2005-10-17,219.60000610351562,224.39999389648438,218.0,221.60000610351562,170.3037109375,3263
2005-10-18,223.1999969482422,230.8000030517578,216.39999389648438,216.39999389648438,166.30740356445312,7343
2005-10-19,213.60000610351562,222.8000030517578,211.1999969482422,220.8000030517578,169.6888885498047,9853
2005-10-20,222.8000030517578,224.39999389648438,212.8000030517578,216.0,166.0,5890
2005-10-21,214.39999389648438,221.1999969482422,214.0,216.8000030517578,166.6148223876953,2518
2005-10-24,218.0,221.1999969482422,214.0,220.0,169.07406616210938,2770
2005-10-25,219.1999969482422,220.0,207.60000610351562,210.8000030517578,162.0037078857422,3265
2005-10-26,210.39999389648438,216.0,207.1999969482422,208.8000030517578,160.46665954589844,5125
2005-10-27,208.0,209.60000610351562,202.8000030517578,202.8000030517578,155.85556030273438,5750
2005-10-28,204.39999389648438,213.60000610351562,201.1999969482422,211.60000610351562,162.61851501464844,2380
2005-10-31,211.60000610351562,225.60000610351562,211.60000610351562,220.8000030517578,169.6888885498047,5058
2005-11-01,220.0,220.8000030517578,208.39999389648438,210.8000030517578,162.0037078857422,5425
2005-11-02,210.8000030517578,223.60000610351562,210.0,218.39999389648438,167.8444366455078,7628
2005-11-03,220.0,229.1999969482422,218.39999389648438,227.1999969482422,174.60740661621094,17763
2005-11-04,228.8000030517578,228.8000030517578,223.60000610351562,226.0,173.6851806640625,6780
2005-11-07,230.0,230.8000030517578,222.0,228.8000030517578,175.8370361328125,5318
2005-11-08,224.39999389648438,228.8000030517578,214.0,225.1999969482422,173.0703582763672,5538
2005-11-09,220.39999389648438,232.39999389648438,220.0,226.8000030517578,174.3000030517578,4565
2005-11-10,227.1999969482422,228.8000030517578,220.39999389648438,226.8000030517578,174.3000030517578,3570
2005-11-11,226.0,232.0,224.0,230.8000030517578,177.3740692138672,5140
2005-11-14,232.0,236.0,223.60000610351562,226.8000030517578,174.3000030517578,4838
2005-11-15,227.1999969482422,245.60000610351562,223.1999969482422,240.0,184.44444274902344,19335
2005-11-16,236.0,243.60000610351562,236.0,238.8000030517578,183.522216796875,14803
2005-11-17,238.0,262.0,225.60000610351562,256.3999938964844,197.0481414794922,45185
2005-11-18,260.3999938964844,260.3999938964844,246.39999389648438,252.8000030517578,194.28147888183594,14895
2005-11-21,254.8000030517578,256.79998779296875,246.8000030517578,250.0,192.12962341308594,8655
2005-11-22,249.1999969482422,256.79998779296875,247.60000610351562,250.8000030517578,192.74444580078125,7965
2005-11-23,250.0,256.0,247.60000610351562,248.39999389648438,190.89999389648438,4563
2005-11-25,247.60000610351562,254.0,247.60000610351562,253.1999969482422,194.58888244628906,2585
2005-11-28,255.60000610351562,255.60000610351562,238.39999389648438,245.1999969482422,188.44073486328125,8050
2005-11-29,244.39999389648438,248.8000030517578,241.1999969482422,243.1999969482422,186.90370178222656,2333
2005-11-30,241.60000610351562,248.0,241.60000610351562,245.60000610351562,188.74815368652344,3175
2005-12-01,248.0,278.0,247.1999969482422,272.0,209.0370330810547,24068
2005-12-02,266.79998779296875,281.20001220703125,260.3999938964844,268.3999938964844,206.27035522460938,12450
2005-12-05,270.3999938964844,271.6000061035156,262.0,263.20001220703125,202.27407836914062,2965
2005-12-06,268.0,280.0,264.0,275.6000061035156,211.8037109375,10465
2005-12-07,280.0,284.3999938964844,271.6000061035156,278.79998779296875,214.26295471191406,13150
2005-12-08,280.0,282.3999938964844,260.3999938964844,266.0,204.42591857910156,11850
2005-12-09,268.0,277.20001220703125,264.79998779296875,274.79998779296875,211.18887329101562,8635
2005-12-12,276.79998779296875,281.6000061035156,272.0,276.79998779296875,212.7259063720703,16180
2005-12-13,278.3999938964844,280.0,262.0,269.6000061035156,207.19259643554688,12578
2005-12-14,267.6000061035156,268.0,262.0,262.79998779296875,201.96665954589844,10948
2005-12-15,264.79998779296875,264.79998779296875,255.60000610351562,256.3999938964844,197.0481414794922,10118
2005-12-16,256.0,274.79998779296875,256.0,270.79998779296875,208.11480712890625,35863
2005-12-19,266.79998779296875,275.20001220703125,266.79998779296875,271.6000061035156,208.72962951660156,10765
2005-12-20,275.20001220703125,283.6000061035156,271.20001220703125,279.20001220703125,214.57037353515625,14215
2005-12-21,278.3999938964844,291.6000061035156,273.20001220703125,291.6000061035156,224.10000610351562,17915
2005-12-22,292.3999938964844,307.20001220703125,288.0,307.20001220703125,236.08889770507812,25035
2005-12-23,307.20001220703125,308.0,296.3999938964844,305.20001220703125,234.55186462402344,10015
2005-12-27,305.20001220703125,313.20001220703125,298.3999938964844,302.79998779296875,232.7073974609375,15193
2005-12-28,302.79998779296875,304.3999938964844,298.79998779296875,302.79998779296875,232.7073974609375,8690
2005-12-29,305.20001220703125,305.20001220703125,292.0,292.79998779296875,225.022216796875,28725
2005-12-30,290.0,299.20001220703125,288.79998779296875,296.79998779296875,228.09628295898438,14615
2006-01-03,303.6000061035156,305.6000061035156,288.79998779296875,302.0,232.09259033203125,18640
2006-01-04,304.3999938964844,316.3999938964844,298.0,312.3999938964844,240.08517456054688,22205
2006-01-05,314.3999938964844,332.79998779296875,308.79998779296875,325.20001220703125,249.92222595214844,40378
2006-01-06,328.0,338.0,320.0,331.20001220703125,254.53334045410156,37038
2006-01-09,331.20001220703125,345.20001220703125,330.79998779296875,344.0,264.370361328125,38035
2006-01-10,344.79998779296875,347.6000061035156,334.0,346.3999938964844,266.2148132324219,15565
2006-01-11,346.3999938964844,352.0,338.79998779296875,352.0,270.5185241699219,18585
2006-01-12,354.3999938964844,369.6000061035156,349.20001220703125,366.3999938964844,281.5851745605469,42933
2006-01-13,368.3999938964844,368.3999938964844,346.0,350.0,268.9814758300781,20030
2006-01-17,350.0,350.0,332.79998779296875,339.6000061035156,260.9888916015625,27238
2006-01-18,336.0,342.79998779296875,321.6000061035156,340.3999938964844,261.60369873046875,19643
2006-01-19,342.79998779296875,358.0,342.3999938964844,356.0,273.59259033203125,35760
2006-01-20,356.0,356.0,345.6000061035156,350.3999938964844,269.28887939453125,16153
2006-01-23,346.3999938964844,353.6000061035156,328.0,332.0,255.1481475830078,17918
2006-01-24,335.20001220703125,335.20001220703125,315.6000061035156,318.79998779296875,245.00369262695312,38308
2006-01-25,318.3999938964844,340.0,318.3999938964844,336.79998779296875,258.8370361328125,16100
2006-01-26,339.6000061035156,342.0,329.6000061035156,338.0,259.7592468261719,9078
2006-01-27,340.0,348.0,332.3999938964844,337.20001220703125,259.1444396972656,10690
2006-01-30,335.6000061035156,338.0,326.79998779296875,328.3999938964844,252.3814697265625,7505
2006-01-31,326.79998779296875,332.0,320.0,326.79998779296875,251.15184020996094,10385
2006-02-01,324.3999938964844,340.0,315.6000061035156,327.20001220703125,251.45925903320312,25045
2006-02-02,336.0,372.0,327.6000061035156,358.0,275.129638671875,59300
2006-02-03,354.79998779296875,358.79998779296875,344.79998779296875,350.79998779296875,269.5962829589844,11488
2006-02-06,348.79998779296875,356.79998779296875,342.79998779296875,352.3999938964844,270.825927734375,13368
2006-02-07,352.79998779296875,354.79998779296875,336.0,342.3999938964844,263.1407470703125,17425
2006-02-08,346.3999938964844,348.3999938964844,336.0,338.79998779296875,260.3740539550781,9773
2006-02-09,340.0,352.3999938964844,338.79998779296875,341.20001220703125,262.2185363769531,14530
2006-02-10,339.6000061035156,343.20001220703125,331.6000061035156,336.3999938964844,258.5296325683594,14643
2006-02-13,334.0,338.3999938964844,330.0,330.0,253.61111450195312,6855
2006-02-14,330.0,332.3999938964844,320.79998779296875,325.6000061035156,250.22962951660156,20663
2006-02-15,323.6000061035156,329.6000061035156,319.20001220703125,326.79998779296875,251.15184020996094,16623
2006-02-16,328.0,329.6000061035156,321.6000061035156,326.0,250.5370330810547,12333
2006-02-17,326.79998779296875,329.20001220703125,321.6000061035156,326.3999938964844,250.8444366455078,17270
2006-02-21,330.0,340.79998779296875,326.79998779296875,333.20001220703125,256.07037353515625,13308
2006-02-22,333.20001220703125,333.20001220703125,316.3999938964844,321.20001220703125,246.84815979003906,21975
2006-02-23,322.0,322.0,298.79998779296875,315.6000061035156,242.54444885253906,20645
2006-02-24,316.79998779296875,319.20001220703125,309.6000061035156,315.20001220703125,242.23704528808594,7838
2006-02-27,316.79998779296875,325.6000061035156,314.3999938964844,318.0,244.38888549804688,9710
2006-02-28,318.79998779296875,318.79998779296875,301.20001220703125,310.0,238.24073791503906,10843
2006-03-01,310.79998779296875,322.3999938964844,308.79998779296875,320.0,245.92591857910156,13630
2006-03-02,317.6000061035156,323.20001220703125,313.6000061035156,320.0,245.92591857910156,14463
2006-03-03,316.0,325.6000061035156,312.0,316.3999938964844,243.1592559814453,19370
2006-03-06,316.3999938964844,318.79998779296875,303.20001220703125,305.20001220703125,234.55186462402344,9165
2006-03-07,301.6000061035156,302.3999938964844,287.20001220703125,288.79998779296875,221.94813537597656,13568
2006-03-08,294.3999938964844,294.79998779296875,277.20001220703125,280.79998779296875,215.79998779296875,17298
2006-03-09,280.79998779296875,296.79998779296875,278.0,291.6000061035156,224.10000610351562,20338
2006-03-10,292.3999938964844,319.20001220703125,290.0,318.0,244.38888549804688,35783
2006-03-13,318.79998779296875,338.0,318.79998779296875,334.0,256.6851806640625,31920
2006-03-14,339.6000061035156,359.20001220703125,336.79998779296875,356.3999938964844,273.8999938964844,45125
2006-03-15,358.79998779296875,392.0,352.0,388.0,298.1851806640625,105795
2006-03-16,388.0,392.0,372.3999938964844,376.3999938964844,289.2703552246094,37400
2006-03-17,376.3999938964844,377.20001220703125,360.3999938964844,362.3999938964844,278.5111083984375,38100
2006-03-20,362.3999938964844,376.0,359.20001220703125,372.3999938964844,286.1962890625,24390
2006-03-21,364.0,371.6000061035156,362.0,364.0,279.74072265625,16313
2006-03-22,362.3999938964844,363.6000061035156,348.3999938964844,359.6000061035156,276.3592529296875,28730
2006-03-23,359.6000061035156,366.79998779296875,355.6000061035156,364.3999938964844,280.0481262207031,14973
2006-03-24,365.6000061035156,418.79998779296875,364.79998779296875,409.20001220703125,314.477783203125,88975
2006-03-27,409.20001220703125,426.79998779296875,400.79998779296875,419.6000061035156,322.4703674316406,73328
2006-03-28,422.0,424.0,402.3999938964844,403.20001220703125,309.8666687011719,37168
2006-03-29,409.20001220703125,419.6000061035156,406.0,419.6000061035156,322.4703674316406,19435
2006-03-30,421.20001220703125,424.0,406.79998779296875,406.79998779296875,312.6333312988281,15063
2006-03-31,411.20001220703125,414.3999938964844,402.0,408.0,313.5555419921875,19265
2006-04-03,412.0,418.0,401.6000061035156,405.20001220703125,311.4037170410156,19898
2006-04-04,402.79998779296875,408.0,390.3999938964844,395.6000061035156,304.02593994140625,25308
2006-04-05,396.79998779296875,397.20001220703125,385.6000061035156,390.0,299.72222900390625,30383
2006-04-06,392.3999938964844,410.0,390.0,409.20001220703125,314.477783203125,20485
2006-04-07,412.3999938964844,420.79998779296875,404.3999938964844,406.79998779296875,312.6333312988281,23450
2006-04-10,408.0,410.3999938964844,372.79998779296875,374.0,287.4259338378906,33593
2006-04-11,374.0,380.0,369.6000061035156,372.0,285.8888854980469,16343
2006-04-12,376.0,388.0,372.3999938964844,384.0,295.1111145019531,21060
2006-04-13,384.0,408.0,381.6000061035156,400.0,307.40740966796875,15655
2006-04-17,398.79998779296875,403.6000061035156,376.3999938964844,381.6000061035156,293.26666259765625,17293
2006-04-18,384.79998779296875,405.6000061035156,382.0,404.0,310.4814758300781,22605
2006-04-19,407.20001220703125,430.0,403.6000061035156,428.79998779296875,329.5407409667969,35325
2006-04-20,428.79998779296875,429.6000061035156,408.0,420.0,322.77777099609375,19065
2006-04-21,450.0,453.6000061035156,428.79998779296875,435.20001220703125,334.4592590332031,101038
2006-04-24,433.6000061035156,438.0,420.79998779296875,428.79998779296875,329.5407409667969,23123
2006-04-25,432.0,432.0,424.0,429.6000061035156,330.1555480957031,20153
2006-04-26,432.0,434.0,424.79998779296875,430.79998779296875,331.0777587890625,17610
2006-04-27,426.3999938964844,440.79998779296875,420.0,435.20001220703125,334.4592590332031,23425
2006-04-28,437.6000061035156,437.6000061035156,422.0,426.3999938964844,327.6962890625,21390
2006-05-01,428.79998779296875,439.6000061035156,426.79998779296875,430.79998779296875,331.0777587890625,17435
2006-05-02,435.20001220703125,437.20001220703125,424.3999938964844,432.0,332.0,22990
2006-05-03,436.3999938964844,452.0,433.20001220703125,452.0,347.370361328125,60198
2006-05-04,412.3999938964844,500.0,404.79998779296875,482.0,370.4259338378906,228313
2006-05-05,487.20001220703125,496.0,470.0,482.79998779296875,371.0407409667969,55458
2006-05-08,482.79998779296875,506.0,472.3999938964844,502.79998779296875,386.4111022949219,28040
2006-05-09,504.0,506.0,482.79998779296875,496.0,381.1851806640625,28960
2006-05-10,496.0,502.79998779296875,486.79998779296875,491.6000061035156,377.8037109375,35068
2006-05-11,491.6000061035156,493.6000061035156,462.0,469.6000061035156,360.89630126953125,32223
2006-05-12,467.20001220703125,470.3999938964844,428.0,428.79998779296875,329.5407409667969,53483
2006-05-15,424.3999938964844,438.0,410.0,427.20001220703125,328.3111267089844,45938
2006-05-16,429.20001220703125,435.6000061035156,415.6000061035156,420.3999938964844,323.0851745605469,25728
2006-05-17,420.3999938964844,428.0,390.0,399.6000061035156,307.1000061035156,69820
2006-05-18,398.79998779296875,404.0,380.3999938964844,385.6000061035156,296.3407287597656,31898
2006-05-19,384.0,402.79998779296875,373.20001220703125,396.3999938964844,304.6407165527344,38788
2006-05-22,396.3999938964844,396.3999938964844,355.6000061035156,374.3999938964844,287.73333740234375,25545
2006-05-23,377.20001220703125,390.0,370.3999938964844,372.79998779296875,286.5036926269531,20578
2006-05-24,372.3999938964844,380.79998779296875,350.3999938964844,366.79998779296875,281.892578125,45043
2006-05-25,374.3999938964844,393.6000061035156,367.20001220703125,393.20001220703125,302.1814880371094,25158
2006-05-26,396.79998779296875,400.0,389.20001220703125,390.79998779296875,300.3370361328125,10315
2006-05-30,391.20001220703125,391.20001220703125,363.6000061035156,364.3999938964844,280.0481262207031,17320
2006-05-31,370.0,386.79998779296875,370.0,381.20001220703125,292.9592590332031,20565
2006-06-01,380.0,393.6000061035156,370.3999938964844,385.20001220703125,296.0333251953125,23018
2006-06-02,388.0,404.0,386.3999938964844,399.20001220703125,306.7926025390625,29805
2006-06-05,398.79998779296875,406.0,387.6000061035156,390.0,299.72222900390625,25888
2006-06-06,391.20001220703125,398.3999938964844,371.6000061035156,378.79998779296875,291.11480712890625,16980
2006-06-07,378.79998779296875,380.3999938964844,364.0,364.3999938964844,280.0481262207031,9403
2006-06-08,364.0,364.0,330.0,358.0,275.129638671875,24595
2006-06-09,360.3999938964844,370.79998779296875,341.6000061035156,343.20001220703125,263.75555419921875,13530
2006-06-12,343.6000061035156,349.6000061035156,316.0,318.79998779296875,245.00369262695312,49903
2006-06-13,318.0,333.6000061035156,306.0,314.0,241.31480407714844,32020
2006-06-14,313.20001220703125,350.79998779296875,312.0,347.6000061035156,267.13702392578125,35650
2006-06-15,352.79998779296875,380.0,352.3999938964844,378.0,290.5,32465
2006-06-16,375.20001220703125,378.3999938964844,356.0,358.79998779296875,275.74444580078125,30755
2006-06-19,362.79998779296875,364.3999938964844,344.0,345.6000061035156,265.6000061035156,14705
2006-06-20,348.3999938964844,356.0,333.20001220703125,343.20001220703125,263.75555419921875,11940
2006-06-21,343.20001220703125,366.0,343.20001220703125,356.79998779296875,274.2073974609375,12038
2006-06-22,357.6000061035156,360.0,344.79998779296875,350.3999938964844,269.28887939453125,7660
2006-06-23,349.20001220703125,362.79998779296875,344.0,357.20001220703125,274.51483154296875,9460
2006-06-26,361.20001220703125,370.0,359.20001220703125,363.6000061035156,279.4333190917969,11605
2006-06-27,362.79998779296875,370.79998779296875,344.0,350.0,268.9814758300781,16385
2006-06-28,348.0,352.0,340.79998779296875,348.0,267.4444274902344,15040
2006-06-29,349.6000061035156,380.79998779296875,349.6000061035156,374.79998779296875,288.0407409667969,19575
2006-06-30,376.0,390.0,371.20001220703125,384.0,295.1111145019531,20943
2006-07-03,384.3999938964844,404.3999938964844,377.20001220703125,402.0,308.9444274902344,16268
2006-07-05,394.79998779296875,395.6000061035156,356.0,356.3999938964844,273.8999938964844,28533
2006-07-06,360.0,364.3999938964844,344.79998779296875,352.0,270.5185241699219,19898
2006-07-07,348.3999938964844,352.0,330.79998779296875,332.3999938964844,255.45555114746094,18555
2006-07-10,336.0,350.3999938964844,306.79998779296875,309.6000061035156,237.93333435058594,28595
2006-07-11,309.6000061035156,327.20001220703125,287.6000061035156,321.6000061035156,247.1555633544922,42960
2006-07-12,318.0,318.79998779296875,304.0,306.3999938964844,235.47406005859375,20948
2006-07-13,302.0,313.20001220703125,290.79998779296875,292.79998779296875,225.022216796875,17305
2006-07-14,292.3999938964844,300.0,280.3999938964844,292.79998779296875,225.022216796875,12575
2006-07-17,290.3999938964844,292.3999938964844,280.3999938964844,283.20001220703125,217.6444549560547,23483
2006-07-18,283.20001220703125,292.0,274.3999938964844,278.0,213.6481475830078,15965
2006-07-19,276.0,305.6000061035156,272.3999938964844,301.6000061035156,231.78518676757812,14910
2006-07-20,304.0,317.6000061035156,279.20001220703125,280.0,215.1851806640625,15160
2006-07-21,279.20001220703125,279.6000061035156,250.8000030517578,252.39999389648438,193.97406005859375,33040
2006-07-24,255.1999969482422,280.0,253.1999969482422,276.79998779296875,212.7259063720703,35670
2006-07-25,274.3999938964844,284.0,265.20001220703125,274.79998779296875,211.18887329101562,13298
2006-07-26,273.6000061035156,276.79998779296875,264.3999938964844,268.0,205.9629669189453,13983
2006-07-27,272.79998779296875,276.79998779296875,251.60000610351562,254.8000030517578,195.81851196289062,17540
2006-07-28,255.60000610351562,276.0,255.60000610351562,274.3999938964844,210.8814697265625,13938
2006-07-31,276.0,282.79998779296875,274.3999938964844,282.3999938964844,217.0296173095703,11788
2006-08-01,279.6000061035156,281.20001220703125,273.6000061035156,275.20001220703125,211.49630737304688,12910
2006-08-02,278.3999938964844,288.0,278.3999938964844,282.79998779296875,217.33702087402344,15998
2006-08-03,278.3999938964844,291.20001220703125,262.79998779296875,282.0,216.7222137451172,24875
2006-08-04,288.0,290.79998779296875,264.3999938964844,268.3999938964844,206.27035522460938,26425
2006-08-07,266.0,269.20001220703125,253.1999969482422,256.79998779296875,197.3555450439453,14843
2006-08-08,260.0,262.79998779296875,248.0,248.39999389648438,190.89999389648438,11298
2006-08-09,254.0,266.79998779296875,248.0,250.0,192.12962341308594,24105
2006-08-10,250.0,260.3999938964844,244.0,258.0,198.27777099609375,13125
2006-08-11,256.3999938964844,257.20001220703125,242.8000030517578,244.39999389648438,187.82591247558594,19815
2006-08-14,250.0,266.0,245.60000610351562,255.60000610351562,196.43333435058594,29713
2006-08-15,261.6000061035156,275.20001220703125,261.6000061035156,273.20001220703125,209.95925903320312,25178
2006-08-16,276.0,288.79998779296875,265.20001220703125,284.79998779296875,218.87405395507812,33945
2006-08-17,284.3999938964844,300.0,281.6000061035156,291.6000061035156,224.10000610351562,21820
2006-08-18,293.20001220703125,296.0,280.79998779296875,293.6000061035156,225.6370391845703,14645
2006-08-21,290.0,295.6000061035156,280.3999938964844,283.6000061035156,217.9518585205078,12850
2006-08-22,282.79998779296875,289.6000061035156,280.0,282.79998779296875,217.33702087402344,8773
2006-08-23,284.3999938964844,289.6000061035156,281.20001220703125,281.6000061035156,216.41481018066406,8610
2006-08-24,284.3999938964844,287.6000061035156,268.0,275.6000061035156,211.8037109375,15818
2006-08-25,273.6000061035156,278.0,270.79998779296875,273.20001220703125,209.95925903320312,6743
2006-08-28,278.0,297.20001220703125,276.0,291.6000061035156,224.10000610351562,17798
2006-08-29,293.20001220703125,296.0,282.3999938964844,295.6000061035156,227.174072265625,13945
2006-08-30,296.0,320.79998779296875,295.20001220703125,318.3999938964844,244.6962890625,31575
2006-08-31,320.0,328.79998779296875,300.0,302.3999938964844,232.39999389648438,49158
2006-09-01,306.79998779296875,306.79998779296875,293.20001220703125,299.20001220703125,229.9407501220703,17970
2006-09-05,298.79998779296875,308.0,293.6000061035156,306.3999938964844,235.47406005859375,14520
2006-09-06,302.79998779296875,303.6000061035156,284.79998779296875,284.79998779296875,218.87405395507812,13178
2006-09-07,283.6000061035156,299.6000061035156,282.3999938964844,287.20001220703125,220.71852111816406,27203
2006-09-08,291.20001220703125,293.20001220703125,282.3999938964844,284.0,218.25926208496094,25683
2006-09-11,277.6000061035156,278.0,269.20001220703125,272.3999938964844,209.3444366455078,29798
2006-09-12,270.79998779296875,288.0,270.79998779296875,285.6000061035156,219.4888916015625,20208
2006-09-13,286.0,293.6000061035156,282.79998779296875,284.0,218.25926208496094,18088
2006-09-14,281.20001220703125,283.6000061035156,270.3999938964844,272.79998779296875,209.65184020996094,25410
2006-09-15,276.3999938964844,283.20001220703125,266.79998779296875,268.0,205.9629669189453,21013
2006-09-18,267.6000061035156,276.3999938964844,265.20001220703125,268.3999938964844,206.27035522460938,11938
2006-09-19,268.0,270.0,251.1999969482422,252.8000030517578,194.28147888183594,33285
2006-09-20,254.0,262.79998779296875,251.1999969482422,254.39999389648438,195.5111083984375,37638
2006-09-21,256.0,256.3999938964844,244.0,244.8000030517578,188.13333129882812,18520
2006-09-22,244.39999389648438,246.0,222.39999389648438,228.0,175.2222137451172,31785
2006-09-25,230.0,238.8000030517578,224.0,232.0,178.29629516601562,25405
2006-09-26,233.1999969482422,240.39999389648438,232.0,234.39999389648438,180.14073181152344,34240
2006-09-27,234.0,250.39999389648438,230.0,250.39999389648438,192.43702697753906,31668
2006-09-28,250.8000030517578,254.0,241.60000610351562,246.39999389648438,189.3629608154297,29963
2006-09-29,248.0,249.60000610351562,236.0,236.8000030517578,181.9851837158203,13135
2006-10-02,237.1999969482422,242.8000030517578,221.1999969482422,222.39999389648438,170.91851806640625,89095
2006-10-03,220.0,222.0,200.0,205.1999969482422,157.6999969482422,67660
2006-10-04,203.60000610351562,217.1999969482422,203.60000610351562,214.0,164.4629669189453,42060
2006-10-05,213.1999969482422,215.1999969482422,208.8000030517578,212.8000030517578,163.54074096679688,17075
2006-10-06,210.0,215.1999969482422,204.39999389648438,212.8000030517578,163.54074096679688,12170
2006-10-09,210.8000030517578,213.60000610351562,189.1999969482422,209.60000610351562,161.08148193359375,20728
2006-10-10,209.1999969482422,213.1999969482422,206.8000030517578,208.0,159.8518524169922,16188
2006-10-11,208.0,218.39999389648438,207.1999969482422,210.8000030517578,162.0037078857422,14695
2006-10-12,212.39999389648438,222.39999389648438,210.0,222.0,170.61111450195312,32370
2006-10-13,222.8000030517578,232.0,220.39999389648438,230.0,176.75926208496094,21600
2006-10-16,231.60000610351562,242.0,229.1999969482422,241.60000610351562,185.674072265625,23325
2006-10-17,240.0,240.0,234.0,239.1999969482422,183.82962036132812,27085
2006-10-18,238.0,238.8000030517578,224.39999389648438,227.60000610351562,174.91481018066406,30183
2006-10-19,226.8000030517578,232.0,220.39999389648438,229.60000610351562,176.4518585205078,10425
2006-10-20,230.8000030517578,231.1999969482422,219.60000610351562,222.8000030517578,171.22592163085938,13535
2006-10-23,220.39999389648438,226.0,216.8000030517578,224.39999389648438,172.45555114746094,16313
2006-10-24,224.39999389648438,228.39999389648438,221.60000610351562,224.8000030517578,172.76296997070312,11885
2006-10-25,224.0,236.39999389648438,218.8000030517578,234.0,179.8333282470703,14960
2006-10-26,235.1999969482422,240.39999389648438,224.0,236.8000030517578,181.9851837158203,25998
2006-10-27,236.0,238.8000030517578,228.0,228.39999389648438,175.5296173095703,19715
2006-10-30,228.0,233.60000610351562,224.8000030517578,232.8000030517578,178.91111755371094,6910
2006-10-31,232.8000030517578,234.0,226.0,230.0,176.75926208496094,6900
2006-11-01,230.0,235.1999969482422,224.8000030517578,225.1999969482422,173.0703582763672,18370
2006-11-02,222.39999389648438,228.0,217.60000610351562,226.0,173.6851806640625,11428
2006-11-03,227.1999969482422,234.39999389648438,224.8000030517578,231.1999969482422,177.6814727783203,9695
2006-11-06,232.0,246.39999389648438,209.60000610351562,212.8000030517578,163.54074096679688,66883
2006-11-07,202.0,212.0,184.8000030517578,189.60000610351562,145.71112060546875,97558
2006-11-08,188.39999389648438,200.0,184.0,199.60000610351562,153.39630126953125,42283
2006-11-09,200.0,203.1999969482422,188.0,190.0,146.0185089111328,30563
2006-11-10,190.39999389648438,195.1999969482422,188.39999389648438,194.39999389648438,149.39999389648438,9198
2006-11-13,193.1999969482422,197.60000610351562,190.8000030517578,194.39999389648438,149.39999389648438,10160
2006-11-14,195.60000610351562,198.39999389648438,190.0,197.60000610351562,151.85926818847656,29198
2006-11-15,200.8000030517578,208.8000030517578,197.60000610351562,208.8000030517578,160.46665954589844,37913
2006-11-16,209.1999969482422,212.8000030517578,201.1999969482422,202.0,155.24073791503906,23253
2006-11-17,201.1999969482422,201.60000610351562,198.0,200.0,153.70370483398438,13918
2006-11-20,200.0,202.8000030517578,198.0,201.1999969482422,154.62591552734375,12135
2006-11-21,200.39999389648438,202.0,197.60000610351562,198.0,152.1666717529297,20488
2006-11-22,197.1999969482422,203.60000610351562,197.1999969482422,200.0,153.70370483398438,15240
2006-11-24,198.0,200.8000030517578,197.1999969482422,200.8000030517578,154.31851196289062,6550
2006-11-27,200.0,200.8000030517578,192.0,193.60000610351562,148.78518676757812,14945
2006-11-28,200.39999389648438,204.0,196.8000030517578,200.8000030517578,154.31851196289062,22500
2006-11-29,202.39999389648438,216.8000030517578,202.0,212.39999389648438,163.2333221435547,26918
2006-11-30,214.39999389648438,258.79998779296875,214.39999389648438,240.0,184.44444274902344,78818
2006-12-01,238.39999389648438,246.0,233.1999969482422,241.60000610351562,185.674072265625,29270
2006-12-04,241.60000610351562,247.1999969482422,236.39999389648438,240.8000030517578,185.05926513671875,36040
2006-12-05,241.1999969482422,245.60000610351562,237.60000610351562,241.1999969482422,185.36666870117188,13028
2006-12-06,239.60000610351562,245.1999969482422,232.0,240.39999389648438,184.75184631347656,12683
2006-12-07,240.0,240.8000030517578,233.60000610351562,233.60000610351562,179.5259246826172,13168
2006-12-08,232.39999389648438,236.39999389648438,228.0,230.0,176.75926208496094,14403
2006-12-11,229.1999969482422,231.1999969482422,226.39999389648438,229.1999969482422,176.14443969726562,14078
2006-12-12,230.39999389648438,230.39999389648438,226.0,226.39999389648438,173.99258422851562,10458
2006-12-13,228.0,239.1999969482422,228.0,232.39999389648438,178.60369873046875,10650
2006-12-14,231.60000610351562,236.8000030517578,224.0,226.39999389648438,173.99258422851562,20310
2006-12-15,226.8000030517578,232.8000030517578,225.60000610351562,231.1999969482422,177.6814727783203,19210
2006-12-18,231.1999969482422,238.39999389648438,224.0,226.39999389648438,173.99258422851562,25018
2006-12-19,223.1999969482422,228.39999389648438,218.0,219.60000610351562,168.76666259765625,17180
2006-12-20,221.60000610351562,222.8000030517578,216.8000030517578,219.60000610351562,168.76666259765625,11288
2006-12-21,220.0,220.39999389648438,213.60000610351562,217.1999969482422,166.92221069335938,15893
2006-12-22,216.39999389648438,219.1999969482422,214.0,217.60000610351562,167.22962951660156,12368
2006-12-26,216.0,216.39999389648438,205.1999969482422,209.60000610351562,161.08148193359375,25245
2006-12-27,209.1999969482422,223.60000610351562,209.1999969482422,220.8000030517578,169.6888885498047,25693
2006-12-28,219.60000610351562,232.39999389648438,219.60000610351562,230.8000030517578,177.3740692138672,25248
2006-12-29,229.1999969482422,230.8000030517578,218.39999389648438,221.1999969482422,169.9962921142578,13045
2007-01-03,222.0,232.39999389648438,222.0,226.8000030517578,174.3000030517578,19200
2007-01-04,226.0,235.60000610351562,226.0,232.8000030517578,178.91111755371094,21950
2007-01-05,230.8000030517578,231.1999969482422,224.0,225.1999969482422,173.0703582763672,19468
2007-01-08,224.0,225.1999969482422,214.0,214.39999389648438,164.77037048339844,22278
2007-01-09,222.39999389648438,224.0,180.8000030517578,181.1999969482422,139.25555419921875,91850
2007-01-10,182.8000030517578,183.60000610351562,170.0,174.8000030517578,134.3370361328125,67930
2007-01-11,169.60000610351562,173.60000610351562,164.0,164.0,126.03703308105469,47515
2007-01-12,163.60000610351562,172.39999389648438,162.8000030517578,172.39999389648438,132.49258422851562,47740
2007-01-16,176.0,176.0,168.39999389648438,168.8000030517578,129.72592163085938,25175
2007-01-17,168.8000030517578,169.60000610351562,162.0,162.8000030517578,125.11481475830078,26205
2007-01-18,163.1999969482422,166.0,159.60000610351562,160.39999389648438,123.2703628540039,25808
2007-01-19,159.60000610351562,164.39999389648438,159.1999969482422,161.60000610351562,124.19259643554688,17810
2007-01-22,162.0,162.39999389648438,158.0,159.60000610351562,122.65555572509766,21505
2007-01-23,158.8000030517578,159.1999969482422,153.60000610351562,156.0,119.88888549804688,35388
2007-01-24,158.39999389648438,162.8000030517578,157.60000610351562,160.39999389648438,123.2703628540039,23053
2007-01-25,162.0,162.0,157.60000610351562,160.8000030517578,123.5777816772461,20480
2007-01-26,160.8000030517578,174.0,160.8000030517578,167.60000610351562,128.8037109375,48083
2007-01-29,166.39999389648438,170.39999389648438,162.0,163.60000610351562,125.72962951660156,29170
2007-01-30,162.39999389648438,169.60000610351562,162.0,163.60000610351562,125.72962951660156,26050
2007-01-31,162.39999389648438,168.0,162.0,163.1999969482422,125.4222183227539,21648
2007-02-01,164.8000030517578,166.8000030517578,162.0,165.1999969482422,126.9592514038086,18810
2007-02-02,164.8000030517578,169.1999969482422,164.8000030517578,168.0,129.11111450195312,27675
2007-02-05,168.0,172.8000030517578,166.0,167.1999969482422,128.4962921142578,28448
2007-02-06,167.1999969482422,170.0,165.60000610351562,167.1999969482422,128.4962921142578,18560
2007-02-07,169.60000610351562,171.1999969482422,165.60000610351562,166.39999389648438,127.88147735595703,20690
2007-02-08,168.0,168.0,162.8000030517578,164.39999389648438,126.34443664550781,19883
2007-02-09,163.60000610351562,166.39999389648438,159.1999969482422,160.39999389648438,123.2703628540039,22763
2007-02-12,161.1999969482422,162.8000030517578,154.8000030517578,156.0,119.88888549804688,20165
2007-02-13,156.39999389648438,158.39999389648438,155.1999969482422,158.0,121.4259262084961,15333
2007-02-14,156.8000030517578,162.0,156.8000030517578,160.8000030517578,123.5777816772461,17470
2007-02-15,160.8000030517578,160.8000030517578,157.60000610351562,158.0,121.4259262084961,16640
2007-02-16,158.0,160.8000030517578,156.0,160.8000030517578,123.5777816772461,11910
2007-02-20,162.0,166.39999389648438,158.0,164.8000030517578,126.65185546875,11043
2007-02-21,162.8000030517578,166.39999389648438,160.0,164.39999389648438,126.34443664550781,15900
2007-02-22,164.39999389648438,171.1999969482422,164.39999389648438,169.60000610351562,130.3407440185547,18318
2007-02-23,170.0,195.60000610351562,169.60000610351562,188.39999389648438,144.78887939453125,65573
2007-02-26,192.0,203.60000610351562,188.8000030517578,196.0,150.62962341308594,56805
2007-02-27,185.60000610351562,192.39999389648438,184.39999389648438,185.1999969482422,142.32962036132812,31465
2007-02-28,183.60000610351562,186.0,173.60000610351562,179.1999969482422,137.71852111816406,29618
2007-03-01,174.0,183.60000610351562,171.60000610351562,183.60000610351562,141.10000610351562,13415
2007-03-02,179.1999969482422,183.60000610351562,173.60000610351562,176.39999389648438,135.56666564941406,19210
2007-03-05,176.39999389648438,195.1999969482422,175.1999969482422,180.8000030517578,138.94815063476562,43515
2007-03-06,192.0,194.39999389648438,187.1999969482422,190.0,146.0185089111328,30773
2007-03-07,189.60000610351562,195.60000610351562,187.1999969482422,188.39999389648438,144.78887939453125,28340
2007-03-08,195.60000610351562,196.0,190.39999389648438,194.39999389648438,149.39999389648438,11243
2007-03-09,196.39999389648438,197.60000610351562,192.0,195.1999969482422,150.0148162841797,8303
2007-03-12,196.0,210.39999389648438,194.0,208.8000030517578,160.46665954589844,21885
2007-03-13,209.60000610351562,214.8000030517578,192.8000030517578,193.60000610351562,148.78518676757812,35445
2007-03-14,200.0,200.0,191.1999969482422,195.1999969482422,150.0148162841797,15760
2007-03-15,195.60000610351562,195.60000610351562,189.1999969482422,191.60000610351562,147.24815368652344,16035
2007-03-16,191.1999969482422,194.8000030517578,188.39999389648438,189.1999969482422,145.40370178222656,13188
2007-03-19,190.39999389648438,194.39999389648438,190.39999389648438,192.39999389648438,147.8629608154297,7663
2007-03-20,192.39999389648438,193.60000610351562,186.0,188.0,144.48147583007812,11645
2007-03-21,188.0,198.39999389648438,187.1999969482422,197.1999969482422,151.55184936523438,17298
2007-03-22,198.8000030517578,205.60000610351562,198.0,200.8000030517578,154.31851196289062,17403
2007-03-23,202.0,212.39999389648438,200.0,200.8000030517578,154.31851196289062,13923
2007-03-26,205.60000610351562,207.60000610351562,200.8000030517578,206.0,158.3148193359375,9118
2007-03-27,205.60000610351562,206.0,198.0,199.1999969482422,153.08888244628906,10520
2007-03-28,200.0,205.60000610351562,199.1999969482422,199.1999969482422,153.08888244628906,9173
2007-03-29,200.8000030517578,203.60000610351562,194.39999389648438,198.0,152.1666717529297,18280
2007-03-30,198.39999389648438,200.0,196.0,200.0,153.70370483398438,6285
2007-04-02,200.39999389648438,204.0,194.39999389648438,196.39999389648438,150.93702697753906,5673
2007-04-03,200.0,200.8000030517578,196.8000030517578,197.60000610351562,151.85926818847656,15623
2007-04-04,196.39999389648438,200.0,193.60000610351562,194.0,149.09259033203125,10205
2007-04-05,193.1999969482422,198.39999389648438,193.1999969482422,195.1999969482422,150.0148162841797,8330
2007-04-09,195.1999969482422,195.60000610351562,191.1999969482422,191.60000610351562,147.24815368652344,13025
2007-04-10,190.8000030517578,192.39999389648438,181.1999969482422,184.39999389648438,141.71481323242188,22205
2007-04-11,184.8000030517578,188.39999389648438,182.39999389648438,182.8000030517578,140.4851837158203,9853
2007-04-12,182.0,197.60000610351562,181.1999969482422,197.60000610351562,151.85926818847656,19075
2007-04-13,197.60000610351562,197.60000610351562,192.0,194.0,149.09259033203125,11220
2007-04-16,194.8000030517578,202.39999389648438,194.0,195.60000610351562,150.3222198486328,19618
2007-04-17,194.8000030517578,201.1999969482422,194.8000030517578,200.0,153.70370483398438,18950
2007-04-18,204.0,210.8000030517578,201.1999969482422,203.1999969482422,156.1629638671875,38803
2007-04-19,202.8000030517578,204.0,198.39999389648438,202.0,155.24073791503906,11523
2007-04-20,208.0,209.60000610351562,202.0,203.1999969482422,156.1629638671875,13588
2007-04-23,204.0,212.0,202.8000030517578,208.8000030517578,160.46665954589844,22338
2007-04-24,204.8000030517578,212.39999389648438,204.0,207.1999969482422,159.23703002929688,38223
2007-04-25,207.1999969482422,212.0,205.1999969482422,206.39999389648438,158.62220764160156,17053
2007-04-26,206.39999389648438,220.8000030517578,205.1999969482422,219.1999969482422,168.45925903320312,29738
2007-04-27,216.39999389648438,231.1999969482422,202.39999389648438,203.1999969482422,156.1629638671875,31970
2007-04-30,208.0,211.1999969482422,197.1999969482422,198.0,152.1666717529297,27908
2007-05-01,198.8000030517578,204.0,194.0,198.39999389648438,152.47406005859375,18998
2007-05-02,198.39999389648438,207.1999969482422,194.8000030517578,202.39999389648438,155.5481414794922,16738
2007-05-03,204.0,211.60000610351562,200.0,206.8000030517578,158.92962646484375,21290
2007-05-04,207.1999969482422,207.60000610351562,200.0,203.60000610351562,156.47036743164062,10933
2007-05-07,202.8000030517578,204.0,200.0,200.8000030517578,154.31851196289062,10595
2007-05-08,201.60000610351562,203.1999969482422,199.60000610351562,200.8000030517578,154.31851196289062,9125
2007-05-09,199.1999969482422,201.60000610351562,198.8000030517578,200.8000030517578,154.31851196289062,8240
2007-05-10,198.39999389648438,201.60000610351562,188.0,188.8000030517578,145.09629821777344,17465
2007-05-11,187.1999969482422,195.1999969482422,187.1999969482422,193.60000610351562,148.78518676757812,11183
2007-05-14,196.0,200.0,192.0,195.1999969482422,150.0148162841797,7878
2007-05-15,194.39999389648438,195.1999969482422,185.60000610351562,186.0,142.94444274902344,11513
2007-05-16,186.8000030517578,190.8000030517578,178.0,178.39999389648438,137.10369873046875,25870
2007-05-17,178.8000030517578,179.60000610351562,173.1999969482422,175.60000610351562,134.9518585205078,17065
2007-05-18,176.0,183.60000610351562,172.8000030517578,182.8000030517578,140.4851837158203,10835
2007-05-21,184.0,189.60000610351562,181.1999969482422,186.39999389648438,143.25184631347656,10988
2007-05-22,186.8000030517578,191.60000610351562,184.0,186.0,142.94444274902344,12990
2007-05-23,186.0,191.60000610351562,184.8000030517578,190.8000030517578,146.63333129882812,12808
2007-05-24,190.8000030517578,194.0,186.8000030517578,188.8000030517578,145.09629821777344,16390
2007-05-25,188.8000030517578,190.0,184.39999389648438,187.60000610351562,144.174072265625,9155
2007-05-29,188.0,193.1999969482422,187.1999969482422,188.0,144.48147583007812,10033
2007-05-30,186.39999389648438,190.8000030517578,185.1999969482422,190.0,146.0185089111328,9553
2007-05-31,190.8000030517578,195.1999969482422,186.0,194.0,149.09259033203125,6448
2007-06-01,195.60000610351562,201.60000610351562,194.39999389648438,200.8000030517578,154.31851196289062,21873
2007-06-04,200.0,210.0,194.0,194.8000030517578,149.70741271972656,12893
2007-06-05,194.39999389648438,204.0,194.39999389648438,200.0,153.70370483398438,12863
2007-06-06,197.60000610351562,203.60000610351562,196.39999389648438,201.1999969482422,154.62591552734375,9068
2007-06-07,200.8000030517578,204.8000030517578,196.8000030517578,199.1999969482422,153.08888244628906,8218
2007-06-08,202.0,202.0,196.39999389648438,198.0,152.1666717529297,4533
2007-06-11,198.0,200.0,194.8000030517578,195.60000610351562,150.3222198486328,7268
2007-06-12,197.60000610351562,197.60000610351562,189.1999969482422,190.8000030517578,146.63333129882812,13605
2007-06-13,194.0,194.0,188.8000030517578,193.1999969482422,148.47776794433594,7593
2007-06-14,193.1999969482422,200.0,190.0,192.0,147.55555725097656,13228
2007-06-15,204.0,205.1999969482422,195.60000610351562,196.0,150.62962341308594,18820
2007-06-18,198.8000030517578,201.60000610351562,196.0,200.39999389648438,154.0111083984375,21488
2007-06-19,198.8000030517578,200.39999389648438,194.0,195.60000610351562,150.3222198486328,15585
2007-06-20,195.60000610351562,205.60000610351562,194.0,204.8000030517578,157.39259338378906,23870
2007-06-21,203.1999969482422,211.60000610351562,200.8000030517578,210.0,161.38888549804688,20963
2007-06-22,208.0,210.8000030517578,205.60000610351562,208.39999389648438,160.1592559814453,103203
2007-06-25,208.39999389648438,225.60000610351562,204.0,213.1999969482422,163.84814453125,27853
2007-06-26,216.39999389648438,217.60000610351562,210.0,214.8000030517578,165.07777404785156,11328
2007-06-27,215.1999969482422,216.0,208.8000030517578,214.8000030517578,165.07777404785156,7523
2007-06-28,218.0,219.1999969482422,212.0,213.1999969482422,163.84814453125,8698
2007-06-29,212.39999389648438,218.39999389648438,212.39999389648438,218.0,167.5370330810547,10025
2007-07-02,218.8000030517578,229.60000610351562,218.0,225.1999969482422,173.0703582763672,12788
2007-07-03,229.1999969482422,234.0,226.0,234.0,179.8333282470703,14500
2007-07-05,234.0,242.0,230.8000030517578,236.0,181.370361328125,19485
2007-07-06,236.0,242.8000030517578,236.0,236.8000030517578,181.9851837158203,19710
2007-07-09,237.1999969482422,244.0,236.39999389648438,242.39999389648438,186.28887939453125,25478
2007-07-10,241.1999969482422,246.0,236.39999389648438,239.60000610351562,184.1370391845703,41515
2007-07-11,237.1999969482422,252.0,220.0,230.0,176.75926208496094,46200
2007-07-12,232.8000030517578,244.0,226.8000030517578,242.8000030517578,186.59629821777344,28718
2007-07-13,243.1999969482422,260.0,242.8000030517578,248.39999389648438,190.89999389648438,30745
2007-07-16,248.0,256.79998779296875,242.0,251.60000610351562,193.35926818847656,16348
2007-07-17,251.1999969482422,261.20001220703125,250.8000030517578,257.6000061035156,197.97036743164062,31653
2007-07-18,254.39999389648438,264.79998779296875,248.8000030517578,262.3999938964844,201.6592559814453,26665
2007-07-19,269.20001220703125,308.0,267.20001220703125,307.6000061035156,236.39630126953125,122258
2007-07-20,304.79998779296875,308.3999938964844,292.0,301.20001220703125,231.477783203125,38668
2007-07-23,304.0,316.79998779296875,299.6000061035156,314.0,241.31480407714844,29800
2007-07-24,310.3999938964844,322.3999938964844,302.79998779296875,320.79998779296875,246.5407257080078,40790
2007-07-25,320.0,328.0,313.6000061035156,326.0,250.5370330810547,47758
2007-07-26,324.0,332.0,316.0,318.79998779296875,245.00369262695312,53523
2007-07-27,314.3999938964844,328.79998779296875,307.20001220703125,309.6000061035156,237.93333435058594,42255
2007-07-30,319.6000061035156,319.6000061035156,306.3999938964844,312.0,239.77777099609375,31270
2007-07-31,312.0,318.0,305.20001220703125,309.6000061035156,237.93333435058594,20970
2007-08-01,308.79998779296875,308.79998779296875,293.20001220703125,298.0,229.0185089111328,32073
2007-08-02,298.3999938964844,301.20001220703125,294.0,298.0,229.0185089111328,35270
2007-08-03,299.20001220703125,313.20001220703125,295.6000061035156,296.0,227.48147583007812,24565
2007-08-06,300.0,319.20001220703125,281.20001220703125,315.6000061035156,242.54444885253906,34178
2007-08-07,314.3999938964844,360.0,308.79998779296875,353.20001220703125,271.44073486328125,66490
2007-08-08,354.3999938964844,396.3999938964844,354.3999938964844,390.3999938964844,300.0296325683594,59598
2007-08-09,383.6000061035156,394.3999938964844,374.0,388.0,298.1851806640625,63150
2007-08-10,381.6000061035156,385.6000061035156,353.20001220703125,374.79998779296875,288.0407409667969,26670
2007-08-13,396.0,396.0,357.6000061035156,373.6000061035156,287.1185302734375,20093
2007-08-14,373.6000061035156,377.20001220703125,352.0,359.6000061035156,276.3592529296875,11313
2007-08-15,348.79998779296875,364.79998779296875,343.6000061035156,347.6000061035156,267.13702392578125,14933
2007-08-16,342.3999938964844,347.6000061035156,314.0,345.20001220703125,265.2926025390625,22313
2007-08-17,352.3999938964844,360.0,334.79998779296875,343.20001220703125,263.75555419921875,11818
2007-08-20,339.20001220703125,376.3999938964844,338.79998779296875,372.79998779296875,286.5036926269531,17683
2007-08-21,373.20001220703125,379.6000061035156,364.3999938964844,369.20001220703125,283.7370300292969,12550
2007-08-22,372.3999938964844,380.0,367.6000061035156,376.3999938964844,289.2703552246094,13328
2007-08-23,377.6000061035156,379.20001220703125,353.6000061035156,367.20001220703125,282.20001220703125,8535
2007-08-24,366.3999938964844,373.6000061035156,358.0,372.3999938964844,286.1962890625,5148
2007-08-27,372.3999938964844,376.0,358.3999938964844,362.3999938964844,278.5111083984375,6703
2007-08-28,360.79998779296875,361.20001220703125,342.0,346.0,265.90740966796875,13050
2007-08-29,358.3999938964844,385.6000061035156,358.3999938964844,380.0,292.0370178222656,31908
2007-08-30,382.0,385.6000061035156,363.20001220703125,370.0,284.3518371582031,11973
2007-08-31,379.20001220703125,385.6000061035156,372.0,376.0,288.96295166015625,15013
2007-09-04,376.0,396.0,372.79998779296875,388.3999938964844,298.4925842285156,21278
2007-09-05,384.79998779296875,389.20001220703125,355.20001220703125,366.0,281.27777099609375,33923
2007-09-06,360.0,361.20001220703125,338.0,350.3999938964844,269.28887939453125,29145
2007-09-07,344.3999938964844,344.3999938964844,325.20001220703125,329.6000061035156,253.3037109375,24300
2007-09-10,340.0,343.20001220703125,308.0,310.3999938964844,238.5481414794922,29708
2007-09-11,312.0,318.0,293.6000061035156,316.0,242.8518524169922,39803
2007-09-12,307.6000061035156,325.6000061035156,307.6000061035156,308.0,236.70370483398438,24803
2007-09-13,308.3999938964844,311.6000061035156,297.20001220703125,298.79998779296875,229.63331604003906,16253
2007-09-14,296.3999938964844,304.3999938964844,290.0,302.0,232.09259033203125,18578
2007-09-17,300.3999938964844,306.0,292.79998779296875,304.79998779296875,234.2444305419922,15733
2007-09-18,313.6000061035156,328.3999938964844,305.6000061035156,321.6000061035156,247.1555633544922,18805
2007-09-19,324.79998779296875,327.6000061035156,310.0,312.79998779296875,240.392578125,11878
2007-09-20,329.6000061035156,346.0,328.0,334.0,256.6851806640625,33065
2007-09-21,334.0,355.6000061035156,330.79998779296875,345.6000061035156,265.6000061035156,24413
2007-09-24,350.0,362.0,346.0,346.79998779296875,266.522216796875,18235
2007-09-25,344.3999938964844,352.79998779296875,340.3999938964844,351.20001220703125,269.9037170410156,13098
2007-09-26,354.79998779296875,355.6000061035156,340.0,346.3999938964844,266.2148132324219,21510
2007-09-27,351.20001220703125,359.6000061035156,341.6000061035156,359.6000061035156,276.3592529296875,27675
2007-09-28,358.3999938964844,388.0,358.3999938964844,384.0,295.1111145019531,40128
2007-10-01,393.20001220703125,412.0,393.20001220703125,398.0,305.870361328125,43885
2007-10-02,398.0,432.0,398.0,418.0,321.24072265625,52705
2007-10-03,420.0,434.0,415.20001220703125,417.20001220703125,320.62591552734375,23918
2007-10-04,418.0,426.79998779296875,394.3999938964844,426.0,327.3888854980469,20675
2007-10-05,428.0,438.0,422.3999938964844,425.20001220703125,326.7740783691406,16683
2007-10-08,406.0,432.0,406.0,414.79998779296875,318.7814636230469,15215
2007-10-09,416.79998779296875,424.0,403.6000061035156,403.6000061035156,310.174072265625,15798
2007-10-10,400.0,408.79998779296875,384.0,401.20001220703125,308.3296203613281,27098
2007-10-11,419.20001220703125,421.6000061035156,366.0,377.20001220703125,289.88519287109375,48690
2007-10-12,384.79998779296875,396.3999938964844,376.0,394.79998779296875,303.4111022949219,12985
2007-10-15,393.6000061035156,408.0,392.79998779296875,397.6000061035156,305.5629577636719,24715
2007-10-16,386.0,406.79998779296875,380.3999938964844,398.0,305.870361328125,19508
2007-10-17,406.79998779296875,414.0,395.20001220703125,404.79998779296875,311.0962829589844,13108
2007-10-18,399.20001220703125,412.79998779296875,399.20001220703125,408.79998779296875,314.17034912109375,16005
2007-10-19,408.79998779296875,408.79998779296875,386.0,388.3999938964844,298.4925842285156,11465
2007-10-22,384.3999938964844,404.0,372.3999938964844,398.0,305.870361328125,16760
2007-10-23,400.3999938964844,407.6000061035156,390.79998779296875,401.6000061035156,308.63702392578125,18323
2007-10-24,405.20001220703125,414.0,393.6000061035156,408.0,313.5555419921875,18283
2007-10-25,408.3999938964844,412.79998779296875,390.0,392.79998779296875,301.8740539550781,11050
2007-10-26,392.0,404.79998779296875,390.0,400.0,307.40740966796875,10708
2007-10-29,400.0,412.0,399.6000061035156,404.3999938964844,310.78887939453125,13725
2007-10-30,405.20001220703125,409.6000061035156,400.3999938964844,403.6000061035156,310.174072265625,10005
2007-10-31,406.79998779296875,440.0,400.0,431.6000061035156,331.6925964355469,39353
2007-11-01,426.0,431.6000061035156,410.0,420.79998779296875,323.392578125,24648
2007-11-02,414.0,418.79998779296875,392.79998779296875,405.20001220703125,311.4037170410156,27560
2007-11-05,404.0,420.0,396.3999938964844,414.79998779296875,318.7814636230469,21930
2007-11-06,414.79998779296875,434.0,414.79998779296875,430.3999938964844,330.7703552246094,25615
2007-11-07,428.0,428.0,406.0,411.6000061035156,316.3222351074219,16515
2007-11-08,418.3999938964844,420.0,380.0,392.79998779296875,301.8740539550781,22565
2007-11-09,383.6000061035156,390.0,373.20001220703125,386.0,296.64813232421875,15685
2007-11-12,385.20001220703125,386.0,332.0,336.3999938964844,258.5296325683594,30438
2007-11-13,332.79998779296875,359.20001220703125,324.0,354.3999938964844,272.3629455566406,28895
2007-11-14,360.3999938964844,363.20001220703125,342.79998779296875,346.0,265.90740966796875,20145
2007-11-15,353.20001220703125,368.3999938964844,340.3999938964844,343.6000061035156,264.0629577636719,24008
2007-11-16,346.79998779296875,357.20001220703125,340.3999938964844,349.6000061035156,268.674072265625,11880
2007-11-19,345.20001220703125,349.20001220703125,316.79998779296875,323.20001220703125,248.38519287109375,20825
2007-11-20,324.79998779296875,335.6000061035156,296.0,307.6000061035156,236.39630126953125,31265
2007-11-21,296.0,324.0,288.79998779296875,312.79998779296875,240.392578125,16383
2007-11-23,316.3999938964844,316.3999938964844,301.6000061035156,314.79998779296875,241.9296112060547,4788
2007-11-26,314.79998779296875,323.20001220703125,298.79998779296875,300.3999938964844,230.8629608154297,11453
2007-11-27,301.6000061035156,310.79998779296875,296.0,308.0,236.70370483398438,28888
2007-11-28,317.6000061035156,340.0,312.0,337.20001220703125,259.1444396972656,23255
2007-11-29,336.79998779296875,352.79998779296875,330.0,330.0,253.61111450195312,17525
2007-11-30,335.6000061035156,354.0,330.0,350.79998779296875,269.5962829589844,21240
2007-12-03,355.20001220703125,357.20001220703125,334.79998779296875,335.6000061035156,257.9148254394531,19160
2007-12-04,334.0,346.0,326.3999938964844,335.20001220703125,257.607421875,20445
2007-12-05,344.3999938964844,359.6000061035156,344.3999938964844,351.6000061035156,270.21112060546875,16435
2007-12-06,351.20001220703125,363.20001220703125,350.79998779296875,362.79998779296875,278.8185119628906,10975
2007-12-07,364.0,395.6000061035156,362.79998779296875,386.3999938964844,296.9555358886719,28413
2007-12-10,394.0,396.79998779296875,381.20001220703125,390.3999938964844,300.0296325683594,20873
2007-12-11,390.79998779296875,408.0,376.3999938964844,376.79998779296875,289.5777587890625,24243
2007-12-12,418.0,466.79998779296875,406.3999938964844,458.3999938964844,352.28887939453125,117088
2007-12-13,452.3999938964844,502.79998779296875,452.0,488.79998779296875,375.6518249511719,129280
2007-12-14,490.0,514.0,472.3999938964844,511.6000061035156,393.174072265625,74673
2007-12-17,526.4000244140625,540.0,461.20001220703125,465.6000061035156,357.8222351074219,96883
2007-12-18,479.20001220703125,564.4000244140625,475.6000061035156,556.0,427.2962951660156,134745
2007-12-19,570.0,574.0,545.5999755859375,561.2000122070312,431.2926025390625,82503
2007-12-20,549.2000122070312,569.2000122070312,549.2000122070312,554.0,425.7592468261719,60850
2007-12-21,561.2000122070312,563.5999755859375,529.5999755859375,532.0,408.8518371582031,51538
2007-12-24,532.0,593.2000122070312,532.0,580.4000244140625,446.04815673828125,40495
2007-12-26,585.5999755859375,619.2000122070312,585.5999755859375,599.2000122070312,460.4963073730469,54645
2007-12-27,604.4000244140625,605.5999755859375,554.7999877929688,569.5999755859375,437.74810791015625,34010
2007-12-28,580.0,584.4000244140625,560.0,576.4000244140625,442.9740905761719,23725
2007-12-31,592.7999877929688,636.0,584.4000244140625,612.0,470.33331298828125,48438
2008-01-02,627.2000122070312,628.0,560.0,568.7999877929688,437.1333312988281,54935
2008-01-03,576.0,603.5999755859375,560.0,568.7999877929688,437.1333312988281,39563
2008-01-04,552.0,580.0,528.7999877929688,557.5999755859375,428.5259094238281,55948
2008-01-07,561.5999755859375,572.0,494.3999938964844,502.79998779296875,386.4111022949219,83095
2008-01-08,502.79998779296875,522.7999877929688,499.20001220703125,504.3999938964844,387.6407165527344,41060
2008-01-09,500.0,528.4000244140625,488.79998779296875,523.5999755859375,402.3962707519531,78750
2008-01-10,524.0,546.4000244140625,512.4000244140625,546.4000244140625,419.91851806640625,36610
2008-01-11,542.7999877929688,542.7999877929688,506.79998779296875,513.2000122070312,394.4037170410156,44843
2008-01-14,521.5999755859375,526.0,500.3999938964844,516.4000244140625,396.86297607421875,26570
2008-01-15,504.0,507.6000061035156,456.0,467.20001220703125,359.0518493652344,61803
2008-01-16,456.79998779296875,475.6000061035156,434.0,438.0,336.6111145019531,44310
2008-01-17,450.0,463.6000061035156,418.3999938964844,422.0,324.3148193359375,34458
2008-01-18,435.6000061035156,436.79998779296875,404.0,425.6000061035156,327.08148193359375,30453
2008-01-22,370.3999938964844,446.79998779296875,346.0,422.79998779296875,324.92962646484375,49773
2008-01-23,414.0,444.0,393.20001220703125,430.0,330.46295166015625,43960
2008-01-24,459.6000061035156,460.0,434.79998779296875,452.79998779296875,347.98516845703125,37338
2008-01-25,462.0,473.6000061035156,440.0,448.3999938964844,344.60369873046875,37438
2008-01-28,445.20001220703125,460.0,428.3999938964844,451.6000061035156,347.0629577636719,29653
2008-01-29,450.0,524.4000244140625,412.0,470.79998779296875,361.8185119628906,68305
2008-01-30,468.0,506.0,452.3999938964844,493.20001220703125,379.0333251953125,51350
2008-01-31,518.0,561.5999755859375,518.0,546.7999877929688,420.2259216308594,96135
2008-02-01,539.5999755859375,604.0,536.7999877929688,604.0,464.1851806640625,59805
2008-02-04,603.5999755859375,616.7999877929688,581.2000122070312,591.2000122070312,454.34814453125,36683
2008-02-05,579.2000122070312,579.2000122070312,499.20001220703125,520.4000244140625,399.9370422363281,64433
2008-02-06,527.5999755859375,538.4000244140625,472.0,481.20001220703125,369.8111267089844,52930
2008-02-07,496.79998779296875,599.2000122070312,488.0,548.0,421.14813232421875,139815
2008-02-08,552.7999877929688,554.4000244140625,529.5999755859375,548.4000244140625,421.45556640625,46908
2008-02-11,551.2000122070312,584.0,530.0,580.0,445.74072265625,71388
2008-02-12,579.5999755859375,591.5999755859375,542.4000244140625,558.4000244140625,429.1407470703125,44408
2008-02-13,578.7999877929688,582.0,554.0,564.4000244140625,433.7518615722656,41160
2008-02-14,564.4000244140625,580.0,542.7999877929688,548.7999877929688,421.762939453125,21333
2008-02-15,504.0,508.0,480.3999938964844,492.79998779296875,378.7259216308594,95578
2008-02-19,512.0,512.0,472.3999938964844,476.0,365.8148193359375,43143
2008-02-20,468.0,492.3999938964844,458.0,487.20001220703125,374.4222412109375,34448
2008-02-21,488.3999938964844,499.6000061035156,472.3999938964844,477.6000061035156,367.04443359375,24545
2008-02-22,478.0,482.0,444.3999938964844,454.0,348.90740966796875,26050
2008-02-25,456.79998779296875,472.0,448.79998779296875,463.20001220703125,355.977783203125,37355
2008-02-26,459.20001220703125,507.6000061035156,459.20001220703125,492.79998779296875,378.7259216308594,49278
2008-02-27,490.0,510.79998779296875,474.0,486.0,373.5,45988
2008-02-28,480.0,488.0,454.0,455.6000061035156,350.13702392578125,30853
2008-02-29,450.3999938964844,464.0,434.0,440.79998779296875,338.762939453125,29308
2008-03-03,434.3999938964844,442.3999938964844,420.0,426.0,327.3888854980469,34743
2008-03-04,427.20001220703125,436.79998779296875,403.20001220703125,420.3999938964844,323.0851745605469,52135
2008-03-05,424.0,454.0,416.3999938964844,439.20001220703125,337.5333251953125,38060
2008-03-06,433.6000061035156,439.20001220703125,422.3999938964844,422.79998779296875,324.92962646484375,19315
2008-03-07,414.3999938964844,422.0,389.6000061035156,393.6000061035156,302.4888916015625,39350
2008-03-10,392.0,396.79998779296875,364.0,364.0,279.74072265625,38710
2008-03-11,380.79998779296875,402.3999938964844,380.0,399.20001220703125,306.7926025390625,60258
2008-03-12,400.3999938964844,421.6000061035156,397.20001220703125,397.6000061035156,305.5629577636719,42840
2008-03-13,388.0,401.6000061035156,362.3999938964844,398.0,305.870361328125,49523
2008-03-14,412.0,412.79998779296875,336.3999938964844,364.3999938964844,280.0481262207031,117585
2008-03-17,347.6000061035156,362.79998779296875,340.79998779296875,353.20001220703125,271.44073486328125,71715
2008-03-18,359.6000061035156,373.20001220703125,244.39999389648438,271.20001220703125,208.42222595214844,385825
2008-03-19,286.0,292.0,233.60000610351562,266.0,204.42591857910156,280255
2008-03-20,260.0,262.3999938964844,242.8000030517578,246.8000030517578,189.6703643798828,92593
2008-03-24,256.0,276.79998779296875,252.0,264.0,202.88888549804688,115628
2008-03-25,266.79998779296875,268.0,224.8000030517578,236.0,181.370361328125,167938
2008-03-26,233.1999969482422,256.0,226.0,238.0,182.90740966796875,101935
2008-03-27,248.0,267.6000061035156,244.0,248.0,190.59259033203125,118510
2008-03-28,247.60000610351562,251.60000610351562,225.1999969482422,225.60000610351562,173.37777709960938,120303
2008-03-31,234.0,237.60000610351562,226.0,230.39999389648438,177.06666564941406,96750
2008-04-01,235.1999969482422,248.8000030517578,232.0,236.0,181.370361328125,73995
2008-04-02,244.0,273.20001220703125,242.0,273.20001220703125,209.95925903320312,169935
2008-04-03,272.0,290.79998779296875,264.0,266.79998779296875,205.0407257080078,121915
2008-04-04,269.20001220703125,287.6000061035156,263.6000061035156,271.20001220703125,208.42222595214844,82800
2008-04-07,291.20001220703125,295.6000061035156,270.79998779296875,280.3999938964844,215.49258422851562,85190
2008-04-08,276.0,288.0,274.79998779296875,278.0,213.6481475830078,45655
2008-04-09,283.20001220703125,285.6000061035156,272.0,278.3999938964844,213.95555114746094,44258
2008-04-10,282.79998779296875,301.20001220703125,282.3999938964844,287.6000061035156,221.0259246826172,104663
2008-04-11,281.20001220703125,287.6000061035156,272.3999938964844,287.6000061035156,221.0259246826172,65193
2008-04-14,294.0,295.20001220703125,280.79998779296875,287.6000061035156,221.0259246826172,94013
2008-04-15,289.6000061035156,289.6000061035156,274.3999938964844,281.6000061035156,216.41481018066406,77860
2008-04-16,282.0,287.6000061035156,280.3999938964844,286.3999938964844,220.10369873046875,51258
2008-04-17,286.3999938964844,286.3999938964844,276.79998779296875,279.6000061035156,214.87777709960938,30250
2008-04-18,282.79998779296875,284.0,271.20001220703125,282.0,216.7222137451172,49213
2008-04-21,282.3999938964844,294.0,279.20001220703125,282.0,216.7222137451172,58545
2008-04-22,282.3999938964844,282.79998779296875,272.3999938964844,273.6000061035156,210.26666259765625,29708
2008-04-23,274.0,275.6000061035156,264.3999938964844,274.0,210.57406616210938,27185
2008-04-24,273.6000061035156,275.20001220703125,266.0,272.3999938964844,209.3444366455078,34103
2008-04-25,274.0,274.3999938964844,258.0,259.6000061035156,199.50741577148438,33303
2008-04-28,256.3999938964844,258.0,244.0,248.39999389648438,190.89999389648438,49600
2008-04-29,246.0,253.1999969482422,246.0,248.39999389648438,190.89999389648438,27363
2008-04-30,250.39999389648438,256.3999938964844,244.8000030517578,247.1999969482422,189.97776794433594,29015
2008-05-01,246.39999389648438,287.6000061035156,246.39999389648438,280.3999938964844,215.49258422851562,68260
2008-05-02,284.3999938964844,296.0,282.0,288.79998779296875,221.94813537597656,46728
2008-05-05,303.20001220703125,312.0,289.20001220703125,293.6000061035156,225.6370391845703,89060
2008-05-06,297.6000061035156,299.20001220703125,287.20001220703125,292.0,224.40740966796875,35780
2008-05-07,305.6000061035156,305.6000061035156,286.79998779296875,294.79998779296875,226.5592498779297,68705
2008-05-08,287.6000061035156,303.6000061035156,268.0,269.20001220703125,206.88519287109375,90820
2008-05-09,268.79998779296875,274.0,264.79998779296875,268.3999938964844,206.27035522460938,42743
2008-05-12,270.0,281.6000061035156,263.20001220703125,276.79998779296875,212.7259063720703,57783
2008-05-13,300.0,306.0,291.20001220703125,300.3999938964844,230.8629608154297,121090
2008-05-14,304.0,334.3999938964844,299.20001220703125,320.3999938964844,246.2333221435547,141558
2008-05-15,324.3999938964844,335.20001220703125,318.0,325.20001220703125,249.92222595214844,61615
2008-05-16,326.3999938964844,327.6000061035156,312.0,324.3999938964844,249.30740356445312,65033
2008-05-19,328.0,372.0,326.3999938964844,335.20001220703125,257.607421875,126898
2008-05-20,323.20001220703125,329.20001220703125,310.79998779296875,320.0,245.92591857910156,90193
2008-05-21,320.0,320.79998779296875,295.20001220703125,296.0,227.48147583007812,99775
2008-05-22,298.0,308.0,286.79998779296875,291.6000061035156,224.10000610351562,58515
2008-05-23,292.3999938964844,294.0,282.79998779296875,290.0,222.870361328125,31880
2008-05-27,296.0,298.3999938964844,290.0,293.20001220703125,225.3296356201172,35025
2008-05-28,298.0,309.6000061035156,284.3999938964844,308.0,236.70370483398438,55823
2008-05-29,309.20001220703125,321.6000061035156,306.79998779296875,312.79998779296875,240.392578125,55603
2008-05-30,322.0,323.6000061035156,308.79998779296875,314.3999938964844,241.62220764160156,56168
2008-06-02,312.79998779296875,316.3999938964844,300.3999938964844,309.20001220703125,237.6259307861328,37713
2008-06-03,308.79998779296875,331.20001220703125,305.20001220703125,312.0,239.77777099609375,63835
2008-06-04,312.0,315.20001220703125,300.0,302.3999938964844,232.39999389648438,45978
2008-06-05,308.0,313.20001220703125,299.20001220703125,309.6000061035156,237.93333435058594,59068
2008-06-06,304.3999938964844,316.0,302.0,316.0,242.8518524169922,41573
2008-06-09,322.0,322.79998779296875,300.0,300.3999938964844,230.8629608154297,29755
2008-06-10,292.0,292.3999938964844,280.0,288.3999938964844,221.64073181152344,77125
2008-06-11,291.6000061035156,294.0,282.3999938964844,289.20001220703125,222.25555419921875,36698
2008-06-12,292.0,296.79998779296875,286.79998779296875,294.0,225.94444274902344,49315
2008-06-13,291.6000061035156,312.3999938964844,290.79998779296875,311.6000061035156,239.47036743164062,32025
2008-06-16,312.0,316.0,305.6000061035156,310.79998779296875,238.8555450439453,43838
2008-06-17,318.3999938964844,318.3999938964844,299.20001220703125,302.0,232.09259033203125,59755
2008-06-18,306.0,306.0,292.3999938964844,297.6000061035156,228.7111053466797,36070
2008-06-19,296.3999938964844,312.0,288.79998779296875,310.3999938964844,238.5481414794922,36075
2008-06-20,310.0,310.0,298.79998779296875,306.0,235.16665649414062,28188
2008-06-23,306.0,314.3999938964844,300.79998779296875,308.0,236.70370483398438,35978
2008-06-24,310.79998779296875,317.6000061035156,308.0,312.79998779296875,240.392578125,41248
2008-06-25,315.6000061035156,315.6000061035156,302.0,306.0,235.16665649414062,37345
2008-06-26,300.79998779296875,301.20001220703125,274.0,277.20001220703125,213.03334045410156,69280
2008-06-27,275.6000061035156,289.20001220703125,258.3999938964844,289.20001220703125,222.25555419921875,325325
2008-06-30,280.0,289.6000061035156,239.60000610351562,250.39999389648438,192.43702697753906,148745
2008-07-01,238.8000030517578,240.39999389648438,184.0,223.1999969482422,171.5333251953125,215743
2008-07-02,224.0,227.60000610351562,207.60000610351562,208.39999389648438,160.1592559814453,64843
2008-07-03,209.60000610351562,218.0,194.0,210.8000030517578,162.0037078857422,48173
2008-07-07,214.0,215.60000610351562,197.1999969482422,203.1999969482422,156.1629638671875,56340
2008-07-08,204.0,208.0,186.8000030517578,205.1999969482422,157.6999969482422,50598
2008-07-09,224.0,230.0,208.0,212.8000030517578,163.54074096679688,58078
2008-07-10,212.0,212.39999389648438,198.0,204.39999389648438,157.08517456054688,63018
2008-07-11,202.0,206.0,192.8000030517578,203.60000610351562,156.47036743164062,37418
2008-07-14,205.1999969482422,208.39999389648438,192.39999389648438,196.39999389648438,150.93702697753906,27203
2008-07-15,200.0,200.0,184.39999389648438,194.8000030517578,149.70741271972656,51103
2008-07-16,195.1999969482422,214.0,188.0,208.0,159.8518524169922,48740
2008-07-17,210.39999389648438,210.8000030517578,194.8000030517578,198.39999389648438,152.47406005859375,40533
2008-07-18,199.60000610351562,203.1999969482422,192.8000030517578,194.8000030517578,149.70741271972656,31830
2008-07-21,197.1999969482422,205.60000610351562,192.0,204.8000030517578,157.39259338378906,28840
2008-07-22,204.39999389648438,204.39999389648438,193.1999969482422,204.0,156.77777099609375,38160
2008-07-23,202.8000030517578,226.8000030517578,198.39999389648438,215.1999969482422,165.3851776123047,55038
2008-07-24,219.1999969482422,219.1999969482422,196.8000030517578,198.0,152.1666717529297,29488
2008-07-25,200.8000030517578,204.0,192.8000030517578,194.0,149.09259033203125,25483
2008-07-28,197.60000610351562,200.0,193.60000610351562,193.60000610351562,148.78518676757812,36113
2008-07-29,194.39999389648438,203.60000610351562,190.8000030517578,202.0,155.24073791503906,26943
2008-07-30,204.39999389648438,209.60000610351562,195.60000610351562,199.1999969482422,153.08888244628906,31010
2008-07-31,195.60000610351562,206.0,195.1999969482422,196.8000030517578,151.24444580078125,31018
2008-08-01,199.60000610351562,200.39999389648438,189.1999969482422,194.39999389648438,149.39999389648438,35670
2008-08-04,193.60000610351562,199.60000610351562,186.0,193.1999969482422,148.47776794433594,24520
2008-08-05,190.0,194.39999389648438,180.8000030517578,188.39999389648438,144.78887939453125,46670
2008-08-06,196.8000030517578,196.8000030517578,181.60000610351562,186.39999389648438,143.25184631347656,63105
2008-08-07,186.8000030517578,195.1999969482422,176.39999389648438,178.39999389648438,137.10369873046875,95775
2008-08-08,161.60000610351562,195.1999969482422,156.0,192.0,147.55555725097656,87808
2008-08-11,196.39999389648438,210.0,192.0,201.60000610351562,154.93333435058594,51218
2008-08-12,206.0,212.0,202.39999389648438,204.8000030517578,157.39259338378906,31568
2008-08-13,206.8000030517578,236.0,204.0,228.0,175.2222137451172,120965
2008-08-14,239.1999969482422,248.39999389648438,226.8000030517578,234.8000030517578,180.44815063476562,74445
2008-08-15,248.0,249.1999969482422,232.8000030517578,234.8000030517578,180.44815063476562,49013
2008-08-18,240.39999389648438,241.1999969482422,217.1999969482422,222.8000030517578,171.22592163085938,47108
2008-08-19,216.8000030517578,223.1999969482422,212.8000030517578,215.60000610351562,165.69259643554688,38680
2008-08-20,216.8000030517578,222.0,210.0,219.1999969482422,168.45925903320312,33498
2008-08-21,220.0,223.60000610351562,211.1999969482422,212.8000030517578,163.54074096679688,30970
2008-08-22,220.39999389648438,225.60000610351562,212.0,223.60000610351562,171.8407440185547,25820
2008-08-25,227.60000610351562,231.60000610351562,216.0,217.60000610351562,167.22962951660156,26353
2008-08-26,216.0,226.0,210.0,216.8000030517578,166.6148223876953,38868
2008-08-27,215.60000610351562,222.8000030517578,211.1999969482422,220.0,169.07406616210938,35515
2008-08-28,214.39999389648438,235.60000610351562,214.39999389648438,232.39999389648438,178.60369873046875,55030
2008-08-29,232.0,251.60000610351562,227.1999969482422,247.60000610351562,190.28518676757812,61383
2008-09-02,251.1999969482422,266.0,237.1999969482422,246.39999389648438,189.3629608154297,52105
2008-09-03,246.8000030517578,247.1999969482422,228.39999389648438,242.39999389648438,186.28887939453125,35445
2008-09-04,244.39999389648438,244.39999389648438,228.0,232.8000030517578,178.91111755371094,42823
2008-09-05,226.39999389648438,252.0,221.60000610351562,245.1999969482422,188.44073486328125,42085
2008-09-08,245.60000610351562,263.20001220703125,227.60000610351562,245.60000610351562,188.74815368652344,35698
2008-09-09,245.60000610351562,255.1999969482422,205.1999969482422,219.1999969482422,168.45925903320312,106545
2008-09-10,220.39999389648438,230.0,210.0,219.1999969482422,168.45925903320312,39353
2008-09-11,211.1999969482422,214.0,202.39999389648438,207.60000610351562,159.54444885253906,42698
2008-09-12,204.8000030517578,210.0,190.39999389648438,193.60000610351562,148.78518676757812,56123
2008-09-15,175.1999969482422,196.8000030517578,165.1999969482422,182.8000030517578,140.4851837158203,52443
2008-09-16,178.0,188.0,168.0,186.39999389648438,143.25184631347656,59465
2008-09-17,187.1999969482422,213.1999969482422,180.0,205.1999969482422,157.6999969482422,80160
2008-09-18,208.8000030517578,259.20001220703125,201.1999969482422,259.20001220703125,199.20001220703125,99653
2008-09-19,257.6000061035156,265.6000061035156,208.8000030517578,256.0,196.74073791503906,113328
2008-09-22,244.8000030517578,252.0,232.39999389648438,236.8000030517578,181.9851837158203,28688
2008-09-23,235.1999969482422,239.1999969482422,220.39999389648438,226.8000030517578,174.3000030517578,31755
2008-09-24,227.60000610351562,245.1999969482422,212.0,212.8000030517578,163.54074096679688,27230
2008-09-25,214.0,226.39999389648438,213.60000610351562,220.0,169.07406616210938,13065
2008-09-26,214.39999389648438,218.8000030517578,206.0,215.60000610351562,165.69259643554688,20080
2008-09-29,208.8000030517578,208.8000030517578,179.1999969482422,179.1999969482422,137.71852111816406,63525
2008-09-30,190.0,208.0,182.8000030517578,197.60000610351562,151.85926818847656,48888
2008-10-01,200.0,215.60000610351562,200.0,214.8000030517578,165.07777404785156,24580
2008-10-02,213.60000610351562,220.0,201.1999969482422,202.39999389648438,155.5481414794922,22525
2008-10-03,202.8000030517578,211.60000610351562,194.8000030517578,198.0,152.1666717529297,50335
2008-10-06,190.8000030517578,193.60000610351562,170.39999389648438,180.39999389648438,138.64073181152344,62735
2008-10-07,170.39999389648438,189.60000610351562,152.8000030517578,154.8000030517578,118.96666717529297,67813
2008-10-08,150.8000030517578,171.1999969482422,142.8000030517578,160.39999389648438,123.2703628540039,43713
2008-10-09,160.8000030517578,180.8000030517578,158.39999389648438,158.8000030517578,122.04074096679688,31200
2008-10-10,148.8000030517578,158.0,111.19999694824219,144.39999389648438,110.97406768798828,101928
2008-10-13,156.8000030517578,174.0,156.8000030517578,171.1999969482422,131.57037353515625,37345
2008-10-14,182.8000030517578,196.39999389648438,174.0,184.0,141.40740966796875,51630
2008-10-15,182.39999389648438,194.8000030517578,154.0,159.60000610351562,122.65555572509766,52890
2008-10-16,161.1999969482422,167.60000610351562,134.0,156.0,119.88888549804688,40495
2008-10-17,150.8000030517578,179.60000610351562,147.60000610351562,147.60000610351562,113.43333435058594,26760
2008-10-20,190.0,191.1999969482422,166.0,174.0,133.7222137451172,54868
2008-10-21,171.1999969482422,174.39999389648438,166.8000030517578,172.8000030517578,132.8000030517578,25818
2008-10-22,170.8000030517578,172.0,150.0,160.0,122.96295928955078,24370
2008-10-23,160.0,170.0,150.0,157.1999969482422,120.81110382080078,28683
2008-10-24,146.39999389648438,163.60000610351562,142.39999389648438,152.0,116.81481170654297,18375
2008-10-27,145.60000610351562,151.60000610351562,140.39999389648438,141.1999969482422,108.51480865478516,20185
2008-10-28,144.8000030517578,147.60000610351562,113.19999694824219,134.0,102.98148345947266,64695
2008-10-29,140.0,144.0,122.4000015258789,127.19999694824219,97.75555419921875,33253
2008-10-30,140.0,140.0,130.8000030517578,138.0,106.05555725097656,29903
2008-10-31,138.39999389648438,144.0,124.0,142.39999389648438,109.43702697753906,31103
2008-11-03,142.39999389648438,158.0,141.60000610351562,150.39999389648438,115.5851821899414,35618
2008-11-04,160.8000030517578,162.8000030517578,147.1999969482422,153.60000610351562,118.04444885253906,47660
2008-11-05,146.39999389648438,148.8000030517578,129.60000610351562,129.60000610351562,99.60000610351562,49150
2008-11-06,127.5999984741211,129.1999969482422,117.19999694824219,119.19999694824219,91.60740661621094,23138
2008-11-07,124.0,124.0,111.19999694824219,115.19999694824219,88.53333282470703,29315
2008-11-10,117.5999984741211,123.19999694824219,97.19999694824219,100.4000015258789,77.15925598144531,37710
2008-11-11,95.5999984741211,96.0,60.0,77.5999984741211,59.63703536987305,148115
2008-11-12,72.80000305175781,74.80000305175781,62.79999923706055,64.0,49.185184478759766,50305
2008-11-13,65.5999984741211,65.5999984741211,53.599998474121094,60.0,46.11111068725586,55493
2008-11-14,62.0,62.400001525878906,51.20000076293945,53.599998474121094,41.19259262084961,45868
2008-11-17,53.599998474121094,60.79999923706055,50.0,58.400001525878906,44.8814811706543,28738
2008-11-18,58.79999923706055,60.0,53.20000076293945,53.20000076293945,40.88518524169922,15938
2008-11-19,53.20000076293945,53.599998474121094,46.0,46.0,35.35185241699219,17340
2008-11-20,44.79999923706055,44.79999923706055,33.20000076293945,34.0,26.129629135131836,52015
2008-11-21,34.400001525878906,46.79999923706055,32.79999923706055,45.20000076293945,34.737037658691406,56458
2008-11-24,50.400001525878906,55.20000076293945,42.79999923706055,54.400001525878906,41.80740737915039,46325
2008-11-25,56.0,56.79999923706055,50.0,56.400001525878906,43.344444274902344,42765
2008-11-26,54.400001525878906,84.0,52.79999923706055,79.19999694824219,60.86666488647461,44150
2008-11-28,80.0,82.80000305175781,72.4000015258789,78.4000015258789,60.251853942871094,14608
2008-12-01,76.0,76.0,56.0,56.400001525878906,43.344444274902344,24358
2008-12-02,58.0,64.80000305175781,56.79999923706055,64.80000305175781,49.80000305175781,19463
2008-12-03,63.20000076293945,64.0,54.0,58.0,44.574073791503906,20678
2008-12-04,56.79999923706055,61.599998474121094,54.0,55.20000076293945,42.42222213745117,10413
2008-12-05,60.0,62.400001525878906,53.599998474121094,62.400001525878906,47.9555549621582,13503
2008-12-08,66.80000305175781,68.0,60.0,62.0,47.64814758300781,27265
2008-12-09,61.599998474121094,61.599998474121094,50.400001525878906,52.400001525878906,40.27037048339844,52715
2008-12-10,58.400001525878906,67.5999984741211,42.400001525878906,61.599998474121094,47.34074020385742,81485
2008-12-11,38.0,43.20000076293945,36.400001525878906,40.79999923706055,31.355554580688477,203500
2008-12-12,40.79999923706055,42.79999923706055,39.20000076293945,40.0,30.740739822387695,37190
2008-12-15,40.400001525878906,40.79999923706055,36.400001525878906,38.400001525878906,29.511112213134766,40588
2008-12-16,39.599998474121094,40.0,36.79999923706055,39.20000076293945,30.125926971435547,24138
2008-12-17,38.79999923706055,42.0,38.400001525878906,39.599998474121094,30.433332443237305,25663
2008-12-18,40.400001525878906,40.79999923706055,36.400001525878906,36.400001525878906,27.974075317382812,27748
2008-12-19,39.20000076293945,40.0,37.20000076293945,40.0,30.740739822387695,28683
2008-12-22,40.0,40.0,38.0,39.20000076293945,30.125926971435547,20180
2008-12-23,40.0,40.79999923706055,37.20000076293945,39.20000076293945,30.125926971435547,24138
2008-12-24,38.79999923706055,39.599998474121094,37.20000076293945,38.0,29.203702926635742,5580
2008-12-26,38.79999923706055,39.20000076293945,37.599998474121094,38.0,29.203702926635742,3633
2008-12-29,39.20000076293945,39.599998474121094,36.0,36.0,27.66666603088379,42113
2008-12-30,36.0,36.0,30.799999237060547,31.200000762939453,23.9777774810791,113735
2008-12-31,32.0,52.400001525878906,30.399999618530273,52.0,39.96296310424805,149763
2009-01-02,42.79999923706055,46.0,40.400001525878906,43.20000076293945,33.20000076293945,73353
2009-01-05,43.599998474121094,50.0,42.400001525878906,44.400001525878906,34.122222900390625,72298
2009-01-06,46.79999923706055,58.79999923706055,45.599998474121094,56.0,43.03703689575195,92678
2009-01-07,51.20000076293945,56.0,46.400001525878906,48.400001525878906,37.19629669189453,56555
2009-01-08,55.599998474121094,56.79999923706055,48.0,56.79999923706055,43.651851654052734,50703
2009-01-09,57.20000076293945,62.0,52.0,57.20000076293945,43.959259033203125,46865
2009-01-12,55.599998474121094,57.20000076293945,48.0,49.20000076293945,37.81111145019531,32975
2009-01-13,47.599998474121094,51.599998474121094,46.400001525878906,49.599998474121094,38.11851501464844,18788
2009-01-14,47.599998474121094,50.0,44.400001525878906,44.79999923706055,34.429630279541016,19623
2009-01-15,45.20000076293945,51.20000076293945,43.20000076293945,51.20000076293945,39.348148345947266,37203
2009-01-16,54.0,54.79999923706055,49.20000076293945,51.20000076293945,39.348148345947266,18380
2009-01-20,51.20000076293945,53.599998474121094,46.400001525878906,47.20000076293945,36.27407455444336,19480
2009-01-21,46.79999923706055,50.79999923706055,46.0,50.400001525878906,38.733333587646484,19085
2009-01-22,48.79999923706055,52.79999923706055,48.400001525878906,49.599998474121094,38.11851501464844,14713
2009-01-23,48.0,54.79999923706055,46.0,52.400001525878906,40.27037048339844,24815
2009-01-26,52.400001525878906,54.79999923706055,45.599998474121094,49.599998474121094,38.11851501464844,24995
2009-01-27,49.599998474121094,50.79999923706055,48.400001525878906,49.20000076293945,37.81111145019531,7688
2009-01-28,49.599998474121094,54.400001525878906,49.599998474121094,53.599998474121094,41.19259262084961,17613
2009-01-29,52.400001525878906,53.20000076293945,50.0,50.79999923706055,39.040740966796875,9228
2009-01-30,51.599998474121094,54.0,48.400001525878906,52.79999923706055,40.57777786254883,15833
2009-02-02,53.599998474121094,54.0,49.20000076293945,50.79999923706055,39.040740966796875,11308
2009-02-03,49.20000076293945,51.20000076293945,48.0,49.599998474121094,38.11851501464844,15738
2009-02-04,49.599998474121094,52.79999923706055,48.0,48.400001525878906,37.19629669189453,17195
2009-02-05,48.79999923706055,50.400001525878906,48.0,48.400001525878906,37.19629669189453,13300
2009-02-06,48.0,48.400001525878906,44.79999923706055,45.599998474121094,35.04444122314453,24685
2009-02-09,47.20000076293945,47.20000076293945,40.0,43.599998474121094,33.50740432739258,33005
2009-02-10,39.599998474121094,43.20000076293945,36.79999923706055,37.599998474121094,28.89629554748535,33133
2009-02-11,39.20000076293945,39.599998474121094,34.400001525878906,34.79999923706055,26.744443893432617,17808
2009-02-12,36.0,36.400001525878906,32.79999923706055,34.0,26.129629135131836,21963
2009-02-13,34.400001525878906,37.599998474121094,34.0,36.400001525878906,27.974075317382812,13665
2009-02-17,35.599998474121094,36.0,32.0,32.0,24.592592239379883,11428
2009-02-18,32.79999923706055,38.0,32.0,32.79999923706055,25.207406997680664,17710
2009-02-19,34.0,35.599998474121094,31.200000762939453,31.200000762939453,23.9777774810791,15670
2009-02-20,30.399999618530273,30.799999237060547,24.799999237060547,28.0,21.518518447875977,22628
2009-02-23,28.0,31.600000381469727,27.200000762939453,28.0,21.518518447875977,28110
2009-02-24,27.600000381469727,32.0,27.600000381469727,31.600000381469727,24.285184860229492,12690
2009-02-25,31.600000381469727,32.400001525878906,28.399999618530273,29.600000381469727,22.74814796447754,8933
2009-02-26,30.399999618530273,30.799999237060547,28.0,28.0,21.518518447875977,7205
2009-02-27,27.600000381469727,28.399999618530273,26.799999237060547,27.600000381469727,21.211111068725586,17625
2009-03-02,27.200000762939453,27.600000381469727,22.399999618530273,23.600000381469727,18.13703727722168,14323
2009-03-03,24.0,24.0,20.0,20.399999618530273,15.677777290344238,23788
2009-03-04,21.200000762939453,22.799999237060547,20.799999237060547,21.600000381469727,16.600000381469727,13130
2009-03-05,21.200000762939453,21.600000381469727,20.0,20.399999618530273,15.677777290344238,13173
2009-03-06,20.799999237060547,22.799999237060547,20.799999237060547,21.600000381469727,16.600000381469727,8448
2009-03-09,21.600000381469727,22.399999618530273,21.200000762939453,21.200000762939453,16.292593002319336,6388
2009-03-10,22.399999618530273,27.600000381469727,22.399999618530273,27.600000381469727,21.211111068725586,13325
2009-03-11,28.0,30.0,26.0,26.0,19.981481552124023,10213
2009-03-12,28.0,30.399999618530273,26.0,30.0,23.05555534362793,18488
2009-03-13,31.200000762939453,32.79999923706055,27.200000762939453,27.200000762939453,20.903703689575195,7988
2009-03-16,27.200000762939453,30.399999618530273,26.0,28.799999237060547,22.133333206176758,12558
2009-03-17,28.399999618530273,31.200000762939453,27.200000762939453,30.799999237060547,23.67037010192871,7680
2009-03-18,30.799999237060547,31.200000762939453,28.0,31.200000762939453,23.9777774810791,7015
2009-03-19,31.600000381469727,32.79999923706055,29.200000762939453,30.399999618530273,23.36296272277832,7750
2009-03-20,31.200000762939453,31.600000381469727,22.799999237060547,23.200000762939453,17.82962989807129,33360
2009-03-23,27.600000381469727,28.0,24.0,25.200000762939453,19.366666793823242,34913
2009-03-24,26.0,26.799999237060547,22.0,22.799999237060547,17.522220611572266,48955
2009-03-25,23.600000381469727,25.600000381469727,23.600000381469727,25.200000762939453,19.366666793823242,21678
2009-03-26,26.0,33.20000076293945,25.600000381469727,30.0,23.05555534362793,57795
2009-03-27,29.600000381469727,39.599998474121094,28.0,35.599998474121094,27.359256744384766,73033
2009-03-30,35.20000076293945,35.20000076293945,28.399999618530273,29.600000381469727,22.74814796447754,49210
2009-03-31,29.600000381469727,34.0,29.200000762939453,30.399999618530273,23.36296272277832,21423
2009-04-01,29.200000762939453,32.0,28.799999237060547,31.600000381469727,24.285184860229492,13543
2009-04-02,32.79999923706055,34.0,30.399999618530273,30.799999237060547,23.67037010192871,28775
2009-04-03,32.0,33.20000076293945,30.0,32.0,24.592592239379883,16345
2009-04-06,33.20000076293945,34.0,31.600000381469727,32.400001525878906,24.900001525878906,27230
2009-04-07,32.0,32.400001525878906,30.0,30.0,23.05555534362793,11983
2009-04-08,30.0,32.0,30.0,32.0,24.592592239379883,7988
2009-04-09,33.20000076293945,34.79999923706055,32.400001525878906,33.599998474121094,25.822219848632812,18740
2009-04-13,33.20000076293945,33.599998474121094,30.0,30.799999237060547,23.67037010192871,20468
2009-04-14,30.799999237060547,32.79999923706055,29.600000381469727,30.0,23.05555534362793,22598
2009-04-15,30.399999618530273,32.79999923706055,30.399999618530273,32.79999923706055,25.207406997680664,14250
2009-04-16,33.599998474121094,36.0,32.400001525878906,35.20000076293945,27.051851272583008,21038
2009-04-17,35.20000076293945,49.599998474121094,35.20000076293945,46.400001525878906,35.65925979614258,52035
2009-04-20,46.79999923706055,46.79999923706055,36.400001525878906,36.400001525878906,27.974075317382812,50368
2009-04-21,36.0,47.20000076293945,35.20000076293945,44.400001525878906,34.122222900390625,49993
2009-04-22,41.599998474121094,53.599998474121094,41.20000076293945,49.20000076293945,37.81111145019531,63878
2009-04-23,52.0,55.20000076293945,48.79999923706055,50.0,38.425926208496094,39550
2009-04-24,51.599998474121094,52.400001525878906,46.0,49.20000076293945,37.81111145019531,39250
2009-04-27,46.79999923706055,46.79999923706055,41.20000076293945,43.20000076293945,33.20000076293945,30655
2009-04-28,42.0,48.0,40.400001525878906,48.0,36.88888931274414,29565
2009-04-29,48.0,49.599998474121094,44.400001525878906,49.20000076293945,37.81111145019531,23723
2009-04-30,50.400001525878906,52.79999923706055,46.0,48.0,36.88888931274414,29340
2009-05-01,46.400001525878906,51.20000076293945,44.400001525878906,48.400001525878906,37.19629669189453,11288
2009-05-04,51.20000076293945,57.20000076293945,50.0,55.599998474121094,42.72962951660156,63985
2009-05-05,58.400001525878906,58.79999923706055,52.0,54.0,41.5,38075
2009-05-06,54.0,56.0,50.400001525878906,55.599998474121094,42.72962951660156,24440
2009-05-07,58.0,58.400001525878906,52.0,53.599998474121094,41.19259262084961,28460
2009-05-08,55.20000076293945,56.0,50.79999923706055,55.20000076293945,42.42222213745117,22488
2009-05-11,52.400001525878906,57.20000076293945,52.0,53.599998474121094,41.19259262084961,20793
2009-05-12,48.79999923706055,50.0,43.20000076293945,44.400001525878906,34.122222900390625,43240
2009-05-13,44.0,44.79999923706055,40.79999923706055,40.79999923706055,31.355554580688477,24668
2009-05-14,41.20000076293945,45.599998474121094,41.20000076293945,45.20000076293945,34.737037658691406,14240
2009-05-15,45.599998474121094,46.0,40.0,41.599998474121094,31.970369338989258,12425
2009-05-18,44.0,44.79999923706055,42.79999923706055,44.400001525878906,34.122222900390625,7610
2009-05-19,45.599998474121094,45.599998474121094,43.599998474121094,44.400001525878906,34.122222900390625,10588
2009-05-20,44.79999923706055,50.79999923706055,44.79999923706055,47.599998474121094,36.581478118896484,31235
2009-05-21,54.0,58.0,50.0,52.400001525878906,40.27037048339844,50608
2009-05-22,55.20000076293945,66.4000015258789,54.0,55.599998474121094,42.72962951660156,88583
2009-05-26,57.20000076293945,65.5999984741211,57.20000076293945,61.20000076293945,47.03333282470703,82265
2009-05-27,66.0,68.4000015258789,54.400001525878906,59.599998474121094,45.80370330810547,103028
2009-05-28,63.20000076293945,63.20000076293945,54.0,56.400001525878906,43.344444274902344,62350
2009-05-29,56.0,56.0,50.79999923706055,52.400001525878906,40.27037048339844,53440
2009-06-01,53.20000076293945,56.400001525878906,50.400001525878906,52.0,39.96296310424805,63670
2009-06-02,52.79999923706055,53.599998474121094,49.20000076293945,50.79999923706055,39.040740966796875,31935
2009-06-03,48.79999923706055,50.0,45.20000076293945,46.79999923706055,35.96666717529297,40433
2009-06-04,46.400001525878906,50.0,46.400001525878906,48.0,36.88888931274414,37665
2009-06-05,49.20000076293945,50.79999923706055,48.400001525878906,49.20000076293945,37.81111145019531,33983
2009-06-08,50.79999923706055,50.79999923706055,46.400001525878906,46.79999923706055,35.96666717529297,21640
2009-06-09,47.599998474121094,49.599998474121094,47.20000076293945,47.20000076293945,36.27407455444336,24915
2009-06-10,49.20000076293945,49.20000076293945,46.400001525878906,47.20000076293945,36.27407455444336,26798
2009-06-11,52.0,58.0,50.0,57.20000076293945,43.959259033203125,115745
2009-06-12,55.599998474121094,55.599998474121094,50.400001525878906,53.20000076293945,40.88518524169922,37200
2009-06-15,53.20000076293945,53.20000076293945,48.400001525878906,49.20000076293945,37.81111145019531,25453
2009-06-16,60.79999923706055,70.0,57.20000076293945,57.20000076293945,43.959259033203125,332180
2009-06-17,58.0,58.79999923706055,50.400001525878906,52.79999923706055,40.57777786254883,69803
2009-06-18,52.79999923706055,52.79999923706055,49.599998474121094,51.599998474121094,39.65555191040039,22955
2009-06-19,52.79999923706055,53.599998474121094,51.599998474121094,53.599998474121094,41.19259262084961,26790
2009-06-22,56.0,57.20000076293945,50.400001525878906,50.400001525878906,38.733333587646484,50923
2009-06-23,51.599998474121094,54.400001525878906,47.20000076293945,51.20000076293945,39.348148345947266,74410
2009-06-24,52.0,52.79999923706055,48.79999923706055,48.79999923706055,37.50370407104492,32820
2009-06-25,49.599998474121094,51.599998474121094,48.400001525878906,50.79999923706055,39.040740966796875,27598
2009-06-26,50.79999923706055,58.79999923706055,48.79999923706055,58.79999923706055,45.18888854980469,129030
2009-06-29,56.79999923706055,57.20000076293945,50.79999923706055,50.79999923706055,39.040740966796875,71433
2009-06-30,52.79999923706055,54.79999923706055,50.0,50.400001525878906,38.733333587646484,40080
2009-07-01,50.0,52.400001525878906,50.0,50.79999923706055,39.040740966796875,25423
2009-07-02,50.0,50.79999923706055,49.20000076293945,49.599998474121094,38.11851501464844,18008
2009-07-06,48.79999923706055,48.79999923706055,46.400001525878906,46.79999923706055,35.96666717529297,37428
2009-07-07,47.20000076293945,47.20000076293945,45.599998474121094,45.599998474121094,35.04444122314453,15233
2009-07-08,45.20000076293945,45.599998474121094,40.400001525878906,42.400001525878906,32.58518600463867,44433
2009-07-09,42.79999923706055,43.20000076293945,40.0,40.79999923706055,31.355554580688477,25420
2009-07-10,42.400001525878906,42.79999923706055,40.0,42.0,32.27777862548828,24690
2009-07-13,42.400001525878906,42.79999923706055,40.400001525878906,42.79999923706055,32.89259338378906,18430
2009-07-14,42.79999923706055,44.79999923706055,42.0,43.20000076293945,33.20000076293945,17188
2009-07-15,44.0,46.400001525878906,43.20000076293945,46.400001525878906,35.65925979614258,28555
2009-07-16,45.599998474121094,46.79999923706055,44.0,46.79999923706055,35.96666717529297,17925
2009-07-17,47.20000076293945,47.20000076293945,45.20000076293945,45.599998474121094,35.04444122314453,13525
2009-07-20,44.79999923706055,46.400001525878906,44.400001525878906,44.79999923706055,34.429630279541016,14768
2009-07-21,47.20000076293945,47.20000076293945,44.0,45.20000076293945,34.737037658691406,16885
2009-07-22,45.20000076293945,46.0,44.79999923706055,45.599998474121094,35.04444122314453,9375
2009-07-23,45.20000076293945,49.599998474121094,45.20000076293945,47.599998474121094,36.581478118896484,34235
2009-07-24,47.20000076293945,50.0,45.599998474121094,48.79999923706055,37.50370407104492,22045
2009-07-27,50.0,50.0,48.79999923706055,50.0,38.425926208496094,15448
2009-07-28,49.599998474121094,49.599998474121094,47.20000076293945,48.400001525878906,37.19629669189453,13680
2009-07-29,47.599998474121094,48.400001525878906,46.0,47.20000076293945,36.27407455444336,15510
2009-07-30,50.0,52.79999923706055,48.79999923706055,52.0,39.96296310424805,50523
2009-07-31,50.400001525878906,52.400001525878906,48.79999923706055,50.400001525878906,38.733333587646484,20168
2009-08-03,52.79999923706055,52.79999923706055,50.400001525878906,51.599998474121094,39.65555191040039,13620
2009-08-04,51.20000076293945,51.20000076293945,48.79999923706055,51.20000076293945,39.348148345947266,13205
2009-08-05,51.599998474121094,51.599998474121094,49.20000076293945,50.0,38.425926208496094,14578
2009-08-06,49.599998474121094,50.79999923706055,48.0,48.0,36.88888931274414,14250
2009-08-07,50.400001525878906,51.599998474121094,48.0,49.599998474121094,38.11851501464844,20385
2009-08-10,48.79999923706055,51.599998474121094,48.400001525878906,50.79999923706055,39.040740966796875,12313
2009-08-11,50.0,51.20000076293945,48.79999923706055,48.79999923706055,37.50370407104492,13193
2009-08-12,49.20000076293945,51.599998474121094,49.20000076293945,51.20000076293945,39.348148345947266,13995
2009-08-13,51.599998474121094,51.599998474121094,49.20000076293945,50.400001525878906,38.733333587646484,10858
2009-08-14,50.400001525878906,50.400001525878906,47.599998474121094,48.79999923706055,37.50370407104492,24380
2009-08-17,47.20000076293945,48.0,45.20000076293945,47.599998474121094,36.581478118896484,23880
2009-08-18,46.0,47.599998474121094,42.0,43.599998474121094,33.50740432739258,51295
2009-08-19,43.599998474121094,45.20000076293945,41.20000076293945,43.599998474121094,33.50740432739258,41508
2009-08-20,43.599998474121094,44.79999923706055,41.599998474121094,42.79999923706055,32.89259338378906,33295
2009-08-21,44.0,44.79999923706055,42.79999923706055,44.79999923706055,34.429630279541016,24538
2009-08-24,44.400001525878906,45.599998474121094,42.79999923706055,43.599998474121094,33.50740432739258,15185
2009-08-25,44.0,44.79999923706055,43.599998474121094,43.599998474121094,33.50740432739258,8983
2009-08-26,44.400001525878906,46.0,43.20000076293945,45.599998474121094,35.04444122314453,18483
2009-08-27,44.400001525878906,46.0,44.400001525878906,44.79999923706055,34.429630279541016,9900
2009-08-28,44.0,46.0,44.0,44.400001525878906,34.122222900390625,16620
2009-08-31,43.599998474121094,44.79999923706055,42.0,42.400001525878906,32.58518600463867,20863
2009-09-01,42.400001525878906,43.599998474121094,41.20000076293945,41.20000076293945,31.6629638671875,14435
2009-09-02,40.79999923706055,43.599998474121094,40.79999923706055,43.20000076293945,33.20000076293945,22828
2009-09-03,44.400001525878906,44.400001525878906,43.20000076293945,43.599998474121094,33.50740432739258,15605
2009-09-04,42.79999923706055,44.400001525878906,42.79999923706055,44.0,33.814815521240234,13810
2009-09-08,44.400001525878906,45.599998474121094,44.0,45.20000076293945,34.737037658691406,15153
2009-09-09,46.0,48.79999923706055,44.400001525878906,48.0,36.88888931274414,35513
2009-09-10,48.0,48.79999923706055,47.20000076293945,48.79999923706055,37.50370407104492,12700
2009-09-11,49.20000076293945,49.20000076293945,46.79999923706055,48.400001525878906,37.19629669189453,10895
2009-09-14,48.400001525878906,50.0,47.20000076293945,49.20000076293945,37.81111145019531,16075
2009-09-15,49.20000076293945,50.79999923706055,49.20000076293945,50.0,38.425926208496094,17108
2009-09-16,50.0,50.400001525878906,48.400001525878906,50.0,38.425926208496094,14935
2009-09-17,49.599998474121094,61.599998474121094,49.20000076293945,52.400001525878906,40.27037048339844,110830
2009-09-18,53.599998474121094,56.79999923706055,51.20000076293945,56.400001525878906,43.344444274902344,43228
2009-09-21,54.79999923706055,55.599998474121094,52.400001525878906,52.79999923706055,40.57777786254883,23553
2009-09-22,54.0,56.79999923706055,52.79999923706055,55.599998474121094,42.72962951660156,28010
2009-09-23,55.599998474121094,57.20000076293945,54.0,54.400001525878906,41.80740737915039,18588
2009-09-24,55.20000076293945,55.20000076293945,50.400001525878906,50.79999923706055,39.040740966796875,16903
2009-09-25,50.79999923706055,53.599998474121094,50.0,53.20000076293945,40.88518524169922,20498
2009-09-28,53.599998474121094,56.0,52.400001525878906,55.20000076293945,42.42222213745117,18890
2009-09-29,55.20000076293945,55.20000076293945,52.400001525878906,53.599998474121094,41.19259262084961,13090
2009-09-30,53.599998474121094,55.20000076293945,51.20000076293945,52.0,39.96296310424805,14428
2009-10-01,51.20000076293945,52.400001525878906,48.79999923706055,49.20000076293945,37.81111145019531,23235
2009-10-02,49.20000076293945,52.79999923706055,48.79999923706055,51.599998474121094,39.65555191040039,23368
2009-10-05,51.599998474121094,53.20000076293945,51.599998474121094,52.0,39.96296310424805,12023
2009-10-06,52.400001525878906,52.400001525878906,50.79999923706055,51.599998474121094,39.65555191040039,8590
2009-10-07,50.79999923706055,52.79999923706055,50.0,51.599998474121094,39.65555191040039,11228
2009-10-08,52.0,54.0,50.79999923706055,52.79999923706055,40.57777786254883,14930
2009-10-09,52.400001525878906,52.79999923706055,50.400001525878906,52.0,39.96296310424805,10203
2009-10-12,53.599998474121094,53.599998474121094,51.599998474121094,51.599998474121094,39.65555191040039,8495
2009-10-13,52.400001525878906,52.400001525878906,50.79999923706055,51.599998474121094,39.65555191040039,8400
2009-10-14,51.599998474121094,53.20000076293945,50.79999923706055,51.599998474121094,39.65555191040039,7603
2009-10-15,50.400001525878906,52.79999923706055,50.400001525878906,52.79999923706055,40.57777786254883,10065
2009-10-16,52.400001525878906,52.79999923706055,50.79999923706055,50.79999923706055,39.040740966796875,11100
2009-10-19,51.20000076293945,51.20000076293945,48.79999923706055,49.599998474121094,38.11851501464844,12590
2009-10-20,49.599998474121094,50.0,45.599998474121094,46.0,35.35185241699219,20928
2009-10-21,46.400001525878906,49.20000076293945,45.599998474121094,46.400001525878906,35.65925979614258,11605
2009-10-22,46.400001525878906,47.20000076293945,46.0,46.79999923706055,35.96666717529297,6898
2009-10-23,48.0,48.0,44.79999923706055,44.79999923706055,34.429630279541016,10838
2009-10-26,44.400001525878906,47.20000076293945,43.20000076293945,43.20000076293945,33.20000076293945,12433
2009-10-27,43.20000076293945,45.599998474121094,42.79999923706055,42.79999923706055,32.89259338378906,12778
2009-10-28,42.79999923706055,42.79999923706055,40.400001525878906,40.79999923706055,31.355554580688477,20520
2009-10-29,42.0,43.20000076293945,42.0,42.79999923706055,32.89259338378906,12983
2009-10-30,42.0,42.79999923706055,40.400001525878906,40.79999923706055,31.355554580688477,29793
2009-11-02,42.79999923706055,42.79999923706055,40.0,40.79999923706055,31.355554580688477,21670
2009-11-03,40.0,41.599998474121094,40.0,41.599998474121094,31.970369338989258,19138
2009-11-04,42.400001525878906,43.20000076293945,40.0,40.0,30.740739822387695,21283
2009-11-05,41.599998474121094,41.599998474121094,40.400001525878906,40.79999923706055,31.355554580688477,9218
2009-11-06,40.400001525878906,45.20000076293945,40.400001525878906,43.20000076293945,33.20000076293945,22003
2009-11-09,43.20000076293945,44.79999923706055,42.400001525878906,42.79999923706055,32.89259338378906,11533
2009-11-10,41.20000076293945,42.400001525878906,40.79999923706055,40.79999923706055,31.355554580688477,11473
2009-11-11,41.599998474121094,42.79999923706055,41.20000076293945,42.0,32.27777862548828,7198
2009-11-12,42.400001525878906,42.400001525878906,39.20000076293945,39.20000076293945,30.125926971435547,18575
2009-11-13,41.599998474121094,42.0,39.599998474121094,40.79999923706055,31.355554580688477,17400
2009-11-16,41.599998474121094,43.599998474121094,41.20000076293945,41.599998474121094,31.970369338989258,13110
2009-11-17,41.599998474121094,42.79999923706055,40.79999923706055,41.599998474121094,31.970369338989258,6690
2009-11-18,42.0,42.79999923706055,40.79999923706055,40.79999923706055,31.355554580688477,10090
2009-11-19,40.79999923706055,41.20000076293945,40.0,40.0,30.740739822387695,14655
2009-11-20,40.0,41.599998474121094,39.20000076293945,39.20000076293945,30.125926971435547,13430
2009-11-23,40.79999923706055,42.0,37.20000076293945,38.0,29.203702926635742,13435
2009-11-24,38.79999923706055,39.20000076293945,36.79999923706055,37.20000076293945,28.58888816833496,11550
2009-11-25,37.20000076293945,37.20000076293945,35.20000076293945,35.20000076293945,27.051851272583008,20418
2009-11-27,35.20000076293945,36.0,34.79999923706055,35.599998474121094,27.359256744384766,8950
2009-11-30,35.599998474121094,36.0,33.20000076293945,36.0,27.66666603088379,52065
2009-12-01,36.0,38.0,36.0,36.79999923706055,28.28148078918457,12430
2009-12-02,37.20000076293945,38.0,36.79999923706055,37.20000076293945,28.58888816833496,9460
2009-12-03,37.20000076293945,38.0,36.0,36.400001525878906,27.974075317382812,13900
2009-12-04,37.20000076293945,40.400001525878906,37.20000076293945,38.0,29.203702926635742,22498
2009-12-07,38.0,40.400001525878906,38.0,40.0,30.740739822387695,14035
2009-12-08,40.0,40.400001525878906,37.599998474121094,37.599998474121094,28.89629554748535,13923
2009-12-09,38.0,38.79999923706055,36.400001525878906,38.0,29.203702926635742,9680
2009-12-10,36.79999923706055,39.599998474121094,36.79999923706055,37.20000076293945,28.58888816833496,14653
2009-12-11,37.599998474121094,39.20000076293945,35.599998474121094,37.599998474121094,28.89629554748535,16605
2009-12-14,37.599998474121094,37.599998474121094,36.400001525878906,37.599998474121094,28.89629554748535,7648
2009-12-15,37.599998474121094,38.400001525878906,36.79999923706055,37.599998474121094,28.89629554748535,25975
2009-12-16,41.20000076293945,45.20000076293945,40.0,41.599998474121094,31.970369338989258,59473
2009-12-17,40.79999923706055,43.20000076293945,40.400001525878906,40.400001525878906,31.04814910888672,23300
2009-12-18,41.20000076293945,43.20000076293945,37.599998474121094,43.20000076293945,33.20000076293945,48658
2009-12-21,42.400001525878906,44.0,41.20000076293945,43.599998474121094,33.50740432739258,38680
2009-12-22,43.599998474121094,44.0,41.599998474121094,42.79999923706055,32.89259338378906,21980
2009-12-23,43.599998474121094,44.0,41.599998474121094,43.599998474121094,33.50740432739258,24513
2009-12-24,43.20000076293945,43.20000076293945,42.0,42.400001525878906,32.58518600463867,12998
2009-12-28,42.400001525878906,44.0,42.0,44.0,33.814815521240234,22458
2009-12-29,44.400001525878906,44.400001525878906,41.599998474121094,42.79999923706055,32.89259338378906,18295
2009-12-30,42.79999923706055,44.400001525878906,41.599998474121094,42.79999923706055,32.89259338378906,56328
2009-12-31,43.599998474121094,44.79999923706055,41.599998474121094,42.79999923706055,32.89259338378906,19473
2010-01-04,41.20000076293945,45.20000076293945,41.20000076293945,43.599998474121094,33.50740432739258,29638
2010-01-05,43.599998474121094,44.400001525878906,42.400001525878906,43.20000076293945,33.20000076293945,14710
2010-01-06,42.0,48.0,42.0,46.79999923706055,35.96666717529297,45475
2010-01-07,47.599998474121094,50.0,46.0,48.79999923706055,37.50370407104492,36283
2010-01-08,48.400001525878906,49.599998474121094,47.20000076293945,48.79999923706055,37.50370407104492,20645
2010-01-11,49.599998474121094,50.400001525878906,48.79999923706055,50.400001525878906,38.733333587646484,23628
2010-01-12,50.0,50.0,46.400001525878906,46.400001525878906,35.65925979614258,21665
2010-01-13,46.79999923706055,47.20000076293945,45.20000076293945,45.599998474121094,35.04444122314453,12350
2010-01-14,45.20000076293945,46.400001525878906,44.79999923706055,45.20000076293945,34.737037658691406,15423
2010-01-15,45.599998474121094,46.0,42.79999923706055,43.20000076293945,33.20000076293945,18500
2010-01-19,43.20000076293945,45.20000076293945,43.20000076293945,45.20000076293945,34.737037658691406,11653
2010-01-20,44.79999923706055,44.79999923706055,42.79999923706055,43.20000076293945,33.20000076293945,17665
2010-01-21,43.599998474121094,43.599998474121094,40.400001525878906,41.599998474121094,31.970369338989258,21233
2010-01-22,41.599998474121094,42.79999923706055,40.400001525878906,41.20000076293945,31.6629638671875,16153
2010-01-25,41.599998474121094,42.400001525878906,38.400001525878906,40.400001525878906,31.04814910888672,17675
2010-01-26,40.400001525878906,41.599998474121094,40.0,40.0,30.740739822387695,11950
2010-01-27,42.79999923706055,43.599998474121094,39.599998474121094,40.79999923706055,31.355554580688477,19608
2010-01-28,41.20000076293945,41.20000076293945,38.79999923706055,40.0,30.740739822387695,14325
2010-01-29,40.400001525878906,40.400001525878906,38.0,38.0,29.203702926635742,21985
2010-02-01,38.0,40.400001525878906,38.0,40.400001525878906,31.04814910888672,11588
2010-02-02,40.79999923706055,41.599998474121094,39.599998474121094,40.79999923706055,31.355554580688477,14208
2010-02-03,40.79999923706055,46.400001525878906,40.0,44.79999923706055,34.429630279541016,64590
2010-02-04,43.20000076293945,43.599998474121094,40.79999923706055,40.79999923706055,31.355554580688477,21895
2010-02-05,41.20000076293945,42.0,40.400001525878906,41.20000076293945,31.6629638671875,9628
2010-02-08,40.400001525878906,42.79999923706055,40.400001525878906,40.400001525878906,31.04814910888672,12133
2010-02-09,40.0,42.400001525878906,40.0,41.599998474121094,31.970369338989258,25980
2010-02-10,42.0,44.0,41.20000076293945,43.599998474121094,33.50740432739258,18633
2010-02-11,42.400001525878906,44.0,41.20000076293945,43.599998474121094,33.50740432739258,15648
2010-02-12,44.0,44.79999923706055,42.0,44.79999923706055,34.429630279541016,16740
2010-02-16,45.20000076293945,46.0,44.0,46.0,35.35185241699219,41200
2010-02-17,48.0,52.400001525878906,46.400001525878906,51.599998474121094,39.65555191040039,64100
2010-02-18,50.79999923706055,51.20000076293945,46.79999923706055,50.0,38.425926208496094,37743
2010-02-19,49.20000076293945,50.0,46.0,49.599998474121094,38.11851501464844,23310
2010-02-22,51.599998474121094,52.0,50.0,52.0,39.96296310424805,32218
2010-02-23,52.0,52.0,47.599998474121094,48.400001525878906,37.19629669189453,13398
2010-02-24,48.400001525878906,50.400001525878906,48.0,49.20000076293945,37.81111145019531,14475
2010-02-25,48.0,49.599998474121094,47.20000076293945,48.400001525878906,37.19629669189453,10835
2010-02-26,48.79999923706055,48.79999923706055,47.20000076293945,47.20000076293945,36.27407455444336,6433
2010-03-01,47.599998474121094,48.0,47.20000076293945,47.599998474121094,36.581478118896484,5883
2010-03-02,47.599998474121094,48.0,47.20000076293945,47.599998474121094,36.581478118896484,8695
2010-03-03,47.599998474121094,48.0,46.0,46.400001525878906,35.65925979614258,19558
2010-03-04,45.599998474121094,46.0,44.79999923706055,45.599998474121094,35.04444122314453,13515
2010-03-05,45.599998474121094,46.0,44.79999923706055,45.599998474121094,35.04444122314453,15615
2010-03-08,44.79999923706055,47.599998474121094,44.0,45.20000076293945,34.737037658691406,16018
2010-03-09,44.79999923706055,46.400001525878906,44.79999923706055,45.20000076293945,34.737037658691406,17903
2010-03-10,45.20000076293945,46.0,44.0,44.400001525878906,34.122222900390625,24690
2010-03-11,44.400001525878906,44.79999923706055,41.599998474121094,44.400001525878906,34.122222900390625,15158
2010-03-12,44.79999923706055,44.79999923706055,43.20000076293945,43.599998474121094,33.50740432739258,9658
2010-03-15,43.20000076293945,44.400001525878906,42.400001525878906,42.79999923706055,32.89259338378906,12428
2010-03-16,42.79999923706055,43.599998474121094,41.599998474121094,42.79999923706055,32.89259338378906,10298
2010-03-17,42.0,44.0,42.0,43.599998474121094,33.50740432739258,8183
2010-03-18,43.599998474121094,44.79999923706055,43.20000076293945,44.0,33.814815521240234,12918
2010-03-19,45.599998474121094,46.0,42.79999923706055,44.0,33.814815521240234,22530
2010-03-22,44.400001525878906,44.400001525878906,42.400001525878906,43.20000076293945,33.20000076293945,14040
2010-03-23,42.79999923706055,43.599998474121094,42.400001525878906,43.20000076293945,33.20000076293945,14315
2010-03-24,42.79999923706055,44.400001525878906,42.400001525878906,43.599998474121094,33.50740432739258,10403
2010-03-25,45.599998474121094,48.79999923706055,45.20000076293945,48.400001525878906,37.19629669189453,47105
2010-03-26,48.79999923706055,51.599998474121094,48.400001525878906,50.79999923706055,39.040740966796875,50923
2010-03-29,50.0,50.79999923706055,48.0,48.400001525878906,37.19629669189453,20985
2010-03-30,48.0,50.0,48.0,48.400001525878906,37.19629669189453,44523
2010-03-31,48.400001525878906,49.599998474121094,48.400001525878906,48.400001525878906,37.19629669189453,11475
2010-04-01,49.599998474121094,49.599998474121094,48.0,48.79999923706055,37.50370407104492,6408
2010-04-05,48.400001525878906,50.400001525878906,48.400001525878906,50.400001525878906,38.733333587646484,12060
2010-04-06,50.400001525878906,53.599998474121094,50.0,53.20000076293945,40.88518524169922,27470
2010-04-07,53.599998474121094,53.599998474121094,50.0,52.79999923706055,40.57777786254883,33480
2010-04-08,53.20000076293945,56.79999923706055,50.400001525878906,54.0,41.5,31805
2010-04-09,54.400001525878906,58.400001525878906,54.0,58.0,44.574073791503906,45953
2010-04-12,59.599998474121094,62.400001525878906,58.79999923706055,60.79999923706055,46.72592544555664,42198
2010-04-13,62.0,62.400001525878906,58.0,59.20000076293945,45.49629592895508,26113
2010-04-14,63.20000076293945,63.20000076293945,59.599998474121094,60.79999923706055,46.72592544555664,22338
2010-04-15,60.0,68.80000305175781,60.0,64.4000015258789,49.492591857910156,53163
2010-04-16,64.80000305175781,64.80000305175781,57.20000076293945,59.599998474121094,45.80370330810547,46395
2010-04-19,58.400001525878906,59.20000076293945,54.400001525878906,58.0,44.574073791503906,40578
2010-04-20,58.0,60.400001525878906,56.79999923706055,59.599998474121094,45.80370330810547,18958
2010-04-21,60.400001525878906,60.79999923706055,57.599998474121094,60.0,46.11111068725586,21840
2010-04-22,60.400001525878906,60.79999923706055,56.79999923706055,60.79999923706055,46.72592544555664,17248
2010-04-23,62.79999923706055,62.79999923706055,60.0,60.79999923706055,46.72592544555664,12865
2010-04-26,59.599998474121094,62.0,58.400001525878906,58.400001525878906,44.8814811706543,16045
2010-04-27,57.20000076293945,58.79999923706055,55.599998474121094,56.0,43.03703689575195,19183
2010-04-28,56.0,56.400001525878906,53.20000076293945,53.20000076293945,40.88518524169922,27788
2010-04-29,52.79999923706055,58.400001525878906,52.79999923706055,58.0,44.574073791503906,18748
2010-04-30,57.599998474121094,57.599998474121094,53.599998474121094,54.0,41.5,30273
2010-05-03,54.0,54.79999923706055,52.400001525878906,53.599998474121094,41.19259262084961,19743
2010-05-04,52.0,52.400001525878906,50.400001525878906,51.20000076293945,39.348148345947266,16518
2010-05-05,50.0,51.20000076293945,48.79999923706055,50.0,38.425926208496094,17200
2010-05-06,48.79999923706055,49.20000076293945,40.0,43.20000076293945,33.20000076293945,66610
2010-05-07,44.0,46.400001525878906,42.0,42.400001525878906,32.58518600463867,27705
2010-05-10,48.400001525878906,50.400001525878906,44.0,50.0,38.425926208496094,37530
2010-05-11,48.0,52.0,46.79999923706055,49.599998474121094,38.11851501464844,24825
2010-05-12,49.599998474121094,51.20000076293945,48.0,51.20000076293945,39.348148345947266,17805
2010-05-13,50.79999923706055,51.20000076293945,49.20000076293945,50.400001525878906,38.733333587646484,13425
2010-05-14,46.79999923706055,48.0,44.400001525878906,46.0,35.35185241699219,32793
2010-05-17,46.0,47.20000076293945,45.20000076293945,47.20000076293945,36.27407455444336,9973
2010-05-18,48.0,48.400001525878906,44.79999923706055,44.79999923706055,34.429630279541016,10745
2010-05-19,44.79999923706055,44.79999923706055,43.599998474121094,44.0,33.814815521240234,12138
2010-05-20,43.20000076293945,44.0,39.20000076293945,40.79999923706055,31.355554580688477,35325
2010-05-21,40.0,43.20000076293945,38.79999923706055,42.400001525878906,32.58518600463867,14925
2010-05-24,43.20000076293945,44.400001525878906,42.0,42.0,32.27777862548828,5133
2010-05-25,40.79999923706055,41.599998474121094,39.20000076293945,41.20000076293945,31.6629638671875,17628
2010-05-26,42.0,44.0,40.400001525878906,40.400001525878906,31.04814910888672,11635
2010-05-27,42.0,43.599998474121094,41.20000076293945,43.599998474121094,33.50740432739258,12045
2010-05-28,43.20000076293945,43.599998474121094,41.20000076293945,42.400001525878906,32.58518600463867,18930
2010-06-01,41.599998474121094,42.400001525878906,40.79999923706055,40.79999923706055,31.355554580688477,7393
2010-06-02,40.79999923706055,41.599998474121094,40.0,41.599998474121094,31.970369338989258,13275
2010-06-03,41.20000076293945,42.400001525878906,40.79999923706055,41.20000076293945,31.6629638671875,5775
2010-06-04,40.0,41.20000076293945,38.0,38.0,29.203702926635742,21525
2010-06-07,38.400001525878906,39.20000076293945,35.20000076293945,35.20000076293945,27.051851272583008,25868
2010-06-08,35.20000076293945,37.20000076293945,34.79999923706055,35.20000076293945,27.051851272583008,14160
2010-06-09,36.0,37.20000076293945,34.79999923706055,34.79999923706055,26.744443893432617,10520
2010-06-10,36.0,36.79999923706055,35.20000076293945,36.400001525878906,27.974075317382812,9643
2010-06-11,36.79999923706055,39.20000076293945,36.400001525878906,38.0,29.203702926635742,9773
2010-06-14,38.79999923706055,40.0,38.400001525878906,39.599998474121094,30.433332443237305,10253
2010-06-15,40.0,42.0,39.599998474121094,41.599998474121094,31.970369338989258,11125
2010-06-16,40.79999923706055,41.599998474121094,40.400001525878906,40.79999923706055,31.355554580688477,4265
2010-06-17,42.0,42.0,40.400001525878906,40.79999923706055,31.355554580688477,4778
2010-06-18,41.20000076293945,41.599998474121094,40.400001525878906,41.20000076293945,31.6629638671875,16633
2010-06-21,41.599998474121094,41.599998474121094,39.20000076293945,39.20000076293945,30.125926971435547,8020
2010-06-22,39.20000076293945,40.79999923706055,38.400001525878906,38.400001525878906,29.511112213134766,6618
2010-06-23,39.20000076293945,40.400001525878906,38.0,39.20000076293945,30.125926971435547,6670
2010-06-24,38.0,41.20000076293945,37.20000076293945,40.0,30.740739822387695,11345
2010-06-25,39.599998474121094,40.0,32.400001525878906,34.0,26.129629135131836,314070
2010-06-28,36.0,37.20000076293945,35.599998474121094,36.0,27.66666603088379,21388
2010-06-29,34.79999923706055,36.0,33.599998474121094,34.79999923706055,26.744443893432617,51733
2010-06-30,34.0,36.0,34.0,35.599998474121094,27.359256744384766,5868
2010-07-01,34.0,34.400001525878906,32.400001525878906,33.599998474121094,25.822219848632812,11178
2010-07-02,33.599998474121094,33.599998474121094,32.0,32.0,24.592592239379883,6710
2010-07-06,32.400001525878906,34.0,30.799999237060547,31.600000381469727,24.285184860229492,9740
2010-07-07,31.600000381469727,31.600000381469727,28.399999618530273,29.600000381469727,22.74814796447754,31828
2010-07-08,30.799999237060547,32.0,30.399999618530273,31.600000381469727,24.285184860229492,12723
2010-07-09,32.0,33.20000076293945,31.600000381469727,33.20000076293945,25.514814376831055,3798
2010-07-12,32.79999923706055,32.79999923706055,30.399999618530273,31.200000762939453,23.9777774810791,10918
2010-07-13,31.200000762939453,32.0,30.799999237060547,31.200000762939453,23.9777774810791,10330
2010-07-14,32.400001525878906,32.400001525878906,30.399999618530273,32.0,24.592592239379883,8815
2010-07-15,31.600000381469727,32.0,30.399999618530273,31.200000762939453,23.9777774810791,9228
2010-07-16,31.600000381469727,31.600000381469727,30.399999618530273,30.799999237060547,23.67037010192871,11925
2010-07-19,30.0,32.0,30.0,30.399999618530273,23.36296272277832,2818
2010-07-20,30.799999237060547,31.200000762939453,30.399999618530273,31.200000762939453,23.9777774810791,1823
2010-07-21,32.0,32.400001525878906,30.399999618530273,32.0,24.592592239379883,3498
2010-07-22,32.0,34.0,30.399999618530273,33.599998474121094,25.822219848632812,15590
2010-07-23,33.599998474121094,34.400001525878906,32.0,34.400001525878906,26.43703842163086,8085
2010-07-26,33.20000076293945,35.20000076293945,33.20000076293945,34.400001525878906,26.43703842163086,5430
2010-07-27,34.400001525878906,36.0,33.599998474121094,33.599998474121094,25.822219848632812,10945
2010-07-28,35.20000076293945,35.599998474121094,33.599998474121094,35.599998474121094,27.359256744384766,9635
2010-07-29,35.599998474121094,36.79999923706055,35.20000076293945,35.20000076293945,27.051851272583008,10605
2010-07-30,34.400001525878906,36.79999923706055,34.400001525878906,36.0,27.66666603088379,9860
2010-08-02,36.79999923706055,38.400001525878906,35.20000076293945,36.79999923706055,28.28148078918457,15895
2010-08-03,36.79999923706055,41.20000076293945,36.79999923706055,40.0,30.740739822387695,31858
2010-08-04,40.0,42.79999923706055,40.0,42.79999923706055,32.89259338378906,16753
2010-08-05,42.400001525878906,42.400001525878906,40.0,41.599998474121094,31.970369338989258,8938
2010-08-06,42.400001525878906,42.400001525878906,38.0,39.599998474121094,30.433332443237305,8425
2010-08-09,39.20000076293945,42.400001525878906,38.79999923706055,40.0,30.740739822387695,7553
2010-08-10,40.0,41.599998474121094,40.0,40.0,30.740739822387695,7828
2010-08-11,40.0,40.400001525878906,37.20000076293945,39.20000076293945,30.125926971435547,14285
2010-08-12,40.0,40.400001525878906,37.20000076293945,37.599998474121094,28.89629554748535,7188
2010-08-13,36.79999923706055,38.79999923706055,36.79999923706055,37.20000076293945,28.58888816833496,3845
2010-08-16,37.20000076293945,39.20000076293945,36.79999923706055,37.20000076293945,28.58888816833496,2590
2010-08-17,36.0,39.599998474121094,34.400001525878906,36.0,27.66666603088379,14010
2010-08-18,40.0,40.0,36.400001525878906,36.79999923706055,28.28148078918457,8000
2010-08-19,36.79999923706055,38.0,36.400001525878906,38.0,29.203702926635742,4545
2010-08-20,37.20000076293945,37.20000076293945,36.0,36.79999923706055,28.28148078918457,3548
2010-08-23,36.400001525878906,37.599998474121094,34.79999923706055,36.79999923706055,28.28148078918457,4698
2010-08-24,35.599998474121094,36.0,33.599998474121094,33.599998474121094,25.822219848632812,6035
2010-08-25,32.79999923706055,36.0,31.600000381469727,33.20000076293945,25.514814376831055,5433
2010-08-26,32.79999923706055,34.79999923706055,32.79999923706055,32.79999923706055,25.207406997680664,3438
2010-08-27,32.79999923706055,33.599998474121094,32.400001525878906,33.20000076293945,25.514814376831055,6873
2010-08-30,33.599998474121094,35.599998474121094,33.599998474121094,35.20000076293945,27.051851272583008,6208
2010-08-31,33.599998474121094,34.400001525878906,32.79999923706055,33.20000076293945,25.514814376831055,3673
2010-09-01,33.20000076293945,34.400001525878906,33.20000076293945,33.20000076293945,25.514814376831055,9975
2010-09-02,33.599998474121094,35.20000076293945,33.599998474121094,33.599998474121094,25.822219848632812,3623
2010-09-03,34.400001525878906,35.20000076293945,34.0,34.0,26.129629135131836,5918
2010-09-07,35.20000076293945,38.0,33.599998474121094,37.599998474121094,28.89629554748535,12758
2010-09-08,36.400001525878906,38.400001525878906,35.599998474121094,35.599998474121094,27.359256744384766,6768
2010-09-09,36.0,37.20000076293945,35.20000076293945,35.20000076293945,27.051851272583008,2875
2010-09-10,36.0,36.79999923706055,34.400001525878906,34.79999923706055,26.744443893432617,3288
2010-09-13,34.79999923706055,36.400001525878906,34.400001525878906,35.599998474121094,27.359256744384766,8980
2010-09-14,35.20000076293945,36.400001525878906,34.79999923706055,34.79999923706055,26.744443893432617,3138
2010-09-15,34.79999923706055,35.599998474121094,34.0,34.0,26.129629135131836,4425
2010-09-16,34.0,35.20000076293945,34.0,34.0,26.129629135131836,2995
2010-09-17,34.79999923706055,35.20000076293945,34.0,34.400001525878906,26.43703842163086,4570
2010-09-20,34.79999923706055,36.0,34.0,34.79999923706055,26.744443893432617,4435
2010-09-21,36.0,36.0,34.0,34.79999923706055,26.744443893432617,4498
2010-09-22,34.400001525878906,35.599998474121094,34.400001525878906,34.400001525878906,26.43703842163086,1730
2010-09-23,34.400001525878906,35.20000076293945,34.400001525878906,34.79999923706055,26.744443893432617,3823
2010-09-24,34.79999923706055,35.599998474121094,34.0,35.20000076293945,27.051851272583008,11853
2010-09-27,35.599998474121094,35.599998474121094,34.400001525878906,35.20000076293945,27.051851272583008,3678
2010-09-28,34.400001525878906,34.400001525878906,30.799999237060547,30.799999237060547,23.67037010192871,55985
2010-09-29,33.599998474121094,33.599998474121094,31.200000762939453,32.400001525878906,24.900001525878906,109998
2010-09-30,32.0,33.20000076293945,31.600000381469727,32.0,24.592592239379883,28498
2010-10-01,32.400001525878906,32.79999923706055,32.0,32.0,24.592592239379883,3978
2010-10-04,32.0,32.400001525878906,31.200000762939453,31.200000762939453,23.9777774810791,8330
2010-10-05,31.200000762939453,37.20000076293945,31.200000762939453,34.400001525878906,26.43703842163086,71480
2010-10-06,34.79999923706055,35.599998474121094,34.400001525878906,34.79999923706055,26.744443893432617,13558
2010-10-07,34.79999923706055,35.599998474121094,34.79999923706055,35.20000076293945,27.051851272583008,4893
2010-10-08,35.599998474121094,38.400001525878906,34.79999923706055,37.599998474121094,28.89629554748535,52348
2010-10-11,36.0,38.400001525878906,36.0,38.0,29.203702926635742,20775
2010-10-12,36.79999923706055,43.599998474121094,36.400001525878906,42.400001525878906,32.58518600463867,73135
2010-10-13,43.20000076293945,46.0,42.79999923706055,44.0,33.814815521240234,40028
2010-10-14,44.79999923706055,47.599998474121094,43.599998474121094,44.400001525878906,34.122222900390625,29015
2010-10-15,45.599998474121094,47.20000076293945,43.20000076293945,44.79999923706055,34.429630279541016,8683
2010-10-18,44.0,44.400001525878906,40.400001525878906,43.20000076293945,33.20000076293945,19453
2010-10-19,42.79999923706055,42.79999923706055,40.400001525878906,41.20000076293945,31.6629638671875,14888
2010-10-20,41.20000076293945,42.79999923706055,40.79999923706055,42.79999923706055,32.89259338378906,7583
2010-10-21,44.0,44.79999923706055,43.20000076293945,44.400001525878906,34.122222900390625,15415
2010-10-22,44.0,46.400001525878906,42.79999923706055,46.400001525878906,35.65925979614258,14288
2010-10-25,47.20000076293945,49.20000076293945,46.0,48.400001525878906,37.19629669189453,27515
2010-10-26,48.0,48.79999923706055,47.20000076293945,48.0,36.88888931274414,9280
2010-10-27,48.0,49.20000076293945,46.400001525878906,48.400001525878906,37.19629669189453,9675
2010-10-28,48.400001525878906,50.400001525878906,48.0,49.20000076293945,37.81111145019531,23753
2010-10-29,49.599998474121094,50.400001525878906,46.0,50.400001525878906,38.733333587646484,14535
2010-11-01,50.400001525878906,51.599998474121094,47.599998474121094,51.599998474121094,39.65555191040039,42125
2010-11-02,52.0,53.20000076293945,52.0,53.20000076293945,40.88518524169922,22633
2010-11-03,53.599998474121094,54.0,50.79999923706055,53.20000076293945,40.88518524169922,23183
2010-11-04,54.0,54.0,50.0,50.400001525878906,38.733333587646484,13785
2010-11-05,50.400001525878906,51.599998474121094,48.79999923706055,50.79999923706055,39.040740966796875,18663
2010-11-08,52.400001525878906,53.599998474121094,52.0,53.599998474121094,41.19259262084961,18045
2010-11-09,54.0,54.400001525878906,50.0,50.79999923706055,39.040740966796875,13115
2010-11-10,51.599998474121094,52.0,49.599998474121094,50.400001525878906,38.733333587646484,9503
2010-11-11,50.0,51.20000076293945,48.79999923706055,50.0,38.425926208496094,14995
2010-11-12,49.20000076293945,51.20000076293945,48.0,50.0,38.425926208496094,11188
2010-11-15,49.599998474121094,50.79999923706055,49.20000076293945,50.0,38.425926208496094,7085
2010-11-16,50.0,50.79999923706055,49.20000076293945,50.0,38.425926208496094,12698
2010-11-17,50.0,52.0,50.0,50.400001525878906,38.733333587646484,7893
2010-11-18,52.0,52.0,50.0,50.400001525878906,38.733333587646484,6975
2010-11-19,50.79999923706055,54.0,50.400001525878906,54.0,41.5,15890
2010-11-22,54.0,54.0,51.599998474121094,52.79999923706055,40.57777786254883,6563
2010-11-23,51.599998474121094,52.400001525878906,50.79999923706055,50.79999923706055,39.040740966796875,4645
2010-11-24,52.79999923706055,54.0,51.20000076293945,54.0,41.5,11698
2010-11-26,53.20000076293945,53.20000076293945,52.0,52.0,39.96296310424805,2230
2010-11-29,51.20000076293945,52.79999923706055,50.0,52.400001525878906,40.27037048339844,15660
2010-11-30,51.20000076293945,51.599998474121094,50.0,51.20000076293945,39.348148345947266,11240
2010-12-01,51.599998474121094,52.0,50.400001525878906,50.79999923706055,39.040740966796875,20583
2010-12-02,51.599998474121094,55.599998474121094,50.79999923706055,54.79999923706055,42.11481475830078,67643
2010-12-03,55.599998474121094,56.0,51.599998474121094,53.599998474121094,41.19259262084961,31125
2010-12-06,54.0,65.19999694824219,53.20000076293945,62.79999923706055,48.262962341308594,68128
2010-12-07,65.19999694824219,66.0,59.20000076293945,59.20000076293945,45.49629592895508,61885
2010-12-08,60.79999923706055,60.79999923706055,56.0,58.79999923706055,45.18888854980469,15958
2010-12-09,58.400001525878906,61.20000076293945,57.599998474121094,60.79999923706055,46.72592544555664,9828
2010-12-10,61.599998474121094,61.599998474121094,58.79999923706055,60.400001525878906,46.41851806640625,8905
2010-12-13,60.79999923706055,63.599998474121094,59.20000076293945,62.400001525878906,47.9555549621582,33885
2010-12-14,65.19999694824219,65.5999984741211,60.79999923706055,62.400001525878906,47.9555549621582,16135
2010-12-15,62.0,62.400001525878906,60.400001525878906,61.599998474121094,47.34074020385742,8385
2010-12-16,60.400001525878906,62.0,58.400001525878906,62.0,47.64814758300781,8045
2010-12-17,62.400001525878906,62.400001525878906,59.599998474121094,59.599998474121094,45.80370330810547,9130
2010-12-20,58.400001525878906,63.599998474121094,58.400001525878906,61.20000076293945,47.03333282470703,30025
2010-12-21,60.79999923706055,63.599998474121094,60.0,63.599998474121094,48.877777099609375,24663
2010-12-22,58.0,58.0,47.599998474121094,49.20000076293945,37.81111145019531,119943
2010-12-23,49.20000076293945,51.20000076293945,43.20000076293945,46.0,35.35185241699219,101873
2010-12-27,46.0,47.599998474121094,44.79999923706055,47.20000076293945,36.27407455444336,22445
2010-12-28,46.79999923706055,47.599998474121094,44.79999923706055,45.20000076293945,34.737037658691406,22080
2010-12-29,45.599998474121094,46.0,45.20000076293945,46.0,35.35185241699219,11330
2010-12-30,45.599998474121094,45.599998474121094,44.0,44.0,33.814815521240234,18008
2010-12-31,44.0,44.79999923706055,42.0,43.599998474121094,33.50740432739258,19310
2011-01-03,43.20000076293945,45.20000076293945,42.400001525878906,43.599998474121094,33.50740432739258,11663
2011-01-04,44.0,48.400001525878906,43.599998474121094,45.599998474121094,35.04444122314453,36108
2011-01-05,46.0,48.0,45.599998474121094,46.79999923706055,35.96666717529297,21273
2011-01-06,46.79999923706055,48.79999923706055,45.20000076293945,48.400001525878906,37.19629669189453,25595
2011-01-07,48.400001525878906,50.79999923706055,48.400001525878906,49.20000076293945,37.81111145019531,26523
2011-01-10,48.400001525878906,49.599998474121094,48.0,49.599998474121094,38.11851501464844,29840
2011-01-11,51.599998474121094,58.0,51.20000076293945,57.599998474121094,44.266666412353516,76063
2011-01-12,57.599998474121094,61.599998474121094,54.79999923706055,60.79999923706055,46.72592544555664,54748
2011-01-13,60.79999923706055,61.20000076293945,58.0,58.400001525878906,44.8814811706543,50198
2011-01-14,58.400001525878906,60.0,57.20000076293945,58.79999923706055,45.18888854980469,23403
2011-01-18,58.0,59.20000076293945,57.599998474121094,58.400001525878906,44.8814811706543,13378
2011-01-19,58.400001525878906,58.400001525878906,56.0,56.400001525878906,43.344444274902344,26888
2011-01-20,56.0,62.0,54.400001525878906,60.79999923706055,46.72592544555664,40445
2011-01-21,60.79999923706055,62.0,57.20000076293945,57.599998474121094,44.266666412353516,13203
2011-01-24,58.400001525878906,58.400001525878906,53.20000076293945,56.0,43.03703689575195,18568
2011-01-25,56.0,56.0,53.599998474121094,54.400001525878906,41.80740737915039,11235
2011-01-26,54.400001525878906,57.599998474121094,54.400001525878906,57.20000076293945,43.959259033203125,12393
2011-01-27,56.79999923706055,58.79999923706055,56.0,58.79999923706055,45.18888854980469,11485
2011-01-28,58.79999923706055,58.79999923706055,56.0,56.79999923706055,43.651851654052734,7270
2011-01-31,55.599998474121094,56.400001525878906,54.0,55.20000076293945,42.42222213745117,7845
2011-02-01,55.20000076293945,58.400001525878906,55.20000076293945,57.20000076293945,43.959259033203125,11633
2011-02-02,56.400001525878906,63.20000076293945,56.0,60.79999923706055,46.72592544555664,46143
2011-02-03,61.20000076293945,62.400001525878906,60.0,61.599998474121094,47.34074020385742,33733
2011-02-04,57.599998474121094,73.19999694824219,56.79999923706055,71.19999694824219,54.71851348876953,166415
2011-02-07,72.0,78.80000305175781,71.5999984741211,74.4000015258789,57.17777633666992,143650
2011-02-08,74.80000305175781,75.19999694824219,70.4000015258789,73.5999984741211,56.56296157836914,49458
2011-02-09,73.19999694824219,77.5999984741211,70.80000305175781,76.0,58.407405853271484,36323
2011-02-10,76.4000015258789,77.5999984741211,72.80000305175781,76.4000015258789,58.71481704711914,33975
2011-02-11,76.80000305175781,93.5999984741211,75.19999694824219,92.0,70.70370483398438,213255
2011-02-14,94.80000305175781,107.5999984741211,91.19999694824219,97.19999694824219,74.69999694824219,245533
2011-02-15,96.4000015258789,96.80000305175781,88.80000305175781,90.80000305175781,69.78148651123047,80403
2011-02-16,95.19999694824219,103.19999694824219,91.5999984741211,101.19999694824219,77.7740707397461,82340
2011-02-17,101.19999694824219,110.0,100.4000015258789,105.19999694824219,80.84814453125,105675
2011-02-18,106.80000305175781,106.80000305175781,92.80000305175781,96.0,73.77777862548828,84685
2011-02-22,94.0,97.19999694824219,84.4000015258789,91.19999694824219,70.08888244628906,78418
2011-02-23,92.0,97.5999984741211,88.0,96.0,73.77777862548828,68435
2011-02-24,97.5999984741211,101.5999984741211,94.4000015258789,97.19999694824219,74.69999694824219,47543
2011-02-25,99.19999694824219,106.0,99.19999694824219,104.80000305175781,80.54074096679688,64623
2011-02-28,104.0,113.5999984741211,104.0,111.5999984741211,85.76666259765625,81775
2011-03-01,115.5999984741211,119.19999694824219,108.80000305175781,112.80000305175781,86.68888854980469,78048
2011-03-02,112.80000305175781,116.0,111.5999984741211,114.0,87.6111068725586,50640
2011-03-03,118.4000015258789,118.4000015258789,111.19999694824219,113.19999694824219,86.99629211425781,47108
2011-03-04,112.4000015258789,124.0,110.4000015258789,121.19999694824219,93.14443969726562,95215
2011-03-07,124.4000015258789,130.0,120.0,124.0,95.29629516601562,104463
2011-03-08,130.0,130.0,120.0,123.5999984741211,94.98888397216797,58163
2011-03-09,108.0,110.0,94.4000015258789,96.80000305175781,74.39259338378906,149855
2011-03-10,94.80000305175781,96.4000015258789,90.0,94.0,72.24073791503906,64368
2011-03-11,89.5999984741211,100.4000015258789,86.80000305175781,96.80000305175781,74.39259338378906,61895
2011-03-14,96.0,102.0,91.5999984741211,95.5999984741211,73.47036743164062,45753
2011-03-15,90.4000015258789,94.0,87.19999694824219,92.0,70.70370483398438,53708
2011-03-16,90.4000015258789,98.0,90.0,92.0,70.70370483398438,43985
2011-03-17,91.5999984741211,95.5999984741211,88.4000015258789,89.19999694824219,68.55184936523438,27770
2011-03-18,91.5999984741211,91.5999984741211,81.19999694824219,87.5999984741211,67.32221984863281,62135
2011-03-21,88.0,90.4000015258789,84.80000305175781,90.4000015258789,69.47407531738281,26785
2011-03-22,90.0,92.80000305175781,88.0,88.4000015258789,67.9370346069336,22485
2011-03-23,87.5999984741211,93.19999694824219,85.19999694824219,92.0,70.70370483398438,27870
2011-03-24,94.4000015258789,96.0,90.80000305175781,93.19999694824219,71.62592315673828,25850
2011-03-25,94.80000305175781,94.80000305175781,90.0,90.80000305175781,69.78148651123047,23670
2011-03-28,90.4000015258789,94.80000305175781,90.0,92.4000015258789,71.0111083984375,22868
2011-03-29,92.4000015258789,98.0,90.80000305175781,95.19999694824219,73.16295623779297,43313
2011-03-30,99.5999984741211,105.5999984741211,98.0,102.4000015258789,78.69629669189453,86693
2011-03-31,103.5999984741211,109.19999694824219,102.0,102.80000305175781,79.00370788574219,74850
2011-04-01,105.19999694824219,105.19999694824219,95.19999694824219,96.0,73.77777862548828,49360
2011-04-04,96.0,98.4000015258789,92.80000305175781,97.19999694824219,74.69999694824219,23545
2011-04-05,97.5999984741211,98.80000305175781,94.0,94.80000305175781,72.85556030273438,26150
2011-04-06,94.4000015258789,97.19999694824219,94.0,95.19999694824219,73.16295623779297,17433
2011-04-07,95.5999984741211,100.0,94.4000015258789,100.0,76.85185241699219,19298
2011-04-08,100.0,102.0,94.4000015258789,95.5999984741211,73.47036743164062,29080
2011-04-11,94.4000015258789,96.80000305175781,88.0,90.0,69.16666412353516,43100
2011-04-12,88.0,89.5999984741211,84.0,88.0,67.62963104248047,31788
2011-04-13,89.19999694824219,90.80000305175781,88.4000015258789,90.0,69.16666412353516,9105
2011-04-14,89.5999984741211,89.5999984741211,86.4000015258789,86.80000305175781,66.70740509033203,14100
2011-04-15,87.19999694824219,90.4000015258789,85.19999694824219,89.5999984741211,68.85926055908203,11780
2011-04-18,88.4000015258789,88.4000015258789,82.80000305175781,86.0,66.09259033203125,22105
2011-04-19,85.19999694824219,88.0,82.0,87.5999984741211,67.32221984863281,14113
2011-04-20,90.80000305175781,94.4000015258789,88.4000015258789,93.19999694824219,71.62592315673828,18460
2011-04-21,96.0,97.5999984741211,92.4000015258789,96.80000305175781,74.39259338378906,20630
2011-04-25,96.80000305175781,98.0,94.4000015258789,96.80000305175781,74.39259338378906,13643
2011-04-26,96.4000015258789,100.4000015258789,95.5999984741211,98.4000015258789,75.62222290039062,29953
2011-04-27,94.80000305175781,99.19999694824219,94.4000015258789,98.4000015258789,75.62222290039062,19118
2011-04-28,98.80000305175781,105.19999694824219,98.80000305175781,102.4000015258789,78.69629669189453,30000
2011-04-29,103.19999694824219,106.0,101.5999984741211,104.4000015258789,80.23332977294922,17625
2011-05-02,106.0,106.0,100.80000305175781,104.80000305175781,80.54074096679688,25350
2011-05-03,103.19999694824219,105.19999694824219,94.4000015258789,96.4000015258789,74.0851821899414,30000
2011-05-04,97.5999984741211,100.4000015258789,90.4000015258789,99.5999984741211,76.54444122314453,25835
2011-05-05,98.0,101.5999984741211,96.0,99.19999694824219,76.23703002929688,23850
2011-05-06,96.80000305175781,97.19999694824219,92.0,96.80000305175781,74.39259338378906,35070
2011-05-09,96.4000015258789,105.19999694824219,92.80000305175781,102.0,78.38888549804688,29615
2011-05-10,102.80000305175781,109.19999694824219,102.0,106.0,81.46295928955078,47163
2011-05-11,105.5999984741211,108.0,101.5999984741211,102.80000305175781,79.00370788574219,25000
2011-05-12,102.4000015258789,105.5999984741211,99.19999694824219,102.4000015258789,78.69629669189453,27500
2011-05-13,102.4000015258789,103.5999984741211,98.0,99.19999694824219,76.23703002929688,15188
2011-05-16,98.4000015258789,99.5999984741211,94.0,95.19999694824219,73.16295623779297,29388
2011-05-17,94.0,95.19999694824219,91.5999984741211,95.19999694824219,73.16295623779297,16998
2011-05-18,94.0,100.0,93.19999694824219,99.5999984741211,76.54444122314453,12143
2011-05-19,99.19999694824219,99.5999984741211,95.19999694824219,96.4000015258789,74.0851821899414,15158
2011-05-20,96.4000015258789,103.19999694824219,94.4000015258789,99.5999984741211,76.54444122314453,28698
2011-05-23,96.80000305175781,98.0,94.4000015258789,96.0,73.77777862548828,14378
2011-05-24,96.0,97.19999694824219,92.0,92.0,70.70370483398438,17505
2011-05-25,92.0,96.80000305175781,92.0,96.0,73.77777862548828,11848
2011-05-26,95.19999694824219,97.5999984741211,93.5999984741211,97.19999694824219,74.69999694824219,9703
2011-05-27,97.19999694824219,97.5999984741211,93.5999984741211,94.0,72.24073791503906,12445
2011-05-31,96.0,102.0,95.19999694824219,101.5999984741211,78.08148193359375,27193
2011-06-01,101.19999694824219,103.19999694824219,95.19999694824219,96.80000305175781,74.39259338378906,34030
2011-06-02,96.4000015258789,100.0,94.80000305175781,98.4000015258789,75.62222290039062,13418
2011-06-03,94.80000305175781,99.19999694824219,94.80000305175781,97.5999984741211,75.00740814208984,14070
2011-06-06,96.80000305175781,99.19999694824219,92.0,92.80000305175781,71.31851959228516,13555
2011-06-07,93.5999984741211,94.80000305175781,91.19999694824219,94.0,72.24073791503906,12148
2011-06-08,93.19999694824219,93.19999694824219,85.5999984741211,86.80000305175781,66.70740509033203,34263
2011-06-09,87.5999984741211,88.4000015258789,82.80000305175781,87.19999694824219,67.01480865478516,18068
2011-06-10,88.0,89.19999694824219,84.80000305175781,87.5999984741211,67.32221984863281,18755
2011-06-13,87.5999984741211,90.0,84.4000015258789,87.5999984741211,67.32221984863281,28210
2011-06-14,89.19999694824219,91.19999694824219,88.4000015258789,90.80000305175781,69.78148651123047,23400
2011-06-15,89.19999694824219,92.0,86.0,88.4000015258789,67.9370346069336,18303
2011-06-16,87.5999984741211,90.0,82.80000305175781,84.0,64.55555725097656,28288
2011-06-17,85.19999694824219,86.4000015258789,84.4000015258789,86.4000015258789,66.4000015258789,17650
2011-06-20,85.5999984741211,88.0,83.5999984741211,87.19999694824219,67.01480865478516,12015
2011-06-21,87.5999984741211,91.5999984741211,86.4000015258789,91.5999984741211,70.39629364013672,17790
2011-06-22,91.19999694824219,94.4000015258789,89.5999984741211,91.19999694824219,70.08888244628906,19128
2011-06-23,88.0,90.4000015258789,86.4000015258789,88.0,67.62963104248047,23155
2011-06-24,88.0,91.5999984741211,85.19999694824219,87.5999984741211,67.32221984863281,389843
2011-06-27,87.5999984741211,94.0,84.4000015258789,93.5999984741211,71.93333435058594,23103
2011-06-28,96.80000305175781,104.80000305175781,96.0,104.4000015258789,80.23332977294922,78115
2011-06-29,104.4000015258789,110.0,100.4000015258789,108.4000015258789,83.30741119384766,139970
2011-06-30,109.5999984741211,114.0,108.0,109.5999984741211,84.22962951660156,38368
2011-07-01,108.0,114.80000305175781,105.19999694824219,114.0,87.6111068725586,43410
2011-07-05,114.0,120.4000015258789,112.80000305175781,118.80000305175781,91.30000305175781,70558
2011-07-06,118.80000305175781,120.0,114.0,119.19999694824219,91.60740661621094,24030
2011-07-07,120.0,124.0,119.19999694824219,122.0,93.7592544555664,34843
2011-07-08,120.0,124.0,114.4000015258789,122.80000305175781,94.37407684326172,30723
2011-07-11,121.19999694824219,123.5999984741211,117.19999694824219,119.19999694824219,91.60740661621094,25635
2011-07-12,117.19999694824219,122.0,116.0,118.0,90.6851806640625,18058
2011-07-13,118.4000015258789,122.4000015258789,114.4000015258789,115.5999984741211,88.84073638916016,24268
2011-07-14,116.4000015258789,119.19999694824219,110.0,111.5999984741211,85.76666259765625,17055
2011-07-15,112.4000015258789,116.0,112.0,115.19999694824219,88.53333282470703,12010
2011-07-18,114.0,116.0,108.0,111.19999694824219,85.45925903320312,14725
2011-07-19,111.5999984741211,116.0,109.19999694824219,115.5999984741211,88.84073638916016,12133
2011-07-20,114.4000015258789,116.4000015258789,112.4000015258789,115.19999694824219,88.53333282470703,11505
2011-07-21,114.80000305175781,120.0,113.5999984741211,118.0,90.6851806640625,17395
2011-07-22,117.19999694824219,119.5999984741211,116.0,118.0,90.6851806640625,7903
2011-07-25,114.80000305175781,119.5999984741211,114.80000305175781,116.4000015258789,89.45555877685547,13210
2011-07-26,116.0,118.4000015258789,114.80000305175781,118.0,90.6851806640625,11613
2011-07-27,116.80000305175781,116.80000305175781,104.0,104.4000015258789,80.23332977294922,26055
2011-07-28,103.5999984741211,107.19999694824219,100.0,100.4000015258789,77.15925598144531,17873
2011-07-29,97.19999694824219,106.0,94.4000015258789,104.80000305175781,80.54074096679688,19480
2011-08-01,106.80000305175781,112.4000015258789,100.4000015258789,103.5999984741211,79.61851501464844,20205
2011-08-02,102.80000305175781,106.0,95.19999694824219,95.19999694824219,73.16295623779297,19283
2011-08-03,96.0,99.5999984741211,92.80000305175781,97.19999694824219,74.69999694824219,23205
2011-08-04,87.19999694824219,88.0,64.4000015258789,66.80000305175781,51.337039947509766,102893
2011-08-05,70.0,75.19999694824219,69.5999984741211,70.0,53.796295166015625,42608
2011-08-08,63.599998474121094,65.19999694824219,59.599998474121094,60.0,46.11111068725586,43595
2011-08-09,60.79999923706055,73.5999984741211,59.599998474121094,73.19999694824219,56.25555419921875,29303
2011-08-10,71.5999984741211,76.0,66.0,66.4000015258789,51.02962875366211,23475
2011-08-11,68.0,75.5999984741211,66.80000305175781,73.19999694824219,56.25555419921875,24725
2011-08-12,74.4000015258789,74.4000015258789,68.80000305175781,70.4000015258789,54.103702545166016,14455
2011-08-15,71.5999984741211,75.5999984741211,71.19999694824219,73.5999984741211,56.56296157836914,12278
2011-08-16,72.4000015258789,74.80000305175781,70.0,70.80000305175781,54.41111373901367,11508
2011-08-17,71.19999694824219,72.4000015258789,67.19999694824219,68.80000305175781,52.87407684326172,9955
2011-08-18,65.5999984741211,68.0,60.400001525878906,62.0,47.64814758300781,20908
2011-08-19,60.79999923706055,65.19999694824219,60.0,60.0,46.11111068725586,14633
2011-08-22,63.20000076293945,63.20000076293945,60.0,62.0,47.64814758300781,13220
2011-08-23,62.0,67.5999984741211,60.0,67.19999694824219,51.644439697265625,18290
2011-08-24,66.80000305175781,68.0,64.0,66.0,50.72222137451172,10190
2011-08-25,66.4000015258789,67.19999694824219,61.599998474121094,62.400001525878906,47.9555549621582,13148
2011-08-26,60.400001525878906,65.19999694824219,60.0,63.599998474121094,48.877777099609375,14995
2011-08-29,65.19999694824219,72.4000015258789,63.20000076293945,72.0,55.33333206176758,19845
2011-08-30,71.5999984741211,71.5999984741211,65.5999984741211,68.0,52.25925827026367,15813
2011-08-31,68.4000015258789,70.4000015258789,64.0,64.0,49.185184478759766,16895
2011-09-01,64.80000305175781,65.5999984741211,62.0,62.400001525878906,47.9555549621582,15675
2011-09-02,60.400001525878906,63.599998474121094,60.0,60.400001525878906,46.41851806640625,14833
2011-09-06,58.400001525878906,59.599998474121094,57.20000076293945,58.400001525878906,44.8814811706543,12343
2011-09-07,59.20000076293945,63.20000076293945,58.400001525878906,63.20000076293945,48.570369720458984,13258
2011-09-08,62.79999923706055,65.19999694824219,59.20000076293945,60.0,46.11111068725586,8663
2011-09-09,58.79999923706055,61.599998474121094,56.400001525878906,57.20000076293945,43.959259033203125,10608
2011-09-12,56.400001525878906,60.0,56.400001525878906,59.599998474121094,45.80370330810547,6795
2011-09-13,59.20000076293945,62.79999923706055,58.79999923706055,62.0,47.64814758300781,8100
2011-09-14,63.20000076293945,66.0,62.400001525878906,65.19999694824219,50.10740280151367,11295
2011-09-15,66.0,66.80000305175781,64.0,64.0,49.185184478759766,8270
2011-09-16,64.80000305175781,64.80000305175781,60.79999923706055,62.400001525878906,47.9555549621582,14885
2011-09-19,59.599998474121094,59.599998474121094,56.79999923706055,58.0,44.574073791503906,13940
2011-09-20,58.0,61.20000076293945,56.0,56.400001525878906,43.344444274902344,19513
2011-09-21,56.400001525878906,58.400001525878906,52.79999923706055,53.20000076293945,40.88518524169922,9925
2011-09-22,52.0,52.400001525878906,48.400001525878906,48.400001525878906,37.19629669189453,25410
2011-09-23,48.400001525878906,50.79999923706055,48.0,49.599998474121094,38.11851501464844,15408
2011-09-26,50.400001525878906,51.20000076293945,44.79999923706055,48.400001525878906,37.19629669189453,20815
2011-09-27,50.400001525878906,52.79999923706055,48.0,50.400001525878906,38.733333587646484,26688
2011-09-28,49.599998474121094,50.400001525878906,43.599998474121094,44.0,33.814815521240234,45443
2011-09-29,45.599998474121094,47.599998474121094,41.599998474121094,41.599998474121094,31.970369338989258,82255
2011-09-30,41.20000076293945,41.20000076293945,38.400001525878906,39.599998474121094,30.433332443237305,47400
2011-10-03,38.79999923706055,39.20000076293945,34.400001525878906,34.79999923706055,26.744443893432617,31315
2011-10-04,34.0,39.599998474121094,34.0,38.400001525878906,29.511112213134766,29813
2011-10-05,40.0,41.599998474121094,37.599998474121094,40.400001525878906,31.04814910888672,21468
2011-10-06,40.400001525878906,42.0,40.0,42.0,32.27777862548828,18415
2011-10-07,42.400001525878906,43.20000076293945,40.0,40.400001525878906,31.04814910888672,12710
2011-10-10,41.599998474121094,43.20000076293945,40.0,43.20000076293945,33.20000076293945,14170
2011-10-11,42.400001525878906,44.0,40.400001525878906,44.0,33.814815521240234,10128
2011-10-12,44.0,44.400001525878906,42.400001525878906,43.20000076293945,33.20000076293945,15055
2011-10-13,42.79999923706055,44.0,42.400001525878906,44.0,33.814815521240234,7880
2011-10-14,44.0,45.20000076293945,42.79999923706055,44.0,33.814815521240234,24940
2011-10-17,43.599998474121094,44.0,41.20000076293945,41.20000076293945,31.6629638671875,10988
2011-10-18,41.20000076293945,44.0,40.400001525878906,44.0,33.814815521240234,14978
2011-10-19,44.0,44.0,40.79999923706055,41.599998474121094,31.970369338989258,10763
2011-10-20,42.0,43.599998474121094,40.79999923706055,41.20000076293945,31.6629638671875,8013
2011-10-21,42.79999923706055,44.0,42.0,43.599998474121094,33.50740432739258,9150
2011-10-24,43.599998474121094,44.79999923706055,42.0,44.0,33.814815521240234,11258
2011-10-25,38.400001525878906,40.0,36.0,39.20000076293945,30.125926971435547,26478
2011-10-26,39.599998474121094,40.0,37.20000076293945,39.599998474121094,30.433332443237305,10130
2011-10-27,40.0,42.0,38.79999923706055,42.0,32.27777862548828,22635
2011-10-28,41.20000076293945,42.79999923706055,40.400001525878906,42.0,32.27777862548828,13783
2011-10-31,41.599998474121094,43.20000076293945,39.599998474121094,39.599998474121094,30.433332443237305,12815
2011-11-01,36.79999923706055,39.20000076293945,36.0,37.20000076293945,28.58888816833496,15360
2011-11-02,38.400001525878906,41.599998474121094,38.0,40.0,30.740739822387695,10940
2011-11-03,40.79999923706055,41.20000076293945,39.20000076293945,40.79999923706055,31.355554580688477,12065
2011-11-04,39.599998474121094,40.79999923706055,39.599998474121094,40.400001525878906,31.04814910888672,4250
2011-11-07,40.400001525878906,41.599998474121094,40.0,40.400001525878906,31.04814910888672,8803
2011-11-08,40.400001525878906,41.20000076293945,38.400001525878906,40.79999923706055,31.355554580688477,10028
2011-11-09,39.20000076293945,40.400001525878906,38.79999923706055,38.79999923706055,29.818517684936523,9098
2011-11-10,40.0,40.0,37.20000076293945,38.0,29.203702926635742,7680
2011-11-11,38.79999923706055,39.599998474121094,37.599998474121094,39.20000076293945,30.125926971435547,11168
2011-11-14,38.79999923706055,41.20000076293945,38.0,40.0,30.740739822387695,13770
2011-11-15,39.599998474121094,40.400001525878906,38.79999923706055,40.0,30.740739822387695,5808
2011-11-16,39.599998474121094,40.79999923706055,39.20000076293945,40.0,30.740739822387695,18558
2011-11-17,40.0,41.20000076293945,38.0,40.79999923706055,31.355554580688477,22283
2011-11-18,39.599998474121094,41.599998474121094,39.599998474121094,40.79999923706055,31.355554580688477,12458
2011-11-21,40.0,41.20000076293945,38.79999923706055,40.400001525878906,31.04814910888672,21968
2011-11-22,40.0,41.20000076293945,39.20000076293945,39.599998474121094,30.433332443237305,7720
2011-11-23,39.20000076293945,39.599998474121094,35.20000076293945,36.0,27.66666603088379,21923
2011-11-25,35.20000076293945,37.20000076293945,35.20000076293945,36.0,27.66666603088379,5600
2011-11-28,37.20000076293945,39.20000076293945,35.20000076293945,37.20000076293945,28.58888816833496,12295
2011-11-29,37.20000076293945,37.599998474121094,36.0,36.0,27.66666603088379,6275
2011-11-30,38.400001525878906,38.400001525878906,36.400001525878906,38.0,29.203702926635742,11155
2011-12-01,38.0,38.400001525878906,36.79999923706055,36.79999923706055,28.28148078918457,7595
2011-12-02,37.599998474121094,38.400001525878906,36.79999923706055,38.400001525878906,29.511112213134766,4738
2011-12-05,40.0,41.20000076293945,39.20000076293945,40.400001525878906,31.04814910888672,16850
2011-12-06,40.400001525878906,40.400001525878906,38.0,38.400001525878906,29.511112213134766,8225
2011-12-07,38.0,39.20000076293945,36.400001525878906,39.20000076293945,30.125926971435547,3060
2011-12-08,39.599998474121094,39.599998474121094,36.79999923706055,36.79999923706055,28.28148078918457,7253
2011-12-09,36.79999923706055,39.20000076293945,36.79999923706055,39.20000076293945,30.125926971435547,4990
2011-12-12,38.400001525878906,39.599998474121094,37.20000076293945,38.0,29.203702926635742,11228
2011-12-13,38.400001525878906,38.400001525878906,34.400001525878906,34.79999923706055,26.744443893432617,22960
2011-12-14,34.400001525878906,35.20000076293945,34.400001525878906,34.400001525878906,26.43703842163086,10453
2011-12-15,34.79999923706055,35.599998474121094,34.0,34.79999923706055,26.744443893432617,11443
2011-12-16,34.79999923706055,36.0,32.79999923706055,33.599998474121094,25.822219848632812,11720
2011-12-19,34.0,34.79999923706055,32.79999923706055,33.20000076293945,25.514814376831055,4768
2011-12-20,36.0,36.0,34.400001525878906,35.20000076293945,27.051851272583008,10988
2011-12-21,35.20000076293945,36.0,33.20000076293945,35.599998474121094,27.359256744384766,6688
2011-12-22,36.400001525878906,36.79999923706055,34.79999923706055,36.400001525878906,27.974075317382812,7140
2011-12-23,36.79999923706055,36.79999923706055,35.599998474121094,36.0,27.66666603088379,3575
2011-12-27,35.599998474121094,36.0,32.79999923706055,34.400001525878906,26.43703842163086,10218
2011-12-28,40.0,46.400001525878906,36.0,36.79999923706055,28.28148078918457,117765
2011-12-29,36.79999923706055,37.599998474121094,34.400001525878906,35.20000076293945,27.051851272583008,58253
2011-12-30,35.20000076293945,35.599998474121094,34.0,34.400001525878906,26.43703842163086,24833
2012-01-03,36.0,38.79999923706055,34.79999923706055,38.0,29.203702926635742,21803
2012-01-04,37.599998474121094,39.20000076293945,36.400001525878906,37.20000076293945,28.58888816833496,8688
2012-01-05,37.20000076293945,43.20000076293945,37.20000076293945,41.599998474121094,31.970369338989258,20725
2012-01-06,41.599998474121094,42.0,38.400001525878906,41.20000076293945,31.6629638671875,14808
2012-01-09,41.20000076293945,44.400001525878906,40.79999923706055,43.599998474121094,33.50740432739258,11483
2012-01-10,44.79999923706055,45.20000076293945,42.79999923706055,43.599998474121094,33.50740432739258,11123
2012-01-11,44.400001525878906,46.79999923706055,42.0,46.400001525878906,35.65925979614258,21020
2012-01-12,47.20000076293945,48.79999923706055,44.0,48.79999923706055,37.50370407104492,16923
2012-01-13,47.599998474121094,48.400001525878906,47.20000076293945,47.20000076293945,36.27407455444336,9560
2012-01-17,47.599998474121094,47.599998474121094,43.20000076293945,44.400001525878906,34.122222900390625,14353
2012-01-18,44.0,49.20000076293945,44.0,47.599998474121094,36.581478118896484,21635
2012-01-19,49.20000076293945,49.20000076293945,46.400001525878906,47.599998474121094,36.581478118896484,8015
2012-01-20,47.20000076293945,49.20000076293945,46.400001525878906,48.79999923706055,37.50370407104492,6588
2012-01-23,49.20000076293945,49.20000076293945,46.400001525878906,48.0,36.88888931274414,4973
2012-01-24,47.20000076293945,49.20000076293945,46.400001525878906,48.79999923706055,37.50370407104492,5578
2012-01-25,48.79999923706055,49.20000076293945,47.20000076293945,49.20000076293945,37.81111145019531,5135
2012-01-26,50.0,53.20000076293945,49.20000076293945,49.20000076293945,37.81111145019531,21590
2012-01-27,48.79999923706055,50.79999923706055,48.400001525878906,50.400001525878906,38.733333587646484,6273
2012-01-30,44.79999923706055,45.599998474121094,42.400001525878906,44.400001525878906,34.122222900390625,43078
2012-01-31,44.79999923706055,47.20000076293945,44.79999923706055,47.20000076293945,36.27407455444336,12783
2012-02-01,47.599998474121094,51.599998474121094,46.400001525878906,51.20000076293945,39.348148345947266,26598
2012-02-02,50.79999923706055,58.79999923706055,48.79999923706055,54.400001525878906,41.80740737915039,25655
2012-02-03,55.599998474121094,56.400001525878906,54.400001525878906,54.79999923706055,42.11481475830078,16795
2012-02-06,53.599998474121094,54.400001525878906,51.599998474121094,53.20000076293945,40.88518524169922,9720
2012-02-07,52.79999923706055,54.400001525878906,50.400001525878906,54.0,41.5,13953
2012-02-08,53.20000076293945,54.79999923706055,52.400001525878906,54.400001525878906,41.80740737915039,8523
2012-02-09,55.20000076293945,56.0,53.599998474121094,54.400001525878906,41.80740737915039,9513
2012-02-10,53.599998474121094,54.400001525878906,50.0,51.599998474121094,39.65555191040039,10105
2012-02-13,52.400001525878906,54.400001525878906,50.79999923706055,52.79999923706055,40.57777786254883,11520
2012-02-14,52.79999923706055,52.79999923706055,50.0,50.400001525878906,38.733333587646484,10315
2012-02-15,50.400001525878906,54.0,48.400001525878906,50.400001525878906,38.733333587646484,6340
2012-02-16,46.599998474121094,59.900001525878906,46.599998474121094,59.29999923706055,45.57314682006836,31000
2012-02-17,55.5,56.29999923706055,51.5,53.29999923706055,40.9620361328125,58570
2012-02-21,53.400001525878906,54.29999923706055,51.400001525878906,51.900001525878906,39.886112213134766,20510
2012-02-22,51.70000076293945,52.900001525878906,50.29999923706055,51.099998474121094,39.27129364013672,12450
2012-02-23,51.0,52.29999923706055,50.099998474121094,52.29999923706055,40.19351577758789,10920
2012-02-24,52.20000076293945,52.599998474121094,51.20000076293945,52.400001525878906,40.27037048339844,9400
2012-02-27,51.099998474121094,51.79999923706055,48.0,48.099998474121094,36.96574020385742,22820
2012-02-28,48.099998474121094,49.099998474121094,43.79999923706055,44.0,33.814815521240234,30450
2012-02-29,44.099998474121094,46.29999923706055,43.0,43.400001525878906,33.353702545166016,26260
2012-03-01,43.20000076293945,43.400001525878906,40.79999923706055,41.599998474121094,31.970369338989258,36490
2012-03-02,41.70000076293945,43.599998474121094,40.29999923706055,40.5,31.125,27400
2012-03-05,40.20000076293945,40.79999923706055,38.5,39.400001525878906,30.279630661010742,21880
2012-03-06,38.70000076293945,38.70000076293945,36.5,36.900001525878906,28.358333587646484,32250
2012-03-07,37.20000076293945,38.900001525878906,37.0,37.79999923706055,29.049999237060547,15660
2012-03-08,37.900001525878906,40.70000076293945,37.599998474121094,39.900001525878906,30.663888931274414,36860
2012-03-09,39.70000076293945,43.20000076293945,39.70000076293945,43.099998474121094,33.123146057128906,71790
2012-03-12,43.0,44.29999923706055,42.5,43.29999923706055,33.276851654052734,42140
2012-03-13,43.400001525878906,43.400001525878906,41.70000076293945,42.099998474121094,32.35462951660156,36380
2012-03-14,41.900001525878906,42.5,40.29999923706055,41.099998474121094,31.586109161376953,13500
2012-03-15,41.0,42.099998474121094,40.70000076293945,40.900001525878906,31.43240737915039,12670
2012-03-16,41.0,44.0,41.0,43.70000076293945,33.584259033203125,59230
2012-03-19,43.79999923706055,47.099998474121094,42.400001525878906,45.5,34.96759033203125,53600
2012-03-20,45.099998474121094,50.0,45.0,49.0,37.657405853271484,56330
2012-03-21,49.599998474121094,50.400001525878906,47.5,48.900001525878906,37.5805549621582,35540
2012-03-22,48.400001525878906,49.5,46.70000076293945,48.0,36.88888931274414,17330
2012-03-23,47.79999923706055,48.599998474121094,45.5,47.5,36.5046272277832,15530
2012-03-26,48.400001525878906,49.5,46.900001525878906,48.900001525878906,37.5805549621582,19020
2012-03-27,49.099998474121094,49.79999923706055,48.20000076293945,48.5,37.27314758300781,16580
2012-03-28,48.5,49.29999923706055,46.79999923706055,48.900001525878906,37.5805549621582,22930
2012-03-29,48.5,48.70000076293945,46.5,47.900001525878906,36.81203842163086,14230
2012-03-30,48.29999923706055,48.599998474121094,47.5,47.70000076293945,36.65833282470703,9340
2012-04-02,47.29999923706055,47.79999923706055,46.0,47.599998474121094,36.581478118896484,18620
2012-04-03,47.400001525878906,47.599998474121094,45.20000076293945,46.29999923706055,35.58240509033203,17360
2012-04-04,45.20000076293945,46.5,44.5,44.900001525878906,34.5064811706543,20350
2012-04-05,44.599998474121094,46.29999923706055,44.599998474121094,45.900001525878906,35.275001525878906,9980
2012-04-09,44.70000076293945,45.79999923706055,44.29999923706055,44.5,34.199073791503906,15120
2012-04-10,44.599998474121094,45.900001525878906,41.20000076293945,41.70000076293945,32.04722213745117,28830
2012-04-11,42.29999923706055,45.099998474121094,42.29999923706055,43.900001525878906,33.73796463012695,19870
2012-04-12,43.900001525878906,46.20000076293945,43.900001525878906,45.599998474121094,35.04444122314453,10700
2012-04-13,45.400001525878906,45.400001525878906,42.0,42.20000076293945,32.431480407714844,14430
2012-04-16,42.70000076293945,42.79999923706055,40.599998474121094,41.099998474121094,31.586109161376953,16540
2012-04-17,41.599998474121094,43.599998474121094,41.099998474121094,43.099998474121094,33.123146057128906,13850
2012-04-18,42.70000076293945,42.79999923706055,41.5,42.20000076293945,32.431480407714844,8660
2012-04-19,42.20000076293945,43.099998474121094,41.5,41.70000076293945,32.04722213745117,8370
2012-04-20,42.70000076293945,42.70000076293945,39.099998474121094,39.70000076293945,30.51018524169922,28970
2012-04-23,39.0,42.599998474121094,38.099998474121094,40.70000076293945,31.278703689575195,32320
2012-04-24,41.0,42.900001525878906,41.0,41.79999923706055,32.12407302856445,12220
2012-04-25,42.29999923706055,44.0,41.5,43.5,33.4305534362793,15680
2012-04-26,43.29999923706055,44.70000076293945,43.20000076293945,44.20000076293945,33.9685173034668,7460
2012-04-27,44.5,46.20000076293945,43.70000076293945,46.0,35.35185241699219,21880
2012-04-30,45.79999923706055,46.400001525878906,45.099998474121094,45.20000076293945,34.737037658691406,19400
2012-05-01,45.099998474121094,50.70000076293945,45.099998474121094,49.79999923706055,38.272220611572266,47100
2012-05-02,48.900001525878906,50.400001525878906,47.79999923706055,49.900001525878906,38.34907531738281,47050
2012-05-03,50.0,50.20000076293945,48.400001525878906,50.099998474121094,38.502777099609375,52250
2012-05-04,50.5,50.5,43.5,43.79999923706055,33.661109924316406,45990
2012-05-07,43.900001525878906,44.20000076293945,41.5,42.5,32.66203689575195,20700
2012-05-08,42.099998474121094,42.099998474121094,40.29999923706055,41.79999923706055,32.12407302856445,22580
2012-05-09,41.400001525878906,44.0,40.29999923706055,43.599998474121094,33.50740432739258,29900
2012-05-10,45.0,47.400001525878906,44.29999923706055,45.29999923706055,34.81388854980469,38400
2012-05-11,44.900001525878906,46.20000076293945,43.29999923706055,45.70000076293945,35.12129592895508,30250
2012-05-14,44.5,44.79999923706055,42.599998474121094,42.79999923706055,32.89259338378906,10730
2012-05-15,42.70000076293945,44.400001525878906,41.900001525878906,42.70000076293945,32.81574249267578,13200
2012-05-16,42.900001525878906,44.29999923706055,40.79999923706055,40.900001525878906,31.43240737915039,11960
2012-05-17,40.79999923706055,41.5,39.5,40.0,30.740739822387695,21870
2012-05-18,40.099998474121094,40.29999923706055,38.099998474121094,38.70000076293945,29.741666793823242,42420
2012-05-21,38.900001525878906,40.29999923706055,38.099998474121094,40.099998474121094,30.817590713500977,8980
2012-05-22,40.0,41.099998474121094,39.5,40.0,30.740739822387695,8400
2012-05-23,39.29999923706055,40.900001525878906,38.5,40.29999923706055,30.971294403076172,19500
2012-05-24,40.29999923706055,40.29999923706055,38.599998474121094,39.29999923706055,30.202775955200195,10440
2012-05-25,39.20000076293945,40.099998474121094,39.0,39.599998474121094,30.433332443237305,5170
2012-05-29,39.70000076293945,40.29999923706055,38.900001525878906,39.70000076293945,30.51018524169922,9210
2012-05-30,38.70000076293945,40.099998474121094,38.599998474121094,39.099998474121094,30.049072265625,6250
2012-05-31,39.099998474121094,41.29999923706055,37.70000076293945,41.0,31.509258270263672,22240
2012-06-01,39.400001525878906,41.900001525878906,39.400001525878906,41.0,31.509258270263672,13710
2012-06-04,41.400001525878906,42.29999923706055,39.0,40.099998474121094,30.817590713500977,12920
2012-06-05,40.0,41.20000076293945,39.900001525878906,40.29999923706055,30.971294403076172,13320
2012-06-06,40.79999923706055,41.5,40.0,41.400001525878906,31.816667556762695,15320
2012-06-07,42.20000076293945,42.29999923706055,40.400001525878906,41.29999923706055,31.73981285095215,20090
2012-06-08,41.0,41.70000076293945,39.20000076293945,39.900001525878906,30.663888931274414,16100
2012-06-11,40.099998474121094,40.20000076293945,38.900001525878906,38.900001525878906,29.895370483398438,18210
2012-06-12,39.400001525878906,42.79999923706055,39.20000076293945,41.5,31.893518447875977,36760
2012-06-13,41.5,41.5,39.400001525878906,39.900001525878906,30.663888931274414,8790
2012-06-14,40.099998474121094,40.099998474121094,38.5,39.0,29.97222137451172,20240
2012-06-15,39.20000076293945,39.900001525878906,38.0,38.099998474121094,29.280553817749023,24680
2012-06-18,37.900001525878906,39.0,36.70000076293945,37.0,28.435184478759766,29450
2012-06-19,37.20000076293945,38.400001525878906,35.400001525878906,35.5,27.282407760620117,28170
2012-06-20,35.0,38.70000076293945,34.5,37.099998474121094,28.512035369873047,18770
2012-06-21,37.599998474121094,37.79999923706055,35.5,36.0,27.66666603088379,34650
2012-06-22,36.29999923706055,38.79999923706055,36.0,38.20000076293945,29.35740852355957,286920
2012-06-25,37.900001525878906,39.5,37.20000076293945,37.20000076293945,28.58888816833496,13750
2012-06-26,37.5,40.79999923706055,36.5,40.29999923706055,30.971294403076172,32660
2012-06-27,40.0,43.400001525878906,39.0,42.20000076293945,32.431480407714844,33720
2012-06-28,41.0,42.099998474121094,40.20000076293945,41.70000076293945,32.04722213745117,15740
2012-06-29,42.400001525878906,44.29999923706055,42.0,44.20000076293945,33.9685173034668,25220
2012-07-02,44.5,46.0,43.099998474121094,45.0,34.58333206176758,20790
2012-07-03,44.70000076293945,46.0,43.79999923706055,45.099998474121094,34.66018295288086,12660
2012-07-05,44.599998474121094,45.599998474121094,44.0,44.900001525878906,34.5064811706543,6690
2012-07-06,44.5,45.20000076293945,43.599998474121094,44.5,34.199073791503906,15580
2012-07-09,44.400001525878906,46.0,43.29999923706055,44.79999923706055,34.429630279541016,14510
2012-07-10,44.5,45.599998474121094,43.599998474121094,44.0,33.814815521240234,19930
2012-07-11,44.29999923706055,44.79999923706055,43.79999923706055,44.70000076293945,34.352779388427734,5600
2012-07-12,43.900001525878906,44.5,42.5,42.5,32.66203689575195,12930
2012-07-13,45.900001525878906,49.5,44.900001525878906,47.099998474121094,36.19721984863281,36560
2012-07-16,46.900001525878906,49.900001525878906,46.900001525878906,48.0,36.88888931274414,11770
2012-07-17,48.099998474121094,48.099998474121094,44.79999923706055,45.599998474121094,35.04444122314453,7520
2012-07-18,45.29999923706055,47.5,44.900001525878906,47.0,36.12036895751953,10950
2012-07-19,47.400001525878906,52.400001525878906,46.099998474121094,50.599998474121094,38.88703536987305,42840
2012-07-20,50.20000076293945,50.400001525878906,47.900001525878906,48.400001525878906,37.19629669189453,10560
2012-07-23,47.599998474121094,47.599998474121094,46.20000076293945,46.900001525878906,36.04351806640625,9340
2012-07-24,46.79999923706055,47.099998474121094,44.5,44.599998474121094,34.27592468261719,12940
2012-07-25,44.70000076293945,47.70000076293945,43.70000076293945,47.400001525878906,36.42778015136719,15210
2012-07-26,47.900001525878906,48.400001525878906,46.400001525878906,47.70000076293945,36.65833282470703,10100
2012-07-27,47.599998474121094,49.29999923706055,47.5,48.29999923706055,37.119441986083984,8650
2012-07-30,48.29999923706055,49.400001525878906,47.5,48.70000076293945,37.42685317993164,8790
2012-07-31,48.5,51.5,48.0,49.79999923706055,38.272220611572266,17720
2012-08-01,50.099998474121094,50.099998474121094,48.099998474121094,48.70000076293945,37.42685317993164,14520
2012-08-02,49.20000076293945,51.5,47.79999923706055,51.5,39.578704833984375,9160
2012-08-03,51.29999923706055,51.5,49.400001525878906,50.20000076293945,38.579627990722656,7880
2012-08-06,49.5,51.400001525878906,49.099998474121094,50.5,38.810184478759766,13740
2012-08-07,51.20000076293945,53.0,51.0,51.599998474121094,39.65555191040039,13650
2012-08-08,52.099998474121094,54.599998474121094,51.29999923706055,53.70000076293945,41.26944351196289,16580
2012-08-09,53.20000076293945,53.400001525878906,50.599998474121094,50.900001525878906,39.117591857910156,11850
2012-08-10,51.099998474121094,52.20000076293945,51.0,51.400001525878906,39.501853942871094,4320
2012-08-13,51.0,51.5,48.20000076293945,49.29999923706055,37.887962341308594,22850
2012-08-14,49.900001525878906,50.29999923706055,48.400001525878906,49.29999923706055,37.887962341308594,10810
2012-08-15,48.900001525878906,50.5,48.599998474121094,50.099998474121094,38.502777099609375,5990
2012-08-16,50.20000076293945,53.79999923706055,49.0,53.0,40.73147964477539,27280
2012-08-17,52.79999923706055,53.79999923706055,52.0,53.5,41.11574172973633,6660
2012-08-20,53.20000076293945,55.29999923706055,52.099998474121094,53.70000076293945,41.26944351196289,16770
2012-08-21,54.0,54.400001525878906,52.099998474121094,52.5,40.34722137451172,8630
2012-08-22,51.900001525878906,53.5,51.20000076293945,51.29999923706055,39.42499923706055,5850
2012-08-23,49.70000076293945,52.900001525878906,49.70000076293945,52.400001525878906,40.27037048339844,11410
2012-08-24,52.099998474121094,52.5,49.0,49.0,37.657405853271484,12880
2012-08-27,49.0,50.29999923706055,47.400001525878906,50.0,38.425926208496094,24350
2012-08-28,49.599998474121094,50.0,48.5,48.599998474121094,37.349998474121094,8780
2012-08-29,48.5,49.0,46.29999923706055,47.79999923706055,36.73518371582031,5200
2012-08-30,47.29999923706055,48.0,46.099998474121094,46.29999923706055,35.58240509033203,4040
2012-08-31,47.0,48.0,46.29999923706055,47.0,36.12036895751953,5950
2012-09-04,46.70000076293945,47.0,45.79999923706055,46.599998474121094,35.81296157836914,4130
2012-09-05,46.29999923706055,47.0,46.0,46.5,35.73611068725586,8460
2012-09-06,46.5,49.400001525878906,46.29999923706055,49.20000076293945,37.81111145019531,16040
2012-09-07,48.599998474121094,49.29999923706055,48.400001525878906,49.20000076293945,37.81111145019531,6990
2012-09-10,48.70000076293945,49.400001525878906,48.099998474121094,48.20000076293945,37.0425910949707,6870
2012-09-11,47.79999923706055,49.099998474121094,47.5,48.5,37.27314758300781,3800
2012-09-12,48.29999923706055,49.20000076293945,47.400001525878906,49.0,37.657405853271484,9420
2012-09-13,48.599998474121094,50.79999923706055,48.599998474121094,49.900001525878906,38.34907531738281,9800
2012-09-14,50.0,51.5,50.0,51.20000076293945,39.348148345947266,9540
2012-09-17,50.79999923706055,53.20000076293945,50.79999923706055,52.900001525878906,40.65462875366211,14720
2012-09-18,52.29999923706055,53.20000076293945,50.79999923706055,51.29999923706055,39.42499923706055,9470
2012-09-19,51.400001525878906,53.5,51.400001525878906,53.29999923706055,40.9620361328125,8420
2012-09-20,52.5,56.5,52.5,55.29999923706055,42.49907302856445,22140
2012-09-21,55.5,57.5,55.0,57.0,43.8055534362793,24860
2012-09-24,56.29999923706055,57.20000076293945,54.900001525878906,55.900001525878906,42.96018600463867,13090
2012-09-25,55.79999923706055,56.20000076293945,53.70000076293945,54.400001525878906,41.80740737915039,6700
2012-09-26,54.599998474121094,57.5,53.0,57.5,44.189815521240234,8380
2012-09-27,57.599998474121094,58.70000076293945,56.29999923706055,58.70000076293945,45.112037658691406,29040
2012-09-28,56.400001525878906,56.5,54.900001525878906,56.5,43.421295166015625,26660
2012-10-01,56.400001525878906,56.79999923706055,54.900001525878906,55.29999923706055,42.49907302856445,10620
2012-10-02,55.20000076293945,55.900001525878906,54.900001525878906,55.20000076293945,42.42222213745117,14850
2012-10-03,55.29999923706055,57.099998474121094,54.79999923706055,54.79999923706055,42.11481475830078,22780
2012-10-04,55.20000076293945,55.79999923706055,54.599998474121094,54.900001525878906,42.19166564941406,23740
2012-10-05,55.29999923706055,55.29999923706055,54.599998474121094,54.70000076293945,42.0379638671875,10340
2012-10-08,54.599998474121094,55.20000076293945,53.70000076293945,53.79999923706055,41.34629440307617,13820
2012-10-09,53.70000076293945,54.20000076293945,51.599998474121094,52.099998474121094,40.03981399536133,9310
2012-10-10,52.0,52.599998474121094,50.0,50.20000076293945,38.579627990722656,23370
2012-10-11,50.5,51.099998474121094,50.0,50.0,38.425926208496094,3960
2012-10-12,50.400001525878906,50.400001525878906,49.099998474121094,49.29999923706055,37.887962341308594,5360
2012-10-15,49.70000076293945,51.5,49.5,50.70000076293945,38.963890075683594,2990
2012-10-16,50.70000076293945,51.099998474121094,49.79999923706055,50.70000076293945,38.963890075683594,5290
2012-10-17,50.599998474121094,51.5,50.5,50.599998474121094,38.88703536987305,3570
2012-10-18,50.70000076293945,51.29999923706055,49.900001525878906,49.900001525878906,38.34907531738281,7290
2012-10-19,49.79999923706055,50.5,48.0,48.099998474121094,36.96574020385742,10370
2012-10-22,48.099998474121094,49.0,47.400001525878906,48.0,36.88888931274414,4980
2012-10-23,47.29999923706055,48.20000076293945,46.099998474121094,47.70000076293945,36.65833282470703,12190
2012-10-24,48.20000076293945,48.20000076293945,46.0,46.20000076293945,35.50555419921875,16420
2012-10-25,46.099998474121094,47.29999923706055,46.099998474121094,46.900001525878906,36.04351806640625,6560
2012-10-26,46.5,48.79999923706055,46.400001525878906,47.29999923706055,36.35092544555664,5080
2012-10-31,47.70000076293945,47.70000076293945,45.599998474121094,46.5,35.73611068725586,2300
2012-11-01,46.5,49.599998474121094,46.5,48.79999923706055,37.50370407104492,4150
2012-11-02,48.5,48.5,46.599998474121094,47.29999923706055,36.35092544555664,3580
2012-11-05,47.79999923706055,48.20000076293945,47.5,47.70000076293945,36.65833282470703,2800
2012-11-06,48.099998474121094,49.5,47.599998474121094,48.900001525878906,37.5805549621582,4690
2012-11-07,47.900001525878906,48.599998474121094,46.5,48.0,36.88888931274414,6580
2012-11-08,47.70000076293945,48.0,46.400001525878906,47.0,36.12036895751953,4450
2012-11-09,47.5,48.099998474121094,47.20000076293945,47.400001525878906,36.42778015136719,2500
2012-11-12,47.79999923706055,47.900001525878906,47.0,47.0,36.12036895751953,680
2012-11-13,46.400001525878906,47.79999923706055,46.400001525878906,46.5,35.73611068725586,8160
2012-11-14,46.599998474121094,47.0,43.0,43.70000076293945,33.584259033203125,4780
2012-11-15,43.099998474121094,43.5,41.0,42.20000076293945,32.431480407714844,4890
2012-11-16,42.0,42.900001525878906,41.70000076293945,42.29999923706055,32.508331298828125,1580
2012-11-19,42.70000076293945,45.20000076293945,41.5,43.5,33.4305534362793,10400
2012-11-20,43.099998474121094,45.400001525878906,40.599998474121094,44.5,34.199073791503906,3140
2012-11-21,44.20000076293945,45.20000076293945,44.099998474121094,44.400001525878906,34.122222900390625,1000
2012-11-23,45.099998474121094,45.099998474121094,44.599998474121094,45.099998474121094,34.66018295288086,280
2012-11-26,45.0,45.5,43.70000076293945,44.70000076293945,34.352779388427734,3570
2012-11-27,44.20000076293945,44.70000076293945,43.0,44.599998474121094,34.27592468261719,2210
2012-11-28,43.79999923706055,45.5,43.0,45.0,34.58333206176758,2470
2012-11-29,44.900001525878906,47.29999923706055,44.79999923706055,46.900001525878906,36.04351806640625,5660
2012-11-30,46.400001525878906,47.0,45.70000076293945,46.70000076293945,35.88981628417969,2780
2012-12-03,46.79999923706055,48.20000076293945,46.0,46.70000076293945,35.88981628417969,11580
2012-12-04,46.70000076293945,47.79999923706055,46.099998474121094,47.79999923706055,36.73518371582031,2620
2012-12-05,47.900001525878906,47.900001525878906,47.0,47.0,36.12036895751953,760
2012-12-06,47.0,47.900001525878906,46.400001525878906,47.70000076293945,36.65833282470703,8440
2012-12-07,39.099998474121094,46.20000076293945,39.099998474121094,44.099998474121094,33.891666412353516,36500
2012-12-10,43.5,44.099998474121094,42.5,42.70000076293945,32.81574249267578,6730
2012-12-11,42.70000076293945,44.099998474121094,42.20000076293945,43.5,33.4305534362793,9690
2012-12-12,43.0,43.0,40.900001525878906,42.5,32.66203689575195,9720
2012-12-13,42.0,44.70000076293945,39.599998474121094,42.29999923706055,32.508331298828125,4950
2012-12-14,41.599998474121094,42.400001525878906,41.599998474121094,42.400001525878906,32.58518600463867,4090
2012-12-17,42.20000076293945,43.400001525878906,41.5,43.0,33.046295166015625,8130
2012-12-18,43.0,43.5,42.5,42.79999923706055,32.89259338378906,16940
2012-12-19,42.79999923706055,44.0,42.400001525878906,43.70000076293945,33.584259033203125,38450
2012-12-20,43.5,44.70000076293945,42.0,44.20000076293945,33.9685173034668,43730
2012-12-21,42.599998474121094,44.900001525878906,42.5,44.79999923706055,34.429630279541016,28060
2012-12-24,44.0,44.0,43.0,43.099998474121094,33.123146057128906,2990
2012-12-26,42.79999923706055,43.900001525878906,42.599998474121094,43.0,33.046295166015625,19910
2012-12-27,42.900001525878906,43.5,41.099998474121094,43.29999923706055,33.276851654052734,9450
2012-12-28,42.900001525878906,44.29999923706055,42.400001525878906,43.5,33.4305534362793,8150
2012-12-31,43.20000076293945,44.0,41.900001525878906,43.0,33.046295166015625,9110
2013-01-02,44.0,44.400001525878906,43.599998474121094,44.0,33.814815521240234,16420
2013-01-03,44.5,48.0,44.29999923706055,46.70000076293945,35.88981628417969,38450
2013-01-04,47.0,47.5,46.0,47.099998474121094,36.19721984863281,5650
2013-01-07,47.5,47.5,45.5,45.5,34.96759033203125,8970
2013-01-08,45.20000076293945,47.900001525878906,45.0,47.5,36.5046272277832,27710
2013-01-09,47.599998474121094,48.400001525878906,46.5,48.0,36.88888931274414,37020
2013-01-10,48.099998474121094,48.5,47.20000076293945,47.79999923706055,36.73518371582031,18090
2013-01-11,47.5,48.29999923706055,47.20000076293945,48.0,36.88888931274414,7110
2013-01-14,48.0,48.0,46.599998474121094,47.29999923706055,36.35092544555664,12580
2013-01-15,47.20000076293945,47.5,46.599998474121094,47.099998474121094,36.19721984863281,5990
2013-01-16,47.20000076293945,47.5,46.0,46.70000076293945,35.88981628417969,4420
2013-01-17,47.29999923706055,50.79999923706055,45.79999923706055,48.20000076293945,37.0425910949707,20960
2013-01-18,48.20000076293945,52.79999923706055,48.20000076293945,52.20000076293945,40.11666488647461,46580
2013-01-22,52.099998474121094,54.0,51.29999923706055,53.5,41.11574172973633,20500
2013-01-23,53.099998474121094,55.599998474121094,53.099998474121094,54.79999923706055,42.11481475830078,21840
2013-01-24,54.5,56.099998474121094,54.099998474121094,55.5,42.65277862548828,32890
2013-01-25,55.5,57.900001525878906,54.099998474121094,57.599998474121094,44.266666412353516,36550
2013-01-28,57.400001525878906,57.79999923706055,56.0,57.599998474121094,44.266666412353516,24530
2013-01-29,55.900001525878906,57.79999923706055,54.5,56.599998474121094,43.498146057128906,36340
2013-01-30,56.400001525878906,57.0,55.099998474121094,56.599998474121094,43.498146057128906,20250
2013-01-31,56.099998474121094,60.400001525878906,56.099998474121094,60.20000076293945,46.26481628417969,47750
2013-02-01,60.5,60.599998474121094,58.900001525878906,59.099998474121094,45.41944122314453,69760
2013-02-04,57.0,58.79999923706055,55.79999923706055,58.70000076293945,45.112037658691406,34350
2013-02-05,58.099998474121094,58.70000076293945,57.29999923706055,58.099998474121094,44.65092468261719,18680
2013-02-06,58.400001525878906,67.4000015258789,58.400001525878906,65.19999694824219,50.10740280151367,126300
2013-02-07,63.900001525878906,67.5,63.70000076293945,66.5,51.10647964477539,56290
2013-02-08,65.30000305175781,67.0999984741211,63.29999923706055,65.4000015258789,50.261112213134766,33610
2013-02-11,64.9000015258789,65.30000305175781,63.599998474121094,64.0,49.185184478759766,20280
2013-02-12,64.19999694824219,64.19999694824219,61.79999923706055,62.79999923706055,48.262962341308594,19100
2013-02-13,62.099998474121094,64.0,61.400001525878906,62.0,47.64814758300781,15050
2013-02-14,61.599998474121094,63.599998474121094,61.400001525878906,63.29999923706055,48.647220611572266,10400
2013-02-15,63.400001525878906,63.79999923706055,61.79999923706055,62.29999923706055,47.87870407104492,9190
2013-02-19,61.29999923706055,62.79999923706055,61.29999923706055,61.900001525878906,47.57129669189453,16910
2013-02-20,61.79999923706055,62.400001525878906,59.0,59.099998474121094,45.41944122314453,23680
2013-02-21,58.79999923706055,60.099998474121094,57.70000076293945,59.79999923706055,45.95740509033203,7290
2013-02-22,59.79999923706055,60.70000076293945,58.5,59.400001525878906,45.650001525878906,11810
2013-02-25,58.70000076293945,60.70000076293945,57.5,57.900001525878906,44.497222900390625,23170
2013-02-26,57.900001525878906,58.900001525878906,56.0,56.79999923706055,43.651851654052734,9910
2013-02-27,56.599998474121094,59.5,55.79999923706055,59.29999923706055,45.57314682006836,13500
2013-02-28,59.70000076293945,60.0,58.0,58.29999923706055,44.804630279541016,22980
2013-03-01,58.0,61.099998474121094,57.0,58.900001525878906,45.26573944091797,13270
2013-03-04,58.900001525878906,60.0,57.5,58.599998474121094,45.03518295288086,11820
2013-03-05,58.599998474121094,59.599998474121094,57.0,57.599998474121094,44.266666412353516,5320
2013-03-06,58.099998474121094,58.79999923706055,53.79999923706055,55.29999923706055,42.49907302856445,18410
2013-03-07,55.900001525878906,61.20000076293945,55.900001525878906,61.0,46.8796272277832,24110
2013-03-08,62.0,62.0,58.5,59.400001525878906,45.650001525878906,20230
2013-03-11,58.79999923706055,61.70000076293945,58.79999923706055,61.29999923706055,47.11018371582031,23940
2013-03-12,61.70000076293945,61.79999923706055,60.5,61.599998474121094,47.34074020385742,15790
2013-03-13,61.5,64.0,61.5,63.099998474121094,48.49351501464844,39110
2013-03-14,64.0,64.0,60.0,61.5,47.26388931274414,45460
2013-03-15,61.5,61.70000076293945,60.20000076293945,61.0,46.8796272277832,14970
2013-03-18,60.0,61.900001525878906,57.79999923706055,59.70000076293945,45.88055419921875,20980
2013-03-19,60.20000076293945,60.5,57.5,58.900001525878906,45.26573944091797,26560
2013-03-20,59.29999923706055,60.0,58.599998474121094,59.0,45.34259033203125,6450
2013-03-21,58.400001525878906,59.5,57.20000076293945,58.0,44.574073791503906,10060
2013-03-22,58.099998474121094,59.5,56.79999923706055,58.70000076293945,45.112037658691406,13480
2013-03-25,58.5,59.0,56.0,56.599998474121094,43.498146057128906,14400
2013-03-26,56.70000076293945,58.400001525878906,56.70000076293945,57.29999923706055,44.036109924316406,6130
2013-03-27,56.599998474121094,57.400001525878906,55.0,55.099998474121094,42.345367431640625,14450
2013-03-28,55.5,59.400001525878906,55.20000076293945,58.20000076293945,44.727779388427734,28090
2013-04-01,58.0,59.70000076293945,55.29999923706055,56.20000076293945,43.19074249267578,13730
2013-04-02,57.400001525878906,57.400001525878906,55.70000076293945,56.099998474121094,43.113887786865234,20230
2013-04-03,55.79999923706055,56.0,53.5,54.5,41.88425827026367,22750
2013-04-04,54.900001525878906,54.900001525878906,53.0,53.400001525878906,41.03889083862305,18730
2013-04-05,52.20000076293945,53.599998474121094,52.099998474121094,53.0,40.73147964477539,10000
2013-04-08,52.599998474121094,53.29999923706055,50.599998474121094,51.5,39.578704833984375,32720
2013-04-09,51.20000076293945,51.900001525878906,50.099998474121094,51.0,39.19444274902344,52120
2013-04-10,51.400001525878906,52.599998474121094,50.5,51.400001525878906,39.501853942871094,38850
2013-04-11,51.599998474121094,53.0,50.900001525878906,51.099998474121094,39.27129364013672,28960
2013-04-12,50.70000076293945,52.29999923706055,50.599998474121094,51.400001525878906,39.501853942871094,25730
2013-04-15,50.79999923706055,50.79999923706055,46.5,47.79999923706055,36.73518371582031,20990
2013-04-16,48.20000076293945,50.099998474121094,48.0,49.70000076293945,38.195369720458984,18910
2013-04-17,49.5,49.5,46.0,47.20000076293945,36.27407455444336,22030
2013-04-18,47.099998474121094,47.599998474121094,45.0,45.599998474121094,35.04444122314453,26390
2013-04-19,46.0,46.70000076293945,45.099998474121094,46.5,35.73611068725586,11230
2013-04-22,46.29999923706055,46.599998474121094,45.099998474121094,46.099998474121094,35.42870330810547,15320
2013-04-23,46.79999923706055,48.5,46.099998474121094,47.900001525878906,36.81203842163086,31790
2013-04-24,48.29999923706055,48.900001525878906,47.099998474121094,47.79999923706055,36.73518371582031,26280
2013-04-25,48.0,49.20000076293945,45.5,46.099998474121094,35.42870330810547,24140
2013-04-26,45.900001525878906,45.900001525878906,44.099998474121094,44.900001525878906,34.5064811706543,16000
2013-04-29,45.0,45.400001525878906,43.20000076293945,43.70000076293945,33.584259033203125,27210
2013-04-30,43.29999923706055,44.20000076293945,42.5,43.70000076293945,33.584259033203125,30070
2013-05-01,43.29999923706055,44.900001525878906,42.099998474121094,43.79999923706055,33.661109924316406,19820
2013-05-02,44.20000076293945,44.400001525878906,43.0,43.79999923706055,33.661109924316406,15990
2013-05-03,44.099998474121094,44.70000076293945,42.5,43.400001525878906,33.353702545166016,18900
2013-05-06,43.099998474121094,43.20000076293945,42.0,42.400001525878906,32.58518600463867,31260
2013-05-07,42.099998474121094,42.5,41.099998474121094,41.20000076293945,31.6629638671875,46890
2013-05-08,40.79999923706055,42.20000076293945,40.400001525878906,41.5,31.893518447875977,26530
2013-05-09,41.900001525878906,43.599998474121094,41.099998474121094,42.900001525878906,32.969444274902344,25810
2013-05-10,39.70000076293945,39.70000076293945,35.70000076293945,36.29999923706055,27.897220611572266,128780
2013-05-13,35.70000076293945,35.70000076293945,33.599998474121094,34.099998474121094,26.206480026245117,109210
2013-05-14,34.29999923706055,34.29999923706055,33.20000076293945,33.400001525878906,25.668519973754883,50500
2013-05-15,33.5,35.0,33.20000076293945,34.900001525878906,26.82129669189453,28670
2013-05-16,34.900001525878906,35.0,33.5,34.70000076293945,26.667593002319336,32910
2013-05-17,35.099998474121094,35.79999923706055,34.400001525878906,35.20000076293945,27.051851272583008,30420
2013-05-20,35.29999923706055,37.5,34.900001525878906,36.599998474121094,28.127777099609375,50300
2013-05-21,41.099998474121094,42.400001525878906,36.900001525878906,36.900001525878906,28.358333587646484,115480
2013-05-22,37.29999923706055,38.099998474121094,35.099998474121094,35.599998474121094,27.359256744384766,47990
2013-05-23,35.0,35.0,34.099998474121094,34.900001525878906,26.82129669189453,30050
2013-05-24,35.0,35.0,34.20000076293945,34.599998474121094,26.59073829650879,10220
2013-05-28,35.0,35.400001525878906,34.70000076293945,35.0,26.898147583007812,56560
2013-05-29,35.0,35.400001525878906,34.599998474121094,34.70000076293945,26.667593002319336,18610
2013-05-30,34.599998474121094,35.099998474121094,33.900001525878906,34.29999923706055,26.360183715820312,45730
2013-05-31,34.0,35.0,34.0,34.20000076293945,26.28333282470703,16280
2013-06-03,34.5,34.5,33.400001525878906,34.099998474121094,26.206480026245117,34560
2013-06-04,34.099998474121094,34.599998474121094,33.599998474121094,33.79999923706055,25.97592544555664,15420
2013-06-05,33.79999923706055,34.400001525878906,33.70000076293945,33.900001525878906,26.052778244018555,10130
2013-06-06,34.0,35.599998474121094,34.0,35.099998474121094,26.974998474121094,21520
2013-06-07,35.79999923706055,37.5,35.0,37.20000076293945,28.58888816833496,31610
2013-06-10,39.5,39.5,36.599998474121094,37.400001525878906,28.74259376525879,30250
2013-06-11,37.20000076293945,37.29999923706055,35.900001525878906,36.599998474121094,28.127777099609375,9210
2013-06-12,36.5,36.900001525878906,35.70000076293945,36.0,27.66666603088379,16600
2013-06-13,35.5,38.70000076293945,35.5,37.900001525878906,29.12685203552246,28760
2013-06-14,38.0,38.5,36.099998474121094,36.20000076293945,27.820369720458984,15340
2013-06-17,36.70000076293945,36.79999923706055,36.099998474121094,36.5,28.050926208496094,5010
2013-06-18,36.400001525878906,37.5,36.0,36.900001525878906,28.358333587646484,12320
2013-06-19,36.900001525878906,37.70000076293945,36.20000076293945,37.29999923706055,28.665739059448242,11680
2013-06-20,38.099998474121094,38.400001525878906,37.5,38.0,29.203702926635742,27770
2013-06-21,38.5,39.0,36.79999923706055,37.79999923706055,29.049999237060547,12850
2013-06-24,37.599998474121094,37.79999923706055,36.0,36.70000076293945,28.20462989807129,20010
2013-06-25,36.900001525878906,37.79999923706055,34.70000076293945,35.400001525878906,27.205556869506836,26530
2013-06-26,35.400001525878906,35.599998474121094,34.0,35.099998474121094,26.974998474121094,55150
2013-06-27,35.0,36.70000076293945,35.0,36.29999923706055,27.897220611572266,27790
2013-06-28,36.400001525878906,36.900001525878906,35.599998474121094,36.0,27.66666603088379,19180
2013-07-01,36.400001525878906,37.70000076293945,36.0,36.900001525878906,28.358333587646484,36480
2013-07-02,37.099998474121094,38.79999923706055,37.099998474121094,37.29999923706055,28.665739059448242,15150
2013-07-03,37.0,37.599998474121094,37.0,37.400001525878906,28.74259376525879,5610
2013-07-05,37.5,38.099998474121094,37.400001525878906,37.5,28.81944465637207,10760
2013-07-08,37.5,38.0,37.0,37.20000076293945,28.58888816833496,8440
2013-07-09,37.20000076293945,37.79999923706055,35.900001525878906,37.099998474121094,28.512035369873047,17490
2013-07-10,37.0,37.400001525878906,36.599998474121094,37.099998474121094,28.512035369873047,9370
2013-07-11,37.5,37.900001525878906,36.900001525878906,37.599998474121094,28.89629554748535,34030
2013-07-12,37.599998474121094,40.900001525878906,37.599998474121094,40.79999923706055,31.355554580688477,62130
2013-07-15,41.20000076293945,41.29999923706055,39.599998474121094,40.20000076293945,30.894445419311523,25940
2013-07-16,41.20000076293945,42.20000076293945,40.0,41.599998474121094,31.970369338989258,38070
2013-07-17,41.400001525878906,42.70000076293945,41.400001525878906,41.5,31.893518447875977,48380
2013-07-18,41.900001525878906,42.5,40.70000076293945,41.0,31.509258270263672,22030
2013-07-19,40.70000076293945,41.599998474121094,39.79999923706055,40.29999923706055,30.971294403076172,9100
2013-07-22,40.400001525878906,42.900001525878906,40.20000076293945,42.599998474121094,32.738887786865234,29820
2013-07-23,42.5,45.0,41.599998474121094,43.5,33.4305534362793,75430
2013-07-24,43.29999923706055,44.400001525878906,42.29999923706055,43.5,33.4305534362793,26070
2013-07-25,43.900001525878906,44.0,42.099998474121094,43.29999923706055,33.276851654052734,17300
2013-07-26,42.900001525878906,43.0,41.79999923706055,42.20000076293945,32.431480407714844,9060
2013-07-29,42.20000076293945,43.0,41.0,42.20000076293945,32.431480407714844,5990
2013-07-30,42.79999923706055,43.79999923706055,42.5,43.5,33.4305534362793,13010
2013-07-31,43.5,43.599998474121094,41.5,42.099998474121094,32.35462951660156,11340
2013-08-01,42.20000076293945,44.400001525878906,41.20000076293945,43.599998474121094,33.50740432739258,20010
2013-08-02,43.70000076293945,44.400001525878906,41.70000076293945,43.099998474121094,33.123146057128906,9760
2013-08-05,43.099998474121094,43.79999923706055,41.70000076293945,42.5,32.66203689575195,10330
2013-08-06,41.900001525878906,42.5,41.0,41.5,31.893518447875977,16940
2013-08-07,40.0,43.599998474121094,39.400001525878906,42.70000076293945,32.81574249267578,30260
2013-08-08,42.900001525878906,43.400001525878906,40.0,40.20000076293945,30.894445419311523,22320
2013-08-09,40.70000076293945,40.79999923706055,40.0,40.29999923706055,30.971294403076172,12600
2013-08-12,40.0,40.400001525878906,39.5,39.79999923706055,30.5870361328125,9070
2013-08-13,40.0,40.0,39.0,39.0,29.97222137451172,6260
2013-08-14,38.79999923706055,40.5,38.79999923706055,40.0,30.740739822387695,13250
2013-08-15,39.20000076293945,39.5,38.79999923706055,39.0,29.97222137451172,6190
2013-08-16,38.5,39.400001525878906,38.5,39.099998474121094,30.049072265625,7900
2013-08-19,38.79999923706055,39.400001525878906,38.0,38.099998474121094,29.280553817749023,6070
2013-08-20,38.20000076293945,39.20000076293945,38.20000076293945,38.5,29.587963104248047,9050
2013-08-21,38.5,40.599998474121094,38.5,38.900001525878906,29.895370483398438,8730
2013-08-22,39.20000076293945,39.79999923706055,38.0,39.400001525878906,30.279630661010742,3050
2013-08-23,38.400001525878906,40.5,38.29999923706055,38.70000076293945,29.741666793823242,8460
2013-08-26,38.20000076293945,39.5,38.20000076293945,38.29999923706055,29.43425750732422,17490
2013-08-27,38.0,39.099998474121094,38.0,38.0,29.203702926635742,5510
2013-08-28,38.0,38.900001525878906,37.900001525878906,38.79999923706055,29.818517684936523,4710
2013-08-29,38.400001525878906,40.70000076293945,38.400001525878906,40.29999923706055,30.971294403076172,12870
2013-08-30,40.099998474121094,40.29999923706055,38.29999923706055,38.900001525878906,29.895370483398438,10770
2013-09-03,39.400001525878906,39.70000076293945,38.599998474121094,39.5,30.356481552124023,13440
2013-09-04,40.0,42.900001525878906,40.0,42.29999923706055,32.508331298828125,52310
2013-09-05,42.0,43.599998474121094,40.099998474121094,43.599998474121094,33.50740432739258,17870
2013-09-06,43.79999923706055,44.0,42.70000076293945,42.900001525878906,32.969444274902344,29190
2013-09-09,42.599998474121094,44.29999923706055,42.29999923706055,44.0,33.814815521240234,15830
2013-09-10,44.900001525878906,47.0,44.29999923706055,44.5,34.199073791503906,31990
2013-09-11,44.79999923706055,48.400001525878906,44.79999923706055,47.400001525878906,36.42778015136719,47320
2013-09-12,47.5,48.0,45.900001525878906,47.29999923706055,36.35092544555664,38140
2013-09-13,45.400001525878906,47.0,44.5,45.70000076293945,35.12129592895508,58250
2013-09-16,46.70000076293945,46.70000076293945,45.099998474121094,46.0,35.35185241699219,22240
2013-09-17,46.099998474121094,47.5,45.79999923706055,47.099998474121094,36.19721984863281,14070
2013-09-18,47.099998474121094,48.0,46.900001525878906,47.29999923706055,36.35092544555664,20820
2013-09-19,47.29999923706055,47.400001525878906,45.5,46.0,35.35185241699219,13710
2013-09-20,46.0,46.70000076293945,45.099998474121094,46.70000076293945,35.88981628417969,23360
2013-09-23,46.5,46.5,44.70000076293945,45.70000076293945,35.12129592895508,13760
2013-09-24,45.5,45.5,44.400001525878906,44.5,34.199073791503906,24540
2013-09-25,45.0,45.29999923706055,43.70000076293945,44.29999923706055,34.04536819458008,16670
2013-09-26,44.29999923706055,44.5,43.0,43.0,33.046295166015625,30680
2013-09-27,43.0,43.5,43.0,43.0,33.046295166015625,28620
2013-09-30,43.0,45.20000076293945,42.599998474121094,44.79999923706055,34.429630279541016,81360
2013-10-01,44.70000076293945,46.0,44.099998474121094,44.599998474121094,34.27592468261719,43800
2013-10-02,44.900001525878906,45.20000076293945,43.29999923706055,44.5,34.199073791503906,69630
2013-10-03,44.70000076293945,45.79999923706055,44.5,45.29999923706055,34.81388854980469,13010
2013-10-04,45.29999923706055,48.70000076293945,44.099998474121094,47.70000076293945,36.65833282470703,25660
2013-10-07,47.5,48.29999923706055,46.20000076293945,46.20000076293945,35.50555419921875,18660
2013-10-08,46.0,46.099998474121094,44.5,44.599998474121094,34.27592468261719,10020
2013-10-09,44.70000076293945,44.70000076293945,43.599998474121094,44.5,34.199073791503906,8900
2013-10-10,45.0,46.29999923706055,44.900001525878906,44.900001525878906,34.5064811706543,8760
2013-10-11,45.099998474121094,46.79999923706055,44.599998474121094,46.5,35.73611068725586,12450
2013-10-14,46.20000076293945,47.0,45.5,46.70000076293945,35.88981628417969,10150
2013-10-15,46.5,48.0,46.29999923706055,48.0,36.88888931274414,16760
2013-10-16,49.5,51.70000076293945,49.5,51.5,39.578704833984375,48110
2013-10-17,51.5,52.599998474121094,50.79999923706055,51.599998474121094,39.65555191040039,21970
2013-10-18,53.0,56.20000076293945,53.0,54.5,41.88425827026367,38090
2013-10-21,55.0,55.900001525878906,52.099998474121094,52.400001525878906,40.27037048339844,23520
2013-10-22,52.20000076293945,54.0,52.20000076293945,53.400001525878906,41.03889083862305,18310
2013-10-23,53.20000076293945,53.599998474121094,51.5,52.5,40.34722137451172,18930
2013-10-24,52.400001525878906,52.900001525878906,51.599998474121094,52.20000076293945,40.11666488647461,23630
2013-10-25,52.5,52.70000076293945,51.599998474121094,52.599998474121094,40.424072265625,8000
2013-10-28,52.400001525878906,52.400001525878906,50.79999923706055,51.599998474121094,39.65555191040039,38400
2013-10-29,51.5,51.5,50.20000076293945,50.900001525878906,39.117591857910156,38360
2013-10-30,51.70000076293945,52.5,50.0,50.900001525878906,39.117591857910156,24820
2013-10-31,50.70000076293945,53.400001525878906,50.099998474121094,53.29999923706055,40.9620361328125,23300
2013-11-01,53.70000076293945,54.29999923706055,52.5,53.5,41.11574172973633,21470
2013-11-04,54.20000076293945,56.0,53.5,54.20000076293945,41.65370559692383,25070
2013-11-05,54.400001525878906,54.599998474121094,52.70000076293945,53.400001525878906,41.03889083862305,13200
2013-11-06,54.0,55.099998474121094,53.0,54.70000076293945,42.0379638671875,21110
2013-11-07,54.5,55.29999923706055,52.79999923706055,53.20000076293945,40.88518524169922,19770
2013-11-08,53.099998474121094,55.0,52.79999923706055,54.599998474121094,41.96110916137695,24040
2013-11-11,54.400001525878906,54.900001525878906,53.79999923706055,53.900001525878906,41.42314910888672,6070
2013-11-12,54.099998474121094,54.099998474121094,52.5,53.20000076293945,40.88518524169922,10350
2013-11-13,53.20000076293945,53.79999923706055,52.79999923706055,53.5,41.11574172973633,5300
2013-11-14,53.0,53.0,50.900001525878906,52.29999923706055,40.19351577758789,39490
2013-11-15,52.099998474121094,52.599998474121094,50.0,50.599998474121094,38.88703536987305,61560
2013-11-18,50.599998474121094,50.79999923706055,48.599998474121094,49.5,38.04166793823242,35900
2013-11-19,49.20000076293945,49.70000076293945,48.20000076293945,49.0,37.657405853271484,11680
2013-11-20,49.0,50.400001525878906,49.0,49.20000076293945,37.81111145019531,10170
2013-11-21,49.099998474121094,50.400001525878906,48.5,49.900001525878906,38.34907531738281,8870
2013-11-22,49.5,49.70000076293945,48.79999923706055,49.400001525878906,37.96481704711914,6170
2013-11-25,49.099998474121094,50.900001525878906,49.099998474121094,50.099998474121094,38.502777099609375,9610
2013-11-26,50.599998474121094,52.0,50.20000076293945,52.0,39.96296310424805,12270
2013-11-27,52.29999923706055,53.400001525878906,52.0,52.70000076293945,40.50092697143555,20190
2013-11-29,52.79999923706055,53.79999923706055,52.29999923706055,52.29999923706055,40.19351577758789,3610
2013-12-02,52.20000076293945,52.20000076293945,50.099998474121094,50.20000076293945,38.579627990722656,14150
2013-12-03,49.79999923706055,50.29999923706055,49.599998474121094,50.0,38.425926208496094,9650
2013-12-04,49.70000076293945,50.20000076293945,47.0,49.79999923706055,38.272220611572266,35110
2013-12-05,47.5,49.70000076293945,46.099998474121094,48.70000076293945,37.42685317993164,113700
2013-12-06,49.0,50.400001525878906,47.400001525878906,48.0,36.88888931274414,34030
2013-12-09,45.900001525878906,48.0,45.20000076293945,47.20000076293945,36.27407455444336,42060
2013-12-10,47.0,49.70000076293945,47.0,49.400001525878906,37.96481704711914,29360
2013-12-11,50.099998474121094,51.400001525878906,49.0,49.900001525878906,38.34907531738281,35760
2013-12-12,49.599998474121094,50.400001525878906,47.900001525878906,49.0,37.657405853271484,22870
2013-12-13,49.20000076293945,50.099998474121094,49.0,49.900001525878906,38.34907531738281,13770
2013-12-16,50.0,50.900001525878906,49.70000076293945,50.5,38.810184478759766,33230
2013-12-17,50.099998474121094,51.70000076293945,50.099998474121094,50.70000076293945,38.963890075683594,30510
2013-12-18,50.5,51.5,50.400001525878906,50.900001525878906,39.117591857910156,20900
2013-12-19,50.70000076293945,51.79999923706055,49.79999923706055,50.900001525878906,39.117591857910156,54030
2013-12-20,50.70000076293945,51.599998474121094,50.5,51.20000076293945,39.348148345947266,37450
2013-12-23,51.20000076293945,53.0,50.900001525878906,52.400001525878906,40.27037048339844,24130
2013-12-24,52.0,52.5,50.400001525878906,51.400001525878906,39.501853942871094,11370
2013-12-26,51.29999923706055,51.900001525878906,49.900001525878906,50.599998474121094,38.88703536987305,20190
2013-12-27,50.400001525878906,52.0,50.099998474121094,50.79999923706055,39.040740966796875,8420
2013-12-30,50.400001525878906,51.20000076293945,49.400001525878906,49.79999923706055,38.272220611572266,14350
2013-12-31,49.599998474121094,51.400001525878906,49.20000076293945,51.20000076293945,39.348148345947266,22480
2014-01-02,50.599998474121094,51.900001525878906,50.099998474121094,50.5,38.810184478759766,12360
2014-01-03,50.400001525878906,52.0,50.099998474121094,51.599998474121094,39.65555191040039,7140
2014-01-06,51.400001525878906,53.20000076293945,50.900001525878906,51.099998474121094,39.27129364013672,28800
2014-01-07,51.599998474121094,52.0,50.79999923706055,51.5,39.578704833984375,5340
2014-01-08,51.20000076293945,51.29999923706055,50.70000076293945,50.79999923706055,39.040740966796875,6250
2014-01-09,50.70000076293945,51.099998474121094,48.900001525878906,49.70000076293945,38.195369720458984,10650
2014-01-10,49.400001525878906,50.79999923706055,48.400001525878906,50.5,38.810184478759766,20750
2014-01-13,50.099998474121094,50.400001525878906,48.79999923706055,48.900001525878906,37.5805549621582,11740
2014-01-14,49.0,50.0,48.5,49.79999923706055,38.272220611572266,8070
2014-01-15,49.5,50.70000076293945,49.400001525878906,49.79999923706055,38.272220611572266,13100
2014-01-16,47.900001525878906,50.0,47.900001525878906,48.79999923706055,37.50370407104492,14120
2014-01-17,48.400001525878906,48.70000076293945,47.5,47.70000076293945,36.65833282470703,15190
2014-01-21,47.70000076293945,48.20000076293945,47.099998474121094,47.900001525878906,36.81203842163086,21920
2014-01-22,47.5,49.900001525878906,47.099998474121094,49.099998474121094,37.734256744384766,8890
2014-01-23,49.0,49.79999923706055,47.79999923706055,48.900001525878906,37.5805549621582,5400
2014-01-24,48.79999923706055,49.20000076293945,47.099998474121094,48.900001525878906,37.5805549621582,39880
2014-01-27,48.70000076293945,49.0,48.0,48.099998474121094,36.96574020385742,11930
2014-01-28,47.900001525878906,49.79999923706055,47.900001525878906,49.400001525878906,37.96481704711914,10950
2014-01-29,47.599998474121094,50.099998474121094,47.599998474121094,50.0,38.425926208496094,21400
2014-01-30,50.099998474121094,50.29999923706055,48.900001525878906,49.20000076293945,37.81111145019531,12040
2014-01-31,48.5,49.599998474121094,48.5,48.70000076293945,37.42685317993164,8210
2014-02-03,48.29999923706055,48.400001525878906,47.29999923706055,48.20000076293945,37.0425910949707,7380
2014-02-04,48.099998474121094,49.0,48.099998474121094,48.5,37.27314758300781,8200
2014-02-05,48.29999923706055,48.900001525878906,48.0,48.79999923706055,37.50370407104492,25970
2014-02-06,49.0,50.0,46.099998474121094,47.29999923706055,36.35092544555664,25710
2014-02-07,47.29999923706055,48.5,47.29999923706055,47.79999923706055,36.73518371582031,12160
2014-02-10,47.599998474121094,49.5,47.0,49.20000076293945,37.81111145019531,7970
2014-02-11,49.0,49.70000076293945,48.599998474121094,49.099998474121094,37.734256744384766,7590
2014-02-12,49.0,50.0,48.79999923706055,49.400001525878906,37.96481704711914,8050
2014-02-13,49.0,49.79999923706055,48.70000076293945,49.20000076293945,37.81111145019531,11390
2014-02-14,49.20000076293945,49.400001525878906,48.400001525878906,49.20000076293945,37.81111145019531,8580
2014-02-18,49.400001525878906,49.400001525878906,47.599998474121094,48.0,36.88888931274414,32360
2014-02-19,48.099998474121094,49.099998474121094,48.0,48.400001525878906,37.19629669189453,9090
2014-02-20,48.20000076293945,49.0,47.79999923706055,48.400001525878906,37.19629669189453,9890
2014-02-21,48.70000076293945,49.70000076293945,48.20000076293945,49.20000076293945,37.81111145019531,7590
2014-02-24,49.20000076293945,52.900001525878906,47.099998474121094,51.099998474121094,39.27129364013672,57540
2014-02-25,50.599998474121094,50.79999923706055,47.599998474121094,48.099998474121094,36.96574020385742,43390
2014-02-26,49.099998474121094,50.79999923706055,48.599998474121094,49.099998474121094,37.734256744384766,31930
2014-02-27,49.400001525878906,49.70000076293945,48.29999923706055,48.70000076293945,37.42685317993164,16510
2014-02-28,48.5,49.70000076293945,48.29999923706055,48.79999923706055,37.50370407104492,15630
2014-03-03,48.099998474121094,49.0,47.70000076293945,48.599998474121094,37.349998474121094,17920
2014-03-04,49.0,49.900001525878906,48.70000076293945,49.099998474121094,37.734256744384766,14510
2014-03-05,49.400001525878906,50.5,48.099998474121094,49.900001525878906,38.34907531738281,26660
2014-03-06,49.900001525878906,51.900001525878906,49.900001525878906,51.099998474121094,39.27129364013672,29600
2014-03-07,51.20000076293945,51.70000076293945,49.900001525878906,51.599998474121094,39.65555191040039,11880
2014-03-10,51.5,51.900001525878906,50.79999923706055,51.5,39.578704833984375,7280
2014-03-11,51.20000076293945,52.0,50.400001525878906,50.70000076293945,38.963890075683594,6120
2014-03-12,50.70000076293945,51.70000076293945,49.900001525878906,51.0,39.19444274902344,15950
2014-03-13,50.79999923706055,54.20000076293945,50.70000076293945,51.5,39.578704833984375,50280
2014-03-14,51.29999923706055,52.400001525878906,50.20000076293945,50.599998474121094,38.88703536987305,8170
2014-03-17,50.400001525878906,51.70000076293945,49.5,50.29999923706055,38.65647888183594,16910
2014-03-18,50.0,52.70000076293945,49.900001525878906,52.5,40.34722137451172,23720
2014-03-19,52.79999923706055,53.0,51.599998474121094,51.900001525878906,39.886112213134766,13210
2014-03-20,51.599998474121094,51.79999923706055,50.5,50.79999923706055,39.040740966796875,8880
2014-03-21,50.599998474121094,51.20000076293945,50.20000076293945,50.400001525878906,38.733333587646484,11190
2014-03-24,50.70000076293945,51.29999923706055,49.70000076293945,50.0,38.425926208496094,11360
2014-03-25,50.20000076293945,50.79999923706055,49.5,49.900001525878906,38.34907531738281,5980
2014-03-26,50.099998474121094,50.599998474121094,47.599998474121094,47.70000076293945,36.65833282470703,11680
2014-03-27,47.70000076293945,49.0,47.5,48.79999923706055,37.50370407104492,6900
2014-03-28,49.0,50.099998474121094,48.400001525878906,48.70000076293945,37.42685317993164,7280
2014-03-31,48.70000076293945,50.70000076293945,48.70000076293945,50.5,38.810184478759766,9010
2014-04-01,50.900001525878906,51.29999923706055,48.79999923706055,50.70000076293945,38.963890075683594,15030
2014-04-02,50.400001525878906,51.5,50.400001525878906,51.20000076293945,39.348148345947266,11490
2014-04-03,51.0,52.599998474121094,51.0,52.400001525878906,40.27037048339844,7360
2014-04-04,52.5,53.0,50.400001525878906,50.5,38.810184478759766,5690
2014-04-07,50.599998474121094,50.70000076293945,49.099998474121094,49.599998474121094,38.11851501464844,4640
2014-04-08,49.5,50.900001525878906,49.5,50.099998474121094,38.502777099609375,6780
2014-04-09,50.0,50.900001525878906,49.900001525878906,50.400001525878906,38.733333587646484,3640
2014-04-10,50.400001525878906,50.79999923706055,48.5,49.099998474121094,37.734256744384766,5290
2014-04-11,48.70000076293945,48.79999923706055,48.0,48.20000076293945,37.0425910949707,10750
2014-04-14,48.29999923706055,48.900001525878906,48.20000076293945,48.5,37.27314758300781,6500
2014-04-15,48.29999923706055,49.0,48.0,48.5,37.27314758300781,4120
2014-04-16,48.70000076293945,49.29999923706055,48.0,48.5,37.27314758300781,5380
2014-04-17,48.599998474121094,49.5,48.599998474121094,48.79999923706055,37.50370407104492,1940
2014-04-21,49.099998474121094,50.400001525878906,48.099998474121094,49.900001525878906,38.34907531738281,4010
2014-04-22,49.599998474121094,50.099998474121094,49.099998474121094,49.599998474121094,38.11851501464844,4300
2014-04-23,49.400001525878906,51.29999923706055,49.400001525878906,49.70000076293945,38.195369720458984,13070
2014-04-24,50.099998474121094,50.79999923706055,49.099998474121094,49.900001525878906,38.34907531738281,4200
2014-04-25,49.5,49.79999923706055,47.79999923706055,48.70000076293945,37.42685317993164,7710
2014-04-28,48.5,49.599998474121094,47.599998474121094,48.0,36.88888931274414,3080
2014-04-29,47.900001525878906,48.70000076293945,47.5,48.400001525878906,37.19629669189453,4880
2014-04-30,48.400001525878906,49.29999923706055,47.900001525878906,48.29999923706055,37.119441986083984,8530
2014-05-01,48.5,50.0,48.0,48.29999923706055,37.119441986083984,8700
2014-05-02,48.29999923706055,48.79999923706055,48.29999923706055,48.599998474121094,37.349998474121094,3330
2014-05-05,48.70000076293945,49.400001525878906,48.29999923706055,49.099998474121094,37.734256744384766,5300
2014-05-06,49.099998474121094,49.599998474121094,48.0,48.900001525878906,37.5805549621582,9790
2014-05-07,49.400001525878906,49.70000076293945,45.5,45.70000076293945,35.12129592895508,22540
2014-05-08,45.099998474121094,45.29999923706055,36.5,39.0,29.97222137451172,105470
2014-05-09,38.79999923706055,39.900001525878906,36.400001525878906,39.099998474121094,30.049072265625,58360
2014-05-12,39.400001525878906,40.5,38.5,39.0,29.97222137451172,20360
2014-05-13,39.29999923706055,39.29999923706055,37.599998474121094,38.0,29.203702926635742,12830
2014-05-14,38.20000076293945,38.20000076293945,35.79999923706055,35.79999923706055,27.512962341308594,21340
2014-05-15,35.900001525878906,37.70000076293945,35.0,37.599998474121094,28.89629554748535,11170
2014-05-16,37.900001525878906,38.400001525878906,36.400001525878906,38.400001525878906,29.511112213134766,13140
2014-05-19,38.0,40.0,36.70000076293945,38.099998474121094,29.280553817749023,13930
2014-05-20,38.599998474121094,38.599998474121094,37.20000076293945,37.70000076293945,28.973148345947266,7980
2014-05-21,38.0,38.5,37.0,37.0,28.435184478759766,13020
2014-05-22,37.0,39.70000076293945,37.0,39.0,29.97222137451172,38200
2014-05-23,38.70000076293945,40.5,38.70000076293945,39.5,30.356481552124023,7910
2014-05-27,40.0,40.5,38.79999923706055,39.29999923706055,30.202775955200195,14450
2014-05-28,38.79999923706055,40.5,38.79999923706055,40.20000076293945,30.894445419311523,7510
2014-05-29,39.900001525878906,43.599998474121094,39.5,42.900001525878906,32.969444274902344,17260
2014-05-30,43.0,43.0,41.29999923706055,42.70000076293945,32.81574249267578,10920
2014-06-02,42.400001525878906,42.5,41.0,41.599998474121094,31.970369338989258,8610
2014-06-03,41.29999923706055,42.5,41.29999923706055,42.099998474121094,32.35462951660156,6960
2014-06-04,41.79999923706055,45.099998474121094,41.79999923706055,44.599998474121094,34.27592468261719,14000
2014-06-05,45.099998474121094,45.29999923706055,42.400001525878906,43.0,33.046295166015625,17090
2014-06-06,43.400001525878906,43.400001525878906,42.0,42.400001525878906,32.58518600463867,12860
2014-06-09,41.900001525878906,42.900001525878906,41.599998474121094,41.599998474121094,31.970369338989258,8270
2014-06-10,41.79999923706055,43.5,41.79999923706055,42.400001525878906,32.58518600463867,9510
2014-06-11,42.099998474121094,42.79999923706055,41.599998474121094,41.599998474121094,31.970369338989258,3030
2014-06-12,41.400001525878906,43.0,41.0,41.79999923706055,32.12407302856445,7930
2014-06-13,41.400001525878906,41.400001525878906,40.20000076293945,40.70000076293945,31.278703689575195,10040
2014-06-16,40.5,41.20000076293945,39.599998474121094,40.20000076293945,30.894445419311523,5720
2014-06-17,40.0,40.5,40.0,40.099998474121094,30.817590713500977,6100
2014-06-18,41.0,41.900001525878906,39.5,39.70000076293945,30.51018524169922,16590
2014-06-19,39.29999923706055,40.70000076293945,39.29999923706055,40.29999923706055,30.971294403076172,4920
2014-06-20,39.900001525878906,40.400001525878906,39.5,39.5,30.356481552124023,19420
2014-06-23,39.900001525878906,39.900001525878906,39.099998474121094,39.79999923706055,30.5870361328125,6270
2014-06-24,39.79999923706055,39.900001525878906,37.79999923706055,38.20000076293945,29.35740852355957,24690
2014-06-25,38.20000076293945,39.900001525878906,37.79999923706055,39.599998474121094,30.433332443237305,14080
2014-06-26,39.79999923706055,40.70000076293945,39.29999923706055,39.70000076293945,30.51018524169922,5810
2014-06-27,40.400001525878906,41.0,39.5,40.599998474121094,31.20185089111328,5450
2014-06-30,40.29999923706055,41.29999923706055,40.20000076293945,41.20000076293945,31.6629638671875,13840
2014-07-01,41.0,41.79999923706055,40.70000076293945,41.599998474121094,31.970369338989258,15400
2014-07-02,41.400001525878906,42.20000076293945,40.70000076293945,41.0,31.509258270263672,8770
2014-07-03,40.900001525878906,42.0,40.900001525878906,41.5,31.893518447875977,2500
2014-07-07,41.400001525878906,41.79999923706055,39.70000076293945,40.20000076293945,30.894445419311523,15600
2014-07-08,39.79999923706055,40.20000076293945,39.0,39.900001525878906,30.663888931274414,9000
2014-07-09,39.900001525878906,41.29999923706055,39.099998474121094,40.79999923706055,31.355554580688477,4030
2014-07-10,39.70000076293945,41.099998474121094,39.599998474121094,41.0,31.509258270263672,5230
2014-07-11,40.599998474121094,40.70000076293945,40.29999923706055,40.599998474121094,31.20185089111328,2790
2014-07-14,41.20000076293945,42.0,40.70000076293945,41.29999923706055,31.73981285095215,10400
2014-07-15,41.099998474121094,42.0,40.70000076293945,41.29999923706055,31.73981285095215,4940
2014-07-16,41.0,41.70000076293945,39.900001525878906,40.0,30.740739822387695,6640
2014-07-17,39.70000076293945,40.79999923706055,39.599998474121094,39.900001525878906,30.663888931274414,22780
2014-07-18,40.5,40.5,39.900001525878906,39.900001525878906,30.663888931274414,3630
2014-07-21,40.0,40.5,39.599998474121094,39.79999923706055,30.5870361328125,4620
2014-07-22,40.0,40.5,39.70000076293945,40.0,30.740739822387695,2610
2014-07-23,40.099998474121094,40.29999923706055,39.70000076293945,39.900001525878906,30.663888931274414,1810
2014-07-24,40.0,40.29999923706055,39.400001525878906,39.70000076293945,30.51018524169922,5330
2014-07-25,39.5,40.0,39.5,39.900001525878906,30.663888931274414,4180
2014-07-28,40.0,40.400001525878906,38.599998474121094,40.0,30.740739822387695,11060
2014-07-29,40.099998474121094,40.599998474121094,40.0,40.20000076293945,30.894445419311523,13110
2014-07-30,40.79999923706055,41.599998474121094,40.0,40.79999923706055,31.355554580688477,16020
2014-07-31,40.79999923706055,40.900001525878906,40.099998474121094,40.599998474121094,31.20185089111328,4180
2014-08-01,40.400001525878906,41.0,39.70000076293945,40.900001525878906,31.43240737915039,7550
2014-08-04,40.599998474121094,41.099998474121094,39.79999923706055,40.599998474121094,31.20185089111328,5210
2014-08-05,40.599998474121094,40.900001525878906,39.79999923706055,40.599998474121094,31.20185089111328,8580
2014-08-06,40.20000076293945,40.79999923706055,40.099998474121094,40.70000076293945,31.278703689575195,9380
2014-08-07,40.5,41.0,39.79999923706055,40.20000076293945,30.894445419311523,34610
2014-08-08,40.400001525878906,40.400001525878906,39.5,39.900001525878906,30.663888931274414,5840
2014-08-11,39.79999923706055,40.20000076293945,39.0,39.400001525878906,30.279630661010742,6280
2014-08-12,39.599998474121094,39.900001525878906,39.099998474121094,39.400001525878906,30.279630661010742,2640
2014-08-13,39.20000076293945,39.5,39.0,39.29999923706055,30.202775955200195,4170
2014-08-14,39.400001525878906,39.900001525878906,39.29999923706055,39.5,30.356481552124023,23630
2014-08-15,39.599998474121094,40.0,39.099998474121094,39.400001525878906,30.279630661010742,7730
2014-08-18,39.29999923706055,41.0,39.0,40.5,31.125,21340
2014-08-19,40.0,41.400001525878906,40.0,40.900001525878906,31.43240737915039,18720
2014-08-20,40.5,43.79999923706055,40.29999923706055,42.900001525878906,32.969444274902344,30010
2014-08-21,43.099998474121094,43.099998474121094,41.400001525878906,41.70000076293945,32.04722213745117,13670
2014-08-22,41.29999923706055,43.5,40.29999923706055,42.79999923706055,32.89259338378906,37270
2014-08-25,42.29999923706055,43.900001525878906,42.29999923706055,42.400001525878906,32.58518600463867,19460
2014-08-26,41.599998474121094,44.599998474121094,41.599998474121094,43.79999923706055,33.661109924316406,21040
2014-08-27,43.5,44.20000076293945,43.5,43.70000076293945,33.584259033203125,4790
2014-08-28,43.5,44.599998474121094,43.20000076293945,44.400001525878906,34.122222900390625,8470
2014-08-29,44.099998474121094,44.70000076293945,43.099998474121094,43.79999923706055,33.661109924316406,9260
2014-09-02,43.599998474121094,44.5,43.599998474121094,43.79999923706055,33.661109924316406,6430
2014-09-03,44.099998474121094,44.599998474121094,43.5,43.70000076293945,33.584259033203125,6090
2014-09-04,43.70000076293945,43.79999923706055,43.29999923706055,43.400001525878906,33.353702545166016,8690
2014-09-05,43.099998474121094,43.5,42.599998474121094,42.900001525878906,32.969444274902344,6550
2014-09-08,42.599998474121094,43.599998474121094,42.599998474121094,43.29999923706055,33.276851654052734,4390
2014-09-09,43.099998474121094,43.5,42.29999923706055,42.5,32.66203689575195,6590
2014-09-10,42.20000076293945,43.099998474121094,41.599998474121094,42.0,32.27777862548828,8910
2014-09-11,42.29999923706055,42.29999923706055,41.5,41.79999923706055,32.12407302856445,12700
2014-09-12,41.900001525878906,43.5,41.900001525878906,42.599998474121094,32.738887786865234,5660
2014-09-15,42.400001525878906,42.599998474121094,40.900001525878906,41.5,31.893518447875977,8430
2014-09-16,41.099998474121094,42.099998474121094,41.099998474121094,41.70000076293945,32.04722213745117,6630
2014-09-17,41.5,43.20000076293945,41.5,42.900001525878906,32.969444274902344,7430
2014-09-18,58.79999923706055,59.0,53.70000076293945,53.70000076293945,41.26944351196289,866510
2014-09-19,53.29999923706055,58.20000076293945,53.29999923706055,58.0,44.574073791503906,402080
2014-09-22,56.5,59.400001525878906,56.5,59.20000076293945,45.49629592895508,120950
2014-09-23,58.70000076293945,60.29999923706055,57.5,59.5,45.72685241699219,93830
2014-09-24,59.5,59.70000076293945,58.0,59.099998474121094,45.41944122314453,34160
2014-09-25,59.0,59.29999923706055,57.5,58.70000076293945,45.112037658691406,24720
2014-09-26,58.29999923706055,60.29999923706055,58.0,60.099998474121094,46.18796157836914,70390
2014-09-29,57.900001525878906,58.400001525878906,55.5,57.599998474121094,44.266666412353516,74190
2014-09-30,57.5,58.0,56.0,56.900001525878906,43.728702545166016,31130
2014-10-01,56.900001525878906,57.29999923706055,55.599998474121094,56.29999923706055,43.2675895690918,23100
2014-10-02,55.900001525878906,57.0,55.400001525878906,57.0,43.8055534362793,21600
2014-10-03,57.0,58.0,56.0,56.099998474121094,43.113887786865234,32240
2014-10-06,56.099998474121094,57.400001525878906,54.5,54.70000076293945,42.0379638671875,36470
2014-10-07,54.400001525878906,55.599998474121094,53.400001525878906,53.5,41.11574172973633,40570
2014-10-08,53.29999923706055,56.29999923706055,53.29999923706055,56.0,43.03703689575195,44390
2014-10-09,55.79999923706055,56.400001525878906,54.5,55.400001525878906,42.575927734375,26030
2014-10-10,55.0,55.5,53.29999923706055,53.5,41.11574172973633,25330
2014-10-13,53.5,55.5,53.099998474121094,54.0,41.5,13410
2014-10-14,54.599998474121094,56.0,54.099998474121094,54.29999923706055,41.730552673339844,16360
2014-10-15,53.70000076293945,56.400001525878906,53.400001525878906,55.79999923706055,42.883331298828125,23310
2014-10-16,55.0,57.0,54.79999923706055,56.29999923706055,43.2675895690918,29450
2014-10-17,56.29999923706055,57.0,55.0,55.79999923706055,42.883331298828125,13620
2014-10-20,56.0,57.0,55.099998474121094,56.0,43.03703689575195,17010
2014-10-21,55.900001525878906,57.5,55.900001525878906,57.099998474121094,43.88240432739258,15230
2014-10-22,56.29999923706055,57.400001525878906,55.70000076293945,56.0,43.03703689575195,18800
2014-10-23,52.599998474121094,54.0,50.70000076293945,51.599998474121094,39.65555191040039,184300
2014-10-24,53.29999923706055,53.29999923706055,51.0,52.20000076293945,40.11666488647461,38200
2014-10-27,52.29999923706055,52.29999923706055,51.0,51.599998474121094,39.65555191040039,20820
2014-10-28,51.599998474121094,52.0,51.20000076293945,51.5,39.578704833984375,20470
2014-10-29,51.70000076293945,52.5,51.099998474121094,52.400001525878906,40.27037048339844,22300
2014-10-30,52.20000076293945,52.79999923706055,51.20000076293945,51.79999923706055,39.80925750732422,13650
2014-10-31,52.400001525878906,52.5,51.5,51.599998474121094,39.65555191040039,17820
2014-11-03,51.400001525878906,52.400001525878906,51.400001525878906,52.099998474121094,40.03981399536133,11200
2014-11-04,51.70000076293945,52.29999923706055,51.099998474121094,52.0,39.96296310424805,8170
2014-11-05,52.0,52.0,51.20000076293945,51.599998474121094,39.65555191040039,11380
2014-11-06,51.70000076293945,52.29999923706055,51.400001525878906,51.79999923706055,39.80925750732422,7900
2014-11-07,51.5,52.20000076293945,51.5,52.0,39.96296310424805,25750
2014-11-10,51.70000076293945,52.0,51.5,51.79999923706055,39.80925750732422,8930
2014-11-11,51.599998474121094,53.0,51.599998474121094,52.5,40.34722137451172,45870
2014-11-12,52.099998474121094,52.5,51.900001525878906,52.0,39.96296310424805,5100
2014-11-13,51.79999923706055,52.20000076293945,51.599998474121094,51.79999923706055,39.80925750732422,8640
2014-11-14,51.70000076293945,52.20000076293945,51.599998474121094,51.599998474121094,39.65555191040039,13510
2014-11-17,51.599998474121094,52.5,51.5,51.5,39.578704833984375,10320
2014-11-18,51.70000076293945,52.5,51.5,52.0,39.96296310424805,8460
2014-11-19,51.599998474121094,52.099998474121094,51.5,51.5,39.578704833984375,15850
2014-11-20,51.79999923706055,52.0,51.70000076293945,51.79999923706055,39.80925750732422,8580
2014-11-21,52.29999923706055,52.599998474121094,51.5,52.29999923706055,40.19351577758789,30000
2014-11-24,52.099998474121094,53.0,52.0,52.79999923706055,40.57777786254883,10270
2014-11-25,52.79999923706055,52.900001525878906,52.5,52.70000076293945,40.50092697143555,4630
2014-11-26,52.400001525878906,52.900001525878906,52.099998474121094,52.29999923706055,40.19351577758789,4990
2014-11-28,52.0,52.5,51.79999923706055,52.0,39.96296310424805,7740
2014-12-01,51.79999923706055,52.0,51.099998474121094,51.400001525878906,39.501853942871094,9820
2014-12-02,51.29999923706055,51.599998474121094,51.099998474121094,51.20000076293945,39.348148345947266,7550
2014-12-03,51.599998474121094,52.0,51.400001525878906,51.400001525878906,39.501853942871094,7600
2014-12-04,51.70000076293945,51.70000076293945,51.099998474121094,51.5,39.578704833984375,7950
2014-12-05,51.400001525878906,52.29999923706055,51.0,51.5,39.578704833984375,11040
2014-12-08,51.0,51.79999923706055,50.70000076293945,51.29999923706055,39.42499923706055,25420
2014-12-09,51.0,51.29999923706055,50.099998474121094,50.900001525878906,39.117591857910156,20720
2014-12-10,50.79999923706055,51.20000076293945,50.29999923706055,51.0,39.19444274902344,11530
2014-12-11,50.29999923706055,51.20000076293945,50.29999923706055,50.599998474121094,38.88703536987305,17850
2014-12-12,50.0,53.5,50.0,52.400001525878906,40.27037048339844,40280
2014-12-15,51.5,53.5,51.29999923706055,51.29999923706055,39.42499923706055,35920
2014-12-16,51.0,53.20000076293945,51.0,51.599998474121094,39.65555191040039,27530
2014-12-17,51.5,52.5,51.5,51.70000076293945,39.73240661621094,18960
2014-12-18,51.70000076293945,53.900001525878906,51.70000076293945,53.20000076293945,40.88518524169922,29060
2014-12-19,53.0,54.0,52.599998474121094,53.29999923706055,40.9620361328125,16170
2014-12-22,53.0,53.599998474121094,52.5,53.099998474121094,40.80833053588867,14100
2014-12-23,53.400001525878906,54.099998474121094,53.29999923706055,53.29999923706055,40.9620361328125,11640
2014-12-24,53.099998474121094,54.400001525878906,53.0,53.0,40.73147964477539,6230
2014-12-26,53.0,54.900001525878906,52.79999923706055,54.0,41.5,17430
2014-12-29,53.70000076293945,55.0,52.900001525878906,54.79999923706055,42.11481475830078,13290
2014-12-30,54.5,55.0,53.099998474121094,53.29999923706055,40.9620361328125,12400
2014-12-31,53.599998474121094,54.400001525878906,52.5,53.0,40.73147964477539,15320
2015-01-02,53.099998474121094,53.599998474121094,52.0,52.79999923706055,40.57777786254883,6260
2015-01-05,51.70000076293945,53.400001525878906,51.70000076293945,52.900001525878906,40.65462875366211,18070
2015-01-06,51.79999923706055,52.900001525878906,51.5,52.400001525878906,40.27037048339844,33260
2015-01-07,53.0,53.29999923706055,52.400001525878906,53.099998474121094,40.80833053588867,6480
2015-01-08,53.099998474121094,53.5,52.70000076293945,53.0,40.73147964477539,8570
2015-01-09,52.79999923706055,53.70000076293945,52.79999923706055,53.29999923706055,40.9620361328125,10570
2015-01-12,52.79999923706055,53.29999923706055,52.400001525878906,52.5,40.34722137451172,8440
2015-01-13,52.79999923706055,53.5,52.0,52.70000076293945,40.50092697143555,21020
2015-01-14,52.0,52.599998474121094,51.900001525878906,51.900001525878906,39.886112213134766,8870
2015-01-15,51.79999923706055,52.900001525878906,51.70000076293945,51.900001525878906,39.886112213134766,15060
2015-01-16,51.70000076293945,51.900001525878906,51.70000076293945,51.900001525878906,39.886112213134766,8220
2015-01-20,51.70000076293945,52.099998474121094,51.20000076293945,51.400001525878906,39.501853942871094,24480
2015-01-21,51.20000076293945,51.70000076293945,51.20000076293945,51.400001525878906,39.501853942871094,17050
2015-01-22,51.400001525878906,51.599998474121094,51.20000076293945,51.400001525878906,39.501853942871094,22550
2015-01-23,51.400001525878906,52.0,51.29999923706055,51.79999923706055,39.80925750732422,4290
2015-01-26,51.0,53.0,51.0,52.599998474121094,40.424072265625,8980
2015-01-27,52.0,52.900001525878906,52.0,52.0,39.96296310424805,4750
2015-01-28,51.79999923706055,52.79999923706055,51.79999923706055,51.900001525878906,39.886112213134766,5620
2015-01-29,51.20000076293945,52.79999923706055,51.20000076293945,52.0,39.96296310424805,6680
2015-01-30,51.70000076293945,52.79999923706055,51.5,51.70000076293945,39.73240661621094,4380
2015-02-02,51.5,51.900001525878906,51.29999923706055,51.70000076293945,39.73240661621094,12700
2015-02-03,52.0,53.29999923706055,51.5,52.099998474121094,40.03981399536133,10790
2015-02-04,51.599998474121094,52.400001525878906,51.599998474121094,52.0,39.96296310424805,25360
2015-02-05,51.79999923706055,52.70000076293945,51.79999923706055,52.20000076293945,40.11666488647461,14260
2015-02-06,52.099998474121094,52.70000076293945,51.79999923706055,52.29999923706055,40.19351577758789,14000
2015-02-09,51.900001525878906,52.70000076293945,51.79999923706055,52.29999923706055,40.19351577758789,13780
2015-02-10,52.20000076293945,52.400001525878906,52.0,52.29999923706055,40.19351577758789,8610
2015-02-11,52.0,52.5,52.0,52.20000076293945,40.11666488647461,4990
2015-02-12,52.5,52.70000076293945,52.099998474121094,52.5,40.34722137451172,5330
2015-02-13,52.099998474121094,55.900001525878906,52.099998474121094,54.0,41.5,74820
2015-02-17,53.70000076293945,55.099998474121094,52.900001525878906,55.0,42.268516540527344,29470
2015-02-18,54.5,55.0,54.20000076293945,54.5,41.88425827026367,12900
2015-02-19,54.5,55.5,54.099998474121094,55.099998474121094,42.345367431640625,9850
2015-02-20,54.900001525878906,55.5,54.5,55.0,42.268516540527344,22130
2015-02-23,55.0,55.5,54.79999923706055,55.5,42.65277862548828,14820
2015-02-24,55.5,56.0,55.29999923706055,55.70000076293945,42.806480407714844,12110
2015-02-25,54.400001525878906,55.599998474121094,53.79999923706055,54.5,41.88425827026367,6760
2015-02-26,54.29999923706055,54.599998474121094,53.79999923706055,54.400001525878906,41.80740737915039,4670
2015-02-27,54.599998474121094,54.79999923706055,54.0,54.099998474121094,41.57685089111328,4880
2015-03-02,53.5,55.20000076293945,53.5,54.79999923706055,42.11481475830078,10540
2015-03-03,54.900001525878906,55.0,53.599998474121094,53.70000076293945,41.26944351196289,15760
2015-03-04,53.599998474121094,54.5,53.599998474121094,54.0,41.5,6930
2015-03-05,54.0,54.29999923706055,53.79999923706055,53.900001525878906,41.42314910888672,4090
2015-03-06,54.0,55.5,54.0,54.70000076293945,42.0379638671875,21050
2015-03-09,54.900001525878906,55.20000076293945,54.5,55.099998474121094,42.345367431640625,6850
2015-03-10,54.900001525878906,55.20000076293945,54.0,54.0,41.5,5200
2015-03-11,54.099998474121094,54.79999923706055,53.70000076293945,54.0,41.5,5740
2015-03-12,54.70000076293945,54.70000076293945,54.0,54.29999923706055,41.730552673339844,4190
2015-03-13,54.5,55.0,53.70000076293945,54.79999923706055,42.11481475830078,9230
2015-03-16,55.0,55.400001525878906,54.5,54.79999923706055,42.11481475830078,6120
2015-03-17,54.900001525878906,55.0,54.20000076293945,55.0,42.268516540527344,6830
2015-03-18,54.400001525878906,55.0,53.5,54.20000076293945,41.65370559692383,10640
2015-03-19,53.900001525878906,55.0,53.599998474121094,54.5,41.88425827026367,5180
2015-03-20,54.599998474121094,54.79999923706055,53.79999923706055,54.099998474121094,41.57685089111328,18270
2015-03-23,54.29999923706055,54.79999923706055,53.900001525878906,54.599998474121094,41.96110916137695,18970
2015-03-24,54.599998474121094,55.0,54.0,55.0,42.268516540527344,21620
2015-03-25,55.0,55.0,53.900001525878906,53.900001525878906,41.42314910888672,13650
2015-03-26,53.79999923706055,54.900001525878906,53.79999923706055,54.79999923706055,42.11481475830078,6540
2015-03-27,54.5,54.5,53.79999923706055,54.0,41.5,2340
2015-03-30,54.099998474121094,54.900001525878906,54.0,54.900001525878906,42.19166564941406,5230
2015-03-31,54.5,54.5,54.0,54.400001525878906,41.80740737915039,2340
2015-04-01,54.5,54.79999923706055,54.0,54.70000076293945,42.0379638671875,10130
2015-04-02,54.400001525878906,54.79999923706055,54.20000076293945,54.79999923706055,42.11481475830078,4010
2015-04-06,54.70000076293945,55.79999923706055,54.70000076293945,55.5,42.65277862548828,10220
2015-04-07,55.5,56.099998474121094,54.599998474121094,54.70000076293945,42.0379638671875,9060
2015-04-08,54.400001525878906,56.099998474121094,53.70000076293945,56.0,43.03703689575195,14370
2015-04-09,55.79999923706055,56.900001525878906,55.70000076293945,56.599998474121094,43.498146057128906,18200
2015-04-10,56.5,57.400001525878906,56.5,56.900001525878906,43.728702545166016,5860
2015-04-13,57.0,57.0,55.900001525878906,56.79999923706055,43.651851654052734,4530
2015-04-14,56.400001525878906,57.0,56.400001525878906,56.79999923706055,43.651851654052734,2400
2015-04-15,56.70000076293945,57.0,56.5,56.900001525878906,43.728702545166016,3520
2015-04-16,56.5,57.0,56.29999923706055,56.29999923706055,43.2675895690918,3950
2015-04-17,55.70000076293945,57.0,54.400001525878906,54.70000076293945,42.0379638671875,5050
2015-04-20,54.5,55.5,54.400001525878906,55.400001525878906,42.575927734375,2650
2015-04-21,55.400001525878906,56.5,54.5,55.79999923706055,42.883331298828125,5120
2015-04-22,55.79999923706055,56.099998474121094,54.79999923706055,55.70000076293945,42.806480407714844,8220
2015-04-23,55.29999923706055,56.5,55.0,55.900001525878906,42.96018600463867,5150
2015-04-24,55.900001525878906,55.900001525878906,54.79999923706055,55.900001525878906,42.96018600463867,8180
2015-04-27,56.29999923706055,56.29999923706055,54.29999923706055,54.400001525878906,41.80740737915039,13460
2015-04-28,54.29999923706055,55.29999923706055,54.29999923706055,54.79999923706055,42.11481475830078,6380
2015-04-29,54.599998474121094,55.29999923706055,54.29999923706055,54.5,41.88425827026367,3960
2015-04-30,54.599998474121094,54.900001525878906,53.900001525878906,54.5,41.88425827026367,10500
2015-05-01,54.400001525878906,54.599998474121094,54.0,54.29999923706055,41.730552673339844,2470
2015-05-04,54.29999923706055,55.20000076293945,53.900001525878906,54.599998474121094,41.96110916137695,11630
2015-05-05,54.099998474121094,56.400001525878906,53.79999923706055,55.79999923706055,42.883331298828125,16140
2015-05-06,55.599998474121094,56.400001525878906,54.900001525878906,55.599998474121094,42.72962951660156,5860
2015-05-07,58.0,61.099998474121094,58.0,59.099998474121094,45.41944122314453,51690
2015-05-08,59.5,60.79999923706055,58.29999923706055,59.29999923706055,45.57314682006836,28390
2015-05-11,59.599998474121094,60.79999923706055,59.5,60.5,46.49536895751953,36270
2015-05-12,60.79999923706055,61.900001525878906,60.400001525878906,61.5,47.26388931274414,32200
2015-05-13,61.400001525878906,61.900001525878906,60.79999923706055,61.099998474121094,46.956478118896484,27390
2015-05-14,61.0,61.79999923706055,61.0,61.400001525878906,47.18703842163086,26640
2015-05-15,63.20000076293945,63.5,62.29999923706055,62.400001525878906,47.9555549621582,145810
2015-05-18,62.5,63.0,62.400001525878906,62.599998474121094,48.109256744384766,72360
2015-05-19,63.0,63.0,62.20000076293945,62.599998474121094,48.109256744384766,46430
2015-05-20,62.5,62.70000076293945,62.400001525878906,62.599998474121094,48.109256744384766,31490
2015-05-21,62.599998474121094,63.0,62.400001525878906,62.599998474121094,48.109256744384766,37110
2015-05-22,62.599998474121094,62.900001525878906,62.5,62.900001525878906,48.33981704711914,38170
2015-05-26,62.79999923706055,62.900001525878906,62.599998474121094,62.70000076293945,48.18611145019531,42500
2015-05-27,62.70000076293945,63.0,62.599998474121094,62.79999923706055,48.262962341308594,85100
2015-05-28,62.79999923706055,63.900001525878906,62.70000076293945,63.79999923706055,49.03147888183594,86860
2015-05-29,63.79999923706055,64.0,63.5,63.70000076293945,48.954627990722656,51140
2015-06-01,64.19999694824219,65.0999984741211,63.900001525878906,64.5,49.56944274902344,58060
2015-06-02,64.69999694824219,65.0,64.4000015258789,64.5999984741211,49.64629364013672,56260
2015-06-03,64.9000015258789,65.0,64.30000305175781,64.5,49.56944274902344,52720
2015-06-04,64.30000305175781,65.0,64.19999694824219,64.9000015258789,49.876853942871094,53910
2015-06-05,64.5999984741211,65.4000015258789,64.19999694824219,64.9000015258789,49.876853942871094,50260
2015-06-08,65.0,65.4000015258789,64.5999984741211,65.0,49.953704833984375,46830
2015-06-09,64.5999984741211,65.30000305175781,64.5999984741211,65.30000305175781,50.184261322021484,25250
2015-06-10,65.19999694824219,65.9000015258789,65.0999984741211,65.80000305175781,50.568519592285156,34720
2015-06-11,65.69999694824219,65.80000305175781,65.0999984741211,65.30000305175781,50.184261322021484,31990
2015-06-12,65.0999984741211,65.5,65.0999984741211,65.30000305175781,50.184261322021484,43310
2015-06-15,65.30000305175781,65.30000305175781,64.0,64.30000305175781,49.415740966796875,52190
2015-06-16,63.70000076293945,64.80000305175781,62.29999923706055,63.5,48.800926208496094,41060
2015-06-17,63.79999923706055,63.900001525878906,62.400001525878906,62.5,48.032405853271484,14880
2015-06-18,61.900001525878906,63.0,61.599998474121094,62.79999923706055,48.262962341308594,48110
2015-06-19,62.29999923706055,62.79999923706055,61.5,62.29999923706055,47.87870407104492,28190
2015-06-22,62.29999923706055,62.900001525878906,60.79999923706055,60.79999923706055,46.72592544555664,27000
2015-06-23,60.599998474121094,62.5,59.5,62.29999923706055,47.87870407104492,38710
2015-06-24,62.5,64.0,62.0,63.0,48.416664123535156,43670
2015-06-25,63.0,64.0,62.599998474121094,63.400001525878906,48.72407531738281,38820
2015-06-26,63.20000076293945,63.79999923706055,60.900001525878906,61.20000076293945,47.03333282470703,308950
2015-06-29,60.900001525878906,60.900001525878906,59.099998474121094,60.099998474121094,46.18796157836914,27990
2015-06-30,60.0,60.900001525878906,59.5,60.20000076293945,46.26481628417969,21680
2015-07-01,61.5,61.5,60.0,60.400001525878906,46.41851806640625,23300
2015-07-02,60.70000076293945,60.70000076293945,59.5,60.0,46.11111068725586,18440
2015-07-06,58.599998474121094,61.20000076293945,58.599998474121094,60.79999923706055,46.72592544555664,28720
2015-07-07,61.0,61.0,59.099998474121094,59.79999923706055,45.95740509033203,28250
2015-07-08,59.400001525878906,59.79999923706055,58.099998474121094,58.400001525878906,44.8814811706543,18840
2015-07-09,58.599998474121094,59.099998474121094,57.70000076293945,57.70000076293945,44.3435173034668,15620
2015-07-10,58.29999923706055,59.099998474121094,57.79999923706055,59.0,45.34259033203125,23410
2015-07-13,59.5,59.79999923706055,58.599998474121094,59.20000076293945,45.49629592895508,21700
2015-07-14,59.20000076293945,59.79999923706055,58.70000076293945,59.70000076293945,45.88055419921875,12870
2015-07-15,60.0,60.0,59.20000076293945,59.900001525878906,46.03425979614258,11990
2015-07-16,60.099998474121094,61.099998474121094,59.79999923706055,60.0,46.11111068725586,26330
2015-07-17,60.29999923706055,60.79999923706055,59.5,60.599998474121094,46.57221984863281,13260
2015-07-20,60.900001525878906,61.20000076293945,59.79999923706055,60.599998474121094,46.57221984863281,19640
2015-07-21,61.0,61.29999923706055,59.900001525878906,60.29999923706055,46.34166717529297,17280
2015-07-22,59.79999923706055,59.900001525878906,57.20000076293945,57.70000076293945,44.3435173034668,32230
2015-07-23,58.0,59.5,57.79999923706055,58.70000076293945,45.112037658691406,21800
2015-07-24,59.0,59.0,57.5,57.79999923706055,44.42036819458008,28160
2015-07-27,57.5,57.79999923706055,57.099998474121094,57.70000076293945,44.3435173034668,38200
2015-07-28,59.20000076293945,59.5,57.5,58.099998474121094,44.65092468261719,80610
2015-07-29,57.79999923706055,59.900001525878906,57.79999923706055,59.5,45.72685241699219,21500
2015-07-30,59.20000076293945,60.400001525878906,58.70000076293945,60.20000076293945,46.26481628417969,14250
2015-07-31,60.29999923706055,62.0,60.20000076293945,61.900001525878906,47.57129669189453,75960
2015-08-03,62.20000076293945,62.400001525878906,60.900001525878906,61.5,47.26388931274414,19190
2015-08-04,61.29999923706055,62.400001525878906,60.599998474121094,62.400001525878906,47.9555549621582,28710
2015-08-05,64.19999694824219,71.9000015258789,63.5,71.5999984741211,55.02592468261719,170790
2015-08-06,71.5,73.5,71.5,73.4000015258789,56.40925979614258,51640
2015-08-07,72.9000015258789,73.30000305175781,72.0999984741211,72.30000305175781,55.56388854980469,34020
2015-08-10,72.5,74.80000305175781,72.5,74.0,56.87036895751953,59020
2015-08-11,73.69999694824219,74.9000015258789,72.69999694824219,72.69999694824219,55.87129211425781,19300
2015-08-12,72.19999694824219,74.19999694824219,70.30000305175781,72.80000305175781,55.948150634765625,40140
2015-08-13,72.5,73.30000305175781,72.19999694824219,72.5,55.71759033203125,38290
2015-08-14,72.30000305175781,72.80000305175781,71.80000305175781,72.19999694824219,55.48703384399414,44140
2015-08-17,71.80000305175781,74.19999694824219,71.69999694824219,73.5999984741211,56.56296157836914,80610
2015-08-18,73.9000015258789,73.9000015258789,71.9000015258789,72.0,55.33333206176758,21240
2015-08-19,72.0999984741211,72.69999694824219,70.5999984741211,71.9000015258789,55.2564811706543,17340
2015-08-20,71.30000305175781,71.5,69.80000305175781,69.9000015258789,53.719444274902344,17160
2015-08-21,69.0,72.0,68.9000015258789,71.5999984741211,55.02592468261719,23870
2015-08-24,69.19999694824219,71.9000015258789,68.19999694824219,68.80000305175781,52.87407684326172,24260
2015-08-25,70.0,70.0,68.0999984741211,68.19999694824219,52.412960052490234,19370
2015-08-26,69.30000305175781,70.30000305175781,67.80000305175781,69.0,53.02777862548828,26850
2015-08-27,69.5,69.69999694824219,68.0999984741211,68.69999694824219,52.797218322753906,14240
2015-08-28,68.4000015258789,70.80000305175781,68.0,70.5999984741211,54.25740432739258,12300
2015-08-31,70.5,70.80000305175781,69.5,69.69999694824219,53.565738677978516,22740
2015-09-01,68.69999694824219,69.5,67.69999694824219,68.19999694824219,52.412960052490234,16800
2015-09-02,68.80000305175781,69.4000015258789,67.5999984741211,69.0999984741211,53.10462951660156,13150
2015-09-03,69.30000305175781,70.5999984741211,68.0,68.5999984741211,52.720367431640625,17060
2015-09-04,68.0,68.80000305175781,67.30000305175781,67.5,51.875,12650
2015-09-08,68.4000015258789,69.80000305175781,67.80000305175781,69.0,53.02777862548828,19990
2015-09-09,69.5999984741211,71.69999694824219,68.69999694824219,70.5,54.1805534362793,26830
2015-09-10,70.5,71.4000015258789,69.0999984741211,69.80000305175781,53.64259338378906,13450
2015-09-11,69.19999694824219,70.0999984741211,67.69999694824219,68.80000305175781,52.87407684326172,15150
2015-09-14,69.5,69.5999984741211,66.0,66.4000015258789,51.02962875366211,15920
2015-09-15,66.30000305175781,69.30000305175781,66.30000305175781,68.5999984741211,52.720367431640625,18690
2015-09-16,68.5,70.80000305175781,67.4000015258789,70.5,54.1805534362793,29010
2015-09-17,70.30000305175781,72.5,69.9000015258789,70.80000305175781,54.41111373901367,21680
2015-09-18,69.5999984741211,71.30000305175781,69.0999984741211,70.69999694824219,54.33425521850586,44710
2015-09-21,71.0,72.19999694824219,70.69999694824219,71.9000015258789,55.2564811706543,27820
2015-09-22,71.5,72.80000305175781,70.9000015258789,71.19999694824219,54.71851348876953,23990
2015-09-23,71.0,72.0,68.69999694824219,69.5,53.41203689575195,20420
2015-09-24,69.0999984741211,70.0999984741211,68.80000305175781,69.0,53.02777862548828,12810
2015-09-25,69.5,69.5,66.80000305175781,67.5999984741211,51.95185089111328,22250
2015-09-28,67.80000305175781,68.0999984741211,66.19999694824219,66.4000015258789,51.02962875366211,16680
2015-09-29,66.4000015258789,67.5999984741211,64.80000305175781,65.5,50.33796310424805,17680
2015-09-30,65.9000015258789,68.0,65.4000015258789,68.0,52.25925827026367,23170
2015-10-01,67.80000305175781,68.19999694824219,65.80000305175781,66.5,51.10647964477539,25450
2015-10-02,65.5,69.80000305175781,64.5,69.69999694824219,53.565738677978516,45610
2015-10-05,70.5,71.69999694824219,68.69999694824219,71.30000305175781,54.795372009277344,26790
2015-10-06,71.0,71.80000305175781,70.0999984741211,71.0999984741211,54.641666412353516,13220
2015-10-07,71.0999984741211,71.5,70.0,71.19999694824219,54.71851348876953,15160
2015-10-08,70.5999984741211,70.9000015258789,68.0,68.5,52.643516540527344,14760
2015-10-09,68.30000305175781,69.0,66.0,67.69999694824219,52.02870178222656,14880
2015-10-12,67.0999984741211,67.69999694824219,65.5,67.30000305175781,51.72129821777344,12310
2015-10-13,66.5,67.30000305175781,65.5999984741211,65.9000015258789,50.64537048339844,7490
2015-10-14,65.80000305175781,66.9000015258789,64.69999694824219,65.0999984741211,50.03055191040039,10320
2015-10-15,64.80000305175781,67.19999694824219,64.69999694824219,66.9000015258789,51.41389083862305,11860
2015-10-16,66.80000305175781,68.5999984741211,65.19999694824219,66.5999984741211,51.18333053588867,9670
2015-10-19,66.0,67.0999984741211,65.4000015258789,67.0,51.49074172973633,9390
2015-10-20,66.69999694824219,68.30000305175781,66.4000015258789,67.30000305175781,51.72129821777344,9510
2015-10-21,67.30000305175781,67.5999984741211,64.5,65.19999694824219,50.10740280151367,10590
2015-10-22,65.5999984741211,68.0,65.30000305175781,66.9000015258789,51.41389083862305,9520
2015-10-23,67.80000305175781,68.5999984741211,66.69999694824219,68.4000015258789,52.56666564941406,11630
2015-10-26,68.0,68.19999694824219,65.0999984741211,66.19999694824219,50.87592315673828,11890
2015-10-27,66.0999984741211,67.0999984741211,64.19999694824219,64.4000015258789,49.492591857910156,9010
2015-10-28,64.69999694824219,67.69999694824219,63.099998474121094,67.5999984741211,51.95185089111328,16920
2015-10-29,67.9000015258789,70.0999984741211,65.9000015258789,66.5999984741211,51.18333053588867,20820
2015-10-30,66.80000305175781,68.4000015258789,66.19999694824219,68.4000015258789,52.56666564941406,17170
2015-11-02,68.69999694824219,71.0,68.0999984741211,70.80000305175781,54.41111373901367,23750
2015-11-03,70.30000305175781,71.4000015258789,70.0999984741211,70.30000305175781,54.026851654052734,10860
2015-11-04,69.9000015258789,70.0999984741211,68.5,68.80000305175781,52.87407684326172,9310
2015-11-05,69.4000015258789,71.5,68.5999984741211,70.30000305175781,54.026851654052734,18060
2015-11-06,71.0,72.0999984741211,70.69999694824219,71.9000015258789,55.2564811706543,24090
2015-11-09,72.5,72.80000305175781,71.30000305175781,71.80000305175781,55.179630279541016,17560
2015-11-10,71.5,71.5,69.5999984741211,70.19999694824219,53.94999694824219,8940
2015-11-11,70.5,72.0,69.30000305175781,71.19999694824219,54.71851348876953,7590
2015-11-12,70.80000305175781,72.5999984741211,70.0999984741211,71.4000015258789,54.872222900390625,16500
2015-11-13,71.0,71.5999984741211,70.69999694824219,70.80000305175781,54.41111373901367,14200
2015-11-16,71.0,72.0999984741211,70.4000015258789,71.80000305175781,55.179630279541016,10990
2015-11-17,71.80000305175781,72.0,70.5,71.69999694824219,55.10277557373047,16820
2015-11-18,71.9000015258789,72.5999984741211,70.80000305175781,72.30000305175781,55.56388854980469,22780
2015-11-19,72.4000015258789,72.69999694824219,70.69999694824219,70.80000305175781,54.41111373901367,12020
2015-11-20,71.19999694824219,73.80000305175781,70.80000305175781,72.30000305175781,55.56388854980469,42610
2015-11-23,72.0999984741211,73.80000305175781,71.80000305175781,73.0,56.10185241699219,30530
2015-11-24,73.0,73.69999694824219,72.30000305175781,72.5,55.71759033203125,24200
2015-11-25,72.19999694824219,73.5,70.30000305175781,72.5,55.71759033203125,23180
2015-11-27,72.80000305175781,73.5999984741211,72.0999984741211,73.0,56.10185241699219,10070
2015-11-30,73.5,73.5999984741211,72.30000305175781,72.5,55.71759033203125,24300
2015-12-01,72.4000015258789,81.0,72.4000015258789,80.9000015258789,62.17314910888672,113660
2015-12-02,80.80000305175781,82.5,75.19999694824219,76.9000015258789,59.09907531738281,52710
2015-12-03,77.0,80.9000015258789,76.9000015258789,78.19999694824219,60.09814453125,35580
2015-12-04,77.80000305175781,85.19999694824219,77.80000305175781,84.0,64.55555725097656,40180
2015-12-07,84.4000015258789,84.4000015258789,78.30000305175781,79.0,60.71296310424805,39550
2015-12-08,78.0999984741211,79.4000015258789,71.69999694824219,74.30000305175781,57.100929260253906,87510
2015-12-09,76.19999694824219,81.5999984741211,69.80000305175781,71.0999984741211,54.641666412353516,79710
2015-12-10,71.19999694824219,71.69999694824219,67.5,70.69999694824219,54.33425521850586,38570
2015-12-11,69.5,70.5999984741211,68.0,68.19999694824219,52.412960052490234,21330
2015-12-14,67.5,68.5999984741211,66.19999694824219,67.0999984741211,51.567588806152344,24960
2015-12-15,67.4000015258789,68.80000305175781,66.69999694824219,67.9000015258789,52.18240737915039,21030
2015-12-16,68.30000305175781,69.0999984741211,66.5,68.9000015258789,52.950927734375,14170
2015-12-17,69.0999984741211,70.5,66.80000305175781,66.80000305175781,51.337039947509766,16980
2015-12-18,66.5999984741211,67.19999694824219,65.30000305175781,65.5999984741211,50.41481399536133,38360
2015-12-21,66.4000015258789,67.9000015258789,65.0999984741211,65.69999694824219,50.49166488647461,16950
2015-12-22,66.0,66.30000305175781,62.5,62.599998474121094,48.109256744384766,25150
2015-12-23,63.20000076293945,63.599998474121094,59.400001525878906,59.900001525878906,46.03425979614258,46380
2015-12-24,60.29999923706055,63.599998474121094,60.20000076293945,63.099998474121094,48.49351501464844,15520
2015-12-28,62.400001525878906,63.70000076293945,58.099998474121094,59.5,45.72685241699219,55710
2015-12-29,60.099998474121094,64.0999984741211,60.0,63.599998474121094,48.877777099609375,40900
2015-12-30,64.30000305175781,64.30000305175781,62.099998474121094,62.400001525878906,47.9555549621582,25990
2015-12-31,62.29999923706055,62.5,60.79999923706055,61.29999923706055,47.11018371582031,23310
2016-01-04,60.5,61.5,60.0,60.0,46.11111068725586,33090
2016-01-05,60.20000076293945,60.79999923706055,58.29999923706055,59.70000076293945,45.88055419921875,24530
2016-01-06,57.70000076293945,60.099998474121094,57.5,58.5,44.95833206176758,32300
2016-01-07,57.5,59.29999923706055,57.400001525878906,57.79999923706055,44.42036819458008,19960
2016-01-08,58.29999923706055,58.599998474121094,55.599998474121094,55.79999923706055,42.883331298828125,23890
2016-01-11,55.5,56.900001525878906,55.20000076293945,56.099998474121094,43.113887786865234,13300
2016-01-12,56.5,57.0,55.099998474121094,56.099998474121094,43.113887786865234,13500
2016-01-13,56.5,56.900001525878906,54.5,54.70000076293945,42.0379638671875,26570
2016-01-14,55.400001525878906,58.20000076293945,54.099998474121094,56.79999923706055,43.651851654052734,17880
2016-01-15,55.5,56.70000076293945,54.20000076293945,56.599998474121094,43.498146057128906,27320
2016-01-19,56.29999923706055,58.599998474121094,55.5,56.0,43.03703689575195,22540
2016-01-20,55.0,57.900001525878906,54.0,57.0,43.8055534362793,31550
2016-01-21,57.20000076293945,57.29999923706055,54.70000076293945,54.79999923706055,42.11481475830078,18620
2016-01-22,55.70000076293945,59.0,55.70000076293945,58.400001525878906,44.8814811706543,22130
2016-01-25,56.599998474121094,58.900001525878906,56.400001525878906,57.70000076293945,44.3435173034668,15740
2016-01-26,57.79999923706055,58.70000076293945,56.79999923706055,58.0,44.574073791503906,10350
2016-01-27,57.5,59.20000076293945,56.900001525878906,57.5,44.189815521240234,13650
2016-01-28,57.900001525878906,58.79999923706055,56.70000076293945,58.099998474121094,44.65092468261719,13080
2016-01-29,58.20000076293945,60.599998474121094,56.79999923706055,60.599998474121094,46.57221984863281,24770
2016-02-01,59.79999923706055,60.099998474121094,57.900001525878906,59.70000076293945,45.88055419921875,15670
2016-02-02,59.099998474121094,59.20000076293945,57.599998474121094,57.900001525878906,44.497222900390625,9620
2016-02-03,58.70000076293945,59.5,57.29999923706055,58.70000076293945,45.112037658691406,24190
2016-02-04,58.79999923706055,60.0,58.0,59.20000076293945,45.49629592895508,21570
2016-02-05,56.900001525878906,57.099998474121094,51.099998474121094,52.70000076293945,40.50092697143555,46930
2016-02-08,52.400001525878906,52.400001525878906,50.900001525878906,51.79999923706055,39.80925750732422,24990
2016-02-09,51.099998474121094,52.20000076293945,50.5,50.79999923706055,39.040740966796875,25540
2016-02-10,52.599998474121094,54.099998474121094,50.29999923706055,50.400001525878906,38.733333587646484,25830
2016-02-11,50.29999923706055,51.0,49.599998474121094,50.29999923706055,38.65647888183594,28420
2016-02-12,50.5,51.29999923706055,49.599998474121094,50.70000076293945,38.963890075683594,19370
2016-02-16,51.20000076293945,52.29999923706055,50.70000076293945,51.0,39.19444274902344,26780
2016-02-17,50.79999923706055,52.400001525878906,50.79999923706055,52.099998474121094,40.03981399536133,19720
2016-02-18,52.70000076293945,55.70000076293945,52.29999923706055,54.70000076293945,42.0379638671875,19180
2016-02-19,54.400001525878906,55.70000076293945,53.70000076293945,53.79999923706055,41.34629440307617,12760
2016-02-22,54.20000076293945,54.70000076293945,53.5,53.70000076293945,41.26944351196289,15030
2016-02-23,53.599998474121094,55.29999923706055,52.70000076293945,53.400001525878906,41.03889083862305,15500
2016-02-24,53.099998474121094,55.099998474121094,52.29999923706055,54.599998474121094,41.96110916137695,12840
2016-02-25,54.599998474121094,55.70000076293945,53.79999923706055,54.900001525878906,42.19166564941406,9430
2016-02-26,55.29999923706055,56.599998474121094,54.29999923706055,55.099998474121094,42.345367431640625,15470
2016-02-29,55.099998474121094,56.099998474121094,53.099998474121094,53.29999923706055,40.9620361328125,15850
2016-03-01,53.5,55.20000076293945,53.400001525878906,55.0,42.268516540527344,17500
2016-03-02,55.0,55.79999923706055,53.599998474121094,54.5,41.88425827026367,20040
2016-03-03,54.599998474121094,55.70000076293945,54.0,54.400001525878906,41.80740737915039,27790
2016-03-04,54.599998474121094,55.29999923706055,54.20000076293945,54.5,41.88425827026367,17390
2016-03-07,54.5,55.70000076293945,54.29999923706055,54.400001525878906,41.80740737915039,13560
2016-03-08,55.5,56.0,53.900001525878906,54.20000076293945,41.65370559692383,18850
2016-03-09,54.599998474121094,54.900001525878906,53.400001525878906,53.599998474121094,41.19259262084961,11880
2016-03-10,53.0,54.5,52.099998474121094,52.400001525878906,40.27037048339844,15680
2016-03-11,52.79999923706055,53.400001525878906,52.599998474121094,53.29999923706055,40.9620361328125,7390
2016-03-14,53.0,53.29999923706055,51.0,51.29999923706055,39.42499923706055,20280
2016-03-15,51.0,52.0,50.20000076293945,50.900001525878906,39.117591857910156,13840
2016-03-16,50.900001525878906,51.400001525878906,50.400001525878906,50.79999923706055,39.040740966796875,10070
2016-03-17,50.5,52.20000076293945,50.5,52.0,39.96296310424805,10730
2016-03-18,52.29999923706055,52.900001525878906,51.400001525878906,51.5,39.578704833984375,23880
2016-03-21,51.5,52.099998474121094,50.599998474121094,50.900001525878906,39.117591857910156,14870
2016-03-22,50.599998474121094,52.5,50.599998474121094,52.20000076293945,40.11666488647461,33550
2016-03-23,52.0,52.0,50.29999923706055,50.29999923706055,38.65647888183594,71420
2016-03-24,50.29999923706055,51.20000076293945,49.79999923706055,50.79999923706055,39.040740966796875,71440
2016-03-28,51.20000076293945,52.79999923706055,49.79999923706055,49.900001525878906,38.34907531738281,107800
2016-03-29,49.900001525878906,51.0,49.70000076293945,50.0,38.425926208496094,95160
2016-03-30,50.400001525878906,51.20000076293945,49.599998474121094,49.900001525878906,38.34907531738281,58980
2016-03-31,50.20000076293945,51.70000076293945,49.900001525878906,50.0,38.425926208496094,46320
2016-04-01,49.70000076293945,50.20000076293945,49.5,50.0,38.425926208496094,28880
2016-04-04,50.20000076293945,54.0,49.5,52.900001525878906,40.65462875366211,158470
2016-04-05,52.5,53.400001525878906,50.900001525878906,51.70000076293945,39.73240661621094,33690
2016-04-06,51.400001525878906,52.5,51.0,51.79999923706055,39.80925750732422,19950
2016-04-07,52.5,52.599998474121094,50.0,50.5,38.810184478759766,30800
2016-04-08,50.900001525878906,50.900001525878906,49.79999923706055,50.20000076293945,38.579627990722656,18670
2016-04-11,50.5,52.70000076293945,50.20000076293945,51.20000076293945,39.348148345947266,14110
2016-04-12,51.0,51.400001525878906,50.5,50.79999923706055,39.040740966796875,9510
2016-04-13,60.0,61.29999923706055,57.099998474121094,60.79999923706055,46.72592544555664,187270
2016-04-14,61.0,61.5,58.70000076293945,59.70000076293945,45.88055419921875,55640
2016-04-15,59.70000076293945,59.70000076293945,57.900001525878906,58.20000076293945,44.727779388427734,26990
2016-04-18,57.70000076293945,58.400001525878906,56.29999923706055,56.400001525878906,43.344444274902344,25600
2016-04-19,56.5,58.099998474121094,55.5,57.79999923706055,44.42036819458008,23680
2016-04-20,58.0,58.70000076293945,57.5,58.599998474121094,45.03518295288086,31380
2016-04-21,58.599998474121094,58.599998474121094,57.5,58.29999923706055,44.804630279541016,33620
2016-04-22,58.0,58.70000076293945,57.29999923706055,58.099998474121094,44.65092468261719,17520
2016-04-25,57.70000076293945,59.099998474121094,57.400001525878906,57.599998474121094,44.266666412353516,23640
2016-04-26,57.79999923706055,58.20000076293945,57.0,57.79999923706055,44.42036819458008,15930
2016-04-27,57.5,58.70000076293945,57.0,58.29999923706055,44.804630279541016,11980
2016-04-28,58.099998474121094,58.900001525878906,57.099998474121094,57.400001525878906,44.11296463012695,19650
2016-04-29,57.29999923706055,57.70000076293945,56.79999923706055,57.0,43.8055534362793,24090
2016-05-02,57.599998474121094,58.29999923706055,56.5,57.70000076293945,44.3435173034668,14770
2016-05-03,57.5,57.900001525878906,56.900001525878906,57.099998474121094,43.88240432739258,19880
2016-05-04,57.099998474121094,57.79999923706055,56.5,56.79999923706055,43.651851654052734,19790
2016-05-05,57.0,58.599998474121094,56.79999923706055,57.70000076293945,44.3435173034668,22780
2016-05-06,55.0,56.599998474121094,52.5,56.20000076293945,43.19074249267578,63380
2016-05-09,55.79999923706055,56.0,54.70000076293945,55.400001525878906,42.575927734375,26490
2016-05-10,55.29999923706055,55.79999923706055,54.599998474121094,55.70000076293945,42.806480407714844,32180
2016-05-11,55.5,56.70000076293945,55.099998474121094,55.70000076293945,42.806480407714844,29120
2016-05-12,55.79999923706055,55.79999923706055,53.900001525878906,54.29999923706055,41.730552673339844,31880
2016-05-13,54.0,54.79999923706055,53.099998474121094,53.20000076293945,40.88518524169922,28330
2016-05-16,53.20000076293945,54.20000076293945,52.70000076293945,53.599998474121094,41.19259262084961,23420
2016-05-17,53.599998474121094,53.79999923706055,52.29999923706055,52.400001525878906,40.27037048339844,24850
2016-05-18,52.400001525878906,53.5,52.29999923706055,52.599998474121094,40.424072265625,19340
2016-05-19,52.599998474121094,52.900001525878906,52.0,52.20000076293945,40.11666488647461,15500
2016-05-20,52.29999923706055,53.099998474121094,52.099998474121094,52.900001525878906,40.65462875366211,9990
2016-05-23,52.900001525878906,53.70000076293945,52.0,52.79999923706055,40.57777786254883,14420
2016-05-24,52.900001525878906,55.099998474121094,52.900001525878906,54.5,41.88425827026367,13650
2016-05-25,54.79999923706055,55.099998474121094,52.400001525878906,54.5,41.88425827026367,18370
2016-05-26,54.5,55.599998474121094,53.099998474121094,55.29999923706055,42.49907302856445,30930
2016-05-27,55.29999923706055,56.70000076293945,55.29999923706055,56.5,43.421295166015625,25920
2016-05-31,56.900001525878906,57.900001525878906,56.099998474121094,56.599998474121094,43.498146057128906,21880
2016-06-01,56.400001525878906,57.099998474121094,55.29999923706055,55.400001525878906,42.575927734375,21290
2016-06-02,55.599998474121094,56.5,54.900001525878906,56.400001525878906,43.344444274902344,21800
2016-06-03,56.29999923706055,56.5,55.5,56.20000076293945,43.19074249267578,9650
2016-06-06,56.20000076293945,57.70000076293945,53.79999923706055,57.29999923706055,44.036109924316406,18790
2016-06-07,57.099998474121094,57.599998474121094,56.900001525878906,56.900001525878906,43.728702545166016,9830
2016-06-08,56.29999923706055,57.099998474121094,55.70000076293945,56.099998474121094,43.113887786865234,17450
2016-06-09,55.900001525878906,57.20000076293945,55.900001525878906,56.0,43.03703689575195,14380
2016-06-10,55.400001525878906,57.5,55.400001525878906,56.70000076293945,43.57500076293945,18740
2016-06-13,56.400001525878906,57.599998474121094,56.20000076293945,57.099998474121094,43.88240432739258,21490
2016-06-14,57.099998474121094,57.900001525878906,57.0,57.599998474121094,44.266666412353516,14810
2016-06-15,57.599998474121094,59.5,57.599998474121094,58.400001525878906,44.8814811706543,20860
2016-06-16,58.5,61.400001525878906,57.599998474121094,61.099998474121094,46.956478118896484,30850
2016-06-17,61.099998474121094,61.099998474121094,60.0,60.0,46.11111068725586,27210
2016-06-20,60.5,61.900001525878906,60.29999923706055,61.5,47.26388931274414,35930
2016-06-21,61.70000076293945,61.900001525878906,61.0,61.5,47.26388931274414,15700
2016-06-22,61.599998474121094,62.5,60.900001525878906,61.099998474121094,46.956478118896484,26100
2016-06-23,61.29999923706055,62.0,60.900001525878906,61.29999923706055,47.11018371582031,36030
2016-06-24,58.900001525878906,60.5,56.79999923706055,59.599998474121094,45.80370330810547,94530
2016-06-27,59.29999923706055,59.79999923706055,58.79999923706055,58.900001525878906,45.26573944091797,35450
2016-06-28,59.29999923706055,60.20000076293945,59.20000076293945,59.70000076293945,45.88055419921875,18930
2016-06-29,60.5,60.70000076293945,59.70000076293945,60.0,46.11111068725586,22950
2016-06-30,59.79999923706055,60.29999923706055,58.70000076293945,59.400001525878906,45.650001525878906,15460
2016-07-01,59.099998474121094,60.0,58.20000076293945,58.20000076293945,44.727779388427734,18190
2016-07-05,57.70000076293945,58.29999923706055,57.400001525878906,57.70000076293945,44.3435173034668,9910
2016-07-06,57.29999923706055,58.0,56.79999923706055,57.0,43.8055534362793,15570
2016-07-07,63.0,64.0999984741211,61.20000076293945,61.79999923706055,47.494441986083984,122240
2016-07-08,63.29999923706055,63.29999923706055,61.70000076293945,63.099998474121094,48.49351501464844,42320
2016-07-11,63.79999923706055,64.19999694824219,62.900001525878906,63.599998474121094,48.877777099609375,49820
2016-07-12,63.79999923706055,65.30000305175781,62.79999923706055,64.0999984741211,49.26203536987305,57950
2016-07-13,64.5,64.9000015258789,63.5,64.69999694824219,49.72314453125,40020
2016-07-14,63.599998474121094,66.19999694824219,63.599998474121094,64.9000015258789,49.876853942871094,26100
2016-07-15,65.19999694824219,66.19999694824219,65.0,65.19999694824219,50.10740280151367,31150
2016-07-18,65.0,67.0999984741211,64.9000015258789,66.69999694824219,51.26018142700195,46420
2016-07-19,66.5,66.80000305175781,64.19999694824219,64.69999694824219,49.72314453125,23420
2016-07-20,65.0,65.4000015258789,64.4000015258789,64.5999984741211,49.64629364013672,20430
2016-07-21,64.5999984741211,66.19999694824219,64.19999694824219,65.0999984741211,50.03055191040039,30730
2016-07-22,65.0,65.5,63.599998474121094,64.4000015258789,49.492591857910156,21870
2016-07-25,64.4000015258789,64.9000015258789,63.5,63.900001525878906,49.108333587646484,16160
2016-07-26,63.79999923706055,65.0,63.79999923706055,64.30000305175781,49.415740966796875,11540
2016-07-27,64.69999694824219,65.0999984741211,63.599998474121094,64.19999694824219,49.33888626098633,14740
2016-07-28,64.0999984741211,64.9000015258789,63.599998474121094,64.69999694824219,49.72314453125,22460
2016-07-29,64.9000015258789,65.19999694824219,63.599998474121094,64.80000305175781,49.80000305175781,43400
2016-08-01,50.0,54.29999923706055,49.29999923706055,51.0,51.0,70010
2016-08-02,50.599998474121094,51.5,49.20000076293945,49.79999923706055,49.79999923706055,44550
2016-08-03,49.900001525878906,51.29999923706055,49.5,50.900001525878906,50.900001525878906,25500
2016-08-04,51.400001525878906,53.0,50.599998474121094,52.599998474121094,52.599998474121094,45480
2016-08-05,52.0,52.0,49.0,49.29999923706055,49.29999923706055,63180
2016-08-08,49.5,51.29999923706055,49.20000076293945,50.400001525878906,50.400001525878906,52340
2016-08-09,49.900001525878906,52.0,49.599998474121094,51.400001525878906,51.400001525878906,29140
2016-08-10,51.599998474121094,51.599998474121094,50.29999923706055,50.5,50.5,13680
2016-08-11,50.599998474121094,50.900001525878906,50.0,50.599998474121094,50.599998474121094,16840
2016-08-12,50.79999923706055,53.0,50.70000076293945,52.400001525878906,52.400001525878906,93070
2016-08-15,52.20000076293945,53.70000076293945,51.5,51.70000076293945,51.70000076293945,52700
2016-08-16,51.5,52.099998474121094,51.0,51.5,51.5,34960
2016-08-17,51.20000076293945,51.900001525878906,50.5,51.099998474121094,51.099998474121094,23590
2016-08-18,51.20000076293945,51.5,50.70000076293945,51.20000076293945,51.20000076293945,14680
2016-08-19,51.0,51.400001525878906,50.5,50.900001525878906,50.900001525878906,17530
2016-08-22,50.79999923706055,50.79999923706055,50.0,50.400001525878906,50.400001525878906,18280
2016-08-23,50.099998474121094,51.099998474121094,50.099998474121094,50.70000076293945,50.70000076293945,20820
2016-08-24,50.20000076293945,50.70000076293945,49.79999923706055,50.099998474121094,50.099998474121094,19350
2016-08-25,50.20000076293945,50.20000076293945,49.79999923706055,50.0,50.0,20940
2016-08-26,49.79999923706055,50.400001525878906,49.29999923706055,49.70000076293945,49.70000076293945,12660
2016-08-29,49.900001525878906,51.0,49.400001525878906,50.5,50.5,27020
2016-08-30,50.79999923706055,51.0,50.0,50.0,50.0,16450
2016-08-31,50.0,50.29999923706055,49.29999923706055,49.599998474121094,49.599998474121094,22040
2016-09-01,49.29999923706055,50.79999923706055,49.29999923706055,49.79999923706055,49.79999923706055,13130
2016-09-02,50.099998474121094,50.900001525878906,49.70000076293945,50.79999923706055,50.79999923706055,44370
2016-09-06,50.5,52.0,50.400001525878906,50.70000076293945,50.70000076293945,37580
2016-09-07,50.79999923706055,51.70000076293945,50.70000076293945,50.900001525878906,50.900001525878906,43880
2016-09-08,51.0,51.5,50.400001525878906,51.0,51.0,36960
2016-09-09,51.0,51.400001525878906,50.20000076293945,50.599998474121094,50.599998474121094,36710
2016-09-12,50.099998474121094,51.5,49.900001525878906,51.20000076293945,51.20000076293945,30510
2016-09-13,50.900001525878906,51.79999923706055,50.099998474121094,50.70000076293945,50.70000076293945,18930
2016-09-14,51.099998474121094,51.099998474121094,50.20000076293945,50.599998474121094,50.599998474121094,22950
2016-09-15,50.5,51.900001525878906,50.400001525878906,51.70000076293945,51.70000076293945,54310
2016-09-16,51.599998474121094,52.0,50.79999923706055,51.20000076293945,51.20000076293945,49820
2016-09-19,51.0,51.400001525878906,50.5,51.20000076293945,51.20000076293945,16890
2016-09-20,51.599998474121094,51.70000076293945,51.0,51.400001525878906,51.400001525878906,28040
2016-09-21,51.400001525878906,52.400001525878906,51.29999923706055,52.20000076293945,52.20000076293945,36470
2016-09-22,52.400001525878906,53.79999923706055,51.900001525878906,52.900001525878906,52.900001525878906,75520
2016-09-23,53.0,53.70000076293945,52.29999923706055,52.29999923706055,52.29999923706055,13110
2016-09-26,52.0,54.400001525878906,52.0,53.900001525878906,53.900001525878906,27520
2016-09-27,53.70000076293945,54.599998474121094,52.599998474121094,53.70000076293945,53.70000076293945,26390
2016-09-28,54.0,56.20000076293945,53.20000076293945,55.0,55.0,24760
2016-09-29,55.0,56.0,54.400001525878906,55.20000076293945,55.20000076293945,25830
2016-09-30,55.400001525878906,57.0,54.70000076293945,57.0,57.0,41040
2016-10-03,57.29999923706055,57.29999923706055,55.20000076293945,55.70000076293945,55.70000076293945,14240
2016-10-04,55.900001525878906,56.79999923706055,55.599998474121094,56.099998474121094,56.099998474121094,18100
2016-10-05,56.099998474121094,57.29999923706055,56.0,56.79999923706055,56.79999923706055,23000
2016-10-06,56.70000076293945,57.0,54.599998474121094,56.20000076293945,56.20000076293945,10470
2016-10-07,56.400001525878906,56.5,55.5,55.900001525878906,55.900001525878906,10530
2016-10-10,56.0,56.5,55.5,55.5,55.5,4060
2016-10-11,55.0,55.5,52.0,53.0,53.0,20990
2016-10-12,54.0,54.5,52.0,54.0,54.0,12900
2016-10-13,53.5,54.5,52.0,53.5,53.5,14150
2016-10-14,54.0,55.0,53.0,54.0,54.0,18710
2016-10-17,54.5,54.5,52.0,52.5,52.5,10070
2016-10-18,52.0,55.5,51.5,55.0,55.0,17680
2016-10-19,55.5,55.5,53.599998474121094,55.0,55.0,9960
2016-10-20,57.0,59.0,56.5,58.5,58.5,39610
2016-10-21,58.0,62.0,56.5,61.5,61.5,52420
2016-10-24,62.5,62.5,60.0,62.0,62.0,30700
2016-10-25,62.0,65.5,61.0,65.5,65.5,52340
2016-10-26,64.5,65.5,64.0,64.5,64.5,19920
2016-10-27,64.5,66.0,63.5,65.5,65.5,58530
2016-10-28,65.5,65.5,63.0,64.5,64.5,49140
2016-10-31,64.5,65.5,64.0,65.5,65.5,35950
2016-11-01,65.0,65.0,63.5,65.0,65.0,38120
2016-11-02,64.5,64.5,62.0,62.0,62.0,26080
2016-11-03,62.0,63.5,59.79999923706055,60.0,60.0,30960
2016-11-04,59.5,62.0,59.5,61.5,61.5,35970
2016-11-07,62.5,63.5,61.5,62.5,62.5,22770
2016-11-08,62.5,63.5,62.5,63.5,63.5,11140
2016-11-09,62.5,66.30000305175781,61.5,65.5,65.5,37650
2016-11-10,65.5,67.0,65.0,65.5,65.5,24360
2016-11-11,65.0,67.0,64.5,66.5,66.5,27060
2016-11-14,67.0,67.80000305175781,65.5,66.0,66.0,21730
2016-11-15,66.5,67.0,66.0,66.5,66.5,17040
2016-11-16,67.0,67.5,64.0,66.5,66.5,23950
2016-11-17,66.5,66.5,65.5,66.0,66.0,10940
2016-11-18,66.0,67.0,65.0999984741211,67.0,67.0,25780
2016-11-21,67.0,67.5,65.5,67.0,67.0,11610
2016-11-22,67.5,68.0,67.0,67.5,67.5,19290
2016-11-23,68.0,68.0,66.5,68.0,68.0,20310
2016-11-25,68.0,68.5,67.5,68.0,68.0,9450
2016-11-28,67.5,68.5,65.5,66.0,66.0,15760
2016-11-29,66.5,67.5,66.0,67.0,67.0,12880
2016-11-30,68.0,68.0,63.5,64.0,64.0,20060
2016-12-01,64.5,64.5,61.0,62.5,62.5,21250
2016-12-02,62.0,63.5,61.5,62.0,62.0,16620
2016-12-05,62.5,66.0,62.0,66.0,66.0,20770
2016-12-06,66.0,66.5,63.0,64.5,64.5,33450
2016-12-07,78.5,87.0,76.5,84.5,84.5,320850
2016-12-08,84.5,87.5,83.0,86.0,86.0,116040
2016-12-09,86.0,89.4000015258789,84.5,86.5,86.5,70710
2016-12-12,86.5,88.0,84.5,86.5,86.5,26860
2016-12-13,87.5,89.0,83.5999984741211,87.5,87.5,29070
2016-12-14,87.5,92.5,87.0,89.5,89.5,95140
2016-12-15,90.5,95.0,88.19999694824219,89.5,89.5,81110
2016-12-16,91.5,93.5,87.5,88.5,88.5,47370
2016-12-19,89.0,91.0,88.5,89.0,89.0,23610
2016-12-20,89.5,90.0,87.5,89.0,89.0,23670
2016-12-21,88.5,89.0,85.5,88.0,88.0,16910
2016-12-22,87.5,87.5,83.5,86.0,86.0,32910
2016-12-23,85.5,90.0,84.5,87.5,87.5,23680
2016-12-27,89.0,91.0,86.0,88.0,88.0,27410
2016-12-28,89.0,89.5,86.5,86.5,86.5,10980
2016-12-29,86.5,89.0,85.5,86.5,86.5,19180
2016-12-30,87.0,89.0,85.5,87.0,87.0,17930
2017-01-03,88.5,88.5,84.0,84.5,84.5,29860
2017-01-04,84.0,85.9000015258789,83.0,85.0,85.0,32830
2017-01-05,85.0,85.5,83.0,83.0,83.0,27800
2017-01-06,81.5,85.0,81.5,83.0,83.0,37610
2017-01-09,83.0,87.5,82.5,86.0,86.0,43940
2017-01-10,86.5,94.0,85.5,93.5,93.5,118360
2017-01-11,94.0,94.0999984741211,89.80000305175781,90.5,90.5,35970
2017-01-12,91.0,94.0,88.5,93.5,93.5,86060
2017-01-13,94.0,95.0,91.0,93.5,93.5,48180
2017-01-17,94.0,94.0,90.0,90.0,90.0,28780
2017-01-18,90.5,91.0,89.5,90.5,90.5,27680
2017-01-19,90.0,91.5,86.5,87.0,87.0,46180
2017-01-20,87.0,90.0,86.5,87.5,87.5,26880
2017-01-23,87.5,91.0,86.0,91.0,91.0,59080
2017-01-24,91.0,94.0,90.0,92.5,92.5,62670
2017-01-25,93.5,94.5,91.5,93.0,93.0,40310
2017-01-26,92.5,93.5,92.0,92.0,92.0,22970
2017-01-27,93.0,93.0,89.5,90.5,90.5,18980
2017-01-30,90.5,91.0,88.0,89.0,89.0,23280
2017-01-31,88.5,92.0,87.5,90.0,90.0,44160
2017-02-01,90.5,92.0,86.5,88.5,88.5,46730
2017-02-02,87.5,92.0,86.19999694824219,91.5,91.5,58540
2017-02-03,91.5,92.5,90.0,92.0,92.0,28840
2017-02-06,93.0,97.80000305175781,92.5,95.0,95.0,77510
2017-02-07,96.5,96.9000015258789,93.5,94.5,94.5,53240
2017-02-08,95.0,99.5,86.0,92.0,92.0,191430
2017-02-09,92.0,93.0,89.5,90.0,90.0,47060
2017-02-10,91.0,92.5,89.80000305175781,92.0,92.0,36540
2017-02-13,92.5,98.0,91.5,97.5,97.5,63430
2017-02-14,97.5,104.0,96.0,102.5,102.5,100130
2017-02-15,102.5,103.5,102.0,103.5,103.5,67600
2017-02-16,103.5,103.5,100.0,102.0,102.0,34580
2017-02-17,100.0,102.0,98.5,101.5,101.5,40960
2017-02-21,102.0,105.0,100.0,101.5,101.5,35860
2017-02-22,101.5,101.5,97.30000305175781,98.0,98.0,35990
2017-02-23,97.5,99.5,93.5,95.0,95.0,56930
2017-02-24,94.5,96.0,93.0,94.0,94.0,33040
2017-02-27,94.5,95.0,91.5,93.5,93.5,34680
2017-02-28,94.0,94.5,86.0,89.5,89.5,70660
2017-03-01,91.0,95.0,90.5,94.0,94.0,40980
2017-03-02,94.5,97.0,89.5,92.0,92.0,48160
2017-03-03,91.5,93.5,89.5,93.0,93.0,22780
2017-03-06,94.0,94.0,90.0,91.0,91.0,19500
2017-03-07,91.5,93.0,91.0,92.5,92.5,17480
2017-03-08,92.5,93.0,90.0,91.0,91.0,23830
2017-03-09,90.5,93.19999694824219,90.5,92.5,92.5,28210
2017-03-10,92.0,92.0,88.0,89.5,89.5,46370
2017-03-13,89.0,90.5,87.5,89.0,89.0,29500
2017-03-14,88.5,88.5,87.30000305175781,88.0,88.0,28710
2017-03-15,88.0,91.0,87.0,90.0,90.0,32310
2017-03-16,90.5,90.5,89.0,89.5,89.5,48020
2017-03-17,88.5,90.0,87.0,89.0,89.0,31940
2017-03-20,89.0,89.0,86.5,87.0,87.0,27890
2017-03-21,88.0,89.0,83.5,85.5,85.5,53350
2017-03-22,86.0,87.30000305175781,83.5,86.5,86.5,36060
2017-03-23,87.0,88.5,86.0,88.0,88.0,37830
2017-03-24,88.0,89.0,84.5,86.0,86.0,31210
2017-03-27,85.5,87.5,83.5,87.5,87.5,34470
2017-03-28,85.0,87.5,83.5,87.0,87.0,14200
2017-03-29,86.5,88.0,84.0,84.5,84.5,21080
2017-03-30,84.5,86.80000305175781,83.5,86.0,86.0,35170
2017-03-31,86.0,90.0,85.5,90.0,90.0,42620
2017-04-03,89.5,90.0999984741211,83.5,84.5,84.5,92650
2017-04-04,84.0,85.69999694824219,84.0,85.0,85.0,40400
2017-04-05,85.0,86.30000305175781,83.5,84.0,84.0,39750
2017-04-06,84.0,86.0,82.69999694824219,85.5,85.5,28250
2017-04-07,85.0,86.5,84.0,86.5,86.5,29730
2017-04-10,86.0,86.5,84.5,85.0,85.0,41200
2017-04-11,85.0,85.5,84.0,85.0,85.0,28300
2017-04-12,85.0,85.0,81.0,82.5,82.5,54490
2017-04-13,83.5,86.0,81.5,85.0,85.0,49050
2017-04-17,85.0,86.0,84.0,86.0,86.0,12980
2017-04-18,85.5,89.5,83.5,87.5,87.5,42690
2017-04-19,88.0,89.5,85.0,87.5,87.5,33290
2017-04-20,87.5,89.0,87.0,88.5,88.5,19820
2017-04-21,89.0,89.5,88.0,88.5,88.5,22520
2017-04-24,89.5,91.0,89.0,90.0,90.0,47390
2017-04-25,90.5,92.5,88.5,89.0,89.0,49810
2017-04-26,88.5,91.5,88.5,90.0,90.0,26250
2017-04-27,90.5,92.0,90.0,91.5,91.5,20120
2017-04-28,91.5,92.5,89.5,90.0,90.0,27600
2017-05-01,90.0,92.5,89.5,92.5,92.5,19470
2017-05-02,92.5,92.5,89.0,89.0,89.0,36740
2017-05-03,89.0,89.5,83.0,84.5,84.5,83160
2017-05-04,90.0,99.0,89.5,96.5,96.5,117070
2017-05-05,97.0,99.0,95.5,98.5,98.5,69810
2017-05-08,98.5,103.5,98.0,102.5,102.5,58940
2017-05-09,102.5,106.5,101.0,106.5,106.5,64060
2017-05-10,106.5,107.5999984741211,103.5,106.5,106.5,37360
2017-05-11,106.0,108.5,103.9000015258789,107.0,107.0,30640
2017-05-12,106.5,108.0,105.0,106.5,106.5,22090
2017-05-15,107.0,109.80000305175781,107.0,109.5,109.5,27790
2017-05-16,110.0,110.0,107.0,109.0,109.0,29490
2017-05-17,107.5,108.0,102.5,103.0,103.0,21520
2017-05-18,102.0,103.5,100.5,102.5,102.5,17140
2017-05-19,102.5,103.0,99.0,99.5,99.5,15930
2017-05-22,99.5,103.0,98.5,102.5,102.5,21000
2017-05-23,103.0,103.0,101.0,102.5,102.5,10990
2017-05-24,102.5,102.5,99.30000305175781,100.0,100.0,12170
2017-05-25,100.0,103.5,100.0,103.0,103.0,16570
2017-05-26,103.0,103.5,100.5,103.0,103.0,14980
2017-05-30,103.0,106.5,102.5,104.0,104.0,24390
2017-05-31,104.0,105.0,100.5,100.5,100.5,12120
2017-06-01,101.5,104.30000305175781,101.0,103.5,103.5,10930
2017-06-02,104.0,105.5,101.80000305175781,102.0,102.0,14350
2017-06-05,102.5,104.5,102.0,104.5,104.5,14850
2017-06-06,104.5,105.0,102.0,104.5,104.5,14690
2017-06-07,104.5,107.0,102.5,104.0,104.0,15880
2017-06-08,104.0,111.5,104.0,110.5,110.5,33340
2017-06-09,110.5,118.80000305175781,109.0,110.5,110.5,81810
2017-06-12,117.5,117.5,110.5,110.5,110.5,58680
2017-06-13,111.5,113.0,110.5,112.5,112.5,26940
2017-06-14,111.5,115.0,106.0,108.5,108.5,59480
2017-06-15,108.5,112.0,107.0999984741211,111.0,111.0,30700
2017-06-16,110.5,113.5,110.5,111.5,111.5,32580
2017-06-19,112.0,115.0,111.5,114.5,114.5,27960
2017-06-20,114.5,116.0,112.5,113.5,113.5,28990
2017-06-21,112.5,113.5,111.5,112.0,112.0,22330
2017-06-22,112.5,114.0,111.0,113.5,113.5,35210
2017-06-23,114.0,119.5,112.0,117.0,117.0,75730
2017-06-26,118.0,118.5,114.0,115.0,115.0,30980
2017-06-27,115.0,115.0,111.0,112.0,112.0,33660
2017-06-28,113.0,115.0,111.5,115.0,115.0,17930
2017-06-29,110.5,111.5,102.5,108.0,108.0,96080
2017-06-30,108.0,108.0,105.0,106.5,106.5,52550
2017-07-03,107.5,108.0,104.5,104.5,104.5,14890
2017-07-05,104.5,107.30000305175781,104.0,106.0,106.0,20490
2017-07-06,104.5,106.0,103.9000015258789,105.5,105.5,27770
2017-07-07,106.5,111.5,106.0,111.5,111.5,17750
2017-07-10,111.0,113.30000305175781,109.80000305175781,113.0,113.0,26420
2017-07-11,113.0,113.5,110.0,113.5,113.5,17490
2017-07-12,113.5,115.0,110.0,110.5,110.5,16000
2017-07-13,110.0,111.0,108.0,109.0,109.0,12730
2017-07-14,109.5,111.5,108.5,110.5,110.5,11180
2017-07-17,111.0,111.0,108.0,108.5,108.5,18180
2017-07-18,108.5,110.80000305175781,106.5,109.5,109.5,28250
2017-07-19,110.5,112.0,109.0,109.5,109.5,25470
2017-07-20,110.5,111.0,108.0,111.0,111.0,16350
2017-07-21,112.0,112.0,109.5,111.5,111.5,14050
2017-07-24,111.5,113.9000015258789,110.0,113.5,113.5,17760
2017-07-25,114.5,115.5,112.5,115.0,115.0,19660
2017-07-26,115.0,117.30000305175781,112.5,116.0,116.0,29630
2017-07-27,116.0,122.0,115.0,116.5,116.5,35220
2017-07-28,116.0,117.0999984741211,113.80000305175781,116.0,116.0,16630
2017-07-31,116.5,117.30000305175781,112.0,116.0,116.0,37310
2017-08-01,117.0,118.30000305175781,115.0,115.5,115.5,12700
2017-08-02,115.5,115.80000305175781,110.0999984741211,110.5,110.5,26090
2017-08-03,103.0,103.5,85.0,99.5,99.5,94070
2017-08-04,98.5,99.9000015258789,92.0,93.0,93.0,40250
2017-08-07,92.5,95.0,90.0,94.0,94.0,48190
2017-08-08,94.0,98.5,93.5,96.0,96.0,52030
2017-08-09,95.0,97.0,93.5,94.5,94.5,31020
2017-08-10,94.0,94.0,89.5,90.5,90.5,34170
2017-08-11,90.5,91.0,88.80000305175781,89.5,89.5,16820
2017-08-14,90.0,91.0,88.5,90.5,90.5,20270
2017-08-15,90.5,91.0,88.0,88.0,88.0,41050
2017-08-16,88.5,89.5,86.5,87.5,87.5,16790
2017-08-17,87.5,88.5,84.5,84.5,84.5,29680
2017-08-18,84.5,87.0,84.5,86.5,86.5,30540
2017-08-21,86.0,87.0,83.5,86.0,86.0,25750
2017-08-22,86.0,89.0,86.0,88.5,88.5,18840
2017-08-23,88.0,89.5,87.5,89.0,89.0,13870
2017-08-24,90.0,91.0,89.0,90.0,90.0,11180
2017-08-25,90.0,90.0,87.5,88.0,88.0,9870
2017-08-28,88.0,89.5,88.0,88.0,88.0,11340
2017-08-29,87.5,91.0,87.5,91.0,91.0,18600
2017-08-30,90.5,92.0,89.5,91.5,91.5,19450
2017-08-31,91.5,91.5,90.5,91.0,91.0,12190
2017-09-01,91.5,92.5,90.5,91.5,91.5,14110
2017-09-05,91.5,92.0,89.0,91.0,91.0,18920
2017-09-06,91.5,91.5,89.5,89.5,89.5,8950
2017-09-07,89.5,90.30000305175781,88.0,88.0,88.0,10450
2017-09-08,87.5,89.5,86.5,87.0,87.0,28600
2017-09-11,87.0,90.69999694824219,87.0,90.0,90.0,26800
2017-09-12,91.0,91.5,89.0,89.5,89.5,17480
2017-09-13,90.0,90.5,87.5,89.0,89.0,34560
2017-09-14,89.0,89.5,87.80000305175781,89.0,89.0,10290
2017-09-15,89.0,89.0,86.0,87.0,87.0,32890
2017-09-18,86.5,88.0,85.0,86.5,86.5,32270
2017-09-19,87.5,89.0,87.0,87.5,87.5,16710
2017-09-20,87.5,87.5,84.80000305175781,85.0,85.0,22910
2017-09-21,85.5,88.5,84.5,87.0,87.0,15740
2017-09-22,87.5,88.5,85.5,87.0,87.0,11770
2017-09-25,87.0,88.0,85.30000305175781,86.5,86.5,12250
2017-09-26,86.5,87.0,82.5,84.0,84.0,32610
2017-09-27,84.5,87.0,83.5,85.5,85.5,37410
2017-09-28,85.5,86.0,82.5,84.0,84.0,24880
2017-09-29,84.5,84.5,82.0,82.0,82.0,35560
2017-10-02,83.0,84.0,81.0,83.0,83.0,24070
2017-10-03,83.0,84.0,80.5,82.0,82.0,39330
2017-10-04,82.5,85.5,81.0,85.0,85.0,38350
2017-10-05,85.0,85.5,82.5,85.5,85.5,24650
2017-10-06,84.5,87.5,84.0,86.30000305175781,86.30000305175781,15150
2017-10-09,82.0,86.0,81.5,85.5,85.5,41120
2017-10-10,86.0,87.5,85.0,86.0,86.0,16420
2017-10-11,85.5,87.0,85.0,85.5,85.5,14510
2017-10-12,85.0,87.0,85.0,86.0,86.0,14260
2017-10-13,85.5,86.0,83.5,85.0,85.0,14120
2017-10-16,85.0,85.0,82.0,83.0,83.0,32750
2017-10-17,83.5,84.5,82.5,84.0,84.0,10810
2017-10-18,84.5,86.0,84.0,85.0,85.0,14610
2017-10-19,84.5,85.0,81.5,84.0,84.0,27210
2017-10-20,84.5,85.5,83.5,84.5,84.5,20560
2017-10-23,84.5,84.80000305175781,83.0,83.5,83.5,11630
2017-10-24,84.5,85.0,84.0,84.0,84.0,6950
2017-10-25,84.0,85.0,82.5,84.0,84.0,12200
2017-10-26,84.5,84.5,81.5,81.5,81.5,21590
2017-10-27,81.5,82.0,78.0,79.0,79.0,77260
2017-10-30,78.5,81.5,78.5,80.5,80.5,21580
2017-10-31,80.5,84.5,80.5,82.5,82.5,13320
2017-11-01,83.5,83.5,78.5,79.0,79.0,13460
2017-11-02,79.0,81.0,78.0,79.0,79.0,18480
2017-11-03,78.5,79.0,75.30000305175781,76.0,76.0,19190
2017-11-06,77.0,79.0,77.0,77.5,77.5,14720
2017-11-07,77.5,77.5,70.0,72.5,72.5,43720
2017-11-08,72.5,75.80000305175781,72.5,75.0,75.0,19100
2017-11-09,74.5,75.5,73.0,74.0,74.0,9050
2017-11-10,73.5,75.0,73.5,74.5,74.5,7190
2017-11-13,73.5,75.30000305175781,72.5,74.5,74.5,26440
2017-11-14,73.5,75.5,73.5,74.5,74.5,12440
2017-11-15,73.5,74.5,73.5,73.5,73.5,4190
2017-11-16,73.5,77.0,73.5,75.5,75.5,27170
2017-11-17,75.5,77.0,74.0,75.0,75.0,10830
2017-11-20,75.0,76.0,74.0,74.0,74.0,14950
2017-11-21,74.5,76.0,74.5,74.5,74.5,15800
2017-11-22,74.5,75.0,73.5,74.0,74.0,15380
2017-11-24,75.0,76.5,74.0,76.5,76.5,9720
2017-11-27,76.5,78.5,74.5,78.0,78.0,17540
2017-11-28,77.5,80.0,75.80000305175781,79.5,79.5,11960
2017-11-29,79.0,80.0,75.0,75.0,75.0,15450
2017-11-30,76.0,78.5,75.5,78.0,78.0,17580
2017-12-01,77.0,77.80000305175781,72.5,74.0,74.0,30670
2017-12-04,74.5,77.0,72.30000305175781,74.0,74.0,38120
2017-12-05,69.0,69.0,58.0,62.5,62.5,228410
2017-12-06,61.5,62.5,60.0,60.79999923706055,60.79999923706055,54030
2017-12-07,61.5,64.0,60.5,63.0,63.0,52930
2017-12-08,64.0,64.5,61.5,64.0,64.0,47080
2017-12-11,64.5,64.5,62.5,63.0,63.0,24690
2017-12-12,63.5,63.5,62.0,63.5,63.5,32740
2017-12-13,63.5,68.0,63.0,67.0,67.0,44970
2017-12-14,67.0,67.5,63.0,65.0,65.0,33260
2017-12-15,64.5,65.5,63.0,63.5,63.5,52500
2017-12-18,64.0,65.0,63.5,64.5,64.5,46610
2017-12-19,64.5,65.5,62.5,63.5,63.5,31930
2017-12-20,63.5,64.5,62.5,63.5,63.5,23450
2017-12-21,64.0,65.0,62.5,64.0,64.0,51540
2017-12-22,64.5,64.5,61.5,62.0,62.0,52870
2017-12-26,62.0,63.5,61.0,63.0,63.0,40090
2017-12-27,62.5,63.79999923706055,62.0,63.0,63.0,67760
2017-12-28,62.5,65.0,62.5,64.5,64.5,14930
2017-12-29,64.0,65.5,64.0,64.5,64.5,45930
2018-01-02,64.5,69.0,64.0,68.5,68.5,34330
2018-01-03,69.0,70.30000305175781,67.0,69.0,69.0,36140
2018-01-04,69.5,71.0,68.5,70.5,70.5,27220
2018-01-05,71.0,71.5,70.0,70.5,70.5,18590
2018-01-08,70.0,72.5,69.0,72.0,72.0,33860
2018-01-09,71.5,72.0,66.5,68.5,68.5,27600
2018-01-10,68.5,70.5,68.0,69.0,69.0,20650
2018-01-11,69.5,71.0,68.5,70.0,70.0,38130
2018-01-12,69.0,70.0,66.5,67.30000305175781,67.30000305175781,18950
2018-01-16,68.0,68.0,65.5,65.5,65.5,20820
2018-01-17,66.5,67.5,65.5,67.0,67.0,28310
2018-01-18,67.0,70.0,66.80000305175781,69.0,69.0,47080
2018-01-19,69.0,70.5,68.0,70.5,70.5,29530
2018-01-22,69.5,70.5,69.0,69.5,69.5,21260
2018-01-23,69.5,70.5,69.0,69.5,69.5,19570
2018-01-24,69.5,70.0,69.0,69.0,69.0,13200
2018-01-25,69.5,70.0,68.0,69.5,69.5,16090
2018-01-26,69.5,69.5,68.5,69.5,69.5,14220
2018-01-29,69.5,69.5,68.5,69.5,69.5,13460
2018-01-30,68.5,69.0,67.0,69.0,69.0,11360
2018-01-31,69.0,70.0,67.0,67.5,67.5,18230
2018-02-01,67.0,68.5,66.0,66.5,66.5,12520
2018-02-02,66.5,67.5,65.0999984741211,65.5,65.5,15930
2018-02-05,65.0,66.5,62.5,63.0,63.0,15430
2018-02-06,52.5,57.29999923706055,49.0,56.0,56.0,116120
2018-02-07,55.0,55.0,53.0,53.5,53.5,48650
2018-02-08,53.0,53.29999923706055,49.5,50.0,50.0,79630
2018-02-09,50.5,52.5,50.0,52.0,52.0,51570
2018-02-12,52.5,53.29999923706055,51.5,52.0,52.0,31550
2018-02-13,51.5,51.5,49.5,51.0,51.0,35230
2018-02-14,50.5,52.0,50.0,52.0,52.0,30840
2018-02-15,52.0,52.599998474121094,51.0,51.5,51.5,22830
2018-02-16,51.5,56.0,51.0,56.0,56.0,39280
2018-02-20,55.0,56.0,53.5,55.29999923706055,55.29999923706055,41920
2018-02-21,55.5,56.0,54.0,55.0,55.0,31700
2018-02-22,55.0,55.0,52.5,53.0,53.0,39700
2018-02-23,53.5,54.0,52.79999923706055,54.0,54.0,24840
2018-02-26,53.5,54.5,53.29999923706055,54.5,54.5,21630
2018-02-27,54.5,55.0,54.0,54.5,54.5,15240
2018-02-28,54.5,54.5,53.0,53.0,53.0,17130
2018-03-01,52.5,53.5,50.0,51.0,51.0,32620
2018-03-02,51.0,53.0,49.5,51.5,51.5,48990
2018-03-05,51.5,53.0,51.0,53.0,53.0,9600
2018-03-06,52.5,54.29999923706055,52.29999923706055,53.5,53.5,21470
2018-03-07,53.5,56.29999923706055,53.5,55.5,55.5,23740
2018-03-08,55.5,56.5,54.0,55.0,55.0,16250
2018-03-09,55.0,56.0,54.5,55.0,55.0,18040
2018-03-12,54.5,57.5,54.5,56.0,56.0,36920
2018-03-13,56.0,57.0,55.0,56.0,56.0,30230
2018-03-14,56.5,57.5,55.0,57.29999923706055,57.29999923706055,11520
2018-03-15,57.0,58.5,57.0,57.5,57.5,19130
2018-03-16,57.5,60.0,57.0,59.5,59.5,23300
2018-03-19,62.0,63.0,58.5,62.0,62.0,39520
2018-03-20,62.0,62.5,58.5,59.5,59.5,13660
2018-03-21,59.0,63.0,58.5,61.5,61.5,21280
2018-03-22,61.0,62.5,59.79999923706055,61.0,61.0,19710
2018-03-23,60.5,61.5,58.0,58.5,58.5,24960
2018-03-26,59.0,60.0,57.5,59.0,59.0,14890
2018-03-27,59.5,59.5,56.5,57.5,57.5,15780
2018-03-28,58.0,58.0,56.0,56.5,56.5,27220
2018-03-29,56.5,58.0,56.5,57.0,57.0,12070
2018-04-02,57.0,57.0,55.0,55.5,55.5,14890
2018-04-03,55.5,56.5,55.0,55.5,55.5,8660
2018-04-04,54.5,57.5,54.0,56.5,56.5,11570
2018-04-05,56.5,58.5,56.5,58.0,58.0,13260
2018-04-06,58.0,58.5,54.5,56.0,56.0,18570
2018-04-09,56.5,57.0,55.5,56.0,56.0,11430
2018-04-10,50.0,52.5,49.0,50.0,50.0,43970
2018-04-11,50.5,50.5,48.5,48.79999923706055,48.79999923706055,22510
2018-04-12,48.5,50.5,48.0,49.5,49.5,19690
2018-04-13,49.5,49.5,48.0,49.0,49.0,18310
2018-04-16,49.0,49.0,47.0,47.5,47.5,13690
2018-04-17,48.0,49.0,47.0,47.5,47.5,28530
2018-04-18,47.5,48.5,47.0,47.0,47.0,11640
2018-04-19,47.5,49.0,46.0,46.5,46.5,19160
2018-04-20,46.0,48.5,46.0,47.0,47.0,10920
2018-04-23,46.5,47.0,45.5,47.0,47.0,19730
2018-04-24,46.5,47.5,45.5,46.0,46.0,16940
2018-04-25,45.5,45.5,44.0,44.5,44.5,35970
2018-04-26,45.0,48.5,45.0,47.5,47.5,27020
2018-04-27,47.5,47.5,45.5,45.79999923706055,45.79999923706055,19270
2018-04-30,46.0,46.5,45.0,45.0,45.0,15250
2018-05-01,45.5,48.0,45.29999923706055,47.5,47.5,23510
2018-05-02,47.5,48.5,47.0,47.5,47.5,16260
2018-05-03,44.5,49.0,44.5,48.5,48.5,20950
2018-05-04,50.0,51.79999923706055,49.70000076293945,50.5,50.5,41690
2018-05-07,50.5,50.5,49.29999923706055,49.5,49.5,17820
2018-05-08,49.5,50.0,48.5,49.0,49.0,18730
2018-05-09,49.5,52.0,48.5,51.0,51.0,16790
2018-05-10,51.5,51.5,48.79999923706055,49.0,49.0,16300
2018-05-11,49.0,49.70000076293945,46.5,47.5,47.5,24870
2018-05-14,48.0,49.0,46.5,46.79999923706055,46.79999923706055,25950
2018-05-15,46.5,47.0,46.0,46.0,46.0,20340
2018-05-16,46.5,47.5,46.5,47.0,47.0,19770
2018-05-17,47.0,48.0,46.5,47.5,47.5,41460
2018-05-18,48.0,48.0,46.5,46.5,46.5,10890
2018-05-21,46.5,48.0,46.29999923706055,46.79999923706055,46.79999923706055,18130
2018-05-22,47.0,49.5,46.79999923706055,49.0,49.0,22630
2018-05-23,49.0,51.29999923706055,48.29999923706055,50.5,50.5,31580
2018-05-24,50.5,51.0,50.0,50.5,50.5,16060
2018-05-25,50.5,51.5,50.5,51.0,51.0,11020
2018-05-29,50.5,51.0,49.599998474121094,50.5,50.5,13410
2018-05-30,50.5,51.5,49.5,50.5,50.5,26930
2018-05-31,51.0,52.0,50.5,51.0,51.0,32180
2018-06-01,51.0,52.0,50.5,52.0,52.0,56290
2018-06-04,52.0,54.5,51.5,53.0,53.0,32790
2018-06-05,53.5,54.0,52.0,52.79999923706055,52.79999923706055,18820
2018-06-06,52.5,53.5,52.0,53.0,53.0,14220
2018-06-07,53.0,53.5,52.0,52.0,52.0,11270
2018-06-08,52.5,53.79999923706055,51.5,52.5,52.5,16220
2018-06-11,52.5,54.0,52.5,53.5,53.5,10800
2018-06-12,53.5,55.29999923706055,53.0,54.5,54.5,15800
2018-06-13,54.5,56.5,54.0,55.0,55.0,8760
2018-06-14,55.5,55.5,54.0,55.0,55.0,19190
2018-06-15,54.5,55.5,54.0,55.0,55.0,21070
2018-06-18,55.0,56.0,54.29999923706055,56.0,56.0,13920
2018-06-19,55.5,56.0,54.5,55.5,55.5,15440
2018-06-20,56.0,56.5,54.5,55.0,55.0,17280
2018-06-21,55.0,55.5,53.5,54.0,54.0,21800
2018-06-22,54.0,55.5,52.79999923706055,53.5,53.5,297690
2018-06-25,52.5,53.0,50.29999923706055,51.0,51.0,23570
2018-06-26,50.5,53.5,50.5,52.5,52.5,16420
2018-06-27,52.5,53.0,51.0,51.0,51.0,17500
2018-06-28,51.5,52.0,50.0,51.0,51.0,14850
2018-06-29,51.0,51.5,50.0,50.5,50.5,14530
2018-07-02,50.0,51.5,49.0,51.0,51.0,16620
2018-07-03,51.5,51.5,50.0,50.5,50.5,10870
2018-07-05,50.5,51.5,50.0,50.0,50.0,8220
2018-07-06,50.5,51.0,50.0,50.5,50.5,4580
2018-07-09,51.0,52.5,51.0,51.0,51.0,8840
2018-07-10,51.0,54.0,51.0,53.0,53.0,11390
2018-07-11,52.5,54.0,52.5,52.5,52.5,6240
2018-07-12,52.5,53.0,52.0,52.5,52.5,6590
2018-07-13,52.5,52.5,50.5,51.0,51.0,8080
2018-07-16,51.0,52.5,51.0,52.0,52.0,31600
2018-07-17,52.0,55.0,51.5,54.0,54.0,15010
2018-07-18,54.0,54.0,53.0,53.5,53.5,10200
2018-07-19,53.5,54.5,51.5,52.0,52.0,6740
2018-07-20,52.0,53.0,51.5,53.0,53.0,3650
2018-07-23,52.5,52.5,51.5,51.5,51.5,2800
2018-07-24,51.5,52.79999923706055,48.5,51.0,51.0,36250
2018-07-25,51.5,52.0,50.29999923706055,51.0,51.0,6870
2018-07-26,51.0,52.0,50.5,52.0,52.0,4660
2018-07-27,51.5,53.5,50.5,51.0,51.0,9030
2018-07-30,51.0,53.0,51.0,52.0,52.0,10060
2018-07-31,52.0,52.0,50.5,50.5,50.5,8360
2018-08-01,51.0,52.5,50.5,52.0,52.0,13720
2018-08-02,51.0,51.29999923706055,46.5,50.0,50.0,47380
2018-08-03,51.0,51.0,46.5,50.0,50.0,12570
2018-08-06,49.5,50.0,48.5,49.5,49.5,7960
2018-08-07,49.5,49.5,48.0,48.5,48.5,16620
2018-08-08,49.0,49.5,48.0,49.5,49.5,7670
2018-08-09,50.0,50.0,49.0,49.5,49.5,2710
2018-08-10,49.0,51.0,48.0,48.5,48.5,8930
2018-08-13,48.5,49.0,47.0,47.5,47.5,9650
2018-08-14,47.5,48.0,45.0,46.29999923706055,46.29999923706055,31060
2018-08-15,45.0,47.0,44.5,46.5,46.5,20760
2018-08-16,47.0,47.5,46.0,46.5,46.5,10670
2018-08-17,46.5,47.5,46.5,47.0,47.0,1220
2018-08-20,46.5,47.5,46.0,46.0,46.0,14380
2018-08-21,46.5,47.5,45.0,47.5,47.5,5940
2018-08-22,46.5,47.79999923706055,46.5,47.5,47.5,8770
2018-08-23,47.0,48.5,47.0,47.5,47.5,3080
2018-08-24,47.5,49.0,47.099998474121094,48.0,48.0,15850
2018-08-27,47.5,49.0,47.5,48.5,48.5,7570
2018-08-28,48.0,51.5,48.0,49.5,49.5,36620
2018-08-29,49.5,50.5,48.5,48.79999923706055,48.79999923706055,51690
2018-08-30,49.0,49.0,48.0,48.5,48.5,10710
2018-08-31,48.0,49.5,47.5,48.5,48.5,5880
2018-09-04,49.0,49.5,47.5,48.5,48.5,11180
2018-09-05,48.5,48.5,46.5,46.5,46.5,7450
2018-09-06,46.5,47.5,45.5,46.0,46.0,3740
2018-09-07,46.0,47.0,45.5,45.5,45.5,6040
2018-09-10,45.5,47.5,45.0,46.5,46.5,11060
2018-09-11,47.0,47.0,45.5,45.5,45.5,17280
2018-09-12,45.0,45.0,44.5,44.5,44.5,5460
2018-09-13,44.5,46.0,44.5,45.0,45.0,5290
2018-09-14,45.0,46.0,44.5,45.0,45.0,5690
2018-09-17,45.0,48.0,44.0,45.0,45.0,16910
2018-09-18,44.5,45.5,44.5,44.5,44.5,14080
2018-09-19,44.5,44.79999923706055,44.0,44.0,44.0,10260
2018-09-20,44.0,45.5,44.0,45.0,45.0,6360
2018-09-21,44.5,46.29999923706055,44.5,46.0,46.0,31580
2018-09-24,45.5,46.0,45.0,45.5,45.5,10320
2018-09-25,45.5,46.5,44.5,45.0,45.0,14420
2018-09-26,44.5,46.5,44.5,45.5,45.5,7780
2018-09-27,45.0,47.0,45.0,46.5,46.5,7380
2018-09-28,46.0,47.79999923706055,46.0,47.5,47.5,9940
2018-10-01,47.400001525878906,48.29999923706055,45.0,45.0,45.0,30420
2018-10-02,46.5,46.5,45.099998474121094,46.20000076293945,46.20000076293945,22470
2018-10-03,46.099998474121094,46.79999923706055,45.5,46.29999923706055,46.29999923706055,14700
2018-10-04,46.099998474121094,46.099998474121094,45.5,45.70000076293945,45.70000076293945,9790
2018-10-05,50.29999923706055,51.0,47.400001525878906,48.70000076293945,48.70000076293945,81940
2018-10-08,48.599998474121094,53.400001525878906,48.599998474121094,52.70000076293945,52.70000076293945,82040
2018-10-09,52.599998474121094,53.5,52.099998474121094,52.20000076293945,52.20000076293945,35120
2018-10-10,52.099998474121094,55.400001525878906,51.900001525878906,54.0,54.0,37770
2018-10-11,54.099998474121094,55.0,52.099998474121094,52.29999923706055,52.29999923706055,16300
2018-10-12,52.900001525878906,54.099998474121094,50.900001525878906,51.79999923706055,51.79999923706055,26830
2018-10-15,51.400001525878906,53.400001525878906,50.900001525878906,52.79999923706055,52.79999923706055,10950
2018-10-16,53.099998474121094,53.099998474121094,51.400001525878906,51.400001525878906,51.400001525878906,15510
2018-10-17,51.0,52.400001525878906,50.599998474121094,50.900001525878906,50.900001525878906,25570
2018-10-18,51.0,51.70000076293945,49.29999923706055,50.900001525878906,50.900001525878906,11480
2018-10-19,50.70000076293945,52.0,50.0,50.5,50.5,6710
2018-10-22,50.599998474121094,51.900001525878906,49.5,50.099998474121094,50.099998474121094,5040
2018-10-23,49.599998474121094,50.79999923706055,47.599998474121094,50.400001525878906,50.400001525878906,4840
2018-10-24,50.0,50.29999923706055,48.70000076293945,50.099998474121094,50.099998474121094,12060
2018-10-25,50.400001525878906,51.79999923706055,49.20000076293945,49.5,49.5,17870
2018-10-26,49.0,51.0,48.79999923706055,49.599998474121094,49.599998474121094,23010
2018-10-29,49.900001525878906,52.0,48.400001525878906,49.0,49.0,10700
2018-10-30,48.900001525878906,50.0,48.400001525878906,48.900001525878906,48.900001525878906,10330
2018-10-31,49.20000076293945,50.0,48.70000076293945,49.29999923706055,49.29999923706055,5110
2018-11-01,49.20000076293945,52.0,49.20000076293945,51.70000076293945,51.70000076293945,6240
2018-11-02,51.79999923706055,53.900001525878906,51.400001525878906,53.20000076293945,53.20000076293945,7850
2018-11-05,53.099998474121094,54.599998474121094,51.70000076293945,52.400001525878906,52.400001525878906,5040
2018-11-06,52.20000076293945,53.5,51.79999923706055,52.400001525878906,52.400001525878906,5290
2018-11-07,52.70000076293945,53.0,51.5,51.900001525878906,51.900001525878906,3380
2018-11-08,51.599998474121094,51.900001525878906,49.900001525878906,50.0,50.0,4060
2018-11-09,48.0,49.599998474121094,46.400001525878906,46.79999923706055,46.79999923706055,16600
2018-11-12,46.5,46.70000076293945,42.79999923706055,43.70000076293945,43.70000076293945,29300
2018-11-13,43.599998474121094,46.20000076293945,43.599998474121094,44.0,44.0,7930
2018-11-14,44.79999923706055,46.099998474121094,44.5,45.0,45.0,8290
2018-11-15,45.0,45.599998474121094,44.29999923706055,45.099998474121094,45.099998474121094,6170
2018-11-16,44.599998474121094,45.5,44.0,45.20000076293945,45.20000076293945,6610
2018-11-19,45.099998474121094,45.29999923706055,44.29999923706055,44.5,44.5,3000
2018-11-20,44.400001525878906,44.70000076293945,43.20000076293945,44.400001525878906,44.400001525878906,7200
2018-11-21,44.400001525878906,45.29999923706055,44.0,44.29999923706055,44.29999923706055,5850
2018-11-23,44.0,44.900001525878906,43.599998474121094,44.5,44.5,4320
2018-11-26,44.5,44.5,43.5,44.20000076293945,44.20000076293945,7530
2018-11-27,44.099998474121094,44.5,43.5,43.599998474121094,43.599998474121094,5110
2018-11-28,43.599998474121094,44.900001525878906,43.5,44.099998474121094,44.099998474121094,5340
2018-11-29,44.0,44.79999923706055,43.5,44.29999923706055,44.29999923706055,7200
2018-11-30,44.099998474121094,46.0,44.099998474121094,45.5,45.5,9540
2018-12-03,45.599998474121094,47.400001525878906,45.400001525878906,46.5,46.5,7940
2018-12-04,49.5,52.0,47.29999923706055,48.599998474121094,48.599998474121094,15700
2018-12-06,48.5,49.5,46.599998474121094,48.099998474121094,48.099998474121094,6440
2018-12-07,48.099998474121094,49.0,46.79999923706055,47.099998474121094,47.099998474121094,4450
2018-12-10,46.29999923706055,47.5,45.70000076293945,46.0,46.0,3280
2018-12-11,46.70000076293945,46.79999923706055,44.5,45.29999923706055,45.29999923706055,12730
2018-12-12,45.900001525878906,47.0,45.79999923706055,46.599998474121094,46.599998474121094,9520
2018-12-13,46.70000076293945,47.5,44.79999923706055,44.79999923706055,44.79999923706055,5170
2018-12-14,45.5,45.5,43.20000076293945,43.599998474121094,43.599998474121094,9190
2018-12-17,42.599998474121094,43.400001525878906,41.29999923706055,42.0,42.0,18930
2018-12-18,42.0,43.0,40.400001525878906,40.70000076293945,40.70000076293945,11270
2018-12-19,41.099998474121094,42.400001525878906,41.0,41.099998474121094,41.099998474121094,5880
2018-12-20,41.0,41.099998474121094,39.400001525878906,40.29999923706055,40.29999923706055,11160
2018-12-21,40.29999923706055,41.79999923706055,39.79999923706055,41.400001525878906,41.400001525878906,15110
2018-12-24,41.400001525878906,42.0,39.5,39.79999923706055,39.79999923706055,5500
2018-12-26,40.20000076293945,40.599998474121094,39.29999923706055,40.599998474121094,40.599998474121094,4510
2018-12-27,40.5,41.599998474121094,39.900001525878906,39.900001525878906,39.900001525878906,16570
2018-12-28,40.0,41.0,39.599998474121094,40.900001525878906,40.900001525878906,15630
2018-12-31,40.79999923706055,42.0,40.79999923706055,42.0,42.0,9670
2019-01-02,41.5,45.400001525878906,41.099998474121094,45.400001525878906,45.400001525878906,6820
2019-01-03,45.099998474121094,45.5,43.900001525878906,44.70000076293945,44.70000076293945,3580
2019-01-04,45.0,47.599998474121094,43.400001525878906,46.400001525878906,46.400001525878906,7010
2019-01-07,46.400001525878906,49.70000076293945,46.400001525878906,48.400001525878906,48.400001525878906,15400
2019-01-08,48.70000076293945,49.5,46.599998474121094,47.79999923706055,47.79999923706055,5680
2019-01-09,47.5,48.70000076293945,47.099998474121094,47.70000076293945,47.70000076293945,4090
2019-01-10,47.70000076293945,48.29999923706055,46.70000076293945,47.0,47.0,5620
2019-01-11,46.79999923706055,47.79999923706055,46.599998474121094,46.79999923706055,46.79999923706055,2120
2019-01-14,46.79999923706055,46.79999923706055,44.5,45.0,45.0,25550
2019-01-15,44.70000076293945,48.599998474121094,44.70000076293945,45.400001525878906,45.400001525878906,4290
2019-01-16,45.099998474121094,46.900001525878906,45.099998474121094,46.29999923706055,46.29999923706055,1790
2019-01-17,45.79999923706055,46.5,45.20000076293945,46.400001525878906,46.400001525878906,3210
2019-01-18,46.29999923706055,46.79999923706055,45.70000076293945,46.5,46.5,5440
2019-01-22,46.5,47.0,46.099998474121094,46.099998474121094,46.099998474121094,2850
2019-01-23,46.5,46.70000076293945,45.20000076293945,46.20000076293945,46.20000076293945,4370
2019-01-24,46.20000076293945,46.20000076293945,44.79999923706055,45.20000076293945,45.20000076293945,13010
2019-01-25,44.79999923706055,46.099998474121094,44.79999923706055,45.400001525878906,45.400001525878906,4040
2019-01-28,46.0,46.29999923706055,45.20000076293945,45.79999923706055,45.79999923706055,8960
2019-01-29,45.70000076293945,45.900001525878906,44.5,44.5,44.5,2930
2019-01-30,44.70000076293945,44.79999923706055,43.79999923706055,43.900001525878906,43.900001525878906,7560
2019-01-31,43.70000076293945,44.29999923706055,43.29999923706055,43.900001525878906,43.900001525878906,5380
2019-02-01,43.20000076293945,44.0,43.20000076293945,43.599998474121094,43.599998474121094,14200
2019-02-04,43.70000076293945,44.0,43.29999923706055,43.70000076293945,43.70000076293945,9190
2019-02-05,43.5,45.0,43.5,44.0,44.0,13230
2019-02-06,44.900001525878906,46.70000076293945,44.900001525878906,45.900001525878906,45.900001525878906,14330
2019-02-07,44.70000076293945,45.400001525878906,41.70000076293945,43.20000076293945,43.20000076293945,58040
2019-02-08,43.900001525878906,43.900001525878906,42.400001525878906,42.70000076293945,42.70000076293945,7760
2019-02-11,42.599998474121094,43.29999923706055,42.099998474121094,42.900001525878906,42.900001525878906,2900
2019-02-12,42.0,43.20000076293945,41.400001525878906,42.099998474121094,42.099998474121094,21300
2019-02-13,42.5,42.79999923706055,40.900001525878906,41.0,41.0,11210
2019-02-14,41.20000076293945,41.20000076293945,40.5,41.0,41.0,10450
2019-02-15,41.099998474121094,41.099998474121094,40.70000076293945,40.70000076293945,40.70000076293945,10010
2019-02-19,40.5,41.79999923706055,40.5,41.599998474121094,41.599998474121094,12970
2019-02-20,41.79999923706055,42.79999923706055,40.599998474121094,41.900001525878906,41.900001525878906,3840
2019-02-21,42.099998474121094,42.70000076293945,41.599998474121094,42.0,42.0,2100
2019-02-22,41.599998474121094,42.79999923706055,41.29999923706055,42.20000076293945,42.20000076293945,8520
2019-02-25,41.79999923706055,43.099998474121094,41.599998474121094,41.900001525878906,41.900001525878906,8820
2019-02-26,42.0,42.20000076293945,41.400001525878906,41.5,41.5,4700
2019-02-27,41.900001525878906,41.900001525878906,41.20000076293945,41.400001525878906,41.400001525878906,6060
2019-02-28,41.20000076293945,41.5,40.79999923706055,41.0,41.0,5220
2019-03-01,41.0,41.5,40.79999923706055,40.900001525878906,40.900001525878906,3680
2019-03-04,41.400001525878906,41.70000076293945,40.70000076293945,40.79999923706055,40.79999923706055,10450
2019-03-05,40.5,41.400001525878906,40.5,41.400001525878906,41.400001525878906,2590
2019-03-06,41.29999923706055,41.29999923706055,40.400001525878906,40.400001525878906,40.400001525878906,6550
2019-03-07,40.400001525878906,40.900001525878906,39.599998474121094,40.0,40.0,8230
2019-03-08,40.70000076293945,40.70000076293945,40.0,40.29999923706055,40.29999923706055,2580
2019-03-11,40.20000076293945,40.79999923706055,39.599998474121094,40.400001525878906,40.400001525878906,35940
2019-03-12,40.29999923706055,42.599998474121094,40.29999923706055,42.0,42.0,143270
2019-03-13,42.5,42.5,41.400001525878906,41.400001525878906,41.400001525878906,30890
2019-03-14,41.70000076293945,41.900001525878906,41.20000076293945,41.5,41.5,21110
2019-03-15,41.400001525878906,41.5,40.400001525878906,40.70000076293945,40.70000076293945,24970
2019-03-18,40.400001525878906,41.0,39.5,39.599998474121094,39.599998474121094,17880
2019-03-19,39.0,39.599998474121094,36.5,38.70000076293945,38.70000076293945,39750
2019-03-20,38.900001525878906,39.20000076293945,38.0,38.5,38.5,12250
2019-03-21,38.29999923706055,39.5,38.099998474121094,38.900001525878906,38.900001525878906,8630
2019-03-22,38.79999923706055,39.400001525878906,37.599998474121094,38.400001525878906,38.400001525878906,12620
2019-03-25,38.5,38.599998474121094,36.900001525878906,37.099998474121094,37.099998474121094,6300
2019-03-26,37.099998474121094,37.29999923706055,35.20000076293945,36.599998474121094,36.599998474121094,84730
2019-03-27,36.29999923706055,38.0,36.20000076293945,37.599998474121094,37.599998474121094,10870
2019-03-28,37.599998474121094,38.29999923706055,37.0,37.099998474121094,37.099998474121094,5550
2019-03-29,36.900001525878906,37.900001525878906,36.20000076293945,36.5,36.5,8570
2019-04-01,36.70000076293945,37.599998474121094,36.099998474121094,36.70000076293945,36.70000076293945,44840
2019-04-02,39.099998474121094,40.0,37.099998474121094,39.900001525878906,39.900001525878906,54770
2019-04-03,39.79999923706055,39.900001525878906,39.0,39.79999923706055,39.79999923706055,11690
2019-04-04,39.79999923706055,39.900001525878906,39.20000076293945,39.79999923706055,39.79999923706055,11340
2019-04-05,39.79999923706055,40.29999923706055,39.599998474121094,39.79999923706055,39.79999923706055,29400
2019-04-08,39.599998474121094,40.0,39.599998474121094,39.79999923706055,39.79999923706055,4320
2019-04-09,39.599998474121094,39.599998474121094,38.79999923706055,39.29999923706055,39.29999923706055,5750
2019-04-10,39.0,39.20000076293945,38.099998474121094,38.900001525878906,38.900001525878906,14750
2019-04-11,40.0,41.599998474121094,40.0,41.29999923706055,41.29999923706055,32400
2019-04-12,41.70000076293945,42.5,41.5,41.599998474121094,41.599998474121094,10870
2019-04-15,41.900001525878906,42.0,40.099998474121094,40.5,40.5,8780
2019-04-16,41.0,41.79999923706055,40.70000076293945,41.20000076293945,41.20000076293945,5650
2019-04-17,41.20000076293945,41.70000076293945,40.400001525878906,40.599998474121094,40.599998474121094,6450
2019-04-18,40.599998474121094,41.20000076293945,40.099998474121094,40.29999923706055,40.29999923706055,7600
2019-04-22,40.20000076293945,41.0,40.20000076293945,40.5,40.5,9970
2019-04-23,40.29999923706055,41.400001525878906,40.099998474121094,41.099998474121094,41.099998474121094,6480
2019-04-24,41.0,42.0,40.70000076293945,41.400001525878906,41.400001525878906,4590
2019-04-25,41.400001525878906,41.599998474121094,40.099998474121094,40.5,40.5,5130
2019-04-26,40.29999923706055,41.0,40.20000076293945,40.599998474121094,40.599998474121094,2400
2019-04-29,40.400001525878906,40.5,39.29999923706055,39.400001525878906,39.400001525878906,6230
2019-04-30,39.29999923706055,39.5,38.599998474121094,39.20000076293945,39.20000076293945,9900
2019-05-01,39.20000076293945,39.20000076293945,38.5,38.70000076293945,38.70000076293945,6900
2019-05-02,38.79999923706055,39.099998474121094,36.70000076293945,37.599998474121094,37.599998474121094,154340
2019-05-03,37.5,38.70000076293945,37.5,38.0,38.0,7400
2019-05-06,37.5,39.099998474121094,37.400001525878906,39.0,39.0,8870
2019-05-07,38.400001525878906,39.5,38.20000076293945,38.599998474121094,38.599998474121094,5610
2019-05-08,38.5,39.20000076293945,37.5,37.599998474121094,37.599998474121094,7090
2019-05-09,37.099998474121094,38.5,35.900001525878906,38.099998474121094,38.099998474121094,8230
2019-05-10,38.0,38.099998474121094,36.20000076293945,37.5,37.5,5430
2019-05-13,36.5,37.400001525878906,35.900001525878906,36.70000076293945,36.70000076293945,5270
2019-05-14,36.79999923706055,37.599998474121094,35.70000076293945,37.400001525878906,37.400001525878906,7440
2019-05-15,36.900001525878906,38.29999923706055,36.70000076293945,38.20000076293945,38.20000076293945,5510
2019-05-16,38.0,38.20000076293945,36.0,36.5,36.5,14490
2019-05-17,36.20000076293945,37.0,35.0,35.099998474121094,35.099998474121094,11070
2019-05-20,35.0,36.400001525878906,34.20000076293945,34.900001525878906,34.900001525878906,9640
2019-05-21,35.0,35.70000076293945,34.20000076293945,35.400001525878906,35.400001525878906,14850
2019-05-22,35.29999923706055,35.5,34.099998474121094,35.400001525878906,35.400001525878906,7230
2019-05-23,35.29999923706055,35.29999923706055,33.900001525878906,34.20000076293945,34.20000076293945,17090
2019-05-24,34.099998474121094,35.599998474121094,33.900001525878906,34.29999923706055,34.29999923706055,11680
2019-05-28,34.099998474121094,36.20000076293945,34.0,36.0,36.0,7070
2019-05-29,35.5,36.5,35.099998474121094,36.5,36.5,8940
2019-05-30,36.5,36.5,35.599998474121094,36.0,36.0,5510
2019-05-31,35.599998474121094,36.20000076293945,35.0,35.5,35.5,5680
2019-06-03,35.599998474121094,35.599998474121094,33.599998474121094,35.0,35.0,6340
2019-06-04,34.70000076293945,37.20000076293945,34.70000076293945,35.5,35.5,5080
2019-06-05,35.5,35.5,34.29999923706055,34.29999923706055,34.29999923706055,3710
2019-06-06,34.5,36.099998474121094,34.400001525878906,36.0,36.0,4690
2019-06-07,36.0,36.5,34.0,36.400001525878906,36.400001525878906,4510
2019-06-10,32.5,37.79999923706055,32.5,37.20000076293945,37.20000076293945,16520
2019-06-11,37.5,38.20000076293945,36.599998474121094,36.79999923706055,36.79999923706055,10210
2019-06-12,36.5,36.599998474121094,34.70000076293945,35.099998474121094,35.099998474121094,7610
2019-06-13,35.29999923706055,36.099998474121094,34.599998474121094,35.099998474121094,35.099998474121094,22770
2019-06-14,35.29999923706055,35.29999923706055,34.599998474121094,34.70000076293945,34.70000076293945,23420
2019-06-17,35.70000076293945,35.900001525878906,34.5,34.70000076293945,34.70000076293945,48100
2019-06-18,34.599998474121094,36.29999923706055,33.0,33.400001525878906,33.400001525878906,37570
2019-06-19,33.599998474121094,34.900001525878906,33.599998474121094,33.900001525878906,33.900001525878906,10510
2019-06-20,34.0,34.900001525878906,33.29999923706055,33.900001525878906,33.900001525878906,9080
2019-06-21,33.900001525878906,34.79999923706055,33.5,34.099998474121094,34.099998474121094,2950
2019-06-24,33.900001525878906,34.5,33.5,34.099998474121094,34.099998474121094,24200
2019-06-25,33.900001525878906,34.20000076293945,33.099998474121094,33.900001525878906,33.900001525878906,2230
2019-06-26,33.900001525878906,34.29999923706055,33.79999923706055,33.79999923706055,33.79999923706055,910
2019-06-27,34.0,34.099998474121094,33.099998474121094,33.400001525878906,33.400001525878906,3370
2019-06-28,33.599998474121094,33.70000076293945,32.5,32.900001525878906,32.900001525878906,6890
2019-07-01,33.5,34.0,33.0,33.0,33.0,3640
2019-07-02,32.900001525878906,33.29999923706055,32.900001525878906,33.29999923706055,33.29999923706055,1110
2019-07-03,33.400001525878906,33.400001525878906,32.70000076293945,32.79999923706055,32.79999923706055,440
2019-07-05,32.5,33.5,32.5,33.20000076293945,33.20000076293945,900
2019-07-08,33.099998474121094,33.29999923706055,31.399999618530273,32.0,32.0,70200
2019-07-09,32.29999923706055,33.599998474121094,32.0,33.0,33.0,20200
2019-07-10,33.099998474121094,33.599998474121094,32.5,32.599998474121094,32.599998474121094,1880
2019-07-11,33.099998474121094,33.099998474121094,31.600000381469727,32.900001525878906,32.900001525878906,11120
2019-07-12,28.600000381469727,31.799999237060547,26.799999237060547,29.5,29.5,65430
2019-07-15,29.399999618530273,30.200000762939453,28.5,29.899999618530273,29.899999618530273,23300
2019-07-16,29.799999237060547,30.700000762939453,29.200000762939453,29.799999237060547,29.799999237060547,10060
2019-07-17,29.799999237060547,30.700000762939453,29.200000762939453,29.200000762939453,29.200000762939453,10930
2019-07-18,29.200000762939453,29.399999618530273,28.399999618530273,28.5,28.5,19120
2019-07-19,28.5,29.5,28.0,28.299999237060547,28.299999237060547,11190
2019-07-22,28.200000762939453,29.200000762939453,28.200000762939453,28.5,28.5,7250
2019-07-23,28.899999618530273,28.899999618530273,27.799999237060547,28.299999237060547,28.299999237060547,5270
2019-07-24,27.899999618530273,30.700000762939453,27.799999237060547,29.899999618530273,29.899999618530273,56490
2019-07-25,29.700000762939453,30.0,28.5,29.0,29.0,5190
2019-07-26,28.899999618530273,30.100000381469727,28.899999618530273,30.0,30.0,6520
2019-07-29,30.0,30.5,29.700000762939453,30.0,30.0,12190
2019-07-30,29.799999237060547,30.600000381469727,29.799999237060547,30.299999237060547,30.299999237060547,2980
2019-07-31,30.0,30.5,29.700000762939453,29.799999237060547,29.799999237060547,10320
2019-08-01,29.799999237060547,30.5,28.5,29.299999237060547,29.299999237060547,20870
2019-08-02,29.299999237060547,29.799999237060547,28.5,29.600000381469727,29.600000381469727,2090
2019-08-05,29.100000381469727,29.100000381469727,28.5,28.799999237060547,28.799999237060547,2590
2019-08-06,28.799999237060547,29.700000762939453,28.799999237060547,29.200000762939453,29.200000762939453,5360
2019-08-07,29.600000381469727,29.899999618530273,28.700000762939453,29.0,29.0,4670
2019-08-08,28.600000381469727,31.700000762939453,28.5,30.799999237060547,30.799999237060547,14830
2019-08-09,30.299999237060547,31.200000762939453,29.5,30.200000762939453,30.200000762939453,7430
2019-08-12,29.899999618530273,30.700000762939453,29.399999618530273,30.0,30.0,15110
2019-08-13,29.100000381469727,30.799999237060547,29.100000381469727,30.299999237060547,30.299999237060547,7970
2019-08-14,29.799999237060547,30.200000762939453,29.0,29.0,29.0,2090
2019-08-15,29.299999237060547,29.600000381469727,28.5,28.5,28.5,6480
2019-08-16,30.399999618530273,30.399999618530273,28.700000762939453,29.299999237060547,29.299999237060547,2380
2019-08-19,28.600000381469727,29.600000381469727,28.299999237060547,28.899999618530273,28.899999618530273,2710
2019-08-20,28.700000762939453,29.299999237060547,28.5,28.5,28.5,1460
2019-08-21,28.899999618530273,29.600000381469727,28.799999237060547,29.100000381469727,29.100000381469727,4170
2019-08-22,29.399999618530273,29.399999618530273,28.600000381469727,28.700000762939453,28.700000762939453,760
2019-08-23,28.799999237060547,28.799999237060547,27.799999237060547,28.5,28.5,3800
2019-08-26,28.5,28.700000762939453,27.899999618530273,28.100000381469727,28.100000381469727,3010
2019-08-27,27.899999618530273,28.399999618530273,27.5,27.899999618530273,27.899999618530273,15340
2019-08-28,27.899999618530273,27.899999618530273,26.5,26.899999618530273,26.899999618530273,52450
2019-08-29,27.299999237060547,28.200000762939453,26.799999237060547,28.0,28.0,11410
2019-08-30,28.299999237060547,28.799999237060547,28.100000381469727,28.5,28.5,6490
2019-09-03,28.0,28.799999237060547,27.200000762939453,28.600000381469727,28.600000381469727,6400
2019-09-04,28.899999618530273,29.0,28.299999237060547,28.399999618530273,28.399999618530273,7100
2019-09-05,28.5,29.399999618530273,28.200000762939453,29.200000762939453,29.200000762939453,4660
2019-09-06,29.100000381469727,29.899999618530273,29.100000381469727,29.600000381469727,29.600000381469727,980
2019-09-09,29.600000381469727,29.700000762939453,29.0,29.100000381469727,29.100000381469727,1390
2019-09-10,29.0,29.899999618530273,28.700000762939453,29.5,29.5,10460
2019-09-11,29.200000762939453,31.0,28.899999618530273,29.899999618530273,29.899999618530273,6370
2019-09-12,29.799999237060547,30.899999618530273,29.700000762939453,30.899999618530273,30.899999618530273,15670
2019-09-13,30.600000381469727,31.0,30.299999237060547,30.399999618530273,30.399999618530273,2330
2019-09-16,30.100000381469727,31.0,30.100000381469727,30.799999237060547,30.799999237060547,3360
2019-09-17,30.899999618530273,30.899999618530273,29.700000762939453,29.799999237060547,29.799999237060547,2920
2019-09-18,30.0,30.0,29.5,29.799999237060547,29.799999237060547,2170
2019-09-19,30.0,30.299999237060547,29.5,29.799999237060547,29.799999237060547,2160
2019-09-20,29.799999237060547,31.100000381469727,29.5,31.0,31.0,9170
2019-09-23,30.600000381469727,30.600000381469727,30.100000381469727,30.5,30.5,3210
2019-09-24,29.799999237060547,30.100000381469727,29.0,29.899999618530273,29.899999618530273,1290
2019-09-25,29.799999237060547,30.899999618530273,29.799999237060547,30.399999618530273,30.399999618530273,13480
2019-09-26,30.0,30.899999618530273,30.0,30.600000381469727,30.600000381469727,2760
2019-09-27,30.5,30.600000381469727,29.799999237060547,30.399999618530273,30.399999618530273,5140
2019-09-30,30.0,30.700000762939453,30.0,30.700000762939453,30.700000762939453,310
2019-10-01,30.799999237060547,30.799999237060547,28.5,29.5,29.5,5240
2019-10-02,29.299999237060547,29.299999237060547,28.0,28.5,28.5,12220
2019-10-03,27.600000381469727,29.200000762939453,27.5,29.200000762939453,29.200000762939453,9760
2019-10-04,29.100000381469727,30.0,28.5,29.399999618530273,29.399999618530273,8650
2019-10-07,29.0,29.399999618530273,29.0,29.200000762939453,29.200000762939453,2300
2019-10-08,29.0,29.100000381469727,28.0,28.5,28.5,2310
2019-10-09,28.299999237060547,29.299999237060547,28.299999237060547,29.0,29.0,1750
2019-10-10,29.0,29.100000381469727,28.299999237060547,28.700000762939453,28.700000762939453,4330
2019-10-11,29.0,29.299999237060547,28.200000762939453,28.899999618530273,28.899999618530273,4220
2019-10-14,28.600000381469727,29.0,28.100000381469727,28.799999237060547,28.799999237060547,2380
2019-10-15,28.299999237060547,29.5,28.200000762939453,29.100000381469727,29.100000381469727,11090
2019-10-16,28.799999237060547,30.100000381469727,28.5,29.700000762939453,29.700000762939453,3810
2019-10-17,29.299999237060547,29.899999618530273,29.299999237060547,29.899999618530273,29.899999618530273,2240
2019-10-18,29.600000381469727,30.0,29.600000381469727,29.600000381469727,29.600000381469727,15720
2019-10-21,30.0,30.100000381469727,28.600000381469727,28.600000381469727,28.600000381469727,2170
2019-10-22,28.899999618530273,30.100000381469727,28.299999237060547,28.299999237060547,28.299999237060547,1060
2019-10-23,28.399999618530273,29.0,27.799999237060547,28.299999237060547,28.299999237060547,3070
2019-10-24,28.299999237060547,28.299999237060547,27.799999237060547,28.0,28.0,770
2019-10-25,28.200000762939453,28.600000381469727,27.600000381469727,27.899999618530273,27.899999618530273,2130
2019-10-28,28.0,28.5,27.5,28.0,28.0,7690
2019-10-29,27.700000762939453,28.200000762939453,27.5,27.899999618530273,27.899999618530273,10090
2019-10-30,28.100000381469727,29.799999237060547,28.100000381469727,29.600000381469727,29.600000381469727,18480
2019-10-31,29.299999237060547,29.899999618530273,29.0,29.700000762939453,29.700000762939453,3220
2019-11-01,30.0,30.100000381469727,29.600000381469727,29.600000381469727,29.600000381469727,2960
2019-11-04,29.5,30.399999618530273,29.399999618530273,30.399999618530273,30.399999618530273,3210
2019-11-05,30.0,31.100000381469727,30.0,30.899999618530273,30.899999618530273,4060
2019-11-06,30.899999618530273,30.899999618530273,30.5,30.700000762939453,30.700000762939453,3610
2019-11-07,30.600000381469727,31.100000381469727,30.5,30.899999618530273,30.899999618530273,4790
2019-11-08,30.700000762939453,31.200000762939453,30.5,31.200000762939453,31.200000762939453,1220
2019-11-11,30.799999237060547,31.299999237060547,30.399999618530273,31.100000381469727,31.100000381469727,1530
2019-11-12,30.899999618530273,31.600000381469727,30.700000762939453,31.299999237060547,31.299999237060547,1370
2019-11-13,31.299999237060547,31.5,30.200000762939453,30.799999237060547,30.799999237060547,3760
2019-11-14,30.600000381469727,31.200000762939453,30.600000381469727,31.0,31.0,2390
2019-11-15,31.0,31.799999237060547,31.0,31.600000381469727,31.600000381469727,2280
2019-11-18,31.700000762939453,31.700000762939453,30.700000762939453,31.0,31.0,3860
2019-11-19,31.100000381469727,32.20000076293945,30.799999237060547,30.899999618530273,30.899999618530273,2690
2019-11-20,30.600000381469727,31.399999618530273,30.299999237060547,30.299999237060547,30.299999237060547,7350
2019-11-21,30.100000381469727,30.700000762939453,30.100000381469727,30.600000381469727,30.600000381469727,1750
2019-11-22,30.399999618530273,30.799999237060547,30.0,30.299999237060547,30.299999237060547,2710
2019-11-25,30.5,31.5,30.299999237060547,31.5,31.5,1680
2019-11-26,31.399999618530273,32.0,31.299999237060547,31.799999237060547,31.799999237060547,2500
2019-11-27,32.099998474121094,32.099998474121094,31.399999618530273,31.799999237060547,31.799999237060547,2510
2019-11-29,31.5,31.600000381469727,31.200000762939453,31.600000381469727,31.600000381469727,1400
2019-12-02,31.799999237060547,32.0,31.700000762939453,31.899999618530273,31.899999618530273,2770
2019-12-03,31.5,31.899999618530273,31.0,31.399999618530273,31.399999618530273,4090
2019-12-04,31.299999237060547,31.899999618530273,31.299999237060547,31.700000762939453,31.700000762939453,3060
2019-12-05,30.799999237060547,32.0,30.5,31.600000381469727,31.600000381469727,17080
2019-12-06,32.0,32.0,30.700000762939453,30.899999618530273,30.899999618530273,36160
2019-12-09,30.899999618530273,31.299999237060547,30.700000762939453,30.700000762939453,30.700000762939453,14720
2019-12-10,30.299999237060547,31.0,30.100000381469727,30.200000762939453,30.200000762939453,2310
2019-12-11,30.100000381469727,30.399999618530273,29.700000762939453,30.200000762939453,30.200000762939453,6360
2019-12-12,30.200000762939453,30.899999618530273,30.200000762939453,30.399999618530273,30.399999618530273,19660
2019-12-13,30.399999618530273,30.899999618530273,29.299999237060547,30.700000762939453,30.700000762939453,3620
2019-12-16,29.899999618530273,31.200000762939453,29.700000762939453,30.899999618530273,30.899999618530273,8770
2019-12-17,30.899999618530273,31.700000762939453,30.299999237060547,31.399999618530273,31.399999618530273,8910
2019-12-18,31.100000381469727,31.700000762939453,30.399999618530273,31.399999618530273,31.399999618530273,4070
2019-12-19,31.200000762939453,31.5,31.100000381469727,31.200000762939453,31.200000762939453,480
2019-12-20,30.899999618530273,31.200000762939453,30.700000762939453,31.0,31.0,1300
2019-12-23,31.0,31.0,29.700000762939453,29.799999237060547,29.799999237060547,6240
2019-12-24,29.399999618530273,30.299999237060547,29.399999618530273,29.600000381469727,29.600000381469727,12060
2019-12-26,29.899999618530273,30.700000762939453,29.899999618530273,30.600000381469727,30.600000381469727,12060
2019-12-27,30.600000381469727,31.100000381469727,30.399999618530273,31.0,31.0,12460
2019-12-30,31.100000381469727,31.299999237060547,30.700000762939453,30.899999618530273,30.899999618530273,13750
2019-12-31,30.600000381469727,31.100000381469727,30.399999618530273,30.399999618530273,30.399999618530273,11600
2020-01-02,30.5,31.299999237060547,30.5,31.100000381469727,31.100000381469727,4200
2020-01-03,31.0,32.0,31.0,31.899999618530273,31.899999618530273,11180
2020-01-06,31.600000381469727,31.799999237060547,31.299999237060547,31.399999618530273,31.399999618530273,4920
2020-01-07,31.100000381469727,32.5,31.100000381469727,32.0,32.0,11220
2020-01-08,32.0,33.900001525878906,32.0,33.5,33.5,7190
2020-01-09,33.79999923706055,34.5,33.70000076293945,33.70000076293945,33.70000076293945,13740
2020-01-10,33.79999923706055,34.20000076293945,32.79999923706055,34.099998474121094,34.099998474121094,2820
2020-01-13,34.0,34.70000076293945,33.79999923706055,34.0,34.0,1510
2020-01-14,33.900001525878906,34.70000076293945,33.900001525878906,34.099998474121094,34.099998474121094,1670
2020-01-15,34.29999923706055,35.400001525878906,34.20000076293945,34.79999923706055,34.79999923706055,6060
2020-01-16,33.599998474121094,34.70000076293945,32.79999923706055,34.5,34.5,8050
2020-01-17,34.599998474121094,34.599998474121094,33.599998474121094,34.29999923706055,34.29999923706055,3100
2020-01-21,33.70000076293945,34.0,33.70000076293945,33.79999923706055,33.79999923706055,4730
2020-01-22,33.70000076293945,34.5,33.70000076293945,34.0,34.0,6900
2020-01-23,34.0,34.79999923706055,34.0,34.5,34.5,2230
2020-01-24,34.5,36.599998474121094,34.5,35.70000076293945,35.70000076293945,12300
2020-01-27,35.29999923706055,35.5,35.099998474121094,35.099998474121094,35.099998474121094,3020
2020-01-28,35.20000076293945,35.20000076293945,33.79999923706055,34.400001525878906,34.400001525878906,2070
2020-01-29,34.29999923706055,34.79999923706055,33.5,34.5,34.5,1380
2020-01-30,34.29999923706055,34.400001525878906,33.599998474121094,33.79999923706055,33.79999923706055,7240
2020-01-31,33.599998474121094,34.20000076293945,33.599998474121094,33.70000076293945,33.70000076293945,2900
2020-02-03,33.599998474121094,34.5,33.5,33.5,33.5,3750
2020-02-04,33.79999923706055,34.70000076293945,32.400001525878906,32.599998474121094,32.599998474121094,8550
2020-02-05,32.70000076293945,33.099998474121094,31.299999237060547,31.600000381469727,31.600000381469727,60310
2020-02-06,33.099998474121094,33.099998474121094,31.299999237060547,31.700000762939453,31.700000762939453,14150
2020-02-07,31.700000762939453,33.20000076293945,31.299999237060547,31.299999237060547,31.299999237060547,36970
2020-02-10,31.299999237060547,31.899999618530273,30.700000762939453,31.799999237060547,31.799999237060547,11080
2020-02-11,31.799999237060547,33.5,31.700000762939453,33.29999923706055,33.29999923706055,4350
2020-02-12,33.5,36.29999923706055,33.5,35.20000076293945,35.20000076293945,8430
2020-02-13,34.900001525878906,34.900001525878906,34.20000076293945,34.29999923706055,34.29999923706055,2950
2020-02-14,34.400001525878906,34.5,33.599998474121094,33.599998474121094,33.599998474121094,9650
2020-02-18,33.79999923706055,34.29999923706055,33.5,33.70000076293945,33.70000076293945,5680
2020-02-19,33.79999923706055,34.900001525878906,33.29999923706055,34.20000076293945,34.20000076293945,2830
2020-02-20,34.400001525878906,36.599998474121094,34.20000076293945,36.29999923706055,36.29999923706055,23800
2020-02-21,36.29999923706055,37.20000076293945,35.79999923706055,36.0,36.0,25410
2020-02-24,34.400001525878906,35.5,34.099998474121094,35.0,35.0,7230
2020-02-25,35.29999923706055,35.29999923706055,33.70000076293945,33.70000076293945,33.70000076293945,10800
2020-02-26,33.20000076293945,33.20000076293945,30.399999618530273,30.399999618530273,30.399999618530273,11360
2020-02-27,29.0,30.600000381469727,27.299999237060547,29.399999618530273,29.399999618530273,13400
2020-02-28,27.700000762939453,29.899999618530273,27.0,29.700000762939453,29.700000762939453,24940
2020-03-02,29.899999618530273,30.399999618530273,29.700000762939453,30.0,30.0,4720
2020-03-03,30.299999237060547,30.299999237060547,28.700000762939453,30.0,30.0,13110
2020-03-04,30.399999618530273,30.799999237060547,29.100000381469727,29.299999237060547,29.299999237060547,1620
2020-03-05,29.100000381469727,29.600000381469727,28.600000381469727,28.600000381469727,28.600000381469727,8480
2020-03-06,28.0,28.5,27.200000762939453,27.5,27.5,20620
2020-03-09,25.0,25.600000381469727,24.0,24.100000381469727,24.100000381469727,26450
2020-03-10,24.799999237060547,25.5,24.299999237060547,24.799999237060547,24.799999237060547,15950
2020-03-11,24.700000762939453,24.700000762939453,23.5,23.5,23.5,11120
2020-03-12,22.799999237060547,22.899999618530273,21.0,22.200000762939453,22.200000762939453,16890
2020-03-13,23.0,23.299999237060547,20.200000762939453,20.799999237060547,20.799999237060547,15130
2020-03-16,19.100000381469727,20.200000762939453,18.399999618530273,18.399999618530273,18.399999618530273,11130
2020-03-17,18.0,19.799999237060547,18.0,19.100000381469727,19.100000381469727,6800
2020-03-18,18.700000762939453,20.299999237060547,16.0,16.700000762939453,16.700000762939453,7860
2020-03-19,16.799999237060547,18.799999237060547,16.299999237060547,18.600000381469727,18.600000381469727,3780
2020-03-20,18.799999237060547,18.899999618530273,14.600000381469727,14.600000381469727,14.600000381469727,10260
2020-03-23,15.300000190734863,17.700000762939453,15.300000190734863,17.399999618530273,17.399999618530273,7370
2020-03-24,18.200000762939453,20.799999237060547,17.600000381469727,18.200000762939453,18.200000762939453,9610
2020-03-25,18.600000381469727,22.299999237060547,18.600000381469727,21.5,21.5,16270
2020-03-26,22.0,23.399999618530273,19.799999237060547,20.0,20.0,31530
2020-03-27,19.5,21.799999237060547,18.799999237060547,21.700000762939453,21.700000762939453,17230
2020-03-30,22.0,22.899999618530273,20.700000762939453,22.100000381469727,22.100000381469727,9900
2020-03-31,22.200000762939453,22.700000762939453,21.5,22.399999618530273,22.399999618530273,9580
2020-04-01,22.100000381469727,22.200000762939453,21.299999237060547,21.600000381469727,21.600000381469727,4870
2020-04-02,21.200000762939453,22.600000381469727,21.200000762939453,21.600000381469727,21.600000381469727,2200
2020-04-03,21.5,22.899999618530273,20.600000381469727,21.899999618530273,21.899999618530273,4620
2020-04-06,22.299999237060547,22.299999237060547,20.899999618530273,20.899999618530273,20.899999618530273,6460
2020-04-07,19.299999237060547,21.100000381469727,19.299999237060547,20.5,20.5,9780
2020-04-08,20.399999618530273,21.799999237060547,20.399999618530273,21.399999618530273,21.399999618530273,14730
2020-04-09,21.5,22.200000762939453,21.399999618530273,21.700000762939453,21.700000762939453,4710
2020-04-13,22.0,23.399999618530273,21.399999618530273,23.200000762939453,23.200000762939453,3340
2020-04-14,23.200000762939453,25.899999618530273,23.100000381469727,25.600000381469727,25.600000381469727,11090
2020-04-15,25.0,25.600000381469727,24.0,25.600000381469727,25.600000381469727,6360
2020-04-16,25.700000762939453,25.700000762939453,23.5,24.399999618530273,24.399999618530273,2890
2020-04-17,24.600000381469727,26.0,24.600000381469727,25.799999237060547,25.799999237060547,4280
2020-04-20,25.200000762939453,25.5,24.5,25.299999237060547,25.299999237060547,9660
2020-04-21,25.200000762939453,26.600000381469727,24.0,26.200000762939453,26.200000762939453,5490
2020-04-22,25.100000381469727,26.399999618530273,25.100000381469727,26.399999618530273,26.399999618530273,2560
2020-04-23,26.299999237060547,26.5,25.799999237060547,26.299999237060547,26.299999237060547,5060
2020-04-24,26.299999237060547,26.299999237060547,25.0,26.100000381469727,26.100000381469727,5000
2020-04-27,26.100000381469727,26.600000381469727,25.799999237060547,26.5,26.5,2140
2020-04-28,26.799999237060547,27.200000762939453,26.5,26.600000381469727,26.600000381469727,9140
2020-04-29,27.0,28.200000762939453,26.600000381469727,27.299999237060547,27.299999237060547,8400
2020-04-30,27.100000381469727,27.700000762939453,26.799999237060547,27.299999237060547,27.299999237060547,6880
2020-05-01,27.100000381469727,27.100000381469727,25.5,26.100000381469727,26.100000381469727,6350
2020-05-04,25.600000381469727,26.100000381469727,25.100000381469727,26.100000381469727,26.100000381469727,4110
2020-05-05,27.200000762939453,29.700000762939453,26.200000762939453,26.700000762939453,26.700000762939453,44790
2020-05-06,27.5,27.700000762939453,26.799999237060547,27.0,27.0,11950
2020-05-07,27.100000381469727,33.5,27.100000381469727,33.5,33.5,126780
2020-05-08,32.70000076293945,33.599998474121094,28.700000762939453,31.299999237060547,31.299999237060547,26250
2020-05-11,32.0,32.5,31.0,31.0,31.0,16310
2020-05-12,31.100000381469727,31.299999237060547,30.299999237060547,30.899999618530273,30.899999618530273,20940
2020-05-13,30.600000381469727,31.200000762939453,29.299999237060547,29.700000762939453,29.700000762939453,16250
2020-05-14,29.5,29.899999618530273,28.0,29.700000762939453,29.700000762939453,6690
2020-05-15,29.600000381469727,30.0,28.5,29.600000381469727,29.600000381469727,5800
2020-05-18,29.899999618530273,30.399999618530273,28.5,28.600000381469727,28.600000381469727,12210
2020-05-19,28.299999237060547,28.399999618530273,27.600000381469727,27.899999618530273,27.899999618530273,5200
2020-05-20,28.0,28.0,27.600000381469727,27.899999618530273,27.899999618530273,10250
2020-05-21,27.700000762939453,28.0,27.200000762939453,27.5,27.5,6130
2020-05-22,27.5,28.0,27.399999618530273,27.5,27.5,16940
2020-05-26,27.799999237060547,28.700000762939453,27.799999237060547,28.200000762939453,28.200000762939453,11650
2020-05-27,28.399999618530273,30.600000381469727,28.200000762939453,30.299999237060547,30.299999237060547,9230
2020-05-28,30.100000381469727,30.299999237060547,29.600000381469727,30.0,30.0,13750
2020-05-29,29.299999237060547,30.799999237060547,29.200000762939453,30.299999237060547,30.299999237060547,10260
2020-06-01,30.100000381469727,31.200000762939453,29.899999618530273,30.600000381469727,30.600000381469727,5180
2020-06-02,30.700000762939453,31.100000381469727,30.299999237060547,30.700000762939453,30.700000762939453,1890
2020-06-03,30.799999237060547,32.599998474121094,30.399999618530273,30.5,30.5,13800
2020-06-04,30.299999237060547,31.299999237060547,30.0,30.600000381469727,30.600000381469727,5450
2020-06-05,31.0,32.099998474121094,31.0,31.600000381469727,31.600000381469727,14100
2020-06-08,31.600000381469727,32.0,30.600000381469727,31.5,31.5,12680
2020-06-09,31.200000762939453,31.700000762939453,30.200000762939453,31.0,31.0,4370
2020-06-10,30.899999618530273,30.899999618530273,29.200000762939453,29.5,29.5,6810
2020-06-11,29.100000381469727,29.399999618530273,28.700000762939453,28.899999618530273,28.899999618530273,7670
2020-06-12,29.600000381469727,30.399999618530273,29.600000381469727,30.100000381469727,30.100000381469727,4760
2020-06-15,28.200000762939453,30.299999237060547,28.100000381469727,30.0,30.0,7360
2020-06-16,32.5,32.70000076293945,31.0,31.200000762939453,31.200000762939453,8950
2020-06-17,31.5,33.400001525878906,31.5,32.900001525878906,32.900001525878906,6830
2020-06-18,32.599998474121094,33.099998474121094,32.099998474121094,32.5,32.5,6400
2020-06-19,32.400001525878906,32.79999923706055,32.20000076293945,32.5,32.5,7320
2020-06-22,32.099998474121094,32.70000076293945,32.099998474121094,32.5,32.5,5870
2020-06-23,32.400001525878906,32.70000076293945,32.0,32.099998474121094,32.099998474121094,6340
2020-06-24,32.099998474121094,32.70000076293945,31.399999618530273,31.899999618530273,31.899999618530273,9900
2020-06-25,31.899999618530273,32.400001525878906,31.5,32.400001525878906,32.400001525878906,3940
2020-06-26,32.29999923706055,32.79999923706055,31.399999618530273,32.0,32.0,7730
2020-06-29,31.799999237060547,32.20000076293945,31.399999618530273,31.5,31.5,5830
2020-06-30,31.899999618530273,32.79999923706055,31.200000762939453,31.799999237060547,31.799999237060547,3880
2020-07-01,32.099998474121094,32.400001525878906,30.299999237060547,31.200000762939453,31.200000762939453,2560
2020-07-02,31.399999618530273,31.600000381469727,29.799999237060547,30.299999237060547,30.299999237060547,7030
2020-07-06,30.399999618530273,31.100000381469727,30.399999618530273,30.700000762939453,30.700000762939453,1600
2020-07-07,31.200000762939453,31.200000762939453,30.0,30.100000381469727,30.100000381469727,2830
2020-07-08,30.5,30.5,30.100000381469727,30.100000381469727,30.100000381469727,2980
2020-07-09,30.5,30.5,28.700000762939453,30.100000381469727,30.100000381469727,1900
2020-07-10,30.5,31.600000381469727,29.700000762939453,30.100000381469727,30.100000381469727,1460
2020-07-13,30.200000762939453,31.399999618530273,30.200000762939453,30.700000762939453,30.700000762939453,3730
2020-07-14,30.5,31.0,29.5,30.299999237060547,30.299999237060547,4600
2020-07-15,30.799999237060547,31.200000762939453,30.399999618530273,30.799999237060547,30.799999237060547,2080
2020-07-16,30.700000762939453,31.0,30.200000762939453,30.399999618530273,30.399999618530273,1000
2020-07-17,30.700000762939453,31.5,30.700000762939453,31.0,31.0,1420
2020-07-20,31.200000762939453,31.399999618530273,30.399999618530273,31.100000381469727,31.100000381469727,3300
2020-07-21,31.200000762939453,31.799999237060547,30.899999618530273,31.600000381469727,31.600000381469727,890
2020-07-22,31.399999618530273,31.799999237060547,31.0,31.100000381469727,31.100000381469727,1720
2020-07-23,31.200000762939453,31.299999237060547,30.600000381469727,30.799999237060547,30.799999237060547,1140
2020-07-24,30.799999237060547,30.799999237060547,30.5,30.700000762939453,30.700000762939453,1160
2020-07-27,30.899999618530273,31.299999237060547,30.100000381469727,31.100000381469727,31.100000381469727,2410
2020-07-28,30.799999237060547,31.700000762939453,30.700000762939453,31.399999618530273,31.399999618530273,1880
2020-07-29,31.5,34.0,31.200000762939453,32.599998474121094,32.599998474121094,8920
2020-07-30,33.099998474121094,33.70000076293945,32.400001525878906,33.29999923706055,33.29999923706055,4190
2020-07-31,33.0,35.20000076293945,32.70000076293945,35.0,35.0,9220
2020-08-03,35.400001525878906,38.599998474121094,35.0,37.79999923706055,37.79999923706055,39410
2020-08-04,38.0,38.5,37.5,38.0,38.0,11760
2020-08-05,38.599998474121094,39.0,36.400001525878906,37.099998474121094,37.099998474121094,9460
2020-08-06,38.70000076293945,39.70000076293945,35.5,35.79999923706055,35.79999923706055,10160
2020-08-07,35.79999923706055,36.099998474121094,35.099998474121094,35.5,35.5,5710
2020-08-10,35.5,35.5,33.70000076293945,34.79999923706055,34.79999923706055,19110
2020-08-11,35.400001525878906,36.5,34.599998474121094,34.70000076293945,34.70000076293945,10300
2020-08-12,35.599998474121094,35.79999923706055,33.70000076293945,33.70000076293945,33.70000076293945,4560
2020-08-13,33.5,33.5,32.5,33.5,33.5,7370
2020-08-14,33.70000076293945,34.0,32.5,33.70000076293945,33.70000076293945,3090
2020-08-17,33.70000076293945,35.29999923706055,33.599998474121094,33.900001525878906,33.900001525878906,4010
2020-08-18,33.5,34.0,32.900001525878906,34.0,34.0,4070
2020-08-19,34.20000076293945,35.900001525878906,34.20000076293945,35.70000076293945,35.70000076293945,4850
2020-08-20,35.79999923706055,36.400001525878906,35.29999923706055,35.29999923706055,35.29999923706055,3270
2020-08-21,35.5,36.20000076293945,35.0,35.5,35.5,8000
2020-08-24,35.79999923706055,36.5,34.29999923706055,34.70000076293945,34.70000076293945,4650
2020-08-25,33.70000076293945,34.099998474121094,32.0,33.29999923706055,33.29999923706055,12340
2020-08-26,33.599998474121094,34.0,33.099998474121094,34.0,34.0,2610
2020-08-27,33.70000076293945,36.0,33.70000076293945,34.5,34.5,3720
2020-08-28,34.20000076293945,35.400001525878906,34.20000076293945,35.0,35.0,2310
2020-08-31,36.0,37.5,35.099998474121094,35.29999923706055,35.29999923706055,8340
2020-09-01,35.599998474121094,35.599998474121094,33.599998474121094,35.0,35.0,6820
2020-09-02,35.0,35.099998474121094,33.79999923706055,34.900001525878906,34.900001525878906,4090
2020-09-03,34.599998474121094,34.599998474121094,32.599998474121094,33.599998474121094,33.599998474121094,7360
2020-09-04,33.599998474121094,33.79999923706055,32.70000076293945,33.70000076293945,33.70000076293945,5460
2020-09-08,33.900001525878906,34.20000076293945,32.79999923706055,33.20000076293945,33.20000076293945,3010
2020-09-09,33.20000076293945,33.20000076293945,32.79999923706055,32.900001525878906,32.900001525878906,2120
2020-09-10,32.5,33.20000076293945,32.099998474121094,32.79999923706055,32.79999923706055,2580
2020-09-11,32.79999923706055,33.79999923706055,32.79999923706055,33.0,33.0,46970
2020-09-14,32.900001525878906,33.900001525878906,32.900001525878906,33.5,33.5,2460
2020-09-15,33.5,33.70000076293945,33.20000076293945,33.599998474121094,33.599998474121094,860
2020-09-16,33.5,33.900001525878906,33.29999923706055,33.400001525878906,33.400001525878906,600
2020-09-17,33.099998474121094,33.20000076293945,32.099998474121094,32.29999923706055,32.29999923706055,1670
2020-09-18,32.20000076293945,32.5,31.799999237060547,32.5,32.5,1390
2020-09-21,32.0,33.0,31.700000762939453,32.79999923706055,32.79999923706055,8520
2020-09-22,33.29999923706055,33.29999923706055,31.899999618530273,32.099998474121094,32.099998474121094,2250
2020-09-23,32.29999923706055,33.099998474121094,31.799999237060547,32.29999923706055,32.29999923706055,5270
2020-09-24,32.5,32.79999923706055,31.700000762939453,32.599998474121094,32.599998474121094,2300
2020-09-25,32.70000076293945,33.29999923706055,32.29999923706055,32.400001525878906,32.400001525878906,9100
2020-09-28,33.0,33.5,32.900001525878906,33.0,33.0,3560
2020-09-29,33.099998474121094,34.0,32.70000076293945,33.20000076293945,33.20000076293945,1880
2020-09-30,33.099998474121094,33.599998474121094,32.5,32.5,32.5,1660
2020-10-01,32.5,32.5,32.099998474121094,32.20000076293945,32.20000076293945,1480
2020-10-02,31.799999237060547,32.599998474121094,31.799999237060547,32.5,32.5,1320
2020-10-05,32.70000076293945,33.5,32.5,32.900001525878906,32.900001525878906,1260
2020-10-06,33.5,34.0,32.70000076293945,32.70000076293945,32.70000076293945,2680
2020-10-07,32.900001525878906,32.900001525878906,31.0,32.0,32.0,6590
2020-10-08,32.099998474121094,33.70000076293945,32.0,32.79999923706055,32.79999923706055,3810
2020-10-09,32.900001525878906,33.599998474121094,32.099998474121094,33.29999923706055,33.29999923706055,1670
2020-10-12,33.20000076293945,33.20000076293945,32.400001525878906,32.599998474121094,32.599998474121094,980
2020-10-13,32.5,33.0,32.099998474121094,32.20000076293945,32.20000076293945,1570
2020-10-14,32.5,32.79999923706055,32.20000076293945,32.29999923706055,32.29999923706055,26210
2020-10-15,32.20000076293945,33.20000076293945,31.600000381469727,32.79999923706055,32.79999923706055,21010
2020-10-16,32.599998474121094,34.0,32.599998474121094,33.5,33.5,2330
2020-10-19,33.79999923706055,33.79999923706055,32.900001525878906,33.099998474121094,33.099998474121094,32230
2020-10-20,37.5,38.400001525878906,34.5,36.400001525878906,36.400001525878906,56130
2020-10-21,37.5,38.0,36.099998474121094,37.099998474121094,37.099998474121094,17830
2020-10-22,36.79999923706055,38.900001525878906,36.79999923706055,37.29999923706055,37.29999923706055,11020
2020-10-23,38.5,38.5,37.0,37.099998474121094,37.099998474121094,7370
2020-10-26,37.599998474121094,38.099998474121094,36.29999923706055,36.29999923706055,36.29999923706055,7310
2020-10-27,35.599998474121094,37.5,35.29999923706055,36.70000076293945,36.70000076293945,5560
2020-10-28,36.20000076293945,36.79999923706055,34.29999923706055,34.599998474121094,34.599998474121094,6640
2020-10-29,34.400001525878906,34.599998474121094,33.20000076293945,34.099998474121094,34.099998474121094,6140
2020-10-30,33.599998474121094,34.0,32.5,32.599998474121094,32.599998474121094,5100
2020-11-02,32.599998474121094,33.400001525878906,32.5,32.79999923706055,32.79999923706055,4010
2020-11-03,32.900001525878906,34.79999923706055,32.900001525878906,34.70000076293945,34.70000076293945,3910
2020-11-04,34.70000076293945,35.400001525878906,34.5,34.5,34.5,2420
2020-11-05,34.400001525878906,36.70000076293945,34.20000076293945,34.900001525878906,34.900001525878906,12700
2020-11-06,35.099998474121094,35.29999923706055,34.70000076293945,35.0,35.0,5680
2020-11-09,36.900001525878906,37.0,35.70000076293945,36.400001525878906,36.400001525878906,7230
2020-11-10,36.29999923706055,36.70000076293945,35.5,35.70000076293945,35.70000076293945,5820
2020-11-11,35.79999923706055,37.29999923706055,35.79999923706055,36.79999923706055,36.79999923706055,4660
2020-11-12,36.70000076293945,37.20000076293945,36.0,36.79999923706055,36.79999923706055,3720
2020-11-13,37.099998474121094,38.20000076293945,37.0,37.29999923706055,37.29999923706055,4290
2020-11-16,37.20000076293945,37.70000076293945,35.79999923706055,36.900001525878906,36.900001525878906,5410
2020-11-17,36.79999923706055,36.900001525878906,35.099998474121094,35.5,35.5,4110
2020-11-18,36.0,37.400001525878906,36.0,36.5,36.5,2940
2020-11-19,36.599998474121094,39.29999923706055,36.599998474121094,39.0,39.0,12150
2020-11-20,40.0,42.29999923706055,39.5,42.099998474121094,42.099998474121094,73730
2020-11-23,43.0,44.599998474121094,39.29999923706055,39.79999923706055,39.79999923706055,40470
2020-11-24,42.0,42.900001525878906,40.0,41.79999923706055,41.79999923706055,16630
2020-11-25,42.0,42.599998474121094,38.79999923706055,40.79999923706055,40.79999923706055,11790
2020-11-27,40.599998474121094,43.5,40.20000076293945,42.79999923706055,42.79999923706055,16300
2020-11-30,42.900001525878906,44.400001525878906,41.70000076293945,43.5,43.5,48760
2020-12-01,42.5,43.0,39.599998474121094,42.5,42.5,49780
2020-12-02,41.900001525878906,43.599998474121094,41.29999923706055,43.5,43.5,23150
2020-12-03,43.900001525878906,45.900001525878906,43.79999923706055,45.79999923706055,45.79999923706055,78560
2020-12-04,45.900001525878906,46.20000076293945,45.0,45.099998474121094,45.099998474121094,26290
2020-12-07,46.0,46.0,44.29999923706055,45.20000076293945,45.20000076293945,13850
2020-12-08,45.099998474121094,45.20000076293945,42.0,43.70000076293945,43.70000076293945,23910
2020-12-09,43.70000076293945,45.5,43.099998474121094,44.900001525878906,44.900001525878906,19030
2020-12-10,43.900001525878906,45.70000076293945,43.900001525878906,44.900001525878906,44.900001525878906,17620
2020-12-11,44.900001525878906,45.79999923706055,44.400001525878906,45.0,45.0,8430
2020-12-14,44.70000076293945,46.70000076293945,44.70000076293945,46.20000076293945,46.20000076293945,34480
2020-12-15,45.79999923706055,48.0,45.79999923706055,47.400001525878906,47.400001525878906,48570
2020-12-16,47.79999923706055,47.900001525878906,44.79999923706055,47.20000076293945,47.20000076293945,22340
2020-12-17,47.5,48.599998474121094,46.599998474121094,48.599998474121094,48.599998474121094,97880
2020-12-18,49.0,50.400001525878906,47.400001525878906,47.400001525878906,47.400001525878906,22090
2020-12-21,47.099998474121094,47.099998474121094,45.5,46.29999923706055,46.29999923706055,25510
2020-12-22,46.5,49.400001525878906,46.20000076293945,47.29999923706055,47.29999923706055,42210
2020-12-23,45.20000076293945,48.0,45.20000076293945,46.79999923706055,46.79999923706055,42340
2020-12-24,47.20000076293945,49.400001525878906,47.099998474121094,48.900001525878906,48.900001525878906,16460
2020-12-28,49.20000076293945,52.099998474121094,48.900001525878906,51.5,51.5,41780
2020-12-29,52.20000076293945,58.0,52.20000076293945,56.79999923706055,56.79999923706055,77370
2020-12-30,57.5,59.099998474121094,55.5,56.5,56.5,41500
2020-12-31,58.599998474121094,58.599998474121094,54.29999923706055,54.5,54.5,15220
2021-01-04,53.5,54.5,49.79999923706055,51.5,51.5,44850
2021-01-05,51.79999923706055,53.20000076293945,51.5,51.599998474121094,51.599998474121094,15410
2021-01-06,51.5,52.79999923706055,51.20000076293945,52.29999923706055,52.29999923706055,36470
2021-01-07,53.5,56.79999923706055,53.099998474121094,56.29999923706055,56.29999923706055,30190
2021-01-08,56.70000076293945,59.400001525878906,55.79999923706055,56.599998474121094,56.599998474121094,42180
2021-01-11,55.099998474121094,56.900001525878906,53.599998474121094,54.70000076293945,54.70000076293945,32870
2021-01-12,55.099998474121094,57.70000076293945,54.0,57.099998474121094,57.099998474121094,36820
2021-01-13,57.5,57.5,53.599998474121094,54.79999923706055,54.79999923706055,28620
2021-01-14,55.0,56.400001525878906,50.900001525878906,51.0,51.0,32130
2021-01-15,50.900001525878906,53.0,48.70000076293945,49.599998474121094,49.599998474121094,43170
2021-01-19,51.20000076293945,51.29999923706055,48.400001525878906,49.099998474121094,49.099998474121094,22440
2021-01-20,49.400001525878906,50.400001525878906,48.099998474121094,48.599998474121094,48.599998474121094,15920
2021-01-21,48.099998474121094,48.79999923706055,45.29999923706055,45.79999923706055,45.79999923706055,39770
2021-01-22,46.0,48.79999923706055,45.900001525878906,47.70000076293945,47.70000076293945,21090
2021-01-25,48.400001525878906,51.900001525878906,48.400001525878906,51.5,51.5,33670
2021-01-26,52.099998474121094,52.5,50.29999923706055,51.400001525878906,51.400001525878906,11250
2021-01-27,50.79999923706055,51.099998474121094,47.900001525878906,48.099998474121094,48.099998474121094,16930
2021-01-28,48.20000076293945,50.900001525878906,48.20000076293945,50.20000076293945,50.20000076293945,14750
2021-01-29,49.79999923706055,52.0,48.29999923706055,50.099998474121094,50.099998474121094,16490
2021-02-01,49.70000076293945,54.099998474121094,49.099998474121094,53.400001525878906,53.400001525878906,49500
2021-02-02,54.29999923706055,55.0,52.5,53.70000076293945,53.70000076293945,29450
2021-02-03,54.29999923706055,56.099998474121094,52.20000076293945,54.20000076293945,54.20000076293945,40190
2021-02-04,56.5,62.79999923706055,52.5,62.70000076293945,62.70000076293945,148310
2021-02-05,63.79999923706055,64.80000305175781,59.0,60.5,60.5,81710
2021-02-08,61.70000076293945,63.70000076293945,61.5,62.70000076293945,62.70000076293945,36240
2021-02-09,62.599998474121094,63.0,58.0,58.70000076293945,58.70000076293945,43480
2021-02-10,59.0,59.29999923706055,52.900001525878906,54.900001525878906,54.900001525878906,73850
2021-02-11,62.599998474121094,67.30000305175781,60.5,65.0,65.0,366650
2021-02-12,61.20000076293945,73.0,60.5,71.0,71.0,182260
2021-02-16,72.30000305175781,82.0,71.5,79.0999984741211,79.0999984741211,427070
2021-02-17,80.30000305175781,81.69999694824219,71.9000015258789,75.69999694824219,75.69999694824219,182120
2021-02-18,75.0999984741211,76.5,68.4000015258789,73.30000305175781,73.30000305175781,105920
2021-02-19,76.5,79.80000305175781,73.30000305175781,75.30000305175781,75.30000305175781,94530
2021-02-22,74.0999984741211,78.19999694824219,70.69999694824219,71.9000015258789,71.9000015258789,85190
2021-02-23,68.9000015258789,70.69999694824219,60.20000076293945,70.19999694824219,70.19999694824219,113220
2021-02-24,70.19999694824219,72.69999694824219,69.19999694824219,70.30000305175781,70.30000305175781,40600
2021-02-25,71.5,73.0,66.5999984741211,67.0,67.0,48380
2021-02-26,66.80000305175781,68.9000015258789,64.5,67.9000015258789,67.9000015258789,60810
2021-03-01,69.9000015258789,73.9000015258789,69.19999694824219,73.30000305175781,73.30000305175781,104060
2021-03-02,75.5,75.69999694824219,70.0,70.9000015258789,70.9000015258789,64110
2021-03-03,71.0999984741211,73.19999694824219,67.30000305175781,68.19999694824219,68.19999694824219,63520
2021-03-04,69.0999984741211,70.9000015258789,61.70000076293945,62.400001525878906,62.400001525878906,99190
2021-03-05,63.5,64.5,56.5,62.599998474121094,62.599998474121094,127410
2021-03-08,63.29999923706055,65.0,59.29999923706055,61.599998474121094,61.599998474121094,53200
2021-03-09,62.79999923706055,66.80000305175781,62.70000076293945,65.5,65.5,37920
2021-03-10,67.30000305175781,69.9000015258789,65.4000015258789,66.80000305175781,66.80000305175781,49790
2021-03-11,68.5999984741211,69.30000305175781,66.0999984741211,68.9000015258789,68.9000015258789,41850
2021-03-12,68.0,68.5,66.5,68.0999984741211,68.0999984741211,31240
2021-03-15,68.0,70.30000305175781,67.19999694824219,69.4000015258789,69.4000015258789,28500
2021-03-16,70.0,70.30000305175781,66.19999694824219,67.80000305175781,67.80000305175781,30670
2021-03-17,66.80000305175781,69.9000015258789,64.19999694824219,68.9000015258789,68.9000015258789,46390
2021-03-18,68.5,70.9000015258789,66.5999984741211,66.9000015258789,66.9000015258789,34190
2021-03-19,66.30000305175781,66.9000015258789,64.80000305175781,64.80000305175781,64.80000305175781,49430
2021-03-22,65.30000305175781,66.5999984741211,61.79999923706055,62.5,62.5,42500
2021-03-23,62.099998474121094,63.099998474121094,54.70000076293945,56.599998474121094,56.599998474121094,121640
2021-03-24,56.599998474121094,58.20000076293945,54.29999923706055,54.29999923706055,54.29999923706055,43600
2021-03-25,53.400001525878906,55.400001525878906,51.900001525878906,54.5,54.5,43680
2021-03-26,54.400001525878906,58.79999923706055,54.099998474121094,58.29999923706055,58.29999923706055,43810
2021-03-29,57.70000076293945,58.5,52.70000076293945,54.099998474121094,54.099998474121094,47290
2021-03-30,53.599998474121094,54.5,52.599998474121094,53.70000076293945,53.70000076293945,21790
2021-03-31,54.0,55.29999923706055,53.79999923706055,54.599998474121094,54.599998474121094,25900
2021-04-01,55.79999923706055,57.70000076293945,55.599998474121094,57.400001525878906,57.400001525878906,24280
2021-04-05,58.099998474121094,60.0,56.79999923706055,59.0,59.0,35070
2021-04-06,59.79999923706055,61.900001525878906,58.900001525878906,60.70000076293945,60.70000076293945,44350
2021-04-07,60.70000076293945,63.20000076293945,58.900001525878906,61.599998474121094,61.599998474121094,55090
2021-04-08,62.5,62.70000076293945,60.0,62.5,62.5,49470
2021-04-09,62.099998474121094,63.0,61.5,62.29999923706055,62.29999923706055,17030
2021-04-12,62.0,63.099998474121094,59.400001525878906,62.70000076293945,62.70000076293945,56150
2021-04-13,63.099998474121094,63.099998474121094,59.79999923706055,61.900001525878906,61.900001525878906,30690
2021-04-14,61.900001525878906,62.900001525878906,61.5,62.099998474121094,62.099998474121094,22280
2021-04-15,62.900001525878906,62.900001525878906,60.20000076293945,60.29999923706055,60.29999923706055,32220
2021-04-16,60.79999923706055,60.79999923706055,57.5,59.29999923706055,59.29999923706055,39900
2021-04-19,62.70000076293945,64.9000015258789,60.29999923706055,62.79999923706055,62.79999923706055,109730
2021-04-20,63.0,63.599998474121094,60.599998474121094,61.20000076293945,61.20000076293945,37270
2021-04-21,60.599998474121094,62.900001525878906,59.099998474121094,62.70000076293945,62.70000076293945,49170
2021-04-22,62.70000076293945,64.5,62.29999923706055,62.5,62.5,34340
2021-04-23,62.400001525878906,66.4000015258789,62.400001525878906,65.4000015258789,65.4000015258789,41930
2021-04-26,65.5999984741211,67.5,65.0,65.5,65.5,34930
2021-04-27,66.9000015258789,66.9000015258789,64.69999694824219,64.9000015258789,64.9000015258789,22670
2021-04-28,64.5999984741211,65.69999694824219,63.5,65.4000015258789,65.4000015258789,30730
2021-04-29,66.4000015258789,67.4000015258789,64.4000015258789,65.80000305175781,65.80000305175781,35040
2021-04-30,65.0,65.0,62.0,62.29999923706055,62.29999923706055,41670
2021-05-03,62.599998474121094,63.20000076293945,61.29999923706055,62.400001525878906,62.400001525878906,37130
2021-05-04,61.5,62.400001525878906,59.70000076293945,62.0,62.0,27050
2021-05-05,62.5,63.0,61.099998474121094,61.099998474121094,61.099998474121094,18090
2021-05-06,63.599998474121094,64.5999984741211,57.5,62.5,62.5,76910
2021-05-07,63.20000076293945,73.0,62.900001525878906,72.80000305175781,72.80000305175781,171350
2021-05-10,72.5,77.9000015258789,71.0,74.5999984741211,74.5999984741211,75410
2021-05-11,71.69999694824219,76.69999694824219,68.80000305175781,74.9000015258789,74.9000015258789,47010
2021-05-12,73.80000305175781,73.9000015258789,69.80000305175781,70.69999694824219,70.69999694824219,32610
2021-05-13,71.4000015258789,74.0,69.5999984741211,73.0,73.0,49790
2021-05-14,73.19999694824219,78.0999984741211,72.0999984741211,76.9000015258789,76.9000015258789,78570
2021-05-17,77.0,82.19999694824219,76.69999694824219,80.9000015258789,80.9000015258789,81310
2021-05-18,81.5,83.69999694824219,80.0999984741211,81.69999694824219,81.69999694824219,74660
2021-05-19,80.0999984741211,88.5,77.5,87.80000305175781,87.80000305175781,153220
2021-05-20,88.0999984741211,94.0,88.0,92.69999694824219,92.69999694824219,112410
2021-05-21,94.19999694824219,95.0,87.80000305175781,91.9000015258789,91.9000015258789,71940
2021-05-24,91.80000305175781,93.0,88.0999984741211,90.80000305175781,90.80000305175781,42500
2021-05-25,91.0,93.69999694824219,88.30000305175781,88.30000305175781,88.30000305175781,46860
2021-05-26,93.80000305175781,98.9000015258789,92.80000305175781,98.4000015258789,98.4000015258789,100330
2021-05-27,98.80000305175781,100.19999694824219,94.5999984741211,97.0,97.0,36210
2021-05-28,98.4000015258789,98.9000015258789,95.69999694824219,97.0,97.0,27490
2021-06-01,98.0,99.5,93.5,98.4000015258789,98.4000015258789,41520
2021-06-02,99.5999984741211,99.5999984741211,95.69999694824219,96.5,96.5,41660
2021-06-03,94.9000015258789,95.80000305175781,90.9000015258789,93.69999694824219,93.69999694824219,43490
2021-06-04,94.19999694824219,97.4000015258789,94.0,96.30000305175781,96.30000305175781,28340
2021-06-07,96.5999984741211,102.9000015258789,96.5,99.5,99.5,68960
2021-06-08,99.4000015258789,101.5,97.9000015258789,100.5,100.5,45980
2021-06-09,100.5,102.0,98.4000015258789,99.9000015258789,99.9000015258789,43030
2021-06-10,100.0,101.4000015258789,95.5999984741211,97.5999984741211,97.5999984741211,31340
2021-06-11,97.80000305175781,99.0999984741211,96.0,97.0,97.0,32980
2021-06-14,96.5,108.0,96.5,103.5,103.5,145190
2021-06-15,104.0,105.80000305175781,98.9000015258789,102.30000305175781,102.30000305175781,78690
2021-06-16,102.30000305175781,103.5,98.30000305175781,102.19999694824219,102.19999694824219,47500
2021-06-17,101.5,104.5,99.69999694824219,99.69999694824219,99.69999694824219,55890
2021-06-18,97.0999984741211,102.5999984741211,95.4000015258789,97.4000015258789,97.4000015258789,185840
2021-06-21,99.0,105.5999984741211,98.5,101.0999984741211,101.0999984741211,89190
2021-06-22,101.4000015258789,107.4000015258789,100.0999984741211,106.5999984741211,106.5999984741211,116030
2021-06-23,107.5,107.5999984741211,102.5999984741211,102.80000305175781,102.80000305175781,64120
2021-06-24,103.0999984741211,108.69999694824219,102.5,103.4000015258789,103.4000015258789,84070
2021-06-25,103.9000015258789,107.0,98.4000015258789,99.9000015258789,99.9000015258789,525310
2021-06-28,100.5,101.5,97.19999694824219,98.19999694824219,98.19999694824219,57250
2021-06-29,97.80000305175781,99.5,94.0999984741211,95.4000015258789,95.4000015258789,61520
2021-06-30,95.19999694824219,95.9000015258789,90.80000305175781,92.19999694824219,92.19999694824219,82390
2021-07-01,92.0,96.0,91.5999984741211,95.5999984741211,95.5999984741211,71190
2021-07-02,95.19999694824219,97.0999984741211,93.30000305175781,93.30000305175781,93.30000305175781,36940
2021-07-06,93.30000305175781,95.69999694824219,92.4000015258789,95.0999984741211,95.0999984741211,47140
2021-07-07,94.5999984741211,95.5,89.4000015258789,91.5999984741211,91.5999984741211,44010
2021-07-08,86.9000015258789,91.5,86.5,89.19999694824219,89.19999694824219,39850
2021-07-09,90.0,92.5,89.0999984741211,92.0999984741211,92.0999984741211,29370
2021-07-12,92.0999984741211,94.5,90.4000015258789,94.0,94.0,32030
2021-07-13,94.19999694824219,94.4000015258789,89.5999984741211,90.4000015258789,90.4000015258789,42270
2021-07-14,91.30000305175781,92.19999694824219,88.80000305175781,89.19999694824219,89.19999694824219,34260
2021-07-15,88.4000015258789,89.0,82.5,84.5999984741211,84.5999984741211,43550
2021-07-16,85.4000015258789,85.4000015258789,81.5999984741211,81.9000015258789,81.9000015258789,26950
2021-07-19,80.0999984741211,83.19999694824219,78.0999984741211,81.80000305175781,81.80000305175781,51620
2021-07-20,82.5,86.80000305175781,81.30000305175781,86.4000015258789,86.4000015258789,32440
2021-07-21,87.30000305175781,92.80000305175781,87.30000305175781,90.80000305175781,90.80000305175781,64660
2021-07-22,90.5,91.9000015258789,85.30000305175781,88.0999984741211,88.0999984741211,25690
2021-07-23,89.19999694824219,90.0999984741211,84.69999694824219,86.0,86.0,17830
2021-07-26,86.4000015258789,88.5,85.5999984741211,86.0,86.0,23710
2021-07-27,84.69999694824219,85.69999694824219,81.30000305175781,83.5999984741211,83.5999984741211,27000
2021-07-28,84.5,88.5999984741211,84.4000015258789,87.69999694824219,87.69999694824219,18230
2021-07-29,88.80000305175781,90.80000305175781,87.5,90.0,90.0,25780
2021-07-30,88.9000015258789,91.0999984741211,86.9000015258789,87.4000015258789,87.4000015258789,28490
2021-08-02,88.0,89.0,85.9000015258789,86.30000305175781,86.30000305175781,27280
2021-08-03,85.9000015258789,87.0999984741211,83.19999694824219,85.0999984741211,85.0999984741211,31490
2021-08-04,83.5,86.0,82.0,82.4000015258789,82.4000015258789,60530
2021-08-05,82.69999694824219,94.5,81.0,91.5,91.5,82520
2021-08-06,92.19999694824219,92.5,87.4000015258789,90.4000015258789,90.4000015258789,38850
2021-08-09,90.0,91.4000015258789,87.0,87.5,87.5,33930
2021-08-10,87.5,87.80000305175781,83.0,83.30000305175781,83.30000305175781,23960
2021-08-11,83.19999694824219,83.19999694824219,80.5999984741211,82.9000015258789,82.9000015258789,26530
2021-08-12,83.30000305175781,83.80000305175781,80.19999694824219,81.30000305175781,81.30000305175781,34910
2021-08-13,81.0,81.0,77.5999984741211,78.30000305175781,78.30000305175781,33620
2021-08-16,76.80000305175781,76.80000305175781,72.80000305175781,73.9000015258789,73.9000015258789,51130
2021-08-17,72.5,72.5,69.0999984741211,69.30000305175781,69.30000305175781,51500
2021-08-18,69.69999694824219,71.69999694824219,69.30000305175781,69.5999984741211,69.5999984741211,42150
2021-08-19,68.30000305175781,68.69999694824219,66.9000015258789,68.4000015258789,68.4000015258789,40020
2021-08-20,68.4000015258789,69.5,67.9000015258789,68.9000015258789,68.9000015258789,42920
2021-08-23,70.0,73.5999984741211,69.5,73.30000305175781,73.30000305175781,46130
2021-08-24,73.30000305175781,75.30000305175781,72.80000305175781,74.69999694824219,74.69999694824219,41230
2021-08-25,74.4000015258789,76.69999694824219,74.0,76.5,76.5,47770
2021-08-26,77.0,77.0,74.80000305175781,75.19999694824219,75.19999694824219,37310
2021-08-27,75.4000015258789,77.30000305175781,75.4000015258789,76.5,76.5,47620
2021-08-30,77.0999984741211,77.19999694824219,74.5,74.80000305175781,74.80000305175781,30120
2021-08-31,74.80000305175781,75.30000305175781,73.30000305175781,74.80000305175781,74.80000305175781,31080
2021-09-01,75.0,76.5999984741211,73.69999694824219,74.0,74.0,29540
2021-09-02,74.19999694824219,79.19999694824219,74.19999694824219,77.80000305175781,77.80000305175781,30640
2021-09-03,77.80000305175781,78.0999984741211,75.30000305175781,77.19999694824219,77.19999694824219,11350
2021-09-07,76.80000305175781,78.0,76.5999984741211,77.30000305175781,77.30000305175781,16950
2021-09-08,77.0,77.0,73.5999984741211,73.80000305175781,73.80000305175781,34940
2021-09-09,73.5999984741211,75.5,73.5999984741211,74.69999694824219,74.69999694824219,32910
2021-09-10,75.4000015258789,75.5999984741211,73.4000015258789,73.4000015258789,73.4000015258789,21560
2021-09-13,74.0,74.30000305175781,72.69999694824219,73.30000305175781,73.30000305175781,19680
2021-09-14,73.5999984741211,73.5999984741211,70.69999694824219,71.19999694824219,71.19999694824219,23690
2021-09-15,71.0,71.4000015258789,70.0999984741211,70.9000015258789,70.9000015258789,22230
2021-09-16,71.0999984741211,73.0,69.5,72.4000015258789,72.4000015258789,26140
2021-09-17,72.5999984741211,72.9000015258789,70.5,71.19999694824219,71.19999694824219,30940
2021-09-20,68.80000305175781,69.19999694824219,67.0999984741211,68.0,68.0,19150
2021-09-21,68.0,68.80000305175781,65.80000305175781,66.0999984741211,66.0999984741211,24480
2021-09-22,66.69999694824219,69.5,66.5999984741211,68.5,68.5,30860
2021-09-23,69.19999694824219,70.80000305175781,68.19999694824219,70.19999694824219,70.19999694824219,29770
2021-09-24,69.4000015258789,72.5999984741211,69.19999694824219,71.80000305175781,71.80000305175781,57350
2021-09-27,71.69999694824219,72.4000015258789,70.80000305175781,71.0999984741211,71.0999984741211,19020
2021-09-28,70.69999694824219,76.0,70.0999984741211,74.4000015258789,74.4000015258789,58120
2021-09-29,75.0,75.5999984741211,74.0,75.0,75.0,21920
2021-09-30,75.80000305175781,77.5,74.4000015258789,74.80000305175781,74.80000305175781,24210
2021-10-01,75.4000015258789,76.5,74.19999694824219,76.19999694824219,76.19999694824219,17620
2021-10-04,76.0999984741211,76.19999694824219,73.19999694824219,73.9000015258789,73.9000015258789,31350
2021-10-05,74.0999984741211,75.4000015258789,73.0,73.0999984741211,73.0999984741211,19740
2021-10-06,72.5999984741211,73.4000015258789,71.4000015258789,71.80000305175781,71.80000305175781,19740
2021-10-07,72.69999694824219,74.80000305175781,72.69999694824219,73.0999984741211,73.0999984741211,20960
2021-10-08,73.0999984741211,73.80000305175781,71.19999694824219,71.5999984741211,71.5999984741211,28590
2021-10-11,72.19999694824219,73.9000015258789,71.5,71.5999984741211,71.5999984741211,18250
2021-10-12,71.5,72.19999694824219,69.9000015258789,72.0999984741211,72.0999984741211,28310
2021-10-13,72.0,73.69999694824219,71.5999984741211,73.19999694824219,73.19999694824219,13480
2021-10-14,73.80000305175781,76.5,73.80000305175781,76.19999694824219,76.19999694824219,23710
2021-10-15,76.5,77.4000015258789,75.5999984741211,76.0,76.0,21420
2021-10-18,75.30000305175781,76.30000305175781,74.0,74.4000015258789,74.4000015258789,17030
2021-10-19,74.5,74.69999694824219,73.0,73.9000015258789,73.9000015258789,13620
2021-10-20,74.0,75.19999694824219,73.0,74.0999984741211,74.0999984741211,9720
2021-10-21,74.0999984741211,75.30000305175781,72.9000015258789,73.9000015258789,73.9000015258789,17960
2021-10-22,73.80000305175781,73.80000305175781,70.69999694824219,70.9000015258789,70.9000015258789,16680
2021-10-25,71.0,72.5,70.5999984741211,71.5,71.5,14620
2021-10-26,71.5999984741211,71.80000305175781,69.80000305175781,70.0999984741211,70.0999984741211,15620
2021-10-27,70.0999984741211,72.80000305175781,69.69999694824219,71.19999694824219,71.19999694824219,20720
2021-10-28,71.5,74.0,70.80000305175781,73.19999694824219,73.19999694824219,19530
2021-10-29,73.0999984741211,75.19999694824219,72.30000305175781,74.80000305175781,74.80000305175781,40890
2021-11-01,75.80000305175781,75.80000305175781,72.69999694824219,75.0999984741211,75.0999984741211,22850
2021-11-02,74.30000305175781,78.30000305175781,74.30000305175781,78.0,78.0,28440
2021-11-03,78.5,82.80000305175781,77.80000305175781,82.0999984741211,82.0999984741211,29660
2021-11-04,82.19999694824219,83.9000015258789,80.4000015258789,82.0,82.0,22350
2021-11-05,82.80000305175781,85.5,82.0999984741211,82.69999694824219,82.69999694824219,19850
2021-11-08,83.69999694824219,87.30000305175781,83.69999694824219,86.5,86.5,28870
2021-11-09,86.9000015258789,87.30000305175781,84.0999984741211,84.80000305175781,84.80000305175781,17820
2021-11-10,84.5,85.30000305175781,81.9000015258789,82.5,82.5,17150
2021-11-11,82.9000015258789,85.5,82.9000015258789,84.0999984741211,84.0999984741211,15540
2021-11-12,84.5,86.69999694824219,83.80000305175781,86.5999984741211,86.5999984741211,14200
2021-11-15,86.69999694824219,87.0999984741211,84.0999984741211,85.19999694824219,85.19999694824219,15790
2021-11-16,85.4000015258789,86.0999984741211,83.30000305175781,84.0,84.0,30520
2021-11-17,84.0,84.5999984741211,79.80000305175781,80.0,80.0,35140
2021-11-18,79.80000305175781,79.9000015258789,76.69999694824219,78.19999694824219,78.19999694824219,31420
2021-11-19,77.19999694824219,78.19999694824219,75.69999694824219,77.19999694824219,77.19999694824219,25860
2021-11-22,77.9000015258789,78.69999694824219,75.9000015258789,77.5,77.5,26810
2021-11-23,76.9000015258789,80.30000305175781,76.9000015258789,79.9000015258789,79.9000015258789,25220
2021-11-24,79.19999694824219,80.0,77.9000015258789,79.19999694824219,79.19999694824219,9050
2021-11-26,75.80000305175781,77.69999694824219,73.30000305175781,76.80000305175781,76.80000305175781,21420
2021-11-29,77.30000305175781,78.5,73.80000305175781,75.4000015258789,75.4000015258789,18650
2021-11-30,74.5,75.4000015258789,71.80000305175781,73.69999694824219,73.69999694824219,29400
2021-12-01,74.0,75.19999694824219,65.19999694824219,66.5999984741211,66.5999984741211,133090
2021-12-02,66.5,67.5,63.5,66.80000305175781,66.80000305175781,106100
2021-12-03,66.9000015258789,67.19999694824219,64.69999694824219,66.0,66.0,35660
2021-12-06,66.5,67.5,65.0,67.0999984741211,67.0999984741211,27910
2021-12-07,68.0999984741211,72.30000305175781,67.9000015258789,70.0999984741211,70.0999984741211,37830
2021-12-08,69.9000015258789,70.30000305175781,68.5999984741211,69.0,69.0,28130
2021-12-09,68.5,69.9000015258789,66.5999984741211,66.80000305175781,66.80000305175781,48690
2021-12-10,66.9000015258789,68.4000015258789,64.5999984741211,65.4000015258789,65.4000015258789,23870
2021-12-13,63.70000076293945,68.30000305175781,63.599998474121094,65.5,65.5,53490
2021-12-14,65.0,66.5,64.0999984741211,64.5,64.5,37030
2021-12-15,63.79999923706055,65.5999984741211,62.900001525878906,65.0999984741211,65.0999984741211,48960
2021-12-16,65.30000305175781,66.4000015258789,62.900001525878906,63.0,63.0,45730
2021-12-17,62.5,64.5999984741211,61.29999923706055,63.79999923706055,63.79999923706055,257600
2021-12-20,63.29999923706055,65.0999984741211,61.599998474121094,64.9000015258789,64.9000015258789,56800
2021-12-21,65.9000015258789,66.5999984741211,63.79999923706055,65.80000305175781,65.80000305175781,50500
2021-12-22,64.69999694824219,69.0,64.30000305175781,68.80000305175781,68.80000305175781,60120
2021-12-23,68.80000305175781,72.0,68.5999984741211,71.80000305175781,71.80000305175781,23870
2021-12-27,71.5999984741211,75.30000305175781,71.0,72.69999694824219,72.69999694824219,38520
2021-12-28,72.4000015258789,72.5,70.19999694824219,70.30000305175781,70.30000305175781,16910
2021-12-29,69.9000015258789,72.9000015258789,69.0,71.5999984741211,71.5999984741211,20070
2021-12-30,71.19999694824219,72.0999984741211,70.0999984741211,70.0999984741211,70.0999984741211,26020
2021-12-31,70.0,71.4000015258789,69.80000305175781,69.80000305175781,69.80000305175781,32640
2022-01-03,70.0,71.69999694824219,69.5999984741211,70.30000305175781,70.30000305175781,32080
2022-01-04,70.5999984741211,72.9000015258789,69.30000305175781,71.80000305175781,71.80000305175781,49890
2022-01-05,72.0,72.30000305175781,68.0,68.30000305175781,68.30000305175781,24330
2022-01-06,68.69999694824219,69.30000305175781,66.0,66.4000015258789,66.4000015258789,52810
2022-01-07,65.80000305175781,67.30000305175781,65.0,65.0,65.0,20950
2022-01-10,64.80000305175781,64.80000305175781,62.79999923706055,64.0999984741211,64.0999984741211,21100
2022-01-11,64.19999694824219,67.0999984741211,63.400001525878906,66.4000015258789,66.4000015258789,22910
2022-01-12,66.5,67.80000305175781,65.5999984741211,67.30000305175781,67.30000305175781,38840
2022-01-13,67.4000015258789,68.30000305175781,62.599998474121094,63.20000076293945,63.20000076293945,45530
2022-01-14,62.70000076293945,62.70000076293945,61.29999923706055,62.400001525878906,62.400001525878906,25540
2022-01-18,61.70000076293945,62.599998474121094,59.79999923706055,60.0,60.0,38360
2022-01-19,59.79999923706055,60.400001525878906,57.0,57.70000076293945,57.70000076293945,63400
2022-01-20,58.20000076293945,59.400001525878906,56.29999923706055,56.400001525878906,56.400001525878906,32090
2022-01-21,55.5,56.20000076293945,53.400001525878906,53.599998474121094,53.599998474121094,49880
2022-01-24,54.0,59.20000076293945,53.0,58.79999923706055,58.79999923706055,60940
2022-01-25,58.29999923706055,59.599998474121094,56.900001525878906,58.5,58.5,28690
2022-01-26,59.20000076293945,60.0,56.79999923706055,57.599998474121094,57.599998474121094,42750
2022-01-27,60.0,60.0,54.400001525878906,54.79999923706055,54.79999923706055,25030
2022-01-28,54.20000076293945,55.5,52.79999923706055,55.5,55.5,18380
2022-01-31,56.099998474121094,58.70000076293945,55.5,58.099998474121094,58.099998474121094,27700
2022-02-01,58.099998474121094,58.20000076293945,55.599998474121094,57.0,57.0,42070
2022-02-02,57.099998474121094,58.0,54.79999923706055,56.5,56.5,35260
2022-02-03,55.70000076293945,56.400001525878906,54.900001525878906,55.0,55.0,23470
2022-02-04,54.599998474121094,57.099998474121094,53.20000076293945,56.599998474121094,56.599998474121094,31870
2022-02-07,56.79999923706055,58.29999923706055,56.599998474121094,57.29999923706055,57.29999923706055,18730
2022-02-08,57.0,59.099998474121094,57.0,58.20000076293945,58.20000076293945,24930
2022-02-09,58.79999923706055,59.400001525878906,58.29999923706055,58.900001525878906,58.900001525878906,52880
2022-02-10,43.0,43.5,39.0,40.70000076293945,40.70000076293945,300950
2022-02-11,40.099998474121094,40.400001525878906,38.29999923706055,38.599998474121094,38.599998474121094,86260
2022-02-14,39.0,41.20000076293945,38.0,39.5,39.5,92940
2022-02-15,40.70000076293945,42.29999923706055,40.099998474121094,40.5,40.5,70010
2022-02-16,40.0,40.29999923706055,39.29999923706055,39.900001525878906,39.900001525878906,39820
2022-02-17,39.29999923706055,40.0,38.79999923706055,39.099998474121094,39.099998474121094,29930
2022-02-18,38.900001525878906,40.79999923706055,38.70000076293945,40.20000076293945,40.20000076293945,37220
2022-02-22,39.5,40.29999923706055,39.0,39.400001525878906,39.400001525878906,40330
2022-02-23,40.0,40.099998474121094,38.29999923706055,38.400001525878906,38.400001525878906,40470
2022-02-24,37.29999923706055,40.20000076293945,36.70000076293945,39.70000076293945,39.70000076293945,54130
2022-02-25,39.70000076293945,40.79999923706055,39.0,40.400001525878906,40.400001525878906,50480
2022-02-28,39.900001525878906,40.29999923706055,38.599998474121094,38.79999923706055,38.79999923706055,36050
2022-03-01,39.29999923706055,39.79999923706055,38.70000076293945,39.099998474121094,39.099998474121094,55200
2022-03-02,39.099998474121094,39.79999923706055,38.29999923706055,39.400001525878906,39.400001525878906,48570
2022-03-03,39.79999923706055,39.79999923706055,37.79999923706055,37.900001525878906,37.900001525878906,51560
2022-03-04,37.29999923706055,38.20000076293945,36.20000076293945,37.099998474121094,37.099998474121094,50470
2022-03-07,37.0,37.70000076293945,36.599998474121094,36.900001525878906,36.900001525878906,37910
2022-03-08,37.29999923706055,38.29999923706055,36.599998474121094,36.70000076293945,36.70000076293945,44130
2022-03-09,37.599998474121094,38.5,37.20000076293945,37.79999923706055,37.79999923706055,38380
2022-03-10,37.099998474121094,37.5,36.70000076293945,36.900001525878906,36.900001525878906,22020
2022-03-11,37.20000076293945,37.5,36.0,36.099998474121094,36.099998474121094,28260
2022-03-14,36.20000076293945,36.599998474121094,35.5,36.29999923706055,36.29999923706055,35390
2022-03-15,36.400001525878906,37.20000076293945,36.099998474121094,37.20000076293945,37.20000076293945,29960
2022-03-16,37.400001525878906,38.900001525878906,36.599998474121094,37.099998474121094,37.099998474121094,57240
2022-03-17,37.099998474121094,38.70000076293945,36.70000076293945,38.0,38.0,21870
2022-03-18,38.0,39.20000076293945,37.900001525878906,38.29999923706055,38.29999923706055,52840
2022-03-21,38.79999923706055,38.79999923706055,37.099998474121094,37.900001525878906,37.900001525878906,34970
2022-03-22,38.0,38.599998474121094,37.20000076293945,37.599998474121094,37.599998474121094,31580
2022-03-23,37.599998474121094,37.599998474121094,36.099998474121094,36.599998474121094,36.599998474121094,46610
2022-03-24,36.5,37.29999923706055,36.29999923706055,37.20000076293945,37.20000076293945,34380
2022-03-25,37.5,37.5,35.29999923706055,35.5,35.5,40420
2022-03-28,35.400001525878906,36.099998474121094,35.0,35.79999923706055,35.79999923706055,37400
2022-03-29,36.20000076293945,37.79999923706055,36.20000076293945,37.400001525878906,37.400001525878906,45490
2022-03-30,37.5,38.79999923706055,37.0,37.099998474121094,37.099998474121094,47290
2022-03-31,37.20000076293945,37.400001525878906,36.5,37.0,37.0,29970
2022-04-01,37.29999923706055,37.79999923706055,36.5,36.900001525878906,36.900001525878906,29070
2022-04-04,37.0,37.29999923706055,36.400001525878906,37.20000076293945,37.20000076293945,26700
2022-04-05,36.70000076293945,37.099998474121094,35.599998474121094,35.79999923706055,35.79999923706055,33230
2022-04-06,35.599998474121094,36.099998474121094,34.29999923706055,35.79999923706055,35.79999923706055,59560
2022-04-07,35.79999923706055,36.599998474121094,35.0,36.20000076293945,36.20000076293945,32050
2022-04-08,36.20000076293945,36.70000076293945,35.400001525878906,36.29999923706055,36.29999923706055,39180
2022-04-11,36.20000076293945,37.5,35.70000076293945,36.599998474121094,36.599998474121094,61960
2022-04-12,37.099998474121094,37.29999923706055,35.0,35.0,35.0,63860
2022-04-13,35.0,37.099998474121094,34.599998474121094,36.79999923706055,36.79999923706055,53310
2022-04-14,37.0,38.099998474121094,36.599998474121094,36.79999923706055,36.79999923706055,41850
2022-04-18,36.900001525878906,37.79999923706055,36.400001525878906,36.5,36.5,38030
2022-04-19,36.5,36.900001525878906,35.5,36.0,36.0,49990
2022-04-20,36.29999923706055,36.599998474121094,35.79999923706055,36.099998474121094,36.099998474121094,42070
2022-04-21,36.5,37.099998474121094,34.900001525878906,35.400001525878906,35.400001525878906,43540
2022-04-22,35.20000076293945,35.5,33.900001525878906,34.20000076293945,34.20000076293945,37050
2022-04-25,34.20000076293945,34.900001525878906,33.79999923706055,34.79999923706055,34.79999923706055,34530
2022-04-26,34.20000076293945,35.099998474121094,33.5,33.599998474121094,33.599998474121094,34610
2022-04-27,33.599998474121094,34.20000076293945,33.20000076293945,33.79999923706055,33.79999923706055,41200
2022-04-28,34.099998474121094,35.900001525878906,33.400001525878906,35.599998474121094,35.599998474121094,48130
2022-04-29,35.099998474121094,36.900001525878906,34.20000076293945,34.5,34.5,40260
2022-05-02,34.599998474121094,36.70000076293945,34.599998474121094,36.0,36.0,55810
2022-05-03,35.900001525878906,36.70000076293945,35.599998474121094,35.900001525878906,35.900001525878906,61260
2022-05-04,35.70000076293945,36.20000076293945,34.20000076293945,36.099998474121094,36.099998474121094,40430
2022-05-05,32.79999923706055,33.29999923706055,30.5,30.799999237060547,30.799999237060547,79460
2022-05-06,30.399999618530273,32.70000076293945,30.399999618530273,32.5,32.5,56690
2022-05-09,31.799999237060547,32.5,30.5,31.200000762939453,31.200000762939453,73310
2022-05-10,31.899999618530273,33.099998474121094,30.899999618530273,32.5,32.5,54410
2022-05-11,32.29999923706055,32.900001525878906,30.5,30.700000762939453,30.700000762939453,42780
2022-05-12,30.299999237060547,32.5,30.299999237060547,31.799999237060547,31.799999237060547,33410
2022-05-13,32.29999923706055,32.599998474121094,31.399999618530273,31.899999618530273,31.899999618530273,39140
2022-05-16,31.700000762939453,32.099998474121094,31.0,31.399999618530273,31.399999618530273,27240
2022-05-17,32.0,32.599998474121094,31.299999237060547,32.20000076293945,32.20000076293945,22780
2022-05-18,31.600000381469727,32.099998474121094,31.0,31.100000381469727,31.100000381469727,23620
2022-05-19,31.100000381469727,31.899999618530273,30.799999237060547,31.299999237060547,31.299999237060547,25160
2022-05-20,31.799999237060547,32.0,30.200000762939453,31.100000381469727,31.100000381469727,24250
2022-05-23,31.200000762939453,32.0,30.799999237060547,30.899999618530273,30.899999618530273,16580
2022-05-24,30.600000381469727,31.200000762939453,29.700000762939453,30.899999618530273,30.899999618530273,23840
2022-05-25,30.600000381469727,31.899999618530273,30.5,31.299999237060547,31.299999237060547,19080
2022-05-26,31.5,32.79999923706055,31.399999618530273,32.5,32.5,42410
2022-05-27,32.900001525878906,33.5,32.599998474121094,33.29999923706055,33.29999923706055,40690
2022-05-31,33.099998474121094,33.599998474121094,32.599998474121094,33.0,33.0,16860
2022-06-01,33.20000076293945,33.29999923706055,31.600000381469727,31.899999618530273,31.899999618530273,30850
2022-06-02,32.0,34.900001525878906,31.799999237060547,34.70000076293945,34.70000076293945,29670
2022-06-03,34.099998474121094,35.599998474121094,33.5,35.0,35.0,41960
2022-06-06,35.0,35.599998474121094,33.70000076293945,34.0,34.0,33340
2022-06-07,33.5,35.599998474121094,33.400001525878906,35.400001525878906,35.400001525878906,46690
2022-06-08,35.099998474121094,36.0,34.29999923706055,35.0,35.0,33330
2022-06-09,34.70000076293945,35.400001525878906,33.79999923706055,34.099998474121094,34.099998474121094,30160
2022-06-10,33.70000076293945,33.70000076293945,31.5,32.0,32.0,40570
2022-06-13,30.799999237060547,32.70000076293945,30.399999618530273,32.0,32.0,76480
2022-06-14,32.599998474121094,32.70000076293945,31.299999237060547,31.899999618530273,31.899999618530273,31840
2022-06-15,32.599998474121094,33.70000076293945,31.700000762939453,33.099998474121094,33.099998474121094,30670
2022-06-16,32.099998474121094,32.400001525878906,30.799999237060547,31.700000762939453,31.700000762939453,56040
2022-06-17,31.600000381469727,32.70000076293945,30.100000381469727,31.100000381469727,31.100000381469727,173250
2022-06-21,31.399999618530273,33.70000076293945,31.100000381469727,33.099998474121094,33.099998474121094,73540
2022-06-22,32.5,34.099998474121094,32.5,33.20000076293945,33.20000076293945,49170
2022-06-23,33.099998474121094,34.5,32.400001525878906,34.5,34.5,58530
2022-06-24,34.5,36.5,33.900001525878906,34.5,34.5,560080
2022-06-27,34.29999923706055,34.79999923706055,32.29999923706055,32.79999923706055,32.79999923706055,64360
2022-06-28,32.79999923706055,34.20000076293945,32.79999923706055,32.900001525878906,32.900001525878906,49860
2022-06-29,32.5,32.70000076293945,30.799999237060547,31.299999237060547,31.299999237060547,36580
2022-06-30,30.799999237060547,31.200000762939453,30.100000381469727,30.700000762939453,30.700000762939453,34730
2022-07-01,30.799999237060547,31.0,29.5,30.899999618530273,30.899999618530273,40640
2022-07-05,30.399999618530273,31.200000762939453,29.399999618530273,31.0,31.0,38220
2022-07-06,31.0,32.400001525878906,30.700000762939453,31.299999237060547,31.299999237060547,19800
2022-07-07,31.600000381469727,32.5,31.299999237060547,32.0,32.0,31380
2022-07-08,31.799999237060547,32.400001525878906,31.600000381469727,32.099998474121094,32.099998474121094,19570
2022-07-11,31.799999237060547,32.70000076293945,31.100000381469727,31.5,31.5,16310
2022-07-12,32.0,32.099998474121094,30.899999618530273,31.100000381469727,31.100000381469727,21650
2022-07-13,30.700000762939453,31.899999618530273,30.700000762939453,31.5,31.5,26000
2022-07-14,31.0,32.70000076293945,30.799999237060547,31.899999618530273,31.899999618530273,31520
2022-07-15,32.400001525878906,32.400001525878906,31.100000381469727,31.600000381469727,31.600000381469727,21780
2022-07-18,31.799999237060547,32.5,31.600000381469727,32.0,32.0,22900
2022-07-19,32.099998474121094,33.400001525878906,32.099998474121094,33.0,33.0,24160
2022-07-20,33.0,34.29999923706055,32.70000076293945,34.0,34.0,23780
2022-07-21,34.099998474121094,34.599998474121094,32.70000076293945,34.20000076293945,34.20000076293945,25260
2022-07-22,34.099998474121094,34.5,33.29999923706055,33.79999923706055,33.79999923706055,24100
2022-07-25,33.70000076293945,34.5,33.20000076293945,33.79999923706055,33.79999923706055,21790
2022-07-26,33.599998474121094,33.79999923706055,32.5,32.599998474121094,32.599998474121094,19350
2022-07-27,32.79999923706055,33.099998474121094,31.700000762939453,32.099998474121094,32.099998474121094,29950
2022-07-28,32.0,32.70000076293945,31.5,32.5,32.5,29460
2022-07-29,32.599998474121094,32.599998474121094,31.5,32.0,32.0,31420
2022-08-01,31.899999618530273,31.899999618530273,30.799999237060547,31.100000381469727,31.100000381469727,41720
2022-08-02,31.0,33.29999923706055,30.700000762939453,33.20000076293945,33.20000076293945,93770
2022-08-03,33.29999923706055,34.29999923706055,32.79999923706055,33.79999923706055,33.79999923706055,68550
2022-08-04,34.0,34.099998474121094,33.20000076293945,33.79999923706055,33.79999923706055,53900
2022-08-05,33.400001525878906,34.79999923706055,33.099998474121094,34.0,34.0,54740
2022-08-08,34.79999923706055,34.900001525878906,32.5,32.599998474121094,32.599998474121094,36540
2022-08-09,32.70000076293945,32.70000076293945,31.0,31.299999237060547,31.299999237060547,24690
2022-08-10,28.5,28.799999237060547,24.5,25.5,25.5,190370
2022-08-11,25.799999237060547,26.100000381469727,25.0,25.899999618530273,25.899999618530273,119540
2022-08-12,25.799999237060547,29.5,25.399999618530273,28.799999237060547,28.799999237060547,108820
2022-08-15,29.0,30.399999618530273,28.100000381469727,29.200000762939453,29.200000762939453,58350
2022-08-16,29.200000762939453,29.200000762939453,27.200000762939453,27.299999237060547,27.299999237060547,41920
2022-08-17,27.100000381469727,27.200000762939453,26.0,26.5,26.5,52020
2022-08-18,26.399999618530273,27.799999237060547,26.399999618530273,27.399999618530273,27.399999618530273,48290
2022-08-19,26.799999237060547,27.0,25.899999618530273,25.899999618530273,25.899999618530273,43480
2022-08-22,25.5,26.100000381469727,24.899999618530273,25.600000381469727,25.600000381469727,56100
2022-08-23,25.5,25.5,24.299999237060547,25.200000762939453,25.200000762939453,53050
2022-08-24,25.5,25.600000381469727,24.399999618530273,24.899999618530273,24.899999618530273,38010
2022-08-25,25.0,25.100000381469727,24.399999618530273,24.799999237060547,24.799999237060547,41880
2022-08-26,25.0,25.0,24.200000762939453,24.5,24.5,24690
2022-08-29,24.799999237060547,25.299999237060547,23.700000762939453,24.799999237060547,24.799999237060547,39090
2022-08-30,24.799999237060547,25.200000762939453,24.200000762939453,24.399999618530273,24.399999618530273,20440
2022-08-31,24.399999618530273,24.399999618530273,23.5,23.799999237060547,23.799999237060547,34000
2022-09-01,23.399999618530273,23.600000381469727,22.299999237060547,22.700000762939453,22.700000762939453,24700
2022-09-02,23.0,23.0,21.5,21.899999618530273,21.899999618530273,22510
2022-09-06,22.0,22.200000762939453,21.100000381469727,21.899999618530273,21.899999618530273,39950
2022-09-07,21.799999237060547,22.299999237060547,21.600000381469727,22.200000762939453,22.200000762939453,21770
2022-09-08,22.299999237060547,22.399999618530273,21.700000762939453,22.200000762939453,22.200000762939453,19310
2022-09-09,22.200000762939453,22.700000762939453,22.0,22.5,22.5,17110
2022-09-12,22.299999237060547,23.600000381469727,22.299999237060547,22.899999618530273,22.899999618530273,18100
2022-09-13,22.100000381469727,22.399999618530273,21.700000762939453,21.799999237060547,21.799999237060547,12880
2022-09-14,21.700000762939453,21.899999618530273,21.399999618530273,21.600000381469727,21.600000381469727,15650
2022-09-15,21.5,21.700000762939453,20.600000381469727,20.600000381469727,20.600000381469727,17710
2022-09-16,20.5,20.700000762939453,19.5,20.200000762939453,20.200000762939453,133310
2022-09-19,19.799999237060547,20.5,19.399999618530273,20.299999237060547,20.299999237060547,30120
2022-09-20,20.0,20.200000762939453,18.899999618530273,19.200000762939453,19.200000762939453,23400
2022-09-21,18.899999618530273,19.200000762939453,18.399999618530273,18.799999237060547,18.799999237060547,38760
2022-09-22,18.700000762939453,18.899999618530273,18.200000762939453,18.399999618530273,18.399999618530273,22040
2022-09-23,17.700000762939453,18.100000381469727,17.299999237060547,17.899999618530273,17.899999618530273,29520
2022-09-26,17.700000762939453,18.200000762939453,17.100000381469727,17.399999618530273,17.399999618530273,30160
2022-09-27,17.299999237060547,17.600000381469727,16.899999618530273,17.0,17.0,21260
2022-09-28,17.200000762939453,18.299999237060547,17.0,17.899999618530273,17.899999618530273,26380
2022-09-29,17.700000762939453,17.700000762939453,16.799999237060547,16.899999618530273,16.899999618530273,12470
2022-09-30,17.0,17.5,16.700000762939453,16.700000762939453,16.700000762939453,15930
2022-10-03,17.200000762939453,17.299999237060547,16.700000762939453,17.200000762939453,17.200000762939453,30030
2022-10-04,17.399999618530273,18.299999237060547,17.299999237060547,17.700000762939453,17.700000762939453,24030
2022-10-05,17.5,17.799999237060547,17.0,17.0,17.0,16920
2022-10-06,16.700000762939453,17.200000762939453,16.700000762939453,17.0,17.0,14420
2022-10-07,17.0,17.0,16.200000762939453,16.299999237060547,16.299999237060547,16250
2022-10-10,16.299999237060547,16.799999237060547,14.300000190734863,14.899999618530273,14.899999618530273,85090
2022-10-11,14.800000190734863,15.600000381469727,14.399999618530273,15.100000381469727,15.100000381469727,59910
2022-10-12,15.0,15.199999809265137,14.399999618530273,14.399999618530273,14.399999618530273,19630
2022-10-13,14.100000381469727,14.800000190734863,13.600000381469727,14.800000190734863,14.800000190734863,55130
2022-10-14,14.899999618530273,14.899999618530273,14.0,14.199999809265137,14.199999809265137,19620
2022-10-17,14.199999809265137,15.399999618530273,14.199999809265137,15.199999809265137,15.199999809265137,20930
2022-10-18,16.0,16.100000381469727,15.0,15.600000381469727,15.600000381469727,26020
2022-10-19,15.5,15.899999618530273,15.199999809265137,15.199999809265137,15.199999809265137,8400
2022-10-20,15.100000381469727,15.399999618530273,14.899999618530273,15.199999809265137,15.199999809265137,16690
2022-10-21,15.0,15.800000190734863,14.899999618530273,15.300000190734863,15.300000190734863,14180
2022-10-24,15.5,15.699999809265137,15.100000381469727,15.300000190734863,15.300000190734863,9530
2022-10-25,15.100000381469727,16.299999237060547,15.100000381469727,15.800000190734863,15.800000190734863,20430
2022-10-26,15.699999809265137,16.100000381469727,15.399999618530273,15.699999809265137,15.699999809265137,16530
2022-10-27,15.800000190734863,15.899999618530273,15.0,15.199999809265137,15.199999809265137,13570
2022-10-28,15.0,16.100000381469727,15.0,15.5,15.5,21710
2022-10-31,15.5,15.5,15.0,15.300000190734863,15.300000190734863,12110
2022-11-01,15.5,15.699999809265137,15.100000381469727,15.5,15.5,17140
2022-11-02,15.5,15.600000381469727,14.699999809265137,14.899999618530273,14.899999618530273,16140
2022-11-03,14.899999618530273,15.600000381469727,14.399999618530273,15.300000190734863,15.300000190734863,24040
2022-11-04,15.699999809265137,15.699999809265137,15.199999809265137,15.600000381469727,15.600000381469727,14100
2022-11-07,15.800000190734863,16.100000381469727,15.100000381469727,15.199999809265137,15.199999809265137,14100
2022-11-08,15.600000381469727,15.800000190734863,15.0,15.300000190734863,15.300000190734863,21510
2022-11-09,15.399999618530273,15.600000381469727,15.0,15.199999809265137,15.199999809265137,26910
2022-11-10,15.199999809265137,15.600000381469727,15.100000381469727,15.5,15.5,21310
2022-11-11,15.699999809265137,16.399999618530273,15.5,15.899999618530273,15.899999618530273,29930
2022-11-14,15.699999809265137,15.899999618530273,15.199999809265137,15.300000190734863,15.300000190734863,13440
2022-11-15,15.600000381469727,16.200000762939453,15.600000381469727,15.899999618530273,15.899999618530273,23460
2022-11-16,15.800000190734863,16.0,15.199999809265137,15.199999809265137,15.199999809265137,28040
2022-11-17,15.100000381469727,15.399999618530273,15.0,15.0,15.0,9930
2022-11-18,15.0,15.600000381469727,15.0,15.300000190734863,15.300000190734863,18710
2022-11-21,15.100000381469727,15.5,14.899999618530273,14.899999618530273,14.899999618530273,14010
2022-11-22,15.0,15.100000381469727,14.0,14.800000190734863,14.800000190734863,23130
2022-11-23,15.0,15.0,14.300000190734863,14.5,14.5,27390
2022-11-25,14.5,15.0,14.300000190734863,14.800000190734863,14.800000190734863,9980
2022-11-28,14.699999809265137,14.899999618530273,14.100000381469727,14.100000381469727,14.100000381469727,12030
2022-11-29,14.100000381469727,14.399999618530273,13.699999809265137,14.0,14.0,19500
2022-11-30,14.0,14.399999618530273,13.600000381469727,14.199999809265137,14.199999809265137,31710
2022-12-01,14.100000381469727,14.699999809265137,14.0,14.199999809265137,14.199999809265137,25860
2022-12-02,14.199999809265137,15.0,13.800000190734863,13.800000190734863,13.800000190734863,18590
2022-12-05,14.0,14.0,13.600000381469727,13.600000381469727,13.600000381469727,13230
2022-12-06,13.699999809265137,13.899999618530273,13.0,13.0,13.0,34870
2022-12-07,13.199999809265137,13.600000381469727,12.300000190734863,12.399999618530273,12.399999618530273,44650
2022-12-08,12.300000190734863,13.300000190734863,12.300000190734863,12.899999618530273,12.899999618530273,26970
2022-12-09,12.699999809265137,13.699999809265137,12.699999809265137,13.5,13.5,25690
2022-12-12,13.300000190734863,13.399999618530273,12.399999618530273,12.5,12.5,57380
2022-12-13,12.800000190734863,13.899999618530273,12.800000190734863,13.699999809265137,13.699999809265137,52250
2022-12-14,13.699999809265137,13.899999618530273,13.0,13.5,13.5,36500
2022-12-15,13.199999809265137,14.100000381469727,13.0,13.699999809265137,13.699999809265137,46600
2022-12-16,13.399999618530273,14.300000190734863,13.399999618530273,13.699999809265137,13.699999809265137,270190
2022-12-19,13.699999809265137,14.100000381469727,13.399999618530273,13.399999618530273,13.399999618530273,37270
2022-12-20,13.5,13.699999809265137,13.199999809265137,13.199999809265137,13.199999809265137,32060
2022-12-21,11.5,12.300000190734863,10.600000381469727,11.199999809265137,11.199999809265137,139530
2022-12-22,10.399999618530273,10.699999809265137,9.399999618530273,10.199999809265137,10.199999809265137,70610
2022-12-23,10.0,10.100000381469727,9.699999809265137,9.699999809265137,9.699999809265137,97320
2022-12-27,9.399999618530273,9.5,8.699999809265137,8.899999618530273,8.899999618530273,67660
2022-12-28,9.100000381469727,9.199999809265137,8.600000381469727,8.800000190734863,8.800000190734863,73480
2022-12-29,8.899999618530273,9.699999809265137,8.899999618530273,9.399999618530273,9.399999618530273,86020
2022-12-30,9.5,10.399999618530273,9.399999618530273,9.600000381469727,9.600000381469727,42920
2023-01-03,10.0,10.399999618530273,9.399999618530273,9.5,9.5,29000
2023-01-04,9.399999618530273,10.0,9.399999618530273,9.399999618530273,9.399999618530273,34170
2023-01-05,9.5,9.800000190734863,9.199999809265137,9.199999809265137,9.199999809265137,31230
2023-01-06,9.300000190734863,9.800000190734863,9.0,9.199999809265137,9.199999809265137,28430
2023-01-09,9.600000381469727,11.5,9.600000381469727,11.199999809265137,11.199999809265137,42640
2023-01-10,11.699999809265137,11.800000190734863,10.5,11.300000190734863,11.300000190734863,36790
2023-01-11,11.399999618530273,12.800000190734863,11.399999618530273,11.899999618530273,11.899999618530273,61570
2023-01-12,12.300000190734863,12.5,11.899999618530273,12.100000381469727,12.100000381469727,22000
2023-01-13,12.0,12.399999618530273,11.300000190734863,12.0,12.0,19920
2023-01-17,11.899999618530273,12.199999809265137,11.199999809265137,11.399999618530273,11.399999618530273,22010
2023-01-18,11.600000381469727,12.100000381469727,11.300000190734863,11.699999809265137,11.699999809265137,17130
2023-01-19,11.699999809265137,11.899999618530273,11.100000381469727,11.399999618530273,11.399999618530273,26700
2023-01-20,11.5,11.699999809265137,11.0,11.5,11.5,18010
2023-01-23,11.399999618530273,12.0,11.199999809265137,11.699999809265137,11.699999809265137,13570
2023-01-24,11.899999618530273,11.899999618530273,11.399999618530273,11.600000381469727,11.600000381469727,8820
2023-01-25,11.399999618530273,12.100000381469727,11.300000190734863,11.600000381469727,11.600000381469727,18420
2023-01-26,11.699999809265137,12.899999618530273,11.699999809265137,12.699999809265137,12.699999809265137,26340
2023-01-27,12.699999809265137,13.0,12.300000190734863,12.699999809265137,12.699999809265137,14470
2023-01-30,13.0,13.0,12.300000190734863,12.399999618530273,12.399999618530273,23570
2023-01-31,12.5,12.800000190734863,12.199999809265137,12.399999618530273,12.399999618530273,16970
2023-02-01,12.5,13.0,12.300000190734863,12.399999618530273,12.399999618530273,23920
2023-02-02,12.800000190734863,13.199999809265137,12.699999809265137,12.699999809265137,12.699999809265137,27230
2023-02-03,12.800000190734863,13.899999618530273,12.699999809265137,13.5,13.5,34280
2023-02-06,13.800000190734863,13.800000190734863,12.5,12.600000381469727,12.600000381469727,31250
2023-02-07,12.699999809265137,13.300000190734863,12.699999809265137,13.300000190734863,13.300000190734863,17950
2023-02-08,13.5,13.5,12.699999809265137,13.199999809265137,13.199999809265137,24120
2023-02-09,14.199999809265137,14.300000190734863,13.100000381469727,13.300000190734863,13.300000190734863,85500
2023-02-10,13.399999618530273,13.600000381469727,12.899999618530273,13.399999618530273,13.399999618530273,24860
2023-02-13,13.600000381469727,13.800000190734863,13.100000381469727,13.699999809265137,13.699999809265137,16130
2023-02-14,14.0,14.0,13.0,13.300000190734863,13.300000190734863,66320
2023-02-15,12.5,13.300000190734863,11.5,12.199999809265137,12.199999809265137,417540
2023-02-16,12.300000190734863,13.300000190734863,12.300000190734863,13.199999809265137,13.199999809265137,78960
2023-02-17,13.100000381469727,14.100000381469727,12.899999618530273,13.899999618530273,13.899999618530273,83780
2023-02-21,13.899999618530273,14.300000190734863,13.300000190734863,13.800000190734863,13.800000190734863,62160
2023-02-22,13.699999809265137,14.899999618530273,13.5,14.600000381469727,14.600000381469727,55990
2023-02-23,14.699999809265137,14.800000190734863,14.199999809265137,14.300000190734863,14.300000190734863,42100
2023-02-24,14.199999809265137,14.399999618530273,12.800000190734863,12.800000190734863,12.800000190734863,76240
2023-02-27,13.399999618530273,14.300000190734863,13.0,13.899999618530273,13.899999618530273,50050
2023-02-28,14.0,14.399999618530273,13.5,14.399999618530273,14.399999618530273,39590
2023-03-01,14.600000381469727,14.899999618530273,14.199999809265137,14.600000381469727,14.600000381469727,30210
2023-03-02,14.5,14.899999618530273,13.899999618530273,14.0,14.0,36340
2023-03-03,14.0,14.300000190734863,13.899999618530273,14.0,14.0,16000
2023-03-06,13.800000190734863,14.199999809265137,13.600000381469727,13.600000381469727,13.600000381469727,20230
2023-03-07,13.600000381469727,13.699999809265137,13.100000381469727,13.199999809265137,13.199999809265137,7230
2023-03-08,13.300000190734863,13.300000190734863,12.5,12.699999809265137,12.699999809265137,18880
2023-03-09,12.699999809265137,12.800000190734863,11.800000190734863,11.899999618530273,11.899999618530273,18400
2023-03-10,11.800000190734863,11.899999618530273,11.399999618530273,11.600000381469727,11.600000381469727,34520
2023-03-13,11.0,11.399999618530273,10.800000190734863,11.100000381469727,11.100000381469727,66510
2023-03-14,11.199999809265137,12.399999618530273,11.199999809265137,11.399999618530273,11.399999618530273,90160
2023-03-15,11.100000381469727,11.5,11.0,11.300000190734863,11.300000190734863,20030
2023-03-16,11.0,11.5,11.0,11.300000190734863,11.300000190734863,32060
2023-03-17,11.399999618530273,11.399999618530273,10.5,10.800000190734863,10.800000190734863,80660
2023-03-20,10.699999809265137,11.399999618530273,10.600000381469727,11.0,11.0,23000
2023-03-21,11.100000381469727,11.800000190734863,11.0,11.300000190734863,11.300000190734863,33980
2023-03-22,11.5,11.5,11.0,11.0,11.0,7000
2023-03-23,11.300000190734863,11.5,11.0,11.5,11.5,11250
2023-03-24,10.899999618530273,11.199999809265137,10.699999809265137,11.199999809265137,11.199999809265137,9300
2023-03-27,11.5,11.5,11.100000381469727,11.199999809265137,11.199999809265137,10770
2023-03-28,11.5,11.699999809265137,11.300000190734863,11.399999618530273,11.399999618530273,13240
2023-03-29,11.699999809265137,12.5,11.300000190734863,11.899999618530273,11.899999618530273,24700
2023-03-30,12.100000381469727,12.100000381469727,11.5,11.5,11.5,4520
2023-03-31,11.399999618530273,11.800000190734863,11.300000190734863,11.5,11.5,14300
2023-04-03,11.300000190734863,11.699999809265137,11.0,11.399999618530273,11.399999618530273,23770
2023-04-04,11.199999809265137,11.5,11.0,11.100000381469727,11.100000381469727,11490
2023-04-05,10.600000381469727,11.399999618530273,10.600000381469727,11.399999618530273,11.399999618530273,13160
2023-04-06,11.199999809265137,11.5,11.199999809265137,11.300000190734863,11.300000190734863,5940
2023-04-10,11.399999618530273,11.5,11.199999809265137,11.199999809265137,11.199999809265137,6350
2023-04-11,11.199999809265137,11.600000381469727,11.0,11.0,11.0,11510
2023-04-12,10.899999618530273,11.399999618530273,10.899999618530273,11.100000381469727,11.100000381469727,13230
2023-04-13,10.800000190734863,11.300000190734863,10.800000190734863,11.0,11.0,14180
2023-04-14,11.0,11.0,10.399999618530273,10.600000381469727,10.600000381469727,19980
2023-04-17,10.600000381469727,10.800000190734863,10.199999809265137,10.5,10.5,30250
2023-04-18,10.5,10.699999809265137,9.800000190734863,9.800000190734863,9.800000190734863,60450
2023-04-19,9.899999618530273,10.699999809265137,9.800000190734863,10.0,10.0,36790
2023-04-20,9.800000190734863,10.300000190734863,9.800000190734863,10.100000381469727,10.100000381469727,17710
2023-04-21,10.5,11.300000190734863,10.100000381469727,10.699999809265137,10.699999809265137,64630
2023-04-24,10.5,11.5,10.399999618530273,11.199999809265137,11.199999809265137,53880
2023-04-25,11.0,11.399999618530273,11.0,11.0,11.0,10880
2023-04-26,11.199999809265137,11.300000190734863,10.800000190734863,11.0,11.0,10580
2023-04-27,11.0,11.399999618530273,10.800000190734863,11.0,11.0,10890
2023-04-28,10.899999618530273,11.100000381469727,10.600000381469727,10.899999618530273,10.899999618530273,7650
2023-05-01,10.699999809265137,11.100000381469727,10.199999809265137,10.300000190734863,10.300000190734863,11790
2023-05-02,10.100000381469727,10.699999809265137,9.899999618530273,10.699999809265137,10.699999809265137,20560
2023-05-03,10.600000381469727,10.699999809265137,10.100000381469727,10.600000381469727,10.600000381469727,17440
2023-05-04,10.5,11.300000190734863,10.300000190734863,11.100000381469727,11.100000381469727,55290
2023-05-05,10.899999618530273,11.399999618530273,10.399999618530273,10.600000381469727,10.600000381469727,47190
2023-05-08,10.5,10.699999809265137,10.0,10.0,10.0,26510
2023-05-09,10.0,10.300000190734863,9.699999809265137,10.0,10.0,71480
2023-05-10,10.199999809265137,10.300000190734863,9.800000190734863,10.0,10.0,36850
2023-05-11,9.699999809265137,10.0,9.199999809265137,9.5,9.5,30320
2023-05-12,9.600000381469727,9.600000381469727,8.899999618530273,9.199999809265137,9.199999809265137,39000
2023-05-15,9.0,9.5,8.699999809265137,9.0,9.0,40250
2023-05-16,9.0,9.5,8.800000190734863,9.0,9.0,16270
2023-05-17,8.800000190734863,9.300000190734863,8.399999618530273,8.800000190734863,8.800000190734863,29870
2023-05-18,8.600000381469727,9.100000381469727,8.600000381469727,8.800000190734863,8.800000190734863,35230
2023-05-19,9.399999618530273,9.399999618530273,9.0,9.100000381469727,9.100000381469727,19260
2023-05-22,8.899999618530273,9.399999618530273,8.800000190734863,8.899999618530273,8.899999618530273,21450
2023-05-23,8.899999618530273,9.0,8.5,8.800000190734863,8.800000190734863,34930
2023-05-24,8.800000190734863,8.800000190734863,8.199999809265137,8.600000381469727,8.600000381469727,29280
2023-05-25,9.0,9.0,7.800000190734863,8.0,8.0,78170
2023-05-26,8.0,8.100000381469727,7.599999904632568,7.699999809265137,7.699999809265137,36870
2023-05-30,7.699999809265137,8.100000381469727,7.599999904632568,7.800000190734863,7.800000190734863,18550
2023-05-31,7.800000190734863,8.0,7.400000095367432,7.5,7.5,22480
2023-06-01,7.599999904632568,7.599999904632568,7.0,7.199999809265137,7.199999809265137,50330
2023-06-02,7.099999904632568,7.699999809265137,7.0,7.5,7.5,18460
2023-06-05,7.599999904632568,7.900000095367432,7.300000190734863,7.5,7.5,14230
2023-06-06,7.699999809265137,7.800000190734863,7.400000095367432,7.5,7.5,11510
2023-06-07,7.5,7.699999809265137,7.199999809265137,7.400000095367432,7.400000095367432,23990
2023-06-08,7.199999809265137,7.599999904632568,7.099999904632568,7.5,7.5,10500
2023-06-09,7.5,7.699999809265137,7.300000190734863,7.5,7.5,11010
2023-06-12,7.099999904632568,7.599999904632568,7.099999904632568,7.300000190734863,7.300000190734863,14790
2023-06-13,7.099999904632568,7.5,7.099999904632568,7.099999904632568,7.099999904632568,15880
2023-06-14,7.099999904632568,7.199999809265137,6.599999904632568,6.800000190734863,6.800000190734863,66800
2023-06-15,6.699999809265137,7.199999809265137,6.400000095367432,6.800000190734863,6.800000190734863,87100
2023-06-16,6.900000095367432,7.5,6.800000190734863,7.099999904632568,7.099999904632568,122040
2023-06-20,6.900000095367432,7.300000190734863,6.800000190734863,7.099999904632568,7.099999904632568,26700
2023-06-21,7.0,7.199999809265137,6.699999809265137,7.099999904632568,7.099999904632568,12440
2023-06-22,6.900000095367432,7.199999809265137,6.699999809265137,6.699999809265137,6.699999809265137,13450
2023-06-23,6.900000095367432,7.099999904632568,6.599999904632568,7.099999904632568,7.099999904632568,19370
2023-06-26,7.199999809265137,7.199999809265137,6.699999809265137,6.900000095367432,6.900000095367432,11320
2023-06-27,6.800000190734863,7.199999809265137,6.699999809265137,7.0,7.0,12840
2023-06-28,6.699999809265137,7.0,6.599999904632568,6.800000190734863,6.800000190734863,16730
2023-06-29,6.699999809265137,8.0,6.599999904632568,7.900000095367432,7.900000095367432,108290
2023-06-30,7.699999809265137,8.100000381469727,7.5,7.5,7.5,36130
2023-07-03,7.5,7.800000190734863,7.400000095367432,7.800000190734863,7.800000190734863,8680
2023-07-05,7.699999809265137,7.900000095367432,7.5,7.699999809265137,7.699999809265137,11520
2023-07-06,7.800000190734863,7.800000190734863,7.5,7.800000190734863,7.800000190734863,8270
2023-07-07,8.0,8.600000381469727,7.599999904632568,8.300000190734863,8.300000190734863,31590
2023-07-10,8.699999809265137,8.800000190734863,8.399999618530273,8.600000381469727,8.600000381469727,10880
2023-07-11,8.5,8.600000381469727,8.300000190734863,8.300000190734863,8.300000190734863,14300
2023-07-12,8.399999618530273,9.300000190734863,8.399999618530273,9.100000381469727,9.100000381469727,31690
2023-07-13,9.100000381469727,9.5,9.0,9.5,9.5,22060
2023-07-14,9.5,9.5,8.5,8.800000190734863,8.800000190734863,36270
2023-07-17,9.0,9.0,8.5,8.600000381469727,8.600000381469727,14290
2023-07-18,8.600000381469727,8.899999618530273,8.300000190734863,8.300000190734863,8.300000190734863,28210
2023-07-19,8.399999618530273,8.5,7.800000190734863,7.900000095367432,7.900000095367432,66860
2023-07-20,7.699999809265137,7.800000190734863,7.300000190734863,7.5,7.5,37370
2023-07-21,7.400000095367432,7.699999809265137,6.900000095367432,7.300000190734863,7.300000190734863,85690
2023-07-24,7.199999809265137,7.5,6.699999809265137,6.699999809265137,6.699999809265137,41990
2023-07-25,7.0,7.099999904632568,6.5,6.800000190734863,6.800000190734863,41290
2023-07-26,6.900000095367432,7.099999904632568,6.5,6.699999809265137,6.699999809265137,16790
2023-07-27,6.900000095367432,7.099999904632568,6.5,6.599999904632568,6.599999904632568,54910
2023-07-28,6.5,6.900000095367432,6.5,6.800000190734863,6.800000190734863,27810
2023-07-31,6.900000095367432,7.0,6.599999904632568,6.599999904632568,6.599999904632568,20690
2023-08-01,6.800000190734863,7.0,6.599999904632568,6.699999809265137,6.699999809265137,25290
2023-08-02,6.800000190734863,6.900000095367432,6.699999809265137,6.800000190734863,6.800000190734863,18150
2023-08-03,6.800000190734863,7.099999904632568,6.599999904632568,7.0,7.0,10980
2023-08-04,6.900000095367432,7.0,6.599999904632568,6.599999904632568,6.599999904632568,20060
2023-08-07,6.599999904632568,6.800000190734863,6.400000095367432,6.400000095367432,6.400000095367432,34080
2023-08-08,6.5,6.900000095367432,6.300000190734863,6.699999809265137,6.699999809265137,41260
2023-08-09,6.900000095367432,8.5,6.400000095367432,8.199999809265137,8.199999809265137,128770
2023-08-10,7.599999904632568,8.300000190734863,7.099999904632568,7.400000095367432,7.400000095367432,89910
2023-08-11,7.5,7.599999904632568,7.300000190734863,7.5,7.5,57140
2023-08-14,7.300000190734863,7.800000190734863,7.0,7.199999809265137,7.199999809265137,26140
2023-08-15,7.099999904632568,7.5,7.0,7.199999809265137,7.199999809265137,18040
2023-08-16,7.300000190734863,7.699999809265137,7.300000190734863,7.599999904632568,7.599999904632568,44740
2023-08-17,5.0,5.099999904632568,4.300000190734863,4.800000190734863,4.800000190734863,651810
2023-08-18,4.599999904632568,5.199999809265137,4.599999904632568,5.0,5.0,128520
2023-08-21,5.0,5.099999904632568,4.599999904632568,4.599999904632568,4.599999904632568,58620
2023-08-22,4.599999904632568,4.900000095367432,4.599999904632568,4.900000095367432,4.900000095367432,63180
2023-08-23,4.800000190734863,5.900000095367432,4.699999809265137,5.900000095367432,5.900000095367432,100920
2023-08-24,5.800000190734863,5.900000095367432,5.099999904632568,5.300000190734863,5.300000190734863,44900
2023-08-25,5.400000095367432,5.900000095367432,5.300000190734863,5.599999904632568,5.599999904632568,65300
2023-08-28,5.5,5.800000190734863,5.5,5.800000190734863,5.800000190734863,34920
2023-08-29,5.800000190734863,6.199999809265137,5.699999809265137,6.0,6.0,36740
2023-08-30,6.0,6.199999809265137,5.699999809265137,5.800000190734863,5.800000190734863,19850
2023-08-31,5.800000190734863,6.099999904632568,5.800000190734863,6.0,6.0,15230
2023-09-01,6.0,6.0,5.599999904632568,5.699999809265137,5.699999809265137,14910
2023-09-05,5.699999809265137,5.800000190734863,5.599999904632568,5.800000190734863,5.800000190734863,20840
2023-09-06,5.900000095367432,5.900000095367432,5.699999809265137,5.800000190734863,5.800000190734863,9370
2023-09-07,5.599999904632568,5.800000190734863,5.599999904632568,5.599999904632568,5.599999904632568,20590
2023-09-08,5.699999809265137,5.699999809265137,5.5,5.599999904632568,5.599999904632568,6920
2023-09-11,5.400000095367432,5.699999809265137,5.300000190734863,5.599999904632568,5.599999904632568,12880
2023-09-12,5.599999904632568,5.800000190734863,5.400000095367432,5.699999809265137,5.699999809265137,13900
2023-09-13,5.800000190734863,6.099999904632568,5.699999809265137,5.900000095367432,5.900000095367432,10420
2023-09-14,5.699999809265137,6.099999904632568,5.599999904632568,6.0,6.0,65120
2023-09-15,5.900000095367432,6.300000190734863,5.699999809265137,5.699999809265137,5.699999809265137,61140
2023-09-18,5.599999904632568,5.800000190734863,5.5,5.699999809265137,5.699999809265137,9920
2023-09-19,5.400000095367432,5.800000190734863,5.199999809265137,5.5,5.5,103870
2023-09-20,5.699999809265137,5.699999809265137,5.300000190734863,5.400000095367432,5.400000095367432,7090
2023-09-21,5.300000190734863,5.5,5.199999809265137,5.400000095367432,5.400000095367432,6490
2023-09-22,5.300000190734863,5.5,5.199999809265137,5.199999809265137,5.199999809265137,15050
2023-09-25,5.0,5.199999809265137,4.900000095367432,4.900000095367432,4.900000095367432,15850
2023-09-26,4.900000095367432,5.099999904632568,4.699999809265137,4.800000190734863,4.800000190734863,22780
2023-09-27,4.800000190734863,5.099999904632568,4.800000190734863,4.900000095367432,4.900000095367432,10600
2023-09-28,5.099999904632568,5.199999809265137,4.800000190734863,5.0,5.0,10100
2023-09-29,5.099999904632568,5.099999904632568,4.699999809265137,4.800000190734863,4.800000190734863,25770
2023-10-02,5.0,5.0,4.699999809265137,4.800000190734863,4.800000190734863,26880
2023-10-03,4.800000190734863,4.900000095367432,4.5,4.599999904632568,4.599999904632568,14160
2023-10-04,4.5,4.800000190734863,4.400000095367432,4.5,4.5,14680
2023-10-05,4.5,4.900000095367432,4.400000095367432,4.5,4.5,16410
2023-10-06,4.5,4.599999904632568,4.400000095367432,4.400000095367432,4.400000095367432,14000
2023-10-09,4.5,4.900000095367432,4.400000095367432,4.800000190734863,4.800000190734863,23580
2023-10-10,4.800000190734863,5.300000190734863,4.699999809265137,5.099999904632568,5.099999904632568,29290
2023-10-11,5.199999809265137,5.300000190734863,5.0,5.0,5.0,18650
2023-10-12,4.699999809265137,5.0,4.5,4.5,4.5,35460
2023-10-13,4.5,4.800000190734863,4.400000095367432,4.400000095367432,4.400000095367432,62650
2023-10-16,4.599999904632568,4.599999904632568,4.300000190734863,4.300000190734863,4.300000190734863,26020
2023-10-17,4.5,5.0,4.400000095367432,4.800000190734863,4.800000190734863,21440
2023-10-18,4.900000095367432,4.900000095367432,4.400000095367432,4.5,4.5,6920
2023-10-19,4.800000190734863,4.800000190734863,4.400000095367432,4.5,4.5,8320
2023-10-20,4.400000095367432,4.599999904632568,4.400000095367432,4.599999904632568,4.599999904632568,8290
2023-10-23,4.599999904632568,4.599999904632568,4.300000190734863,4.400000095367432,4.400000095367432,18190
2023-10-24,4.5,4.599999904632568,4.400000095367432,4.400000095367432,4.400000095367432,7590
2023-10-25,4.400000095367432,4.5,4.199999809265137,4.199999809265137,4.199999809265137,31500
2023-10-26,4.199999809265137,4.5,4.099999904632568,4.199999809265137,4.199999809265137,10080
2023-10-27,4.199999809265137,4.300000190734863,3.9000000953674316,4.0,4.0,19490
2023-10-30,4.0,4.099999904632568,4.0,4.099999904632568,4.099999904632568,10860
2023-10-31,4.0,4.199999809265137,3.9000000953674316,4.0,4.0,15930
2023-11-01,4.0,4.199999809265137,4.0,4.0,4.0,1970
2023-11-02,4.199999809265137,4.699999809265137,4.199999809265137,4.599999904632568,4.599999904632568,20870
2023-11-03,4.699999809265137,5.300000190734863,4.5,4.599999904632568,4.599999904632568,35280
2023-11-06,4.599999904632568,5.300000190734863,4.599999904632568,5.199999809265137,5.199999809265137,8610
2023-11-07,4.900000095367432,5.099999904632568,4.800000190734863,4.800000190734863,4.800000190734863,16130
2023-11-08,4.800000190734863,4.900000095367432,4.400000095367432,4.599999904632568,4.599999904632568,18120
2023-11-09,4.599999904632568,4.599999904632568,4.400000095367432,4.400000095367432,4.400000095367432,18340
2023-11-10,4.5,4.5,4.0,4.400000095367432,4.400000095367432,17990
2023-11-13,4.199999809265137,4.400000095367432,4.099999904632568,4.300000190734863,4.300000190734863,14670
2023-11-14,4.199999809265137,4.5,4.099999904632568,4.099999904632568,4.099999904632568,23230
2023-11-15,4.099999904632568,4.199999809265137,4.0,4.0,4.0,54730
2023-11-16,4.300000190734863,4.300000190734863,3.9000000953674316,4.0,4.0,16850
2023-11-17,4.099999904632568,4.300000190734863,3.799999952316284,4.0,4.0,37090
2023-11-20,4.0,4.199999809265137,3.9000000953674316,4.0,4.0,28670
2023-11-21,4.0,4.0,3.5999999046325684,3.5999999046325684,3.5999999046325684,56930
2023-11-22,3.5999999046325684,4.0,3.5999999046325684,3.9000000953674316,3.9000000953674316,24280
2023-11-24,3.9000000953674316,4.0,3.9000000953674316,4.0,4.0,8870
2023-11-27,3.9000000953674316,4.800000190734863,3.9000000953674316,4.5,4.5,60820
2023-11-28,4.5,4.800000190734863,4.199999809265137,4.5,4.5,9610
2023-11-29,4.400000095367432,4.5,4.099999904632568,4.5,4.5,11870
2023-11-30,4.5,5.099999904632568,4.5,4.699999809265137,4.699999809265137,25710
2023-12-01,5.0,5.0,4.699999809265137,4.900000095367432,4.900000095367432,10820
2023-12-04,5.099999904632568,5.199999809265137,4.800000190734863,5.099999904632568,5.099999904632568,12240
2023-12-05,5.199999809265137,5.199999809265137,4.800000190734863,4.800000190734863,4.800000190734863,9570
2023-12-06,4.800000190734863,5.300000190734863,4.400000095367432,4.599999904632568,4.599999904632568,51680
2023-12-07,4.699999809265137,4.800000190734863,4.400000095367432,4.599999904632568,4.599999904632568,16890
2023-12-08,4.699999809265137,5.199999809265137,4.5,4.800000190734863,4.800000190734863,65450
2023-12-11,4.599999904632568,5.0,4.5,4.800000190734863,4.800000190734863,27170
2023-12-12,4.900000095367432,5.199999809265137,4.699999809265137,5.199999809265137,5.199999809265137,114230
2023-12-13,4.900000095367432,4.900000095367432,3.9000000953674316,4.099999904632568,4.099999904632568,218940
2023-12-14,4.300000190734863,4.400000095367432,3.9000000953674316,4.0,4.0,138670
2023-12-15,4.099999904632568,4.599999904632568,3.9000000953674316,4.300000190734863,4.300000190734863,130430
2023-12-18,4.400000095367432,4.400000095367432,4.0,4.099999904632568,4.099999904632568,56790
2023-12-19,4.0,4.300000190734863,4.0,4.099999904632568,4.099999904632568,39360
2023-12-20,4.400000095367432,4.400000095367432,4.0,4.099999904632568,4.099999904632568,73580
2023-12-21,4.099999904632568,4.099999904632568,3.9000000953674316,4.099999904632568,4.099999904632568,41850
2023-12-22,4.0,4.400000095367432,4.0,4.300000190734863,4.300000190734863,59610
2023-12-26,4.099999904632568,4.300000190734863,4.0,4.300000190734863,4.300000190734863,19720
2023-12-27,4.199999809265137,4.400000095367432,4.199999809265137,4.199999809265137,4.199999809265137,27620
2023-12-28,4.199999809265137,4.5,4.199999809265137,4.5,4.5,36020
2023-12-29,4.699999809265137,4.900000095367432,4.5,4.900000095367432,4.900000095367432,62100
2024-01-02,4.800000190734863,5.0,4.599999904632568,4.900000095367432,4.900000095367432,38950
2024-01-03,4.900000095367432,5.0,4.699999809265137,5.0,5.0,52720
2024-01-04,4.900000095367432,5.0,4.699999809265137,4.699999809265137,4.699999809265137,19070
2024-01-05,4.699999809265137,4.900000095367432,4.599999904632568,4.599999904632568,4.599999904632568,14230
2024-01-08,4.599999904632568,4.699999809265137,4.400000095367432,4.5,4.5,16650
2024-01-09,4.5,4.599999904632568,4.400000095367432,4.5,4.5,7470
2024-01-10,4.5,4.599999904632568,4.400000095367432,4.599999904632568,4.599999904632568,28590
2024-01-11,4.599999904632568,5.599999904632568,4.5,5.0,5.0,129480
2024-01-12,5.5,5.900000095367432,5.0,5.599999904632568,5.599999904632568,96850
2024-01-16,5.699999809265137,6.400000095367432,5.599999904632568,5.599999904632568,5.599999904632568,86790
2024-01-17,5.5,5.599999904632568,5.099999904632568,5.199999809265137,5.199999809265137,40760
2024-01-18,5.5,5.5,5.199999809265137,5.199999809265137,5.199999809265137,10730
2024-01-19,5.5,5.900000095367432,5.099999904632568,5.400000095367432,5.400000095367432,53260
2024-01-22,6.300000190734863,6.400000095367432,5.5,5.900000095367432,5.900000095367432,63720
2024-01-23,6.0,6.300000190734863,5.699999809265137,5.800000190734863,5.800000190734863,34360
2024-01-24,6.0,6.099999904632568,5.800000190734863,6.0,6.0,33960
2024-01-25,6.099999904632568,6.900000095367432,6.099999904632568,6.699999809265137,6.699999809265137,157680
2024-01-26,6.900000095367432,7.0,6.099999904632568,6.300000190734863,6.300000190734863,161150
2024-01-29,6.599999904632568,6.699999809265137,6.099999904632568,6.5,6.5,69240
2024-01-30,6.599999904632568,6.599999904632568,6.099999904632568,6.199999809265137,6.199999809265137,50170
2024-01-31,6.400000095367432,6.5,5.300000190734863,5.900000095367432,5.900000095367432,84830
2024-02-01,6.199999809265137,6.300000190734863,5.800000190734863,6.300000190734863,6.300000190734863,23190
2024-02-02,6.400000095367432,7.199999809265137,6.300000190734863,6.599999904632568,6.599999904632568,185680
2024-02-05,6.800000190734863,6.900000095367432,6.5,6.5,6.5,117250
2024-02-06,6.900000095367432,6.900000095367432,6.300000190734863,6.5,6.5,59040
2024-02-07,6.599999904632568,6.699999809265137,6.0,6.300000190734863,6.300000190734863,58240
2024-02-08,6.199999809265137,6.400000095367432,6.0,6.300000190734863,6.300000190734863,77960
2024-02-09,4.599999904632568,5.0,3.799999952316284,3.799999952316284,3.799999952316284,502290
2024-02-12,4.099999904632568,4.199999809265137,3.799999952316284,3.9000000953674316,3.9000000953674316,269800
2024-02-13,3.9000000953674316,4.0,3.5999999046325684,3.5999999046325684,3.5999999046325684,180330
2024-02-14,3.799999952316284,3.799999952316284,3.0999999046325684,3.5999999046325684,3.5999999046325684,458300
2024-02-15,3.4000000953674316,4.400000095367432,3.4000000953674316,4.300000190734863,4.300000190734863,387810
2024-02-16,4.300000190734863,4.400000095367432,4.099999904632568,4.400000095367432,4.400000095367432,82890
2024-02-20,4.599999904632568,4.900000095367432,4.400000095367432,4.5,4.5,115330
2024-02-21,4.400000095367432,4.699999809265137,3.9000000953674316,4.400000095367432,4.400000095367432,65200
2024-02-22,4.300000190734863,4.400000095367432,4.0,4.199999809265137,4.199999809265137,38080
2024-02-23,4.0,4.199999809265137,3.5,4.099999904632568,4.099999904632568,103530
2024-02-26,4.099999904632568,4.300000190734863,4.0,4.099999904632568,4.099999904632568,22230
2024-02-27,4.199999809265137,4.5,4.199999809265137,4.400000095367432,4.400000095367432,73340
2024-02-28,4.400000095367432,4.400000095367432,4.099999904632568,4.199999809265137,4.199999809265137,37480
2024-02-29,4.300000190734863,4.400000095367432,4.099999904632568,4.199999809265137,4.199999809265137,25390
2024-03-01,4.300000190734863,4.400000095367432,4.099999904632568,4.099999904632568,4.099999904632568,46800
2024-03-04,4.099999904632568,4.599999904632568,4.099999904632568,4.400000095367432,4.400000095367432,83110
2024-03-05,4.5,4.599999904632568,4.199999809265137,4.199999809265137,4.199999809265137,28200
2024-03-06,4.400000095367432,4.400000095367432,4.0,4.099999904632568,4.099999904632568,36650
2024-03-07,4.099999904632568,4.400000095367432,4.0,4.0,4.0,27670
2024-03-08,4.0,4.300000190734863,3.9000000953674316,4.0,4.0,46970
2024-03-11,4.0,4.099999904632568,4.0,4.0,4.0,25500
2024-03-12,4.0,4.199999809265137,3.9000000953674316,4.0,4.0,40450
2024-03-13,4.099999904632568,4.099999904632568,3.799999952316284,3.9000000953674316,3.9000000953674316,47760
2024-03-14,3.9000000953674316,4.0,3.700000047683716,3.799999952316284,3.799999952316284,37350
2024-03-15,3.799999952316284,4.0,3.799999952316284,3.799999952316284,3.799999952316284,47740
2024-03-18,4.0,4.0,3.799999952316284,3.799999952316284,3.799999952316284,22080
2024-03-19,3.9000000953674316,4.099999904632568,3.9000000953674316,4.0,4.0,44700
2024-03-20,3.9000000953674316,4.0,3.799999952316284,3.799999952316284,3.799999952316284,30930
2024-03-21,3.9000000953674316,4.0,3.799999952316284,3.9000000953674316,3.9000000953674316,28570
2024-03-22,3.799999952316284,4.0,3.700000047683716,3.799999952316284,3.799999952316284,25210
2024-03-25,3.799999952316284,3.9000000953674316,3.700000047683716,3.799999952316284,3.799999952316284,40950
2024-03-26,3.5999999046325684,3.9000000953674316,3.4000000953674316,3.5,3.5,174440
2024-03-27,3.5,3.700000047683716,3.4000000953674316,3.5999999046325684,3.5999999046325684,64140
2024-03-28,3.700000047683716,3.700000047683716,3.5,3.5,3.5,45190
2024-04-01,3.5,3.5999999046325684,3.4000000953674316,3.5,3.5,60850
2024-04-02,3.309999942779541,3.799999952316284,3.25,3.640000104904175,3.640000104904175,121100
2024-04-03,3.5999999046325684,3.6600000858306885,3.359999895095825,3.450000047683716,3.450000047683716,92300
2024-04-04,3.390000104904175,3.509999990463257,3.200000047683716,3.2100000381469727,3.2100000381469727,235800
2024-04-05,3.2200000286102295,3.25,3.119999885559082,3.119999885559082,3.119999885559082,98500
2024-04-08,3.1500000953674316,3.2899999618530273,3.130000114440918,3.2300000190734863,3.2300000190734863,110700
2024-04-09,3.2200000286102295,3.3299999237060547,3.0999999046325684,3.130000114440918,3.130000114440918,152200
2024-04-10,3.0999999046325684,3.130000114440918,2.799999952316284,2.890000104904175,2.890000104904175,284400
2024-04-11,2.890000104904175,2.9800000190734863,2.8399999141693115,2.8399999141693115,2.8399999141693115,143200
2024-04-12,2.869999885559082,2.9000000953674316,2.5299999713897705,2.859999895095825,2.859999895095825,298500
2024-04-15,2.859999895095825,2.9800000190734863,2.680000066757202,2.740000009536743,2.740000009536743,241800
2024-04-16,2.7100000381469727,2.7799999713897705,2.630000114440918,2.759999990463257,2.759999990463257,356000
2024-04-17,2.7100000381469727,3.0999999046325684,2.680000066757202,2.9100000858306885,2.9100000858306885,270700
2024-04-18,2.940000057220459,3.119999885559082,2.759999990463257,2.8499999046325684,2.8499999046325684,321100
2024-04-19,2.8499999046325684,2.869999885559082,2.619999885559082,2.690000057220459,2.690000057220459,145200
2024-04-22,2.7300000190734863,2.7300000190734863,2.440000057220459,2.640000104904175,2.640000104904175,171000
2024-04-23,2.6700000762939453,2.880000114440918,2.5899999141693115,2.8499999046325684,2.8499999046325684,155800
2024-04-24,2.8399999141693115,3.0,2.8299999237060547,2.950000047683716,2.950000047683716,194500
2024-04-25,2.940000057220459,2.9800000190734863,2.859999895095825,2.930000066757202,2.930000066757202,126800
2024-04-26,2.990000009536743,2.990000009536743,2.630000114440918,2.7300000190734863,2.7300000190734863,188300
2024-04-29,2.7200000286102295,2.8399999141693115,2.680000066757202,2.809999942779541,2.809999942779541,112000
2024-04-30,2.7100000381469727,2.819999933242798,2.690000057220459,2.7100000381469727,2.7100000381469727,84600
2024-05-01,2.690000057220459,2.7300000190734863,2.549999952316284,2.5999999046325684,2.5999999046325684,173400
2024-05-02,2.640000104904175,2.8499999046325684,2.5299999713897705,2.569999933242798,2.569999933242798,161500
2024-05-03,2.609999895095825,2.75,2.549999952316284,2.6500000953674316,2.6500000953674316,81700
2024-05-06,2.630000114440918,2.7899999618530273,2.619999885559082,2.7200000286102295,2.7200000286102295,103000
2024-05-07,2.740000009536743,2.9600000381469727,2.7200000286102295,2.869999885559082,2.869999885559082,204000
2024-05-08,2.859999895095825,2.930000066757202,2.690000057220459,2.9000000953674316,2.9000000953674316,443200
2024-05-09,1.350000023841858,1.440000057220459,1.0499999523162842,1.1100000143051147,1.1100000143051147,5664600
2024-05-10,1.1100000143051147,1.1200000047683716,1.0099999904632568,1.0499999523162842,1.0499999523162842,1247400
2024-05-13,1.0499999523162842,1.0499999523162842,0.9700000286102295,1.0,1.0,830300
2024-05-14,1.0,1.0299999713897705,0.9800000190734863,1.0199999809265137,1.0199999809265137,684700
2024-05-15,1.0399999618530273,1.090000033378601,1.0099999904632568,1.0800000429153442,1.0800000429153442,648200
2024-05-16,1.059999942779541,1.090000033378601,1.0399999618530273,1.059999942779541,1.059999942779541,298800
2024-05-17,1.0800000429153442,1.0800000429153442,1.0199999809265137,1.059999942779541,1.059999942779541,195000
2024-05-20,1.0399999618530273,1.059999942779541,1.0,1.0199999809265137,1.0199999809265137,309100
2024-05-21,1.0199999809265137,1.0199999809265137,0.9700000286102295,0.9900000095367432,0.9900000095367432,263000
2024-05-22,1.0099999904632568,1.0199999809265137,0.9700000286102295,0.9800000190734863,0.9800000190734863,260400
2024-05-23,0.9800000190734863,1.0,0.949999988079071,0.9800000190734863,0.9800000190734863,242900
2024-05-24,1.0,1.0,0.9300000071525574,0.9399999976158142,0.9399999976158142,263100
2024-05-28,0.9599999785423279,0.9700000286102295,0.8899999856948853,0.8999999761581421,0.8999999761581421,387500
2024-05-29,0.8999999761581421,0.9399999976158142,0.8299999833106995,0.8500000238418579,0.8500000238418579,460400
2024-05-30,0.8299999833106995,0.8600000143051147,0.7900000214576721,0.8199999928474426,0.8199999928474426,355900
2024-05-31,0.8299999833106995,0.8299999833106995,0.800000011920929,0.8100000023841858,0.8100000023841858,160600
2024-06-03,0.8199999928474426,0.8299999833106995,0.7900000214576721,0.8199999928474426,0.8199999928474426,179800
2024-06-04,0.8199999928474426,0.8899999856948853,0.800000011920929,0.8399999737739563,0.8399999737739563,262100
2024-06-05,0.8700000047683716,0.8999999761581421,0.8299999833106995,0.8799999952316284,0.8799999952316284,401500
2024-06-06,0.8899999856948853,1.0,0.8700000047683716,1.0,1.0,944100
2024-06-07,0.9900000095367432,0.9900000095367432,0.8799999952316284,0.8899999856948853,0.8899999856948853,312600
2024-06-10,0.8799999952316284,0.8999999761581421,0.8199999928474426,0.8399999737739563,0.8399999737739563,230800
2024-06-11,0.8199999928474426,0.8399999737739563,0.7799999713897705,0.8199999928474426,0.8199999928474426,166500
2024-06-12,0.8299999833106995,0.8999999761581421,0.8199999928474426,0.8899999856948853,0.8899999856948853,401500
2024-06-13,0.8799999952316284,0.8899999856948853,0.8600000143051147,0.8700000047683716,0.8700000047683716,156800
2024-06-14,0.8600000143051147,0.8999999761581421,0.8100000023841858,0.8600000143051147,0.8600000143051147,802100
2024-06-17,0.9100000262260437,1.25,0.9100000262260437,1.0199999809265137,1.0199999809265137,10766700
2024-06-18,0.9900000095367432,1.0,0.8899999856948853,0.9300000071525574,0.9300000071525574,1559700
2024-06-20,0.949999988079071,1.190000057220459,0.949999988079071,1.149999976158142,1.149999976158142,2731400
2024-06-21,1.1100000143051147,1.2799999713897705,1.1100000143051147,1.159999966621399,1.159999966621399,1872700
2024-06-24,1.1799999475479126,1.2599999904632568,1.149999976158142,1.159999966621399,1.159999966621399,983900
2024-06-25,1.2000000476837158,1.2000000476837158,1.0499999523162842,1.159999966621399,1.159999966621399,847300
2024-06-26,1.1699999570846558,1.2300000190734863,1.1200000047683716,1.2100000381469727,1.2100000381469727,676900
2024-06-27,1.2200000286102295,1.25,1.090000033378601,1.1399999856948853,1.1399999856948853,847500
2024-06-28,1.149999976158142,1.25,1.059999942779541,1.1799999475479126,1.1799999475479126,779400
2024-07-01,1.2000000476837158,1.3700000047683716,1.1100000143051147,1.159999966621399,1.159999966621399,2197200
2024-07-02,1.1299999952316284,1.2200000286102295,1.1100000143051147,1.1399999856948853,1.1399999856948853,619700
2024-07-03,1.149999976158142,1.2300000190734863,1.1399999856948853,1.159999966621399,1.159999966621399,509100
2024-07-05,1.1799999475479126,1.3200000524520874,1.149999976158142,1.2699999809265137,1.2699999809265137,1306100
2024-07-08,1.340000033378601,1.399999976158142,1.2599999904632568,1.3899999856948853,1.3899999856948853,1273200
2024-07-09,1.350000023841858,1.4700000286102295,1.2599999904632568,1.340000033378601,1.340000033378601,1217900
2024-07-10,1.3300000429153442,1.3700000047683716,1.2200000286102295,1.2899999618530273,1.2899999618530273,1025900
2024-07-11,1.2999999523162842,1.4299999475479126,1.2899999618530273,1.4299999475479126,1.4299999475479126,679800
2024-07-12,1.4299999475479126,1.5099999904632568,1.309999942779541,1.3700000047683716,1.3700000047683716,760100
2024-07-15,1.340000033378601,1.440000057220459,1.2899999618530273,1.3200000524520874,1.3200000524520874,671300
2024-07-16,1.3300000429153442,1.3799999952316284,1.2599999904632568,1.3300000429153442,1.3300000429153442,610000
2024-07-17,1.3200000524520874,1.340000033378601,1.2400000095367432,1.2699999809265137,1.2699999809265137,342200
2024-07-18,1.2799999713897705,1.2799999713897705,1.159999966621399,1.190000057220459,1.190000057220459,597800
2024-07-19,1.1799999475479126,1.2200000286102295,1.1299999952316284,1.159999966621399,1.159999966621399,258500
2024-07-22,1.1699999570846558,1.2100000381469727,1.1299999952316284,1.190000057220459,1.190000057220459,253100
2024-07-23,1.1799999475479126,1.2599999904632568,1.1799999475479126,1.2100000381469727,1.2100000381469727,219600
2024-07-24,1.190000057220459,1.25,1.1699999570846558,1.190000057220459,1.190000057220459,145000
2024-07-25,1.1699999570846558,1.2100000381469727,1.159999966621399,1.1799999475479126,1.1799999475479126,143900
2024-07-26,1.1799999475479126,1.2200000286102295,1.1299999952316284,1.2200000286102295,1.2200000286102295,203300
2024-07-29,1.2000000476837158,1.25,1.1799999475479126,1.2100000381469727,1.2100000381469727,120100
2024-07-30,1.190000057220459,1.2400000095367432,1.1799999475479126,1.2200000286102295,1.2200000286102295,204600
2024-07-31,1.2400000095367432,1.2699999809265137,1.2100000381469727,1.2599999904632568,1.2599999904632568,225200
2024-08-01,1.2699999809265137,1.2699999809265137,1.149999976158142,1.1699999570846558,1.1699999570846558,168800
2024-08-02,1.1699999570846558,1.2200000286102295,1.1100000143051147,1.2000000476837158,1.2000000476837158,241700
2024-08-05,1.1100000143051147,1.149999976158142,1.0800000429153442,1.090000033378601,1.090000033378601,279600
2024-08-06,1.1399999856948853,1.1399999856948853,0.9300000071525574,0.949999988079071,0.949999988079071,914600
2024-08-07,1.0299999713897705,1.0299999713897705,0.9300000071525574,0.9599999785423279,0.9599999785423279,487000
2024-08-08,0.949999988079071,0.9599999785423279,0.8700000047683716,0.9200000166893005,0.9200000166893005,231000
2024-08-09,0.8999999761581421,0.9599999785423279,0.8999999761581421,0.9300000071525574,0.9300000071525574,140400
2024-08-12,0.9300000071525574,1.0299999713897705,0.9100000262260437,1.0,1.0,317400
2024-08-13,0.9900000095367432,1.0,0.9599999785423279,0.9800000190734863,0.9800000190734863,199900
2024-08-14,1.0,1.0499999523162842,0.9900000095367432,1.0199999809265137,1.0199999809265137,121100
2024-08-15,1.0,1.1100000143051147,1.0,1.0399999618530273,1.0399999618530273,167900
2024-08-16,1.0299999713897705,1.0700000524520874,0.9800000190734863,1.0,1.0,77500
2024-08-19,0.9900000095367432,1.0700000524520874,0.9900000095367432,1.0499999523162842,1.0499999523162842,334100
2024-08-20,1.0399999618530273,1.0499999523162842,1.0,1.0199999809265137,1.0199999809265137,139200
2024-08-21,1.0099999904632568,1.0399999618530273,1.0,1.0,1.0,99100
2024-08-22,1.0099999904632568,1.0499999523162842,1.0099999904632568,1.0299999713897705,1.0299999713897705,76100
2024-08-23,1.0099999904632568,1.1399999856948853,1.0099999904632568,1.1200000047683716,1.1200000047683716,233100
2024-08-26,1.1399999856948853,1.2599999904632568,1.0800000429153442,1.100000023841858,1.100000023841858,229800
2024-08-27,1.0800000429153442,1.1200000047683716,1.0499999523162842,1.059999942779541,1.059999942779541,47200
2024-08-28,1.0700000524520874,1.1200000047683716,1.0399999618530273,1.0700000524520874,1.0700000524520874,44400
2024-08-29,1.0700000524520874,1.1200000047683716,1.059999942779541,1.0700000524520874,1.0700000524520874,29800
2024-08-30,1.059999942779541,1.100000023841858,1.0499999523162842,1.0499999523162842,1.0499999523162842,61800
2024-09-03,1.059999942779541,1.0800000429153442,1.0299999713897705,1.0399999618530273,1.0399999618530273,25500
2024-09-04,1.0299999713897705,1.0499999523162842,0.949999988079071,0.9599999785423279,0.9599999785423279,57400
2024-09-05,0.9800000190734863,0.9900000095367432,0.9599999785423279,0.9800000190734863,0.9800000190734863,25400
2024-09-06,0.9599999785423279,0.9700000286102295,0.8999999761581421,0.9399999976158142,0.9399999976158142,130700
2024-09-09,0.949999988079071,1.100000023841858,0.949999988079071,1.0499999523162842,1.0499999523162842,205000
2024-09-10,1.059999942779541,1.059999942779541,1.0099999904632568,1.0399999618530273,1.0399999618530273,21900
2024-09-11,1.0299999713897705,1.0499999523162842,1.0099999904632568,1.0399999618530273,1.0399999618530273,53300
2024-09-12,1.0399999618530273,1.0700000524520874,1.0099999904632568,1.0299999713897705,1.0299999713897705,45600
2024-09-13,1.0299999713897705,1.0700000524520874,1.0199999809265137,1.0399999618530273,1.0399999618530273,58500
2024-09-16,1.0399999618530273,1.0499999523162842,1.0199999809265137,1.0499999523162842,1.0499999523162842,54700
2024-09-17,1.0499999523162842,1.1299999952316284,1.0499999523162842,1.100000023841858,1.100000023841858,108800
2024-09-18,1.1100000143051147,1.149999976158142,1.0499999523162842,1.0700000524520874,1.0700000524520874,66800
2024-09-19,1.1200000047683716,1.1299999952316284,1.0199999809265137,1.090000033378601,1.090000033378601,85200
2024-09-20,1.0800000429153442,1.190000057220459,1.0800000429153442,1.1399999856948853,1.1399999856948853,83200
2024-09-23,1.159999966621399,1.2200000286102295,1.1200000047683716,1.2000000476837158,1.2000000476837158,134600
2024-09-24,1.2100000381469727,1.2400000095367432,1.1799999475479126,1.2300000190734863,1.2300000190734863,124800
2024-09-25,1.2000000476837158,1.2300000190734863,1.1200000047683716,1.1299999952316284,1.1299999952316284,75000
2024-09-26,1.1399999856948853,1.190000057220459,1.1200000047683716,1.190000057220459,1.190000057220459,87800
2024-09-27,1.1799999475479126,1.2200000286102295,1.159999966621399,1.2100000381469727,1.2100000381469727,106200
2024-09-30,2.359999895095825,2.450000047683716,1.840000033378601,2.2100000381469727,2.2100000381469727,31160100
2024-10-01,2.2899999618530273,2.569999933242798,2.109999895095825,2.450000047683716,2.450000047683716,3871500
2024-10-02,2.4800000190734863,2.5199999809265137,2.2300000190734863,2.299999952316284,2.299999952316284,1539100
2024-10-03,2.299999952316284,2.4200000762939453,2.2100000381469727,2.369999885559082,2.369999885559082,599000
2024-10-04,2.2699999809265137,2.4600000381469727,2.259999990463257,2.450000047683716,2.450000047683716,440600
2024-10-07,2.440000057220459,2.5399999618530273,2.3299999237060547,2.3299999237060547,2.3299999237060547,451000
2024-10-08,2.359999895095825,2.359999895095825,2.2699999809265137,2.309999942779541,2.309999942779541,203800
2024-10-09,2.2799999713897705,2.319999933242798,2.1500000953674316,2.1700000762939453,2.1700000762939453,401000
2024-10-10,2.1700000762939453,2.319999933242798,2.069999933242798,2.2300000190734863,2.2300000190734863,271700
2024-10-11,2.240000009536743,2.299999952316284,2.2200000286102295,2.2899999618530273,2.2899999618530273,125400
2024-10-14,2.299999952316284,2.359999895095825,2.2300000190734863,2.319999933242798,2.319999933242798,160500
2024-10-15,2.2899999618530273,2.390000104904175,2.259999990463257,2.319999933242798,2.319999933242798,244800
2024-10-16,2.319999933242798,2.440000057220459,2.2699999809265137,2.4200000762939453,2.4200000762939453,231400
2024-10-17,2.440000057220459,2.440000057220459,2.3399999141693115,2.3399999141693115,2.3399999141693115,239100
2024-10-18,2.3399999141693115,2.4000000953674316,2.3399999141693115,2.369999885559082,2.369999885559082,160800
2024-10-21,2.380000114440918,2.380000114440918,2.299999952316284,2.3299999237060547,2.3299999237060547,143500
2024-10-22,2.309999942779541,2.380000114440918,2.299999952316284,2.3399999141693115,2.3399999141693115,72600
2024-10-23,2.3399999141693115,2.3399999141693115,2.059999942779541,2.1600000858306885,2.1600000858306885,377700
2024-10-24,2.2100000381469727,2.2100000381469727,2.0999999046325684,2.130000114440918,2.130000114440918,66500
2024-10-25,2.140000104904175,2.180000066757202,2.0999999046325684,2.130000114440918,2.130000114440918,115100
2024-10-28,2.140000104904175,2.190000057220459,2.0899999141693115,2.130000114440918,2.130000114440918,100000
2024-10-29,2.130000114440918,2.140000104904175,2.049999952316284,2.109999895095825,2.109999895095825,118200
2024-10-30,2.059999942779541,2.0799999237060547,2.0,2.009999990463257,2.009999990463257,117600
2024-10-31,2.0,2.009999990463257,1.8600000143051147,1.9600000381469727,1.9600000381469727,168500
2024-11-01,1.9199999570846558,2.0799999237060547,1.909999966621399,2.0,2.0,217700
