Date,Open,High,Low,Close,Adj Close,Volume
1997-11-10,25.75,25.75,25.125,25.1875,7.499800205230713,947200
1997-11-11,25.1875,25.4375,25.125,25.3125,7.537017345428467,514700
1997-11-12,25.25,25.875,25.125,25.625,7.630067825317383,344700
1997-11-13,25.5625,25.9375,25.5625,25.875,7.704507350921631,1007700
1997-11-14,25.875,26.0,25.6875,26.0,7.741724967956543,1394900
1997-11-17,25.9375,26.25,25.875,26.125,7.778951168060303,706600
1997-11-18,26.0,26.375,25.9375,26.0625,7.760335922241211,625800
1997-11-19,26.0,26.25,26.0,26.25,7.816166877746582,342400
1997-11-20,26.1875,26.625,26.1875,26.5,7.890605449676514,558800
1997-11-21,26.75,26.875,26.5,26.875,8.002263069152832,640800
1997-11-24,26.625,27.0,26.5,26.875,8.002263069152832,330800
1997-11-25,26.8125,27.25,26.75,27.125,8.076705932617188,1021000
1997-11-26,27.1875,27.1875,26.875,26.875,8.002263069152832,488700
1997-11-28,27.0,27.0,26.875,27.0,8.039484024047852,244200
1997-12-01,27.0,27.375,26.9375,27.375,8.151144981384277,836200
1997-12-02,27.25,27.375,27.0625,27.125,8.076705932617188,437800
1997-12-03,27.25,27.25,26.875,27.125,8.076705932617188,338400
1997-12-04,27.25,27.6875,27.0625,27.375,8.151144981384277,1405800
1997-12-05,27.125,27.875,27.125,27.3125,8.132538795471191,362500
1997-12-08,27.375,27.4375,27.125,27.3125,8.132538795471191,312900
1997-12-09,27.1875,27.3125,26.9375,27.1875,8.095314025878906,365300
1997-12-10,27.4375,27.5,27.1875,27.3125,8.132538795471191,354100
1997-12-11,27.25,27.3125,26.9375,27.125,8.076705932617188,199600
1997-12-12,27.25,27.3125,27.0,27.1875,8.095314025878906,680500
1997-12-15,27.1875,27.5625,27.1875,27.5,8.188363075256348,489500
1997-12-16,27.5,27.5625,27.375,27.4375,8.169757843017578,310200
1997-12-17,27.5625,27.5625,27.3125,27.4375,8.169757843017578,386100
1997-12-18,27.4375,27.8125,27.375,27.8125,8.281414031982422,1640900
1997-12-19,27.8125,28.3125,27.6875,28.3125,8.430295944213867,2164100
1997-12-22,28.3125,28.8125,28.25,28.625,8.52334213256836,851400
1997-12-23,28.4375,28.75,28.3125,28.5,8.486125946044922,493200
1997-12-24,28.5625,28.6875,28.4375,28.625,8.52334213256836,92200
1997-12-26,28.5625,28.625,28.0625,28.25,8.411684036254883,215300
1997-12-29,28.25,28.75,28.125,28.5625,8.504737854003906,280800
1997-12-30,28.625,28.8125,28.5,28.8125,8.579168319702148,268600
1997-12-31,28.625,29.0,28.5625,29.0,8.635003089904785,482900
1998-01-02,28.75,28.9375,28.5,28.875,8.597784042358398,317200
1998-01-05,28.6875,28.90625,28.1875,28.375,8.448898315429688,734200
1998-01-06,28.25,28.625,28.25,28.5625,8.504737854003906,1507800
1998-01-07,28.4375,28.4375,28.0625,28.4375,8.467509269714355,724000
1998-01-08,28.3125,28.4375,28.0625,28.375,8.448898315429688,461600
1998-01-09,28.3125,28.5625,28.125,28.3125,8.430295944213867,863900
1998-01-12,27.875,28.75,27.875,28.75,8.560562133789062,679200
1998-01-13,28.75,28.75,28.375,28.4375,8.467509269714355,1065600
1998-01-14,28.4375,28.4375,28.125,28.4375,8.467509269714355,348700
1998-01-15,28.3125,28.375,28.25,28.25,8.411684036254883,638200
1998-01-16,28.5,28.5,28.25,28.375,8.448898315429688,488700
1998-01-20,28.375,28.5,28.0,28.5,8.486125946044922,344700
1998-01-21,28.5,28.75,28.25,28.5,8.486125946044922,464300
1998-01-22,28.4375,28.5,28.25,28.5,8.486125946044922,421800
1998-01-23,28.4375,28.5,28.1875,28.3125,8.430295944213867,320800
1998-01-26,28.25,28.625,28.25,28.625,8.52334213256836,1019500
1998-01-27,28.625,28.875,28.5625,28.625,8.52334213256836,415700
1998-01-28,28.5625,29.0,28.5,28.9375,8.616395950317383,325800
1998-01-29,28.9375,29.5,28.75,29.4375,8.76527214050293,1813100
1998-01-30,29.375,29.5,29.0,29.0,8.635003089904785,283500
1998-02-02,29.5,29.625,28.875,29.0,8.635003089904785,1120100
1998-02-03,28.75,29.4375,28.75,29.4375,8.76527214050293,2424000
1998-02-04,28.875,29.25,28.875,29.0625,8.765268325805664,544800
1998-02-05,29.0625,29.4375,28.9375,29.25,8.821824073791504,854100
1998-02-06,29.25,29.875,29.25,29.5625,8.9160737991333,415100
1998-02-09,29.5,29.5625,29.3125,29.375,8.859521865844727,553000
1998-02-10,29.25,29.4375,29.125,29.25,8.821824073791504,329000
1998-02-11,29.1875,29.3125,29.125,29.25,8.821824073791504,407900
1998-02-12,29.1875,29.4375,29.0,29.375,8.859521865844727,436400
1998-02-13,29.375,29.6875,29.1875,29.625,8.934924125671387,241300
1998-02-17,29.625,29.8125,29.0625,29.25,8.821824073791504,336100
1998-02-18,29.25,29.4375,29.1875,29.1875,8.802967071533203,320700
1998-02-19,29.1875,29.25,29.0,29.25,8.821824073791504,510000
1998-02-20,29.3125,29.3125,28.875,29.0625,8.765268325805664,392600
1998-02-23,29.125,29.125,28.75,29.0,8.746417999267578,553700
1998-02-24,28.9375,29.0,28.5,28.75,8.671019554138184,367100
1998-02-25,29.0,29.125,28.6875,29.0,8.746417999267578,268300
1998-02-26,28.875,29.0,28.625,28.8125,8.689873695373535,396700
1998-02-27,28.6875,28.9375,28.625,28.9375,8.727571487426758,452600
1998-03-02,28.9375,29.125,28.8125,28.875,8.70872688293457,345700
1998-03-03,28.875,29.0625,28.6875,29.0625,8.765268325805664,368100
1998-03-04,28.9375,29.3125,28.8125,29.3125,8.840672492980957,281500
1998-03-05,29.1875,29.25,28.9375,29.0625,8.765268325805664,389700
1998-03-06,29.0625,29.6875,29.0625,29.6875,8.953773498535156,380900
1998-03-09,29.5,29.875,29.375,29.8125,8.991474151611328,419800
1998-03-10,29.8125,30.3125,29.75,30.25,9.123422622680664,308900
1998-03-11,30.25,30.3125,29.875,29.9375,9.029173851013184,279000
1998-03-12,29.9375,30.1875,29.875,30.0625,9.066876411437988,284400
1998-03-13,30.0625,30.0625,29.75,29.9375,9.029173851013184,669000
1998-03-16,29.9375,30.3125,29.6875,30.3125,9.142271041870117,275300
1998-03-17,30.3125,30.6875,30.1875,30.625,9.236525535583496,386300
1998-03-18,30.5625,30.5625,30.25,30.4375,9.179971694946289,247600
1998-03-19,30.3125,30.5,30.0625,30.5,9.198821067810059,455000
1998-03-20,30.5,31.0,30.3125,30.8125,9.293071746826172,528200
1998-03-23,30.6875,30.9375,30.625,30.75,9.274224281311035,261700
1998-03-24,30.875,30.875,30.4375,30.625,9.236525535583496,671300
1998-03-25,30.875,31.0625,30.5,31.0,9.349628448486328,326700
1998-03-26,31.0625,31.1875,30.6875,30.875,9.31192684173584,785200
1998-03-27,30.9375,30.9375,30.5,30.5,9.198821067810059,364100
1998-03-30,30.375,30.625,30.25,30.3125,9.142271041870117,359500
1998-03-31,30.375,31.625,30.375,30.8125,9.293071746826172,722600
1998-04-01,30.9375,31.0625,30.625,30.9375,9.330770492553711,214900
1998-04-02,30.9375,31.25,30.875,31.25,9.425023078918457,180500
1998-04-03,31.125,31.4375,31.0,31.1875,9.406176567077637,1067300
1998-04-06,31.375,31.5625,30.8125,30.9375,9.330770492553711,462900
1998-04-07,30.875,30.9375,30.625,30.75,9.274224281311035,397400
1998-04-08,30.625,31.0625,30.375,30.5625,9.217671394348145,309800
1998-04-09,30.5,31.0,30.4375,31.0,9.349628448486328,459800
1998-04-13,31.1875,31.1875,30.625,30.8125,9.293071746826172,326800
1998-04-14,30.875,31.375,30.8125,31.25,9.425023078918457,528400
1998-04-15,31.25,31.875,31.125,31.8125,9.594676971435547,471500
1998-04-16,31.625,31.625,31.0625,31.1875,9.406176567077637,426300
1998-04-17,31.25,31.5,31.0,31.5,9.5004243850708,214900
1998-04-20,31.25,31.3125,30.625,30.9375,9.330770492553711,220100
1998-04-21,30.6875,30.9375,30.3125,30.875,9.31192684173584,400900
1998-04-22,30.75,30.9375,30.6875,30.75,9.274224281311035,204000
1998-04-23,30.5,30.625,29.9375,30.0625,9.066876411437988,688400
1998-04-24,30.0,30.4375,29.875,30.0,9.048018455505371,233800
1998-04-27,29.75,29.859375,29.3125,29.5625,8.9160737991333,431200
1998-04-28,29.625,29.75,29.4375,29.6875,8.953773498535156,353800
1998-04-29,29.625,29.75,29.4375,29.625,8.934924125671387,249300
1998-04-30,29.875,30.3125,29.8125,30.25,9.123422622680664,393000
1998-05-01,30.375,30.4375,29.875,30.4375,9.179971694946289,452500
1998-05-04,30.6875,30.6875,30.09375,30.4375,9.179971694946289,2110900
1998-05-05,29.9375,30.0,29.6875,29.8125,9.103638648986816,456400
1998-05-06,29.8125,30.125,29.75,30.0625,9.179978370666504,717700
1998-05-07,30.0,30.0625,29.5625,29.625,9.046380996704102,499000
1998-05-08,29.625,30.0,29.625,29.9375,9.141799926757812,245300
1998-05-11,30.0,30.5,30.0,30.125,9.199057579040527,534700
1998-05-12,30.125,30.25,29.6875,30.0625,9.179978370666504,336100
1998-05-13,30.0,30.0,29.625,29.75,9.084550857543945,642100
1998-05-14,29.75,29.875,29.5625,29.8125,9.103638648986816,317300
1998-05-15,29.875,29.9375,29.75,29.75,9.084550857543945,597000
1998-05-18,29.75,29.9375,29.5625,29.625,9.046380996704102,580500
1998-05-19,29.625,29.75,29.5,29.5625,9.027294158935547,688400
1998-05-20,29.5625,29.6875,29.5,29.5625,9.027294158935547,754000
1998-05-21,29.5625,29.75,29.375,29.375,8.970038414001465,207400
1998-05-22,29.3125,29.5625,29.125,29.3125,8.95095157623291,195300
1998-05-26,29.1875,29.3125,28.9375,29.0,8.855520248413086,198700
1998-05-27,28.875,28.9375,28.5,28.5625,8.721924781799316,758900
1998-05-28,28.8125,29.375,28.75,29.125,8.89369010925293,407400
1998-05-29,29.1875,29.6875,29.0625,29.6875,9.065459251403809,283300
1998-06-01,29.875,30.375,29.8125,30.3125,9.256312370300293,575900
1998-06-02,30.375,30.5625,30.25,30.5,9.313569068908691,349700
1998-06-03,30.625,30.9375,30.4375,30.4375,9.294485092163086,330000
1998-06-04,30.5,30.9375,30.5,30.875,9.428082466125488,455700
1998-06-05,30.875,31.0625,30.75,31.0625,9.485331535339355,314400
1998-06-08,31.0625,31.0625,30.6875,30.8125,9.4089937210083,231400
1998-06-09,30.875,31.1875,30.75,30.9375,9.447164535522461,274800
1998-06-10,31.0625,31.5625,31.0,31.4375,9.599845886230469,406800
1998-06-11,31.3125,31.4375,30.625,31.25,9.542591094970703,329000
1998-06-12,31.25,31.25,30.6875,31.1875,9.523508071899414,316100
1998-06-15,31.0625,31.375,30.25,30.25,9.237226486206055,2090100
1998-06-16,30.5625,30.75,30.375,30.6875,9.37082290649414,614100
1998-06-17,30.6875,30.6875,30.4375,30.625,9.351738929748535,476500
1998-06-18,30.875,30.875,30.4375,30.5625,9.332653045654297,275500
1998-06-19,30.75,30.75,30.4375,30.4375,9.294485092163086,464600
1998-06-22,30.25,30.875,30.25,30.5,9.313569068908691,212800
1998-06-23,30.625,30.8125,30.375,30.5,9.313569068908691,307000
1998-06-24,30.6875,30.6875,30.125,30.3125,9.256312370300293,201700
1998-06-25,30.4375,30.8125,30.1875,30.4375,9.294485092163086,1055000
1998-06-26,30.4375,30.5625,30.25,30.5625,9.332653045654297,140200
1998-06-29,30.625,30.75,30.4375,30.625,9.351738929748535,538500
1998-06-30,30.6875,31.0,30.4375,30.75,9.389913558959961,386800
1998-07-01,30.8125,30.9375,30.625,30.9375,9.447164535522461,773500
1998-07-02,30.75,30.8125,30.375,30.8125,9.4089937210083,398600
1998-07-06,30.375,30.5,29.0,30.375,9.275396347045898,655200
1998-07-07,30.4375,30.5,30.0,30.125,9.199057579040527,1207600
1998-07-08,30.0,30.1875,29.9375,29.9375,9.141799926757812,812600
1998-07-09,30.0,30.0625,29.75,29.8125,9.103638648986816,381400
1998-07-10,29.625,29.75,29.125,29.5,9.008208274841309,1701300
1998-07-13,29.5,29.5,29.0,29.0,8.855520248413086,386600
1998-07-14,29.0,29.1875,27.9375,28.25,8.626500129699707,630200
1998-07-15,27.9375,28.3125,27.5,28.125,8.588334083557129,1147700
1998-07-16,28.0,28.5625,27.9375,28.5,8.702841758728027,486900
1998-07-17,28.75,28.75,28.3125,28.5,8.702841758728027,140300
1998-07-20,28.25,28.625,28.125,28.3125,8.645588874816895,345700
1998-07-21,28.3125,28.375,27.8125,28.25,8.626500129699707,374000
1998-07-22,28.375,28.75,28.25,28.75,8.779186248779297,628200
1998-07-23,28.8125,28.9375,28.0,28.0,8.550159454345703,248300
1998-07-24,28.0,28.25,27.8125,28.0625,8.56924819946289,187700
1998-07-27,28.0,28.4375,27.75,28.25,8.626500129699707,479200
1998-07-28,28.25,28.25,27.875,27.875,8.511991500854492,273800
1998-07-29,27.875,28.0625,27.8125,27.875,8.511991500854492,124900
1998-07-30,27.875,28.3125,27.875,28.25,8.626500129699707,276200
1998-07-31,28.1875,28.1875,27.5,27.5625,8.416563034057617,234300
1998-08-03,27.75,28.375,27.0625,28.0,8.550159454345703,757000
1998-08-04,28.125,28.25,27.625,27.625,8.435649871826172,457400
1998-08-05,27.5,27.75,27.125,27.5625,8.532389640808105,953700
1998-08-06,27.5625,27.5625,27.1875,27.5,8.513043403625488,370300
1998-08-07,27.375,28.125,27.125,28.0,8.667826652526855,245400
1998-08-10,27.875,28.125,27.8125,27.875,8.629128456115723,240600
1998-08-11,27.875,28.0,27.625,27.875,8.629128456115723,222900
1998-08-12,27.8125,28.9375,27.8125,28.75,8.899995803833008,609800
1998-08-13,28.875,29.0625,28.4375,28.75,8.899995803833008,346500
1998-08-14,28.6875,29.125,28.625,28.8125,8.91934871673584,191100
1998-08-17,28.8125,29.25,28.75,29.25,9.05477523803711,374000
1998-08-18,29.25,29.25,29.0,29.125,9.016085624694824,220400
1998-08-19,29.125,29.125,28.5625,28.6875,8.880651473999023,636500
1998-08-20,28.625,29.0,28.5625,28.9375,8.958044052124023,272500
1998-08-21,28.75,29.5,28.5625,29.3125,9.074130058288574,787200
1998-08-24,29.4375,29.8125,29.3125,29.625,9.17087173461914,298400
1998-08-25,29.75,29.875,29.0625,29.0625,8.996737480163574,319600
1998-08-26,28.8125,29.5,28.8125,29.1875,9.035430908203125,328000
1998-08-27,29.1875,29.5625,28.1875,29.1875,9.035430908203125,319800
1998-08-28,29.0,29.25,28.8125,29.0,8.97739028930664,353400
1998-08-31,29.0,30.0,28.625,28.875,8.938693046569824,593900
1998-09-01,29.0,29.5625,28.875,29.375,9.093480110168457,696000
1998-09-02,29.4375,29.4375,28.3125,28.375,8.783912658691406,563300
1998-09-03,28.25,28.6875,27.625,28.4375,8.803261756896973,385700
1998-09-04,28.4375,29.0,28.0625,28.6875,8.880651473999023,342200
1998-09-08,28.6875,29.5,28.625,29.4375,9.112821578979492,419000
1998-09-09,29.3125,29.5,29.0,29.125,9.016085624694824,408400
1998-09-10,28.25,29.125,28.25,28.625,8.86130142211914,370800
1998-09-11,28.4375,29.3125,28.375,29.125,9.016085624694824,279700
1998-09-14,29.0625,29.625,29.0,29.1875,9.035430908203125,212600
1998-09-15,28.9375,29.75,28.8125,29.6875,9.190217971801758,446100
1998-09-16,29.5,29.9375,29.3125,29.9375,9.267606735229492,635600
1998-09-17,29.4375,29.875,29.3125,29.5625,9.151516914367676,394200
1998-09-18,29.8125,29.9375,29.75,29.75,9.209559440612793,690200
1998-09-21,29.875,30.1875,29.125,30.1875,9.34499454498291,775600
1998-09-22,30.1875,30.1875,29.9375,30.1875,9.34499454498291,736900
1998-09-23,30.1875,30.625,30.0,30.625,9.480432510375977,1809100
1998-09-24,30.25,30.25,29.5,29.625,9.17087173461914,367300
1998-09-25,29.625,30.0,29.5625,29.75,9.209559440612793,259400
1998-09-28,29.875,30.125,29.625,30.125,9.325653076171875,210100
1998-09-29,30.1875,30.875,30.1875,30.75,9.519126892089844,2329300
1998-09-30,30.75,31.3125,30.625,31.0625,9.615869522094727,1036900
1998-10-01,31.125,31.4375,31.0,31.0625,9.615869522094727,651500
1998-10-02,31.25,32.625,31.25,32.625,10.099565505981445,1129100
1998-10-05,32.5,33.0,32.375,33.0,10.215645790100098,819000
1998-10-06,32.625,32.9375,32.375,32.75,10.138264656066895,986100
1998-10-07,32.8125,33.625,32.625,33.625,10.409127235412598,1028600
1998-10-08,33.4375,34.0625,33.3125,33.875,10.486518859863281,1316700
1998-10-09,34.0,34.0,31.875,32.3125,10.002822875976562,1074500
1998-10-12,32.0,32.25,31.25,31.375,9.71260929107666,425700
1998-10-13,31.875,32.3125,31.5625,31.8125,9.84803581237793,1744400
1998-10-14,31.8125,32.875,31.5,32.0,9.906084060668945,2104500
1998-10-15,32.0,32.9375,31.5,32.6875,10.118913650512695,512900
1998-10-16,33.0,33.0,31.1875,31.25,9.673909187316895,667200
1998-10-19,31.625,32.3125,31.375,31.5,9.751301765441895,644000
1998-10-20,32.0,32.0,29.875,30.1875,9.34499454498291,1455400
1998-10-21,30.5,30.625,29.75,30.1875,9.34499454498291,335800
1998-10-22,30.3125,30.75,30.0625,30.5,9.441741943359375,428100
1998-10-23,30.375,30.5,29.625,29.75,9.209559440612793,341100
1998-10-26,29.8125,30.0625,29.4375,29.4375,9.112821578979492,364900
1998-10-27,29.4375,29.75,29.1875,29.4375,9.112821578979492,482400
1998-10-28,29.625,30.0,29.5625,29.8125,9.228913307189941,781700
1998-10-29,29.9375,29.9375,29.5,29.625,9.17087173461914,205700
1998-10-30,30.0,30.0625,29.6875,30.0,9.286953926086426,273500
1998-11-02,30.0625,30.6875,30.0625,30.4375,9.422388076782227,398000
1998-11-03,30.625,31.375,30.625,30.8125,9.538475036621094,501800
1998-11-04,30.5,30.8125,30.0625,30.5625,9.577648162841797,1284600
1998-11-05,30.625,30.8125,30.4375,30.8125,9.655994415283203,578100
1998-11-06,30.75,31.0,30.5,30.625,9.597237586975098,2598700
1998-11-09,30.8125,31.0,30.4375,30.625,9.597237586975098,1381800
1998-11-10,30.75,31.4375,30.75,31.375,9.832270622253418,299200
1998-11-11,31.3125,31.375,30.6875,30.9375,9.695164680480957,668900
1998-11-12,31.0,31.0625,30.75,31.0,9.714751243591309,1325900
1998-11-13,31.1875,31.4375,30.75,31.25,9.79309368133545,250500
1998-11-16,31.125,31.625,30.9375,31.625,9.91061782836914,778800
1998-11-17,31.4375,32.25,31.0,31.5625,9.891031265258789,377000
1998-11-18,31.375,31.4375,30.9375,31.3125,9.812684059143066,153800
1998-11-19,31.5625,31.625,30.875,31.375,9.832270622253418,205100
1998-11-20,31.5,31.5,30.75,31.0625,9.734336853027344,260200
1998-11-23,31.25,31.625,30.9375,31.3125,9.812684059143066,171600
1998-11-24,31.0,31.5,30.625,31.3125,9.812684059143066,1902000
1998-11-25,31.3125,31.5625,31.25,31.5,9.871443748474121,234700
1998-11-27,31.375,31.625,31.125,31.4375,9.851856231689453,76500
1998-11-30,31.25,31.3125,30.9375,30.9375,9.695164680480957,488500
1998-12-01,31.25,32.25,30.8125,31.25,9.79309368133545,502000
1998-12-02,31.4375,31.5,31.0625,31.125,9.753923416137695,245000
1998-12-03,30.9375,31.375,30.8125,31.1875,9.773508071899414,139200
1998-12-04,31.3125,31.875,31.0625,31.75,9.949792861938477,349400
1998-12-07,31.75,31.875,31.375,31.625,9.91061782836914,279600
1998-12-08,31.625,31.9375,31.375,31.9375,10.008548736572266,295400
1998-12-09,31.8125,31.875,31.3125,31.5,9.871443748474121,1385500
1998-12-10,31.5,31.5,30.8125,31.25,9.79309368133545,459200
1998-12-11,31.3125,31.4375,30.875,31.4375,9.851856231689453,166400
1998-12-14,31.375,31.375,31.0,31.0625,9.734336853027344,577500
1998-12-15,31.1875,31.25,31.0,31.125,9.753923416137695,593600
1998-12-16,30.9375,31.4375,30.9375,31.375,9.832270622253418,1363900
1998-12-17,31.125,31.875,31.0625,31.875,9.988961219787598,370500
1998-12-18,31.6875,32.1875,31.4375,32.0,10.0281343460083,860600
1998-12-21,32.25,32.25,31.75,31.875,9.988961219787598,671300
1998-12-22,31.75,32.125,31.75,32.0,10.0281343460083,359500
1998-12-23,32.125,32.1875,31.875,32.0625,10.04771900177002,337600
1998-12-24,32.25,32.25,32.0,32.125,10.067303657531738,151500
1998-12-28,32.0625,32.125,31.875,32.0,10.0281343460083,186400
1998-12-29,31.875,32.1875,31.75,31.875,9.988961219787598,230400
1998-12-30,32.0625,32.25,32.0,32.25,10.106478691101074,300400
1998-12-31,32.25,32.625,32.0625,32.5625,10.204408645629883,418300
1999-01-04,32.8125,33.0,32.3125,32.5625,10.204408645629883,416600
1999-01-05,32.4375,32.6875,32.3125,32.5625,10.204408645629883,370000
1999-01-06,32.375,32.875,32.3125,32.875,10.302339553833008,386200
1999-01-07,32.625,33.0625,32.5,33.0,10.341510772705078,739900
1999-01-08,33.0625,33.1875,32.75,32.9375,10.32192611694336,603500
1999-01-11,32.6875,32.75,32.3125,32.75,10.263165473937988,804600
1999-01-12,32.5625,33.125,32.3125,32.875,10.302339553833008,375400
1999-01-13,32.5,33.0,32.25,32.375,10.145652770996094,444400
1999-01-14,32.375,32.5,31.8125,32.0625,10.04771900177002,409400
1999-01-15,32.25,32.625,31.75,32.625,10.223991394042969,376300
1999-01-19,32.375,32.375,31.625,32.0625,10.04771900177002,619500
1999-01-20,32.125,32.125,31.5625,31.625,9.91061782836914,1187300
1999-01-21,31.8125,32.0625,31.625,32.0,10.0281343460083,309500
1999-01-22,31.75,31.875,31.625,31.75,9.949792861938477,569500
1999-01-25,31.8125,31.9375,31.5,31.875,9.988961219787598,278500
1999-01-26,31.9375,31.9375,31.5625,31.75,9.949792861938477,340900
1999-01-27,31.8125,31.875,31.125,31.3125,9.812684059143066,643900
1999-01-28,31.0625,31.5,30.9375,31.4375,9.851856231689453,926700
1999-01-29,31.25,31.3125,30.6875,31.0625,9.734336853027344,998800
1999-02-01,30.75,31.0,30.1875,30.4375,9.538473129272461,295600
1999-02-02,30.1875,30.1875,29.5,30.1875,9.460129737854004,387700
1999-02-03,29.8125,30.5625,29.8125,30.25,9.59896183013916,9611300
1999-02-04,30.125,30.5,29.75,30.0625,9.53946590423584,470600
1999-02-05,30.3125,30.4375,30.0,30.375,9.638622283935547,500800
1999-02-08,30.4375,30.5625,29.875,30.4375,9.658456802368164,460400
1999-02-09,30.4375,30.4375,29.8125,30.0625,9.53946590423584,600300
1999-02-10,30.25,30.5625,29.875,30.125,9.559295654296875,390400
1999-02-11,29.9375,29.9375,29.375,29.5,9.360967636108398,222400
1999-02-12,29.5625,29.5625,29.0,29.1875,9.261805534362793,288700
1999-02-16,29.125,29.75,29.0625,29.625,9.400635719299316,522000
1999-02-17,29.625,30.25,29.375,29.875,9.479969024658203,228900
1999-02-18,29.8125,30.5625,29.8125,30.125,9.559295654296875,614600
1999-02-19,30.125,30.125,29.625,29.75,9.440298080444336,311000
1999-02-22,29.4375,29.875,29.4375,29.875,9.479969024658203,427500
1999-02-23,29.625,29.6875,29.3125,29.3125,9.301469802856445,260200
1999-02-24,29.375,29.625,29.0625,29.125,9.241971969604492,360600
1999-02-25,29.0,29.25,28.625,28.8125,9.142814636230469,243100
1999-02-26,29.0625,29.4375,28.9375,29.25,9.281639099121094,304500
1999-03-01,29.0,29.3125,28.8125,29.3125,9.301469802856445,351700
1999-03-02,29.75,30.125,29.625,29.875,9.479969024658203,515900
1999-03-03,29.875,30.1875,29.75,29.9375,9.499800682067871,434400
1999-03-04,29.875,30.1875,29.875,30.0,9.519633293151855,549900
1999-03-05,30.0625,30.75,30.0625,30.625,9.717954635620117,316500
1999-03-08,30.375,30.5,29.75,30.1875,9.57912540435791,393000
1999-03-09,30.0,30.3125,29.0625,29.0625,9.222138404846191,467500
1999-03-10,28.875,29.5,28.5,29.0,9.202306747436523,460000
1999-03-11,29.0,29.0,28.4375,28.75,9.122980117797852,417800
1999-03-12,28.75,29.5625,28.375,29.3125,9.301469802856445,1011400
1999-03-15,29.3125,29.3125,28.5625,28.75,9.122980117797852,331700
1999-03-16,28.9375,29.03125,28.625,28.75,9.122980117797852,371600
1999-03-17,28.9375,29.0,28.5,28.6875,9.103144645690918,451500
1999-03-18,28.75,29.375,28.6875,29.1875,9.261805534362793,369000
1999-03-19,29.25,29.3125,28.875,29.0,9.202306747436523,311800
1999-03-22,28.75,29.125,28.625,29.0,9.202306747436523,176700
1999-03-23,29.0,29.125,28.625,28.625,9.083314895629883,308500
1999-03-24,28.625,29.75,28.625,29.6875,9.420465469360352,514200
1999-03-25,29.5,29.75,29.125,29.25,9.281639099121094,242600
1999-03-26,29.0625,29.3125,28.6875,28.8125,9.142814636230469,301200
1999-03-29,28.875,29.0625,28.625,28.75,9.122980117797852,224200
1999-03-30,28.75,28.75,27.9375,28.0,8.884987831115723,367900
1999-03-31,28.25,28.5,27.9375,28.0,8.884987831115723,303200
1999-04-01,27.875,28.5625,27.8125,28.25,8.964317321777344,442000
1999-04-05,28.25,29.125,28.125,29.0,9.202306747436523,434900
1999-04-06,29.0,29.0625,28.375,28.4375,9.023813247680664,337500
1999-04-07,28.3125,28.875,28.25,28.875,9.162647247314453,653800
1999-04-08,28.75,29.375,28.75,29.375,9.321305274963379,294400
1999-04-09,29.125,29.3125,28.8125,29.0625,9.222138404846191,290400
1999-04-12,29.25,29.625,29.0625,29.3125,9.301469802856445,231800
1999-04-13,29.0625,29.125,28.6875,28.8125,9.142814636230469,274100
1999-04-14,28.5625,28.75,28.25,28.25,8.964317321777344,227900
1999-04-15,28.375,28.9375,28.25,28.5625,9.063480377197266,387800
1999-04-16,28.5625,28.875,28.3125,28.8125,9.142814636230469,527200
1999-04-19,29.0625,30.125,29.0,29.875,9.479969024658203,800500
1999-04-20,30.125,30.6875,29.5625,30.5625,9.6981201171875,491500
1999-04-21,30.5,30.625,30.125,30.625,9.717954635620117,242100
1999-04-22,30.4375,30.5,29.8125,30.0,9.519633293151855,264900
1999-04-23,30.0,30.0,29.625,29.75,9.440298080444336,169500
1999-04-26,29.625,30.0,29.5,29.75,9.440298080444336,205200
1999-04-27,30.0,30.1875,29.4375,29.5,9.360967636108398,298500
1999-04-28,29.5,29.8125,29.375,29.4375,9.341135025024414,381400
1999-04-29,29.4375,30.375,29.4375,30.1875,9.57912540435791,599300
1999-04-30,30.0,30.0,29.375,29.6875,9.420465469360352,370200
1999-05-03,29.375,30.4375,29.375,30.375,9.638622283935547,303700
1999-05-04,30.0625,30.1875,29.8125,30.1875,9.57912540435791,538900
1999-05-05,30.0,30.0625,29.375,30.0625,9.659456253051758,4692400
1999-05-06,29.875,30.375,29.75,30.375,9.75986385345459,553100
1999-05-07,30.125,30.1875,29.8125,30.0,9.639374732971191,700400
1999-05-10,30.25,30.375,29.875,30.3125,9.739785194396973,427300
1999-05-11,30.3125,30.375,30.0,30.0625,9.659456253051758,319500
1999-05-12,30.0625,30.9375,29.9375,30.1875,9.699618339538574,683200
1999-05-13,30.9375,31.875,30.8125,31.5,10.121343612670898,586500
1999-05-14,31.0,31.1875,30.75,31.0625,9.980765342712402,595100
1999-05-17,31.0625,31.5625,31.0,31.4375,10.101263046264648,293200
1999-05-18,31.5,31.75,31.125,31.5,10.121343612670898,615200
1999-05-19,31.625,31.625,31.1875,31.3125,10.061100006103516,533700
1999-05-20,31.3125,31.625,31.0,31.0625,9.980765342712402,413700
1999-05-21,31.0625,31.4375,31.0625,31.1875,10.02093505859375,433000
1999-05-24,31.3125,31.8125,31.25,31.375,10.08117961883545,206900
1999-05-25,31.5625,32.125,31.5625,31.625,10.161511421203613,585400
1999-05-26,31.75,32.0,31.25,32.0,10.281997680664062,309500
1999-05-27,32.0,32.0,30.75,31.125,10.000853538513184,397500
1999-05-28,31.3125,31.8125,31.25,31.8125,10.221750259399414,340700
1999-06-01,31.8125,31.875,31.1875,31.5625,10.141427993774414,597000
1999-06-02,31.5625,31.6875,31.25,31.3125,10.061100006103516,454100
1999-06-03,31.3125,31.4375,31.0625,31.1875,10.02093505859375,287100
1999-06-04,31.1875,31.5,31.1875,31.5,10.121343612670898,380700
1999-06-07,31.5625,31.75,31.5,31.5625,10.141427993774414,235800
1999-06-08,31.5625,31.75,31.125,31.25,10.041011810302734,342600
1999-06-09,31.125,31.6875,31.125,31.4375,10.101263046264648,266400
1999-06-10,31.5,31.6875,30.75,31.0625,9.980765342712402,399100
1999-06-11,31.125,31.3125,31.125,31.1875,10.02093505859375,594400
1999-06-14,31.25,31.5,30.875,31.0,9.96068000793457,477100
1999-06-15,30.875,31.375,30.75,31.25,10.041011810302734,321200
1999-06-16,31.4375,31.875,31.4375,31.6875,10.181587219238281,652300
1999-06-17,31.875,31.875,31.4375,31.625,10.161511421203613,404100
1999-06-18,31.5625,31.75,31.3125,31.75,10.201665878295898,497900
1999-06-21,31.5,31.5625,31.0,31.3125,10.061100006103516,359300
1999-06-22,31.3125,31.5625,31.25,31.4375,10.101263046264648,324600
1999-06-23,31.6875,31.9375,31.4375,31.625,10.161511421203613,492000
1999-06-24,31.75,31.875,31.5625,31.6875,10.181587219238281,600900
1999-06-25,31.875,31.9375,31.5625,31.6875,10.181587219238281,529300
1999-06-28,31.8125,31.9375,31.75,31.8125,10.221750259399414,739800
1999-06-29,31.8125,31.8125,31.25,31.5625,10.141427993774414,1351700
1999-06-30,31.5,31.5,30.8125,31.0,9.96068000793457,417000
1999-07-01,30.875,31.1875,30.8125,31.1875,10.02093505859375,466700
1999-07-02,31.1875,31.3125,30.9375,31.125,10.000853538513184,725200
1999-07-06,31.0625,31.125,30.8125,31.0625,9.980765342712402,573400
1999-07-07,31.1875,31.25,30.875,31.0625,9.980765342712402,626500
1999-07-08,31.0625,31.0625,30.5625,30.625,9.840189933776855,461300
1999-07-09,30.625,30.75,30.5,30.6875,9.860273361206055,311200
1999-07-12,30.75,30.875,30.4375,30.5625,9.820110321044922,588200
1999-07-13,30.5625,30.75,30.3125,30.4375,9.779945373535156,386600
1999-07-14,30.5,30.5,29.8125,30.0625,9.659456253051758,309000
1999-07-15,30.375,30.375,29.9375,30.125,9.679540634155273,296900
1999-07-16,30.1875,30.3125,29.8125,30.0,9.639374732971191,234400
1999-07-19,30.0,30.0625,29.625,30.0,9.639374732971191,213000
1999-07-20,30.0,30.3125,29.6875,30.0,9.639374732971191,670800
1999-07-21,30.0,30.1875,29.8125,30.0625,9.659456253051758,197800
1999-07-22,30.0,30.0625,29.75,29.75,9.559045791625977,266800
1999-07-23,29.6875,29.875,29.5625,29.6875,9.538962364196777,172800
1999-07-26,29.875,30.0,29.5625,29.8125,9.579124450683594,282800
1999-07-27,29.8125,29.875,29.4375,29.6875,9.538962364196777,200300
1999-07-28,29.4375,29.4375,29.25,29.25,9.39838981628418,98200
1999-07-29,29.125,29.125,28.5,28.5625,9.177488327026367,348100
1999-07-30,28.625,28.9375,28.3125,28.5625,9.177488327026367,307500
1999-08-02,28.8125,29.125,28.625,29.0,9.318058013916016,320100
1999-08-03,29.0625,29.25,28.9375,29.0625,9.338141441345215,702400
1999-08-04,28.6875,28.9375,28.0625,28.125,9.155044555664062,590400
1999-08-05,28.25,28.3125,27.875,28.0625,9.134700775146484,835200
1999-08-06,28.1875,28.5,28.1875,28.5,9.277108192443848,802400
1999-08-09,28.5,28.75,28.25,28.5625,9.297453880310059,681500
1999-08-10,28.5625,28.6875,28.25,28.3125,9.216072082519531,414500
1999-08-11,28.5,28.625,28.3125,28.4375,9.256766319274902,216600
1999-08-12,28.4375,28.625,28.0,28.0625,9.134700775146484,180700
1999-08-13,28.375,28.4375,28.125,28.3125,9.216072082519531,232200
1999-08-16,28.3125,28.4375,28.0625,28.4375,9.256766319274902,279100
1999-08-17,28.4375,28.4375,27.8125,28.0,9.114352226257324,541800
1999-08-18,28.0,28.125,27.875,27.9375,9.094010353088379,759200
1999-08-19,27.875,28.5,27.75,28.4375,9.256766319274902,471000
1999-08-20,28.6875,29.125,28.625,29.0,9.439863204956055,303800
1999-08-23,29.0,29.25,28.875,29.125,9.48055648803711,318400
1999-08-24,29.125,29.125,28.5,28.75,9.358489990234375,474700
1999-08-25,28.8125,29.3125,28.75,29.3125,9.54158878326416,391400
1999-08-26,29.125,29.3125,28.875,28.875,9.399179458618164,271600
1999-08-27,28.75,29.0,28.75,28.8125,9.378830909729004,253200
1999-08-30,28.8125,29.125,28.6875,28.8125,9.378830909729004,325700
1999-08-31,28.9375,28.9375,28.3125,28.5625,9.297453880310059,245300
1999-09-01,28.4375,28.5625,28.125,28.4375,9.256766319274902,627700
1999-09-02,28.6875,28.6875,27.9375,28.125,9.155044555664062,862500
1999-09-03,28.25,28.875,28.25,28.75,9.358489990234375,1128500
1999-09-07,28.75,28.8125,27.75,28.0625,9.134700775146484,274400
1999-09-08,27.75,28.0625,27.6875,28.0,9.114352226257324,346400
1999-09-09,28.0,28.1875,27.875,28.125,9.155044555664062,481600
1999-09-10,28.0,28.125,27.8125,27.875,9.0736665725708,1123200
1999-09-13,27.8125,28.0,27.5625,27.875,9.0736665725708,154500
1999-09-14,27.8125,27.8125,27.3125,27.3125,8.8905611038208,259700
1999-09-15,27.5,27.75,27.375,27.375,8.910904884338379,536000
1999-09-16,27.375,27.5,27.0,27.25,8.870216369628906,480500
1999-09-17,27.1875,27.3125,26.9375,27.1875,8.849872589111328,476800
1999-09-20,27.3125,27.5,26.875,27.0,8.788841247558594,343800
1999-09-21,26.625,26.625,26.1875,26.3125,8.56505012512207,374700
1999-09-22,26.375,26.5625,26.0,26.1875,8.52436637878418,529500
1999-09-23,26.3125,26.3125,25.75,25.8125,8.402290344238281,438400
1999-09-24,25.75,25.875,25.3125,25.5,8.30057144165039,273100
1999-09-27,25.5625,25.6875,25.3125,25.5,8.30057144165039,196600
1999-09-28,25.75,25.75,24.75,25.25,8.219196319580078,556100
1999-09-29,25.5,25.5625,24.8125,24.9375,8.117470741271973,514300
1999-09-30,25.0625,25.5,25.0,25.3125,8.23953914642334,522000
1999-10-01,25.3125,25.75,25.125,25.6875,8.361603736877441,942800
1999-10-04,25.5625,26.25,25.5625,26.25,8.544706344604492,473700
1999-10-05,26.375,26.375,25.875,26.0,8.463327407836914,595300
1999-10-06,25.9375,26.0625,25.5,25.875,8.422642707824707,388300
1999-10-07,25.75,25.8125,24.875,25.0625,8.158160209655762,238600
1999-10-08,25.1875,25.5,24.9375,25.5,8.30057144165039,406100
1999-10-11,25.75,25.75,25.3125,25.4375,8.280227661132812,618500
1999-10-12,25.3125,25.3125,24.625,24.875,8.097123146057129,314500
1999-10-13,24.75,24.9375,24.4375,24.4375,7.954713344573975,401300
1999-10-14,24.25,25.25,24.125,25.25,8.219196319580078,324700
1999-10-15,25.375,25.375,24.625,24.875,8.097123146057129,617100
1999-10-18,24.875,25.125,24.4375,24.625,8.01574420928955,930700
1999-10-19,24.5,24.5625,24.0,24.125,7.852991104125977,672900
1999-10-20,24.125,24.25,23.875,23.9375,7.791955947875977,751900
1999-10-21,23.6875,24.3125,23.6875,24.3125,7.914029121398926,915500
1999-10-22,24.3125,24.8125,24.25,24.5,7.9750566482543945,952000
1999-10-25,24.5,25.0,24.5,24.9375,8.117470741271973,666200
1999-10-26,25.125,25.25,24.9375,25.0,8.137813568115234,682000
1999-10-27,25.125,25.6875,25.0625,25.5625,8.320915222167969,392400
1999-10-28,25.9375,26.125,25.8125,25.9375,8.442981719970703,495700
1999-10-29,26.0,26.1875,25.875,26.0625,8.483673095703125,509400
1999-11-01,26.5,26.5,26.125,26.25,8.544706344604492,504900
1999-11-02,26.25,26.5625,26.125,26.25,8.544706344604492,210900
1999-11-03,25.75,26.125,25.75,25.9375,8.565345764160156,1673000
1999-11-04,25.9375,25.9375,25.0,25.0,8.255752563476562,622500
1999-11-05,25.1875,25.4375,25.0,25.375,8.379591941833496,389000
1999-11-08,25.3125,25.4375,25.0,25.1875,8.317669868469238,491600
1999-11-09,25.1875,25.1875,24.5625,24.6875,8.152559280395508,356800
1999-11-10,24.6875,24.6875,24.0,24.1875,7.987442493438721,839600
1999-11-11,24.25,24.375,24.0,24.3125,8.028721809387207,589100
1999-11-12,24.3125,24.5,24.25,24.375,8.049357414245605,491300
1999-11-15,24.375,24.5,24.1875,24.25,8.00808334350586,338100
1999-11-16,24.4375,24.5,24.125,24.375,8.049357414245605,553000
1999-11-17,24.25,24.4375,24.125,24.4375,8.070002555847168,310400
1999-11-18,24.375,24.5625,24.125,24.25,8.00808334350586,751600
1999-11-19,24.25,24.3125,23.8125,23.9375,7.9048848152160645,551800
1999-11-22,23.9375,24.0625,23.6875,23.75,7.84296989440918,889800
1999-11-23,23.75,23.8125,23.375,23.625,7.801686763763428,612700
1999-11-24,23.625,23.6875,23.3125,23.5,7.76041316986084,369600
1999-11-26,23.25,23.4375,23.0625,23.25,7.677850723266602,229100
1999-11-29,22.875,22.9375,22.125,22.5625,7.45081901550293,719700
1999-11-30,22.375,23.375,22.375,23.3125,7.698493957519531,835300
1999-12-01,23.0,23.4375,23.0,23.3125,7.698493957519531,602000
1999-12-02,23.5,23.875,23.3125,23.8125,7.863609313964844,602300
1999-12-03,23.625,23.9375,23.625,23.875,7.884247779846191,489800
1999-12-06,23.8125,24.0,23.6875,23.875,7.884247779846191,664700
1999-12-07,23.875,23.875,23.5625,23.6875,7.822328090667725,583400
1999-12-08,23.625,23.6875,23.375,23.4375,7.73976993560791,626000
1999-12-09,23.4375,23.5,23.125,23.1875,7.65721321105957,443500
1999-12-10,23.1875,23.3125,22.75,22.875,7.554014682769775,520100
1999-12-13,22.75,22.9375,22.625,22.875,7.554014682769775,650000
1999-12-14,22.875,23.125,22.75,23.0625,7.615935325622559,719600
1999-12-15,23.0625,23.1875,22.8125,22.9375,7.574654579162598,465300
1999-12-16,22.875,22.9375,22.6875,22.6875,7.492099761962891,272400
1999-12-17,22.75,22.875,22.375,22.875,7.554014682769775,1293100
1999-12-20,22.875,22.875,22.5,22.6875,7.492099761962891,410900
1999-12-21,22.5625,22.875,22.375,22.625,7.47145938873291,965600
1999-12-22,22.5,23.0,22.4375,22.9375,7.574654579162598,649300
1999-12-23,22.9375,23.0,22.875,22.9375,7.574654579162598,239600
1999-12-27,23.0,23.0,22.8125,22.8125,7.533378601074219,405700
1999-12-28,22.8125,23.0,22.8125,22.875,7.554014682769775,348200
1999-12-29,22.8125,22.8125,22.375,22.6875,7.492099761962891,284400
1999-12-30,22.625,22.75,22.5,22.6875,7.492099761962891,316100
1999-12-31,22.4375,22.75,22.375,22.6875,7.492099761962891,162400
2000-01-03,22.4375,22.5,21.875,22.0625,7.28570556640625,532500
2000-01-04,22.0,22.375,21.875,22.0625,7.28570556640625,887800
2000-01-05,22.125,23.0,22.125,22.875,7.554014682769775,532000
2000-01-06,22.875,23.0625,22.8125,22.9375,7.574654579162598,359000
2000-01-07,22.9375,23.1875,22.875,23.0625,7.615935325622559,378100
2000-01-10,23.0625,23.375,22.9375,23.125,7.636570930480957,407000
2000-01-11,23.0,23.4375,23.0,23.375,7.71913480758667,479900
2000-01-12,23.125,23.5,23.125,23.4375,7.73976993560791,935600
2000-01-13,23.5625,23.5625,23.375,23.375,7.71913480758667,581400
2000-01-14,23.5625,23.5625,23.1875,23.25,7.677850723266602,835800
2000-01-18,23.125,23.25,22.8125,22.875,7.554014682769775,561300
2000-01-19,22.8125,23.0,22.5,22.8125,7.533378601074219,638200
2000-01-20,22.75,22.875,22.5625,22.75,7.512737274169922,410400
2000-01-21,22.75,23.0,22.5625,23.0,7.595293998718262,819800
2000-01-24,23.0,23.375,22.9375,23.125,7.636570930480957,556700
2000-01-25,23.0625,23.3125,22.6875,22.8125,7.533378601074219,673400
2000-01-26,22.8125,23.3125,22.8125,23.125,7.636570930480957,1349700
2000-01-27,23.125,23.25,23.0,23.125,7.636570930480957,808900
2000-01-28,23.125,23.1875,22.5,22.6875,7.492099761962891,909000
2000-01-31,22.75,23.0625,22.6875,22.75,7.512737274169922,523000
2000-02-01,22.8125,23.125,22.75,22.9375,7.574654579162598,289500
2000-02-02,22.875,23.125,22.8125,22.875,7.554014682769775,3666600
2000-02-03,22.75,23.125,22.6875,22.875,7.6799139976501465,618100
2000-02-04,22.9375,22.9375,22.1875,22.3125,7.491063117980957,688000
2000-02-07,22.125,22.25,22.0,22.0,7.386148929595947,311400
2000-02-08,22.0,22.3125,22.0,22.125,7.428117752075195,202500
2000-02-09,22.125,22.375,22.125,22.3125,7.491063117980957,523800
2000-02-10,22.3125,22.375,21.875,22.0,7.386148929595947,439900
2000-02-11,22.0,22.1875,21.5625,21.6875,7.2812299728393555,940600
2000-02-14,21.6875,21.75,21.5,21.625,7.260250091552734,625700
2000-02-15,21.625,21.9375,21.5625,21.625,7.260250091552734,392500
2000-02-16,21.625,21.875,21.4375,21.625,7.260250091552734,460400
2000-02-17,21.5625,21.625,21.0,21.0,7.050414562225342,910200
2000-02-18,20.875,20.9375,20.4375,20.4375,6.861563205718994,1194200
2000-02-22,20.4375,20.5,19.875,20.0625,6.735661506652832,714900
2000-02-23,20.0,20.3125,20.0,20.125,6.756649017333984,503600
2000-02-24,20.125,20.125,19.375,19.5625,6.5677995681762695,398500
2000-02-25,19.25,19.5,18.875,19.0,6.37894344329834,1887500
2000-02-28,19.0,19.3125,18.9375,19.1875,6.441897392272949,877100
2000-02-29,19.125,19.3125,18.5,18.5,6.211077690124512,822800
2000-03-01,19.75,19.75,18.875,19.0,6.37894344329834,880200
2000-03-02,19.1875,19.25,18.8125,18.9375,6.357964038848877,534300
2000-03-03,18.875,19.5,18.875,19.1875,6.441897392272949,820100
2000-03-06,19.0625,19.3125,18.375,18.5,6.211077690124512,1076700
2000-03-07,18.5,18.5,18.125,18.1875,6.106163501739502,712500
2000-03-08,18.0,18.375,18.0,18.1875,6.106163501739502,605300
2000-03-09,18.1875,18.5,18.0,18.5,6.211077690124512,392100
2000-03-10,18.5,18.5,18.1875,18.3125,6.148131370544434,264600
2000-03-13,18.1875,18.375,18.0,18.1875,6.106163501739502,384900
2000-03-14,18.1875,18.5,18.125,18.375,6.169114112854004,535700
2000-03-15,18.3125,19.375,18.3125,19.0625,6.399928569793701,614400
2000-03-16,18.9375,20.3125,18.9375,20.125,6.756649017333984,491300
2000-03-17,20.125,20.125,19.5,19.5,6.54681396484375,812400
2000-03-20,19.5625,19.75,19.375,19.5625,6.5677995681762695,575300
2000-03-21,19.5625,20.125,19.5625,19.8125,6.651732444763184,543800
2000-03-22,19.75,19.8125,19.25,19.5,6.54681396484375,797400
2000-03-23,19.3125,19.875,19.1875,19.5,6.54681396484375,524400
2000-03-24,19.5,20.0,19.4375,19.9375,6.693698883056641,546000
2000-03-27,20.0,20.25,19.9375,20.0625,6.735661506652832,319300
2000-03-28,19.8125,20.0625,19.625,19.8125,6.651732444763184,495200
2000-03-29,19.75,20.25,19.6875,20.125,6.756649017333984,499700
2000-03-30,20.375,20.6875,20.25,20.5625,6.903529167175293,449000
2000-03-31,20.375,20.875,20.1875,20.625,6.924517631530762,563100
2000-04-03,20.625,21.0625,20.5625,21.0625,7.071400165557861,676400
2000-04-04,21.0,21.6875,21.0,21.4375,7.197298526763916,495500
2000-04-05,21.5625,22.1875,21.4375,22.0,7.386148929595947,765000
2000-04-06,22.0625,22.1875,21.625,21.875,7.344184875488281,809900
2000-04-07,21.875,21.9375,21.5,21.625,7.260250091552734,568600
2000-04-10,21.625,22.0625,21.5625,21.8125,7.323197364807129,974500
2000-04-11,21.6875,22.25,21.6875,22.25,7.470081329345703,750800
2000-04-12,22.5,23.25,22.375,23.0,7.721882343292236,750700
2000-04-13,23.125,24.5,23.0,24.375,8.183512687683105,761000
2000-04-14,24.125,25.0,24.0,24.1875,8.120567321777344,1194700
2000-04-17,24.0,24.875,23.875,24.8125,8.330404281616211,1449800
2000-04-18,25.0,25.625,25.0,25.1875,8.456298828125,705800
2000-04-19,25.1875,25.1875,24.125,24.6875,8.288434028625488,391400
2000-04-20,24.75,24.8125,24.1875,24.4375,8.20450210571289,568900
2000-04-24,24.5,25.75,24.375,25.75,8.645148277282715,939500
2000-04-25,25.75,26.3125,25.5625,26.1875,8.792037010192871,867900
2000-04-26,25.875,26.875,25.875,26.75,8.980881690979004,427400
2000-04-27,26.5625,26.5625,25.625,25.8125,8.666133880615234,727800
2000-04-28,25.9375,25.9375,25.1875,25.4375,8.54023551940918,455900
2000-05-01,25.5,25.6875,25.1875,25.25,8.477283477783203,503300
2000-05-02,25.0625,25.125,24.5,25.0625,8.414337158203125,1164100
2000-05-03,24.4375,24.75,24.125,24.5,8.350430488586426,1272700
2000-05-04,24.5,24.8125,23.75,24.375,8.307817459106445,988300
2000-05-05,24.3125,24.3125,23.8125,23.9375,8.158708572387695,409600
2000-05-08,24.0625,25.0,23.75,24.4375,8.329129219055176,693500
2000-05-09,24.375,24.5625,24.1875,24.375,8.307817459106445,444700
2000-05-10,24.4375,24.8125,24.1875,24.375,8.307817459106445,346000
2000-05-11,24.0,24.5625,24.0,24.5625,8.37172794342041,431700
2000-05-12,24.5,24.5625,24.0,24.125,8.222615242004395,639400
2000-05-15,24.1875,24.8125,24.125,24.6875,8.414334297180176,908300
2000-05-16,24.9375,24.9375,24.25,24.5625,8.37172794342041,823600
2000-05-17,24.5,24.5,23.3125,23.75,8.094803810119629,338900
2000-05-18,23.9375,24.625,23.9375,24.4375,8.329129219055176,342700
2000-05-19,24.25,24.8125,24.125,24.75,8.435638427734375,788800
2000-05-22,24.625,25.3125,24.625,25.125,8.563446044921875,448500
2000-05-23,24.9375,25.1875,24.625,24.875,8.478240966796875,460600
2000-05-24,25.0625,25.625,24.8125,25.0625,8.542147636413574,516500
2000-05-25,24.9375,25.0,24.6875,25.0,8.520840644836426,424600
2000-05-26,25.25,25.375,25.0625,25.3125,8.627351760864258,464500
2000-05-30,25.3125,25.3125,24.5625,25.0625,8.542147636413574,815000
2000-05-31,25.125,25.5,24.9375,25.125,8.563446044921875,496300
2000-06-01,25.375,25.375,24.8125,25.125,8.563446044921875,478900
2000-06-02,25.75,25.75,24.5625,24.6875,8.414334297180176,347200
2000-06-05,24.5,24.5,23.6875,23.8125,8.116105079650879,390800
2000-06-06,23.875,24.5,23.8125,24.3125,8.286520004272461,379200
2000-06-07,24.5,24.6875,24.375,24.5,8.350430488586426,234300
2000-06-08,24.5625,24.5625,23.875,24.5,8.350430488586426,306100
2000-06-09,24.5,24.875,24.375,24.75,8.435638427734375,339300
2000-06-12,24.75,25.0,24.6875,24.9375,8.499542236328125,311700
2000-06-13,24.9375,25.5,24.9375,25.25,8.606051445007324,244100
2000-06-14,25.0625,25.125,24.625,24.6875,8.414334297180176,387400
2000-06-15,24.4375,25.375,24.4375,25.25,8.606051445007324,437700
2000-06-16,25.25,25.5,25.25,25.3125,8.627351760864258,611400
2000-06-19,25.3125,25.5,25.0,25.0,8.520840644836426,666800
2000-06-20,25.0,25.0625,24.625,24.875,8.478240966796875,309400
2000-06-21,24.9375,25.4375,24.75,24.75,8.435638427734375,439000
2000-06-22,24.6875,24.75,24.1875,24.625,8.393031120300293,449300
2000-06-23,24.375,24.75,24.0625,24.4375,8.329129219055176,584500
2000-06-26,24.375,25.375,24.3125,25.0,8.520840644836426,678700
2000-06-27,25.0625,25.125,24.125,24.375,8.307817459106445,504900
2000-06-28,24.25,25.125,23.625,25.0625,8.542147636413574,399800
2000-06-29,24.9375,25.1875,24.125,24.25,8.26522159576416,434100
2000-06-30,24.0625,25.125,23.25,23.375,7.9669952392578125,890000
2000-07-03,23.5625,24.1875,23.5625,24.0625,8.201313018798828,250400
2000-07-05,24.25,24.8125,23.625,23.875,8.137406349182129,292500
2000-07-06,23.9375,24.25,23.75,24.0,8.180014610290527,269300
2000-07-07,23.875,24.375,23.875,24.3125,8.286520004272461,175300
2000-07-10,24.0625,24.6875,24.0625,24.4375,8.329129219055176,628300
2000-07-11,24.4375,24.8125,24.0625,24.8125,8.456942558288574,415800
2000-07-12,24.375,24.75,24.25,24.5625,8.37172794342041,283400
2000-07-13,24.4375,24.5,24.1875,24.3125,8.286520004272461,491300
2000-07-14,24.375,24.5,24.0,24.125,8.222615242004395,414300
2000-07-17,24.0625,24.5,24.0,24.3125,8.286520004272461,192400
2000-07-18,24.3125,24.75,24.1875,24.5625,8.37172794342041,273000
2000-07-19,24.8125,25.625,24.8125,25.4375,8.669960975646973,601900
2000-07-20,25.5,25.6875,25.25,25.3125,8.627351760864258,383100
2000-07-21,25.4375,25.4375,25.25,25.25,8.606051445007324,265800
2000-07-24,25.1875,25.1875,24.9375,25.0625,8.542147636413574,178300
2000-07-25,24.9375,25.3125,24.9375,25.1875,8.584750175476074,297900
2000-07-26,25.0625,25.375,24.75,24.875,8.478240966796875,767500
2000-07-27,25.0625,25.375,24.9375,25.1875,8.584750175476074,466600
2000-07-28,25.1875,25.3125,25.0625,25.125,8.563446044921875,302800
2000-07-31,25.25,25.75,25.1875,25.5,8.69126033782959,1341900
2000-08-01,25.5625,26.875,25.5625,26.875,9.159906387329102,792700
2000-08-02,26.875,27.125,26.5625,26.875,9.159906387329102,2607900
2000-08-03,26.75,27.1875,26.625,26.953125,9.316534996032715,2042700
2000-08-04,26.6875,27.1875,26.1875,26.9375,9.311131477355957,496400
2000-08-07,24.5,25.4375,24.375,25.390625,8.776444435119629,3627300
2000-08-08,25.25,25.375,24.5625,25.3125,8.749441146850586,1825000
2000-08-09,25.5,25.5625,24.9375,25.234375,8.722439765930176,1849400
2000-08-10,25.4375,25.5,25.0,25.140625,8.690031051635742,314900
2000-08-11,25.125,25.578125,25.125,25.578125,8.841255187988281,449000
2000-08-14,25.6875,25.6875,24.9375,25.4375,8.792647361755371,340100
2000-08-15,25.4375,25.625,25.25,25.5625,8.835857391357422,540400
2000-08-16,25.3125,25.375,25.0625,25.203125,8.711636543273926,242200
2000-08-17,25.1875,25.25,24.625,24.875,8.598215103149414,430600
2000-08-18,24.6875,24.8125,24.375,24.5,8.468591690063477,654200
2000-08-21,24.5,24.5,23.8125,23.9375,8.27415943145752,575000
2000-08-22,23.9375,24.1875,23.75,23.75,8.209351539611816,527900
2000-08-23,23.6875,23.875,23.5625,23.875,8.252556800842285,521100
2000-08-24,23.6875,23.8125,23.4375,23.4375,8.101334571838379,447900
2000-08-25,23.25,23.3125,22.9375,22.9375,7.928506374359131,385600
2000-08-28,23.1875,24.0,23.1875,23.6875,8.18774700164795,445200
2000-08-29,23.6875,23.9375,23.4375,23.75,8.209351539611816,678500
2000-08-30,23.3125,24.0625,23.3125,23.9375,8.27415943145752,702300
2000-08-31,24.0,24.765625,23.875,24.765625,8.560406684875488,1373100
2000-09-01,24.75,25.0,24.5625,24.953125,8.625222206115723,547600
2000-09-05,24.9375,25.5,24.8125,25.5,8.814250946044922,712600
2000-09-06,25.5,26.0,25.4375,25.625,8.85745906829834,1103000
2000-09-07,25.5,25.75,25.5,25.6875,8.879063606262207,448700
2000-09-08,25.6875,26.5,25.6875,26.46875,9.149107933044434,646800
2000-09-11,26.4375,27.5,26.3125,26.828125,9.27332878112793,757000
2000-09-12,26.625,27.3125,26.625,26.8125,9.26793098449707,458600
2000-09-13,27.375,27.875,27.3125,27.5,9.505565643310547,674700
2000-09-14,27.375,27.4375,26.875,27.25,9.419146537780762,785600
2000-09-15,27.625,27.75,27.4375,27.453125,9.489359855651855,1133800
2000-09-18,27.5,27.5,27.0625,27.296875,9.43535327911377,396600
2000-09-19,27.1875,27.375,26.3125,26.375,9.116704940795898,531800
2000-09-20,26.375,26.4375,25.6875,25.875,8.943875312805176,506400
2000-09-21,26.0625,26.4375,25.875,25.9375,8.965474128723145,733800
2000-09-22,26.125,26.875,26.0625,26.375,9.116704940795898,324100
2000-09-25,26.125,26.3125,25.8125,25.9375,8.965474128723145,275500
2000-09-26,25.9375,26.75,25.9375,26.5,9.159906387329102,380800
2000-09-27,26.5,26.9375,25.9375,26.828125,9.27332878112793,307200
2000-09-28,27.0,27.625,27.0,27.0,9.332737922668457,449100
2000-09-29,27.125,27.4375,26.9375,26.953125,9.316534996032715,450600
2000-10-02,27.0,27.8125,26.625,27.8125,9.613585472106934,414900
2000-10-03,27.6875,27.75,26.5,26.5,9.159906387329102,694800
2000-10-04,26.5625,26.8125,25.625,25.8125,8.922264099121094,427400
2000-10-05,25.875,26.375,25.1875,25.25,8.727840423583984,575200
2000-10-06,25.25,25.75,25.0625,25.25,8.727840423583984,585000
2000-10-09,25.4375,25.75,25.125,25.1875,8.706229209899902,302100
2000-10-10,25.25,26.125,25.1875,25.8125,8.922264099121094,586400
2000-10-11,25.6875,26.25,25.5625,25.8125,8.922264099121094,446100
2000-10-12,25.75,25.9375,25.1875,25.4375,8.792647361755371,534800
2000-10-13,25.4375,25.875,25.4375,25.625,8.85745906829834,496000
2000-10-16,25.875,26.0,25.625,25.9375,8.965474128723145,236500
2000-10-17,25.9375,26.125,25.4375,25.5625,8.835857391357422,377300
2000-10-18,25.4375,26.0,24.75,25.0,8.6414213180542,479000
2000-10-19,25.0625,25.5625,24.6875,25.3125,8.749441146850586,519500
2000-10-20,25.4375,25.8125,25.375,25.4375,8.792647361755371,362700
2000-10-23,25.5,26.0,25.3125,25.4375,8.792647361755371,354300
2000-10-24,25.6875,25.875,25.375,25.625,8.85745906829834,422700
2000-10-25,25.75,26.0,24.9375,25.125,8.684630393981934,507100
2000-10-26,25.0,25.125,24.5625,24.625,8.511799812316895,351600
2000-10-27,24.6875,25.5,24.3125,25.1875,8.706229209899902,378100
2000-10-30,25.375,26.1875,25.3125,25.9375,8.965474128723145,336500
2000-10-31,26.0,26.0,25.25,25.875,8.943875312805176,305700
2000-11-01,25.9375,26.3125,25.8125,26.0625,9.008683204650879,552100
2000-11-02,26.1875,26.375,25.8125,25.875,8.943875312805176,3415600
2000-11-03,25.75,25.875,25.0,25.125,8.81234359741211,289800
2000-11-06,25.125,25.8125,25.125,25.4375,8.921951293945312,335900
2000-11-07,25.3125,25.625,24.8125,25.25,8.856189727783203,425600
2000-11-08,25.0625,25.8125,25.0,25.5,8.943870544433594,268600
2000-11-09,25.8125,26.125,25.6875,26.0625,9.14116096496582,281400
2000-11-10,26.0625,26.3125,25.875,26.125,9.163084030151367,330400
2000-11-13,26.25,26.6875,26.1875,26.375,9.250773429870605,386400
2000-11-14,26.375,26.4375,25.9375,26.3125,9.228849411010742,495900
2000-11-15,26.3125,26.8125,26.3125,26.6875,9.360376358032227,297000
2000-11-16,26.9375,27.6875,26.8125,27.625,9.689197540283203,547000
2000-11-17,27.4375,28.0,27.375,27.9375,9.798800468444824,501800
2000-11-20,28.0,28.375,27.75,27.875,9.77687931060791,560500
2000-11-21,27.9375,27.9375,27.375,27.75,9.733037948608398,529000
2000-11-22,27.875,28.0,27.5,27.75,9.733037948608398,208000
2000-11-24,27.875,28.125,27.375,27.875,9.77687931060791,168000
2000-11-27,28.0,28.5,27.8125,28.3125,9.930327415466309,465500
2000-11-28,28.375,29.25,28.25,28.5625,10.018014907836914,684800
2000-11-29,28.5625,29.5,28.5625,29.375,10.302994728088379,698800
2000-11-30,29.5,29.875,29.0625,29.5,10.346835136413574,1064700
2000-12-01,29.5625,29.9375,29.3125,29.875,10.478362083435059,976500
2000-12-04,29.9375,30.875,29.75,30.375,10.653733253479004,811900
2000-12-05,30.4375,30.5,29.8125,30.3125,10.631814002990723,770700
2000-12-06,29.875,30.5,29.8125,30.125,10.566040992736816,404600
2000-12-07,30.1875,30.75,30.0625,30.125,10.566040992736816,688500
2000-12-08,29.875,30.3125,29.1875,30.0625,10.544127464294434,477600
2000-12-11,29.8125,29.875,29.25,29.6875,10.41259479522705,284200
2000-12-12,29.4375,30.5625,29.4375,30.1875,10.587967872619629,914600
2000-12-13,30.1875,31.375,30.1875,31.125,10.916786193847656,965300
2000-12-14,30.875,31.125,30.3125,30.5625,10.719490051269531,411600
2000-12-15,30.5,30.5,29.8125,29.875,10.478362083435059,975100
2000-12-18,30.125,30.25,29.875,30.0625,10.544127464294434,646000
2000-12-19,30.1875,30.4375,29.9375,30.1875,10.587967872619629,520700
2000-12-20,30.25,30.625,29.9375,30.4375,10.675651550292969,634000
2000-12-21,30.1875,31.125,30.125,31.0,10.872943878173828,670000
2000-12-22,30.875,31.1875,30.6875,31.0625,10.894865036010742,345600
2000-12-26,31.1875,32.0,30.9375,31.875,11.179841041564941,445100
2000-12-27,31.75,32.125,31.625,31.875,11.179841041564941,374500
2000-12-28,31.75,32.0,31.375,31.75,11.136000633239746,380700
2000-12-29,31.6875,32.0,31.375,31.5625,11.070239067077637,489900
2001-01-02,31.4375,31.75,30.625,30.625,10.741414070129395,453000
2001-01-03,30.6875,31.5625,29.9375,30.0,10.522199630737305,774900
2001-01-04,29.875,29.9375,27.5625,28.3125,9.930327415466309,1160400
2001-01-05,28.375,29.3125,28.0,28.125,9.864568710327148,748400
2001-01-08,27.875,28.5,27.75,28.125,9.864568710327148,534500
2001-01-09,28.125,28.25,27.6875,27.9375,9.798800468444824,319100
2001-01-10,27.375,28.0625,27.375,27.6875,9.711114883422852,495100
2001-01-11,27.6875,27.6875,26.125,26.25,9.206927299499512,839500
2001-01-12,26.0625,26.875,25.75,26.875,9.426143646240234,676000
2001-01-16,26.3125,26.5,25.1875,26.25,9.206927299499512,821300
2001-01-17,26.25,26.4375,25.625,25.8125,9.053476333618164,1110200
2001-01-18,26.0625,27.1875,25.875,27.0,9.469983100891113,782900
2001-01-19,27.0625,27.75,26.5,27.625,9.689197540283203,1180400
2001-01-22,27.4375,28.8125,27.125,28.6875,10.061861038208008,1890900
2001-01-23,28.625,29.25,28.4375,28.5,9.996089935302734,1062900
2001-01-24,28.25,28.5625,27.625,28.0625,9.842647552490234,1429300
2001-01-25,28.0625,28.375,27.5,28.0,9.820721626281738,802800
2001-01-26,28.25,28.25,27.0625,27.8125,9.754961013793945,383200
2001-01-29,27.809999465942383,28.440000534057617,27.760000228881836,28.190000534057617,9.887361526489258,916600
2001-01-30,28.850000381469727,28.850000381469727,27.950000762939453,28.110000610351562,9.85930347442627,734100
2001-01-31,28.1200008392334,28.1200008392334,27.299999237060547,27.850000381469727,9.768109321594238,563500
2001-02-01,27.850000381469727,28.0,27.530000686645508,27.950000762939453,9.80318546295166,590200
2001-02-02,28.200000762939453,28.5,27.700000762939453,27.790000915527344,9.747064590454102,3704400
2001-02-05,27.65999984741211,28.0,27.5,27.799999237060547,9.883950233459473,921700
2001-02-06,27.799999237060547,27.799999237060547,27.3799991607666,27.3799991607666,9.734622955322266,742700
2001-02-07,27.299999237060547,27.600000381469727,27.239999771118164,27.299999237060547,9.706177711486816,762300
2001-02-08,27.690000534057617,28.09000015258789,27.399999618530273,28.0,9.955057144165039,1113600
2001-02-09,27.850000381469727,28.139999389648438,27.850000381469727,28.0,9.955057144165039,1162500
2001-02-12,28.440000534057617,28.950000762939453,27.860000610351562,28.100000381469727,9.990612983703613,1343200
2001-02-13,28.100000381469727,28.540000915527344,27.850000381469727,27.959999084472656,9.940837860107422,1239700
2001-02-14,28.0,28.239999771118164,27.799999237060547,27.93000030517578,9.930166244506836,761300
2001-02-15,27.809999465942383,27.899999618530273,27.520000457763672,27.700000762939453,9.848397254943848,241500
2001-02-16,27.950000762939453,28.299999237060547,27.8700008392334,28.0,9.955057144165039,915800
2001-02-20,28.25,28.34000015258789,27.75,27.809999465942383,9.887506484985352,412800
2001-02-21,27.649999618530273,28.790000915527344,27.649999618530273,28.030000686645508,9.965720176696777,566200
2001-02-22,28.0,28.399999618530273,27.809999465942383,28.010000228881836,9.958611488342285,610800
2001-02-23,28.25,28.309999465942383,27.010000228881836,27.469999313354492,9.766622543334961,438700
2001-02-26,28.149999618530273,28.260000228881836,27.579999923706055,27.829999923706055,9.894613265991211,478000
2001-02-27,27.829999923706055,28.5,27.700000762939453,27.979999542236328,9.947946548461914,481000
2001-02-28,28.229999542236328,28.3799991607666,27.75,28.170000076293945,10.015503883361816,552900
2001-03-01,28.18000030517578,28.34000015258789,27.860000610351562,27.969999313354492,9.944391250610352,812200
2001-03-02,28.399999618530273,28.399999618530273,27.600000381469727,27.850000381469727,9.901724815368652,688900
2001-03-05,27.850000381469727,28.18000030517578,27.700000762939453,27.989999771118164,9.951501846313477,538800
2001-03-06,28.239999771118164,28.239999771118164,27.510000228881836,27.729999542236328,9.859060287475586,486200
2001-03-07,27.489999771118164,28.329999923706055,27.489999771118164,28.049999237060547,9.972831726074219,698300
2001-03-08,28.260000228881836,28.399999618530273,27.90999984741211,28.149999618530273,10.00838851928711,541200
2001-03-09,28.100000381469727,28.100000381469727,27.610000610351562,27.950000762939453,9.937280654907227,406200
2001-03-12,28.190000534057617,28.190000534057617,27.75,27.799999237060547,9.883950233459473,489500
2001-03-13,27.799999237060547,27.979999542236328,27.43000030517578,27.6200008392334,9.819954872131348,447800
2001-03-14,27.200000762939453,27.350000381469727,26.600000381469727,26.969999313354492,9.588850021362305,673400
2001-03-15,27.0,27.5,26.899999618530273,27.40999984741211,9.745293617248535,424300
2001-03-16,26.5,27.40999984741211,26.5,27.1200008392334,9.64218521118164,731200
2001-03-19,27.200000762939453,27.40999984741211,26.639999389648438,26.860000610351562,9.5497465133667,888300
2001-03-20,26.899999618530273,27.200000762939453,26.450000762939453,26.739999771118164,9.50707721710205,700600
2001-03-21,26.489999771118164,27.600000381469727,26.469999313354492,26.760000228881836,9.514187812805176,810300
2001-03-22,27.0,27.200000762939453,25.34000015258789,25.889999389648438,9.20487117767334,1135100
2001-03-23,25.639999389648438,26.149999618530273,25.100000381469727,26.0,9.243985176086426,794700
2001-03-26,26.0,27.059999465942383,25.850000381469727,26.989999771118164,9.595962524414062,554600
2001-03-27,27.059999465942383,27.450000762939453,27.059999465942383,27.25,9.68840217590332,464300
2001-03-28,27.309999465942383,27.540000915527344,26.459999084472656,27.190000534057617,9.667073249816895,984100
2001-03-29,27.25,27.649999618530273,26.6299991607666,27.510000228881836,9.780842781066895,561900
2001-03-30,27.600000381469727,28.0,27.350000381469727,27.920000076293945,9.926617622375488,595300
2001-04-02,27.75,28.34000015258789,27.59000015258789,28.0,9.955057144165039,1207600
2001-04-03,28.0,28.219999313354492,27.100000381469727,27.989999771118164,9.951501846313477,677000
2001-04-04,28.100000381469727,28.399999618530273,27.709999084472656,27.799999237060547,9.883950233459473,1093200
2001-04-05,27.799999237060547,28.149999618530273,27.329999923706055,28.0,9.955057144165039,736000
2001-04-06,27.75,27.989999771118164,26.799999237060547,27.399999618530273,9.741735458374023,544400
2001-04-09,27.510000228881836,28.270000457763672,27.280000686645508,27.850000381469727,9.901724815368652,628800
2001-04-10,28.0,29.149999618530273,28.0,28.5,10.132823944091797,899200
2001-04-11,28.25,28.25,27.459999084472656,27.889999389648438,9.915949821472168,747300
2001-04-12,27.989999771118164,28.239999771118164,27.68000030517578,27.989999771118164,9.951501846313477,772300
2001-04-16,27.739999771118164,28.59000015258789,27.739999771118164,28.459999084472656,10.118605613708496,384200
2001-04-17,28.260000228881836,29.399999618530273,28.260000228881836,28.799999237060547,10.239489555358887,952100
2001-04-18,29.200000762939453,29.200000762939453,27.899999618530273,28.3799991607666,10.090157508850098,1068800
2001-04-19,28.5,28.700000762939453,27.739999771118164,28.530000686645508,10.143491744995117,952600
2001-04-20,28.799999237060547,28.920000076293945,27.799999237060547,28.06999969482422,9.979942321777344,1028000
2001-04-23,28.399999618530273,28.8799991607666,28.25,28.610000610351562,10.1719331741333,615000
2001-04-24,28.719999313354492,29.700000762939453,28.719999313354492,29.43000030517578,10.463475227355957,1769500
2001-04-25,29.850000381469727,29.8799991607666,29.31999969482422,29.549999237060547,10.506141662597656,1371900
2001-04-26,29.559999465942383,29.68000030517578,29.100000381469727,29.510000228881836,10.49191665649414,1801700
2001-04-27,29.75,30.049999237060547,29.5,30.010000228881836,10.66968822479248,943000
2001-04-30,30.049999237060547,30.649999618530273,30.0,30.299999237060547,10.77279281616211,1007800
2001-05-01,30.100000381469727,30.6200008392334,29.899999618530273,30.149999618530273,10.719463348388672,986500
2001-05-02,30.100000381469727,30.139999389648438,29.799999237060547,30.0,10.666129112243652,1268900
2001-05-03,29.59000015258789,29.850000381469727,29.100000381469727,29.459999084472656,10.60672378540039,705000
2001-05-04,29.5,29.979999542236328,29.280000686645508,29.959999084472656,10.786746978759766,423500
2001-05-07,30.049999237060547,30.059999465942383,29.559999465942383,29.799999237060547,10.729138374328613,556400
2001-05-08,29.700000762939453,29.700000762939453,29.149999618530273,29.3799991607666,10.577925682067871,613700
2001-05-09,29.1299991607666,29.450000762939453,29.010000228881836,29.260000228881836,10.53471851348877,802100
2001-05-10,29.5,29.5,29.110000610351562,29.309999465942383,10.552721977233887,491000
2001-05-11,29.200000762939453,29.799999237060547,29.200000762939453,29.719999313354492,10.700339317321777,304700
2001-05-14,29.600000381469727,30.25,29.600000381469727,29.950000762939453,10.7831449508667,619900
2001-05-15,29.75,29.850000381469727,29.510000228881836,29.649999618530273,10.675130844116211,423500
2001-05-16,29.75,29.790000915527344,29.200000762939453,29.790000915527344,10.725536346435547,513700
2001-05-17,29.579999923706055,30.100000381469727,29.459999084472656,29.540000915527344,10.635526657104492,583100
2001-05-18,29.5,29.829999923706055,29.350000381469727,29.3700008392334,10.574324607849121,709400
2001-05-21,29.489999771118164,29.6200008392334,29.229999542236328,29.399999618530273,10.585124015808105,1369000
2001-05-22,29.299999237060547,29.59000015258789,29.059999465942383,29.43000030517578,10.595929145812988,317200
2001-05-23,29.25,30.030000686645508,29.25,29.8700008392334,10.754342079162598,879500
2001-05-24,29.8799991607666,30.579999923706055,29.799999237060547,30.0,10.801142692565918,3401300
2001-05-25,30.25,30.5,29.93000030517578,30.25,10.891156196594238,1460300
2001-05-29,30.25,30.3799991607666,29.809999465942383,30.25,10.891156196594238,968500
2001-05-30,30.049999237060547,30.65999984741211,30.049999237060547,30.389999389648438,10.941561698913574,1088700
2001-05-31,30.25,30.709999084472656,30.149999618530273,30.649999618530273,11.035170555114746,1168600
2001-06-01,30.790000915527344,30.850000381469727,29.850000381469727,30.770000457763672,11.078377723693848,752800
2001-06-04,30.770000457763672,31.190000534057617,30.770000457763672,31.049999237060547,11.179187774658203,1082700
2001-06-05,31.049999237060547,31.100000381469727,30.549999237060547,30.760000228881836,11.074780464172363,1668700
2001-06-06,30.510000228881836,30.6299991607666,30.100000381469727,30.200000762939453,10.873156547546387,1516500
2001-06-07,30.200000762939453,30.399999618530273,29.100000381469727,29.239999771118164,10.527520179748535,2655600
2001-06-08,29.25,30.0,29.200000762939453,29.860000610351562,10.750740051269531,778100
2001-06-11,29.75,30.75,29.75,30.600000381469727,11.017170906066895,944300
2001-06-12,31.5,31.899999618530273,30.649999618530273,31.010000228881836,11.164787292480469,2056400
2001-06-13,31.100000381469727,31.649999618530273,30.860000610351562,31.010000228881836,11.164787292480469,1269100
2001-06-14,31.010000228881836,31.18000030517578,30.149999618530273,30.280000686645508,10.901958465576172,2223600
2001-06-15,30.149999618530273,31.729999542236328,30.149999618530273,30.81999969482422,11.096382141113281,1240000
2001-06-18,30.81999969482422,31.350000381469727,30.65999984741211,31.139999389648438,11.211590766906738,521300
2001-06-19,31.0,31.760000228881836,31.0,31.639999389648438,11.391610145568848,884900
2001-06-20,31.639999389648438,32.060001373291016,31.549999237060547,31.899999618530273,11.485221862792969,1109200
2001-06-21,31.700000762939453,31.8700008392334,31.0,31.600000381469727,11.377205848693848,947200
2001-06-22,31.600000381469727,31.920000076293945,31.100000381469727,31.479999542236328,11.334003448486328,893600
2001-06-25,31.149999618530273,31.649999618530273,30.899999618530273,30.90999984741211,11.128777503967285,638100
2001-06-26,30.920000076293945,31.59000015258789,30.649999618530273,31.420000076293945,11.31240177154541,1010400
2001-06-27,31.200000762939453,31.850000381469727,31.170000076293945,31.739999771118164,11.427611351013184,608500
2001-06-28,31.549999237060547,32.20000076293945,31.549999237060547,32.130001068115234,11.568032264709473,795700
2001-06-29,32.130001068115234,32.20000076293945,31.799999237060547,32.15999984741211,11.57883071899414,979000
2001-07-02,32.150001525878906,32.4900016784668,32.0,32.45000076293945,11.68324089050293,766400
2001-07-03,32.47999954223633,32.849998474121094,32.400001525878906,32.75,11.791251182556152,616200
2001-07-05,32.599998474121094,32.75,32.25,32.5,11.701247215270996,582900
2001-07-06,32.5,32.75,32.25,32.400001525878906,11.665238380432129,453800
2001-07-09,32.650001525878906,32.790000915527344,32.439998626708984,32.790000915527344,11.805654525756836,771600
2001-07-10,32.599998474121094,32.849998474121094,32.369998931884766,32.5,11.701247215270996,967600
2001-07-11,32.70000076293945,32.779998779296875,31.899999618530273,32.0,11.521225929260254,908500
2001-07-12,31.75,31.770000457763672,31.450000762939453,31.649999618530273,11.395209312438965,1175500
2001-07-13,31.5,31.510000228881836,30.799999237060547,30.979999542236328,11.153985023498535,969600
2001-07-16,30.989999771118164,31.399999618530273,30.950000762939453,31.149999618530273,11.215190887451172,797200
2001-07-17,31.200000762939453,31.280000686645508,30.90999984741211,31.139999389648438,11.211590766906738,1365700
2001-07-18,31.100000381469727,31.25,30.860000610351562,31.18000030517578,11.225990295410156,1322500
2001-07-19,31.209999084472656,31.399999618530273,31.040000915527344,31.25,11.251193046569824,2182600
2001-07-20,31.190000534057617,31.299999237060547,30.770000457763672,31.170000076293945,11.222389221191406,1618300
2001-07-23,31.049999237060547,31.059999465942383,30.200000762939453,30.75,11.071178436279297,1626800
2001-07-24,30.649999618530273,30.649999618530273,30.0,30.200000762939453,10.873156547546387,1497700
2001-07-25,30.06999969482422,30.25,29.799999237060547,30.15999984741211,10.858752250671387,2065100
2001-07-26,30.200000762939453,30.309999465942383,30.0,30.299999237060547,10.909160614013672,1635500
2001-07-27,30.450000762939453,30.5,29.850000381469727,30.219999313354492,10.880352973937988,819200
2001-07-30,30.239999771118164,30.549999237060547,29.760000228881836,30.40999984741211,10.948763847351074,1078200
2001-07-31,30.399999618530273,30.40999984741211,29.850000381469727,30.34000015258789,10.92356014251709,781100
2001-08-01,30.399999618530273,30.799999237060547,30.139999389648438,30.649999618530273,11.035170555114746,1245800
2001-08-02,30.549999237060547,30.780000686645508,30.389999389648438,30.68000030517578,11.045970916748047,1040400
2001-08-03,30.700000762939453,30.90999984741211,30.420000076293945,30.84000015258789,11.103574752807617,2549500
2001-08-06,30.649999618530273,30.65999984741211,30.020000457763672,30.059999465942383,10.822747230529785,524700
2001-08-07,29.75,30.329999923706055,29.75,30.200000762939453,11.010513305664062,2747400
2001-08-08,30.209999084472656,30.209999084472656,29.739999771118164,29.760000228881836,10.850088119506836,742400
2001-08-09,29.649999618530273,30.25,29.6200008392334,29.950000762939453,10.919367790222168,544600
2001-08-10,30.0,30.600000381469727,29.75,30.420000076293945,11.090717315673828,1203600
2001-08-13,30.5,30.520000457763672,30.010000228881836,30.09000015258789,10.970414161682129,375300
2001-08-14,30.0,30.25,29.75,30.040000915527344,10.95217514038086,574500
2001-08-15,30.0,30.270000457763672,29.600000381469727,29.8700008392334,10.890195846557617,516900
2001-08-16,29.969999313354492,30.200000762939453,29.649999618530273,30.100000381469727,10.974054336547852,344000
2001-08-17,30.079999923706055,30.18000030517578,29.889999389648438,30.149999618530273,10.992279052734375,669500
2001-08-20,30.5,30.75,30.360000610351562,30.709999084472656,11.19644832611084,370100
2001-08-21,30.700000762939453,30.75,30.5,30.520000457763672,11.127177238464355,631400
2001-08-22,30.649999618530273,30.700000762939453,30.309999465942383,30.5,11.119889259338379,693000
2001-08-23,30.559999465942383,30.799999237060547,30.450000762939453,30.600000381469727,11.156349182128906,1063800
2001-08-24,30.549999237060547,30.899999618530273,30.489999771118164,30.739999771118164,11.207388877868652,750800
2001-08-27,30.850000381469727,31.600000381469727,30.799999237060547,31.5,11.484471321105957,2792800
2001-08-28,31.510000228881836,32.099998474121094,31.510000228881836,32.099998474121094,11.703225135803223,2956000
2001-08-29,32.099998474121094,32.400001525878906,32.0,32.349998474121094,11.79437255859375,1955400
2001-08-30,32.29999923706055,32.79999923706055,32.29999923706055,32.66999816894531,11.911041259765625,1455700
2001-08-31,32.66999816894531,33.0,32.47999954223633,32.88999938964844,11.991249084472656,1206000
2001-09-04,32.88999938964844,33.45000076293945,32.79999923706055,33.13999938964844,12.082398414611816,1146600
2001-09-05,33.13999938964844,33.13999938964844,32.7599983215332,33.02000045776367,12.038642883300781,1080900
2001-09-06,33.0,33.5,32.75,33.060001373291016,12.053231239318848,1448600
2001-09-07,33.060001373291016,33.45000076293945,32.900001525878906,33.150001525878906,12.086047172546387,934000
2001-09-10,33.04999923706055,33.04999923706055,32.470001220703125,32.810001373291016,11.962080955505371,1275900
2001-09-17,33.060001373291016,33.060001373291016,31.799999237060547,32.4900016784668,11.845416069030762,1214900
2001-09-18,32.25,32.310001373291016,31.760000228881836,32.29999923706055,11.776143074035645,2540100
2001-09-19,32.279998779296875,33.400001525878906,32.2400016784668,33.25,12.122505187988281,3360100
2001-09-20,33.25,34.599998474121094,33.25,34.45000076293945,12.560002326965332,2631200
2001-09-21,34.0,34.7400016784668,33.0,33.54999923706055,12.231873512268066,2265000
2001-09-24,33.5,33.75,33.25,33.5,12.21364688873291,1496600
2001-09-25,34.0,34.04999923706055,33.400001525878906,34.04999923706055,12.414165496826172,2590500
2001-09-26,33.70000076293945,34.119998931884766,33.5,33.95000076293945,12.377708435058594,2549400
2001-09-27,33.650001525878906,34.720001220703125,33.45000076293945,34.61000061035156,12.61833667755127,2397100
2001-09-28,34.68000030517578,36.279998779296875,34.63999938964844,35.95000076293945,13.106884002685547,4268400
2001-10-01,35.599998474121094,35.75,35.2599983215332,35.619998931884766,12.986572265625,1211100
2001-10-02,35.619998931884766,36.400001525878906,35.5,36.400001525878906,13.270943641662598,877200
2001-10-03,36.38999938964844,36.97999954223633,36.0,36.880001068115234,13.44594955444336,1348000
2001-10-04,36.900001525878906,36.970001220703125,35.900001525878906,36.70000076293945,13.380325317382812,1000200
2001-10-05,36.75,36.95000076293945,36.599998474121094,36.70000076293945,13.380325317382812,967300
2001-10-08,36.630001068115234,36.630001068115234,35.93000030517578,36.18000030517578,13.1907377243042,824300
2001-10-09,36.18000030517578,36.2599983215332,35.31999969482422,35.36000061035156,12.891777038574219,893300
2001-10-10,35.27000045776367,35.45000076293945,34.810001373291016,35.20000076293945,12.833444595336914,1131900
2001-10-11,35.20000076293945,35.29999923706055,34.650001525878906,34.75,12.669382095336914,587100
2001-10-12,34.5,34.95000076293945,34.29999923706055,34.560001373291016,12.600110054016113,866500
2001-10-15,34.5,35.2400016784668,34.400001525878906,34.95000076293945,12.742298126220703,1044300
2001-10-16,35.04999923706055,35.75,34.880001068115234,35.630001068115234,12.990217208862305,927000
2001-10-17,35.650001525878906,36.099998474121094,35.400001525878906,35.86000061035156,13.074077606201172,1109200
2001-10-18,35.86000061035156,35.900001525878906,35.29999923706055,35.5099983215332,12.946465492248535,1427900
2001-10-19,35.52000045776367,36.5,35.5,36.290000915527344,13.230843544006348,1517100
2001-10-22,36.150001525878906,36.79999923706055,36.04999923706055,36.459999084472656,13.292826652526855,1087100
2001-10-23,36.25,36.29999923706055,35.7599983215332,36.0,13.125112533569336,1275900
2001-10-24,36.0,36.0,35.45000076293945,35.599998474121094,12.979281425476074,771900
2001-10-25,35.400001525878906,36.029998779296875,35.29999923706055,35.29999923706055,12.869901657104492,1622400
2001-10-26,35.29999923706055,35.29999923706055,34.41999816894531,34.75,12.669382095336914,1449000
2001-10-29,34.650001525878906,34.650001525878906,34.0,34.279998779296875,12.498019218444824,1326100
2001-10-30,34.0,34.27000045776367,33.75,34.0,12.395944595336914,1907800
2001-10-31,34.0,34.540000915527344,33.79999923706055,34.459999084472656,12.563653945922852,1622300
2001-11-01,34.54999923706055,35.099998474121094,34.0,35.0,12.76053237915039,2779900
2001-11-02,35.099998474121094,35.41999816894531,34.5,35.189998626708984,12.829795837402344,2797600
2001-11-05,35.06999969482422,36.20000076293945,34.849998474121094,36.150001525878906,13.179805755615234,1309700
2001-11-06,36.25,36.25,35.209999084472656,35.720001220703125,13.023028373718262,2650600
2001-11-07,35.34000015258789,35.439998626708984,34.29999923706055,34.52000045776367,12.684602737426758,2034500
2001-11-08,34.31999969482422,34.849998474121094,34.150001525878906,34.630001068115234,12.864774703979492,1476100
2001-11-09,34.849998474121094,35.119998931884766,34.5099983215332,34.95000076293945,12.983654022216797,817300
2001-11-12,35.25,35.25,34.4900016784668,35.0099983215332,13.005939483642578,998400
2001-11-13,35.099998474121094,35.290000915527344,34.720001220703125,35.099998474121094,13.039377212524414,1433600
2001-11-14,35.099998474121094,35.25,34.52000045776367,34.68000030517578,12.883346557617188,1087400
2001-11-15,34.599998474121094,34.79999923706055,34.2400016784668,34.650001525878906,12.872204780578613,671900
2001-11-16,34.650001525878906,35.040000915527344,34.29999923706055,34.45000076293945,12.797901153564453,967500
2001-11-19,34.349998474121094,34.41999816894531,33.79999923706055,33.97999954223633,12.623300552368164,1327800
2001-11-20,34.09000015258789,34.849998474121094,33.849998474121094,34.79999923706055,12.927926063537598,1410100
2001-11-21,35.04999923706055,35.04999923706055,33.75,34.47999954223633,12.809050559997559,935000
2001-11-23,34.16999816894531,34.599998474121094,33.880001068115234,34.45000076293945,12.797901153564453,184000
2001-11-26,34.77000045776367,34.849998474121094,34.41999816894531,34.47999954223633,12.809050559997559,1077800
2001-11-27,34.47999954223633,34.58000183105469,33.84000015258789,34.150001525878906,12.6864595413208,688700
2001-11-28,34.099998474121094,34.41999816894531,33.5099983215332,33.540000915527344,12.459856033325195,902200
2001-11-29,33.75,34.099998474121094,33.099998474121094,33.63999938964844,12.49699878692627,1428000
2001-11-30,33.72999954223633,34.220001220703125,33.709999084472656,33.779998779296875,12.5490083694458,992200
2001-12-03,33.779998779296875,34.09000015258789,33.540000915527344,34.060001373291016,12.653024673461914,1102200
2001-12-04,34.04999923706055,35.349998474121094,33.9900016784668,35.099998474121094,13.039377212524414,1512600
2001-12-05,35.0,35.0,33.83000183105469,34.52000045776367,12.823908805847168,1817900
2001-12-06,34.220001220703125,34.349998474121094,33.709999084472656,33.88999938964844,12.58987045288086,890000
2001-12-07,33.79999923706055,34.38999938964844,33.70000076293945,34.20000076293945,12.705034255981445,1394200
2001-12-10,34.150001525878906,34.33000183105469,33.779998779296875,34.130001068115234,12.67902946472168,776200
2001-12-11,33.900001525878906,34.34000015258789,33.54999923706055,33.7400016784668,12.534150123596191,706800
2001-12-12,33.599998474121094,33.790000915527344,32.849998474121094,33.68000030517578,12.511857986450195,981600
2001-12-13,33.5,34.400001525878906,33.29999923706055,34.11000061035156,12.671601295471191,953700
2001-12-14,33.849998474121094,34.349998474121094,33.79999923706055,34.27000045776367,12.731038093566895,1044900
2001-12-17,34.27000045776367,34.5,33.90999984741211,34.150001525878906,12.6864595413208,1049400
2001-12-18,34.150001525878906,34.41999816894531,33.95000076293945,34.400001525878906,12.779333114624023,799000
2001-12-19,34.150001525878906,35.5,34.0,35.27000045776367,13.102535247802734,1171500
2001-12-20,35.099998474121094,35.20000076293945,34.599998474121094,35.02000045776367,13.009658813476562,649400
2001-12-21,35.02000045776367,35.16999816894531,34.77000045776367,35.0099983215332,13.005939483642578,1310400
2001-12-24,35.0099983215332,35.2400016784668,34.900001525878906,34.95000076293945,12.983654022216797,399300
2001-12-26,35.0,35.400001525878906,34.849998474121094,34.97999954223633,12.99480152130127,638300
2001-12-27,34.72999954223633,35.20000076293945,34.72999954223633,34.86000061035156,12.950217247009277,914600
2001-12-28,34.86000061035156,35.25,34.33000183105469,35.15999984741211,13.061665534973145,1068700
2001-12-31,34.95000076293945,35.5,34.810001373291016,34.97999954223633,12.99480152130127,735000
2002-01-02,34.75,35.18000030517578,34.41999816894531,35.119998931884766,13.046808242797852,1152000
2002-01-03,34.900001525878906,35.08000183105469,34.72999954223633,35.0,13.00222396850586,1797100
2002-01-04,35.099998474121094,35.099998474121094,34.58000183105469,34.72999954223633,12.901930809020996,408600
2002-01-07,34.72999954223633,34.9900016784668,34.52000045776367,34.939998626708984,12.97993278503418,622700
2002-01-08,34.79999923706055,34.849998474121094,34.29999923706055,34.349998474121094,12.760758399963379,1044100
2002-01-09,34.45000076293945,34.79999923706055,34.20000076293945,34.66999816894531,12.879629135131836,1301900
2002-01-10,34.5,34.70000076293945,34.349998474121094,34.439998626708984,12.794184684753418,1394300
2002-01-11,34.4900016784668,34.75,34.400001525878906,34.61000061035156,12.857346534729004,941500
2002-01-14,34.45000076293945,35.20000076293945,34.45000076293945,34.900001525878906,12.965076446533203,878500
2002-01-15,34.95000076293945,35.25,34.95000076293945,35.20000076293945,13.076528549194336,1323300
2002-01-16,35.20000076293945,35.47999954223633,34.970001220703125,35.2400016784668,13.091392517089844,1035500
2002-01-17,35.36000061035156,35.84000015258789,35.34000015258789,35.7400016784668,13.277132987976074,1733300
2002-01-18,35.599998474121094,36.04999923706055,35.599998474121094,36.04999923706055,13.39229965209961,1020300
2002-01-22,36.02000045776367,36.08000183105469,35.650001525878906,36.029998779296875,13.384866714477539,1111600
2002-01-23,36.04999923706055,36.349998474121094,36.02000045776367,36.349998474121094,13.503741264343262,1266400
2002-01-24,36.25,36.380001068115234,36.099998474121094,36.310001373291016,13.488883018493652,1320800
2002-01-25,36.27000045776367,36.310001373291016,35.970001220703125,36.2400016784668,13.46287727355957,805500
2002-01-28,36.0,36.459999084472656,36.0,36.459999084472656,13.54460334777832,1009600
2002-01-29,36.560001373291016,36.970001220703125,36.290000915527344,36.310001373291016,13.488883018493652,1433000
2002-01-30,35.95000076293945,36.150001525878906,35.369998931884766,36.0,13.37371826171875,1398200
2002-01-31,36.20000076293945,37.20000076293945,35.93000030517578,37.20000076293945,13.819517135620117,866200
2002-02-01,36.95000076293945,38.04999923706055,36.95000076293945,38.0,14.11670207977295,1263600
2002-02-04,38.0,38.369998931884766,37.849998474121094,38.29999923706055,14.22815227508545,1364100
2002-02-05,38.599998474121094,38.599998474121094,37.70000076293945,38.20000076293945,14.331324577331543,1820000
2002-02-06,38.16999816894531,38.36000061035156,37.650001525878906,38.209999084472656,14.33506965637207,1781900
2002-02-07,38.11000061035156,38.63999938964844,38.0,38.63999938964844,14.496391296386719,791100
2002-02-08,38.38999938964844,38.470001220703125,37.75,37.95000076293945,14.237529754638672,854300
2002-02-11,37.349998474121094,37.349998474121094,36.61000061035156,36.959999084472656,13.86611557006836,1460200
2002-02-12,36.86000061035156,37.45000076293945,36.650001525878906,36.900001525878906,13.84360408782959,1109100
2002-02-13,36.97999954223633,37.56999969482422,36.810001373291016,37.4900016784668,14.064949989318848,824000
2002-02-14,37.5,37.5,37.25,37.47999954223633,14.061206817626953,272100
2002-02-15,37.47999954223633,37.599998474121094,37.349998474121094,37.47999954223633,14.061206817626953,533500
2002-02-19,37.47999954223633,37.47999954223633,36.7400016784668,37.04999923706055,13.899886131286621,846000
2002-02-20,37.0,37.040000915527344,36.0,36.59000015258789,13.727307319641113,933500
2002-02-21,36.599998474121094,37.0,35.5,35.88999938964844,13.46468734741211,2271200
2002-02-22,35.0,36.20000076293945,34.900001525878906,35.83000183105469,13.442183494567871,1118000
2002-02-25,35.7400016784668,36.099998474121094,35.36000061035156,36.04999923706055,13.5247163772583,1473500
2002-02-26,36.25,36.59000015258789,36.099998474121094,36.43000030517578,13.667281150817871,1044700
2002-02-27,36.61000061035156,37.040000915527344,36.45000076293945,36.90999984741211,13.847358703613281,796400
2002-02-28,36.91999816894531,36.97999954223633,36.599998474121094,36.599998474121094,13.731053352355957,835200
2002-03-01,36.79999923706055,37.09000015258789,36.34000015258789,37.0,13.881120681762695,1379600
2002-03-04,37.099998474121094,37.869998931884766,36.849998474121094,37.81999969482422,14.188760757446289,1027700
2002-03-05,37.599998474121094,38.119998931884766,37.38999938964844,38.0,14.256285667419434,750700
2002-03-06,38.04999923706055,38.47999954223633,37.9900016784668,38.45000076293945,14.425107955932617,1208400
2002-03-07,38.25,38.5,38.150001525878906,38.400001525878906,14.406363487243652,817700
2002-03-08,38.400001525878906,38.599998474121094,38.060001373291016,38.20000076293945,14.331324577331543,910500
2002-03-11,38.150001525878906,39.119998931884766,38.0,38.650001525878906,14.500142097473145,790300
2002-03-12,38.650001525878906,39.09000015258789,36.650001525878906,36.9900016784668,13.87736701965332,3996800
2002-03-13,36.150001525878906,36.599998474121094,35.75,36.22999954223633,13.592247009277344,1529200
2002-03-14,36.25,36.29999923706055,35.650001525878906,35.75,13.412171363830566,1326200
2002-03-15,36.0,36.040000915527344,35.650001525878906,35.650001525878906,13.374650955200195,1484700
2002-03-18,34.0,35.45000076293945,33.900001525878906,35.04999923706055,13.149551391601562,1928800
2002-03-19,33.25,33.650001525878906,31.15999984741211,32.25,12.099085807800293,7752400
2002-03-20,32.2400016784668,32.380001068115234,30.299999237060547,31.850000381469727,11.949018478393555,4512000
2002-03-21,31.860000610351562,33.79999923706055,31.860000610351562,33.709999084472656,12.646825790405273,2573400
2002-03-22,33.459999084472656,33.75,33.060001373291016,33.599998474121094,12.605558395385742,1444600
2002-03-25,33.5,34.04999923706055,33.20000076293945,33.630001068115234,12.616819381713867,1423400
2002-03-26,33.5,34.29999923706055,33.47999954223633,34.20000076293945,12.83066177368164,2179100
2002-03-27,34.400001525878906,34.47999954223633,34.0,34.2599983215332,12.853169441223145,1960800
2002-03-28,34.2599983215332,34.709999084472656,34.16999816894531,34.58000183105469,12.973225593566895,1494900
2002-04-01,34.5,34.599998474121094,34.290000915527344,34.349998474121094,12.886931419372559,2242900
2002-04-02,34.349998474121094,34.349998474121094,33.58000183105469,33.75,12.661835670471191,1239100
2002-04-03,33.75,34.02000045776367,33.150001525878906,34.02000045776367,12.763128280639648,936600
2002-04-04,34.02000045776367,34.4900016784668,33.79999923706055,33.810001373291016,12.684345245361328,1179000
2002-04-05,33.650001525878906,33.95000076293945,32.61000061035156,33.20000076293945,12.45549488067627,1797800
2002-04-08,33.20000076293945,33.31999969482422,32.79999923706055,33.290000915527344,12.489258766174316,1048700
2002-04-09,33.25,33.4900016784668,33.09000015258789,33.349998474121094,12.511770248413086,1640900
2002-04-10,33.349998474121094,34.2599983215332,33.27000045776367,33.9900016784668,12.751873970031738,1778300
2002-04-11,32.599998474121094,33.25,32.25,32.7599983215332,12.290422439575195,2977700
2002-04-12,32.54999923706055,33.5,32.349998474121094,33.029998779296875,12.391714096069336,1299200
2002-04-15,32.95000076293945,32.95000076293945,32.45000076293945,32.5,12.192876815795898,1541200
2002-04-16,32.5,33.0,32.5,32.9900016784668,12.376708030700684,1036000
2002-04-17,32.900001525878906,32.9900016784668,32.70000076293945,32.90999984741211,12.346695899963379,517400
2002-04-18,32.849998474121094,32.849998474121094,31.610000610351562,32.400001525878906,12.155363082885742,1885900
2002-04-19,32.400001525878906,33.0,31.950000762939453,32.95000076293945,12.361702919006348,1790300
2002-04-22,32.959999084472656,33.0,32.650001525878906,32.849998474121094,12.324176788330078,857500
2002-04-23,32.849998474121094,33.290000915527344,32.599998474121094,32.599998474121094,12.230392456054688,839900
2002-04-24,33.099998474121094,33.72999954223633,32.93000030517578,33.349998474121094,12.511770248413086,1759500
2002-04-25,33.25,33.290000915527344,32.7400016784668,32.95000076293945,12.361702919006348,755400
2002-04-26,32.79999923706055,33.099998474121094,32.599998474121094,33.02000045776367,12.387967109680176,693500
2002-04-29,33.02000045776367,33.45000076293945,32.90999984741211,33.0,12.380459785461426,634600
2002-04-30,33.0,33.470001220703125,33.0,33.29999923706055,12.493008613586426,1995900
2002-05-01,33.04999923706055,33.16999816894531,32.709999084472656,32.79999923706055,12.305429458618164,599000
2002-05-02,32.79999923706055,33.09000015258789,32.43000030517578,33.060001373291016,12.402975082397461,829100
2002-05-03,33.599998474121094,33.63999938964844,32.90999984741211,33.290000915527344,12.632552146911621,1333400
2002-05-06,33.5,33.689998626708984,33.29999923706055,33.54999923706055,12.731209754943848,840900
2002-05-07,33.5,33.5099983215332,32.72999954223633,32.72999954223633,12.420049667358398,875000
2002-05-08,32.72999954223633,32.75,32.25,32.5,12.332769393920898,1310200
2002-05-09,32.599998474121094,33.02000045776367,32.29999923706055,32.36000061035156,12.279650688171387,737600
2002-05-10,32.279998779296875,32.790000915527344,31.920000076293945,32.099998474121094,12.180977821350098,1065700
2002-05-13,32.099998474121094,32.25,31.729999542236328,32.099998474121094,12.180977821350098,671900
2002-05-14,32.25,32.900001525878906,32.08000183105469,32.75,12.427633285522461,744000
2002-05-15,32.75,33.189998626708984,32.43000030517578,32.9900016784668,12.518709182739258,2108800
2002-05-16,33.0,33.52000045776367,32.4900016784668,32.7599983215332,12.431427955627441,2006100
2002-05-17,32.599998474121094,32.880001068115234,32.02000045776367,32.849998474121094,12.46557903289795,1015400
2002-05-20,32.849998474121094,33.34000015258789,32.720001220703125,33.06999969482422,12.549070358276367,656600
2002-05-21,33.099998474121094,34.13999938964844,33.04999923706055,33.81999969482422,12.833675384521484,779800
2002-05-22,33.810001373291016,34.43000030517578,33.810001373291016,34.310001373291016,13.019609451293945,1503300
2002-05-23,34.5,34.70000076293945,33.91999816894531,33.95000076293945,12.882997512817383,1458800
2002-05-24,33.900001525878906,34.650001525878906,33.790000915527344,34.5099983215332,13.09550952911377,893000
2002-05-28,34.5099983215332,34.66999816894531,34.27000045776367,34.54999923706055,13.110687255859375,726500
2002-05-29,34.560001373291016,34.75,34.29999923706055,34.529998779296875,13.103089332580566,1454700
2002-05-30,34.5,34.68000030517578,34.150001525878906,34.29999923706055,13.015813827514648,1916900
2002-05-31,34.95000076293945,34.97999954223633,34.400001525878906,34.5099983215332,13.09550952911377,867400
2002-06-03,34.529998779296875,34.599998474121094,33.459999084472656,33.66999816894531,12.77674388885498,928600
2002-06-04,33.66999816894531,34.34000015258789,33.619998931884766,34.08000183105469,12.932336807250977,1560100
2002-06-05,34.150001525878906,34.29999923706055,33.79999923706055,34.02000045776367,12.909558296203613,896000
2002-06-06,34.02000045776367,34.09000015258789,33.29999923706055,33.400001525878906,12.674288749694824,1487600
2002-06-07,33.650001525878906,34.130001068115234,33.400001525878906,33.95000076293945,12.882997512817383,1315300
2002-06-10,33.900001525878906,34.45000076293945,33.7400016784668,34.029998779296875,12.913360595703125,973000
2002-06-11,34.150001525878906,34.4900016784668,33.79999923706055,33.95000076293945,12.882997512817383,527900
2002-06-12,33.849998474121094,34.25,33.54999923706055,33.75,12.807106018066406,1170000
2002-06-13,33.79999923706055,34.25,33.70000076293945,33.95000076293945,12.882997512817383,907900
2002-06-14,33.95000076293945,34.0099983215332,33.0,33.70000076293945,12.788134574890137,889500
2002-06-17,33.599998474121094,33.93000030517578,33.150001525878906,33.869998931884766,12.852642059326172,443000
2002-06-18,33.79999923706055,34.54999923706055,33.79999923706055,34.349998474121094,13.03478717803955,682400
2002-06-19,34.45000076293945,34.97999954223633,34.380001068115234,34.95000076293945,13.262466430664062,1094100
2002-06-20,34.900001525878906,35.119998931884766,33.79999923706055,34.040000915527344,12.917149543762207,878800
2002-06-21,33.45000076293945,34.2400016784668,33.45000076293945,34.209999084472656,12.98165512084961,1119900
2002-06-24,34.220001220703125,34.29999923706055,33.560001373291016,33.779998779296875,12.818495750427246,1129300
2002-06-25,33.70000076293945,34.13999938964844,33.349998474121094,33.65999984741211,12.772953033447266,796500
2002-06-26,33.25,33.369998931884766,32.61000061035156,33.13999938964844,12.575628280639648,1416000
2002-06-27,33.20000076293945,33.75,32.70000076293945,33.25,12.617374420166016,1547400
2002-06-28,32.70000076293945,33.54999923706055,32.61000061035156,33.380001068115234,12.666701316833496,1005700
2002-07-01,33.220001220703125,33.54999923706055,32.97999954223633,33.0,12.522504806518555,530600
2002-07-02,33.0,33.0,31.899999618530273,32.150001525878906,12.199954986572266,1148300
2002-07-03,32.0,32.13999938964844,30.799999237060547,31.299999237060547,11.87740421295166,1854900
2002-07-05,31.1200008392334,31.299999237060547,30.920000076293945,31.049999237060547,11.782535552978516,551800
2002-07-08,31.049999237060547,31.100000381469727,30.270000457763672,30.270000457763672,11.48654842376709,1165200
2002-07-09,30.299999237060547,30.579999923706055,29.5,29.950000762939453,11.365130424499512,1530500
2002-07-10,29.899999618530273,29.899999618530273,28.06999969482422,28.219999313354492,10.708641052246094,983800
2002-07-11,28.0,28.989999771118164,27.899999618530273,28.959999084472656,10.989445686340332,1505400
2002-07-12,29.280000686645508,30.520000457763672,28.899999618530273,29.899999618530273,11.346150398254395,1698900
2002-07-15,29.149999618530273,31.0,28.0,30.739999771118164,11.664900779724121,1861900
2002-07-16,30.200000762939453,30.579999923706055,29.299999237060547,29.469999313354492,11.182974815368652,1068900
2002-07-17,29.450000762939453,30.170000076293945,28.799999237060547,29.049999237060547,11.023597717285156,800700
2002-07-18,29.059999465942383,29.299999237060547,28.100000381469727,28.270000457763672,10.727611541748047,725100
2002-07-19,27.979999542236328,28.06999969482422,26.65999984741211,27.299999237060547,10.359525680541992,1247700
2002-07-22,27.299999237060547,28.100000381469727,26.760000228881836,27.399999618530273,10.397473335266113,1238900
2002-07-23,27.200000762939453,27.610000610351562,24.850000381469727,25.049999237060547,9.505716323852539,1317400
2002-07-24,25.030000686645508,29.350000381469727,24.889999389648438,29.15999984741211,11.065342903137207,1899300
2002-07-25,29.100000381469727,30.649999618530273,28.399999618530273,29.600000381469727,11.232309341430664,1643200
2002-07-26,29.899999618530273,30.600000381469727,28.860000610351562,29.06999969482422,11.03118896484375,2385900
2002-07-29,29.200000762939453,29.790000915527344,27.229999542236328,27.530000686645508,10.446805000305176,3346600
2002-07-30,27.450000762939453,30.399999618530273,27.420000076293945,30.0,11.384092330932617,3171900
2002-07-31,30.0,30.969999313354492,29.079999923706055,30.75,11.668697357177734,1988400
2002-08-01,30.399999618530273,32.20000076293945,29.690000534057617,31.510000228881836,11.957093238830566,1856900
2002-08-02,31.799999237060547,32.220001220703125,31.149999618530273,31.459999084472656,11.938119888305664,3380900
2002-08-05,30.75,31.899999618530273,30.549999237060547,30.700000762939453,11.790260314941406,976900
2002-08-06,31.25,32.38999938964844,31.190000534057617,32.25,12.385537147521973,982900
2002-08-07,32.5,32.75,31.739999771118164,32.349998474121094,12.423943519592285,1155000
2002-08-08,32.25,32.59000015258789,31.049999237060547,32.59000015258789,12.516118049621582,1266400
2002-08-09,32.5,32.849998474121094,31.899999618530273,32.25,12.385537147521973,990700
2002-08-12,31.600000381469727,32.81999969482422,31.600000381469727,32.72999954223633,12.569884300231934,666100
2002-08-13,32.45000076293945,32.599998474121094,31.600000381469727,31.799999237060547,12.212715148925781,558500
2002-08-14,31.649999618530273,32.75,31.5,32.5,12.481548309326172,1011800
2002-08-15,32.900001525878906,33.09000015258789,32.54999923706055,32.91999816894531,12.642850875854492,693700
2002-08-16,32.869998931884766,33.04999923706055,32.599998474121094,33.0,12.673571586608887,645400
2002-08-19,32.65999984741211,33.04999923706055,32.349998474121094,32.88999938964844,12.631327629089355,624900
2002-08-20,32.849998474121094,33.43000030517578,32.599998474121094,33.20000076293945,12.750382423400879,653900
2002-08-21,33.54999923706055,33.900001525878906,32.70000076293945,33.849998474121094,13.000016212463379,658100
2002-08-22,33.95000076293945,34.599998474121094,33.56999969482422,34.54999923706055,13.26884937286377,725700
2002-08-23,34.400001525878906,34.58000183105469,33.25,33.400001525878906,12.827189445495605,516100
2002-08-26,33.810001373291016,34.560001373291016,33.630001068115234,34.349998474121094,13.192035675048828,378100
2002-08-27,34.5,34.779998779296875,33.79999923706055,34.150001525878906,13.115227699279785,464600
2002-08-28,34.150001525878906,34.709999084472656,33.54999923706055,34.66999816894531,13.314929962158203,922000
2002-08-29,34.25,34.25,33.27000045776367,33.470001220703125,12.854074478149414,645600
2002-08-30,33.400001525878906,33.40999984741211,32.22999954223633,33.0,12.673571586608887,1030500
2002-09-03,32.0,32.58000183105469,31.790000915527344,32.02000045776367,12.297203063964844,1196600
2002-09-04,32.25,32.439998626708984,31.110000610351562,31.469999313354492,12.08597469329834,991900
2002-09-05,31.0,31.549999237060547,30.799999237060547,31.149999618530273,11.96308422088623,971900
2002-09-06,31.299999237060547,31.440000534057617,30.920000076293945,31.270000457763672,12.009175300598145,769600
2002-09-09,31.100000381469727,31.489999771118164,30.510000228881836,31.049999237060547,11.924674034118652,707900
2002-09-10,31.200000762939453,31.200000762939453,30.31999969482422,30.700000762939453,11.790260314941406,724200
2002-09-11,31.25,31.329999923706055,30.459999084472656,31.0,11.905474662780762,712800
2002-09-12,30.5,30.549999237060547,29.719999313354492,30.09000015258789,11.55599308013916,875700
2002-09-13,30.059999465942383,31.100000381469727,29.989999771118164,30.84000015258789,11.84403133392334,631200
2002-09-16,30.5,30.889999389648438,29.549999237060547,30.59000015258789,11.74802017211914,616300
2002-09-17,31.25,31.25,29.84000015258789,30.0,11.521427154541016,763200
2002-09-18,29.850000381469727,31.010000228881836,29.549999237060547,30.479999542236328,11.705772399902344,507300
2002-09-19,30.229999542236328,30.799999237060547,29.84000015258789,30.5,11.713452339172363,855400
2002-09-20,30.510000228881836,30.700000762939453,29.600000381469727,30.469999313354492,11.701921463012695,1511500
2002-09-23,30.219999313354492,30.329999923706055,29.049999237060547,29.93000030517578,11.494548797607422,799000
2002-09-24,29.899999618530273,29.899999618530273,28.760000228881836,29.0,11.13737964630127,835200
2002-09-25,29.149999618530273,30.020000457763672,28.90999984741211,29.809999465942383,11.448460578918457,772900
2002-09-26,30.200000762939453,31.18000030517578,29.969999313354492,30.510000228881836,11.717290878295898,1374700
2002-09-27,30.520000457763672,30.899999618530273,29.600000381469727,30.360000610351562,11.659683227539062,1043200
2002-09-30,29.940000534057617,30.360000610351562,29.59000015258789,29.81999969482422,11.452300071716309,1440200
2002-10-01,30.200000762939453,30.559999465942383,29.719999313354492,30.350000381469727,11.655845642089844,1486400
2002-10-02,30.399999618530273,31.049999237060547,29.8700008392334,30.559999465942383,11.736495971679688,1549700
2002-10-03,30.75,30.899999618530273,29.75,29.760000228881836,11.4292573928833,1597800
2002-10-04,29.760000228881836,30.0,28.799999237060547,29.610000610351562,11.371648788452148,1046700
2002-10-07,29.610000610351562,30.5,28.899999618530273,29.209999084472656,11.218032836914062,1442800
2002-10-08,29.299999237060547,29.3799991607666,26.729999542236328,28.079999923706055,10.78406047821045,2200000
2002-10-09,28.0,28.0,25.600000381469727,25.920000076293945,9.954519271850586,2127600
2002-10-10,26.100000381469727,29.139999389648438,25.90999984741211,28.90999984741211,11.10281753540039,2038500
2002-10-11,29.43000030517578,29.450000762939453,28.079999923706055,29.0,11.13737964630127,980100
2002-10-14,28.0,29.950000762939453,28.0,29.479999542236328,11.321724891662598,1419600
2002-10-15,29.729999542236328,29.799999237060547,27.860000610351562,28.209999084472656,10.833985328674316,2077100
2002-10-16,28.209999084472656,28.649999618530273,26.0,26.299999237060547,10.10045337677002,2325700
2002-10-17,27.059999465942383,28.200000762939453,26.09000015258789,28.149999618530273,10.810938835144043,1796700
2002-10-18,27.700000762939453,28.610000610351562,26.81999969482422,28.450000762939453,10.926158905029297,1071300
2002-10-21,28.399999618530273,29.540000915527344,28.15999984741211,29.520000457763672,11.337088584899902,1054300
2002-10-22,29.510000228881836,30.100000381469727,28.049999237060547,29.030000686645508,11.148905754089355,1019400
2002-10-23,29.149999618530273,30.25,29.149999618530273,30.25,11.617441177368164,1052600
2002-10-24,30.450000762939453,30.979999542236328,29.950000762939453,30.479999542236328,11.705772399902344,1265700
2002-10-25,30.579999923706055,31.25,29.959999084472656,31.049999237060547,11.924674034118652,1269400
2002-10-28,31.59000015258789,31.799999237060547,31.25,31.450000762939453,12.078298568725586,946000
2002-10-29,31.469999313354492,32.099998474121094,31.149999618530273,31.8700008392334,12.23960018157959,1457900
2002-10-30,32.0,32.400001525878906,31.68000030517578,32.31999969482422,12.412421226501465,1298900
2002-10-31,32.439998626708984,32.560001373291016,31.8799991607666,32.45000076293945,12.462347984313965,1002200
2002-11-01,32.0,32.45000076293945,31.75,32.13999938964844,12.343290328979492,679500
2002-11-04,32.20000076293945,33.5,32.150001525878906,33.029998779296875,12.685091972351074,3002500
2002-11-05,32.779998779296875,32.9900016784668,32.2599983215332,32.900001525878906,12.780263900756836,1201400
2002-11-06,33.0,33.849998474121094,33.0,33.66999816894531,13.079379081726074,897900
2002-11-07,33.29999923706055,33.529998779296875,32.09000015258789,32.709999084472656,12.706459999084473,1189400
2002-11-08,32.720001220703125,32.720001220703125,31.670000076293945,31.950000762939453,12.41122817993164,1249500
2002-11-11,31.959999084472656,31.959999084472656,31.170000076293945,31.579999923706055,12.267498970031738,571800
2002-11-12,31.59000015258789,31.59000015258789,30.25,30.440000534057617,11.824661254882812,1420700
2002-11-13,30.450000762939453,31.239999771118164,30.280000686645508,30.889999389648438,11.999468803405762,980500
2002-11-14,31.5,31.5,30.889999389648438,31.139999389648438,12.096582412719727,548800
2002-11-15,30.5,31.719999313354492,30.450000762939453,31.719999313354492,12.321883201599121,1251700
2002-11-18,32.25,32.33000183105469,31.350000381469727,31.670000076293945,12.302465438842773,749200
2002-11-19,31.389999389648438,31.649999618530273,30.850000381469727,31.3799991607666,12.189812660217285,688500
2002-11-20,31.450000762939453,32.150001525878906,31.18000030517578,31.709999084472656,12.31799602508545,943600
2002-11-21,31.75,31.959999084472656,31.299999237060547,31.649999618530273,12.294696807861328,754100
2002-11-22,31.649999618530273,32.65999984741211,31.5,32.619998931884766,12.67149543762207,707500
2002-11-25,32.619998931884766,33.04999923706055,32.099998474121094,32.31999969482422,12.554960250854492,727500
2002-11-26,32.33000183105469,32.33000183105469,31.510000228881836,31.510000228881836,12.24030876159668,541800
2002-11-27,31.68000030517578,31.760000228881836,31.290000915527344,31.549999237060547,12.255846977233887,571200
2002-11-29,31.549999237060547,31.709999084472656,31.149999618530273,31.68000030517578,12.306344985961914,368700
2002-12-02,32.150001525878906,32.150001525878906,31.270000457763672,31.479999542236328,12.228656768798828,1031300
2002-12-03,31.700000762939453,31.719999313354492,31.1299991607666,31.1299991607666,12.092696189880371,1293600
2002-12-04,30.350000381469727,31.059999465942383,30.0,30.0,11.65373420715332,2002100
2002-12-05,30.139999389648438,30.559999465942383,29.829999923706055,30.469999313354492,11.836310386657715,1217600
2002-12-06,30.799999237060547,30.899999618530273,30.360000610351562,30.889999389648438,11.999468803405762,1468400
2002-12-09,30.75,31.670000076293945,30.739999771118164,31.329999923706055,12.170390129089355,1331800
2002-12-10,31.450000762939453,31.600000381469727,31.299999237060547,31.600000381469727,12.275277137756348,790100
2002-12-11,31.600000381469727,32.18000030517578,31.309999465942383,32.15999984741211,12.492807388305664,577200
2002-12-12,31.959999084472656,32.099998474121094,31.479999542236328,31.799999237060547,12.352961540222168,789000
2002-12-13,31.809999465942383,32.27000045776367,31.709999084472656,32.0,12.43065357208252,871700
2002-12-16,31.549999237060547,32.7599983215332,31.549999237060547,32.7599983215332,12.725882530212402,1191600
2002-12-17,32.79999923706055,32.900001525878906,32.56999969482422,32.900001525878906,12.780263900756836,805300
2002-12-18,32.900001525878906,32.9900016784668,32.599998474121094,32.75,12.721997261047363,723900
2002-12-19,32.75,32.849998474121094,32.380001068115234,32.79999923706055,12.741425514221191,676900
2002-12-20,32.79999923706055,33.060001373291016,32.77000045776367,32.959999084472656,12.803571701049805,1833200
2002-12-23,33.0,33.31999969482422,32.88999938964844,33.0,12.819108963012695,881500
2002-12-24,33.279998779296875,33.45000076293945,33.029998779296875,33.099998474121094,12.857955932617188,221700
2002-12-26,33.150001525878906,33.52000045776367,32.9900016784668,33.06999969482422,12.846306800842285,425300
2002-12-27,33.029998779296875,33.25,32.939998626708984,33.0099983215332,12.822999000549316,495300
2002-12-30,32.900001525878906,33.16999816894531,32.61000061035156,33.0,12.819108963012695,1037800
2002-12-31,32.95000076293945,33.0,32.66999816894531,32.970001220703125,12.807456016540527,486100
2003-01-02,32.95000076293945,33.029998779296875,32.849998474121094,33.0,12.819108963012695,889900
2003-01-03,33.0,33.380001068115234,32.9900016784668,33.22999954223633,12.908458709716797,921600
2003-01-06,33.470001220703125,35.189998626708984,33.470001220703125,34.900001525878906,13.557180404663086,1873900
2003-01-07,34.90999984741211,34.90999984741211,33.75,33.86000061035156,13.153188705444336,1173400
2003-01-08,33.86000061035156,33.9900016784668,33.540000915527344,33.86000061035156,13.153188705444336,805400
2003-01-09,33.86000061035156,33.86000061035156,33.38999938964844,33.650001525878906,13.071612358093262,666500
2003-01-10,33.400001525878906,33.70000076293945,33.31999969482422,33.47999954223633,13.005571365356445,482600
2003-01-13,33.47999954223633,33.72999954223633,33.0,33.25,12.916224479675293,858900
2003-01-14,33.5,33.81999969482422,33.20000076293945,33.560001373291016,13.03664779663086,869900
2003-01-15,33.650001525878906,33.70000076293945,33.150001525878906,33.15999984741211,12.881268501281738,913100
2003-01-16,33.380001068115234,33.400001525878906,32.689998626708984,32.75,12.721997261047363,1027700
2003-01-17,32.5,32.63999938964844,31.950000762939453,32.0,12.43065357208252,960500
2003-01-21,32.119998931884766,32.380001068115234,31.100000381469727,31.100000381469727,12.081042289733887,861900
2003-01-22,31.110000610351562,31.459999084472656,30.6200008392334,31.260000228881836,12.143197059631348,869700
2003-01-23,31.260000228881836,32.0,31.260000228881836,31.75,12.333541870117188,857400
2003-01-24,31.549999237060547,31.760000228881836,31.0,31.420000076293945,12.205347061157227,1055800
2003-01-27,31.299999237060547,31.350000381469727,30.5,30.530000686645508,11.859622955322266,925800
2003-01-28,30.56999969482422,31.209999084472656,30.5,31.190000534057617,12.116003036499023,794000
2003-01-29,30.950000762939453,31.510000228881836,30.540000915527344,31.420000076293945,12.205347061157227,868100
2003-01-30,31.139999389648438,31.56999969482422,30.959999084472656,30.959999084472656,12.026654243469238,1539600
2003-01-31,30.959999084472656,31.3700008392334,30.6200008392334,31.200000762939453,12.11988639831543,1014200
2003-02-03,31.149999618530273,31.530000686645508,31.0,31.1299991607666,12.092696189880371,933900
2003-02-04,31.299999237060547,31.299999237060547,30.75,31.010000228881836,12.04608154296875,2598400
2003-02-05,31.020000457763672,31.020000457763672,30.260000228881836,30.40999984741211,11.957609176635742,1300800
2003-02-06,30.420000076293945,30.579999923706055,30.149999618530273,30.440000534057617,11.969407081604004,629900
2003-02-07,30.479999542236328,30.479999542236328,29.25,29.329999923706055,11.53293514251709,1320300
2003-02-10,29.540000915527344,29.84000015258789,29.309999465942383,29.600000381469727,11.639107704162598,1025300
2003-02-11,29.600000381469727,29.600000381469727,28.5,28.600000381469727,11.245893478393555,1002300
2003-02-12,28.610000610351562,28.610000610351562,27.5,27.649999618530273,10.872340202331543,1967200
2003-02-13,27.5,29.299999237060547,27.040000915527344,29.190000534057617,11.477893829345703,1900500
2003-02-14,29.450000762939453,29.729999542236328,28.799999237060547,29.239999771118164,11.497550964355469,1217200
2003-02-18,29.3700008392334,29.719999313354492,29.25,29.600000381469727,11.639107704162598,1086900
2003-02-19,29.549999237060547,29.649999618530273,29.34000015258789,29.600000381469727,11.639107704162598,1348400
2003-02-20,29.8799991607666,30.360000610351562,29.81999969482422,30.190000534057617,11.871100425720215,1186600
2003-02-21,30.799999237060547,31.049999237060547,30.209999084472656,30.350000381469727,11.934016227722168,1524100
2003-02-24,30.100000381469727,30.309999465942383,29.450000762939453,29.59000015258789,11.635172843933105,1549500
2003-02-25,29.25,29.899999618530273,29.049999237060547,29.40999984741211,11.564393043518066,1322200
2003-02-26,29.40999984741211,29.43000030517578,28.709999084472656,28.75,11.304872512817383,1127700
2003-02-27,29.049999237060547,29.479999542236328,29.010000228881836,29.31999969482422,11.529010772705078,711500
2003-02-28,29.549999237060547,29.780000686645508,29.25,29.5,11.599787712097168,980000
2003-03-03,29.75,29.969999313354492,29.450000762939453,29.450000762939453,11.580121994018555,614700
2003-03-04,29.649999618530273,29.700000762939453,29.06999969482422,29.170000076293945,11.470024108886719,560100
2003-03-05,29.149999618530273,29.860000610351562,29.06999969482422,29.860000610351562,11.741342544555664,979000
2003-03-06,29.600000381469727,30.049999237060547,29.350000381469727,30.020000457763672,11.804254531860352,992900
2003-03-07,29.399999618530273,29.709999084472656,29.100000381469727,29.5,11.599787712097168,1224000
2003-03-10,29.399999618530273,29.549999237060547,29.100000381469727,29.399999618530273,11.560462951660156,836200
2003-03-11,29.450000762939453,29.809999465942383,28.969999313354492,29.049999237060547,11.422836303710938,1321400
2003-03-12,29.049999237060547,29.31999969482422,28.760000228881836,29.25,11.50147533416748,1259200
2003-03-13,29.649999618530273,29.75,29.190000534057617,29.690000534057617,11.674494743347168,697400
2003-03-14,29.75,29.899999618530273,29.40999984741211,29.700000762939453,11.678427696228027,771900
2003-03-17,29.780000686645508,30.579999923706055,29.780000686645508,30.299999237060547,11.914356231689453,1252700
2003-03-18,30.440000534057617,31.110000610351562,30.280000686645508,30.969999313354492,12.177804946899414,1432100
2003-03-19,31.059999465942383,31.190000534057617,30.729999542236328,31.049999237060547,12.209264755249023,761800
2003-03-20,31.049999237060547,31.18000030517578,30.709999084472656,30.950000762939453,12.169944763183594,974600
2003-03-21,31.0,31.760000228881836,31.0,31.760000228881836,12.488441467285156,1537100
2003-03-24,31.760000228881836,31.760000228881836,30.75,30.809999465942383,12.114893913269043,846900
2003-03-25,31.100000381469727,31.75,30.8700008392334,31.31999969482422,12.31542682647705,744000
2003-03-26,31.34000015258789,31.350000381469727,30.8799991607666,30.950000762939453,12.169944763183594,917200
2003-03-27,30.8700008392334,31.450000762939453,30.700000762939453,31.329999923706055,12.319368362426758,585400
2003-03-28,31.270000457763672,31.6200008392334,31.200000762939453,31.43000030517578,12.358685493469238,671800
2003-03-31,31.43000030517578,31.889999389648438,31.360000610351562,31.5,12.386214256286621,1057200
2003-04-01,31.5,32.0,31.5,32.0,12.582816123962402,1452700
2003-04-02,32.54999923706055,32.54999923706055,31.770000457763672,31.770000457763672,12.492375373840332,1435600
2003-04-03,32.0099983215332,32.15999984741211,31.600000381469727,31.899999618530273,12.543497085571289,768300
2003-04-04,31.899999618530273,32.08000183105469,31.549999237060547,31.989999771118164,12.578882217407227,1233600
2003-04-07,32.5,32.5,31.290000915527344,31.389999389648438,12.34295654296875,1775100
2003-04-08,31.40999984741211,31.649999618530273,31.219999313354492,31.290000915527344,12.303634643554688,806300
2003-04-09,31.399999618530273,31.639999389648438,31.059999465942383,31.219999313354492,12.276106834411621,676600
2003-04-10,31.219999313354492,31.34000015258789,30.950000762939453,31.040000915527344,12.205330848693848,1096100
2003-04-11,31.149999618530273,31.170000076293945,30.56999969482422,30.65999984741211,12.055912971496582,1076500
2003-04-14,31.149999618530273,31.860000610351562,31.149999618530273,31.760000228881836,12.488441467285156,1213400
2003-04-15,32.16999816894531,32.439998626708984,31.940000534057617,32.279998779296875,12.692913055419922,1321500
2003-04-16,32.290000915527344,32.5,32.099998474121094,32.25,12.681118965148926,1210100
2003-04-17,32.099998474121094,32.470001220703125,32.029998779296875,32.150001525878906,12.641800880432129,894500
2003-04-21,32.15999984741211,32.5,31.799999237060547,32.20000076293945,12.661462783813477,673200
2003-04-22,32.20000076293945,32.77000045776367,31.959999084472656,32.61000061035156,12.82267951965332,767200
2003-04-23,32.61000061035156,32.97999954223633,32.4900016784668,32.75,12.877724647521973,705000
2003-04-24,32.79999923706055,33.83000183105469,32.79999923706055,33.560001373291016,13.19622802734375,1009100
2003-04-25,33.58000183105469,33.599998474121094,33.09000015258789,33.2400016784668,13.07040023803711,828700
2003-04-28,33.279998779296875,33.970001220703125,33.27000045776367,33.70000076293945,13.251277923583984,784900
2003-04-29,33.779998779296875,34.15999984741211,33.68000030517578,33.79999923706055,13.290600776672363,802300
2003-04-30,33.83000183105469,33.970001220703125,33.369998931884766,33.72999954223633,13.263072967529297,1349700
2003-05-01,33.72999954223633,34.130001068115234,33.5,33.779998779296875,13.282733917236328,1397700
2003-05-02,33.810001373291016,33.95000076293945,33.40999984741211,33.68000030517578,13.243416786193848,2563400
2003-05-05,33.560001373291016,33.560001373291016,32.75,33.33000183105469,13.253348350524902,1101100
2003-05-06,33.29999923706055,33.31999969482422,32.95000076293945,33.189998626708984,13.197687149047852,858600
2003-05-07,33.189998626708984,33.189998626708984,32.77000045776367,33.040000915527344,13.138035774230957,1004800
2003-05-08,32.939998626708984,33.060001373291016,32.79999923706055,33.060001373291016,13.145995140075684,947300
2003-05-09,33.130001068115234,33.15999984741211,32.79999923706055,33.15999984741211,13.185755729675293,1319600
2003-05-12,33.2400016784668,33.349998474121094,32.86000061035156,33.099998474121094,13.161895751953125,1010600
2003-05-13,33.099998474121094,33.380001068115234,32.349998474121094,33.18000030517578,13.193706512451172,595000
2003-05-14,33.22999954223633,33.38999938964844,32.79999923706055,32.970001220703125,13.110210418701172,788200
2003-05-15,32.97999954223633,33.369998931884766,32.97999954223633,33.349998474121094,13.261307716369629,1083300
2003-05-16,33.54999923706055,34.25,33.54999923706055,34.04999923706055,13.539658546447754,1031600
2003-05-19,33.849998474121094,34.09000015258789,33.58000183105469,33.79999923706055,13.440247535705566,696500
2003-05-20,33.95000076293945,34.2400016784668,33.93000030517578,34.22999954223633,13.611231803894043,753800
2003-05-21,34.970001220703125,34.970001220703125,34.15999984741211,34.34000015258789,13.65496826171875,1589900
2003-05-22,34.34000015258789,34.900001525878906,34.2400016784668,34.779998779296875,13.829938888549805,954400
2003-05-23,35.0,36.290000915527344,35.0,35.95000076293945,14.295175552368164,3062000
2003-05-27,36.0,36.7400016784668,35.7599983215332,36.650001525878906,14.573517799377441,1903300
2003-05-28,36.75,37.060001373291016,36.45000076293945,36.650001525878906,14.573517799377441,1096900
2003-05-29,36.70000076293945,37.31999969482422,35.93000030517578,36.25,14.414463996887207,1229500
2003-05-30,36.31999969482422,36.959999084472656,36.31999969482422,36.810001373291016,14.637147903442383,1409100
2003-06-02,37.18000030517578,37.34000015258789,36.97999954223633,37.20000076293945,14.79223346710205,1164500
2003-06-03,37.25,37.2599983215332,36.86000061035156,37.06999969482422,14.740530967712402,1035400
2003-06-04,37.0,37.470001220703125,36.90999984741211,37.25,14.812108039855957,1183000
2003-06-05,37.29999923706055,37.45000076293945,36.90999984741211,37.0,14.712691307067871,1439200
2003-06-06,37.130001068115234,37.4900016784668,36.25,36.5099983215332,14.517854690551758,1659700
2003-06-09,36.54999923706055,36.849998474121094,36.41999816894531,36.709999084472656,14.597382545471191,1098400
2003-06-10,36.75,37.63999938964844,36.70000076293945,37.0099983215332,14.7166748046875,1445600
2003-06-11,37.29999923706055,37.68000030517578,37.25,37.68000030517578,14.983084678649902,707200
2003-06-12,37.68000030517578,37.849998474121094,37.27000045776367,37.439998626708984,14.887653350830078,1209800
2003-06-13,37.650001525878906,37.70000076293945,37.18000030517578,37.25,14.812108039855957,1079100
2003-06-16,37.54999923706055,38.22999954223633,37.45000076293945,38.22999954223633,15.201796531677246,609000
2003-06-17,38.22999954223633,38.25,37.5,37.63999938964844,14.967180252075195,801000
2003-06-18,37.869998931884766,37.869998931884766,37.5,37.650001525878906,14.971156120300293,829000
2003-06-19,38.0,38.61000061035156,37.79999923706055,38.20000076293945,15.189858436584473,1049400
2003-06-20,38.22999954223633,38.36000061035156,37.970001220703125,38.0,15.110337257385254,1105800
2003-06-23,38.0,38.130001068115234,37.83000183105469,38.0,15.110337257385254,972800
2003-06-24,37.95000076293945,38.29999923706055,37.56999969482422,38.08000183105469,15.1421537399292,963000
2003-06-25,38.08000183105469,38.400001525878906,37.79999923706055,37.79999923706055,15.030810356140137,749600
2003-06-26,37.72999954223633,38.470001220703125,37.52000045776367,38.439998626708984,15.285295486450195,978500
2003-06-27,38.380001068115234,38.40999984741211,37.36000061035156,37.400001525878906,14.87175178527832,967000
2003-06-30,38.400001525878906,38.900001525878906,38.380001068115234,38.45000076293945,15.289273262023926,1917300
2003-07-01,38.45000076293945,38.75,37.959999084472656,38.439998626708984,15.285295486450195,1309700
2003-07-02,38.38999938964844,38.59000015258789,38.16999816894531,38.5,15.309161186218262,991300
2003-07-03,38.45000076293945,38.599998474121094,38.33000183105469,38.400001525878906,15.269396781921387,750600
2003-07-07,38.400001525878906,38.5,37.849998474121094,37.86000061035156,15.054665565490723,1334700
2003-07-08,37.70000076293945,37.720001220703125,37.22999954223633,37.2400016784668,14.808133125305176,1679000
2003-07-09,37.08000183105469,37.22999954223633,36.4900016784668,36.5099983215332,14.517854690551758,1162600
2003-07-10,36.119998931884766,36.16999816894531,35.54999923706055,35.869998931884766,14.263364791870117,950200
2003-07-11,36.099998474121094,36.31999969482422,35.880001068115234,36.130001068115234,14.36674690246582,712200
2003-07-14,36.25,36.70000076293945,36.04999923706055,36.20000076293945,14.394586563110352,983300
2003-07-15,36.27000045776367,36.34000015258789,35.47999954223633,35.4900016784668,14.11225414276123,891700
2003-07-16,35.599998474121094,35.619998931884766,34.7400016784668,34.900001525878906,13.877650260925293,1263700
2003-07-17,34.900001525878906,35.0,34.66999816894531,34.81999969482422,13.845833778381348,1331300
2003-07-18,35.04999923706055,35.189998626708984,34.79999923706055,35.0099983215332,13.921385765075684,909700
2003-07-21,35.08000183105469,35.08000183105469,34.29999923706055,34.380001068115234,13.670873641967773,638000
2003-07-22,34.380001068115234,34.650001525878906,33.900001525878906,34.52000045776367,13.726548194885254,1972400
2003-07-23,34.599998474121094,34.88999938964844,34.47999954223633,34.54999923706055,13.738475799560547,721900
2003-07-24,34.54999923706055,34.91999816894531,34.20000076293945,34.77000045776367,13.825957298278809,1069700
2003-07-25,34.650001525878906,34.81999969482422,34.08000183105469,34.369998931884766,13.66690444946289,1653500
2003-07-28,34.45000076293945,34.72999954223633,34.349998474121094,34.5,13.71860122680664,1344400
2003-07-29,34.5,34.599998474121094,34.150001525878906,34.25,13.619180679321289,1564700
2003-07-30,34.400001525878906,34.810001373291016,34.400001525878906,34.54999923706055,13.738475799560547,928700
2003-07-31,34.70000076293945,34.849998474121094,34.33000183105469,34.4900016784668,13.714617729187012,1136600
2003-08-01,34.349998474121094,34.40999984741211,34.04999923706055,34.290000915527344,13.635087966918945,696500
2003-08-04,34.290000915527344,34.31999969482422,33.91999816894531,34.25,13.619180679321289,3893700
2003-08-05,34.0,34.15999984741211,30.75,31.329999923706055,12.595991134643555,5477200
2003-08-06,31.100000381469727,31.829999923706055,30.799999237060547,31.770000457763672,12.77288818359375,3653500
2003-08-07,31.899999618530273,31.899999618530273,31.09000015258789,31.360000610351562,12.608047485351562,2722500
2003-08-08,31.110000610351562,31.1299991607666,30.479999542236328,31.1200008392334,12.511555671691895,3279100
2003-08-11,31.09000015258789,31.329999923706055,30.899999618530273,31.049999237060547,12.483415603637695,1163300
2003-08-12,31.049999237060547,31.329999923706055,30.84000015258789,31.25,12.563819885253906,1078700
2003-08-13,31.239999771118164,31.399999618530273,30.889999389648438,31.149999618530273,12.52362060546875,1042800
2003-08-14,31.1299991607666,31.229999542236328,30.8799991607666,31.010000228881836,12.46733283996582,1123000
2003-08-15,30.5,30.950000762939453,30.299999237060547,30.610000610351562,12.306512832641602,1335300
2003-08-18,26.600000381469727,27.920000076293945,25.81999969482422,27.75,11.156679153442383,16811100
2003-08-19,27.200000762939453,28.389999389648438,27.200000762939453,27.959999084472656,11.241104125976562,7786600
2003-08-20,27.899999618530273,29.25,27.799999237060547,29.190000534057617,11.735620498657227,6717000
2003-08-21,29.030000686645508,29.3799991607666,28.719999313354492,28.760000228881836,11.562738418579102,6990800
2003-08-22,28.5,28.709999084472656,28.100000381469727,28.299999237060547,11.377796173095703,3850300
2003-08-25,28.299999237060547,29.350000381469727,28.149999618530273,28.540000915527344,11.474287986755371,1860600
2003-08-26,28.56999969482422,29.200000762939453,28.549999237060547,29.190000534057617,11.735620498657227,3328200
2003-08-27,29.149999618530273,29.25,28.93000030517578,29.239999771118164,11.755721092224121,2957000
2003-08-28,29.18000030517578,29.270000457763672,29.010000228881836,29.25,11.759732246398926,1173300
2003-08-29,29.100000381469727,29.329999923706055,28.969999313354492,29.260000228881836,11.763760566711426,1592700
2003-09-02,29.399999618530273,30.110000610351562,29.389999389648438,30.100000381469727,12.10147476196289,1823900
2003-09-03,30.5,30.850000381469727,30.260000228881836,30.360000610351562,12.206007957458496,2047600
2003-09-04,30.5,30.5,30.049999237060547,30.440000534057617,12.238167762756348,1579300
2003-09-05,30.280000686645508,30.389999389648438,30.200000762939453,30.25,12.16178035736084,1169300
2003-09-08,30.219999313354492,30.610000610351562,30.219999313354492,30.600000381469727,12.302495002746582,2295100
2003-09-09,30.5,31.389999389648438,30.299999237060547,31.239999771118164,12.559804916381836,4146400
2003-09-10,31.25,32.119998931884766,31.190000534057617,31.829999923706055,12.79700756072998,4787400
2003-09-11,31.75,31.75,31.100000381469727,31.100000381469727,12.50351619720459,5110600
2003-09-12,30.100000381469727,31.84000015258789,29.979999542236328,31.809999465942383,12.788975715637207,17651500
2003-09-15,31.75,32.15999984741211,31.399999618530273,31.780000686645508,12.77690315246582,3090200
2003-09-16,31.899999618530273,31.969999313354492,31.280000686645508,31.530000686645508,12.676392555236816,2796700
2003-09-17,31.450000762939453,31.450000762939453,31.1299991607666,31.139999389648438,12.519597053527832,1517200
2003-09-18,31.149999618530273,31.75,31.100000381469727,31.56999969482422,12.692477226257324,1196800
2003-09-19,31.56999969482422,31.780000686645508,31.360000610351562,31.75,12.76484489440918,1614600
2003-09-22,31.690000534057617,31.729999542236328,31.100000381469727,31.40999984741211,12.628146171569824,1073800
2003-09-23,31.450000762939453,31.59000015258789,31.239999771118164,31.309999465942383,12.587947845458984,849700
2003-09-24,31.239999771118164,31.350000381469727,30.860000610351562,31.079999923706055,12.495474815368652,1783300
2003-09-25,31.1299991607666,31.450000762939453,31.059999465942383,31.219999313354492,12.551761627197266,1382900
2003-09-26,31.139999389648438,31.770000457763672,30.799999237060547,31.719999313354492,12.752781867980957,2822800
2003-09-29,31.75,32.25,31.549999237060547,32.25,12.965867042541504,1755100
2003-09-30,32.209999084472656,32.36000061035156,31.520000457763672,31.899999618530273,12.825156211853027,1502700
2003-10-01,32.25,32.40999984741211,31.860000610351562,32.400001525878906,13.02617073059082,1537500
2003-10-02,32.400001525878906,32.5,32.06999969482422,32.45000076293945,13.046276092529297,1074600
2003-10-03,32.849998474121094,32.97999954223633,32.099998474121094,32.279998779296875,12.977926254272461,1142300
2003-10-06,32.220001220703125,32.34000015258789,31.940000534057617,32.34000015258789,13.002052307128906,1128200
2003-10-07,32.279998779296875,32.279998779296875,31.65999984741211,32.0,12.865357398986816,1415400
2003-10-08,32.5,32.540000915527344,32.16999816894531,32.29999923706055,12.985962867736816,2713100
2003-10-09,32.54999923706055,32.79999923706055,32.459999084472656,32.58000183105469,13.098540306091309,1808400
2003-10-10,31.81999969482422,32.349998474121094,31.81999969482422,32.16999816894531,12.933707237243652,1989300
2003-10-13,32.400001525878906,32.54999923706055,32.20000076293945,32.47999954223633,13.058335304260254,921600
2003-10-14,32.529998779296875,33.189998626708984,32.400001525878906,33.02000045776367,13.27543830871582,1441600
2003-10-15,33.02000045776367,33.119998931884766,32.810001373291016,33.119998931884766,13.315640449523926,1898100
2003-10-16,33.279998779296875,33.36000061035156,33.0,33.20000076293945,13.34780502319336,1327800
2003-10-17,33.25,33.25,32.91999816894531,33.040000915527344,13.283475875854492,1467200
2003-10-20,33.0,33.09000015258789,32.88999938964844,33.040000915527344,13.283475875854492,974500
2003-10-21,33.04999923706055,33.58000183105469,33.029998779296875,33.20000076293945,13.34780502319336,1053300
2003-10-22,33.20000076293945,33.2400016784668,32.900001525878906,33.209999084472656,13.351823806762695,887400
2003-10-23,33.0,33.70000076293945,32.869998931884766,33.66999816894531,13.536762237548828,1636200
2003-10-24,33.66999816894531,34.04999923706055,33.470001220703125,34.02000045776367,13.677481651306152,2449800
2003-10-27,34.02000045776367,34.43000030517578,33.900001525878906,34.11000061035156,13.71366024017334,1847700
2003-10-28,33.900001525878906,34.16999816894531,33.70000076293945,34.16999816894531,13.737786293029785,1358800
2003-10-29,34.099998474121094,34.459999084472656,33.95000076293945,34.41999816894531,13.838298797607422,1137400
2003-10-30,34.5,34.75,34.43000030517578,34.75,13.97097396850586,1271100
2003-10-31,34.75,34.84000015258789,34.349998474121094,34.38999938964844,13.826231956481934,954800
2003-11-03,34.529998779296875,34.810001373291016,34.0,34.70000076293945,13.95086669921875,1000500
2003-11-04,34.70000076293945,34.7599983215332,34.400001525878906,34.54999923706055,13.89056396484375,2158800
2003-11-05,34.25,34.54999923706055,34.11000061035156,34.5,14.022663116455078,1817800
2003-11-06,34.439998626708984,34.650001525878906,34.0,34.52000045776367,14.030791282653809,898000
2003-11-07,34.52000045776367,34.650001525878906,34.349998474121094,34.45000076293945,14.002341270446777,2376500
2003-11-10,34.45000076293945,34.7599983215332,34.34000015258789,34.68000030517578,14.095824241638184,940900
2003-11-11,34.599998474121094,34.83000183105469,34.54999923706055,34.63999938964844,14.079568862915039,690700
2003-11-12,34.63999938964844,34.880001068115234,34.61000061035156,34.66999816894531,14.091754913330078,697900
2003-11-13,34.66999816894531,34.810001373291016,34.54999923706055,34.650001525878906,14.083636283874512,1116200
2003-11-14,34.650001525878906,34.75,34.56999969482422,34.75,14.124279975891113,711900
2003-11-17,34.75,34.810001373291016,34.25,34.61000061035156,14.06737232208252,948000
2003-11-18,34.61000061035156,34.66999816894531,33.849998474121094,33.9900016784668,13.815367698669434,1001800
2003-11-19,33.900001525878906,34.20000076293945,32.61000061035156,33.290000915527344,13.53084945678711,5374700
2003-11-20,33.0,34.099998474121094,32.63999938964844,33.709999084472656,13.70156192779541,2765400
2003-11-21,33.75,33.84000015258789,33.2400016784668,33.5,13.616204261779785,1323700
2003-11-24,33.45000076293945,33.7400016784668,33.33000183105469,33.5,13.616204261779785,1539100
2003-11-25,33.56999969482422,33.720001220703125,33.33000183105469,33.540000915527344,13.63247013092041,1180500
2003-11-26,33.68000030517578,34.29999923706055,33.58000183105469,34.29999923706055,13.941370964050293,991900
2003-11-28,34.29999923706055,34.650001525878906,34.27000045776367,34.650001525878906,14.083636283874512,411900
2003-12-01,34.720001220703125,34.959999084472656,34.439998626708984,34.95000076293945,14.205568313598633,1313400
2003-12-02,34.95000076293945,34.959999084472656,34.54999923706055,34.79999923706055,14.1445951461792,1381800
2003-12-03,34.599998474121094,35.25,34.54999923706055,34.93000030517578,14.197436332702637,962800
2003-12-04,34.849998474121094,35.61000061035156,34.849998474121094,35.61000061035156,14.473820686340332,966100
2003-12-05,35.31999969482422,35.95000076293945,35.25,35.279998779296875,14.339695930480957,856300
2003-12-08,35.20000076293945,35.66999816894531,34.959999084472656,35.630001068115234,14.481955528259277,891800
2003-12-09,35.630001068115234,35.75,34.79999923706055,34.880001068115234,14.177112579345703,1370400
2003-12-10,34.880001068115234,35.0099983215332,34.619998931884766,34.790000915527344,14.140534400939941,1185600
2003-12-11,34.900001525878906,35.02000045776367,34.599998474121094,34.599998474121094,14.063295364379883,828400
2003-12-12,34.75,34.810001373291016,34.56999969482422,34.599998474121094,14.063295364379883,1188900
2003-12-15,34.66999816894531,35.0,34.4900016784668,34.4900016784668,14.018596649169922,2191700
2003-12-16,34.04999923706055,35.029998779296875,34.04999923706055,35.02000045776367,14.234020233154297,1879000
2003-12-17,34.79999923706055,35.15999984741211,34.72999954223633,35.15999984741211,14.29092025756836,879300
2003-12-18,35.15999984741211,35.400001525878906,34.93000030517578,35.220001220703125,14.315305709838867,1435300
2003-12-19,35.130001068115234,35.20000076293945,34.540000915527344,34.91999816894531,14.19337272644043,2668600
2003-12-22,35.0,35.2599983215332,34.95000076293945,35.189998626708984,14.303116798400879,1506800
2003-12-23,35.189998626708984,35.20000076293945,34.70000076293945,35.099998474121094,14.266529083251953,1443600
2003-12-24,35.25,35.400001525878906,35.0,35.16999816894531,14.294988632202148,642700
2003-12-26,35.16999816894531,35.459999084472656,35.16999816894531,35.290000915527344,14.343762397766113,254100
2003-12-29,35.20000076293945,35.38999938964844,35.0099983215332,35.29999923706055,14.347825050354004,880800
2003-12-30,35.349998474121094,35.369998931884766,35.08000183105469,35.15999984741211,14.29092025756836,1134100
2003-12-31,35.20000076293945,35.2599983215332,35.13999938964844,35.20000076293945,14.307174682617188,1048100
2004-01-02,35.29999923706055,35.81999969482422,35.2400016784668,35.34000015258789,14.364087104797363,993900
2004-01-05,35.36000061035156,35.81999969482422,35.36000061035156,35.709999084472656,14.514470100402832,1426200
2004-01-06,35.880001068115234,36.040000915527344,35.75,35.97999954223633,14.624207496643066,978300
2004-01-07,35.88999938964844,36.25,35.79999923706055,36.16999816894531,14.70143985748291,1319400
2004-01-08,36.41999816894531,36.84000015258789,36.349998474121094,36.83000183105469,14.969703674316406,1110900
2004-01-09,36.81999969482422,36.81999969482422,36.29999923706055,36.41999816894531,14.803050994873047,863700
2004-01-12,36.38999938964844,36.560001373291016,36.0,36.20000076293945,14.713630676269531,990700
2004-01-13,36.099998474121094,36.77000045776367,36.040000915527344,36.4900016784668,14.831493377685547,2329100
2004-01-14,36.5,36.83000183105469,36.4900016784668,36.77000045776367,14.945308685302734,1328100
2004-01-15,36.720001220703125,36.810001373291016,36.5,36.689998626708984,14.912790298461914,914600
2004-01-16,36.70000076293945,37.029998779296875,36.61000061035156,37.0,15.038793563842773,812500
2004-01-20,36.95000076293945,37.099998474121094,36.720001220703125,36.970001220703125,15.02659797668457,843500
2004-01-21,36.97999954223633,37.16999816894531,36.75,37.16999816894531,15.107895851135254,1407700
2004-01-22,37.09000015258789,37.22999954223633,36.90999984741211,37.0,15.038793563842773,1105600
2004-01-23,37.150001525878906,37.5099983215332,36.83000183105469,37.20000076293945,15.120091438293457,1364600
2004-01-26,37.130001068115234,37.13999938964844,36.630001068115234,37.0099983215332,15.042860984802246,730000
2004-01-27,37.060001373291016,37.060001373291016,36.650001525878906,36.72999954223633,14.92905044555664,853500
2004-01-28,36.88999938964844,37.849998474121094,36.79999923706055,37.189998626708984,15.11601734161377,2372900
2004-01-29,37.279998779296875,37.79999923706055,37.029998779296875,37.310001373291016,15.16479206085205,1186200
2004-01-30,37.29999923706055,37.72999954223633,37.11000061035156,37.52000045776367,15.250150680541992,1120000
2004-02-02,37.5,37.66999816894531,37.400001525878906,37.54999923706055,15.262345314025879,914300
2004-02-03,37.5,37.779998779296875,37.349998474121094,37.779998779296875,15.355822563171387,1158600
2004-02-04,37.369998931884766,37.369998931884766,36.599998474121094,36.900001525878906,15.148514747619629,1643200
2004-02-05,37.099998474121094,37.119998931884766,36.060001373291016,36.20000076293945,14.861141204833984,1304200
2004-02-06,36.2599983215332,36.45000076293945,36.2400016784668,36.400001525878906,14.94324779510498,1200700
2004-02-09,36.5,36.70000076293945,36.41999816894531,36.599998474121094,15.025347709655762,810100
2004-02-10,36.66999816894531,37.040000915527344,36.63999938964844,37.040000915527344,15.205985069274902,836100
2004-02-11,36.869998931884766,37.47999954223633,36.709999084472656,37.20000076293945,15.271672248840332,1060300
2004-02-12,37.189998626708984,37.619998931884766,37.029998779296875,37.45000076293945,15.374302864074707,766900
2004-02-13,37.45000076293945,37.779998779296875,37.25,37.5099983215332,15.39893627166748,788200
2004-02-17,37.709999084472656,37.77000045776367,37.52000045776367,37.70000076293945,15.476935386657715,1171300
2004-02-18,37.70000076293945,38.150001525878906,37.599998474121094,38.150001525878906,15.661681175231934,928600
2004-02-19,38.29999923706055,38.349998474121094,37.79999923706055,38.189998626708984,15.678091049194336,1218700
2004-02-20,38.33000183105469,38.33000183105469,37.599998474121094,37.91999816894531,15.56724739074707,840300
2004-02-23,38.029998779296875,38.189998626708984,37.4900016784668,37.72999954223633,15.489248275756836,706100
2004-02-24,37.540000915527344,37.66999816894531,37.150001525878906,37.66999816894531,15.464618682861328,1529700
2004-02-25,37.5,38.02000045776367,37.43000030517578,37.95000076293945,15.579566955566406,1523800
2004-02-26,37.849998474121094,38.119998931884766,37.619998931884766,38.04999923706055,15.62061595916748,1534400
2004-02-27,38.20000076293945,38.91999816894531,38.150001525878906,38.630001068115234,15.858725547790527,1792500
2004-03-01,38.81999969482422,38.900001525878906,38.61000061035156,38.630001068115234,15.858725547790527,1597700
2004-03-02,38.630001068115234,38.630001068115234,38.060001373291016,38.400001525878906,15.764305114746094,1306300
2004-03-03,38.279998779296875,38.529998779296875,37.90999984741211,38.400001525878906,15.764305114746094,739100
2004-03-04,38.400001525878906,38.599998474121094,38.16999816894531,38.5,15.805360794067383,834600
2004-03-05,38.45000076293945,38.95000076293945,38.31999969482422,38.869998931884766,15.95725154876709,666300
2004-03-08,38.880001068115234,39.06999969482422,38.56999969482422,38.619998931884766,15.85462474822998,1136600
2004-03-09,38.63999938964844,38.869998931884766,38.41999816894531,38.790000915527344,15.924413681030273,1336700
2004-03-10,38.79999923706055,38.95000076293945,38.0099983215332,38.15999984741211,15.665770530700684,997400
2004-03-11,38.15999984741211,38.25,37.36000061035156,37.45000076293945,15.374302864074707,1137400
2004-03-12,37.43000030517578,37.900001525878906,37.060001373291016,37.900001525878906,15.55904483795166,736900
2004-03-15,37.900001525878906,38.06999969482422,37.439998626708984,37.849998474121094,15.538520812988281,714500
2004-03-16,38.0,38.380001068115234,37.900001525878906,38.150001525878906,15.661681175231934,991700
2004-03-17,38.45000076293945,38.709999084472656,37.939998626708984,38.709999084472656,15.891561508178711,1826400
2004-03-18,38.70000076293945,38.880001068115234,38.45000076293945,38.650001525878906,15.866936683654785,1195300
2004-03-19,38.650001525878906,38.86000061035156,38.4900016784668,38.650001525878906,15.866936683654785,719900
2004-03-22,38.650001525878906,38.720001220703125,38.16999816894531,38.599998474121094,15.846412658691406,1284000
2004-03-23,38.599998474121094,38.779998779296875,38.29999923706055,38.630001068115234,15.858725547790527,840200
2004-03-24,38.630001068115234,38.959999084472656,38.54999923706055,38.880001068115234,15.961356163024902,917900
2004-03-25,38.900001525878906,39.060001373291016,38.65999984741211,38.900001525878906,15.969573974609375,805900
2004-03-26,38.97999954223633,39.369998931884766,38.810001373291016,39.0,16.010618209838867,1086900
2004-03-29,39.0099983215332,39.20000076293945,38.599998474121094,39.0,16.010618209838867,1646200
2004-03-30,39.0,39.09000015258789,38.72999954223633,38.9900016784668,16.006513595581055,1305600
2004-03-31,38.95000076293945,39.2599983215332,38.66999816894531,39.08000183105469,16.043468475341797,842200
2004-04-01,39.11000061035156,39.29999923706055,38.959999084472656,39.209999084472656,16.096834182739258,649600
2004-04-02,39.29999923706055,39.41999816894531,38.93000030517578,39.11000061035156,16.05577850341797,710000
2004-04-05,39.0,39.220001220703125,38.86000061035156,39.130001068115234,16.063997268676758,983600
2004-04-06,38.849998474121094,39.189998626708984,38.84000015258789,39.16999816894531,16.08041763305664,801300
2004-04-07,39.099998474121094,39.099998474121094,38.63999938964844,38.689998626708984,15.883355140686035,1174900
2004-04-08,38.849998474121094,39.119998931884766,38.61000061035156,38.959999084472656,15.994199752807617,638900
2004-04-12,39.15999984741211,39.22999954223633,38.220001220703125,38.470001220703125,15.793047904968262,1206600
2004-04-13,38.470001220703125,38.470001220703125,37.130001068115234,38.0099983215332,15.604192733764648,1838000
2004-04-14,37.900001525878906,38.400001525878906,37.33000183105469,38.27000045776367,15.710935592651367,1727300
2004-04-15,38.27000045776367,38.83000183105469,38.2400016784668,38.599998474121094,15.846412658691406,1700800
2004-04-16,38.70000076293945,38.70000076293945,38.52000045776367,38.599998474121094,15.846412658691406,1176600
2004-04-19,38.599998474121094,38.599998474121094,38.41999816894531,38.54999923706055,15.825879096984863,684300
2004-04-20,38.560001373291016,38.970001220703125,38.27000045776367,38.4900016784668,15.801250457763672,982400
2004-04-21,38.5,38.79999923706055,38.27000045776367,38.7599983215332,15.912093162536621,1045200
2004-04-22,38.75,39.33000183105469,38.59000015258789,39.25,16.11326026916504,1058900
2004-04-23,39.060001373291016,39.380001068115234,38.75,39.25,16.11326026916504,1077500
2004-04-26,39.25,39.650001525878906,38.939998626708984,39.29999923706055,16.1337833404541,836300
2004-04-27,39.20000076293945,39.43000030517578,38.95000076293945,39.18000030517578,16.084516525268555,818300
2004-04-28,39.06999969482422,39.34000015258789,38.939998626708984,39.18000030517578,16.084516525268555,1197900
2004-04-29,39.25,39.29999923706055,38.93000030517578,39.02000045776367,16.018835067749023,1457700
2004-04-30,39.02000045776367,39.2599983215332,38.91999816894531,39.099998474121094,16.051671981811523,1699100
2004-05-03,39.04999923706055,39.380001068115234,38.959999084472656,39.349998474121094,16.154308319091797,1535700
2004-05-04,39.41999816894531,39.4900016784668,38.849998474121094,39.2400016784668,16.109148025512695,1198500
2004-05-05,38.95000076293945,39.20000076293945,38.59000015258789,38.59000015258789,15.995162963867188,2978500
2004-05-06,38.5,38.83000183105469,38.27000045776367,38.529998779296875,15.970293045043945,1383000
2004-05-07,38.29999923706055,38.97999954223633,37.130001068115234,37.599998474121094,15.584819793701172,1879200
2004-05-10,37.25,37.5099983215332,36.88999938964844,37.349998474121094,15.481194496154785,1310100
2004-05-11,37.54999923706055,37.83000183105469,36.849998474121094,37.029998779296875,15.348559379577637,1355000
2004-05-12,37.130001068115234,37.29999923706055,36.7400016784668,37.08000183105469,15.369278907775879,1373900
2004-05-13,37.04999923706055,37.130001068115234,36.81999969482422,36.900001525878906,15.29468059539795,2138200
2004-05-14,36.95000076293945,37.52000045776367,36.849998474121094,37.27000045776367,15.448039054870605,1092100
2004-05-17,37.0,37.20000076293945,36.72999954223633,36.880001068115234,15.286393165588379,1486300
2004-05-18,37.20000076293945,37.560001373291016,37.08000183105469,37.20000076293945,15.419026374816895,771200
2004-05-19,37.470001220703125,37.599998474121094,36.91999816894531,37.0,15.336124420166016,1106200
2004-05-20,37.0,37.59000015258789,36.900001525878906,37.2599983215332,15.443893432617188,1210400
2004-05-21,37.27000045776367,37.52000045776367,36.84000015258789,37.02000045776367,15.344413757324219,1388200
2004-05-24,37.220001220703125,37.540000915527344,37.209999084472656,37.43000030517578,15.514360427856445,711300
2004-05-25,37.5,38.060001373291016,37.119998931884766,38.0,15.750619888305664,689500
2004-05-26,38.099998474121094,38.540000915527344,37.779998779296875,38.439998626708984,15.932994842529297,903100
2004-05-27,38.5,39.209999084472656,38.5,38.7599983215332,16.065628051757812,1036500
2004-05-28,38.900001525878906,39.11000061035156,38.77000045776367,39.0,16.165111541748047,1150600
2004-06-01,39.0,39.06999969482422,38.47999954223633,38.720001220703125,16.049057006835938,592300
2004-06-02,38.900001525878906,39.029998779296875,38.630001068115234,38.9900016784668,16.16095733642578,599300
2004-06-03,38.9900016784668,39.220001220703125,38.72999954223633,38.91999816894531,16.13195037841797,782800
2004-06-04,39.150001525878906,39.41999816894531,39.06999969482422,39.29999923706055,16.289451599121094,739600
2004-06-07,39.349998474121094,39.72999954223633,39.209999084472656,39.34000015258789,16.3060359954834,930800
2004-06-08,39.34000015258789,39.34000015258789,38.900001525878906,38.9900016784668,16.16095733642578,1144600
2004-06-09,38.869998931884766,39.08000183105469,37.34000015258789,37.47999954223633,15.535083770751953,4100000
2004-06-10,37.56999969482422,38.099998474121094,37.52000045776367,37.900001525878906,15.7091646194458,2016600
2004-06-14,37.79999923706055,38.040000915527344,37.5099983215332,37.77000045776367,15.655281066894531,815300
2004-06-15,38.0,38.25,37.779998779296875,37.849998474121094,15.688444137573242,1139800
2004-06-16,37.75,38.16999816894531,37.75,38.060001373291016,15.775486946105957,835500
2004-06-17,38.040000915527344,38.04999923706055,37.7400016784668,38.0,15.750619888305664,633700
2004-06-18,37.77000045776367,37.970001220703125,37.41999816894531,37.900001525878906,15.7091646194458,1139400
2004-06-21,37.95000076293945,38.31999969482422,37.86000061035156,38.08000183105469,15.783778190612793,993300
2004-06-22,38.0,38.150001525878906,37.720001220703125,38.0,15.750619888305664,844800
2004-06-23,38.0,38.11000061035156,37.88999938964844,38.0,15.750619888305664,726700
2004-06-24,37.95000076293945,38.0,37.630001068115234,37.650001525878906,15.605552673339844,1122400
2004-06-25,37.70000076293945,37.709999084472656,37.2599983215332,37.400001525878906,15.50192642211914,1391300
2004-06-28,37.400001525878906,37.83000183105469,37.36000061035156,37.56999969482422,15.57238483428955,749500
2004-06-29,37.68000030517578,37.72999954223633,37.20000076293945,37.25,15.439750671386719,809400
2004-06-30,37.34000015258789,37.529998779296875,36.900001525878906,37.40999984741211,15.506064414978027,987700
2004-07-01,37.599998474121094,37.650001525878906,37.040000915527344,37.27000045776367,15.448039054870605,714600
2004-07-02,37.380001068115234,37.650001525878906,37.220001220703125,37.310001373291016,15.464618682861328,553300
2004-07-06,37.310001373291016,37.650001525878906,37.209999084472656,37.56999969482422,15.57238483428955,701000
2004-07-07,37.540000915527344,37.95000076293945,37.349998474121094,37.91999816894531,15.717455863952637,658300
2004-07-08,37.91999816894531,37.9900016784668,37.75,37.86000061035156,15.69258975982666,881300
2004-07-09,37.86000061035156,38.099998474121094,37.61000061035156,37.939998626708984,15.725749015808105,1006600
2004-07-12,37.849998474121094,37.97999954223633,37.5,37.599998474121094,15.584819793701172,669900
2004-07-13,37.689998626708984,37.810001373291016,37.45000076293945,37.79999923706055,15.667720794677734,392400
2004-07-14,37.790000915527344,38.279998779296875,37.70000076293945,38.2400016784668,15.850090980529785,684600
2004-07-15,38.25,38.5,38.20000076293945,38.2599983215332,15.858386039733887,560600
2004-07-16,38.43000030517578,38.59000015258789,38.220001220703125,38.540000915527344,15.97443675994873,718900
2004-07-19,38.599998474121094,39.060001373291016,38.58000183105469,38.97999954223633,16.156816482543945,948900
2004-07-20,38.900001525878906,39.16999816894531,38.70000076293945,39.119998931884766,16.214839935302734,959100
2004-07-21,39.099998474121094,39.130001068115234,38.470001220703125,38.47999954223633,15.949572563171387,1970100
2004-07-22,38.65999984741211,38.97999954223633,38.06999969482422,38.400001525878906,15.916414260864258,1438000
2004-07-23,38.400001525878906,38.400001525878906,37.90999984741211,38.0099983215332,15.75475025177002,702200
2004-07-26,38.16999816894531,38.2400016784668,37.77000045776367,37.83000183105469,15.680156707763672,715800
2004-07-27,37.84000015258789,38.150001525878906,37.61000061035156,37.91999816894531,15.717455863952637,878300
2004-07-28,37.93000030517578,38.290000915527344,37.79999923706055,38.20000076293945,15.833517074584961,1052400
2004-07-29,38.45000076293945,39.0,38.349998474121094,38.90999984741211,16.1278076171875,903200
2004-07-30,38.91999816894531,39.16999816894531,38.849998474121094,39.099998474121094,16.206554412841797,933200
2004-08-02,39.099998474121094,39.58000183105469,38.9900016784668,39.529998779296875,16.384788513183594,1694800
2004-08-03,39.599998474121094,39.86000061035156,39.40999984741211,39.5099983215332,16.376497268676758,908700
2004-08-04,39.119998931884766,39.869998931884766,38.849998474121094,39.849998474121094,16.675701141357422,2622200
2004-08-05,39.970001220703125,40.349998474121094,39.869998931884766,40.0099983215332,16.742650985717773,1921000
2004-08-06,40.0099983215332,40.349998474121094,39.900001525878906,39.900001525878906,16.696619033813477,1800600
2004-08-09,39.88999938964844,39.88999938964844,39.41999816894531,39.459999084472656,16.51249122619629,1538500
2004-08-10,39.33000183105469,39.33000183105469,39.04999923706055,39.18000030517578,16.39532470703125,1800000
2004-08-11,39.15999984741211,39.2599983215332,38.869998931884766,39.2400016784668,16.42043113708496,1236600
2004-08-12,39.2400016784668,39.70000076293945,38.95000076293945,39.310001373291016,16.449731826782227,854900
2004-08-13,39.349998474121094,39.36000061035156,38.939998626708984,39.060001373291016,16.345111846923828,603100
2004-08-16,38.93000030517578,39.41999816894531,38.93000030517578,39.279998779296875,16.437171936035156,521900
2004-08-17,39.15999984741211,39.2599983215332,38.959999084472656,39.18000030517578,16.39532470703125,831400
2004-08-18,39.18000030517578,39.720001220703125,39.119998931884766,39.720001220703125,16.62130355834961,601300
2004-08-19,39.650001525878906,39.83000183105469,39.290000915527344,39.470001220703125,16.51668357849121,407000
2004-08-20,39.25,39.68000030517578,39.25,39.529998779296875,16.541790008544922,454000
2004-08-23,39.41999816894531,39.79999923706055,39.369998931884766,39.630001068115234,16.583627700805664,1014300
2004-08-24,39.66999816894531,40.0,39.63999938964844,39.900001525878906,16.696619033813477,1013100
2004-08-25,39.83000183105469,40.34000015258789,39.720001220703125,40.20000076293945,16.822162628173828,1262100
2004-08-26,40.119998931884766,40.349998474121094,40.099998474121094,40.16999816894531,16.809602737426758,723100
2004-08-27,40.279998779296875,40.290000915527344,40.08000183105469,40.119998931884766,16.788679122924805,822200
2004-08-30,40.16999816894531,40.310001373291016,40.060001373291016,40.130001068115234,16.792875289916992,629300
2004-08-31,40.22999954223633,40.40999984741211,40.040000915527344,40.2400016784668,16.838897705078125,1479800
2004-09-01,40.369998931884766,41.029998779296875,40.369998931884766,40.88999938964844,17.11089324951172,1702600
2004-09-02,41.099998474121094,41.70000076293945,41.04999923706055,41.470001220703125,17.353599548339844,1202600
2004-09-03,41.5,41.619998931884766,41.0,41.45000076293945,17.345237731933594,1163600
2004-09-07,41.47999954223633,41.560001373291016,41.209999084472656,41.529998779296875,17.378711700439453,1709600
2004-09-08,41.130001068115234,41.150001525878906,40.70000076293945,40.93000030517578,17.127634048461914,1444400
2004-09-09,40.869998931884766,41.13999938964844,40.599998474121094,40.849998474121094,17.094158172607422,1203900
2004-09-10,40.86000061035156,40.900001525878906,40.41999816894531,40.790000915527344,17.069046020507812,747000
2004-09-13,40.790000915527344,40.810001373291016,40.5,40.810001373291016,17.077425003051758,1474100
2004-09-14,40.900001525878906,42.22999954223633,40.869998931884766,41.36000061035156,17.307567596435547,928600
2004-09-15,41.45000076293945,41.45000076293945,40.81999969482422,41.2599983215332,17.265724182128906,937100
2004-09-16,41.25,41.599998474121094,41.25,41.56999969482422,17.395442962646484,929200
2004-09-17,41.5,41.7599983215332,41.380001068115234,41.66999816894531,17.437284469604492,1692900
2004-09-20,41.58000183105469,41.599998474121094,41.400001525878906,41.5,17.366159439086914,1179200
2004-09-21,41.5,41.5,41.130001068115234,41.22999954223633,17.253173828125,986100
2004-09-22,41.18000030517578,41.22999954223633,40.79999923706055,41.130001068115234,17.21132469177246,907900
2004-09-23,41.099998474121094,41.220001220703125,40.91999816894531,40.970001220703125,17.144371032714844,645200
2004-09-24,40.970001220703125,40.970001220703125,40.540000915527344,40.79999923706055,17.073226928710938,979100
2004-09-27,40.79999923706055,41.31999969482422,40.650001525878906,41.31999969482422,17.290830612182617,1316700
2004-09-28,41.29999923706055,41.56999969482422,41.29999923706055,41.529998779296875,17.378711700439453,870300
2004-09-29,41.0099983215332,41.310001373291016,40.599998474121094,41.310001373291016,17.286643981933594,1033900
2004-09-30,41.310001373291016,41.400001525878906,40.560001373291016,41.08000183105469,17.190397262573242,1102500
2004-10-01,41.08000183105469,41.38999938964844,40.900001525878906,41.040000915527344,17.173660278320312,1039900
2004-10-04,41.27000045776367,41.27000045776367,41.0,41.189998626708984,17.236433029174805,1378200
2004-10-05,41.189998626708984,41.34000015258789,41.040000915527344,41.060001373291016,17.182035446166992,1926400
2004-10-06,41.060001373291016,41.5,40.70000076293945,41.2400016784668,17.257356643676758,1947800
2004-10-07,41.2400016784668,41.2400016784668,40.72999954223633,40.77000045776367,17.060678482055664,966600
2004-10-08,40.63999938964844,40.86000061035156,40.310001373291016,40.779998779296875,17.064861297607422,1147500
2004-10-11,41.0,41.04999923706055,40.77000045776367,41.0099983215332,17.16111946105957,988600
2004-10-12,41.0099983215332,41.5099983215332,40.90999984741211,41.470001220703125,17.353599548339844,1020400
2004-10-13,41.599998474121094,41.63999938964844,41.150001525878906,41.45000076293945,17.345237731933594,1130200
2004-10-14,41.45000076293945,41.650001525878906,41.29999923706055,41.47999954223633,17.357784271240234,747200
2004-10-15,41.5,41.790000915527344,41.45000076293945,41.66999816894531,17.437284469604492,1038500
2004-10-18,41.689998626708984,41.72999954223633,41.36000061035156,41.52000045776367,17.37452507019043,955400
2004-10-19,41.58000183105469,41.599998474121094,41.0,41.099998474121094,17.19877815246582,920100
2004-10-20,41.25,41.27000045776367,40.72999954223633,41.04999923706055,17.177852630615234,1147700
2004-10-21,40.75,41.029998779296875,40.560001373291016,40.95000076293945,17.136005401611328,1368400
2004-10-22,41.040000915527344,41.04999923706055,40.75,40.849998474121094,17.094158172607422,907000
2004-10-25,41.11000061035156,41.47999954223633,40.97999954223633,41.06999969482422,17.186220169067383,1083200
2004-10-26,41.20000076293945,41.84000015258789,40.959999084472656,41.70000076293945,17.449846267700195,2223500
2004-10-27,41.79999923706055,41.90999984741211,41.5,41.5,17.366159439086914,1257100
2004-10-28,41.54999923706055,41.54999923706055,41.0,41.150001525878906,17.21969985961914,1895500
2004-10-29,41.33000183105469,41.52000045776367,41.15999984741211,41.33000183105469,17.29501724243164,1377700
2004-11-01,41.619998931884766,41.81999969482422,41.290000915527344,41.369998931884766,17.311758041381836,957100
2004-11-02,41.529998779296875,41.65999984741211,40.91999816894531,41.029998779296875,17.169477462768555,2420400
2004-11-03,41.31999969482422,41.59000015258789,41.08000183105469,41.150001525878906,17.37853240966797,2618100
2004-11-04,41.310001373291016,41.86000061035156,41.11000061035156,41.83000183105469,17.66571044921875,1658200
2004-11-05,41.88999938964844,41.939998626708984,41.040000915527344,41.599998474121094,17.56856918334961,1399500
2004-11-08,41.77000045776367,41.93000030517578,41.5099983215332,41.720001220703125,17.61924934387207,1531300
2004-11-09,41.79999923706055,41.83000183105469,41.560001373291016,41.650001525878906,17.589696884155273,934900
2004-11-10,41.68000030517578,41.72999954223633,41.43000030517578,41.619998931884766,17.577022552490234,1424900
2004-11-11,41.720001220703125,42.459999084472656,41.560001373291016,42.2599983215332,17.84730339050293,1682800
2004-11-12,42.45000076293945,43.150001525878906,42.349998474121094,43.150001525878906,18.223169326782227,1023700
2004-11-15,43.279998779296875,43.279998779296875,42.68000030517578,43.02000045776367,18.16827392578125,729600
2004-11-16,43.099998474121094,43.40999984741211,42.810001373291016,43.150001525878906,18.223169326782227,1073900
2004-11-17,42.65999984741211,43.119998931884766,42.38999938964844,42.5,17.94866180419922,1368000
2004-11-18,42.150001525878906,42.650001525878906,41.97999954223633,42.099998474121094,17.779735565185547,2044900
2004-11-19,42.20000076293945,42.41999816894531,41.900001525878906,42.06999969482422,17.767066955566406,1283700
2004-11-22,42.25,43.029998779296875,42.15999984741211,43.029998779296875,18.172494888305664,1556700
2004-11-23,43.0,43.099998474121094,42.459999084472656,42.720001220703125,18.04157829284668,1446000
2004-11-24,42.9900016784668,43.33000183105469,42.869998931884766,42.95000076293945,18.138708114624023,735200
2004-11-26,43.099998474121094,43.36000061035156,42.939998626708984,42.97999954223633,18.151384353637695,202300
2004-11-29,42.95000076293945,43.09000015258789,42.529998779296875,42.650001525878906,18.01201057434082,777400
2004-11-30,42.52000045776367,42.880001068115234,41.9900016784668,42.22999954223633,17.834638595581055,1272600
2004-12-01,39.900001525878906,40.29999923706055,38.91999816894531,39.47999954223633,16.67325210571289,5820100
2004-12-02,39.47999954223633,39.5,39.06999969482422,39.189998626708984,16.55077362060547,2755400
2004-12-03,39.29999923706055,39.52000045776367,39.02000045776367,39.20000076293945,16.55500602722168,2196400
2004-12-06,39.20000076293945,39.349998474121094,39.08000183105469,39.220001220703125,16.563446044921875,1719800
2004-12-07,39.310001373291016,39.380001068115234,38.959999084472656,39.04999923706055,16.491657257080078,1724300
2004-12-08,39.08000183105469,39.130001068115234,38.5099983215332,39.0,16.47054100036621,4123200
2004-12-09,39.0,39.220001220703125,38.75,39.0,16.47054100036621,2073500
2004-12-10,39.0,39.0,38.68000030517578,38.88999938964844,16.424081802368164,922500
2004-12-13,38.709999084472656,39.0,38.349998474121094,39.0,16.47054100036621,1808100
2004-12-14,39.04999923706055,39.209999084472656,38.880001068115234,39.0,16.47054100036621,1213300
2004-12-15,38.90999984741211,39.15999984741211,38.869998931884766,39.029998779296875,16.48320960998535,1354200
2004-12-16,39.18000030517578,39.189998626708984,38.599998474121094,38.79999923706055,16.38608169555664,1825900
2004-12-17,38.59000015258789,39.38999938964844,38.40999984741211,39.31999969482422,16.605676651000977,1886100
2004-12-20,39.529998779296875,39.97999954223633,39.38999938964844,39.97999954223633,16.884416580200195,1391100
2004-12-21,39.97999954223633,40.150001525878906,39.7400016784668,39.95000076293945,16.871747970581055,1096300
2004-12-22,39.77000045776367,40.150001525878906,39.720001220703125,40.029998779296875,16.905527114868164,864400
2004-12-23,40.279998779296875,40.33000183105469,39.790000915527344,39.84000015258789,16.825286865234375,478600
2004-12-27,39.95000076293945,40.02000045776367,39.56999969482422,39.56999969482422,16.71126365661621,643200
2004-12-28,39.83000183105469,39.91999816894531,39.56999969482422,39.72999954223633,16.778837203979492,443900
2004-12-29,39.75,39.79999923706055,39.4900016784668,39.720001220703125,16.774616241455078,311100
2004-12-30,39.70000076293945,39.81999969482422,39.59000015258789,39.630001068115234,16.736597061157227,498800
2004-12-31,39.70000076293945,39.70000076293945,39.369998931884766,39.5099983215332,16.68592071533203,439800
2005-01-03,39.619998931884766,39.7400016784668,39.27000045776367,39.349998474121094,16.618345260620117,1594000
2005-01-04,39.41999816894531,39.70000076293945,39.099998474121094,39.220001220703125,16.563446044921875,1186000
2005-01-05,39.220001220703125,39.41999816894531,38.81999969482422,38.900001525878906,16.42831802368164,1007300
2005-01-06,39.15999984741211,39.15999984741211,38.81999969482422,38.90999984741211,16.43253517150879,595400
2005-01-07,38.95000076293945,39.09000015258789,38.29999923706055,38.5,16.259376525878906,1245700
2005-01-10,38.630001068115234,38.650001525878906,38.22999954223633,38.29999923706055,16.174911499023438,1615600
2005-01-11,38.470001220703125,38.58000183105469,37.70000076293945,38.2599983215332,16.158016204833984,1594600
2005-01-12,38.349998474121094,38.41999816894531,37.900001525878906,38.29999923706055,16.174911499023438,1348100
2005-01-13,38.400001525878906,39.06999969482422,38.209999084472656,38.79999923706055,16.38608169555664,1235600
2005-01-14,38.90999984741211,39.15999984741211,38.41999816894531,39.119998931884766,16.521215438842773,773900
2005-01-18,39.20000076293945,39.59000015258789,38.849998474121094,39.41999816894531,16.647918701171875,848500
2005-01-19,39.560001373291016,39.68000030517578,39.20000076293945,39.29999923706055,16.59723472595215,580900
2005-01-20,39.439998626708984,39.470001220703125,38.7599983215332,38.849998474121094,16.407190322875977,871800
2005-01-21,38.97999954223633,39.08000183105469,38.540000915527344,38.7400016784668,16.360736846923828,1303100
2005-01-24,38.880001068115234,39.540000915527344,38.630001068115234,39.2400016784668,16.571895599365234,945000
2005-01-25,39.13999938964844,39.400001525878906,38.959999084472656,38.97999954223633,16.46209144592285,569600
2005-01-26,39.25,39.939998626708984,38.9900016784668,39.810001373291016,16.8126220703125,892200
2005-01-27,39.959999084472656,40.06999969482422,39.709999084472656,40.0,16.89285659790039,1533900
2005-01-28,40.130001068115234,40.130001068115234,39.130001068115234,39.400001525878906,16.63946533203125,919200
2005-01-31,39.790000915527344,39.79999923706055,39.41999816894531,39.7599983215332,16.791500091552734,1149200
2005-02-01,39.900001525878906,40.099998474121094,39.61000061035156,40.0,16.89285659790039,1084600
2005-02-02,40.150001525878906,40.36000061035156,39.91999816894531,40.36000061035156,17.044893264770508,1838500
2005-02-03,40.130001068115234,40.25,39.650001525878906,39.83000183105469,16.994976043701172,911300
2005-02-04,40.08000183105469,40.2400016784668,39.869998931884766,40.150001525878906,17.131507873535156,891000
2005-02-07,40.31999969482422,40.33000183105469,39.939998626708984,40.060001373291016,17.093109130859375,702500
2005-02-08,40.27000045776367,40.56999969482422,40.09000015258789,40.400001525878906,17.238187789916992,796700
2005-02-09,40.5,40.619998931884766,40.209999084472656,40.529998779296875,17.293649673461914,1065800
2005-02-10,40.75,40.97999954223633,40.58000183105469,40.91999816894531,17.460063934326172,889200
2005-02-11,40.9900016784668,41.11000061035156,40.65999984741211,41.06999969482422,17.524066925048828,1224500
2005-02-14,41.04999923706055,41.380001068115234,40.90999984741211,41.380001068115234,17.65634536743164,1198400
2005-02-15,41.54999923706055,41.97999954223633,40.7599983215332,41.220001220703125,17.58807373046875,2197500
2005-02-16,41.25,41.290000915527344,40.869998931884766,41.02000045776367,17.502737045288086,823200
2005-02-17,41.130001068115234,41.650001525878906,40.709999084472656,41.5,17.707544326782227,1418000
2005-02-18,41.5,41.5,40.630001068115234,40.66999816894531,17.353389739990234,1282100
2005-02-22,40.70000076293945,40.790000915527344,39.7599983215332,39.869998931884766,17.012041091918945,1577400
2005-02-23,40.20000076293945,40.79999923706055,39.959999084472656,40.380001068115234,17.229658126831055,1059600
2005-02-24,40.5,40.72999954223633,40.310001373291016,40.52000045776367,17.289390563964844,1402400
2005-02-25,40.66999816894531,41.209999084472656,40.5099983215332,41.119998931884766,17.545400619506836,1057400
2005-02-28,41.27000045776367,41.43000030517578,40.90999984741211,41.2400016784668,17.596601486206055,1393300
2005-03-01,41.45000076293945,41.66999816894531,41.16999816894531,41.58000183105469,17.741680145263672,1814000
2005-03-02,41.59000015258789,41.849998474121094,41.060001373291016,41.2400016784668,17.596601486206055,1022800
2005-03-03,41.439998626708984,41.54999923706055,41.15999984741211,41.279998779296875,17.61366844177246,876100
2005-03-04,41.779998779296875,41.959999084472656,41.45000076293945,41.470001220703125,17.694738388061523,1395100
2005-03-07,41.68000030517578,42.09000015258789,41.58000183105469,41.77000045776367,17.82275390625,1367400
2005-03-08,41.849998474121094,41.849998474121094,41.310001373291016,41.58000183105469,17.741680145263672,860600
2005-03-09,41.54999923706055,41.560001373291016,40.47999954223633,40.52000045776367,17.289390563964844,1109300
2005-03-10,40.68000030517578,41.189998626708984,40.18000030517578,41.18000030517578,17.571006774902344,1139900
2005-03-11,41.18000030517578,41.400001525878906,40.59000015258789,40.59000015258789,17.319259643554688,779300
2005-03-14,40.70000076293945,42.02000045776367,40.70000076293945,42.02000045776367,17.92942237854004,1281600
2005-03-15,42.099998474121094,42.36000061035156,41.5099983215332,41.83000183105469,17.848350524902344,1087000
2005-03-16,41.849998474121094,42.060001373291016,41.34000015258789,41.630001068115234,17.76300811767578,2075700
2005-03-17,41.83000183105469,41.939998626708984,41.43000030517578,41.68000030517578,17.784345626831055,632100
2005-03-18,41.77000045776367,42.18000030517578,41.119998931884766,41.349998474121094,17.643539428710938,1747300
2005-03-21,41.400001525878906,41.560001373291016,41.0099983215332,41.20000076293945,17.57953643798828,741200
2005-03-22,41.43000030517578,41.56999969482422,40.560001373291016,40.689998626708984,17.361923217773438,1501500
2005-03-23,40.689998626708984,40.79999923706055,39.810001373291016,40.47999954223633,17.272315979003906,1213300
2005-03-24,40.619998931884766,41.04999923706055,40.5,40.810001373291016,17.413131713867188,1032600
2005-03-28,41.060001373291016,41.13999938964844,40.84000015258789,40.86000061035156,17.434465408325195,641500
2005-03-29,40.900001525878906,41.43000030517578,40.47999954223633,40.709999084472656,17.370458602905273,1286600
2005-03-30,40.810001373291016,41.41999816894531,40.790000915527344,41.16999816894531,17.566740036010742,1052200
2005-03-31,41.34000015258789,42.0099983215332,41.189998626708984,41.95000076293945,17.899555206298828,1538800
2005-04-01,42.279998779296875,42.54999923706055,41.650001525878906,41.970001220703125,17.908082962036133,1655700
2005-04-04,41.86000061035156,42.11000061035156,41.5,41.95000076293945,17.899555206298828,1089700
2005-04-05,41.97999954223633,42.290000915527344,41.81999969482422,42.04999923706055,17.942216873168945,928100
2005-04-06,42.209999084472656,42.25,41.599998474121094,41.61000061035156,17.754478454589844,950300
2005-04-07,41.779998779296875,41.93000030517578,41.529998779296875,41.900001525878906,17.87820816040039,948600
2005-04-08,42.04999923706055,42.04999923706055,41.47999954223633,41.599998474121094,17.750205993652344,731000
2005-04-11,41.7400016784668,42.13999938964844,41.560001373291016,42.0,17.9208927154541,1062300
2005-04-12,42.0,42.75,41.79999923706055,42.709999084472656,18.223834991455078,1468000
2005-04-13,42.72999954223633,42.72999954223633,42.11000061035156,42.25,18.02756118774414,832400
2005-04-14,42.189998626708984,42.36000061035156,41.93000030517578,42.0,17.9208927154541,1033600
2005-04-15,42.25,42.33000183105469,41.0,41.22999954223633,17.592334747314453,977300
2005-04-18,41.09000015258789,41.720001220703125,40.75,41.58000183105469,17.741680145263672,857400
2005-04-19,41.529998779296875,41.7599983215332,41.18000030517578,41.5099983215332,17.71180534362793,886100
2005-04-20,41.20000076293945,41.619998931884766,41.0099983215332,41.150001525878906,17.558204650878906,707200
2005-04-21,41.380001068115234,42.09000015258789,41.20000076293945,41.970001220703125,17.908082962036133,1513100
2005-04-22,41.970001220703125,42.380001068115234,41.790000915527344,42.380001068115234,18.083023071289062,1164000
2005-04-25,42.439998626708984,42.779998779296875,42.400001525878906,42.7400016784668,18.236635208129883,754500
2005-04-26,42.4900016784668,42.790000915527344,42.380001068115234,42.52000045776367,18.142759323120117,932600
2005-04-27,42.54999923706055,43.099998474121094,41.75,42.869998931884766,18.292098999023438,1156700
2005-04-28,42.650001525878906,43.43000030517578,42.40999984741211,42.84000015258789,18.279298782348633,1385400
2005-04-29,42.84000015258789,43.65999984741211,42.689998626708984,43.52000045776367,18.56945037841797,945500
2005-05-02,43.63999938964844,43.880001068115234,42.90999984741211,43.290000915527344,18.471315383911133,1751200
2005-05-03,43.290000915527344,43.93000030517578,43.06999969482422,43.709999084472656,18.650527954101562,1613500
2005-05-04,43.470001220703125,43.630001068115234,42.70000076293945,42.83000183105469,18.449365615844727,1439600
2005-05-05,42.83000183105469,43.29999923706055,42.77000045776367,43.18000030517578,18.600128173828125,829600
2005-05-06,43.18000030517578,43.29999923706055,42.709999084472656,42.75,18.414899826049805,989000
2005-05-09,43.25,43.70000076293945,42.349998474121094,43.560001373291016,18.763809204101562,1640500
2005-05-10,43.34000015258789,43.52000045776367,43.16999816894531,43.459999084472656,18.720735549926758,958000
2005-05-11,43.56999969482422,44.2400016784668,43.2400016784668,44.189998626708984,19.035192489624023,1011000
2005-05-12,44.0,44.400001525878906,43.880001068115234,44.25,19.061033248901367,2352200
2005-05-13,44.43000030517578,44.459999084472656,43.040000915527344,43.720001220703125,18.83273696899414,1929900
2005-05-16,43.779998779296875,43.849998474121094,43.130001068115234,43.75,18.84565544128418,1607300
2005-05-17,43.47999954223633,44.11000061035156,43.36000061035156,44.0099983215332,18.957651138305664,1531200
2005-05-18,44.150001525878906,44.29999923706055,43.83000183105469,44.04999923706055,18.974878311157227,1323400
2005-05-19,44.150001525878906,44.29999923706055,43.86000061035156,44.0,18.953344345092773,880300
2005-05-20,44.150001525878906,44.220001220703125,43.93000030517578,44.119998931884766,19.005029678344727,925200
2005-05-23,44.119998931884766,44.189998626708984,43.79999923706055,44.15999984741211,19.022260665893555,1369100
2005-05-24,44.34000015258789,44.369998931884766,43.75,44.08000183105469,18.9877986907959,802600
2005-05-25,44.06999969482422,44.08000183105469,43.560001373291016,43.790000915527344,18.862886428833008,1884500
2005-05-26,44.06999969482422,44.09000015258789,43.81999969482422,44.0,18.953344345092773,1027600
2005-05-27,44.11000061035156,44.349998474121094,43.97999954223633,44.29999923706055,19.082571029663086,1426900
2005-05-31,44.31999969482422,44.560001373291016,44.16999816894531,44.29999923706055,19.082571029663086,1829900
2005-06-01,44.43000030517578,44.880001068115234,44.25,44.56999969482422,19.198877334594727,1379300
2005-06-02,45.5,45.5,45.040000915527344,45.349998474121094,19.53486442565918,2249400
2005-06-03,45.619998931884766,45.79999923706055,45.0,45.0,19.384105682373047,3118500
2005-06-06,45.209999084472656,45.38999938964844,44.90999984741211,45.06999969482422,19.414255142211914,1721800
2005-06-07,45.16999816894531,45.58000183105469,45.04999923706055,45.40999984741211,19.56071662902832,1418700
2005-06-08,45.56999969482422,45.72999954223633,45.06999969482422,45.08000183105469,19.41856575012207,920200
2005-06-09,45.2400016784668,45.2400016784668,44.88999938964844,45.150001525878906,19.448720932006836,1065200
2005-06-10,45.2599983215332,45.2599983215332,44.81999969482422,44.97999954223633,19.3754825592041,1028100
2005-06-13,44.95000076293945,45.220001220703125,44.83000183105469,44.86000061035156,19.323795318603516,1182400
2005-06-14,44.95000076293945,45.70000076293945,44.93000030517578,45.5,19.59947967529297,933200
2005-06-15,45.599998474121094,45.619998931884766,44.79999923706055,45.43000030517578,19.569332122802734,1297200
2005-06-16,45.5,45.63999938964844,45.15999984741211,45.599998474121094,19.642562866210938,798500
2005-06-17,48.0,48.0,46.54999923706055,47.130001068115234,20.301616668701172,2125400
2005-06-20,47.099998474121094,47.11000061035156,46.599998474121094,46.83000183105469,20.172380447387695,1073100
2005-06-21,46.790000915527344,47.04999923706055,46.689998626708984,47.040000915527344,20.262847900390625,618800
2005-06-22,47.310001373291016,47.400001525878906,46.90999984741211,47.380001068115234,20.40931510925293,1101500
2005-06-23,47.380001068115234,47.959999084472656,47.27000045776367,47.869998931884766,20.620378494262695,1059700
2005-06-24,47.880001068115234,48.150001525878906,47.560001373291016,47.56999969482422,20.491146087646484,1256100
2005-06-27,47.47999954223633,47.7400016784668,47.060001373291016,47.7400016784668,20.56437873840332,1061000
2005-06-28,47.709999084472656,48.68000030517578,47.65999984741211,48.630001068115234,20.9477596282959,1298200
2005-06-29,48.959999084472656,48.959999084472656,48.189998626708984,48.66999816894531,20.964977264404297,876600
2005-06-30,48.56999969482422,48.90999984741211,48.0099983215332,48.11000061035156,20.723752975463867,861100
2005-07-01,48.36000061035156,48.849998474121094,48.349998474121094,48.709999084472656,20.98221206665039,840100
2005-07-05,48.47999954223633,48.709999084472656,48.119998931884766,48.5099983215332,20.89605712890625,1114800
2005-07-06,48.33000183105469,48.869998931884766,48.0099983215332,48.029998779296875,20.68929672241211,1596100
2005-07-07,47.70000076293945,48.380001068115234,47.459999084472656,48.369998931884766,20.83574867248535,719500
2005-07-08,48.369998931884766,49.09000015258789,48.220001220703125,49.02000045776367,21.11574363708496,522000
2005-07-11,48.900001525878906,49.63999938964844,48.900001525878906,49.630001068115234,21.378517150878906,1047100
2005-07-12,49.439998626708984,49.70000076293945,49.290000915527344,49.52000045776367,21.331127166748047,1009000
2005-07-13,49.52000045776367,49.77000045776367,49.38999938964844,49.5,21.322513580322266,745200
2005-07-14,49.54999923706055,49.93000030517578,49.099998474121094,49.209999084472656,21.197599411010742,1013700
2005-07-15,49.209999084472656,49.38999938964844,48.91999816894531,48.970001220703125,21.094205856323242,1191500
2005-07-18,48.95000076293945,49.25,48.93000030517578,49.119998931884766,21.158824920654297,635900
2005-07-19,49.2400016784668,49.5,48.97999954223633,49.34000015258789,21.25359344482422,1176100
2005-07-20,49.31999969482422,49.7400016784668,49.20000076293945,49.58000183105469,21.356975555419922,1261300
2005-07-21,49.630001068115234,49.72999954223633,48.88999938964844,49.18000030517578,21.184669494628906,1245400
2005-07-22,49.20000076293945,49.63999938964844,49.08000183105469,49.63999938964844,21.382822036743164,527600
2005-07-25,49.43000030517578,49.7599983215332,49.040000915527344,49.040000915527344,21.124366760253906,891800
2005-07-26,48.70000076293945,49.27000045776367,48.70000076293945,49.0,21.10713768005371,826500
2005-07-27,50.099998474121094,50.45000076293945,49.779998779296875,50.0,21.53789710998535,1523100
2005-07-28,50.0,50.189998626708984,49.72999954223633,50.0,21.53789710998535,819300
2005-07-29,49.68000030517578,50.13999938964844,49.65999984741211,49.779998779296875,21.44313621520996,1217900
2005-08-01,49.900001525878906,49.97999954223633,48.88999938964844,49.0,21.10713768005371,998600
2005-08-02,49.16999816894531,49.83000183105469,49.16999816894531,49.650001525878906,21.387126922607422,1742300
2005-08-03,49.34000015258789,50.290000915527344,49.29999923706055,49.65999984741211,21.570871353149414,1757000
2005-08-04,49.47999954223633,49.880001068115234,49.310001373291016,49.880001068115234,21.66642951965332,1017800
2005-08-05,49.880001068115234,49.880001068115234,49.2400016784668,49.5099983215332,21.50571060180664,1295700
2005-08-08,49.70000076293945,49.790000915527344,48.83000183105469,48.95000076293945,21.26245880126953,1298500
2005-08-09,49.18000030517578,49.75,49.18000030517578,49.709999084472656,21.592575073242188,963100
2005-08-10,49.849998474121094,50.7400016784668,49.56999969482422,49.720001220703125,21.596927642822266,880600
2005-08-11,49.68000030517578,50.439998626708984,49.599998474121094,50.06999969482422,21.748952865600586,669400
2005-08-12,49.90999984741211,50.0,49.209999084472656,49.720001220703125,21.596927642822266,651300
2005-08-15,49.72999954223633,49.900001525878906,49.38999938964844,49.68000030517578,21.579553604125977,552800
2005-08-16,49.47999954223633,49.779998779296875,48.970001220703125,49.02000045776367,21.292865753173828,582300
2005-08-17,48.900001525878906,49.18000030517578,48.40999984741211,48.86000061035156,21.223373413085938,600400
2005-08-18,48.869998931884766,49.470001220703125,48.540000915527344,49.220001220703125,21.379745483398438,915500
2005-08-19,49.400001525878906,49.45000076293945,48.959999084472656,49.060001373291016,21.31024742126465,538000
2005-08-22,49.18000030517578,49.599998474121094,49.04999923706055,49.540000915527344,21.518747329711914,768300
2005-08-23,49.779998779296875,50.31999969482422,49.720001220703125,50.04999923706055,21.74027442932129,1076700
2005-08-24,50.04999923706055,50.779998779296875,49.900001525878906,49.939998626708984,21.692485809326172,1100500
2005-08-25,50.20000076293945,50.68000030517578,50.02000045776367,50.650001525878906,22.00089454650879,1070600
2005-08-26,50.63999938964844,50.75,50.08000183105469,50.40999984741211,21.896642684936523,863800
2005-08-29,50.279998779296875,50.81999969482422,50.029998779296875,50.81999969482422,22.074739456176758,645900
2005-08-30,50.7400016784668,51.040000915527344,50.11000061035156,50.66999816894531,22.009584426879883,1489400
2005-08-31,50.70000076293945,51.11000061035156,50.400001525878906,51.029998779296875,22.165950775146484,967700
2005-09-01,51.15999984741211,51.959999084472656,50.70000076293945,51.849998474121094,22.522146224975586,1047700
2005-09-02,51.849998474121094,52.33000183105469,51.61000061035156,51.900001525878906,22.543859481811523,1251600
2005-09-06,51.95000076293945,52.45000076293945,51.95000076293945,52.29999923706055,22.717599868774414,664900
2005-09-07,52.29999923706055,53.0,52.13999938964844,52.47999954223633,22.795787811279297,811300
2005-09-08,52.47999954223633,52.72999954223633,52.04999923706055,52.150001525878906,22.652450561523438,945500
2005-09-09,52.029998779296875,52.75,51.97999954223633,52.72999954223633,22.904382705688477,785600
2005-09-12,52.470001220703125,52.63999938964844,51.959999084472656,52.16999816894531,22.6611328125,1138500
2005-09-13,51.88999938964844,52.20000076293945,51.619998931884766,51.900001525878906,22.543859481811523,1086100
2005-09-14,51.900001525878906,52.099998474121094,51.619998931884766,51.91999816894531,22.55254364013672,715700
2005-09-15,51.81999969482422,52.31999969482422,51.77000045776367,52.31999969482422,22.726287841796875,791600
2005-09-16,52.560001373291016,52.709999084472656,52.11000061035156,52.66999816894531,22.878324508666992,1335500
2005-09-19,52.63999938964844,52.86000061035156,52.310001373291016,52.54999923706055,22.82619285583496,1085300
2005-09-20,52.54999923706055,52.810001373291016,51.900001525878906,52.040000915527344,22.604663848876953,1079900
2005-09-21,52.189998626708984,52.439998626708984,50.970001220703125,51.5,22.3701171875,706300
2005-09-22,51.189998626708984,51.619998931884766,50.709999084472656,51.0,22.152921676635742,1527000
2005-09-23,50.72999954223633,51.0,50.38999938964844,50.529998779296875,21.948760986328125,1387600
2005-09-26,50.58000183105469,50.83000183105469,50.349998474121094,50.68000030517578,22.013927459716797,4259600
2005-09-27,50.79999923706055,51.29999923706055,50.54999923706055,51.279998779296875,22.27454376220703,1128800
2005-09-28,51.52000045776367,51.68000030517578,50.790000915527344,51.349998474121094,22.304960250854492,1106400
2005-09-29,51.36000061035156,52.5099983215332,51.25,52.13999938964844,22.648107528686523,1511100
2005-09-30,52.09000015258789,52.400001525878906,51.790000915527344,52.119998931884766,22.639419555664062,842600
2005-10-03,52.130001068115234,52.79999923706055,52.060001373291016,52.20000076293945,22.67416763305664,1708600
2005-10-04,52.900001525878906,53.36000061035156,52.130001068115234,52.150001525878906,22.652450561523438,1741500
2005-10-05,52.310001373291016,52.4900016784668,50.7599983215332,50.84000015258789,22.083425521850586,1087200
2005-10-06,51.20000076293945,51.20000076293945,49.61000061035156,50.369998931884766,21.8792724609375,1940500
2005-10-07,50.75,50.9900016784668,50.310001373291016,50.7599983215332,22.048675537109375,907800
2005-10-10,50.849998474121094,50.849998474121094,49.68000030517578,49.81999969482422,21.640371322631836,1150600
2005-10-11,49.599998474121094,50.290000915527344,49.599998474121094,49.689998626708984,21.58389663696289,1026000
2005-10-12,49.709999084472656,50.06999969482422,48.84000015258789,49.099998474121094,21.327625274658203,1066400
2005-10-13,48.83000183105469,49.16999816894531,47.880001068115234,48.31999969482422,20.98881721496582,1096100
2005-10-14,48.75,48.75,48.13999938964844,48.29999923706055,20.98012924194336,1225500
2005-10-17,48.29999923706055,48.7599983215332,47.83000183105469,48.7599983215332,21.1799373626709,1929400
2005-10-18,48.650001525878906,48.81999969482422,47.84000015258789,47.91999816894531,20.815059661865234,954500
2005-10-19,48.0,48.0,46.81999969482422,47.70000076293945,20.719507217407227,1577000
2005-10-20,47.599998474121094,47.70000076293945,46.13999938964844,46.38999938964844,20.15047264099121,1574900
2005-10-21,46.63999938964844,47.0,45.939998626708984,46.18000030517578,20.059249877929688,2786600
2005-10-24,46.4900016784668,46.900001525878906,46.22999954223633,46.70000076293945,20.285133361816406,1756200
2005-10-25,47.95000076293945,48.0099983215332,46.5,46.86000061035156,20.354633331298828,2572400
2005-10-26,46.86000061035156,47.0,46.16999816894531,46.4900016784668,20.19390869140625,2232900
2005-10-27,46.650001525878906,46.90999984741211,46.34000015258789,46.400001525878906,20.154821395874023,1977000
2005-10-28,46.45000076293945,47.04999923706055,46.45000076293945,46.939998626708984,20.389381408691406,2460300
2005-10-31,47.290000915527344,47.79999923706055,47.2400016784668,47.5,20.632631301879883,2656500
2005-11-01,47.5,47.5,46.380001068115234,46.400001525878906,20.154821395874023,1546700
2005-11-02,46.29999923706055,46.56999969482422,45.779998779296875,46.56999969482422,20.228666305541992,2400100
2005-11-03,46.47999954223633,46.540000915527344,46.02000045776367,46.130001068115234,20.224281311035156,2178000
2005-11-04,46.380001068115234,46.560001373291016,45.939998626708984,46.33000183105469,20.311954498291016,1343500
2005-11-07,46.29999923706055,46.529998779296875,45.90999984741211,46.220001220703125,20.263734817504883,1448900
2005-11-08,46.099998474121094,46.560001373291016,45.95000076293945,46.18000030517578,20.246196746826172,1192600
2005-11-09,46.099998474121094,46.70000076293945,46.099998474121094,46.5,20.38649559020996,2482500
2005-11-10,46.599998474121094,46.91999816894531,46.279998779296875,46.849998474121094,20.53994369506836,1277100
2005-11-11,46.84000015258789,46.900001525878906,46.11000061035156,46.45000076293945,20.36457633972168,755400
2005-11-14,46.5099983215332,46.689998626708984,46.20000076293945,46.349998474121094,20.32073211669922,1146600
2005-11-15,46.4900016784668,46.75,46.16999816894531,46.290000915527344,20.2944278717041,1555800
2005-11-16,46.459999084472656,46.63999938964844,46.29999923706055,46.349998474121094,20.32073211669922,757700
2005-11-17,46.43000030517578,47.04999923706055,46.40999984741211,46.900001525878906,20.561864852905273,1045600
2005-11-18,47.20000076293945,47.25,46.400001525878906,46.84000015258789,20.535558700561523,1472600
2005-11-21,46.86000061035156,47.09000015258789,46.58000183105469,46.66999816894531,20.46101951599121,1995400
2005-11-22,46.72999954223633,46.9900016784668,46.41999816894531,46.58000183105469,20.42156410217285,1310900
2005-11-23,46.54999923706055,47.13999938964844,46.45000076293945,46.95000076293945,20.583786010742188,1509500
2005-11-25,47.119998931884766,47.20000076293945,46.79999923706055,47.099998474121094,20.649532318115234,187900
2005-11-28,47.209999084472656,47.27000045776367,46.540000915527344,46.619998931884766,20.4390926361084,1699400
2005-11-29,47.0,47.16999816894531,46.79999923706055,47.04999923706055,20.62763023376465,1761100
2005-11-30,47.54999923706055,47.66999816894531,46.90999984741211,46.959999084472656,20.58816146850586,1962200
2005-12-01,47.16999816894531,47.290000915527344,46.95000076293945,47.0,20.60569953918457,1395100
2005-12-02,47.0,47.04999923706055,46.790000915527344,46.83000183105469,20.53116798400879,950700
2005-12-05,47.29999923706055,47.310001373291016,46.91999816894531,47.22999954223633,20.706533432006836,1506400
2005-12-06,47.279998779296875,47.560001373291016,47.130001068115234,47.16999816894531,20.68023109436035,1270200
2005-12-07,47.15999984741211,47.540000915527344,46.72999954223633,46.849998474121094,20.53994369506836,1107000
2005-12-08,46.849998474121094,47.56999969482422,46.790000915527344,47.400001525878906,20.781070709228516,1106000
2005-12-09,47.33000183105469,48.0,47.33000183105469,47.91999816894531,21.00904655456543,700500
2005-12-12,48.099998474121094,48.290000915527344,47.5,47.619998931884766,20.877521514892578,857100
2005-12-13,47.52000045776367,48.16999816894531,47.45000076293945,48.09000015258789,21.083580017089844,959300
2005-12-14,48.349998474121094,48.97999954223633,48.349998474121094,48.970001220703125,21.469383239746094,1329500
2005-12-15,48.970001220703125,49.849998474121094,48.95000076293945,49.61000061035156,21.749975204467773,1902900
2005-12-16,49.75,49.900001525878906,49.54999923706055,49.650001525878906,21.767513275146484,1072800
2005-12-19,49.5,49.650001525878906,48.9900016784668,49.119998931884766,21.53515625,807300
2005-12-20,49.15999984741211,49.439998626708984,48.959999084472656,49.310001373291016,21.61844825744629,1105900
2005-12-21,49.310001373291016,49.43000030517578,48.70000076293945,48.77000045776367,21.381696701049805,896900
2005-12-22,48.95000076293945,49.27000045776367,48.77000045776367,49.27000045776367,21.600919723510742,1252300
2005-12-23,49.27000045776367,49.65999984741211,49.189998626708984,49.58000183105469,21.736825942993164,662200
2005-12-27,49.779998779296875,50.02000045776367,49.63999938964844,49.72999954223633,21.80258560180664,845500
2005-12-28,49.79999923706055,50.06999969482422,49.33000183105469,49.47999954223633,21.692981719970703,940900
2005-12-29,49.36000061035156,49.689998626708984,49.060001373291016,49.220001220703125,21.578998565673828,684100
2005-12-30,49.04999923706055,49.11000061035156,48.75,48.9900016784668,21.47815704345703,742500
2006-01-03,49.18000030517578,50.040000915527344,48.810001373291016,50.029998779296875,21.934114456176758,936400
2006-01-04,50.029998779296875,50.56999969482422,49.7599983215332,50.5,22.140169143676758,1735800
2006-01-05,50.56999969482422,50.84000015258789,50.400001525878906,50.56999969482422,22.170854568481445,2032200
2006-01-06,51.0,51.220001220703125,50.650001525878906,51.060001373291016,22.385692596435547,1148100
2006-01-09,51.060001373291016,51.380001068115234,50.9900016784668,51.310001373291016,22.49527931213379,713500
2006-01-10,51.279998779296875,51.33000183105469,50.97999954223633,51.20000076293945,22.447059631347656,907200
2006-01-11,51.27000045776367,51.40999984741211,50.95000076293945,51.04999923706055,22.381303787231445,1151100
2006-01-12,50.939998626708984,51.09000015258789,50.720001220703125,50.79999923706055,22.271684646606445,1205100
2006-01-13,50.810001373291016,51.0,50.540000915527344,50.75,22.24976921081543,1100000
2006-01-17,50.599998474121094,51.45000076293945,50.599998474121094,51.439998626708984,22.552284240722656,835800
2006-01-18,51.439998626708984,51.70000076293945,50.900001525878906,51.11000061035156,22.40760040283203,1068100
2006-01-19,51.119998931884766,51.56999969482422,50.86000061035156,51.5099983215332,22.58296775817871,798400
2006-01-20,51.52000045776367,51.84000015258789,50.7599983215332,50.81999969482422,22.28045654296875,1234000
2006-01-23,50.72999954223633,51.16999816894531,50.72999954223633,51.099998474121094,22.403209686279297,507800
2006-01-24,51.189998626708984,51.630001068115234,51.13999938964844,51.619998931884766,22.63120460510254,1178300
2006-01-25,51.599998474121094,51.779998779296875,49.95000076293945,50.27000045776367,22.03933334350586,1869500
2006-01-26,51.22999954223633,52.0,49.900001525878906,50.36000061035156,22.078794479370117,989400
2006-01-27,50.38999938964844,51.119998931884766,50.38999938964844,50.58000183105469,22.175247192382812,1194900
2006-01-30,50.459999084472656,50.68000030517578,50.18000030517578,50.220001220703125,22.017412185668945,872500
2006-01-31,50.04999923706055,50.59000015258789,49.91999816894531,50.099998474121094,21.964794158935547,1124100
2006-02-01,50.099998474121094,50.2599983215332,49.619998931884766,50.25,22.030555725097656,903200
2006-02-02,50.310001373291016,50.310001373291016,49.040000915527344,49.369998931884766,21.644750595092773,1351600
2006-02-03,48.91999816894531,49.16999816894531,48.29999923706055,48.38999938964844,21.41025161743164,1418600
2006-02-06,48.33000183105469,48.93000030517578,48.290000915527344,48.86000061035156,21.618209838867188,604700
2006-02-07,48.650001525878906,48.90999984741211,48.099998474121094,48.25,21.34831428527832,1400400
2006-02-08,48.5,48.529998779296875,47.88999938964844,48.529998779296875,21.47219467163086,863300
2006-02-09,48.5,49.310001373291016,48.439998626708984,49.02000045776367,21.688997268676758,940200
2006-02-10,48.95000076293945,49.40999984741211,48.68000030517578,49.130001068115234,21.7376708984375,728200
2006-02-13,48.90999984741211,49.11000061035156,48.84000015258789,48.84000015258789,21.60935401916504,576900
2006-02-14,48.849998474121094,49.09000015258789,48.2400016784668,49.040000915527344,21.697851181030273,969300
2006-02-15,48.869998931884766,48.9900016784668,47.849998474121094,48.20000076293945,21.326181411743164,1536600
2006-02-16,48.040000915527344,49.0,47.75,48.88999938964844,21.631488800048828,1291700
2006-02-17,49.25,50.06999969482422,49.220001220703125,49.900001525878906,22.07835578918457,1844900
2006-02-21,50.220001220703125,50.86000061035156,49.650001525878906,49.90999984741211,22.08277702331543,1506000
2006-02-22,50.189998626708984,50.779998779296875,49.93000030517578,50.68000030517578,22.42346954345703,1501000
2006-02-23,50.4900016784668,50.630001068115234,49.810001373291016,49.95000076293945,22.100475311279297,1032400
2006-02-24,50.20000076293945,50.54999923706055,50.0099983215332,50.5,22.343833923339844,1077300
2006-02-27,50.5,51.290000915527344,50.470001220703125,51.13999938964844,22.626996994018555,1158600
2006-02-28,50.90999984741211,51.15999984741211,50.470001220703125,51.08000183105469,22.600452423095703,1380000
2006-03-01,51.22999954223633,51.22999954223633,50.61000061035156,51.0,22.56505012512207,1025900
2006-03-02,51.0099983215332,51.0099983215332,50.47999954223633,50.91999816894531,22.529661178588867,1148800
2006-03-03,50.54999923706055,51.380001068115234,50.54999923706055,51.040000915527344,22.582746505737305,1302800
2006-03-06,51.13999938964844,51.189998626708984,49.56999969482422,49.779998779296875,22.025278091430664,1660300
2006-03-07,49.75,49.93000030517578,49.31999969482422,49.68000030517578,21.98101806640625,1014300
2006-03-08,49.849998474121094,50.189998626708984,48.81999969482422,49.83000183105469,22.047391891479492,2253700
2006-03-09,49.900001525878906,49.95000076293945,49.130001068115234,49.2400016784668,21.786348342895508,1041300
2006-03-10,49.189998626708984,49.560001373291016,48.939998626708984,49.43000030517578,21.87040138244629,1543500
2006-03-13,49.43000030517578,49.79999923706055,49.16999816894531,49.75,22.011987686157227,1196200
2006-03-14,49.70000076293945,50.54999923706055,49.5,50.459999084472656,22.326128005981445,1139700
2006-03-15,50.40999984741211,51.34000015258789,50.290000915527344,51.029998779296875,22.578327178955078,1489500
2006-03-16,51.349998474121094,51.959999084472656,51.22999954223633,51.75,22.896892547607422,1104300
2006-03-17,52.119998931884766,52.16999816894531,51.560001373291016,51.7400016784668,22.892467498779297,1300700
2006-03-20,51.599998474121094,52.04999923706055,50.880001068115234,51.150001525878906,22.631425857543945,811100
2006-03-21,51.2599983215332,51.290000915527344,50.27000045776367,50.4900016784668,22.33940315246582,992200
2006-03-22,50.31999969482422,50.7599983215332,50.16999816894531,50.5,22.343833923339844,1591200
2006-03-23,50.54999923706055,50.61000061035156,50.209999084472656,50.33000183105469,22.26860809326172,2030100
2006-03-24,50.22999954223633,50.54999923706055,49.939998626708984,50.290000915527344,22.250905990600586,705900
2006-03-27,50.18000030517578,50.220001220703125,49.529998779296875,49.75,22.011987686157227,770000
2006-03-28,49.72999954223633,49.959999084472656,49.310001373291016,49.31999969482422,21.821731567382812,973600
2006-03-29,49.54999923706055,50.7400016784668,49.43000030517578,50.70000076293945,22.432310104370117,1335200
2006-03-30,50.29999923706055,51.189998626708984,49.720001220703125,49.9900016784668,22.118167877197266,1518200
2006-03-31,49.9900016784668,50.22999954223633,48.7599983215332,48.900001525878906,21.635906219482422,1808600
2006-04-03,48.880001068115234,49.650001525878906,48.77000045776367,48.81999969482422,21.600505828857422,1116000
2006-04-04,48.66999816894531,49.810001373291016,48.650001525878906,49.599998474121094,21.945621490478516,877500
2006-04-05,49.54999923706055,50.16999816894531,49.529998779296875,50.0,22.122604370117188,1460400
2006-04-06,49.709999084472656,49.939998626708984,49.040000915527344,49.540000915527344,21.919071197509766,1481400
2006-04-07,49.38999938964844,49.45000076293945,48.2400016784668,48.599998474121094,21.50316619873047,1197000
2006-04-10,48.58000183105469,49.09000015258789,48.47999954223633,48.88999938964844,21.631488800048828,1016400
2006-04-11,49.189998626708984,49.34000015258789,48.59000015258789,48.630001068115234,21.516441345214844,1464900
2006-04-12,48.630001068115234,49.13999938964844,48.619998931884766,49.13999938964844,21.74209213256836,758500
2006-04-13,49.13999938964844,49.33000183105469,48.849998474121094,48.880001068115234,21.627059936523438,1067000
2006-04-17,48.650001525878906,48.97999954223633,48.22999954223633,48.45000076293945,21.43680191040039,589200
2006-04-18,48.560001373291016,49.81999969482422,48.560001373291016,49.779998779296875,22.025278091430664,1479500
2006-04-19,49.689998626708984,50.11000061035156,49.40999984741211,49.849998474121094,22.056232452392578,840900
2006-04-20,49.79999923706055,50.72999954223633,49.79999923706055,50.310001373291016,22.2597599029541,729200
2006-04-21,50.63999938964844,50.810001373291016,50.15999984741211,50.31999969482422,22.264177322387695,817700
2006-04-24,50.0,50.13999938964844,49.63999938964844,50.029998779296875,22.135881423950195,1215900
2006-04-25,49.970001220703125,50.0,48.90999984741211,49.18000030517578,21.759790420532227,1299300
2006-04-26,49.18000030517578,49.47999954223633,48.68000030517578,49.439998626708984,21.87483024597168,1285000
2006-04-27,49.5,51.279998779296875,49.4900016784668,50.88999938964844,22.516380310058594,1884700
2006-04-28,50.900001525878906,51.11000061035156,50.369998931884766,50.709999084472656,22.43674087524414,1131400
2006-05-01,50.400001525878906,50.86000061035156,49.900001525878906,50.150001525878906,22.1889705657959,945200
2006-05-02,50.25,51.77000045776367,50.25,51.66999816894531,22.86149024963379,2977000
2006-05-03,50.849998474121094,51.2400016784668,50.849998474121094,51.0099983215332,22.76776123046875,2469500
2006-05-04,51.0099983215332,51.5,50.849998474121094,51.09000015258789,22.803476333618164,748000
2006-05-05,51.34000015258789,52.0,51.290000915527344,51.880001068115234,23.156089782714844,1168200
2006-05-08,51.52000045776367,51.970001220703125,51.0099983215332,51.970001220703125,23.196250915527344,1371000
2006-05-09,52.0,52.560001373291016,51.93000030517578,52.20000076293945,23.298912048339844,1837900
2006-05-10,52.08000183105469,52.4900016784668,51.939998626708984,52.2599983215332,23.325681686401367,1163300
2006-05-11,52.25,52.34000015258789,51.290000915527344,51.72999954223633,23.089130401611328,1118000
2006-05-12,51.54999923706055,52.0099983215332,51.31999969482422,51.529998779296875,22.999866485595703,1579200
2006-05-15,51.599998474121094,52.86000061035156,51.599998474121094,52.470001220703125,23.419422149658203,1299000
2006-05-16,52.5,53.209999084472656,52.400001525878906,52.97999954223633,23.647050857543945,1819100
2006-05-17,53.0,53.75,52.13999938964844,52.31999969482422,23.35247039794922,2401600
2006-05-18,52.66999816894531,52.91999816894531,52.33000183105469,52.4900016784668,23.42833709716797,1695000
2006-05-19,53.04999923706055,53.04999923706055,52.119998931884766,52.310001373291016,23.348012924194336,1938100
2006-05-22,52.18000030517578,53.349998474121094,52.130001068115234,52.9900016784668,23.65151596069336,1688400
2006-05-23,52.939998626708984,53.400001525878906,51.84000015258789,51.88999938964844,23.160537719726562,1121900
2006-05-24,51.689998626708984,52.40999984741211,51.20000076293945,52.02000045776367,23.21857261657715,1498900
2006-05-25,52.29999923706055,52.65999984741211,52.04999923706055,52.29999923706055,23.34354591369629,1487900
2006-05-26,52.70000076293945,52.75,52.2400016784668,52.65999984741211,23.504222869873047,803300
2006-05-30,52.40999984741211,52.91999816894531,51.900001525878906,51.90999984741211,23.169475555419922,1427600
2006-05-31,51.91999816894531,53.099998474121094,51.83000183105469,52.41999816894531,23.3971004486084,2288700
2006-06-01,52.25,52.790000915527344,52.220001220703125,52.45000076293945,23.41049575805664,1673600
2006-06-02,52.45000076293945,53.029998779296875,52.29999923706055,52.849998474121094,23.589027404785156,2033600
2006-06-05,52.79999923706055,53.25,52.27000045776367,52.439998626708984,23.406042098999023,2198800
2006-06-06,52.65999984741211,53.029998779296875,51.91999816894531,52.959999084472656,23.63812255859375,1880700
2006-06-07,52.900001525878906,53.369998931884766,52.599998474121094,53.209999084472656,23.749711990356445,1789300
2006-06-08,53.150001525878906,53.689998626708984,52.88999938964844,53.400001525878906,23.83452033996582,2016800
2006-06-09,53.25,53.939998626708984,53.099998474121094,53.72999954223633,23.981809616088867,1608500
2006-06-12,53.72999954223633,54.56999969482422,53.619998931884766,54.45000076293945,24.30316925048828,2385400
2006-06-13,54.5099983215332,54.5099983215332,52.900001525878906,53.25,23.76756477355957,2523200
2006-06-14,53.25,53.400001525878906,52.02000045776367,52.29999923706055,23.34354591369629,2130000
2006-06-15,52.540000915527344,52.72999954223633,52.209999084472656,52.560001373291016,23.459596633911133,1756700
2006-06-16,52.439998626708984,53.060001373291016,52.439998626708984,52.880001068115234,23.60242462158203,1686100
2006-06-19,52.869998931884766,52.97999954223633,51.970001220703125,52.209999084472656,23.30336570739746,975100
2006-06-20,52.150001525878906,52.9900016784668,52.0,52.97999954223633,23.647050857543945,1471300
2006-06-21,53.04999923706055,53.529998779296875,52.880001068115234,53.290000915527344,23.785430908203125,1405200
2006-06-22,53.18000030517578,53.18000030517578,52.33000183105469,52.720001220703125,23.531017303466797,1144300
2006-06-23,52.599998474121094,53.7599983215332,52.599998474121094,52.91999816894531,23.620277404785156,1005000
2006-06-26,52.93000030517578,53.58000183105469,52.93000030517578,53.310001373291016,23.794347763061523,832700
2006-06-27,53.16999816894531,53.810001373291016,52.59000015258789,52.79999923706055,23.566715240478516,928300
2006-06-28,52.91999816894531,53.83000183105469,52.880001068115234,53.619998931884766,23.932716369628906,1142100
2006-06-29,53.7400016784668,54.45000076293945,53.65999984741211,54.290000915527344,24.231767654418945,1326800
2006-06-30,54.290000915527344,54.540000915527344,54.119998931884766,54.209999084472656,24.196044921875,1202600
2006-07-03,54.54999923706055,54.689998626708984,54.18000030517578,54.54999923706055,24.34781837463379,424700
2006-07-05,54.560001373291016,55.029998779296875,54.13999938964844,54.18000030517578,24.182662963867188,1346200
2006-07-06,54.099998474121094,54.25,53.470001220703125,53.7599983215332,23.995210647583008,1264300
2006-07-07,53.7599983215332,54.040000915527344,53.61000061035156,53.7400016784668,23.986276626586914,1313900
2006-07-10,53.900001525878906,54.34000015258789,53.650001525878906,54.25,24.213912963867188,677900
2006-07-11,54.130001068115234,54.310001373291016,53.83000183105469,54.15999984741211,24.17373275756836,1533000
2006-07-12,54.16999816894531,54.31999969482422,53.68000030517578,53.75,23.990737915039062,1144200
2006-07-13,53.650001525878906,54.459999084472656,53.650001525878906,53.77000045776367,23.999658584594727,1685700
2006-07-14,53.689998626708984,54.33000183105469,53.4900016784668,53.880001068115234,24.048757553100586,1489000
2006-07-17,53.869998931884766,54.310001373291016,53.84000015258789,54.18000030517578,24.182662963867188,971800
2006-07-18,54.0,54.54999923706055,53.86000061035156,54.279998779296875,24.227296829223633,1422500
2006-07-19,54.349998474121094,55.63999938964844,54.349998474121094,55.5,24.771831512451172,1945300
2006-07-20,54.54999923706055,55.63999938964844,54.5,55.41999816894531,24.73611831665039,1667900
2006-07-21,55.939998626708984,56.2599983215332,54.810001373291016,55.2400016784668,24.655784606933594,2548300
2006-07-24,55.27000045776367,55.849998474121094,54.95000076293945,55.79999923706055,24.905725479125977,1553500
2006-07-25,55.79999923706055,55.90999984741211,55.20000076293945,55.720001220703125,24.87002944946289,1700100
2006-07-26,55.470001220703125,56.150001525878906,55.470001220703125,56.060001373291016,25.021791458129883,1852900
2006-07-27,56.189998626708984,56.560001373291016,55.439998626708984,55.45000076293945,24.749515533447266,2182600
2006-07-28,55.790000915527344,56.63999938964844,55.619998931884766,56.04999923706055,25.01731300354004,1885800
2006-07-31,55.88999938964844,56.310001373291016,55.7599983215332,56.0,24.995006561279297,1762100
2006-08-01,56.650001525878906,57.470001220703125,55.91999816894531,57.06999969482422,25.472583770751953,3416000
2006-08-02,57.45000076293945,57.45000076293945,56.31999969482422,56.560001373291016,25.24495506286621,1419400
2006-08-03,56.25,56.68000030517578,55.90999984741211,56.16999816894531,25.271955490112305,907300
2006-08-04,56.70000076293945,57.11000061035156,56.400001525878906,57.029998779296875,25.65888214111328,1341000
2006-08-07,57.02000045776367,57.029998779296875,55.65999984741211,55.66999816894531,25.0469913482666,1530400
2006-08-08,55.869998931884766,56.91999816894531,55.709999084472656,56.5,25.4204158782959,1201900
2006-08-09,56.869998931884766,56.95000076293945,56.36000061035156,56.439998626708984,25.393421173095703,844500
2006-08-10,56.400001525878906,56.560001373291016,55.91999816894531,56.16999816894531,25.271955490112305,1390900
2006-08-11,56.029998779296875,56.2400016784668,55.90999984741211,56.20000076293945,25.285446166992188,1077100
2006-08-14,56.47999954223633,56.599998474121094,56.060001373291016,56.08000183105469,25.23145866394043,1615400
2006-08-15,57.20000076293945,57.20000076293945,56.099998474121094,56.369998931884766,25.361923217773438,2178500
2006-08-16,56.58000183105469,56.63999938964844,55.88999938964844,55.959999084472656,25.177459716796875,1616200
2006-08-17,56.0,56.08000183105469,55.4900016784668,55.83000183105469,25.11897087097168,2182700
2006-08-18,55.81999969482422,56.18000030517578,55.66999816894531,56.15999984741211,25.267444610595703,1538000
2006-08-21,56.150001525878906,56.38999938964844,55.95000076293945,56.0099983215332,25.199962615966797,1322800
2006-08-22,56.08000183105469,56.38999938964844,55.959999084472656,56.369998931884766,25.361923217773438,1204700
2006-08-23,56.15999984741211,56.400001525878906,55.560001373291016,55.65999984741211,25.042478561401367,1088900
2006-08-24,55.880001068115234,56.33000183105469,55.7400016784668,56.15999984741211,25.267444610595703,1154100
2006-08-25,55.959999084472656,56.52000045776367,55.959999084472656,56.4900016784668,25.415916442871094,795200
2006-08-28,56.29999923706055,56.61000061035156,56.13999938964844,56.25,25.307933807373047,1492700
2006-08-29,56.29999923706055,56.560001373291016,55.95000076293945,56.400001525878906,25.375431060791016,1314600
2006-08-30,56.40999984741211,56.790000915527344,56.08000183105469,56.439998626708984,25.393421173095703,721000
2006-08-31,56.61000061035156,57.16999816894531,56.54999923706055,57.060001373291016,25.672374725341797,1109000
2006-09-01,57.400001525878906,57.5,57.04999923706055,57.13999938964844,25.708364486694336,1408000
2006-09-05,57.47999954223633,57.47999954223633,56.43000030517578,56.709999084472656,25.514896392822266,1943700
2006-09-06,56.70000076293945,56.709999084472656,56.060001373291016,56.099998474121094,25.24045181274414,962300
2006-09-07,56.099998474121094,56.41999816894531,55.91999816894531,56.0,25.195459365844727,1074200
2006-09-08,56.0,56.150001525878906,55.630001068115234,55.779998779296875,25.096471786499023,1238300
2006-09-11,55.779998779296875,56.56999969482422,55.599998474121094,56.5099983215332,25.424924850463867,1416900
2006-09-12,56.5099983215332,56.56999969482422,55.189998626708984,55.290000915527344,24.87601661682129,1910100
2006-09-13,55.18000030517578,55.939998626708984,55.060001373291016,55.88999938964844,25.145971298217773,1749900
2006-09-14,56.2400016784668,56.59000015258789,55.470001220703125,55.599998474121094,25.015491485595703,895200
2006-09-15,56.029998779296875,56.56999969482422,55.86000061035156,56.0,25.195459365844727,1761100
2006-09-18,55.9900016784668,56.380001068115234,55.7599983215332,56.2400016784668,25.303443908691406,1329800
2006-09-19,56.2400016784668,56.36000061035156,55.56999969482422,55.77000045776367,25.091976165771484,1658900
2006-09-20,55.79999923706055,56.040000915527344,55.439998626708984,55.45000076293945,24.947996139526367,1236600
2006-09-21,55.349998474121094,55.45000076293945,54.849998474121094,55.029998779296875,24.759042739868164,1840200
2006-09-22,55.029998779296875,55.41999816894531,54.86000061035156,55.04999923706055,24.76803970336914,1262600
2006-09-25,55.27000045776367,56.31999969482422,55.099998474121094,56.06999969482422,25.226953506469727,1248900
2006-09-26,56.119998931884766,56.2599983215332,55.779998779296875,55.849998474121094,25.12796974182129,765100
2006-09-27,55.84000015258789,56.86000061035156,55.54999923706055,56.7400016784668,25.52840232849121,1415300
2006-09-28,56.75,56.959999084472656,56.369998931884766,56.529998779296875,25.433914184570312,914000
2006-09-29,56.459999084472656,56.7400016784668,55.790000915527344,55.86000061035156,25.132463455200195,918100
2006-10-02,56.2400016784668,57.400001525878906,55.9900016784668,57.0099983215332,25.64987564086914,1692500
2006-10-03,57.0,57.97999954223633,56.619998931884766,57.5,25.870328903198242,1892900
2006-10-04,57.5099983215332,57.880001068115234,57.279998779296875,57.439998626708984,25.84333610534668,1822900
2006-10-05,57.45000076293945,57.72999954223633,57.380001068115234,57.65999984741211,25.942317962646484,670500
2006-10-06,57.65999984741211,57.70000076293945,56.9900016784668,57.119998931884766,25.699359893798828,863000
2006-10-09,57.34000015258789,57.459999084472656,56.77000045776367,56.86000061035156,25.582386016845703,1083600
2006-10-10,56.86000061035156,57.689998626708984,56.81999969482422,57.650001525878906,25.93781852722168,1479700
2006-10-11,57.650001525878906,58.099998474121094,57.349998474121094,57.77000045776367,25.99181365966797,938300
2006-10-12,57.77000045776367,57.900001525878906,57.47999954223633,57.77000045776367,25.99181365966797,883100
2006-10-13,57.77000045776367,58.060001373291016,57.599998474121094,57.97999954223633,26.086301803588867,866900
2006-10-16,58.099998474121094,58.15999984741211,57.310001373291016,57.790000915527344,26.000818252563477,904700
2006-10-17,57.810001373291016,58.380001068115234,57.709999084472656,58.33000183105469,26.2437686920166,1104300
2006-10-18,58.650001525878906,59.150001525878906,58.540000915527344,58.88999938964844,26.4957275390625,710600
2006-10-19,58.93000030517578,58.9900016784668,58.43000030517578,58.68000030517578,26.401243209838867,1243200
2006-10-20,58.880001068115234,58.900001525878906,58.5,58.810001373291016,26.459739685058594,1136600
2006-10-23,58.81999969482422,59.20000076293945,58.33000183105469,59.15999984741211,26.617206573486328,904600
2006-10-24,59.290000915527344,59.41999816894531,58.790000915527344,59.31999969482422,26.689186096191406,1393600
2006-10-25,59.31999969482422,60.40999984741211,59.31999969482422,59.93000030517578,26.96364402770996,1436600
2006-10-26,59.849998474121094,59.95000076293945,59.11000061035156,59.61000061035156,26.819664001464844,881100
2006-10-27,59.40999984741211,59.84000015258789,59.13999938964844,59.529998779296875,26.78367805480957,1011100
2006-10-30,59.86000061035156,59.95000076293945,58.83000183105469,58.900001525878906,26.50021743774414,1350100
2006-10-31,59.150001525878906,59.38999938964844,58.75,58.849998474121094,26.477731704711914,1616500
2006-11-01,58.900001525878906,59.41999816894531,58.810001373291016,59.310001373291016,26.684680938720703,1203300
2006-11-02,59.13999938964844,59.54999923706055,58.849998474121094,58.95000076293945,26.522722244262695,1083400
2006-11-03,58.5,58.7400016784668,57.619998931884766,57.880001068115234,26.241622924804688,1767900
2006-11-06,58.150001525878906,58.66999816894531,57.939998626708984,58.52000045776367,26.531789779663086,1063800
2006-11-07,58.56999969482422,59.20000076293945,58.459999084472656,58.61000061035156,26.57257652282715,1680800
2006-11-08,58.630001068115234,59.560001373291016,58.4900016784668,59.31999969482422,26.894489288330078,813100
2006-11-09,58.66999816894531,59.13999938964844,58.279998779296875,58.90999984741211,26.708599090576172,1266300
2006-11-10,59.099998474121094,59.20000076293945,58.900001525878906,59.0,26.74941062927246,1019200
2006-11-13,59.0,59.15999984741211,58.90999984741211,59.0,26.74941062927246,726300
2006-11-14,59.20000076293945,59.20000076293945,58.77000045776367,58.849998474121094,26.68140411376953,1469600
2006-11-15,58.95000076293945,58.97999954223633,58.13999938964844,58.150001525878906,26.364036560058594,2243400
2006-11-16,58.52000045776367,58.939998626708984,58.400001525878906,58.619998931884766,26.57712173461914,823100
2006-11-17,58.5,58.81999969482422,58.290000915527344,58.63999938964844,26.58619499206543,1051400
2006-11-20,58.47999954223633,58.709999084472656,58.2400016784668,58.4900016784668,26.5181884765625,905200
2006-11-21,58.5,59.0,58.5,58.88999938964844,26.699539184570312,1152700
2006-11-22,58.849998474121094,59.16999816894531,58.779998779296875,59.16999816894531,26.826480865478516,914600
2006-11-24,58.720001220703125,59.189998626708984,58.720001220703125,58.970001220703125,26.73579978942871,392100
2006-11-27,59.06999969482422,59.22999954223633,58.45000076293945,58.869998931884766,26.690460205078125,1452600
2006-11-28,58.849998474121094,59.380001068115234,58.66999816894531,58.959999084472656,26.73128890991211,1354800
2006-11-29,59.13999938964844,59.939998626708984,58.970001220703125,59.66999816894531,27.053171157836914,1440400
2006-11-30,59.880001068115234,60.0099983215332,59.47999954223633,59.84000015258789,27.130239486694336,1024100
2006-12-01,59.970001220703125,60.529998779296875,59.880001068115234,60.529998779296875,27.44308090209961,1225200
2006-12-04,60.75,61.0,60.59000015258789,60.720001220703125,27.529216766357422,860200
2006-12-05,60.869998931884766,61.33000183105469,60.63999938964844,61.29999923706055,27.79218101501465,983600
2006-12-06,61.29999923706055,61.529998779296875,60.779998779296875,60.86000061035156,27.592697143554688,1059900
2006-12-07,60.900001525878906,61.2400016784668,60.209999084472656,60.27000045776367,27.3252010345459,868900
2006-12-08,60.41999816894531,60.560001373291016,59.869998931884766,60.18000030517578,27.284399032592773,1252000
2006-12-11,60.189998626708984,60.56999969482422,60.18000030517578,60.529998779296875,27.44308090209961,709200
2006-12-12,60.75,61.0,60.5099983215332,60.90999984741211,27.615365982055664,1508700
2006-12-13,60.720001220703125,60.97999954223633,60.61000061035156,60.79999923706055,27.56549072265625,968300
2006-12-14,60.939998626708984,61.220001220703125,60.7400016784668,60.83000183105469,27.579097747802734,1131000
2006-12-15,61.70000076293945,61.70000076293945,60.5099983215332,60.849998474121094,27.588163375854492,2254700
2006-12-18,61.040000915527344,61.349998474121094,60.72999954223633,60.959999084472656,27.638032913208008,845200
2006-12-19,60.79999923706055,61.38999938964844,60.650001525878906,61.310001373291016,27.79671287536621,856700
2006-12-20,61.310001373291016,61.66999816894531,61.209999084472656,61.220001220703125,27.75592041015625,784100
2006-12-21,61.11000061035156,61.2400016784668,60.439998626708984,60.70000076293945,27.520145416259766,999700
2006-12-22,60.70000076293945,60.939998626708984,60.439998626708984,60.68000030517578,27.511091232299805,984700
2006-12-26,60.560001373291016,61.130001068115234,60.349998474121094,60.88999938964844,27.606304168701172,484400
2006-12-27,61.119998931884766,61.439998626708984,60.900001525878906,61.0099983215332,27.660701751708984,513900
2006-12-28,60.86000061035156,61.11000061035156,60.470001220703125,60.61000061035156,27.47934341430664,806300
2006-12-29,60.380001068115234,60.540000915527344,60.15999984741211,60.29999923706055,27.33880615234375,1032300
2007-01-03,60.45000076293945,61.22999954223633,60.2599983215332,60.459999084472656,27.41135597229004,1481300
2007-01-04,60.45000076293945,60.880001068115234,60.25,60.38999938964844,27.37960433959961,845700
2007-01-05,60.38999938964844,60.38999938964844,58.900001525878906,59.11000061035156,26.799278259277344,1370900
2007-01-08,59.0,59.47999954223633,58.709999084472656,59.0,26.74941062927246,2231600
2007-01-09,59.15999984741211,59.279998779296875,58.349998474121094,58.7400016784668,26.631528854370117,1510600
2007-01-10,58.599998474121094,58.869998931884766,58.4900016784668,58.66999816894531,26.599788665771484,1397600
2007-01-11,58.779998779296875,58.970001220703125,58.52000045776367,58.58000183105469,26.558982849121094,1355600
2007-01-12,58.400001525878906,58.54999923706055,57.77000045776367,57.9900016784668,26.29150390625,1681100
2007-01-16,57.91999816894531,58.25,57.880001068115234,58.060001373291016,26.3232364654541,1129200
2007-01-17,58.09000015258789,58.4900016784668,57.83000183105469,58.34000015258789,26.450180053710938,1159100
2007-01-18,58.4900016784668,58.72999954223633,58.13999938964844,58.18000030517578,26.377634048461914,847100
2007-01-19,58.5,58.77000045776367,58.33000183105469,58.56999969482422,26.554454803466797,1037500
2007-01-22,58.56999969482422,58.939998626708984,58.09000015258789,58.16999816894531,26.373111724853516,1785600
2007-01-23,58.08000183105469,58.22999954223633,57.880001068115234,57.900001525878906,26.250686645507812,1572700
2007-01-24,58.02000045776367,58.599998474121094,57.91999816894531,58.58000183105469,26.558982849121094,1126800
2007-01-25,58.59000015258789,58.79999923706055,58.349998474121094,58.380001068115234,26.46831703186035,789900
2007-01-26,59.099998474121094,59.290000915527344,58.400001525878906,58.900001525878906,26.70406723022461,1790500
2007-01-29,59.11000061035156,59.279998779296875,58.90999984741211,59.099998474121094,26.794742584228516,2057400
2007-01-30,59.20000076293945,59.4900016784668,59.0,59.31999969482422,26.894489288330078,1346500
2007-01-31,59.31999969482422,59.65999984741211,59.209999084472656,59.33000183105469,26.899023056030273,1215900
2007-02-01,59.36000061035156,60.650001525878906,59.36000061035156,60.56999969482422,27.461214065551758,2020400
2007-02-02,60.70000076293945,61.0,60.52000045776367,60.84000015258789,27.583637237548828,1670600
2007-02-05,60.4900016784668,62.16999816894531,60.45000076293945,61.63999938964844,28.177907943725586,1562300
2007-02-06,61.86000061035156,61.90999984741211,61.650001525878906,61.869998931884766,28.283058166503906,1104800
2007-02-07,61.869998931884766,62.5,61.650001525878906,62.290000915527344,28.475048065185547,1179900
2007-02-08,62.290000915527344,63.189998626708984,62.20000076293945,63.150001525878906,28.86817741394043,1168300
2007-02-09,63.619998931884766,64.3499984741211,63.0,63.150001525878906,28.86817741394043,2445700
2007-02-12,63.16999816894531,63.59000015258789,63.029998779296875,63.279998779296875,28.9276123046875,1377000
2007-02-13,63.54999923706055,63.59000015258789,63.22999954223633,63.439998626708984,29.00074577331543,1425700
2007-02-14,63.58000183105469,64.16999816894531,63.56999969482422,63.84000015258789,29.18360710144043,1391800
2007-02-15,63.84000015258789,64.02999877929688,63.34000015258789,63.470001220703125,29.01446533203125,1639400
2007-02-16,63.22999954223633,63.45000076293945,62.93000030517578,63.06999969482422,28.831602096557617,2261000
2007-02-20,64.25,64.25,63.41999816894531,63.77000045776367,29.1516056060791,1340600
2007-02-21,63.470001220703125,63.77000045776367,62.779998779296875,63.16999816894531,28.8773250579834,1223200
2007-02-22,63.18000030517578,63.72999954223633,63.02000045776367,63.380001068115234,28.973331451416016,926200
2007-02-23,63.08000183105469,63.65999984741211,63.06999969482422,63.5099983215332,29.03275489807129,963200
2007-02-26,65.5,66.29000091552734,64.31999969482422,64.62999725341797,29.544727325439453,2381800
2007-02-27,64.63999938964844,64.73999786376953,62.58000183105469,63.189998626708984,28.886463165283203,1853400
2007-02-28,63.0,63.5099983215332,62.34000015258789,62.56999969482422,28.603044509887695,2207800
2007-03-01,62.0,63.22999954223633,61.380001068115234,62.630001068115234,28.630470275878906,2321600
2007-03-02,62.5,62.59000015258789,61.650001525878906,61.650001525878906,28.182493209838867,1415900
2007-03-05,61.20000076293945,62.06999969482422,60.849998474121094,61.20000076293945,27.97677230834961,1863900
2007-03-06,61.29999923706055,62.18000030517578,61.2599983215332,61.95000076293945,28.31960678100586,1525800
2007-03-07,61.93000030517578,62.310001373291016,61.63999938964844,61.88999938964844,28.29219627380371,1762200
2007-03-08,62.20000076293945,62.41999816894531,61.90999984741211,62.0099983215332,28.347055435180664,743400
2007-03-09,62.83000183105469,62.83000183105469,61.959999084472656,62.27000045776367,28.465904235839844,987500
2007-03-12,62.16999816894531,62.81999969482422,61.970001220703125,62.81999969482422,28.71733283996582,864200
2007-03-13,62.45000076293945,62.95000076293945,61.7400016784668,61.81999969482422,28.26020050048828,1620000
2007-03-14,61.83000183105469,62.369998931884766,61.16999816894531,62.08000183105469,28.379039764404297,1592100
2007-03-15,61.83000183105469,62.779998779296875,61.56999969482422,62.54999923706055,28.59389877319336,1088900
2007-03-16,62.959999084472656,63.709999084472656,62.540000915527344,63.11000061035156,28.849895477294922,2365400
2007-03-19,63.36000061035156,63.7599983215332,62.7599983215332,63.529998779296875,29.041898727416992,1156800
2007-03-20,63.380001068115234,64.88999938964844,63.16999816894531,64.86000061035156,29.649879455566406,1648900
2007-03-21,64.72000122070312,66.0999984741211,64.29000091552734,65.68000030517578,30.024723052978516,2593500
2007-03-22,65.6500015258789,65.86000061035156,65.26000213623047,65.80000305175781,30.079593658447266,1592000
2007-03-23,65.5999984741211,66.0999984741211,65.33000183105469,66.05000305175781,30.193878173828125,1507100
2007-03-26,65.9000015258789,66.69999694824219,65.69999694824219,66.61000061035156,30.449878692626953,1944100
2007-03-27,66.36000061035156,66.55999755859375,65.7699966430664,66.2699966430664,30.29444122314453,1265200
2007-03-28,66.25,66.87999725341797,66.13999938964844,66.52999877929688,30.41330909729004,1357500
2007-03-29,65.77999877929688,66.9000015258789,65.77999877929688,66.81999969482422,30.545873641967773,1390300
2007-03-30,66.9000015258789,67.11000061035156,65.38999938964844,66.23999786376953,30.28073501586914,2072000
2007-04-02,66.33000183105469,68.0199966430664,66.16999816894531,67.80999755859375,30.99843406677246,1704300
2007-04-03,67.88999938964844,68.19000244140625,67.56999969482422,67.75,30.971012115478516,1804800
2007-04-04,67.62999725341797,68.0,67.2699966430664,67.38999938964844,30.806438446044922,1519300
2007-04-05,67.38999938964844,68.05000305175781,67.2699966430664,68.05000305175781,31.108150482177734,1318900
2007-04-09,68.12000274658203,68.79000091552734,68.12000274658203,68.25,31.19957733154297,1833000
2007-04-10,68.11000061035156,68.33000183105469,67.9800033569336,68.30999755859375,31.227014541625977,1085400
2007-04-11,68.2699966430664,68.41999816894531,68.0,68.16000366210938,31.15843963623047,1935100
2007-04-12,67.83999633789062,68.16999816894531,67.0,67.0199966430664,30.63730812072754,2513600
2007-04-13,67.0199966430664,67.11000061035156,66.69000244140625,66.98999786376953,30.623580932617188,1474400
2007-04-16,67.25,67.55000305175781,67.08999633789062,67.5,30.856719970703125,2176100
2007-04-17,67.41000366210938,68.16000366210938,67.33000183105469,67.5999984741211,30.902446746826172,2094300
2007-04-18,67.5,68.5,67.31999969482422,68.27999877929688,31.213287353515625,1937000
2007-04-19,69.0,69.0,67.68000030517578,67.94000244140625,31.057872772216797,1626200
2007-04-20,68.0999984741211,68.9000015258789,67.94000244140625,68.8499984741211,31.473859786987305,1721700
2007-04-23,69.08000183105469,69.69000244140625,69.0,69.2699966430664,31.665857315063477,1067300
2007-04-24,69.52999877929688,71.0199966430664,69.33999633789062,70.8499984741211,32.38813018798828,2328200
2007-04-25,70.9000015258789,71.45999908447266,70.73999786376953,71.2300033569336,32.56184387207031,1694300
2007-04-26,71.0,71.2699966430664,70.55000305175781,70.62999725341797,32.28756332397461,1345900
2007-04-27,70.2300033569336,70.29000091552734,69.37000274658203,69.87999725341797,31.9446964263916,1818100
2007-04-30,70.0,70.0999984741211,68.38999938964844,68.44000244140625,31.286434173583984,2514900
2007-05-01,68.63999938964844,69.62000274658203,68.41000366210938,69.55000305175781,31.793855667114258,1987200
2007-05-02,69.66000366210938,70.52999877929688,69.55999755859375,70.19000244140625,32.08642578125,1069300
2007-05-03,70.5199966430664,70.5199966430664,68.79000091552734,69.63999938964844,32.06340408325195,1318500
2007-05-04,69.6500015258789,69.9800033569336,69.5,69.83000183105469,32.1508903503418,1011400
2007-05-07,69.86000061035156,71.5199966430664,69.86000061035156,71.5199966430664,32.928977966308594,1740500
2007-05-08,70.95999908447266,71.48999786376953,70.7699966430664,71.13999938964844,32.75403594970703,1176400
2007-05-09,71.12000274658203,71.55000305175781,70.70999908447266,71.11000061035156,32.74020767211914,912100
2007-05-10,70.98999786376953,71.22000122070312,70.23999786376953,70.23999786376953,32.33964157104492,972200
2007-05-11,70.6500015258789,70.83000183105469,70.30999755859375,70.83000183105469,32.611305236816406,1025200
2007-05-14,70.8499984741211,72.19999694824219,70.8499984741211,71.83000183105469,33.07172393798828,6291500
2007-05-15,72.18000030517578,72.9000015258789,71.55999755859375,71.68000030517578,33.00263977050781,2872200
2007-05-16,71.87999725341797,72.23999786376953,71.0,71.58999633789062,32.96122360229492,6540000
2007-05-17,71.13999938964844,71.55000305175781,70.69999694824219,70.75,32.57447052001953,1418400
2007-05-18,70.94000244140625,71.18000030517578,70.4800033569336,71.18000030517578,32.77245330810547,1488800
2007-05-21,71.80999755859375,72.2300033569336,71.61000061035156,72.2300033569336,33.25587844848633,2333900
2007-05-22,72.25,72.5999984741211,72.08999633789062,72.13999938964844,33.214439392089844,1901000
2007-05-23,72.16999816894531,72.45999908447266,70.87999725341797,71.12000274658203,32.74482345581055,1909600
2007-05-24,71.0,71.20999908447266,68.30000305175781,68.47000122070312,31.52473258972168,2270800
2007-05-25,68.5,69.06999969482422,67.56999969482422,68.54000091552734,31.55693817138672,1950500
2007-05-29,69.05000305175781,69.62999725341797,68.79000091552734,69.0999984741211,31.814769744873047,1014100
2007-05-30,68.52999877929688,69.75,68.36000061035156,69.66000366210938,32.07261276245117,1395500
2007-05-31,70.05000305175781,70.16999816894531,69.22000122070312,69.2300033569336,31.874618530273438,1741900
2007-06-01,70.06999969482422,70.0999984741211,68.69999694824219,69.33999633789062,31.925281524658203,2055800
2007-06-04,69.5,69.5999984741211,68.25,69.31999969482422,31.916078567504883,1614400
2007-06-05,69.31999969482422,69.31999969482422,67.68000030517578,67.72000122070312,31.17940330505371,2037500
2007-06-06,67.2699966430664,67.5,66.6500015258789,67.3499984741211,31.00904655456543,4189600
2007-06-07,66.87000274658203,67.3499984741211,64.19000244140625,64.7300033569336,29.802762985229492,3266800
2007-06-08,64.73999786376953,65.66999816894531,64.41999816894531,65.52999877929688,30.171083450317383,2806500
2007-06-11,65.4000015258789,66.05999755859375,65.16000366210938,65.16999816894531,30.005329132080078,2607600
2007-06-12,64.56999969482422,65.19999694824219,64.1500015258789,64.1500015258789,29.535717010498047,2090700
2007-06-13,64.1500015258789,64.9800033569336,64.1500015258789,64.9800033569336,29.91785430908203,1992200
2007-06-14,65.12000274658203,65.58999633789062,64.47000122070312,64.80000305175781,29.83499526977539,1617900
2007-06-15,65.05000305175781,67.13999938964844,65.05000305175781,66.9000015258789,30.801860809326172,4293300
2007-06-18,66.06999969482422,67.19999694824219,65.62999725341797,65.72000122070312,30.25857162475586,1918400
2007-06-19,65.73999786376953,66.23999786376953,65.4000015258789,65.69000244140625,30.244766235351562,1470000
2007-06-20,65.76000213623047,66.20999908447266,63.5099983215332,63.5099983215332,29.241050720214844,2206300
2007-06-21,63.29999923706055,64.79000091552734,62.560001373291016,64.48999786376953,29.692262649536133,2104900
2007-06-22,65.77999877929688,66.01000213623047,63.54999923706055,63.56999969482422,29.268680572509766,3182400
2007-06-25,63.70000076293945,65.04000091552734,63.70000076293945,64.20999908447266,29.563343048095703,2247800
2007-06-26,64.5,65.30999755859375,63.880001068115234,63.88999938964844,29.416011810302734,1963500
2007-06-27,63.369998931884766,64.93000030517578,63.06999969482422,64.79000091552734,29.83038902282715,1632900
2007-06-28,64.79000091552734,65.27999877929688,64.20999908447266,64.23999786376953,29.577167510986328,1801300
2007-06-29,64.5999984741211,65.41000366210938,64.05999755859375,64.7300033569336,29.802762985229492,2131000
2007-07-02,65.2300033569336,66.91999816894531,65.2300033569336,66.43000030517578,30.58546257019043,2024400
2007-07-03,66.43000030517578,66.69999694824219,65.41000366210938,65.95999908447266,30.369068145751953,1188100
2007-07-05,65.97000122070312,66.69999694824219,64.83000183105469,65.87000274658203,30.327638626098633,1541600
2007-07-06,65.9000015258789,65.91999816894531,64.72000122070312,65.58000183105469,30.19411849975586,1089200
2007-07-09,65.97000122070312,66.44999694824219,65.5199966430664,65.58999633789062,30.198711395263672,1249000
2007-07-10,65.38999938964844,65.61000061035156,64.52999877929688,64.66999816894531,29.7751407623291,2057100
2007-07-11,64.58999633789062,65.27999877929688,64.5199966430664,65.27999877929688,30.055994033813477,1193000
2007-07-12,65.62999725341797,66.11000061035156,65.04000091552734,66.02999877929688,30.401296615600586,1786300
2007-07-13,66.02999877929688,67.7699966430664,65.81999969482422,67.44999694824219,31.055089950561523,1448400
2007-07-16,67.19999694824219,67.58999633789062,65.83000183105469,65.94000244140625,30.35987663269043,1262700
2007-07-17,66.08999633789062,66.5,65.5199966430664,65.52999877929688,30.171083450317383,1519100
2007-07-18,65.4000015258789,66.38999938964844,65.12000274658203,66.25,30.50258445739746,1787200
2007-07-19,66.0999984741211,68.12999725341797,66.01000213623047,68.0999984741211,31.354360580444336,1846400
2007-07-20,68.0999984741211,68.30999755859375,66.48999786376953,66.63999938964844,30.682151794433594,1835000
2007-07-23,67.33000183105469,68.1500015258789,66.9000015258789,67.08999633789062,30.88934326171875,1085500
2007-07-24,66.87999725341797,66.9800033569336,63.97999954223633,64.0999984741211,29.512685775756836,2056700
2007-07-25,64.80000305175781,65.0999984741211,62.77000045776367,63.47999954223633,29.227230072021484,2852500
2007-07-26,63.119998931884766,63.34000015258789,60.06999969482422,60.84000015258789,28.011730194091797,4069000
2007-07-27,60.779998779296875,61.869998931884766,60.43000030517578,60.439998626708984,27.827577590942383,3164900
2007-07-30,60.150001525878906,60.7400016784668,59.099998474121094,60.220001220703125,27.72627830505371,3551600
2007-07-31,62.20000076293945,62.5,60.75,60.75,27.97029685974121,3420300
2007-08-01,60.5,63.38999938964844,60.43000030517578,63.220001220703125,29.107526779174805,2782300
2007-08-02,63.4900016784668,64.48999786376953,62.209999084472656,63.18000030517578,29.089115142822266,12860200
2007-08-03,62.45000076293945,62.7400016784668,59.689998626708984,59.88999938964844,27.794301986694336,12530100
2007-08-06,59.900001525878906,62.689998626708984,59.220001220703125,62.65999984741211,29.079832077026367,2647900
2007-08-07,62.31999969482422,65.05999755859375,61.650001525878906,64.54000091552734,29.952316284179688,2941300
2007-08-08,64.29000091552734,65.19000244140625,63.310001373291016,64.26000213623047,29.822378158569336,3395200
2007-08-09,62.83000183105469,63.63999938964844,61.33000183105469,61.36000061035156,28.47650909423828,2810900
2007-08-10,61.45000076293945,62.0,59.43000030517578,60.279998779296875,27.975297927856445,8830900
2007-08-13,61.29999923706055,63.7400016784668,60.75,62.7599983215332,29.12624168395996,2824800
2007-08-14,62.72999954223633,62.7599983215332,61.38999938964844,61.560001373291016,28.5693359375,2076100
2007-08-15,61.720001220703125,63.130001068115234,60.650001525878906,60.7599983215332,28.198062896728516,2364300
2007-08-16,60.060001373291016,61.06999969482422,58.75,60.66999816894531,28.15629768371582,3099500
2007-08-17,63.560001373291016,63.7400016784668,60.349998474121094,62.75,29.121599197387695,2925400
2007-08-20,62.130001068115234,63.060001373291016,61.400001525878906,62.34000015258789,28.931318283081055,12253300
2007-08-21,62.2599983215332,62.84000015258789,61.709999084472656,62.45000076293945,28.982372283935547,2027300
2007-08-22,62.790000915527344,63.43000030517578,62.560001373291016,63.369998931884766,29.40934181213379,2119400
2007-08-23,63.630001068115234,63.810001373291016,62.779998779296875,63.209999084472656,29.3350772857666,1692200
2007-08-24,63.369998931884766,63.439998626708984,62.45000076293945,63.33000183105469,29.390771865844727,2502100
2007-08-27,63.2599983215332,63.27000045776367,60.810001373291016,60.939998626708984,28.28160285949707,1695800
2007-08-28,60.810001373291016,61.38999938964844,59.47999954223633,59.58000183105469,27.650434494018555,2945000
2007-08-29,59.619998931884766,61.279998779296875,59.54999923706055,61.220001220703125,28.411556243896484,2441000
2007-08-30,60.20000076293945,61.369998931884766,59.90999984741211,61.0099983215332,28.314090728759766,1780500
2007-08-31,61.810001373291016,61.90999984741211,60.7599983215332,61.439998626708984,28.513647079467773,1182600
2007-09-04,61.18000030517578,62.209999084472656,61.08000183105469,62.189998626708984,28.86170768737793,2112000
2007-09-05,61.79999923706055,62.029998779296875,61.27000045776367,61.7599983215332,28.662151336669922,1254600
2007-09-06,61.650001525878906,62.63999938964844,61.439998626708984,62.63999938964844,29.070541381835938,1980600
2007-09-07,61.90999984741211,62.540000915527344,61.22999954223633,61.599998474121094,28.587886810302734,1734200
2007-09-10,61.900001525878906,62.08000183105469,61.470001220703125,61.84000015258789,28.699270248413086,2470000
2007-09-11,62.33000183105469,62.5,61.86000061035156,62.2400016784668,28.884912490844727,2836800
2007-09-12,62.029998779296875,62.27000045776367,61.72999954223633,62.060001373291016,28.8013858795166,2083400
2007-09-13,62.58000183105469,63.13999938964844,62.47999954223633,62.689998626708984,29.0937557220459,2028000
2007-09-14,62.25,62.86000061035156,62.18000030517578,62.70000076293945,29.098392486572266,1846500
2007-09-17,62.29999923706055,62.72999954223633,62.220001220703125,62.619998931884766,29.061264038085938,1844000
2007-09-18,62.93000030517578,63.93000030517578,62.720001220703125,63.75,29.585676193237305,1824200
2007-09-19,64.0999984741211,65.5,63.93000030517578,65.22000122070312,30.26789665222168,1803700
2007-09-20,65.06999969482422,65.2300033569336,64.26000213623047,64.44000244140625,29.905912399291992,1191700
2007-09-21,65.18000030517578,65.18000030517578,64.44000244140625,64.70999908447266,30.031204223632812,2139400
2007-09-24,64.5,64.94000244140625,64.18000030517578,64.38999938964844,29.882701873779297,1273200
2007-09-25,64.1500015258789,65.51000213623047,64.1500015258789,65.11000061035156,30.216859817504883,1344000
2007-09-26,65.43000030517578,66.0199966430664,65.23999786376953,65.80000305175781,30.537065505981445,1644600
2007-09-27,66.18000030517578,66.18000030517578,64.69999694824219,64.94999694824219,30.1425838470459,1210200
2007-09-28,64.58999633789062,64.94000244140625,63.27000045776367,63.34000015258789,29.395414352416992,1752700
2007-10-01,63.88999938964844,64.8499984741211,63.38999938964844,64.8499984741211,30.09618377685547,1469300
2007-10-02,64.61000061035156,64.70999908447266,63.9900016784668,64.2699966430664,29.82701301574707,1062500
2007-10-03,63.79999923706055,64.94000244140625,63.79999923706055,64.81999969482422,30.082258224487305,970900
2007-10-04,64.98999786376953,66.88999938964844,64.69999694824219,66.45999908447266,30.8433780670166,1453200
2007-10-05,67.0,67.5999984741211,66.48999786376953,66.88999938964844,31.042932510375977,1676700
2007-10-08,67.05999755859375,67.37000274658203,66.31999969482422,66.58999633789062,30.903696060180664,804800
2007-10-09,66.80000305175781,67.22000122070312,66.45999908447266,67.0999984741211,31.140384674072266,1402200
2007-10-10,66.83000183105469,67.19000244140625,66.63999938964844,66.83999633789062,31.019716262817383,982600
2007-10-11,67.73999786376953,68.55999755859375,67.27999877929688,68.0999984741211,31.604475021362305,1845600
2007-10-12,68.23999786376953,68.94999694824219,68.0999984741211,68.38999938964844,31.739072799682617,1260200
2007-10-15,68.05000305175781,68.55999755859375,66.77999877929688,67.2300033569336,31.200727462768555,1651800
2007-10-16,66.94999694824219,67.75,66.91000366210938,67.12000274658203,31.14967155456543,1479000
2007-10-17,67.7300033569336,67.91999816894531,66.36000061035156,66.70999908447266,30.959383010864258,1169900
2007-10-18,66.52999877929688,67.5,66.2699966430664,66.69000244140625,30.950115203857422,1380300
2007-10-19,66.2300033569336,67.04000091552734,65.30999755859375,65.51000213623047,30.40248680114746,1889800
2007-10-22,64.98999786376953,65.83000183105469,64.62000274658203,65.6500015258789,30.467451095581055,1330500
2007-10-23,65.7300033569336,66.11000061035156,65.0,65.37000274658203,30.337507247924805,1453900
2007-10-24,65.11000061035156,66.23999786376953,65.02999877929688,66.08000183105469,30.667020797729492,1488800
2007-10-25,66.0,67.6500015258789,65.72000122070312,67.37000274658203,31.26568603515625,1925900
2007-10-26,67.87999725341797,68.44000244140625,67.12999725341797,68.3499984741211,31.72049331665039,1272700
2007-10-29,68.37000274658203,69.80999755859375,68.37000274658203,69.43000030517578,32.221717834472656,1262800
2007-10-30,69.25,69.91999816894531,68.70999908447266,68.70999908447266,31.887569427490234,1167400
2007-10-31,68.95999908447266,69.86000061035156,68.81999969482422,69.69999694824219,32.34701156616211,1427700
2007-11-01,69.0999984741211,69.76000213623047,68.51000213623047,68.75,31.9061336517334,1688100
2007-11-02,68.87000274658203,69.62999725341797,68.38999938964844,69.1500015258789,32.09177017211914,1418400
2007-11-05,68.56999969482422,69.73999786376953,68.08000183105469,69.1500015258789,32.32550048828125,1118000
2007-11-06,69.6500015258789,69.6500015258789,67.62000274658203,68.08999633789062,31.829992294311523,2032400
2007-11-07,67.3499984741211,67.98999786376953,66.8499984741211,66.87999725341797,31.26434898376465,2404600
2007-11-08,66.83000183105469,67.8499984741211,66.69999694824219,67.5,31.55417823791504,2241600
2007-11-09,66.73999786376953,68.12999725341797,66.62000274658203,67.52999877929688,31.568195343017578,1878300
2007-11-12,67.4800033569336,67.97000122070312,66.55000305175781,66.77999877929688,31.217605590820312,2284800
2007-11-13,67.20999908447266,67.44999694824219,66.30999755859375,67.33000183105469,31.474712371826172,1743900
2007-11-14,67.41999816894531,67.80000305175781,66.91999816894531,67.0,31.32045555114746,1684600
2007-11-15,66.5999984741211,67.75,66.5999984741211,67.31999969482422,31.47003173828125,1677800
2007-11-16,67.80999755859375,68.06999969482422,66.79000091552734,67.66000366210938,31.628971099853516,1525000
2007-11-19,67.16999816894531,68.22000122070312,67.16999816894531,67.73999786376953,31.666358947753906,1866900
2007-11-20,67.70999908447266,68.7699966430664,67.4800033569336,68.37000274658203,31.96088981628418,2458900
2007-11-21,68.0999984741211,69.0,67.94999694824219,68.18000030517578,31.872060775756836,1592700
2007-11-23,68.69000244140625,68.9000015258789,67.4000015258789,67.87000274658203,31.72713851928711,578500
2007-11-26,67.73999786376953,68.66999816894531,67.52999877929688,67.66999816894531,31.633642196655273,1910800
2007-11-27,68.1500015258789,68.27999877929688,67.04000091552734,67.69999694824219,31.64767837524414,1677700
2007-11-28,68.3499984741211,68.3499984741211,66.95999908447266,67.69999694824219,31.64767837524414,2257800
2007-11-29,67.54000091552734,68.23999786376953,67.5199966430664,67.7300033569336,31.66169548034668,1508400
2007-11-30,68.4000015258789,69.3499984741211,68.05999755859375,68.55999755859375,32.04969787597656,2370000
2007-12-03,68.0999984741211,69.81999969482422,68.0999984741211,69.43000030517578,32.456398010253906,1981700
2007-12-04,69.44000244140625,71.16999816894531,68.87999725341797,70.69999694824219,33.05008316040039,2215400
2007-12-05,71.20999908447266,72.23999786376953,70.80999755859375,72.11000061035156,33.70920944213867,1753200
2007-12-06,72.08000183105469,73.16999816894531,71.1500015258789,72.91999816894531,34.08787155151367,1968300
2007-12-07,72.91000366210938,74.16999816894531,72.69999694824219,73.93000030517578,34.55999755859375,2056600
2007-12-10,74.20999908447266,74.2699966430664,73.36000061035156,73.93000030517578,34.55999755859375,1331600
2007-12-11,73.9000015258789,74.33999633789062,72.23999786376953,72.30000305175781,33.798030853271484,1292100
2007-12-12,73.69999694824219,73.69999694824219,72.18000030517578,72.69000244140625,33.98036193847656,1945600
2007-12-13,72.44999694824219,73.79000091552734,72.44000244140625,73.58999633789062,34.401065826416016,1745900
2007-12-14,72.94000244140625,73.4000015258789,72.41000366210938,72.43000030517578,33.85880661010742,1177900
2007-12-17,72.4000015258789,72.91999816894531,71.98999786376953,72.22000122070312,33.76063537597656,1592400
2007-12-18,72.45999908447266,73.9800033569336,72.38999938964844,73.8499984741211,34.522605895996094,1354300
2007-12-19,74.01000213623047,74.8499984741211,73.72000122070312,73.80000305175781,34.499244689941406,1480000
2007-12-20,74.19000244140625,74.69000244140625,72.83999633789062,73.75,34.475860595703125,1040300
2007-12-21,74.3499984741211,74.9800033569336,74.06999969482422,74.76000213623047,34.94800567626953,1779400
2007-12-24,74.5,74.97000122070312,73.41000366210938,74.13999938964844,34.658164978027344,1005100
2007-12-26,73.9000015258789,74.25,73.44999694824219,73.52999877929688,34.373023986816406,786000
2007-12-27,73.52999877929688,73.9000015258789,72.68000030517578,72.7699966430664,34.01772689819336,861500
2007-12-28,72.87000274658203,73.83999633789062,72.87000274658203,73.47000122070312,34.34498596191406,954000
2007-12-31,73.13999938964844,73.81999969482422,72.33999633789062,72.33999633789062,33.81672286987305,931600
2008-01-02,72.12000274658203,73.29000091552734,71.55999755859375,71.88999938964844,33.60637283325195,1625600
2008-01-03,72.01000213623047,73.62000274658203,71.95999908447266,72.68000030517578,33.975669860839844,1237300
2008-01-04,72.41999816894531,75.05000305175781,72.33000183105469,74.31999969482422,34.7423210144043,3262000
2008-01-07,74.5,77.80000305175781,74.48999786376953,77.58000183105469,36.26628875732422,3936400
2008-01-08,77.80999755859375,78.51000213623047,75.2300033569336,75.37000274658203,35.23318099975586,4528500
2008-01-09,74.95999908447266,76.41999816894531,74.27999877929688,76.08999633789062,35.56974792480469,2258000
2008-01-10,75.86000061035156,78.44000244140625,75.69999694824219,77.83999633789062,36.3878059387207,2910900
2008-01-11,77.27999877929688,77.93000030517578,76.80000305175781,76.87000274658203,35.93435287475586,2650500
2008-01-14,77.33000183105469,78.47000122070312,76.6500015258789,76.93000030517578,35.96240997314453,1573200
2008-01-15,76.13999938964844,78.25,76.0,76.81999969482422,35.91099548339844,2674300
2008-01-16,77.04000091552734,78.04000091552734,75.63999938964844,75.80999755859375,35.438838958740234,2905700
2008-01-17,75.87999725341797,75.97000122070312,72.36000061035156,72.45999908447266,33.872833251953125,2952100
2008-01-18,73.02999877929688,73.9000015258789,70.80000305175781,71.7300033569336,33.531578063964844,4350900
2008-01-22,70.13999938964844,70.45999908447266,67.5999984741211,68.56999969482422,32.05438232421875,4139200
2008-01-23,66.69000244140625,71.70999908447266,64.44000244140625,71.58999633789062,33.466121673583984,3991500
2008-01-24,72.20999908447266,72.38999938964844,69.43000030517578,69.72000122070312,32.59196090698242,2049800
2008-01-25,70.25,70.4000015258789,68.30000305175781,68.55000305175781,32.045021057128906,2602200
2008-01-28,68.7699966430664,69.9800033569336,68.54000091552734,69.69000244140625,32.577945709228516,2191800
2008-01-29,69.79000091552734,71.68000030517578,69.63999938964844,70.36000061035156,32.891143798828125,2688300
2008-01-30,71.20999908447266,71.20999908447266,69.1500015258789,69.33000183105469,32.409637451171875,2160500
2008-01-31,69.0,71.66999816894531,66.87999725341797,71.22000122070312,33.29315948486328,2074400
2008-02-01,71.9000015258789,72.38999938964844,70.83999633789062,72.38999938964844,33.84011459350586,2584000
2008-02-04,72.18000030517578,74.1500015258789,72.18000030517578,73.48999786376953,34.354339599609375,2271000
2008-02-05,71.68000030517578,72.36000061035156,69.97000122070312,69.97000122070312,32.95545959472656,2198600
2008-02-06,70.37000274658203,71.31999969482422,69.81999969482422,70.12999725341797,33.03083419799805,1675900
2008-02-07,69.81999969482422,70.72000122070312,69.11000061035156,70.47000122070312,33.190975189208984,2265800
2008-02-08,69.87999725341797,70.72000122070312,69.58999633789062,69.97000122070312,32.95545959472656,1310900
2008-02-11,69.80999755859375,70.55000305175781,69.5,70.25,33.08734130859375,1278600
2008-02-12,70.25,71.4800033569336,70.12000274658203,71.16000366210938,33.515953063964844,1988100
2008-02-13,71.48999786376953,72.19999694824219,70.77999877929688,71.30999755859375,33.586605072021484,1680400
2008-02-14,71.55000305175781,72.33000183105469,70.63999938964844,70.91000366210938,33.3982048034668,1244800
2008-02-15,70.76000213623047,71.38999938964844,70.19999694824219,71.37999725341797,33.61956024169922,1009500
2008-02-19,72.05999755859375,72.1500015258789,70.93000030517578,71.33999633789062,33.600730895996094,1191600
2008-02-20,70.4000015258789,71.08000183105469,70.08999633789062,71.0,33.44059371948242,1204600
2008-02-21,71.16000366210938,71.16999816894531,69.51000213623047,69.66000366210938,32.809471130371094,1096600
2008-02-22,69.9800033569336,70.51000213623047,69.1500015258789,70.4000015258789,33.157997131347656,1346500
2008-02-25,70.5999984741211,71.31999969482422,69.86000061035156,71.2300033569336,33.54890823364258,1825200
2008-02-26,71.0,71.30999755859375,70.05000305175781,71.22000122070312,33.54420471191406,1907700
2008-02-27,71.26000213623047,71.36000061035156,69.52999877929688,69.69999694824219,32.82829666137695,1585700
2008-02-28,69.83999633789062,70.0,68.80000305175781,69.94000244140625,32.94133758544922,1545100
2008-02-29,69.4000015258789,69.7300033569336,67.30000305175781,67.58999633789062,31.834501266479492,2683900
2008-03-03,67.1500015258789,67.44999694824219,66.16000366210938,67.37000274658203,31.730886459350586,2523800
2008-03-04,67.08999633789062,71.05999755859375,67.0,69.44000244140625,32.705848693847656,4665200
2008-03-05,69.44000244140625,70.52999877929688,68.88999938964844,70.44000244140625,33.17683410644531,2304800
2008-03-06,70.44000244140625,70.51000213623047,68.72000122070312,68.88999938964844,32.446800231933594,1886500
2008-03-07,68.4800033569336,68.94000244140625,67.62999725341797,68.41999816894531,32.225433349609375,1964800
2008-03-10,68.62000274658203,68.62000274658203,66.5,67.75,31.90987777709961,2953600
2008-03-11,68.76000213623047,70.08000183105469,68.4800033569336,69.97000122070312,32.95545959472656,2012900
2008-03-12,70.4000015258789,71.08000183105469,69.2699966430664,69.30999755859375,32.64461135864258,1503300
2008-03-13,68.48999786376953,68.83999633789062,67.83999633789062,68.23999786376953,32.14064407348633,3014400
2008-03-14,68.45999908447266,68.94999694824219,66.77999877929688,67.7300033569336,31.90044593811035,3198000
2008-03-17,67.08000183105469,68.7300033569336,66.91999816894531,68.19000244140625,32.11710739135742,2518700
2008-03-18,69.3499984741211,70.08000183105469,68.2699966430664,70.06999969482422,33.002567291259766,2667100
2008-03-19,70.81999969482422,71.30999755859375,68.68000030517578,68.68000030517578,32.34788131713867,1709700
2008-03-20,69.1500015258789,69.81999969482422,67.66000366210938,69.5199966430664,32.74351501464844,1719600
2008-03-24,69.66999816894531,70.12999725341797,68.33999633789062,68.91000366210938,32.456214904785156,1612400
2008-03-25,68.80000305175781,69.5199966430664,68.30999755859375,68.5999984741211,32.31019592285156,1634700
2008-03-26,68.08000183105469,68.69000244140625,67.87999725341797,68.12000274658203,32.0841178894043,1993500
2008-03-27,68.54000091552734,69.02999877929688,68.30999755859375,68.3499984741211,32.192447662353516,1486000
2008-03-28,68.55000305175781,69.27999877929688,67.73999786376953,67.87999725341797,31.97109031677246,1330500
2008-03-31,68.11000061035156,68.94000244140625,67.5,68.62000274658203,32.31962585449219,1815300
2008-04-01,69.95999908447266,71.72000122070312,69.19999694824219,71.22000122070312,33.54420471191406,2969000
2008-04-02,71.48999786376953,72.52999877929688,71.0,71.94000244140625,33.883331298828125,2224000
2008-04-03,72.01000213623047,72.4000015258789,71.47000122070312,71.81999969482422,33.826812744140625,2176800
2008-04-04,71.87000274658203,73.0,71.69000244140625,72.20999908447266,34.010498046875,1666800
2008-04-07,72.31999969482422,72.72000122070312,71.7300033569336,72.27999877929688,34.04347229003906,777400
2008-04-08,71.79000091552734,73.0999984741211,71.72000122070312,72.91000366210938,34.34018325805664,1533100
2008-04-09,72.9000015258789,73.5999984741211,72.4800033569336,72.83999633789062,34.30723190307617,1443200
2008-04-10,72.9800033569336,74.11000061035156,72.38999938964844,73.6500015258789,34.6887321472168,3344800
2008-04-11,73.26000213623047,75.38999938964844,73.25,74.95999908447266,35.30573654174805,2512400
2008-04-14,74.91999816894531,74.95999908447266,73.93000030517578,74.5,35.08908462524414,1597400
2008-04-15,74.91999816894531,74.91999816894531,73.7699966430664,74.19999694824219,34.94776153564453,1569800
2008-04-16,74.91000366210938,75.6500015258789,73.54000091552734,75.4000015258789,35.512962341308594,1844400
2008-04-17,75.02999877929688,76.05000305175781,75.02999877929688,75.41999816894531,35.52238464355469,1213100
2008-04-18,76.16999816894531,76.75,75.12999725341797,75.7699966430664,35.68723678588867,1417700
2008-04-21,75.20999908447266,76.47000122070312,75.20999908447266,76.16000366210938,35.87092208862305,1440800
2008-04-22,75.9800033569336,77.22000122070312,75.51000213623047,76.68000030517578,36.115840911865234,2157800
2008-04-23,76.3499984741211,77.6500015258789,76.3499984741211,77.51000213623047,36.50678253173828,2070400
2008-04-24,78.0,78.3499984741211,76.63999938964844,76.7300033569336,36.13939666748047,1223100
2008-04-25,76.61000061035156,77.75,76.61000061035156,76.9000015258789,36.219459533691406,1480000
2008-04-28,76.87999725341797,77.37000274658203,76.0999984741211,76.26000213623047,35.918025970458984,1304300
2008-04-29,76.2300033569336,76.66999816894531,75.7300033569336,75.87000274658203,35.734344482421875,1201100
2008-04-30,75.79000091552734,77.13999938964844,75.58999633789062,75.63999938964844,35.62601852416992,1696400
2008-05-01,77.30000305175781,77.30000305175781,75.69999694824219,76.70999908447266,36.12995910644531,1793000
2008-05-02,76.86000061035156,79.0199966430664,76.86000061035156,79.0199966430664,37.21797180175781,2770500
2008-05-05,78.44999694824219,78.44999694824219,76.80000305175781,77.19000244140625,36.610862731933594,1614900
2008-05-06,76.51000213623047,77.20999908447266,75.9800033569336,76.79000091552734,36.42116928100586,1249000
2008-05-07,76.56999969482422,76.79000091552734,75.4000015258789,75.61000061035156,35.86147689819336,1394000
2008-05-08,76.04000091552734,76.43000030517578,75.02999877929688,75.91000366210938,36.0037727355957,1432300
2008-05-09,75.62999725341797,76.33999633789062,74.69000244140625,75.98999786376953,36.041709899902344,1263400
2008-05-12,76.38999938964844,76.47000122070312,75.63999938964844,76.47000122070312,36.26938247680664,769800
2008-05-13,76.87000274658203,76.97000122070312,75.44999694824219,75.94999694824219,36.02272415161133,1425600
2008-05-14,76.13999938964844,77.1500015258789,75.66999816894531,77.01000213623047,36.52548599243164,1751900
2008-05-15,76.73999786376953,76.95999908447266,75.75,76.33000183105469,36.202964782714844,1295000
2008-05-16,76.5199966430664,76.94000244140625,75.87999725341797,76.81999969482422,36.43537902832031,1008500
2008-05-19,76.77999877929688,78.5,76.61000061035156,78.02999877929688,37.0092658996582,1631400
2008-05-20,78.9000015258789,79.44000244140625,78.11000061035156,78.83999633789062,37.39344787597656,1504000
2008-05-21,79.13999938964844,80.38999938964844,78.43000030517578,78.72000122070312,37.3365364074707,1757500
2008-05-22,78.55000305175781,79.26000213623047,78.13999938964844,78.87999725341797,37.41242980957031,910300
2008-05-23,78.66000366210938,79.16000366210938,77.69999694824219,77.76000213623047,36.881221771240234,1080800
2008-05-27,77.86000061035156,78.58000183105469,77.54000091552734,78.05000305175781,37.01875305175781,1458500
2008-05-28,78.18000030517578,79.08999633789062,78.05000305175781,78.8499984741211,37.398216247558594,1125900
2008-05-29,78.86000061035156,79.9800033569336,78.55000305175781,79.69999694824219,37.80133819580078,1288600
2008-05-30,79.38999938964844,80.05999755859375,78.37999725341797,78.70999908447266,37.33177947998047,1225800
2008-06-02,78.41999816894531,78.41999816894531,77.27999877929688,78.05999755859375,37.02351379394531,1083900
2008-06-03,78.18000030517578,78.88999938964844,77.37999725341797,77.76000213623047,36.881221771240234,1109400
2008-06-04,77.79000091552734,78.87000274658203,77.44000244140625,78.54000091552734,37.25117874145508,1010600
2008-06-05,78.37999725341797,79.25,77.5999984741211,78.94999694824219,37.44561767578125,1503300
2008-06-06,78.58000183105469,79.0999984741211,76.58000183105469,76.83000183105469,36.44011306762695,1856600
2008-06-09,77.37000274658203,78.12999725341797,76.87999725341797,77.9000015258789,36.94762420654297,945600
2008-06-10,77.48999786376953,78.68000030517578,76.97000122070312,78.56999969482422,37.2653923034668,1270400
2008-06-11,78.2699966430664,78.93000030517578,77.4800033569336,77.5199966430664,36.76739501953125,1619700
2008-06-12,78.05000305175781,78.62000274658203,77.68000030517578,78.2300033569336,37.1041374206543,1636100
2008-06-13,78.83999633789062,80.0,78.44999694824219,79.79000091552734,37.84403991699219,1977100
2008-06-16,78.98999786376953,79.97000122070312,77.5999984741211,79.76000213623047,37.8298225402832,1242400
2008-06-17,79.80000305175781,80.0,79.37000274658203,79.61000061035156,37.758663177490234,908000
2008-06-18,79.44999694824219,79.98999786376953,79.0199966430664,79.54000091552734,37.72544860839844,1574700
2008-06-19,79.77999877929688,81.63999938964844,79.62999725341797,81.58000183105469,38.69301986694336,2614300
2008-06-20,81.0199966430664,82.25,80.94000244140625,80.94000244140625,38.389469146728516,2759600
2008-06-23,81.12000274658203,82.63999938964844,81.12000274658203,81.80000305175781,38.7973747253418,2014200
2008-06-24,81.66000366210938,83.0,81.55000305175781,82.30000305175781,39.03451919555664,1974700
2008-06-25,82.69999694824219,83.48999786376953,81.87000274658203,82.5199966430664,39.138858795166016,1743100
2008-06-26,81.7699966430664,82.4800033569336,80.08000183105469,80.0999984741211,37.99106979370117,1752900
2008-06-27,80.41999816894531,81.0199966430664,79.83999633789062,80.01000213623047,37.94837951660156,1904000
2008-06-30,79.97000122070312,82.93000030517578,79.5,82.33000183105469,39.04873275756836,2336400
2008-07-01,81.79000091552734,83.18000030517578,81.0199966430664,82.62999725341797,39.19102478027344,1951000
2008-07-02,82.5999984741211,83.05000305175781,81.54000091552734,81.56999969482422,38.68827438354492,1904200
2008-07-03,82.08000183105469,83.12000274658203,81.48999786376953,81.79000091552734,38.792633056640625,966800
2008-07-07,81.87999725341797,82.68000030517578,79.81999969482422,81.0,38.41793441772461,1946300
2008-07-08,81.19999694824219,82.5,80.01000213623047,81.05000305175781,38.441646575927734,2973600
2008-07-09,81.31999969482422,83.08999633789062,80.6500015258789,82.69999694824219,39.2242431640625,2111900
2008-07-10,82.44999694824219,82.91000366210938,81.7699966430664,82.87999725341797,39.309600830078125,1563800
2008-07-11,82.0999984741211,84.0,81.76000213623047,83.20999908447266,39.46613693237305,2653000
2008-07-14,83.3499984741211,83.94000244140625,82.11000061035156,82.41000366210938,39.08668518066406,1673500
2008-07-15,81.94000244140625,83.08000183105469,81.23999786376953,81.95999908447266,38.873260498046875,1887000
2008-07-16,81.63999938964844,82.41999816894531,78.86000061035156,79.0,37.4693489074707,2700800
2008-07-17,78.9800033569336,78.9800033569336,76.22000122070312,76.98999786376953,36.51600646972656,2642800
2008-07-18,76.62999725341797,79.05000305175781,75.43000030517578,76.69000244140625,36.373722076416016,3021300
2008-07-21,77.05999755859375,77.9800033569336,75.93000030517578,77.7300033569336,36.86699676513672,1230300
2008-07-22,77.08999633789062,79.0,77.08999633789062,77.37999725341797,36.70098114013672,2053900
2008-07-23,77.72000122070312,77.97000122070312,73.45999908447266,73.91000366210938,35.055179595947266,3576000
2008-07-24,73.6500015258789,74.80000305175781,72.72000122070312,73.52999877929688,34.874942779541016,2476200
2008-07-25,73.66000366210938,74.06999969482422,72.12000274658203,72.22000122070312,34.25362014770508,2009300
2008-07-28,72.18000030517578,72.94999694824219,70.0999984741211,72.3499984741211,34.31527328491211,3180000
2008-07-29,72.70999908447266,73.1500015258789,71.97000122070312,72.87999725341797,34.5666618347168,1605200
2008-07-30,73.05000305175781,74.66999816894531,72.48999786376953,73.98999786376953,35.09312438964844,1952700
2008-07-31,74.08999633789062,74.5199966430664,73.37999725341797,73.55000305175781,34.884429931640625,1595900
2008-08-01,73.9000015258789,74.9000015258789,71.27999877929688,71.48999786376953,33.907386779785156,3209900
2008-08-04,71.52999877929688,72.18000030517578,68.7699966430664,68.94999694824219,32.702659606933594,2778300
2008-08-05,68.98999786376953,69.23999786376953,67.18000030517578,68.43000030517578,32.71702194213867,3011200
2008-08-06,68.0999984741211,69.91000366210938,68.06999969482422,68.94000244140625,32.96086502075195,2226800
2008-08-07,68.51000213623047,70.55000305175781,67.56999969482422,68.86000061035156,32.92259979248047,2281200
2008-08-08,69.22000122070312,71.19999694824219,68.6500015258789,69.76000213623047,33.3529052734375,1391900
2008-08-11,69.76000213623047,70.7300033569336,69.29000091552734,70.37000274658203,33.6445426940918,1526000
2008-08-12,70.73999786376953,70.73999786376953,68.0,68.2699966430664,32.6405143737793,1873500
2008-08-13,68.16000366210938,70.18000030517578,68.08999633789062,70.05999755859375,33.496337890625,1532900
2008-08-14,69.58000183105469,70.54000091552734,69.02999877929688,70.33999633789062,33.63020324707031,2225200
2008-08-15,70.5999984741211,71.70999908447266,70.30999755859375,71.51000213623047,34.18958282470703,1805900
2008-08-18,71.7300033569336,72.0199966430664,70.94999694824219,71.58999633789062,34.227840423583984,1447400
2008-08-19,71.02999877929688,72.26000213623047,71.02999877929688,72.0,34.42387390136719,1485700
2008-08-20,72.16000366210938,72.63999938964844,71.5999984741211,72.58000183105469,34.701175689697266,1947100
2008-08-21,71.75,73.69999694824219,71.75,73.38999938964844,35.08843231201172,1084800
2008-08-22,73.80999755859375,73.98999786376953,72.94000244140625,73.62999725341797,35.203182220458984,1182800
2008-08-25,74.0,74.1500015258789,72.94999694824219,73.38999938964844,35.08843231201172,1131600
2008-08-26,72.80999755859375,73.88999938964844,72.80999755859375,73.4000015258789,35.09321594238281,1639100
2008-08-27,73.58000183105469,73.94999694824219,73.18000030517578,73.6500015258789,35.212745666503906,1145300
2008-08-28,73.94000244140625,74.30000305175781,73.33999633789062,74.16999816894531,35.461368560791016,923500
2008-08-29,73.95999908447266,74.13999938964844,72.38999938964844,72.63999938964844,34.72986602783203,1199300
2008-09-02,73.05000305175781,73.55000305175781,71.18000030517578,71.2699966430664,34.07484436035156,1836200
2008-09-03,71.2699966430664,71.52999877929688,68.91000366210938,69.08000183105469,33.02778625488281,1849200
2008-09-04,68.7300033569336,69.51000213623047,68.29000091552734,68.72000122070312,32.85566329956055,2074600
2008-09-05,68.55999755859375,68.83000183105469,67.30000305175781,68.69999694824219,32.84611129760742,2132800
2008-09-08,69.51000213623047,72.63999938964844,69.51000213623047,70.51000213623047,33.71148681640625,2605800
2008-09-09,70.33999633789062,70.6500015258789,66.95999908447266,67.16000366210938,32.10982131958008,4457000
2008-09-10,67.5199966430664,67.97000122070312,66.12000274658203,66.62000274658203,31.851648330688477,1972300
2008-09-11,66.37999725341797,68.43000030517578,65.38999938964844,68.30000305175781,32.65485763549805,1792600
2008-09-12,67.83000183105469,69.69999694824219,67.3499984741211,69.41999816894531,33.190345764160156,2000300
2008-09-15,68.0199966430664,69.01000213623047,66.91000366210938,67.02999877929688,32.04765319824219,1903300
2008-09-16,67.02999877929688,68.5,64.30999755859375,67.5199966430664,32.28192901611328,3088600
2008-09-17,66.45999908447266,67.01000213623047,63.08000183105469,63.08000183105469,30.159137725830078,3549100
2008-09-18,63.709999084472656,68.27999877929688,63.029998779296875,66.58000183105469,31.832508087158203,3611500
2008-09-19,68.18000030517578,72.0999984741211,66.95999908447266,68.93000030517578,32.95606231689453,2666200
2008-09-22,69.16999816894531,69.16999816894531,65.68000030517578,65.87000274658203,31.493070602416992,1820100
2008-09-23,65.88999938964844,67.54000091552734,65.56999969482422,66.18000030517578,31.641279220581055,1357800
2008-09-24,66.19999694824219,66.70999908447266,64.95999908447266,66.5199966430664,31.803823471069336,1348100
2008-09-25,66.80000305175781,69.19999694824219,66.80000305175781,68.9800033569336,32.97996520996094,1633000
2008-09-26,68.23999786376953,68.9800033569336,67.54000091552734,68.63999938964844,32.817420959472656,1057600
2008-09-29,67.88999938964844,68.5,65.58000183105469,66.79000091552734,31.932905197143555,2463600
2008-09-30,68.06999969482422,68.06999969482422,65.7300033569336,66.98999786376953,32.02853775024414,2755500
2008-10-01,66.68000030517578,66.69000244140625,64.7699966430664,64.98999786376953,31.07231903076172,2257200
2008-10-02,64.54000091552734,64.73999786376953,60.779998779296875,61.709999084472656,29.504131317138672,4226300
2008-10-03,62.4900016784668,64.0,60.470001220703125,61.0099983215332,29.169431686401367,2137400
2008-10-06,59.970001220703125,61.0099983215332,56.040000915527344,56.65999984741211,27.08966636657715,3024800
2008-10-07,57.130001068115234,58.849998474121094,54.279998779296875,54.5,26.056957244873047,3057900
2008-10-08,53.63999938964844,55.36000061035156,52.36000061035156,53.0,25.33978843688965,3827200
2008-10-09,52.84000015258789,54.380001068115234,50.209999084472656,50.619998931884766,24.201894760131836,2571200
2008-10-10,48.959999084472656,49.31999969482422,41.20000076293945,45.45000076293945,21.730066299438477,4889500
2008-10-13,46.97999954223633,53.619998931884766,45.0099983215332,53.4900016784668,25.574071884155273,3209000
2008-10-14,55.310001373291016,58.72999954223633,51.709999084472656,53.630001068115234,25.64099884033203,4147700
2008-10-15,52.45000076293945,52.45000076293945,48.040000915527344,48.16999816894531,23.030536651611328,2872000
2008-10-16,48.11000061035156,49.400001525878906,46.150001525878906,49.209999084472656,23.527755737304688,3465200
2008-10-17,48.310001373291016,53.220001220703125,46.93000030517578,49.9900016784668,23.900684356689453,2544400
2008-10-20,50.5,54.91999816894531,49.02000045776367,54.77000045776367,26.1860408782959,2343600
2008-10-21,54.209999084472656,54.849998474121094,52.349998474121094,53.29999923706055,25.483213424682617,2204600
2008-10-22,52.060001373291016,52.290000915527344,47.459999084472656,49.33000183105469,23.58513069152832,2164700
2008-10-23,50.099998474121094,53.869998931884766,47.75,51.54999923706055,24.64652442932129,2632600
2008-10-24,48.279998779296875,51.0,45.790000915527344,49.18000030517578,23.513410568237305,2636800
2008-10-27,48.709999084472656,48.7400016784668,46.209999084472656,46.279998779296875,22.126893997192383,3747700
2008-10-28,47.43000030517578,52.59000015258789,46.560001373291016,52.5099983215332,25.105518341064453,2162900
2008-10-29,52.599998474121094,54.36000061035156,51.380001068115234,51.66999816894531,24.703903198242188,2245300
2008-10-30,53.11000061035156,55.47999954223633,53.11000061035156,54.810001373291016,26.20516586303711,2453100
2008-10-31,54.41999816894531,54.93000030517578,51.38999938964844,52.15999984741211,24.93817901611328,3166100
2008-11-03,52.349998474121094,54.22999954223633,51.939998626708984,53.209999084472656,25.44019317626953,2174100
2008-11-04,54.61000061035156,58.150001525878906,54.5,57.15999984741211,27.328718185424805,3024800
2008-11-05,56.369998931884766,57.5,52.459999084472656,53.34000015258789,25.7501163482666,2987500
2008-11-06,53.34000015258789,54.2599983215332,51.70000076293945,53.43000030517578,25.793563842773438,2867300
2008-11-07,53.709999084472656,54.91999816894531,52.7400016784668,54.7400016784668,26.42597770690918,2514000
2008-11-10,55.709999084472656,56.25,52.04999923706055,52.97999954223633,25.57632064819336,1490600
2008-11-11,52.0099983215332,54.36000061035156,51.04999923706055,53.04999923706055,25.610116958618164,1451500
2008-11-12,52.95000076293945,53.38999938964844,51.619998931884766,52.13999938964844,25.170814514160156,2219200
2008-11-13,52.54999923706055,55.66999816894531,51.54999923706055,55.66999816894531,26.87493133544922,4538100
2008-11-14,54.09000015258789,55.52000045776367,51.959999084472656,52.75,25.465293884277344,2538900
2008-11-17,52.09000015258789,55.650001525878906,51.810001373291016,53.58000183105469,25.865985870361328,2246500
2008-11-18,53.20000076293945,55.11000061035156,52.18000030517578,54.0,26.068729400634766,2719700
2008-11-19,53.720001220703125,56.400001525878906,53.040000915527344,53.119998931884766,25.643909454345703,2438000
2008-11-20,52.61000061035156,55.7400016784668,50.40999984741211,51.310001373291016,24.77013397216797,3037000
2008-11-21,52.439998626708984,56.880001068115234,50.70000076293945,56.81999969482422,27.430112838745117,5130800
2008-11-24,57.779998779296875,58.02000045776367,55.40999984741211,56.27000045776367,27.16458511352539,3138500
2008-11-25,57.459999084472656,59.0,55.880001068115234,57.47999954223633,27.748716354370117,3608100
2008-11-26,56.709999084472656,57.869998931884766,55.7400016784668,57.4900016784668,27.753549575805664,1936400
2008-11-28,57.650001525878906,59.0,57.27000045776367,58.58000183105469,28.279752731323242,818700
2008-12-01,56.97999954223633,58.310001373291016,54.880001068115234,54.880001068115234,26.49355697631836,2413400
2008-12-02,55.810001373291016,56.290000915527344,54.27000045776367,56.0,27.03424835205078,2442400
2008-12-03,54.79999923706055,57.18000030517578,54.77000045776367,56.959999084472656,27.497684478759766,2245500
2008-12-04,56.400001525878906,57.31999969482422,53.0,53.849998474121094,25.996320724487305,2036900
2008-12-05,53.060001373291016,54.91999816894531,51.209999084472656,54.59000015258789,26.35357093811035,2483300
2008-12-08,55.88999938964844,56.81999969482422,54.880001068115234,55.84000015258789,26.957006454467773,1604400
2008-12-09,55.45000076293945,56.18000030517578,53.9900016784668,54.27000045776367,26.1990909576416,1392000
2008-12-10,54.650001525878906,56.099998474121094,54.209999084472656,54.849998474121094,26.479074478149414,1632500
2008-12-11,54.61000061035156,56.43000030517578,54.290000915527344,54.66999816894531,26.392183303833008,1397200
2008-12-12,53.310001373291016,54.130001068115234,52.65999984741211,54.130001068115234,26.131486892700195,2152700
2008-12-15,53.9900016784668,54.720001220703125,52.43000030517578,53.09000015258789,25.629432678222656,2089800
2008-12-16,53.470001220703125,54.5099983215332,52.650001525878906,54.11000061035156,26.121843338012695,3698900
2008-12-17,53.59000015258789,53.599998474121094,51.56999969482422,52.4900016784668,25.33978271484375,2531300
2008-12-18,52.84000015258789,54.209999084472656,51.84000015258789,52.41999816894531,25.305980682373047,3000800
2008-12-19,52.47999954223633,52.720001220703125,49.77000045776367,49.97999954223633,24.128067016601562,4804600
2008-12-22,49.9900016784668,50.15999984741211,48.209999084472656,49.09000015258789,23.698413848876953,2621200
2008-12-23,48.02000045776367,48.61000061035156,45.81999969482422,45.97999954223633,22.19704246520996,2502500
2008-12-24,46.189998626708984,46.220001220703125,44.810001373291016,45.91999816894531,22.168088912963867,655000
2008-12-26,46.209999084472656,46.52000045776367,45.619998931884766,45.93000030517578,22.17291259765625,731200
2008-12-29,46.27000045776367,46.75,45.939998626708984,46.630001068115234,22.510835647583008,1581100
2008-12-30,47.0,47.84000015258789,46.779998779296875,47.5099983215332,22.935659408569336,1560100
2008-12-31,47.77000045776367,48.849998474121094,47.369998931884766,48.58000183105469,23.452205657958984,1637200
2009-01-02,48.52000045776367,49.9900016784668,48.11000061035156,49.65999984741211,23.973581314086914,1890600
2009-01-05,49.540000915527344,52.0,49.43000030517578,51.779998779296875,24.997028350830078,3376700
2009-01-06,50.5099983215332,52.06999969482422,50.5,51.25,24.741153717041016,3425000
2009-01-07,50.599998474121094,51.099998474121094,48.38999938964844,48.5099983215332,23.418413162231445,3066200
2009-01-08,48.189998626708984,48.470001220703125,47.02000045776367,47.7599983215332,23.056346893310547,3116000
2009-01-09,47.68000030517578,49.439998626708984,47.38999938964844,48.900001525878906,23.606687545776367,2316900
2009-01-12,48.93000030517578,49.880001068115234,48.2599983215332,48.68000030517578,23.50048065185547,1931700
2009-01-13,48.59000015258789,48.59000015258789,47.119998931884766,47.849998474121094,23.09979248046875,2224600
2009-01-14,47.15999984741211,48.45000076293945,45.810001373291016,48.08000183105469,23.210830688476562,3547200
2009-01-15,47.959999084472656,49.09000015258789,47.4900016784668,49.0,23.654966354370117,2895600
2009-01-16,49.619998931884766,50.36000061035156,49.16999816894531,50.029998779296875,24.15220069885254,2528500
2009-01-20,49.880001068115234,50.630001068115234,49.040000915527344,49.09000015258789,23.698413848876953,2141000
2009-01-21,49.709999084472656,50.29999923706055,48.47999954223633,49.95000076293945,24.11358642578125,3509300
2009-01-22,49.540000915527344,51.16999816894531,49.0099983215332,50.5,24.37908935546875,3466000
2009-01-23,49.63999938964844,50.0,48.66999816894531,49.56999969482422,23.930131912231445,2468300
2009-01-26,49.56999969482422,52.0,49.279998779296875,51.63999938964844,24.929433822631836,2680800
2009-01-27,51.810001373291016,52.2599983215332,51.38999938964844,51.59000015258789,24.905296325683594,2437000
2009-01-28,51.91999816894531,52.52000045776367,51.540000915527344,52.11000061035156,25.156335830688477,2189000
2009-01-29,52.09000015258789,52.849998474121094,51.56999969482422,52.56999969482422,25.37840461730957,2825000
2009-01-30,52.619998931884766,52.75,49.65999984741211,49.9900016784668,24.132892608642578,2839300
2009-02-02,49.599998474121094,51.189998626708984,49.119998931884766,50.810001373291016,24.52875518798828,2567000
2009-02-03,51.0,51.810001373291016,50.33000183105469,51.58000183105469,24.900470733642578,2027400
2009-02-04,51.619998931884766,52.0,50.45000076293945,50.970001220703125,24.871191024780273,2249100
2009-02-05,50.9900016784668,52.5099983215332,50.599998474121094,51.95000076293945,25.349384307861328,2943000
2009-02-06,52.310001373291016,53.630001068115234,51.08000183105469,52.959999084472656,25.84222984313965,2796000
2009-02-09,52.68000030517578,53.380001068115234,51.91999816894531,52.810001373291016,25.769041061401367,2363800
2009-02-10,52.33000183105469,52.810001373291016,51.18000030517578,51.7400016784668,25.246919631958008,3341000
2009-02-11,51.90999984741211,51.91999816894531,50.91999816894531,51.560001373291016,25.159088134765625,2342700
2009-02-12,50.540000915527344,51.75,49.9900016784668,51.75,25.25180435180664,3281800
2009-02-13,51.650001525878906,52.31999969482422,51.25,51.36000061035156,25.061492919921875,1580700
2009-02-17,50.720001220703125,50.720001220703125,47.86000061035156,48.0,23.421953201293945,3094600
2009-02-18,48.13999938964844,48.31999969482422,46.90999984741211,47.22999954223633,23.046226501464844,2702200
2009-02-19,47.47999954223633,48.93000030517578,47.47999954223633,48.220001220703125,23.529294967651367,2817700
2009-02-20,48.43000030517578,48.43000030517578,46.79999923706055,47.38999938964844,23.124298095703125,2795200
2009-02-23,47.650001525878906,48.06999969482422,45.279998779296875,45.43000030517578,22.16790771484375,3852500
2009-02-24,46.380001068115234,48.29999923706055,45.95000076293945,48.02000045776367,23.431720733642578,3430100
2009-02-25,47.880001068115234,47.880001068115234,44.720001220703125,45.779998779296875,22.338687896728516,4156000
2009-02-26,45.9900016784668,46.0,43.40999984741211,43.5,21.22615623474121,2643000
2009-02-27,42.79999923706055,43.310001373291016,41.75,42.560001373291016,20.76746368408203,2377200
2009-03-02,41.93000030517578,42.36000061035156,40.45000076293945,40.52000045776367,19.772029876708984,2598700
2009-03-03,40.970001220703125,41.310001373291016,39.560001373291016,39.56999969482422,19.30847930908203,2865600
2009-03-04,40.20000076293945,40.5099983215332,39.540000915527344,39.86000061035156,19.44999122619629,2642600
2009-03-05,39.130001068115234,39.130001068115234,37.25,37.61000061035156,18.352081298828125,2358700
2009-03-06,37.88999938964844,38.93000030517578,36.54999923706055,37.540000915527344,18.317922592163086,2137500
2009-03-09,37.27000045776367,37.459999084472656,36.34000015258789,37.04999923706055,18.07882308959961,3398900
2009-03-10,37.72999954223633,38.93000030517578,37.38999938964844,37.880001068115234,18.48383903503418,2337300
2009-03-11,38.09000015258789,38.29999923706055,36.9900016784668,37.189998626708984,18.147138595581055,1929000
2009-03-12,37.060001373291016,37.099998474121094,36.04999923706055,36.91999816894531,18.01538848876953,2064000
2009-03-13,37.150001525878906,37.34000015258789,35.630001068115234,35.790000915527344,17.46399688720703,5117400
2009-03-16,36.119998931884766,38.099998474121094,35.91999816894531,37.209999084472656,18.156896591186523,2245700
2009-03-17,37.0099983215332,37.599998474121094,36.599998474121094,37.599998474121094,18.347196578979492,2277800
2009-03-18,37.279998779296875,38.84000015258789,36.2400016784668,38.36000061035156,18.71805191040039,2262400
2009-03-19,38.68000030517578,38.779998779296875,37.56999969482422,38.63999938964844,18.854673385620117,2474200
2009-03-20,38.689998626708984,40.29999923706055,38.689998626708984,39.650001525878906,19.347517013549805,4358300
2009-03-23,39.97999954223633,40.43000030517578,38.97999954223633,40.189998626708984,19.611013412475586,3446500
2009-03-24,40.119998931884766,40.27000045776367,39.31999969482422,39.36000061035156,19.206005096435547,2733400
2009-03-25,39.4900016784668,40.560001373291016,39.209999084472656,39.790000915527344,19.41582489013672,2337700
2009-03-26,40.189998626708984,40.95000076293945,39.560001373291016,40.86000061035156,19.937938690185547,2412500
2009-03-27,40.40999984741211,40.849998474121094,40.08000183105469,40.29999923706055,19.664684295654297,1667900
2009-03-30,39.529998779296875,39.79999923706055,38.189998626708984,38.77000045776367,18.918115615844727,2151800
2009-03-31,38.9900016784668,39.349998474121094,38.08000183105469,38.599998474121094,18.835159301757812,3290900
2009-04-01,38.060001373291016,38.97999954223633,38.060001373291016,38.7599983215332,18.913232803344727,2458600
2009-04-02,39.470001220703125,40.08000183105469,38.81999969482422,39.470001220703125,19.259685516357422,3456900
2009-04-03,39.58000183105469,39.95000076293945,39.04999923706055,39.439998626708984,19.24504280090332,1631700
2009-04-06,39.029998779296875,39.56999969482422,38.40999984741211,38.630001068115234,18.84979248046875,2007700
2009-04-07,38.209999084472656,38.91999816894531,37.709999084472656,38.47999954223633,18.776601791381836,2387900
2009-04-08,38.54999923706055,39.97999954223633,38.310001373291016,39.90999984741211,19.47437858581543,2594000
2009-04-09,40.65999984741211,41.02000045776367,39.689998626708984,40.209999084472656,19.62076187133789,2632300
2009-04-13,39.9900016784668,39.9900016784668,39.34000015258789,39.56999969482422,19.30847930908203,965300
2009-04-14,39.29999923706055,39.529998779296875,38.52000045776367,38.58000183105469,18.825408935546875,1698800
2009-04-15,38.720001220703125,39.650001525878906,38.58000183105469,39.58000183105469,19.31336212158203,1960500
2009-04-16,39.86000061035156,40.52000045776367,39.09000015258789,40.41999816894531,19.723243713378906,2495200
2009-04-17,40.43000030517578,40.66999816894531,39.939998626708984,40.15999984741211,19.59638023376465,2024900
2009-04-20,39.86000061035156,39.86000061035156,38.91999816894531,39.0,19.03034019470215,1555500
2009-04-21,38.90999984741211,39.84000015258789,38.90999984741211,39.40999984741211,19.230403900146484,1757500
2009-04-22,38.91999816894531,40.09000015258789,38.5,39.380001068115234,19.215763092041016,2460300
2009-04-23,39.2599983215332,40.09000015258789,39.099998474121094,39.97999954223633,19.50853729248047,1867400
2009-04-24,40.380001068115234,40.380001068115234,39.66999816894531,40.040000915527344,19.53782081604004,1965400
2009-04-27,39.849998474121094,40.65999984741211,39.61000061035156,40.5099983215332,19.767152786254883,2244700
2009-04-28,40.22999954223633,40.47999954223633,39.7599983215332,40.099998474121094,19.56709861755371,1339800
2009-04-29,40.279998779296875,40.5,39.970001220703125,40.4900016784668,19.757400512695312,1505100
2009-04-30,40.880001068115234,41.33000183105469,40.20000076293945,40.900001525878906,19.957460403442383,3828500
2009-05-01,41.0,42.38999938964844,40.880001068115234,42.380001068115234,20.67963218688965,2407000
2009-05-04,42.9900016784668,43.06999969482422,41.810001373291016,42.95000076293945,20.95777702331543,2094500
2009-05-05,42.61000061035156,42.66999816894531,41.63999938964844,42.0099983215332,20.764999389648438,2552500
2009-05-06,42.130001068115234,42.38999938964844,40.720001220703125,41.470001220703125,20.498083114624023,4485200
2009-05-07,41.470001220703125,42.34000015258789,41.130001068115234,41.84000015258789,20.68097686767578,3695600
2009-05-08,42.33000183105469,43.290000915527344,41.22999954223633,42.47999954223633,20.997318267822266,2572100
2009-05-11,42.08000183105469,42.279998779296875,41.31999969482422,41.66999816894531,20.596939086914062,2222800
2009-05-12,41.95000076293945,42.290000915527344,41.400001525878906,42.18000030517578,20.849031448364258,1622200
2009-05-13,41.72999954223633,42.43000030517578,41.06999969482422,41.11000061035156,20.32014274597168,2007400
2009-05-14,41.2599983215332,41.40999984741211,40.119998931884766,40.34000015258789,19.939538955688477,3282900
2009-05-15,35.560001373291016,36.7400016784668,35.2599983215332,36.470001220703125,18.02665138244629,12300100
2009-05-18,36.810001373291016,36.810001373291016,36.2400016784668,36.5099983215332,18.046419143676758,5511300
2009-05-19,36.45000076293945,37.58000183105469,36.45000076293945,37.31999969482422,18.446788787841797,4590700
2009-05-20,37.83000183105469,37.83000183105469,37.150001525878906,37.36000061035156,18.46656608581543,4395500
2009-05-21,36.9900016784668,37.59000015258789,36.900001525878906,37.189998626708984,18.382537841796875,4974000
2009-05-22,37.20000076293945,37.56999969482422,36.959999084472656,37.0,18.288623809814453,2847000
2009-05-26,37.040000915527344,38.18000030517578,36.689998626708984,37.900001525878906,18.733484268188477,3992500
2009-05-27,37.9900016784668,38.04999923706055,37.119998931884766,37.25,18.412193298339844,3071200
2009-05-28,37.630001068115234,38.119998931884766,37.08000183105469,37.77000045776367,18.669221878051758,2008800
2009-05-29,37.88999938964844,38.150001525878906,37.18000030517578,37.790000915527344,18.67911148071289,3258900
2009-06-01,38.13999938964844,39.38999938964844,37.959999084472656,39.31999969482422,19.43536376953125,3124300
2009-06-02,38.619998931884766,39.209999084472656,38.25,38.58000183105469,19.069604873657227,5116500
2009-06-03,41.0,41.06999969482422,38.52000045776367,39.369998931884766,19.460073471069336,6292600
2009-06-04,39.5,39.7400016784668,38.90999984741211,39.41999816894531,19.48479461669922,3552800
2009-06-05,39.79999923706055,40.040000915527344,38.86000061035156,39.130001068115234,19.34145164489746,2952200
2009-06-08,39.0,39.189998626708984,37.83000183105469,38.33000183105469,18.946025848388672,2849400
2009-06-09,38.439998626708984,38.529998779296875,37.66999816894531,37.77000045776367,18.669221878051758,2626000
2009-06-10,38.040000915527344,38.439998626708984,37.599998474121094,38.18000030517578,18.87188720703125,2840000
2009-06-11,38.15999984741211,39.709999084472656,38.15999984741211,39.09000015258789,19.321680068969727,3887000
2009-06-12,39.0099983215332,40.599998474121094,38.560001373291016,40.47999954223633,20.008745193481445,4120800
2009-06-15,40.31999969482422,41.0,39.27000045776367,39.40999984741211,19.4798526763916,3381700
2009-06-16,39.54999923706055,39.959999084472656,38.95000076293945,39.220001220703125,19.38593292236328,2433100
2009-06-17,39.13999938964844,39.58000183105469,38.5099983215332,38.66999816894531,19.11408233642578,2843100
2009-06-18,38.810001373291016,39.459999084472656,38.63999938964844,39.209999084472656,19.380996704101562,2825700
2009-06-19,39.45000076293945,39.4900016784668,38.34000015258789,38.58000183105469,19.069604873657227,3260300
2009-06-22,38.209999084472656,39.2400016784668,38.209999084472656,38.540000915527344,19.04982566833496,2545000
2009-06-23,38.4900016784668,38.650001525878906,37.70000076293945,38.029998779296875,18.7977352142334,2075800
2009-06-24,38.16999816894531,38.61000061035156,38.0,38.369998931884766,18.96579933166504,2462600
2009-06-25,38.41999816894531,39.66999816894531,38.22999954223633,39.4900016784668,19.51940155029297,3104700
2009-06-26,39.459999084472656,39.529998779296875,39.06999969482422,39.38999938964844,19.469970703125,2318600
2009-06-29,38.72999954223633,39.66999816894531,38.599998474121094,39.52000045776367,19.53422737121582,2040700
2009-06-30,39.45000076293945,39.560001373291016,38.349998474121094,38.75,19.153621673583984,2876900
2009-07-01,38.86000061035156,39.58000183105469,38.86000061035156,39.33000183105469,19.4403133392334,1445800
2009-07-02,39.0,39.0,37.689998626708984,37.689998626708984,18.629684448242188,1922000
2009-07-06,37.619998931884766,38.189998626708984,37.18000030517578,38.08000183105469,18.822458267211914,1983900
2009-07-07,37.95000076293945,38.36000061035156,37.459999084472656,37.65999984741211,18.614852905273438,2205700
2009-07-08,37.72999954223633,38.09000015258789,36.86000061035156,37.189998626708984,18.382537841796875,2761600
2009-07-09,37.20000076293945,39.209999084472656,36.72999954223633,38.970001220703125,19.262367248535156,6832300
2009-07-10,38.65999984741211,39.2400016784668,38.25,39.02000045776367,19.287084579467773,2508200
2009-07-13,38.849998474121094,39.810001373291016,38.849998474121094,39.779998779296875,19.66274070739746,3177600
2009-07-14,39.75,40.2599983215332,39.599998474121094,40.2599983215332,19.899999618530273,2538900
2009-07-15,40.650001525878906,41.029998779296875,40.4900016784668,40.95000076293945,20.24105453491211,2100900
2009-07-16,40.84000015258789,41.06999969482422,40.15999984741211,40.79999923706055,20.166908264160156,2425400
2009-07-17,40.70000076293945,40.810001373291016,40.16999816894531,40.650001525878906,20.092775344848633,1586800
2009-07-20,40.7599983215332,41.0,40.380001068115234,40.91999816894531,20.226226806640625,1414000
2009-07-21,41.380001068115234,41.38999938964844,40.790000915527344,41.15999984741211,20.344858169555664,2020600
2009-07-22,41.25,41.290000915527344,40.56999969482422,40.72999954223633,20.132320404052734,1357400
2009-07-23,40.75,42.279998779296875,40.70000076293945,42.09000015258789,20.80454444885254,1968700
2009-07-24,41.959999084472656,42.86000061035156,41.83000183105469,42.81999969482422,21.165374755859375,1462100
2009-07-27,42.810001373291016,42.9900016784668,42.369998931884766,42.7599983215332,21.135705947875977,1147200
2009-07-28,42.310001373291016,42.63999938964844,41.189998626708984,41.65999984741211,20.591999053955078,2945500
2009-07-29,41.900001525878906,41.95000076293945,41.209999084472656,41.34000015258789,20.4338321685791,2072200
2009-07-30,41.349998474121094,42.040000915527344,41.279998779296875,41.599998474121094,20.562341690063477,2304200
2009-07-31,41.459999084472656,41.79999923706055,41.08000183105469,41.20000076293945,20.364627838134766,3519500
2009-08-03,42.61000061035156,42.61000061035156,41.33000183105469,41.900001525878906,20.710630416870117,2720100
2009-08-04,41.93000030517578,41.93000030517578,41.189998626708984,41.4900016784668,20.507978439331055,2179800
2009-08-05,41.41999816894531,41.68000030517578,40.70000076293945,41.369998931884766,20.723369598388672,3004300
2009-08-06,41.470001220703125,42.029998779296875,41.38999938964844,41.959999084472656,21.018924713134766,2114800
2009-08-07,42.099998474121094,43.0099983215332,42.029998779296875,42.869998931884766,21.474763870239258,2651400
2009-08-10,42.790000915527344,43.09000015258789,42.099998474121094,43.040000915527344,21.559921264648438,1256700
2009-08-11,42.970001220703125,43.06999969482422,42.36000061035156,42.97999954223633,21.52985954284668,2628000
2009-08-12,42.75,43.61000061035156,42.56999969482422,43.38999938964844,21.735244750976562,2341900
2009-08-13,43.650001525878906,43.68000030517578,42.790000915527344,43.599998474121094,21.84044075012207,1593900
2009-08-14,43.59000015258789,44.18000030517578,43.47999954223633,44.18000030517578,22.1309871673584,2391900
2009-08-17,43.84000015258789,44.0,43.20000076293945,43.529998779296875,21.80537223815918,2007100
2009-08-18,43.5099983215332,43.7400016784668,43.150001525878906,43.689998626708984,21.88551902770996,1941400
2009-08-19,43.380001068115234,44.06999969482422,43.25,43.97999954223633,22.030784606933594,2115600
2009-08-20,44.08000183105469,44.310001373291016,43.70000076293945,44.27000045776367,22.176061630249023,1660100
2009-08-21,44.58000183105469,45.439998626708984,44.5,45.380001068115234,22.732097625732422,1701500
2009-08-24,45.34000015258789,45.869998931884766,45.25,45.650001525878906,22.86734390258789,1278200
2009-08-25,45.709999084472656,45.880001068115234,45.2599983215332,45.290000915527344,22.6870059967041,1631000
2009-08-26,45.29999923706055,45.540000915527344,44.88999938964844,45.40999984741211,22.747119903564453,1554200
2009-08-27,45.470001220703125,45.720001220703125,45.09000015258789,45.61000061035156,22.847305297851562,2143300
2009-08-28,45.790000915527344,45.79999923706055,45.209999084472656,45.72999954223633,22.907411575317383,2249200
2009-08-31,45.63999938964844,45.86000061035156,45.0,45.130001068115234,22.60686683654785,1776800
2009-09-01,45.08000183105469,45.720001220703125,44.86000061035156,45.0099983215332,22.546751022338867,2492300
2009-09-02,44.88999938964844,45.20000076293945,44.459999084472656,44.709999084472656,22.396467208862305,2304000
2009-09-03,44.970001220703125,45.56999969482422,44.68000030517578,45.459999084472656,22.772165298461914,2931700
2009-09-04,45.31999969482422,45.970001220703125,45.31999969482422,45.869998931884766,22.9775390625,1579300
2009-09-08,46.33000183105469,46.33000183105469,45.630001068115234,46.02000045776367,23.052675247192383,1793800
2009-09-09,45.970001220703125,46.34000015258789,45.86000061035156,46.33000183105469,23.20797348022461,2395600
2009-09-10,46.43000030517578,46.72999954223633,46.2599983215332,46.599998474121094,23.34323501586914,2071800
2009-09-11,46.619998931884766,46.77000045776367,45.7400016784668,45.90999984741211,22.997583389282227,2454200
2009-09-14,45.810001373291016,46.630001068115234,45.72999954223633,46.59000015258789,23.338212966918945,1834000
2009-09-15,46.529998779296875,46.93000030517578,46.0099983215332,46.83000183105469,23.45844268798828,1748900
2009-09-16,46.83000183105469,47.81999969482422,46.529998779296875,47.7599983215332,23.92429542541504,1707700
2009-09-17,47.59000015258789,47.77000045776367,46.689998626708984,46.79999923706055,23.443408966064453,2929800
2009-09-18,47.33000183105469,47.400001525878906,46.869998931884766,46.97999954223633,23.5335750579834,3355300
2009-09-21,46.7599983215332,47.439998626708984,46.58000183105469,47.04999923706055,23.568639755249023,3025700
2009-09-22,47.18000030517578,47.400001525878906,46.779998779296875,47.130001068115234,23.608707427978516,1914400
2009-09-23,47.029998779296875,47.58000183105469,46.810001373291016,46.86000061035156,23.473472595214844,1860800
2009-09-24,46.869998931884766,47.18000030517578,46.189998626708984,46.369998931884766,23.228012084960938,2221700
2009-09-25,46.27000045776367,46.380001068115234,45.63999938964844,45.66999816894531,22.877357482910156,2386100
2009-09-28,45.7400016784668,46.54999923706055,45.70000076293945,46.209999084472656,23.147855758666992,1215800
2009-09-29,46.38999938964844,46.38999938964844,45.97999954223633,46.150001525878906,23.117807388305664,1309500
2009-09-30,46.119998931884766,46.20000076293945,44.959999084472656,45.720001220703125,22.90240478515625,2906300
2009-10-01,45.689998626708984,45.810001373291016,44.720001220703125,44.720001220703125,22.40147590637207,1495800
2009-10-02,44.4900016784668,44.959999084472656,43.86000061035156,44.790000915527344,22.43655014038086,2161700
2009-10-05,44.959999084472656,45.43000030517578,44.369998931884766,45.33000183105469,22.707042694091797,1386200
2009-10-06,46.83000183105469,46.83000183105469,45.040000915527344,46.040000915527344,23.062698364257812,2153200
2009-10-07,45.88999938964844,45.88999938964844,45.06999969482422,45.25,22.666967391967773,2321100
2009-10-08,45.5099983215332,45.61000061035156,45.099998474121094,45.38999938964844,22.737091064453125,1482700
2009-10-09,45.400001525878906,45.90999984741211,45.130001068115234,45.810001373291016,22.947494506835938,1677600
2009-10-12,45.81999969482422,46.16999816894531,45.650001525878906,46.04999923706055,23.067705154418945,989200
2009-10-13,46.02000045776367,46.40999984741211,45.65999984741211,46.380001068115234,23.233020782470703,2084600
2009-10-14,46.650001525878906,46.79999923706055,46.279998779296875,46.5,23.293128967285156,1533900
2009-10-15,46.45000076293945,47.15999984741211,46.400001525878906,47.15999984741211,23.623741149902344,1577000
2009-10-16,46.90999984741211,47.4900016784668,46.79999923706055,47.130001068115234,23.608707427978516,2215300
2009-10-19,47.290000915527344,47.619998931884766,46.720001220703125,47.34000015258789,23.713911056518555,2917200
2009-10-20,47.470001220703125,47.689998626708984,46.13999938964844,46.47999954223633,23.283105850219727,2636100
2009-10-21,46.52000045776367,47.16999816894531,46.36000061035156,46.459999084472656,23.273099899291992,3583200
2009-10-22,46.560001373291016,46.630001068115234,45.75,46.54999923706055,23.318174362182617,2258900
2009-10-23,46.7599983215332,46.90999984741211,45.529998779296875,45.93000030517578,23.00760841369629,1979100
2009-10-26,46.04999923706055,46.630001068115234,44.91999816894531,44.9900016784668,22.536725997924805,2838500
2009-10-27,43.599998474121094,45.11000061035156,43.599998474121094,43.9900016784668,22.035802841186523,4365500
2009-10-28,43.72999954223633,44.02000045776367,43.0099983215332,43.66999816894531,21.875507354736328,3874300
2009-10-29,43.75,44.41999816894531,43.20000076293945,44.36000061035156,22.22114372253418,2646400
2009-10-30,44.279998779296875,44.36000061035156,42.90999984741211,43.279998779296875,21.680133819580078,3144000
2009-11-02,43.400001525878906,43.400001525878906,42.25,42.45000076293945,21.264371871948242,3037500
2009-11-03,42.310001373291016,42.650001525878906,41.939998626708984,42.040000915527344,21.058988571166992,2423800
2009-11-04,41.689998626708984,42.66999816894531,41.650001525878906,42.0,21.31785774230957,2536700
2009-11-05,42.150001525878906,42.72999954223633,42.11000061035156,42.61000061035156,21.62747573852539,1518300
2009-11-06,42.369998931884766,42.83000183105469,42.16999816894531,42.38999938964844,21.51580238342285,1676600
2009-11-09,42.560001373291016,43.2400016784668,42.459999084472656,43.220001220703125,21.93707847595215,2000000
2009-11-10,43.09000015258789,43.38999938964844,43.0099983215332,43.22999954223633,21.94215965270996,1936400
2009-11-11,43.43000030517578,43.45000076293945,42.72999954223633,42.810001373291016,21.72898292541504,1697500
2009-11-12,42.720001220703125,42.849998474121094,41.56999969482422,41.63999938964844,21.135135650634766,3732700
2009-11-13,41.70000076293945,42.40999984741211,41.650001525878906,42.06999969482422,21.353384017944336,2433700
2009-11-16,42.36000061035156,42.72999954223633,42.20000076293945,42.56999969482422,21.60717010498047,2276000
2009-11-17,42.56999969482422,42.72999954223633,42.2599983215332,42.650001525878906,21.647769927978516,1681100
2009-11-18,42.560001373291016,42.86000061035156,42.5,42.68000030517578,21.66299819946289,1567100
2009-11-19,42.52000045776367,42.709999084472656,41.81999969482422,42.04999923706055,21.343231201171875,1626400
2009-11-20,42.15999984741211,42.310001373291016,41.90999984741211,41.95000076293945,21.292478561401367,2281900
2009-11-23,42.11000061035156,42.63999938964844,41.95000076293945,42.11000061035156,21.373685836791992,2836200
2009-11-24,42.119998931884766,42.40999984741211,41.93000030517578,42.400001525878906,21.520875930786133,2349800
2009-11-25,42.52000045776367,43.25,42.150001525878906,43.15999984741211,21.90662956237793,2026400
2009-11-27,42.70000076293945,43.060001373291016,42.099998474121094,42.61000061035156,21.62747573852539,779900
2009-11-30,42.599998474121094,43.15999984741211,42.400001525878906,43.08000183105469,21.866031646728516,2469400
2009-12-01,43.33000183105469,43.560001373291016,43.22999954223633,43.45000076293945,22.053823471069336,2384100
2009-12-02,43.56999969482422,44.029998779296875,43.33000183105469,43.900001525878906,22.28223419189453,2515900
2009-12-03,44.459999084472656,45.31999969482422,44.040000915527344,44.91999816894531,22.79995346069336,3094600
2009-12-04,44.709999084472656,45.439998626708984,43.90999984741211,44.599998474121094,22.637523651123047,4268700
2009-12-07,44.65999984741211,45.150001525878906,44.36000061035156,44.900001525878906,22.7898006439209,2587400
2009-12-08,44.68000030517578,44.849998474121094,44.2599983215332,44.400001525878906,22.5360107421875,1798000
2009-12-09,44.52000045776367,44.849998474121094,44.369998931884766,44.810001373291016,22.744123458862305,1995200
2009-12-10,44.9900016784668,45.869998931884766,44.9900016784668,45.81999969482422,23.256763458251953,2267500
2009-12-11,46.150001525878906,46.84000015258789,46.0,46.689998626708984,23.69835090637207,2355600
2009-12-14,47.11000061035156,47.34000015258789,46.77000045776367,47.279998779296875,23.997802734375,2157800
2009-12-15,47.02000045776367,47.34000015258789,46.81999969482422,47.2400016784668,23.977500915527344,1946800
2009-12-16,46.75,46.900001525878906,46.34000015258789,46.400001525878906,23.551151275634766,3147500
2009-12-17,46.29999923706055,46.869998931884766,46.02000045776367,46.77000045776367,23.738954544067383,2472800
2009-12-18,46.77000045776367,47.470001220703125,46.56999969482422,46.869998931884766,23.789709091186523,3258400
2009-12-21,47.13999938964844,47.68000030517578,46.90999984741211,47.18000030517578,23.947052001953125,1488600
2009-12-22,47.349998474121094,47.61000061035156,46.790000915527344,46.880001068115234,23.794788360595703,1531700
2009-12-23,46.959999084472656,47.400001525878906,46.65999984741211,47.33000183105469,24.023193359375,1479600
2009-12-24,47.34000015258789,47.540000915527344,47.29999923706055,47.459999084472656,24.089174270629883,329400
2009-12-28,47.630001068115234,47.630001068115234,47.130001068115234,47.310001373291016,24.013038635253906,876400
2009-12-29,47.27000045776367,47.540000915527344,47.16999816894531,47.29999923706055,24.007953643798828,1116100
2009-12-30,47.18000030517578,47.630001068115234,47.13999938964844,47.4900016784668,24.104398727416992,1410800
2009-12-31,47.43000030517578,47.77000045776367,46.40999984741211,46.45000076293945,23.576536178588867,929800
2010-01-04,46.619998931884766,46.91999816894531,46.40999984741211,46.77000045776367,23.738954544067383,1840900
2010-01-05,46.650001525878906,46.84000015258789,45.66999816894531,46.25,23.475021362304688,2922100
2010-01-06,46.29999923706055,46.849998474121094,46.02000045776367,46.75,23.728792190551758,3426300
2010-01-07,46.56999969482422,46.7400016784668,45.97999954223633,46.04999923706055,23.373506546020508,2327700
2010-01-08,45.95000076293945,46.09000015258789,45.529998779296875,45.810001373291016,23.25168800354004,2286900
2010-01-11,46.08000183105469,46.79999923706055,45.970001220703125,46.61000061035156,23.657745361328125,2026900
2010-01-12,46.959999084472656,46.959999084472656,46.369998931884766,46.68000030517578,23.693265914916992,2687400
2010-01-13,46.66999816894531,47.09000015258789,46.38999938964844,46.95000076293945,23.830310821533203,1556000
2010-01-14,46.84000015258789,46.95000076293945,46.54999923706055,46.869998931884766,23.789709091186523,2144200
2010-01-15,46.84000015258789,46.84000015258789,45.900001525878906,46.689998626708984,23.69835090637207,2244200
2010-01-19,46.58000183105469,47.060001373291016,46.380001068115234,47.029998779296875,23.870922088623047,1640700
2010-01-20,46.880001068115234,46.880001068115234,45.900001525878906,46.369998931884766,23.535930633544922,2068500
2010-01-21,46.20000076293945,46.5099983215332,45.02000045776367,45.13999938964844,22.91161346435547,2436000
2010-01-22,45.130001068115234,45.130001068115234,44.11000061035156,44.130001068115234,22.398967742919922,2450700
2010-01-25,44.689998626708984,44.779998779296875,44.099998474121094,44.38999938964844,22.530942916870117,1892700
2010-01-26,44.34000015258789,44.869998931884766,44.11000061035156,44.61000061035156,22.64259910583496,2277800
2010-01-27,44.439998626708984,44.439998626708984,43.540000915527344,44.220001220703125,22.444652557373047,2259900
2010-01-28,44.279998779296875,44.459999084472656,43.540000915527344,43.65999984741211,22.160411834716797,1445600
2010-01-29,43.790000915527344,44.15999984741211,43.540000915527344,43.619998931884766,22.14011573791504,1906900
2010-02-01,43.09000015258789,43.939998626708984,42.88999938964844,43.75,22.206090927124023,1837100
2010-02-02,43.70000076293945,44.13999938964844,43.150001525878906,44.099998474121094,22.383747100830078,2309300
2010-02-03,43.56999969482422,43.56999969482422,42.7599983215332,42.86000061035156,22.029098510742188,1537900
2010-02-04,42.709999084472656,42.9900016784668,41.86000061035156,41.91999816894531,21.54595947265625,2546000
2010-02-05,41.83000183105469,42.130001068115234,40.9900016784668,41.54999923706055,21.355789184570312,2330600
2010-02-08,41.79999923706055,41.79999923706055,40.9900016784668,40.9900016784668,21.067962646484375,1343500
2010-02-09,41.290000915527344,42.29999923706055,41.279998779296875,41.7400016784668,21.45343780517578,2909500
2010-02-10,41.70000076293945,41.720001220703125,41.13999938964844,41.459999084472656,21.309534072875977,1713700
2010-02-11,39.349998474121094,39.86000061035156,38.709999084472656,39.59000015258789,20.348392486572266,15876900
2010-02-12,39.650001525878906,39.720001220703125,38.66999816894531,39.189998626708984,20.142793655395508,9142500
2010-02-16,39.400001525878906,39.88999938964844,38.90999984741211,39.209999084472656,20.1530818939209,5027600
2010-02-17,39.5,39.5,38.470001220703125,38.56999969482422,19.82413101196289,4534900
2010-02-18,38.619998931884766,38.880001068115234,38.40999984741211,38.79999923706055,19.942346572875977,4062600
2010-02-19,38.650001525878906,39.869998931884766,38.599998474121094,39.70000076293945,20.40493392944336,3364800
2010-02-22,39.939998626708984,40.0,39.61000061035156,39.7400016784668,20.42548942565918,3966600
2010-02-23,39.709999084472656,39.709999084472656,39.08000183105469,39.209999084472656,20.1530818939209,2895300
2010-02-24,39.22999954223633,39.40999984741211,38.77000045776367,39.119998931884766,20.10681915283203,2784700
2010-02-25,38.77000045776367,39.15999984741211,38.400001525878906,39.06999969482422,20.081132888793945,3306300
2010-02-26,39.08000183105469,39.18000030517578,38.59000015258789,38.650001525878906,19.86525535583496,2972600
2010-03-01,38.790000915527344,39.2599983215332,38.75,39.06999969482422,20.081132888793945,2871700
2010-03-02,39.290000915527344,39.380001068115234,39.06999969482422,39.31999969482422,20.20961570739746,3457600
2010-03-03,39.45000076293945,39.45000076293945,38.75,38.91999816894531,20.004030227661133,3349800
2010-03-04,38.91999816894531,39.04999923706055,38.54999923706055,38.91999816894531,20.004030227661133,2272900
2010-03-05,39.16999816894531,39.61000061035156,38.869998931884766,39.61000061035156,20.358667373657227,2636600
2010-03-08,39.689998626708984,39.689998626708984,39.349998474121094,39.5099983215332,20.30727195739746,2363500
2010-03-09,39.54999923706055,39.54999923706055,39.16999816894531,39.459999084472656,20.281570434570312,2698200
2010-03-10,39.459999084472656,39.86000061035156,39.349998474121094,39.7599983215332,20.435771942138672,2954000
2010-03-11,39.7599983215332,39.849998474121094,39.59000015258789,39.72999954223633,20.420352935791016,2896800
2010-03-12,39.83000183105469,39.95000076293945,39.400001525878906,39.45000076293945,20.276432037353516,2499300
2010-03-15,39.470001220703125,39.79999923706055,39.310001373291016,39.689998626708984,20.399789810180664,3107400
2010-03-16,39.849998474121094,39.93000030517578,39.5099983215332,39.849998474121094,20.482032775878906,2441100
2010-03-17,39.95000076293945,40.119998931884766,39.77000045776367,39.9900016784668,20.553979873657227,2534400
2010-03-18,40.119998931884766,40.16999816894531,39.45000076293945,39.59000015258789,20.348392486572266,2950300
2010-03-19,39.779998779296875,39.97999954223633,39.400001525878906,39.779998779296875,20.446043014526367,4164300
2010-03-22,39.84000015258789,40.09000015258789,39.529998779296875,39.880001068115234,20.497440338134766,4265300
2010-03-23,39.90999984741211,40.59000015258789,39.83000183105469,40.439998626708984,20.785274505615234,3878100
2010-03-24,40.31999969482422,40.40999984741211,40.099998474121094,40.27000045776367,20.69789695739746,3697300
2010-03-25,40.0,40.310001373291016,38.959999084472656,39.0099983215332,20.050281524658203,4345800
2010-03-26,39.11000061035156,39.11000061035156,38.630001068115234,38.790000915527344,19.937210083007812,2513100
2010-03-29,38.88999938964844,39.04999923706055,38.310001373291016,38.9900016784668,20.040006637573242,3167900
2010-03-30,38.939998626708984,39.08000183105469,38.77000045776367,38.880001068115234,19.983455657958984,3373300
2010-03-31,38.810001373291016,39.2599983215332,38.5,39.09000015258789,20.091400146484375,3586200
2010-04-01,39.189998626708984,39.56999969482422,39.13999938964844,39.459999084472656,20.281570434570312,2678800
2010-04-05,39.5099983215332,39.61000061035156,39.279998779296875,39.52000045776367,20.312410354614258,2320200
2010-04-06,39.630001068115234,39.90999984741211,39.45000076293945,39.869998931884766,20.492307662963867,2777500
2010-04-07,39.88999938964844,39.900001525878906,39.43000030517578,39.52000045776367,20.312410354614258,3198700
2010-04-08,39.470001220703125,39.5,39.29999923706055,39.45000076293945,20.276432037353516,1991200
2010-04-09,39.540000915527344,39.58000183105469,39.209999084472656,39.56999969482422,20.338109970092773,2349300
2010-04-12,39.61000061035156,39.959999084472656,39.54999923706055,39.63999938964844,20.374086380004883,2118400
2010-04-13,39.61000061035156,39.720001220703125,39.22999954223633,39.25,20.173641204833984,5550300
2010-04-14,39.25,39.380001068115234,38.75,38.849998474121094,19.968048095703125,4691300
2010-04-15,38.779998779296875,38.849998474121094,38.540000915527344,38.59000015258789,19.83441162109375,5007200
2010-04-16,38.5099983215332,38.61000061035156,37.689998626708984,37.849998474121094,19.45406723022461,7734500
2010-04-19,37.91999816894531,37.91999816894531,37.5,37.540000915527344,19.29474449157715,5234700
2010-04-20,37.72999954223633,37.869998931884766,37.5,37.79999923706055,19.428373336791992,5259100
2010-04-21,37.9900016784668,38.02000045776367,37.630001068115234,37.68000030517578,19.366695404052734,4193500
2010-04-22,37.47999954223633,37.5,36.86000061035156,37.34000015258789,19.191946029663086,5327800
2010-04-23,37.400001525878906,37.529998779296875,37.09000015258789,37.5099983215332,19.27932357788086,3571400
2010-04-26,37.4900016784668,37.650001525878906,36.900001525878906,37.31999969482422,19.181663513183594,5614800
2010-04-27,37.27000045776367,37.79999923706055,36.900001525878906,36.900001525878906,18.96579360961914,3824300
2010-04-28,37.029998779296875,37.75,36.93000030517578,37.459999084472656,19.253616333007812,4643100
2010-04-29,37.70000076293945,38.15999984741211,37.2599983215332,37.400001525878906,19.22278594970703,4102400
2010-04-30,37.470001220703125,37.93000030517578,37.400001525878906,37.869998931884766,19.464345932006836,5280400
2010-05-03,38.0,38.060001373291016,37.5099983215332,37.849998474121094,19.45406723022461,3853500
2010-05-04,38.16999816894531,38.20000076293945,36.970001220703125,37.06999969482422,19.053165435791016,4781900
2010-05-05,36.72999954223633,36.72999954223633,35.650001525878906,35.720001220703125,18.63579750061035,5010400
2010-05-06,35.720001220703125,35.86000061035156,33.56999969482422,34.869998931884766,18.19232749938965,7925500
2010-05-07,34.869998931884766,35.40999984741211,34.45000076293945,35.060001373291016,18.291460037231445,6748900
2010-05-10,36.099998474121094,36.369998931884766,35.560001373291016,35.93000030517578,18.7453556060791,4226300
2010-05-11,35.75,36.29999923706055,35.5099983215332,35.869998931884766,18.714048385620117,3250100
2010-05-12,35.869998931884766,36.56999969482422,35.79999923706055,36.439998626708984,19.011428833007812,3512500
2010-05-13,36.5,37.459999084472656,36.349998474121094,36.7599983215332,19.178369522094727,4182300
2010-05-14,37.130001068115234,37.189998626708984,36.4900016784668,36.7400016784668,19.167940139770508,4137100
2010-05-17,36.790000915527344,36.790000915527344,35.970001220703125,36.54999923706055,19.06881332397461,4108700
2010-05-18,36.63999938964844,36.689998626708984,35.86000061035156,35.91999816894531,18.74013900756836,4563000
2010-05-19,35.7599983215332,36.099998474121094,35.5,35.72999954223633,18.641002655029297,4215900
2010-05-20,35.47999954223633,35.47999954223633,34.689998626708984,34.709999084472656,18.108858108520508,4303600
2010-05-21,34.11000061035156,34.880001068115234,34.06999969482422,34.880001068115234,18.197546005249023,4244500
2010-05-24,34.810001373291016,35.290000915527344,34.61000061035156,34.650001525878906,18.077552795410156,3907700
2010-05-25,34.09000015258789,34.41999816894531,33.599998474121094,34.380001068115234,17.936687469482422,4158900
2010-05-26,34.63999938964844,34.869998931884766,34.20000076293945,34.43000030517578,17.962779998779297,3307700
2010-05-27,34.90999984741211,35.2400016784668,34.58000183105469,35.2400016784668,18.385366439819336,2628800
2010-05-28,35.33000183105469,35.619998931884766,35.13999938964844,35.209999084472656,18.369714736938477,3421300
2010-06-01,34.9900016784668,35.0099983215332,34.029998779296875,34.029998779296875,17.75408935546875,3324600
2010-06-02,34.22999954223633,34.81999969482422,34.04999923706055,34.81999969482422,18.166250228881836,2789300
2010-06-03,34.9900016784668,35.650001525878906,34.81999969482422,35.56999969482422,18.55753517150879,3429700
2010-06-04,35.4900016784668,35.88999938964844,35.06999969482422,35.220001220703125,18.374927520751953,4785900
2010-06-07,35.34000015258789,36.529998779296875,35.2400016784668,36.15999984741211,18.8653507232666,6229100
2010-06-08,36.27000045776367,36.59000015258789,35.869998931884766,36.470001220703125,19.02707862854004,4719000
2010-06-09,36.540000915527344,36.619998931884766,35.97999954223633,36.119998931884766,18.844480514526367,3522200
2010-06-10,36.45000076293945,37.06999969482422,36.45000076293945,37.0,19.3035945892334,2403900
2010-06-11,36.689998626708984,36.970001220703125,36.5099983215332,36.880001068115234,19.240983963012695,1495900
2010-06-14,37.27000045776367,37.41999816894531,36.849998474121094,37.18000030517578,19.397499084472656,2433800
2010-06-15,37.41999816894531,37.880001068115234,37.34000015258789,37.869998931884766,19.757482528686523,2209300
2010-06-16,37.630001068115234,38.13999938964844,37.470001220703125,37.93000030517578,19.78879737854004,2139000
2010-06-17,38.06999969482422,38.59000015258789,37.790000915527344,38.540000915527344,20.107040405273438,3606500
2010-06-18,38.380001068115234,38.560001373291016,38.27000045776367,38.470001220703125,20.070526123046875,2078200
2010-06-21,38.31999969482422,38.68000030517578,37.54999923706055,37.75,19.694873809814453,3876500
2010-06-22,37.849998474121094,37.880001068115234,36.349998474121094,36.40999984741211,18.99577522277832,4540100
2010-06-23,36.5099983215332,36.72999954223633,35.97999954223633,36.099998474121094,18.834041595458984,2297700
2010-06-24,35.91999816894531,36.790000915527344,35.91999816894531,36.06999969482422,18.818387985229492,2480300
2010-06-25,36.060001373291016,36.13999938964844,35.560001373291016,36.0099983215332,18.787092208862305,4957600
2010-06-28,36.189998626708984,36.45000076293945,35.790000915527344,36.27000045776367,18.9227352142334,2304800
2010-06-29,36.0,36.0,35.279998779296875,35.470001220703125,18.505361557006836,2337500
2010-06-30,35.400001525878906,35.880001068115234,35.060001373291016,35.22999954223633,18.380151748657227,2770200
2010-07-01,35.09000015258789,35.279998779296875,34.65999984741211,34.959999084472656,18.239280700683594,2568200
2010-07-02,35.099998474121094,35.099998474121094,34.5099983215332,34.599998474121094,18.05146598815918,1891200
2010-07-06,35.13999938964844,35.380001068115234,34.61000061035156,34.97999954223633,18.24971580505371,6519000
2010-07-07,35.0,36.11000061035156,34.810001373291016,36.029998779296875,18.797521591186523,3731000
2010-07-08,36.119998931884766,36.52000045776367,36.029998779296875,36.40999984741211,18.99577522277832,2172700
2010-07-09,36.43000030517578,37.09000015258789,36.33000183105469,37.0099983215332,19.308807373046875,2773200
2010-07-12,36.9900016784668,37.27000045776367,36.72999954223633,37.2599983215332,19.439233779907227,2833900
2010-07-13,37.459999084472656,37.77000045776367,37.13999938964844,37.470001220703125,19.548795700073242,3287700
2010-07-14,37.38999938964844,37.65999984741211,37.08000183105469,37.52000045776367,19.57488441467285,1946900
2010-07-15,37.43000030517578,37.70000076293945,37.08000183105469,37.56999969482422,19.60097312927246,2073200
2010-07-16,37.400001525878906,37.54999923706055,37.0099983215332,37.11000061035156,19.36098861694336,3080000
2010-07-19,37.310001373291016,37.81999969482422,37.0,37.650001525878906,19.642711639404297,2272400
2010-07-20,37.22999954223633,38.0,37.18000030517578,37.939998626708984,19.79401397705078,3036300
2010-07-21,38.040000915527344,38.380001068115234,37.70000076293945,37.849998474121094,19.74704360961914,4579700
2010-07-22,38.189998626708984,38.75,38.099998474121094,38.43000030517578,20.049646377563477,3810900
2010-07-23,38.40999984741211,38.40999984741211,37.529998779296875,37.84000015258789,19.741836547851562,4655400
2010-07-26,38.13999938964844,38.13999938964844,37.66999816894531,37.869998931884766,19.757482528686523,2905900
2010-07-27,38.13999938964844,38.84000015258789,37.959999084472656,38.810001373291016,20.247900009155273,4136300
2010-07-28,38.63999938964844,39.0,38.529998779296875,38.72999954223633,20.20616340637207,3209100
2010-07-29,38.84000015258789,38.959999084472656,37.93000030517578,38.08000183105469,19.867046356201172,3920500
2010-07-30,37.95000076293945,37.959999084472656,37.47999954223633,37.70000076293945,19.66879653930664,3829200
2010-08-02,38.11000061035156,38.54999923706055,37.9900016784668,38.439998626708984,20.05486297607422,4072000
2010-08-03,38.119998931884766,39.060001373291016,38.119998931884766,38.599998474121094,20.138343811035156,3832900
2010-08-04,37.880001068115234,38.040000915527344,37.36000061035156,37.849998474121094,20.032482147216797,3648000
2010-08-05,37.619998931884766,37.83000183105469,37.40999984741211,37.709999084472656,19.958391189575195,2138800
2010-08-06,37.400001525878906,37.63999938964844,37.0,37.52000045776367,19.857831954956055,3179700
2010-08-09,37.65999984741211,37.72999954223633,37.25,37.470001220703125,19.831369400024414,2499700
2010-08-10,37.290000915527344,37.619998931884766,36.900001525878906,37.33000183105469,19.75727653503418,3220000
2010-08-11,36.93000030517578,36.970001220703125,36.15999984741211,36.29999923706055,19.212141036987305,3808000
2010-08-12,36.06999969482422,36.130001068115234,35.709999084472656,35.77000045776367,18.93162727355957,3002200
2010-08-13,35.720001220703125,36.56999969482422,35.68000030517578,36.2400016784668,19.18038558959961,3213000
2010-08-16,36.15999984741211,36.5099983215332,35.900001525878906,36.4900016784668,19.312692642211914,2856800
2010-08-17,36.68000030517578,37.33000183105469,36.52000045776367,37.060001373291016,19.6143798828125,3148000
2010-08-18,37.04999923706055,37.130001068115234,36.709999084472656,36.869998931884766,19.513816833496094,3773300
2010-08-19,36.68000030517578,36.720001220703125,36.09000015258789,36.16999816894531,19.143335342407227,4330500
2010-08-20,35.9900016784668,36.08000183105469,35.75,35.84000015258789,18.96866798400879,3193000
2010-08-23,36.029998779296875,36.369998931884766,35.709999084472656,36.08000183105469,19.095701217651367,7382600
2010-08-24,35.880001068115234,36.189998626708984,35.36000061035156,35.95000076293945,19.026893615722656,6087000
2010-08-25,35.86000061035156,36.0099983215332,35.380001068115234,35.88999938964844,18.995141983032227,4109300
2010-08-26,36.060001373291016,36.34000015258789,35.7400016784668,35.81999969482422,18.958091735839844,2958900
2010-08-27,35.970001220703125,36.7400016784668,35.720001220703125,36.65999984741211,19.40266990661621,2970600
2010-08-30,36.619998931884766,36.91999816894531,36.29999923706055,36.33000183105469,19.22801399230957,1760700
2010-08-31,36.40999984741211,36.70000076293945,35.959999084472656,36.529998779296875,19.333866119384766,2759600
2010-09-01,36.959999084472656,37.5099983215332,36.72999954223633,37.45000076293945,19.820783615112305,2988400
2010-09-02,37.630001068115234,37.630001068115234,37.060001373291016,37.459999084472656,19.826072692871094,2268700
2010-09-03,37.619998931884766,37.79999923706055,37.2400016784668,37.779998779296875,19.995441436767578,2134500
2010-09-07,37.68000030517578,38.119998931884766,37.400001525878906,37.43000030517578,19.810203552246094,2433200
2010-09-08,37.5,37.709999084472656,37.29999923706055,37.369998931884766,19.778444290161133,1911500
2010-09-09,37.689998626708984,37.84000015258789,37.47999954223633,37.599998474121094,19.900177001953125,2102900
2010-09-10,37.5,37.65999984741211,37.22999954223633,37.400001525878906,19.79433250427246,2126500
2010-09-13,37.61000061035156,37.709999084472656,37.31999969482422,37.34000015258789,19.7625675201416,1671800
2010-09-14,37.040000915527344,37.11000061035156,36.65999984741211,36.709999084472656,19.429136276245117,4150900
2010-09-15,36.689998626708984,36.7599983215332,36.2599983215332,36.529998779296875,19.333866119384766,4468400
2010-09-16,36.400001525878906,36.5099983215332,36.08000183105469,36.2400016784668,19.18038558959961,2165400
2010-09-17,36.54999923706055,36.61000061035156,36.130001068115234,36.310001373291016,19.21742820739746,3650900
2010-09-20,36.40999984741211,36.849998474121094,36.25,36.720001220703125,19.434425354003906,2439400
2010-09-21,36.65999984741211,36.779998779296875,36.36000061035156,36.41999816894531,19.275646209716797,2779000
2010-09-22,36.529998779296875,37.279998779296875,36.5099983215332,37.06999969482422,19.619667053222656,3445800
2010-09-23,37.0,37.849998474121094,36.95000076293945,37.38999938964844,19.789033889770508,4674600
2010-09-24,37.7599983215332,38.189998626708984,37.619998931884766,38.099998474121094,20.164804458618164,3268900
2010-09-27,38.189998626708984,38.75,38.06999969482422,38.400001525878906,20.323575973510742,3698600
2010-09-28,38.5099983215332,38.56999969482422,38.0099983215332,38.34000015258789,20.291824340820312,3045100
2010-09-29,38.31999969482422,38.63999938964844,38.0099983215332,38.540000915527344,20.39768409729004,2476300
2010-09-30,38.72999954223633,38.88999938964844,38.349998474121094,38.540000915527344,20.39768409729004,2672300
2010-10-01,38.86000061035156,38.970001220703125,38.459999084472656,38.88999938964844,20.582914352416992,3183300
2010-10-04,38.77000045776367,39.02000045776367,38.349998474121094,38.56999969482422,20.413555145263672,2235700
2010-10-05,38.939998626708984,39.119998931884766,38.79999923706055,38.81999969482422,20.545875549316406,4639000
2010-10-06,38.90999984741211,38.970001220703125,38.27000045776367,38.619998931884766,20.44002342224121,3375200
2010-10-07,38.70000076293945,38.779998779296875,38.25,38.459999084472656,20.355344772338867,2453200
2010-10-08,38.439998626708984,38.58000183105469,38.209999084472656,38.470001220703125,20.360645294189453,3294000
2010-10-11,38.45000076293945,38.59000015258789,38.33000183105469,38.439998626708984,20.34475326538086,1734800
2010-10-12,38.45000076293945,38.84000015258789,38.20000076293945,38.349998474121094,20.297117233276367,5724300
2010-10-13,38.63999938964844,38.91999816894531,38.34000015258789,38.88999938964844,20.582914352416992,3419200
2010-10-14,38.88999938964844,38.9900016784668,38.38999938964844,38.650001525878906,20.455900192260742,2483500
2010-10-15,38.95000076293945,39.0,38.5099983215332,38.93000030517578,20.604087829589844,2802100
2010-10-18,38.90999984741211,39.47999954223633,38.900001525878906,39.43000030517578,20.86871910095215,5936300
2010-10-19,39.13999938964844,39.75,39.119998931884766,39.43000030517578,20.86871910095215,2929700
2010-10-20,39.61000061035156,40.119998931884766,39.40999984741211,39.66999816894531,20.995738983154297,3391200
2010-10-21,39.790000915527344,40.0099983215332,39.18000030517578,39.33000183105469,20.8158016204834,4882700
2010-10-22,39.54999923706055,39.54999923706055,37.29999923706055,37.52000045776367,19.857831954956055,16287800
2010-10-25,37.630001068115234,37.90999984741211,37.06999969482422,37.130001068115234,19.651426315307617,8220200
2010-10-26,36.9900016784668,37.099998474121094,35.880001068115234,36.45000076293945,19.29152488708496,13955600
2010-10-27,36.290000915527344,36.33000183105469,36.02000045776367,36.2599983215332,19.190967559814453,4311400
2010-10-28,36.45000076293945,36.58000183105469,35.880001068115234,36.16999816894531,19.143335342407227,4393300
2010-10-29,36.18000030517578,36.38999938964844,35.9900016784668,36.31999969482422,19.22271728515625,2523200
2010-11-01,36.5099983215332,36.59000015258789,35.88999938964844,36.06999969482422,19.090396881103516,2783400
2010-11-02,36.27000045776367,36.93000030517578,36.220001220703125,36.849998474121094,19.503238677978516,4289400
2010-11-03,36.439998626708984,36.45000076293945,35.59000015258789,35.869998931884766,19.27220344543457,4532100
2010-11-04,36.22999954223633,36.25,35.779998779296875,35.95000076293945,19.3151798248291,5226700
2010-11-05,36.08000183105469,36.099998474121094,35.86000061035156,35.88999938964844,19.282943725585938,3460700
2010-11-08,35.720001220703125,36.09000015258789,35.720001220703125,36.04999923706055,19.368913650512695,2944500
2010-11-09,36.15999984741211,36.68000030517578,35.9900016784668,36.130001068115234,19.411895751953125,3178000
2010-11-10,36.27000045776367,36.27000045776367,35.5,35.65999984741211,19.159372329711914,3356800
2010-11-11,35.47999954223633,35.81999969482422,35.47999954223633,35.70000076293945,19.18086051940918,3163300
2010-11-12,35.630001068115234,35.65999984741211,35.18000030517578,35.369998931884766,19.00355339050293,2521000
2010-11-15,35.619998931884766,35.81999969482422,35.4900016784668,35.4900016784668,19.068037033081055,2393100
2010-11-16,35.439998626708984,35.459999084472656,35.0,35.16999816894531,18.896102905273438,3619900
2010-11-17,35.29999923706055,35.77000045776367,35.279998779296875,35.70000076293945,19.18086051940918,3006100
2010-11-18,36.11000061035156,36.119998931884766,35.75,36.029998779296875,19.35816764831543,2846200
2010-11-19,35.939998626708984,36.25,35.58000183105469,36.25,19.476364135742188,3270700
2010-11-22,36.0099983215332,36.06999969482422,35.529998779296875,35.95000076293945,19.3151798248291,2870900
2010-11-23,35.81999969482422,35.81999969482422,35.290000915527344,35.400001525878906,19.019678115844727,3134300
2010-11-24,35.599998474121094,35.7400016784668,35.150001525878906,35.349998474121094,18.992815017700195,3457300
2010-11-26,35.2400016784668,35.61000061035156,35.119998931884766,35.22999954223633,18.928346633911133,1241300
2010-11-29,35.18000030517578,35.439998626708984,35.02000045776367,35.36000061035156,18.998191833496094,2158600
2010-11-30,35.22999954223633,35.529998779296875,35.09000015258789,35.11000061035156,18.863868713378906,3678000
2010-12-01,35.560001373291016,35.630001068115234,35.150001525878906,35.20000076293945,18.912227630615234,3319000
2010-12-02,35.29999923706055,35.709999084472656,35.11000061035156,35.65999984741211,19.159372329711914,3497900
2010-12-03,35.540000915527344,35.84000015258789,35.369998931884766,35.630001068115234,19.143259048461914,6350400
2010-12-06,35.650001525878906,35.720001220703125,35.45000076293945,35.45000076293945,19.046537399291992,2304300
2010-12-07,35.599998474121094,36.15999984741211,35.540000915527344,35.560001373291016,19.10564422607422,3659200
2010-12-08,35.65999984741211,35.810001373291016,35.560001373291016,35.650001525878906,19.154001235961914,3172200
2010-12-09,35.709999084472656,35.81999969482422,35.54999923706055,35.599998474121094,19.12713050842285,2519800
2010-12-10,35.70000076293945,35.77000045776367,35.54999923706055,35.650001525878906,19.154001235961914,2371000
2010-12-13,35.79999923706055,35.880001068115234,35.65999984741211,35.72999954223633,19.196983337402344,3881000
2010-12-14,35.880001068115234,36.18000030517578,35.7599983215332,36.0099983215332,19.34742546081543,4330300
2010-12-15,36.0,36.099998474121094,35.619998931884766,35.84000015258789,19.256080627441406,3701800
2010-12-16,35.83000183105469,36.02000045776367,35.630001068115234,36.02000045776367,19.352783203125,4607400
2010-12-17,35.97999954223633,36.310001373291016,35.86000061035156,36.279998779296875,19.492481231689453,4119700
2010-12-20,36.41999816894531,36.70000076293945,36.29999923706055,36.5,19.610685348510742,2707000
2010-12-21,36.599998474121094,36.779998779296875,36.47999954223633,36.630001068115234,19.68053436279297,2734200
2010-12-22,36.66999816894531,36.90999984741211,36.540000915527344,36.86000061035156,19.80409812927246,2258100
2010-12-23,36.869998931884766,37.189998626708984,36.7599983215332,37.040000915527344,19.900815963745117,1854200
2010-12-27,36.970001220703125,37.31999969482422,36.79999923706055,37.25,20.013639450073242,1611600
2010-12-28,37.27000045776367,37.47999954223633,37.119998931884766,37.369998931884766,20.078113555908203,1804700
2010-12-29,37.47999954223633,37.4900016784668,37.279998779296875,37.29999923706055,20.040512084960938,1468500
2010-12-30,37.27000045776367,37.349998474121094,37.060001373291016,37.25,20.013639450073242,1508200
2010-12-31,37.20000076293945,37.279998779296875,37.0,37.02000045776367,19.89007568359375,2019700
2011-01-03,37.2599983215332,37.81999969482422,37.13999938964844,37.65999984741211,20.233928680419922,2439200
2011-01-04,37.66999816894531,37.97999954223633,37.209999084472656,37.88999938964844,20.35750389099121,2582900
2011-01-05,37.77000045776367,38.119998931884766,37.65999984741211,38.02000045776367,20.427349090576172,2783800
2011-01-06,37.939998626708984,38.15999984741211,37.65999984741211,38.15999984741211,20.502578735351562,6964600
2011-01-07,38.18000030517578,38.439998626708984,37.95000076293945,38.25,20.550928115844727,6933800
2011-01-10,38.099998474121094,38.2599983215332,37.849998474121094,38.25,20.550928115844727,8646300
2011-01-11,38.34000015258789,38.34000015258789,37.91999816894531,38.06999969482422,20.45421600341797,3661600
2011-01-12,38.25,38.52000045776367,38.18000030517578,38.279998779296875,20.567041397094727,2764800
2011-01-13,38.279998779296875,38.470001220703125,38.15999984741211,38.36000061035156,20.610027313232422,4186500
2011-01-14,38.2599983215332,38.619998931884766,38.16999816894531,38.599998474121094,20.73897361755371,1917000
2011-01-18,38.470001220703125,38.88999938964844,38.349998474121094,38.7599983215332,20.824935913085938,2519600
2011-01-19,38.689998626708984,38.900001525878906,38.66999816894531,38.81999969482422,20.857168197631836,2420800
2011-01-20,38.83000183105469,39.45000076293945,38.83000183105469,39.400001525878906,21.168798446655273,4235500
2011-01-21,39.459999084472656,39.63999938964844,39.29999923706055,39.56999969482422,21.260135650634766,2848900
2011-01-24,39.5,39.810001373291016,39.38999938964844,39.43000030517578,21.184919357299805,2566800
2011-01-25,39.41999816894531,39.439998626708984,38.720001220703125,38.97999954223633,20.94313621520996,3628400
2011-01-26,39.099998474121094,39.279998779296875,38.630001068115234,38.93000030517578,20.916276931762695,4629700
2011-01-27,38.9900016784668,39.599998474121094,38.849998474121094,39.4900016784668,21.21714973449707,3143800
2011-01-28,39.52000045776367,39.93000030517578,38.77000045776367,38.77000045776367,20.8303165435791,2836700
2011-01-31,38.869998931884766,39.25,38.83000183105469,39.119998931884766,21.018362045288086,3309700
2011-02-01,39.310001373291016,39.83000183105469,39.16999816894531,39.7400016784668,21.35146713256836,9415500
2011-02-02,39.56999969482422,40.79999923706055,39.56999969482422,40.619998931884766,21.824275970458984,5828000
2011-02-03,40.22999954223633,40.45000076293945,39.529998779296875,40.099998474121094,21.84061622619629,10156500
2011-02-04,40.20000076293945,40.20000076293945,39.45000076293945,39.630001068115234,21.584627151489258,4147800
2011-02-07,39.709999084472656,40.0,39.599998474121094,39.91999816894531,21.74257469177246,1921000
2011-02-08,39.95000076293945,39.97999954223633,39.720001220703125,39.93000030517578,21.74802589416504,1354500
2011-02-09,39.77000045776367,39.95000076293945,39.63999938964844,39.93000030517578,21.74802589416504,2817700
2011-02-10,39.790000915527344,40.31999969482422,39.66999816894531,40.29999923706055,21.949541091918945,3231600
2011-02-11,40.18000030517578,40.2599983215332,39.56999969482422,39.7400016784668,21.644535064697266,3847400
2011-02-14,39.810001373291016,39.880001068115234,38.849998474121094,38.9900016784668,21.236055374145508,3401000
2011-02-15,39.02000045776367,39.470001220703125,38.779998779296875,39.20000076293945,21.350427627563477,2327400
2011-02-16,38.75,39.20000076293945,38.04999923706055,38.41999816894531,20.92559242248535,5245600
2011-02-17,38.38999938964844,38.47999954223633,38.04999923706055,38.27000045776367,20.843896865844727,3709800
2011-02-18,38.2599983215332,38.310001373291016,37.779998779296875,37.900001525878906,20.642383575439453,3591800
2011-02-22,37.59000015258789,38.630001068115234,37.59000015258789,38.209999084472656,20.811220169067383,4166700
2011-02-23,38.22999954223633,38.5099983215332,38.0,38.06999969482422,20.734970092773438,3157600
2011-02-24,38.15999984741211,38.540000915527344,37.75,38.15999984741211,20.78398895263672,4568200
2011-02-25,38.349998474121094,38.43000030517578,37.75,37.75,20.560680389404297,6562600
2011-02-28,37.75,38.630001068115234,37.45000076293945,38.29999923706055,21.1544246673584,4062900
2011-03-01,38.369998931884766,38.38999938964844,37.560001373291016,37.56999969482422,20.764785766601562,4104800
2011-03-02,37.470001220703125,37.529998779296875,37.029998779296875,37.31999969482422,20.626619338989258,4038300
2011-03-03,37.619998931884766,37.7400016784668,36.7400016784668,37.11000061035156,20.510547637939453,7635800
2011-03-04,37.11000061035156,37.119998931884766,36.470001220703125,37.0099983215332,20.455276489257812,5844000
2011-03-07,37.029998779296875,37.56999969482422,37.029998779296875,37.27000045776367,20.598974227905273,3072500
2011-03-08,37.33000183105469,37.709999084472656,37.27000045776367,37.4900016784668,20.72056770324707,2654700
2011-03-09,37.560001373291016,38.790000915527344,37.52000045776367,38.66999816894531,21.37275505065918,5882200
2011-03-10,38.369998931884766,39.099998474121094,38.27000045776367,38.31999969482422,21.17930793762207,3786400
2011-03-11,38.119998931884766,38.68000030517578,38.119998931884766,38.45000076293945,21.25116539001465,3317800
2011-03-14,38.15999984741211,38.540000915527344,37.790000915527344,38.31999969482422,21.17930793762207,3357200
2011-03-15,37.63999938964844,37.90999984741211,37.220001220703125,37.22999954223633,20.576868057250977,4395200
2011-03-16,37.22999954223633,37.369998931884766,36.33000183105469,36.59000015258789,20.22315216064453,5191900
2011-03-17,37.0099983215332,37.02000045776367,36.11000061035156,36.560001373291016,20.206565856933594,4387400
2011-03-18,36.86000061035156,37.02000045776367,36.40999984741211,36.52000045776367,20.184463500976562,4065400
2011-03-21,36.88999938964844,37.060001373291016,36.58000183105469,36.790000915527344,20.333690643310547,3499300
2011-03-22,36.81999969482422,37.04999923706055,36.52000045776367,36.810001373291016,20.344743728637695,4174200
2011-03-23,36.7400016784668,36.86000061035156,36.560001373291016,36.709999084472656,20.289470672607422,2248500
2011-03-24,36.83000183105469,36.95000076293945,36.5099983215332,36.58000183105469,20.21761703491211,2785600
2011-03-25,36.66999816894531,36.70000076293945,36.470001220703125,36.540000915527344,20.195520401000977,3109000
2011-03-28,36.65999984741211,36.70000076293945,36.25,36.25,20.035228729248047,3564500
2011-03-29,36.29999923706055,36.56999969482422,36.16999816894531,36.45000076293945,20.14577293395996,3659800
2011-03-30,36.630001068115234,37.38999938964844,36.599998474121094,37.119998931884766,20.51607322692871,3396700
2011-03-31,37.119998931884766,37.209999084472656,36.75,37.09000015258789,20.499494552612305,2503100
2011-04-01,37.189998626708984,37.439998626708984,37.08000183105469,37.25,20.587923049926758,1951900
2011-04-04,37.2599983215332,37.36000061035156,36.880001068115234,37.11000061035156,20.510547637939453,1952000
2011-04-05,37.02000045776367,37.119998931884766,36.7400016784668,36.77000045776367,20.322635650634766,1898200
2011-04-06,36.81999969482422,37.33000183105469,36.720001220703125,37.279998779296875,20.60451316833496,2363800
2011-04-07,37.18000030517578,37.18000030517578,36.849998474121094,37.15999984741211,20.53818130493164,2032100
2011-04-08,37.130001068115234,37.2400016784668,36.88999938964844,37.130001068115234,20.521602630615234,2042000
2011-04-11,37.130001068115234,37.18000030517578,36.56999969482422,36.7599983215332,20.317102432250977,4522600
2011-04-12,36.58000183105469,37.04999923706055,36.5,37.0,20.449756622314453,3890200
2011-04-13,37.189998626708984,37.75,37.04999923706055,37.720001220703125,20.84769630432129,4420500
2011-04-14,37.68000030517578,38.20000076293945,37.56999969482422,38.11000061035156,21.063247680664062,3858100
2011-04-15,38.369998931884766,38.779998779296875,38.34000015258789,38.400001525878906,21.223527908325195,3296500
2011-04-18,38.0,38.5,37.900001525878906,38.119998931884766,21.068775177001953,2084000
2011-04-19,38.150001525878906,38.75,38.099998474121094,38.52000045776367,21.28985023498535,3012400
2011-04-20,38.70000076293945,39.08000183105469,38.58000183105469,38.88999938964844,21.494346618652344,2384400
2011-04-21,39.0,39.189998626708984,38.79999923706055,38.880001068115234,21.48881721496582,1361600
2011-04-25,38.81999969482422,39.04999923706055,38.709999084472656,38.709999084472656,21.39485740661621,2543500
2011-04-26,38.9900016784668,39.5,38.91999816894531,39.380001068115234,21.765174865722656,2900000
2011-04-27,39.400001525878906,39.72999954223633,39.20000076293945,39.61000061035156,21.892292022705078,2150200
2011-04-28,39.61000061035156,39.88999938964844,39.380001068115234,39.810001373291016,22.00283432006836,1885700
2011-04-29,39.810001373291016,40.040000915527344,39.52000045776367,39.959999084472656,22.08573341369629,3062500
2011-05-02,40.099998474121094,40.150001525878906,39.540000915527344,39.619998931884766,21.89781379699707,4504200
2011-05-03,41.5,42.099998474121094,40.79999923706055,42.02000045776367,23.224281311035156,8954200
2011-05-04,41.61000061035156,42.130001068115234,41.36000061035156,41.849998474121094,23.43709373474121,5178400
2011-05-05,41.59000015258789,41.70000076293945,41.099998474121094,41.2400016784668,23.095487594604492,3981400
2011-05-06,41.52000045776367,41.95000076293945,41.40999984741211,41.58000183105469,23.285898208618164,3174300
2011-05-09,41.619998931884766,41.75,41.20000076293945,41.58000183105469,23.285898208618164,2537600
2011-05-10,42.02000045776367,43.36000061035156,42.02000045776367,42.81999969482422,23.980323791503906,8564400
2011-05-11,42.779998779296875,42.79999923706055,42.290000915527344,42.61000061035156,23.862720489501953,3377100
2011-05-12,42.5,43.61000061035156,42.5,43.560001373291016,24.394733428955078,4687900
2011-05-13,43.439998626708984,43.54999923706055,42.45000076293945,42.529998779296875,23.817913055419922,6163600
2011-05-16,44.70000076293945,45.79999923706055,44.349998474121094,44.47999954223633,24.90995979309082,9940000
2011-05-17,44.2599983215332,45.630001068115234,44.22999954223633,45.540000915527344,25.503589630126953,6432900
2011-05-18,45.41999816894531,45.47999954223633,44.439998626708984,44.869998931884766,25.12837791442871,4703200
2011-05-19,44.86000061035156,45.0,44.630001068115234,44.79999923706055,25.089170455932617,3419500
2011-05-20,44.75,44.93000030517578,44.47999954223633,44.7599983215332,25.066774368286133,3501000
2011-05-23,44.36000061035156,44.7400016784668,43.86000061035156,43.97999954223633,24.629947662353516,3444500
2011-05-24,44.189998626708984,44.83000183105469,43.9900016784668,44.439998626708984,24.887569427490234,2276000
2011-05-25,44.040000915527344,44.900001525878906,43.88999938964844,44.56999969482422,24.960365295410156,3156100
2011-05-26,44.400001525878906,44.40999984741211,43.779998779296875,44.290000915527344,24.803558349609375,2479000
2011-05-27,44.459999084472656,44.88999938964844,44.22999954223633,44.349998474121094,24.837167739868164,1654600
2011-05-31,44.56999969482422,44.75,44.29999923706055,44.619998931884766,24.98836898803711,2429200
2011-06-01,44.540000915527344,44.560001373291016,44.0,44.0,24.64114761352539,2890500
2011-06-02,44.11000061035156,44.119998931884766,43.529998779296875,43.72999954223633,24.48995018005371,3100400
2011-06-03,43.45000076293945,43.7599983215332,42.93000030517578,43.66999816894531,24.456336975097656,5242800
2011-06-06,43.540000915527344,43.630001068115234,43.119998931884766,43.33000183105469,24.265939712524414,1864000
2011-06-07,43.47999954223633,43.900001525878906,43.349998474121094,43.36000061035156,24.282732009887695,1986900
2011-06-08,43.439998626708984,43.61000061035156,43.029998779296875,43.349998474121094,24.277135848999023,3054600
2011-06-09,43.439998626708984,43.939998626708984,43.13999938964844,43.75,24.501144409179688,2330600
2011-06-10,43.5099983215332,43.540000915527344,43.09000015258789,43.209999084472656,24.198720932006836,2262600
2011-06-13,43.36000061035156,43.380001068115234,42.900001525878906,42.95000076293945,24.053131103515625,2700800
2011-06-14,44.189998626708984,44.189998626708984,43.59000015258789,43.79999923706055,24.529146194458008,3189900
2011-06-15,43.5,43.810001373291016,42.72999954223633,43.02000045776367,24.092330932617188,2894400
2011-06-16,43.02000045776367,43.77000045776367,43.02000045776367,43.40999984741211,24.310739517211914,2532000
2011-06-17,43.70000076293945,44.13999938964844,43.540000915527344,43.7400016784668,24.495548248291016,3104300
2011-06-20,43.709999084472656,44.16999816894531,43.45000076293945,44.15999984741211,24.730751037597656,2006700
2011-06-21,44.27000045776367,44.7400016784668,43.970001220703125,44.209999084472656,24.758764266967773,6006600
2011-06-22,44.08000183105469,44.349998474121094,43.7400016784668,43.900001525878906,24.585147857666016,1961800
2011-06-23,43.529998779296875,43.619998931884766,42.81999969482422,43.29999923706055,24.249141693115234,2474100
2011-06-24,43.310001373291016,43.599998474121094,42.849998474121094,43.04999923706055,24.109121322631836,5956900
2011-06-27,43.11000061035156,43.560001373291016,43.08000183105469,43.25,24.22113037109375,1709400
2011-06-28,43.33000183105469,43.540000915527344,43.130001068115234,43.47999954223633,24.34994125366211,1835200
2011-06-29,43.560001373291016,44.08000183105469,43.400001525878906,43.95000076293945,24.61315155029297,2134700
2011-06-30,43.97999954223633,44.25,43.65999984741211,44.150001525878906,24.725160598754883,1709800
2011-07-01,44.0099983215332,44.689998626708984,43.86000061035156,44.630001068115234,24.993968963623047,1893700
2011-07-05,44.41999816894531,44.41999816894531,43.880001068115234,44.09000015258789,24.691564559936523,1974800
2011-07-06,44.060001373291016,44.369998931884766,43.88999938964844,44.18000030517578,24.74195671081543,1371000
2011-07-07,44.439998626708984,44.790000915527344,44.27000045776367,44.65999984741211,25.01076889038086,1916900
2011-07-08,44.38999938964844,44.66999816894531,44.189998626708984,44.63999938964844,24.999574661254883,1757400
2011-07-11,44.20000076293945,44.27000045776367,43.84000015258789,44.08000183105469,24.68595314025879,1763400
2011-07-12,43.90999984741211,44.349998474121094,43.81999969482422,43.900001525878906,24.585147857666016,2817600
2011-07-13,44.11000061035156,44.25,43.650001525878906,43.72999954223633,24.48995018005371,1945700
2011-07-14,43.72999954223633,43.90999984741211,43.31999969482422,43.380001068115234,24.293943405151367,2147300
2011-07-15,43.4900016784668,43.56999969482422,43.02000045776367,43.279998779296875,24.237937927246094,2690200
2011-07-18,43.099998474121094,43.25,42.779998779296875,42.880001068115234,24.013917922973633,1667200
2011-07-19,42.91999816894531,43.18000030517578,42.560001373291016,43.09000015258789,24.13153076171875,1753500
2011-07-20,43.25,43.709999084472656,43.029998779296875,43.43000030517578,24.321929931640625,1398000
2011-07-21,44.189998626708984,44.68000030517578,44.0099983215332,44.529998779296875,24.937971115112305,2466600
2011-07-22,44.459999084472656,44.47999954223633,44.130001068115234,44.36000061035156,24.84276008605957,1710700
2011-07-25,44.529998779296875,45.4900016784668,44.40999984741211,45.34000015258789,25.391599655151367,3856100
2011-07-26,45.369998931884766,45.5,45.040000915527344,45.349998474121094,25.397180557250977,2053400
2011-07-27,45.130001068115234,45.459999084472656,44.97999954223633,45.130001068115234,25.273977279663086,2332100
2011-07-28,45.150001525878906,45.209999084472656,44.7599983215332,44.900001525878906,25.145179748535156,8322200
2011-07-29,44.619998931884766,45.16999816894531,44.36000061035156,44.650001525878906,25.005163192749023,8518400
2011-08-01,44.849998474121094,45.02000045776367,44.59000015258789,44.83000183105469,25.105985641479492,6562000
2011-08-02,44.75,44.939998626708984,44.119998931884766,44.119998931884766,24.708354949951172,5802700
2011-08-03,43.40999984741211,43.61000061035156,42.83000183105469,43.470001220703125,24.65164566040039,3173400
2011-08-04,42.9900016784668,43.31999969482422,41.2400016784668,41.29999923706055,23.421045303344727,4536400
2011-08-05,41.529998779296875,41.59000015258789,40.209999084472656,41.36000061035156,23.455081939697266,5748200
2011-08-08,40.540000915527344,40.90999984741211,38.97999954223633,39.189998626708984,22.22447967529297,8862400
2011-08-09,39.61000061035156,40.88999938964844,38.77000045776367,40.83000183105469,23.15451431274414,6319100
2011-08-10,40.2400016784668,40.95000076293945,39.56999969482422,39.689998626708984,22.508020401000977,5418100
2011-08-11,39.9900016784668,42.29999923706055,39.90999984741211,41.810001373291016,23.71027183532715,3880100
2011-08-12,41.880001068115234,42.33000183105469,41.04999923706055,41.310001373291016,23.42672348022461,3092700
2011-08-15,41.56999969482422,42.79999923706055,41.45000076293945,42.77000045776367,24.254682540893555,3515500
2011-08-16,42.279998779296875,42.7599983215332,42.16999816894531,42.560001373291016,24.135583877563477,2479900
2011-08-17,42.68000030517578,43.45000076293945,42.65999984741211,43.060001373291016,24.419145584106445,2146700
2011-08-18,42.15999984741211,42.459999084472656,41.65999984741211,42.13999938964844,23.897409439086914,3370500
2011-08-19,41.790000915527344,42.20000076293945,41.40999984741211,41.75,23.676240921020508,3249300
2011-08-22,42.31999969482422,42.470001220703125,41.189998626708984,41.349998474121094,23.449399948120117,3018200
2011-08-23,41.540000915527344,42.540000915527344,41.13999938964844,42.529998779296875,24.118576049804688,3497700
2011-08-24,43.0099983215332,43.75,42.61000061035156,43.529998779296875,24.6856746673584,3508600
2011-08-25,43.72999954223633,43.72999954223633,42.5099983215332,42.72999954223633,24.231990814208984,2566800
2011-08-26,42.439998626708984,42.79999923706055,41.470001220703125,42.529998779296875,24.118576049804688,2133200
2011-08-29,43.029998779296875,43.650001525878906,42.939998626708984,43.58000183105469,24.714027404785156,2700400
2011-08-30,43.310001373291016,44.04999923706055,43.310001373291016,43.849998474121094,24.867137908935547,2990700
2011-08-31,44.0099983215332,44.310001373291016,43.970001220703125,44.25,25.093984603881836,4045700
2011-09-01,44.27000045776367,44.459999084472656,43.880001068115234,43.93000030517578,24.912513732910156,2738700
2011-09-02,43.380001068115234,43.56999969482422,42.97999954223633,43.02000045776367,24.396459579467773,1846600
2011-09-06,42.119998931884766,42.939998626708984,41.720001220703125,42.90999984741211,24.334075927734375,2452300
2011-09-07,43.40999984741211,43.7599983215332,43.119998931884766,43.5,24.66866111755371,3473400
2011-09-08,43.279998779296875,44.29999923706055,43.2599983215332,43.970001220703125,24.93519401550293,2297400
2011-09-09,43.540000915527344,43.540000915527344,42.4900016784668,42.709999084472656,24.220651626586914,2996300
2011-09-12,42.2400016784668,43.220001220703125,42.22999954223633,43.220001220703125,24.509872436523438,2366900
2011-09-13,43.31999969482422,43.619998931884766,42.79999923706055,43.540000915527344,24.69133758544922,1835000
2011-09-14,43.58000183105469,44.47999954223633,43.2400016784668,44.11000061035156,25.014591217041016,2067100
2011-09-15,44.41999816894531,44.95000076293945,44.220001220703125,44.79999923706055,25.4058780670166,1518000
2011-09-16,45.060001373291016,45.47999954223633,44.75,45.43000030517578,25.763153076171875,2887700
2011-09-19,44.779998779296875,45.06999969482422,44.459999084472656,44.93000030517578,25.479602813720703,1814700
2011-09-20,45.09000015258789,46.5099983215332,44.88999938964844,46.02000045776367,26.09774398803711,2731200
2011-09-21,45.900001525878906,46.33000183105469,45.29999923706055,45.31999969482422,25.700773239135742,2504900
2011-09-22,44.33000183105469,44.650001525878906,43.86000061035156,44.47999954223633,25.224407196044922,3570700
2011-09-23,43.91999816894531,45.38999938964844,43.91999816894531,45.119998931884766,25.58736801147461,2840200
2011-09-26,45.41999816894531,45.5,44.79999923706055,45.34000015258789,25.712121963500977,2223000
2011-09-27,45.7400016784668,45.95000076293945,44.88999938964844,45.099998474121094,25.576019287109375,2857400
2011-09-28,45.16999816894531,45.560001373291016,44.650001525878906,44.79999923706055,25.4058780670166,2447000
2011-09-29,45.540000915527344,45.54999923706055,44.86000061035156,45.40999984741211,25.751811981201172,5052800
2011-09-30,45.16999816894531,45.560001373291016,44.900001525878906,44.90999984741211,25.468265533447266,2783200
2011-10-03,44.56999969482422,45.310001373291016,43.439998626708984,43.61000061035156,24.73103904724121,3039500
2011-10-04,43.29999923706055,43.689998626708984,42.25,43.619998931884766,24.736717224121094,3303900
2011-10-05,43.869998931884766,44.0099983215332,42.79999923706055,43.400001525878906,24.61195182800293,3242800
2011-10-06,43.290000915527344,43.709999084472656,42.91999816894531,43.689998626708984,24.776395797729492,3252400
2011-10-07,43.90999984741211,44.689998626708984,43.810001373291016,44.290000915527344,25.116668701171875,2666600
2011-10-10,44.88999938964844,45.349998474121094,44.72999954223633,45.33000183105469,25.706443786621094,1578500
2011-10-11,45.220001220703125,45.2400016784668,44.61000061035156,44.88999938964844,25.456926345825195,2153400
2011-10-12,44.9900016784668,45.43000030517578,44.65999984741211,45.040000915527344,25.541996002197266,1632100
2011-10-13,44.709999084472656,44.720001220703125,42.77000045776367,43.7599983215332,24.81610679626465,6971000
2011-10-14,44.06999969482422,44.4900016784668,43.83000183105469,44.29999923706055,25.12232780456543,2316800
2011-10-17,44.279998779296875,44.56999969482422,43.959999084472656,44.08000183105469,24.99757194519043,1907500
2011-10-18,44.150001525878906,44.5,43.63999938964844,44.310001373291016,25.12801742553711,2079400
2011-10-19,44.279998779296875,45.310001373291016,44.27000045776367,45.060001373291016,25.553329467773438,3480900
2011-10-20,45.130001068115234,45.40999984741211,44.7400016784668,45.060001373291016,25.553329467773438,9336700
2011-10-21,45.29999923706055,45.900001525878906,45.2599983215332,45.86000061035156,26.007007598876953,10210500
2011-10-24,45.7599983215332,45.959999084472656,45.400001525878906,45.58000183105469,25.848228454589844,9958400
2011-10-25,45.369998931884766,45.54999923706055,44.880001068115234,44.91999816894531,25.473936080932617,2240900
2011-10-26,45.40999984741211,45.56999969482422,44.54999923706055,44.650001525878906,25.320812225341797,3203900
2011-10-27,45.56999969482422,45.959999084472656,45.349998474121094,45.619998931884766,25.870901107788086,3153900
2011-10-28,45.540000915527344,45.540000915527344,44.720001220703125,45.40999984741211,25.751811981201172,3273700
2011-10-31,44.90999984741211,45.72999954223633,44.869998931884766,44.959999084472656,25.496625900268555,2976400
2011-11-01,44.400001525878906,45.400001525878906,44.0,44.970001220703125,25.502286911010742,3663900
2011-11-02,45.540000915527344,46.099998474121094,45.41999816894531,45.77000045776367,25.955968856811523,3891600
2011-11-03,45.06999969482422,45.939998626708984,44.95000076293945,45.7599983215332,26.26592445373535,2984000
2011-11-04,45.58000183105469,45.720001220703125,44.709999084472656,45.5099983215332,26.122421264648438,2314500
2011-11-07,45.540000915527344,45.70000076293945,45.08000183105469,45.66999816894531,26.21425437927246,1404700
2011-11-08,45.630001068115234,46.0,45.16999816894531,46.0,26.40367317199707,2032900
2011-11-09,45.439998626708984,45.459999084472656,44.619998931884766,44.7400016784668,25.680448532104492,2242400
2011-11-10,45.41999816894531,45.41999816894531,44.630001068115234,44.75,25.686189651489258,2472100
2011-11-11,45.0099983215332,45.52000045776367,45.0099983215332,45.45000076293945,26.087993621826172,1684100
2011-11-14,45.22999954223633,45.27000045776367,44.68000030517578,44.720001220703125,25.66897201538086,4722100
2011-11-15,44.720001220703125,45.630001068115234,44.709999084472656,45.5099983215332,26.122421264648438,2193200
2011-11-16,44.939998626708984,45.29999923706055,44.709999084472656,44.7599983215332,25.691925048828125,2563800
2011-11-17,44.7599983215332,44.810001373291016,43.68000030517578,43.869998931884766,25.181081771850586,3583200
2011-11-18,44.20000076293945,44.56999969482422,44.060001373291016,44.279998779296875,25.416414260864258,2162600
2011-11-21,43.93000030517578,43.93000030517578,43.369998931884766,43.540000915527344,24.991649627685547,2448500
2011-11-22,43.5099983215332,43.560001373291016,42.65999984741211,42.689998626708984,24.503765106201172,2623900
2011-11-23,42.45000076293945,42.45000076293945,41.54999923706055,41.86000061035156,24.027345657348633,2612500
2011-11-25,41.84000015258789,42.20000076293945,41.79999923706055,41.939998626708984,24.073265075683594,897100
2011-11-28,42.83000183105469,43.13999938964844,42.5099983215332,42.75,24.5382022857666,2717600
2011-11-29,42.83000183105469,43.310001373291016,42.81999969482422,43.2400016784668,24.819459915161133,2247600
2011-11-30,44.5099983215332,44.79999923706055,44.0,44.470001220703125,25.525468826293945,3581300
2011-12-01,44.5,44.880001068115234,44.16999816894531,44.689998626708984,25.651744842529297,2046200
2011-12-02,45.0,45.040000915527344,44.25,44.290000915527344,25.42215347290039,2783900
2011-12-05,44.7599983215332,45.2400016784668,44.34000015258789,44.630001068115234,25.617307662963867,1854200
2011-12-06,44.83000183105469,45.2400016784668,44.7400016784668,45.040000915527344,25.852657318115234,1653400
2011-12-07,45.0,45.369998931884766,44.779998779296875,45.209999084472656,25.950223922729492,2093900
2011-12-08,45.13999938964844,45.25,44.31999969482422,44.40999984741211,25.491031646728516,2196700
2011-12-09,44.54999923706055,44.84000015258789,44.16999816894531,44.77000045776367,25.69766616821289,1854500
2011-12-12,44.599998474121094,44.709999084472656,43.7599983215332,44.15999984741211,25.347536087036133,2058500
2011-12-13,44.349998474121094,44.810001373291016,44.150001525878906,44.4900016784668,25.536954879760742,2442600
2011-12-14,44.470001220703125,44.560001373291016,43.849998474121094,43.91999816894531,25.209775924682617,2418400
2011-12-15,44.20000076293945,44.5099983215332,43.97999954223633,44.310001373291016,25.43364143371582,1990100
2011-12-16,44.400001525878906,44.4900016784668,43.310001373291016,43.43000030517578,24.928510665893555,6010500
2011-12-19,43.66999816894531,43.869998931884766,42.34000015258789,42.47999954223633,24.383230209350586,3526900
2011-12-20,42.97999954223633,43.45000076293945,42.84000015258789,43.369998931884766,24.89407730102539,2861600
2011-12-21,43.5099983215332,44.43000030517578,43.459999084472656,44.310001373291016,25.43364143371582,2812000
2011-12-22,44.5,44.5,44.119998931884766,44.290000915527344,25.42215347290039,1585200
2011-12-23,44.5099983215332,44.779998779296875,44.34000015258789,44.380001068115234,25.473817825317383,1794600
2011-12-27,44.40999984741211,44.95000076293945,44.380001068115234,44.83000183105469,25.732112884521484,1269300
2011-12-28,44.869998931884766,45.0,44.70000076293945,44.7599983215332,25.691925048828125,1639100
2011-12-29,44.83000183105469,45.15999984741211,44.790000915527344,45.130001068115234,25.904306411743164,1387800
2011-12-30,45.0,45.09000015258789,44.27000045776367,44.29999923706055,25.427888870239258,1676700
2012-01-03,44.66999816894531,44.7400016784668,42.52000045776367,42.810001373291016,24.572649002075195,5298900
2012-01-04,42.77000045776367,42.77000045776367,41.959999084472656,42.189998626708984,24.216766357421875,4496500
2012-01-05,42.150001525878906,42.2599983215332,41.90999984741211,42.060001373291016,24.14215087890625,3784800
2012-01-06,42.16999816894531,42.290000915527344,41.9900016784668,42.209999084472656,24.228246688842773,2628600
2012-01-09,42.31999969482422,42.5099983215332,42.04999923706055,42.400001525878906,24.337310791015625,5642400
2012-01-10,42.47999954223633,42.66999816894531,42.25,42.380001068115234,24.325820922851562,2895500
2012-01-11,42.18000030517578,42.29999923706055,42.0,42.0,24.10770606994629,2572900
2012-01-12,42.15999984741211,42.290000915527344,41.91999816894531,42.20000076293945,24.22250747680664,2506200
2012-01-13,42.040000915527344,42.18000030517578,41.810001373291016,42.16999816894531,24.20528221130371,3131300
2012-01-17,42.4900016784668,42.65999984741211,41.90999984741211,41.9900016784668,24.101966857910156,3281900
2012-01-18,42.02000045776367,42.119998931884766,41.70000076293945,41.970001220703125,24.090484619140625,3108700
2012-01-19,42.0,42.04999923706055,41.08000183105469,41.13999938964844,23.614070892333984,3743100
2012-01-20,41.220001220703125,41.529998779296875,41.04999923706055,41.529998779296875,23.837932586669922,2494200
2012-01-23,41.619998931884766,42.27000045776367,41.58000183105469,42.0099983215332,24.113454818725586,4056100
2012-01-24,41.88999938964844,41.88999938964844,41.20000076293945,41.27000045776367,23.688695907592773,2932400
2012-01-25,41.040000915527344,42.150001525878906,40.369998931884766,42.130001068115234,24.182334899902344,5385800
2012-01-26,42.189998626708984,42.9900016784668,42.06999969482422,42.720001220703125,24.5209903717041,12737000
2012-01-27,42.720001220703125,42.7400016784668,41.79999923706055,42.2599983215332,24.256948471069336,10993100
2012-01-30,42.15999984741211,42.36000061035156,41.84000015258789,42.150001525878906,24.193809509277344,11144200
2012-01-31,42.38999938964844,42.38999938964844,41.75,42.220001220703125,24.233983993530273,3583600
2012-02-01,42.209999084472656,42.70000076293945,42.130001068115234,42.54999923706055,24.42340850830078,3943700
2012-02-02,43.75,45.130001068115234,43.52000045776367,43.95000076293945,25.226993560791016,9397600
2012-02-03,43.849998474121094,43.849998474121094,42.970001220703125,43.529998779296875,25.302562713623047,3838400
2012-02-06,43.400001525878906,43.47999954223633,43.060001373291016,43.25,25.139801025390625,2421500
2012-02-07,43.13999938964844,43.34000015258789,42.869998931884766,43.2400016784668,25.13399314880371,2313500
2012-02-08,43.25,43.40999984741211,42.5,42.939998626708984,24.959611892700195,2793500
2012-02-09,43.0,43.0,42.400001525878906,42.66999816894531,24.80266571044922,1872100
2012-02-10,42.54999923706055,42.720001220703125,42.20000076293945,42.650001525878906,24.791048049926758,2334000
2012-02-13,42.86000061035156,43.2599983215332,42.81999969482422,43.029998779296875,25.011930465698242,2204200
2012-02-14,42.88999938964844,43.16999816894531,42.75,43.15999984741211,25.087486267089844,1731600
2012-02-15,43.13999938964844,43.22999954223633,42.619998931884766,42.7599983215332,24.85498046875,1614900
2012-02-16,42.880001068115234,43.779998779296875,42.880001068115234,43.529998779296875,25.302562713623047,2290000
2012-02-17,43.849998474121094,43.849998474121094,43.220001220703125,43.380001068115234,25.215375900268555,1929400
2012-02-21,43.400001525878906,43.689998626708984,43.2599983215332,43.400001525878906,25.22699737548828,2049300
2012-02-22,43.459999084472656,44.0099983215332,43.380001068115234,43.75,25.430435180664062,2098600
2012-02-23,43.810001373291016,44.279998779296875,43.709999084472656,44.0,25.57575035095215,2962600
2012-02-24,44.099998474121094,44.34000015258789,43.9900016784668,44.06999969482422,25.616445541381836,4741400
2012-02-27,44.0,44.15999984741211,43.72999954223633,43.83000183105469,25.47694206237793,2304000
2012-02-28,43.79999923706055,43.970001220703125,43.150001525878906,43.810001373291016,25.46532440185547,2722500
2012-02-29,43.61000061035156,44.56999969482422,43.61000061035156,44.290000915527344,25.74432373046875,4208900
2012-03-01,44.400001525878906,44.5099983215332,43.97999954223633,44.34000015258789,25.773387908935547,2991500
2012-03-02,44.400001525878906,44.650001525878906,44.150001525878906,44.47999954223633,25.85475730895996,1733200
2012-03-05,44.66999816894531,44.79999923706055,44.36000061035156,44.709999084472656,25.98845672607422,1872900
2012-03-06,44.380001068115234,44.75,44.06999969482422,44.709999084472656,25.98845672607422,2486800
2012-03-07,44.619998931884766,44.790000915527344,44.16999816894531,44.650001525878906,25.953571319580078,2815700
2012-03-08,44.77000045776367,44.779998779296875,44.33000183105469,44.459999084472656,25.8431396484375,2197600
2012-03-09,44.47999954223633,44.7599983215332,44.27000045776367,44.709999084472656,25.98845672607422,1598400
2012-03-12,44.599998474121094,45.150001525878906,44.52000045776367,45.119998931884766,26.226787567138672,1999200
2012-03-13,45.09000015258789,45.16999816894531,44.56999969482422,44.97999954223633,26.145395278930664,1921500
2012-03-14,45.060001373291016,45.09000015258789,44.34000015258789,44.4900016784668,25.860580444335938,2069600
2012-03-15,44.41999816894531,44.529998779296875,44.11000061035156,44.41999816894531,25.819883346557617,1530100
2012-03-16,44.400001525878906,44.63999938964844,44.209999084472656,44.5,25.866395950317383,2456700
2012-03-19,44.43000030517578,44.63999938964844,44.08000183105469,44.09000015258789,25.62807846069336,1978100
2012-03-20,43.95000076293945,44.33000183105469,43.790000915527344,44.20000076293945,25.692014694213867,1512800
2012-03-21,44.349998474121094,44.349998474121094,44.040000915527344,44.130001068115234,25.651317596435547,1321800
2012-03-22,44.0099983215332,44.689998626708984,44.0099983215332,44.619998931884766,25.936140060424805,2772400
2012-03-23,44.689998626708984,44.95000076293945,44.63999938964844,44.720001220703125,25.99427032470703,3695500
2012-03-26,44.90999984741211,45.189998626708984,44.689998626708984,45.060001373291016,26.1919002532959,2485100
2012-03-27,45.099998474121094,45.45000076293945,44.900001525878906,45.29999923706055,26.331405639648438,3156400
2012-03-28,45.36000061035156,45.560001373291016,44.849998474121094,45.119998931884766,26.226787567138672,3035400
2012-03-29,44.900001525878906,46.59000015258789,44.38999938964844,45.47999954223633,26.43602752685547,3733300
2012-03-30,45.599998474121094,45.79999923706055,45.40999984741211,45.59000015258789,26.49997329711914,2643100
2012-04-02,45.279998779296875,45.900001525878906,45.2599983215332,45.79999923706055,26.62203025817871,2396500
2012-04-03,45.869998931884766,45.95000076293945,45.45000076293945,45.790000915527344,26.616222381591797,2034500
2012-04-04,45.72999954223633,46.43000030517578,45.66999816894531,46.060001373291016,26.773176193237305,3245900
2012-04-05,45.880001068115234,46.040000915527344,45.689998626708984,45.959999084472656,26.715036392211914,3366800
2012-04-09,45.560001373291016,45.79999923706055,45.45000076293945,45.599998474121094,26.505783081054688,2933700
2012-04-10,45.54999923706055,45.54999923706055,44.63999938964844,44.91999816894531,26.110517501831055,3182800
2012-04-11,45.25,45.279998779296875,44.900001525878906,45.02000045776367,26.168651580810547,3112900
2012-04-12,45.0099983215332,45.209999084472656,44.689998626708984,45.20000076293945,26.273277282714844,2243900
2012-04-13,45.189998626708984,45.5,44.900001525878906,44.939998626708984,26.122146606445312,1949500
2012-04-16,45.31999969482422,45.68000030517578,44.91999816894531,45.41999816894531,26.401155471801758,5386500
2012-04-17,45.650001525878906,45.81999969482422,45.11000061035156,45.79999923706055,26.62203025817871,2086700
2012-04-18,45.619998931884766,45.9900016784668,45.439998626708984,45.7599983215332,26.598787307739258,1799200
2012-04-19,45.72999954223633,45.72999954223633,45.20000076293945,45.41999816894531,26.401155471801758,2474400
2012-04-20,45.40999984741211,46.0,45.380001068115234,45.75,26.592981338500977,2468100
2012-04-23,45.81999969482422,45.9900016784668,45.400001525878906,45.599998474121094,26.505783081054688,2601400
2012-04-24,45.58000183105469,46.029998779296875,45.58000183105469,45.93000030517578,26.69759750366211,2490200
2012-04-25,46.099998474121094,46.459999084472656,45.84000015258789,46.459999084472656,27.00566864013672,2972400
2012-04-26,46.31999969482422,46.880001068115234,46.25,46.75,27.17424774169922,9360900
2012-04-27,46.900001525878906,47.119998931884766,46.66999816894531,47.0099983215332,27.325366973876953,9012300
2012-04-30,46.86000061035156,47.0099983215332,46.720001220703125,46.81999969482422,27.214929580688477,7866100
2012-05-01,46.75,47.52000045776367,46.619998931884766,47.38999938964844,27.54624366760254,2851800
2012-05-02,47.36000061035156,47.52000045776367,47.04999923706055,47.15999984741211,27.412559509277344,2607600
2012-05-03,46.4900016784668,46.83000183105469,46.290000915527344,46.79999923706055,27.524303436279297,3514800
2012-05-04,46.79999923706055,47.150001525878906,46.650001525878906,46.970001220703125,27.62428855895996,3073500
2012-05-07,46.84000015258789,47.16999816894531,46.75,46.97999954223633,27.630165100097656,2815700
2012-05-08,46.790000915527344,47.11000061035156,46.61000061035156,47.040000915527344,27.66545295715332,2960100
2012-05-09,46.849998474121094,47.369998931884766,46.68000030517578,47.11000061035156,27.706632614135742,2922500
2012-05-10,47.33000183105469,47.7400016784668,47.20000076293945,47.599998474121094,27.994810104370117,3730800
2012-05-11,47.560001373291016,47.9900016784668,47.47999954223633,47.810001373291016,28.11831283569336,2435300
2012-05-14,47.599998474121094,47.97999954223633,47.56999969482422,47.90999984741211,28.177120208740234,2880900
2012-05-15,47.86000061035156,47.970001220703125,47.68000030517578,47.869998931884766,28.153589248657227,2832700
2012-05-16,47.900001525878906,47.95000076293945,47.630001068115234,47.810001373291016,28.11831283569336,3715500
2012-05-17,47.86000061035156,47.90999984741211,47.58000183105469,47.709999084472656,28.059505462646484,2571100
2012-05-18,47.77000045776367,47.93000030517578,47.63999938964844,47.79999923706055,28.11244010925293,4275900
2012-05-21,48.0,48.0,47.560001373291016,47.689998626708984,28.047744750976562,3099800
2012-05-22,47.75,48.16999816894531,47.63999938964844,47.70000076293945,28.053619384765625,3673900
2012-05-23,46.66999816894531,47.2599983215332,46.5,46.7599983215332,27.500776290893555,4000000
2012-05-24,46.810001373291016,47.400001525878906,46.720001220703125,47.16999816894531,27.74190902709961,4094400
2012-05-25,47.029998779296875,47.369998931884766,46.77000045776367,46.849998474121094,27.553722381591797,3770000
2012-05-29,46.9900016784668,47.040000915527344,46.63999938964844,46.810001373291016,27.530187606811523,2991900
2012-05-30,46.529998779296875,46.83000183105469,46.31999969482422,46.349998474121094,27.259654998779297,2832000
2012-05-31,46.45000076293945,47.0099983215332,46.349998474121094,46.790000915527344,27.518428802490234,2504500
2012-06-01,46.52000045776367,46.83000183105469,46.43000030517578,46.5099983215332,27.353744506835938,2250000
2012-06-04,46.650001525878906,46.880001068115234,46.41999816894531,46.79999923706055,27.524303436279297,1787600
2012-06-05,46.70000076293945,47.310001373291016,46.59000015258789,47.08000183105469,27.688980102539062,2049400
2012-06-06,47.15999984741211,47.779998779296875,46.93000030517578,47.779998779296875,28.10066795349121,5200000
2012-06-07,48.04999923706055,48.06999969482422,47.15999984741211,47.630001068115234,28.012447357177734,6429700
2012-06-08,47.5099983215332,47.869998931884766,47.31999969482422,47.86000061035156,28.147714614868164,1873300
2012-06-11,48.0099983215332,48.29999923706055,47.75,47.779998779296875,28.10066795349121,1480500
2012-06-12,47.7599983215332,47.91999816894531,47.290000915527344,47.689998626708984,28.047744750976562,1217300
2012-06-13,47.66999816894531,47.7400016784668,47.279998779296875,47.459999084472656,27.912460327148438,1656200
2012-06-14,47.5,48.119998931884766,47.349998474121094,48.040000915527344,28.25357437133789,1785000
2012-06-15,48.150001525878906,48.4900016784668,48.029998779296875,48.4900016784668,28.51824188232422,2931800
2012-06-18,48.439998626708984,48.95000076293945,48.400001525878906,48.810001373291016,28.706439971923828,2059800
2012-06-19,48.869998931884766,49.459999084472656,48.849998474121094,49.20000076293945,28.93580436706543,2662400
2012-06-20,49.119998931884766,49.2400016784668,48.45000076293945,48.52000045776367,28.535879135131836,2880600
2012-06-21,48.7599983215332,48.88999938964844,48.119998931884766,48.13999938964844,28.312395095825195,3196900
2012-06-22,48.38999938964844,48.40999984741211,48.099998474121094,48.119998931884766,28.300628662109375,2395200
2012-06-25,47.900001525878906,47.97999954223633,47.560001373291016,47.86000061035156,28.147714614868164,1873100
2012-06-26,47.959999084472656,48.0099983215332,47.56999969482422,47.77000045776367,28.094789505004883,1656500
2012-06-27,47.91999816894531,48.560001373291016,47.91999816894531,48.41999816894531,28.477060317993164,1278100
2012-06-28,48.22999954223633,48.540000915527344,48.0,48.47999954223633,28.512351989746094,1751000
2012-06-29,48.970001220703125,49.279998779296875,48.869998931884766,49.189998626708984,28.9299259185791,1901600
2012-07-02,49.41999816894531,49.93000030517578,49.2599983215332,49.900001525878906,29.347496032714844,2242700
2012-07-03,49.900001525878906,49.900001525878906,49.540000915527344,49.84000015258789,29.312211990356445,1049100
2012-07-05,49.56999969482422,49.79999923706055,49.20000076293945,49.41999816894531,29.06519889831543,1705200
2012-07-06,49.11000061035156,49.33000183105469,48.88999938964844,49.18000030517578,28.92404556274414,1696100
2012-07-09,49.16999816894531,49.41999816894531,48.689998626708984,48.95000076293945,28.788782119750977,1431200
2012-07-10,49.09000015258789,49.279998779296875,48.810001373291016,48.88999938964844,28.75348472595215,1755800
2012-07-11,48.5099983215332,49.20000076293945,48.5099983215332,48.970001220703125,28.800533294677734,2060700
2012-07-12,48.86000061035156,49.279998779296875,48.779998779296875,49.08000183105469,28.86522102355957,1420000
2012-07-13,49.09000015258789,49.4900016784668,49.0099983215332,49.34000015258789,29.01814079284668,1682100
2012-07-16,49.2599983215332,49.70000076293945,49.11000061035156,49.630001068115234,29.188695907592773,1595800
2012-07-17,49.689998626708984,49.7599983215332,49.13999938964844,49.4900016784668,29.106365203857422,1462300
2012-07-18,49.369998931884766,49.79999923706055,49.060001373291016,49.75,29.259281158447266,2485300
2012-07-19,49.84000015258789,50.33000183105469,49.70000076293945,50.2599983215332,29.559223175048828,2349600
2012-07-20,50.150001525878906,50.650001525878906,50.02000045776367,50.369998931884766,29.62391471862793,6116300
2012-07-23,50.119998931884766,50.31999969482422,49.72999954223633,49.900001525878906,29.347496032714844,5339400
2012-07-24,49.65999984741211,49.83000183105469,49.18000030517578,49.400001525878906,29.053443908691406,2479700
2012-07-25,49.40999984741211,49.560001373291016,48.790000915527344,48.84000015258789,28.72408103942871,1940400
2012-07-26,49.34000015258789,49.72999954223633,49.130001068115234,49.70000076293945,29.22987174987793,1406400
2012-07-27,50.0,50.5,49.83000183105469,50.45000076293945,29.670976638793945,1671500
2012-07-30,50.45000076293945,50.91999816894531,50.13999938964844,50.869998931884766,29.91797637939453,1721700
2012-07-31,50.86000061035156,50.95000076293945,50.20000076293945,50.220001220703125,29.53569984436035,1923100
2012-08-01,50.439998626708984,51.13999938964844,50.099998474121094,50.13999938964844,29.4886531829834,1739800
2012-08-02,49.90999984741211,49.95000076293945,49.0099983215332,49.45000076293945,29.08283805847168,2747700
2012-08-03,49.20000076293945,49.630001068115234,49.0099983215332,49.5099983215332,29.44562339782715,1588200
2012-08-06,49.68000030517578,50.11000061035156,49.27000045776367,49.31999969482422,29.33263397216797,1524000
2012-08-07,49.86000061035156,50.2599983215332,46.08000183105469,46.13999938964844,27.441349029541016,7975400
2012-08-08,45.869998931884766,46.68000030517578,45.560001373291016,45.88999938964844,27.292665481567383,6836800
2012-08-09,45.61000061035156,46.04999923706055,45.369998931884766,45.79999923706055,27.239133834838867,3143800
2012-08-10,45.75,45.880001068115234,45.5,45.849998474121094,27.268869400024414,3101200
2012-08-13,45.75,46.0,45.58000183105469,45.849998474121094,27.268869400024414,2081100
2012-08-14,45.709999084472656,46.279998779296875,45.63999938964844,46.119998931884766,27.429454803466797,3350900
2012-08-15,46.119998931884766,46.279998779296875,45.849998474121094,46.099998474121094,27.417560577392578,2047100
2012-08-16,46.189998626708984,46.27000045776367,45.93000030517578,45.97999954223633,27.34619903564453,1831300
2012-08-17,45.970001220703125,46.02000045776367,45.63999938964844,45.869998931884766,27.280776977539062,2026200
2012-08-20,45.709999084472656,46.060001373291016,45.709999084472656,45.9900016784668,27.352140426635742,1432300
2012-08-21,45.849998474121094,46.099998474121094,45.529998779296875,45.75,27.209402084350586,1708800
2012-08-22,45.7400016784668,45.900001525878906,45.47999954223633,45.65999984741211,27.155879974365234,1319900
2012-08-23,45.66999816894531,45.66999816894531,44.81999969482422,44.869998931884766,26.686023712158203,2420200
2012-08-24,44.83000183105469,45.099998474121094,44.650001525878906,44.7400016784668,26.608715057373047,3299000
2012-08-27,44.75,44.91999816894531,44.540000915527344,44.65999984741211,26.561134338378906,2215100
2012-08-28,44.560001373291016,44.68000030517578,44.209999084472656,44.36000061035156,26.382709503173828,2000900
2012-08-29,44.43000030517578,44.58000183105469,43.869998931884766,43.9900016784668,26.162660598754883,2775100
2012-08-30,43.970001220703125,44.0,43.7400016784668,43.7400016784668,26.01397132873535,2572300
2012-08-31,43.81999969482422,43.93000030517578,43.65999984741211,43.70000076293945,25.990182876586914,2164800
2012-09-04,43.7400016784668,43.88999938964844,43.4900016784668,43.4900016784668,25.865291595458984,2323700
2012-09-05,43.4900016784668,43.61000061035156,42.630001068115234,42.779998779296875,25.443010330200195,3771600
2012-09-06,43.0,43.41999816894531,42.959999084472656,43.349998474121094,25.782026290893555,2565500
2012-09-07,43.36000061035156,43.459999084472656,42.970001220703125,43.119998931884766,25.645240783691406,2045500
2012-09-10,43.2400016784668,43.2400016784668,42.790000915527344,42.84000015258789,25.47871208190918,1785100
2012-09-11,42.86000061035156,42.86000061035156,42.59000015258789,42.689998626708984,25.38949966430664,1837500
2012-09-12,42.65999984741211,42.689998626708984,42.04999923706055,42.619998931884766,25.347858428955078,2456700
2012-09-13,42.54999923706055,43.7400016784668,42.5099983215332,43.72999954223633,26.00802993774414,3634000
2012-09-14,43.720001220703125,43.790000915527344,42.970001220703125,43.279998779296875,25.74039649963379,5165400
2012-09-17,43.290000915527344,43.61000061035156,43.15999984741211,43.279998779296875,25.74039649963379,2139300
2012-09-18,43.279998779296875,43.41999816894531,43.02000045776367,43.29999923706055,25.752288818359375,1780100
2012-09-19,43.58000183105469,43.650001525878906,43.16999816894531,43.540000915527344,25.895023345947266,2125000
2012-09-20,43.33000183105469,44.29999923706055,43.33000183105469,44.189998626708984,26.281606674194336,2831600
2012-09-21,44.25,44.25,43.630001068115234,44.189998626708984,26.281606674194336,3501100
2012-09-24,44.18000030517578,44.54999923706055,44.0,44.400001525878906,26.406497955322266,2092200
2012-09-25,44.5,44.7599983215332,44.29999923706055,44.29999923706055,26.347030639648438,1844100
2012-09-26,44.36000061035156,44.7400016784668,44.31999969482422,44.41999816894531,26.41840171813965,1419000
2012-09-27,44.439998626708984,44.47999954223633,44.060001373291016,44.060001373291016,26.20428466796875,1739700
2012-09-28,44.060001373291016,44.22999954223633,43.79999923706055,44.099998474121094,26.22808265686035,1648100
2012-10-01,44.27000045776367,44.40999984741211,43.959999084472656,44.060001373291016,26.20428466796875,2191400
2012-10-02,44.290000915527344,44.349998474121094,43.9900016784668,44.29999923706055,26.347030639648438,1446400
2012-10-03,44.29999923706055,44.720001220703125,44.25,44.709999084472656,26.590871810913086,1583300
2012-10-04,44.790000915527344,45.060001373291016,44.720001220703125,44.869998931884766,26.686023712158203,1931000
2012-10-05,44.959999084472656,45.0,44.72999954223633,44.81999969482422,26.656288146972656,1955800
2012-10-08,44.72999954223633,44.959999084472656,44.5099983215332,44.720001220703125,26.596826553344727,1548800
2012-10-09,44.709999084472656,45.0099983215332,44.5099983215332,44.939998626708984,26.7276611328125,1494700
2012-10-10,44.959999084472656,45.0,44.56999969482422,44.630001068115234,26.54329490661621,1734600
2012-10-11,44.83000183105469,45.560001373291016,44.47999954223633,45.20000076293945,26.882301330566406,2097800
2012-10-12,45.310001373291016,45.43000030517578,44.720001220703125,44.90999984741211,26.709823608398438,1114900
2012-10-15,44.880001068115234,45.11000061035156,44.43000030517578,45.11000061035156,26.82876968383789,1473100
2012-10-16,44.709999084472656,45.459999084472656,44.709999084472656,45.459999084472656,27.036922454833984,1767100
2012-10-17,45.5,45.93000030517578,45.290000915527344,45.779998779296875,27.22723960876465,1503100
2012-10-18,45.779998779296875,46.279998779296875,45.63999938964844,46.279998779296875,27.524620056152344,1366000
2012-10-19,46.38999938964844,46.54999923706055,45.790000915527344,45.97999954223633,27.34619903564453,2318300
2012-10-22,45.86000061035156,46.060001373291016,45.5099983215332,45.84000015258789,27.26293182373047,2297200
2012-10-23,45.529998779296875,45.720001220703125,45.400001525878906,45.529998779296875,27.07856559753418,1442900
2012-10-24,45.529998779296875,45.70000076293945,45.36000061035156,45.41999816894531,27.013134002685547,1671300
2012-10-25,45.70000076293945,45.88999938964844,45.52000045776367,45.88999938964844,27.292665481567383,6088900
2012-10-26,45.95000076293945,46.040000915527344,45.59000015258789,45.630001068115234,27.13804054260254,6228500
2012-10-31,45.72999954223633,46.369998931884766,45.619998931884766,45.720001220703125,27.191560745239258,2764200
2012-11-01,45.63999938964844,45.7599983215332,44.869998931884766,44.90999984741211,26.709823608398438,2638500
2012-11-02,45.189998626708984,45.2400016784668,44.40999984741211,44.459999084472656,26.442184448242188,2420700
2012-11-05,43.72999954223633,43.75,42.459999084472656,42.54999923706055,25.623210906982422,3349800
2012-11-06,42.599998474121094,43.310001373291016,42.54999923706055,43.20000076293945,26.01463508605957,2804800
2012-11-07,42.939998626708984,42.939998626708984,42.11000061035156,42.29999923706055,25.47265625,2492800
2012-11-08,42.400001525878906,43.41999816894531,42.400001525878906,42.90999984741211,25.840002059936523,3080800
2012-11-09,42.72999954223633,43.040000915527344,42.400001525878906,42.47999954223633,25.581050872802734,1920400
2012-11-12,42.43000030517578,42.470001220703125,41.7400016784668,41.880001068115234,25.21973991394043,1317000
2012-11-13,41.689998626708984,42.400001525878906,41.58000183105469,42.099998474121094,25.35222625732422,1610900
2012-11-14,42.119998931884766,42.22999954223633,41.2400016784668,41.310001373291016,24.876489639282227,2160200
2012-11-15,41.310001373291016,41.619998931884766,40.7599983215332,41.15999984741211,24.786163330078125,3161300
2012-11-16,41.209999084472656,41.56999969482422,40.900001525878906,41.369998931884766,24.912620544433594,2810100
2012-11-19,41.66999816894531,41.709999084472656,41.16999816894531,41.560001373291016,25.027040481567383,2232200
2012-11-20,41.599998474121094,41.619998931884766,41.09000015258789,41.439998626708984,24.95478057861328,1806300
2012-11-21,41.4900016784668,41.630001068115234,40.709999084472656,41.20000076293945,24.81026268005371,2214600
2012-11-23,41.29999923706055,41.36000061035156,40.84000015258789,41.06999969482422,24.73197364807129,1099700
2012-11-26,41.0,42.040000915527344,41.0,41.77000045776367,25.153499603271484,2208900
2012-11-27,41.84000015258789,42.15999984741211,41.7400016784668,41.970001220703125,25.2739315032959,1871500
2012-11-28,41.9900016784668,42.5099983215332,41.70000076293945,42.5,25.59309959411621,1974600
2012-11-29,42.61000061035156,42.75,42.400001525878906,42.47999954223633,25.581050872802734,1651200
2012-11-30,42.52000045776367,42.869998931884766,42.33000183105469,42.459999084472656,25.569013595581055,3018800
2012-12-03,42.54999923706055,42.599998474121094,41.77000045776367,42.279998779296875,25.46061897277832,2628300
2012-12-04,42.29999923706055,42.43000030517578,41.66999816894531,41.709999084472656,25.117368698120117,2132000
2012-12-05,41.81999969482422,42.400001525878906,41.52000045776367,42.02000045776367,25.30404281616211,3541100
2012-12-06,42.04999923706055,42.15999984741211,41.52000045776367,41.560001373291016,25.027040481567383,3247000
2012-12-07,41.61000061035156,41.7599983215332,41.349998474121094,41.45000076293945,24.960796356201172,2772700
2012-12-10,41.369998931884766,41.54999923706055,41.119998931884766,41.54999923706055,25.021015167236328,2047500
2012-12-11,41.58000183105469,41.869998931884766,41.27000045776367,41.5,24.99090576171875,3037100
2012-12-12,41.52000045776367,41.810001373291016,41.189998626708984,41.20000076293945,24.81026268005371,2728400
2012-12-13,41.16999816894531,41.209999084472656,40.5,40.720001220703125,24.521203994750977,2293600
2012-12-14,40.66999816894531,40.779998779296875,40.470001220703125,40.7599983215332,24.5452880859375,2227400
2012-12-17,40.779998779296875,41.2400016784668,40.779998779296875,41.22999954223633,24.828319549560547,2003200
2012-12-18,40.959999084472656,41.56999969482422,40.79999923706055,41.5099983215332,24.996925354003906,2619800
2012-12-19,41.58000183105469,41.63999938964844,41.29999923706055,41.5,24.99090576171875,3631200
2012-12-20,41.58000183105469,41.7599983215332,41.27000045776367,41.540000915527344,25.01500129699707,2906800
2012-12-21,41.43000030517578,41.880001068115234,41.400001525878906,41.61000061035156,25.05714988708496,5178000
2012-12-24,41.630001068115234,41.810001373291016,41.40999984741211,41.75,25.141456604003906,1348900
2012-12-26,41.75,41.88999938964844,41.5099983215332,41.66999816894531,25.09328269958496,2058600
2012-12-27,41.599998474121094,41.75,40.970001220703125,41.650001525878906,25.081235885620117,2462600
2012-12-28,41.439998626708984,41.70000076293945,41.16999816894531,41.18000030517578,24.79821014404297,1509300
2012-12-31,41.189998626708984,41.81999969482422,40.849998474121094,41.7599983215332,25.147480010986328,2115200
2013-01-02,42.220001220703125,42.5,41.59000015258789,41.97999954223633,25.279958724975586,3738600
2013-01-03,41.970001220703125,42.290000915527344,41.869998931884766,42.040000915527344,25.316085815429688,2182600
2013-01-04,42.119998931884766,42.150001525878906,41.81999969482422,42.0099983215332,25.298030853271484,2636000
2013-01-07,41.93000030517578,41.93000030517578,41.439998626708984,41.4900016784668,24.984888076782227,1886000
2013-01-08,41.369998931884766,41.470001220703125,41.119998931884766,41.310001373291016,24.876489639282227,2204300
2013-01-09,41.33000183105469,41.36000061035156,40.0099983215332,40.220001220703125,24.220102310180664,5618700
2013-01-10,40.27000045776367,40.45000076293945,40.0,40.119998931884766,24.159883499145508,3606400
2013-01-11,39.7400016784668,40.029998779296875,39.5,39.88999938964844,24.021373748779297,4951900
2013-01-14,39.90999984741211,39.95000076293945,39.38999938964844,39.4900016784668,23.780500411987305,3108600
2013-01-15,39.4900016784668,39.91999816894531,39.369998931884766,39.869998931884766,24.009336471557617,3253800
2013-01-16,39.75,39.849998474121094,39.33000183105469,39.369998931884766,23.7082462310791,2820600
2013-01-17,39.4900016784668,39.68000030517578,39.20000076293945,39.40999984741211,23.73232078552246,2006500
2013-01-18,39.52000045776367,39.88999938964844,39.5099983215332,39.88999938964844,24.021373748779297,2485000
2013-01-22,39.56999969482422,39.97999954223633,39.40999984741211,39.900001525878906,24.02740478515625,3529200
2013-01-23,39.7599983215332,39.7599983215332,39.18000030517578,39.29999923706055,23.666088104248047,3657600
2013-01-24,39.369998931884766,39.9900016784668,39.369998931884766,39.91999816894531,24.03944206237793,3550300
2013-01-25,39.970001220703125,40.38999938964844,39.75,40.27000045776367,24.250213623046875,9158800
2013-01-28,40.43000030517578,40.43000030517578,39.95000076293945,40.09000015258789,24.141822814941406,8437600
2013-01-29,40.099998474121094,40.630001068115234,40.09000015258789,40.599998474121094,24.44893455505371,9126900
2013-01-30,40.47999954223633,40.63999938964844,40.02000045776367,40.220001220703125,24.220102310180664,4022800
2013-01-31,40.099998474121094,40.529998779296875,40.09000015258789,40.4900016784668,24.382701873779297,2679900
2013-02-01,40.630001068115234,40.77000045776367,40.310001373291016,40.4900016784668,24.382701873779297,3428000
2013-02-04,40.349998474121094,40.349998474121094,39.75,39.970001220703125,24.069555282592773,4008300
2013-02-05,39.560001373291016,39.849998474121094,39.470001220703125,39.56999969482422,24.161148071289062,3322200
2013-02-06,39.56999969482422,40.0099983215332,39.400001525878906,39.939998626708984,24.387062072753906,4166900
2013-02-07,39.91999816894531,40.400001525878906,39.869998931884766,40.150001525878906,24.515296936035156,4322900
2013-02-08,40.130001068115234,40.220001220703125,39.81999969482422,40.220001220703125,24.55803680419922,2337700
2013-02-11,40.18000030517578,40.279998779296875,39.86000061035156,40.25,24.576345443725586,5045900
2013-02-12,40.33000183105469,40.61000061035156,40.25,40.5,24.7289981842041,3786900
2013-02-13,40.58000183105469,40.86000061035156,40.56999969482422,40.68000030517578,24.838903427124023,3353400
2013-02-14,40.58000183105469,40.86000061035156,40.34000015258789,40.4900016784668,24.722898483276367,3441400
2013-02-15,40.54999923706055,40.630001068115234,40.34000015258789,40.56999969482422,24.771730422973633,1900100
2013-02-19,40.65999984741211,41.220001220703125,40.650001525878906,41.08000183105469,25.0831356048584,4146300
2013-02-20,40.959999084472656,41.29999923706055,40.4900016784668,40.560001373291016,24.7656307220459,6617500
2013-02-21,40.54999923706055,40.619998931884766,39.880001068115234,39.900001525878906,24.362646102905273,4271200
2013-02-22,40.08000183105469,40.540000915527344,40.0099983215332,40.540000915527344,24.7534236907959,3855700
2013-02-25,40.599998474121094,40.970001220703125,39.529998779296875,39.560001373291016,24.155033111572266,5605200
2013-02-26,39.54999923706055,39.630001068115234,38.2599983215332,38.900001525878906,23.752050399780273,6490600
2013-02-27,38.97999954223633,39.5099983215332,38.97999954223633,39.45000076293945,24.08787727355957,2565900
2013-02-28,39.5099983215332,39.75,39.150001525878906,39.47999954223633,24.10619354248047,3360600
2013-03-01,39.54999923706055,39.619998931884766,39.310001373291016,39.5,24.118406295776367,2955300
2013-03-04,39.5099983215332,39.959999084472656,39.400001525878906,39.86000061035156,24.338224411010742,1891000
2013-03-05,39.90999984741211,40.150001525878906,39.84000015258789,40.060001373291016,24.460338592529297,2069700
2013-03-06,40.150001525878906,40.5,39.97999954223633,40.5,24.7289981842041,2312200
2013-03-07,40.529998779296875,40.7599983215332,40.5,40.7599983215332,24.887754440307617,3045000
2013-03-08,40.79999923706055,41.0,40.63999938964844,40.900001525878906,24.97324562072754,2169000
2013-03-11,40.810001373291016,41.16999816894531,40.779998779296875,41.16999816894531,25.138093948364258,1902500
2013-03-12,41.220001220703125,41.31999969482422,40.9900016784668,41.16999816894531,25.138093948364258,2131300
2013-03-13,41.16999816894531,41.31999969482422,40.880001068115234,41.310001373291016,25.22357749938965,2488400
2013-03-14,41.400001525878906,41.68000030517578,41.18000030517578,41.68000030517578,25.449499130249023,3148500
2013-03-15,41.33000183105469,42.119998931884766,41.310001373291016,42.099998474121094,25.705947875976562,4426000
2013-03-18,41.790000915527344,42.04999923706055,41.68000030517578,41.75,25.49223518371582,2160400
2013-03-19,41.86000061035156,42.0099983215332,41.380001068115234,41.599998474121094,25.40064239501953,2911300
2013-03-20,41.689998626708984,42.09000015258789,41.689998626708984,41.95000076293945,25.614356994628906,5069000
2013-03-21,41.84000015258789,41.939998626708984,41.47999954223633,41.47999954223633,25.327373504638672,2597300
2013-03-22,41.459999084472656,41.4900016784668,40.72999954223633,40.849998474121094,24.942697525024414,3187700
2013-03-25,40.869998931884766,41.209999084472656,40.540000915527344,40.7599983215332,24.887754440307617,2456000
2013-03-26,40.91999816894531,41.2599983215332,40.88999938964844,41.25,25.18694496154785,2095600
2013-03-27,41.060001373291016,41.70000076293945,41.0,41.650001525878906,25.431177139282227,2130200
2013-03-28,41.630001068115234,42.209999084472656,41.560001373291016,42.20000076293945,25.76700210571289,2533000
2013-04-01,42.20000076293945,42.20000076293945,41.90999984741211,42.040000915527344,25.669307708740234,1316900
2013-04-02,42.06999969482422,42.2599983215332,41.900001525878906,42.04999923706055,25.6754207611084,1812400
2013-04-03,42.06999969482422,42.150001525878906,41.7599983215332,42.0099983215332,25.6509952545166,1801500
2013-04-04,42.040000915527344,43.04999923706055,42.029998779296875,43.029998779296875,26.273801803588867,2908800
2013-04-05,42.650001525878906,44.130001068115234,42.56999969482422,44.09000015258789,26.92103385925293,4861300
2013-04-08,44.25,44.40999984741211,43.790000915527344,44.400001525878906,27.110305786132812,2651300
2013-04-09,44.38999938964844,44.959999084472656,44.16999816894531,44.709999084472656,27.299589157104492,5059800
2013-04-10,44.84000015258789,45.38999938964844,44.77000045776367,45.18000030517578,27.586576461791992,2680600
2013-04-11,45.25,45.810001373291016,45.18000030517578,45.470001220703125,27.763643264770508,2450300
2013-04-12,45.310001373291016,45.7400016784668,45.130001068115234,45.720001220703125,27.916278839111328,2159100
2013-04-15,45.560001373291016,45.83000183105469,45.04999923706055,45.04999923706055,27.507192611694336,1896200
2013-04-16,45.34000015258789,45.84000015258789,44.93000030517578,45.79999923706055,27.965139389038086,2000300
2013-04-17,45.61000061035156,45.61000061035156,45.09000015258789,45.279998779296875,27.647634506225586,2760700
2013-04-18,45.400001525878906,45.720001220703125,45.279998779296875,45.61000061035156,27.8491268157959,2300800
2013-04-19,45.7400016784668,45.91999816894531,45.02000045776367,45.650001525878906,27.873544692993164,3336200
2013-04-22,45.619998931884766,46.09000015258789,45.470001220703125,45.86000061035156,28.001771926879883,1878900
2013-04-23,46.0,46.0,45.59000015258789,45.90999984741211,28.032297134399414,1636900
2013-04-24,45.90999984741211,46.33000183105469,45.70000076293945,46.16999816894531,28.191051483154297,1951800
2013-04-25,46.189998626708984,46.33000183105469,45.619998931884766,46.29999923706055,28.27042579650879,7810300
2013-04-26,46.2599983215332,46.599998474121094,46.150001525878906,46.47999954223633,28.380334854125977,7550700
2013-04-29,46.630001068115234,46.689998626708984,45.56999969482422,46.31999969482422,28.28264045715332,8557800
2013-04-30,46.290000915527344,46.77000045776367,46.220001220703125,46.599998474121094,28.45360565185547,2094100
2013-05-01,46.529998779296875,46.70000076293945,46.18000030517578,46.279998779296875,28.25821876525879,1471700
2013-05-02,46.400001525878906,46.68000030517578,45.84000015258789,46.060001373291016,28.1238956451416,2340800
2013-05-03,45.70000076293945,45.70000076293945,44.95000076293945,44.9900016784668,27.802549362182617,3146600
2013-05-06,44.880001068115234,45.099998474121094,43.369998931884766,44.18000030517578,27.30199432373047,2537300
2013-05-07,44.36000061035156,44.650001525878906,43.849998474121094,44.099998474121094,27.25255012512207,2552800
2013-05-08,43.9900016784668,44.130001068115234,43.380001068115234,43.63999938964844,26.968286514282227,2275400
2013-05-09,43.54999923706055,43.68000030517578,42.630001068115234,42.779998779296875,26.43682289123535,5963100
2013-05-10,42.75,42.9900016784668,42.560001373291016,42.90999984741211,26.517168045043945,2444900
2013-05-13,42.779998779296875,42.900001525878906,42.33000183105469,42.65999984741211,26.362668991088867,1810500
2013-05-14,42.650001525878906,43.290000915527344,42.61000061035156,42.75,26.418289184570312,2352100
2013-05-15,42.72999954223633,43.400001525878906,42.52000045776367,43.20000076293945,26.696380615234375,2920600
2013-05-16,43.06999969482422,43.38999938964844,42.869998931884766,43.099998474121094,26.634584426879883,2317000
2013-05-17,43.20000076293945,43.83000183105469,43.189998626708984,43.779998779296875,27.054794311523438,2623800
2013-05-20,43.77000045776367,43.880001068115234,43.220001220703125,43.29999923706055,26.758174896240234,1794900
2013-05-21,43.279998779296875,43.900001525878906,43.04999923706055,43.869998931884766,27.110427856445312,3029000
2013-05-22,43.81999969482422,44.61000061035156,43.279998779296875,43.5,26.88177490234375,3609100
2013-05-23,43.08000183105469,43.209999084472656,42.25,42.9900016784668,26.566598892211914,3938800
2013-05-24,42.77000045776367,42.95000076293945,42.439998626708984,42.619998931884766,26.337955474853516,3105400
2013-05-28,40.88999938964844,40.88999938964844,39.31999969482422,39.86000061035156,24.632352828979492,12520800
2013-05-29,39.4900016784668,39.630001068115234,38.83000183105469,39.220001220703125,24.23685646057129,5682400
2013-05-30,39.61000061035156,40.220001220703125,39.08000183105469,39.09000015258789,24.15652084350586,4229200
2013-05-31,39.0,39.54999923706055,38.95000076293945,39.0099983215332,24.107074737548828,4018300
2013-06-03,39.290000915527344,39.720001220703125,38.849998474121094,39.15999984741211,24.19977378845215,6413100
2013-06-04,39.15999984741211,39.279998779296875,38.83000183105469,39.06999969482422,24.144155502319336,2495100
2013-06-05,38.95000076293945,39.0,38.56999969482422,38.68000030517578,23.90314292907715,2107600
2013-06-06,38.779998779296875,38.900001525878906,38.310001373291016,38.900001525878906,24.03910255432129,2505300
2013-06-07,39.0,39.209999084472656,38.59000015258789,38.939998626708984,24.06382179260254,1750500
2013-06-10,39.0,39.09000015258789,38.65999984741211,38.91999816894531,24.05145835876465,2503500
2013-06-11,38.650001525878906,39.0,38.52000045776367,38.56999969482422,23.835166931152344,1997900
2013-06-12,38.7599983215332,38.81999969482422,37.81999969482422,37.869998931884766,23.402584075927734,2049300
2013-06-13,37.91999816894531,38.599998474121094,37.84000015258789,38.58000183105469,23.841341018676758,2112700
2013-06-14,38.52000045776367,38.790000915527344,38.2599983215332,38.33000183105469,23.686866760253906,1465000
2013-06-17,38.40999984741211,38.56999969482422,37.97999954223633,38.150001525878906,23.575618743896484,3234900
2013-06-18,38.150001525878906,38.459999084472656,38.04999923706055,38.25,23.63742446899414,2808900
2013-06-19,38.25,38.400001525878906,37.220001220703125,37.220001220703125,23.000905990600586,2861600
2013-06-20,36.9900016784668,37.209999084472656,36.27000045776367,36.31999969482422,22.444730758666992,4089700
2013-06-21,36.560001373291016,36.93000030517578,36.09000015258789,36.5099983215332,22.562152862548828,5335200
2013-06-24,36.2599983215332,36.689998626708984,35.720001220703125,36.40999984741211,22.500347137451172,3509200
2013-06-25,36.560001373291016,37.15999984741211,36.41999816894531,36.93000030517578,22.82169532775879,2629300
2013-06-26,37.130001068115234,37.290000915527344,36.880001068115234,37.060001373291016,22.90202522277832,2146300
2013-06-27,37.22999954223633,37.66999816894531,36.93000030517578,37.099998474121094,22.926748275756836,2599600
2013-06-28,37.11000061035156,37.68000030517578,36.97999954223633,37.34000015258789,23.075057983398438,7370100
2013-07-01,37.52000045776367,37.56999969482422,36.18000030517578,36.310001373291016,22.43855094909668,4125400
2013-07-02,36.25,36.54999923706055,36.02000045776367,36.15999984741211,22.345861434936523,2503800
2013-07-03,36.04999923706055,36.220001220703125,35.869998931884766,36.15999984741211,22.345861434936523,1061200
2013-07-05,36.15999984741211,36.15999984741211,35.459999084472656,35.849998474121094,22.154285430908203,1517400
2013-07-08,36.0,36.619998931884766,35.90999984741211,36.5099983215332,22.562152862548828,2269800
2013-07-09,36.650001525878906,37.060001373291016,36.650001525878906,36.810001373291016,22.74754524230957,2453000
2013-07-10,36.72999954223633,37.08000183105469,36.52000045776367,36.810001373291016,22.74754524230957,1829300
2013-07-11,37.189998626708984,37.47999954223633,37.099998474121094,37.34000015258789,23.075057983398438,2406800
2013-07-12,37.29999923706055,37.470001220703125,36.9900016784668,37.45000076293945,23.143037796020508,1828200
2013-07-15,37.36000061035156,38.5,37.31999969482422,38.45000076293945,23.761014938354492,2204600
2013-07-16,38.439998626708984,38.529998779296875,37.970001220703125,38.33000183105469,23.686866760253906,4259900
2013-07-17,38.439998626708984,38.54999923706055,38.16999816894531,38.43000030517578,23.748653411865234,1720900
2013-07-18,38.41999816894531,39.18000030517578,38.400001525878906,39.09000015258789,24.15652084350586,2275300
2013-07-19,39.06999969482422,39.150001525878906,38.59000015258789,38.91999816894531,24.05145835876465,1779300
2013-07-22,38.91999816894531,39.400001525878906,38.810001373291016,39.18000030517578,24.212127685546875,2261200
2013-07-23,39.119998931884766,39.34000015258789,38.88999938964844,39.16999816894531,24.20595359802246,1472200
2013-07-24,39.060001373291016,39.130001068115234,38.0,38.2400016784668,23.631240844726562,1959700
2013-07-25,38.18000030517578,38.650001525878906,37.9900016784668,38.2599983215332,23.64359474182129,8920700
2013-07-26,38.060001373291016,38.939998626708984,37.970001220703125,38.90999984741211,24.04527473449707,9422200
2013-07-29,38.77000045776367,39.599998474121094,38.720001220703125,39.18000030517578,24.212127685546875,8579700
2013-07-30,39.290000915527344,39.880001068115234,39.209999084472656,39.29999923706055,24.286293029785156,2836300
2013-07-31,39.189998626708984,39.22999954223633,38.02000045776367,38.06999969482422,23.52618408203125,5425500
2013-08-01,38.18000030517578,38.41999816894531,37.849998474121094,38.25,23.63742446899414,2879500
2013-08-02,38.36000061035156,38.439998626708984,37.79999923706055,38.130001068115234,23.563262939453125,2676600
2013-08-05,37.5099983215332,37.619998931884766,37.02000045776367,37.040000915527344,23.224674224853516,4160500
2013-08-06,37.4900016784668,39.0099983215332,36.40999984741211,38.0099983215332,23.832868576049805,8865400
2013-08-07,37.58000183105469,38.27000045776367,37.349998474121094,38.209999084472656,23.958280563354492,5149600
2013-08-08,38.2599983215332,38.470001220703125,37.97999954223633,38.40999984741211,24.08368492126465,3094200
2013-08-09,38.31999969482422,38.54999923706055,37.86000061035156,37.900001525878906,23.763906478881836,3145100
2013-08-12,37.75,37.79999923706055,36.97999954223633,37.34000015258789,23.412769317626953,3083000
2013-08-13,37.29999923706055,37.38999938964844,36.95000076293945,36.970001220703125,23.18077850341797,2872800
2013-08-14,36.939998626708984,37.27000045776367,36.779998779296875,37.18000030517578,23.312450408935547,2315000
2013-08-15,37.04999923706055,37.20000076293945,36.849998474121094,37.119998931884766,23.27482795715332,2881400
2013-08-16,37.040000915527344,37.099998474121094,36.459999084472656,36.810001373291016,23.080467224121094,4749800
2013-08-19,36.7599983215332,37.06999969482422,36.29999923706055,36.38999938964844,22.817110061645508,1865300
2013-08-20,36.400001525878906,37.380001068115234,36.380001068115234,37.22999954223633,23.343795776367188,3253100
2013-08-21,37.630001068115234,38.209999084472656,37.20000076293945,37.560001373291016,23.550722122192383,4852800
2013-08-22,37.68000030517578,38.27000045776367,37.47999954223633,38.18000030517578,23.939472198486328,3096500
2013-08-23,38.16999816894531,38.34000015258789,37.97999954223633,38.130001068115234,23.908124923706055,2835900
2013-08-26,38.11000061035156,38.290000915527344,37.810001373291016,37.83000183105469,23.720012664794922,1204600
2013-08-27,37.529998779296875,37.880001068115234,37.36000061035156,37.56999969482422,23.55698585510254,2106300
2013-08-28,37.59000015258789,37.81999969482422,37.29999923706055,37.650001525878906,23.607152938842773,1364700
2013-08-29,37.5099983215332,37.61000061035156,37.20000076293945,37.36000061035156,23.425317764282227,1375300
2013-08-30,37.349998474121094,37.66999816894531,37.29999923706055,37.470001220703125,23.49428939819336,1490900
2013-09-03,37.689998626708984,38.0,36.869998931884766,36.939998626708984,23.16197395324707,1851400
2013-09-04,36.84000015258789,37.040000915527344,36.529998779296875,36.779998779296875,23.061641693115234,3405200
2013-09-05,36.72999954223633,36.86000061035156,36.29999923706055,36.560001373291016,22.9237060546875,2495600
2013-09-06,36.72999954223633,37.459999084472656,36.70000076293945,36.9900016784668,23.193321228027344,3708200
2013-09-09,37.0099983215332,37.22999954223633,36.7599983215332,37.16999816894531,23.306184768676758,1942300
2013-09-10,37.400001525878906,37.869998931884766,37.27000045776367,37.869998931884766,23.745086669921875,2776700
2013-09-11,37.88999938964844,37.900001525878906,37.209999084472656,37.4900016784668,23.506824493408203,3199000
2013-09-12,37.540000915527344,37.83000183105469,36.83000183105469,36.900001525878906,23.136890411376953,2119900
2013-09-13,36.900001525878906,37.209999084472656,36.84000015258789,37.11000061035156,23.26856803894043,1338600
2013-09-16,37.459999084472656,37.86000061035156,37.16999816894531,37.290000915527344,23.38142967224121,2262100
2013-09-17,37.290000915527344,37.75,37.25,37.7400016784668,23.663591384887695,1513200
2013-09-18,37.7400016784668,38.59000015258789,37.470001220703125,38.380001068115234,24.064870834350586,3910300
2013-09-19,38.400001525878906,38.529998779296875,37.70000076293945,37.90999984741211,23.770177841186523,3147500
2013-09-20,37.93000030517578,37.959999084472656,36.619998931884766,36.65999984741211,22.986408233642578,4929500
2013-09-23,36.529998779296875,37.70000076293945,36.43000030517578,37.63999938964844,23.60088539123535,3837800
2013-09-24,37.5099983215332,37.75,37.06999969482422,37.40999984741211,23.456668853759766,2334900
2013-09-25,37.400001525878906,37.540000915527344,37.09000015258789,37.09000015258789,23.25602149963379,1671200
2013-09-26,37.119998931884766,37.33000183105469,36.86000061035156,36.939998626708984,23.16197395324707,1489300
2013-09-27,36.84000015258789,37.209999084472656,36.5099983215332,36.59000015258789,22.942523956298828,1960700
2013-09-30,36.52000045776367,36.88999938964844,36.29999923706055,36.45000076293945,22.854734420776367,2433800
2013-10-01,36.75,37.18000030517578,36.619998931884766,36.93000030517578,23.155702590942383,3228400
2013-10-02,36.7599983215332,37.31999969482422,36.720001220703125,37.06999969482422,23.243486404418945,2331400
2013-10-03,36.90999984741211,36.95000076293945,36.52000045776367,36.720001220703125,23.02402687072754,2474100
2013-10-04,36.720001220703125,37.060001373291016,36.66999816894531,36.970001220703125,23.18077850341797,2104900
2013-10-07,36.81999969482422,37.54999923706055,36.81999969482422,37.189998626708984,23.318729400634766,2576600
2013-10-08,37.11000061035156,37.83000183105469,37.0099983215332,37.45000076293945,23.481748580932617,3171500
2013-10-09,37.560001373291016,38.2599983215332,37.5,37.68000030517578,23.625965118408203,2981200
2013-10-10,37.849998474121094,37.970001220703125,37.279998779296875,37.959999084472656,23.801532745361328,2819300
2013-10-11,37.900001525878906,38.11000061035156,37.779998779296875,37.90999984741211,23.770177841186523,5369800
2013-10-14,37.810001373291016,37.9900016784668,37.33000183105469,37.93000030517578,23.782711029052734,2789700
2013-10-15,37.7400016784668,37.83000183105469,37.20000076293945,37.27000045776367,23.368879318237305,2434900
2013-10-16,37.310001373291016,37.599998474121094,36.63999938964844,37.040000915527344,23.224674224853516,4315600
2013-10-17,36.900001525878906,37.63999938964844,36.470001220703125,37.56999969482422,23.55698585510254,3596300
2013-10-18,37.56999969482422,38.029998779296875,37.5099983215332,37.939998626708984,23.78898048400879,3314300
2013-10-21,37.939998626708984,38.060001373291016,37.70000076293945,38.0,23.826608657836914,3158000
2013-10-22,37.97999954223633,38.61000061035156,37.959999084472656,38.400001525878906,24.077417373657227,3211800
2013-10-23,38.34000015258789,38.900001525878906,37.93000030517578,38.0099983215332,23.832868576049805,5432200
2013-10-24,38.02000045776367,38.02000045776367,37.29999923706055,37.43000030517578,23.469205856323242,9489400
2013-10-25,37.380001068115234,37.95000076293945,37.20000076293945,37.880001068115234,23.751367568969727,8245000
2013-10-28,37.79999923706055,38.099998474121094,37.68000030517578,37.81999969482422,23.7137393951416,10800900
2013-10-29,37.939998626708984,38.31999969482422,37.599998474121094,38.0,23.826608657836914,4138500
2013-10-30,38.13999938964844,38.349998474121094,37.849998474121094,37.970001220703125,23.807796478271484,2806100
2013-10-31,38.0,38.09000015258789,37.380001068115234,37.869998931884766,23.745086669921875,2829800
2013-11-01,37.93000030517578,38.22999954223633,37.709999084472656,38.119998931884766,23.9018497467041,3231700
2013-11-04,38.20000076293945,38.29999923706055,37.79999923706055,38.119998931884766,23.9018497467041,4152000
2013-11-05,37.310001373291016,37.52000045776367,36.810001373291016,37.13999938964844,23.62828254699707,5302400
2013-11-06,37.439998626708984,38.130001068115234,37.439998626708984,38.11000061035156,24.24539566040039,7360300
2013-11-07,38.119998931884766,38.650001525878906,38.119998931884766,38.31999969482422,24.37899398803711,4908000
2013-11-08,38.119998931884766,38.91999816894531,37.65999984741211,38.84000015258789,24.70981216430664,8637200
2013-11-11,38.0099983215332,38.0099983215332,36.529998779296875,36.619998931884766,23.297462463378906,9135600
2013-11-12,36.650001525878906,36.959999084472656,36.459999084472656,36.689998626708984,23.341995239257812,4635500
2013-11-13,36.4900016784668,36.52000045776367,35.810001373291016,36.06999969482422,22.947555541992188,5122600
2013-11-14,35.959999084472656,36.529998779296875,35.88999938964844,35.88999938964844,22.833038330078125,5656300
2013-11-15,35.869998931884766,35.970001220703125,35.290000915527344,35.470001220703125,22.565837860107422,8859200
2013-11-18,35.5,35.61000061035156,35.400001525878906,35.40999984741211,22.527666091918945,6152200
2013-11-19,35.40999984741211,35.4900016784668,34.83000183105469,34.970001220703125,22.247743606567383,5451900
2013-11-20,35.08000183105469,35.08000183105469,33.95000076293945,33.959999084472656,21.60518455505371,8101200
2013-11-21,34.29999923706055,34.29999923706055,33.529998779296875,33.56999969482422,21.357070922851562,7641200
2013-11-22,33.560001373291016,33.560001373291016,33.220001220703125,33.349998474121094,21.217103958129883,6774100
2013-11-25,33.45000076293945,33.63999938964844,33.290000915527344,33.290000915527344,21.178932189941406,6476800
2013-11-26,33.290000915527344,33.290000915527344,32.7599983215332,32.95000076293945,20.962631225585938,4774700
2013-11-27,32.900001525878906,32.97999954223633,32.38999938964844,32.5,20.67633628845215,4640900
2013-11-29,32.5,32.7599983215332,32.41999816894531,32.630001068115234,20.759048461914062,2698300
2013-12-02,32.90999984741211,32.939998626708984,32.540000915527344,32.58000183105469,20.72723388671875,6882200
2013-12-03,32.5099983215332,32.70000076293945,32.439998626708984,32.529998779296875,20.695423126220703,4882700
2013-12-04,32.41999816894531,32.529998779296875,32.119998931884766,32.52000045776367,20.68906593322754,3900400
2013-12-05,32.470001220703125,32.5,32.06999969482422,32.08000183105469,20.40913963317871,4006300
2013-12-06,32.2400016784668,32.45000076293945,32.0099983215332,32.439998626708984,20.638160705566406,4838100
2013-12-09,32.38999938964844,32.650001525878906,32.31999969482422,32.47999954223633,20.663619995117188,3633500
2013-12-10,32.40999984741211,32.43000030517578,32.11000061035156,32.189998626708984,20.479116439819336,3267100
2013-12-11,32.29999923706055,32.599998474121094,32.029998779296875,32.130001068115234,20.440946578979492,3800400
2013-12-12,32.150001525878906,32.459999084472656,32.11000061035156,32.189998626708984,20.479116439819336,4192300
2013-12-13,32.060001373291016,32.060001373291016,31.59000015258789,31.709999084472656,20.17374610900879,3097500
2013-12-16,31.84000015258789,32.040000915527344,31.600000381469727,31.81999969482422,20.243724822998047,3797600
2013-12-17,31.829999923706055,32.02000045776367,31.75,31.940000534057617,20.320070266723633,3604200
2013-12-18,31.93000030517578,32.150001525878906,31.520000457763672,31.979999542236328,20.345521926879883,4774000
2013-12-19,31.780000686645508,31.969999313354492,31.290000915527344,31.600000381469727,20.103761672973633,6867800
2013-12-20,31.760000228881836,32.689998626708984,31.709999084472656,32.61000061035156,20.746326446533203,14000800
2013-12-23,32.650001525878906,32.709999084472656,32.279998779296875,32.310001373291016,20.555461883544922,4852700
2013-12-24,32.209999084472656,32.41999816894531,32.09000015258789,32.220001220703125,20.498201370239258,1426300
2013-12-26,32.25,32.45000076293945,32.0099983215332,32.06999969482422,20.402774810791016,2252500
2013-12-27,32.5,32.9900016784668,32.310001373291016,32.790000915527344,20.860843658447266,4879400
2013-12-30,32.70000076293945,32.97999954223633,32.630001068115234,32.77000045776367,20.848112106323242,3159600
2013-12-31,32.810001373291016,33.02000045776367,32.79999923706055,32.97999954223633,20.98171615600586,3355100
2014-01-02,32.959999084472656,32.97999954223633,32.25,32.380001068115234,20.60000228881836,3431400
2014-01-03,32.0,32.220001220703125,31.770000457763672,32.0099983215332,20.364604949951172,4151700
2014-01-06,32.0,32.0099983215332,31.610000610351562,31.84000015258789,20.25644874572754,3834400
2014-01-07,31.959999084472656,32.040000915527344,31.84000015258789,31.889999389648438,20.28826141357422,3163400
2014-01-08,31.899999618530273,32.0,31.649999618530273,31.860000610351562,20.269176483154297,3669300
2014-01-09,31.8700008392334,31.93000030517578,31.469999313354492,31.799999237060547,20.231006622314453,4388700
2014-01-10,32.040000915527344,32.54999923706055,31.950000762939453,32.400001525878906,20.612720489501953,5776300
2014-01-13,32.349998474121094,32.38999938964844,31.899999618530273,31.959999084472656,20.33279037475586,2829300
2014-01-14,32.04999923706055,32.130001068115234,31.709999084472656,31.860000610351562,20.269176483154297,2445300
2014-01-15,31.860000610351562,32.08000183105469,31.56999969482422,31.670000076293945,20.148296356201172,3921200
2014-01-16,31.719999313354492,32.540000915527344,31.649999618530273,32.4900016784668,20.669979095458984,5294100
2014-01-17,32.68000030517578,32.7400016784668,32.31999969482422,32.61000061035156,20.746326446533203,5492300
2014-01-21,32.63999938964844,33.040000915527344,31.989999771118164,32.150001525878906,20.45366859436035,7597300
2014-01-22,31.540000915527344,31.809999465942383,30.860000610351562,31.1299991607666,19.804750442504883,14011800
2014-01-23,30.829999923706055,31.010000228881836,30.469999313354492,30.969999313354492,19.702960968017578,5997200
2014-01-24,30.829999923706055,31.739999771118164,30.6200008392334,31.06999969482422,19.766582489013672,6349800
2014-01-27,31.020000457763672,31.1299991607666,30.8799991607666,30.8799991607666,19.64570426940918,3750300
2014-01-28,30.700000762939453,30.93000030517578,30.479999542236328,30.549999237060547,19.435762405395508,4401100
2014-01-29,30.469999313354492,30.700000762939453,30.229999542236328,30.579999923706055,19.454845428466797,4571800
2014-01-30,30.6299991607666,31.239999771118164,30.6299991607666,31.15999984741211,19.823841094970703,3049100
2014-01-31,30.889999389648438,31.709999084472656,30.860000610351562,31.489999771118164,20.033782958984375,4971500
2014-02-03,31.520000457763672,31.829999923706055,31.139999389648438,31.25,19.881099700927734,7357400
2014-02-04,31.420000076293945,31.440000534057617,30.8700008392334,30.940000534057617,19.683874130249023,3734700
2014-02-05,30.479999542236328,30.700000762939453,30.100000381469727,30.219999313354492,19.4521484375,4609600
2014-02-06,30.1299991607666,30.530000686645508,30.1299991607666,30.459999084472656,19.60662841796875,2219400
2014-02-07,30.540000915527344,30.790000915527344,30.43000030517578,30.760000228881836,19.79973793029785,1990000
2014-02-10,30.700000762939453,30.979999542236328,30.540000915527344,30.959999084472656,19.92848014831543,1924300
2014-02-11,30.899999618530273,31.56999969482422,30.860000610351562,31.31999969482422,20.160202026367188,2502600
2014-02-12,31.299999237060547,31.3700008392334,31.010000228881836,31.06999969482422,19.999282836914062,1915600
2014-02-13,31.030000686645508,31.760000228881836,30.969999313354492,31.600000381469727,20.340429306030273,2457300
2014-02-14,31.549999237060547,31.81999969482422,31.459999084472656,31.75,20.43698501586914,2712500
2014-02-18,31.65999984741211,31.84000015258789,31.459999084472656,31.6200008392334,20.35330581665039,2431800
2014-02-19,31.56999969482422,32.22999954223633,31.3799991607666,31.729999542236328,20.424116134643555,3218900
2014-02-20,31.639999389648438,32.33000183105469,31.6299991607666,32.2599983215332,20.765262603759766,3269500
2014-02-21,32.22999954223633,32.43000030517578,31.68000030517578,31.700000762939453,20.404804229736328,3487000
2014-02-24,31.81999969482422,32.09000015258789,31.6299991607666,31.700000762939453,20.404804229736328,4009200
2014-02-25,31.600000381469727,31.719999313354492,30.479999542236328,30.799999237060547,19.82548713684082,5747300
2014-02-26,30.93000030517578,31.34000015258789,30.68000030517578,31.049999237060547,19.986404418945312,3125200
2014-02-27,30.959999084472656,30.989999771118164,30.549999237060547,30.790000915527344,19.819055557250977,3077100
2014-02-28,30.829999923706055,30.979999542236328,30.639999389648438,30.780000686645508,19.812618255615234,2678100
2014-03-03,30.68000030517578,30.950000762939453,30.420000076293945,30.520000457763672,19.64525604248047,2491900
2014-03-04,30.760000228881836,30.8799991607666,30.450000762939453,30.6200008392334,19.709623336791992,2931300
2014-03-05,30.6299991607666,31.18000030517578,30.59000015258789,31.059999465942383,19.992841720581055,4362600
2014-03-06,31.079999923706055,31.299999237060547,30.739999771118164,30.84000015258789,19.851238250732422,2563300
2014-03-07,30.84000015258789,30.940000534057617,30.520000457763672,30.670000076293945,19.741802215576172,2548700
2014-03-10,30.649999618530273,30.989999771118164,30.56999969482422,30.940000534057617,19.915599822998047,2216400
2014-03-11,30.940000534057617,31.0,30.5,30.780000686645508,19.812618255615234,2073200
2014-03-12,30.68000030517578,31.040000915527344,30.6299991607666,31.0,19.954221725463867,2631200
2014-03-13,31.020000457763672,31.530000686645508,30.989999771118164,31.420000076293945,20.224567413330078,2738600
2014-03-14,31.489999771118164,31.59000015258789,31.239999771118164,31.399999618530273,20.211702346801758,3604800
2014-03-17,31.450000762939453,31.899999618530273,31.25,31.889999389648438,20.527101516723633,2702000
2014-03-18,31.889999389648438,32.040000915527344,31.700000762939453,31.93000030517578,20.55284881591797,2645100
2014-03-19,31.8799991607666,32.150001525878906,31.440000534057617,31.719999313354492,20.41767692565918,6096000
2014-03-20,31.56999969482422,31.90999984741211,31.110000610351562,31.84000015258789,20.494916915893555,3612500
2014-03-21,31.989999771118164,32.91999816894531,31.989999771118164,32.849998474121094,21.14504051208496,6380100
2014-03-24,32.869998931884766,33.40999984741211,32.63999938964844,33.400001525878906,21.499069213867188,6493200
2014-03-25,33.38999938964844,33.459999084472656,32.84000015258789,33.130001068115234,21.325273513793945,3976000
2014-03-26,33.130001068115234,33.400001525878906,33.029998779296875,33.15999984741211,21.344579696655273,2990400
2014-03-27,33.20000076293945,33.54999923706055,33.09000015258789,33.54999923706055,21.595626831054688,2498700
2014-03-28,33.4900016784668,34.08000183105469,33.43000030517578,34.08000183105469,21.936769485473633,3659500
2014-03-31,34.16999816894531,34.279998779296875,33.810001373291016,34.029998779296875,21.904590606689453,3137500
2014-04-01,34.130001068115234,34.16999816894531,33.41999816894531,33.52000045776367,21.576309204101562,2552600
2014-04-02,33.52000045776367,33.599998474121094,33.279998779296875,33.43000030517578,21.51837921142578,2640300
2014-04-03,33.5,33.869998931884766,33.34000015258789,33.83000183105469,21.775856018066406,1759400
2014-04-04,33.959999084472656,34.36000061035156,33.869998931884766,34.029998779296875,21.904590606689453,2137400
2014-04-07,34.06999969482422,34.43000030517578,33.630001068115234,33.630001068115234,21.647113800048828,3521500
2014-04-08,33.709999084472656,34.400001525878906,33.13999938964844,34.209999084472656,22.020442962646484,5013200
2014-04-09,34.22999954223633,34.279998779296875,33.45000076293945,33.75,21.724355697631836,3838500
2014-04-10,33.83000183105469,34.0,33.439998626708984,33.4900016784668,21.55699920654297,3891700
2014-04-11,33.4900016784668,33.75,33.11000061035156,33.150001525878906,21.338146209716797,2553200
2014-04-14,33.279998779296875,33.369998931884766,33.0099983215332,33.310001373291016,21.441129684448242,4017300
2014-04-15,33.45000076293945,34.130001068115234,33.290000915527344,34.029998779296875,21.904590606689453,4898100
2014-04-16,34.20000076293945,34.40999984741211,33.939998626708984,34.150001525878906,21.98182487487793,1620500
2014-04-17,34.02000045776367,34.290000915527344,33.58000183105469,33.61000061035156,21.634239196777344,2287400
2014-04-21,33.72999954223633,33.880001068115234,33.2599983215332,33.47999954223633,21.550565719604492,2869500
2014-04-22,33.45000076293945,33.61000061035156,33.220001220703125,33.439998626708984,21.524816513061523,2411800
2014-04-23,33.5099983215332,33.959999084472656,33.22999954223633,33.290000915527344,21.428258895874023,3801000
2014-04-24,33.400001525878906,34.33000183105469,33.189998626708984,34.18000030517578,22.001142501831055,5255100
2014-04-25,34.2400016784668,34.79999923706055,34.130001068115234,34.650001525878906,22.30367660522461,4021700
2014-04-28,34.599998474121094,34.83000183105469,34.099998474121094,34.33000183105469,22.097698211669922,3684800
2014-04-29,34.349998474121094,34.59000015258789,34.13999938964844,34.2599983215332,22.052635192871094,2267300
2014-04-30,34.029998779296875,34.09000015258789,33.459999084472656,33.75,21.724355697631836,4751200
2014-05-01,33.810001373291016,34.11000061035156,33.599998474121094,33.880001068115234,21.808034896850586,4513300
2014-05-02,33.75,33.7599983215332,33.18000030517578,33.34000015258789,21.460437774658203,4781500
2014-05-05,32.95000076293945,33.65999984741211,32.95000076293945,33.41999816894531,21.74675941467285,5855500
2014-05-06,33.11000061035156,33.54999923706055,32.38999938964844,32.650001525878906,21.245716094970703,8033000
2014-05-07,33.0099983215332,33.900001525878906,32.779998779296875,33.88999938964844,22.052597045898438,7911100
2014-05-08,33.81999969482422,33.84000015258789,33.310001373291016,33.630001068115234,21.883407592773438,6652500
2014-05-09,33.7599983215332,34.209999084472656,33.5,33.5099983215332,21.805322647094727,7040700
2014-05-12,33.540000915527344,33.58000183105469,32.849998474121094,32.93000030517578,21.42790985107422,7041700
2014-05-13,32.9900016784668,33.119998931884766,32.43000030517578,32.4900016784668,21.141599655151367,4599200
2014-05-14,32.58000183105469,32.77000045776367,32.13999938964844,32.349998474121094,21.050493240356445,5212500
2014-05-15,32.41999816894531,32.54999923706055,32.13999938964844,32.2599983215332,20.991933822631836,2889100
2014-05-16,32.2400016784668,32.36000061035156,32.029998779296875,32.2400016784668,20.978923797607422,3354800
2014-05-19,32.13999938964844,32.220001220703125,31.329999923706055,31.350000381469727,20.39978790283203,4530600
2014-05-20,31.459999084472656,31.729999542236328,31.200000762939453,31.239999771118164,20.328210830688477,3958200
2014-05-21,31.290000915527344,31.559999465942383,31.170000076293945,31.540000915527344,20.523420333862305,2924500
2014-05-22,31.5,31.700000762939453,31.309999465942383,31.549999237060547,20.52993392944336,2302000
2014-05-23,31.469999313354492,31.559999465942383,31.280000686645508,31.479999542236328,20.48438262939453,3028000
2014-05-27,32.650001525878906,33.97999954223633,32.54999923706055,33.22999954223633,21.623123168945312,9638500
2014-05-28,33.220001220703125,33.709999084472656,33.119998931884766,33.63999938964844,21.88991355895996,5492500
2014-05-29,33.83000183105469,33.900001525878906,33.41999816894531,33.47999954223633,21.785804748535156,3925400
2014-05-30,33.36000061035156,33.83000183105469,33.279998779296875,33.81999969482422,22.007043838500977,3828200
2014-06-02,33.880001068115234,33.900001525878906,33.41999816894531,33.54999923706055,21.831357955932617,2593100
2014-06-03,33.650001525878906,35.36000061035156,33.540000915527344,34.5099983215332,22.456031799316406,8664600
2014-06-04,34.380001068115234,34.52000045776367,34.119998931884766,34.29999923706055,22.319381713867188,3161300
2014-06-05,34.380001068115234,34.68000030517578,34.33000183105469,34.560001373291016,22.488567352294922,1992800
2014-06-06,34.630001068115234,35.130001068115234,34.58000183105469,34.709999084472656,22.5861759185791,2776200
2014-06-09,34.63999938964844,34.97999954223633,34.529998779296875,34.59000015258789,22.508092880249023,2335900
2014-06-10,34.54999923706055,35.150001525878906,34.529998779296875,34.7400016784668,22.60569953918457,3122300
2014-06-11,34.720001220703125,34.7400016784668,34.04999923706055,34.150001525878906,22.22177505493164,2198500
2014-06-12,34.09000015258789,34.33000183105469,33.709999084472656,34.25,22.286848068237305,2494300
2014-06-13,34.06999969482422,34.25,33.59000015258789,34.18000030517578,22.241302490234375,4791800
2014-06-16,34.22999954223633,34.709999084472656,34.060001373291016,34.150001525878906,22.22177505493164,4740700
2014-06-17,34.13999938964844,34.2400016784668,33.90999984741211,34.189998626708984,22.247804641723633,4331400
2014-06-18,34.310001373291016,35.06999969482422,34.209999084472656,35.029998779296875,22.79439926147461,4946400
2014-06-19,35.04999923706055,35.59000015258789,34.68000030517578,34.720001220703125,22.592681884765625,5529800
2014-06-20,34.77000045776367,34.91999816894531,34.689998626708984,34.810001373291016,22.651247024536133,4186400
2014-06-23,34.72999954223633,34.88999938964844,34.45000076293945,34.599998474121094,22.514591217041016,2128000
2014-06-24,34.5,34.599998474121094,34.33000183105469,34.36000061035156,22.358423233032227,2072200
2014-06-25,34.25,34.45000076293945,34.13999938964844,34.38999938964844,22.377946853637695,2447200
2014-06-26,34.34000015258789,34.43000030517578,34.099998474121094,34.189998626708984,22.247804641723633,1779000
2014-06-27,34.130001068115234,34.2400016784668,33.88999938964844,33.9900016784668,22.11766815185547,3448900
2014-06-30,34.13999938964844,34.7599983215332,34.0,34.720001220703125,22.592681884765625,2595400
2014-07-01,34.630001068115234,34.7599983215332,34.0,34.0,22.12417221069336,2866600
2014-07-02,33.86000061035156,33.959999084472656,32.77000045776367,32.810001373291016,21.34982681274414,4236200
2014-07-03,32.63999938964844,32.63999938964844,32.33000183105469,32.5,21.148103713989258,2113500
2014-07-07,32.459999084472656,33.189998626708984,32.459999084472656,32.66999816894531,21.25872230529785,4492100
2014-07-08,32.779998779296875,33.310001373291016,32.77000045776367,33.11000061035156,21.545034408569336,3104600
2014-07-09,33.040000915527344,33.220001220703125,32.880001068115234,33.16999816894531,21.584081649780273,2628300
2014-07-10,33.04999923706055,33.34000015258789,33.040000915527344,33.18000030517578,21.590591430664062,2056900
2014-07-11,33.06999969482422,33.2599983215332,32.540000915527344,32.56999969482422,21.19365692138672,3402900
2014-07-14,32.650001525878906,32.650001525878906,31.920000076293945,31.93000030517578,20.777198791503906,3414800
2014-07-15,31.899999618530273,32.189998626708984,31.799999237060547,31.959999084472656,20.79671287536621,2572500
2014-07-16,31.989999771118164,32.22999954223633,31.899999618530273,32.22999954223633,20.972412109375,3555700
2014-07-17,32.150001525878906,32.279998779296875,31.68000030517578,31.690000534057617,20.62103271484375,2773700
2014-07-18,31.770000457763672,31.979999542236328,31.540000915527344,31.889999389648438,20.751169204711914,2216800
2014-07-21,31.739999771118164,31.969999313354492,31.489999771118164,31.860000610351562,20.731651306152344,2587500
2014-07-22,31.889999389648438,32.0,31.610000610351562,31.6299991607666,20.58199119567871,2225600
2014-07-23,31.6299991607666,31.959999084472656,31.559999465942383,31.950000762939453,20.79021453857422,4032900
2014-07-24,31.899999618530273,32.2400016784668,31.719999313354492,32.189998626708984,20.946380615234375,3520300
2014-07-25,31.829999923706055,32.29999923706055,31.829999923706055,31.989999771118164,20.816242218017578,2915600
2014-07-28,31.93000030517578,32.439998626708984,31.889999389648438,32.40999984741211,21.089534759521484,2675200
2014-07-29,32.369998931884766,32.5,32.20000076293945,32.29999923706055,21.017959594726562,3916300
2014-07-30,32.04999923706055,32.060001373291016,31.5,31.649999618530273,20.59500503540039,9325700
2014-07-31,31.489999771118164,31.75,31.1200008392334,31.209999084472656,20.308685302734375,5129800
2014-08-01,31.1200008392334,31.5,30.920000076293945,31.1299991607666,20.256629943847656,5293300
2014-08-04,31.1299991607666,31.25,30.399999618530273,31.059999465942383,20.211076736450195,6718600
2014-08-05,30.149999618530273,32.58000183105469,29.979999542236328,31.93000030517578,21.020835876464844,10792800
2014-08-06,31.850000381469727,31.889999389648438,31.280000686645508,31.479999542236328,20.72458839416504,6625600
2014-08-07,31.639999389648438,31.899999618530273,31.299999237060547,31.450000762939453,20.704833984375,4252000
2014-08-08,31.559999465942383,32.369998931884766,31.559999465942383,32.349998474121094,21.297344207763672,3420100
2014-08-11,32.31999969482422,32.560001373291016,32.310001373291016,32.40999984741211,21.33684730529785,3333300
2014-08-12,32.380001068115234,32.540000915527344,32.209999084472656,32.29999923706055,21.264427185058594,3660100
2014-08-13,32.290000915527344,32.470001220703125,32.16999816894531,32.40999984741211,21.33684730529785,1719800
2014-08-14,32.369998931884766,32.72999954223633,32.369998931884766,32.720001220703125,21.54093360900879,1572800
2014-08-15,32.7400016784668,33.11000061035156,32.68000030517578,32.970001220703125,21.705520629882812,2277000
2014-08-18,32.959999084472656,33.150001525878906,32.72999954223633,32.84000015258789,21.619930267333984,2029800
2014-08-19,32.86000061035156,33.22999954223633,32.79999923706055,33.20000076293945,21.856929779052734,1946400
2014-08-20,33.220001220703125,33.349998474121094,33.029998779296875,33.34000015258789,21.949098587036133,1380500
2014-08-21,33.29999923706055,33.540000915527344,33.27000045776367,33.459999084472656,22.02810287475586,1599500
2014-08-22,33.31999969482422,33.54999923706055,33.20000076293945,33.33000183105469,21.94252586364746,2463000
2014-08-25,33.47999954223633,33.83000183105469,33.47999954223633,33.68000030517578,22.17293357849121,1389800
2014-08-26,33.65999984741211,33.81999969482422,33.18000030517578,33.220001220703125,21.870101928710938,1997100
2014-08-27,33.38999938964844,33.810001373291016,33.34000015258789,33.79999923706055,22.251935958862305,2488600
2014-08-28,33.75,34.029998779296875,33.59000015258789,33.9900016784668,22.377025604248047,1329400
2014-08-29,33.959999084472656,34.25,33.91999816894531,34.2400016784668,22.541610717773438,1294700
2014-09-02,34.2400016784668,34.25,33.349998474121094,33.689998626708984,22.179521560668945,2428900
2014-09-03,33.81999969482422,34.2400016784668,33.68000030517578,34.18000030517578,22.502111434936523,1682800
2014-09-04,34.08000183105469,34.18000030517578,33.81999969482422,34.02000045776367,22.39677619934082,1328100
2014-09-05,34.150001525878906,34.599998474121094,34.060001373291016,34.58000183105469,22.765445709228516,1987600
2014-09-08,34.5099983215332,34.54999923706055,34.13999938964844,34.2400016784668,22.541610717773438,1713600
2014-09-09,34.09000015258789,34.33000183105469,33.7599983215332,34.15999984741211,22.488941192626953,3376300
2014-09-10,34.0,34.15999984741211,33.709999084472656,33.959999084472656,22.357271194458008,3329300
2014-09-11,33.970001220703125,34.59000015258789,33.95000076293945,34.560001373291016,22.752275466918945,3020000
2014-09-12,34.29999923706055,34.380001068115234,33.939998626708984,34.18000030517578,22.502111434936523,2127600
2014-09-15,34.25,34.59000015258789,34.16999816894531,34.36000061035156,22.620609283447266,1626400
2014-09-16,34.349998474121094,34.95000076293945,34.220001220703125,34.79999923706055,22.9102783203125,3150500
2014-09-17,34.93000030517578,34.95000076293945,34.5099983215332,34.709999084472656,22.851030349731445,2610700
2014-09-18,34.720001220703125,34.79999923706055,34.16999816894531,34.29999923706055,22.581106185913086,2191100
2014-09-19,34.439998626708984,34.72999954223633,34.310001373291016,34.619998931884766,22.79178237915039,4189400
2014-09-22,34.599998474121094,34.79999923706055,34.31999969482422,34.63999938964844,22.804946899414062,1865600
2014-09-23,34.54999923706055,34.66999816894531,34.209999084472656,34.209999084472656,22.5218563079834,2159300
2014-09-24,34.310001373291016,34.31999969482422,33.630001068115234,33.75,22.219022750854492,3114000
2014-09-25,33.70000076293945,33.970001220703125,33.56999969482422,33.869998931884766,22.29802131652832,2867100
2014-09-26,33.959999084472656,34.04999923706055,33.65999984741211,33.97999954223633,22.370441436767578,3031200
2014-09-29,33.869998931884766,34.0,33.689998626708984,33.970001220703125,22.363853454589844,1622400
2014-09-30,33.9900016784668,34.27000045776367,33.459999084472656,33.56999969482422,22.10052490234375,3061300
2014-10-01,33.56999969482422,33.81999969482422,33.189998626708984,33.369998931884766,21.968849182128906,2852900
2014-10-02,33.310001373291016,33.56999969482422,33.220001220703125,33.459999084472656,22.02810287475586,3273900
2014-10-03,33.56999969482422,33.59000015258789,33.040000915527344,33.4900016784668,22.047853469848633,2139100
2014-10-06,33.5,33.900001525878906,33.43000030517578,33.7400016784668,22.21244239807129,3098000
2014-10-07,33.650001525878906,33.9900016784668,33.56999969482422,33.630001068115234,22.14002227783203,3305200
2014-10-08,33.650001525878906,34.70000076293945,33.56999969482422,34.599998474121094,22.77861213684082,4890500
2014-10-09,34.58000183105469,35.099998474121094,34.45000076293945,34.54999923706055,22.745697021484375,5597700
2014-10-10,34.650001525878906,35.150001525878906,34.63999938964844,34.849998474121094,22.943199157714844,3267500
2014-10-13,34.900001525878906,35.54999923706055,34.810001373291016,35.099998474121094,23.107784271240234,5146100
2014-10-14,35.130001068115234,36.02000045776367,35.0,35.560001373291016,23.41061782836914,4949100
2014-10-15,35.970001220703125,35.9900016784668,34.220001220703125,35.130001068115234,23.127534866333008,5053500
2014-10-16,34.70000076293945,34.810001373291016,34.130001068115234,34.65999984741211,22.818113327026367,2915900
2014-10-17,34.869998931884766,34.869998931884766,34.310001373291016,34.7400016784668,22.87078094482422,2295100
2014-10-20,34.720001220703125,35.119998931884766,34.66999816894531,34.939998626708984,23.00244903564453,3332900
2014-10-21,35.0099983215332,35.40999984741211,34.81999969482422,35.209999084472656,23.180200576782227,3878300
2014-10-22,35.22999954223633,35.880001068115234,35.20000076293945,35.52000045776367,23.384279251098633,4257000
2014-10-23,35.650001525878906,35.72999954223633,35.150001525878906,35.400001525878906,23.3052921295166,2810100
2014-10-24,35.540000915527344,36.34000015258789,35.400001525878906,36.27000045776367,23.87804412841797,3254700
2014-10-27,36.15999984741211,36.34000015258789,35.880001068115234,36.130001068115234,23.785871505737305,3126600
2014-10-28,36.18000030517578,36.77000045776367,36.11000061035156,36.7599983215332,24.200624465942383,2426500
2014-10-29,36.7599983215332,36.91999816894531,36.16999816894531,36.58000183105469,24.082130432128906,2360900
2014-10-30,36.72999954223633,37.54999923706055,36.61000061035156,37.5099983215332,24.694381713867188,3888800
2014-10-31,37.619998931884766,37.63999938964844,37.09000015258789,37.34000015258789,24.58246421813965,2891100
2014-11-03,37.34000015258789,37.5,37.189998626708984,37.45000076293945,24.654890060424805,2539600
2014-11-04,37.380001068115234,37.720001220703125,36.70000076293945,36.91999816894531,24.30596160888672,4193900
2014-11-05,37.0,37.310001373291016,36.599998474121094,37.099998474121094,24.66497039794922,8543300
2014-11-06,37.0,37.04999923706055,36.310001373291016,36.63999938964844,24.35915184020996,3598600
2014-11-07,36.58000183105469,37.27000045776367,36.58000183105469,37.25,24.76469612121582,3678300
2014-11-10,37.189998626708984,37.369998931884766,37.029998779296875,37.349998474121094,24.8311767578125,2761400
2014-11-11,37.220001220703125,37.45000076293945,37.099998474121094,37.290000915527344,24.79129409790039,2179200
2014-11-12,36.970001220703125,36.970001220703125,36.099998474121094,36.400001525878906,24.19959259033203,3715700
2014-11-13,36.45000076293945,36.63999938964844,36.029998779296875,36.099998474121094,24.000144958496094,2398200
2014-11-14,35.93000030517578,36.119998931884766,35.79999923706055,35.88999938964844,23.86054039001465,3155700
2014-11-17,35.81999969482422,36.43000030517578,35.689998626708984,36.36000061035156,24.173004150390625,2393800
2014-11-18,36.43000030517578,36.849998474121094,36.209999084472656,36.689998626708984,24.392385482788086,2447400
2014-11-19,36.4900016784668,37.13999938964844,36.36000061035156,37.040000915527344,24.625080108642578,2435600
2014-11-20,36.849998474121094,37.029998779296875,36.56999969482422,36.72999954223633,24.418983459472656,1638100
2014-11-21,37.04999923706055,37.380001068115234,36.779998779296875,37.209999084472656,24.738100051879883,2200900
2014-11-24,37.15999984741211,37.220001220703125,36.279998779296875,36.31999969482422,24.14640998840332,2351300
2014-11-25,36.439998626708984,36.439998626708984,36.02000045776367,36.2400016784668,24.093223571777344,2416100
2014-11-26,36.29999923706055,36.599998474121094,36.18000030517578,36.439998626708984,24.226186752319336,1581200
2014-11-28,36.540000915527344,36.9900016784668,36.540000915527344,36.880001068115234,24.51871109008789,1099900
2014-12-01,36.7400016784668,37.22999954223633,36.470001220703125,37.040000915527344,24.625080108642578,1971800
2014-12-02,36.97999954223633,37.209999084472656,36.779998779296875,37.08000183105469,24.65167999267578,1698200
2014-12-03,37.06999969482422,37.18000030517578,36.4900016784668,37.029998779296875,24.618436813354492,4529700
2014-12-04,36.97999954223633,37.16999816894531,36.7400016784668,36.95000076293945,24.56524658203125,2618100
2014-12-05,36.61000061035156,37.0099983215332,36.54999923706055,37.0,24.59848976135254,2533100
2014-12-08,36.93000030517578,37.63999938964844,36.93000030517578,37.540000915527344,24.95749282836914,3580000
2014-12-09,37.380001068115234,37.83000183105469,37.31999969482422,37.81999969482422,25.143634796142578,2217000
2014-12-10,37.79999923706055,37.9900016784668,37.2400016784668,37.25,24.76469612121582,2795600
2014-12-11,37.209999084472656,38.15999984741211,37.11000061035156,37.84000015258789,25.15694236755371,3951800
2014-12-12,37.560001373291016,37.83000183105469,37.16999816894531,37.45000076293945,24.897659301757812,2333000
2014-12-15,37.58000183105469,37.849998474121094,37.25,37.38999938964844,24.857772827148438,3784200
2014-12-16,37.25,37.849998474121094,36.790000915527344,37.189998626708984,24.724802017211914,2792700
2014-12-17,37.40999984741211,38.150001525878906,37.279998779296875,38.060001373291016,25.303197860717773,2761100
2014-12-18,38.099998474121094,38.84000015258789,37.9900016784668,38.790000915527344,25.78852653503418,2919400
2014-12-19,38.88999938964844,39.18000030517578,38.439998626708984,38.720001220703125,25.74198341369629,5484900
2014-12-22,37.86000061035156,38.349998474121094,37.79999923706055,38.220001220703125,25.40958023071289,3591000
2014-12-23,38.36000061035156,39.16999816894531,38.220001220703125,39.0099983215332,25.934785842895508,2341900
2014-12-24,39.13999938964844,39.86000061035156,39.029998779296875,39.7400016784668,26.42010498046875,2364300
2014-12-26,39.86000061035156,40.56999969482422,39.79999923706055,40.0,26.59295082092285,2750800
2014-12-29,40.029998779296875,40.84000015258789,40.029998779296875,40.77000045776367,27.10487174987793,2952600
2014-12-30,40.7599983215332,40.7599983215332,40.08000183105469,40.18000030517578,26.712631225585938,2049000
2014-12-31,40.27000045776367,40.43000030517578,38.9900016784668,38.9900016784668,25.921489715576172,3090600
2015-01-02,39.099998474121094,39.279998779296875,38.63999938964844,39.20000076293945,26.061105728149414,2354900
2015-01-05,39.0,39.06999969482422,38.0099983215332,38.150001525878906,25.36304473876953,3065900
2015-01-06,38.31999969482422,38.7599983215332,38.130001068115234,38.349998474121094,25.495994567871094,3676400
2015-01-07,38.41999816894531,38.95000076293945,38.189998626708984,38.66999816894531,25.708740234375,2374400
2015-01-08,38.81999969482422,39.16999816894531,38.70000076293945,39.02000045776367,25.941438674926758,2114400
2015-01-09,39.08000183105469,39.18000030517578,38.540000915527344,38.970001220703125,25.908191680908203,3185800
2015-01-12,38.959999084472656,39.18000030517578,38.220001220703125,38.459999084472656,25.569133758544922,3076100
2015-01-13,37.97999954223633,39.189998626708984,37.93000030517578,38.630001068115234,25.682153701782227,3724800
2015-01-14,38.540000915527344,39.599998474121094,38.36000061035156,39.54999923706055,26.293779373168945,4423400
2015-01-15,39.7400016784668,40.27000045776367,39.58000183105469,39.93000030517578,26.54642105102539,5361400
2015-01-16,39.970001220703125,41.0,39.810001373291016,40.91999816894531,27.20459747314453,3786100
2015-01-20,40.97999954223633,41.0,40.41999816894531,40.959999084472656,27.231191635131836,2661000
2015-01-21,40.77000045776367,41.47999954223633,40.560001373291016,41.29999923706055,27.457242965698242,2598600
2015-01-22,41.459999084472656,41.68000030517578,40.599998474121094,40.880001068115234,27.17800521850586,2469900
2015-01-23,40.9900016784668,41.540000915527344,40.849998474121094,41.22999954223633,27.410694122314453,1830000
2015-01-26,41.119998931884766,41.439998626708984,40.90999984741211,41.349998474121094,27.490474700927734,1725900
2015-01-27,41.189998626708984,41.59000015258789,41.11000061035156,41.130001068115234,27.34421157836914,1749800
2015-01-28,41.18000030517578,41.54999923706055,40.63999938964844,40.7400016784668,27.084930419921875,2628100
2015-01-29,40.65999984741211,41.56999969482422,40.4900016784668,41.369998931884766,27.50377082824707,3192200
2015-01-30,41.130001068115234,41.290000915527344,40.29999923706055,40.33000183105469,26.812353134155273,3144400
2015-02-02,40.380001068115234,40.650001525878906,39.88999938964844,40.349998474121094,26.82564353942871,2946700
2015-02-03,40.25,40.529998779296875,39.93000030517578,40.439998626708984,26.88547706604004,2697900
2015-02-04,39.970001220703125,40.43000030517578,39.779998779296875,40.15999984741211,26.939138412475586,4782900
2015-02-05,40.33000183105469,41.22999954223633,40.029998779296875,41.029998779296875,27.522737503051758,3836200
2015-02-06,40.90999984741211,40.90999984741211,38.75,38.939998626708984,26.120779037475586,4616100
2015-02-09,38.939998626708984,38.939998626708984,37.77000045776367,37.95000076293945,25.456689834594727,3225800
2015-02-10,37.959999084472656,38.72999954223633,37.810001373291016,38.619998931884766,25.906116485595703,2548900
2015-02-11,38.33000183105469,38.369998931884766,37.470001220703125,37.54999923706055,25.188364028930664,2872100
2015-02-12,37.59000015258789,37.68000030517578,37.060001373291016,37.16999816894531,24.933467864990234,3324900
2015-02-13,37.04999923706055,37.41999816894531,36.72999954223633,37.22999954223633,24.973711013793945,4170100
2015-02-17,37.11000061035156,37.63999938964844,36.619998931884766,36.93000030517578,24.77247428894043,5519000
2015-02-18,36.150001525878906,36.2400016784668,34.68000030517578,36.11000061035156,24.222429275512695,11024900
2015-02-19,36.36000061035156,36.45000076293945,36.0099983215332,36.22999954223633,24.30292320251465,3284400
2015-02-20,36.189998626708984,36.27000045776367,35.56999969482422,35.849998474121094,24.048017501831055,5105200
2015-02-23,35.959999084472656,36.150001525878906,35.56999969482422,35.599998474121094,23.88031578063965,4354700
2015-02-24,35.63999938964844,36.279998779296875,35.58000183105469,36.06999969482422,24.195592880249023,3898200
2015-02-25,36.029998779296875,36.56999969482422,35.77000045776367,35.849998474121094,24.048017501831055,5528400
2015-02-26,36.0,36.040000915527344,35.560001373291016,35.61000061035156,23.88703155517578,3199200
2015-02-27,35.54999923706055,35.599998474121094,34.93000030517578,34.97999954223633,23.464426040649414,4962100
2015-03-02,35.20000076293945,35.20000076293945,34.16999816894531,34.290000915527344,23.001577377319336,3374400
2015-03-03,34.58000183105469,34.58000183105469,34.02000045776367,34.36000061035156,23.048526763916016,2217700
2015-03-04,34.209999084472656,34.380001068115234,34.099998474121094,34.310001373291016,23.014989852905273,3277200
2015-03-05,34.4900016784668,34.83000183105469,34.45000076293945,34.75,23.310142517089844,4385000
2015-03-06,34.29999923706055,34.29999923706055,33.81999969482422,34.099998474121094,22.87412452697754,4500500
2015-03-09,34.060001373291016,34.40999984741211,33.97999954223633,34.150001525878906,22.907665252685547,3252800
2015-03-10,34.08000183105469,34.650001525878906,33.959999084472656,34.400001525878906,23.075368881225586,3647300
2015-03-11,34.34000015258789,34.470001220703125,34.040000915527344,34.16999816894531,22.921079635620117,2806000
2015-03-12,34.400001525878906,35.34000015258789,34.31999969482422,35.150001525878906,23.578462600708008,4105000
2015-03-13,34.9900016784668,35.0,34.130001068115234,34.599998474121094,23.209522247314453,4218900
2015-03-16,34.75,35.369998931884766,34.66999816894531,35.11000061035156,23.551626205444336,3319900
2015-03-17,35.0,35.34000015258789,34.88999938964844,35.060001373291016,23.518089294433594,3346700
2015-03-18,35.06999969482422,36.310001373291016,35.0,36.11000061035156,24.222429275512695,4647200
2015-03-19,35.970001220703125,36.43000030517578,35.650001525878906,35.939998626708984,24.108386993408203,3264800
2015-03-20,36.130001068115234,36.45000076293945,35.9900016784668,36.380001068115234,24.403535842895508,7294200
2015-03-23,36.380001068115234,36.56999969482422,36.27000045776367,36.380001068115234,24.403535842895508,1996700
2015-03-24,36.34000015258789,36.439998626708984,35.59000015258789,35.70000076293945,23.9473934173584,2757600
2015-03-25,35.720001220703125,35.95000076293945,34.880001068115234,34.91999816894531,23.42418098449707,3610500
2015-03-26,34.91999816894531,35.060001373291016,34.380001068115234,34.709999084472656,23.283313751220703,4458300
2015-03-27,34.650001525878906,35.0,34.439998626708984,34.63999938964844,23.23635482788086,4655400
2015-03-30,35.040000915527344,35.790000915527344,34.93000030517578,35.5099983215332,23.819948196411133,4214900
2015-03-31,35.470001220703125,35.68000030517578,34.7599983215332,35.060001373291016,23.518089294433594,4200600
2015-04-01,34.689998626708984,34.79999923706055,34.06999969482422,34.4900016784668,23.1357364654541,6073000
2015-04-02,34.4900016784668,35.45000076293945,34.459999084472656,35.34000015258789,23.70591926574707,3993100
2015-04-06,35.400001525878906,35.88999938964844,35.279998779296875,35.779998779296875,24.001062393188477,2914500
2015-04-07,36.029998779296875,36.209999084472656,35.77000045776367,35.810001373291016,24.021183013916016,3412500
2015-04-08,35.84000015258789,35.88999938964844,35.459999084472656,35.650001525878906,23.913862228393555,3241600
2015-04-09,35.56999969482422,35.86000061035156,35.220001220703125,35.709999084472656,23.954099655151367,3196100
2015-04-10,35.7400016784668,36.40999984741211,35.59000015258789,36.25,24.316333770751953,2966700
2015-04-13,35.97999954223633,36.060001373291016,35.66999816894531,35.689998626708984,23.940685272216797,2438600
2015-04-14,35.70000076293945,35.880001068115234,35.5,35.7400016784668,23.974231719970703,1974600
2015-04-15,35.810001373291016,36.15999984741211,35.720001220703125,35.7400016784668,23.974231719970703,1914400
2015-04-16,35.59000015258789,35.70000076293945,34.91999816894531,35.25,23.645545959472656,2833800
2015-04-17,35.029998779296875,35.380001068115234,34.959999084472656,35.06999969482422,23.52480125427246,1519600
2015-04-20,35.459999084472656,36.29999923706055,35.459999084472656,36.099998474121094,24.215715408325195,4196600
2015-04-21,36.15999984741211,36.45000076293945,35.189998626708984,35.4900016784668,23.80652618408203,2896800
2015-04-22,35.54999923706055,35.59000015258789,35.16999816894531,35.5,23.813236236572266,2674600
2015-04-23,35.47999954223633,35.869998931884766,35.45000076293945,35.599998474121094,23.88031578063965,2646800
2015-04-24,35.61000061035156,36.58000183105469,35.540000915527344,36.31999969482422,24.36328887939453,5399100
2015-04-27,36.45000076293945,36.59000015258789,35.95000076293945,36.2400016784668,24.30963134765625,2709900
2015-04-28,36.09000015258789,36.369998931884766,35.84000015258789,36.36000061035156,24.390121459960938,1986800
2015-04-29,36.09000015258789,36.45000076293945,35.83000183105469,36.34000015258789,24.376707077026367,1911000
2015-04-30,36.209999084472656,36.290000915527344,35.650001525878906,35.90999984741211,24.088268280029297,2794400
2015-05-01,36.09000015258789,36.5,35.90999984741211,36.25,24.316333770751953,3148600
2015-05-04,36.29999923706055,37.04999923706055,36.25,36.650001525878906,24.584653854370117,2655100
2015-05-05,36.150001525878906,36.2599983215332,35.189998626708984,35.310001373291016,23.92074966430664,2354500
2015-05-06,35.29999923706055,35.459999084472656,34.400001525878906,34.83000183105469,23.5955810546875,2795000
2015-05-07,35.0,35.13999938964844,34.689998626708984,34.75,23.5413818359375,2063400
2015-05-08,35.18000030517578,35.529998779296875,34.880001068115234,35.09000015258789,23.771718978881836,1649400
2015-05-11,35.0,35.5,34.88999938964844,34.939998626708984,23.67009925842285,1820300
2015-05-12,34.70000076293945,35.040000915527344,34.59000015258789,34.86000061035156,23.615901947021484,1796100
2015-05-13,34.90999984741211,35.11000061035156,34.369998931884766,34.540000915527344,23.399118423461914,1731800
2015-05-14,34.72999954223633,35.08000183105469,34.72999954223633,34.95000076293945,23.67687225341797,1868300
2015-05-15,35.060001373291016,35.529998779296875,35.0099983215332,35.2400016784668,23.873336791992188,2766000
2015-05-18,35.16999816894531,35.40999984741211,35.06999969482422,35.33000183105469,23.934303283691406,2078500
2015-05-19,35.16999816894531,35.59000015258789,35.040000915527344,35.5,24.049467086791992,2032700
2015-05-20,35.599998474121094,36.099998474121094,35.540000915527344,35.83000183105469,24.27303123474121,2867500
2015-05-21,35.81999969482422,36.15999984741211,35.689998626708984,35.91999816894531,24.33399200439453,3484300
2015-05-22,35.790000915527344,36.15999984741211,35.54999923706055,36.0099983215332,24.39496421813965,3409500
2015-05-26,36.0099983215332,36.02000045776367,35.4900016784668,35.75,24.21883201599121,1894100
2015-05-27,35.939998626708984,36.16999816894531,35.709999084472656,35.86000061035156,24.293352127075195,2272000
2015-05-28,35.869998931884766,36.27000045776367,35.84000015258789,36.06999969482422,24.43561553955078,2274800
2015-05-29,36.15999984741211,36.25,35.630001068115234,35.68000030517578,24.17141342163086,2950700
2015-06-01,35.810001373291016,35.900001525878906,35.400001525878906,35.599998474121094,24.11721420288086,2555300
2015-06-02,35.43000030517578,35.52000045776367,34.75,35.0099983215332,23.717514038085938,2156900
2015-06-03,35.0,35.150001525878906,34.2400016784668,34.47999954223633,23.358470916748047,2182900
2015-06-04,34.349998474121094,34.939998626708984,34.31999969482422,34.54999923706055,23.40589141845703,2506200
2015-06-05,34.150001525878906,34.43000030517578,33.880001068115234,34.400001525878906,23.304279327392578,2940800
2015-06-08,34.33000183105469,34.56999969482422,34.18000030517578,34.29999923706055,23.23653221130371,2041800
2015-06-09,34.20000076293945,34.349998474121094,33.880001068115234,33.91999816894531,22.979097366333008,2557000
2015-06-10,34.25,34.790000915527344,34.22999954223633,34.540000915527344,23.399118423461914,4708100
2015-06-11,34.7599983215332,34.84000015258789,34.20000076293945,34.52000045776367,23.385568618774414,2164800
2015-06-12,34.369998931884766,34.369998931884766,33.66999816894531,33.66999816894531,22.809734344482422,2492200
2015-06-15,33.61000061035156,33.65999984741211,33.16999816894531,33.290000915527344,22.552303314208984,2736200
2015-06-16,33.290000915527344,33.40999984741211,33.0,33.36000061035156,22.599729537963867,1910800
2015-06-17,33.349998474121094,33.619998931884766,32.97999954223633,33.43000030517578,22.64714241027832,3586500
2015-06-18,33.5099983215332,34.13999938964844,33.5,34.040000915527344,23.06039810180664,3111300
2015-06-19,34.02000045776367,34.2400016784668,33.75,33.79999923706055,22.897808074951172,3378100
2015-06-22,33.95000076293945,34.060001373291016,33.630001068115234,33.689998626708984,22.823287963867188,2041300
2015-06-23,33.7599983215332,33.790000915527344,33.16999816894531,33.27000045776367,22.538755416870117,2537600
2015-06-24,33.25,33.349998474121094,33.0,33.0,22.35584259033203,2059700
2015-06-25,33.040000915527344,33.13999938964844,32.83000183105469,32.86000061035156,22.261009216308594,2219400
2015-06-26,32.86000061035156,33.04999923706055,32.56999969482422,32.75,22.18648338317871,2285200
2015-06-29,32.68000030517578,33.380001068115234,32.59000015258789,32.61000061035156,22.091638565063477,2493200
2015-06-30,32.689998626708984,32.810001373291016,32.459999084472656,32.54999923706055,22.05099105834961,2313500
2015-07-01,32.65999984741211,32.83000183105469,32.529998779296875,32.810001373291016,22.22713279724121,1796100
2015-07-02,33.09000015258789,33.40999984741211,32.959999084472656,33.209999084472656,22.49810791015625,1411100
2015-07-06,33.13999938964844,33.52000045776367,32.869998931884766,33.310001373291016,22.56585121154785,1944200
2015-07-07,33.43000030517578,34.18000030517578,33.38999938964844,34.060001373291016,23.07394027709961,2727200
2015-07-08,33.88999938964844,34.15999984741211,33.709999084472656,33.790000915527344,22.89103126525879,2412300
2015-07-09,33.90999984741211,34.13999938964844,33.33000183105469,33.470001220703125,22.67424774169922,1615700
2015-07-10,33.630001068115234,33.93000030517578,33.41999816894531,33.65999984741211,22.802961349487305,1477500
2015-07-13,33.779998779296875,33.84000015258789,33.43000030517578,33.66999816894531,22.809734344482422,1555100
2015-07-14,33.66999816894531,33.880001068115234,33.439998626708984,33.619998931884766,22.77585792541504,1471400
2015-07-15,33.54999923706055,33.869998931884766,33.43000030517578,33.86000061035156,22.938451766967773,1690100
2015-07-16,33.900001525878906,34.72999954223633,33.790000915527344,34.689998626708984,23.500736236572266,3000700
2015-07-17,34.560001373291016,34.599998474121094,34.27000045776367,34.400001525878906,23.304279327392578,2069000
2015-07-20,34.400001525878906,34.41999816894531,33.7599983215332,33.970001220703125,23.01297378540039,1858600
2015-07-21,33.86000061035156,33.95000076293945,33.189998626708984,33.279998779296875,22.5455265045166,1900800
2015-07-22,33.369998931884766,33.61000061035156,33.189998626708984,33.31999969482422,22.57262420654297,2148000
2015-07-23,32.900001525878906,32.970001220703125,32.099998474121094,32.31999969482422,21.89517593383789,4774800
2015-07-24,32.349998474121094,32.52000045776367,32.2599983215332,32.290000915527344,21.87485694885254,2119700
2015-07-27,32.2400016784668,32.93000030517578,32.2400016784668,32.75,22.18648338317871,1457600
2015-07-28,32.72999954223633,32.900001525878906,32.540000915527344,32.79999923706055,22.220352172851562,2090400
2015-07-29,32.70000076293945,32.810001373291016,32.31999969482422,32.61000061035156,22.091638565063477,2382500
2015-07-30,32.47999954223633,32.9900016784668,32.45000076293945,32.959999084472656,22.32874298095703,2516700
2015-07-31,33.150001525878906,34.119998931884766,33.150001525878906,33.959999084472656,23.006195068359375,3450300
2015-08-03,34.02000045776367,34.470001220703125,33.939998626708984,34.43000030517578,23.32459831237793,2964400
2015-08-04,34.369998931884766,34.56999969482422,33.650001525878906,33.709999084472656,22.83683967590332,3115300
2015-08-05,33.4900016784668,33.939998626708984,33.470001220703125,33.560001373291016,22.980636596679688,2203300
2015-08-06,33.61000061035156,34.0,33.279998779296875,33.970001220703125,23.261388778686523,2660300
2015-08-07,33.93000030517578,34.599998474121094,33.7400016784668,34.2599983215332,23.459964752197266,2765600
2015-08-10,34.31999969482422,34.540000915527344,34.029998779296875,34.130001068115234,23.370946884155273,1855100
2015-08-11,34.130001068115234,34.650001525878906,34.130001068115234,34.189998626708984,23.41203498840332,2166400
2015-08-12,34.13999938964844,34.65999984741211,34.0099983215332,34.61000061035156,23.699634552001953,3557800
2015-08-13,34.470001220703125,34.540000915527344,34.20000076293945,34.45000076293945,23.590072631835938,2394500
2015-08-14,34.439998626708984,34.790000915527344,34.31999969482422,34.790000915527344,23.82288932800293,3647700
2015-08-17,34.81999969482422,35.09000015258789,34.720001220703125,34.869998931884766,23.877676010131836,2633900
2015-08-18,34.72999954223633,34.86000061035156,34.43000030517578,34.650001525878906,23.727025985717773,3120200
2015-08-19,34.52000045776367,35.04999923706055,34.43000030517578,34.880001068115234,23.884519577026367,2838500
2015-08-20,34.63999938964844,34.97999954223633,34.34000015258789,34.380001068115234,23.542139053344727,3124300
2015-08-21,34.27000045776367,34.529998779296875,33.900001525878906,33.9900016784668,23.27507972717285,4225700
2015-08-24,32.720001220703125,33.869998931884766,32.5099983215332,32.7400016784668,22.419132232666016,7278000
2015-08-25,33.45000076293945,33.4900016784668,31.709999084472656,31.719999313354492,21.72067642211914,4958100
2015-08-26,32.150001525878906,32.2599983215332,31.469999313354492,32.13999938964844,22.008272171020508,5280700
2015-08-27,32.400001525878906,32.52000045776367,32.02000045776367,32.5099983215332,22.261632919311523,4199600
2015-08-28,32.400001525878906,32.5,31.899999618530273,32.4900016784668,22.24793815612793,3852200
2015-08-31,32.34000015258789,32.38999938964844,31.530000686645508,31.959999084472656,21.885013580322266,3672700
2015-09-01,31.700000762939453,32.13999938964844,30.760000228881836,30.979999542236328,21.213943481445312,3378100
2015-09-02,31.280000686645508,31.440000534057617,30.34000015258789,30.860000610351562,21.131776809692383,6401400
2015-09-03,30.93000030517578,31.309999465942383,30.790000915527344,31.25,21.398839950561523,5387500
2015-09-04,30.899999618530273,31.030000686645508,30.479999542236328,30.59000015258789,20.9468936920166,2929300
2015-09-08,31.020000457763672,31.219999313354492,30.81999969482422,31.18000030517578,21.350900650024414,2997900
2015-09-09,31.389999389648438,31.43000030517578,30.719999313354492,30.780000686645508,21.076995849609375,3137900
2015-09-10,30.739999771118164,31.100000381469727,30.510000228881836,30.56999969482422,20.93318748474121,3680000
2015-09-11,30.610000610351562,30.760000228881836,30.459999084472656,30.59000015258789,20.9468936920166,4114300
2015-09-14,30.68000030517578,31.1200008392334,30.649999618530273,30.8799991607666,21.14547348022461,3766200
2015-09-15,30.93000030517578,31.34000015258789,30.649999618530273,31.190000534057617,21.357746124267578,3405900
2015-09-16,31.200000762939453,31.959999084472656,31.100000381469727,31.579999923706055,21.624801635742188,3499600
2015-09-17,31.579999923706055,32.16999816894531,31.450000762939453,31.719999313354492,21.72067642211914,3280900
2015-09-18,31.389999389648438,31.8799991607666,31.059999465942383,31.1299991607666,21.316659927368164,5285600
2015-09-21,31.25,31.56999969482422,31.170000076293945,31.350000381469727,21.467309951782227,3487700
2015-09-22,31.549999237060547,31.600000381469727,30.709999084472656,30.899999618530273,21.159162521362305,3982100
2015-09-23,30.950000762939453,31.030000686645508,30.450000762939453,30.469999313354492,20.86471939086914,3491800
2015-09-24,30.389999389648438,30.770000457763672,30.309999465942383,30.719999313354492,21.035905838012695,3214100
2015-09-25,30.790000915527344,31.290000915527344,30.469999313354492,31.040000915527344,21.255033493041992,3095500
2015-09-28,31.020000457763672,31.280000686645508,30.889999389648438,30.90999984741211,21.166013717651367,2465600
2015-09-29,30.940000534057617,31.1200008392334,30.639999389648438,30.829999923706055,21.111238479614258,1821800
2015-09-30,30.959999084472656,31.34000015258789,30.860000610351562,31.309999465942383,21.439918518066406,3293800
2015-10-01,31.360000610351562,31.489999771118164,30.280000686645508,30.59000015258789,20.9468936920166,2883000
2015-10-02,30.709999084472656,31.049999237060547,30.440000534057617,30.950000762939453,21.193403244018555,2324300
2015-10-05,31.049999237060547,31.829999923706055,31.049999237060547,31.600000381469727,21.63849639892578,4347700
2015-10-06,31.489999771118164,31.649999618530273,30.969999313354492,31.149999618530273,21.330350875854492,2415600
2015-10-07,31.200000762939453,31.360000610351562,30.969999313354492,31.030000686645508,21.248186111450195,3225100
2015-10-08,30.989999771118164,31.440000534057617,30.920000076293945,31.34000015258789,21.460458755493164,3548300
2015-10-09,31.350000381469727,31.559999465942383,31.239999771118164,31.559999465942383,21.61110496520996,4719500
2015-10-12,31.700000762939453,32.56999969482422,31.670000076293945,32.400001525878906,22.186311721801758,4878800
2015-10-13,32.5099983215332,32.65999984741211,32.209999084472656,32.33000183105469,22.13837242126465,4691700
2015-10-14,32.38999938964844,32.779998779296875,32.2400016784668,32.5,22.25478172302246,4124700
2015-10-15,32.63999938964844,32.869998931884766,32.459999084472656,32.7400016784668,22.419132232666016,4098300
2015-10-16,32.959999084472656,33.0,32.43000030517578,32.5,22.25478172302246,3238000
2015-10-19,32.58000183105469,32.63999938964844,32.06999969482422,32.220001220703125,22.06304931640625,3009700
2015-10-20,32.20000076293945,32.66999816894531,32.08000183105469,32.630001068115234,22.343801498413086,5134500
2015-10-21,32.68000030517578,32.810001373291016,32.189998626708984,32.2400016784668,22.07674789428711,2491600
2015-10-22,32.349998474121094,32.779998779296875,32.0099983215332,32.5099983215332,22.261632919311523,3555900
2015-10-23,32.5,32.54999923706055,31.6200008392334,31.670000076293945,21.68643569946289,2973300
2015-10-26,31.799999237060547,31.850000381469727,31.030000686645508,31.290000915527344,21.426219940185547,3580500
2015-10-27,31.280000686645508,31.389999389648438,30.889999389648438,31.190000534057617,21.357746124267578,2109400
2015-10-28,31.200000762939453,31.360000610351562,30.469999313354492,30.84000015258789,21.11807632446289,2504200
2015-10-29,30.739999771118164,30.860000610351562,30.139999389648438,30.81999969482422,21.10438346862793,2896800
2015-10-30,31.09000015258789,31.489999771118164,30.809999465942383,31.200000762939453,21.364595413208008,4703400
2015-11-02,31.209999084472656,31.329999923706055,30.709999084472656,31.15999984741211,21.337200164794922,3968600
2015-11-03,31.149999618530273,31.309999465942383,30.510000228881836,31.06999969482422,21.275569915771484,4411000
2015-11-04,30.670000076293945,31.09000015258789,30.6200008392334,30.989999771118164,21.469552993774414,4965400
2015-11-05,30.940000534057617,30.979999542236328,30.31999969482422,30.399999618530273,21.060808181762695,3051900
2015-11-06,30.010000228881836,30.079999923706055,29.049999237060547,29.290000915527344,20.29181671142578,4014400
2015-11-09,29.170000076293945,29.31999969482422,28.889999389648438,29.1200008392334,20.174039840698242,4137800
2015-11-10,29.15999984741211,29.739999771118164,29.1200008392334,29.479999542236328,20.423444747924805,2692400
2015-11-11,29.579999923706055,30.219999313354492,29.479999542236328,30.209999084472656,20.929174423217773,4753300
2015-11-12,30.1200008392334,30.649999618530273,30.059999465942383,30.15999984741211,20.89453887939453,5323900
2015-11-13,30.200000762939453,30.75,30.149999618530273,30.600000381469727,21.199365615844727,5315900
2015-11-16,30.540000915527344,30.75,30.270000457763672,30.440000534057617,21.088516235351562,2940600
2015-11-17,30.479999542236328,30.799999237060547,30.010000228881836,30.059999465942383,20.825260162353516,2805300
2015-11-18,30.059999465942383,30.479999542236328,29.6200008392334,30.40999984741211,21.06774139404297,5757100
2015-11-19,30.68000030517578,31.260000228881836,30.68000030517578,31.209999084472656,21.621965408325195,4304700
2015-11-20,31.329999923706055,31.520000457763672,30.8799991607666,31.489999771118164,21.81595230102539,4956800
2015-11-23,31.540000915527344,31.739999771118164,31.139999389648438,31.170000076293945,21.59425926208496,3412200
2015-11-24,31.0,31.270000457763672,30.84000015258789,31.15999984741211,21.58732795715332,2865100
2015-11-25,31.1299991607666,31.15999984741211,30.59000015258789,30.93000030517578,21.42798614501953,2950500
2015-11-27,30.950000762939453,31.290000915527344,30.899999618530273,31.149999618530273,21.58039665222168,1532800
2015-11-30,31.100000381469727,31.459999084472656,30.920000076293945,31.389999389648438,21.746667861938477,5856400
2015-12-01,31.59000015258789,32.459999084472656,31.510000228881836,32.27000045776367,22.356321334838867,9374800
2015-12-02,32.27000045776367,32.540000915527344,31.670000076293945,31.979999542236328,22.155418395996094,7020100
2015-12-03,32.09000015258789,32.34000015258789,31.799999237060547,32.04999923706055,22.203903198242188,6835300
2015-12-04,32.2400016784668,32.9900016784668,32.09000015258789,32.81999969482422,22.737361907958984,5983600
2015-12-07,32.7400016784668,32.880001068115234,32.400001525878906,32.47999954223633,22.501811981201172,5451000
2015-12-08,32.33000183105469,32.5,31.700000762939453,31.899999618530273,22.099998474121094,4816100
2015-12-09,31.649999618530273,32.45000076293945,31.600000381469727,32.04999923706055,22.203903198242188,4889100
2015-12-10,32.06999969482422,32.06999969482422,31.520000457763672,31.549999237060547,21.857515335083008,3463900
2015-12-11,31.31999969482422,31.690000534057617,31.110000610351562,31.459999084472656,21.795164108276367,3152100
2015-12-14,31.56999969482422,31.65999984741211,30.790000915527344,30.979999542236328,21.462623596191406,4878300
2015-12-15,31.18000030517578,31.329999923706055,30.940000534057617,31.1299991607666,21.566543579101562,5134300
2015-12-16,31.329999923706055,31.770000457763672,31.329999923706055,31.639999389648438,21.91986846923828,5139000
2015-12-17,31.639999389648438,31.780000686645508,31.329999923706055,31.530000686645508,21.843664169311523,5139700
2015-12-18,31.360000610351562,31.399999618530273,30.90999984741211,31.010000228881836,21.483413696289062,5473400
2015-12-21,31.219999313354492,31.270000457763672,30.920000076293945,31.06999969482422,21.524980545043945,4189200
2015-12-22,31.170000076293945,31.760000228881836,30.989999771118164,31.719999313354492,21.975297927856445,3721500
2015-12-23,31.809999465942383,32.529998779296875,31.809999465942383,32.470001220703125,22.49488639831543,2763400
2015-12-24,32.40999984741211,32.75,32.349998474121094,32.599998474121094,22.584945678710938,1601800
2015-12-28,32.5,32.72999954223633,32.22999954223633,32.63999938964844,22.612659454345703,2030300
2015-12-29,32.709999084472656,32.810001373291016,32.47999954223633,32.599998474121094,22.584945678710938,2682000
2015-12-30,32.599998474121094,32.68000030517578,32.279998779296875,32.290000915527344,22.37018394470215,2703700
2015-12-31,32.25,32.349998474121094,31.459999084472656,31.729999542236328,21.982221603393555,4037000
2016-01-04,31.520000457763672,31.6299991607666,31.219999313354492,31.5,21.822879791259766,4524900
2016-01-05,31.6299991607666,31.639999389648438,30.940000534057617,31.540000915527344,21.850595474243164,5204200
2016-01-06,31.31999969482422,32.0099983215332,31.18000030517578,31.850000381469727,22.06535530090332,3822700
2016-01-07,31.520000457763672,31.770000457763672,30.889999389648438,31.0,21.476482391357422,4218400
2016-01-08,31.020000457763672,31.770000457763672,30.979999542236328,31.59000015258789,21.885231018066406,5032000
2016-01-11,31.700000762939453,32.25,31.610000610351562,32.06999969482422,22.217771530151367,5003400
2016-01-12,32.20000076293945,32.290000915527344,31.59000015258789,32.18000030517578,22.29397964477539,5130600
2016-01-13,32.209999084472656,32.400001525878906,31.40999984741211,31.5,21.822879791259766,3781000
2016-01-14,31.600000381469727,32.79999923706055,31.34000015258789,32.560001373291016,22.557235717773438,4568100
2016-01-15,32.16999816894531,32.470001220703125,31.389999389648438,31.829999923706055,22.051498413085938,5544400
2016-01-19,31.920000076293945,32.58000183105469,31.709999084472656,32.4900016784668,22.508739471435547,4446500
2016-01-20,32.2599983215332,32.34000015258789,30.670000076293945,31.1200008392334,21.55961799621582,5776800
2016-01-21,31.149999618530273,31.639999389648438,30.6200008392334,31.299999237060547,21.684322357177734,5237200
2016-01-22,31.579999923706055,32.380001068115234,31.350000381469727,32.279998779296875,22.36325454711914,3477500
2016-01-25,32.279998779296875,32.31999969482422,31.780000686645508,31.81999969482422,22.04456901550293,3435700
2016-01-26,31.860000610351562,32.52000045776367,31.770000457763672,32.08000183105469,22.224695205688477,2931400
2016-01-27,31.959999084472656,32.34000015258789,31.600000381469727,31.920000076293945,22.11384391784668,2282400
2016-01-28,31.950000762939453,32.400001525878906,31.790000915527344,32.13999938964844,22.266263961791992,4022000
2016-01-29,32.41999816894531,33.11000061035156,32.349998474121094,33.060001373291016,22.90362548828125,4361600
2016-02-01,32.9900016784668,33.279998779296875,32.900001525878906,33.04999923706055,22.896703720092773,4077500
2016-02-02,32.70000076293945,33.119998931884766,32.61000061035156,32.970001220703125,22.841276168823242,4781800
2016-02-03,32.81999969482422,33.720001220703125,32.619998931884766,33.52000045776367,23.47867774963379,5704900
2016-02-04,33.540000915527344,33.61000061035156,33.20000076293945,33.25,23.28955841064453,3988200
2016-02-05,33.08000183105469,34.209999084472656,32.90999984741211,33.70000076293945,23.604755401611328,5779700
2016-02-08,33.5099983215332,33.900001525878906,32.68000030517578,33.20000076293945,23.25454330444336,5823700
2016-02-09,33.040000915527344,33.5,32.72999954223633,33.31999969482422,23.33858871459961,3205700
2016-02-10,33.18000030517578,33.79999923706055,32.86000061035156,33.630001068115234,23.555727005004883,2842400
2016-02-11,33.310001373291016,33.56999969482422,32.560001373291016,32.810001373291016,22.981365203857422,2849200
2016-02-12,32.849998474121094,33.11000061035156,32.529998779296875,32.880001068115234,23.030397415161133,3537200
2016-02-16,33.09000015258789,33.470001220703125,32.790000915527344,33.459999084472656,23.436649322509766,3599900
2016-02-17,33.20000076293945,33.349998474121094,32.16999816894531,32.27000045776367,22.60312843322754,5985400
2016-02-18,32.5099983215332,34.130001068115234,32.369998931884766,33.93000030517578,23.76586151123047,6542400
2016-02-19,33.81999969482422,33.81999969482422,32.79999923706055,32.970001220703125,23.09343719482422,5481600
2016-02-22,33.150001525878906,33.41999816894531,32.93000030517578,33.33000183105469,23.345596313476562,3127700
2016-02-23,33.31999969482422,33.59000015258789,32.93000030517578,33.040000915527344,23.14246940612793,3624000
2016-02-24,33.0,33.16999816894531,32.400001525878906,32.70000076293945,22.904314041137695,5005900
2016-02-25,32.93000030517578,33.9900016784668,32.779998779296875,33.95000076293945,23.77986717224121,4621300
2016-02-26,33.939998626708984,34.060001373291016,32.650001525878906,32.81999969482422,22.988372802734375,4848200
2016-02-29,32.81999969482422,33.720001220703125,32.650001525878906,33.470001220703125,23.443653106689453,4294600
2016-03-01,33.58000183105469,33.790000915527344,33.27000045776367,33.45000076293945,23.429651260375977,3581400
2016-03-02,33.29999923706055,33.7400016784668,32.56999969482422,33.709999084472656,23.61176300048828,2619300
2016-03-03,33.65999984741211,34.130001068115234,33.34000015258789,33.97999954223633,23.80087661743164,2634200
2016-03-04,33.72999954223633,34.7400016784668,33.529998779296875,34.560001373291016,24.20713233947754,2739400
2016-03-07,34.43000030517578,35.13999938964844,34.34000015258789,35.11000061035156,24.592370986938477,2645900
2016-03-08,35.119998931884766,35.77000045776367,34.709999084472656,35.560001373291016,24.907573699951172,3952800
2016-03-09,35.52000045776367,36.45000076293945,35.4900016784668,35.79999923706055,25.0756778717041,4088700
2016-03-10,35.68000030517578,36.22999954223633,35.599998474121094,35.970001220703125,25.19475555419922,3787000
2016-03-11,36.08000183105469,36.36000061035156,35.689998626708984,35.70000076293945,25.005632400512695,3409600
2016-03-14,35.709999084472656,35.7599983215332,35.43000030517578,35.59000015258789,24.9285831451416,2420900
2016-03-15,35.52000045776367,35.70000076293945,35.25,35.59000015258789,24.9285831451416,2849500
2016-03-16,35.41999816894531,36.15999984741211,35.220001220703125,35.900001525878906,25.14572525024414,3759100
2016-03-17,36.040000915527344,36.349998474121094,35.84000015258789,36.16999816894531,25.334836959838867,2665800
2016-03-18,36.15999984741211,36.20000076293945,35.75,35.7599983215332,25.04765510559082,4883900
2016-03-21,35.72999954223633,36.06999969482422,35.40999984741211,35.849998474121094,25.110694885253906,3416800
2016-03-22,35.880001068115234,36.18000030517578,35.61000061035156,35.7599983215332,25.04765510559082,3058000
2016-03-23,35.72999954223633,36.08000183105469,35.52000045776367,35.97999954223633,25.201749801635742,2830700
2016-03-24,35.849998474121094,36.25,35.779998779296875,36.15999984741211,25.32783317565918,2968400
2016-03-28,36.15999984741211,36.349998474121094,35.66999816894531,35.7400016784668,25.033655166625977,2097100
2016-03-29,35.83000183105469,36.380001068115234,35.63999938964844,36.34000015258789,25.45391845703125,4563900
2016-03-30,36.40999984741211,36.540000915527344,35.77000045776367,35.790000915527344,25.068675994873047,5504800
2016-03-31,35.939998626708984,36.52000045776367,35.5099983215332,35.970001220703125,25.19475555419922,7360500
2016-04-01,35.97999954223633,36.290000915527344,35.65999984741211,36.029998779296875,25.236772537231445,6258400
2016-04-04,35.9900016784668,36.130001068115234,35.58000183105469,35.68000030517578,24.991626739501953,4869600
2016-04-05,35.56999969482422,35.689998626708984,34.849998474121094,35.06999969482422,24.564359664916992,5229400
2016-04-06,35.029998779296875,35.09000015258789,34.54999923706055,34.59000015258789,24.228153228759766,5030400
2016-04-07,34.560001373291016,35.040000915527344,34.52000045776367,34.7599983215332,24.347225189208984,4113900
2016-04-08,34.88999938964844,35.689998626708984,34.880001068115234,35.119998931884766,24.599376678466797,4890800
2016-04-11,35.33000183105469,35.810001373291016,35.290000915527344,35.36000061035156,24.76748275756836,3686200
2016-04-12,35.52000045776367,36.0,35.400001525878906,35.75,25.040651321411133,3634200
2016-04-13,35.779998779296875,35.79999923706055,35.4900016784668,35.650001525878906,24.970611572265625,2968300
2016-04-14,35.599998474121094,35.79999923706055,35.38999938964844,35.40999984741211,24.80249786376953,2719100
2016-04-15,35.38999938964844,35.77000045776367,35.22999954223633,35.65999984741211,24.977617263793945,3247500
2016-04-18,35.56999969482422,35.88999938964844,35.47999954223633,35.849998474121094,25.110694885253906,2505600
2016-04-19,35.95000076293945,36.029998779296875,35.34000015258789,35.5,24.86553955078125,4850200
2016-04-20,35.5099983215332,35.70000076293945,34.7400016784668,34.7599983215332,24.347225189208984,4538800
2016-04-21,34.72999954223633,34.84000015258789,33.58000183105469,33.90999984741211,23.751850128173828,6653200
2016-04-22,34.15999984741211,34.650001525878906,34.0,34.470001220703125,24.14409828186035,4620700
2016-04-25,34.310001373291016,34.529998779296875,34.08000183105469,34.45000076293945,24.13008689880371,4145200
2016-04-26,34.540000915527344,34.869998931884766,34.369998931884766,34.38999938964844,24.08806037902832,4329700
2016-04-27,34.86000061035156,36.31999969482422,34.66999816894531,36.04999923706055,25.25078582763672,11943200
2016-04-28,36.04999923706055,36.04999923706055,31.68000030517578,32.470001220703125,22.743221282958984,19368800
2016-04-29,32.45000076293945,33.099998474121094,32.209999084472656,32.59000015258789,22.827272415161133,8463000
2016-05-02,32.68000030517578,33.2400016784668,32.619998931884766,33.04999923706055,23.149473190307617,6075200
2016-05-03,33.13999938964844,34.02000045776367,33.13999938964844,33.560001373291016,23.506698608398438,8498700
2016-05-04,33.130001068115234,33.77000045776367,32.869998931884766,33.650001525878906,23.825313568115234,4849400
2016-05-05,33.689998626708984,33.939998626708984,33.31999969482422,33.5099983215332,23.726181030273438,2972400
2016-05-06,33.439998626708984,33.439998626708984,32.959999084472656,33.09000015258789,23.428813934326172,4061600
2016-05-09,33.189998626708984,33.650001525878906,33.06999969482422,33.54999923706055,23.754507064819336,3735400
2016-05-10,33.599998474121094,34.04999923706055,33.56999969482422,33.88999938964844,23.995237350463867,3728500
2016-05-11,34.02000045776367,34.16999816894531,33.75,33.95000076293945,24.037721633911133,3427800
2016-05-12,33.91999816894531,34.189998626708984,33.75,33.970001220703125,24.051883697509766,4641100
2016-05-13,33.83000183105469,33.970001220703125,33.400001525878906,33.47999954223633,23.704946517944336,4770000
2016-05-16,33.54999923706055,33.619998931884766,33.310001373291016,33.349998474121094,23.612892150878906,3553400
2016-05-17,33.279998779296875,33.38999938964844,32.86000061035156,32.97999954223633,23.35093116760254,3978900
2016-05-18,32.7400016784668,33.040000915527344,31.920000076293945,32.150001525878906,22.76325798034668,5244400
2016-05-19,31.959999084472656,32.369998931884766,31.829999923706055,32.349998474121094,22.904863357543945,3386300
2016-05-20,32.459999084472656,32.459999084472656,32.099998474121094,32.290000915527344,22.862388610839844,2342400
2016-05-23,32.369998931884766,32.400001525878906,32.040000915527344,32.060001373291016,22.699541091918945,3186300
2016-05-24,32.119998931884766,32.36000061035156,31.940000534057617,32.09000015258789,22.72077751159668,2562900
2016-05-25,31.739999771118164,32.2599983215332,31.3700008392334,32.11000061035156,22.734941482543945,4992900
2016-05-26,32.20000076293945,32.4900016784668,32.06999969482422,32.349998474121094,22.904863357543945,3806900
2016-05-27,32.45000076293945,32.61000061035156,32.27000045776367,32.47999954223633,22.99691390991211,2556000
2016-05-31,32.52000045776367,32.86000061035156,32.41999816894531,32.810001373291016,23.23056411743164,3454900
2016-06-01,32.90999984741211,33.20000076293945,32.79999923706055,33.06999969482422,23.41465187072754,2949800
2016-06-02,32.970001220703125,33.380001068115234,32.900001525878906,33.310001373291016,23.584579467773438,2780100
2016-06-03,33.56999969482422,33.86000061035156,33.41999816894531,33.81999969482422,23.9456729888916,2509500
2016-06-06,33.7400016784668,33.939998626708984,33.529998779296875,33.779998779296875,23.91735076904297,3216600
2016-06-07,33.7400016784668,34.220001220703125,33.689998626708984,34.06999969482422,24.1226863861084,3685800
2016-06-08,34.040000915527344,34.209999084472656,33.880001068115234,34.130001068115234,24.1651611328125,2913600
2016-06-09,34.11000061035156,34.290000915527344,33.970001220703125,34.25,24.25013542175293,2242500
2016-06-10,34.2400016784668,34.349998474121094,33.58000183105469,33.70000076293945,23.8607120513916,2934900
2016-06-13,33.68000030517578,33.86000061035156,33.529998779296875,33.65999984741211,23.8323917388916,2504700
2016-06-14,33.720001220703125,33.790000915527344,33.470001220703125,33.75,23.8961181640625,2264300
2016-06-15,33.790000915527344,33.880001068115234,33.58000183105469,33.650001525878906,23.825313568115234,2157800
2016-06-16,33.689998626708984,34.06999969482422,33.61000061035156,33.9900016784668,24.066043853759766,1999800
2016-06-17,33.97999954223633,34.290000915527344,33.86000061035156,34.290000915527344,24.278453826904297,3059100
2016-06-20,34.29999923706055,34.380001068115234,33.70000076293945,33.7400016784668,23.889034271240234,4193500
2016-06-21,33.7400016784668,33.869998931884766,33.220001220703125,33.540000915527344,23.74742889404297,4035400
2016-06-22,33.36000061035156,33.459999084472656,33.02000045776367,33.040000915527344,23.393415451049805,4095600
2016-06-23,33.13999938964844,33.2400016784668,32.84000015258789,33.15999984741211,23.478376388549805,4121800
2016-06-24,32.75,33.45000076293945,32.68000030517578,32.880001068115234,23.280122756958008,4732300
2016-06-27,32.81999969482422,33.15999984741211,32.599998474121094,33.11000061035156,23.442970275878906,3152200
2016-06-28,33.2400016784668,33.7400016784668,32.869998931884766,33.72999954223633,23.8819522857666,4651000
2016-06-29,33.88999938964844,34.2400016784668,33.81999969482422,34.189998626708984,24.2076473236084,3770500
2016-06-30,34.209999084472656,34.91999816894531,33.939998626708984,34.90999984741211,24.717435836791992,4170000
2016-07-01,35.02000045776367,35.290000915527344,34.83000183105469,35.130001068115234,24.87320327758789,3250200
2016-07-05,35.08000183105469,35.22999954223633,35.0,35.18000030517578,24.908601760864258,2236700
2016-07-06,35.16999816894531,35.689998626708984,34.97999954223633,35.619998931884766,25.22014045715332,3982600
2016-07-07,35.52000045776367,35.58000183105469,35.130001068115234,35.33000183105469,25.014802932739258,3462400
2016-07-08,35.2599983215332,36.040000915527344,35.0099983215332,36.02000045776367,25.503355026245117,3732600
2016-07-11,35.880001068115234,36.150001525878906,35.61000061035156,36.11000061035156,25.567073822021484,3575900
2016-07-12,35.849998474121094,36.45000076293945,35.849998474121094,36.189998626708984,25.62371253967285,5632300
2016-07-13,36.459999084472656,36.4900016784668,36.20000076293945,36.439998626708984,25.800722122192383,3989300
2016-07-14,36.22999954223633,36.400001525878906,35.83000183105469,35.849998474121094,25.382980346679688,3796200
2016-07-15,35.91999816894531,36.209999084472656,35.91999816894531,36.189998626708984,25.62371253967285,2758800
2016-07-18,36.150001525878906,36.33000183105469,36.11000061035156,36.290000915527344,25.69451904296875,1852100
2016-07-19,36.349998474121094,36.349998474121094,35.95000076293945,36.18000030517578,25.616636276245117,2521600
2016-07-20,36.18000030517578,36.25,35.95000076293945,35.97999954223633,25.47502326965332,2975900
2016-07-21,35.880001068115234,36.0099983215332,35.7400016784668,35.959999084472656,25.46086311340332,3912200
2016-07-22,35.959999084472656,36.59000015258789,35.869998931884766,36.5099983215332,25.850284576416016,5034000
2016-07-25,36.5099983215332,36.599998474121094,36.2599983215332,36.599998474121094,25.914005279541016,3608400
2016-07-26,36.349998474121094,36.45000076293945,35.66999816894531,35.88999938964844,25.411304473876953,6262000
2016-07-27,35.880001068115234,35.97999954223633,34.84000015258789,35.20000076293945,24.92276382446289,3823800
2016-07-28,35.22999954223633,35.5099983215332,35.130001068115234,35.369998931884766,25.043128967285156,5190800
2016-07-29,35.220001220703125,35.25,34.58000183105469,34.91999816894531,24.724517822265625,4983500
2016-08-01,34.77000045776367,34.900001525878906,34.22999954223633,34.310001373291016,24.292612075805664,4792900
2016-08-02,34.130001068115234,34.13999938964844,33.25,33.310001373291016,23.584579467773438,5901500
2016-08-03,32.939998626708984,33.279998779296875,32.77000045776367,33.060001373291016,23.663312911987305,4119700
2016-08-04,33.06999969482422,33.25,32.81999969482422,32.93000030517578,23.570266723632812,2405800
2016-08-05,32.90999984741211,32.95000076293945,32.369998931884766,32.43000030517578,23.212379455566406,2764100
2016-08-08,33.0,33.220001220703125,32.70000076293945,32.869998931884766,23.527315139770508,4739900
2016-08-09,32.81999969482422,32.9900016784668,32.7400016784668,32.84000015258789,23.505847930908203,2403600
2016-08-10,32.959999084472656,33.0099983215332,32.599998474121094,32.709999084472656,23.412792205810547,3072800
2016-08-11,32.72999954223633,32.88999938964844,32.66999816894531,32.880001068115234,23.534475326538086,2171400
2016-08-12,33.029998779296875,33.310001373291016,32.880001068115234,33.119998931884766,23.706260681152344,5532000
2016-08-15,33.06999969482422,33.349998474121094,32.880001068115234,32.88999938964844,23.54163360595703,3405300
2016-08-16,32.849998474121094,32.869998931884766,32.40999984741211,32.41999816894531,23.205223083496094,2495400
2016-08-17,32.38999938964844,32.900001525878906,32.150001525878906,32.84000015258789,23.505847930908203,3839600
2016-08-18,32.83000183105469,33.119998931884766,32.720001220703125,33.119998931884766,23.706260681152344,4054200
2016-08-19,33.060001373291016,33.060001373291016,32.529998779296875,32.689998626708984,23.398479461669922,2638500
2016-08-22,32.70000076293945,32.79999923706055,32.5099983215332,32.630001068115234,23.355533599853516,1915200
2016-08-23,32.7400016784668,33.08000183105469,32.7400016784668,32.91999816894531,23.563100814819336,2843700
2016-08-24,32.83000183105469,33.06999969482422,32.63999938964844,33.0,23.6203670501709,2633700
2016-08-25,32.9900016784668,33.25,32.880001068115234,32.93000030517578,23.570266723632812,2052500
2016-08-26,33.06999969482422,33.349998474121094,32.27000045776367,32.31999969482422,23.133649826049805,3756700
2016-08-29,32.5099983215332,32.779998779296875,32.380001068115234,32.599998474121094,23.334062576293945,1840100
2016-08-30,32.599998474121094,32.7400016784668,32.130001068115234,32.209999084472656,23.05491065979004,2510900
2016-08-31,32.189998626708984,32.75,32.119998931884766,32.72999954223633,23.427112579345703,4190400
2016-09-01,32.66999816894531,32.77000045776367,32.27000045776367,32.45000076293945,23.226699829101562,4637100
2016-09-02,32.4900016784668,33.0,32.4900016784668,32.81999969482422,23.491531372070312,2326900
2016-09-06,32.939998626708984,33.11000061035156,32.77000045776367,33.04999923706055,23.65615463256836,2766000
2016-09-07,33.029998779296875,33.279998779296875,32.83000183105469,33.130001068115234,23.71341896057129,2237600
2016-09-08,33.02000045776367,33.66999816894531,32.97999954223633,33.63999938964844,24.078462600708008,3108500
2016-09-09,33.279998779296875,33.349998474121094,32.630001068115234,32.63999938964844,23.362693786621094,5017800
2016-09-12,32.619998931884766,33.470001220703125,32.58000183105469,33.279998779296875,23.820789337158203,3339500
2016-09-13,33.099998474121094,33.189998626708984,32.459999084472656,32.70000076293945,23.405637741088867,3745200
2016-09-14,32.83000183105469,33.0099983215332,32.459999084472656,32.619998931884766,23.348379135131836,3062400
2016-09-15,32.61000061035156,32.970001220703125,32.47999954223633,32.84000015258789,23.505847930908203,2111000
2016-09-16,32.630001068115234,33.029998779296875,32.459999084472656,32.9900016784668,23.613204956054688,3507100
2016-09-19,33.09000015258789,33.77000045776367,33.0,33.7400016784668,24.150035858154297,3757300
2016-09-20,33.81999969482422,33.970001220703125,33.61000061035156,33.7400016784668,24.150035858154297,2909000
2016-09-21,33.75,34.619998931884766,33.709999084472656,34.56999969482422,24.744125366210938,3175100
2016-09-22,34.790000915527344,34.959999084472656,34.59000015258789,34.84000015258789,24.9373836517334,3278400
2016-09-23,34.619998931884766,34.869998931884766,34.41999816894531,34.4900016784668,24.686861038208008,4010200
2016-09-26,34.34000015258789,34.81999969482422,34.34000015258789,34.58000183105469,24.751279830932617,3341700
2016-09-27,34.70000076293945,34.83000183105469,33.560001373291016,33.66999816894531,24.099929809570312,5301400
2016-09-28,33.779998779296875,33.880001068115234,33.279998779296875,33.540000915527344,24.006885528564453,3954400
2016-09-29,33.540000915527344,33.630001068115234,33.06999969482422,33.16999816894531,23.742050170898438,2556300
2016-09-30,33.36000061035156,33.5,32.900001525878906,33.08000183105469,23.677635192871094,3504000
2016-10-03,33.06999969482422,33.06999969482422,32.22999954223633,32.29999923706055,23.11932945251465,4786700
2016-10-04,32.380001068115234,32.41999816894531,31.40999984741211,31.6299991607666,22.639766693115234,4667100
2016-10-05,31.639999389648438,31.860000610351562,31.209999084472656,31.389999389648438,22.46797752380371,12571500
2016-10-06,31.34000015258789,31.760000228881836,31.15999984741211,31.469999313354492,22.52524185180664,4321100
2016-10-07,31.68000030517578,31.950000762939453,31.31999969482422,31.31999969482422,22.417877197265625,3572600
2016-10-10,31.40999984741211,31.790000915527344,31.389999389648438,31.729999542236328,22.71134376525879,2389300
2016-10-11,31.729999542236328,31.770000457763672,31.149999618530273,31.219999313354492,22.346296310424805,2293500
2016-10-12,31.270000457763672,31.719999313354492,30.290000915527344,31.360000610351562,22.446508407592773,13766500
2016-10-13,31.790000915527344,31.829999923706055,31.260000228881836,31.559999465942383,22.58966064453125,4795800
2016-10-14,31.520000457763672,32.040000915527344,31.43000030517578,31.510000228881836,22.553871154785156,3228600
2016-10-17,31.729999542236328,32.40999984741211,31.719999313354492,32.22999954223633,23.0692195892334,6129400
2016-10-18,32.75,33.310001373291016,32.47999954223633,33.15999984741211,23.734891891479492,7351100
2016-10-19,32.959999084472656,33.27000045776367,32.560001373291016,33.150001525878906,23.727733612060547,5856100
2016-10-20,33.20000076293945,33.41999816894531,32.790000915527344,32.849998474121094,23.513002395629883,4609100
2016-10-21,32.70000076293945,33.36000061035156,32.630001068115234,33.189998626708984,23.756362915039062,4060800
2016-10-24,33.349998474121094,33.4900016784668,33.02000045776367,33.34000015258789,23.863731384277344,2383300
2016-10-25,33.56999969482422,33.72999954223633,33.349998474121094,33.619998931884766,24.06414222717285,3997800
2016-10-26,33.599998474121094,34.029998779296875,33.349998474121094,33.959999084472656,24.30750846862793,4233300
2016-10-27,33.88999938964844,34.029998779296875,33.459999084472656,33.900001525878906,24.264558792114258,3827400
2016-10-28,33.95000076293945,34.209999084472656,33.66999816894531,33.959999084472656,24.30750846862793,6192900
2016-10-31,34.08000183105469,34.5,34.02000045776367,34.290000915527344,24.543710708618164,5212000
2016-11-01,34.34000015258789,34.34000015258789,33.380001068115234,33.470001220703125,23.956775665283203,3963400
2016-11-02,33.369998931884766,33.45000076293945,32.81999969482422,33.36000061035156,23.8780460357666,4395000
2016-11-03,32.869998931884766,33.380001068115234,32.65999984741211,33.290000915527344,24.087881088256836,4561900
2016-11-04,33.279998779296875,34.220001220703125,33.130001068115234,33.56999969482422,24.290481567382812,5324000
2016-11-07,33.88999938964844,34.47999954223633,33.470001220703125,34.40999984741211,24.898290634155273,7564700
2016-11-08,34.400001525878906,34.83000183105469,34.16999816894531,34.5,24.963407516479492,4316000
2016-11-09,33.91999816894531,34.02000045776367,33.380001068115234,33.4900016784668,24.23259925842285,4126100
2016-11-10,33.36000061035156,33.369998931884766,31.790000915527344,31.850000381469727,23.045934677124023,7318800
2016-11-11,31.8799991607666,32.310001373291016,31.5,31.6200008392334,22.879507064819336,5239000
2016-11-14,31.459999084472656,31.940000534057617,31.079999923706055,31.84000015258789,23.038698196411133,6102800
2016-11-15,31.989999771118164,32.41999816894531,31.8700008392334,32.09000015258789,23.219585418701172,4640500
2016-11-16,32.119998931884766,32.2400016784668,31.579999923706055,31.8700008392334,23.06040382385254,3781800
2016-11-17,31.719999313354492,32.150001525878906,31.719999313354492,31.959999084472656,23.125526428222656,2693200
2016-11-18,31.93000030517578,32.099998474121094,31.329999923706055,31.399999618530273,22.720317840576172,4396600
2016-11-21,31.6299991607666,31.989999771118164,31.510000228881836,31.90999984741211,23.08934211730957,3203300
2016-11-22,31.940000534057617,32.099998474121094,31.809999465942383,31.899999618530273,23.082111358642578,2782300
2016-11-23,31.559999465942383,31.809999465942383,31.270000457763672,31.489999771118164,22.78544044494629,4595600
2016-11-25,31.59000015258789,32.16999816894531,31.59000015258789,32.13999938964844,23.255765914916992,2063200
2016-11-28,32.27000045776367,32.619998931884766,32.16999816894531,32.59000015258789,23.581378936767578,3943300
2016-11-29,32.47999954223633,32.75,32.36000061035156,32.54999923706055,23.552433013916016,3151300
2016-11-30,32.20000076293945,32.20000076293945,31.290000915527344,31.290000915527344,22.640727996826172,5668500
2016-12-01,31.139999389648438,31.200000762939453,30.829999923706055,30.989999771118164,22.423654556274414,3272300
2016-12-02,31.0,31.239999771118164,30.350000381469727,30.56999969482422,22.119749069213867,5280300
2016-12-05,30.540000915527344,30.559999465942383,30.139999389648438,30.5,22.0690975189209,5709500
2016-12-06,30.6200008392334,30.639999389648438,30.139999389648438,30.3700008392334,21.97504425048828,5763700
2016-12-07,30.40999984741211,30.5,29.889999389648438,30.059999465942383,21.750730514526367,7314300
2016-12-08,29.979999542236328,30.700000762939453,29.329999923706055,30.530000686645508,22.09081268310547,6336200
2016-12-09,30.600000381469727,31.100000381469727,30.579999923706055,30.729999542236328,22.23552703857422,3913200
2016-12-12,30.56999969482422,31.139999389648438,30.540000915527344,31.059999465942383,22.474302291870117,4061500
2016-12-13,31.139999389648438,31.6200008392334,31.139999389648438,31.610000610351562,22.872272491455078,3646800
2016-12-14,31.739999771118164,32.29999923706055,31.200000762939453,31.290000915527344,22.640727996826172,8340500
2016-12-15,31.170000076293945,31.350000381469727,30.860000610351562,31.31999969482422,22.662433624267578,5667000
2016-12-16,31.299999237060547,31.979999542236328,31.25,31.780000686645508,22.99527931213379,10195800
2016-12-19,31.920000076293945,31.950000762939453,31.40999984741211,31.649999618530273,22.901216506958008,4557300
2016-12-20,31.5,31.649999618530273,31.049999237060547,31.290000915527344,22.640727996826172,5218000
2016-12-21,31.329999923706055,31.950000762939453,31.270000457763672,31.420000076293945,22.73479461669922,4233700
2016-12-22,31.3700008392334,31.510000228881836,31.149999618530273,31.219999313354492,22.590078353881836,3144500
2016-12-23,31.329999923706055,31.420000076293945,31.1299991607666,31.270000457763672,22.626258850097656,2494700
2016-12-27,31.15999984741211,31.31999969482422,31.049999237060547,31.280000686645508,22.633493423461914,2110400
2016-12-28,31.309999465942383,31.389999389648438,30.81999969482422,30.84000015258789,22.31511688232422,2558100
2016-12-29,30.84000015258789,31.309999465942383,30.84000015258789,31.1200008392334,22.517719268798828,2927900
2016-12-30,31.170000076293945,31.290000915527344,30.889999389648438,30.969999313354492,22.409181594848633,2523200
2017-01-03,30.969999313354492,31.139999389648438,30.43000030517578,30.950000762939453,22.394712448120117,3757200
2017-01-04,30.989999771118164,31.290000915527344,30.940000534057617,30.969999313354492,22.409181594848633,3242000
2017-01-05,30.940000534057617,31.049999237060547,30.56999969482422,30.850000381469727,22.32235336303711,3947600
2017-01-06,30.709999084472656,31.239999771118164,30.709999084472656,31.1299991607666,22.52495765686035,3485000
2017-01-09,31.209999084472656,31.229999542236328,30.93000030517578,31.010000228881836,22.438121795654297,4802300
2017-01-10,30.84000015258789,30.850000381469727,30.1200008392334,30.3700008392334,21.97504425048828,7195300
2017-01-11,30.329999923706055,30.940000534057617,30.329999923706055,30.729999542236328,22.23552703857422,5283000
2017-01-12,30.729999542236328,30.90999984741211,30.559999465942383,30.68000030517578,22.199342727661133,4247200
2017-01-13,30.639999389648438,30.719999313354492,30.40999984741211,30.610000610351562,22.148693084716797,3889300
2017-01-17,30.860000610351562,31.360000610351562,30.700000762939453,31.149999618530273,22.53942108154297,4092600
2017-01-18,31.079999923706055,31.229999542236328,30.65999984741211,30.760000228881836,22.257234573364258,3481500
2017-01-19,30.639999389648438,30.729999542236328,30.239999771118164,30.309999465942383,21.931625366210938,4519400
2017-01-20,30.350000381469727,30.520000457763672,29.90999984741211,30.040000915527344,21.736251831054688,4713900
2017-01-23,30.149999618530273,30.260000228881836,29.56999969482422,29.610000610351562,21.425121307373047,3936000
2017-01-24,29.670000076293945,29.850000381469727,29.510000228881836,29.579999923706055,21.40340232849121,3838100
2017-01-25,29.540000915527344,30.010000228881836,29.520000457763672,29.799999237060547,21.56259536743164,5785900
2017-01-26,29.780000686645508,29.93000030517578,29.670000076293945,29.81999969482422,21.577068328857422,5205200
2017-01-27,29.889999389648438,30.020000457763672,29.719999313354492,29.989999771118164,21.7000732421875,3356000
2017-01-30,30.139999389648438,30.139999389648438,29.610000610351562,29.81999969482422,21.577068328857422,4584500
2017-01-31,29.829999923706055,30.3700008392334,29.75,30.31999969482422,21.93885612487793,4811400
2017-02-01,30.09000015258789,30.31999969482422,29.709999084472656,29.84000015258789,21.591541290283203,4357000
2017-02-02,29.899999618530273,30.0,29.6200008392334,29.950000762939453,21.67113494873047,5426500
2017-02-03,29.670000076293945,30.030000686645508,29.579999923706055,29.889999389648438,21.890850067138672,3374100
2017-02-06,29.979999542236328,30.149999618530273,29.809999465942383,29.8799991607666,21.883529663085938,4332700
2017-02-07,29.920000076293945,30.040000915527344,29.770000457763672,29.989999771118164,21.964082717895508,2773900
2017-02-08,30.030000686645508,30.06999969482422,29.829999923706055,30.040000915527344,22.000703811645508,4244000
2017-02-09,30.040000915527344,30.09000015258789,29.649999618530273,29.8799991607666,21.883529663085938,4046000
2017-02-10,29.860000610351562,30.520000457763672,29.809999465942383,30.450000762939453,22.30098533630371,3805500
2017-02-13,30.520000457763672,30.719999313354492,30.389999389648438,30.530000686645508,22.359575271606445,5644900
2017-02-14,30.540000915527344,30.639999389648438,30.15999984741211,30.360000610351562,22.23507308959961,2566500
2017-02-15,30.1299991607666,30.459999084472656,30.110000610351562,30.399999618530273,22.264358520507812,2828700
2017-02-16,30.3799991607666,30.639999389648438,30.270000457763672,30.6200008392334,22.42548942565918,3805300
2017-02-17,30.65999984741211,31.040000915527344,30.549999237060547,31.010000228881836,22.71111297607422,4410400
2017-02-21,30.920000076293945,31.350000381469727,30.84000015258789,31.329999923706055,22.945478439331055,5193500
2017-02-22,30.809999465942383,31.020000457763672,30.350000381469727,30.790000915527344,22.54998779296875,6792900
2017-02-23,30.969999313354492,31.6200008392334,30.959999084472656,31.389999389648438,22.98941993713379,5776100
2017-02-24,31.559999465942383,32.349998474121094,31.489999771118164,32.31999969482422,23.670530319213867,6126800
2017-02-27,32.349998474121094,32.349998474121094,31.760000228881836,31.809999465942383,23.29701805114746,4398200
2017-02-28,31.809999465942383,32.540000915527344,31.770000457763672,32.43000030517578,23.751096725463867,5503100
2017-03-01,32.09000015258789,32.09000015258789,31.389999389648438,31.559999465942383,23.113916397094727,7326100
2017-03-02,31.450000762939453,32.0,31.399999618530273,31.639999389648438,23.172513961791992,3980100
2017-03-03,31.68000030517578,31.75,31.329999923706055,31.739999771118164,23.245756149291992,3620200
2017-03-06,31.920000076293945,31.920000076293945,31.15999984741211,31.31999969482422,22.938152313232422,4357900
2017-03-07,31.219999313354492,31.420000076293945,31.030000686645508,31.18000030517578,22.83561897277832,4515700
2017-03-08,30.920000076293945,31.15999984741211,30.469999313354492,31.110000610351562,22.78434944152832,4198600
2017-03-09,31.049999237060547,32.529998779296875,31.040000915527344,31.100000381469727,22.777029037475586,4161100
2017-03-10,31.209999084472656,31.559999465942383,30.899999618530273,31.260000228881836,22.894210815429688,3846900
2017-03-13,31.229999542236328,31.450000762939453,30.93000030517578,31.100000381469727,22.777029037475586,2735100
2017-03-14,31.040000915527344,31.079999923706055,30.780000686645508,31.0,22.703792572021484,3435100
2017-03-15,31.09000015258789,31.709999084472656,31.020000457763672,31.59000015258789,23.135896682739258,3906400
2017-03-16,31.469999313354492,31.579999923706055,31.0,31.1299991607666,22.79899787902832,3865500
2017-03-17,31.219999313354492,31.479999542236328,31.190000534057617,31.360000610351562,22.96744728088379,8680700
2017-03-20,31.200000762939453,31.420000076293945,30.8700008392334,30.959999084472656,22.674497604370117,3960500
2017-03-21,30.93000030517578,31.5,30.809999465942383,31.360000610351562,22.96744728088379,4362900
2017-03-22,31.5,31.809999465942383,31.360000610351562,31.40999984741211,23.00406837463379,4159400
2017-03-23,31.389999389648438,31.5,31.110000610351562,31.200000762939453,22.850263595581055,3360400
2017-03-24,31.399999618530273,31.530000686645508,31.239999771118164,31.34000015258789,22.952800750732422,3171000
2017-03-27,31.5,31.59000015258789,31.06999969482422,31.389999389648438,22.98941993713379,2457600
2017-03-28,31.299999237060547,31.639999389648438,31.25,31.610000610351562,23.150543212890625,2877600
2017-03-29,31.540000915527344,31.850000381469727,31.399999618530273,31.56999969482422,23.121252059936523,3458700
2017-03-30,31.489999771118164,31.5,31.229999542236328,31.3700008392334,22.974775314331055,3646400
2017-03-31,31.420000076293945,31.93000030517578,31.3799991607666,31.81999969482422,23.304344177246094,5805900
2017-04-03,31.719999313354492,31.739999771118164,31.229999542236328,31.459999084472656,23.040681838989258,3753600
2017-04-04,31.489999771118164,31.81999969482422,31.190000534057617,31.729999542236328,23.238428115844727,3992500
2017-04-05,31.6299991607666,31.860000610351562,31.549999237060547,31.780000686645508,23.275047302246094,2590500
2017-04-06,31.65999984741211,31.81999969482422,31.600000381469727,31.760000228881836,23.26039695739746,3060700
2017-04-07,31.889999389648438,31.940000534057617,31.299999237060547,31.31999969482422,22.938152313232422,5747600
2017-04-10,31.31999969482422,31.6200008392334,31.200000762939453,31.600000381469727,23.143218994140625,3235300
2017-04-11,31.520000457763672,31.649999618530273,31.329999923706055,31.440000534057617,23.026039123535156,2588300
2017-04-12,31.399999618530273,31.639999389648438,31.260000228881836,31.610000610351562,23.150543212890625,2718700
2017-04-13,31.610000610351562,31.719999313354492,31.260000228881836,31.270000457763672,22.901535034179688,3432200
2017-04-17,31.299999237060547,31.469999313354492,31.059999465942383,31.43000030517578,23.018714904785156,3007100
2017-04-18,31.450000762939453,31.56999969482422,31.219999313354492,31.469999313354492,23.048011779785156,2988700
2017-04-19,31.450000762939453,31.479999542236328,30.780000686645508,30.850000381469727,22.593935012817383,4920400
2017-04-20,30.850000381469727,30.860000610351562,30.56999969482422,30.65999984741211,22.454776763916016,4598900
2017-04-21,30.639999389648438,30.829999923706055,30.559999465942383,30.610000610351562,22.418161392211914,4208200
2017-04-24,30.600000381469727,30.75,30.15999984741211,30.709999084472656,22.491397857666016,5218400
2017-04-25,30.59000015258789,30.829999923706055,30.459999084472656,30.610000610351562,22.418161392211914,4051000
2017-04-26,30.600000381469727,31.149999618530273,30.479999542236328,30.520000457763672,22.35224723815918,5786100
2017-04-27,30.520000457763672,30.739999771118164,30.440000534057617,30.520000457763672,22.35224723815918,4538600
2017-04-28,30.68000030517578,30.899999618530273,29.329999923706055,29.940000534057617,21.927467346191406,9610000
2017-05-01,29.979999542236328,30.020000457763672,29.40999984741211,29.459999084472656,21.575923919677734,6328500
2017-05-02,29.530000686645508,29.719999313354492,28.969999313354492,29.030000686645508,21.261003494262695,7207000
2017-05-03,28.68000030517578,29.079999923706055,28.209999084472656,28.950000762939453,21.468643188476562,8991800
2017-05-04,28.889999389648438,29.06999969482422,28.780000686645508,28.8700008392334,21.409318923950195,4818600
2017-05-05,28.90999984741211,29.100000381469727,28.790000915527344,28.829999923706055,21.379650115966797,4303700
2017-05-08,28.8799991607666,29.1200008392334,28.700000762939453,29.059999465942383,21.550214767456055,4652000
2017-05-09,28.940000534057617,29.200000762939453,28.75,28.760000228881836,21.327739715576172,6631600
2017-05-10,28.829999923706055,29.0,28.649999618530273,28.850000381469727,21.394485473632812,3227700
2017-05-11,28.850000381469727,28.8700008392334,28.610000610351562,28.809999465942383,21.364822387695312,4804400
2017-05-12,28.860000610351562,28.90999984741211,28.56999969482422,28.719999313354492,21.298080444335938,2578900
2017-05-15,28.690000534057617,29.059999465942383,28.690000534057617,28.93000030517578,21.453815460205078,4446500
2017-05-16,28.8700008392334,28.959999084472656,28.59000015258789,28.690000534057617,21.275833129882812,3272800
2017-05-17,28.690000534057617,28.889999389648438,28.469999313354492,28.59000015258789,21.201669692993164,2710200
2017-05-18,28.43000030517578,28.829999923706055,28.139999389648438,28.15999984741211,20.88279914855957,5121900
2017-05-19,28.149999618530273,28.25,27.93000030517578,28.239999771118164,20.942121505737305,4897000
2017-05-22,28.18000030517578,28.540000915527344,28.18000030517578,28.440000534057617,21.090438842773438,3050700
2017-05-23,28.440000534057617,28.649999618530273,28.3799991607666,28.5,21.134931564331055,3222600
2017-05-24,28.549999237060547,28.690000534057617,28.40999984741211,28.670000076293945,21.260997772216797,2678700
2017-05-25,28.6200008392334,28.969999313354492,28.579999923706055,28.860000610351562,21.401901245117188,3512300
2017-05-26,28.889999389648438,28.969999313354492,28.649999618530273,28.920000076293945,21.446399688720703,2475900
2017-05-30,28.8700008392334,29.420000076293945,28.790000915527344,29.190000534057617,21.646617889404297,3148500
2017-05-31,29.1299991607666,29.3799991607666,29.049999237060547,29.239999771118164,21.683700561523438,3308900
2017-06-01,29.229999542236328,29.399999618530273,29.059999465942383,29.389999389648438,21.794937133789062,2940100
2017-06-02,29.59000015258789,29.6299991607666,29.329999923706055,29.450000762939453,21.83942985534668,2794700
2017-06-05,29.34000015258789,29.450000762939453,29.049999237060547,29.110000610351562,21.587291717529297,2830200
2017-06-06,29.170000076293945,29.239999771118164,28.950000762939453,29.059999465942383,21.550214767456055,4209200
2017-06-07,29.079999923706055,29.280000686645508,29.079999923706055,29.139999389648438,21.609540939331055,2805000
2017-06-08,29.139999389648438,29.139999389648438,28.65999984741211,28.8700008392334,21.409318923950195,3636000
2017-06-09,28.850000381469727,29.110000610351562,28.690000534057617,29.110000610351562,21.587291717529297,2933800
2017-06-12,29.139999389648438,29.6299991607666,29.110000610351562,29.510000228881836,21.88392448425293,4892900
2017-06-13,29.399999618530273,29.440000534057617,29.030000686645508,29.3700008392334,21.780105590820312,3483600
2017-06-14,29.600000381469727,29.809999465942383,29.43000030517578,29.59000015258789,21.943248748779297,3415200
2017-06-15,29.510000228881836,29.809999465942383,29.440000534057617,29.790000915527344,22.091567993164062,3829300
2017-06-16,29.850000381469727,30.299999237060547,29.81999969482422,29.93000030517578,22.195388793945312,12165600
2017-06-19,30.0,30.139999389648438,29.649999618530273,29.8700008392334,22.150896072387695,3720400
2017-06-20,29.850000381469727,30.0,29.829999923706055,29.8700008392334,22.150896072387695,2884800
2017-06-21,29.81999969482422,29.829999923706055,29.1200008392334,29.43000030517578,21.824600219726562,5344300
2017-06-22,29.3799991607666,29.68000030517578,29.149999618530273,29.18000030517578,21.63920783996582,2940800
2017-06-23,29.149999618530273,29.31999969482422,28.790000915527344,28.90999984741211,21.438982009887695,4799500
2017-06-26,29.010000228881836,30.209999084472656,28.979999542236328,30.09000015258789,22.314043045043945,7131300
2017-06-27,30.020000457763672,30.1299991607666,29.59000015258789,29.719999313354492,22.039655685424805,5086100
2017-06-28,29.81999969482422,30.09000015258789,29.06999969482422,29.100000381469727,21.579879760742188,4798600
2017-06-29,28.899999618530273,29.059999465942383,28.719999313354492,28.81999969482422,21.372238159179688,4171900
2017-06-30,28.8700008392334,29.43000030517578,28.829999923706055,29.15999984741211,21.624372482299805,5200000
2017-07-03,29.239999771118164,29.440000534057617,29.040000915527344,29.059999465942383,21.550214767456055,1929100
2017-07-05,29.100000381469727,29.360000610351562,28.93000030517578,29.209999084472656,21.661453247070312,4757600
2017-07-06,29.18000030517578,29.43000030517578,29.139999389648438,29.309999465942383,21.735610961914062,4930600
2017-07-07,29.309999465942383,29.43000030517578,29.110000610351562,29.25,21.691120147705078,3148500
2017-07-10,29.239999771118164,29.6299991607666,29.219999313354492,29.309999465942383,21.735610961914062,3805000
2017-07-11,29.350000381469727,29.3799991607666,29.1200008392334,29.280000686645508,21.713359832763672,4665400
2017-07-12,29.530000686645508,29.860000610351562,29.5,29.729999542236328,22.047075271606445,3707300
2017-07-13,29.729999542236328,29.829999923706055,29.3799991607666,29.65999984741211,21.99516487121582,5687400
2017-07-14,29.90999984741211,30.670000076293945,29.860000610351562,30.200000762939453,22.39561653137207,7637400
2017-07-17,30.209999084472656,30.469999313354492,30.030000686645508,30.239999771118164,22.425275802612305,5336000
2017-07-18,30.31999969482422,30.469999313354492,30.18000030517578,30.450000762939453,22.58101463317871,3770200
2017-07-19,30.540000915527344,30.959999084472656,30.3799991607666,30.829999923706055,22.862810134887695,7007000
2017-07-20,30.899999618530273,31.3799991607666,30.700000762939453,31.229999542236328,23.159433364868164,7000500
2017-07-21,31.15999984741211,31.84000015258789,31.079999923706055,31.739999771118164,23.53764533996582,7311200
2017-07-24,31.739999771118164,31.75,31.239999771118164,31.25,23.174272537231445,5705900
2017-07-25,31.25,31.360000610351562,30.850000381469727,30.8700008392334,22.892475128173828,4536100
2017-07-26,30.860000610351562,31.100000381469727,30.65999984741211,31.100000381469727,23.063032150268555,5624300
2017-07-27,31.049999237060547,31.40999984741211,30.799999237060547,31.25,23.174272537231445,5909200
2017-07-28,31.1299991607666,32.349998474121094,31.059999465942383,32.150001525878906,23.841684341430664,10070800
2017-07-31,32.099998474121094,32.13999938964844,31.690000534057617,31.90999984741211,23.663711547851562,5072100
2017-08-01,32.0099983215332,32.09000015258789,31.809999465942383,31.93000030517578,23.67854118347168,4034900
2017-08-02,31.799999237060547,32.29999923706055,31.6200008392334,32.209999084472656,23.88617706298828,4887500
2017-08-03,31.93000030517578,32.06999969482422,31.68000030517578,32.060001373291016,24.04367446899414,5394900
2017-08-04,31.829999923706055,32.18000030517578,31.780000686645508,32.06999969482422,24.05117416381836,3875900
2017-08-07,32.0,32.06999969482422,31.760000228881836,31.790000915527344,23.8411865234375,3599400
2017-08-08,31.719999313354492,32.060001373291016,31.690000534057617,31.950000762939453,23.961177825927734,3422200
2017-08-09,32.02000045776367,32.02000045776367,31.56999969482422,31.610000610351562,23.706195831298828,3041600
2017-08-10,31.639999389648438,32.18000030517578,31.59000015258789,32.040000915527344,24.02867889404297,4237900
2017-08-11,31.90999984741211,32.25,31.790000915527344,32.16999816894531,24.126169204711914,3904700
2017-08-14,32.5099983215332,32.58000183105469,32.220001220703125,32.47999954223633,24.358657836914062,3564500
2017-08-15,32.290000915527344,32.75,32.2599983215332,32.70000076293945,24.52364730834961,2957400
2017-08-16,32.70000076293945,32.880001068115234,32.540000915527344,32.689998626708984,24.516149520874023,3787100
2017-08-17,32.68000030517578,33.0,32.63999938964844,32.650001525878906,24.48615264892578,4429600
2017-08-18,32.630001068115234,33.08000183105469,32.4900016784668,32.83000183105469,24.621145248413086,3306000
2017-08-21,32.869998931884766,33.029998779296875,32.75,32.91999816894531,24.688636779785156,2855500
2017-08-22,32.900001525878906,33.02000045776367,32.72999954223633,32.900001525878906,24.67364501953125,2610700
2017-08-23,32.900001525878906,33.02000045776367,32.709999084472656,32.93000030517578,24.69614028930664,2469300
2017-08-24,32.88999938964844,32.97999954223633,32.63999938964844,32.66999816894531,24.50114631652832,2770800
2017-08-25,32.75,32.91999816894531,32.560001373291016,32.689998626708984,24.516149520874023,3779600
2017-08-28,32.77000045776367,32.88999938964844,32.619998931884766,32.79999923706055,24.59864044189453,2285900
2017-08-29,32.90999984741211,32.97999954223633,32.61000061035156,32.65999984741211,24.493648529052734,2394000
2017-08-30,32.68000030517578,32.81999969482422,32.540000915527344,32.599998474121094,24.44864845275879,3458100
2017-08-31,32.630001068115234,32.72999954223633,32.5099983215332,32.58000183105469,24.43365478515625,3853300
2017-09-01,32.650001525878906,32.7400016784668,32.400001525878906,32.41999816894531,24.31365394592285,2581900
2017-09-05,32.65999984741211,32.65999984741211,32.22999954223633,32.52000045776367,24.38865089416504,3226800
2017-09-06,32.599998474121094,32.65999984741211,32.25,32.29999923706055,24.223661422729492,2388200
2017-09-07,32.36000061035156,32.56999969482422,32.060001373291016,32.119998931884766,24.088668823242188,4814000
2017-09-08,32.13999938964844,32.220001220703125,31.75,32.209999084472656,24.156164169311523,4649800
2017-09-11,32.16999816894531,32.58000183105469,32.150001525878906,32.5099983215332,24.38115692138672,3403500
2017-09-12,32.5099983215332,32.529998779296875,31.559999465942383,31.760000228881836,23.818689346313477,3336000
2017-09-13,31.65999984741211,31.719999313354492,31.219999313354492,31.479999542236328,23.60869789123535,5821100
2017-09-14,31.40999984741211,31.639999389648438,31.139999389648438,31.639999389648438,23.72869110107422,3859100
2017-09-15,31.299999237060547,31.649999618530273,31.270000457763672,31.6200008392334,23.71369171142578,5434200
2017-09-18,31.6200008392334,31.700000762939453,30.850000381469727,31.25,23.436206817626953,4440100
2017-09-19,31.290000915527344,31.40999984741211,31.15999984741211,31.3700008392334,23.52620506286621,3938900
2017-09-20,31.420000076293945,31.469999313354492,30.93000030517578,31.190000534057617,23.391216278076172,3658300
2017-09-21,31.239999771118164,31.43000030517578,31.100000381469727,31.149999618530273,23.361207962036133,2445800
2017-09-22,31.239999771118164,31.290000915527344,30.8799991607666,30.889999389648438,23.166223526000977,2699300
2017-09-25,30.899999618530273,31.1299991607666,30.780000686645508,31.110000610351562,23.33121681213379,3211500
2017-09-26,31.010000228881836,31.059999465942383,30.770000457763672,30.829999923706055,23.12122344970703,4357900
2017-09-27,30.670000076293945,30.770000457763672,30.030000686645508,30.059999465942383,22.54375648498535,5710000
2017-09-28,30.0,30.329999923706055,29.809999465942383,30.06999969482422,22.551254272460938,3703200
2017-09-29,30.15999984741211,30.950000762939453,30.100000381469727,30.829999923706055,23.12122344970703,7725700
2017-10-02,30.920000076293945,31.110000610351562,30.649999618530273,30.850000381469727,23.136228561401367,4121400
2017-10-03,30.81999969482422,31.18000030517578,30.649999618530273,31.020000457763672,23.263723373413086,3659200
2017-10-04,31.010000228881836,31.40999984741211,30.850000381469727,31.350000381469727,23.51120376586914,3514600
2017-10-05,31.389999389648438,31.530000686645508,31.219999313354492,31.329999923706055,23.49620246887207,3345300
2017-10-06,31.219999313354492,31.420000076293945,30.979999542236328,31.3799991607666,23.533700942993164,4478900
2017-10-09,31.3799991607666,31.5,31.280000686645508,31.40999984741211,23.55620002746582,2433100
2017-10-10,31.420000076293945,31.649999618530273,31.3799991607666,31.59000015258789,23.691194534301758,3519600
2017-10-11,31.559999465942383,31.8799991607666,31.559999465942383,31.829999923706055,23.871185302734375,4329300
2017-10-12,31.8700008392334,32.560001373291016,31.770000457763672,32.45000076293945,24.33616065979004,4196700
2017-10-13,32.5099983215332,32.810001373291016,32.279998779296875,32.4900016784668,24.36615562438965,4332900
2017-10-16,32.40999984741211,32.529998779296875,32.040000915527344,32.060001373291016,24.04367446899414,5436900
2017-10-17,32.15999984741211,32.27000045776367,31.979999542236328,32.16999816894531,24.126169204711914,3881200
2017-10-18,32.119998931884766,32.20000076293945,31.790000915527344,31.989999771118164,23.991174697875977,3909300
2017-10-19,32.130001068115234,32.310001373291016,31.90999984741211,32.29999923706055,24.223661422729492,3206700
2017-10-20,32.2400016784668,32.279998779296875,31.920000076293945,32.130001068115234,24.096172332763672,3053800
2017-10-23,32.18000030517578,32.20000076293945,32.029998779296875,32.130001068115234,24.096172332763672,1944700
2017-10-24,32.11000061035156,32.13999938964844,31.899999618530273,32.0099983215332,24.00617218017578,2671300
2017-10-25,31.899999618530273,31.969999313354492,31.34000015258789,31.850000381469727,23.886178970336914,4901000
2017-10-26,31.989999771118164,32.16999816894531,31.65999984741211,31.780000686645508,23.83368492126465,3028600
2017-10-27,32.099998474121094,32.4900016784668,31.6200008392334,32.29999923706055,24.223661422729492,5708800
2017-10-30,32.38999938964844,32.70000076293945,32.2599983215332,32.66999816894531,24.50114631652832,6294900
2017-10-31,32.709999084472656,33.119998931884766,32.66999816894531,32.95000076293945,24.711137771606445,3714700
2017-11-01,32.93000030517578,32.95000076293945,32.5,32.560001373291016,24.418655395507812,3430800
2017-11-02,32.59000015258789,32.72999954223633,32.279998779296875,32.599998474121094,24.44864845275879,2867200
2017-11-03,32.560001373291016,32.869998931884766,32.459999084472656,32.75,24.561145782470703,3110200
2017-11-06,32.43000030517578,33.2599983215332,32.38999938964844,32.77000045776367,24.84929847717285,5491100
2017-11-07,32.810001373291016,33.22999954223633,32.709999084472656,33.13999938964844,25.12986946105957,4937700
2017-11-08,33.08000183105469,33.88999938964844,33.040000915527344,33.72999954223633,25.57726287841797,4221500
2017-11-09,33.56999969482422,33.9900016784668,33.5099983215332,33.599998474121094,25.478683471679688,3248000
2017-11-10,33.369998931884766,33.97999954223633,33.369998931884766,33.880001068115234,25.691003799438477,3961500
2017-11-13,33.86000061035156,34.5,33.83000183105469,34.209999084472656,25.941240310668945,4124200
2017-11-14,34.130001068115234,35.060001373291016,34.130001068115234,35.04999923706055,26.578205108642578,5251500
2017-11-15,35.119998931884766,35.220001220703125,34.43000030517578,34.779998779296875,26.37346649169922,5353000
2017-11-16,34.7599983215332,34.86000061035156,34.58000183105469,34.63999938964844,26.267305374145508,1862200
2017-11-17,34.56999969482422,35.02000045776367,34.5,34.650001525878906,26.274892807006836,4260700
2017-11-20,34.650001525878906,34.72999954223633,34.45000076293945,34.54999923706055,26.199060440063477,3077600
2017-11-21,34.59000015258789,34.59000015258789,34.18000030517578,34.22999954223633,25.95640754699707,3256400
2017-11-22,34.2599983215332,34.400001525878906,34.119998931884766,34.2400016784668,25.963985443115234,2856700
2017-11-24,34.27000045776367,34.41999816894531,33.93000030517578,33.939998626708984,25.736495971679688,2533200
2017-11-27,34.040000915527344,34.060001373291016,33.72999954223633,33.939998626708984,25.736495971679688,4417100
2017-11-28,33.90999984741211,33.959999084472656,33.369998931884766,33.540000915527344,25.433183670043945,6057800
2017-11-29,33.41999816894531,33.75,33.380001068115234,33.66999816894531,25.531763076782227,4447100
2017-11-30,33.709999084472656,34.2400016784668,33.66999816894531,34.13999938964844,25.888160705566406,4660200
2017-12-01,34.290000915527344,34.33000183105469,33.27000045776367,33.7599983215332,25.600006103515625,4432200
2017-12-04,33.81999969482422,33.81999969482422,32.5099983215332,32.58000183105469,24.705223083496094,8799800
2017-12-05,32.58000183105469,32.75,32.2400016784668,32.349998474121094,24.53081512451172,5046100
2017-12-06,32.45000076293945,32.56999969482422,32.13999938964844,32.369998931884766,24.545976638793945,3343200
2017-12-07,32.36000061035156,32.7400016784668,32.209999084472656,32.720001220703125,24.811384201049805,4849000
2017-12-08,32.709999084472656,32.869998931884766,32.52000045776367,32.83000183105469,24.894798278808594,3548200
2017-12-11,32.79999923706055,33.22999954223633,32.79999923706055,33.13999938964844,25.12986946105957,4390600
2017-12-12,33.04999923706055,33.27000045776367,32.65999984741211,32.65999984741211,24.765880584716797,4266900
2017-12-13,32.7400016784668,32.7599983215332,32.27000045776367,32.27000045776367,24.47014808654785,4284600
2017-12-14,32.150001525878906,32.290000915527344,31.920000076293945,32.119998931884766,24.356399536132812,4042800
2017-12-15,32.220001220703125,32.40999984741211,31.760000228881836,31.829999923706055,24.13650131225586,7756100
2017-12-18,31.959999084472656,32.0,31.40999984741211,31.510000228881836,23.89384651184082,4881100
2017-12-19,31.469999313354492,31.540000915527344,30.950000762939453,31.010000228881836,23.514699935913086,4921800
2017-12-20,30.979999542236328,31.1200008392334,30.59000015258789,30.59000015258789,23.196216583251953,3340100
2017-12-21,30.459999084472656,30.899999618530273,30.260000228881836,30.59000015258789,23.196216583251953,3600300
2017-12-22,30.6299991607666,30.790000915527344,30.3700008392334,30.479999542236328,23.11280632019043,2657000
2017-12-26,30.5,30.670000076293945,30.299999237060547,30.31999969482422,22.99147605895996,1908200
2017-12-27,30.3700008392334,30.479999542236328,30.229999542236328,30.31999969482422,22.99147605895996,2258400
2017-12-28,30.329999923706055,30.489999771118164,30.18000030517578,30.450000762939453,23.090057373046875,1932000
2017-12-29,30.479999542236328,30.709999084472656,30.399999618530273,30.6200008392334,23.218963623046875,2323400
2018-01-02,30.719999313354492,30.860000610351562,30.3799991607666,30.81999969482422,23.370624542236328,4084400
2018-01-03,30.65999984741211,31.010000228881836,30.219999313354492,30.3799991607666,23.036972045898438,3772800
2018-01-04,30.3700008392334,30.770000457763672,30.270000457763672,30.31999969482422,22.99147605895996,3195400
2018-01-05,30.34000015258789,30.559999465942383,30.079999923706055,30.110000610351562,22.832229614257812,4564300
2018-01-08,30.110000610351562,30.56999969482422,30.100000381469727,30.389999389648438,23.044557571411133,6862800
2018-01-09,30.3799991607666,30.549999237060547,30.020000457763672,30.059999465942383,22.79431915283203,4145300
2018-01-10,30.0,30.280000686645508,29.65999984741211,29.81999969482422,22.612329483032227,4755200
2018-01-11,29.829999923706055,30.360000610351562,29.75,30.239999771118164,22.93081283569336,5618400
2018-01-12,30.18000030517578,30.360000610351562,29.989999771118164,30.06999969482422,22.801902770996094,3989100
2018-01-16,30.190000534057617,30.25,29.68000030517578,29.920000076293945,22.688159942626953,4599200
2018-01-17,29.899999618530273,30.260000228881836,29.700000762939453,29.920000076293945,22.688159942626953,4773100
2018-01-18,29.860000610351562,29.93000030517578,29.350000381469727,29.559999465942383,22.415172576904297,5686600
2018-01-19,29.649999618530273,29.920000076293945,29.34000015258789,29.399999618530273,22.29384422302246,6574500
2018-01-22,32.13999938964844,34.130001068115234,31.729999542236328,32.45000076293945,24.606647491455078,30608600
2018-01-23,32.61000061035156,32.63999938964844,31.989999771118164,32.0,24.26540756225586,17914400
2018-01-24,31.899999618530273,31.93000030517578,31.030000686645508,31.100000381469727,23.582948684692383,15246700
2018-01-25,31.239999771118164,32.29999923706055,31.209999084472656,32.09000015258789,24.33365821838379,21936700
2018-01-26,32.4900016784668,33.0,31.799999237060547,32.09000015258789,24.33365821838379,19393600
2018-01-29,32.150001525878906,32.369998931884766,31.799999237060547,32.16999816894531,24.39432144165039,16728800
2018-01-30,32.04999923706055,32.400001525878906,31.760000228881836,32.31999969482422,24.508066177368164,13242100
2018-01-31,32.25,32.95000076293945,32.099998474121094,32.900001525878906,24.947877883911133,15400300
2018-02-01,32.900001525878906,33.0,32.439998626708984,32.619998931884766,24.735553741455078,7683400
2018-02-02,32.4900016784668,32.7400016784668,32.060001373291016,32.11000061035156,24.348825454711914,7225900
2018-02-05,32.02000045776367,32.38999938964844,31.540000915527344,31.600000381469727,23.96209144592285,6006100
2018-02-06,30.899999618530273,31.309999465942383,30.1299991607666,30.889999389648438,23.693634033203125,7664200
2018-02-07,30.860000610351562,31.329999923706055,30.770000457763672,30.809999465942383,23.63226890563965,6409300
2018-02-08,30.700000762939453,31.31999969482422,30.489999771118164,30.639999389648438,23.501874923706055,8581600
2018-02-09,30.760000228881836,31.559999465942383,30.709999084472656,31.290000915527344,24.000446319580078,8359600
2018-02-12,31.3799991607666,31.68000030517578,31.09000015258789,31.5,24.16152000427246,7463100
2018-02-13,31.6200008392334,32.209999084472656,31.260000228881836,32.099998474121094,24.621740341186523,10011000
2018-02-14,31.899999618530273,32.29999923706055,31.59000015258789,31.950000762939453,24.50669288635254,7642000
2018-02-15,32.040000915527344,32.869998931884766,31.959999084472656,32.790000915527344,25.150997161865234,7773000
2018-02-16,32.88999938964844,33.29999923706055,32.709999084472656,33.029998779296875,25.3350830078125,4806400
2018-02-20,32.83000183105469,33.060001373291016,32.43000030517578,32.79999923706055,25.158660888671875,5779100
2018-02-21,33.5099983215332,33.86000061035156,32.7400016784668,32.7599983215332,25.127981185913086,12353100
2018-02-22,32.79999923706055,33.400001525878906,32.59000015258789,32.91999816894531,25.250707626342773,5658400
2018-02-23,32.9900016784668,33.84000015258789,32.91999816894531,33.79999923706055,25.925695419311523,5105700
2018-02-26,33.900001525878906,34.060001373291016,33.54999923706055,33.66999816894531,25.825986862182617,4850100
2018-02-27,33.779998779296875,33.90999984741211,32.869998931884766,32.900001525878906,25.235370635986328,5445000
2018-02-28,32.970001220703125,33.029998779296875,32.33000183105469,32.33000183105469,24.798160552978516,6759500
2018-03-01,32.34000015258789,32.86000061035156,32.099998474121094,32.310001373291016,24.782821655273438,7098800
2018-03-02,32.2599983215332,32.59000015258789,32.029998779296875,32.279998779296875,24.759803771972656,9225000
2018-03-05,32.20000076293945,32.720001220703125,32.11000061035156,32.630001068115234,25.028261184692383,9118600
2018-03-06,32.54999923706055,32.650001525878906,31.770000457763672,31.850000381469727,24.429983139038086,5186100
2018-03-07,31.760000228881836,31.8700008392334,31.290000915527344,31.59000015258789,24.230554580688477,5005300
2018-03-08,31.739999771118164,31.90999984741211,31.5,31.799999237060547,24.391630172729492,3894900
2018-03-09,31.799999237060547,32.65999984741211,31.68000030517578,32.650001525878906,25.04361343383789,8118800
2018-03-12,32.70000076293945,32.88999938964844,32.54999923706055,32.70000076293945,25.081954956054688,6814400
2018-03-13,32.790000915527344,33.22999954223633,32.790000915527344,32.9900016784668,25.30439567565918,5127600
2018-03-14,33.040000915527344,33.470001220703125,32.970001220703125,33.41999816894531,25.63422393798828,6060500
2018-03-15,33.45000076293945,33.93000030517578,33.40999984741211,33.68000030517578,25.83365249633789,5669200
2018-03-16,33.68000030517578,34.0099983215332,33.630001068115234,33.88999938964844,25.99472427368164,12514000
2018-03-19,33.900001525878906,34.0099983215332,33.540000915527344,33.790000915527344,25.91802215576172,6738900
2018-03-20,33.81999969482422,34.099998474121094,33.66999816894531,33.7400016784668,25.87967872619629,7894100
2018-03-21,33.75,34.22999954223633,33.72999954223633,34.060001373291016,26.125125885009766,5436100
2018-03-22,33.97999954223633,34.63999938964844,33.97999954223633,34.45000076293945,26.424266815185547,7572200
2018-03-23,34.439998626708984,34.5099983215332,33.72999954223633,33.7400016784668,25.87967872619629,5021900
2018-03-26,33.779998779296875,34.0,33.529998779296875,33.9900016784668,26.071428298950195,9011700
2018-03-27,34.060001373291016,35.029998779296875,33.939998626708984,34.529998779296875,26.485624313354492,6219900
2018-03-28,34.650001525878906,34.900001525878906,34.2599983215332,34.38999938964844,26.37824249267578,7195700
2018-03-29,34.34000015258789,34.68000030517578,33.91999816894531,34.0099983215332,26.086763381958008,10424400
2018-04-02,34.02000045776367,34.36000061035156,33.630001068115234,33.86000061035156,25.971717834472656,5680600
2018-04-03,33.77000045776367,34.15999984741211,33.5,34.029998779296875,26.102109909057617,3269300
2018-04-04,33.849998474121094,34.290000915527344,33.65999984741211,34.18000030517578,26.2171688079834,3956600
2018-04-05,34.18000030517578,34.40999984741211,33.63999938964844,34.349998474121094,26.347564697265625,4503500
2018-04-06,34.310001373291016,34.56999969482422,34.06999969482422,34.20000076293945,26.232513427734375,3919200
2018-04-09,34.20000076293945,34.400001525878906,33.91999816894531,34.13999938964844,26.186487197875977,2674000
2018-04-10,34.33000183105469,34.45000076293945,34.189998626708984,34.38999938964844,26.37824249267578,3619200
2018-04-11,34.34000015258789,34.61000061035156,34.18000030517578,34.5,26.46261978149414,2855400
2018-04-12,34.5099983215332,34.650001525878906,33.97999954223633,34.09000015258789,26.14813804626465,3010800
2018-04-13,34.20000076293945,34.599998474121094,34.130001068115234,34.40999984741211,26.393585205078125,3156600
2018-04-16,34.529998779296875,34.779998779296875,34.41999816894531,34.61000061035156,26.546993255615234,5121200
2018-04-17,34.75,35.16999816894531,34.63999938964844,35.060001373291016,26.89215660095215,3964100
2018-04-18,35.18000030517578,35.52000045776367,35.06999969482422,35.099998474121094,26.922836303710938,3369300
2018-04-19,35.06999969482422,35.25,34.650001525878906,34.869998931884766,26.74641990661621,3541500
2018-04-20,34.939998626708984,34.959999084472656,34.38999938964844,34.439998626708984,26.416595458984375,4231200
2018-04-23,34.459999084472656,35.560001373291016,34.18000030517578,34.5,26.46261978149414,6854200
2018-04-24,34.75,34.77000045776367,34.18000030517578,34.290000915527344,26.30154800415039,8441900
2018-04-25,34.25,34.290000915527344,33.65999984741211,34.15999984741211,26.201828002929688,5859900
2018-04-26,34.18000030517578,34.33000183105469,33.869998931884766,34.290000915527344,26.30154800415039,5580700
2018-04-27,34.2400016784668,34.5,34.130001068115234,34.29999923706055,26.30921173095703,3856800
2018-04-30,34.869998931884766,34.869998931884766,34.25,34.400001525878906,26.385915756225586,5732500
2018-05-01,34.2400016784668,34.400001525878906,33.77000045776367,33.880001068115234,25.987056732177734,3752800
2018-05-02,33.880001068115234,34.189998626708984,33.779998779296875,34.0099983215332,26.086763381958008,4204900
2018-05-03,33.90999984741211,34.04999923706055,33.38999938964844,33.880001068115234,25.987056732177734,4066700
2018-05-04,33.59000015258789,34.220001220703125,33.529998779296875,34.11000061035156,26.44446563720703,3985900
2018-05-07,34.45000076293945,34.650001525878906,34.04999923706055,34.130001068115234,26.45997428894043,4924000
2018-05-08,33.970001220703125,34.040000915527344,33.08000183105469,33.2400016784668,25.769977569580078,7280100
2018-05-09,33.2599983215332,33.52000045776367,33.18000030517578,33.52000045776367,25.987058639526367,4953400
2018-05-10,33.68000030517578,34.0099983215332,33.59000015258789,33.90999984741211,26.289413452148438,2873800
2018-05-11,33.95000076293945,34.16999816894531,33.810001373291016,34.060001373291016,26.405704498291016,1958500
2018-05-14,34.040000915527344,34.09000015258789,33.59000015258789,33.75,26.16537094116211,3937700
2018-05-15,33.56999969482422,33.7599983215332,33.16999816894531,33.630001068115234,26.072336196899414,3156100
2018-05-16,33.70000076293945,33.77000045776367,33.40999984741211,33.66999816894531,26.103351593017578,4535000
2018-05-17,33.63999938964844,33.689998626708984,33.16999816894531,33.25,25.777738571166992,3855600
2018-05-18,33.22999954223633,33.4900016784668,32.93000030517578,33.18000030517578,25.723464965820312,3412200
2018-05-21,33.2599983215332,33.45000076293945,33.06999969482422,33.41999816894531,25.90953254699707,4335000
2018-05-22,33.349998474121094,33.61000061035156,33.20000076293945,33.560001373291016,26.01807403564453,3561700
2018-05-23,33.619998931884766,33.97999954223633,33.5099983215332,33.849998474121094,26.24289894104004,3478000
2018-05-24,33.90999984741211,34.16999816894531,33.790000915527344,33.939998626708984,26.312664031982422,3884200
2018-05-25,34.0099983215332,34.189998626708984,33.849998474121094,34.099998474121094,26.43671226501465,2176500
2018-05-29,34.09000015258789,34.22999954223633,33.70000076293945,34.060001373291016,26.405704498291016,3864300
2018-05-30,33.93000030517578,34.40999984741211,33.7400016784668,34.22999954223633,26.537500381469727,2714200
2018-05-31,34.220001220703125,34.75,34.099998474121094,34.41999816894531,26.684799194335938,7741400
2018-06-01,34.41999816894531,34.4900016784668,33.84000015258789,34.20000076293945,26.51424217224121,2755800
2018-06-04,34.310001373291016,34.40999984741211,33.72999954223633,33.81999969482422,26.219640731811523,2165500
2018-06-05,33.86000061035156,34.20000076293945,33.810001373291016,33.939998626708984,26.312664031982422,4559700
2018-06-06,33.90999984741211,34.11000061035156,33.02000045776367,33.16999816894531,25.715715408325195,3291200
2018-06-07,33.130001068115234,33.65999984741211,33.029998779296875,33.34000015258789,25.847515106201172,2741800
2018-06-08,33.400001525878906,33.47999954223633,33.22999954223633,33.31999969482422,25.832000732421875,2893300
2018-06-11,33.349998474121094,33.470001220703125,32.91999816894531,32.970001220703125,25.560659408569336,2575200
2018-06-12,32.970001220703125,33.43000030517578,32.959999084472656,33.31999969482422,25.832000732421875,3014400
2018-06-13,33.369998931884766,33.84000015258789,33.220001220703125,33.630001068115234,26.072336196899414,4921600
2018-06-14,33.70000076293945,34.34000015258789,33.61000061035156,34.27000045776367,26.568511962890625,5916600
2018-06-15,34.66999816894531,34.90999984741211,33.81999969482422,34.70000076293945,26.901884078979492,8589100
2018-06-18,34.61000061035156,34.97999954223633,34.5099983215332,34.7400016784668,26.932893753051758,4119200
2018-06-19,34.779998779296875,35.13999938964844,34.63999938964844,34.91999816894531,27.072437286376953,3538800
2018-06-20,35.0099983215332,35.11000061035156,34.720001220703125,34.88999938964844,27.049177169799805,2766200
2018-06-21,35.0,35.34000015258789,34.88999938964844,35.150001525878906,27.250749588012695,2598500
2018-06-22,35.150001525878906,35.349998474121094,35.02000045776367,35.09000015258789,27.20423698425293,3629000
2018-06-25,35.209999084472656,36.290000915527344,35.16999816894531,36.20000076293945,28.064788818359375,6082400
2018-06-26,36.150001525878906,36.5099983215332,36.0,36.060001373291016,27.95624542236328,3554800
2018-06-27,36.029998779296875,36.54999923706055,35.88999938964844,36.470001220703125,28.274105072021484,5202500
2018-06-28,36.38999938964844,36.709999084472656,35.9900016784668,36.189998626708984,28.057029724121094,4327900
2018-06-29,36.08000183105469,36.11000061035156,35.63999938964844,35.90999984741211,27.839954376220703,4169200
2018-07-02,35.88999938964844,36.310001373291016,35.81999969482422,36.220001220703125,28.080293655395508,3946800
2018-07-03,36.189998626708984,36.7400016784668,36.040000915527344,36.43000030517578,28.24308967590332,2398100
2018-07-05,36.45000076293945,36.689998626708984,36.27000045776367,36.65999984741211,28.421403884887695,2864300
2018-07-06,36.65999984741211,37.0,36.630001068115234,36.77000045776367,28.506689071655273,2687000
2018-07-09,36.790000915527344,36.79999923706055,35.119998931884766,35.31999969482422,27.382545471191406,5805200
2018-07-10,35.11000061035156,35.79999923706055,34.970001220703125,35.38999938964844,27.43681526184082,4601100
2018-07-11,35.529998779296875,36.11000061035156,35.529998779296875,35.900001525878906,27.832202911376953,3570200
2018-07-12,35.970001220703125,36.040000915527344,35.310001373291016,35.650001525878906,27.638385772705078,3940700
2018-07-13,35.650001525878906,35.869998931884766,35.459999084472656,35.84000015258789,27.78568458557129,2202800
2018-07-16,35.75,36.33000183105469,35.63999938964844,36.150001525878906,28.026020050048828,3791000
2018-07-17,36.220001220703125,36.54999923706055,36.099998474121094,36.2599983215332,28.11129379272461,3499200
2018-07-18,36.27000045776367,36.279998779296875,35.560001373291016,35.65999984741211,27.64613914489746,3604500
2018-07-19,35.720001220703125,36.060001373291016,35.529998779296875,35.63999938964844,27.630632400512695,7858300
2018-07-20,35.529998779296875,35.599998474121094,34.880001068115234,35.310001373291016,27.37479591369629,3220600
2018-07-23,35.380001068115234,35.470001220703125,34.83000183105469,34.83000183105469,27.002666473388672,5019000
2018-07-24,34.83000183105469,34.86000061035156,34.29999923706055,34.54999923706055,26.78558349609375,5055600
2018-07-25,34.4900016784668,35.119998931884766,34.4900016784668,34.720001220703125,26.917383193969727,4046900
2018-07-26,34.95000076293945,35.220001220703125,34.90999984741211,35.209999084472656,27.29726219177246,2472400
2018-07-27,35.2400016784668,35.40999984741211,34.86000061035156,35.0099983215332,27.1422061920166,2088100
2018-07-30,34.810001373291016,35.0,34.72999954223633,34.900001525878906,27.056928634643555,4592900
2018-07-31,35.06999969482422,35.52000045776367,34.97999954223633,35.43000030517578,27.46782684326172,5607400
2018-08-01,35.900001525878906,36.560001373291016,35.369998931884766,36.459999084472656,28.266361236572266,7429900
2018-08-02,36.400001525878906,36.790000915527344,35.77000045776367,36.41999816894531,28.235342025756836,4375800
2018-08-03,36.369998931884766,36.689998626708984,36.09000015258789,36.54999923706055,28.33612823486328,3798800
2018-08-06,36.290000915527344,36.5099983215332,36.13999938964844,36.2400016784668,28.375286102294922,2791600
2018-08-07,36.16999816894531,36.27000045776367,35.880001068115234,36.150001525878906,28.304805755615234,2984300
2018-08-08,36.08000183105469,36.220001220703125,35.88999938964844,36.0,28.187366485595703,2427500
2018-08-09,36.0099983215332,36.34000015258789,35.93000030517578,36.29999923706055,28.422260284423828,2387800
2018-08-10,36.36000061035156,36.65999984741211,36.130001068115234,36.2400016784668,28.375286102294922,1848900
2018-08-13,36.2599983215332,36.400001525878906,36.06999969482422,36.36000061035156,28.469234466552734,2144300
2018-08-14,36.29999923706055,36.56999969482422,36.279998779296875,36.380001068115234,28.484891891479492,3823300
2018-08-15,36.4900016784668,36.900001525878906,36.34000015258789,36.650001525878906,28.696298599243164,2175000
2018-08-16,36.59000015258789,37.08000183105469,36.5,37.06999969482422,29.025150299072266,2413100
2018-08-17,37.040000915527344,37.52000045776367,36.90999984741211,37.29999923706055,29.205242156982422,3163900
2018-08-20,37.29999923706055,37.43000030517578,37.040000915527344,37.08000183105469,29.032981872558594,3865800
2018-08-21,36.97999954223633,37.029998779296875,36.66999816894531,36.790000915527344,28.805917739868164,1653300
2018-08-22,36.90999984741211,36.90999984741211,36.38999938964844,36.54999923706055,28.618003845214844,1679100
2018-08-23,36.599998474121094,36.959999084472656,36.52000045776367,36.779998779296875,28.798093795776367,2139000
2018-08-24,36.79999923706055,37.09000015258789,36.63999938964844,37.04999923706055,29.009492874145508,1473600
2018-08-27,37.09000015258789,37.119998931884766,36.540000915527344,36.84000015258789,28.845067977905273,1907400
2018-08-28,37.0,37.2599983215332,36.689998626708984,37.15999984741211,29.095623016357422,3981500
2018-08-29,37.220001220703125,37.47999954223633,37.130001068115234,37.470001220703125,29.338342666625977,3198100
2018-08-30,37.56999969482422,37.689998626708984,37.27000045776367,37.380001068115234,29.26787757873535,3149000
2018-08-31,37.400001525878906,37.7400016784668,37.22999954223633,37.380001068115234,29.26787757873535,2848000
2018-09-04,37.41999816894531,37.72999954223633,37.41999816894531,37.56999969482422,29.41663360595703,2917100
2018-09-05,37.59000015258789,37.91999816894531,37.529998779296875,37.79999923706055,29.59672737121582,2479600
2018-09-06,37.849998474121094,38.09000015258789,37.7400016784668,37.959999084472656,29.722003936767578,2955100
2018-09-07,37.720001220703125,37.939998626708984,37.459999084472656,37.5099983215332,29.369670867919922,3367200
2018-09-10,37.689998626708984,38.290000915527344,37.689998626708984,38.130001068115234,29.855119705200195,5056100
2018-09-11,38.11000061035156,38.369998931884766,37.810001373291016,37.97999954223633,29.737661361694336,2627300
2018-09-12,37.939998626708984,38.0,37.41999816894531,37.75,29.557580947875977,2921400
2018-09-13,37.810001373291016,37.83000183105469,37.439998626708984,37.790000915527344,29.588899612426758,3061800
2018-09-14,37.70000076293945,37.88999938964844,37.33000183105469,37.83000183105469,29.620216369628906,2510500
2018-09-17,37.91999816894531,38.04999923706055,37.77000045776367,37.93000030517578,29.69852638244629,2347300
2018-09-18,37.7400016784668,37.95000076293945,37.70000076293945,37.86000061035156,29.643709182739258,4597600
2018-09-19,37.900001525878906,37.939998626708984,36.560001373291016,36.79999923706055,28.813749313354492,3887200
2018-09-20,36.709999084472656,37.08000183105469,36.47999954223633,36.86000061035156,28.86073112487793,4265200
2018-09-21,36.79999923706055,37.04999923706055,36.52000045776367,36.900001525878906,28.89204216003418,11661900
2018-09-24,36.84000015258789,37.0099983215332,36.70000076293945,36.86000061035156,28.86073112487793,3789600
2018-09-25,36.779998779296875,36.779998779296875,35.90999984741211,36.380001068115234,28.484891891479492,4207800
2018-09-26,36.4900016784668,36.5,35.880001068115234,35.90999984741211,28.116897583007812,3372900
2018-09-27,36.0099983215332,36.689998626708984,35.939998626708984,36.529998779296875,28.602340698242188,2648900
2018-09-28,36.650001525878906,37.25,36.56999969482422,37.16999816894531,29.10344886779785,3763500
2018-10-01,37.130001068115234,37.15999984741211,36.84000015258789,37.0099983215332,28.97817611694336,2631400
2018-10-02,37.25,37.650001525878906,37.029998779296875,37.43000030517578,29.307025909423828,2756700
2018-10-03,37.38999938964844,37.59000015258789,36.349998474121094,36.70000076293945,28.735443115234375,2674000
2018-10-04,36.709999084472656,37.29999923706055,36.529998779296875,37.13999938964844,29.079954147338867,3709300
2018-10-05,37.11000061035156,38.029998779296875,37.11000061035156,37.97999954223633,29.737661361694336,5333900
2018-10-08,38.0,38.36000061035156,37.83000183105469,38.04999923706055,29.792470932006836,5813100
2018-10-09,38.15999984741211,38.52000045776367,37.97999954223633,38.349998474121094,30.027368545532227,3127900
2018-10-10,38.2599983215332,38.70000076293945,38.029998779296875,38.04999923706055,29.792470932006836,3346800
2018-10-11,38.279998779296875,38.34000015258789,37.04999923706055,37.209999084472656,29.134761810302734,3890900
2018-10-12,37.130001068115234,37.349998474121094,36.79999923706055,37.25,29.16609001159668,2300900
2018-10-15,37.31999969482422,37.84000015258789,37.290000915527344,37.40999984741211,29.291370391845703,2757200
2018-10-16,37.43000030517578,38.060001373291016,37.369998931884766,37.79999923706055,29.59672737121582,3080500
2018-10-17,37.779998779296875,38.0,37.650001525878906,37.91999816894531,29.690689086914062,2936500
2018-10-18,37.93000030517578,38.25,37.779998779296875,38.060001373291016,29.800308227539062,3650500
2018-10-19,38.040000915527344,38.9900016784668,38.0099983215332,38.849998474121094,30.418867111206055,4203600
2018-10-22,38.83000183105469,38.95000076293945,38.5,38.619998931884766,30.238771438598633,3305300
2018-10-23,38.63999938964844,38.93000030517578,37.810001373291016,38.2400016784668,29.941247940063477,3328500
2018-10-24,38.38999938964844,39.0099983215332,38.20000076293945,38.709999084472656,30.309247970581055,4540100
2018-10-25,38.529998779296875,38.619998931884766,37.77000045776367,37.88999938964844,29.667203903198242,4227000
2018-10-26,38.060001373291016,38.2400016784668,36.31999969482422,36.709999084472656,28.743274688720703,7817500
2018-10-29,36.849998474121094,37.720001220703125,36.849998474121094,37.2599983215332,29.173917770385742,5213800
2018-10-30,37.41999816894531,37.84000015258789,36.91999816894531,37.22999954223633,29.150423049926758,4877100
2018-10-31,37.099998474121094,37.7400016784668,36.650001525878906,37.279998779296875,29.1895751953125,5618800
2018-11-01,37.2599983215332,37.279998779296875,36.529998779296875,37.16999816894531,29.10344886779785,5531500
2018-11-02,37.27000045776367,37.349998474121094,36.83000183105469,37.119998931884766,29.064306259155273,3857700
2018-11-05,37.279998779296875,37.7599983215332,37.130001068115234,37.47999954223633,29.346176147460938,4368000
2018-11-06,37.13999938964844,37.529998779296875,36.88999938964844,37.459999084472656,29.61496925354004,3116400
2018-11-07,37.459999084472656,37.84000015258789,37.380001068115234,37.75,29.84423828125,3392800
2018-11-08,37.75,38.029998779296875,37.279998779296875,37.70000076293945,29.804710388183594,3955800
2018-11-09,37.66999816894531,38.11000061035156,37.630001068115234,38.0,30.041885375976562,3639700
2018-11-12,38.040000915527344,39.380001068115234,38.0,38.790000915527344,30.666440963745117,4099000
2018-11-13,38.79999923706055,38.880001068115234,38.13999938964844,38.68000030517578,30.579471588134766,2752800
2018-11-14,38.4900016784668,38.790000915527344,38.15999984741211,38.33000183105469,30.302778244018555,3958100
2018-11-15,38.209999084472656,38.91999816894531,37.86000061035156,38.81999969482422,30.690153121948242,5721300
2018-11-16,39.25,39.36000061035156,38.63999938964844,38.77000045776367,30.650623321533203,3203000
2018-11-19,38.7400016784668,39.27000045776367,38.400001525878906,38.540000915527344,30.468795776367188,5198100
2018-11-20,38.709999084472656,38.84000015258789,37.4900016784668,37.95000076293945,30.002357482910156,5944000
2018-11-21,37.61000061035156,37.7400016784668,37.08000183105469,37.29999923706055,29.488481521606445,4497400
2018-11-23,37.33000183105469,37.66999816894531,37.02000045776367,37.5,29.646595001220703,1629300
2018-11-26,37.5,37.7400016784668,37.130001068115234,37.689998626708984,29.79680633544922,2953100
2018-11-27,37.68000030517578,37.9900016784668,37.400001525878906,37.88999938964844,29.954923629760742,3098700
2018-11-28,38.0,38.11000061035156,37.40999984741211,37.599998474121094,29.72565269470215,3736100
2018-11-29,37.52000045776367,37.540000915527344,36.650001525878906,37.150001525878906,29.369892120361328,5133300
2018-11-30,37.18000030517578,37.95000076293945,37.119998931884766,37.83000183105469,29.907480239868164,6353500
2018-12-03,37.869998931884766,38.63999938964844,37.689998626708984,38.59000015258789,30.508323669433594,3825400
2018-12-04,38.709999084472656,39.22999954223633,38.470001220703125,38.54999923706055,30.476696014404297,6133200
2018-12-06,38.689998626708984,39.11000061035156,37.9900016784668,39.08000183105469,30.895709991455078,5537700
2018-12-07,38.9900016784668,39.40999984741211,38.4900016784668,39.22999954223633,31.014293670654297,3541500
2018-12-10,39.29999923706055,39.66999816894531,38.689998626708984,39.540000915527344,31.25937271118164,3783600
2018-12-11,39.54999923706055,39.81999969482422,39.040000915527344,39.61000061035156,31.314712524414062,3119100
2018-12-12,39.65999984741211,39.880001068115234,39.220001220703125,39.22999954223633,31.014293670654297,12897500
2018-12-13,39.20000076293945,39.83000183105469,39.02000045776367,39.439998626708984,31.1803035736084,9558000
2018-12-14,39.470001220703125,39.779998779296875,38.900001525878906,39.119998931884766,30.92732810974121,11758600
2018-12-17,39.220001220703125,39.33000183105469,37.56999969482422,37.720001220703125,29.82051658630371,5668000
2018-12-18,37.880001068115234,38.18000030517578,37.31999969482422,37.630001068115234,29.74936866760254,7470500
2018-12-19,37.5099983215332,38.060001373291016,37.2400016784668,37.36000061035156,29.535911560058594,7416200
2018-12-20,37.40999984741211,37.810001373291016,36.900001525878906,37.400001525878906,29.56753158569336,7329600
2018-12-21,37.31999969482422,38.41999816894531,36.939998626708984,37.189998626708984,29.401519775390625,8925900
2018-12-24,37.20000076293945,37.380001068115234,35.56999969482422,35.84000015258789,28.33424186706543,2594500
2018-12-26,35.84000015258789,36.630001068115234,35.33000183105469,36.599998474121094,28.935068130493164,3697100
2018-12-27,36.54999923706055,37.029998779296875,35.77000045776367,37.029998779296875,29.275022506713867,4305300
2018-12-28,37.09000015258789,37.61000061035156,36.970001220703125,37.2599983215332,29.45685386657715,3497300
2018-12-31,37.34000015258789,37.56999969482422,36.93000030517578,37.54999923706055,29.68612289428711,5770100
2019-01-02,37.38999938964844,37.540000915527344,36.52000045776367,36.720001220703125,29.029951095581055,3990600
2019-01-03,36.7400016784668,37.08000183105469,36.4900016784668,36.709999084472656,29.02203369140625,3603000
2019-01-04,36.290000915527344,37.29999923706055,36.290000915527344,37.16999816894531,29.38570213317871,4453500
2019-01-07,37.119998931884766,37.68000030517578,37.0099983215332,37.63999938964844,29.757266998291016,5800400
2019-01-08,37.59000015258789,38.189998626708984,37.43000030517578,38.18000030517578,30.184186935424805,5718800
2019-01-09,38.029998779296875,38.220001220703125,37.720001220703125,37.95000076293945,30.002357482910156,6366300
2019-01-10,37.9900016784668,38.619998931884766,37.84000015258789,38.58000183105469,30.500417709350586,4081400
2019-01-11,38.56999969482422,38.56999969482422,38.09000015258789,38.369998931884766,30.334396362304688,3506900
2019-01-14,38.130001068115234,38.209999084472656,37.290000915527344,38.0,30.041885375976562,4998500
2019-01-15,37.95000076293945,38.470001220703125,37.81999969482422,38.119998931884766,30.136749267578125,5188600
2019-01-16,37.95000076293945,38.599998474121094,37.72999954223633,38.47999954223633,30.421356201171875,4644600
2019-01-17,38.400001525878906,38.88999938964844,38.33000183105469,38.709999084472656,30.603195190429688,4620600
2019-01-18,38.79999923706055,39.18000030517578,38.54999923706055,38.869998931884766,30.72967529296875,3806400
2019-01-22,38.9900016784668,39.06999969482422,38.45000076293945,38.75,30.634807586669922,2972200
2019-01-23,38.93000030517578,39.400001525878906,38.77000045776367,39.369998931884766,31.124975204467773,5007300
2019-01-24,39.369998931884766,39.43000030517578,39.0099983215332,39.279998779296875,31.053808212280273,3442800
2019-01-25,39.11000061035156,39.380001068115234,38.72999954223633,38.790000915527344,30.666440963745117,3054500
2019-01-28,38.65999984741211,38.91999816894531,38.16999816894531,38.59000015258789,30.508323669433594,5495000
2019-01-29,38.709999084472656,38.95000076293945,38.380001068115234,38.560001373291016,30.484601974487305,3336500
2019-01-30,38.439998626708984,38.86000061035156,38.40999984741211,38.75,30.634807586669922,3547100
2019-01-31,38.75,39.290000915527344,38.459999084472656,39.20000076293945,30.990571975708008,7394500
2019-02-01,39.13999938964844,39.31999969482422,38.560001373291016,38.779998779296875,30.658527374267578,7887300
2019-02-04,38.150001525878906,38.599998474121094,38.11000061035156,38.540000915527344,30.468795776367188,8885700
2019-02-05,38.540000915527344,38.75,38.34000015258789,38.689998626708984,30.587377548217773,10002500
2019-02-06,38.31999969482422,38.81999969482422,38.279998779296875,38.65999984741211,30.866819381713867,6429400
2019-02-07,38.66999816894531,39.36000061035156,38.45000076293945,39.310001373291016,31.385793685913086,6999900
2019-02-08,39.18000030517578,39.54999923706055,39.130001068115234,39.4900016784668,31.529508590698242,4231200
2019-02-11,39.41999816894531,39.59000015258789,39.189998626708984,39.349998474121094,31.4177303314209,3528100
2019-02-12,39.43000030517578,39.779998779296875,39.20000076293945,39.52000045776367,31.5534610748291,3809600
2019-02-13,39.5099983215332,39.63999938964844,39.369998931884766,39.5099983215332,31.54547691345215,5048700
2019-02-14,39.54999923706055,39.689998626708984,39.18000030517578,39.45000076293945,31.497573852539062,3397800
2019-02-15,39.68000030517578,39.790000915527344,39.27000045776367,39.59000015258789,31.609352111816406,6692600
2019-02-19,39.59000015258789,39.65999984741211,39.400001525878906,39.599998474121094,31.617332458496094,4519400
2019-02-20,39.029998779296875,39.650001525878906,38.63999938964844,39.59000015258789,31.609352111816406,6189200
2019-02-21,39.470001220703125,40.099998474121094,39.220001220703125,40.04999923706055,31.976621627807617,4820100
2019-02-22,40.04999923706055,40.72999954223633,40.040000915527344,40.720001220703125,32.51156234741211,3804300
2019-02-25,40.689998626708984,40.84000015258789,40.29999923706055,40.43000030517578,32.2800178527832,4906800
2019-02-26,40.529998779296875,40.959999084472656,40.25,40.779998779296875,32.559478759765625,6306900
2019-02-27,40.47999954223633,40.810001373291016,40.47999954223633,40.720001220703125,32.51156234741211,6164700
2019-02-28,40.7599983215332,40.900001525878906,40.41999816894531,40.75,32.5355224609375,6837600
2019-03-01,40.689998626708984,40.97999954223633,40.47999954223633,40.900001525878906,32.65528106689453,5018200
2019-03-04,41.0,41.09000015258789,40.459999084472656,40.7400016784668,32.527530670166016,6495200
2019-03-05,40.709999084472656,40.900001525878906,40.369998931884766,40.41999816894531,32.272037506103516,5065500
2019-03-06,40.529998779296875,40.880001068115234,40.33000183105469,40.720001220703125,32.51156234741211,3737800
2019-03-07,40.81999969482422,41.22999954223633,40.63999938964844,40.779998779296875,32.559478759765625,3492400
2019-03-08,40.83000183105469,40.939998626708984,40.47999954223633,40.88999938964844,32.647300720214844,3332800
2019-03-11,41.0,41.380001068115234,40.970001220703125,41.36000061035156,33.02255630493164,3555200
2019-03-12,41.43000030517578,41.720001220703125,41.36000061035156,41.58000183105469,33.198211669921875,3561800
2019-03-13,41.52000045776367,41.779998779296875,41.4900016784668,41.619998931884766,33.230133056640625,3791300
2019-03-14,41.70000076293945,41.75,41.189998626708984,41.209999084472656,32.90278625488281,4062400
2019-03-15,41.33000183105469,41.33000183105469,40.75,41.22999954223633,32.918766021728516,10690400
2019-03-18,41.22999954223633,41.29999923706055,41.0099983215332,41.2400016784668,32.92673873901367,3814800
2019-03-19,41.20000076293945,41.20000076293945,40.16999816894531,40.40999984741211,32.26405715942383,5154700
2019-03-20,40.529998779296875,40.959999084472656,40.27000045776367,40.59000015258789,32.40777587890625,6252600
2019-03-21,40.59000015258789,41.29999923706055,40.54999923706055,41.2400016784668,32.92673873901367,2980000
2019-03-22,41.279998779296875,42.0,41.150001525878906,41.77000045776367,33.34989547729492,3805200
2019-03-25,41.77000045776367,41.880001068115234,41.58000183105469,41.86000061035156,33.421756744384766,3407100
2019-03-26,41.93000030517578,42.130001068115234,41.7599983215332,42.0,33.53354263305664,3284300
2019-03-27,42.04999923706055,42.06999969482422,41.540000915527344,41.720001220703125,33.30997848510742,4854800
2019-03-28,41.779998779296875,41.95000076293945,41.15999984741211,41.400001525878906,33.05448532104492,4550700
2019-03-29,41.41999816894531,41.619998931884766,41.220001220703125,41.61000061035156,33.22216033935547,5481600
2019-04-01,41.529998779296875,41.61000061035156,41.09000015258789,41.45000076293945,33.09440994262695,3686100
2019-04-02,41.5099983215332,41.560001373291016,41.130001068115234,41.34000015258789,33.0065803527832,3406900
2019-04-03,41.2400016784668,41.400001525878906,40.939998626708984,41.09000015258789,32.806983947753906,4049200
2019-04-04,41.189998626708984,41.209999084472656,39.27000045776367,39.439998626708984,31.48958969116211,12163100
2019-04-05,40.400001525878906,41.04999923706055,40.0,40.970001220703125,32.711177825927734,13492200
2019-04-08,40.95000076293945,41.0,40.279998779296875,40.41999816894531,32.272037506103516,5707200
2019-04-09,40.31999969482422,40.869998931884766,40.150001525878906,40.849998474121094,32.6153678894043,3467300
2019-04-10,40.84000015258789,41.189998626708984,40.720001220703125,40.83000183105469,32.599388122558594,4799600
2019-04-11,40.790000915527344,41.220001220703125,40.720001220703125,41.209999084472656,32.90278625488281,4130000
2019-04-12,41.02000045776367,41.40999984741211,40.88999938964844,41.369998931884766,33.030540466308594,2557800
2019-04-15,41.349998474121094,41.54999923706055,41.18000030517578,41.279998779296875,32.958675384521484,2854400
2019-04-16,41.189998626708984,41.400001525878906,40.43000030517578,40.459999084472656,32.303977966308594,3910800
2019-04-17,40.5099983215332,40.5099983215332,40.08000183105469,40.22999954223633,32.12034225463867,3115000
2019-04-18,40.22999954223633,40.79999923706055,40.150001525878906,40.5,32.33591079711914,4477100
2019-04-22,40.540000915527344,40.75,40.349998474121094,40.59000015258789,32.40777587890625,2942400
2019-04-23,40.599998474121094,40.81999969482422,40.209999084472656,40.7400016784668,32.527530670166016,4088400
2019-04-24,40.869998931884766,41.630001068115234,40.630001068115234,40.86000061035156,32.62334442138672,3941600
2019-04-25,40.56999969482422,41.41999816894531,40.54999923706055,41.150001525878906,32.854881286621094,3142000
2019-04-26,41.290000915527344,41.68000030517578,41.290000915527344,41.47999954223633,33.118350982666016,2819800
2019-04-29,41.4900016784668,41.540000915527344,41.18000030517578,41.36000061035156,33.02255630493164,2800300
2019-04-30,41.36000061035156,42.09000015258789,41.209999084472656,42.029998779296875,33.5574836730957,4589900
2019-05-01,41.83000183105469,42.2400016784668,41.83000183105469,41.95000076293945,33.493621826171875,3545600
2019-05-02,42.0,42.16999816894531,41.529998779296875,41.970001220703125,33.50958251953125,3880200
2019-05-03,42.150001525878906,42.529998779296875,42.0,42.5,33.93274688720703,3956300
2019-05-06,41.86000061035156,42.189998626708984,41.79999923706055,41.900001525878906,33.75551223754883,4577900
2019-05-07,41.88999938964844,42.13999938964844,41.779998779296875,42.029998779296875,33.860233306884766,3077200
2019-05-08,41.939998626708984,41.939998626708984,41.38999938964844,41.439998626708984,33.38492202758789,5984400
2019-05-09,41.47999954223633,41.70000076293945,41.189998626708984,41.36000061035156,33.32047653198242,2600900
2019-05-10,41.34000015258789,42.150001525878906,41.13999938964844,42.130001068115234,33.94080352783203,2829800
2019-05-13,41.90999984741211,42.5,41.880001068115234,42.45000076293945,34.19860076904297,3667700
2019-05-14,42.36000061035156,42.470001220703125,41.93000030517578,42.099998474121094,33.91663360595703,2748000
2019-05-15,42.15999984741211,42.209999084472656,41.81999969482422,41.83000183105469,33.69911575317383,2597900
2019-05-16,41.810001373291016,42.310001373291016,41.66999816894531,42.15999984741211,33.964969635009766,2655900
2019-05-17,41.84000015258789,42.630001068115234,41.84000015258789,42.470001220703125,34.21471405029297,3145000
2019-05-20,42.650001525878906,42.88999938964844,42.36000061035156,42.59000015258789,34.3113899230957,3805800
2019-05-21,42.63999938964844,42.75,42.369998931884766,42.38999938964844,34.1502685546875,2986300
2019-05-22,42.459999084472656,42.66999816894531,42.15999984741211,42.63999938964844,34.35167694091797,4032400
2019-05-23,42.65999984741211,43.220001220703125,42.56999969482422,43.150001525878906,34.762542724609375,3866100
2019-05-24,43.119998931884766,43.2400016784668,42.81999969482422,42.86000061035156,34.52891159057617,2666900
2019-05-28,42.880001068115234,42.88999938964844,41.59000015258789,41.63999938964844,33.54605484008789,5841200
2019-05-29,41.75,41.75,40.41999816894531,40.9900016784668,33.022396087646484,5302200
2019-05-30,40.939998626708984,41.31999969482422,40.84000015258789,40.959999084472656,32.998226165771484,2256000
2019-05-31,41.099998474121094,41.439998626708984,40.95000076293945,41.2400016784668,33.22380065917969,3368000
2019-06-03,41.41999816894531,41.7400016784668,41.099998474121094,41.68000030517578,33.578277587890625,2802600
2019-06-04,41.72999954223633,41.88999938964844,40.970001220703125,41.84000015258789,33.707176208496094,2275500
2019-06-05,42.02000045776367,43.25,41.97999954223633,43.06999969482422,34.69809341430664,4374500
2019-06-06,43.16999816894531,43.540000915527344,43.040000915527344,43.38999938964844,34.95588684082031,3257800
2019-06-07,43.66999816894531,44.11000061035156,43.029998779296875,43.040000915527344,34.673927307128906,4339900
2019-06-10,43.040000915527344,43.16999816894531,42.689998626708984,43.02000045776367,34.657806396484375,1983400
2019-06-11,43.0099983215332,43.130001068115234,42.439998626708984,42.75,34.44029235839844,2085600
2019-06-12,42.7400016784668,43.380001068115234,42.7400016784668,43.369998931884766,34.93977355957031,2119800
2019-06-13,43.459999084472656,43.65999984741211,43.13999938964844,43.349998474121094,34.92365264892578,2404000
2019-06-14,43.41999816894531,44.060001373291016,43.290000915527344,43.970001220703125,35.42314910888672,2612200
2019-06-17,43.97999954223633,44.099998474121094,43.61000061035156,43.70000076293945,35.20562744140625,2295800
2019-06-18,44.060001373291016,44.060001373291016,43.15999984741211,43.5099983215332,35.05256652832031,3519000
2019-06-19,43.27000045776367,43.689998626708984,42.810001373291016,43.45000076293945,35.00422668457031,6020700
2019-06-20,43.650001525878906,43.91999816894531,43.119998931884766,43.66999816894531,35.181453704833984,2862900
2019-06-21,43.689998626708984,44.11000061035156,43.380001068115234,43.68000030517578,35.189510345458984,5969100
2019-06-24,43.720001220703125,43.810001373291016,43.38999938964844,43.61000061035156,35.13312911987305,2124800
2019-06-25,43.58000183105469,43.72999954223633,43.40999984741211,43.459999084472656,35.01228332519531,3193400
2019-06-26,43.38999938964844,43.470001220703125,42.470001220703125,42.529998779296875,34.26304626464844,3092100
2019-06-27,42.56999969482422,42.77000045776367,42.43000030517578,42.5099983215332,34.24694061279297,2890600
2019-06-28,42.45000076293945,42.88999938964844,42.380001068115234,42.810001373291016,34.48862075805664,6589500
2019-07-01,42.88999938964844,43.04999923706055,42.38999938964844,42.7400016784668,34.43223571777344,2740000
2019-07-02,42.84000015258789,43.5099983215332,42.83000183105469,43.43000030517578,34.98810958862305,2670200
2019-07-03,43.63999938964844,44.060001373291016,43.560001373291016,43.81999969482422,35.30230712890625,1866800
2019-07-05,43.529998779296875,43.83000183105469,42.970001220703125,43.72999954223633,35.22980499267578,1773000
2019-07-08,43.790000915527344,43.93000030517578,43.31999969482422,43.54999923706055,35.084781646728516,1830100
2019-07-09,43.54999923706055,43.619998931884766,43.150001525878906,43.540000915527344,35.07672882080078,2330600
2019-07-10,43.65999984741211,43.790000915527344,43.400001525878906,43.4900016784668,35.03644561767578,1836500
2019-07-11,43.43000030517578,43.790000915527344,43.060001373291016,43.59000015258789,35.117008209228516,2242300
2019-07-12,43.630001068115234,43.709999084472656,43.18000030517578,43.40999984741211,34.97200012207031,3496400
2019-07-15,43.33000183105469,43.86000061035156,43.22999954223633,43.86000061035156,35.33452606201172,3525100
2019-07-16,43.720001220703125,43.88999938964844,43.279998779296875,43.54999923706055,35.084781646728516,2200700
2019-07-17,43.720001220703125,44.130001068115234,43.689998626708984,43.72999954223633,35.22980499267578,2175600
2019-07-18,43.779998779296875,44.04999923706055,43.2400016784668,44.029998779296875,35.47147750854492,2542100
2019-07-19,43.88999938964844,44.20000076293945,43.4900016784668,43.4900016784668,35.03644561767578,2016700
2019-07-22,43.459999084472656,43.72999954223633,43.15999984741211,43.599998474121094,35.125064849853516,2441600
2019-07-23,43.58000183105469,43.619998931884766,43.22999954223633,43.31999969482422,34.89949035644531,8221700
2019-07-24,44.189998626708984,44.20000076293945,43.150001525878906,43.619998931884766,35.14118957519531,4656600
2019-07-25,43.439998626708984,44.04999923706055,43.279998779296875,43.869998931884766,35.34257888793945,5466100
2019-07-26,44.0,44.20000076293945,43.709999084472656,44.060001373291016,35.49565505981445,5713300
2019-07-29,44.25,44.47999954223633,44.119998931884766,44.470001220703125,35.82595443725586,4863200
2019-07-30,44.45000076293945,44.75,43.81999969482422,44.47999954223633,35.834014892578125,5951300
2019-07-31,44.459999084472656,44.59000015258789,43.84000015258789,43.970001220703125,35.42314910888672,8288700
2019-08-01,43.849998474121094,44.65999984741211,43.630001068115234,44.380001068115234,35.753456115722656,7174700
2019-08-02,44.56999969482422,44.619998931884766,44.06999969482422,44.25,35.648712158203125,9274400
2019-08-05,44.209999084472656,44.2400016784668,43.08000183105469,43.439998626708984,34.99616241455078,11384700
2019-08-06,43.29999923706055,43.56999969482422,42.689998626708984,43.41999816894531,35.28874969482422,4558800
2019-08-07,43.380001068115234,43.869998931884766,42.880001068115234,43.56999969482422,35.4106559753418,2991400
2019-08-08,43.58000183105469,44.369998931884766,43.310001373291016,44.25,35.96331024169922,2392100
2019-08-09,44.310001373291016,44.619998931884766,44.13999938964844,44.20000076293945,35.92268371582031,3083400
2019-08-12,44.25,44.61000061035156,44.11000061035156,44.5099983215332,36.17462158203125,2488300
2019-08-13,44.08000183105469,44.5,43.95000076293945,44.18000030517578,35.90642166137695,3188800
2019-08-14,43.88999938964844,44.220001220703125,43.439998626708984,43.529998779296875,35.37815856933594,3596000
2019-08-15,43.52000045776367,44.31999969482422,43.52000045776367,44.119998931884766,35.857666015625,4132300
2019-08-16,44.15999984741211,44.7400016784668,44.06999969482422,44.68000030517578,36.31279373168945,4707000
2019-08-19,44.65999984741211,45.279998779296875,44.54999923706055,45.130001068115234,36.67852020263672,4479100
2019-08-20,45.189998626708984,45.189998626708984,44.68000030517578,44.93000030517578,36.51598358154297,3097200
2019-08-21,44.849998474121094,45.5099983215332,44.84000015258789,45.47999954223633,36.962974548339844,4256200
2019-08-22,45.41999816894531,45.77000045776367,45.2599983215332,45.70000076293945,37.14177703857422,3703900
2019-08-23,45.689998626708984,45.900001525878906,44.779998779296875,44.9900016784668,36.56473922729492,5017400
2019-08-26,45.16999816894531,45.470001220703125,45.040000915527344,45.38999938964844,36.88982391357422,3583300
2019-08-27,45.63999938964844,45.779998779296875,45.38999938964844,45.43000030517578,36.92234420776367,4036900
2019-08-28,45.54999923706055,45.849998474121094,45.18000030517578,45.52000045776367,36.9954833984375,4650500
2019-08-29,45.81999969482422,46.029998779296875,45.59000015258789,45.939998626708984,37.33682632446289,3983800
2019-08-30,46.099998474121094,46.13999938964844,45.779998779296875,46.0,37.385597229003906,4033700
2019-09-03,46.02000045776367,46.56999969482422,45.86000061035156,46.540000915527344,37.824462890625,4112800
2019-09-04,46.79999923706055,47.04999923706055,46.400001525878906,46.84000015258789,38.06828689575195,3875200
2019-09-05,46.560001373291016,46.72999954223633,46.31999969482422,46.52000045776367,37.808204650878906,2777300
2019-09-06,46.58000183105469,46.79999923706055,46.459999084472656,46.68000030517578,37.93824768066406,2254900
2019-09-09,46.59000015258789,46.93000030517578,46.45000076293945,46.91999816894531,38.13331604003906,3634900
2019-09-10,46.810001373291016,46.869998931884766,46.27000045776367,46.7400016784668,37.98701095581055,5953200
2019-09-11,46.58000183105469,47.59000015258789,46.40999984741211,47.59000015258789,38.677825927734375,3527200
2019-09-12,47.630001068115234,48.099998474121094,47.380001068115234,47.630001068115234,38.710350036621094,2680500
2019-09-13,47.54999923706055,47.790000915527344,47.25,47.369998931884766,38.4990348815918,2223700
2019-09-16,47.400001525878906,47.61000061035156,47.25,47.560001373291016,38.65346145629883,2130600
2019-09-17,47.540000915527344,48.16999816894531,47.540000915527344,48.09000015258789,39.08420944213867,3753800
2019-09-18,48.20000076293945,48.27000045776367,47.79999923706055,48.11000061035156,39.1004524230957,2660400
2019-09-19,48.2599983215332,48.2599983215332,47.97999954223633,48.11000061035156,39.1004524230957,2366300
2019-09-20,48.02000045776367,48.150001525878906,47.27000045776367,47.38999938964844,38.515289306640625,11015800
2019-09-23,47.43000030517578,47.93000030517578,47.349998474121094,47.7599983215332,38.81599426269531,3024100
2019-09-24,47.880001068115234,48.68000030517578,47.83000183105469,48.45000076293945,39.376792907714844,4051300
2019-09-25,48.400001525878906,48.880001068115234,48.2400016784668,48.83000183105469,39.685630798339844,4044400
2019-09-26,48.91999816894531,49.06999969482422,48.630001068115234,48.72999954223633,39.604339599609375,2936900
2019-09-27,48.619998931884766,48.849998474121094,48.029998779296875,48.43000030517578,39.36053466796875,3375000
2019-09-30,48.459999084472656,48.599998474121094,47.93000030517578,48.22999954223633,39.19797897338867,6644800
2019-10-01,48.0,48.130001068115234,47.689998626708984,47.88999938964844,38.92164993286133,3422200
2019-10-02,47.79999923706055,47.93000030517578,47.119998931884766,47.310001373291016,38.450279235839844,2882900
2019-10-03,47.349998474121094,47.810001373291016,47.209999084472656,47.7400016784668,38.799739837646484,3399700
2019-10-04,47.95000076293945,48.34000015258789,47.65999984741211,48.22999954223633,39.19797897338867,1990000
2019-10-07,48.04999923706055,48.209999084472656,47.779998779296875,48.029998779296875,39.035438537597656,4201800
2019-10-08,48.08000183105469,48.08000183105469,47.5,47.619998931884766,38.702213287353516,3474800
2019-10-09,47.779998779296875,47.959999084472656,47.599998474121094,47.81999969482422,38.8647575378418,2533600
2019-10-10,47.59000015258789,48.15999984741211,47.45000076293945,47.900001525878906,38.92978286743164,2136200
2019-10-11,47.79999923706055,48.27000045776367,47.72999954223633,47.88999938964844,38.92164993286133,2708300
2019-10-14,47.93000030517578,47.95000076293945,47.31999969482422,47.40999984741211,38.53154373168945,2122500
2019-10-15,47.459999084472656,47.77000045776367,47.36000061035156,47.599998474121094,38.68596267700195,2599400
2019-10-16,47.439998626708984,47.81999969482422,47.22999954223633,47.79999923706055,38.8485107421875,3086100
2019-10-17,47.93000030517578,48.279998779296875,47.77000045776367,48.11000061035156,39.1004524230957,2341100
2019-10-18,47.97999954223633,48.52000045776367,47.83000183105469,48.380001068115234,39.31989669799805,3488200
2019-10-21,48.56999969482422,48.630001068115234,48.119998931884766,48.5,39.41741943359375,2729000
2019-10-22,48.599998474121094,48.66999816894531,48.25,48.36000061035156,39.30363845825195,2573900
2019-10-23,48.59000015258789,48.709999084472656,48.22999954223633,48.40999984741211,39.344276428222656,4456100
2019-10-24,48.130001068115234,48.52000045776367,48.099998474121094,48.290000915527344,39.24675750732422,5092700
2019-10-25,48.40999984741211,48.459999084472656,47.630001068115234,48.0099983215332,39.01918411254883,3834000
2019-10-28,47.86000061035156,48.18000030517578,47.209999084472656,47.27000045776367,38.417762756347656,4501400
2019-10-29,47.209999084472656,47.72999954223633,47.189998626708984,47.58000183105469,38.669708251953125,4907900
2019-10-30,47.619998931884766,48.189998626708984,47.52000045776367,47.84000015258789,38.881019592285156,5655600
2019-10-31,47.90999984741211,48.33000183105469,47.779998779296875,48.31999969482422,39.2711296081543,4639600
2019-11-01,48.45000076293945,48.599998474121094,48.18000030517578,48.36000061035156,39.30363845825195,4608800
2019-11-04,49.0,49.0099983215332,47.720001220703125,48.0,39.01104736328125,6826300
2019-11-05,47.66999816894531,48.09000015258789,46.97999954223633,47.31999969482422,38.45839309692383,7319400
2019-11-06,46.90999984741211,47.459999084472656,46.900001525878906,47.11000061035156,38.59768295288086,9065900
2019-11-07,46.689998626708984,46.97999954223633,46.36000061035156,46.720001220703125,38.27814865112305,9812200
2019-11-08,46.56999969482422,46.70000076293945,46.220001220703125,46.59000015258789,38.171634674072266,4341200
2019-11-11,46.599998474121094,46.709999084472656,45.9900016784668,46.029998779296875,37.712825775146484,5079600
2019-11-12,46.11000061035156,46.529998779296875,46.06999969482422,46.29999923706055,37.93404769897461,4928400
2019-11-13,46.47999954223633,47.119998931884766,46.47999954223633,46.91999816894531,38.442020416259766,2819400
2019-11-14,46.93000030517578,47.08000183105469,46.72999954223633,46.7400016784668,38.294532775878906,4415600
2019-11-15,46.86000061035156,47.060001373291016,46.630001068115234,47.040000915527344,38.54032516479492,4621400
2019-11-18,47.18000030517578,47.45000076293945,46.619998931884766,46.77000045776367,38.31911087036133,7869500
2019-11-19,46.83000183105469,46.83000183105469,46.400001525878906,46.43000030517578,38.040550231933594,4241700
2019-11-20,46.5,46.88999938964844,46.369998931884766,46.869998931884766,38.40104675292969,6151900
2019-11-21,46.93000030517578,46.97999954223633,46.41999816894531,46.63999938964844,38.212608337402344,3360400
2019-11-22,46.65999984741211,47.439998626708984,46.59000015258789,47.34000015258789,38.78612518310547,6129800
2019-11-25,47.5,47.79999923706055,47.08000183105469,47.720001220703125,39.09746170043945,4607700
2019-11-26,47.689998626708984,47.84000015258789,47.560001373291016,47.77000045776367,39.138431549072266,6644700
2019-11-27,47.790000915527344,47.83000183105469,47.33000183105469,47.790000915527344,39.154808044433594,5445000
2019-11-29,48.0,48.189998626708984,47.56999969482422,47.689998626708984,39.072879791259766,1463500
2019-12-02,47.41999816894531,47.68000030517578,47.119998931884766,47.52000045776367,38.933597564697266,3556400
2019-12-03,47.56999969482422,47.9900016784668,47.54999923706055,47.7400016784668,39.11384582519531,2884700
2019-12-04,47.79999923706055,48.29999923706055,47.779998779296875,48.189998626708984,39.48253631591797,3159700
2019-12-05,48.11000061035156,48.43000030517578,47.97999954223633,48.40999984741211,39.662784576416016,2488900
2019-12-06,48.38999938964844,48.63999938964844,48.29999923706055,48.380001068115234,39.63821029663086,2287400
2019-12-09,48.38999938964844,48.400001525878906,48.08000183105469,48.119998931884766,39.4251823425293,3322400
2019-12-10,48.06999969482422,48.2599983215332,47.81999969482422,47.9900016784668,39.31867980957031,2807400
2019-12-11,48.02000045776367,48.13999938964844,47.68000030517578,48.02000045776367,39.34325408935547,2967800
2019-12-12,47.959999084472656,48.290000915527344,47.68000030517578,47.849998474121094,39.2039680480957,2593400
2019-12-13,47.75,48.04999923706055,47.43000030517578,47.95000076293945,39.28590774536133,3382900
2019-12-16,48.11000061035156,48.52000045776367,47.83000183105469,48.5099983215332,39.744712829589844,4100900
2019-12-17,48.61000061035156,48.75,48.22999954223633,48.279998779296875,39.556270599365234,3699500
2019-12-18,48.45000076293945,48.63999938964844,48.119998931884766,48.52000045776367,39.752906799316406,3141400
2019-12-19,48.4900016784668,48.720001220703125,48.290000915527344,48.709999084472656,39.908573150634766,4581100
2019-12-20,48.900001525878906,49.04999923706055,48.63999938964844,48.81999969482422,39.99870300292969,5295300
2019-12-23,48.83000183105469,48.939998626708984,48.22999954223633,48.38999938964844,39.64639663696289,2546100
2019-12-24,48.41999816894531,48.54999923706055,48.29999923706055,48.47999954223633,39.720130920410156,958300
2019-12-26,48.45000076293945,48.619998931884766,48.33000183105469,48.5099983215332,39.744712829589844,1778000
2019-12-27,48.4900016784668,48.540000915527344,48.27000045776367,48.38999938964844,39.64639663696289,2587100
2019-12-30,48.290000915527344,48.4900016784668,48.15999984741211,48.4900016784668,39.728336334228516,1883300
2019-12-31,48.4900016784668,48.61000061035156,48.18000030517578,48.599998474121094,39.81846237182617,2929700
2020-01-02,48.560001373291016,48.560001373291016,47.20000076293945,47.529998779296875,38.94179916381836,4639300
2020-01-03,47.400001525878906,47.65999984741211,47.31999969482422,47.459999084472656,38.884437561035156,2970900
2020-01-06,47.5,47.709999084472656,47.33000183105469,47.54999923706055,38.95817947387695,2474900
2020-01-07,47.31999969482422,47.689998626708984,47.2400016784668,47.52000045776367,38.933597564697266,2187700
2020-01-08,47.650001525878906,47.86000061035156,47.5099983215332,47.619998931884766,39.01552200317383,2700000
2020-01-09,47.560001373291016,47.97999954223633,47.529998779296875,47.869998931884766,39.22035598754883,2249100
2020-01-10,48.0,48.279998779296875,47.599998474121094,47.63999938964844,39.03192138671875,4093200
2020-01-13,47.70000076293945,48.06999969482422,47.70000076293945,47.77000045776367,39.138431549072266,2537200
2020-01-14,47.720001220703125,48.060001373291016,47.45000076293945,48.040000915527344,39.35963439941406,3167800
2020-01-15,48.16999816894531,48.65999984741211,48.150001525878906,48.45000076293945,39.695556640625,2789400
2020-01-16,48.15999984741211,48.970001220703125,48.15999984741211,48.779998779296875,39.96592712402344,3425700
2020-01-17,48.869998931884766,49.13999938964844,48.5,49.060001373291016,40.19533920288086,3251200
2020-01-21,48.90999984741211,49.31999969482422,48.84000015258789,49.29999923706055,40.391963958740234,2854100
2020-01-22,49.529998779296875,49.90999984741211,49.439998626708984,49.88999938964844,40.8753547668457,3359100
2020-01-23,49.84000015258789,50.369998931884766,49.7599983215332,50.349998474121094,41.25223922729492,3138600
2020-01-24,50.31999969482422,50.75,50.08000183105469,50.470001220703125,41.350563049316406,2428700
2020-01-27,50.41999816894531,50.77000045776367,50.029998779296875,50.2599983215332,41.178504943847656,2647000
2020-01-28,50.31999969482422,50.83000183105469,50.27000045776367,50.689998626708984,41.53080368041992,2614700
2020-01-29,50.720001220703125,51.06999969482422,50.560001373291016,50.970001220703125,41.760215759277344,2948400
2020-01-30,50.88999938964844,51.040000915527344,50.5099983215332,50.97999954223633,41.768402099609375,4560600
2020-01-31,50.959999084472656,51.04999923706055,50.380001068115234,50.790000915527344,41.612735748291016,5893300
2020-02-03,50.959999084472656,51.529998779296875,50.84000015258789,51.5,42.1944465637207,3456000
2020-02-04,51.5099983215332,52.2599983215332,51.349998474121094,51.4900016784668,42.186256408691406,4569100
2020-02-05,51.43000030517578,52.060001373291016,51.400001525878906,51.90999984741211,42.53036880493164,3103400
2020-02-06,51.529998779296875,51.63999938964844,51.22999954223633,51.25,42.30747604370117,3346500
2020-02-07,51.029998779296875,51.52000045776367,50.790000915527344,51.22999954223633,42.29096603393555,2784800
2020-02-10,51.25,51.41999816894531,50.880001068115234,51.36000061035156,42.39828872680664,4385400
2020-02-11,51.529998779296875,51.689998626708984,51.36000061035156,51.540000915527344,42.546878814697266,2588700
2020-02-12,51.529998779296875,51.75,51.29999923706055,51.47999954223633,42.497344970703125,2566100
2020-02-13,51.58000183105469,52.040000915527344,51.38999938964844,51.97999954223633,42.910099029541016,2374400
2020-02-14,52.02000045776367,52.2400016784668,51.86000061035156,52.22999954223633,43.11648178100586,2453900
2020-02-18,52.38999938964844,52.52000045776367,52.130001068115234,52.27000045776367,43.14949417114258,2501800
2020-02-19,52.2599983215332,52.290000915527344,51.9900016784668,52.150001525878906,43.050437927246094,2511900
2020-02-20,52.130001068115234,52.20000076293945,51.709999084472656,51.790000915527344,42.75326156616211,2594500
2020-02-21,51.70000076293945,51.880001068115234,51.38999938964844,51.56999969482422,42.57163619995117,5933300
2020-02-24,51.220001220703125,51.47999954223633,50.619998931884766,50.630001068115234,41.79566192626953,4427600
2020-02-25,50.709999084472656,50.869998931884766,48.83000183105469,48.88999938964844,40.35927200317383,4461100
2020-02-26,48.91999816894531,49.380001068115234,48.290000915527344,48.29999923706055,39.872215270996094,4162500
2020-02-27,48.060001373291016,48.36000061035156,46.22999954223633,46.22999954223633,38.16341018676758,5322800
2020-02-28,45.22999954223633,45.22999954223633,43.56999969482422,44.529998779296875,36.760047912597656,9412800
2020-03-02,44.790000915527344,47.41999816894531,44.66999816894531,47.31999969482422,39.06321334838867,5894500
2020-03-03,47.20000076293945,48.16999816894531,45.81999969482422,45.91999816894531,37.90750503540039,7906700
2020-03-04,46.65999984741211,48.5099983215332,46.27000045776367,48.5,40.037322998046875,5367300
2020-03-05,47.52000045776367,48.27000045776367,46.560001373291016,47.130001068115234,38.906368255615234,6141800
2020-03-06,45.72999954223633,46.689998626708984,44.72999954223633,46.47999954223633,38.369789123535156,5994900
2020-03-09,43.52000045776367,44.25,39.25,42.93000030517578,35.43921661376953,10151900
2020-03-10,43.939998626708984,45.16999816894531,42.91999816894531,44.95000076293945,37.10675811767578,7231900
2020-03-11,43.689998626708984,44.349998474121094,42.47999954223633,43.130001068115234,35.60432815551758,8592200
2020-03-12,40.150001525878906,41.61000061035156,37.95000076293945,38.52000045776367,31.79871368408203,7357000
2020-03-13,40.689998626708984,41.25,38.720001220703125,41.2400016784668,34.04410934448242,6070100
2020-03-16,37.70000076293945,39.7599983215332,33.869998931884766,34.29999923706055,28.3150577545166,6701900
2020-03-17,35.2599983215332,40.4900016784668,32.90999984741211,40.11000061035156,33.11127471923828,9171700
2020-03-18,37.4900016784668,38.689998626708984,33.560001373291016,37.20000076293945,30.70903778076172,7253200
2020-03-19,37.31999969482422,37.36000061035156,33.5,35.9900016784668,29.710163116455078,5291200
2020-03-20,35.970001220703125,36.70000076293945,33.97999954223633,34.279998779296875,28.298540115356445,5393500
2020-03-23,34.02000045776367,35.75,32.0,33.189998626708984,27.39873504638672,6180400
2020-03-24,34.209999084472656,36.02000045776367,33.90999984741211,35.47999954223633,29.289154052734375,5400200
2020-03-25,35.33000183105469,37.290000915527344,33.58000183105469,35.5,29.305667877197266,5194400
2020-03-26,35.470001220703125,39.27000045776367,35.41999816894531,38.66999816894531,31.92253303527832,4915500
2020-03-27,37.36000061035156,40.33000183105469,37.11000061035156,38.599998474121094,31.864757537841797,5803000
2020-03-30,39.189998626708984,40.90999984741211,38.310001373291016,40.4900016784668,33.42497253417969,6295900
2020-03-31,40.029998779296875,40.83000183105469,39.11000061035156,40.06999969482422,33.07825469970703,7704500
2020-04-01,38.33000183105469,39.31999969482422,38.13999938964844,38.86000061035156,32.079383850097656,6979900
2020-04-02,38.22999954223633,40.52000045776367,38.22999954223633,40.0,33.02046585083008,4823500
2020-04-03,39.58000183105469,40.27000045776367,37.560001373291016,37.95000076293945,31.32817840576172,3445000
2020-04-06,39.369998931884766,41.900001525878906,39.369998931884766,41.36000061035156,34.14316940307617,5157800
2020-04-07,42.43000030517578,42.7599983215332,40.38999938964844,40.470001220703125,33.4084587097168,6177600
2020-04-08,40.720001220703125,43.59000015258789,40.400001525878906,43.22999954223633,35.6868782043457,3674700
2020-04-09,43.77000045776367,45.31999969482422,43.77000045776367,44.75,36.9416618347168,5735700
2020-04-13,44.11000061035156,44.5,43.060001373291016,43.93000030517578,36.26473617553711,3006200
2020-04-14,44.86000061035156,45.77000045776367,44.599998474121094,45.470001220703125,37.5360221862793,3512100
2020-04-15,44.31999969482422,44.650001525878906,43.630001068115234,43.95000076293945,36.28125,2454200
2020-04-16,43.9900016784668,44.959999084472656,43.380001068115234,44.86000061035156,37.0324592590332,2752700
2020-04-17,45.72999954223633,46.36000061035156,44.79999923706055,46.209999084472656,38.14690017700195,2451700
2020-04-20,45.81999969482422,45.81999969482422,44.31999969482422,44.4900016784668,36.727020263671875,2836900
2020-04-21,43.77000045776367,43.939998626708984,42.630001068115234,43.20000076293945,35.66210174560547,3796200
2020-04-22,44.06999969482422,44.54999923706055,43.16999816894531,44.220001220703125,36.504127502441406,2465200
2020-04-23,44.45000076293945,44.63999938964844,42.779998779296875,43.029998779296875,35.521766662597656,3190600
2020-04-24,39.9900016784668,43.29999923706055,39.34000015258789,42.31999969482422,34.935665130615234,5716700
2020-04-27,42.599998474121094,43.880001068115234,42.439998626708984,43.5099983215332,35.91802215576172,4457800
2020-04-28,44.0099983215332,44.220001220703125,42.45000076293945,42.63999938964844,35.1998176574707,4192300
2020-04-29,43.31999969482422,43.84000015258789,42.2599983215332,42.349998474121094,34.960426330566406,3153600
2020-04-30,42.0099983215332,42.220001220703125,40.619998931884766,41.27000045776367,34.06887435913086,3106600
2020-05-01,40.880001068115234,40.880001068115234,40.220001220703125,40.84000015258789,33.71390914916992,3313700
2020-05-04,40.83000183105469,41.31999969482422,40.310001373291016,41.189998626708984,34.002830505371094,3289900
2020-05-05,41.470001220703125,42.279998779296875,41.439998626708984,41.68000030517578,34.40732955932617,2805600
2020-05-06,41.369998931884766,41.56999969482422,39.93000030517578,40.0,33.33235549926758,3960100
2020-05-07,40.47999954223633,40.7400016784668,40.0099983215332,40.209999084472656,33.507347106933594,3281000
2020-05-08,40.7400016784668,40.90999984741211,40.130001068115234,40.599998474121094,33.83234405517578,2609700
2020-05-11,40.36000061035156,40.709999084472656,39.65999984741211,40.41999816894531,33.68234634399414,2901700
2020-05-12,40.540000915527344,40.79999923706055,39.560001373291016,39.599998474121094,32.99903869628906,3945300
2020-05-13,39.43000030517578,39.54999923706055,38.720001220703125,39.04999923706055,32.54071807861328,3772500
2020-05-14,38.650001525878906,40.130001068115234,38.13999938964844,39.959999084472656,33.29902648925781,4154900
2020-05-15,39.56999969482422,39.939998626708984,38.630001068115234,39.290000915527344,32.7407112121582,7448100
2020-05-18,40.41999816894531,41.279998779296875,40.38999938964844,41.11000061035156,34.25733184814453,3001900
2020-05-19,40.91999816894531,41.11000061035156,40.33000183105469,40.36000061035156,33.632354736328125,2477800
2020-05-20,40.689998626708984,40.84000015258789,40.13999938964844,40.279998779296875,33.56568908691406,3012400
2020-05-21,40.11000061035156,40.72999954223633,40.029998779296875,40.43000030517578,33.6906852722168,2947400
2020-05-22,40.33000183105469,40.72999954223633,40.22999954223633,40.63999938964844,33.86567687988281,2802500
2020-05-26,41.43000030517578,41.619998931884766,40.63999938964844,40.709999084472656,33.924015045166016,2348200
2020-05-27,41.22999954223633,41.380001068115234,40.560001373291016,41.36000061035156,34.46566390991211,5103700
2020-05-28,42.04999923706055,42.81999969482422,41.75,42.689998626708984,35.57395935058594,3658700
2020-05-29,42.540000915527344,42.86000061035156,42.06999969482422,42.2599983215332,35.215633392333984,4659100
2020-06-01,42.130001068115234,42.95000076293945,41.900001525878906,42.7599983215332,35.632293701171875,2427100
2020-06-02,42.9900016784668,43.08000183105469,42.279998779296875,43.06999969482422,35.890625,2844200
2020-06-03,43.41999816894531,43.90999984741211,43.18000030517578,43.4900016784668,36.24061584472656,2927700
2020-06-04,43.220001220703125,43.29999923706055,41.959999084472656,42.36000061035156,35.29896926879883,3406800
2020-06-05,42.880001068115234,43.86000061035156,42.779998779296875,43.27000045776367,36.05728530883789,3603600
2020-06-08,43.119998931884766,44.099998474121094,42.869998931884766,43.97999954223633,36.648929595947266,3009000
2020-06-09,43.630001068115234,43.630001068115234,42.779998779296875,42.88999938964844,35.740623474121094,2883500
2020-06-10,43.06999969482422,43.189998626708984,42.150001525878906,42.25,35.207305908203125,2604500
2020-06-11,41.63999938964844,41.63999938964844,40.220001220703125,40.5,33.74901580810547,3900500
2020-06-12,41.369998931884766,41.470001220703125,39.77000045776367,40.43000030517578,33.6906852722168,3934600
2020-06-15,39.5099983215332,40.7400016784668,38.869998931884766,40.470001220703125,33.72401428222656,4195900
2020-06-16,41.619998931884766,41.7599983215332,40.27000045776367,40.5099983215332,33.757347106933594,5088900
2020-06-17,40.63999938964844,40.66999816894531,39.810001373291016,40.25,33.54068374633789,3825600
2020-06-18,40.0,40.56999969482422,39.86000061035156,40.5099983215332,33.757347106933594,3441100
2020-06-19,41.099998474121094,41.099998474121094,38.959999084472656,38.97999954223633,32.482391357421875,8571000
2020-06-22,39.06999969482422,39.7400016784668,38.529998779296875,39.70000076293945,33.082374572753906,4596200
2020-06-23,40.150001525878906,40.150001525878906,38.68000030517578,38.779998779296875,32.31571960449219,3753200
2020-06-24,38.47999954223633,38.619998931884766,37.310001373291016,37.779998779296875,31.48241424560547,4855700
2020-06-25,37.61000061035156,37.65999984741211,36.9900016784668,37.529998779296875,31.274084091186523,3710600
2020-06-26,37.34000015258789,37.630001068115234,36.65999984741211,36.849998474121094,30.707441329956055,6094100
2020-06-29,37.220001220703125,37.9900016784668,37.09000015258789,37.9900016784668,31.657413482666016,3265600
2020-06-30,38.0099983215332,38.93000030517578,37.84000015258789,38.779998779296875,32.31571960449219,5988200
2020-07-01,38.869998931884766,40.0,38.650001525878906,39.880001068115234,33.232364654541016,4357100
2020-07-02,40.25,40.31999969482422,39.7599983215332,39.91999816894531,33.26569366455078,2897300
2020-07-06,40.09000015258789,40.77000045776367,39.77000045776367,40.18000030517578,33.48234939575195,4223500
2020-07-07,39.81999969482422,40.40999984741211,39.540000915527344,40.25,33.54068374633789,4239300
2020-07-08,40.16999816894531,40.709999084472656,39.880001068115234,40.630001068115234,33.85734558105469,4635600
2020-07-09,40.380001068115234,40.43000030517578,39.70000076293945,40.189998626708984,33.49069595336914,3781500
2020-07-10,40.189998626708984,41.349998474121094,40.119998931884766,41.27000045776367,34.39066696166992,2784900
2020-07-13,41.18000030517578,41.4900016784668,40.650001525878906,40.84000015258789,34.032344818115234,2663300
2020-07-14,40.81999969482422,41.380001068115234,40.599998474121094,40.91999816894531,34.0990104675293,7743700
2020-07-15,41.630001068115234,41.779998779296875,40.810001373291016,40.81999969482422,34.01567459106445,4429000
2020-07-16,40.79999923706055,41.43000030517578,40.65999984741211,41.290000915527344,34.40732955932617,2647100
2020-07-17,41.47999954223633,42.349998474121094,41.349998474121094,42.13999938964844,35.11564636230469,3370500
2020-07-20,41.90999984741211,42.02000045776367,41.2400016784668,41.2599983215332,34.382328033447266,2761600
2020-07-21,41.63999938964844,41.650001525878906,33.599998474121094,34.25,28.54083824157715,41029600
2020-07-22,29.010000228881836,29.700000762939453,22.850000381469727,27.09000015258789,22.574342727661133,135941100
2020-07-23,27.709999084472656,28.799999237060547,26.959999084472656,27.399999618530273,22.832666397094727,53410400
2020-07-24,27.940000534057617,30.149999618530273,27.829999923706055,29.479999542236328,24.565950393676758,38414300
2020-07-27,29.75,30.360000610351562,28.25,29.280000686645508,24.3992919921875,21554400
2020-07-28,29.0,30.260000228881836,28.8799991607666,29.139999389648438,24.282625198364258,15827800
2020-07-29,29.40999984741211,29.729999542236328,28.420000076293945,28.639999389648438,23.865970611572266,13114200
2020-07-30,28.420000076293945,29.290000915527344,28.25,28.8700008392334,24.057632446289062,10784000
2020-07-31,28.700000762939453,29.200000762939453,28.3799991607666,29.0,24.165958404541016,16410200
2020-08-03,28.899999618530273,29.290000915527344,28.479999542236328,29.190000534057617,24.324291229248047,8256100
2020-08-04,29.260000228881836,29.90999984741211,29.059999465942383,29.639999389648438,24.699283599853516,8252300
2020-08-05,29.889999389648438,29.889999389648438,28.65999984741211,28.940000534057617,24.115962982177734,8269100
2020-08-06,28.459999084472656,29.399999618530273,28.34000015258789,29.18000030517578,24.648120880126953,6547700
2020-08-07,28.950000762939453,29.649999618530273,28.920000076293945,29.440000534057617,24.867740631103516,9346500
2020-08-10,29.600000381469727,30.389999389648438,29.59000015258789,30.059999465942383,25.391447067260742,9298400
2020-08-11,30.18000030517578,30.31999969482422,29.360000610351562,29.899999618530273,25.256296157836914,11447800
2020-08-12,29.899999618530273,30.209999084472656,29.649999618530273,29.8700008392334,25.23095703125,5568800
2020-08-13,29.81999969482422,30.229999542236328,29.420000076293945,29.600000381469727,25.00288963317871,5798300
2020-08-14,29.600000381469727,29.760000228881836,29.219999313354492,29.329999923706055,24.774824142456055,3809400
2020-08-17,29.219999313354492,29.40999984741211,28.84000015258789,28.940000534057617,24.445392608642578,4853000
2020-08-18,28.860000610351562,29.15999984741211,28.65999984741211,28.8799991607666,24.394710540771484,4098300
2020-08-19,28.899999618530273,28.950000762939453,28.489999771118164,28.639999389648438,24.191987991333008,5462700
2020-08-20,28.459999084472656,28.75,28.209999084472656,28.360000610351562,23.95547103881836,6680500
2020-08-21,28.440000534057617,28.450000762939453,27.920000076293945,28.110000610351562,23.744295120239258,7311900
2020-08-24,28.25,28.389999389648438,27.90999984741211,28.309999465942383,23.913232803344727,4674100
2020-08-25,28.399999618530273,28.459999084472656,27.899999618530273,27.940000534057617,23.600698471069336,4907800
2020-08-26,27.770000457763672,28.170000076293945,27.43000030517578,28.010000228881836,23.659828186035156,6497500
2020-08-27,28.100000381469727,28.299999237060547,27.940000534057617,28.100000381469727,23.735851287841797,3938300
2020-08-28,28.219999313354492,28.450000762939453,27.989999771118164,28.309999465942383,23.913232803344727,4403500
2020-08-31,28.399999618530273,28.709999084472656,28.25,28.59000015258789,24.149747848510742,4799600
2020-09-01,28.31999969482422,28.649999618530273,28.0,28.260000228881836,23.871002197265625,5492400
2020-09-02,28.280000686645508,29.299999237060547,28.229999542236328,29.139999389648438,24.614328384399414,7339600
2020-09-03,29.440000534057617,29.969999313354492,29.040000915527344,29.389999389648438,24.825502395629883,6132700
2020-09-04,29.540000915527344,29.84000015258789,29.079999923706055,29.399999618530273,24.83395004272461,6115400
2020-09-08,29.5,29.700000762939453,29.06999969482422,29.1299991607666,24.605886459350586,4193400
2020-09-09,29.350000381469727,29.510000228881836,29.079999923706055,29.139999389648438,24.614328384399414,4385800
2020-09-10,29.100000381469727,29.459999084472656,28.68000030517578,29.049999237060547,24.53830909729004,4513000
2020-09-11,29.020000457763672,29.3700008392334,29.0,29.329999923706055,24.774824142456055,2635600
2020-09-14,29.350000381469727,29.8799991607666,29.280000686645508,29.65999984741211,25.053573608398438,3526700
2020-09-15,29.739999771118164,29.8700008392334,29.170000076293945,29.350000381469727,24.791717529296875,3535600
2020-09-16,29.18000030517578,30.020000457763672,29.149999618530273,29.760000228881836,25.138038635253906,2886100
2020-09-17,29.489999771118164,29.940000534057617,28.90999984741211,29.799999237060547,25.171829223632812,2988200
2020-09-18,29.700000762939453,29.780000686645508,28.950000762939453,28.959999084472656,24.46228790283203,6810100
2020-09-21,28.690000534057617,29.010000228881836,28.389999389648438,28.6299991607666,24.183534622192383,3870300
2020-09-22,28.6299991607666,28.829999923706055,28.5,28.56999969482422,24.132854461669922,3733200
2020-09-23,28.6299991607666,28.860000610351562,27.299999237060547,27.579999923706055,23.296611785888672,9369500
2020-09-24,27.68000030517578,28.389999389648438,27.579999923706055,28.15999984741211,23.78653335571289,6268500
2020-09-25,28.09000015258789,28.729999542236328,27.959999084472656,28.600000381469727,24.1581974029541,3314600
2020-09-28,28.8700008392334,28.889999389648438,28.43000030517578,28.450000762939453,24.031497955322266,3233000
2020-09-29,28.530000686645508,28.729999542236328,28.1200008392334,28.600000381469727,24.1581974029541,2530200
2020-09-30,28.729999542236328,28.979999542236328,28.479999542236328,28.709999084472656,24.25111198425293,5065600
2020-10-01,28.799999237060547,29.020000457763672,28.450000762939453,28.760000228881836,24.293346405029297,2805900
2020-10-02,28.56999969482422,29.760000228881836,28.399999618530273,29.520000457763672,24.935312271118164,4010300
2020-10-05,29.65999984741211,30.040000915527344,29.420000076293945,29.90999984741211,25.26474380493164,2878500
2020-10-06,29.950000762939453,30.770000457763672,29.81999969482422,30.40999984741211,25.687088012695312,5304200
2020-10-07,30.579999923706055,30.770000457763672,30.3700008392334,30.559999465942383,25.81379508972168,3910600
2020-10-08,30.670000076293945,31.360000610351562,30.600000381469727,31.280000686645508,26.421974182128906,3400200
2020-10-09,31.360000610351562,31.579999923706055,31.059999465942383,31.219999313354492,26.37129020690918,4404700
2020-10-12,31.1299991607666,31.530000686645508,31.079999923706055,31.260000228881836,26.40507698059082,5462700
2020-10-13,31.059999465942383,31.420000076293945,30.8700008392334,31.309999465942383,26.447311401367188,4297000
2020-10-14,31.3799991607666,31.690000534057617,30.3700008392334,31.43000030517578,26.548673629760742,4531700
2020-10-15,31.200000762939453,31.690000534057617,31.149999618530273,31.510000228881836,26.61625099182129,2823400
2020-10-16,31.56999969482422,31.989999771118164,31.329999923706055,31.690000534057617,26.768299102783203,3910500
2020-10-19,31.700000762939453,32.15999984741211,31.56999969482422,31.729999542236328,26.802085876464844,7021900
2020-10-20,32.25,32.41999816894531,31.780000686645508,31.829999923706055,26.886554718017578,5675300
2020-10-21,31.65999984741211,32.349998474121094,31.649999618530273,32.33000183105469,27.30890464782715,8604900
2020-10-22,32.369998931884766,33.27000045776367,32.25,33.029998779296875,27.900184631347656,6097900
2020-10-23,33.150001525878906,33.349998474121094,32.83000183105469,33.29999923706055,28.12824821472168,4412400
2020-10-26,33.040000915527344,33.41999816894531,32.7400016784668,33.31999969482422,28.1451473236084,7173200
2020-10-27,33.380001068115234,33.61000061035156,33.08000183105469,33.38999938964844,28.20427131652832,5270000
2020-10-28,33.0,33.060001373291016,31.549999237060547,31.760000228881836,26.827421188354492,7772400
2020-10-29,31.690000534057617,32.29999923706055,31.059999465942383,31.809999465942383,26.869657516479492,8632800
2020-10-30,30.65999984741211,31.479999542236328,29.56999969482422,29.719999313354492,25.104249954223633,20289700
2020-11-02,30.049999237060547,30.75,29.719999313354492,29.93000030517578,25.28163719177246,7242900
2020-11-03,30.360000610351562,30.510000228881836,29.959999084472656,30.1200008392334,25.4421329498291,4528600
2020-11-04,29.899999618530273,30.190000534057617,29.040000915527344,29.059999465942383,24.5467586517334,6083500
2020-11-05,29.149999618530273,29.979999542236328,29.1200008392334,29.389999389648438,25.1632080078125,5825700
2020-11-06,29.43000030517578,29.84000015258789,29.0,29.06999969482422,24.88922882080078,6045500
2020-11-09,30.049999237060547,31.059999465942383,29.3799991607666,29.520000457763672,25.27450942993164,8229300
2020-11-10,29.709999084472656,29.8700008392334,29.110000610351562,29.309999465942383,25.094711303710938,8517400
2020-11-11,29.31999969482422,29.809999465942383,29.149999618530273,29.790000915527344,25.50568199157715,5508300
2020-11-12,29.610000610351562,29.690000534057617,28.81999969482422,29.329999923706055,25.11183738708496,8673300
2020-11-13,29.610000610351562,29.75,29.290000915527344,29.510000228881836,25.265949249267578,3894600
2020-11-16,29.940000534057617,29.940000534057617,28.170000076293945,28.5,24.401203155517578,11704600
2020-11-17,28.5,29.049999237060547,28.389999389648438,28.739999771118164,24.606693267822266,7713400
2020-11-18,28.860000610351562,29.139999389648438,28.420000076293945,28.549999237060547,24.444013595581055,7562500
2020-11-19,28.530000686645508,29.06999969482422,28.31999969482422,29.040000915527344,24.86354637145996,5780900
2020-11-20,28.389999389648438,28.450000762939453,27.309999465942383,28.0,23.973115921020508,23115000
2020-11-23,28.049999237060547,28.139999389648438,27.68000030517578,27.709999084472656,23.72481918334961,5827100
2020-11-24,27.790000915527344,27.899999618530273,26.6299991607666,26.65999984741211,22.825828552246094,14354200
2020-11-25,26.639999389648438,26.790000915527344,26.170000076293945,26.559999465942383,22.740209579467773,7620900
2020-11-27,26.579999923706055,26.860000610351562,26.489999771118164,26.719999313354492,22.877199172973633,2388000
2020-11-30,26.600000381469727,26.90999984741211,26.290000915527344,26.559999465942383,22.740209579467773,8524800
2020-12-01,26.459999084472656,27.209999084472656,26.270000457763672,27.170000076293945,23.262483596801758,9232000
2020-12-02,27.100000381469727,27.34000015258789,26.850000381469727,27.31999969482422,23.390907287597656,4078900
2020-12-03,27.31999969482422,27.93000030517578,27.049999237060547,27.899999618530273,23.887496948242188,5808700
2020-12-04,27.899999618530273,29.079999923706055,27.850000381469727,28.950000762939453,24.786489486694336,7880300
2020-12-07,28.920000076293945,29.56999969482422,28.799999237060547,29.469999313354492,25.231700897216797,8768600
2020-12-08,29.25,30.440000534057617,29.209999084472656,30.260000228881836,25.908084869384766,7772200
2020-12-09,30.450000762939453,31.079999923706055,30.3799991607666,30.639999389648438,26.233434677124023,9564600
2020-12-10,30.700000762939453,30.829999923706055,30.06999969482422,30.219999313354492,25.873838424682617,4980900
2020-12-11,30.100000381469727,30.75,30.09000015258789,30.3799991607666,26.010828018188477,4884400
2020-12-14,30.700000762939453,31.079999923706055,30.309999465942383,30.350000381469727,25.98514175415039,3878400
2020-12-15,30.43000030517578,31.40999984741211,30.270000457763672,31.399999618530273,26.884136199951172,4551100
2020-12-16,31.450000762939453,31.700000762939453,30.84000015258789,30.90999984741211,26.464603424072266,5221700
2020-12-17,31.1299991607666,31.329999923706055,30.489999771118164,30.5,26.113569259643555,3767400
2020-12-18,30.440000534057617,30.84000015258789,30.1200008392334,30.34000015258789,25.976581573486328,9010500
2020-12-21,30.020000457763672,30.079999923706055,29.540000915527344,29.989999771118164,25.676918029785156,6369700
2020-12-22,29.899999618530273,30.09000015258789,29.700000762939453,29.950000762939453,25.642669677734375,4139600
2020-12-23,30.18000030517578,30.280000686645508,29.290000915527344,29.290000915527344,25.077594757080078,4820400
2020-12-24,29.389999389648438,29.75,29.200000762939453,29.68000030517578,25.411502838134766,1935900
2020-12-28,29.770000457763672,30.3799991607666,29.479999542236328,29.6200008392334,25.360130310058594,4125400
2020-12-29,29.690000534057617,30.09000015258789,29.520000457763672,29.709999084472656,25.43718719482422,4872200
2020-12-30,29.760000228881836,30.149999618530273,29.719999313354492,30.110000610351562,25.779659271240234,2667200
2020-12-31,29.969999313354492,30.639999389648438,29.8700008392334,30.610000610351562,26.207744598388672,2740000
2021-01-04,30.610000610351562,30.65999984741211,29.350000381469727,29.510000228881836,25.265949249267578,5216300
2021-01-05,29.5,29.899999618530273,29.25,29.84000015258789,25.548494338989258,4482700
2021-01-06,29.81999969482422,30.469999313354492,29.799999237060547,30.299999237060547,25.942331314086914,7262200
2021-01-07,30.3799991607666,30.43000030517578,29.6200008392334,29.6299991607666,25.368688583374023,4700200
2021-01-08,29.65999984741211,30.0,29.530000686645508,29.90999984741211,25.608421325683594,3207100
2021-01-11,29.899999618530273,30.540000915527344,29.860000610351562,30.200000762939453,25.856712341308594,5586600
2021-01-12,30.15999984741211,30.540000915527344,29.950000762939453,30.489999771118164,26.105010986328125,4413900
2021-01-13,30.600000381469727,30.940000534057617,30.510000228881836,30.790000915527344,26.36186408996582,3194500
2021-01-14,30.799999237060547,31.40999984741211,30.649999618530273,31.25,26.755706787109375,4649500
2021-01-15,31.1200008392334,31.739999771118164,30.760000228881836,31.670000076293945,27.115304946899414,4234200
2021-01-19,31.899999618530273,31.950000762939453,31.020000457763672,31.110000610351562,26.635839462280273,6089700
2021-01-20,31.0,31.3799991607666,30.700000762939453,31.329999923706055,26.824203491210938,4008800
2021-01-21,31.1200008392334,31.450000762939453,31.040000915527344,31.06999969482422,26.601593017578125,3139900
2021-01-22,31.079999923706055,31.43000030517578,30.799999237060547,31.270000457763672,26.772830963134766,2895400
2021-01-25,31.110000610351562,31.8799991607666,31.06999969482422,31.860000610351562,27.27798080444336,3962900
2021-01-26,31.940000534057617,32.130001068115234,31.639999389648438,31.93000030517578,27.337913513183594,5214400
2021-01-27,31.549999237060547,31.760000228881836,30.739999771118164,30.860000610351562,26.421798706054688,6183900
2021-01-28,30.850000381469727,31.34000015258789,30.670000076293945,30.860000610351562,26.421798706054688,3283500
2021-01-29,30.799999237060547,31.09000015258789,30.389999389648438,30.760000228881836,26.336181640625,7042400
2021-02-01,30.709999084472656,31.25,30.219999313354492,31.18000030517578,26.69577407836914,4870300
2021-02-02,31.31999969482422,32.439998626708984,31.030000686645508,31.90999984741211,27.32078742980957,5320800
2021-02-03,31.799999237060547,32.56999969482422,31.729999542236328,32.400001525878906,27.740320205688477,5679300
2021-02-04,32.060001373291016,32.47999954223633,31.760000228881836,32.22999954223633,27.930973052978516,5397700
2021-02-05,32.349998474121094,32.650001525878906,32.029998779296875,32.279998779296875,27.97429656982422,4434200
2021-02-08,32.25,32.77000045776367,31.950000762939453,32.130001068115234,27.844310760498047,5512300
2021-02-09,32.16999816894531,32.529998779296875,31.93000030517578,32.529998779296875,28.190954208374023,3660200
2021-02-10,32.709999084472656,32.709999084472656,31.559999465942383,31.75,27.514997482299805,5120200
2021-02-11,31.8799991607666,31.93000030517578,31.0,31.1200008392334,26.969032287597656,4589700
2021-02-12,31.030000686645508,31.399999618530273,31.0,31.239999771118164,27.07302474975586,2494800
2021-02-16,31.389999389648438,32.119998931884766,31.170000076293945,31.93000030517578,27.670989990234375,5212900
2021-02-17,31.969999313354492,32.029998779296875,31.5,31.950000762939453,27.688318252563477,5297100
2021-02-18,31.59000015258789,35.38999938964844,31.59000015258789,34.25,29.68153190612793,18824000
2021-02-19,34.0,34.25,33.41999816894531,34.029998779296875,29.490875244140625,6317600
2021-02-22,34.25,34.439998626708984,33.529998779296875,33.880001068115234,29.360889434814453,3407900
2021-02-23,34.09000015258789,34.220001220703125,33.529998779296875,33.529998779296875,29.057571411132812,4190800
2021-02-24,33.560001373291016,34.33000183105469,33.54999923706055,34.25,29.68153190612793,4958000
2021-02-25,34.2400016784668,34.54999923706055,33.40999984741211,33.5099983215332,29.040237426757812,4660800
2021-02-26,33.66999816894531,33.810001373291016,33.09000015258789,33.13999938964844,28.71959114074707,4230600
2021-03-01,33.63999938964844,34.060001373291016,33.38999938964844,33.40999984741211,28.95357894897461,3292300
2021-03-02,33.34000015258789,33.470001220703125,32.79999923706055,32.810001373291016,28.433612823486328,3247700
2021-03-03,32.81999969482422,32.959999084472656,32.27000045776367,32.900001525878906,28.51160430908203,4283000
2021-03-04,33.0,33.470001220703125,32.720001220703125,33.220001220703125,28.788923263549805,5488800
2021-03-05,33.459999084472656,33.5,32.52000045776367,33.209999084472656,28.78025245666504,5516500
2021-03-08,33.47999954223633,33.58000183105469,33.18000030517578,33.369998931884766,28.918912887573242,4057200
2021-03-09,33.720001220703125,34.43000030517578,33.63999938964844,34.18000030517578,29.620866775512695,5601500
2021-03-10,34.27000045776367,34.869998931884766,34.25,34.54999923706055,29.94151496887207,3756500
2021-03-11,34.369998931884766,34.7599983215332,34.13999938964844,34.650001525878906,30.02817726135254,4867300
2021-03-12,34.84000015258789,35.0099983215332,34.459999084472656,34.93000030517578,30.270830154418945,4095100
2021-03-15,35.11000061035156,35.369998931884766,34.79999923706055,35.25,30.548147201538086,2960600
2021-03-16,35.13999938964844,36.880001068115234,35.09000015258789,35.560001373291016,30.816797256469727,4756800
2021-03-17,35.790000915527344,36.11000061035156,35.099998474121094,35.20000076293945,30.504817962646484,3474400
2021-03-18,35.15999984741211,35.4900016784668,34.59000015258789,34.630001068115234,30.010852813720703,4233100
2021-03-19,34.65999984741211,35.38999938964844,34.150001525878906,34.86000061035156,30.210166931152344,11060200
2021-03-22,34.540000915527344,34.93000030517578,34.31999969482422,34.369998931884766,29.785526275634766,3089100
2021-03-23,34.349998474121094,34.65999984741211,34.16999816894531,34.38999938964844,29.802860260009766,3982400
2021-03-24,34.34000015258789,34.970001220703125,34.29999923706055,34.33000183105469,29.7508602142334,3908200
2021-03-25,34.5,34.54999923706055,33.88999938964844,34.25,29.68153190612793,2754500
2021-03-26,34.27000045776367,34.59000015258789,33.93000030517578,34.27000045776367,29.698863983154297,3053700
2021-03-29,34.18000030517578,35.16999816894531,34.18000030517578,35.0099983215332,30.340158462524414,3519800
2021-03-30,34.790000915527344,35.08000183105469,34.38999938964844,34.4900016784668,29.8895263671875,3303800
2021-03-31,34.599998474121094,34.810001373291016,34.400001525878906,34.689998626708984,30.06283950805664,3724600
2021-04-01,34.560001373291016,34.650001525878906,34.04999923706055,34.310001373291016,29.73353385925293,3901500
2021-04-05,34.380001068115234,34.91999816894531,34.290000915527344,34.79999923706055,30.158172607421875,3358700
2021-04-06,34.7400016784668,34.81999969482422,34.560001373291016,34.79999923706055,30.158172607421875,5174500
2021-04-07,34.880001068115234,35.18000030517578,34.720001220703125,35.029998779296875,30.35749053955078,7387900
2021-04-08,35.119998931884766,35.209999084472656,34.689998626708984,34.9900016784668,30.322832107543945,4979800
2021-04-09,35.060001373291016,35.20000076293945,34.65999984741211,34.77000045776367,30.132173538208008,1994800
2021-04-12,34.77000045776367,34.939998626708984,34.599998474121094,34.689998626708984,30.06283950805664,2355800
2021-04-13,34.70000076293945,35.2400016784668,34.540000915527344,35.15999984741211,30.470155715942383,2899800
2021-04-14,35.060001373291016,35.27000045776367,34.939998626708984,35.15999984741211,30.470155715942383,2004400
2021-04-15,35.15999984741211,35.58000183105469,35.130001068115234,35.52000045776367,30.782135009765625,2365400
2021-04-16,35.70000076293945,35.88999938964844,35.459999084472656,35.689998626708984,30.929458618164062,2741200
2021-04-19,35.95000076293945,35.95000076293945,35.47999954223633,35.79999923706055,31.0247859954834,2003400
2021-04-20,35.779998779296875,36.400001525878906,35.779998779296875,36.279998779296875,31.44075584411621,4509700
2021-04-21,36.459999084472656,36.869998931884766,36.290000915527344,36.790000915527344,31.882732391357422,3736600
2021-04-22,36.7400016784668,36.77000045776367,36.25,36.349998474121094,31.501419067382812,3369800
2021-04-23,36.40999984741211,37.529998779296875,36.34000015258789,36.70000076293945,31.804737091064453,6012200
2021-04-26,36.75,36.91999816894531,36.47999954223633,36.689998626708984,31.79606819152832,4098900
2021-04-27,36.7599983215332,37.13999938964844,36.599998474121094,36.869998931884766,31.952064514160156,3890700
2021-04-28,37.0,37.459999084472656,36.81999969482422,37.41999816894531,32.42869567871094,3160100
2021-04-29,37.41999816894531,37.79999923706055,37.33000183105469,37.720001220703125,32.68868637084961,2391800
2021-04-30,37.79999923706055,37.939998626708984,37.5099983215332,37.91999816894531,32.862003326416016,3680300
2021-05-03,38.0,38.720001220703125,37.84000015258789,38.31999969482422,33.20865249633789,5370300
2021-05-04,38.310001373291016,38.380001068115234,37.58000183105469,37.790000915527344,32.749351501464844,6825500
2021-05-05,37.75,37.95000076293945,37.209999084472656,37.880001068115234,32.82734298706055,3918000
2021-05-06,37.650001525878906,37.689998626708984,36.83000183105469,37.41999816894531,32.76604461669922,3654400
2021-05-07,37.5099983215332,37.77000045776367,37.33000183105469,37.52000045776367,32.85361099243164,2047600
2021-05-10,37.650001525878906,38.029998779296875,37.61000061035156,37.650001525878906,32.967445373535156,2085200
2021-05-11,37.560001373291016,37.599998474121094,36.970001220703125,37.20000076293945,32.57341003417969,3172900
2021-05-12,37.18000030517578,37.2400016784668,36.36000061035156,36.439998626708984,31.907934188842773,2784400
2021-05-13,36.59000015258789,37.709999084472656,36.5099983215332,37.47999954223633,32.81858444213867,4194300
2021-05-14,37.40999984741211,37.83000183105469,37.40999984741211,37.61000061035156,32.93241882324219,2825100
2021-05-17,37.81999969482422,37.93000030517578,37.529998779296875,37.709999084472656,33.01997756958008,3759900
2021-05-18,37.54999923706055,37.849998474121094,37.45000076293945,37.66999816894531,32.98495101928711,1996900
2021-05-19,37.630001068115234,37.66999816894531,37.02000045776367,37.400001525878906,32.748531341552734,2232400
2021-05-20,37.380001068115234,38.040000915527344,37.380001068115234,37.689998626708984,33.002464294433594,2375800
2021-05-21,37.7599983215332,38.02000045776367,37.619998931884766,38.0099983215332,33.28266525268555,1920100
2021-05-24,38.150001525878906,38.20000076293945,37.900001525878906,37.91999816894531,33.203861236572266,2327500
2021-05-25,37.939998626708984,38.099998474121094,37.5099983215332,37.619998931884766,32.9411735534668,2521600
2021-05-26,37.650001525878906,37.79999923706055,37.5,37.58000183105469,32.90614700317383,2341200
2021-05-27,37.7400016784668,38.0099983215332,37.560001373291016,37.869998931884766,33.16007614135742,2870100
2021-05-28,37.88999938964844,37.9900016784668,37.66999816894531,37.90999984741211,33.19511032104492,2089300
2021-06-01,38.150001525878906,38.150001525878906,37.7599983215332,38.02000045776367,33.29142761230469,2955700
2021-06-02,38.119998931884766,38.41999816894531,37.849998474121094,38.13999938964844,33.39650344848633,2958900
2021-06-03,37.939998626708984,38.63999938964844,37.900001525878906,38.470001220703125,33.685455322265625,2360200
2021-06-04,38.5,38.63999938964844,38.22999954223633,38.33000183105469,33.56287384033203,2452500
2021-06-07,38.40999984741211,38.65999984741211,38.29999923706055,38.56999969482422,33.77302551269531,1977800
2021-06-08,38.560001373291016,38.59000015258789,38.119998931884766,38.27000045776367,33.51033401489258,2012100
2021-06-09,38.36000061035156,38.63999938964844,38.18000030517578,38.4900016784668,33.702972412109375,3174800
2021-06-10,38.56999969482422,38.63999938964844,38.36000061035156,38.630001068115234,33.8255615234375,2365600
2021-06-11,38.630001068115234,38.810001373291016,38.459999084472656,38.7599983215332,33.93939208984375,2088200
2021-06-14,38.880001068115234,38.95000076293945,38.58000183105469,38.790000915527344,33.965660095214844,1525900
2021-06-15,38.84000015258789,39.22999954223633,38.75,38.880001068115234,34.044471740722656,2316100
2021-06-16,38.93000030517578,39.08000183105469,38.0099983215332,38.150001525878906,33.40526580810547,3624800
2021-06-17,38.150001525878906,38.34000015258789,37.66999816894531,37.720001220703125,33.02873992919922,2414000
2021-06-18,37.84000015258789,37.88999938964844,37.040000915527344,37.130001068115234,32.51211929321289,6189300
2021-06-21,37.290000915527344,37.86000061035156,37.150001525878906,37.790000915527344,33.09003829956055,2645700
2021-06-22,37.709999084472656,38.0,37.47999954223633,37.5,32.83610153198242,1988100
2021-06-23,37.27000045776367,37.349998474121094,36.849998474121094,36.95000076293945,32.3545036315918,3420300
2021-06-24,37.02000045776367,37.2400016784668,36.939998626708984,37.18000030517578,32.555904388427734,1920200
2021-06-25,37.11000061035156,37.72999954223633,37.09000015258789,37.689998626708984,33.002464294433594,2584100
2021-06-28,37.79999923706055,38.25,37.66999816894531,38.060001373291016,33.32645797729492,3571100
2021-06-29,38.150001525878906,38.18000030517578,37.439998626708984,37.540000915527344,32.871124267578125,2195000
2021-06-30,37.47999954223633,37.619998931884766,36.959999084472656,37.209999084472656,32.58216857910156,3445500
2021-07-01,37.22999954223633,37.83000183105469,37.130001068115234,37.65999984741211,32.976200103759766,2692700
2021-07-02,37.70000076293945,37.84000015258789,37.369998931884766,37.47999954223633,32.81858444213867,1749600
2021-07-06,37.380001068115234,37.720001220703125,37.0,37.66999816894531,32.98495101928711,2598900
2021-07-07,37.619998931884766,37.88999938964844,37.380001068115234,37.86000061035156,33.15132141113281,2412900
2021-07-08,37.5099983215332,37.81999969482422,37.34000015258789,37.41999816894531,32.76604461669922,2175800
2021-07-09,37.650001525878906,37.650001525878906,37.150001525878906,37.529998779296875,32.862361907958984,2394700
2021-07-12,37.38999938964844,37.56999969482422,37.16999816894531,37.47999954223633,32.81858444213867,3024800
2021-07-13,37.439998626708984,37.59000015258789,36.939998626708984,37.02000045776367,32.415794372558594,3054000
2021-07-14,37.0,37.2400016784668,36.869998931884766,37.04999923706055,32.44207000732422,2623900
2021-07-15,36.95000076293945,37.45000076293945,36.939998626708984,37.41999816894531,32.76604461669922,2574000
2021-07-16,37.52000045776367,38.040000915527344,37.38999938964844,37.790000915527344,33.09003829956055,5491000
2021-07-19,37.529998779296875,37.79999923706055,36.90999984741211,37.36000061035156,32.71351623535156,4221800
2021-07-20,37.4900016784668,37.959999084472656,37.470001220703125,37.619998931884766,32.9411735534668,3652000
2021-07-21,37.70000076293945,37.810001373291016,37.459999084472656,37.540000915527344,32.871124267578125,2995000
2021-07-22,39.0,39.7400016784668,38.869998931884766,39.150001525878906,34.280887603759766,12047100
2021-07-23,38.5,39.369998931884766,38.209999084472656,38.470001220703125,33.685455322265625,7695100
2021-07-26,38.59000015258789,39.18000030517578,38.29999923706055,38.7599983215332,33.93939208984375,6124700
2021-07-27,38.709999084472656,39.11000061035156,38.209999084472656,38.869998931884766,34.035701751708984,6111900
2021-07-28,38.959999084472656,38.9900016784668,37.959999084472656,38.13999938964844,33.39650344848633,3265500
2021-07-29,38.189998626708984,38.310001373291016,37.849998474121094,38.04999923706055,33.31769561767578,2632600
2021-07-30,37.970001220703125,38.709999084472656,37.95000076293945,38.31999969482422,33.55411148071289,6733400
2021-08-02,38.31999969482422,38.689998626708984,38.18000030517578,38.459999084472656,33.67669677734375,3467900
2021-08-03,38.56999969482422,38.810001373291016,38.18000030517578,38.540000915527344,33.74675750732422,2760200
2021-08-04,38.40999984741211,38.47999954223633,37.72999954223633,38.040000915527344,33.30894088745117,3254100
2021-08-05,37.779998779296875,37.9900016784668,37.2400016784668,37.970001220703125,33.592044830322266,4001300
2021-08-06,37.9900016784668,38.130001068115234,37.779998779296875,37.83000183105469,33.46818923950195,1768700
2021-08-09,37.790000915527344,38.060001373291016,37.619998931884766,37.86000061035156,33.49472427368164,3368700
2021-08-10,37.90999984741211,38.040000915527344,37.709999084472656,37.849998474121094,33.485870361328125,2190800
2021-08-11,37.970001220703125,38.38999938964844,37.83000183105469,38.15999984741211,33.76013946533203,2300200
2021-08-12,38.0099983215332,38.38999938964844,37.91999816894531,38.310001373291016,33.89283752441406,1418500
2021-08-13,38.5,38.7400016784668,38.25,38.63999938964844,34.184791564941406,1752800
2021-08-16,38.66999816894531,39.13999938964844,38.540000915527344,38.83000183105469,34.352882385253906,3347900
2021-08-17,38.849998474121094,38.869998931884766,38.209999084472656,38.650001525878906,34.193634033203125,2807100
2021-08-18,38.66999816894531,38.66999816894531,37.97999954223633,38.220001220703125,33.8132209777832,2822600
2021-08-19,38.27000045776367,39.099998474121094,38.18000030517578,38.939998626708984,34.450191497802734,3761600
2021-08-20,38.849998474121094,39.099998474121094,38.58000183105469,39.09000015258789,34.582908630371094,2242700
2021-08-23,39.130001068115234,39.18000030517578,38.599998474121094,38.810001373291016,34.33518981933594,2394900
2021-08-24,38.77000045776367,38.810001373291016,38.310001373291016,38.630001068115234,34.17593765258789,2373900
2021-08-25,38.63999938964844,39.209999084472656,38.439998626708984,39.0,34.5032844543457,1849000
2021-08-26,39.0099983215332,39.0099983215332,38.45000076293945,38.540000915527344,34.09632110595703,1614900
2021-08-27,38.529998779296875,38.77000045776367,38.400001525878906,38.56999969482422,34.12286376953125,1679500
2021-08-30,38.4900016784668,38.79999923706055,38.439998626708984,38.650001525878906,34.193634033203125,1333600
2021-08-31,38.619998931884766,38.95000076293945,38.5,38.869998931884766,34.38827133178711,2132500
2021-09-01,39.130001068115234,39.619998931884766,39.029998779296875,39.43000030517578,34.88370132446289,2341400
2021-09-02,39.5,39.939998626708984,39.439998626708984,39.91999816894531,35.317203521728516,2243000
2021-09-03,39.7400016784668,39.810001373291016,39.459999084472656,39.59000015258789,35.0252571105957,2979400
2021-09-07,39.540000915527344,39.540000915527344,38.38999938964844,38.470001220703125,34.034385681152344,3734600
2021-09-08,38.41999816894531,39.029998779296875,38.29999923706055,38.939998626708984,34.450191497802734,2832200
2021-09-09,38.790000915527344,38.939998626708984,38.349998474121094,38.369998931884766,33.9459228515625,2238000
2021-09-10,38.33000183105469,38.369998931884766,37.66999816894531,37.689998626708984,33.34432601928711,2157900
2021-09-13,37.939998626708984,38.02000045776367,37.189998626708984,37.43000030517578,33.11430740356445,2923000
2021-09-14,37.650001525878906,37.939998626708984,37.31999969482422,37.45000076293945,33.13199996948242,3568200
2021-09-15,37.33000183105469,38.02000045776367,37.25,37.79999923706055,33.44164276123047,3260700
2021-09-16,37.83000183105469,37.97999954223633,37.29999923706055,37.310001373291016,33.008148193359375,1646500
2021-09-17,37.310001373291016,37.79999923706055,36.630001068115234,36.72999954223633,32.49501037597656,6896100
2021-09-20,36.58000183105469,36.91999816894531,36.11000061035156,36.52000045776367,32.30922317504883,4107800
2021-09-21,36.630001068115234,37.099998474121094,36.540000915527344,36.650001525878906,32.42424011230469,2535700
2021-09-22,36.88999938964844,37.029998779296875,36.599998474121094,36.86000061035156,32.610023498535156,2076000
2021-09-23,37.0099983215332,37.279998779296875,36.66999816894531,36.75,32.5127067565918,2694900
2021-09-24,36.790000915527344,37.040000915527344,36.72999954223633,36.83000183105469,32.58348846435547,1759200
2021-09-27,36.83000183105469,37.380001068115234,36.68000030517578,36.720001220703125,32.486175537109375,2055000
2021-09-28,36.7400016784668,36.849998474121094,36.380001068115234,36.43000030517578,32.22960662841797,2451600
2021-09-29,36.45000076293945,36.790000915527344,36.2400016784668,36.29999923706055,32.11458969116211,3864400
2021-09-30,36.33000183105469,36.369998931884766,35.560001373291016,35.619998931884766,31.512998580932617,3379900
2021-10-01,35.869998931884766,36.22999954223633,35.709999084472656,35.849998474121094,31.71647834777832,2482700
2021-10-04,35.84000015258789,36.150001525878906,35.689998626708984,36.0099983215332,31.858034133911133,4279800
2021-10-05,36.150001525878906,36.40999984741211,36.029998779296875,36.220001220703125,32.0438232421875,2194300
2021-10-06,36.060001373291016,36.72999954223633,35.790000915527344,36.68000030517578,32.45077896118164,2487200
2021-10-07,36.720001220703125,36.970001220703125,36.34000015258789,36.43000030517578,32.22960662841797,2576600
2021-10-08,36.31999969482422,36.5099983215332,36.189998626708984,36.220001220703125,32.0438232421875,1701500
2021-10-11,36.02000045776367,36.25,35.650001525878906,35.77000045776367,31.64569664001465,3828800
2021-10-12,35.939998626708984,35.97999954223633,35.560001373291016,35.709999084472656,31.592622756958008,3478900
2021-10-13,35.56999969482422,35.869998931884766,35.41999816894531,35.63999938964844,31.530689239501953,2711500
2021-10-14,35.72999954223633,36.540000915527344,35.72999954223633,36.52000045776367,32.30922317504883,3248800
2021-10-15,36.560001373291016,36.72999954223633,36.369998931884766,36.619998931884766,32.397701263427734,3098500
2021-10-18,36.470001220703125,36.54999923706055,35.939998626708984,36.16999816894531,31.99958038330078,3850100
2021-10-19,36.380001068115234,36.9900016784668,36.2599983215332,36.869998931884766,32.618873596191406,2560700
2021-10-20,37.0,37.470001220703125,37.0,37.33000183105469,33.02583312988281,2565200
2021-10-21,37.220001220703125,37.59000015258789,37.06999969482422,37.22999954223633,32.9373664855957,4926500
2021-10-22,37.2400016784668,37.84000015258789,37.22999954223633,37.75,33.39741134643555,2843900
2021-10-25,37.81999969482422,37.81999969482422,37.209999084472656,37.369998931884766,33.06121826171875,4238300
2021-10-26,37.43000030517578,37.79999923706055,37.29999923706055,37.70000076293945,33.35317611694336,3343300
2021-10-27,37.779998779296875,37.849998474121094,37.310001373291016,37.59000015258789,33.255859375,2280000
2021-10-28,37.619998931884766,37.939998626708984,37.56999969482422,37.900001525878906,33.53011703491211,2497500
2021-10-29,37.619998931884766,39.720001220703125,37.619998931884766,38.529998779296875,34.08747863769531,5722300
2021-11-01,38.59000015258789,38.84000015258789,38.22999954223633,38.79999923706055,34.32633972167969,2577900
2021-11-02,39.79999923706055,39.81999969482422,38.77000045776367,39.29999923706055,34.7686882019043,5162600
2021-11-03,39.16999816894531,39.43000030517578,39.09000015258789,39.25,34.724456787109375,3515400
2021-11-04,38.84000015258789,39.15999984741211,38.630001068115234,38.90999984741211,34.769134521484375,3194500
2021-11-05,39.09000015258789,39.310001373291016,38.970001220703125,39.06999969482422,34.912105560302734,2536100
2021-11-08,39.619998931884766,39.72999954223633,38.369998931884766,38.5099983215332,34.41170120239258,5992200
2021-11-09,38.59000015258789,38.7599983215332,37.88999938964844,38.29999923706055,34.22405242919922,3939900
2021-11-10,38.27000045776367,38.97999954223633,38.27000045776367,38.959999084472656,34.813812255859375,4022500
2021-11-11,38.790000915527344,39.06999969482422,38.56999969482422,39.029998779296875,34.87636947631836,1927700
2021-11-12,39.029998779296875,39.04999923706055,38.599998474121094,39.0,34.84955978393555,4223000
2021-11-15,39.18000030517578,39.459999084472656,38.9900016784668,39.45000076293945,35.251670837402344,2264500
2021-11-16,39.47999954223633,39.77000045776367,39.38999938964844,39.58000183105469,35.367835998535156,4172600
2021-11-17,39.54999923706055,39.56999969482422,38.66999816894531,39.08000183105469,34.92104721069336,3281700
2021-11-18,39.0,39.2599983215332,38.290000915527344,38.61000061035156,34.501060485839844,2799600
2021-11-19,38.630001068115234,38.72999954223633,37.9900016784668,38.529998779296875,34.42958068847656,3108600
2021-11-22,38.529998779296875,39.04999923706055,38.45000076293945,38.72999954223633,34.6082878112793,3038000
2021-11-23,38.81999969482422,39.060001373291016,38.540000915527344,38.939998626708984,34.79594039916992,1737600
2021-11-24,38.959999084472656,39.040000915527344,38.709999084472656,38.90999984741211,34.769134521484375,1406400
2021-11-26,38.45000076293945,38.63999938964844,37.790000915527344,37.90999984741211,33.875553131103516,2624200
2021-11-29,38.20000076293945,39.119998931884766,38.20000076293945,39.04999923706055,34.894229888916016,4180900
2021-11-30,38.7599983215332,38.7599983215332,37.630001068115234,37.65999984741211,33.652164459228516,6638800
2021-12-01,38.04999923706055,38.66999816894531,37.70000076293945,37.72999954223633,33.7147102355957,4125500
2021-12-02,37.900001525878906,38.84000015258789,37.810001373291016,38.619998931884766,34.51000213623047,3669100
2021-12-03,38.79999923706055,38.95000076293945,38.25,38.84000015258789,34.70658874511719,3338800
2021-12-06,39.0,39.689998626708984,38.79999923706055,39.25,35.07295608520508,7268800
2021-12-07,39.2599983215332,39.68000030517578,39.209999084472656,39.459999084472656,35.26060104370117,2666500
2021-12-08,39.599998474121094,39.630001068115234,39.04999923706055,39.400001525878906,35.207000732421875,2148700
2021-12-09,39.349998474121094,39.63999938964844,38.959999084472656,39.400001525878906,35.207000732421875,5132200
2021-12-10,39.599998474121094,39.939998626708984,39.40999984741211,39.619998931884766,35.4035758972168,2560000
2021-12-13,39.599998474121094,40.40999984741211,39.5099983215332,40.16999816894531,35.89504623413086,4960500
2021-12-14,40.130001068115234,40.2400016784668,39.650001525878906,39.97999954223633,35.72526550292969,2583200
2021-12-15,39.9900016784668,40.29999923706055,39.650001525878906,39.939998626708984,35.689517974853516,4207300
2021-12-16,39.95000076293945,40.619998931884766,39.88999938964844,40.310001373291016,36.02014923095703,2555400
2021-12-17,40.2400016784668,40.4900016784668,39.95000076293945,40.08000183105469,35.81462097167969,4627000
2021-12-20,39.7400016784668,40.29999923706055,39.560001373291016,40.279998779296875,35.99333953857422,2452400
2021-12-21,40.5,40.70000076293945,40.060001373291016,40.2400016784668,35.95759963989258,3064500
2021-12-22,40.2400016784668,40.709999084472656,40.220001220703125,40.52000045776367,36.20780563354492,2041000
2021-12-23,40.56999969482422,40.709999084472656,40.459999084472656,40.529998779296875,36.216732025146484,1861200
2021-12-27,40.459999084472656,40.47999954223633,39.9900016784668,40.45000076293945,36.1452522277832,1560400
2021-12-28,40.470001220703125,41.0099983215332,40.439998626708984,40.9900016784668,36.627777099609375,1877400
2021-12-29,41.060001373291016,41.2599983215332,40.90999984741211,41.18000030517578,36.79756546020508,1285200
2021-12-30,41.310001373291016,41.599998474121094,41.13999938964844,41.36000061035156,36.958404541015625,2386500
2021-12-31,41.310001373291016,41.75,41.2599983215332,41.59000015258789,37.16392517089844,1266500
2022-01-03,41.61000061035156,41.61000061035156,40.83000183105469,41.2400016784668,36.85117721557617,3168800
2022-01-04,41.27000045776367,41.529998779296875,41.02000045776367,41.08000183105469,36.70820617675781,3451000
2022-01-05,40.9900016784668,41.34000015258789,40.75,40.79999923706055,36.45800018310547,3626600
2022-01-06,40.81999969482422,41.220001220703125,40.70000076293945,40.939998626708984,36.583099365234375,2275500
2022-01-07,41.189998626708984,41.68000030517578,40.9900016784668,41.40999984741211,37.003082275390625,4266900
2022-01-10,41.27000045776367,41.61000061035156,41.060001373291016,41.52000045776367,37.10137939453125,4782200
2022-01-11,41.54999923706055,41.72999954223633,41.0,41.36000061035156,36.958404541015625,4580900
2022-01-12,41.27000045776367,41.56999969482422,41.040000915527344,41.40999984741211,37.003082275390625,3404700
2022-01-13,41.33000183105469,41.70000076293945,41.119998931884766,41.59000015258789,37.16392517089844,2929000
2022-01-14,41.540000915527344,41.70000076293945,40.970001220703125,41.56999969482422,37.14605712890625,4173100
2022-01-18,41.349998474121094,41.810001373291016,40.7599983215332,41.59000015258789,37.16392517089844,5393900
2022-01-19,41.59000015258789,41.939998626708984,41.40999984741211,41.41999816894531,37.012020111083984,2880600
2022-01-20,41.54999923706055,42.029998779296875,41.36000061035156,41.43000030517578,37.02095413208008,4221800
2022-01-21,41.52000045776367,41.90999984741211,41.16999816894531,41.33000183105469,36.93159866333008,4916100
2022-01-24,41.119998931884766,41.380001068115234,40.099998474121094,41.310001373291016,36.913726806640625,5155000
2022-01-25,40.88999938964844,41.709999084472656,40.689998626708984,41.31999969482422,36.92266082763672,4603800
2022-01-26,41.27000045776367,41.86000061035156,40.75,41.15999984741211,36.779685974121094,3776300
2022-01-27,41.45000076293945,41.70000076293945,40.68000030517578,41.2599983215332,36.86904525756836,4677200
2022-01-28,41.130001068115234,41.77000045776367,40.849998474121094,41.75,37.3068962097168,3484400
2022-01-31,41.400001525878906,41.97999954223633,41.31999969482422,41.959999084472656,37.49455261230469,9046800
2022-02-01,41.84000015258789,41.959999084472656,41.25,41.810001373291016,37.360511779785156,3301800
2022-02-02,41.70000076293945,42.43000030517578,41.630001068115234,42.33000183105469,37.82517623901367,4465300
2022-02-03,42.22999954223633,42.689998626708984,42.04999923706055,42.599998474121094,38.06644058227539,3887500
2022-02-04,41.959999084472656,42.119998931884766,41.2599983215332,41.36000061035156,37.29988479614258,5192900
2022-02-07,41.349998474121094,41.619998931884766,41.189998626708984,41.439998626708984,37.37202835083008,3943600
2022-02-08,41.63999938964844,42.09000015258789,41.459999084472656,41.959999084472656,37.84098434448242,3492100
2022-02-09,42.15999984741211,42.349998474121094,41.970001220703125,42.209999084472656,38.06644058227539,2888000
2022-02-10,41.95000076293945,42.11000061035156,41.31999969482422,41.41999816894531,37.35398864746094,3557100
2022-02-11,41.9900016784668,42.4900016784668,41.439998626708984,41.560001373291016,37.480247497558594,9063000
2022-02-14,41.61000061035156,41.790000915527344,39.459999084472656,40.7400016784668,36.740745544433594,6496100
2022-02-15,41.08000183105469,41.150001525878906,40.16999816894531,40.439998626708984,36.470191955566406,3998300
2022-02-16,40.41999816894531,41.16999816894531,40.34000015258789,41.08000183105469,37.04737091064453,3793000
2022-02-17,40.93000030517578,41.209999084472656,40.56999969482422,41.119998931884766,37.08343505859375,2736300
2022-02-18,41.099998474121094,41.599998474121094,40.77000045776367,40.97999954223633,36.957183837890625,8212600
2022-02-22,41.060001373291016,41.439998626708984,40.689998626708984,40.95000076293945,36.93013000488281,5141900
2022-02-23,40.97999954223633,41.16999816894531,39.560001373291016,39.619998931884766,35.73068618774414,6703900
2022-02-24,39.470001220703125,39.959999084472656,38.77000045776367,39.849998474121094,35.938114166259766,5794700
2022-02-25,40.27000045776367,41.439998626708984,40.11000061035156,41.36000061035156,37.29988479614258,4016800
2022-02-28,41.130001068115234,41.939998626708984,40.97999954223633,41.849998474121094,37.74177169799805,6363700
2022-03-01,41.849998474121094,42.130001068115234,41.0099983215332,41.31999969482422,37.26380920410156,4481100
2022-03-02,41.439998626708984,41.86000061035156,41.380001068115234,41.66999816894531,37.57944869995117,4114600
2022-03-03,41.79999923706055,42.61000061035156,41.779998779296875,42.41999816894531,38.25581741333008,5149100
2022-03-04,42.20000076293945,42.970001220703125,41.93000030517578,42.880001068115234,38.67066955566406,5619500
2022-03-07,42.9900016784668,44.599998474121094,42.81999969482422,44.56999969482422,40.19477081298828,8965200
2022-03-08,44.560001373291016,44.97999954223633,43.880001068115234,44.310001373291016,39.96030044555664,8186700
2022-03-09,44.619998931884766,44.779998779296875,44.029998779296875,44.08000183105469,39.75287628173828,7068200
2022-03-10,43.79999923706055,44.189998626708984,43.29999923706055,44.029998779296875,39.7077751159668,4788500
2022-03-11,43.959999084472656,44.38999938964844,43.65999984741211,43.970001220703125,39.65367126464844,3358300
2022-03-14,44.459999084472656,44.79999923706055,43.95000076293945,44.25,39.90618896484375,3816100
2022-03-15,44.58000183105469,44.619998931884766,43.880001068115234,44.189998626708984,39.85207748413086,3182000
2022-03-16,44.119998931884766,44.40999984741211,43.22999954223633,43.880001068115234,39.572505950927734,5056700
2022-03-17,43.959999084472656,44.38999938964844,43.7599983215332,44.04999923706055,39.72581481933594,4743700
2022-03-18,44.029998779296875,44.20000076293945,43.09000015258789,43.13999938964844,38.9051513671875,13233400
2022-03-21,43.310001373291016,43.810001373291016,43.310001373291016,43.599998474121094,39.31999588012695,4794700
2022-03-22,43.849998474121094,43.86000061035156,43.15999984741211,43.54999923706055,39.27490234375,3355300
2022-03-23,43.54999923706055,43.84000015258789,43.25,43.5099983215332,39.23882293701172,3325700
2022-03-24,43.38999938964844,44.15999984741211,43.38999938964844,43.90999984741211,39.59956359863281,3017600
2022-03-25,44.0099983215332,44.869998931884766,43.90999984741211,44.84000015258789,40.438262939453125,3397100
2022-03-28,44.84000015258789,45.11000061035156,44.470001220703125,45.09000015258789,40.66373062133789,3105300
2022-03-29,45.09000015258789,45.470001220703125,44.650001525878906,45.459999084472656,40.99740219116211,4210600
2022-03-30,45.4900016784668,45.810001373291016,45.22999954223633,45.79999923706055,41.30403137207031,4380300
2022-03-31,45.83000183105469,46.400001525878906,45.83000183105469,45.86000061035156,41.35813903808594,4439900
2022-04-01,45.7599983215332,46.650001525878906,45.59000015258789,46.59000015258789,42.0164794921875,4140400
2022-04-04,46.25,46.459999084472656,45.7400016784668,46.310001373291016,41.76396179199219,4379800
2022-04-05,46.470001220703125,47.16999816894531,46.459999084472656,46.63999938964844,42.06156539916992,3189700
2022-04-06,46.90999984741211,47.9900016784668,46.63999938964844,47.93000030517578,43.224937438964844,4386300
2022-04-07,47.95000076293945,47.970001220703125,47.34000015258789,47.47999954223633,42.81910705566406,4722000
2022-04-08,47.7400016784668,47.790000915527344,47.2599983215332,47.470001220703125,42.810089111328125,2320600
2022-04-11,47.41999816894531,47.709999084472656,46.849998474121094,46.880001068115234,42.27800750732422,2847300
2022-04-12,46.7400016784668,47.380001068115234,46.63999938964844,47.13999938964844,42.51248550415039,2405500
2022-04-13,47.20000076293945,47.279998779296875,46.7400016784668,47.15999984741211,42.530521392822266,2347000
2022-04-14,47.380001068115234,47.59000015258789,47.060001373291016,47.400001525878906,42.74696350097656,2745500
2022-04-18,47.34000015258789,47.599998474121094,47.13999938964844,47.290000915527344,42.64776611328125,2022000
2022-04-19,47.54999923706055,47.61000061035156,47.2599983215332,47.5,42.83715057373047,2815800
2022-04-20,47.97999954223633,48.630001068115234,47.86000061035156,48.459999084472656,43.702911376953125,3605700
2022-04-21,48.33000183105469,48.849998474121094,48.09000015258789,48.119998931884766,43.39628219604492,2659700
2022-04-22,47.380001068115234,47.5,46.0,46.0099983215332,41.49341583251953,5208500
2022-04-25,46.189998626708984,46.189998626708984,44.779998779296875,45.439998626708984,40.97936248779297,3751100
2022-04-26,45.56999969482422,45.77000045776367,44.970001220703125,44.97999954223633,40.56452178955078,3254200
2022-04-27,45.2599983215332,45.41999816894531,44.45000076293945,44.7400016784668,40.348087310791016,2863900
2022-04-28,44.83000183105469,45.0099983215332,44.400001525878906,44.7400016784668,40.348087310791016,3159600
2022-04-29,44.619998931884766,44.689998626708984,43.209999084472656,43.310001373291016,39.05846405029297,4623500
2022-05-02,43.5099983215332,43.86000061035156,42.40999984741211,42.939998626708984,38.72478103637695,3137000
2022-05-03,43.189998626708984,43.88999938964844,42.9900016784668,43.13999938964844,38.9051513671875,4073800
2022-05-04,43.5,43.68000030517578,42.54999923706055,43.650001525878906,39.36508560180664,4545700
2022-05-05,43.16999816894531,43.45000076293945,42.04999923706055,42.47999954223633,38.65531539916992,3315100
2022-05-06,42.130001068115234,42.810001373291016,42.029998779296875,42.68000030517578,38.83730697631836,3307700
2022-05-09,42.5,42.619998931884766,41.77000045776367,42.16999816894531,38.37321853637695,4689200
2022-05-10,42.189998626708984,43.130001068115234,41.4900016784668,42.04999923706055,38.26402282714844,4817700
2022-05-11,42.08000183105469,43.400001525878906,42.08000183105469,42.36000061035156,38.546112060546875,3922300
2022-05-12,42.16999816894531,42.650001525878906,41.560001373291016,42.209999084472656,38.40962600708008,3475900
2022-05-13,42.540000915527344,42.65999984741211,41.90999984741211,42.5099983215332,38.68260955810547,2609800
2022-05-16,42.11000061035156,42.540000915527344,41.459999084472656,41.75,37.99104309082031,3238200
2022-05-17,41.86000061035156,42.7599983215332,41.5,42.72999954223633,38.88280487060547,3368000
2022-05-18,42.869998931884766,42.97999954223633,42.08000183105469,42.27000045776367,38.46421813964844,2780100
2022-05-19,42.189998626708984,42.380001068115234,41.470001220703125,42.02000045776367,38.236724853515625,3599700
2022-05-20,42.150001525878906,42.56999969482422,41.630001068115234,42.369998931884766,38.555213928222656,4034000
2022-05-23,42.790000915527344,43.150001525878906,42.33000183105469,42.70000076293945,38.85550308227539,2402400
2022-05-24,42.779998779296875,43.34000015258789,42.099998474121094,43.2599983215332,39.365081787109375,2954700
2022-05-25,43.2400016784668,43.54999923706055,43.040000915527344,43.16999816894531,39.28318405151367,3128000
2022-05-26,43.40999984741211,43.65999984741211,43.25,43.31999969482422,39.419681549072266,1936400
2022-05-27,43.27000045776367,43.70000076293945,43.15999984741211,43.43000030517578,39.519771575927734,3037800
2022-05-31,43.060001373291016,43.27000045776367,42.72999954223633,42.959999084472656,39.09209442138672,3537700
2022-06-01,43.0,43.20000076293945,42.150001525878906,42.560001373291016,38.728111267089844,3210700
2022-06-02,42.7400016784668,42.900001525878906,41.459999084472656,42.34000015258789,38.527923583984375,4794800
2022-06-03,42.18000030517578,42.40999984741211,41.79999923706055,41.880001068115234,38.109336853027344,3234900
2022-06-06,42.0099983215332,42.060001373291016,41.709999084472656,41.83000183105469,38.06383514404297,2941100
2022-06-07,41.7599983215332,41.959999084472656,41.459999084472656,41.880001068115234,38.109336853027344,4140400
2022-06-08,41.790000915527344,42.08000183105469,41.310001373291016,41.380001068115234,37.65434646606445,3824000
2022-06-09,41.439998626708984,41.61000061035156,40.7400016784668,40.779998779296875,37.108367919921875,4500900
2022-06-10,40.22999954223633,40.970001220703125,40.16999816894531,40.599998474121094,36.944576263427734,6761200
2022-06-13,40.18000030517578,40.29999923706055,38.689998626708984,38.900001525878906,35.39764404296875,5725300
2022-06-14,38.95000076293945,39.060001373291016,37.869998931884766,38.38999938964844,34.933555603027344,6034700
2022-06-15,38.619998931884766,38.869998931884766,36.72999954223633,37.2400016784668,33.8870964050293,10795200
2022-06-16,37.0099983215332,37.0099983215332,36.11000061035156,36.33000183105469,33.05903244018555,4953300
2022-06-17,36.41999816894531,36.459999084472656,35.31999969482422,35.90999984741211,32.676841735839844,8361800
2022-06-21,35.90999984741211,36.310001373291016,35.63999938964844,35.970001220703125,32.73143768310547,10017200
2022-06-22,35.880001068115234,36.5,35.849998474121094,36.220001220703125,32.95893478393555,5332900
2022-06-23,36.459999084472656,37.0099983215332,36.2599983215332,36.959999084472656,33.632301330566406,3652800
2022-06-24,37.099998474121094,37.66999816894531,36.91999816894531,37.290000915527344,33.932594299316406,4496200
2022-06-27,37.310001373291016,38.2599983215332,37.2400016784668,38.150001525878906,34.71516418457031,3275200
2022-06-28,38.380001068115234,38.70000076293945,37.779998779296875,37.790000915527344,34.3875732421875,2223800
2022-06-29,37.959999084472656,38.27000045776367,37.720001220703125,38.22999954223633,34.7879638671875,2177900
2022-06-30,38.04999923706055,38.84000015258789,37.880001068115234,38.38999938964844,34.933555603027344,3404700
2022-07-01,38.70000076293945,39.439998626708984,38.36000061035156,39.33000183105469,35.78892135620117,3460600
2022-07-05,39.09000015258789,39.20000076293945,36.95000076293945,37.630001068115234,34.24198532104492,3081200
2022-07-06,37.560001373291016,37.90999984741211,37.13999938964844,37.439998626708984,34.069087982177734,2928500
2022-07-07,37.54999923706055,37.880001068115234,37.220001220703125,37.22999954223633,33.87799835205078,2732300
2022-07-08,37.2599983215332,37.400001525878906,36.849998474121094,37.130001068115234,33.78700637817383,2512800
2022-07-11,37.02000045776367,37.540000915527344,36.86000061035156,37.41999816894531,34.0508918762207,1524400
2022-07-12,37.13999938964844,37.90999984741211,37.11000061035156,37.40999984741211,34.041786193847656,2272200
2022-07-13,37.04999923706055,37.63999938964844,37.0099983215332,37.189998626708984,33.841590881347656,2500300
2022-07-14,36.56999969482422,37.40999984741211,36.56999969482422,37.369998931884766,34.00539016723633,2672100
2022-07-15,37.63999938964844,37.70000076293945,37.08000183105469,37.470001220703125,34.09638595581055,1817800
2022-07-18,37.4900016784668,37.779998779296875,37.18000030517578,37.38999938964844,34.023590087890625,2108400
2022-07-19,37.58000183105469,38.08000183105469,37.470001220703125,37.900001525878906,34.487674713134766,2456500
2022-07-20,38.029998779296875,38.150001525878906,37.56999969482422,37.689998626708984,34.29657745361328,2703500
2022-07-21,37.689998626708984,37.84000015258789,37.25,37.81999969482422,34.41487503051758,2483800
2022-07-22,38.04999923706055,38.47999954223633,38.0,38.31999969482422,34.86985397338867,1927100
2022-07-25,38.20000076293945,38.720001220703125,38.11000061035156,38.619998931884766,35.142852783203125,2007400
2022-07-26,38.650001525878906,39.29999923706055,38.599998474121094,39.09000015258789,35.570533752441406,3030200
2022-07-27,39.119998931884766,39.75,38.47999954223633,39.33000183105469,35.78892135620117,4273300
2022-07-28,39.439998626708984,40.18000030517578,39.130001068115234,40.13999938964844,36.52599334716797,3538700
2022-07-29,40.16999816894531,41.40999984741211,40.130001068115234,41.099998474121094,37.399559020996094,4607600
2022-08-01,41.0,41.099998474121094,40.18000030517578,40.52000045776367,36.87178039550781,3812900
2022-08-02,40.619998931884766,40.790000915527344,39.59000015258789,39.68000030517578,36.10741424560547,4066100
2022-08-03,39.70000076293945,39.70000076293945,39.0,39.400001525878906,35.85261917114258,4853100
2022-08-04,39.02000045776367,39.18000030517578,38.560001373291016,38.75,35.61366271972656,4153400
2022-08-05,38.7400016784668,38.93000030517578,38.02000045776367,38.369998931884766,35.26441955566406,4194600
2022-08-08,38.720001220703125,38.939998626708984,38.04999923706055,38.27000045776367,35.17251205444336,5281700
2022-08-09,38.380001068115234,39.029998779296875,38.2400016784668,38.95000076293945,35.79747772216797,11156300
2022-08-10,39.16999816894531,39.54999923706055,38.88999938964844,39.529998779296875,36.330528259277344,3627800
2022-08-11,39.66999816894531,40.59000015258789,39.47999954223633,40.06999969482422,36.826820373535156,5704900
2022-08-12,40.290000915527344,40.849998474121094,40.130001068115234,40.83000183105469,37.52531433105469,3898800
2022-08-15,40.869998931884766,41.2599983215332,40.619998931884766,41.209999084472656,37.87455368041992,1975700
2022-08-16,41.18000030517578,41.43000030517578,40.90999984741211,41.02000045776367,37.69993591308594,2081700
2022-08-17,40.869998931884766,41.290000915527344,40.84000015258789,40.88999938964844,37.58045959472656,1780500
2022-08-18,40.849998474121094,41.470001220703125,40.849998474121094,41.189998626708984,37.85618209838867,1848900
2022-08-19,41.16999816894531,41.33000183105469,40.869998931884766,41.27000045776367,37.92970275878906,2238800
2022-08-22,41.0,41.029998779296875,40.25,40.439998626708984,37.166873931884766,2092900
2022-08-23,40.540000915527344,40.59000015258789,40.310001373291016,40.47999954223633,37.20363998413086,1743100
2022-08-24,40.47999954223633,41.0,40.25,40.599998474121094,37.313926696777344,2729400
2022-08-25,40.59000015258789,40.93000030517578,40.41999816894531,40.93000030517578,37.617218017578125,1551100
2022-08-26,41.0,41.0,40.029998779296875,40.189998626708984,36.93711471557617,3442500
2022-08-29,40.0,40.54999923706055,39.66999816894531,40.18000030517578,36.92792892456055,1913600
2022-08-30,40.119998931884766,40.290000915527344,39.599998474121094,39.72999954223633,36.51434326171875,1979800
2022-08-31,39.68000030517578,40.279998779296875,39.52000045776367,39.54999923706055,36.348915100097656,3355400
2022-09-01,39.59000015258789,40.2599983215332,39.529998779296875,40.16999816894531,36.918731689453125,2595700
2022-09-02,40.34000015258789,40.790000915527344,39.810001373291016,39.90999984741211,36.67977523803711,2076100
2022-09-06,39.97999954223633,40.40999984741211,39.59000015258789,39.720001220703125,36.505157470703125,2887500
2022-09-07,39.939998626708984,41.220001220703125,39.939998626708984,41.150001525878906,37.81941223144531,2683200
2022-09-08,40.88999938964844,41.27000045776367,40.689998626708984,41.029998779296875,37.70912551879883,3856000
2022-09-09,41.20000076293945,41.66999816894531,40.959999084472656,41.5099983215332,38.15027618408203,3353900
2022-09-12,41.560001373291016,41.88999938964844,41.209999084472656,41.7599983215332,38.38003921508789,2896500
2022-09-13,41.310001373291016,41.79999923706055,40.93000030517578,41.150001525878906,37.81941223144531,5321200
2022-09-14,41.16999816894531,41.720001220703125,41.099998474121094,41.439998626708984,38.085941314697266,4764900
2022-09-15,41.34000015258789,41.34000015258789,40.380001068115234,40.41999816894531,37.14849853515625,4121100
2022-09-16,40.58000183105469,41.4900016784668,40.41999816894531,41.20000076293945,37.8653678894043,16633700
2022-09-19,41.040000915527344,41.91999816894531,40.72999954223633,41.86000061035156,38.471946716308594,4208300
2022-09-20,41.61000061035156,41.650001525878906,40.56999969482422,41.380001068115234,38.03079605102539,4186600
2022-09-21,41.61000061035156,42.040000915527344,40.970001220703125,41.0,37.68155288696289,6123800
2022-09-22,41.02000045776367,41.02000045776367,40.36000061035156,40.4900016784668,37.21283721923828,3306700
2022-09-23,40.119998931884766,40.130001068115234,39.630001068115234,40.04999923706055,36.808441162109375,4062300
2022-09-26,39.97999954223633,40.099998474121094,38.22999954223633,38.77000045776367,35.632041931152344,3349400
2022-09-27,38.959999084472656,39.099998474121094,38.029998779296875,38.209999084472656,35.117366790771484,2997000
2022-09-28,38.70000076293945,38.869998931884766,38.15999984741211,38.66999816894531,35.540138244628906,2780300
2022-09-29,38.5099983215332,38.58000183105469,37.150001525878906,37.18000030517578,34.170738220214844,4284300
2022-09-30,37.34000015258789,37.5099983215332,36.709999084472656,37.0,34.00530242919922,6156700
2022-10-03,37.65999984741211,38.04999923706055,37.22999954223633,37.650001525878906,34.60269546508789,4638100
2022-10-04,37.79999923706055,39.08000183105469,37.66999816894531,38.95000076293945,35.79747772216797,3733400
2022-10-05,38.400001525878906,38.41999816894531,37.29999923706055,37.77000045776367,34.712982177734375,3624400
2022-10-06,37.59000015258789,37.66999816894531,36.68000030517578,36.849998474121094,33.86744689941406,4220800
2022-10-07,36.849998474121094,36.90999984741211,35.849998474121094,36.099998474121094,33.17815399169922,4125800
2022-10-10,36.29999923706055,36.9900016784668,36.2400016784668,36.79999923706055,33.82149124145508,5720200
2022-10-11,36.75,37.41999816894531,36.540000915527344,36.720001220703125,33.74797058105469,5949900
2022-10-12,36.7400016784668,36.7400016784668,36.0,36.150001525878906,33.22410583496094,4033000
2022-10-13,35.75,37.279998779296875,35.599998474121094,37.119998931884766,34.1155891418457,5693300
2022-10-14,37.459999084472656,37.81999969482422,36.130001068115234,36.16999816894531,33.24247741699219,6503700
2022-10-17,36.58000183105469,37.18000030517578,36.45000076293945,36.91999816894531,33.93177795410156,3052700
2022-10-18,37.36000061035156,37.65999984741211,36.91999816894531,37.310001373291016,34.29021072387695,2742100
2022-10-19,36.84000015258789,37.369998931884766,36.650001525878906,36.91999816894531,33.93177795410156,3150100
2022-10-20,36.86000061035156,36.880001068115234,35.810001373291016,36.08000183105469,33.15977096557617,2675700
2022-10-21,36.04999923706055,36.63999938964844,35.77000045776367,36.40999984741211,33.46305847167969,5001800
2022-10-24,36.75,37.02000045776367,36.41999816894531,36.880001068115234,33.89501953125,2678300
2022-10-25,36.880001068115234,37.709999084472656,36.84000015258789,37.58000183105469,34.538368225097656,4042400
2022-10-26,37.84000015258789,37.88999938964844,36.189998626708984,36.380001068115234,33.43548583984375,5790700
2022-10-27,36.75,37.630001068115234,36.689998626708984,37.25,34.235069274902344,4534300
2022-10-28,37.400001525878906,38.150001525878906,37.27000045776367,38.08000183105469,34.997894287109375,3694600
2022-10-31,38.0099983215332,38.06999969482422,37.459999084472656,37.709999084472656,34.657833099365234,6060200
2022-11-01,37.939998626708984,38.45000076293945,37.810001373291016,38.41999816894531,35.31037521362305,3732100
2022-11-02,38.34000015258789,39.15999984741211,37.97999954223633,37.97999954223633,34.90598678588867,3353500
2022-11-03,37.560001373291016,38.540000915527344,37.279998779296875,38.209999084472656,35.117366790771484,2440400
2022-11-04,38.060001373291016,38.150001525878906,37.11000061035156,37.900001525878906,35.19165802001953,3059300
2022-11-07,37.93000030517578,37.93000030517578,36.689998626708984,37.369998931884766,34.699527740478516,4328000
2022-11-08,37.459999084472656,37.86000061035156,37.22999954223633,37.65999984741211,34.968807220458984,3903600
2022-11-09,37.310001373291016,37.61000061035156,36.939998626708984,37.18000030517578,34.52310562133789,2415700
2022-11-10,38.13999938964844,39.04999923706055,37.66999816894531,38.9900016784668,36.20376205444336,2301100
2022-11-11,39.0099983215332,39.02000045776367,37.7599983215332,37.959999084472656,35.24736404418945,3297000
2022-11-14,38.0099983215332,38.0099983215332,37.20000076293945,37.20000076293945,34.54167175292969,4160300
2022-11-15,37.59000015258789,38.369998931884766,37.56999969482422,38.150001525878906,35.423789978027344,5943000
2022-11-16,38.08000183105469,38.54999923706055,37.97999954223633,38.04999923706055,35.330936431884766,2796500
2022-11-17,37.65999984741211,37.79999923706055,37.18000030517578,37.650001525878906,34.95951843261719,2491100
2022-11-18,37.959999084472656,38.5,37.779998779296875,38.47999954223633,35.73020553588867,3828600
2022-11-21,38.470001220703125,38.869998931884766,38.400001525878906,38.61000061035156,35.85091781616211,2857200
2022-11-22,38.880001068115234,39.130001068115234,38.529998779296875,38.97999954223633,36.19447708129883,1621000
2022-11-23,38.84000015258789,39.52000045776367,38.84000015258789,39.5099983215332,36.68659973144531,1636200
2022-11-25,39.599998474121094,39.869998931884766,39.599998474121094,39.86000061035156,37.01158905029297,669700
2022-11-28,39.540000915527344,39.72999954223633,39.349998474121094,39.630001068115234,36.79802703857422,2435600
2022-11-29,39.36000061035156,39.849998474121094,39.189998626708984,39.79999923706055,36.95587921142578,2398400
2022-11-30,39.59000015258789,41.310001373291016,39.36000061035156,41.2400016784668,38.29297637939453,4631200
2022-12-01,41.65999984741211,41.959999084472656,41.15999984741211,41.380001068115234,38.422969818115234,4643300
2022-12-02,40.95000076293945,41.56999969482422,40.790000915527344,41.52000045776367,38.5529670715332,3138200
2022-12-05,41.189998626708984,41.529998779296875,41.11000061035156,41.33000183105469,38.376548767089844,2616100
2022-12-06,41.290000915527344,41.66999816894531,40.9900016784668,41.56999969482422,38.599395751953125,2790700
2022-12-07,41.47999954223633,41.959999084472656,41.29999923706055,41.70000076293945,38.7201042175293,3064100
2022-12-08,41.70000076293945,42.0,41.52000045776367,41.70000076293945,38.7201042175293,2712000
2022-12-09,41.63999938964844,41.97999954223633,41.36000061035156,41.47999954223633,38.51582336425781,3210400
2022-12-12,41.91999816894531,42.2599983215332,41.4900016784668,42.2400016784668,39.221519470214844,2860400
2022-12-13,42.88999938964844,42.959999084472656,41.77000045776367,42.2400016784668,39.221519470214844,2797000
2022-12-14,42.349998474121094,42.84000015258789,42.040000915527344,42.34000015258789,39.31437301635742,3569400
2022-12-15,42.189998626708984,42.29999923706055,41.79999923706055,42.0,38.998661041259766,3119700
2022-12-16,41.31999969482422,41.5,40.189998626708984,40.93000030517578,38.005126953125,10734700
2022-12-19,40.9900016784668,41.40999984741211,40.70000076293945,41.0099983215332,38.079410552978516,2194100
2022-12-20,41.060001373291016,41.41999816894531,40.790000915527344,41.25,38.30226516723633,2489900
2022-12-21,41.369998931884766,41.72999954223633,41.2599983215332,41.720001220703125,38.738677978515625,2627800
2022-12-22,41.689998626708984,41.689998626708984,40.83000183105469,41.400001525878906,38.44154357910156,1905400
2022-12-23,41.400001525878906,42.0,41.369998931884766,42.0,38.998661041259766,1493700
2022-12-27,42.040000915527344,42.310001373291016,41.869998931884766,42.2599983215332,39.240089416503906,1092400
2022-12-28,42.38999938964844,42.54999923706055,41.959999084472656,42.06999969482422,39.063663482666016,1547800
2022-12-29,42.279998779296875,42.40999984741211,42.099998474121094,42.25,39.23080062866211,1167700
2022-12-30,42.20000076293945,42.310001373291016,41.59000015258789,41.939998626708984,38.942955017089844,1670000
2023-01-03,41.970001220703125,42.11000061035156,41.40999984741211,42.029998779296875,39.026527404785156,2777300
2023-01-04,42.150001525878906,42.540000915527344,41.939998626708984,42.34000015258789,39.31437301635742,3139400
2023-01-05,42.099998474121094,42.13999938964844,41.439998626708984,41.68000030517578,38.701534271240234,4797600
2023-01-06,42.08000183105469,42.38999938964844,41.939998626708984,42.369998931884766,39.34222412109375,2349300
2023-01-09,42.279998779296875,42.560001373291016,41.9900016784668,42.400001525878906,39.37008285522461,3173700
2023-01-10,42.2599983215332,42.66999816894531,41.779998779296875,42.59000015258789,39.546504974365234,4356200
2023-01-11,42.5,42.93000030517578,42.380001068115234,42.86000061035156,39.797210693359375,3092800
2023-01-12,42.91999816894531,43.18000030517578,42.72999954223633,43.09000015258789,40.01077651977539,3257700
2023-01-13,43.13999938964844,43.13999938964844,42.56999969482422,42.72999954223633,39.6765022277832,4147800
2023-01-17,42.88999938964844,43.310001373291016,42.75,42.9900016784668,39.91792678833008,5005700
2023-01-18,43.11000061035156,43.11000061035156,41.95000076293945,42.119998931884766,39.11008834838867,7578700
2023-01-19,42.06999969482422,42.209999084472656,41.540000915527344,41.900001525878906,38.90581512451172,4626500
2023-01-20,41.9900016784668,42.22999954223633,41.0,42.20000076293945,39.18437576293945,6142500
2023-01-23,41.459999084472656,41.939998626708984,41.060001373291016,41.13999938964844,38.20012283325195,5870300
2023-01-24,41.20000076293945,41.599998474121094,40.90999984741211,41.18000030517578,38.23726272583008,5116300
2023-01-25,40.91999816894531,41.06999969482422,40.599998474121094,41.0,38.07012939453125,4920500
2023-01-26,40.91999816894531,41.400001525878906,40.790000915527344,41.38999938964844,38.432254791259766,2085400
2023-01-27,41.36000061035156,41.58000183105469,41.130001068115234,41.22999954223633,38.28369140625,1573300
2023-01-30,41.099998474121094,41.5099983215332,41.060001373291016,41.29999923706055,38.34868621826172,2513800
2023-01-31,41.34000015258789,41.34000015258789,40.599998474121094,40.95000076293945,38.02370071411133,5723400
2023-02-01,40.7400016784668,41.310001373291016,40.43000030517578,41.13999938964844,38.20012283325195,4235800
2023-02-02,41.13999938964844,41.7599983215332,40.900001525878906,41.0,38.07012939453125,6050600
2023-02-03,41.029998779296875,41.09000015258789,39.29999923706055,39.52000045776367,36.695884704589844,6981600
2023-02-06,39.0099983215332,39.75,38.779998779296875,39.709999084472656,37.239810943603516,5329200
2023-02-07,39.54999923706055,40.22999954223633,39.38999938964844,40.06999969482422,37.57741928100586,4830800
2023-02-08,39.88999938964844,39.900001525878906,39.29999923706055,39.369998931884766,36.920955657958984,2828100
2023-02-09,39.54999923706055,39.83000183105469,39.25,39.349998474121094,36.90220260620117,4145500
2023-02-10,39.47999954223633,39.959999084472656,39.40999984741211,39.900001525878906,37.41798782348633,2247000
2023-02-13,39.86000061035156,40.38999938964844,39.86000061035156,40.38999938964844,37.87751388549805,2955900
2023-02-14,40.189998626708984,41.22999954223633,39.4900016784668,40.16999816894531,37.67119598388672,5000300
2023-02-15,40.380001068115234,40.779998779296875,40.22999954223633,40.7599983215332,38.224491119384766,3517200
2023-02-16,40.40999984741211,40.77000045776367,40.150001525878906,40.56999969482422,38.04631423950195,3831900
2023-02-17,40.70000076293945,41.380001068115234,40.650001525878906,41.029998779296875,38.477699279785156,3426600
2023-02-21,40.849998474121094,40.93000030517578,40.290000915527344,40.4900016784668,37.971290588378906,2350600
2023-02-22,40.63999938964844,40.63999938964844,39.810001373291016,39.88999938964844,37.40861892700195,2634000
2023-02-23,39.88999938964844,39.95000076293945,39.22999954223633,39.47999954223633,37.02411651611328,2702500
2023-02-24,39.209999084472656,39.849998474121094,38.93000030517578,39.79999923706055,37.324214935302734,3232900
2023-02-27,40.04999923706055,40.47999954223633,39.83000183105469,39.90999984741211,37.4273681640625,3723700
2023-02-28,39.9900016784668,40.18000030517578,39.52000045776367,39.540000915527344,37.080387115478516,5820300
2023-03-01,39.2599983215332,39.36000061035156,38.529998779296875,38.7400016784668,36.33015060424805,4978000
2023-03-02,38.630001068115234,39.099998474121094,38.31999969482422,39.08000183105469,36.64899826049805,4347300
2023-03-03,39.36000061035156,39.77000045776367,38.86000061035156,39.7599983215332,37.28670120239258,2973200
2023-03-06,39.7599983215332,40.09000015258789,39.66999816894531,39.97999954223633,37.493019104003906,3059700
2023-03-07,40.0,40.060001373291016,38.86000061035156,39.15999984741211,36.724021911621094,2493600
2023-03-08,39.22999954223633,39.790000915527344,39.11000061035156,39.709999084472656,37.239810943603516,2713600
2023-03-09,39.86000061035156,40.06999969482422,39.029998779296875,39.150001525878906,36.71464538574219,2660100
2023-03-10,39.15999984741211,39.22999954223633,38.0099983215332,38.09000015258789,35.7205810546875,4260200
2023-03-13,37.880001068115234,39.529998779296875,37.66999816894531,38.79999923706055,36.386417388916016,4123100
2023-03-14,39.18000030517578,39.54999923706055,38.66999816894531,39.189998626708984,36.752159118652344,4439700
2023-03-15,38.95000076293945,39.95000076293945,38.81999969482422,39.720001220703125,37.24918746948242,3069700
2023-03-16,39.66999816894531,40.16999816894531,39.220001220703125,40.150001525878906,37.65243911743164,3246300
2023-03-17,39.970001220703125,39.970001220703125,39.439998626708984,39.779998779296875,37.30545425415039,8566600
2023-03-20,39.90999984741211,40.630001068115234,39.68000030517578,40.31999969482422,37.81186294555664,2619800
2023-03-21,40.33000183105469,40.400001525878906,38.7599983215332,39.380001068115234,36.93033981323242,2573800
2023-03-22,39.16999816894531,39.369998931884766,38.33000183105469,38.36000061035156,35.973785400390625,2377600
2023-03-23,38.27000045776367,38.470001220703125,37.56999969482422,37.75,35.4017333984375,3442600
2023-03-24,37.7599983215332,39.20000076293945,37.720001220703125,39.16999816894531,36.733394622802734,2339000
2023-03-27,39.5,39.650001525878906,38.849998474121094,39.029998779296875,36.602108001708984,5970300
2023-03-28,38.9900016784668,39.209999084472656,38.43000030517578,38.619998931884766,36.21761703491211,4131000
2023-03-29,38.849998474121094,39.599998474121094,38.7599983215332,39.290000915527344,36.8459358215332,6052500
2023-03-30,39.5,39.90999984741211,39.47999954223633,39.58000183105469,37.11790466308594,3435200
2023-03-31,39.68000030517578,40.099998474121094,39.560001373291016,40.060001373291016,37.56803512573242,3226200
2023-04-03,40.0,40.130001068115234,39.59000015258789,39.79999923706055,37.324214935302734,3968400
2023-04-04,39.810001373291016,40.150001525878906,39.599998474121094,40.099998474121094,37.60554885864258,2863300
2023-04-05,40.29999923706055,41.619998931884766,40.220001220703125,41.61000061035156,39.0216178894043,4142500
2023-04-06,41.77000045776367,41.880001068115234,41.29999923706055,41.70000076293945,39.10601806640625,3640300
2023-04-10,41.59000015258789,41.59000015258789,41.060001373291016,41.459999084472656,38.88095474243164,2115800
2023-04-11,41.459999084472656,41.86000061035156,41.27000045776367,41.849998474121094,39.24668884277344,2770000
2023-04-12,41.869998931884766,41.9900016784668,41.349998474121094,41.459999084472656,38.88095474243164,3660600
2023-04-13,41.13999938964844,41.43000030517578,40.380001068115234,41.20000076293945,38.637123107910156,3298000
2023-04-14,40.83000183105469,41.04999923706055,40.599998474121094,40.84000015258789,38.29951858520508,2092700
2023-04-17,40.90999984741211,41.130001068115234,40.5,40.86000061035156,38.318267822265625,4082900
2023-04-18,40.689998626708984,40.880001068115234,40.459999084472656,40.47999954223633,37.9619140625,2960100
2023-04-19,40.61000061035156,40.900001525878906,40.5,40.79999923706055,38.26200866699219,2337600
2023-04-20,40.939998626708984,41.0099983215332,40.380001068115234,40.529998779296875,38.0088005065918,2196000
2023-04-21,40.88999938964844,41.0099983215332,40.5,40.61000061035156,38.08382797241211,2152100
2023-04-24,40.70000076293945,40.970001220703125,40.41999816894531,40.849998474121094,38.308895111083984,2827000
2023-04-25,40.810001373291016,41.16999816894531,40.72999954223633,41.13999938964844,38.58085632324219,1954400
2023-04-26,40.77000045776367,41.150001525878906,40.38999938964844,40.68000030517578,38.149471282958984,3487300
2023-04-27,40.810001373291016,41.130001068115234,40.720001220703125,41.119998931884766,38.562095642089844,2649100
2023-04-28,41.150001525878906,41.150001525878906,39.630001068115234,39.79999923706055,37.324214935302734,5304800
2023-05-01,39.25,40.38999938964844,38.84000015258789,39.0099983215332,36.58335494995117,15462500
2023-05-02,38.97999954223633,38.97999954223633,38.0099983215332,38.75,36.33952713012695,16998200
2023-05-03,38.900001525878906,39.25,38.4900016784668,38.93000030517578,36.508331298828125,8208200
2023-05-04,38.630001068115234,39.029998779296875,38.209999084472656,38.90999984741211,36.858829498291016,4927000
2023-05-05,38.75,39.720001220703125,38.689998626708984,39.70000076293945,37.607177734375,5792600
2023-05-08,39.59000015258789,39.81999969482422,38.97999954223633,39.09000015258789,37.029335021972656,4607200
2023-05-09,38.97999954223633,39.119998931884766,38.61000061035156,38.90999984741211,36.858829498291016,3662800
2023-05-10,39.27000045776367,39.68000030517578,39.099998474121094,39.56999969482422,37.484031677246094,4488000
2023-05-11,39.54999923706055,39.83000183105469,39.20000076293945,39.38999938964844,37.31352233886719,4692800
2023-05-12,39.65999984741211,39.7599983215332,39.279998779296875,39.459999084472656,37.37982940673828,3399300
2023-05-15,39.54999923706055,39.619998931884766,38.66999816894531,38.810001373291016,36.76409912109375,2423200
2023-05-16,38.959999084472656,38.959999084472656,38.09000015258789,38.13999938964844,36.129417419433594,2362600
2023-05-17,38.189998626708984,38.349998474121094,37.7400016784668,38.33000183105469,36.30939865112305,4010900
2023-05-18,38.130001068115234,38.13999938964844,37.54999923706055,37.97999954223633,35.97785186767578,3889900
2023-05-19,38.18000030517578,38.41999816894531,37.75,37.7599983215332,35.76945114135742,3282500
2023-05-22,37.81999969482422,38.029998779296875,37.560001373291016,37.88999938964844,35.89259338378906,2148900
2023-05-23,37.88999938964844,38.20000076293945,37.75,37.900001525878906,35.902069091796875,2095200
2023-05-24,37.869998931884766,38.0,37.689998626708984,37.720001220703125,35.7315559387207,3080900
2023-05-25,37.61000061035156,37.779998779296875,36.709999084472656,37.02000045776367,35.06845474243164,4131200
2023-05-26,36.88999938964844,36.88999938964844,36.45000076293945,36.709999084472656,34.77479934692383,2813500
2023-05-30,36.709999084472656,37.06999969482422,36.63999938964844,37.0,35.04951477050781,2880700
2023-05-31,37.08000183105469,37.540000915527344,36.709999084472656,37.38999938964844,35.41895294189453,5362300
2023-06-01,37.43000030517578,37.470001220703125,36.7400016784668,37.18000030517578,35.22002029418945,5888700
2023-06-02,36.970001220703125,37.880001068115234,36.959999084472656,37.70000076293945,35.71261215209961,3804300
2023-06-05,37.7599983215332,38.18000030517578,37.7599983215332,38.13999938964844,36.129417419433594,2913400
2023-06-06,38.290000915527344,38.439998626708984,37.66999816894531,37.790000915527344,35.79787063598633,3510900
2023-06-07,37.95000076293945,38.63999938964844,37.56999969482422,38.5,36.47043991088867,4296300
2023-06-08,38.369998931884766,39.0,38.060001373291016,38.95000076293945,36.8967170715332,4700700
2023-06-09,38.9900016784668,39.08000183105469,38.560001373291016,38.61000061035156,36.574642181396484,3963800
2023-06-12,38.7400016784668,38.7599983215332,38.349998474121094,38.75,36.70726013183594,2499400
2023-06-13,38.38999938964844,38.83000183105469,38.36000061035156,38.75,36.70726013183594,2886800
2023-06-14,38.900001525878906,39.08000183105469,38.65999984741211,38.81999969482422,36.77356719970703,3752900
2023-06-15,38.869998931884766,39.220001220703125,38.68000030517578,39.11000061035156,37.04828643798828,1928100
2023-06-16,39.45000076293945,39.65999984741211,39.0,39.06999969482422,37.0103874206543,6888100
2023-06-20,39.040000915527344,39.47999954223633,38.93000030517578,39.290000915527344,37.21879577636719,3532200
2023-06-21,39.130001068115234,39.52000045776367,38.59000015258789,39.45000076293945,37.370361328125,3261300
2023-06-22,39.529998779296875,39.599998474121094,38.959999084472656,39.220001220703125,37.15248107910156,2566400
2023-06-23,39.34000015258789,39.380001068115234,38.34000015258789,38.4900016784668,36.46096420288086,4874000
2023-06-26,38.599998474121094,38.970001220703125,38.439998626708984,38.77000045776367,36.726200103759766,3410400
2023-06-27,38.91999816894531,39.04999923706055,38.619998931884766,38.86000061035156,36.811466217041016,2718700
2023-06-28,38.849998474121094,38.849998474121094,38.2400016784668,38.34000015258789,36.31887435913086,2467800
2023-06-29,38.0,38.68000030517578,37.88999938964844,38.61000061035156,36.574642181396484,2804700
2023-06-30,38.75,38.97999954223633,38.5099983215332,38.880001068115234,36.83041000366211,2595600
2023-07-03,38.70000076293945,39.08000183105469,38.65999984741211,39.02000045776367,36.9630241394043,1245500
2023-07-05,38.869998931884766,39.869998931884766,38.779998779296875,39.540000915527344,37.45561218261719,2841300
2023-07-06,39.189998626708984,39.22999954223633,38.720001220703125,39.099998474121094,37.0388069152832,2371600
2023-07-07,38.90999984741211,39.04999923706055,38.560001373291016,38.77000045776367,36.726200103759766,1914900
2023-07-10,38.70000076293945,38.7599983215332,38.15999984741211,38.56999969482422,36.536746978759766,2114000
2023-07-11,38.650001525878906,38.959999084472656,38.43000030517578,38.91999816894531,36.8682975769043,1604200
2023-07-12,39.119998931884766,39.63999938964844,38.95000076293945,39.45000076293945,37.370361328125,2511300
2023-07-13,39.40999984741211,39.849998474121094,39.2400016784668,39.849998474121094,37.749271392822266,2424400
2023-07-14,39.630001068115234,39.880001068115234,39.34000015258789,39.75,37.654544830322266,3586700
2023-07-17,39.689998626708984,39.790000915527344,39.22999954223633,39.2400016784668,37.17142868041992,1980400
2023-07-18,39.220001220703125,39.59000015258789,38.4900016784668,38.849998474121094,36.8019905090332,1989400
2023-07-19,38.83000183105469,39.349998474121094,38.83000183105469,39.16999816894531,37.10512161254883,2092400
2023-07-20,39.34000015258789,39.79999923706055,39.11000061035156,39.66999816894531,37.57876205444336,2115800
2023-07-21,39.900001525878906,40.2400016784668,39.79999923706055,40.09000015258789,37.976619720458984,3341000
2023-07-24,40.060001373291016,40.209999084472656,39.7400016784668,40.0,37.891361236572266,2081600
2023-07-25,39.900001525878906,40.2400016784668,39.790000915527344,40.04999923706055,37.93872833251953,1838200
2023-07-26,39.97999954223633,40.41999816894531,39.84000015258789,40.02000045776367,37.910308837890625,2071800
2023-07-27,39.88999938964844,40.040000915527344,39.04999923706055,39.2400016784668,37.17142868041992,2340400
2023-07-28,39.470001220703125,39.63999938964844,39.040000915527344,39.34000015258789,37.26615524291992,1671600
2023-07-31,39.599998474121094,39.689998626708984,39.27000045776367,39.38999938964844,37.31352233886719,4000600
2023-08-01,39.5,39.66999816894531,38.90999984741211,38.9900016784668,36.93461227416992,3017700
2023-08-02,38.77000045776367,38.810001373291016,38.220001220703125,38.619998931884766,36.58411407470703,4459200
2023-08-03,38.2599983215332,38.33000183105469,37.16999816894531,37.16999816894531,35.210548400878906,5332500
2023-08-04,36.970001220703125,37.349998474121094,36.029998779296875,36.29999923706055,34.751033782958984,5665900
2023-08-07,36.09000015258789,36.689998626708984,36.09000015258789,36.119998931884766,34.578712463378906,4115000
2023-08-08,36.040000915527344,36.52000045776367,35.72999954223633,36.47999954223633,34.9233512878418,4136100
2023-08-09,36.380001068115234,36.529998779296875,36.0099983215332,36.189998626708984,34.64572525024414,4600300
2023-08-10,36.4900016784668,36.779998779296875,36.20000076293945,36.29999923706055,34.751033782958984,2711700
2023-08-11,36.34000015258789,36.880001068115234,36.25,36.869998931884766,35.29671096801758,3956700
2023-08-14,36.79999923706055,36.970001220703125,36.63999938964844,36.86000061035156,35.28713607788086,5256300
2023-08-15,36.61000061035156,36.959999084472656,36.02000045776367,36.029998779296875,34.4925537109375,4151800
2023-08-16,36.189998626708984,36.38999938964844,35.959999084472656,36.2400016784668,34.6935920715332,2480800
2023-08-17,36.20000076293945,36.52000045776367,35.869998931884766,35.869998931884766,34.33938217163086,2310100
2023-08-18,35.779998779296875,36.33000183105469,35.779998779296875,36.16999816894531,34.62657928466797,2185800
2023-08-21,36.060001373291016,36.290000915527344,35.58000183105469,35.88999938964844,34.358524322509766,2251200
2023-08-22,35.959999084472656,36.15999984741211,35.7599983215332,36.060001373291016,34.521278381347656,1840400
2023-08-23,36.2400016784668,36.40999984741211,36.04999923706055,36.380001068115234,34.82762145996094,2270200
2023-08-24,36.349998474121094,36.84000015258789,36.029998779296875,36.040000915527344,34.50212860107422,2829900
2023-08-25,36.099998474121094,36.470001220703125,36.02000045776367,36.27000045776367,34.722312927246094,1890700
2023-08-28,36.36000061035156,36.54999923706055,36.220001220703125,36.380001068115234,34.82762145996094,1235000
2023-08-29,36.38999938964844,36.560001373291016,36.2599983215332,36.459999084472656,34.904205322265625,1980800
2023-08-30,36.34000015258789,36.68000030517578,36.16999816894531,36.290000915527344,34.741455078125,2073400
2023-08-31,36.43000030517578,36.599998474121094,36.060001373291016,36.06999969482422,34.53084945678711,2906000
2023-09-01,36.31999969482422,36.31999969482422,35.310001373291016,35.689998626708984,34.16706466674805,2819800
2023-09-05,35.439998626708984,35.61000061035156,34.77000045776367,34.959999084472656,33.46821212768555,3527800
2023-09-06,35.0,35.16999816894531,34.689998626708984,35.09000015258789,33.5926628112793,3638000
2023-09-07,35.31999969482422,35.70000076293945,35.029998779296875,35.459999084472656,33.94688034057617,3746600
2023-09-08,35.439998626708984,35.79999923706055,35.369998931884766,35.619998931884766,34.10004806518555,2850300
2023-09-11,35.63999938964844,35.97999954223633,35.4900016784668,35.58000183105469,34.06175994873047,3032900
2023-09-12,35.52000045776367,35.939998626708984,35.36000061035156,35.869998931884766,34.33938217163086,2981700
2023-09-13,35.86000061035156,36.349998474121094,35.779998779296875,36.15999984741211,34.61700439453125,3073200
2023-09-14,36.40999984741211,36.900001525878906,36.31999969482422,36.88999938964844,35.31585693359375,4211800
2023-09-15,36.869998931884766,37.09000015258789,36.7400016784668,36.90999984741211,35.33500289916992,9503200
2023-09-18,37.029998779296875,37.029998779296875,36.369998931884766,36.77000045776367,35.20097732543945,2272000
2023-09-19,36.79999923706055,37.040000915527344,36.59000015258789,36.79999923706055,35.22969436645508,4448400
2023-09-20,37.029998779296875,37.029998779296875,36.380001068115234,36.560001373291016,34.99993896484375,3159000
2023-09-21,36.599998474121094,36.630001068115234,36.13999938964844,36.20000076293945,34.65530014038086,2786400
2023-09-22,36.0,36.279998779296875,35.93000030517578,36.04999923706055,34.511695861816406,2920200
2023-09-25,35.790000915527344,35.95000076293945,35.65999984741211,35.91999816894531,34.38724899291992,2216600
2023-09-26,35.810001373291016,35.83000183105469,35.2599983215332,35.310001373291016,33.803279876708984,3691800
2023-09-27,35.22999954223633,35.439998626708984,35.02000045776367,35.2400016784668,33.736263275146484,5475000
2023-09-28,35.470001220703125,35.470001220703125,34.45000076293945,34.56999969482422,33.09485626220703,6501600
2023-09-29,34.97999954223633,35.099998474121094,34.0099983215332,34.18000030517578,32.721500396728516,4533400
2023-10-02,33.900001525878906,34.0,32.40999984741211,32.599998474121094,31.208913803100586,6489300
2023-10-03,32.400001525878906,33.779998779296875,32.18000030517578,33.61000061035156,32.17582321166992,8440000
2023-10-04,33.61000061035156,33.75,33.029998779296875,33.59000015258789,32.156673431396484,4711000
2023-10-05,33.529998779296875,33.97999954223633,33.13999938964844,33.779998779296875,32.338558197021484,4748300
2023-10-06,33.349998474121094,34.31999969482422,32.97999954223633,34.25,32.788509368896484,5237900
2023-10-09,34.2400016784668,34.790000915527344,34.18000030517578,34.77000045776367,33.286319732666016,2733700
2023-10-10,34.7599983215332,35.11000061035156,34.65999984741211,35.02000045776367,33.52565383911133,3070100
2023-10-11,35.130001068115234,35.5,34.97999954223633,35.459999084472656,33.94688034057617,2607800
2023-10-12,35.380001068115234,35.459999084472656,34.97999954223633,35.29999923706055,33.793704986572266,5601500
2023-10-13,35.63999938964844,35.7400016784668,35.310001373291016,35.599998474121094,34.080902099609375,4039200
2023-10-16,35.7400016784668,36.22999954223633,35.54999923706055,36.15999984741211,34.61700439453125,2442700
2023-10-17,35.88999938964844,36.209999084472656,35.79999923706055,36.08000183105469,34.54042434692383,2484800
2023-10-18,36.060001373291016,36.099998474121094,35.59000015258789,35.81999969482422,34.29151153564453,3081000
2023-10-19,35.849998474121094,36.08000183105469,35.540000915527344,35.65999984741211,34.13833999633789,3740700
2023-10-20,35.709999084472656,35.880001068115234,35.27000045776367,35.279998779296875,33.77455520629883,5252400
2023-10-23,34.95000076293945,35.40999984741211,34.72999954223633,34.9900016784668,33.49693298339844,4014400
2023-10-24,35.36000061035156,35.79999923706055,35.15999984741211,35.70000076293945,34.1766357421875,3498000
2023-10-25,35.63999938964844,35.849998474121094,35.52000045776367,35.7599983215332,34.234073638916016,3168600
2023-10-26,35.79999923706055,36.349998474121094,35.79999923706055,36.060001373291016,34.521278381347656,3460100
2023-10-27,35.70000076293945,35.849998474121094,34.90999984741211,35.130001068115234,33.630958557128906,4503500
2023-10-30,35.33000183105469,35.619998931884766,35.029998779296875,35.400001525878906,33.88943862915039,2774600
2023-10-31,35.56999969482422,35.66999816894531,35.279998779296875,35.599998474121094,34.080902099609375,2795500
2023-11-01,35.720001220703125,36.34000015258789,35.470001220703125,36.04999923706055,34.511695861816406,3075300
2023-11-02,36.08000183105469,36.77000045776367,36.08000183105469,36.56999969482422,35.0095100402832,2989700
2023-11-03,37.04999923706055,37.150001525878906,36.75,36.81999969482422,35.248844146728516,3727700
2023-11-06,36.45000076293945,36.5099983215332,35.93000030517578,35.970001220703125,34.8228759765625,2491500
2023-11-07,36.08000183105469,36.20000076293945,35.810001373291016,36.099998474121094,34.94873046875,2526900
2023-11-08,35.959999084472656,36.0099983215332,35.310001373291016,35.689998626708984,34.55180740356445,2207000
2023-11-09,35.70000076293945,35.95000076293945,35.349998474121094,35.38999938964844,34.26137161254883,1952400
2023-11-10,35.619998931884766,35.650001525878906,35.27000045776367,35.29999923706055,34.17424392700195,2176100
2023-11-13,35.290000915527344,35.36000061035156,34.91999816894531,35.119998931884766,33.99998474121094,2742300
2023-11-14,35.75,36.65999984741211,35.720001220703125,36.630001068115234,35.46183395385742,4494600
2023-11-15,36.529998779296875,37.04999923706055,36.5099983215332,36.81999969482422,35.64577102661133,3440600
2023-11-16,37.060001373291016,37.29999923706055,36.90999984741211,37.040000915527344,35.8587532043457,3328000
2023-11-17,37.220001220703125,37.31999969482422,36.97999954223633,37.18000030517578,35.994285583496094,3294800
2023-11-20,36.97999954223633,37.470001220703125,36.61000061035156,37.43000030517578,36.23632049560547,3734900
2023-11-21,37.459999084472656,37.68000030517578,37.13999938964844,37.65999984741211,36.458980560302734,3232900
2023-11-22,37.779998779296875,37.779998779296875,37.349998474121094,37.540000915527344,36.342811584472656,3015500
2023-11-24,37.619998931884766,37.70000076293945,37.43000030517578,37.63999938964844,36.43961715698242,1091500
2023-11-27,37.68000030517578,37.68000030517578,37.31999969482422,37.5,36.304080963134766,2906200
2023-11-28,37.58000183105469,37.849998474121094,37.279998779296875,37.310001373291016,36.12014389038086,5313600
2023-11-29,37.349998474121094,37.470001220703125,36.790000915527344,36.97999954223633,35.80066680908203,5079700
2023-11-30,37.08000183105469,37.130001068115234,36.599998474121094,36.939998626708984,35.761940002441406,4435200
2023-12-01,36.93000030517578,37.380001068115234,36.689998626708984,37.36000061035156,36.168548583984375,4185600
2023-12-04,37.040000915527344,37.40999984741211,36.97999954223633,37.16999816894531,35.98460388183594,4062200
2023-12-05,37.16999816894531,37.16999816894531,36.7599983215332,37.04999923706055,35.86843490600586,3345100
2023-12-06,37.209999084472656,37.47999954223633,36.86000061035156,37.45000076293945,36.255680084228516,3532700
2023-12-07,37.529998779296875,37.529998779296875,37.0,37.29999923706055,36.1104621887207,4221700
2023-12-08,37.27000045776367,37.38999938964844,36.7400016784668,37.08000183105469,35.89748001098633,4199600
2023-12-11,37.0,37.4900016784668,36.90999984741211,37.2599983215332,36.07173538208008,3762800
2023-12-12,37.25,37.2599983215332,36.65999984741211,36.97999954223633,35.80066680908203,3425200
2023-12-13,36.9900016784668,38.560001373291016,36.79999923706055,38.5099983215332,37.2818717956543,4953000
2023-12-14,38.72999954223633,38.81999969482422,37.779998779296875,37.869998931884766,36.66228103637695,6452100
2023-12-15,37.70000076293945,37.72999954223633,36.79999923706055,36.97999954223633,35.80066680908203,8110800
2023-12-18,37.0,37.20000076293945,36.72999954223633,36.81999969482422,35.64577102661133,2924700
2023-12-19,36.91999816894531,37.099998474121094,36.66999816894531,36.91999816894531,35.74258041381836,2476200
2023-12-20,36.810001373291016,36.939998626708984,36.18000030517578,36.189998626708984,35.035858154296875,3233800
2023-12-21,36.25,36.540000915527344,36.04999923706055,36.33000183105469,35.1713981628418,2887400
2023-12-22,36.5,36.779998779296875,36.20000076293945,36.22999954223633,35.0745849609375,4446000
2023-12-26,36.220001220703125,36.529998779296875,36.16999816894531,36.34000015258789,35.18107986450195,2764300
2023-12-27,36.25,36.369998931884766,36.08000183105469,36.31999969482422,35.161712646484375,2367200
2023-12-28,36.22999954223633,36.68000030517578,36.13999938964844,36.59000015258789,35.42310333251953,2029200
2023-12-29,36.470001220703125,36.70000076293945,36.380001068115234,36.65999984741211,35.49087142944336,2728600
2024-01-02,36.470001220703125,37.43000030517578,36.400001525878906,37.400001525878906,36.207275390625,2994800
2024-01-03,37.43000030517578,37.83000183105469,37.25,37.7599983215332,36.555789947509766,4079300
2024-01-04,37.91999816894531,38.2599983215332,37.630001068115234,37.790000915527344,36.584835052490234,3715100
2024-01-05,37.75,38.22999954223633,37.560001373291016,38.130001068115234,36.913997650146484,3621500
2024-01-08,38.130001068115234,38.38999938964844,37.849998474121094,38.380001068115234,37.15602111816406,2841200
2024-01-09,38.2400016784668,38.59000015258789,38.029998779296875,38.52000045776367,37.29155731201172,8050400
2024-01-10,38.58000183105469,38.810001373291016,38.369998931884766,38.7400016784668,37.504539489746094,3048900
2024-01-11,38.70000076293945,38.779998779296875,37.779998779296875,38.02000045776367,36.80750274658203,4540400
2024-01-12,38.25,38.439998626708984,38.119998931884766,38.369998931884766,37.146339416503906,3968600
2024-01-16,38.119998931884766,38.22999954223633,37.66999816894531,37.849998474121094,36.642921447753906,4977600
2024-01-17,37.689998626708984,38.099998474121094,37.15999984741211,37.33000183105469,36.13950729370117,5538300
2024-01-18,37.13999938964844,37.31999969482422,36.959999084472656,37.11000061035156,35.9265251159668,5382400
2024-01-19,37.2400016784668,37.25,36.68000030517578,37.0099983215332,35.829708099365234,3736700
2024-01-22,37.06999969482422,37.34000015258789,36.66999816894531,36.689998626708984,35.51991271972656,4172500
2024-01-23,36.63999938964844,36.880001068115234,36.47999954223633,36.720001220703125,35.5489616394043,5877600
2024-01-24,37.040000915527344,37.04999923706055,35.880001068115234,35.959999084472656,34.813194274902344,5257000
2024-01-25,36.36000061035156,36.5099983215332,35.7400016784668,36.5,35.335975646972656,3963000
2024-01-26,36.599998474121094,36.63999938964844,36.209999084472656,36.380001068115234,35.21980285644531,3379600
2024-01-29,36.38999938964844,36.83000183105469,36.20000076293945,36.779998779296875,35.6070442199707,2789300
2024-01-30,36.70000076293945,37.0099983215332,36.400001525878906,36.7599983215332,35.58768081665039,2877100
2024-01-31,37.04999923706055,37.22999954223633,36.52000045776367,36.68000030517578,35.51023483276367,3447500
2024-02-01,36.52000045776367,37.36000061035156,36.290000915527344,37.31999969482422,36.12982177734375,2880800
2024-02-02,36.970001220703125,37.130001068115234,36.45000076293945,36.790000915527344,35.616729736328125,3897900
2024-02-05,36.40999984741211,36.65999984741211,36.150001525878906,36.220001220703125,35.06490707397461,3883600
2024-02-06,35.75,35.9900016784668,35.630001068115234,35.810001373291016,35.06490707397461,2636100
2024-02-07,35.95000076293945,36.040000915527344,35.650001525878906,35.83000183105469,35.08449172973633,2514300
2024-02-08,35.619998931884766,35.849998474121094,35.40999984741211,35.790000915527344,35.045318603515625,4550300
2024-02-09,36.0,37.540000915527344,36.0,37.310001373291016,36.533695220947266,9712600
2024-02-12,37.380001068115234,37.779998779296875,36.90999984741211,37.77000045776367,36.98412322998047,3692500
2024-02-13,37.58000183105469,37.75,36.619998931884766,36.95000076293945,36.18118667602539,4063500
2024-02-14,37.0099983215332,37.099998474121094,36.779998779296875,36.93000030517578,36.161598205566406,3404100
2024-02-15,37.029998779296875,37.38999938964844,36.93000030517578,37.29999923706055,36.52389907836914,3930900
2024-02-16,37.15999984741211,37.41999816894531,36.810001373291016,37.38999938964844,36.61202621459961,3471500
2024-02-20,37.40999984741211,37.63999938964844,37.11000061035156,37.150001525878906,36.37702560424805,4110500
2024-02-21,37.310001373291016,37.84000015258789,37.06999969482422,37.81999969482422,37.0330810546875,3159200
2024-02-22,37.619998931884766,37.619998931884766,37.25,37.29999923706055,36.52389907836914,3278600
2024-02-23,37.38999938964844,37.650001525878906,37.290000915527344,37.400001525878906,36.621822357177734,4298300
2024-02-26,37.25,37.25,36.41999816894531,36.47999954223633,35.72096252441406,2995800
2024-02-27,36.650001525878906,36.90999984741211,36.369998931884766,36.869998931884766,36.102848052978516,2336700
2024-02-28,36.810001373291016,37.029998779296875,36.75,36.84000015258789,36.07347106933594,2315200
2024-02-29,37.0,37.16999816894531,36.540000915527344,36.61000061035156,35.84825897216797,3085800
2024-03-01,36.540000915527344,36.599998474121094,36.0099983215332,36.5,35.74054718017578,2730000
2024-03-04,36.2599983215332,37.34000015258789,36.2599983215332,37.27000045776367,36.494529724121094,2570300
2024-03-05,37.470001220703125,37.77000045776367,36.880001068115234,37.0099983215332,36.239933013916016,3440500
2024-03-06,37.41999816894531,37.650001525878906,37.20000076293945,37.459999084472656,36.680572509765625,2293100
2024-03-07,37.81999969482422,37.90999984741211,37.59000015258789,37.84000015258789,37.05266571044922,2196000
2024-03-08,37.95000076293945,38.16999816894531,37.619998931884766,38.09000015258789,37.29746627807617,2694600
2024-03-11,38.06999969482422,38.54999923706055,38.06999969482422,38.529998779296875,37.72830581665039,2579400
2024-03-12,38.310001373291016,38.56999969482422,37.810001373291016,37.88999938964844,37.10162353515625,2879700
2024-03-13,38.15999984741211,38.41999816894531,37.91999816894531,38.09000015258789,37.29746627807617,2325300
2024-03-14,37.970001220703125,38.08000183105469,37.72999954223633,38.02000045776367,37.22892379760742,2513000
2024-03-15,37.77000045776367,38.33000183105469,37.77000045776367,37.95000076293945,37.160377502441406,5657300
2024-03-18,37.95000076293945,38.22999954223633,37.849998474121094,38.209999084472656,37.41496658325195,3113900
2024-03-19,38.310001373291016,38.4900016784668,38.150001525878906,38.29999923706055,37.50309371948242,2041800
2024-03-20,38.290000915527344,38.529998779296875,38.0099983215332,38.2599983215332,37.463924407958984,2487300
2024-03-21,38.34000015258789,38.63999938964844,38.16999816894531,38.27000045776367,37.47372055053711,2176600
2024-03-22,38.599998474121094,38.650001525878906,38.08000183105469,38.209999084472656,37.41496658325195,1665800
2024-03-25,38.439998626708984,38.4900016784668,38.20000076293945,38.36000061035156,37.56184768676758,1462500
2024-03-26,38.25,38.38999938964844,37.779998779296875,37.790000915527344,37.00370788574219,2190200
2024-03-27,38.04999923706055,38.54999923706055,37.95000076293945,38.459999084472656,37.65976333618164,3799700
2024-03-28,38.45000076293945,38.709999084472656,38.33000183105469,38.619998931884766,37.81643295288086,3248200
2024-04-01,38.66999816894531,38.68000030517578,37.97999954223633,38.369998931884766,37.57163619995117,2844100
2024-04-02,38.400001525878906,38.72999954223633,38.369998931884766,38.470001220703125,37.669559478759766,3459900
2024-04-03,38.40999984741211,38.4900016784668,37.939998626708984,38.13999938964844,37.34642028808594,3172000
2024-04-04,38.45000076293945,38.470001220703125,37.900001525878906,38.27000045776367,37.47372055053711,4250100
2024-04-05,38.0,38.189998626708984,37.75,38.0099983215332,37.2191276550293,3193700
2024-04-08,38.08000183105469,38.38999938964844,37.959999084472656,38.369998931884766,37.57163619995117,2418600
2024-04-09,38.5,38.650001525878906,38.2400016784668,38.470001220703125,37.669559478759766,2468900
2024-04-10,38.08000183105469,38.13999938964844,37.560001373291016,37.84000015258789,37.05266571044922,2922900
2024-04-11,38.060001373291016,38.060001373291016,37.560001373291016,37.619998931884766,36.837242126464844,2110200
2024-04-12,37.59000015258789,37.86000061035156,37.27000045776367,37.40999984741211,36.63161087036133,2001900
2024-04-15,37.619998931884766,37.83000183105469,37.13999938964844,37.400001525878906,36.621822357177734,2638900
2024-04-16,37.279998779296875,37.41999816894531,36.810001373291016,36.83000183105469,36.063682556152344,2577300
2024-04-17,36.97999954223633,37.52000045776367,36.91999816894531,37.45000076293945,36.67078399658203,2552500
2024-04-18,37.599998474121094,37.7400016784668,37.22999954223633,37.630001068115234,36.84703826904297,1779000
2024-04-19,37.869998931884766,38.41999816894531,37.7599983215332,38.16999816894531,37.375797271728516,2710000
2024-04-22,38.060001373291016,38.38999938964844,37.91999816894531,38.209999084472656,37.41496658325195,2389500
2024-04-23,38.20000076293945,38.47999954223633,38.06999969482422,38.119998931884766,37.326839447021484,1944700
2024-04-24,37.88999938964844,38.380001068115234,37.689998626708984,38.29999923706055,37.50309371948242,2491200
2024-04-25,38.22999954223633,38.65999984741211,37.849998474121094,38.56999969482422,37.767478942871094,3289700
2024-04-26,38.20000076293945,38.70000076293945,37.84000015258789,38.130001068115234,37.336631774902344,5476300
2024-04-29,38.33000183105469,38.939998626708984,38.29999923706055,38.779998779296875,37.973106384277344,4019300
2024-04-30,38.56999969482422,38.720001220703125,38.209999084472656,38.34000015258789,37.54226303100586,3680300
2024-05-01,38.2400016784668,39.02000045776367,38.18000030517578,38.70000076293945,37.894771575927734,2862300
2024-05-02,38.95000076293945,39.33000183105469,38.66999816894531,39.09000015258789,38.27665710449219,2762700
2024-05-03,39.349998474121094,39.43000030517578,38.75,39.2400016784668,38.42353820800781,2137500
2024-05-06,38.9900016784668,39.04999923706055,38.630001068115234,38.95000076293945,38.55717468261719,2068800
2024-05-07,39.209999084472656,39.380001068115234,38.959999084472656,39.349998474121094,38.9531364440918,2963100
2024-05-08,39.220001220703125,39.61000061035156,39.20000076293945,39.470001220703125,39.071929931640625,2283600
2024-05-09,39.470001220703125,39.88999938964844,39.369998931884766,39.84000015258789,39.43819808959961,2023000
2024-05-10,39.93000030517578,40.09000015258789,39.650001525878906,39.939998626708984,39.53718948364258,2055900
2024-05-13,40.0,40.20000076293945,39.68000030517578,39.689998626708984,39.28970718383789,1643500
2024-05-14,39.959999084472656,40.02000045776367,39.61000061035156,39.84000015258789,39.43819808959961,1884300
2024-05-15,40.18000030517578,40.650001525878906,40.099998474121094,40.2599983215332,39.85395812988281,3158400
2024-05-16,40.22999954223633,40.54999923706055,40.130001068115234,40.220001220703125,39.81436538696289,2426300
2024-05-17,40.119998931884766,40.279998779296875,39.88999938964844,40.040000915527344,39.63618087768555,2516400
2024-05-20,40.09000015258789,40.09000015258789,39.880001068115234,40.060001373291016,39.65597915649414,1579400
2024-05-21,40.08000183105469,40.529998779296875,40.060001373291016,40.43000030517578,40.022247314453125,1879100
2024-05-22,40.2599983215332,40.439998626708984,39.869998931884766,39.900001525878906,39.49759292602539,1892500
2024-05-23,39.630001068115234,39.720001220703125,39.119998931884766,39.13999938964844,38.74525833129883,2675900
2024-05-24,39.16999816894531,39.33000183105469,38.900001525878906,38.970001220703125,38.57697296142578,1892000
2024-05-28,38.9900016784668,39.220001220703125,38.72999954223633,38.790000915527344,38.39878845214844,2270600
2024-05-29,38.5099983215332,38.689998626708984,38.349998474121094,38.529998779296875,38.14140701293945,1970600
2024-05-30,38.720001220703125,39.060001373291016,38.58000183105469,38.9900016784668,38.596771240234375,2366100
2024-05-31,39.08000183105469,40.310001373291016,38.93000030517578,40.2599983215332,39.85395812988281,4458000
2024-06-03,40.11000061035156,40.34000015258789,39.75,40.16999816894531,39.76486587524414,2421900
2024-06-04,40.04999923706055,40.279998779296875,39.72999954223633,40.209999084472656,39.804466247558594,2144200
2024-06-05,40.06999969482422,40.150001525878906,39.40999984741211,39.439998626708984,39.04222869873047,1945300
2024-06-06,39.310001373291016,39.66999816894531,39.029998779296875,39.099998474121094,38.705657958984375,2399000
2024-06-07,38.81999969482422,39.189998626708984,38.709999084472656,38.81999969482422,38.42848587036133,1768900
2024-06-10,38.70000076293945,39.029998779296875,38.5099983215332,38.93000030517578,38.537376403808594,2576300
2024-06-11,38.630001068115234,39.0,38.47999954223633,38.81999969482422,38.42848587036133,1995400
2024-06-12,39.16999816894531,39.16999816894531,38.52000045776367,38.650001525878906,38.26020050048828,2265700
2024-06-13,38.70000076293945,38.880001068115234,38.310001373291016,38.68000030517578,38.28989791870117,1511900
2024-06-14,38.5,38.84000015258789,38.369998931884766,38.77000045776367,38.378990173339844,1783900
2024-06-17,38.439998626708984,38.66999816894531,38.209999084472656,38.2400016784668,37.85433578491211,1864600
2024-06-18,38.13999938964844,38.459999084472656,38.09000015258789,38.16999816894531,37.785037994384766,1980300
2024-06-20,38.09000015258789,38.47999954223633,38.0,38.22999954223633,37.84443283081055,1765200
2024-06-21,38.220001220703125,38.63999938964844,38.099998474121094,38.27000045776367,37.884033203125,5179400
2024-06-24,38.27000045776367,38.959999084472656,38.15999984741211,38.5,38.11171340942383,3158900
2024-06-25,38.5,38.529998779296875,38.189998626708984,38.380001068115234,37.992923736572266,2439500
2024-06-26,38.189998626708984,38.619998931884766,38.029998779296875,38.540000915527344,38.151309967041016,2066900
2024-06-27,38.5099983215332,38.68000030517578,38.33000183105469,38.529998779296875,38.14140701293945,2408200
2024-06-28,38.630001068115234,38.66999816894531,38.130001068115234,38.27000045776367,37.884033203125,4419300
2024-07-01,38.529998779296875,38.79999923706055,38.150001525878906,38.310001373291016,37.92362976074219,2173300
2024-07-02,38.439998626708984,38.52000045776367,38.06999969482422,38.25,37.864234924316406,4093100
2024-07-03,38.349998474121094,38.58000183105469,38.2400016784668,38.439998626708984,38.05231475830078,1249400
2024-07-05,38.439998626708984,38.68000030517578,38.2599983215332,38.58000183105469,38.1909065246582,1827700
2024-07-08,38.59000015258789,38.709999084472656,38.41999816894531,38.59000015258789,38.2008056640625,2012300
2024-07-09,38.54999923706055,38.81999969482422,38.34000015258789,38.650001525878906,38.26020050048828,2034100
2024-07-10,38.81999969482422,38.959999084472656,38.560001373291016,38.91999816894531,38.52747344970703,2484500
2024-07-11,39.08000183105469,39.599998474121094,38.959999084472656,39.470001220703125,39.071929931640625,2562000
2024-07-12,39.619998931884766,39.81999969482422,39.34000015258789,39.52000045776367,39.12142562866211,2954200
2024-07-15,39.22999954223633,39.380001068115234,38.83000183105469,38.86000061035156,38.468082427978516,2200400
2024-07-16,38.93000030517578,39.15999984741211,38.790000915527344,38.970001220703125,38.57697296142578,2205100
2024-07-17,39.09000015258789,39.880001068115234,39.04999923706055,39.5,39.101627349853516,2859200
2024-07-18,39.22999954223633,39.90999984741211,39.209999084472656,39.459999084472656,39.06203079223633,2302300
2024-07-19,39.65999984741211,39.709999084472656,39.2400016784668,39.59000015258789,39.19071960449219,2004200
2024-07-22,39.650001525878906,39.84000015258789,39.5,39.79999923706055,39.39860153198242,1393500
2024-07-23,39.83000183105469,39.959999084472656,39.61000061035156,39.880001068115234,39.4777946472168,1786400
2024-07-24,40.08000183105469,40.52000045776367,39.880001068115234,40.41999816894531,40.01234436035156,2417200
2024-07-25,40.619998931884766,41.04999923706055,40.220001220703125,40.45000076293945,40.04204559326172,3091800
2024-07-26,40.59000015258789,41.04999923706055,40.529998779296875,40.939998626708984,40.527103424072266,2054200
2024-07-29,41.0099983215332,41.59000015258789,40.86000061035156,41.52000045776367,41.101253509521484,3114600
2024-07-30,41.38999938964844,41.900001525878906,41.290000915527344,41.79999923706055,41.3784294128418,3958700
2024-07-31,42.06999969482422,42.13999938964844,41.36000061035156,41.90999984741211,41.48731994628906,4662200
2024-08-01,42.189998626708984,42.79999923706055,42.130001068115234,42.720001220703125,42.289154052734375,3223600
2024-08-02,43.25,43.650001525878906,42.189998626708984,42.68000030517578,42.24955368041992,4172300
2024-08-05,43.0099983215332,43.15999984741211,41.84000015258789,41.880001068115234,41.45762252807617,4581100
2024-08-06,41.91999816894531,42.65999984741211,41.88999938964844,42.13999938964844,41.71500015258789,3439300
2024-08-07,41.84000015258789,42.380001068115234,41.66999816894531,41.90999984741211,41.90999984741211,3282300
2024-08-08,41.720001220703125,42.16999816894531,41.54999923706055,41.88999938964844,41.88999938964844,3422900
2024-08-09,41.939998626708984,42.04999923706055,41.43000030517578,41.970001220703125,41.970001220703125,2887200
2024-08-12,41.970001220703125,42.209999084472656,41.84000015258789,42.20000076293945,42.20000076293945,2564200
2024-08-13,42.279998779296875,42.43000030517578,41.88999938964844,42.290000915527344,42.290000915527344,2631200
2024-08-14,42.20000076293945,42.54999923706055,41.84000015258789,42.279998779296875,42.279998779296875,2397800
2024-08-15,41.869998931884766,42.4900016784668,41.70000076293945,42.31999969482422,42.31999969482422,3146600
2024-08-16,42.5,42.72999954223633,42.310001373291016,42.56999969482422,42.56999969482422,2524200
2024-08-19,42.65999984741211,42.91999816894531,42.52000045776367,42.86000061035156,42.86000061035156,2209000
2024-08-20,42.869998931884766,43.2599983215332,42.869998931884766,43.189998626708984,43.189998626708984,3136200
2024-08-21,43.189998626708984,43.40999984741211,43.099998474121094,43.18000030517578,43.18000030517578,2008500
2024-08-22,43.20000076293945,43.310001373291016,42.9900016784668,43.20000076293945,43.20000076293945,1788400
2024-08-23,43.380001068115234,43.439998626708984,43.09000015258789,43.189998626708984,43.189998626708984,1492100
2024-08-26,43.27000045776367,43.599998474121094,43.209999084472656,43.41999816894531,43.41999816894531,1668300
2024-08-27,43.36000061035156,43.540000915527344,43.09000015258789,43.18000030517578,43.18000030517578,1577800
2024-08-28,43.369998931884766,43.84000015258789,43.29999923706055,43.779998779296875,43.779998779296875,2430000
2024-08-29,43.849998474121094,43.95000076293945,43.290000915527344,43.61000061035156,43.61000061035156,2549400
2024-08-30,43.689998626708984,44.06999969482422,43.63999938964844,43.91999816894531,43.91999816894531,2882500
2024-09-03,43.970001220703125,44.5099983215332,43.81999969482422,44.310001373291016,44.310001373291016,2392500
2024-09-04,44.43000030517578,44.79999923706055,44.25,44.540000915527344,44.540000915527344,2242700
2024-09-05,44.83000183105469,44.970001220703125,44.349998474121094,44.470001220703125,44.470001220703125,2978500
2024-09-06,44.54999923706055,44.61000061035156,44.130001068115234,44.189998626708984,44.189998626708984,2108400
2024-09-09,44.20000076293945,44.47999954223633,44.06999969482422,44.47999954223633,44.47999954223633,2750000
2024-09-10,44.5099983215332,44.61000061035156,44.13999938964844,44.27000045776367,44.27000045776367,2005100
2024-09-11,44.18000030517578,44.209999084472656,43.81999969482422,44.150001525878906,44.150001525878906,2262500
2024-09-12,44.220001220703125,44.400001525878906,43.900001525878906,44.060001373291016,44.060001373291016,2225200
2024-09-13,44.060001373291016,44.52000045776367,43.869998931884766,44.470001220703125,44.470001220703125,2443500
2024-09-16,44.68000030517578,44.779998779296875,44.150001525878906,44.34000015258789,44.34000015258789,2656200
2024-09-17,44.220001220703125,44.279998779296875,43.5,43.689998626708984,43.689998626708984,6515100
2024-09-18,43.70000076293945,43.95000076293945,43.22999954223633,43.4900016784668,43.4900016784668,4111400
2024-09-19,43.25,43.38999938964844,42.939998626708984,43.22999954223633,43.22999954223633,3047700
2024-09-20,43.4900016784668,44.06999969482422,43.189998626708984,44.0,44.0,7857200
2024-09-23,44.220001220703125,44.25,43.86000061035156,44.029998779296875,44.029998779296875,3191700
2024-09-24,43.88999938964844,44.369998931884766,43.540000915527344,43.650001525878906,43.650001525878906,2381600
2024-09-25,43.720001220703125,43.90999984741211,43.47999954223633,43.790000915527344,43.790000915527344,2666700
2024-09-26,43.540000915527344,43.88999938964844,43.439998626708984,43.61000061035156,43.61000061035156,2268100
2024-09-27,43.849998474121094,44.150001525878906,43.66999816894531,44.04999923706055,44.04999923706055,2271100
2024-09-30,44.2599983215332,44.439998626708984,44.0099983215332,44.349998474121094,44.349998474121094,2852200
2024-10-01,44.470001220703125,44.58000183105469,44.2400016784668,44.5099983215332,44.5099983215332,2336600
2024-10-02,44.189998626708984,44.40999984741211,43.95000076293945,44.04999923706055,44.04999923706055,3774000
2024-10-03,44.13999938964844,44.13999938964844,43.400001525878906,43.41999816894531,43.41999816894531,4031600
2024-10-04,42.88999938964844,43.5099983215332,42.77000045776367,43.459999084472656,43.459999084472656,2998800
2024-10-07,43.27000045776367,43.33000183105469,42.83000183105469,42.869998931884766,42.869998931884766,3343600
2024-10-08,43.099998474121094,43.20000076293945,42.709999084472656,42.72999954223633,42.72999954223633,2323500
2024-10-09,42.790000915527344,42.91999816894531,42.36000061035156,42.54999923706055,42.54999923706055,2514700
2024-10-10,42.650001525878906,42.869998931884766,42.20000076293945,42.33000183105469,42.33000183105469,2049800
2024-10-11,42.400001525878906,42.869998931884766,42.349998474121094,42.709999084472656,42.709999084472656,2053600
2024-10-14,42.75,43.220001220703125,42.75,43.16999816894531,43.16999816894531,1968400
2024-10-15,43.400001525878906,43.869998931884766,43.29999923706055,43.5,43.5,2315900
2024-10-16,43.599998474121094,43.97999954223633,43.529998779296875,43.900001525878906,43.900001525878906,3053500
2024-10-17,43.95000076293945,43.95000076293945,43.439998626708984,43.4900016784668,43.4900016784668,2598700
2024-10-18,43.4900016784668,43.86000061035156,43.29999923706055,43.65999984741211,43.65999984741211,2096800
2024-10-21,43.7599983215332,43.97999954223633,43.38999938964844,43.70000076293945,43.70000076293945,2096700
2024-10-22,43.560001373291016,43.880001068115234,43.29999923706055,43.84000015258789,43.84000015258789,2101700
2024-10-23,43.709999084472656,44.279998779296875,43.66999816894531,44.27000045776367,44.27000045776367,2503100
