Date,Open,High,Low,Close,Adj Close,Volume
1998-05-20,21.125,21.125,21.125,21.125,8.379873275756836,0
1998-05-21,21.125,21.125,21.125,21.125,8.379873275756836,0
1998-05-22,21.125,21.125,21.125,21.125,8.379873275756836,0
1998-05-26,21.125,21.125,21.125,21.125,8.379873275756836,0
1998-05-27,21.125,21.125,21.125,21.125,8.379873275756836,0
1998-05-28,20.5,21.0,20.5,21.0,8.330280303955078,400
1998-05-29,21.0,21.0,21.0,21.0,8.330280303955078,0
1998-06-01,20.5,20.625,20.5,20.625,8.18152904510498,800
1998-06-02,20.625,20.625,20.625,20.625,8.18152904510498,0
1998-06-03,20.625,20.625,20.625,20.625,8.18152904510498,0
1998-06-04,21.25,21.25,21.25,21.25,8.429454803466797,400
1998-06-05,21.25,21.25,21.25,21.25,8.429454803466797,0
1998-06-08,21.25,21.25,21.25,21.25,8.429454803466797,0
1998-06-09,21.25,21.25,21.25,21.25,8.429454803466797,0
1998-06-10,21.25,21.25,21.25,21.25,8.429454803466797,0
1998-06-11,21.25,21.25,21.25,21.25,8.429454803466797,0
1998-06-12,21.25,21.25,21.25,21.25,8.429454803466797,0
1998-06-15,21.25,21.25,21.25,21.25,8.429454803466797,0
1998-06-16,21.25,21.25,21.25,21.25,8.429454803466797,0
1998-06-17,20.5,21.0,20.5,21.0,8.330280303955078,1600
1998-06-18,21.0,21.0,21.0,21.0,8.330280303955078,0
1998-06-19,21.0,21.0,21.0,21.0,8.330280303955078,0
1998-06-22,20.5,20.5,20.5,20.5,8.131945610046387,400
1998-06-23,20.5,20.5,20.5,20.5,8.131945610046387,0
1998-06-24,21.0,21.0,21.0,21.0,8.330280303955078,400
1998-06-25,21.0,21.0,21.0,21.0,8.330280303955078,0
1998-06-26,21.0,21.0,21.0,21.0,8.330280303955078,0
1998-06-29,21.0,21.0,21.0,21.0,8.330280303955078,0
1998-06-30,21.0,21.0,21.0,21.0,8.330280303955078,0
1998-07-01,21.0,21.0,21.0,21.0,8.330280303955078,0
1998-07-02,21.0,21.0,21.0,21.0,8.330280303955078,0
1998-07-06,21.0,21.0,21.0,21.0,8.330280303955078,0
1998-07-07,21.0,21.0,21.0,21.0,8.330280303955078,0
1998-07-08,21.0,21.0,21.0,21.0,8.330280303955078,0
1998-07-09,21.0,21.0,21.0,21.0,8.330280303955078,0
1998-07-10,21.0,21.0,21.0,21.0,8.330280303955078,0
1998-07-13,21.0,21.0,21.0,21.0,8.330280303955078,0
1998-07-14,20.5,20.75,20.5,20.75,8.231112480163574,2400
1998-07-15,20.75,20.75,20.75,20.75,8.231112480163574,0
1998-07-16,20.75,20.75,20.75,20.75,8.231112480163574,0
1998-07-17,20.75,20.75,20.75,20.75,8.231112480163574,0
1998-07-20,20.75,20.75,20.75,20.75,8.231112480163574,0
1998-07-21,20.75,20.75,20.75,20.75,8.231112480163574,0
1998-07-22,20.75,20.75,20.75,20.75,8.231112480163574,0
1998-07-23,20.75,20.75,20.75,20.75,8.231112480163574,0
1998-07-24,20.75,20.75,20.75,20.75,8.231112480163574,0
1998-07-27,20.75,20.75,20.75,20.75,8.231112480163574,0
1998-07-28,20.75,20.75,20.75,20.75,8.231112480163574,0
1998-07-29,20.75,20.75,20.75,20.75,8.231112480163574,0
1998-07-30,20.75,20.75,20.75,20.75,8.231112480163574,0
1998-07-31,20.75,20.75,20.75,20.75,8.231112480163574,0
1998-08-03,20.75,20.75,20.75,20.75,8.231112480163574,0
1998-08-04,20.75,20.75,20.75,20.75,8.231112480163574,0
1998-08-05,20.75,20.75,20.75,20.75,8.231112480163574,0
1998-08-06,20.75,20.75,20.75,20.75,8.231112480163574,0
1998-08-07,20.75,20.75,20.75,20.75,8.231112480163574,0
1998-08-10,20.625,20.625,20.625,20.625,8.18152904510498,400
1998-08-11,21.125,21.125,21.125,21.125,8.379873275756836,200
1998-08-12,21.125,21.125,21.125,21.125,8.379873275756836,0
1998-08-13,21.125,21.125,21.125,21.125,8.379873275756836,0
1998-08-14,21.125,21.125,21.125,21.125,8.379873275756836,0
1998-08-17,21.125,21.125,21.125,21.125,8.379873275756836,0
1998-08-18,21.125,21.125,21.125,21.125,8.379873275756836,0
1998-08-19,21.125,21.125,21.125,21.125,8.379873275756836,0
1998-08-20,21.125,21.125,21.125,21.125,8.379873275756836,0
1998-08-21,21.125,21.125,21.125,21.125,8.379873275756836,0
1998-08-24,21.125,21.125,21.125,21.125,8.379873275756836,0
1998-08-25,21.25,21.25,20.625,21.25,8.429454803466797,4600
1998-08-26,21.25,21.25,21.25,21.25,8.429454803466797,0
1998-08-27,21.25,21.25,21.25,21.25,8.429454803466797,0
1998-08-28,21.25,21.25,21.25,21.25,8.429454803466797,0
1998-08-31,21.25,21.25,21.25,21.25,8.429454803466797,0
1998-09-01,21.25,21.25,21.25,21.25,8.429454803466797,0
1998-09-02,21.25,21.25,21.25,21.25,8.429454803466797,0
1998-09-03,21.25,21.25,21.25,21.25,8.429454803466797,0
1998-09-04,21.25,21.25,21.25,21.25,8.429454803466797,0
1998-09-08,20.625,21.0,20.625,20.625,8.18152904510498,1400
1998-09-09,20.625,20.625,20.625,20.625,8.18152904510498,0
1998-09-10,20.625,20.625,20.625,20.625,8.18152904510498,0
1998-09-11,20.625,20.625,20.625,20.625,8.18152904510498,0
1998-09-14,20.625,20.625,20.625,20.625,8.18152904510498,0
1998-09-15,20.625,20.625,20.625,20.625,8.18152904510498,0
1998-09-16,20.625,20.625,20.625,20.625,8.18152904510498,0
1998-09-17,20.625,20.625,20.625,20.625,8.18152904510498,0
1998-09-18,20.625,20.625,20.625,20.625,8.18152904510498,0
1998-09-21,20.625,20.625,20.625,20.625,8.18152904510498,0
1998-09-22,20.625,20.625,20.625,20.625,8.18152904510498,0
1998-09-23,20.625,20.625,20.625,20.625,8.18152904510498,0
1998-09-24,20.625,20.625,20.625,20.625,8.18152904510498,0
1998-09-25,20.625,20.625,20.625,20.625,8.18152904510498,0
1998-09-28,20.625,20.625,20.625,20.625,8.18152904510498,0
1998-09-29,20.625,20.625,20.625,20.625,8.18152904510498,0
1998-09-30,20.625,20.625,20.625,20.625,8.18152904510498,0
1998-10-01,20.625,20.625,20.625,20.625,8.18152904510498,1000
1998-10-02,20.0,20.5,20.0,20.5,8.131945610046387,5000
1998-10-05,20.0,20.625,20.0,20.625,8.18152904510498,1200
1998-10-06,20.625,20.625,20.625,20.625,8.18152904510498,800
1998-10-07,20.625,20.625,20.625,20.625,8.18152904510498,0
1998-10-08,20.625,20.625,20.625,20.625,8.18152904510498,0
1998-10-09,20.625,20.625,20.625,20.625,8.18152904510498,0
1998-10-12,20.625,20.625,20.625,20.625,8.18152904510498,0
1998-10-13,20.0,20.625,20.0,20.625,8.18152904510498,2000
1998-10-14,20.0,20.625,20.0,20.0,7.933602333068848,1800
1998-10-15,20.0,20.0,20.0,20.0,7.933602333068848,0
1998-10-16,20.0,20.0,20.0,20.0,7.933602333068848,0
1998-10-19,20.0,20.0,20.0,20.0,7.933602333068848,0
1998-10-20,20.0,20.0,20.0,20.0,7.933602333068848,0
1998-10-21,20.0,20.0,20.0,20.0,7.933602333068848,0
1998-10-22,20.0,20.0,20.0,20.0,7.933602333068848,0
1998-10-23,20.0,20.0,20.0,20.0,7.933602333068848,0
1998-10-26,20.0,20.0,20.0,20.0,7.933602333068848,0
1998-10-27,20.0,20.0,20.0,20.0,7.933602333068848,0
1998-10-28,20.625,20.625,20.625,20.625,8.18152904510498,600
1998-10-29,20.625,20.625,20.625,20.625,8.18152904510498,0
1998-10-30,20.625,20.625,20.625,20.625,8.18152904510498,0
1998-11-02,20.625,20.625,20.625,20.625,8.18152904510498,0
1998-11-03,20.625,20.625,20.625,20.625,8.18152904510498,0
1998-11-04,20.625,20.625,20.625,20.625,8.18152904510498,0
1998-11-05,20.625,20.625,20.625,20.625,8.18152904510498,0
1998-11-06,20.625,20.625,20.625,20.625,8.18152904510498,0
1998-11-09,20.625,20.625,20.625,20.625,8.18152904510498,0
1998-11-10,20.625,20.625,20.625,20.625,8.18152904510498,0
1998-11-11,20.625,20.625,20.625,20.625,8.18152904510498,0
1998-11-12,20.625,20.625,20.625,20.625,8.18152904510498,0
1998-11-13,20.625,20.625,20.625,20.625,8.18152904510498,0
1998-11-16,20.625,20.625,20.625,20.625,8.18152904510498,0
1998-11-17,20.625,20.625,20.625,20.625,8.18152904510498,0
1998-11-18,20.625,20.625,20.625,20.625,8.18152904510498,0
1998-11-19,20.625,20.625,20.625,20.625,8.18152904510498,0
1998-11-20,20.625,20.625,20.625,20.625,8.18152904510498,0
1998-11-23,20.625,20.625,20.625,20.625,8.18152904510498,0
1998-11-24,20.625,20.625,20.625,20.625,8.18152904510498,0
1998-11-25,20.625,20.625,20.625,20.625,8.18152904510498,0
1998-11-27,20.625,20.625,20.625,20.625,8.18152904510498,0
1998-11-30,20.625,20.625,20.625,20.625,8.18152904510498,0
1998-12-01,20.625,20.625,20.625,20.625,8.18152904510498,0
1998-12-02,20.625,20.625,20.625,20.625,8.18152904510498,0
1998-12-03,20.625,20.625,20.625,20.625,8.18152904510498,0
1998-12-04,20.625,20.625,20.625,20.625,8.18152904510498,0
1998-12-07,20.625,20.625,20.625,20.625,8.18152904510498,0
1998-12-08,20.625,20.625,20.625,20.625,8.18152904510498,0
1998-12-09,20.625,20.625,20.625,20.625,8.18152904510498,0
1998-12-10,20.625,20.625,20.625,20.625,8.18152904510498,0
1998-12-11,20.625,20.625,20.625,20.625,8.18152904510498,0
1998-12-14,20.125,20.125,20.125,20.125,7.983190059661865,400
1998-12-15,20.125,20.125,20.125,20.125,7.983190059661865,0
1998-12-16,21.0,21.0,21.0,21.0,8.330280303955078,600
1998-12-17,21.0,21.0,21.0,21.0,8.330280303955078,0
1998-12-18,21.0,21.0,21.0,21.0,8.330280303955078,0
1998-12-21,21.0,21.0,21.0,21.0,8.330280303955078,0
1998-12-22,21.0,21.0,21.0,21.0,8.330280303955078,600
1998-12-23,21.0,21.0,21.0,21.0,8.330280303955078,0
1998-12-24,21.0,21.0,21.0,21.0,8.330280303955078,0
1998-12-28,21.0,21.0,21.0,21.0,8.330280303955078,0
1998-12-29,21.0,21.0,21.0,21.0,8.330280303955078,0
1998-12-30,21.0,21.0,21.0,21.0,8.330280303955078,0
1998-12-31,21.0,21.0,21.0,21.0,8.330280303955078,0
1999-01-04,21.0,21.0,21.0,21.0,8.330280303955078,0
1999-01-05,21.0,21.0,21.0,21.0,8.330280303955078,0
1999-01-06,21.0,21.0,21.0,21.0,8.330280303955078,0
1999-01-07,21.0,21.0,21.0,21.0,8.330280303955078,0
1999-01-08,21.0,21.0,21.0,21.0,8.330280303955078,0
1999-01-11,21.0,21.0,21.0,21.0,8.330280303955078,0
1999-01-12,21.0,21.0,21.0,21.0,8.330280303955078,0
1999-01-13,21.0,21.0,21.0,21.0,8.330280303955078,0
1999-01-14,20.25,20.75,20.25,20.75,8.231112480163574,8200
1999-01-15,20.0,20.0,20.0,20.0,7.933602333068848,400
1999-01-19,20.75,20.75,20.75,20.75,8.231112480163574,400
1999-01-20,20.75,20.75,20.75,20.75,8.231112480163574,0
1999-01-21,20.75,20.75,20.75,20.75,8.231112480163574,0
1999-01-22,20.75,20.75,20.75,20.75,8.231112480163574,0
1999-01-25,20.75,20.75,20.75,20.75,8.231112480163574,0
1999-01-26,20.75,20.75,20.75,20.75,8.231112480163574,0
1999-01-27,20.75,20.75,20.75,20.75,8.231112480163574,0
1999-01-28,20.75,20.75,20.75,20.75,8.231112480163574,0
1999-01-29,20.75,20.75,20.75,20.75,8.231112480163574,0
1999-02-01,21.0,21.0,21.0,21.0,8.330280303955078,200
1999-02-02,21.0,21.0,21.0,21.0,8.330280303955078,0
1999-02-03,21.0,21.0,21.0,21.0,8.330280303955078,0
1999-02-04,21.0,21.0,21.0,21.0,8.330280303955078,0
1999-02-05,21.0,21.0,21.0,21.0,8.330280303955078,0
1999-02-08,20.25,20.75,20.25,20.75,8.231112480163574,1000
1999-02-09,20.75,20.75,20.75,20.75,8.231112480163574,0
1999-02-10,20.75,20.75,20.75,20.75,8.231112480163574,0
1999-02-11,20.75,20.75,20.75,20.75,8.231112480163574,0
1999-02-12,20.75,20.75,20.75,20.75,8.231112480163574,0
1999-02-16,21.25,21.25,21.25,21.25,8.429454803466797,200
1999-02-17,21.25,21.25,21.25,21.25,8.429454803466797,0
1999-02-18,21.25,21.25,21.25,21.25,8.429454803466797,0
1999-02-19,21.25,21.25,21.25,21.25,8.429454803466797,0
1999-02-22,21.5,21.5,21.0,21.0,8.330280303955078,800
1999-02-23,21.0,21.0,21.0,21.0,8.330280303955078,0
1999-02-24,21.0,21.0,21.0,21.0,8.330280303955078,0
1999-02-25,21.0,21.0,21.0,21.0,8.330280303955078,0
1999-02-26,21.0,21.0,21.0,21.0,8.330280303955078,0
1999-03-01,21.0,21.0,21.0,21.0,8.330280303955078,0
1999-03-02,21.0,21.0,21.0,21.0,8.330280303955078,0
1999-03-03,21.0,21.0,21.0,21.0,8.330280303955078,0
1999-03-04,21.0,21.0,21.0,21.0,8.330280303955078,0
1999-03-05,21.0,21.0,21.0,21.0,8.330280303955078,0
1999-03-08,21.0,21.0,21.0,21.0,8.330280303955078,0
1999-03-09,21.0,21.0,21.0,21.0,8.330280303955078,0
1999-03-10,20.375,21.0,20.375,21.0,8.330280303955078,800
1999-03-11,21.0,21.0,21.0,21.0,8.330280303955078,0
1999-03-12,21.0,21.0,21.0,21.0,8.330280303955078,0
1999-03-15,21.0,21.0,21.0,21.0,8.330280303955078,0
1999-03-16,21.0,21.0,21.0,21.0,8.330280303955078,0
1999-03-17,21.0,21.0,21.0,21.0,8.330280303955078,0
1999-03-18,21.0,21.0,21.0,21.0,8.330280303955078,0
1999-03-19,21.0,21.0,21.0,21.0,8.330280303955078,0
1999-03-22,21.0,21.0,21.0,21.0,8.330280303955078,0
1999-03-23,21.0,21.0,21.0,21.0,8.330280303955078,0
1999-03-24,21.0,21.0,21.0,21.0,8.330280303955078,0
1999-03-25,21.0,21.0,21.0,21.0,8.330280303955078,0
1999-03-26,21.0,21.0,21.0,21.0,8.330280303955078,0
1999-03-29,21.0,21.0,21.0,21.0,8.330280303955078,0
1999-03-30,21.0,21.0,21.0,21.0,8.330280303955078,0
1999-03-31,21.0,21.0,21.0,21.0,8.330280303955078,0
1999-04-01,21.0,21.0,21.0,21.0,8.330280303955078,0
1999-04-05,21.0,21.0,21.0,21.0,8.330280303955078,0
1999-04-06,21.0,21.0,21.0,21.0,8.330280303955078,0
1999-04-07,21.0,21.0,21.0,21.0,8.330280303955078,0
1999-04-08,23.0,23.0,23.0,23.0,9.12364387512207,800
1999-04-09,23.0,23.0,23.0,23.0,9.12364387512207,0
1999-04-12,23.0,23.0,23.0,23.0,9.12364387512207,0
1999-04-13,23.0,23.0,23.0,23.0,9.12364387512207,0
1999-04-14,23.0,23.0,23.0,23.0,9.12364387512207,0
1999-04-15,23.0,23.0,23.0,23.0,9.12364387512207,0
1999-04-16,23.0,23.0,23.0,23.0,9.12364387512207,0
1999-04-19,23.0,23.0,23.0,23.0,9.12364387512207,0
1999-04-20,23.0,23.0,23.0,23.0,9.12364387512207,0
1999-04-21,23.0,23.0,23.0,23.0,9.12364387512207,0
1999-04-22,23.0,23.0,23.0,23.0,9.12364387512207,0
1999-04-23,23.0,23.0,23.0,23.0,9.12364387512207,0
1999-04-26,23.0,23.0,23.0,23.0,9.12364387512207,0
1999-04-27,21.25,21.5,21.25,21.5,8.528626441955566,11900
1999-04-28,21.5,21.5,21.5,21.5,8.528626441955566,0
1999-04-29,21.5,21.5,21.5,21.5,8.528626441955566,0
1999-04-30,21.25,21.5,21.25,21.5,8.528626441955566,2000
1999-05-03,21.5,21.5,21.5,21.5,8.528626441955566,0
1999-05-04,21.5,21.5,21.5,21.5,8.528626441955566,0
1999-05-05,21.5,21.5,21.5,21.5,8.528626441955566,0
1999-05-06,21.5,21.5,21.5,21.5,8.528626441955566,0
1999-05-07,21.5,21.5,21.5,21.5,8.528626441955566,0
1999-05-10,22.0,22.0,22.0,22.0,8.72696304321289,200
1999-05-11,22.0,22.0,22.0,22.0,8.72696304321289,0
1999-05-12,22.0,22.0,22.0,22.0,8.72696304321289,0
1999-05-13,22.0,22.0,22.0,22.0,8.72696304321289,0
1999-05-14,22.0,22.0,22.0,22.0,8.72696304321289,0
1999-05-17,22.0,22.0,22.0,22.0,8.72696304321289,0
1999-05-18,22.0,22.0,22.0,22.0,8.72696304321289,0
1999-05-19,22.0,22.0,22.0,22.0,8.72696304321289,0
1999-05-20,22.0,22.0,22.0,22.0,8.72696304321289,0
1999-05-21,22.0,22.0,22.0,22.0,8.72696304321289,0
1999-05-24,21.0,21.0,21.0,21.0,8.330280303955078,500
1999-05-25,21.0,21.0,21.0,21.0,8.330280303955078,0
1999-05-26,21.0,21.0,21.0,21.0,8.330280303955078,0
1999-05-27,21.0,21.0,21.0,21.0,8.330280303955078,0
1999-05-28,21.0,21.0,21.0,21.0,8.330280303955078,0
1999-06-01,21.0,21.0,21.0,21.0,8.330280303955078,0
1999-06-02,20.0,21.0,20.0,21.0,8.330280303955078,2000
1999-06-03,19.875,21.0,19.875,20.0,7.933602333068848,2500
1999-06-04,20.0,20.0,20.0,20.0,7.933602333068848,0
1999-06-07,20.0,20.0,20.0,20.0,7.933602333068848,0
1999-06-08,21.0,21.0,20.0,20.0,7.933602333068848,2500
1999-06-09,19.875,21.0,19.875,21.0,8.330280303955078,7500
1999-06-10,20.0,21.5,20.0,21.5,8.528626441955566,2100
1999-06-11,21.5,21.5,21.5,21.5,8.528626441955566,400
1999-06-14,21.5,21.5,21.5,21.5,8.528626441955566,0
1999-06-15,20.25,20.25,20.25,20.25,8.032776832580566,1000
1999-06-16,20.25,20.25,20.25,20.25,8.032776832580566,0
1999-06-17,20.25,20.25,20.25,20.25,8.032776832580566,0
1999-06-18,20.25,20.25,20.25,20.25,8.032776832580566,0
1999-06-21,20.5,20.5,20.5,20.5,8.131945610046387,200
1999-06-22,20.5,20.5,20.5,20.5,8.131945610046387,0
1999-06-23,21.0,21.0,21.0,21.0,8.330280303955078,1400
1999-06-24,21.0,21.0,21.0,21.0,8.330280303955078,0
1999-06-25,21.0,21.0,21.0,21.0,8.330280303955078,0
1999-06-28,21.0,21.0,21.0,21.0,8.330280303955078,0
1999-06-29,21.0,21.0,21.0,21.0,8.330280303955078,0
1999-06-30,21.0,21.0,21.0,21.0,8.330280303955078,0
1999-07-01,21.0,21.0,21.0,21.0,8.330280303955078,0
1999-07-02,21.0,21.0,21.0,21.0,8.330280303955078,0
1999-07-06,21.0,21.0,21.0,21.0,8.330280303955078,0
1999-07-07,20.25,20.25,20.25,20.25,8.032776832580566,400
1999-07-08,20.0,20.0,20.0,20.0,7.933602333068848,4000
1999-07-09,20.0,20.125,19.875,20.125,7.983190059661865,8200
1999-07-12,20.125,20.125,20.125,20.125,7.983190059661865,0
1999-07-13,20.125,20.125,20.125,20.125,7.983190059661865,0
1999-07-14,20.125,20.125,20.125,20.125,7.983190059661865,0
1999-07-15,20.0,20.0,20.0,20.0,7.933602333068848,400
1999-07-16,21.0,21.25,20.0,21.25,8.429454803466797,1900
1999-07-19,21.0,21.0,21.0,21.0,8.330280303955078,1000
1999-07-20,21.5,21.5,21.0,21.0,8.330280303955078,1300
1999-07-21,21.0,21.0,21.0,21.0,8.330280303955078,0
1999-07-22,21.0,21.0,21.0,21.0,8.330280303955078,0
1999-07-23,21.25,21.25,21.0,21.0,8.330280303955078,900
1999-07-26,21.0,21.0,21.0,21.0,8.330280303955078,0
1999-07-27,22.0,22.0,20.125,20.125,7.983190059661865,900
1999-07-28,20.125,20.125,20.125,20.125,7.983190059661865,0
1999-07-29,21.375,21.375,21.375,21.375,8.47904109954834,1700
1999-07-30,21.375,21.375,21.375,21.375,8.47904109954834,0
1999-08-02,20.25,20.25,20.25,20.25,8.032776832580566,1800
1999-08-03,20.25,20.25,20.25,20.25,8.032776832580566,0
1999-08-04,20.25,20.25,20.25,20.25,8.032776832580566,0
1999-08-05,20.25,20.25,20.25,20.25,8.032776832580566,0
1999-08-06,21.25,21.25,21.25,21.25,8.429454803466797,500
1999-08-09,21.25,21.25,21.25,21.25,8.429454803466797,0
1999-08-10,21.25,21.25,21.25,21.25,8.429454803466797,0
1999-08-11,21.25,21.25,21.25,21.25,8.429454803466797,0
1999-08-12,21.25,21.25,21.25,21.25,8.429454803466797,0
1999-08-13,21.25,21.25,21.25,21.25,8.429454803466797,0
1999-08-16,21.25,21.25,21.25,21.25,8.429454803466797,0
1999-08-17,21.25,21.25,21.25,21.25,8.429454803466797,0
1999-08-18,21.25,21.25,21.25,21.25,8.429454803466797,0
1999-08-19,21.25,21.25,21.25,21.25,8.429454803466797,0
1999-08-20,21.25,21.25,21.25,21.25,8.429454803466797,0
1999-08-23,21.25,21.25,21.25,21.25,8.429454803466797,0
1999-08-24,21.25,21.25,21.25,21.25,8.429454803466797,0
1999-08-25,21.25,21.25,21.25,21.25,8.429454803466797,0
1999-08-26,21.25,21.25,21.25,21.25,8.429454803466797,0
1999-08-27,21.25,21.25,21.25,21.25,8.429454803466797,0
1999-08-30,21.25,21.25,21.25,21.25,8.429454803466797,0
1999-08-31,21.25,21.25,21.25,21.25,8.429454803466797,300
1999-09-01,21.25,21.25,21.25,21.25,8.429454803466797,0
1999-09-02,21.25,21.25,21.25,21.25,8.429454803466797,0
1999-09-03,21.5,21.5,21.5,21.5,8.528626441955566,2000
1999-09-07,21.5,21.5,21.5,21.5,8.528626441955566,0
1999-09-08,21.5,21.5,21.5,21.5,8.528626441955566,0
1999-09-09,21.5,21.5,21.5,21.5,8.528626441955566,0
1999-09-10,21.25,21.25,21.0,21.0,8.330280303955078,2000
1999-09-13,21.0,21.0,21.0,21.0,8.330280303955078,0
1999-09-14,21.0,21.0,21.0,21.0,8.330280303955078,0
1999-09-15,21.0,21.0,21.0,21.0,8.330280303955078,0
1999-09-16,20.75,20.75,20.75,20.75,8.231112480163574,1600
1999-09-17,20.75,20.75,20.75,20.75,8.231112480163574,0
1999-09-20,20.75,20.75,20.75,20.75,8.231112480163574,0
1999-09-21,21.25,21.25,21.25,21.25,8.429454803466797,3900
1999-09-22,21.25,21.25,21.25,21.25,8.429454803466797,0
1999-09-23,21.25,21.25,21.25,21.25,8.429454803466797,0
1999-09-24,21.25,21.25,21.25,21.25,8.429454803466797,0
1999-09-27,20.75,20.75,20.75,20.75,8.231112480163574,7800
1999-09-28,20.75,20.75,20.75,20.75,8.231112480163574,2000
1999-09-29,20.75,20.75,20.75,20.75,8.231112480163574,0
1999-09-30,21.25,21.25,21.25,21.25,8.429454803466797,2200
1999-10-01,21.25,21.25,21.25,21.25,8.429454803466797,7000
1999-10-04,21.25,21.25,21.25,21.25,8.429454803466797,0
1999-10-05,21.25,21.25,21.25,21.25,8.429454803466797,0
1999-10-06,20.75,20.75,20.75,20.75,8.231112480163574,500
1999-10-07,20.75,20.75,20.75,20.75,8.231112480163574,800
1999-10-08,20.75,20.75,20.75,20.75,8.231112480163574,0
1999-10-11,20.75,20.75,20.75,20.75,8.231112480163574,0
1999-10-12,20.75,20.75,20.75,20.75,8.231112480163574,0
1999-10-13,20.75,20.75,20.75,20.75,8.231112480163574,0
1999-10-14,20.75,20.75,20.75,20.75,8.231112480163574,0
1999-10-15,20.75,20.75,20.75,20.75,8.231112480163574,0
1999-10-18,20.75,20.75,20.75,20.75,8.231112480163574,1200
1999-10-19,20.75,20.75,20.75,20.75,8.231112480163574,0
1999-10-20,21.5,21.5,21.5,21.5,8.528626441955566,600
1999-10-21,21.5,21.5,21.5,21.5,8.528626441955566,0
1999-10-22,21.5,21.5,21.5,21.5,8.528626441955566,0
1999-10-25,21.5,21.5,21.5,21.5,8.528626441955566,0
1999-10-26,21.5,21.5,21.5,21.5,8.528626441955566,0
1999-10-27,21.5,21.5,21.5,21.5,8.528626441955566,0
1999-10-28,21.25,21.25,21.25,21.25,8.429454803466797,2300
1999-10-29,21.25,21.25,21.25,21.25,8.429454803466797,0
1999-11-01,21.25,21.25,21.25,21.25,8.429454803466797,300
1999-11-02,21.25,21.25,21.25,21.25,8.429454803466797,0
1999-11-03,21.0,21.0,21.0,21.0,8.330280303955078,300
1999-11-04,21.0,21.0,21.0,21.0,8.330280303955078,0
1999-11-05,21.0,21.0,21.0,21.0,8.330280303955078,0
1999-11-08,21.0,21.0,21.0,21.0,8.330280303955078,0
1999-11-09,21.0,21.0,21.0,21.0,8.330280303955078,0
1999-11-10,21.0,21.0,21.0,21.0,8.330280303955078,0
1999-11-11,21.0,21.0,21.0,21.0,8.330280303955078,0
1999-11-12,21.0,21.0,21.0,21.0,8.330280303955078,0
1999-11-15,21.0,21.0,21.0,21.0,8.330280303955078,0
1999-11-16,20.75,21.25,20.75,21.25,8.429454803466797,5000
1999-11-17,21.25,21.25,21.25,21.25,8.429454803466797,0
1999-11-18,21.25,21.25,21.25,21.25,8.429454803466797,0
1999-11-19,21.25,21.25,21.25,21.25,8.429454803466797,0
1999-11-22,21.25,21.25,21.25,21.25,8.429454803466797,0
1999-11-23,21.25,21.25,21.25,21.25,8.429454803466797,0
1999-11-24,21.25,21.25,21.25,21.25,8.429454803466797,0
1999-11-26,21.25,21.25,21.25,21.25,8.429454803466797,0
1999-11-29,20.75,20.75,20.75,20.75,8.231112480163574,200
1999-11-30,20.75,20.75,20.75,20.75,8.231112480163574,0
1999-12-01,20.75,20.75,20.75,20.75,8.231112480163574,0
1999-12-02,20.75,20.75,20.75,20.75,8.231112480163574,0
1999-12-03,20.75,20.75,20.75,20.75,8.231112480163574,0
1999-12-06,20.75,20.75,20.75,20.75,8.231112480163574,0
1999-12-07,20.75,20.75,20.75,20.75,8.231112480163574,0
1999-12-08,20.875,20.875,20.75,20.75,8.231112480163574,400
1999-12-09,20.75,20.75,20.75,20.75,8.231112480163574,0
1999-12-10,20.75,20.75,20.75,20.75,8.231112480163574,0
1999-12-13,20.75,20.75,20.75,20.75,8.231112480163574,0
1999-12-14,20.75,20.75,20.75,20.75,8.231112480163574,0
1999-12-15,20.0,21.0,20.0,21.0,8.330280303955078,19400
1999-12-16,21.0,21.0,21.0,21.0,8.330280303955078,0
1999-12-17,21.0,21.0,21.0,21.0,8.330280303955078,0
1999-12-20,21.0,21.0,21.0,21.0,8.330280303955078,0
1999-12-21,20.0,20.0,20.0,20.0,7.933602333068848,100
1999-12-22,20.0,20.0,20.0,20.0,7.933602333068848,0
1999-12-23,20.0,20.0,20.0,20.0,7.933602333068848,0
1999-12-27,20.0,21.0,20.0,21.0,8.330280303955078,3300
1999-12-28,20.0,20.0,20.0,20.0,7.933602333068848,500
1999-12-29,20.0,20.0,20.0,20.0,7.933602333068848,200
1999-12-30,20.0,20.0,20.0,20.0,7.933602333068848,0
1999-12-31,21.0,21.5,21.0,21.5,8.528626441955566,3900
2000-01-03,21.5,21.5,21.5,21.5,8.528626441955566,0
2000-01-04,21.5,21.5,21.5,21.5,8.528626441955566,0
2000-01-05,21.5,21.5,21.5,21.5,8.528626441955566,0
2000-01-06,21.5,21.5,21.5,21.5,8.528626441955566,0
2000-01-07,21.5,21.5,21.5,21.5,8.528626441955566,0
2000-01-10,21.5,21.5,21.5,21.5,8.528626441955566,0
2000-01-11,20.75,20.75,20.75,20.75,8.231112480163574,1800
2000-01-12,20.75,20.75,20.75,20.75,8.231112480163574,0
2000-01-13,20.75,20.75,20.75,20.75,8.231112480163574,1000
2000-01-14,20.75,20.75,20.75,20.75,8.231112480163574,0
2000-01-18,20.75,20.75,20.75,20.75,8.231112480163574,0
2000-01-19,20.75,20.75,20.75,20.75,8.231112480163574,0
2000-01-20,20.75,20.75,20.75,20.75,8.231112480163574,0
2000-01-21,21.25,21.5,20.75,20.75,8.231112480163574,6400
2000-01-24,20.75,20.75,20.75,20.75,8.231112480163574,0
2000-01-25,21.0,21.5,21.0,21.25,8.429454803466797,4500
2000-01-26,21.25,21.375,21.25,21.25,8.429454803466797,6000
2000-01-27,21.25,21.75,21.25,21.75,8.62779426574707,22000
2000-01-28,21.75,21.75,21.75,21.75,8.62779426574707,0
2000-01-31,21.25,21.25,21.25,21.25,8.429454803466797,5200
2000-02-01,21.25,21.25,21.25,21.25,8.429454803466797,1000
2000-02-02,21.25,21.25,21.25,21.25,8.429454803466797,1200
2000-02-03,21.25,21.25,21.25,21.25,8.429454803466797,0
2000-02-04,21.25,21.25,21.25,21.25,8.429454803466797,0
2000-02-07,21.25,21.25,21.25,21.25,8.429454803466797,0
2000-02-08,21.75,21.75,21.25,21.25,8.429454803466797,8000
2000-02-09,21.75,21.75,21.75,21.75,8.62779426574707,1000
2000-02-10,21.75,21.75,21.75,21.75,8.62779426574707,0
2000-02-11,21.5,21.5,21.25,21.5,8.528626441955566,8600
2000-02-14,21.5,21.5,21.5,21.5,8.528626441955566,0
2000-02-15,21.5,21.5,21.5,21.5,8.528626441955566,0
2000-02-16,21.5,21.5,21.5,21.5,8.528626441955566,0
2000-02-17,21.5,21.5,21.5,21.5,8.528626441955566,0
2000-02-18,21.5,21.5,21.5,21.5,8.528626441955566,0
2000-02-22,21.5,21.5,21.5,21.5,8.528626441955566,0
2000-02-23,21.5,21.5,21.5,21.5,8.528626441955566,0
2000-02-24,21.5,21.5,21.5,21.5,8.528626441955566,0
2000-02-25,21.5,21.5,21.5,21.5,8.528626441955566,0
2000-02-28,21.5,21.5,21.5,21.5,8.528626441955566,0
2000-02-29,21.5,21.5,21.5,21.5,8.528626441955566,0
2000-03-01,21.5,21.5,21.5,21.5,8.528626441955566,0
2000-03-02,21.5,21.5,21.5,21.5,8.528626441955566,0
2000-03-03,22.0,22.0,21.5,21.5,8.528626441955566,700
2000-03-06,21.5,21.5,21.5,21.5,8.528626441955566,0
2000-03-07,21.75,21.75,20.5,20.5,8.131945610046387,1600
2000-03-08,21.75,21.75,21.75,21.75,8.62779426574707,5000
2000-03-09,21.75,21.75,21.75,21.75,8.62779426574707,0
2000-03-10,21.75,21.75,21.75,21.75,8.62779426574707,0
2000-03-13,21.75,21.75,21.75,21.75,8.62779426574707,0
2000-03-14,21.75,21.75,21.75,21.75,8.62779426574707,0
2000-03-15,20.5,20.5,20.5,20.5,8.131945610046387,100
2000-03-16,20.5,20.5,20.5,20.5,8.131945610046387,0
2000-03-17,20.5,20.5,20.5,20.5,8.131945610046387,700
2000-03-20,20.5,20.5,20.5,20.5,8.131945610046387,0
2000-03-21,20.5,21.0,20.5,21.0,8.330280303955078,6900
2000-03-22,20.5,20.5,20.5,20.5,8.131945610046387,500
2000-03-23,20.5,20.5,20.5,20.5,8.131945610046387,0
2000-03-24,21.25,21.25,21.25,21.25,8.429454803466797,1000
2000-03-27,21.25,21.25,21.25,21.25,8.429454803466797,0
2000-03-28,21.25,21.25,21.25,21.25,8.429454803466797,0
2000-03-29,21.25,21.25,21.25,21.25,8.429454803466797,0
2000-03-30,21.25,21.25,21.25,21.25,8.429454803466797,0
2000-03-31,20.5,20.5,19.0,19.0,7.536925792694092,1600
2000-04-03,19.0,19.0,19.0,19.0,7.536925792694092,0
2000-04-04,19.0,19.0,19.0,19.0,7.536925792694092,0
2000-04-05,19.0,19.0,19.0,19.0,7.536925792694092,0
2000-04-06,19.0,19.0,19.0,19.0,7.536925792694092,0
2000-04-07,19.0,19.0,19.0,19.0,7.536925792694092,200
2000-04-10,19.0,19.0,19.0,19.0,7.536925792694092,0
2000-04-11,19.0,19.0,19.0,19.0,7.536925792694092,0
2000-04-12,19.0,19.0,19.0,19.0,7.536925792694092,0
2000-04-13,19.0,19.0,19.0,19.0,7.536925792694092,0
2000-04-14,20.5,20.5,20.5,20.5,8.131945610046387,1400
2000-04-17,20.5,20.5,20.5,20.5,8.131945610046387,0
2000-04-18,20.5,20.5,20.5,20.5,8.131945610046387,0
2000-04-19,20.5,20.5,20.5,20.5,8.131945610046387,0
2000-04-20,20.5,20.5,20.5,20.5,8.131945610046387,0
2000-04-24,20.5,20.5,20.5,20.5,8.131945610046387,0
2000-04-25,20.5,20.5,20.5,20.5,8.131945610046387,0
2000-04-26,20.5,20.5,20.5,20.5,8.131945610046387,0
2000-04-27,20.5,20.5,20.5,20.5,8.131945610046387,0
2000-04-28,20.5,20.5,20.5,20.5,8.131945610046387,0
2000-05-01,20.5,20.5,20.5,20.5,8.131945610046387,0
2000-05-02,20.5,20.5,20.5,20.5,8.131945610046387,0
2000-05-03,20.5,20.5,20.5,20.5,8.131945610046387,0
2000-05-04,20.5,20.5,20.5,20.5,8.131945610046387,0
2000-05-05,21.25,21.25,21.25,21.25,8.429454803466797,300
2000-05-08,21.0,21.0,21.0,21.0,8.330280303955078,500
2000-05-09,20.75,20.75,20.75,20.75,8.231112480163574,200
2000-05-10,20.375,20.5,20.375,20.5,8.131945610046387,9400
2000-05-11,20.5,20.5,20.5,20.5,8.131945610046387,0
2000-05-12,20.5,20.5,20.5,20.5,8.131945610046387,0
2000-05-15,20.5,20.5,20.5,20.5,8.131945610046387,0
2000-05-16,20.5,20.5,20.5,20.5,8.131945610046387,0
2000-05-17,20.5,20.5,20.5,20.5,8.131945610046387,0
2000-05-18,20.5,20.5,20.5,20.5,8.131945610046387,0
2000-05-19,20.5,20.5,20.5,20.5,8.131945610046387,0
2000-05-22,20.5,20.5,20.5,20.5,8.131945610046387,0
2000-05-23,20.5,20.5,20.5,20.5,8.131945610046387,0
2000-05-24,20.5,20.5,20.5,20.5,8.131945610046387,0
2000-05-25,20.5,20.5,20.5,20.5,8.131945610046387,0
2000-05-26,20.5,20.5,20.5,20.5,8.131945610046387,0
2000-05-30,20.5,20.5,20.5,20.5,8.131945610046387,0
2000-05-31,20.5,20.5,20.5,20.5,8.131945610046387,0
2000-06-01,20.5,20.5,20.5,20.5,8.131945610046387,0
2000-06-02,20.5,20.5,20.5,20.5,8.131945610046387,0
2000-06-05,20.5,20.5,20.5,20.5,8.131945610046387,0
2000-06-06,20.5,20.5,20.5,20.5,8.131945610046387,0
2000-06-07,20.5,20.5,20.5,20.5,8.131945610046387,0
2000-06-08,20.5,20.5,20.5,20.5,8.131945610046387,0
2000-06-09,20.5,20.5,20.5,20.5,8.131945610046387,0
2000-06-12,20.5,20.5,20.5,20.5,8.131945610046387,0
2000-06-13,20.5,20.5,20.5,20.5,8.131945610046387,0
2000-06-14,20.5,20.5,20.5,20.5,8.131945610046387,0
2000-06-15,20.5,20.5,20.5,20.5,8.131945610046387,0
2000-06-16,20.375,20.5,20.375,20.5,8.131945610046387,4500
2000-06-19,20.5,20.5,20.5,20.5,8.131945610046387,0
2000-06-20,20.5,20.5,20.5,20.5,8.131945610046387,0
2000-06-21,20.5,20.5,20.5,20.5,8.131945610046387,0
2000-06-22,20.5,20.5,20.5,20.5,8.131945610046387,0
2000-06-23,20.375,20.5,20.375,20.375,8.082361221313477,15400
2000-06-26,20.375,20.375,20.375,20.375,8.082361221313477,0
2000-06-27,20.375,20.375,20.375,20.375,8.082361221313477,0
2000-06-28,20.375,20.375,20.375,20.375,8.082361221313477,0
2000-06-29,20.375,20.375,20.375,20.375,8.082361221313477,0
2000-06-30,20.375,20.375,20.375,20.375,8.082361221313477,0
2000-07-03,20.0,20.0,20.0,20.0,7.933602333068848,500
2000-07-05,20.0,20.0,20.0,20.0,7.933602333068848,0
2000-07-06,20.0,20.0,20.0,20.0,7.933602333068848,0
2000-07-07,20.0,20.0,20.0,20.0,7.933602333068848,0
2000-07-10,20.0,20.0,20.0,20.0,7.933602333068848,0
2000-07-11,20.0,20.0,20.0,20.0,7.933602333068848,0
2000-07-12,20.0,20.0,20.0,20.0,7.933602333068848,0
2000-07-13,20.0,20.0,20.0,20.0,7.933602333068848,0
2000-07-14,20.0,20.0,20.0,20.0,7.933602333068848,0
2000-07-17,20.0,20.0,20.0,20.0,7.933602333068848,0
2000-07-18,20.0,20.0,20.0,20.0,7.933602333068848,100
2000-07-19,20.0,20.0,20.0,20.0,7.933602333068848,0
2000-07-20,20.0,20.0,20.0,20.0,7.933602333068848,0
2000-07-21,20.0,20.0,20.0,20.0,7.933602333068848,0
2000-07-24,20.0,20.0,20.0,20.0,7.933602333068848,0
2000-07-25,20.0,20.0,20.0,20.0,7.933602333068848,0
2000-07-26,20.0,20.0,20.0,20.0,7.933602333068848,0
2000-07-27,20.0,20.0,20.0,20.0,7.933602333068848,900
2000-07-28,20.0,20.0,20.0,20.0,7.933602333068848,0
2000-07-31,20.0,20.0,20.0,20.0,7.933602333068848,0
2000-08-01,20.0,20.0,20.0,20.0,7.933602333068848,0
2000-08-02,20.0,20.0,20.0,20.0,7.933602333068848,0
2000-08-03,20.0,20.0,20.0,20.0,7.933602333068848,0
2000-08-04,20.0,20.0,20.0,20.0,7.933602333068848,0
2000-08-07,20.0,20.0,20.0,20.0,7.933602333068848,0
2000-08-08,20.0,20.0,20.0,20.0,7.933602333068848,0
2000-08-09,20.0,20.0,20.0,20.0,7.933602333068848,0
2000-08-10,20.0,20.0,20.0,20.0,7.933602333068848,0
2000-08-11,20.0,20.0,20.0,20.0,7.933602333068848,0
2000-08-14,20.0,20.0,20.0,20.0,7.933602333068848,0
2000-08-15,20.0,20.0,20.0,20.0,7.933602333068848,0
2000-08-16,20.0,20.0,20.0,20.0,7.933602333068848,0
2000-08-17,20.0,20.0,20.0,20.0,7.933602333068848,0
2000-08-18,20.0,20.0,20.0,20.0,7.933602333068848,0
2000-08-21,20.0,20.0,20.0,20.0,7.933602333068848,0
2000-08-22,20.0,20.0,20.0,20.0,7.933602333068848,0
2000-08-23,20.0,20.0,20.0,20.0,7.933602333068848,0
2000-08-24,20.0,20.0,20.0,20.0,7.933602333068848,0
2000-08-25,20.0,20.0,20.0,20.0,7.933602333068848,800
2000-08-28,20.0,20.0,20.0,20.0,7.933602333068848,0
2000-08-29,20.0,20.0,20.0,20.0,7.933602333068848,0
2000-08-30,20.0,20.0,20.0,20.0,7.933602333068848,0
2000-08-31,19.0,20.0,18.25,20.0,7.933602333068848,4200
2000-09-01,20.5,20.625,20.5,20.625,8.18152904510498,4000
2000-09-05,20.625,20.625,20.625,20.625,8.18152904510498,0
2000-09-06,20.625,20.625,20.625,20.625,8.18152904510498,0
2000-09-07,20.625,20.625,20.625,20.625,8.18152904510498,0
2000-09-08,20.625,20.625,20.625,20.625,8.18152904510498,0
2000-09-11,20.625,20.625,20.625,20.625,8.18152904510498,0
2000-09-12,20.625,20.625,20.625,20.625,8.18152904510498,0
2000-09-13,20.625,20.625,20.625,20.625,8.18152904510498,0
2000-09-14,20.625,20.625,20.625,20.625,8.18152904510498,0
2000-09-15,20.625,20.625,20.625,20.625,8.18152904510498,0
2000-09-18,20.625,20.625,20.625,20.625,8.18152904510498,0
2000-09-19,20.625,20.625,20.625,20.625,8.18152904510498,0
2000-09-20,20.625,20.625,20.625,20.625,8.18152904510498,0
2000-09-21,20.625,20.625,20.625,20.625,8.18152904510498,0
2000-09-22,20.625,20.625,20.625,20.625,8.18152904510498,0
2000-09-25,20.625,20.625,20.625,20.625,8.18152904510498,0
2000-09-26,20.625,20.625,20.625,20.625,8.18152904510498,0
2000-09-27,20.625,20.625,20.625,20.625,8.18152904510498,0
2000-09-28,20.625,20.625,20.625,20.625,8.18152904510498,0
2000-09-29,20.625,20.625,20.625,20.625,8.18152904510498,0
2000-10-02,20.625,20.625,20.625,20.625,8.18152904510498,0
2000-10-03,20.625,20.625,20.625,20.625,8.18152904510498,0
2000-10-04,20.625,20.625,20.625,20.625,8.18152904510498,0
2000-10-05,20.625,20.625,20.625,20.625,8.18152904510498,0
2000-10-06,20.625,20.625,20.625,20.625,8.18152904510498,0
2000-10-09,20.625,20.625,20.625,20.625,8.18152904510498,0
2000-10-10,20.625,20.625,20.625,20.625,8.18152904510498,0
2000-10-11,20.625,20.625,20.625,20.625,8.18152904510498,0
2000-10-12,20.625,20.625,20.625,20.625,8.18152904510498,0
2000-10-13,20.625,20.625,20.625,20.625,8.18152904510498,0
2000-10-16,20.625,20.625,20.625,20.625,8.18152904510498,0
2000-10-17,20.625,20.625,20.625,20.625,8.18152904510498,0
2000-10-18,20.625,20.625,20.625,20.625,8.18152904510498,0
2000-10-19,20.625,20.625,20.625,20.625,8.18152904510498,0
2000-10-20,20.625,20.625,20.625,20.625,8.18152904510498,0
2000-10-23,20.625,20.625,20.625,20.625,8.18152904510498,0
2000-10-24,20.625,20.625,20.625,20.625,8.18152904510498,0
2000-10-25,20.625,20.625,20.625,20.625,8.18152904510498,0
2000-10-26,20.625,20.625,20.625,20.625,8.18152904510498,0
2000-10-27,20.625,20.625,20.625,20.625,8.18152904510498,0
2000-10-30,19.75,19.75,19.75,19.75,7.834439754486084,500
2000-10-31,19.75,19.75,19.75,19.75,7.834439754486084,0
2000-11-01,19.75,19.75,19.75,19.75,7.834439754486084,0
2000-11-02,19.75,19.75,19.75,19.75,7.834439754486084,0
2000-11-03,19.75,19.75,19.75,19.75,7.834439754486084,0
2000-11-06,19.75,19.75,19.75,19.75,7.834439754486084,300
2000-11-07,19.75,19.75,19.75,19.75,7.834439754486084,0
2000-11-08,19.75,19.75,19.75,19.75,7.834439754486084,0
2000-11-09,19.75,19.75,19.75,19.75,7.834439754486084,0
2000-11-10,19.75,19.75,19.75,19.75,7.834439754486084,0
2000-11-13,19.75,20.0,19.5,19.75,7.834439754486084,11900
2000-11-14,20.625,20.625,20.625,20.625,8.18152904510498,100
2000-11-15,20.625,20.625,20.625,20.625,8.18152904510498,0
2000-11-16,20.625,20.625,20.625,20.625,8.18152904510498,0
2000-11-17,20.625,20.625,20.625,20.625,8.18152904510498,0
2000-11-20,20.625,20.625,20.625,20.625,8.18152904510498,0
2000-11-21,19.5,19.5,19.5,19.5,7.735263824462891,300
2000-11-22,19.5,19.5,19.5,19.5,7.735263824462891,0
2000-11-24,19.5,19.5,19.5,19.5,7.735263824462891,0
2000-11-27,19.5,19.5,19.5,19.5,7.735263824462891,0
2000-11-28,19.5,19.5,19.5,19.5,7.735263824462891,0
2000-11-29,19.5,19.5,19.5,19.5,7.735263824462891,0
2000-11-30,19.5,19.5,19.5,19.5,7.735263824462891,200
2000-12-01,19.5,19.5,19.5,19.5,7.735263824462891,0
2000-12-04,19.5,19.5,19.5,19.5,7.735263824462891,0
2000-12-05,19.5,19.5,19.5,19.5,7.735263824462891,0
2000-12-06,19.5,19.5,19.5,19.5,7.735263824462891,0
2000-12-07,19.5,19.5,19.5,19.5,7.735263824462891,0
2000-12-08,19.5,19.5,19.5,19.5,7.735263824462891,500
2000-12-11,19.5,19.5,19.5,19.5,7.735263824462891,0
2000-12-12,19.5,19.5,19.5,19.5,7.735263824462891,0
2000-12-13,19.5,19.5,19.5,19.5,7.735263824462891,0
2000-12-14,19.5,19.5,19.5,19.5,7.735263824462891,0
2000-12-15,19.5,19.5,19.5,19.5,7.735263824462891,0
2000-12-18,19.5,19.5,19.5,19.5,7.735263824462891,0
2000-12-19,19.5,19.5,19.5,19.5,7.735263824462891,0
2000-12-20,20.0,20.0,20.0,20.0,7.933602333068848,100
2000-12-21,20.0,20.0,20.0,20.0,7.933602333068848,0
2000-12-22,20.0,20.0,20.0,20.0,7.933602333068848,0
2000-12-26,20.0,20.0,20.0,20.0,7.933602333068848,0
2000-12-27,20.0,20.0,20.0,20.0,8.029963493347168,0
2000-12-28,20.0,20.0,20.0,20.0,8.029963493347168,0
2000-12-29,20.0,20.0,20.0,20.0,8.029963493347168,0
2001-01-02,20.0,20.0,20.0,20.0,8.029963493347168,0
2001-01-03,20.0,20.0,20.0,20.0,8.029963493347168,0
2001-01-04,20.0,20.0,20.0,20.0,8.029963493347168,0
2001-01-05,20.0,20.0,20.0,20.0,8.029963493347168,0
2001-01-08,20.0,20.0,20.0,20.0,8.029963493347168,0
2001-01-09,20.0,20.0,20.0,20.0,8.029963493347168,0
2001-01-10,20.0,20.0,20.0,20.0,8.029963493347168,0
2001-01-11,20.0,20.0,20.0,20.0,8.029963493347168,0
2001-01-12,20.0,20.0,20.0,20.0,8.029963493347168,0
2001-01-16,20.0,20.0,20.0,20.0,8.029963493347168,0
2001-01-17,20.0,20.0,20.0,20.0,8.029963493347168,0
2001-01-18,20.0,20.0,20.0,20.0,8.029963493347168,0
2001-01-19,20.0,20.0,20.0,20.0,8.029963493347168,0
2001-01-22,20.0,20.0,20.0,20.0,8.029963493347168,0
2001-01-23,20.0,20.0,20.0,20.0,8.029963493347168,0
2001-01-24,20.0,20.0,20.0,20.0,8.029963493347168,0
2001-01-25,20.5,20.5,20.5,20.5,8.230712890625,700
2001-01-26,20.5,20.5,20.5,20.5,8.230712890625,0
2001-01-29,20.5,20.5,20.5,20.5,8.230712890625,0
2001-01-30,20.5,20.5,20.5,20.5,8.230712890625,0
2001-01-31,20.5,20.5,20.5,20.5,8.230712890625,0
2001-02-01,20.5,20.5,20.5,20.5,8.230712890625,0
2001-02-02,20.5,20.5,20.5,20.5,8.230712890625,0
2001-02-05,20.5,20.5,20.5,20.5,8.230712890625,0
2001-02-06,20.5,20.5,20.5,20.5,8.230712890625,0
2001-02-07,20.5,20.5,20.5,20.5,8.230712890625,0
2001-02-08,20.5,20.5,20.5,20.5,8.230712890625,0
2001-02-09,19.0,19.0,19.0,19.0,7.628466606140137,200
2001-02-12,19.0,19.0,19.0,19.0,7.628466606140137,0
2001-02-13,20.5,20.5,20.25,20.25,8.130341529846191,4100
2001-02-14,20.25,20.25,20.25,20.25,8.130341529846191,0
2001-02-15,20.25,20.25,20.25,20.25,8.130341529846191,0
2001-02-16,20.25,20.25,20.25,20.25,8.130341529846191,0
2001-02-20,20.25,20.25,20.25,20.25,8.130341529846191,0
2001-02-21,20.25,20.25,20.25,20.25,8.130341529846191,0
2001-02-22,20.25,20.25,20.25,20.25,8.130341529846191,0
2001-02-23,20.25,20.25,20.25,20.25,8.130341529846191,0
2001-02-26,20.875,20.875,20.875,20.875,8.381277084350586,100
2001-02-27,20.875,20.875,20.875,20.875,8.381277084350586,0
2001-02-28,20.875,20.875,20.875,20.875,8.381277084350586,0
2001-03-01,20.875,20.875,20.875,20.875,8.381277084350586,0
2001-03-02,20.875,20.875,20.875,20.875,8.381277084350586,0
2001-03-05,20.875,20.875,20.875,20.875,8.381277084350586,0
2001-03-06,20.375,20.5,20.375,20.5,8.230712890625,4000
2001-03-07,20.5,20.5,20.5,20.5,8.230712890625,0
2001-03-08,20.5,20.5,20.5,20.5,8.230712890625,0
2001-03-09,20.5,20.5,20.5,20.5,8.230712890625,0
2001-03-12,20.5,20.5,20.5,20.5,8.230712890625,0
2001-03-13,20.5,20.5,20.5,20.5,8.230712890625,0
2001-03-14,20.5,20.5,20.5,20.5,8.230712890625,0
2001-03-15,20.5,20.5,20.5,20.5,8.230712890625,0
2001-03-16,20.5,20.5,20.5,20.5,8.230712890625,0
2001-03-19,20.5,20.5,20.5,20.5,8.230712890625,0
2001-03-20,20.5,20.5,20.5,20.5,8.230712890625,0
2001-03-21,20.5,20.5,20.5,20.5,8.230712890625,0
2001-03-22,20.5,20.5,20.5,20.5,8.230712890625,0
2001-03-23,20.5,20.5,20.5,20.5,8.230712890625,0
2001-03-26,20.5,20.5,20.5,20.5,8.230712890625,0
2001-03-27,20.5,20.5,20.5,20.5,8.230712890625,0
2001-03-28,20.5,20.5,20.5,20.5,8.336442947387695,0
2001-03-29,20.375,20.5,20.375,20.5,8.336442947387695,4600
2001-03-30,20.5,20.5,20.5,20.5,8.336442947387695,0
2001-04-02,20.5,20.5,20.5,20.5,8.336442947387695,0
2001-04-03,20.5,20.5,20.5,20.5,8.336442947387695,0
2001-04-04,20.5,20.5,20.5,20.5,8.336442947387695,0
2001-04-05,20.5,20.5,20.5,20.5,8.336442947387695,0
2001-04-06,20.5,20.5,20.5,20.5,8.336442947387695,0
2001-04-09,20.5,20.5,20.5,20.5,8.336442947387695,0
2001-04-10,20.5,20.5,20.5,20.5,8.336442947387695,0
2001-04-11,20.5,20.5,20.5,20.5,8.336442947387695,0
2001-04-12,20.5,20.5,20.5,20.5,8.336442947387695,0
2001-04-16,20.5,20.5,20.5,20.5,8.336442947387695,0
2001-04-17,20.5,20.5,20.5,20.5,8.336442947387695,0
2001-04-18,20.5,20.5,20.5,20.5,8.336442947387695,0
2001-04-19,20.5,20.5,20.5,20.5,8.336442947387695,0
2001-04-20,20.5,20.5,20.5,20.5,8.336442947387695,0
2001-04-23,20.5,20.5,20.5,20.5,8.336442947387695,0
2001-04-24,20.5,20.5,20.5,20.5,8.336442947387695,0
2001-04-25,20.5,20.5,20.5,20.5,8.336442947387695,0
2001-04-26,20.5,20.5,20.5,20.5,8.336442947387695,0
2001-04-27,20.5,20.5,20.5,20.5,8.336442947387695,0
2001-04-30,20.5,20.5,20.5,20.5,8.336442947387695,0
2001-05-01,20.0,20.5,20.0,20.0,8.1331148147583,4700
2001-05-02,20.0,20.0,20.0,20.0,8.1331148147583,0
2001-05-03,20.5,20.5,20.5,20.5,8.336442947387695,400
2001-05-04,20.5,20.5,20.5,20.5,8.336442947387695,0
2001-05-07,20.0,20.0,20.0,20.0,8.1331148147583,1200
2001-05-08,20.0,20.0,20.0,20.0,8.1331148147583,0
2001-05-09,20.0,20.0,20.0,20.0,8.1331148147583,0
2001-05-10,20.0,20.0,20.0,20.0,8.1331148147583,0
2001-05-11,20.0,20.0,20.0,20.0,8.1331148147583,0
2001-05-14,20.0,20.0,20.0,20.0,8.1331148147583,0
2001-05-15,20.0,20.0,20.0,20.0,8.1331148147583,0
2001-05-16,20.0,20.0,20.0,20.0,8.1331148147583,0
2001-05-17,20.280000686645508,20.280000686645508,20.280000686645508,20.280000686645508,8.246981620788574,5000
2001-05-18,20.280000686645508,20.280000686645508,20.280000686645508,20.280000686645508,8.246981620788574,0
2001-05-21,20.0,20.0,20.0,20.0,8.1331148147583,7400
2001-05-22,20.5,20.5,20.5,20.5,8.336442947387695,3000
2001-05-23,20.5,20.5,20.5,20.5,8.336442947387695,0
2001-05-24,21.0,21.0,21.0,21.0,8.53977108001709,100
2001-05-25,21.0,21.0,21.0,21.0,8.53977108001709,0
2001-05-29,21.0,21.0,21.0,21.0,8.53977108001709,0
2001-05-30,21.0,21.0,21.0,21.0,8.53977108001709,0
2001-05-31,21.0,21.0,21.0,21.0,8.53977108001709,0
2001-06-01,21.0,21.0,21.0,21.0,8.53977108001709,0
2001-06-04,21.0,21.0,21.0,21.0,8.53977108001709,0
2001-06-05,20.700000762939453,20.700000762939453,20.700000762939453,20.700000762939453,8.417773246765137,2200
2001-06-06,20.700000762939453,20.700000762939453,20.700000762939453,20.700000762939453,8.417773246765137,0
2001-06-07,20.700000762939453,20.700000762939453,20.700000762939453,20.700000762939453,8.417773246765137,0
2001-06-08,20.700000762939453,20.700000762939453,20.700000762939453,20.700000762939453,8.417773246765137,0
2001-06-11,20.700000762939453,20.700000762939453,20.700000762939453,20.700000762939453,8.417773246765137,0
2001-06-12,20.700000762939453,20.700000762939453,20.700000762939453,20.700000762939453,8.417773246765137,0
2001-06-13,20.700000762939453,20.700000762939453,20.700000762939453,20.700000762939453,8.417773246765137,0
2001-06-14,20.700000762939453,20.700000762939453,20.700000762939453,20.700000762939453,8.417773246765137,0
2001-06-15,20.0,20.0,20.0,20.0,8.1331148147583,300
2001-06-18,20.0,20.0,20.0,20.0,8.1331148147583,0
2001-06-19,20.0,20.0,20.0,20.0,8.1331148147583,0
2001-06-20,20.0,20.0,20.0,20.0,8.1331148147583,0
2001-06-21,20.0,20.0,20.0,20.0,8.1331148147583,0
2001-06-22,20.0,20.0,20.0,20.0,8.1331148147583,2000
2001-06-25,20.0,20.0,20.0,20.0,8.1331148147583,0
2001-06-26,20.0,20.0,20.0,20.0,8.1331148147583,0
2001-06-27,20.0,20.0,20.0,20.0,8.240239143371582,0
2001-06-28,20.0,20.0,20.0,20.0,8.240239143371582,0
2001-06-29,20.0,20.0,20.0,20.0,8.240239143371582,0
2001-07-02,20.0,20.0,20.0,20.0,8.240239143371582,0
2001-07-03,20.75,20.75,20.75,20.75,8.549248695373535,1100
2001-07-05,20.75,20.75,20.75,20.75,8.549248695373535,0
2001-07-06,20.75,20.75,20.75,20.75,8.549248695373535,0
2001-07-09,20.75,20.75,20.75,20.75,8.549248695373535,0
2001-07-10,20.75,20.75,20.75,20.75,8.549248695373535,0
2001-07-11,20.75,20.75,20.75,20.75,8.549248695373535,0
2001-07-12,20.75,20.75,20.75,20.75,8.549248695373535,0
2001-07-13,20.25,20.25,20.25,20.25,8.343236923217773,600
2001-07-16,20.25,20.25,20.25,20.25,8.343236923217773,0
2001-07-17,20.25,20.25,20.25,20.25,8.343236923217773,0
2001-07-18,20.25,20.25,20.25,20.25,8.343236923217773,0
2001-07-19,20.25,20.25,20.25,20.25,8.343236923217773,0
2001-07-20,20.25,20.25,20.25,20.25,8.343236923217773,0
2001-07-23,20.25,20.25,20.25,20.25,8.343236923217773,0
2001-07-24,20.25,20.25,20.25,20.25,8.343236923217773,0
2001-07-25,20.5,20.5,20.5,20.5,8.44624137878418,300
2001-07-26,20.5,20.5,20.5,20.5,8.44624137878418,0
2001-07-27,20.5,20.5,20.5,20.5,8.44624137878418,0
2001-07-30,20.5,20.5,20.5,20.5,8.44624137878418,0
2001-07-31,20.5,20.5,20.5,20.5,8.44624137878418,0
2001-08-01,20.5,20.5,20.5,20.5,8.44624137878418,0
2001-08-02,20.5,20.5,20.5,20.5,8.44624137878418,0
2001-08-03,20.5,20.5,20.5,20.5,8.44624137878418,0
2001-08-06,20.25,20.25,20.25,20.25,8.343236923217773,1800
2001-08-07,20.25,20.25,20.25,20.25,8.343236923217773,0
2001-08-08,20.25,20.25,20.25,20.25,8.343236923217773,0
2001-08-09,20.25,20.25,20.25,20.25,8.343236923217773,0
2001-08-10,20.25,20.25,20.25,20.25,8.343236923217773,100
2001-08-13,20.25,20.25,20.25,20.25,8.343236923217773,0
2001-08-14,20.25,20.25,20.25,20.25,8.343236923217773,0
2001-08-15,20.25,20.25,20.25,20.25,8.343236923217773,0
2001-08-16,20.25,20.25,20.25,20.25,8.343236923217773,2100
2001-08-17,20.25,20.25,20.25,20.25,8.343236923217773,0
2001-08-20,20.25,20.25,20.25,20.25,8.343236923217773,0
2001-08-21,20.25,20.25,20.25,20.25,8.343236923217773,0
2001-08-22,20.25,20.25,20.25,20.25,8.343236923217773,0
2001-08-23,20.25,20.25,20.25,20.25,8.343236923217773,0
2001-08-24,20.25,20.25,20.25,20.25,8.343236923217773,0
2001-08-27,20.25,20.25,20.25,20.25,8.343236923217773,0
2001-08-28,20.25,20.25,20.25,20.25,8.343236923217773,0
2001-08-29,20.25,20.25,20.25,20.25,8.343236923217773,0
2001-08-30,20.25,20.25,20.25,20.25,8.343236923217773,0
2001-08-31,20.25,20.25,20.25,20.25,8.343236923217773,0
2001-09-04,20.25,20.25,20.25,20.25,8.343236923217773,0
2001-09-05,20.25,20.25,20.25,20.25,8.343236923217773,0
2001-09-06,20.700000762939453,20.700000762939453,20.700000762939453,20.700000762939453,8.528647422790527,2400
2001-09-07,20.700000762939453,20.700000762939453,20.700000762939453,20.700000762939453,8.528647422790527,0
2001-09-10,20.700000762939453,20.700000762939453,20.700000762939453,20.700000762939453,8.528647422790527,0
2001-09-17,20.700000762939453,20.700000762939453,20.700000762939453,20.700000762939453,8.528647422790527,0
2001-09-18,20.700000762939453,20.700000762939453,20.700000762939453,20.700000762939453,8.528647422790527,2100
2001-09-19,20.700000762939453,20.700000762939453,20.700000762939453,20.700000762939453,8.528647422790527,0
2001-09-20,20.700000762939453,20.700000762939453,20.700000762939453,20.700000762939453,8.528647422790527,0
2001-09-21,20.700000762939453,20.700000762939453,20.700000762939453,20.700000762939453,8.637133598327637,0
2001-09-24,20.700000762939453,20.700000762939453,20.700000762939453,20.700000762939453,8.637133598327637,0
2001-09-25,20.700000762939453,20.700000762939453,20.700000762939453,20.700000762939453,8.637133598327637,0
2001-09-26,20.700000762939453,20.700000762939453,20.700000762939453,20.700000762939453,8.637133598327637,0
2001-09-27,20.700000762939453,20.700000762939453,20.700000762939453,20.700000762939453,8.637133598327637,0
2001-09-28,20.700000762939453,20.700000762939453,20.700000762939453,20.700000762939453,8.637133598327637,0
2001-10-01,20.700000762939453,20.700000762939453,20.700000762939453,20.700000762939453,8.637133598327637,0
2001-10-02,20.700000762939453,20.700000762939453,20.700000762939453,20.700000762939453,8.637133598327637,0
2001-10-03,20.700000762939453,20.700000762939453,20.700000762939453,20.700000762939453,8.637133598327637,0
2001-10-04,20.700000762939453,20.700000762939453,20.700000762939453,20.700000762939453,8.637133598327637,0
2001-10-05,20.700000762939453,20.700000762939453,20.700000762939453,20.700000762939453,8.637133598327637,0
2001-10-08,20.700000762939453,20.700000762939453,20.700000762939453,20.700000762939453,8.637133598327637,0
2001-10-09,20.700000762939453,20.700000762939453,20.700000762939453,20.700000762939453,8.637133598327637,0
2001-10-10,20.700000762939453,20.700000762939453,20.700000762939453,20.700000762939453,8.637133598327637,0
2001-10-11,20.700000762939453,20.700000762939453,20.700000762939453,20.700000762939453,8.637133598327637,0
2001-10-12,20.700000762939453,20.700000762939453,20.700000762939453,20.700000762939453,8.637133598327637,0
2001-10-15,20.700000762939453,20.700000762939453,20.700000762939453,20.700000762939453,8.637133598327637,0
2001-10-16,20.700000762939453,20.700000762939453,20.700000762939453,20.700000762939453,8.637133598327637,0
2001-10-17,20.700000762939453,20.700000762939453,20.700000762939453,20.700000762939453,8.637133598327637,0
2001-10-18,20.700000762939453,20.700000762939453,20.700000762939453,20.700000762939453,8.637133598327637,0
2001-10-19,20.700000762939453,20.700000762939453,20.700000762939453,20.700000762939453,8.637133598327637,0
2001-10-22,20.700000762939453,20.700000762939453,20.700000762939453,20.700000762939453,8.637133598327637,0
2001-10-23,20.700000762939453,20.700000762939453,20.700000762939453,20.700000762939453,8.637133598327637,0
2001-10-24,20.700000762939453,20.700000762939453,20.700000762939453,20.700000762939453,8.637133598327637,0
2001-10-25,20.700000762939453,20.700000762939453,20.700000762939453,20.700000762939453,8.637133598327637,0
2001-10-26,20.700000762939453,20.700000762939453,20.700000762939453,20.700000762939453,8.637133598327637,0
2001-10-29,20.700000762939453,20.700000762939453,20.700000762939453,20.700000762939453,8.637133598327637,0
2001-10-30,21.0,21.200000762939453,21.0,21.200000762939453,8.845763206481934,600
2001-10-31,21.200000762939453,21.200000762939453,21.200000762939453,21.200000762939453,8.845763206481934,0
2001-11-01,21.200000762939453,21.200000762939453,21.200000762939453,21.200000762939453,8.845763206481934,0
2001-11-02,21.200000762939453,21.200000762939453,21.200000762939453,21.200000762939453,8.845763206481934,0
2001-11-05,21.200000762939453,21.200000762939453,21.200000762939453,21.200000762939453,8.845763206481934,0
2001-11-06,21.200000762939453,21.200000762939453,21.200000762939453,21.200000762939453,8.845763206481934,0
2001-11-07,21.200000762939453,21.200000762939453,21.200000762939453,21.200000762939453,8.845763206481934,0
2001-11-08,21.200000762939453,21.200000762939453,21.200000762939453,21.200000762939453,8.845763206481934,0
2001-11-09,21.200000762939453,21.200000762939453,21.200000762939453,21.200000762939453,8.845763206481934,0
2001-11-12,21.5,21.5,21.0,21.0,8.762308120727539,200
2001-11-13,20.5,20.5,20.5,20.5,8.553678512573242,1200
2001-11-14,20.5,20.5,20.5,20.5,8.553678512573242,0
2001-11-15,20.5,20.5,20.5,20.5,8.553678512573242,0
2001-11-16,21.0,21.0,21.0,21.0,8.762308120727539,400
2001-11-19,21.0,21.0,21.0,21.0,8.762308120727539,0
2001-11-20,21.0,21.0,21.0,21.0,8.762308120727539,0
2001-11-21,21.0,21.0,21.0,21.0,8.762308120727539,0
2001-11-23,21.0,21.0,21.0,21.0,8.762308120727539,0
2001-11-26,21.0,21.0,21.0,21.0,8.762308120727539,0
2001-11-27,21.0,21.0,21.0,21.0,8.762308120727539,0
2001-11-28,21.0,21.0,21.0,21.0,8.762308120727539,0
2001-11-29,21.0,21.0,21.0,21.0,8.762308120727539,0
2001-11-30,21.0,21.0,21.0,21.0,8.762308120727539,0
2001-12-03,21.0,21.0,21.0,21.0,8.762308120727539,0
2001-12-04,21.0,21.0,21.0,21.0,8.762308120727539,0
2001-12-05,21.0,21.0,21.0,21.0,8.762308120727539,0
2001-12-06,21.0,21.0,21.0,21.0,8.762308120727539,0
2001-12-07,21.0,21.0,21.0,21.0,8.762308120727539,0
2001-12-10,21.0,21.0,21.0,21.0,8.762308120727539,0
2001-12-11,20.5,20.5,20.5,20.5,8.553678512573242,1100
2001-12-12,21.0,21.25,21.0,21.25,8.866622924804688,4400
2001-12-13,21.25,21.25,21.25,21.25,8.866622924804688,0
2001-12-14,21.25,21.25,21.25,21.25,8.866622924804688,0
2001-12-17,21.25,21.25,21.25,21.25,8.866622924804688,0
2001-12-18,21.25,21.25,21.25,21.25,8.866622924804688,0
2001-12-19,21.25,21.25,21.25,21.25,8.866622924804688,0
2001-12-20,21.25,21.25,21.25,21.25,8.866622924804688,0
2001-12-21,21.25,21.25,21.25,21.25,8.866622924804688,0
2001-12-24,21.25,21.25,21.25,21.25,8.866622924804688,4000
2001-12-26,21.25,21.25,21.25,21.25,8.976451873779297,0
2001-12-27,21.25,21.25,21.25,21.25,8.976451873779297,0
2001-12-28,21.25,21.25,21.25,21.25,8.976451873779297,0
2001-12-31,21.25,21.25,21.25,21.25,8.976451873779297,0
2002-01-02,21.25,21.25,21.25,21.25,8.976451873779297,0
2002-01-03,21.25,21.25,21.25,21.25,8.976451873779297,0
2002-01-04,21.0,21.100000381469727,21.0,21.100000381469727,8.9130859375,4600
2002-01-07,21.299999237060547,21.299999237060547,21.299999237060547,21.299999237060547,8.997575759887695,2300
2002-01-08,21.0,21.0,21.0,21.0,8.870845794677734,800
2002-01-09,21.0,21.0,21.0,21.0,8.870845794677734,0
2002-01-10,21.25,21.25,21.25,21.25,8.976451873779297,1800
2002-01-11,21.25,21.25,21.25,21.25,8.976451873779297,0
2002-01-14,21.25,21.25,21.25,21.25,8.976451873779297,0
2002-01-15,21.25,21.25,21.25,21.25,8.976451873779297,0
2002-01-16,21.25,21.25,21.25,21.25,8.976451873779297,0
2002-01-17,21.25,21.25,21.25,21.25,8.976451873779297,0
2002-01-18,21.25,21.25,21.25,21.25,8.976451873779297,0
2002-01-22,21.450000762939453,21.450000762939453,21.450000762939453,21.450000762939453,9.060935974121094,400
2002-01-23,21.450000762939453,21.450000762939453,21.450000762939453,21.450000762939453,9.060935974121094,1000
2002-01-24,21.25,21.450000762939453,21.25,21.450000762939453,9.060935974121094,11600
2002-01-25,21.450000762939453,21.450000762939453,21.450000762939453,21.450000762939453,9.060935974121094,0
2002-01-28,21.450000762939453,21.450000762939453,21.450000762939453,21.450000762939453,9.060935974121094,0
2002-01-29,21.450000762939453,21.450000762939453,21.450000762939453,21.450000762939453,9.060935974121094,0
2002-01-30,21.450000762939453,21.450000762939453,21.450000762939453,21.450000762939453,9.060935974121094,0
2002-01-31,21.450000762939453,21.450000762939453,21.450000762939453,21.450000762939453,9.060935974121094,0
2002-02-01,21.450000762939453,21.450000762939453,21.450000762939453,21.450000762939453,9.060935974121094,0
2002-02-04,21.450000762939453,21.450000762939453,21.450000762939453,21.450000762939453,9.060935974121094,0
2002-02-05,21.450000762939453,21.450000762939453,21.450000762939453,21.450000762939453,9.060935974121094,0
2002-02-06,21.450000762939453,21.450000762939453,21.450000762939453,21.450000762939453,9.060935974121094,0
2002-02-07,21.450000762939453,21.450000762939453,21.450000762939453,21.450000762939453,9.060935974121094,0
2002-02-08,21.450000762939453,21.450000762939453,21.450000762939453,21.450000762939453,9.060935974121094,0
2002-02-11,21.450000762939453,21.450000762939453,21.450000762939453,21.450000762939453,9.060935974121094,0
2002-02-12,21.450000762939453,21.450000762939453,21.450000762939453,21.450000762939453,9.060935974121094,0
2002-02-13,21.450000762939453,21.450000762939453,21.450000762939453,21.450000762939453,9.060935974121094,0
2002-02-14,21.450000762939453,21.450000762939453,21.450000762939453,21.450000762939453,9.060935974121094,0
2002-02-15,21.450000762939453,21.450000762939453,21.450000762939453,21.450000762939453,9.060935974121094,0
2002-02-19,21.450000762939453,21.450000762939453,21.450000762939453,21.450000762939453,9.060935974121094,0
2002-02-20,21.450000762939453,21.450000762939453,21.450000762939453,21.450000762939453,9.060935974121094,0
2002-02-21,21.450000762939453,21.450000762939453,21.450000762939453,21.450000762939453,9.060935974121094,0
2002-02-22,21.450000762939453,21.450000762939453,21.450000762939453,21.450000762939453,9.060935974121094,0
2002-02-25,22.0,22.100000381469727,22.0,22.100000381469727,9.33551025390625,1800
2002-02-26,22.100000381469727,22.100000381469727,22.100000381469727,22.100000381469727,9.33551025390625,0
2002-02-27,22.100000381469727,22.100000381469727,22.100000381469727,22.100000381469727,9.33551025390625,0
2002-02-28,22.100000381469727,22.100000381469727,22.100000381469727,22.100000381469727,9.33551025390625,0
2002-03-01,22.100000381469727,22.100000381469727,22.100000381469727,22.100000381469727,9.33551025390625,0
2002-03-04,22.100000381469727,22.100000381469727,22.100000381469727,22.100000381469727,9.33551025390625,0
2002-03-05,22.100000381469727,22.100000381469727,22.100000381469727,22.100000381469727,9.33551025390625,0
2002-03-06,22.100000381469727,22.100000381469727,22.100000381469727,22.100000381469727,9.33551025390625,0
2002-03-07,22.100000381469727,22.100000381469727,22.100000381469727,22.100000381469727,9.33551025390625,0
2002-03-08,22.100000381469727,22.100000381469727,22.100000381469727,22.100000381469727,9.33551025390625,0
2002-03-11,22.100000381469727,22.100000381469727,22.100000381469727,22.100000381469727,9.33551025390625,0
2002-03-12,22.100000381469727,22.100000381469727,22.100000381469727,22.100000381469727,9.33551025390625,0
2002-03-13,22.100000381469727,22.100000381469727,22.100000381469727,22.100000381469727,9.33551025390625,0
2002-03-14,22.100000381469727,22.100000381469727,22.100000381469727,22.100000381469727,9.33551025390625,0
2002-03-15,22.100000381469727,22.100000381469727,22.100000381469727,22.100000381469727,9.33551025390625,0
2002-03-18,21.399999618530273,21.5,21.399999618530273,21.5,9.082059860229492,200
2002-03-19,21.5,21.5,21.5,21.5,9.082059860229492,0
2002-03-20,21.5,21.5,21.5,21.5,9.082059860229492,0
2002-03-21,21.5,21.5,21.5,21.5,9.082059860229492,0
2002-03-22,21.5,21.5,21.5,21.5,9.082059860229492,0
2002-03-25,21.5,21.5,21.5,21.5,9.082059860229492,0
2002-03-26,22.0,22.25,22.0,22.25,9.522892951965332,5000
2002-03-27,21.5,21.75,21.5,21.75,9.308895111083984,2000
2002-03-28,21.75,21.75,21.75,21.75,9.308895111083984,0
2002-04-01,21.75,21.75,21.75,21.75,9.308895111083984,0
2002-04-02,21.75,21.75,21.75,21.75,9.308895111083984,0
2002-04-03,21.75,21.75,21.75,21.75,9.308895111083984,0
2002-04-04,21.75,21.75,21.75,21.75,9.308895111083984,0
2002-04-05,22.299999237060547,22.299999237060547,22.299999237060547,22.299999237060547,9.544288635253906,1000
2002-04-08,22.299999237060547,22.299999237060547,22.299999237060547,22.299999237060547,9.544288635253906,0
2002-04-09,22.299999237060547,22.299999237060547,22.299999237060547,22.299999237060547,9.544288635253906,0
2002-04-10,22.299999237060547,22.299999237060547,22.299999237060547,22.299999237060547,9.544288635253906,0
2002-04-11,22.299999237060547,22.299999237060547,22.299999237060547,22.299999237060547,9.544288635253906,0
2002-04-12,22.299999237060547,22.299999237060547,22.299999237060547,22.299999237060547,9.544288635253906,0
2002-04-15,22.299999237060547,22.299999237060547,22.299999237060547,22.299999237060547,9.544288635253906,0
2002-04-16,22.299999237060547,22.299999237060547,22.299999237060547,22.299999237060547,9.544288635253906,0
2002-04-17,22.299999237060547,22.299999237060547,22.299999237060547,22.299999237060547,9.544288635253906,0
2002-04-18,22.399999618530273,23.0,22.399999618530273,23.0,9.843886375427246,3900
2002-04-19,23.0,23.0,23.0,23.0,9.843886375427246,0
2002-04-22,22.399999618530273,22.649999618530273,22.399999618530273,22.649999618530273,9.69408893585205,1000
2002-04-23,22.649999618530273,22.649999618530273,22.649999618530273,22.649999618530273,9.69408893585205,0
2002-04-24,22.649999618530273,22.649999618530273,22.649999618530273,22.649999618530273,9.69408893585205,0
2002-04-25,22.649999618530273,22.649999618530273,22.649999618530273,22.649999618530273,9.69408893585205,0
2002-04-26,22.649999618530273,22.649999618530273,22.649999618530273,22.649999618530273,9.69408893585205,0
2002-04-29,22.649999618530273,22.649999618530273,22.649999618530273,22.649999618530273,9.69408893585205,0
2002-04-30,22.649999618530273,22.649999618530273,22.649999618530273,22.649999618530273,9.69408893585205,0
2002-05-01,22.399999618530273,22.399999618530273,22.399999618530273,22.399999618530273,9.587089538574219,100
2002-05-02,22.399999618530273,22.399999618530273,22.399999618530273,22.399999618530273,9.587089538574219,0
2002-05-03,22.399999618530273,22.399999618530273,22.399999618530273,22.399999618530273,9.587089538574219,0
2002-05-06,22.399999618530273,22.399999618530273,22.399999618530273,22.399999618530273,9.587089538574219,0
2002-05-07,22.399999618530273,22.399999618530273,22.399999618530273,22.399999618530273,9.587089538574219,0
2002-05-08,22.399999618530273,22.399999618530273,22.399999618530273,22.399999618530273,9.587089538574219,0
2002-05-09,22.399999618530273,22.399999618530273,22.399999618530273,22.399999618530273,9.587089538574219,0
2002-05-10,22.399999618530273,22.399999618530273,22.399999618530273,22.399999618530273,9.587089538574219,0
2002-05-13,22.399999618530273,22.399999618530273,22.399999618530273,22.399999618530273,9.587089538574219,0
2002-05-14,22.399999618530273,22.399999618530273,22.399999618530273,22.399999618530273,9.587089538574219,0
2002-05-15,23.25,23.25,22.75,22.75,9.736888885498047,2800
2002-05-16,23.0,23.0,23.0,23.0,9.843886375427246,300
2002-05-17,23.0,23.0,23.0,23.0,9.843886375427246,0
2002-05-20,23.0,23.0,23.0,23.0,9.843886375427246,0
2002-05-21,23.0,23.0,23.0,23.0,9.843886375427246,0
2002-05-22,23.0,23.0,23.0,23.0,9.843886375427246,0
2002-05-23,23.0,23.0,23.0,23.0,9.843886375427246,0
2002-05-24,23.0,23.0,23.0,23.0,9.843886375427246,0
2002-05-28,23.0,23.0,23.0,23.0,9.843886375427246,0
2002-05-29,23.200000762939453,23.200000762939453,23.0,23.0,9.843886375427246,2000
2002-05-30,23.0,23.0,23.0,23.0,9.843886375427246,0
2002-05-31,23.0,23.0,23.0,23.0,9.843886375427246,0
2002-06-03,23.0,23.0,23.0,23.0,9.843886375427246,0
2002-06-04,23.0,23.0,23.0,23.0,9.843886375427246,0
2002-06-05,23.0,23.0,23.0,23.0,9.843886375427246,0
2002-06-06,23.0,23.0,23.0,23.0,9.843886375427246,0
2002-06-07,23.0,23.0,23.0,23.0,9.843886375427246,0
2002-06-10,23.0,23.200000762939453,23.0,23.200000762939453,9.929490089416504,2000
2002-06-11,23.0,23.0,23.0,23.0,9.843886375427246,200
2002-06-12,23.0,23.0,23.0,23.0,9.843886375427246,0
2002-06-13,23.0,23.0,23.0,23.0,9.843886375427246,0
2002-06-14,23.0,23.0,23.0,23.0,9.843886375427246,0
2002-06-17,23.0,23.0,23.0,23.0,9.843886375427246,0
2002-06-18,23.0,23.0,23.0,23.0,9.843886375427246,0
2002-06-19,23.0,23.0,23.0,23.0,9.843886375427246,0
2002-06-20,23.0,23.0,23.0,23.0,9.843886375427246,1900
2002-06-21,23.0,23.0,23.0,23.0,9.843886375427246,0
2002-06-24,23.0,23.0,23.0,23.0,9.843886375427246,0
2002-06-25,23.0,23.0,23.0,23.0,9.843886375427246,500
2002-06-26,23.0,23.0,23.0,23.0,9.965204238891602,0
2002-06-27,23.0,23.0,23.0,23.0,9.965204238891602,0
2002-06-28,23.0,23.0,23.0,23.0,9.965204238891602,0
2002-07-01,23.0,23.0,23.0,23.0,9.965204238891602,0
2002-07-02,23.0,23.0,23.0,23.0,9.965204238891602,0
2002-07-03,23.0,23.0,23.0,23.0,9.965204238891602,0
2002-07-05,23.0,23.0,23.0,23.0,9.965204238891602,0
2002-07-08,23.0,23.0,23.0,23.0,9.965204238891602,0
2002-07-09,23.0,23.0,23.0,23.0,9.965204238891602,0
2002-07-10,23.0,23.200000762939453,23.0,23.200000762939453,10.051857948303223,4000
2002-07-11,23.0,23.0,23.0,23.0,9.965204238891602,200
2002-07-12,23.0,23.0,23.0,23.0,9.965204238891602,0
2002-07-15,23.0,23.0,23.0,23.0,9.965204238891602,0
2002-07-16,23.0,23.0,23.0,23.0,9.965204238891602,0
2002-07-17,23.0,23.0,23.0,23.0,9.965204238891602,0
2002-07-18,23.0,23.0,23.0,23.0,9.965204238891602,2200
2002-07-19,23.0,23.0,23.0,23.0,9.965204238891602,200
2002-07-22,23.25,23.25,23.25,23.25,10.07352352142334,100
2002-07-23,23.25,23.25,23.25,23.25,10.07352352142334,0
2002-07-24,23.350000381469727,23.350000381469727,23.350000381469727,23.350000381469727,10.116847038269043,1500
2002-07-25,23.25,23.25,23.25,23.25,10.07352352142334,300
2002-07-26,23.25,23.25,23.25,23.25,10.07352352142334,0
2002-07-29,23.25,23.25,23.25,23.25,10.07352352142334,0
2002-07-30,23.350000381469727,23.350000381469727,23.350000381469727,23.350000381469727,10.116847038269043,1200
2002-07-31,23.25,23.399999618530273,23.25,23.399999618530273,10.138513565063477,2900
2002-08-01,23.399999618530273,23.399999618530273,23.399999618530273,23.399999618530273,10.138513565063477,0
2002-08-02,23.399999618530273,23.399999618530273,23.399999618530273,23.399999618530273,10.138513565063477,0
2002-08-05,23.399999618530273,23.399999618530273,23.399999618530273,23.399999618530273,10.138513565063477,0
2002-08-06,23.399999618530273,23.399999618530273,23.399999618530273,23.399999618530273,10.138513565063477,0
2002-08-07,23.399999618530273,23.399999618530273,23.399999618530273,23.399999618530273,10.138513565063477,0
2002-08-08,23.399999618530273,23.399999618530273,23.399999618530273,23.399999618530273,10.138513565063477,0
2002-08-09,23.399999618530273,23.399999618530273,23.399999618530273,23.399999618530273,10.138513565063477,0
2002-08-12,23.399999618530273,23.399999618530273,23.399999618530273,23.399999618530273,10.138513565063477,0
2002-08-13,23.399999618530273,23.399999618530273,23.399999618530273,23.399999618530273,10.138513565063477,0
2002-08-14,23.399999618530273,23.399999618530273,23.399999618530273,23.399999618530273,10.138513565063477,0
2002-08-15,23.399999618530273,23.399999618530273,23.399999618530273,23.399999618530273,10.138513565063477,0
2002-08-16,23.399999618530273,23.399999618530273,23.399999618530273,23.399999618530273,10.138513565063477,0
2002-08-19,23.399999618530273,23.399999618530273,23.399999618530273,23.399999618530273,10.138513565063477,0
2002-08-20,23.350000381469727,23.350000381469727,23.350000381469727,23.350000381469727,10.116847038269043,4200
2002-08-21,23.5,23.5,23.5,23.5,10.181840896606445,4100
2002-08-22,23.5,23.5,23.5,23.5,10.181840896606445,0
2002-08-23,23.5,23.5,23.5,23.5,10.181840896606445,0
2002-08-26,23.5,23.5,23.5,23.5,10.181840896606445,0
2002-08-27,23.5,23.5,23.5,23.5,10.181840896606445,0
2002-08-28,23.5,23.5,23.5,23.5,10.181840896606445,0
2002-08-29,23.5,23.5,23.5,23.5,10.181840896606445,0
2002-08-30,23.5,23.5,23.5,23.5,10.181840896606445,100
2002-09-03,23.5,23.5,23.5,23.5,10.181840896606445,0
2002-09-04,23.5,23.5,23.5,23.5,10.181840896606445,0
2002-09-05,23.5,23.5,23.5,23.5,10.181840896606445,0
2002-09-06,23.5,23.5,23.5,23.5,10.181840896606445,0
2002-09-09,23.5,23.5,23.5,23.5,10.181840896606445,0
2002-09-10,23.5,23.5,23.5,23.5,10.181840896606445,0
2002-09-11,23.5,23.5,23.5,23.5,10.181840896606445,0
2002-09-12,23.5,23.5,23.5,23.5,10.181840896606445,0
2002-09-13,23.5,23.5,23.5,23.5,10.181840896606445,0
2002-09-16,23.5,23.5,23.5,23.5,10.181840896606445,0
2002-09-17,23.5,23.5,23.5,23.5,10.181840896606445,0
2002-09-18,23.5,23.5,23.5,23.5,10.181840896606445,0
2002-09-19,23.5,23.5,23.5,23.5,10.181840896606445,0
2002-09-20,23.25,23.25,23.25,23.25,10.07352352142334,3800
2002-09-23,23.5,23.5,23.5,23.5,10.181840896606445,3400
2002-09-24,23.5,23.5,23.5,23.5,10.181840896606445,0
2002-09-25,23.5,23.5,23.5,23.5,10.304618835449219,0
2002-09-26,23.5,23.5,23.5,23.5,10.304618835449219,0
2002-09-27,23.5,23.5,23.5,23.5,10.304618835449219,0
2002-09-30,23.5,23.5,23.5,23.5,10.304618835449219,0
2002-10-01,23.350000381469727,23.350000381469727,23.350000381469727,23.350000381469727,10.238844871520996,200
2002-10-02,23.350000381469727,23.350000381469727,23.350000381469727,23.350000381469727,10.238844871520996,0
2002-10-03,23.350000381469727,23.350000381469727,23.350000381469727,23.350000381469727,10.238844871520996,0
2002-10-04,23.350000381469727,23.350000381469727,23.350000381469727,23.350000381469727,10.238844871520996,0
2002-10-07,23.350000381469727,23.350000381469727,23.350000381469727,23.350000381469727,10.238844871520996,0
2002-10-08,23.350000381469727,23.350000381469727,23.350000381469727,23.350000381469727,10.238844871520996,0
2002-10-09,23.350000381469727,23.350000381469727,23.350000381469727,23.350000381469727,10.238844871520996,0
2002-10-10,23.350000381469727,23.350000381469727,23.350000381469727,23.350000381469727,10.238844871520996,0
2002-10-11,23.75,23.75,23.350000381469727,23.350000381469727,10.238844871520996,300
2002-10-14,23.350000381469727,23.350000381469727,23.350000381469727,23.350000381469727,10.238844871520996,0
2002-10-15,23.350000381469727,23.350000381469727,23.350000381469727,23.350000381469727,10.238844871520996,100
2002-10-16,23.5,23.5,23.5,23.5,10.304618835449219,100
2002-10-17,23.350000381469727,23.5,23.350000381469727,23.5,10.304618835449219,8200
2002-10-18,23.5,23.5,23.5,23.5,10.304618835449219,0
2002-10-21,23.5,23.5,23.5,23.5,10.304618835449219,0
2002-10-22,23.5,23.5,23.5,23.5,10.304618835449219,0
2002-10-23,23.5,23.5,23.5,23.5,10.304618835449219,0
2002-10-24,23.5,23.5,23.5,23.5,10.304618835449219,0
2002-10-25,23.5,23.5,23.5,23.5,10.304618835449219,0
2002-10-28,23.5,23.5,23.5,23.5,10.304618835449219,0
2002-10-29,23.5,23.5,23.5,23.5,10.304618835449219,0
2002-10-30,23.5,23.5,23.5,23.5,10.304618835449219,0
2002-10-31,23.5,23.5,23.5,23.5,10.304618835449219,0
2002-11-01,23.5,23.5,23.5,23.5,10.304618835449219,0
2002-11-04,23.5,23.5,23.5,23.5,10.304618835449219,0
2002-11-05,23.5,23.5,23.5,23.5,10.304618835449219,0
2002-11-06,23.5,23.5,23.5,23.5,10.304618835449219,0
2002-11-07,23.5,24.0,23.5,24.0,10.523863792419434,1000
2002-11-08,24.0,24.0,24.0,24.0,10.523863792419434,0
2002-11-11,24.0,24.0,24.0,24.0,10.523863792419434,0
2002-11-12,24.0,24.0,24.0,24.0,10.523863792419434,0
2002-11-13,24.0,24.0,24.0,24.0,10.523863792419434,0
2002-11-14,24.0,24.0,24.0,24.0,10.523863792419434,0
2002-11-15,24.25,24.25,24.25,24.25,10.633491516113281,500
2002-11-18,24.25,24.25,24.25,24.25,10.633491516113281,0
2002-11-19,24.5,24.5,24.5,24.5,10.743109703063965,500
2002-11-20,24.5,24.5,24.5,24.5,10.743109703063965,0
2002-11-21,24.5,24.5,24.5,24.5,10.743109703063965,200
2002-11-22,24.5,24.5,24.5,24.5,10.743109703063965,100
2002-11-25,24.5,24.5,24.5,24.5,10.743109703063965,0
2002-11-26,24.5,24.5,24.5,24.5,10.743109703063965,0
2002-11-27,24.5,24.5,24.5,24.5,10.743109703063965,0
2002-11-29,24.5,24.5,24.5,24.5,10.743109703063965,0
2002-12-02,24.5,24.5,24.5,24.5,10.743109703063965,0
2002-12-03,24.5,24.5,24.5,24.5,10.743109703063965,0
2002-12-04,24.5,24.5,24.5,24.5,10.743109703063965,0
2002-12-05,24.5,24.5,24.5,24.5,10.743109703063965,0
2002-12-06,24.5,24.5,24.5,24.5,10.743109703063965,0
2002-12-09,24.5,24.5,24.5,24.5,10.743109703063965,0
2002-12-10,24.350000381469727,24.350000381469727,24.350000381469727,24.350000381469727,10.677339553833008,1000
2002-12-11,24.350000381469727,24.350000381469727,24.350000381469727,24.350000381469727,10.677339553833008,0
2002-12-12,24.350000381469727,24.350000381469727,24.350000381469727,24.350000381469727,10.677339553833008,0
2002-12-13,24.350000381469727,24.350000381469727,24.350000381469727,24.350000381469727,10.677339553833008,0
2002-12-16,24.25,24.260000228881836,24.25,24.260000228881836,10.637872695922852,2000
2002-12-17,24.25,24.25,24.25,24.25,10.633491516113281,1000
2002-12-18,24.25,24.25,24.25,24.25,10.633491516113281,0
2002-12-19,24.25,24.25,24.25,24.25,10.633491516113281,0
2002-12-20,24.25,24.25,24.25,24.25,10.633491516113281,800
2002-12-23,24.25,24.25,24.25,24.25,10.633491516113281,0
2002-12-24,24.25,24.25,24.25,24.25,10.75770378112793,0
2002-12-26,24.25,24.25,24.25,24.25,10.75770378112793,0
2002-12-27,24.299999237060547,24.399999618530273,24.299999237060547,24.399999618530273,10.824240684509277,6000
2002-12-30,24.399999618530273,24.399999618530273,24.399999618530273,24.399999618530273,10.824240684509277,0
2002-12-31,24.399999618530273,24.399999618530273,24.399999618530273,24.399999618530273,10.824240684509277,0
2003-01-02,24.399999618530273,24.399999618530273,24.399999618530273,24.399999618530273,10.824240684509277,0
2003-01-03,24.399999618530273,24.399999618530273,24.399999618530273,24.399999618530273,10.824240684509277,0
2003-01-06,24.600000381469727,24.600000381469727,24.600000381469727,24.600000381469727,10.912967681884766,2000
2003-01-07,24.600000381469727,24.600000381469727,24.600000381469727,24.600000381469727,10.912967681884766,0
2003-01-08,24.600000381469727,24.600000381469727,24.600000381469727,24.600000381469727,10.912967681884766,0
2003-01-09,24.600000381469727,24.600000381469727,24.600000381469727,24.600000381469727,10.912967681884766,0
2003-01-10,24.600000381469727,24.600000381469727,24.600000381469727,24.600000381469727,10.912967681884766,0
2003-01-13,24.600000381469727,24.600000381469727,24.600000381469727,24.600000381469727,10.912967681884766,0
2003-01-14,24.600000381469727,24.600000381469727,24.600000381469727,24.600000381469727,10.912967681884766,0
2003-01-15,24.600000381469727,24.600000381469727,24.600000381469727,24.600000381469727,10.912967681884766,0
2003-01-16,24.600000381469727,24.600000381469727,24.600000381469727,24.600000381469727,10.912967681884766,0
2003-01-17,24.600000381469727,24.600000381469727,24.600000381469727,24.600000381469727,10.912967681884766,0
2003-01-21,24.600000381469727,24.600000381469727,24.600000381469727,24.600000381469727,10.912967681884766,0
2003-01-22,24.600000381469727,24.600000381469727,24.600000381469727,24.600000381469727,10.912967681884766,0
2003-01-23,25.5,25.5,25.5,25.5,11.312217712402344,100
2003-01-24,25.5,25.5,25.5,25.5,11.312217712402344,0
2003-01-27,25.5,25.5,25.5,25.5,11.312217712402344,100
2003-01-28,25.5,25.5,25.5,25.5,11.312217712402344,0
2003-01-29,25.5,25.5,25.5,25.5,11.312217712402344,0
2003-01-30,25.5,25.5,25.5,25.5,11.312217712402344,0
2003-01-31,25.5,25.5,25.5,25.5,11.312217712402344,0
2003-02-03,25.5,25.5,25.5,25.5,11.312217712402344,0
2003-02-04,25.5,25.5,25.5,25.5,11.312217712402344,0
2003-02-05,25.5,25.5,25.5,25.5,11.312217712402344,0
2003-02-06,25.5,25.5,25.5,25.5,11.312217712402344,0
2003-02-07,25.0,25.0,25.0,25.0,11.090412139892578,1000
2003-02-10,25.0,25.0,25.0,25.0,11.090412139892578,0
2003-02-11,25.0,25.0,25.0,25.0,11.090412139892578,0
2003-02-12,25.0,25.0,25.0,25.0,11.090412139892578,0
2003-02-13,25.0,25.0,25.0,25.0,11.090412139892578,0
2003-02-14,25.0,25.0,25.0,25.0,11.090412139892578,0
2003-02-18,25.25,25.25,25.049999237060547,25.25,11.20131778717041,1300
2003-02-19,25.25,25.25,25.25,25.25,11.20131778717041,0
2003-02-20,25.25,25.25,25.25,25.25,11.20131778717041,0
2003-02-21,25.25,25.25,25.25,25.25,11.20131778717041,0
2003-02-24,25.25,25.25,25.25,25.25,11.20131778717041,0
2003-02-25,25.25,25.25,25.25,25.25,11.20131778717041,0
2003-02-26,25.25,25.25,25.25,25.25,11.20131778717041,0
2003-02-27,25.25,25.25,25.25,25.25,11.20131778717041,0
2003-02-28,25.25,25.25,25.25,25.25,11.20131778717041,0
2003-03-03,25.25,25.25,25.25,25.25,11.20131778717041,0
2003-03-04,25.25,25.25,25.25,25.25,11.20131778717041,0
2003-03-05,25.25,25.25,25.25,25.25,11.20131778717041,0
2003-03-06,25.25,25.25,25.25,25.25,11.20131778717041,0
2003-03-07,25.25,25.25,25.25,25.25,11.20131778717041,0
2003-03-10,25.25,25.25,25.25,25.25,11.20131778717041,0
2003-03-11,25.25,25.25,25.25,25.25,11.20131778717041,0
2003-03-12,25.25,25.25,25.25,25.25,11.20131778717041,0
2003-03-13,25.25,25.25,25.25,25.25,11.20131778717041,0
2003-03-14,25.25,25.25,25.25,25.25,11.20131778717041,0
2003-03-17,25.25,25.25,25.25,25.25,11.20131778717041,0
2003-03-18,25.25,25.25,25.25,25.25,11.20131778717041,0
2003-03-19,25.25,25.25,25.25,25.25,11.20131778717041,0
2003-03-20,25.25,25.25,25.25,25.25,11.20131778717041,0
2003-03-21,25.25,25.25,25.25,25.25,11.20131778717041,0
2003-03-24,25.25,25.25,25.25,25.25,11.20131778717041,0
2003-03-25,25.25,25.25,25.25,25.25,11.20131778717041,0
2003-03-26,25.25,25.25,25.25,25.25,11.3360013961792,0
2003-03-27,25.25,25.25,25.25,25.25,11.3360013961792,0
2003-03-28,25.25,25.25,25.25,25.25,11.3360013961792,0
2003-03-31,25.25,25.25,25.25,25.25,11.3360013961792,0
2003-04-01,25.25,25.25,25.25,25.25,11.3360013961792,0
2003-04-02,25.25,25.25,25.25,25.25,11.3360013961792,0
2003-04-03,26.25,26.25,25.649999618530273,25.649999618530273,11.515584945678711,600
2003-04-04,26.0,26.0,26.0,26.0,11.672715187072754,500
2003-04-07,26.0,26.0,26.0,26.0,11.672715187072754,0
2003-04-08,26.0,26.0,26.0,26.0,11.672715187072754,0
2003-04-09,26.0,26.0,26.0,26.0,11.672715187072754,0
2003-04-10,26.0,26.0,26.0,26.0,11.672715187072754,0
2003-04-11,26.0,26.0,26.0,26.0,11.672715187072754,0
2003-04-14,26.0,26.0,26.0,26.0,11.672715187072754,0
2003-04-15,26.0,26.0,26.0,26.0,11.672715187072754,0
2003-04-16,26.0,26.0,26.0,26.0,11.672715187072754,0
2003-04-17,26.0,26.0,26.0,26.0,11.672715187072754,0
2003-04-21,26.0,26.0,26.0,26.0,11.672715187072754,0
2003-04-22,26.0,26.0,26.0,26.0,11.672715187072754,0
2003-04-23,26.0,26.0,26.0,26.0,11.672715187072754,0
2003-04-24,26.0,26.0,26.0,26.0,11.672715187072754,0
2003-04-25,26.0,26.0,26.0,26.0,11.672715187072754,0
2003-04-28,26.0,26.0,26.0,26.0,11.672715187072754,0
2003-04-29,27.5,27.5,27.5,27.5,12.34614086151123,1000
2003-04-30,27.5,27.5,27.5,27.5,12.34614086151123,0
2003-05-01,28.0,28.0,28.0,28.0,12.570615768432617,200
2003-05-02,28.0,28.0,28.0,28.0,12.570615768432617,0
2003-05-05,28.0,28.0,28.0,28.0,12.570615768432617,0
2003-05-06,28.0,28.0,28.0,28.0,12.570615768432617,0
2003-05-07,28.0,28.0,28.0,28.0,12.570615768432617,0
2003-05-08,28.0,28.0,28.0,28.0,12.570615768432617,0
2003-05-09,28.0,28.0,28.0,28.0,12.570615768432617,0
2003-05-12,28.0,28.0,28.0,28.0,12.570615768432617,0
2003-05-13,28.0,28.0,28.0,28.0,12.570615768432617,0
2003-05-14,28.0,28.0,28.0,28.0,12.570615768432617,0
2003-05-15,28.049999237060547,28.450000762939453,28.049999237060547,28.450000762939453,12.77264404296875,200
2003-05-16,28.450000762939453,28.450000762939453,28.450000762939453,28.450000762939453,12.77264404296875,0
2003-05-19,28.450000762939453,28.450000762939453,28.450000762939453,28.450000762939453,12.77264404296875,0
2003-05-20,28.450000762939453,28.450000762939453,28.450000762939453,28.450000762939453,12.77264404296875,0
2003-05-21,28.450000762939453,28.450000762939453,28.450000762939453,28.450000762939453,12.77264404296875,0
2003-05-22,28.450000762939453,28.450000762939453,28.450000762939453,28.450000762939453,12.77264404296875,0
2003-05-23,28.450000762939453,28.450000762939453,28.450000762939453,28.450000762939453,12.77264404296875,0
2003-05-27,27.5,27.75,27.5,27.75,12.458378791809082,5800
2003-05-28,27.75,27.75,27.75,27.75,12.458378791809082,0
2003-05-29,27.75,27.75,27.75,27.75,12.458378791809082,0
2003-05-30,27.75,27.75,27.75,27.75,12.458378791809082,0
2003-06-02,27.75,27.75,27.75,27.75,12.458378791809082,0
2003-06-03,27.75,27.75,27.75,27.75,12.458378791809082,0
2003-06-04,27.75,27.75,27.75,27.75,12.458378791809082,0
2003-06-05,27.75,27.75,27.75,27.75,12.458378791809082,0
2003-06-06,27.75,27.75,27.75,27.75,12.458378791809082,0
2003-06-09,27.75,27.75,27.75,27.75,12.458378791809082,0
2003-06-10,26.010000228881836,27.25,26.010000228881836,27.25,12.233904838562012,2000
2003-06-11,27.25,27.25,27.25,27.25,12.233904838562012,0
2003-06-12,27.25,27.25,27.25,27.25,12.233904838562012,0
2003-06-13,27.25,27.25,27.25,27.25,12.233904838562012,0
2003-06-16,29.75,29.75,29.75,29.75,13.356279373168945,100
2003-06-17,29.75,29.75,29.75,29.75,13.356279373168945,0
2003-06-18,29.75,29.75,29.75,29.75,13.356279373168945,0
2003-06-19,29.75,29.75,29.75,29.75,13.356279373168945,0
2003-06-20,29.75,29.75,29.75,29.75,13.356279373168945,0
2003-06-23,29.75,29.75,29.75,29.75,13.356279373168945,0
2003-06-24,29.75,29.75,29.75,29.75,13.356279373168945,0
2003-06-25,29.75,29.75,29.75,29.75,13.492337226867676,0
2003-06-26,28.0,28.0,27.0,27.0,12.24514389038086,200
2003-06-27,27.0,27.0,27.0,27.0,12.24514389038086,0
2003-06-30,27.0,27.0,27.0,27.0,12.24514389038086,0
2003-07-01,27.0,27.0,27.0,27.0,12.24514389038086,0
2003-07-02,27.0,27.0,27.0,27.0,12.24514389038086,0
2003-07-03,27.0,27.0,27.0,27.0,12.24514389038086,0
2003-07-07,27.0,27.0,27.0,27.0,12.24514389038086,0
2003-07-08,26.600000381469727,26.600000381469727,26.600000381469727,26.600000381469727,12.06373405456543,1000
2003-07-09,26.600000381469727,26.600000381469727,26.600000381469727,26.600000381469727,12.06373405456543,0
2003-07-10,26.600000381469727,26.600000381469727,26.600000381469727,26.600000381469727,12.06373405456543,0
2003-07-11,26.600000381469727,26.600000381469727,26.600000381469727,26.600000381469727,12.06373405456543,0
2003-07-14,26.600000381469727,26.600000381469727,26.600000381469727,26.600000381469727,12.06373405456543,0
2003-07-15,27.0,27.0,27.0,27.0,12.24514389038086,200
2003-07-16,27.75,28.0,27.75,28.0,12.6986665725708,2000
2003-07-17,28.0,28.0,28.0,28.0,12.6986665725708,0
2003-07-18,27.75,28.0,27.75,28.0,12.6986665725708,5000
2003-07-21,28.0,28.0,28.0,28.0,12.6986665725708,0
2003-07-22,28.0,28.0,28.0,28.0,12.6986665725708,0
2003-07-23,28.0,28.0,28.0,28.0,12.6986665725708,0
2003-07-24,28.0,28.0,28.0,28.0,12.6986665725708,0
2003-07-25,28.0,28.0,28.0,28.0,12.6986665725708,0
2003-07-28,28.0,28.25,28.0,28.25,12.812054634094238,5200
2003-07-29,28.25,28.25,28.25,28.25,12.812054634094238,0
2003-07-30,28.25,28.25,28.25,28.25,12.812054634094238,0
2003-07-31,28.25,28.25,28.25,28.25,12.812054634094238,300
2003-08-01,28.25,28.25,28.25,28.25,12.812054634094238,0
2003-08-04,28.25,28.25,28.25,28.25,12.812054634094238,0
2003-08-05,28.25,28.25,28.25,28.25,12.812054634094238,0
2003-08-06,28.25,28.25,28.25,28.25,12.812054634094238,0
2003-08-07,28.25,28.25,28.25,28.25,12.812054634094238,0
2003-08-08,28.25,28.25,28.25,28.25,12.812054634094238,0
2003-08-11,28.25,28.25,28.25,28.25,12.812054634094238,0
2003-08-12,28.25,28.25,28.25,28.25,12.812054634094238,0
2003-08-13,28.25,28.25,28.25,28.25,12.812054634094238,0
2003-08-14,28.25,28.25,28.25,28.25,12.812054634094238,0
2003-08-15,28.25,28.25,28.25,28.25,12.812054634094238,0
2003-08-18,28.25,28.25,28.25,28.25,12.812054634094238,0
2003-08-19,28.25,28.25,28.25,28.25,12.812054634094238,0
2003-08-20,28.25,28.25,28.25,28.25,12.812054634094238,0
2003-08-21,28.25,28.25,28.25,28.25,12.812054634094238,0
2003-08-22,28.25,28.25,28.25,28.25,12.812054634094238,0
2003-08-25,28.149999618530273,28.399999618530273,28.149999618530273,28.399999618530273,12.880081176757812,5600
2003-08-26,28.899999618530273,28.899999618530273,28.899999618530273,28.899999618530273,13.106840133666992,2800
2003-08-27,28.899999618530273,28.899999618530273,28.899999618530273,28.899999618530273,13.106840133666992,0
2003-08-28,28.6299991607666,28.6299991607666,28.6299991607666,28.6299991607666,12.984390258789062,3000
2003-08-29,28.6299991607666,28.6299991607666,28.6299991607666,28.6299991607666,12.984390258789062,0
2003-09-02,28.6299991607666,28.6299991607666,28.6299991607666,28.6299991607666,12.984390258789062,0
2003-09-03,28.600000381469727,28.899999618530273,28.600000381469727,28.899999618530273,13.106840133666992,800
2003-09-04,28.899999618530273,28.899999618530273,28.899999618530273,28.899999618530273,13.106840133666992,0
2003-09-05,28.899999618530273,28.899999618530273,28.899999618530273,28.899999618530273,13.106840133666992,0
2003-09-08,28.899999618530273,28.899999618530273,28.899999618530273,28.899999618530273,13.106840133666992,0
2003-09-09,28.899999618530273,28.899999618530273,28.899999618530273,28.899999618530273,13.106840133666992,0
2003-09-10,28.899999618530273,28.899999618530273,28.899999618530273,28.899999618530273,13.106840133666992,0
2003-09-11,28.600000381469727,28.600000381469727,28.600000381469727,28.600000381469727,12.970787048339844,100
2003-09-12,28.600000381469727,28.600000381469727,28.600000381469727,28.600000381469727,12.970787048339844,0
2003-09-15,28.600000381469727,28.600000381469727,28.600000381469727,28.600000381469727,12.970787048339844,0
2003-09-16,29.0,29.0,29.0,29.0,13.152194023132324,600
2003-09-17,29.0,29.0,29.0,29.0,13.152194023132324,0
2003-09-18,29.0,29.0,29.0,29.0,13.152194023132324,0
2003-09-19,29.0,29.0,29.0,29.0,13.152194023132324,0
2003-09-22,28.600000381469727,28.899999618530273,28.25,28.850000381469727,13.084166526794434,7000
2003-09-23,28.850000381469727,28.850000381469727,28.850000381469727,28.850000381469727,13.084166526794434,2200
2003-09-24,28.850000381469727,28.850000381469727,28.850000381469727,28.850000381469727,13.221650123596191,0
2003-09-25,28.850000381469727,28.850000381469727,28.850000381469727,28.850000381469727,13.221650123596191,0
2003-09-26,28.850000381469727,28.850000381469727,28.850000381469727,28.850000381469727,13.221650123596191,0
2003-09-29,28.850000381469727,28.850000381469727,28.850000381469727,28.850000381469727,13.221650123596191,0
2003-09-30,28.850000381469727,28.850000381469727,28.850000381469727,28.850000381469727,13.221650123596191,0
2003-10-01,28.850000381469727,28.850000381469727,28.850000381469727,28.850000381469727,13.221650123596191,0
2003-10-02,28.850000381469727,28.850000381469727,28.850000381469727,28.850000381469727,13.221650123596191,0
2003-10-03,28.850000381469727,28.850000381469727,28.850000381469727,28.850000381469727,13.221650123596191,0
2003-10-06,28.850000381469727,28.850000381469727,28.850000381469727,28.850000381469727,13.221650123596191,0
2003-10-07,28.5,28.899999618530273,28.25,28.299999237060547,12.969588279724121,3100
2003-10-08,28.350000381469727,28.350000381469727,28.350000381469727,28.350000381469727,12.992508888244629,100
2003-10-09,28.350000381469727,28.350000381469727,28.350000381469727,28.350000381469727,12.992508888244629,0
2003-10-10,28.350000381469727,28.350000381469727,28.350000381469727,28.350000381469727,12.992508888244629,2000
2003-10-13,28.399999618530273,28.399999618530273,28.399999618530273,28.399999618530273,13.015420913696289,200
2003-10-14,28.5,28.5,28.5,28.5,13.061249732971191,400
2003-10-15,28.5,28.5,28.5,28.5,13.061249732971191,0
2003-10-16,28.5,28.5,28.5,28.5,13.061249732971191,0
2003-10-17,28.75,29.25,28.75,28.93000030517578,13.25831413269043,2700
2003-10-20,28.93000030517578,28.93000030517578,28.93000030517578,28.93000030517578,13.25831413269043,0
2003-10-21,28.93000030517578,28.93000030517578,28.93000030517578,28.93000030517578,13.25831413269043,0
2003-10-22,28.93000030517578,28.93000030517578,28.93000030517578,28.93000030517578,13.25831413269043,0
2003-10-23,28.93000030517578,28.93000030517578,28.93000030517578,28.93000030517578,13.25831413269043,0
2003-10-24,28.93000030517578,28.93000030517578,28.93000030517578,28.93000030517578,13.25831413269043,0
2003-10-27,29.0,29.0,29.0,29.0,13.290399551391602,300
2003-10-28,29.0,29.0,29.0,29.0,13.290399551391602,0
2003-10-29,29.0,29.0,29.0,29.0,13.290399551391602,0
2003-10-30,29.0,29.0,29.0,29.0,13.290399551391602,0
2003-10-31,29.0,29.0,29.0,29.0,13.290399551391602,0
2003-11-03,29.0,29.0,29.0,29.0,13.290399551391602,0
2003-11-04,29.0,29.0,29.0,29.0,13.290399551391602,0
2003-11-05,29.0,29.0,29.0,29.0,13.290399551391602,0
2003-11-06,29.0,29.0,29.0,29.0,13.290399551391602,0
2003-11-07,29.0,29.0,29.0,29.0,13.290399551391602,0
2003-11-10,29.0,29.0,29.0,29.0,13.290399551391602,0
2003-11-11,29.0,29.0,29.0,29.0,13.290399551391602,0
2003-11-12,29.0,29.0,29.0,29.0,13.290399551391602,0
2003-11-13,29.0,29.0,29.0,29.0,13.290399551391602,0
2003-11-14,29.0,29.0,29.0,29.0,13.290399551391602,0
2003-11-17,29.0,29.0,29.0,29.0,13.290399551391602,0
2003-11-18,29.0,29.0,29.0,29.0,13.290399551391602,0
2003-11-19,29.0,29.0,29.0,29.0,13.290399551391602,0
2003-11-20,29.0,29.0,29.0,29.0,13.290399551391602,0
2003-11-21,30.0,30.0,30.0,30.0,13.748687744140625,3500
2003-11-24,32.0,32.0,32.0,32.0,14.665265083312988,300
2003-11-25,32.0,32.0,32.0,32.0,14.665265083312988,0
2003-11-26,32.0,32.0,32.0,32.0,14.665265083312988,0
2003-11-28,32.0,32.0,32.0,32.0,14.665265083312988,0
2003-12-01,32.0,32.0,32.0,32.0,14.665265083312988,0
2003-12-02,32.0,32.0,32.0,32.0,14.665265083312988,0
2003-12-03,32.0,32.0,32.0,32.0,14.665265083312988,0
2003-12-04,30.020000457763672,30.020000457763672,30.0,30.0,13.748687744140625,1300
2003-12-05,30.0,30.0,30.0,30.0,13.748687744140625,0
2003-12-08,30.75,30.75,30.75,30.75,14.092400550842285,200
2003-12-09,30.75,30.75,30.75,30.75,14.092400550842285,0
2003-12-10,30.75,30.75,30.75,30.75,14.092400550842285,0
2003-12-11,30.75,30.75,30.75,30.75,14.092400550842285,0
2003-12-12,30.75,30.75,30.75,30.75,14.092400550842285,0
2003-12-15,30.0,30.0,30.0,30.0,13.748687744140625,700
2003-12-16,30.0,30.0,30.0,30.0,13.748687744140625,0
2003-12-17,30.0,30.0,30.0,30.0,13.748687744140625,0
2003-12-18,30.0,30.0,30.0,30.0,13.748687744140625,0
2003-12-19,30.5,30.5,30.5,30.5,13.977825164794922,400
2003-12-22,30.5,30.5,30.5,30.5,13.977825164794922,100
2003-12-23,30.5,30.5,30.5,30.5,14.116682052612305,0
2003-12-24,30.5,30.5,30.5,30.5,14.116682052612305,0
2003-12-26,30.5,30.5,30.5,30.5,14.116682052612305,0
2003-12-29,30.0,30.0,30.0,30.0,13.88526439666748,100
2003-12-30,30.0,30.0,30.0,30.0,13.88526439666748,0
2003-12-31,31.0,31.0,31.0,31.0,14.348101615905762,500
2004-01-02,31.0,31.0,31.0,31.0,14.348101615905762,0
2004-01-05,30.0,30.0,30.0,30.0,13.88526439666748,700
2004-01-06,30.0,30.0,30.0,30.0,13.88526439666748,0
2004-01-07,30.0,30.0,30.0,30.0,13.88526439666748,0
2004-01-08,30.0,30.0,30.0,30.0,13.88526439666748,0
2004-01-09,30.0,30.0,30.0,30.0,13.88526439666748,0
2004-01-12,30.0,30.0,30.0,30.0,13.88526439666748,0
2004-01-13,30.0,30.0,30.0,30.0,13.88526439666748,0
2004-01-14,30.0,30.0,30.0,30.0,13.88526439666748,0
2004-01-15,30.0,30.0,30.0,30.0,13.88526439666748,0
2004-01-16,30.0,30.5,30.0,30.5,14.116682052612305,2700
2004-01-20,30.0,30.0,30.0,30.0,13.88526439666748,200
2004-01-21,30.5,30.5,30.5,30.5,14.116682052612305,600
2004-01-22,30.5,30.5,30.5,30.5,14.116682052612305,0
2004-01-23,30.5,30.5,30.5,30.5,14.116682052612305,0
2004-01-26,30.5,30.5,30.5,30.5,14.116682052612305,0
2004-01-27,30.75,30.75,30.75,30.75,14.232393264770508,200
2004-01-28,30.75,30.75,30.75,30.75,14.232393264770508,0
2004-01-29,30.75,30.75,30.75,30.75,14.232393264770508,0
2004-01-30,30.5,30.75,30.5,30.75,14.232393264770508,900
2004-02-02,30.25,30.25,30.25,30.25,14.000971794128418,100
2004-02-03,30.25,30.25,30.25,30.25,14.000971794128418,0
2004-02-04,30.25,30.25,30.25,30.25,14.000971794128418,0
2004-02-05,30.25,30.25,30.25,30.25,14.000971794128418,0
2004-02-06,30.25,30.25,30.25,30.25,14.000971794128418,0
2004-02-09,30.25,30.25,30.25,30.25,14.000971794128418,400
2004-02-10,30.25,30.25,30.25,30.25,14.000971794128418,0
2004-02-11,30.25,30.25,30.25,30.25,14.000971794128418,0
2004-02-12,30.25,30.25,30.25,30.25,14.000971794128418,0
2004-02-13,30.25,30.25,30.25,30.25,14.000971794128418,0
2004-02-17,31.0,31.0,31.0,31.0,14.348101615905762,100
2004-02-18,31.0,31.0,31.0,31.0,14.348101615905762,0
2004-02-19,31.0,31.0,30.25,30.25,14.000971794128418,2000
2004-02-20,30.25,30.25,30.25,30.25,14.000971794128418,0
2004-02-23,30.25,30.25,30.25,30.25,14.000971794128418,300
2004-02-24,30.5,30.5,30.5,30.5,14.116682052612305,300
2004-02-25,30.5,30.5,30.5,30.5,14.116682052612305,0
2004-02-26,30.5,30.5,30.5,30.5,14.116682052612305,0
2004-02-27,30.5,30.5,30.5,30.5,14.116682052612305,0
2004-03-01,30.5,30.5,30.5,30.5,14.116682052612305,0
2004-03-02,30.5,30.5,30.5,30.5,14.116682052612305,0
2004-03-03,30.5,30.5,30.5,30.5,14.116682052612305,0
2004-03-04,30.5,30.5,30.5,30.5,14.116682052612305,0
2004-03-05,30.5,30.5,30.5,30.5,14.116682052612305,0
2004-03-08,30.5,30.5,30.5,30.5,14.116682052612305,0
2004-03-09,30.5,30.5,30.5,30.5,14.116682052612305,0
2004-03-10,30.5,30.5,30.5,30.5,14.116682052612305,0
2004-03-11,30.5,30.5,30.5,30.5,14.116682052612305,0
2004-03-12,30.5,30.5,30.5,30.5,14.116682052612305,0
2004-03-15,30.5,30.5,30.5,30.5,14.116682052612305,0
2004-03-16,30.5,30.5,30.5,30.5,14.116682052612305,0
2004-03-17,30.5,30.5,30.5,30.5,14.116682052612305,0
2004-03-18,30.5,30.5,30.5,30.5,14.116682052612305,0
2004-03-19,30.5,30.5,30.5,30.5,14.116682052612305,0
2004-03-22,30.5,30.5,30.5,30.5,14.116682052612305,0
2004-03-23,30.5,30.5,30.5,30.5,14.116682052612305,0
2004-03-24,33.0,33.0,31.5,31.5,14.729231834411621,600
2004-03-25,31.5,31.5,31.5,31.5,14.729231834411621,0
2004-03-26,31.5,31.5,31.5,31.5,14.729231834411621,0
2004-03-29,31.5,31.5,31.5,31.5,14.729231834411621,0
2004-03-30,31.5,31.5,31.5,31.5,14.729231834411621,200
2004-03-31,30.5,30.5,30.5,30.5,14.261638641357422,900
2004-04-01,30.5,30.5,30.5,30.5,14.261638641357422,0
2004-04-02,30.5,30.5,30.5,30.5,14.261638641357422,0
2004-04-05,30.5,30.5,30.5,30.5,14.261638641357422,0
2004-04-06,30.5,30.5,30.5,30.5,14.261638641357422,0
2004-04-07,30.5,30.5,30.5,30.5,14.261638641357422,0
2004-04-08,30.5,30.5,30.5,30.5,14.261638641357422,0
2004-04-12,31.5,31.5,31.0,31.25,14.612335205078125,21100
2004-04-13,31.25,31.25,31.25,31.25,14.612335205078125,0
2004-04-14,31.25,31.25,31.25,31.25,14.612335205078125,400
2004-04-15,31.25,31.25,31.25,31.25,14.612335205078125,0
2004-04-16,31.25,31.25,31.25,31.25,14.612335205078125,0
2004-04-19,31.25,31.25,31.25,31.25,14.612335205078125,0
2004-04-20,31.25,31.25,31.25,31.25,14.612335205078125,0
2004-04-21,31.5,31.899999618530273,31.5,31.899999618530273,14.916265487670898,300
2004-04-22,31.899999618530273,31.899999618530273,31.899999618530273,31.899999618530273,14.916265487670898,0
2004-04-23,31.899999618530273,31.899999618530273,31.899999618530273,31.899999618530273,14.916265487670898,0
2004-04-26,31.5,31.5,31.5,31.5,14.729231834411621,300
2004-04-27,31.5,31.5,31.5,31.5,14.729231834411621,0
2004-04-28,32.0,32.0,32.0,32.0,14.963029861450195,1500
2004-04-29,31.0,31.0,31.0,31.0,14.495433807373047,1000
2004-04-30,31.0,31.0,31.0,31.0,14.495433807373047,0
2004-05-03,32.54999923706055,32.54999923706055,32.5,32.5,15.196828842163086,2400
2004-05-04,32.5,32.5,32.5,32.5,15.196828842163086,0
2004-05-05,32.5,32.5,32.5,32.5,15.196828842163086,0
2004-05-06,32.5,32.5,32.5,32.5,15.196828842163086,0
2004-05-07,32.5,32.5,32.5,32.5,15.196828842163086,0
2004-05-10,32.349998474121094,32.349998474121094,32.0,32.0,14.963029861450195,7000
2004-05-11,32.0,32.0,32.0,32.0,14.963029861450195,0
2004-05-12,32.0,32.25,31.850000381469727,31.850000381469727,14.892889022827148,1500
2004-05-13,31.850000381469727,31.850000381469727,31.850000381469727,31.850000381469727,14.892889022827148,0
2004-05-14,31.850000381469727,31.850000381469727,31.850000381469727,31.850000381469727,14.892889022827148,0
2004-05-17,31.850000381469727,31.850000381469727,31.850000381469727,31.850000381469727,14.892889022827148,0
2004-05-18,31.850000381469727,31.850000381469727,31.850000381469727,31.850000381469727,14.892889022827148,0
2004-05-19,31.850000381469727,31.850000381469727,31.850000381469727,31.850000381469727,14.892889022827148,0
2004-05-20,31.850000381469727,31.850000381469727,31.850000381469727,31.850000381469727,14.892889022827148,0
2004-05-21,31.850000381469727,31.850000381469727,31.850000381469727,31.850000381469727,14.892889022827148,0
2004-05-24,31.850000381469727,31.850000381469727,31.850000381469727,31.850000381469727,14.892889022827148,0
2004-05-25,31.850000381469727,31.850000381469727,31.850000381469727,31.850000381469727,14.892889022827148,0
2004-05-26,31.950000762939453,31.950000762939453,31.950000762939453,31.950000762939453,14.939650535583496,7900
2004-05-27,31.950000762939453,31.950000762939453,31.950000762939453,31.950000762939453,14.939650535583496,0
2004-05-28,32.0,32.0,32.0,32.0,14.963029861450195,200
2004-06-01,32.0,32.0,32.0,32.0,14.963029861450195,0
2004-06-02,32.0,32.0,32.0,32.0,14.963029861450195,0
2004-06-03,32.0,32.0,32.0,32.0,14.963029861450195,0
2004-06-04,32.0,32.0,32.0,32.0,14.963029861450195,0
2004-06-07,32.54999923706055,33.0,32.54999923706055,33.0,15.430623054504395,600
2004-06-08,33.099998474121094,33.099998474121094,33.099998474121094,33.099998474121094,15.477386474609375,800
2004-06-09,33.099998474121094,33.099998474121094,33.099998474121094,33.099998474121094,15.477386474609375,0
2004-06-10,33.099998474121094,33.099998474121094,33.099998474121094,33.099998474121094,15.477386474609375,0
2004-06-14,33.099998474121094,33.099998474121094,33.099998474121094,33.099998474121094,15.477386474609375,0
2004-06-15,33.099998474121094,33.099998474121094,33.099998474121094,33.099998474121094,15.477386474609375,0
2004-06-16,33.099998474121094,33.099998474121094,33.099998474121094,33.099998474121094,15.477386474609375,0
2004-06-17,33.099998474121094,33.099998474121094,33.099998474121094,33.099998474121094,15.477386474609375,0
2004-06-18,33.0,33.0,32.29999923706055,32.29999923706055,15.103309631347656,3000
2004-06-21,32.849998474121094,32.849998474121094,32.849998474121094,32.849998474121094,15.360482215881348,400
2004-06-22,32.849998474121094,32.849998474121094,32.849998474121094,32.849998474121094,15.360482215881348,0
2004-06-23,33.75,33.75,33.75,33.75,15.781315803527832,1800
2004-06-24,33.75,33.75,33.75,33.75,15.781315803527832,0
2004-06-25,33.75,33.75,33.75,33.75,15.781315803527832,0
2004-06-28,33.75,33.75,33.75,33.75,15.781315803527832,0
2004-06-29,33.75,33.75,33.75,33.75,15.781315803527832,0
2004-06-30,33.75,33.75,33.75,33.75,15.781315803527832,0
2004-07-01,33.0,33.0,33.0,33.0,15.430623054504395,3600
2004-07-02,33.650001525878906,34.04999923706055,33.650001525878906,34.04999923706055,15.921605110168457,2500
2004-07-06,34.04999923706055,34.04999923706055,34.04999923706055,34.04999923706055,15.921605110168457,0
2004-07-07,34.04999923706055,34.04999923706055,34.04999923706055,34.04999923706055,15.921605110168457,0
2004-07-08,34.04999923706055,34.04999923706055,34.04999923706055,34.04999923706055,15.921605110168457,0
2004-07-09,34.04999923706055,34.04999923706055,34.04999923706055,34.04999923706055,15.921605110168457,0
2004-07-12,34.5,34.5,34.5,34.5,16.13201141357422,100
2004-07-13,34.5,34.5,34.5,34.5,16.13201141357422,0
2004-07-14,34.5,34.5,34.25,34.5,16.13201141357422,900
2004-07-15,34.5,34.5,34.5,34.5,16.13201141357422,0
2004-07-16,34.5,34.5,34.5,34.5,16.13201141357422,0
2004-07-19,34.5,34.5,34.5,34.5,16.13201141357422,0
2004-07-20,34.5,34.5,34.5,34.5,16.13201141357422,0
2004-07-21,34.5,34.5,34.5,34.5,16.13201141357422,0
2004-07-22,34.5,34.5,34.5,34.5,16.13201141357422,0
2004-07-23,35.0,35.0,35.0,35.0,16.36581802368164,100
2004-07-26,35.0,35.0,35.0,35.0,16.36581802368164,0
2004-07-27,34.5,34.5,34.0,34.0,15.898222923278809,600
2004-07-28,34.0,34.0,34.0,34.0,15.898222923278809,0
2004-07-29,34.0,34.0,34.0,34.0,15.898222923278809,0
2004-07-30,34.0,34.0,33.0,33.0,15.430623054504395,1000
2004-08-02,33.0,33.0,33.0,33.0,15.430623054504395,0
2004-08-03,33.0,33.0,33.0,33.0,15.430623054504395,0
2004-08-04,33.0,33.0,33.0,33.0,15.430623054504395,0
2004-08-05,33.0,33.0,33.0,33.0,15.430623054504395,0
2004-08-06,33.0,33.0,33.0,33.0,15.430623054504395,0
2004-08-09,33.5,33.5,33.5,33.5,15.664422035217285,600
2004-08-10,33.5,33.5,33.5,33.5,15.664422035217285,0
2004-08-11,33.5,33.5,33.5,33.5,15.664422035217285,0
2004-08-12,33.0,33.099998474121094,33.0,33.04999923706055,15.45400333404541,2000
2004-08-13,33.0,33.04999923706055,33.0,33.0,15.430623054504395,2300
2004-08-16,33.0,33.0,33.0,33.0,15.430623054504395,0
2004-08-17,33.0,33.0,33.0,33.0,15.430623054504395,0
2004-08-18,33.0,33.0,32.75,33.0,15.430623054504395,7300
2004-08-19,32.900001525878906,32.900001525878906,32.900001525878906,32.900001525878906,15.38387393951416,200
2004-08-20,33.0,33.0,33.0,33.0,15.430623054504395,300
2004-08-23,33.25,33.25,33.25,33.25,15.547530174255371,400
2004-08-24,33.25,33.25,33.25,33.25,15.547530174255371,200
2004-08-25,33.25,33.25,33.25,33.25,15.547530174255371,0
2004-08-26,33.25,33.25,33.25,33.25,15.547530174255371,0
2004-08-27,33.25,33.25,33.25,33.25,15.547530174255371,0
2004-08-30,33.25,33.25,33.25,33.25,15.547530174255371,0
2004-08-31,34.0,34.29999923706055,34.0,34.29999923706055,16.03849983215332,600
2004-09-01,34.29999923706055,34.29999923706055,34.29999923706055,34.29999923706055,16.03849983215332,0
2004-09-02,35.0,35.5,35.0,35.5,16.599611282348633,500
2004-09-03,35.5,35.5,35.5,35.5,16.599611282348633,0
2004-09-07,35.5,35.5,35.5,35.5,16.599611282348633,0
2004-09-08,35.5,35.5,35.5,35.5,16.599611282348633,0
2004-09-09,34.54999923706055,34.54999923706055,34.54999923706055,34.54999923706055,16.155393600463867,1600
2004-09-10,34.54999923706055,34.54999923706055,34.54999923706055,34.54999923706055,16.155393600463867,0
2004-09-13,34.54999923706055,34.54999923706055,34.54999923706055,34.54999923706055,16.155393600463867,0
2004-09-14,34.54999923706055,34.54999923706055,34.54999923706055,34.54999923706055,16.155393600463867,0
2004-09-15,34.54999923706055,34.54999923706055,34.54999923706055,34.54999923706055,16.155393600463867,0
2004-09-16,34.599998474121094,34.599998474121094,34.599998474121094,34.599998474121094,16.178773880004883,200
2004-09-17,34.599998474121094,34.599998474121094,34.599998474121094,34.599998474121094,16.178773880004883,0
2004-09-20,34.599998474121094,34.599998474121094,34.599998474121094,34.599998474121094,16.178773880004883,0
2004-09-21,34.599998474121094,34.599998474121094,34.599998474121094,34.599998474121094,16.178773880004883,0
2004-09-22,34.599998474121094,34.599998474121094,34.599998474121094,34.599998474121094,16.178773880004883,0
2004-09-23,34.599998474121094,34.599998474121094,34.599998474121094,34.599998474121094,16.178773880004883,0
2004-09-24,34.599998474121094,34.599998474121094,34.599998474121094,34.599998474121094,16.178773880004883,0
2004-09-27,34.599998474121094,34.599998474121094,34.599998474121094,34.599998474121094,16.178773880004883,0
2004-09-28,34.599998474121094,34.599998474121094,34.599998474121094,34.599998474121094,16.178773880004883,0
2004-09-29,34.599998474121094,34.599998474121094,34.599998474121094,34.599998474121094,16.178773880004883,0
2004-09-30,34.599998474121094,34.599998474121094,34.599998474121094,34.599998474121094,16.178773880004883,0
2004-10-01,34.599998474121094,34.599998474121094,34.599998474121094,34.599998474121094,16.178773880004883,0
2004-10-04,34.599998474121094,34.599998474121094,34.599998474121094,34.599998474121094,16.178773880004883,0
2004-10-05,34.599998474121094,34.599998474121094,34.599998474121094,34.599998474121094,16.178773880004883,0
2004-10-06,36.04999923706055,36.04999923706055,36.04999923706055,36.04999923706055,16.85678482055664,200
2004-10-07,36.04999923706055,36.04999923706055,36.04999923706055,36.04999923706055,16.85678482055664,400
2004-10-08,36.04999923706055,36.04999923706055,36.04999923706055,36.04999923706055,16.85678482055664,0
2004-10-11,36.04999923706055,36.04999923706055,36.04999923706055,36.04999923706055,16.85678482055664,300
2004-10-12,36.04999923706055,36.04999923706055,36.04999923706055,36.04999923706055,16.85678482055664,0
2004-10-13,36.04999923706055,36.04999923706055,36.04999923706055,36.04999923706055,16.85678482055664,0
2004-10-14,37.0,37.0,37.0,37.0,17.301000595092773,100
2004-10-15,37.0,37.0,37.0,37.0,17.301000595092773,0
2004-10-18,37.0,37.0,37.0,37.0,17.301000595092773,0
2004-10-19,37.0,37.0,37.0,37.0,17.301000595092773,0
2004-10-20,37.0,37.0,37.0,37.0,17.301000595092773,0
2004-10-21,37.0,37.0,37.0,37.0,17.301000595092773,0
2004-10-22,37.0,37.0,37.0,37.0,17.301000595092773,0
2004-10-25,37.0,37.0,37.0,37.0,17.301000595092773,0
2004-10-26,36.5,36.5,36.5,36.5,17.06719970703125,300
2004-10-27,36.5,36.5,36.5,36.5,17.06719970703125,0
2004-10-28,36.5,36.5,36.5,36.5,17.06719970703125,0
2004-10-29,36.45000076293945,36.45000076293945,36.45000076293945,36.45000076293945,17.04383087158203,600
2004-11-01,36.45000076293945,36.45000076293945,36.45000076293945,36.45000076293945,17.04383087158203,600
2004-11-02,36.45000076293945,36.45000076293945,36.45000076293945,36.45000076293945,17.04383087158203,0
2004-11-03,36.45000076293945,36.45000076293945,36.45000076293945,36.45000076293945,17.04383087158203,0
2004-11-04,37.5,37.5,37.5,37.5,17.53480339050293,100
2004-11-05,37.25,37.25,37.0,37.25,17.417896270751953,900
2004-11-08,37.25,37.25,37.25,37.25,17.417896270751953,0
2004-11-09,37.25,37.25,37.25,37.25,17.417896270751953,0
2004-11-10,37.5,37.5,37.5,37.5,17.53480339050293,200
2004-11-11,37.0,37.0,37.0,37.0,17.301000595092773,300
2004-11-12,37.0,37.0,37.0,37.0,17.301000595092773,0
2004-11-15,36.5,36.5,36.5,36.5,17.06719970703125,100
2004-11-16,40.0,40.0,37.0,37.0,17.301000595092773,600
2004-11-17,37.0,37.0,37.0,37.0,17.301000595092773,0
2004-11-18,37.0,37.0,37.0,37.0,17.301000595092773,0
2004-11-19,37.0,37.0,37.0,37.0,17.301000595092773,0
2004-11-22,37.0,37.0,37.0,37.0,17.301000595092773,0
2004-11-23,38.0,38.0,38.0,38.0,17.768598556518555,100
2004-11-24,38.0,38.0,38.0,38.0,17.768598556518555,0
2004-11-26,38.0,38.0,38.0,38.0,17.768598556518555,0
2004-11-29,35.75,35.75,35.75,35.75,16.71651268005371,200
2004-11-30,35.75,35.75,35.75,35.75,16.71651268005371,0
2004-12-01,35.75,35.75,35.75,35.75,16.71651268005371,0
2004-12-02,35.75,35.75,35.75,35.75,16.71651268005371,200
2004-12-03,35.75,35.75,35.75,35.75,16.71651268005371,0
2004-12-06,35.75,35.75,35.75,35.75,16.71651268005371,0
2004-12-07,35.75,35.75,35.75,35.75,16.71651268005371,0
2004-12-08,35.5,35.5,35.5,35.5,16.599611282348633,6900
2004-12-09,35.25,35.25,35.25,35.25,16.48271942138672,100
2004-12-10,35.25,35.25,35.25,35.25,16.48271942138672,0
2004-12-13,35.25,35.25,35.25,35.25,16.48271942138672,0
2004-12-14,35.5,37.0,35.5,37.0,17.301000595092773,300
2004-12-15,35.5,35.5,35.5,35.5,16.599611282348633,900
2004-12-16,35.5,35.5,35.5,35.5,16.599611282348633,0
2004-12-17,35.5,35.5,35.5,35.5,16.599611282348633,0
2004-12-20,35.5,35.5,35.5,35.5,16.599611282348633,0
2004-12-21,35.5,35.5,35.5,35.5,16.745847702026367,0
2004-12-22,35.5,35.5,35.5,35.5,16.745847702026367,0
2004-12-23,37.5,37.5,37.5,37.5,17.689273834228516,200
2004-12-27,37.5,37.5,37.5,37.5,17.689273834228516,0
2004-12-28,37.5,37.5,37.5,37.5,17.689273834228516,0
2004-12-29,37.5,37.5,37.5,37.5,17.689273834228516,0
2004-12-30,37.5,37.5,37.5,37.5,17.689273834228516,400
2004-12-31,36.5,36.5,36.5,36.5,17.21755027770996,200
2005-01-03,36.5,36.5,36.5,36.5,17.21755027770996,0
2005-01-04,36.54999923706055,36.54999923706055,36.54999923706055,36.54999923706055,17.241140365600586,1200
2005-01-05,37.04999923706055,37.04999923706055,37.04999923706055,37.04999923706055,17.47699546813965,200
2005-01-06,37.04999923706055,37.04999923706055,37.04999923706055,37.04999923706055,17.47699546813965,0
2005-01-07,36.75,36.75,36.75,36.75,17.335485458374023,1200
2005-01-10,36.75,36.75,36.75,36.75,17.335485458374023,0
2005-01-11,36.75,36.75,36.0,36.0,16.9816951751709,1300
2005-01-12,36.0,36.0,36.0,36.0,16.9816951751709,0
2005-01-13,36.0,36.0,36.0,36.0,16.9816951751709,0
2005-01-14,36.0,36.0,36.0,36.0,16.9816951751709,0
2005-01-18,35.5,35.5,35.5,35.5,16.745847702026367,400
2005-01-19,35.5,35.5,35.5,35.5,16.745847702026367,0
2005-01-20,35.5,35.5,35.5,35.5,16.745847702026367,0
2005-01-21,37.0,37.0,35.0,35.0,16.509986877441406,600
2005-01-24,35.0,35.0,35.0,35.0,16.509986877441406,0
2005-01-25,35.0,35.0,35.0,35.0,16.509986877441406,0
2005-01-26,35.0,35.0,35.0,35.0,16.509986877441406,0
2005-01-27,35.0,35.0,35.0,35.0,16.509986877441406,200
2005-01-28,35.0,35.0,35.0,35.0,16.509986877441406,0
2005-01-31,35.0,35.0,35.0,35.0,16.509986877441406,200
2005-02-01,35.0,35.0,35.0,35.0,16.509986877441406,0
2005-02-02,35.5,35.5,35.0,35.0,16.509986877441406,200
2005-02-03,35.0,35.0,35.0,35.0,16.509986877441406,0
2005-02-04,35.0,35.0,35.0,35.0,16.509986877441406,0
2005-02-07,35.0,35.0,34.95000076293945,34.95000076293945,16.486392974853516,1200
2005-02-08,35.0,35.0,35.0,35.0,16.509986877441406,2600
2005-02-09,35.0,35.0,35.0,35.0,16.509986877441406,0
2005-02-10,34.75,34.75,34.75,34.75,16.39206314086914,500
2005-02-11,34.75,35.5,34.75,35.5,16.745847702026367,1500
2005-02-14,34.75,34.75,34.75,34.75,16.39206314086914,200
2005-02-15,34.75,34.75,34.75,34.75,16.39206314086914,0
2005-02-16,35.0,35.0,35.0,35.0,16.509986877441406,200
2005-02-17,34.75,34.75,34.75,34.75,16.39206314086914,200
2005-02-18,35.0,35.0,35.0,35.0,16.509986877441406,100
2005-02-22,34.5,34.5,34.5,34.5,16.27412223815918,400
2005-02-23,34.5,34.5,34.5,34.5,16.27412223815918,0
2005-02-24,34.5,34.5,34.5,34.5,16.27412223815918,0
2005-02-25,34.5,34.5,34.5,34.5,16.27412223815918,0
2005-02-28,34.5,34.5,34.5,34.5,16.27412223815918,0
2005-03-01,34.5,34.5,34.5,34.5,16.27412223815918,0
2005-03-02,33.599998474121094,33.599998474121094,33.599998474121094,33.599998474121094,15.849583625793457,300
2005-03-03,33.599998474121094,33.599998474121094,33.599998474121094,33.599998474121094,15.849583625793457,0
2005-03-04,33.599998474121094,33.599998474121094,33.599998474121094,33.599998474121094,15.849583625793457,0
2005-03-07,34.400001525878906,34.5,34.400001525878906,34.5,16.27412223815918,700
2005-03-08,34.5,34.5,34.5,34.5,16.27412223815918,1000
2005-03-09,34.5,34.5,34.5,34.5,16.27412223815918,0
2005-03-10,34.5,34.5,34.5,34.5,16.27412223815918,700
2005-03-11,34.5,34.5,34.5,34.5,16.27412223815918,0
2005-03-14,34.5,34.5,34.5,34.5,16.27412223815918,0
2005-03-15,34.5,34.5,34.5,34.5,16.27412223815918,400
2005-03-16,34.5,34.5,34.5,34.5,16.27412223815918,0
2005-03-17,34.5,34.5,34.5,34.5,16.27412223815918,0
2005-03-18,34.5,34.5,34.5,34.5,16.27412223815918,0
2005-03-21,34.5,34.5,34.5,34.5,16.27412223815918,0
2005-03-22,34.5,34.5,34.5,34.5,16.431303024291992,0
2005-03-23,35.0,35.5,35.0,35.5,16.907567977905273,500
2005-03-24,35.5,35.5,35.5,35.5,16.907567977905273,200
2005-03-28,35.5,35.5,35.5,35.5,16.907567977905273,0
2005-03-29,35.5,35.5,35.5,35.5,16.907567977905273,0
2005-03-30,35.5,35.5,35.5,35.5,16.907567977905273,0
2005-03-31,35.5,35.5,35.5,35.5,16.907567977905273,0
2005-04-01,35.5,35.5,35.5,35.5,16.907567977905273,0
2005-04-04,35.5,35.5,35.5,35.5,16.907567977905273,0
2005-04-05,35.5,35.5,35.5,35.5,16.907567977905273,0
2005-04-06,35.5,35.5,35.5,35.5,16.907567977905273,0
2005-04-07,35.5,35.5,35.5,35.5,16.907567977905273,200
2005-04-08,35.5,35.5,35.5,35.5,16.907567977905273,0
2005-04-11,35.5,35.5,35.5,35.5,16.907567977905273,0
2005-04-12,35.5,35.5,35.5,35.5,16.907567977905273,0
2005-04-13,35.5,35.5,35.5,35.5,16.907567977905273,0
2005-04-14,35.5,35.5,35.5,35.5,16.907567977905273,0
2005-04-15,35.20000076293945,35.20000076293945,35.20000076293945,35.20000076293945,16.76468276977539,600
2005-04-18,35.5,35.5,35.5,35.5,16.907567977905273,500
2005-04-19,35.5,35.5,35.5,35.5,16.907567977905273,1000
2005-04-20,35.5,35.5,35.5,35.5,16.907567977905273,0
2005-04-21,35.5,35.5,35.5,35.5,16.907567977905273,0
2005-04-22,35.5,35.5,35.5,35.5,16.907567977905273,0
2005-04-25,35.5,35.5,35.5,35.5,16.907567977905273,0
2005-04-26,35.5,35.5,35.20000076293945,35.20000076293945,16.76468276977539,600
2005-04-27,35.20000076293945,35.20000076293945,35.20000076293945,35.20000076293945,16.76468276977539,0
2005-04-28,35.20000076293945,35.20000076293945,35.20000076293945,35.20000076293945,16.76468276977539,0
2005-04-29,35.20000076293945,35.20000076293945,35.20000076293945,35.20000076293945,16.76468276977539,0
2005-05-02,35.20000076293945,35.20000076293945,35.20000076293945,35.20000076293945,16.76468276977539,0
2005-05-03,35.20000076293945,35.20000076293945,35.20000076293945,35.20000076293945,16.76468276977539,0
2005-05-04,35.54999923706055,35.54999923706055,35.54999923706055,35.54999923706055,16.931381225585938,200
2005-05-05,35.54999923706055,35.54999923706055,35.54999923706055,35.54999923706055,16.931381225585938,0
2005-05-06,35.54999923706055,35.54999923706055,35.54999923706055,35.54999923706055,16.931381225585938,0
2005-05-09,35.54999923706055,35.54999923706055,35.54999923706055,35.54999923706055,16.931381225585938,0
2005-05-10,35.54999923706055,35.54999923706055,35.54999923706055,35.54999923706055,16.931381225585938,0
2005-05-11,35.54999923706055,35.54999923706055,35.54999923706055,35.54999923706055,16.931381225585938,0
2005-05-12,35.54999923706055,35.54999923706055,35.54999923706055,35.54999923706055,16.931381225585938,0
2005-05-13,35.54999923706055,35.54999923706055,35.54999923706055,35.54999923706055,16.931381225585938,0
2005-05-16,35.54999923706055,35.54999923706055,35.54999923706055,35.54999923706055,16.931381225585938,0
2005-05-17,35.54999923706055,35.54999923706055,35.54999923706055,35.54999923706055,16.931381225585938,0
2005-05-18,35.54999923706055,35.54999923706055,35.54999923706055,35.54999923706055,16.931381225585938,100
2005-05-19,35.54999923706055,35.54999923706055,35.54999923706055,35.54999923706055,16.931381225585938,0
2005-05-20,35.0,35.0,35.0,35.0,16.66943359375,600
2005-05-23,35.0,35.0,35.0,35.0,16.66943359375,0
2005-05-24,35.0,35.0,35.0,35.0,16.66943359375,0
2005-05-25,35.54999923706055,35.54999923706055,35.54999923706055,35.54999923706055,16.931381225585938,300
2005-05-26,35.54999923706055,35.54999923706055,35.54999923706055,35.54999923706055,16.931381225585938,0
2005-05-27,35.04999923706055,35.04999923706055,35.04999923706055,35.04999923706055,16.69324493408203,300
2005-05-31,35.04999923706055,35.04999923706055,35.04999923706055,35.04999923706055,16.69324493408203,0
2005-06-01,35.04999923706055,35.04999923706055,35.04999923706055,35.04999923706055,16.69324493408203,0
2005-06-02,35.04999923706055,35.04999923706055,35.04999923706055,35.04999923706055,16.69324493408203,0
2005-06-03,35.04999923706055,35.04999923706055,35.04999923706055,35.04999923706055,16.69324493408203,0
2005-06-06,35.04999923706055,35.04999923706055,35.04999923706055,35.04999923706055,16.69324493408203,0
2005-06-07,35.04999923706055,35.04999923706055,35.04999923706055,35.04999923706055,16.69324493408203,0
2005-06-08,35.04999923706055,35.04999923706055,35.04999923706055,35.04999923706055,16.69324493408203,0
2005-06-09,35.04999923706055,35.04999923706055,35.04999923706055,35.04999923706055,16.69324493408203,0
2005-06-10,35.04999923706055,35.04999923706055,35.04999923706055,35.04999923706055,16.69324493408203,0
2005-06-13,35.099998474121094,35.099998474121094,35.04999923706055,35.04999923706055,16.69324493408203,400
2005-06-14,35.04999923706055,35.04999923706055,34.45000076293945,34.45000076293945,16.40747833251953,2100
2005-06-15,34.45000076293945,34.45000076293945,34.45000076293945,34.45000076293945,16.40747833251953,0
2005-06-16,34.20000076293945,34.20000076293945,34.20000076293945,34.20000076293945,16.28841781616211,100
2005-06-17,34.20000076293945,34.20000076293945,34.20000076293945,34.20000076293945,16.28841781616211,0
2005-06-20,34.20000076293945,34.20000076293945,34.20000076293945,34.20000076293945,16.28841781616211,0
2005-06-21,34.20000076293945,34.20000076293945,34.20000076293945,34.20000076293945,16.28841781616211,0
2005-06-22,34.20000076293945,34.20000076293945,34.04999923706055,34.04999923706055,16.374982833862305,500
2005-06-23,34.04999923706055,34.04999923706055,34.04999923706055,34.04999923706055,16.374982833862305,0
2005-06-24,34.04999923706055,34.04999923706055,34.04999923706055,34.04999923706055,16.374982833862305,0
2005-06-27,33.75,33.75,33.66999816894531,33.75,16.230709075927734,600
2005-06-28,33.0,33.0,33.0,33.0,15.870025634765625,900
2005-06-29,33.0,33.0,33.0,33.0,15.870025634765625,0
2005-06-30,33.0,33.0,33.0,33.0,15.870025634765625,0
2005-07-01,33.75,33.75,33.75,33.75,16.230709075927734,4000
2005-07-05,33.75,33.75,33.75,33.75,16.230709075927734,0
2005-07-06,33.75,33.75,33.75,33.75,16.230709075927734,0
2005-07-07,33.75,33.75,33.75,33.75,16.230709075927734,0
2005-07-08,33.75,33.75,33.75,33.75,16.230709075927734,0
2005-07-11,33.75,33.75,33.75,33.75,16.230709075927734,0
2005-07-12,33.75,33.75,33.75,33.75,16.230709075927734,0
2005-07-13,34.0,34.0,33.5,34.0,16.350936889648438,1300
2005-07-14,34.0,34.0,34.0,34.0,16.350936889648438,0
2005-07-15,33.4900016784668,33.75,33.099998474121094,33.5,16.110477447509766,2000
2005-07-18,33.5,33.5,33.5,33.5,16.110477447509766,0
2005-07-19,33.5,33.5,33.5,33.5,16.110477447509766,0
2005-07-20,33.5,33.5,33.5,33.5,16.110477447509766,0
2005-07-21,33.5,33.5,33.5,33.5,16.110477447509766,0
2005-07-22,33.5,33.5,33.5,33.5,16.110477447509766,0
2005-07-25,33.5,33.5,33.5,33.5,16.110477447509766,0
2005-07-26,33.75,33.95000076293945,33.75,33.95000076293945,16.32688331604004,1000
2005-07-27,33.95000076293945,33.95000076293945,33.75,33.79999923706055,16.254751205444336,3800
2005-07-28,33.79999923706055,33.79999923706055,33.79999923706055,33.79999923706055,16.254751205444336,0
2005-07-29,33.75,33.75,33.75,33.75,16.230709075927734,400
2005-08-01,33.75,33.75,33.75,33.75,16.230709075927734,400
2005-08-02,33.75,33.75,33.75,33.75,16.230709075927734,500
2005-08-03,33.75,33.75,33.75,33.75,16.230709075927734,0
2005-08-04,33.75,33.75,33.75,33.75,16.230709075927734,1500
2005-08-05,33.75,33.75,33.75,33.75,16.230709075927734,600
2005-08-08,33.75,33.75,33.75,33.75,16.230709075927734,0
2005-08-09,33.75,33.75,33.75,33.75,16.230709075927734,0
2005-08-10,33.75,33.75,33.75,33.75,16.230709075927734,0
2005-08-11,33.75,33.75,33.75,33.75,16.230709075927734,0
2005-08-12,33.5,33.5,33.5,33.5,16.110477447509766,200
2005-08-15,33.5,33.5,33.04999923706055,33.5,16.110477447509766,1300
2005-08-16,33.5,33.5,33.5,33.5,16.110477447509766,0
2005-08-17,33.5,33.5,33.5,33.5,16.110477447509766,0
2005-08-18,33.06999969482422,33.5,33.06999969482422,33.5,16.110477447509766,4200
2005-08-19,33.5,33.5,33.5,33.5,16.110477447509766,0
2005-08-22,33.04999923706055,33.20000076293945,33.04999923706055,33.20000076293945,15.966203689575195,700
2005-08-23,33.20000076293945,33.20000076293945,33.20000076293945,33.20000076293945,15.966203689575195,0
2005-08-24,33.04999923706055,33.04999923706055,33.0,33.0,15.870025634765625,1000
2005-08-25,32.75,32.75,32.04999923706055,32.04999923706055,15.413154602050781,700
2005-08-26,32.25,32.25,32.25,32.25,15.509340286254883,600
2005-08-29,32.25,32.25,32.25,32.25,15.509340286254883,0
2005-08-30,32.25,32.25,32.25,32.25,15.509340286254883,0
2005-08-31,32.25,32.25,32.25,32.25,15.509340286254883,0
2005-09-01,32.5,33.0,32.5,33.0,15.870025634765625,900
2005-09-02,33.0,33.0,33.0,33.0,15.870025634765625,800
2005-09-06,33.0,33.0,33.0,33.0,15.870025634765625,0
2005-09-07,33.0,33.0,33.0,33.0,15.870025634765625,0
2005-09-08,33.0,33.0,33.0,33.0,15.870025634765625,0
2005-09-09,33.099998474121094,33.150001525878906,33.099998474121094,33.150001525878906,15.94216251373291,1000
2005-09-12,33.150001525878906,33.150001525878906,33.150001525878906,33.150001525878906,15.94216251373291,0
2005-09-13,33.150001525878906,33.150001525878906,33.150001525878906,33.150001525878906,15.94216251373291,0
2005-09-14,33.150001525878906,33.150001525878906,33.150001525878906,33.150001525878906,15.94216251373291,0
2005-09-15,33.0,33.0,33.0,33.0,15.870025634765625,500
2005-09-16,33.0,33.0,33.0,33.0,15.870025634765625,300
2005-09-19,33.150001525878906,33.150001525878906,33.150001525878906,33.150001525878906,15.94216251373291,700
2005-09-20,33.25,33.25,33.25,33.25,15.99024772644043,200
2005-09-21,33.25,33.25,33.0,33.0,16.02911376953125,700
2005-09-22,33.0,33.0,33.0,33.0,16.02911376953125,2700
2005-09-23,33.0,33.0,33.0,33.0,16.02911376953125,0
2005-09-26,33.0,33.349998474121094,33.0,33.349998474121094,16.199111938476562,1200
2005-09-27,33.0,33.0,33.0,33.0,16.02911376953125,1200
2005-09-28,33.0,33.0,33.0,33.0,16.02911376953125,100000
2005-09-29,33.0,33.0,33.0,33.0,16.02911376953125,0
2005-09-30,33.0,33.0,33.0,33.0,16.02911376953125,0
2005-10-03,33.0,33.0,33.0,33.0,16.02911376953125,0
2005-10-04,32.9900016784668,33.0,32.9900016784668,33.0,16.02911376953125,500
2005-10-05,33.0,33.0,33.0,33.0,16.02911376953125,100
2005-10-06,33.0,33.0,33.0,33.0,16.02911376953125,0
2005-10-07,33.0,33.0,33.0,33.0,16.02911376953125,0
2005-10-10,32.349998474121094,32.349998474121094,32.349998474121094,32.349998474121094,15.71338176727295,1000
2005-10-11,32.349998474121094,32.349998474121094,32.349998474121094,32.349998474121094,15.71338176727295,0
2005-10-12,32.599998474121094,32.599998474121094,32.599998474121094,32.599998474121094,15.834817886352539,500
2005-10-13,33.0,33.0,33.0,33.0,16.02911376953125,100
2005-10-14,32.5,32.5,32.0,32.0,15.543379783630371,2000
2005-10-17,31.899999618530273,31.899999618530273,31.899999618530273,31.899999618530273,15.494808197021484,500
2005-10-18,32.0,32.0,32.0,32.0,15.543379783630371,1000
2005-10-19,32.0,32.0,32.0,32.0,15.543379783630371,100
2005-10-20,32.0,32.0,32.0,32.0,15.543379783630371,0
2005-10-21,32.0,32.0,32.0,32.0,15.543379783630371,0
2005-10-24,32.0,32.0,32.0,32.0,15.543379783630371,0
2005-10-25,31.75,31.75,31.75,31.75,15.421945571899414,500
2005-10-26,31.75,31.75,31.75,31.75,15.421945571899414,0
2005-10-27,31.75,32.0,31.75,32.0,15.543379783630371,1000
2005-10-28,32.0,32.0,32.0,32.0,15.543379783630371,0
2005-10-31,32.0,32.0,32.0,32.0,15.543379783630371,0
2005-11-01,32.0,32.0,32.0,32.0,15.543379783630371,0
2005-11-02,32.0,32.0,32.0,32.0,15.543379783630371,0
2005-11-03,31.549999237060547,31.75,30.549999237060547,30.549999237060547,14.839067459106445,2000
2005-11-04,30.549999237060547,30.549999237060547,30.549999237060547,30.549999237060547,14.839067459106445,200
2005-11-07,30.549999237060547,30.649999618530273,30.549999237060547,30.649999618530273,14.887639999389648,1600
2005-11-08,30.649999618530273,30.649999618530273,30.649999618530273,30.649999618530273,14.887639999389648,0
2005-11-09,30.649999618530273,30.649999618530273,30.649999618530273,30.649999618530273,14.887639999389648,0
2005-11-10,30.549999237060547,30.549999237060547,29.5,29.5,14.329052925109863,3800
2005-11-11,29.5,29.5,29.5,29.5,14.329052925109863,0
2005-11-14,29.75,30.25,29.75,30.25,14.693351745605469,400
2005-11-15,30.25,30.25,30.25,30.25,14.693351745605469,0
2005-11-16,30.09000015258789,30.09000015258789,30.0,30.0,14.571916580200195,1500
2005-11-17,30.0,30.0,30.0,30.0,14.571916580200195,0
2005-11-18,29.100000381469727,29.100000381469727,29.100000381469727,29.100000381469727,14.13476276397705,500
2005-11-21,29.5,29.5,29.5,29.5,14.329052925109863,500
2005-11-22,30.0,30.0,29.75,30.0,14.571916580200195,2300
2005-11-23,29.899999618530273,30.0,29.899999618530273,30.0,14.571916580200195,1500
2005-11-25,30.0,30.0,30.0,30.0,14.571916580200195,0
2005-11-28,30.0,30.0,30.0,30.0,14.571916580200195,0
2005-11-29,29.899999618530273,29.899999618530273,29.899999618530273,29.899999618530273,14.523341178894043,1300
2005-11-30,29.899999618530273,29.899999618530273,29.899999618530273,29.899999618530273,14.523341178894043,500
2005-12-01,29.899999618530273,29.899999618530273,29.899999618530273,29.899999618530273,14.523341178894043,2100
2005-12-02,29.899999618530273,29.899999618530273,29.899999618530273,29.899999618530273,14.523341178894043,200
2005-12-05,31.0,31.5,31.0,31.5,15.300512313842773,1800
2005-12-06,31.5,31.5,31.5,31.5,15.300512313842773,0
2005-12-07,31.5,31.5,31.5,31.5,15.300512313842773,0
2005-12-08,31.5,31.5,31.5,31.5,15.300512313842773,0
2005-12-09,31.5,31.5,31.5,31.5,15.300512313842773,800
2005-12-12,31.5,31.5,31.5,31.5,15.300512313842773,0
2005-12-13,31.25,31.25,31.25,31.25,15.179080963134766,500
2005-12-14,31.25,31.25,31.25,31.25,15.179080963134766,0
2005-12-15,31.25,31.25,31.25,31.25,15.179080963134766,0
2005-12-16,31.5,31.5,31.5,31.5,15.300512313842773,400
2005-12-19,31.5,31.5,31.5,31.5,15.300512313842773,0
2005-12-20,31.5,31.5,31.5,31.5,15.300512313842773,200
2005-12-21,31.5,31.5,31.5,31.5,15.462501525878906,0
2005-12-22,31.5,31.5,31.5,31.5,15.462501525878906,500
2005-12-23,31.5,31.5,31.5,31.5,15.462501525878906,0
2005-12-27,31.5,31.5,31.5,31.5,15.462501525878906,0
2005-12-28,31.5,31.5,31.5,31.5,15.462501525878906,0
2005-12-29,31.5,31.5,31.5,31.5,15.462501525878906,0
2005-12-30,31.700000762939453,31.700000762939453,31.700000762939453,31.700000762939453,15.560681343078613,200
2006-01-03,31.700000762939453,31.700000762939453,31.700000762939453,31.700000762939453,15.560681343078613,0
2006-01-04,31.700000762939453,31.700000762939453,31.700000762939453,31.700000762939453,15.560681343078613,0
2006-01-05,31.700000762939453,31.700000762939453,31.700000762939453,31.700000762939453,15.560681343078613,0
2006-01-06,31.700000762939453,31.700000762939453,31.700000762939453,31.700000762939453,15.560681343078613,0
2006-01-09,31.700000762939453,31.700000762939453,31.700000762939453,31.700000762939453,15.560681343078613,0
2006-01-10,31.700000762939453,31.700000762939453,31.700000762939453,31.700000762939453,15.560681343078613,0
2006-01-11,31.25,31.5,31.25,31.5,15.462501525878906,1400
2006-01-12,31.5,31.5,31.5,31.5,15.462501525878906,0
2006-01-13,31.5,31.5,31.5,31.5,15.462501525878906,0
2006-01-17,31.600000381469727,31.600000381469727,31.5,31.5,15.462501525878906,1000
2006-01-18,31.5,31.5,31.5,31.5,15.462501525878906,400
2006-01-19,31.5,31.5,31.5,31.5,15.462501525878906,500
2006-01-20,31.5,31.5,31.5,31.5,15.462501525878906,0
2006-01-23,31.5,31.5,31.5,31.5,15.462501525878906,500
2006-01-24,31.5,31.5,31.5,31.5,15.462501525878906,0
2006-01-25,31.5,31.5,31.5,31.5,15.462501525878906,0
2006-01-26,31.5,31.5,31.5,31.5,15.462501525878906,0
2006-01-27,31.5,31.5,31.5,31.5,15.462501525878906,1200
2006-01-30,31.299999237060547,31.299999237060547,31.299999237060547,31.299999237060547,15.364327430725098,300
2006-01-31,31.299999237060547,31.299999237060547,31.299999237060547,31.299999237060547,15.364327430725098,1200
2006-02-01,31.299999237060547,31.299999237060547,31.299999237060547,31.299999237060547,15.364327430725098,500
2006-02-02,31.299999237060547,31.299999237060547,31.299999237060547,31.299999237060547,15.364327430725098,0
2006-02-03,31.450000762939453,31.450000762939453,31.450000762939453,31.450000762939453,15.437960624694824,500
2006-02-06,31.399999618530273,31.399999618530273,31.399999618530273,31.399999618530273,15.413410186767578,2400
2006-02-07,31.399999618530273,31.399999618530273,31.399999618530273,31.399999618530273,15.413410186767578,1100
2006-02-08,31.399999618530273,31.399999618530273,31.399999618530273,31.399999618530273,15.413410186767578,600
2006-02-09,31.399999618530273,31.399999618530273,31.399999618530273,31.399999618530273,15.413410186767578,0
2006-02-10,31.399999618530273,31.399999618530273,31.399999618530273,31.399999618530273,15.413410186767578,1300
2006-02-13,31.399999618530273,31.399999618530273,31.399999618530273,31.399999618530273,15.413410186767578,200
2006-02-14,31.600000381469727,31.600000381469727,31.5,31.600000381469727,15.511585235595703,800
2006-02-15,32.0,32.0,32.0,32.0,15.707938194274902,900
2006-02-16,31.899999618530273,31.899999618530273,31.899999618530273,31.899999618530273,15.658854484558105,200
2006-02-17,32.0,32.0,32.0,32.0,15.707938194274902,200
2006-02-21,32.0,32.0,32.0,32.0,15.707938194274902,200
2006-02-22,32.0,32.0,32.0,32.0,15.707938194274902,0
2006-02-23,31.799999237060547,31.799999237060547,31.350000381469727,31.450000762939453,15.437960624694824,2900
2006-02-24,31.450000762939453,31.450000762939453,31.450000762939453,31.450000762939453,15.437960624694824,0
2006-02-27,31.450000762939453,31.450000762939453,31.450000762939453,31.450000762939453,15.437960624694824,0
2006-02-28,31.450000762939453,31.450000762939453,31.450000762939453,31.450000762939453,15.437960624694824,0
2006-03-01,31.450000762939453,31.450000762939453,31.450000762939453,31.450000762939453,15.437960624694824,0
2006-03-02,31.450000762939453,31.450000762939453,31.450000762939453,31.450000762939453,15.437960624694824,0
2006-03-03,31.450000762939453,31.450000762939453,31.450000762939453,31.450000762939453,15.437960624694824,0
2006-03-06,31.450000762939453,31.450000762939453,31.450000762939453,31.450000762939453,15.437960624694824,0
2006-03-07,31.450000762939453,31.450000762939453,31.450000762939453,31.450000762939453,15.437960624694824,0
2006-03-08,31.450000762939453,31.450000762939453,31.450000762939453,31.450000762939453,15.437960624694824,0
2006-03-09,31.5,31.5,31.5,31.5,15.462501525878906,100
2006-03-10,31.5,31.5,31.5,31.5,15.462501525878906,0
2006-03-13,31.5,31.5,31.5,31.5,15.462501525878906,7000
2006-03-14,31.75,31.75,31.600000381469727,31.75,15.585220336914062,10700
2006-03-15,31.75,31.75,31.75,31.75,15.585220336914062,500
2006-03-16,31.75,31.75,31.75,31.75,15.585220336914062,0
2006-03-17,31.5,31.5,31.5,31.5,15.462501525878906,200
2006-03-20,31.5,31.5,31.5,31.5,15.462501525878906,500
2006-03-21,31.5,31.75,31.5,31.5,15.462501525878906,200
2006-03-22,31.5,31.5,31.5,31.5,15.636234283447266,0
2006-03-23,31.5,31.5,31.5,31.5,15.636234283447266,0
2006-03-24,31.5,31.5,31.5,31.5,15.636234283447266,0
2006-03-27,31.5,31.5,31.5,31.5,15.636234283447266,0
2006-03-28,31.5,31.600000381469727,31.5,31.600000381469727,15.68587589263916,7600
2006-03-29,31.600000381469727,31.600000381469727,31.600000381469727,31.600000381469727,15.68587589263916,0
2006-03-30,31.600000381469727,31.600000381469727,31.600000381469727,31.600000381469727,15.68587589263916,0
2006-03-31,31.600000381469727,31.600000381469727,31.600000381469727,31.600000381469727,15.68587589263916,0
2006-04-03,31.5,31.700000762939453,31.5,31.700000762939453,15.735522270202637,3400
2006-04-04,31.5,31.5,31.5,31.5,15.636234283447266,300
2006-04-05,31.5,31.5,31.5,31.5,15.636234283447266,0
2006-04-06,31.5,31.700000762939453,31.5,31.700000762939453,15.735522270202637,3400
2006-04-07,31.5,31.5,31.5,31.5,15.636234283447266,200
2006-04-10,31.5,31.5,31.5,31.5,15.636234283447266,0
2006-04-11,31.5,31.5,31.5,31.5,15.636234283447266,4000
2006-04-12,31.5,31.5,31.5,31.5,15.636234283447266,0
2006-04-13,31.5,31.649999618530273,31.5,31.649999618530273,15.710700988769531,8400
2006-04-17,31.649999618530273,31.649999618530273,31.649999618530273,31.649999618530273,15.710700988769531,0
2006-04-18,31.649999618530273,31.649999618530273,31.649999618530273,31.649999618530273,15.710700988769531,0
2006-04-19,31.649999618530273,31.649999618530273,31.649999618530273,31.649999618530273,15.710700988769531,0
2006-04-20,32.0,32.0,32.0,32.0,15.884430885314941,800
2006-04-21,31.5,31.5,31.5,31.5,15.636234283447266,1000
2006-04-24,31.5,31.5,31.5,31.5,15.636234283447266,0
2006-04-25,31.5,31.5,31.5,31.5,15.636234283447266,0
2006-04-26,31.5,31.5,31.5,31.5,15.636234283447266,0
2006-04-27,31.5,31.5,31.5,31.5,15.636234283447266,0
2006-04-28,31.5,31.5,31.5,31.5,15.636234283447266,0
2006-05-01,31.5,31.5,31.5,31.5,15.636234283447266,0
2006-05-02,31.5,31.5,31.5,31.5,15.636234283447266,0
2006-05-03,31.649999618530273,31.649999618530273,31.649999618530273,31.649999618530273,15.710700988769531,200
2006-05-04,31.649999618530273,31.649999618530273,31.649999618530273,31.649999618530273,15.710700988769531,500
2006-05-05,31.649999618530273,31.649999618530273,31.649999618530273,31.649999618530273,15.710700988769531,0
2006-05-08,31.649999618530273,31.649999618530273,31.649999618530273,31.649999618530273,15.710700988769531,0
2006-05-09,31.649999618530273,31.649999618530273,31.649999618530273,31.649999618530273,15.710700988769531,0
2006-05-10,31.649999618530273,31.649999618530273,31.649999618530273,31.649999618530273,15.710700988769531,0
2006-05-11,31.649999618530273,31.649999618530273,31.649999618530273,31.649999618530273,15.710700988769531,0
2006-05-12,31.5,31.5,31.5,31.5,15.636234283447266,200
2006-05-15,31.5,31.5,31.5,31.5,15.636234283447266,1400
2006-05-16,31.5,31.5,31.5,31.5,15.636234283447266,0
2006-05-17,31.5,31.649999618530273,31.5,31.549999237060547,15.661051750183105,15300
2006-05-18,31.549999237060547,31.549999237060547,31.549999237060547,31.549999237060547,15.661051750183105,0
2006-05-19,31.549999237060547,31.549999237060547,31.549999237060547,31.549999237060547,15.661051750183105,0
2006-05-22,31.549999237060547,31.549999237060547,31.549999237060547,31.549999237060547,15.661051750183105,0
2006-05-23,31.5,31.5,31.5,31.5,15.636234283447266,400
2006-05-24,31.5,31.5,31.5,31.5,15.636234283447266,0
2006-05-25,31.5,31.5,31.5,31.5,15.636234283447266,0
2006-05-26,31.5,31.5,31.5,31.5,15.636234283447266,400
2006-05-30,31.5,31.5,31.5,31.5,15.636234283447266,0
2006-05-31,31.5,31.5,31.5,31.5,15.636234283447266,0
2006-06-01,31.049999237060547,31.049999237060547,31.049999237060547,31.049999237060547,15.412862777709961,200
2006-06-02,31.049999237060547,31.049999237060547,31.049999237060547,31.049999237060547,15.412862777709961,0
2006-06-05,31.049999237060547,31.049999237060547,31.049999237060547,31.049999237060547,15.412862777709961,0
2006-06-06,31.049999237060547,31.049999237060547,31.049999237060547,31.049999237060547,15.412862777709961,0
2006-06-07,31.049999237060547,31.049999237060547,31.049999237060547,31.049999237060547,15.412862777709961,0
2006-06-08,31.049999237060547,31.049999237060547,31.049999237060547,31.049999237060547,15.412862777709961,100
2006-06-09,31.649999618530273,31.649999618530273,31.649999618530273,31.649999618530273,15.710700988769531,300
2006-06-12,31.100000381469727,31.100000381469727,31.100000381469727,31.100000381469727,15.437684059143066,200
2006-06-13,31.100000381469727,31.5,31.100000381469727,31.5,15.636234283447266,200
2006-06-14,31.5,31.5,31.5,31.5,15.636234283447266,0
2006-06-15,31.5,31.5,31.5,31.5,15.636234283447266,100
2006-06-16,31.5,31.5,31.5,31.5,15.636234283447266,0
2006-06-19,31.100000381469727,31.100000381469727,31.100000381469727,31.100000381469727,15.437684059143066,1400
2006-06-20,31.100000381469727,31.100000381469727,31.100000381469727,31.100000381469727,15.437684059143066,0
2006-06-21,31.399999618530273,31.399999618530273,31.399999618530273,31.399999618530273,15.76400089263916,1200
2006-06-22,31.399999618530273,31.399999618530273,31.399999618530273,31.399999618530273,15.76400089263916,0
2006-06-23,31.399999618530273,31.399999618530273,31.399999618530273,31.399999618530273,15.76400089263916,0
2006-06-26,31.399999618530273,31.399999618530273,31.399999618530273,31.399999618530273,15.76400089263916,0
2006-06-27,31.399999618530273,31.399999618530273,31.399999618530273,31.399999618530273,15.76400089263916,0
2006-06-28,31.399999618530273,31.399999618530273,31.399999618530273,31.399999618530273,15.76400089263916,0
2006-06-29,31.399999618530273,31.399999618530273,31.399999618530273,31.399999618530273,15.76400089263916,0
2006-06-30,31.100000381469727,31.100000381469727,31.100000381469727,31.100000381469727,15.613395690917969,700
2006-07-03,31.100000381469727,31.100000381469727,31.100000381469727,31.100000381469727,15.613395690917969,0
2006-07-05,31.350000381469727,31.350000381469727,31.350000381469727,31.350000381469727,15.738907814025879,700
2006-07-06,31.100000381469727,31.100000381469727,31.100000381469727,31.100000381469727,15.613395690917969,600
2006-07-07,31.100000381469727,31.100000381469727,31.100000381469727,31.100000381469727,15.613395690917969,0
2006-07-10,31.100000381469727,31.100000381469727,31.100000381469727,31.100000381469727,15.613395690917969,0
2006-07-11,31.100000381469727,31.100000381469727,31.100000381469727,31.100000381469727,15.613395690917969,0
2006-07-12,31.25,31.25,31.25,31.25,15.688700675964355,100
2006-07-13,31.0,31.0,31.0,31.0,15.563194274902344,200
2006-07-14,31.0,31.0,31.0,31.0,15.563194274902344,200
2006-07-17,31.25,31.25,31.25,31.25,15.688700675964355,2900
2006-07-18,31.25,31.25,31.25,31.25,15.688700675964355,0
2006-07-19,31.25,31.25,31.25,31.25,15.688700675964355,200
2006-07-20,31.25,31.25,31.25,31.25,15.688700675964355,500
2006-07-21,31.25,31.25,31.25,31.25,15.688700675964355,0
2006-07-24,31.5,32.0,31.5,32.0,16.065227508544922,3000
2006-07-25,32.0,32.0,32.0,32.0,16.065227508544922,100
2006-07-26,32.0,32.0,32.0,32.0,16.065227508544922,0
2006-07-27,31.75,31.75,31.75,31.75,15.939716339111328,100
2006-07-28,31.75,31.75,31.75,31.75,15.939716339111328,0
2006-07-31,31.75,31.75,31.75,31.75,15.939716339111328,0
2006-08-01,31.75,31.75,31.75,31.75,15.939716339111328,0
2006-08-02,31.75,31.75,31.75,31.75,15.939716339111328,0
2006-08-03,31.75,31.75,31.75,31.75,15.939716339111328,0
2006-08-04,31.75,31.75,31.75,31.75,15.939716339111328,0
2006-08-07,31.75,31.75,31.75,31.75,15.939716339111328,0
2006-08-08,31.600000381469727,31.75,31.600000381469727,31.75,15.939716339111328,2500
2006-08-09,32.0,32.5,31.75,31.75,15.939716339111328,1700
2006-08-10,31.75,31.75,31.75,31.75,15.939716339111328,0
2006-08-11,31.75,31.75,31.75,31.75,15.939716339111328,0
2006-08-14,32.0,32.0,32.0,32.0,16.065227508544922,100
2006-08-15,32.0,32.0,32.0,32.0,16.065227508544922,0
2006-08-16,32.0,32.0,32.0,32.0,16.065227508544922,0
2006-08-17,32.0,32.0,32.0,32.0,16.065227508544922,0
2006-08-18,32.0,32.0,32.0,32.0,16.065227508544922,0
2006-08-21,32.0,32.0,32.0,32.0,16.065227508544922,0
2006-08-22,32.0,32.0,32.0,32.0,16.065227508544922,0
2006-08-23,32.0,32.0,32.0,32.0,16.065227508544922,0
2006-08-24,32.0,32.0,32.0,32.0,16.065227508544922,0
2006-08-25,32.0,32.0,32.0,32.0,16.065227508544922,0
2006-08-28,32.0,32.0,32.0,32.0,16.065227508544922,0
2006-08-29,32.650001525878906,32.650001525878906,32.650001525878906,32.650001525878906,16.391559600830078,200
2006-08-30,32.650001525878906,32.75,32.650001525878906,32.75,16.441761016845703,12500
2006-08-31,32.75,32.75,32.75,32.75,16.441761016845703,0
2006-09-01,32.75,32.75,32.75,32.75,16.441761016845703,0
2006-09-05,32.650001525878906,32.650001525878906,32.5,32.5,16.316255569458008,700
2006-09-06,32.75,32.75,32.75,32.75,16.441761016845703,200
2006-09-07,32.5,32.5,32.5,32.5,16.316255569458008,200
2006-09-08,32.5,32.5,32.5,32.5,16.316255569458008,0
2006-09-11,32.5,32.5,32.5,32.5,16.316255569458008,0
2006-09-12,32.5,32.5,32.5,32.5,16.316255569458008,200
2006-09-13,32.5,32.5,32.5,32.5,16.316255569458008,0
2006-09-14,32.5,32.5,32.5,32.5,16.316255569458008,0
2006-09-15,32.5,32.5,32.5,32.5,16.316255569458008,100
2006-09-18,32.5,32.5,32.5,32.5,16.316255569458008,0
2006-09-19,32.5,32.599998474121094,32.5,32.599998474121094,16.366455078125,3200
2006-09-20,32.75,32.75,32.75,32.75,16.62019920349121,2000
2006-09-21,32.5,32.5,32.5,32.5,16.493322372436523,200
2006-09-22,32.5,32.5,32.5,32.5,16.493322372436523,0
2006-09-25,32.5,32.5,32.5,32.5,16.493322372436523,2100
2006-09-26,32.5,32.5,32.5,32.5,16.493322372436523,300
2006-09-27,32.5,32.5,32.5,32.5,16.493322372436523,0
2006-09-28,32.5,32.5,32.5,32.5,16.493322372436523,0
2006-09-29,32.5,32.5,32.5,32.5,16.493322372436523,0
2006-10-02,32.5,32.5,32.5,32.5,16.493322372436523,0
2006-10-03,32.5,32.5,32.5,32.5,16.493322372436523,0
2006-10-04,32.5,32.5,32.5,32.5,16.493322372436523,0
2006-10-05,32.5,32.5,32.5,32.5,16.493322372436523,0
2006-10-06,31.5,31.5,31.5,31.5,15.985838890075684,200
2006-10-09,31.5,31.5,31.5,31.5,15.985838890075684,700
2006-10-10,31.5,31.5,31.5,31.5,15.985838890075684,0
2006-10-11,31.5,31.5,31.5,31.5,15.985838890075684,0
2006-10-12,31.5,31.5,31.5,31.5,15.985838890075684,100
2006-10-13,31.5,31.5,31.5,31.5,15.985838890075684,0
2006-10-16,31.5,31.5,31.5,31.5,15.985838890075684,0
2006-10-17,31.5,31.5,31.5,31.5,15.985838890075684,0
2006-10-18,31.5,31.5,31.5,31.5,15.985838890075684,0
2006-10-19,31.5,31.5,31.5,31.5,15.985838890075684,6000
2006-10-20,31.75,31.75,31.75,31.75,16.112712860107422,1000
2006-10-23,31.5,31.5,31.5,31.5,15.985838890075684,100
2006-10-24,31.5,31.5,31.5,31.5,15.985838890075684,0
2006-10-25,32.5,32.5,32.5,32.5,16.493322372436523,10000
2006-10-26,32.5,32.5,32.5,32.5,16.493322372436523,0
2006-10-27,32.5,32.5,32.5,32.5,16.493322372436523,0
2006-10-30,32.5,32.5,32.5,32.5,16.493322372436523,0
2006-10-31,32.5,32.5,32.5,32.5,16.493322372436523,0
2006-11-01,31.5,31.5,31.5,31.5,15.985838890075684,400
2006-11-02,31.549999237060547,31.549999237060547,31.549999237060547,31.549999237060547,16.011215209960938,500
2006-11-03,31.549999237060547,31.549999237060547,31.549999237060547,31.549999237060547,16.011215209960938,1500
2006-11-06,32.25,32.25,31.549999237060547,31.649999618530273,16.061954498291016,700
2006-11-07,31.649999618530273,31.649999618530273,31.649999618530273,31.649999618530273,16.061954498291016,0
2006-11-08,31.649999618530273,31.649999618530273,31.649999618530273,31.649999618530273,16.061954498291016,0
2006-11-09,31.649999618530273,31.649999618530273,31.649999618530273,31.649999618530273,16.061954498291016,0
2006-11-10,31.549999237060547,31.549999237060547,31.549999237060547,31.549999237060547,16.011215209960938,200
2006-11-13,31.700000762939453,31.700000762939453,31.700000762939453,31.700000762939453,16.08733558654785,900
2006-11-14,31.700000762939453,31.700000762939453,31.700000762939453,31.700000762939453,16.08733558654785,0
2006-11-15,31.700000762939453,31.700000762939453,31.700000762939453,31.700000762939453,16.08733558654785,0
2006-11-16,31.700000762939453,31.700000762939453,31.700000762939453,31.700000762939453,16.08733558654785,0
2006-11-17,31.700000762939453,31.700000762939453,31.700000762939453,31.700000762939453,16.08733558654785,0
2006-11-20,31.700000762939453,31.700000762939453,31.700000762939453,31.700000762939453,16.08733558654785,0
2006-11-21,31.700000762939453,31.700000762939453,31.700000762939453,31.700000762939453,16.08733558654785,0
2006-11-22,31.600000381469727,31.600000381469727,31.600000381469727,31.600000381469727,16.036584854125977,1000
2006-11-24,31.600000381469727,31.600000381469727,31.600000381469727,31.600000381469727,16.036584854125977,0
2006-11-27,31.600000381469727,31.600000381469727,31.600000381469727,31.600000381469727,16.036584854125977,0
2006-11-28,31.600000381469727,31.600000381469727,31.600000381469727,31.600000381469727,16.036584854125977,0
2006-11-29,31.600000381469727,31.600000381469727,31.600000381469727,31.600000381469727,16.036584854125977,0
2006-11-30,31.600000381469727,31.600000381469727,31.600000381469727,31.600000381469727,16.036584854125977,0
2006-12-01,31.600000381469727,31.600000381469727,31.600000381469727,31.600000381469727,16.036584854125977,700
2006-12-04,31.600000381469727,31.600000381469727,31.600000381469727,31.600000381469727,16.036584854125977,0
2006-12-05,31.600000381469727,31.600000381469727,31.600000381469727,31.600000381469727,16.036584854125977,0
2006-12-06,31.600000381469727,31.600000381469727,31.600000381469727,31.600000381469727,16.036584854125977,0
2006-12-07,31.600000381469727,31.600000381469727,31.600000381469727,31.600000381469727,16.036584854125977,0
2006-12-08,31.600000381469727,31.75,31.600000381469727,31.75,16.112712860107422,5800
2006-12-11,31.600000381469727,31.600000381469727,31.600000381469727,31.600000381469727,16.036584854125977,300
2006-12-12,31.600000381469727,31.600000381469727,31.600000381469727,31.600000381469727,16.036584854125977,600
2006-12-13,31.600000381469727,31.600000381469727,31.600000381469727,31.600000381469727,16.036584854125977,200
2006-12-14,31.600000381469727,31.600000381469727,31.600000381469727,31.600000381469727,16.036584854125977,0
2006-12-15,31.610000610351562,31.610000610351562,31.610000610351562,31.610000610351562,16.04166030883789,200
2006-12-18,31.75,31.75,31.75,31.75,16.112712860107422,200
2006-12-19,31.75,31.75,31.75,31.75,16.112712860107422,0
2006-12-20,31.5,31.75,31.5,31.75,16.29231071472168,150200
2006-12-21,31.75,31.75,31.75,31.75,16.29231071472168,600
2006-12-22,31.75,31.75,31.600000381469727,31.600000381469727,16.21533966064453,800
2006-12-26,31.649999618530273,31.649999618530273,31.649999618530273,31.649999618530273,16.24099349975586,6000
2006-12-27,31.649999618530273,31.700000762939453,31.649999618530273,31.700000762939453,16.266651153564453,6500
2006-12-28,31.700000762939453,31.700000762939453,31.700000762939453,31.700000762939453,16.266651153564453,0
2006-12-29,31.700000762939453,31.700000762939453,31.700000762939453,31.700000762939453,16.266651153564453,0
2007-01-03,31.649999618530273,31.75,31.649999618530273,31.75,16.29231071472168,3300
2007-01-04,31.649999618530273,31.75,31.649999618530273,31.75,16.29231071472168,1800
2007-01-05,31.75,31.75,31.75,31.75,16.29231071472168,0
2007-01-08,32.0,32.0,31.75,31.75,16.29231071472168,1500
2007-01-09,31.75,32.0,31.75,32.0,16.42059898376465,500
2007-01-10,31.75,31.75,31.350000381469727,31.350000381469727,16.087051391601562,2300
2007-01-11,31.5,31.5,31.5,31.5,16.164024353027344,800
2007-01-12,31.75,31.75,31.75,31.75,16.29231071472168,700
2007-01-16,31.75,31.75,31.75,31.75,16.29231071472168,0
2007-01-17,31.600000381469727,31.600000381469727,31.600000381469727,31.600000381469727,16.21533966064453,900
2007-01-18,31.600000381469727,31.600000381469727,31.600000381469727,31.600000381469727,16.21533966064453,0
2007-01-19,31.600000381469727,31.600000381469727,31.600000381469727,31.600000381469727,16.21533966064453,0
2007-01-22,31.600000381469727,31.600000381469727,31.049999237060547,31.049999237060547,15.933110237121582,1900
2007-01-23,31.049999237060547,31.049999237060547,31.049999237060547,31.049999237060547,15.933110237121582,200
2007-01-24,31.049999237060547,31.049999237060547,31.049999237060547,31.049999237060547,15.933110237121582,0
2007-01-25,31.049999237060547,31.049999237060547,31.049999237060547,31.049999237060547,15.933110237121582,0
2007-01-26,31.049999237060547,31.049999237060547,31.049999237060547,31.049999237060547,15.933110237121582,0
2007-01-29,31.5,31.5,31.5,31.5,16.164024353027344,400
2007-01-30,31.5,31.5,31.5,31.5,16.164024353027344,800
2007-01-31,31.5,31.5,31.5,31.5,16.164024353027344,600
2007-02-01,31.5,31.5,31.5,31.5,16.164024353027344,0
2007-02-02,31.5,31.5,31.360000610351562,31.360000610351562,16.09218406677246,600
2007-02-05,31.350000381469727,31.350000381469727,31.25,31.25,16.035736083984375,1600
2007-02-06,31.200000762939453,31.200000762939453,31.0,31.0,15.907454490661621,2100
2007-02-07,30.899999618530273,31.0,30.899999618530273,31.0,15.907454490661621,700
2007-02-08,31.0,31.200000762939453,31.0,31.200000762939453,16.010080337524414,800
2007-02-09,31.0,31.299999237060547,31.0,31.299999237060547,16.0613956451416,400
2007-02-12,31.200000762939453,31.200000762939453,31.200000762939453,31.200000762939453,16.010080337524414,200
2007-02-13,31.0,31.100000381469727,31.0,31.100000381469727,15.958768844604492,2600
2007-02-14,31.100000381469727,31.100000381469727,31.100000381469727,31.100000381469727,15.958768844604492,0
2007-02-15,31.0,31.350000381469727,31.0,31.0,15.907454490661621,1200
2007-02-16,31.0,31.0,31.0,31.0,15.907454490661621,0
2007-02-20,31.0,31.25,31.0,31.25,16.035736083984375,800
2007-02-21,31.25,31.25,31.25,31.25,16.035736083984375,0
2007-02-22,31.25,31.25,31.25,31.25,16.035736083984375,0
2007-02-23,31.25,31.25,31.25,31.25,16.035736083984375,0
2007-02-26,31.299999237060547,31.299999237060547,31.299999237060547,31.299999237060547,16.0613956451416,200
2007-02-27,31.299999237060547,31.299999237060547,31.299999237060547,31.299999237060547,16.0613956451416,600
2007-02-28,31.299999237060547,31.299999237060547,31.299999237060547,31.299999237060547,16.0613956451416,1000
2007-03-01,31.299999237060547,31.299999237060547,31.299999237060547,31.299999237060547,16.0613956451416,1100
2007-03-02,31.0,31.299999237060547,31.0,31.299999237060547,16.0613956451416,7700
2007-03-05,31.299999237060547,31.299999237060547,31.299999237060547,31.299999237060547,16.0613956451416,700
2007-03-06,31.299999237060547,31.299999237060547,31.299999237060547,31.299999237060547,16.0613956451416,500
2007-03-07,31.299999237060547,31.299999237060547,31.299999237060547,31.299999237060547,16.0613956451416,1000
2007-03-08,31.299999237060547,31.299999237060547,31.299999237060547,31.299999237060547,16.0613956451416,100
2007-03-09,31.299999237060547,31.299999237060547,31.299999237060547,31.299999237060547,16.0613956451416,0
2007-03-12,31.290000915527344,31.290000915527344,31.290000915527344,31.290000915527344,16.05626678466797,100
2007-03-13,31.290000915527344,31.290000915527344,31.290000915527344,31.290000915527344,16.05626678466797,0
2007-03-14,31.290000915527344,31.290000915527344,31.290000915527344,31.290000915527344,16.05626678466797,0
2007-03-15,31.100000381469727,31.100000381469727,31.100000381469727,31.100000381469727,15.958768844604492,400
2007-03-16,31.100000381469727,31.100000381469727,31.100000381469727,31.100000381469727,15.958768844604492,0
2007-03-19,31.100000381469727,31.100000381469727,31.100000381469727,31.100000381469727,15.958768844604492,0
2007-03-20,31.100000381469727,31.100000381469727,31.100000381469727,31.100000381469727,15.958768844604492,300
2007-03-21,31.100000381469727,31.100000381469727,31.100000381469727,31.100000381469727,16.145666122436523,0
2007-03-22,31.100000381469727,31.25,31.100000381469727,31.25,16.223533630371094,500
2007-03-23,31.25,31.25,31.25,31.25,16.223533630371094,0
2007-03-26,30.950000762939453,31.0,30.799999237060547,31.0,16.09375,1400
2007-03-27,30.899999618530273,30.899999618530273,30.899999618530273,30.899999618530273,16.041833877563477,500
2007-03-28,30.799999237060547,30.899999618530273,30.799999237060547,30.899999618530273,16.041833877563477,400
2007-03-29,31.0,31.0,31.0,31.0,16.09375,3100
2007-03-30,31.299999237060547,31.299999237060547,31.299999237060547,31.299999237060547,16.249492645263672,400
2007-04-02,31.299999237060547,31.299999237060547,31.299999237060547,31.299999237060547,16.249492645263672,0
2007-04-03,31.299999237060547,31.299999237060547,31.299999237060547,31.299999237060547,16.249492645263672,0
2007-04-04,31.299999237060547,31.450000762939453,31.299999237060547,31.399999618530273,16.30141258239746,17100
2007-04-05,31.399999618530273,31.399999618530273,31.399999618530273,31.399999618530273,16.30141258239746,0
2007-04-09,31.399999618530273,31.399999618530273,31.399999618530273,31.399999618530273,16.30141258239746,0
2007-04-10,31.399999618530273,31.399999618530273,31.399999618530273,31.399999618530273,16.30141258239746,0
2007-04-11,31.100000381469727,31.100000381469727,31.049999237060547,31.049999237060547,16.119707107543945,1800
2007-04-12,30.899999618530273,31.0,30.899999618530273,30.899999618530273,16.041833877563477,1100
2007-04-13,30.899999618530273,30.899999618530273,30.899999618530273,30.899999618530273,16.041833877563477,0
2007-04-16,30.899999618530273,30.899999618530273,30.899999618530273,30.899999618530273,16.041833877563477,0
2007-04-17,30.75,30.75,30.399999618530273,30.399999618530273,15.782258987426758,600
2007-04-18,30.299999237060547,30.5,30.299999237060547,30.5,15.834168434143066,2200
2007-04-19,30.290000915527344,30.290000915527344,30.290000915527344,30.290000915527344,15.725150108337402,500
2007-04-20,30.290000915527344,30.290000915527344,30.290000915527344,30.290000915527344,15.725150108337402,0
2007-04-23,30.290000915527344,30.290000915527344,30.290000915527344,30.290000915527344,15.725150108337402,0
2007-04-24,30.290000915527344,30.290000915527344,30.290000915527344,30.290000915527344,15.725150108337402,0
2007-04-25,30.200000762939453,30.200000762939453,30.200000762939453,30.200000762939453,15.678422927856445,100
2007-04-26,30.200000762939453,30.200000762939453,30.200000762939453,30.200000762939453,15.678422927856445,300
2007-04-27,30.200000762939453,30.200000762939453,30.200000762939453,30.200000762939453,15.678422927856445,0
2007-04-30,30.200000762939453,30.200000762939453,30.200000762939453,30.200000762939453,15.678422927856445,0
2007-05-01,30.200000762939453,30.200000762939453,30.200000762939453,30.200000762939453,15.678422927856445,0
2007-05-02,30.200000762939453,30.200000762939453,30.200000762939453,30.200000762939453,15.678422927856445,0
2007-05-03,30.200000762939453,30.200000762939453,30.200000762939453,30.200000762939453,15.678422927856445,0
2007-05-04,30.200000762939453,30.200000762939453,30.200000762939453,30.200000762939453,15.678422927856445,600
2007-05-07,30.200000762939453,30.200000762939453,30.200000762939453,30.200000762939453,15.678422927856445,0
2007-05-08,30.200000762939453,30.200000762939453,30.200000762939453,30.200000762939453,15.678422927856445,0
2007-05-09,30.200000762939453,30.200000762939453,30.200000762939453,30.200000762939453,15.678422927856445,0
2007-05-10,30.200000762939453,30.200000762939453,30.200000762939453,30.200000762939453,15.678422927856445,0
2007-05-11,30.200000762939453,30.200000762939453,30.200000762939453,30.200000762939453,15.678422927856445,0
2007-05-14,30.200000762939453,30.200000762939453,30.200000762939453,30.200000762939453,15.678422927856445,0
2007-05-15,30.200000762939453,30.200000762939453,30.200000762939453,30.200000762939453,15.678422927856445,0
2007-05-16,30.5,30.700000762939453,30.5,30.700000762939453,15.938003540039062,600
2007-05-17,30.700000762939453,30.700000762939453,30.700000762939453,30.700000762939453,15.938003540039062,0
2007-05-18,30.049999237060547,30.049999237060547,30.049999237060547,30.049999237060547,15.600549697875977,400
2007-05-21,30.049999237060547,30.049999237060547,30.049999237060547,30.049999237060547,15.600549697875977,0
2007-05-22,30.049999237060547,30.049999237060547,30.049999237060547,30.049999237060547,15.600549697875977,0
2007-05-23,30.049999237060547,30.049999237060547,30.049999237060547,30.049999237060547,15.600549697875977,0
2007-05-24,30.049999237060547,30.049999237060547,30.0,30.049999237060547,15.600549697875977,2500
2007-05-25,30.0,30.0,30.0,30.0,15.574594497680664,200
2007-05-29,30.0,30.0,30.0,30.0,15.574594497680664,200
2007-05-30,29.799999237060547,29.799999237060547,29.799999237060547,29.799999237060547,15.470763206481934,200
2007-05-31,29.799999237060547,29.799999237060547,29.799999237060547,29.799999237060547,15.470763206481934,0
2007-06-01,29.799999237060547,29.799999237060547,29.799999237060547,29.799999237060547,15.470763206481934,0
2007-06-04,29.799999237060547,29.799999237060547,29.75,29.799999237060547,15.470763206481934,1000
2007-06-05,29.799999237060547,29.799999237060547,29.799999237060547,29.799999237060547,15.470763206481934,0
2007-06-06,29.75,29.75,29.75,29.75,15.444808006286621,400
2007-06-07,29.75,29.75,29.75,29.75,15.444808006286621,0
2007-06-08,29.75,29.75,29.75,29.75,15.444808006286621,0
2007-06-11,29.75,29.75,29.75,29.75,15.444808006286621,500
2007-06-12,29.649999618530273,29.649999618530273,29.649999618530273,29.649999618530273,15.392889022827148,3500
2007-06-13,29.649999618530273,29.649999618530273,29.649999618530273,29.649999618530273,15.392889022827148,200
2007-06-14,29.649999618530273,29.649999618530273,29.649999618530273,29.649999618530273,15.392889022827148,0
2007-06-15,29.75,29.75,29.75,29.75,15.444808006286621,700
2007-06-18,29.75,29.75,29.75,29.75,15.444808006286621,0
2007-06-19,29.799999237060547,29.799999237060547,29.799999237060547,29.799999237060547,15.470763206481934,200
2007-06-20,29.799999237060547,29.799999237060547,29.799999237060547,29.799999237060547,15.659947395324707,0
2007-06-21,29.799999237060547,29.799999237060547,29.799999237060547,29.799999237060547,15.659947395324707,0
2007-06-22,29.600000381469727,29.75,29.59000015258789,29.59000015258789,15.549589157104492,4400
2007-06-25,29.549999237060547,29.799999237060547,29.5,29.799999237060547,15.659947395324707,1100
2007-06-26,29.799999237060547,29.799999237060547,29.799999237060547,29.799999237060547,15.659947395324707,0
2007-06-27,29.799999237060547,29.799999237060547,29.799999237060547,29.799999237060547,15.659947395324707,0
2007-06-28,29.799999237060547,30.75,29.799999237060547,30.75,16.159168243408203,1300
2007-06-29,30.5,30.5,30.5,30.5,16.027795791625977,100
2007-07-02,30.75,30.75,30.75,30.75,16.159168243408203,100
2007-07-03,30.0,30.0,30.0,30.0,15.765043258666992,300
2007-07-05,30.0,30.0,30.0,30.0,15.765043258666992,0
2007-07-06,30.0,30.0,30.0,30.0,15.765043258666992,200
2007-07-09,30.0,30.0,30.0,30.0,15.765043258666992,0
2007-07-10,30.0,30.0,30.0,30.0,15.765043258666992,0
2007-07-11,30.0,30.0,30.0,30.0,15.765043258666992,0
2007-07-12,30.739999771118164,30.739999771118164,30.739999771118164,30.739999771118164,16.15391731262207,2400
2007-07-13,30.739999771118164,30.739999771118164,30.739999771118164,30.739999771118164,16.15391731262207,0
2007-07-16,30.5,30.5,30.5,30.5,16.027795791625977,100
2007-07-17,30.5,30.5,30.5,30.5,16.027795791625977,0
2007-07-18,30.5,30.5,30.5,30.5,16.027795791625977,0
2007-07-19,30.5,30.5,30.5,30.5,16.027795791625977,0
2007-07-20,29.75,29.75,29.75,29.75,15.633661270141602,1800
2007-07-23,29.75,29.75,29.75,29.75,15.633661270141602,400
2007-07-24,29.350000381469727,29.350000381469727,29.350000381469727,29.350000381469727,15.423471450805664,200
2007-07-25,29.399999618530273,29.399999618530273,29.399999618530273,29.399999618530273,15.449742317199707,300
2007-07-26,29.350000381469727,29.350000381469727,29.0,29.0,15.239540100097656,1300
2007-07-27,28.799999237060547,28.799999237060547,28.799999237060547,28.799999237060547,15.13443660736084,200
2007-07-30,28.5,28.5,28.5,28.5,14.976790428161621,2500
2007-07-31,28.5,28.5,28.5,28.5,14.976790428161621,0
2007-08-01,28.600000381469727,28.600000381469727,28.5,28.600000381469727,15.02934741973877,1600
2007-08-02,28.600000381469727,28.600000381469727,28.600000381469727,28.600000381469727,15.02934741973877,0
2007-08-03,28.600000381469727,28.600000381469727,28.600000381469727,28.600000381469727,15.02934741973877,0
2007-08-06,28.5,28.5,28.5,28.5,14.976790428161621,2300
2007-08-07,28.399999618530273,28.399999618530273,28.399999618530273,28.399999618530273,14.924246788024902,1000
2007-08-08,28.399999618530273,28.399999618530273,28.399999618530273,28.399999618530273,14.924246788024902,200
2007-08-09,28.25,28.25,28.0,28.0,14.71403980255127,1200
2007-08-10,27.100000381469727,27.5,27.100000381469727,27.5,14.451289176940918,4200
2007-08-13,27.700000762939453,27.700000762939453,27.450000762939453,27.450000762939453,14.42501449584961,3100
2007-08-14,27.450000762939453,27.450000762939453,27.450000762939453,27.450000762939453,14.42501449584961,1000
2007-08-15,27.450000762939453,27.450000762939453,27.450000762939453,27.450000762939453,14.42501449584961,0
2007-08-16,27.450000762939453,27.450000762939453,27.450000762939453,27.450000762939453,14.42501449584961,600
2007-08-17,27.75,27.75,27.75,27.75,14.582663536071777,1000
2007-08-20,27.75,27.75,27.75,27.75,14.582663536071777,0
2007-08-21,27.75,28.0,27.75,28.0,14.71403980255127,500
2007-08-22,28.0,28.0,27.0,27.450000762939453,14.42501449584961,1600
2007-08-23,27.450000762939453,27.450000762939453,27.450000762939453,27.450000762939453,14.42501449584961,200
2007-08-24,27.450000762939453,27.450000762939453,27.450000762939453,27.450000762939453,14.42501449584961,1000
2007-08-27,27.450000762939453,27.450000762939453,27.450000762939453,27.450000762939453,14.42501449584961,100
2007-08-28,27.450000762939453,27.450000762939453,27.450000762939453,27.450000762939453,14.42501449584961,0
2007-08-29,27.450000762939453,27.75,27.450000762939453,27.75,14.582663536071777,1200
2007-08-30,27.75,27.75,27.75,27.75,14.582663536071777,0
2007-08-31,27.5,28.0,27.5,28.0,14.71403980255127,3900
2007-09-04,28.0,28.0,28.0,28.0,14.71403980255127,1000
2007-09-05,28.0,28.0,28.0,28.0,14.71403980255127,0
2007-09-06,28.0,28.0,28.0,28.0,14.71403980255127,0
2007-09-07,28.0,28.0,28.0,28.0,14.71403980255127,0
2007-09-10,28.0,28.0,28.0,28.0,14.71403980255127,0
2007-09-11,28.0,28.0,28.0,28.0,14.71403980255127,200
2007-09-12,28.0,28.0,28.0,28.0,14.71403980255127,0
2007-09-13,27.5,27.75,27.5,27.75,14.582663536071777,2000
2007-09-14,27.75,27.75,27.75,27.75,14.582663536071777,0
2007-09-17,27.75,27.75,27.75,27.75,14.582663536071777,0
2007-09-18,27.75,27.75,27.75,27.75,14.582663536071777,0
2007-09-19,28.25,28.25,27.850000381469727,27.850000381469727,14.827573776245117,700
2007-09-20,27.850000381469727,27.850000381469727,27.850000381469727,27.850000381469727,14.827573776245117,0
2007-09-21,28.0,28.0,28.0,28.0,14.907434463500977,300
2007-09-24,28.25,28.25,28.25,28.25,15.04054069519043,800
2007-09-25,28.25,28.25,28.25,28.25,15.04054069519043,0
2007-09-26,28.25,28.25,28.25,28.25,15.04054069519043,300
2007-09-27,28.25,28.25,28.25,28.25,15.04054069519043,0
2007-09-28,28.399999618530273,28.399999618530273,28.399999618530273,28.399999618530273,15.120406150817871,900
2007-10-01,28.350000381469727,28.350000381469727,28.350000381469727,28.350000381469727,15.093785285949707,100
2007-10-02,28.350000381469727,28.350000381469727,28.350000381469727,28.350000381469727,15.093785285949707,0
2007-10-03,28.399999618530273,28.399999618530273,28.399999618530273,28.399999618530273,15.120406150817871,500
2007-10-04,28.649999618530273,29.399999618530273,28.649999618530273,29.399999618530273,15.652811050415039,2100
2007-10-05,29.299999237060547,29.5,29.299999237060547,29.5,15.706047058105469,600
2007-10-08,29.5,29.5,29.5,29.5,15.706047058105469,0
2007-10-09,29.75,29.75,29.75,29.75,15.839144706726074,200
2007-10-10,29.600000381469727,29.600000381469727,29.5,29.5,15.706047058105469,600
2007-10-11,29.0,29.100000381469727,29.0,29.0,15.439848899841309,1800
2007-10-12,28.100000381469727,28.25,28.100000381469727,28.25,15.04054069519043,2000
2007-10-15,28.049999237060547,28.100000381469727,28.0,28.0,14.907434463500977,1000
2007-10-16,27.25,27.25,27.25,27.25,14.508132934570312,200
2007-10-17,27.25,27.25,27.25,27.25,14.508132934570312,0
2007-10-18,27.25,27.25,27.25,27.25,14.508132934570312,0
2007-10-19,27.25,27.5,27.25,27.25,14.508132934570312,900
2007-10-22,26.899999618530273,26.899999618530273,26.899999618530273,26.899999618530273,14.321783065795898,200
2007-10-23,27.25,27.25,27.25,27.25,14.508132934570312,500
2007-10-24,27.25,27.25,27.25,27.25,14.508132934570312,0
2007-10-25,26.5,26.5,26.399999618530273,26.5,14.10882568359375,600
2007-10-26,26.5,26.5,26.5,26.5,14.10882568359375,0
2007-10-29,26.5,26.5,26.5,26.5,14.10882568359375,0
2007-10-30,26.5,26.5,26.5,26.5,14.10882568359375,0
2007-10-31,27.399999618530273,27.399999618530273,26.5,26.5,14.10882568359375,1000
2007-11-01,26.25,26.25,26.25,26.25,13.975717544555664,200
2007-11-02,26.25,26.25,26.25,26.25,13.975717544555664,0
2007-11-05,26.25,26.25,26.25,26.25,13.975717544555664,0
2007-11-06,26.25,26.25,26.25,26.25,13.975717544555664,0
2007-11-07,26.25,26.25,26.25,26.25,13.975717544555664,0
2007-11-08,26.25,26.25,26.25,26.25,13.975717544555664,0
2007-11-09,26.25,26.25,26.25,26.25,13.975717544555664,0
2007-11-12,26.25,26.25,26.25,26.25,13.975717544555664,0
2007-11-13,26.25,26.25,26.25,26.25,13.975717544555664,0
2007-11-14,26.25,26.25,26.25,26.25,13.975717544555664,0
2007-11-15,26.25,26.25,26.25,26.25,13.975717544555664,0
2007-11-16,26.25,26.25,26.25,26.25,13.975717544555664,0
2007-11-19,26.25,26.25,25.149999618530273,25.149999618530273,13.390070915222168,800
2007-11-20,25.5,26.0,25.100000381469727,26.0,13.842616081237793,500
2007-11-21,26.0,26.0,26.0,26.0,13.842616081237793,0
2007-11-23,26.0,26.0,26.0,26.0,13.842616081237793,0
2007-11-26,26.0,26.0,26.0,26.0,13.842616081237793,0
2007-11-27,24.049999237060547,24.049999237060547,24.049999237060547,24.049999237060547,12.804422378540039,200
2007-11-28,25.0,25.0,24.049999237060547,24.049999237060547,12.804422378540039,400
2007-11-29,24.049999237060547,24.049999237060547,24.049999237060547,24.049999237060547,12.804422378540039,2800
2007-11-30,25.5,25.5,25.5,25.5,13.576409339904785,100
2007-12-03,25.5,25.5,25.5,25.5,13.576409339904785,100
2007-12-04,24.0,24.0,23.549999237060547,24.0,12.777803421020508,1700
2007-12-05,24.0,24.0,24.0,24.0,12.777803421020508,0
2007-12-06,24.5,24.5,24.049999237060547,24.5,13.044005393981934,1600
2007-12-07,24.049999237060547,24.049999237060547,24.0,24.0,12.777803421020508,900
2007-12-10,24.5,24.5,24.5,24.5,13.044005393981934,200
2007-12-11,24.5,24.5,24.5,24.5,13.044005393981934,500
2007-12-12,24.25,24.75,23.799999237060547,24.75,13.17711067199707,1400
2007-12-13,24.5,24.5,24.5,24.5,13.044005393981934,600
2007-12-14,24.5,24.5,24.5,24.5,13.044005393981934,600
2007-12-17,25.0,25.0,25.0,25.0,13.31020736694336,200
2007-12-18,25.0,25.0,25.0,25.0,13.31020736694336,0
2007-12-19,25.0,25.0,25.0,25.0,13.504674911499023,0
2007-12-20,25.0,25.0,25.0,25.0,13.504674911499023,0
2007-12-21,24.5,24.5,23.5,23.600000381469727,12.748417854309082,4300
2007-12-24,23.600000381469727,23.600000381469727,23.600000381469727,23.600000381469727,12.748417854309082,0
2007-12-26,24.5,24.5,24.5,24.5,13.234583854675293,200
2007-12-27,23.600000381469727,24.0,23.600000381469727,24.0,12.964491844177246,1400
2007-12-28,24.0,24.0,24.0,24.0,12.964491844177246,100
2007-12-31,24.0,24.0,24.0,24.0,12.964491844177246,0
2008-01-02,24.0,24.0,24.0,24.0,12.964491844177246,0
2008-01-03,24.0,24.0,24.0,24.0,12.964491844177246,1400
2008-01-04,24.0,24.0,23.5,23.5,12.69439697265625,700
2008-01-07,23.190000534057617,23.190000534057617,23.190000534057617,23.190000534057617,12.526944160461426,1000
2008-01-08,23.100000381469727,23.100000381469727,23.100000381469727,23.100000381469727,12.47832202911377,900
2008-01-09,23.100000381469727,23.100000381469727,23.100000381469727,23.100000381469727,12.47832202911377,0
2008-01-10,23.100000381469727,23.100000381469727,23.100000381469727,23.100000381469727,12.47832202911377,0
2008-01-11,23.100000381469727,23.100000381469727,23.100000381469727,23.100000381469727,12.47832202911377,0
2008-01-14,23.5,23.5,23.5,23.5,12.69439697265625,200
2008-01-15,23.5,23.5,23.100000381469727,23.100000381469727,12.47832202911377,3000
2008-01-16,24.5,24.5,24.5,24.5,13.234583854675293,500
2008-01-17,24.5,24.5,24.5,24.5,13.234583854675293,0
2008-01-18,24.5,24.5,24.5,24.5,13.234583854675293,400
2008-01-22,24.5,24.5,24.5,24.5,13.234583854675293,1100
2008-01-23,24.75,24.899999618530273,24.75,24.899999618530273,13.450660705566406,700
2008-01-24,24.899999618530273,24.899999618530273,24.899999618530273,24.899999618530273,13.450660705566406,0
2008-01-25,25.049999237060547,25.049999237060547,25.049999237060547,25.049999237060547,13.531682014465332,200
2008-01-28,25.049999237060547,25.049999237060547,25.049999237060547,25.049999237060547,13.531682014465332,500
2008-01-29,25.450000762939453,25.450000762939453,25.450000762939453,25.450000762939453,13.74776554107666,200
2008-01-30,25.450000762939453,25.450000762939453,25.450000762939453,25.450000762939453,13.74776554107666,700
2008-01-31,25.450000762939453,25.450000762939453,25.450000762939453,25.450000762939453,13.74776554107666,200
2008-02-01,26.0,26.0,26.0,26.0,14.044862747192383,200
2008-02-04,26.0,27.0,26.0,27.0,14.585046768188477,900
2008-02-05,28.049999237060547,28.049999237060547,27.0,27.0,14.585046768188477,500
2008-02-06,27.0,27.0,27.0,27.0,14.585046768188477,200
2008-02-07,28.049999237060547,28.049999237060547,28.049999237060547,28.049999237060547,15.15224552154541,200
2008-02-08,28.049999237060547,28.049999237060547,28.049999237060547,28.049999237060547,15.15224552154541,0
2008-02-11,29.899999618530273,29.899999618530273,29.899999618530273,29.899999618530273,16.151594161987305,700
2008-02-12,29.899999618530273,29.899999618530273,29.899999618530273,29.899999618530273,16.151594161987305,0
2008-02-13,29.899999618530273,29.899999618530273,29.899999618530273,29.899999618530273,16.151594161987305,0
2008-02-14,29.899999618530273,29.899999618530273,29.899999618530273,29.899999618530273,16.151594161987305,500
2008-02-15,29.899999618530273,29.899999618530273,29.899999618530273,29.899999618530273,16.151594161987305,600
2008-02-19,29.899999618530273,29.899999618530273,29.899999618530273,29.899999618530273,16.151594161987305,0
2008-02-20,29.899999618530273,29.899999618530273,29.899999618530273,29.899999618530273,16.151594161987305,200
2008-02-21,29.799999237060547,29.799999237060547,29.799999237060547,29.799999237060547,16.097576141357422,300
2008-02-22,29.0,29.0,28.5,28.5,15.395334243774414,2400
2008-02-25,28.5,28.5,28.5,28.5,15.395334243774414,0
2008-02-26,28.5,28.5,28.5,28.5,15.395334243774414,0
2008-02-27,28.5,28.5,28.5,28.5,15.395334243774414,0
2008-02-28,28.5,28.5,28.5,28.5,15.395334243774414,0
2008-02-29,28.5,28.5,28.5,28.5,15.395334243774414,0
2008-03-03,28.5,28.5,28.5,28.5,15.395334243774414,0
2008-03-04,28.5,28.5,28.5,28.5,15.395334243774414,0
2008-03-05,28.149999618530273,28.149999618530273,27.5,27.5,14.855143547058105,1900
2008-03-06,27.5,27.5,27.5,27.5,14.855143547058105,0
2008-03-07,27.0,27.0,27.0,27.0,14.585046768188477,200
2008-03-10,27.0,27.0,27.0,27.0,14.585046768188477,0
2008-03-11,27.0,27.0,27.0,27.0,14.585046768188477,0
2008-03-12,27.0,27.0,27.0,27.0,14.585046768188477,0
2008-03-13,27.0,27.0,27.0,27.0,14.585046768188477,1000
2008-03-14,27.0,27.0,27.0,27.0,14.585046768188477,0
2008-03-17,27.0,27.0,27.0,27.0,14.585046768188477,0
2008-03-18,27.0,27.0,27.0,27.0,14.782142639160156,0
2008-03-19,27.0,27.0,27.0,27.0,14.782142639160156,0
2008-03-20,27.0,27.0,27.0,27.0,14.782142639160156,0
2008-03-24,27.0,27.0,27.0,27.0,14.782142639160156,0
2008-03-25,27.5,27.5,27.5,27.5,15.055887222290039,200
2008-03-26,27.0,27.0,26.0,26.0,14.234657287597656,600
2008-03-27,26.0,26.0,26.0,26.0,14.234657287597656,0
2008-03-28,26.0,26.0,26.0,26.0,14.234657287597656,0
2008-03-31,26.0,26.0,26.0,26.0,14.234657287597656,0
2008-04-01,26.0,26.0,26.0,26.0,14.234657287597656,0
2008-04-02,26.0,26.0,26.0,26.0,14.234657287597656,0
2008-04-03,26.0,26.0,26.0,26.0,14.234657287597656,0
2008-04-04,26.0,26.0,26.0,26.0,14.234657287597656,0
2008-04-07,27.0,27.0,26.5,26.5,14.508405685424805,700
2008-04-08,26.25,26.25,26.0,26.0,14.234657287597656,1000
2008-04-09,26.0,26.0,26.0,26.0,14.234657287597656,0
2008-04-10,26.0,26.0,26.0,26.0,14.234657287597656,0
2008-04-11,26.0,26.0,26.0,26.0,14.234657287597656,0
2008-04-14,26.0,26.0,26.0,26.0,14.234657287597656,100
2008-04-15,26.25,26.5,26.25,26.5,14.508405685424805,3400
2008-04-16,26.5,26.5,26.5,26.5,14.508405685424805,0
2008-04-17,26.5,26.5,26.5,26.5,14.508405685424805,0
2008-04-18,26.5,26.5,26.5,26.5,14.508405685424805,0
2008-04-21,26.5,26.5,26.5,26.5,14.508405685424805,100
2008-04-22,26.5,26.5,26.5,26.5,14.508405685424805,0
2008-04-23,26.5,26.5,26.5,26.5,14.508405685424805,0
2008-04-24,26.5,26.5,26.5,26.5,14.508405685424805,0
2008-04-25,26.5,26.5,26.5,26.5,14.508405685424805,600
2008-04-28,26.5,26.5,26.5,26.5,14.508405685424805,0
2008-04-29,26.5,26.5,26.5,26.5,14.508405685424805,0
2008-04-30,26.5,26.5,26.5,26.5,14.508405685424805,0
2008-05-01,26.5,26.5,26.5,26.5,14.508405685424805,0
2008-05-02,26.770000457763672,26.770000457763672,26.770000457763672,26.770000457763672,14.65622615814209,100
2008-05-05,26.770000457763672,26.770000457763672,26.770000457763672,26.770000457763672,14.65622615814209,0
2008-05-06,26.770000457763672,26.770000457763672,26.770000457763672,26.770000457763672,14.65622615814209,0
2008-05-07,26.770000457763672,26.770000457763672,26.770000457763672,26.770000457763672,14.65622615814209,0
2008-05-08,26.770000457763672,26.770000457763672,26.770000457763672,26.770000457763672,14.65622615814209,0
2008-05-09,26.770000457763672,26.770000457763672,26.770000457763672,26.770000457763672,14.65622615814209,0
2008-05-12,26.770000457763672,26.770000457763672,26.770000457763672,26.770000457763672,14.65622615814209,200
2008-05-13,26.75,26.75,26.5,26.5,14.508405685424805,800
2008-05-14,27.0,27.0,26.5,26.5,14.508405685424805,1000
2008-05-15,26.5,26.5,26.5,26.5,14.508405685424805,0
2008-05-16,26.5,26.5,26.5,26.5,14.508405685424805,0
2008-05-19,27.0,27.0,27.0,27.0,14.782142639160156,200
2008-05-20,27.0,27.0,27.0,27.0,14.782142639160156,500
2008-05-21,27.0,27.0,27.0,27.0,14.782142639160156,0
2008-05-22,27.0,27.0,27.0,27.0,14.782142639160156,0
2008-05-23,27.0,27.0,27.0,27.0,14.782142639160156,0
2008-05-27,27.0,27.0,26.5,26.5,14.508405685424805,1000
2008-05-28,26.5,26.5,26.5,26.5,14.508405685424805,200
2008-05-29,27.0,27.0,27.0,27.0,14.782142639160156,200
2008-05-30,27.0,27.0,27.0,27.0,14.782142639160156,0
2008-06-02,27.0,27.0,27.0,27.0,14.782142639160156,0
2008-06-03,27.0,27.0,27.0,27.0,14.782142639160156,0
2008-06-04,26.5,26.5,26.5,26.5,14.508405685424805,300
2008-06-05,26.5,26.5,26.5,26.5,14.508405685424805,800
2008-06-06,26.5,26.5,26.5,26.5,14.508405685424805,200
2008-06-09,26.5,26.5,26.5,26.5,14.508405685424805,0
2008-06-10,27.0,27.0,27.0,27.0,14.782142639160156,600
2008-06-11,27.0,27.25,27.0,27.25,14.919022560119629,200
2008-06-12,27.25,27.25,27.25,27.25,14.919022560119629,0
2008-06-13,27.25,27.25,27.25,27.25,14.919022560119629,0
2008-06-16,27.25,27.25,27.25,27.25,14.919022560119629,0
2008-06-17,27.25,27.25,27.25,27.25,14.919022560119629,0
2008-06-18,27.25,27.25,27.25,27.25,15.118755340576172,0
2008-06-19,27.25,27.25,27.25,27.25,15.118755340576172,0
2008-06-20,27.25,27.25,27.25,27.25,15.118755340576172,0
2008-06-23,27.25,27.25,27.25,27.25,15.118755340576172,0
2008-06-24,27.25,27.25,27.25,27.25,15.118755340576172,0
2008-06-25,27.25,27.25,27.25,27.25,15.118755340576172,100
2008-06-26,27.25,27.25,27.25,27.25,15.118755340576172,0
2008-06-27,27.25,27.25,27.25,27.25,15.118755340576172,0
2008-06-30,26.75,26.75,26.75,26.75,14.84134578704834,300
2008-07-01,27.0,27.0,26.75,27.0,14.980045318603516,1600
2008-07-02,27.0,27.0,27.0,27.0,14.980045318603516,0
2008-07-03,27.0,27.0,27.0,27.0,14.980045318603516,0
2008-07-07,27.0,27.0,27.0,27.0,14.980045318603516,200
2008-07-08,27.200000762939453,27.200000762939453,27.200000762939453,27.200000762939453,15.091010093688965,200
2008-07-09,26.75,26.75,26.75,26.75,14.84134578704834,400
2008-07-10,27.200000762939453,27.200000762939453,27.200000762939453,27.200000762939453,15.091010093688965,700
2008-07-11,27.200000762939453,27.200000762939453,27.200000762939453,27.200000762939453,15.091010093688965,0
2008-07-14,27.75,30.0,27.75,28.0,15.534857749938965,3900
2008-07-15,27.5,27.5,26.0,26.0,14.4252290725708,5800
2008-07-16,26.0,26.0,26.0,26.0,14.4252290725708,0
2008-07-17,27.5,27.5,27.5,27.5,15.257452011108398,500
2008-07-18,27.5,27.5,27.5,27.5,15.257452011108398,0
2008-07-21,27.5,27.5,27.5,27.5,15.257452011108398,0
2008-07-22,27.5,27.5,27.5,27.5,15.257452011108398,0
2008-07-23,27.5,27.5,27.5,27.5,15.257452011108398,0
2008-07-24,27.5,27.5,27.5,27.5,15.257452011108398,0
2008-07-25,27.5,27.5,27.5,27.5,15.257452011108398,0
2008-07-28,27.5,27.5,27.5,27.5,15.257452011108398,200
2008-07-29,27.5,27.5,27.5,27.5,15.257452011108398,0
2008-07-30,27.5,27.5,27.5,27.5,15.257452011108398,0
2008-07-31,27.5,27.5,27.5,27.5,15.257452011108398,0
2008-08-01,27.5,27.5,27.5,27.5,15.257452011108398,0
2008-08-04,27.5,27.5,27.5,27.5,15.257452011108398,0
2008-08-05,27.5,27.5,27.5,27.5,15.257452011108398,0
2008-08-06,27.5,27.5,27.5,27.5,15.257452011108398,0
2008-08-07,27.5,27.5,27.5,27.5,15.257452011108398,0
2008-08-08,27.5,27.5,27.5,27.5,15.257452011108398,0
2008-08-11,27.5,27.5,27.5,27.5,15.257452011108398,0
2008-08-12,27.5,27.5,27.5,27.5,15.257452011108398,200
2008-08-13,27.5,27.5,27.5,27.5,15.257452011108398,0
2008-08-14,27.5,27.5,27.5,27.5,15.257452011108398,0
2008-08-15,29.0,29.0,29.0,29.0,16.089683532714844,200
2008-08-18,27.5,27.5,27.0,27.0,14.980045318603516,300
2008-08-19,27.0,27.0,26.0,26.0,14.4252290725708,2300
2008-08-20,27.25,27.25,27.25,27.25,15.118755340576172,300
2008-08-21,27.25,27.25,27.25,27.25,15.118755340576172,0
2008-08-22,27.25,27.25,27.25,27.25,15.118755340576172,0
2008-08-25,27.0,27.0,27.0,27.0,14.980045318603516,500
2008-08-26,27.0,27.0,27.0,27.0,14.980045318603516,0
2008-08-27,27.0,27.0,27.0,27.0,14.980045318603516,0
2008-08-28,27.25,27.25,27.25,27.25,15.118755340576172,200
2008-08-29,27.25,27.25,27.25,27.25,15.118755340576172,0
2008-09-02,27.25,27.25,27.25,27.25,15.118755340576172,0
2008-09-03,27.25,27.25,27.25,27.25,15.118755340576172,0
2008-09-04,27.25,27.25,27.25,27.25,15.118755340576172,0
2008-09-05,27.25,27.25,27.25,27.25,15.118755340576172,0
2008-09-08,27.0,27.25,27.0,27.25,15.118755340576172,800
2008-09-09,27.25,27.25,27.25,27.25,15.118755340576172,0
2008-09-10,27.25,27.25,27.25,27.25,15.118755340576172,0
2008-09-11,27.25,27.25,27.25,27.25,15.118755340576172,0
2008-09-12,27.25,27.25,27.25,27.25,15.118755340576172,0
2008-09-15,27.25,27.25,27.25,27.25,15.118755340576172,0
2008-09-16,27.25,27.25,27.25,27.25,15.118755340576172,0
2008-09-17,27.25,27.25,27.25,27.25,15.321162223815918,0
2008-09-18,27.0,27.5,27.0,27.5,15.461719512939453,600
2008-09-19,26.5,27.0,26.5,27.0,15.180596351623535,400
2008-09-22,27.0,27.0,27.0,27.0,15.180596351623535,0
2008-09-23,27.0,27.0,27.0,27.0,15.180596351623535,0
2008-09-24,27.0,27.0,27.0,27.0,15.180596351623535,0
2008-09-25,27.0,27.0,27.0,27.0,15.180596351623535,0
2008-09-26,26.0,26.0,26.0,26.0,14.618351936340332,600
2008-09-29,26.0,26.0,26.0,26.0,14.618351936340332,0
2008-09-30,27.25,27.25,27.25,27.25,15.321162223815918,100
2008-10-01,27.25,27.25,27.25,27.25,15.321162223815918,0
2008-10-02,27.25,27.25,27.25,27.25,15.321162223815918,0
2008-10-03,27.0,27.0,26.75,26.75,15.040040016174316,600
2008-10-06,26.75,26.75,26.75,26.75,15.040040016174316,0
2008-10-07,26.75,26.75,26.75,26.75,15.040040016174316,500
2008-10-08,27.25,27.25,27.25,27.25,15.321162223815918,100
2008-10-09,27.25,27.25,27.25,27.25,15.321162223815918,0
2008-10-10,27.0,27.0,27.0,27.0,15.180596351623535,800
2008-10-13,27.0,27.0,27.0,27.0,15.180596351623535,0
2008-10-14,27.0,27.0,27.0,27.0,15.180596351623535,0
2008-10-15,27.0,27.0,26.0,26.5,14.899477005004883,1300
2008-10-16,26.5,26.5,26.5,26.5,14.899477005004883,0
2008-10-17,26.5,26.5,26.5,26.5,14.899477005004883,200
2008-10-20,26.5,26.5,26.5,26.5,14.899477005004883,0
2008-10-21,26.5,26.5,26.5,26.5,14.899477005004883,200
2008-10-22,26.350000381469727,26.350000381469727,26.0,26.0,14.618351936340332,3700
2008-10-23,26.0,26.0,26.0,26.0,14.618351936340332,0
2008-10-24,26.0,26.0,26.0,26.0,14.618351936340332,0
2008-10-27,26.0,26.0,26.0,26.0,14.618351936340332,0
2008-10-28,26.0,26.0,26.0,26.0,14.618351936340332,0
2008-10-29,26.0,26.0,26.0,26.0,14.618351936340332,0
2008-10-30,25.5,25.5,25.5,25.5,14.337233543395996,300
2008-10-31,25.5,25.5,25.5,25.5,14.337233543395996,100
2008-11-03,25.5,25.5,25.5,25.5,14.337233543395996,200
2008-11-04,25.5,25.5,25.5,25.5,14.337233543395996,100
2008-11-05,25.5,25.5,24.989999771118164,24.989999771118164,14.050493240356445,200
2008-11-06,24.989999771118164,24.989999771118164,24.989999771118164,24.989999771118164,14.050493240356445,0
2008-11-07,24.989999771118164,24.989999771118164,24.989999771118164,24.989999771118164,14.050493240356445,0
2008-11-10,24.989999771118164,24.989999771118164,24.989999771118164,24.989999771118164,14.050493240356445,0
2008-11-11,25.25,25.25,25.25,25.25,14.196675300598145,100
2008-11-12,24.989999771118164,25.25,24.989999771118164,25.0,14.056111335754395,600
2008-11-13,25.0,25.0,25.0,25.0,14.056111335754395,0
2008-11-14,25.0,25.0,25.0,25.0,14.056111335754395,0
2008-11-17,24.989999771118164,25.0,24.5,25.0,14.056111335754395,700
2008-11-18,25.0,25.0,25.0,25.0,14.056111335754395,0
2008-11-19,25.0,25.0,25.0,25.0,14.056111335754395,0
2008-11-20,25.0,25.0,25.0,25.0,14.056111335754395,0
2008-11-21,25.0,25.0,25.0,25.0,14.056111335754395,0
2008-11-24,25.0,25.0,25.0,25.0,14.056111335754395,0
2008-11-25,25.5,25.5,25.5,25.5,14.337233543395996,100
2008-11-26,26.0,26.0,25.0,26.0,14.618351936340332,2600
2008-11-28,26.0,26.0,26.0,26.0,14.618351936340332,0
2008-12-01,26.0,26.0,26.0,26.0,14.618351936340332,0
2008-12-02,25.0,25.0,25.0,25.0,14.056111335754395,200
2008-12-03,25.0,25.0,25.0,25.0,14.056111335754395,0
2008-12-04,27.0,27.0,22.100000381469727,24.0,13.493865013122559,3600
2008-12-05,24.0,24.0,24.0,24.0,13.493865013122559,0
2008-12-08,24.0,24.0,24.0,24.0,13.493865013122559,0
2008-12-09,24.0,24.0,24.0,24.0,13.493865013122559,500
2008-12-10,24.0,24.0,24.0,24.0,13.493865013122559,0
2008-12-11,24.0,24.0,24.0,24.0,13.493865013122559,0
2008-12-12,24.0,24.0,24.0,24.0,13.493865013122559,0
2008-12-15,24.0,24.0,24.0,24.0,13.493865013122559,0
2008-12-16,24.0,24.0,24.0,24.0,13.493865013122559,0
2008-12-17,24.0,24.0,24.0,24.0,13.699355125427246,0
2008-12-18,24.0,24.0,24.0,24.0,13.699355125427246,0
2008-12-19,24.0,24.0,24.0,24.0,13.699355125427246,0
2008-12-22,24.0,24.0,24.0,24.0,13.699355125427246,0
2008-12-23,24.0,24.0,24.0,24.0,13.699355125427246,0
2008-12-24,24.0,24.0,24.0,24.0,13.699355125427246,0
2008-12-26,24.0,24.0,24.0,24.0,13.699355125427246,0
2008-12-29,24.0,24.0,24.0,24.0,13.699355125427246,0
2008-12-30,24.0,24.0,24.0,24.0,13.699355125427246,0
2008-12-31,24.0,24.0,24.0,24.0,13.699355125427246,0
2009-01-02,21.25,22.0,20.100000381469727,22.0,12.557743072509766,500
2009-01-05,22.0,22.0,22.0,22.0,12.557743072509766,0
2009-01-06,23.0,23.0,23.0,23.0,13.128548622131348,500
2009-01-07,24.0,24.0,24.0,24.0,13.699355125427246,200
2009-01-08,24.0,24.0,24.0,24.0,13.699355125427246,0
2009-01-09,24.0,24.0,24.0,24.0,13.699355125427246,0
2009-01-12,24.0,24.0,24.0,24.0,13.699355125427246,0
2009-01-13,23.0,23.0,23.0,23.0,13.128548622131348,200
2009-01-14,23.0,23.0,23.0,23.0,13.128548622131348,0
2009-01-15,22.0,22.0,22.0,22.0,12.557743072509766,100
2009-01-16,22.0,22.0,22.0,22.0,12.557743072509766,0
2009-01-20,22.0,22.0,22.0,22.0,12.557743072509766,0
2009-01-21,21.0,21.0,21.0,21.0,11.986936569213867,200
2009-01-22,21.5,21.5,21.5,21.5,12.27234172821045,700
2009-01-23,21.5,21.5,21.5,21.5,12.27234172821045,0
2009-01-26,21.5,21.5,21.5,21.5,12.27234172821045,300
2009-01-27,21.5,21.5,21.5,21.5,12.27234172821045,3200
2009-01-28,22.0,22.0,22.0,22.0,12.557743072509766,200
2009-01-29,22.0,22.0,22.0,22.0,12.557743072509766,0
2009-01-30,22.0,22.0,22.0,22.0,12.557743072509766,0
2009-02-02,22.350000381469727,22.350000381469727,22.350000381469727,22.350000381469727,12.757530212402344,500
2009-02-03,22.350000381469727,22.350000381469727,21.0,21.0,11.986936569213867,900
2009-02-04,21.0,21.0,21.0,21.0,11.986936569213867,0
2009-02-05,21.0,21.0,21.0,21.0,11.986936569213867,0
2009-02-06,21.0,21.0,21.0,21.0,11.986936569213867,0
2009-02-09,21.0,21.0,21.0,21.0,11.986936569213867,0
2009-02-10,21.0,21.0,21.0,21.0,11.986936569213867,0
2009-02-11,21.0,21.0,20.0,20.0,11.416131973266602,1400
2009-02-12,20.0,20.0,20.0,20.0,11.416131973266602,0
2009-02-13,21.850000381469727,21.850000381469727,20.0,20.0,11.416131973266602,1200
2009-02-17,20.0,20.0,20.0,20.0,11.416131973266602,600
2009-02-18,20.0,20.0,20.0,20.0,11.416131973266602,0
2009-02-19,19.5,21.0,19.5,21.0,11.986936569213867,1000
2009-02-20,21.0,21.0,21.0,21.0,11.986936569213867,100
2009-02-23,21.0,21.0,21.0,21.0,11.986936569213867,100
2009-02-24,21.0,21.0,19.0,19.0,10.845321655273438,1100
2009-02-25,20.0,20.0,20.0,20.0,11.416131973266602,200
2009-02-26,19.25,20.0,19.049999237060547,20.0,11.416131973266602,700
2009-02-27,20.0,20.0,20.0,20.0,11.416131973266602,700
2009-03-02,19.0,19.0,19.0,19.0,10.845321655273438,600
2009-03-03,20.0,20.0,19.75,19.75,11.273433685302734,700
2009-03-04,19.75,19.75,19.0,19.0,10.845321655273438,1300
2009-03-05,19.0,19.0,19.0,19.0,10.845321655273438,0
2009-03-06,19.0,19.0,18.0,18.0,10.274517059326172,1900
2009-03-09,18.25,19.0,17.25,17.25,9.84641170501709,1300
2009-03-10,19.0,19.0,18.0,18.0,10.274517059326172,300
2009-03-11,17.25,17.25,16.989999771118164,16.989999771118164,9.698005676269531,1000
2009-03-12,16.989999771118164,16.989999771118164,16.0,16.0,9.132903099060059,3600
2009-03-13,16.0,16.0,16.0,16.0,9.132903099060059,0
2009-03-16,16.5,16.5,16.25,16.5,9.418306350708008,6000
2009-03-17,17.100000381469727,17.100000381469727,16.0,16.5,9.418306350708008,5400
2009-03-18,16.5,16.5,16.5,16.5,9.62838077545166,700
2009-03-19,16.950000762939453,17.25,16.950000762939453,17.25,10.066034317016602,6500
2009-03-20,17.25,17.25,17.25,17.25,10.066034317016602,0
2009-03-23,18.25,18.25,18.25,18.25,10.64957332611084,300
2009-03-24,17.5,17.5,17.5,17.5,10.211921691894531,2000
2009-03-25,17.5,17.5,17.5,17.5,10.211921691894531,0
2009-03-26,17.5,17.5,17.5,17.5,10.211921691894531,0
2009-03-27,17.5,17.5,17.5,17.5,10.211921691894531,0
2009-03-30,17.5,17.5,17.5,17.5,10.211921691894531,0
2009-03-31,19.25,19.25,19.25,19.25,11.233110427856445,200
2009-04-01,19.25,19.25,19.25,19.25,11.233110427856445,0
2009-04-02,19.5,19.5,19.5,19.5,11.378997802734375,300
2009-04-03,19.75,19.75,19.75,19.75,11.524885177612305,200
2009-04-06,19.75,19.75,19.75,19.75,11.524885177612305,900
2009-04-07,19.75,19.75,19.75,19.75,11.524885177612305,500
2009-04-08,19.75,19.75,18.299999237060547,18.299999237060547,10.678752899169922,500
2009-04-09,18.299999237060547,18.299999237060547,18.299999237060547,18.299999237060547,10.678752899169922,0
2009-04-13,18.299999237060547,18.299999237060547,18.299999237060547,18.299999237060547,10.678752899169922,0
2009-04-14,18.5,18.5,18.5,18.5,10.795454978942871,1600
2009-04-15,18.5,18.5,18.5,18.5,10.795454978942871,500
2009-04-16,18.5,18.5,18.5,18.5,10.795454978942871,0
2009-04-17,18.5,18.5,18.5,18.5,10.795454978942871,0
2009-04-20,18.5,18.5,18.5,18.5,10.795454978942871,0
2009-04-21,19.5,19.5,19.5,19.5,11.378997802734375,1000
2009-04-22,19.5,19.5,19.5,19.5,11.378997802734375,0
2009-04-23,19.5,19.5,19.5,19.5,11.378997802734375,0
2009-04-24,19.5,19.5,19.5,19.5,11.378997802734375,0
2009-04-27,19.5,19.5,19.5,19.5,11.378997802734375,0
2009-04-28,19.5,19.5,19.5,19.5,11.378997802734375,0
2009-04-29,19.5,19.5,19.5,19.5,11.378997802734375,400
2009-04-30,19.5,19.5,19.5,19.5,11.378997802734375,0
2009-05-01,19.5,19.5,19.5,19.5,11.378997802734375,0
2009-05-04,19.5,19.5,19.5,19.5,11.378997802734375,0
2009-05-05,19.899999618530273,19.899999618530273,19.850000381469727,19.850000381469727,11.583234786987305,500
2009-05-06,19.0,19.0,19.0,19.0,11.087224960327148,500
2009-05-07,19.0,19.0,19.0,19.0,11.087224960327148,0
2009-05-08,19.0,19.0,19.0,19.0,11.087224960327148,0
2009-05-11,19.0,19.0,19.0,19.0,11.087224960327148,0
2009-05-12,19.0,19.0,19.0,19.0,11.087224960327148,0
2009-05-13,19.0,19.0,19.0,19.0,11.087224960327148,0
2009-05-14,19.0,19.0,19.0,19.0,11.087224960327148,0
2009-05-15,19.0,19.0,19.0,19.0,11.087224960327148,200
2009-05-18,19.0,19.0,19.0,19.0,11.087224960327148,0
2009-05-19,18.75,18.75,18.75,18.75,10.941340446472168,500
2009-05-20,18.899999618530273,18.899999618530273,18.75,18.75,10.941340446472168,4900
2009-05-21,18.75,18.75,18.75,18.75,10.941340446472168,0
2009-05-22,18.75,18.75,18.75,18.75,10.941340446472168,1700
2009-05-26,18.950000762939453,18.950000762939453,18.950000762939453,18.950000762939453,11.058048248291016,200
2009-05-27,18.950000762939453,18.950000762939453,18.950000762939453,18.950000762939453,11.058048248291016,0
2009-05-28,18.75,18.75,18.75,18.75,10.941340446472168,700
2009-05-29,18.75,18.75,18.75,18.75,10.941340446472168,200
2009-06-01,18.75,18.75,18.75,18.75,10.941340446472168,0
2009-06-02,18.75,18.75,18.75,18.75,10.941340446472168,0
2009-06-03,20.0,20.0,20.0,20.0,11.670764923095703,400
2009-06-04,20.0,20.0,20.0,20.0,11.670764923095703,0
2009-06-05,20.0,20.0,20.0,20.0,11.670764923095703,0
2009-06-08,20.0,20.0,20.0,20.0,11.670764923095703,0
2009-06-09,18.799999237060547,19.049999237060547,18.799999237060547,19.049999237060547,11.116402626037598,600
2009-06-10,19.049999237060547,19.049999237060547,19.049999237060547,19.049999237060547,11.116402626037598,0
2009-06-11,18.799999237060547,19.75,18.799999237060547,19.75,11.524885177612305,1800
2009-06-12,19.75,19.75,19.75,19.75,11.524885177612305,0
2009-06-15,19.75,19.75,19.75,19.75,11.524885177612305,0
2009-06-16,19.950000762939453,19.950000762939453,19.950000762939453,19.950000762939453,11.641582489013672,200
2009-06-17,19.950000762939453,19.950000762939453,19.950000762939453,19.950000762939453,11.831367492675781,0
2009-06-18,19.75,19.75,19.75,19.75,11.712754249572754,200
2009-06-19,19.0,19.0,19.0,19.0,11.267966270446777,300
2009-06-22,18.75,18.75,18.25,18.25,10.823179244995117,2300
2009-06-23,18.25,18.25,18.25,18.25,10.823179244995117,0
2009-06-24,18.25,18.25,18.25,18.25,10.823179244995117,0
2009-06-25,18.600000381469727,18.600000381469727,18.600000381469727,18.600000381469727,11.03074836730957,400
2009-06-26,18.700000762939453,18.700000762939453,18.700000762939453,18.700000762939453,11.090052604675293,2000
2009-06-29,18.700000762939453,18.700000762939453,18.700000762939453,18.700000762939453,11.090052604675293,0
2009-06-30,19.0,19.0,18.75,18.75,11.119699478149414,500
2009-07-01,18.75,18.75,18.75,18.75,11.119699478149414,0
2009-07-02,20.5,20.5,20.5,20.5,12.15754508972168,200
2009-07-06,20.5,20.5,20.5,20.5,12.15754508972168,0
2009-07-07,20.5,20.5,20.5,20.5,12.15754508972168,0
2009-07-08,20.0,20.0,19.600000381469727,19.75,11.712754249572754,1400
2009-07-09,19.75,19.75,19.75,19.75,11.712754249572754,0
2009-07-10,19.75,19.75,19.75,19.75,11.712754249572754,0
2009-07-13,19.5,20.0,19.5,20.0,11.861017227172852,1500
2009-07-14,20.0,20.0,20.0,20.0,11.861017227172852,0
2009-07-15,20.0,20.0,20.0,20.0,11.861017227172852,0
2009-07-16,20.0,20.0,20.0,20.0,11.861017227172852,0
2009-07-17,20.0,20.0,20.0,20.0,11.861017227172852,0
2009-07-20,20.0,20.0,20.0,20.0,11.861017227172852,0
2009-07-21,20.0,20.0,20.0,20.0,11.861017227172852,0
2009-07-22,20.0,20.0,20.0,20.0,11.861017227172852,200
2009-07-23,20.0,20.0,20.0,20.0,11.861017227172852,0
2009-07-24,20.25,20.25,20.25,20.25,12.009281158447266,100
2009-07-27,20.25,20.25,20.25,20.25,12.009281158447266,0
2009-07-28,20.0,20.0,19.75,19.75,11.712754249572754,200
2009-07-29,19.75,19.75,19.75,19.75,11.712754249572754,0
2009-07-30,19.75,19.75,19.75,19.75,11.712754249572754,0
2009-07-31,19.75,19.75,19.75,19.75,11.712754249572754,0
2009-08-03,20.0,20.0,17.5,18.5,10.971441268920898,8100
2009-08-04,18.5,18.739999771118164,18.5,18.739999771118164,11.113773345947266,800
2009-08-05,18.739999771118164,18.739999771118164,18.739999771118164,18.739999771118164,11.113773345947266,0
2009-08-06,18.75,18.75,18.75,18.75,11.119699478149414,1100
2009-08-07,19.25,19.25,19.25,19.25,11.416230201721191,300
2009-08-10,19.25,19.25,19.25,19.25,11.416230201721191,0
2009-08-11,19.0,19.0,19.0,19.0,11.267966270446777,400
2009-08-12,19.0,19.0,19.0,19.0,11.267966270446777,0
2009-08-13,19.0,19.0,19.0,19.0,11.267966270446777,200
2009-08-14,17.899999618530273,17.899999618530273,17.899999618530273,17.899999618530273,10.615608215332031,5900
2009-08-17,18.5,18.5,18.5,18.5,10.971441268920898,300
2009-08-18,18.049999237060547,18.049999237060547,18.049999237060547,18.049999237060547,10.704567909240723,300
2009-08-19,18.049999237060547,18.049999237060547,18.049999237060547,18.049999237060547,10.704567909240723,0
2009-08-20,18.049999237060547,18.049999237060547,18.049999237060547,18.049999237060547,10.704567909240723,0
2009-08-21,18.049999237060547,18.049999237060547,18.049999237060547,18.049999237060547,10.704567909240723,0
2009-08-24,18.049999237060547,18.049999237060547,18.049999237060547,18.049999237060547,10.704567909240723,0
2009-08-25,18.049999237060547,18.049999237060547,18.049999237060547,18.049999237060547,10.704567909240723,0
2009-08-26,18.049999237060547,18.049999237060547,18.049999237060547,18.049999237060547,10.704567909240723,0
2009-08-27,18.049999237060547,18.049999237060547,18.049999237060547,18.049999237060547,10.704567909240723,0
2009-08-28,18.049999237060547,18.049999237060547,18.049999237060547,18.049999237060547,10.704567909240723,0
2009-08-31,18.049999237060547,18.049999237060547,18.049999237060547,18.049999237060547,10.704567909240723,0
2009-09-01,18.049999237060547,18.049999237060547,18.049999237060547,18.049999237060547,10.704567909240723,0
2009-09-02,18.049999237060547,18.049999237060547,18.049999237060547,18.049999237060547,10.704567909240723,0
2009-09-03,18.049999237060547,18.049999237060547,18.049999237060547,18.049999237060547,10.704567909240723,0
2009-09-04,18.049999237060547,18.049999237060547,18.049999237060547,18.049999237060547,10.704567909240723,0
2009-09-08,17.790000915527344,17.790000915527344,17.790000915527344,17.790000915527344,10.55037784576416,800
2009-09-09,17.790000915527344,17.790000915527344,17.549999237060547,17.549999237060547,10.408044815063477,900
2009-09-10,17.899999618530273,17.899999618530273,17.899999618530273,17.899999618530273,10.615608215332031,100
2009-09-11,17.899999618530273,17.899999618530273,17.899999618530273,17.899999618530273,10.615608215332031,0
2009-09-14,17.899999618530273,17.899999618530273,17.899999618530273,17.899999618530273,10.615608215332031,0
2009-09-15,17.899999618530273,17.899999618530273,17.899999618530273,17.899999618530273,10.615608215332031,0
2009-09-16,17.899999618530273,17.899999618530273,17.899999618530273,17.899999618530273,10.808843612670898,0
2009-09-17,17.649999618530273,17.649999618530273,17.5,17.5,10.567305564880371,2000
2009-09-18,17.5,17.5,17.5,17.5,10.567305564880371,0
2009-09-21,17.350000381469727,17.350000381469727,17.350000381469727,17.350000381469727,10.476728439331055,200
2009-09-22,17.350000381469727,17.350000381469727,17.350000381469727,17.350000381469727,10.476728439331055,0
2009-09-23,17.18000030517578,17.18000030517578,17.0,17.18000030517578,10.37407112121582,1000
2009-09-24,17.18000030517578,17.18000030517578,17.18000030517578,17.18000030517578,10.37407112121582,0
2009-09-25,17.18000030517578,17.18000030517578,17.18000030517578,17.18000030517578,10.37407112121582,0
2009-09-28,17.18000030517578,17.18000030517578,17.18000030517578,17.18000030517578,10.37407112121582,0
2009-09-29,17.18000030517578,17.18000030517578,17.18000030517578,17.18000030517578,10.37407112121582,0
2009-09-30,17.5,17.5,17.5,17.5,10.567305564880371,700
2009-10-01,17.5,17.5,17.5,17.5,10.567305564880371,500
2009-10-02,17.5,17.5,17.5,17.5,10.567305564880371,0
2009-10-05,17.5,17.5,17.5,17.5,10.567305564880371,0
2009-10-06,17.5,17.5,17.5,17.5,10.567305564880371,0
2009-10-07,17.5,17.5,17.5,17.5,10.567305564880371,0
2009-10-08,17.5,17.5,17.5,17.5,10.567305564880371,0
2009-10-09,17.5,17.5,17.5,17.5,10.567305564880371,0
2009-10-12,17.5,17.5,17.5,17.5,10.567305564880371,0
2009-10-13,17.5,17.5,17.5,17.5,10.567305564880371,0
2009-10-14,17.5,17.5,17.5,17.5,10.567305564880371,0
2009-10-15,17.5,17.5,17.5,17.5,10.567305564880371,0
2009-10-16,17.5,17.5,17.5,17.5,10.567305564880371,0
2009-10-19,19.950000762939453,19.950000762939453,19.950000762939453,19.950000762939453,12.046727180480957,100
2009-10-20,19.950000762939453,19.950000762939453,19.950000762939453,19.950000762939453,12.046727180480957,0
2009-10-21,18.5,18.5,18.0,18.5,11.171150207519531,1500
2009-10-22,18.5,18.5,18.5,18.5,11.171150207519531,0
2009-10-23,18.5,18.5,18.5,18.5,11.171150207519531,0
2009-10-26,18.5,18.5,18.5,18.5,11.171150207519531,0
2009-10-27,18.299999237060547,18.299999237060547,18.299999237060547,18.299999237060547,11.050375938415527,200
2009-10-28,18.299999237060547,18.299999237060547,18.299999237060547,18.299999237060547,11.050375938415527,0
2009-10-29,18.299999237060547,18.299999237060547,18.299999237060547,18.299999237060547,11.050375938415527,0
2009-10-30,18.299999237060547,18.299999237060547,18.299999237060547,18.299999237060547,11.050375938415527,0
2009-11-02,17.700000762939453,17.700000762939453,17.700000762939453,17.700000762939453,10.688075065612793,300
2009-11-03,17.549999237060547,17.549999237060547,17.549999237060547,17.549999237060547,10.59749698638916,200
2009-11-04,17.600000381469727,17.600000381469727,17.600000381469727,17.600000381469727,10.627687454223633,200
2009-11-05,17.700000762939453,17.700000762939453,17.700000762939453,17.700000762939453,10.688075065612793,200
2009-11-06,17.700000762939453,17.700000762939453,17.700000762939453,17.700000762939453,10.688075065612793,0
2009-11-09,17.700000762939453,17.700000762939453,17.700000762939453,17.700000762939453,10.688075065612793,300
2009-11-10,17.700000762939453,17.799999237060547,17.700000762939453,17.799999237060547,10.748454093933105,300
2009-11-11,17.799999237060547,17.799999237060547,17.799999237060547,17.799999237060547,10.748454093933105,500
2009-11-12,17.799999237060547,17.799999237060547,17.799999237060547,17.799999237060547,10.748454093933105,0
2009-11-13,17.799999237060547,17.799999237060547,17.799999237060547,17.799999237060547,10.748454093933105,300
2009-11-16,17.799999237060547,17.799999237060547,17.799999237060547,17.799999237060547,10.748454093933105,2000
2009-11-17,17.799999237060547,17.799999237060547,17.799999237060547,17.799999237060547,10.748454093933105,300
2009-11-18,17.799999237060547,17.799999237060547,17.799999237060547,17.799999237060547,10.748454093933105,300
2009-11-19,17.799999237060547,17.799999237060547,17.25,17.25,10.416339874267578,3300
2009-11-20,18.299999237060547,18.299999237060547,18.299999237060547,18.299999237060547,11.050375938415527,100
2009-11-23,17.5,17.5,17.5,17.5,10.567305564880371,200
2009-11-24,17.5,17.5,17.5,17.5,10.567305564880371,0
2009-11-25,17.5,17.5,17.5,17.5,10.567305564880371,0
2009-11-27,17.5,17.5,17.5,17.5,10.567305564880371,1900
2009-11-30,17.5,17.5,17.5,17.5,10.567305564880371,0
2009-12-01,17.5,17.5,17.5,17.5,10.567305564880371,0
2009-12-02,17.5,18.299999237060547,17.5,18.299999237060547,11.050375938415527,1400
2009-12-03,18.299999237060547,18.299999237060547,18.299999237060547,18.299999237060547,11.050375938415527,0
2009-12-04,18.299999237060547,18.299999237060547,18.299999237060547,18.299999237060547,11.050375938415527,0
2009-12-07,18.299999237060547,18.299999237060547,18.299999237060547,18.299999237060547,11.050375938415527,0
2009-12-08,18.299999237060547,18.299999237060547,18.299999237060547,18.299999237060547,11.050375938415527,0
2009-12-09,18.299999237060547,18.299999237060547,18.299999237060547,18.299999237060547,11.050375938415527,400
2009-12-10,18.299999237060547,18.299999237060547,18.299999237060547,18.299999237060547,11.050375938415527,0
2009-12-11,18.299999237060547,18.299999237060547,18.299999237060547,18.299999237060547,11.050375938415527,0
2009-12-14,18.299999237060547,18.299999237060547,18.299999237060547,18.299999237060547,11.050375938415527,0
2009-12-15,18.299999237060547,18.299999237060547,18.299999237060547,18.299999237060547,11.050375938415527,0
2009-12-16,18.299999237060547,18.299999237060547,18.299999237060547,18.299999237060547,11.050375938415527,0
2009-12-17,18.100000381469727,18.299999237060547,18.100000381469727,18.299999237060547,11.050375938415527,700
2009-12-18,18.299999237060547,18.299999237060547,18.299999237060547,18.299999237060547,11.050375938415527,0
2009-12-21,17.5,17.5,17.5,17.5,10.567305564880371,200
2009-12-22,17.5,17.5,17.5,17.5,10.567305564880371,0
2009-12-23,17.5,17.5,17.5,17.5,10.695653915405273,0
2009-12-24,17.5,17.5,17.5,17.5,10.695653915405273,0
2009-12-28,17.5,17.5,17.5,17.5,10.695653915405273,200
2009-12-29,17.5,17.5,17.25,17.25,10.54285717010498,400
2009-12-30,17.25,17.25,17.25,17.25,10.54285717010498,0
2009-12-31,17.25,17.25,17.25,17.25,10.54285717010498,0
2010-01-04,17.040000915527344,17.040000915527344,17.0,17.0,10.390058517456055,3200
2010-01-05,16.5,16.5,16.5,16.5,10.08447551727295,500
2010-01-06,16.5,16.5,16.5,16.5,10.08447551727295,900
2010-01-07,16.5,16.5,16.5,16.5,10.08447551727295,0
2010-01-08,16.5,16.5,16.5,16.5,10.08447551727295,1000
2010-01-11,16.5,16.5,16.5,16.5,10.08447551727295,0
2010-01-12,17.0,17.0,16.75,16.75,10.237263679504395,900
2010-01-13,16.75,16.75,16.75,16.75,10.237263679504395,0
2010-01-14,16.75,16.75,16.75,16.75,10.237263679504395,0
2010-01-15,16.75,16.75,16.75,16.75,10.237263679504395,0
2010-01-19,16.75,16.75,16.75,16.75,10.237263679504395,0
2010-01-20,16.75,16.75,16.75,16.75,10.237263679504395,0
2010-01-21,17.0,17.0,17.0,17.0,10.390058517456055,200
2010-01-22,18.299999237060547,18.299999237060547,18.299999237060547,18.299999237060547,11.184592247009277,100
2010-01-25,17.25,17.25,17.25,17.25,10.54285717010498,1500
2010-01-26,17.25,17.25,17.25,17.25,10.54285717010498,0
2010-01-27,17.25,17.25,17.25,17.25,10.54285717010498,0
2010-01-28,17.25,17.25,17.25,17.25,10.54285717010498,0
2010-01-29,17.25,17.25,17.25,17.25,10.54285717010498,700
2010-02-01,17.25,17.25,17.25,17.25,10.54285717010498,0
2010-02-02,17.25,17.25,17.25,17.25,10.54285717010498,0
2010-02-03,17.25,17.25,17.25,17.25,10.54285717010498,0
2010-02-04,17.25,17.25,17.25,17.25,10.54285717010498,600
2010-02-05,17.25,17.25,17.25,17.25,10.54285717010498,0
2010-02-08,17.25,17.25,17.25,17.25,10.54285717010498,500
2010-02-09,17.25,17.25,17.25,17.25,10.54285717010498,0
2010-02-10,17.25,17.25,17.25,17.25,10.54285717010498,0
2010-02-11,17.0,17.0,17.0,17.0,10.390058517456055,400
2010-02-12,17.25,17.25,17.0,17.0,10.390058517456055,800
2010-02-16,17.0,17.0,17.0,17.0,10.390058517456055,0
2010-02-17,17.0,17.0,17.0,17.0,10.390058517456055,0
2010-02-18,17.0,17.0,17.0,17.0,10.390058517456055,0
2010-02-19,17.0,17.0,17.0,17.0,10.390058517456055,0
2010-02-22,16.75,16.75,16.75,16.75,10.237263679504395,1100
2010-02-23,16.760000228881836,16.760000228881836,16.760000228881836,16.760000228881836,10.243380546569824,100
2010-02-24,16.760000228881836,16.760000228881836,16.760000228881836,16.760000228881836,10.243380546569824,0
2010-02-25,16.760000228881836,16.760000228881836,16.760000228881836,16.760000228881836,10.243380546569824,0
2010-02-26,16.760000228881836,16.760000228881836,16.760000228881836,16.760000228881836,10.243380546569824,0
2010-03-01,16.799999237060547,16.799999237060547,16.75,16.75,10.237263679504395,4600
2010-03-02,16.75,16.75,16.75,16.75,10.237263679504395,0
2010-03-03,17.0,17.0,16.850000381469727,16.850000381469727,10.298383712768555,300
2010-03-04,16.850000381469727,16.850000381469727,16.799999237060547,16.799999237060547,10.26782512664795,300
2010-03-05,16.799999237060547,16.799999237060547,16.799999237060547,16.799999237060547,10.26782512664795,0
2010-03-08,16.799999237060547,16.799999237060547,16.799999237060547,16.799999237060547,10.26782512664795,0
2010-03-09,16.799999237060547,16.799999237060547,16.799999237060547,16.799999237060547,10.26782512664795,0
2010-03-10,16.799999237060547,16.799999237060547,16.799999237060547,16.799999237060547,10.26782512664795,0
2010-03-11,16.899999618530273,16.899999618530273,16.75,16.75,10.237263679504395,600
2010-03-12,16.75,16.75,16.75,16.75,10.237263679504395,400
2010-03-15,16.75,16.75,16.75,16.75,10.237263679504395,0
2010-03-16,16.850000381469727,16.850000381469727,16.850000381469727,16.850000381469727,10.298383712768555,100
2010-03-17,16.850000381469727,16.850000381469727,16.850000381469727,16.850000381469727,10.298383712768555,0
2010-03-18,16.899999618530273,16.899999618530273,16.899999618530273,16.899999618530273,10.32894229888916,200
2010-03-19,16.899999618530273,16.899999618530273,16.899999618530273,16.899999618530273,10.32894229888916,0
2010-03-22,16.950000762939453,17.0,16.850000381469727,17.0,10.390058517456055,1200
2010-03-23,17.0,17.0,17.0,17.0,10.390058517456055,200
2010-03-24,17.0,17.0,17.0,17.0,10.390058517456055,0
2010-03-25,17.0,17.0,17.0,17.0,10.390058517456055,0
2010-03-26,17.0,17.0,17.0,17.0,10.390058517456055,400
2010-03-29,17.0,17.0,17.0,17.0,10.390058517456055,100
2010-03-30,17.0,17.0,17.0,17.0,10.390058517456055,0
2010-03-31,17.0,17.0,17.0,17.0,10.390058517456055,0
2010-04-01,17.0,17.0,17.0,17.0,10.390058517456055,0
2010-04-05,17.5,17.5,17.5,17.5,10.695653915405273,400
2010-04-06,17.5,17.5,17.25,17.25,10.54285717010498,1800
2010-04-07,17.5,17.5,17.5,17.5,10.695653915405273,200
2010-04-08,17.5,17.5,17.5,17.5,10.695653915405273,0
2010-04-09,17.5,17.5,17.5,17.5,10.695653915405273,0
2010-04-12,17.5,17.5,17.5,17.5,10.695653915405273,0
2010-04-13,17.5,17.5,17.5,17.5,10.695653915405273,0
2010-04-14,17.5,17.5,17.5,17.5,10.695653915405273,0
2010-04-15,17.5,17.5,17.5,17.5,10.695653915405273,0
2010-04-16,17.5,17.5,17.5,17.5,10.695653915405273,0
2010-04-19,17.5,17.5,17.5,17.5,10.695653915405273,500
2010-04-20,17.5,17.5,17.399999618530273,17.5,10.695653915405273,2000
2010-04-21,17.5,17.5,17.5,17.5,10.695653915405273,0
2010-04-22,17.5,17.5,17.5,17.5,10.695653915405273,0
2010-04-23,17.399999618530273,17.5,17.100000381469727,17.100000381469727,10.451177597045898,1400
2010-04-26,17.200000762939453,17.200000762939453,16.950000762939453,16.950000762939453,10.35949993133545,1100
2010-04-27,16.75,16.75,16.75,16.75,10.237263679504395,700
2010-04-28,16.75,16.75,16.75,16.75,10.237263679504395,0
2010-04-29,16.75,16.75,16.75,16.75,10.237263679504395,0
2010-04-30,16.75,16.75,16.75,16.75,10.237263679504395,0
2010-05-03,17.0,17.0,17.0,17.0,10.390058517456055,900
2010-05-04,16.950000762939453,16.950000762939453,16.950000762939453,16.950000762939453,10.35949993133545,200
2010-05-05,16.950000762939453,16.950000762939453,16.950000762939453,16.950000762939453,10.35949993133545,0
2010-05-06,16.950000762939453,16.950000762939453,16.950000762939453,16.950000762939453,10.35949993133545,0
2010-05-07,16.950000762939453,16.950000762939453,16.950000762939453,16.950000762939453,10.35949993133545,0
2010-05-10,16.950000762939453,16.950000762939453,16.950000762939453,16.950000762939453,10.35949993133545,500
2010-05-11,16.950000762939453,16.950000762939453,16.950000762939453,16.950000762939453,10.35949993133545,0
2010-05-12,16.75,16.75,16.5,16.75,10.237263679504395,2900
2010-05-13,16.899999618530273,16.899999618530273,16.899999618530273,16.899999618530273,10.32894229888916,200
2010-05-14,17.0,18.0,17.0,18.0,11.001240730285645,300
2010-05-17,18.0,18.0,18.0,18.0,11.001240730285645,0
2010-05-18,18.0,18.0,18.0,18.0,11.001240730285645,0
2010-05-19,18.0,18.0,18.0,18.0,11.001240730285645,0
2010-05-20,18.0,18.0,18.0,18.0,11.001240730285645,0
2010-05-21,16.75,16.75,16.75,16.75,10.237263679504395,300
2010-05-24,16.75,16.75,16.75,16.75,10.237263679504395,0
2010-05-25,16.75,16.75,16.75,16.75,10.237263679504395,0
2010-05-26,16.75,16.75,16.75,16.75,10.237263679504395,0
2010-05-27,16.75,16.75,16.75,16.75,10.237263679504395,0
2010-05-28,16.75,17.0,16.75,16.75,10.237263679504395,600
2010-06-01,16.75,16.75,16.75,16.75,10.237263679504395,0
2010-06-02,16.5,16.75,16.5,16.75,10.237263679504395,400
2010-06-03,16.75,16.75,16.75,16.75,10.237263679504395,0
2010-06-04,16.75,16.75,16.75,16.75,10.237263679504395,0
2010-06-07,16.75,16.75,16.75,16.75,10.237263679504395,0
2010-06-08,16.75,16.75,16.75,16.75,10.237263679504395,100
2010-06-09,16.75,16.75,16.75,16.75,10.237263679504395,0
2010-06-10,16.75,16.75,16.75,16.75,10.237263679504395,0
2010-06-11,17.0,17.0,17.0,17.0,10.390058517456055,600
2010-06-14,17.0,17.0,17.0,17.0,10.390058517456055,0
2010-06-15,17.010000228881836,18.0,17.010000228881836,18.0,11.001240730285645,400
2010-06-16,18.0,18.0,18.0,18.0,11.131103515625,0
2010-06-17,18.0,18.0,18.0,18.0,11.131103515625,0
2010-06-18,18.0,18.0,18.0,18.0,11.131103515625,0
2010-06-21,18.0,18.0,18.0,18.0,11.131103515625,0
2010-06-22,18.0,18.0,18.0,18.0,11.131103515625,0
2010-06-23,17.75,17.75,17.75,17.75,10.976505279541016,100
2010-06-24,17.75,17.75,17.75,17.75,10.976505279541016,200
2010-06-25,17.75,17.75,17.75,17.75,10.976505279541016,0
2010-06-28,17.75,17.75,17.75,17.75,10.976505279541016,0
2010-06-29,17.75,17.75,17.75,17.75,10.976505279541016,0
2010-06-30,17.989999771118164,17.989999771118164,17.989999771118164,17.989999771118164,11.124917984008789,100
2010-07-01,18.0,18.0,18.0,18.0,11.131103515625,200
2010-07-02,18.0,18.0,18.0,18.0,11.131103515625,0
2010-07-06,18.0,18.0,18.0,18.0,11.131103515625,0
2010-07-07,18.0,18.0,18.0,18.0,11.131103515625,200
2010-07-08,18.0,18.0,18.0,18.0,11.131103515625,0
2010-07-09,18.0,18.0,18.0,18.0,11.131103515625,0
2010-07-12,18.0,18.0,18.0,18.0,11.131103515625,100
2010-07-13,18.0,18.0,18.0,18.0,11.131103515625,0
2010-07-14,18.0,18.0,18.0,18.0,11.131103515625,0
2010-07-15,18.0,18.0,18.0,18.0,11.131103515625,0
2010-07-16,18.0,18.0,18.0,18.0,11.131103515625,0
2010-07-19,18.0,18.0,18.0,18.0,11.131103515625,0
2010-07-20,18.0,18.0,18.0,18.0,11.131103515625,0
2010-07-21,18.0,18.0,18.0,18.0,11.131103515625,0
2010-07-22,18.0,18.0,18.0,18.0,11.131103515625,0
2010-07-23,18.0,18.0,18.0,18.0,11.131103515625,0
2010-07-26,18.0,18.0,18.0,18.0,11.131103515625,0
2010-07-27,18.0,18.0,18.0,18.0,11.131103515625,0
2010-07-28,18.0,18.0,18.0,18.0,11.131103515625,0
2010-07-29,18.0,18.0,18.0,18.0,11.131103515625,0
2010-07-30,18.0,18.0,17.0,17.0,10.512706756591797,1100
2010-08-02,16.75,16.75,16.75,16.75,10.358109474182129,100
2010-08-03,16.75,16.75,16.75,16.75,10.358109474182129,0
2010-08-04,16.75,16.75,16.75,16.75,10.358109474182129,0
2010-08-05,17.5,17.5,17.5,17.5,10.821908950805664,200
2010-08-06,17.5,17.5,17.5,17.5,10.821908950805664,500
2010-08-09,17.5,17.5,17.5,17.5,10.821908950805664,0
2010-08-10,17.5,17.5,17.5,17.5,10.821908950805664,0
2010-08-11,17.5,17.5,17.5,17.5,10.821908950805664,0
2010-08-12,17.5,17.5,17.5,17.5,10.821908950805664,500
2010-08-13,17.5,17.5,17.5,17.5,10.821908950805664,0
2010-08-16,17.5,17.5,17.5,17.5,10.821908950805664,0
2010-08-17,17.5,17.5,17.5,17.5,10.821908950805664,0
2010-08-18,17.5,17.5,17.5,17.5,10.821908950805664,0
2010-08-19,17.5,17.5,17.5,17.5,10.821908950805664,0
2010-08-20,17.5,17.5,17.5,17.5,10.821908950805664,0
2010-08-23,17.5,17.5,17.5,17.5,10.821908950805664,0
2010-08-24,17.5,17.5,17.5,17.5,10.821908950805664,2800
2010-08-25,17.5,17.5,17.5,17.5,10.821908950805664,0
2010-08-26,17.5,17.5,17.5,17.5,10.821908950805664,0
2010-08-27,17.5,17.5,17.5,17.5,10.821908950805664,100
2010-08-30,17.5,17.5,17.5,17.5,10.821908950805664,0
2010-08-31,17.5,17.5,17.5,17.5,10.821908950805664,0
2010-09-01,17.5,17.5,17.5,17.5,10.821908950805664,0
2010-09-02,17.5,17.5,17.5,17.5,10.821908950805664,200
2010-09-03,17.5,17.5,17.5,17.5,10.821908950805664,0
2010-09-07,17.5,17.5,17.5,17.5,10.821908950805664,1000
2010-09-08,17.5,17.5,17.5,17.5,10.821908950805664,300
2010-09-09,17.5,17.5,17.5,17.5,10.821908950805664,0
2010-09-10,17.5,17.5,17.5,17.5,10.821908950805664,0
2010-09-13,17.75,17.75,17.75,17.75,10.976505279541016,200
2010-09-14,17.75,17.75,17.75,17.75,10.976505279541016,0
2010-09-15,17.75,17.75,17.75,17.75,10.976505279541016,0
2010-09-16,17.75,17.75,17.75,17.75,10.976505279541016,0
2010-09-17,17.75,17.75,17.75,17.75,10.976505279541016,0
2010-09-20,17.75,17.75,17.75,17.75,10.976505279541016,0
2010-09-21,17.5,17.5,17.5,17.5,10.821908950805664,4800
2010-09-22,17.75,17.75,17.75,17.75,10.976505279541016,400
2010-09-23,17.0,17.0,16.25,16.25,10.048913955688477,4700
2010-09-24,16.25,16.25,16.25,16.25,10.048913955688477,100
2010-09-27,16.25,16.25,16.25,16.25,10.048913955688477,0
2010-09-28,16.25,16.25,16.25,16.25,10.048913955688477,0
2010-09-29,16.25,16.25,16.25,16.25,10.048913955688477,0
2010-09-30,17.0,17.0,17.0,17.0,10.610650062561035,200
2010-10-01,16.299999237060547,16.299999237060547,16.299999237060547,16.299999237060547,10.173744201660156,300
2010-10-04,16.299999237060547,16.299999237060547,16.299999237060547,16.299999237060547,10.173744201660156,400
2010-10-05,16.299999237060547,16.299999237060547,16.299999237060547,16.299999237060547,10.173744201660156,0
2010-10-06,16.299999237060547,16.299999237060547,16.299999237060547,16.299999237060547,10.173744201660156,0
2010-10-07,16.299999237060547,16.299999237060547,16.299999237060547,16.299999237060547,10.173744201660156,0
2010-10-08,16.299999237060547,16.299999237060547,16.299999237060547,16.299999237060547,10.173744201660156,0
2010-10-11,16.299999237060547,16.299999237060547,16.299999237060547,16.299999237060547,10.173744201660156,0
2010-10-12,16.299999237060547,16.299999237060547,16.299999237060547,16.299999237060547,10.173744201660156,0
2010-10-13,16.299999237060547,16.299999237060547,16.299999237060547,16.299999237060547,10.173744201660156,0
2010-10-14,16.299999237060547,16.299999237060547,16.299999237060547,16.299999237060547,10.173744201660156,0
2010-10-15,16.299999237060547,16.299999237060547,16.299999237060547,16.299999237060547,10.173744201660156,0
2010-10-18,16.299999237060547,16.299999237060547,16.299999237060547,16.299999237060547,10.173744201660156,0
2010-10-19,16.299999237060547,16.299999237060547,16.299999237060547,16.299999237060547,10.173744201660156,0
2010-10-20,16.299999237060547,16.299999237060547,16.299999237060547,16.299999237060547,10.173744201660156,0
2010-10-21,16.299999237060547,16.299999237060547,16.299999237060547,16.299999237060547,10.173744201660156,0
2010-10-22,16.299999237060547,16.299999237060547,16.299999237060547,16.299999237060547,10.173744201660156,500
2010-10-25,16.299999237060547,16.299999237060547,16.299999237060547,16.299999237060547,10.173744201660156,0
2010-10-26,16.25,16.25,16.25,16.25,10.142539024353027,200
2010-10-27,16.25,16.25,16.25,16.25,10.142539024353027,0
2010-10-28,16.25,16.25,16.25,16.25,10.142539024353027,0
2010-10-29,16.239999771118164,16.239999771118164,16.239999771118164,16.239999771118164,10.136295318603516,300
2010-11-01,16.239999771118164,16.239999771118164,16.239999771118164,16.239999771118164,10.136295318603516,0
2010-11-02,16.239999771118164,16.239999771118164,16.239999771118164,16.239999771118164,10.136295318603516,0
2010-11-03,16.239999771118164,16.239999771118164,16.239999771118164,16.239999771118164,10.136295318603516,0
2010-11-04,16.239999771118164,16.239999771118164,16.239999771118164,16.239999771118164,10.136295318603516,0
2010-11-05,16.239999771118164,16.239999771118164,16.239999771118164,16.239999771118164,10.136295318603516,0
2010-11-08,16.239999771118164,16.239999771118164,16.239999771118164,16.239999771118164,10.136295318603516,0
2010-11-09,16.239999771118164,16.239999771118164,16.239999771118164,16.239999771118164,10.136295318603516,0
2010-11-10,16.239999771118164,16.239999771118164,16.239999771118164,16.239999771118164,10.136295318603516,0
2010-11-11,16.239999771118164,16.239999771118164,16.239999771118164,16.239999771118164,10.136295318603516,0
2010-11-12,16.239999771118164,16.239999771118164,16.239999771118164,16.239999771118164,10.136295318603516,0
2010-11-15,16.239999771118164,16.239999771118164,16.239999771118164,16.239999771118164,10.136295318603516,0
2010-11-16,16.010000228881836,16.010000228881836,16.0,16.0,9.98649787902832,1600
2010-11-17,15.5,15.5,15.5,15.5,9.674417495727539,500
2010-11-18,15.300000190734863,15.300000190734863,15.0,15.100000381469727,9.424756050109863,1900
2010-11-19,15.100000381469727,15.489999771118164,15.100000381469727,15.489999771118164,9.668179512023926,600
2010-11-22,15.489999771118164,15.5,15.199999809265137,15.199999809265137,9.48716926574707,1700
2010-11-23,15.199999809265137,15.199999809265137,15.199999809265137,15.199999809265137,9.48716926574707,0
2010-11-24,15.199999809265137,15.199999809265137,15.199999809265137,15.199999809265137,9.48716926574707,0
2010-11-26,15.199999809265137,15.199999809265137,15.199999809265137,15.199999809265137,9.48716926574707,0
2010-11-29,15.199999809265137,15.199999809265137,15.199999809265137,15.199999809265137,9.48716926574707,0
2010-11-30,15.0,15.0,15.0,15.0,9.36233901977539,1200
2010-12-01,15.0,15.0,15.0,15.0,9.36233901977539,0
2010-12-02,15.0,15.0,15.0,15.0,9.36233901977539,0
2010-12-03,15.0,15.0,15.0,15.0,9.36233901977539,0
2010-12-06,15.0,15.0,15.0,15.0,9.36233901977539,500
2010-12-07,14.600000381469727,14.600000381469727,14.0,14.0,8.738188743591309,800
2010-12-08,14.0,14.050000190734863,13.5,14.050000190734863,8.769392967224121,2800
2010-12-09,14.050000190734863,14.050000190734863,14.050000190734863,14.050000190734863,8.769392967224121,0
2010-12-10,14.050000190734863,14.050000190734863,14.050000190734863,14.050000190734863,8.769392967224121,0
2010-12-13,14.050000190734863,14.050000190734863,14.050000190734863,14.050000190734863,8.769392967224121,0
2010-12-14,14.050000190734863,14.050000190734863,14.050000190734863,14.050000190734863,8.769392967224121,0
2010-12-15,13.5,13.5,12.550000190734863,12.550000190734863,7.833158016204834,2400
2010-12-16,12.0,12.5,11.5,11.5,7.177794933319092,2600
2010-12-17,12.0,12.0,11.300000190734863,11.350000381469727,7.084168910980225,6300
2010-12-20,11.800000190734863,11.949999809265137,11.800000190734863,11.949999809265137,7.458669185638428,2600
2010-12-21,11.949999809265137,11.949999809265137,11.949999809265137,11.949999809265137,7.458669185638428,0
2010-12-22,12.5,13.25,12.5,13.100000381469727,8.176445960998535,4500
2010-12-23,13.199999809265137,14.0,13.199999809265137,14.0,8.738188743591309,4400
2010-12-27,14.5,14.75,14.5,14.5,9.050263404846191,1000
2010-12-28,14.399999618530273,15.0,13.100000381469727,14.5,9.144861221313477,3900
2010-12-29,14.699999809265137,14.699999809265137,14.699999809265137,14.699999809265137,9.270999908447266,500
2010-12-30,15.0,15.0,14.109999656677246,14.109999656677246,8.898900032043457,3000
2010-12-31,14.109999656677246,14.899999618530273,14.109999656677246,14.899999618530273,9.397139549255371,900
2011-01-03,15.0,15.0,14.5,14.899999618530273,9.397139549255371,1200
2011-01-04,14.899999618530273,15.0,14.899999618530273,15.0,9.460205078125,1300
2011-01-05,15.0,15.0,15.0,15.0,9.460205078125,0
2011-01-06,14.949999809265137,14.949999809265137,14.949999809265137,14.949999809265137,9.428672790527344,200
2011-01-07,14.899999618530273,14.899999618530273,14.899999618530273,14.899999618530273,9.397139549255371,200
2011-01-10,14.899999618530273,14.899999618530273,14.899999618530273,14.899999618530273,9.397139549255371,500
2011-01-11,14.739999771118164,14.75,14.739999771118164,14.75,9.302536010742188,2600
2011-01-12,14.949999809265137,14.949999809265137,14.949999809265137,14.949999809265137,9.428672790527344,500
2011-01-13,14.25,14.75,14.25,14.75,9.302536010742188,400
2011-01-14,14.5,14.949999809265137,14.5,14.949999809265137,9.428672790527344,200
2011-01-18,14.949999809265137,14.949999809265137,14.949999809265137,14.949999809265137,9.428672790527344,600
2011-01-19,14.949999809265137,14.949999809265137,14.949999809265137,14.949999809265137,9.428672790527344,0
2011-01-20,14.699999809265137,14.699999809265137,14.699999809265137,14.699999809265137,9.270999908447266,1300
2011-01-21,14.949999809265137,14.949999809265137,14.8100004196167,14.8100004196167,9.340374946594238,400
2011-01-24,14.8100004196167,14.8100004196167,14.8100004196167,14.8100004196167,9.340374946594238,0
2011-01-25,14.8100004196167,14.8100004196167,14.8100004196167,14.8100004196167,9.340374946594238,2000
2011-01-26,14.8100004196167,14.8100004196167,14.8100004196167,14.8100004196167,9.340374946594238,0
2011-01-27,14.5,14.5,14.5,14.5,9.144861221313477,100
2011-01-28,14.5,14.5,14.5,14.5,9.144861221313477,0
2011-01-31,14.25,14.25,14.25,14.25,8.987194061279297,200
2011-02-01,14.25,14.25,14.25,14.25,8.987194061279297,200
2011-02-02,14.25,14.25,14.25,14.25,8.987194061279297,300
2011-02-03,14.0,15.0,14.0,15.0,9.460205078125,7900
2011-02-04,15.0,15.0,15.0,15.0,9.460205078125,0
2011-02-07,15.0,15.0,15.0,15.0,9.460205078125,0
2011-02-08,15.0,15.0,15.0,15.0,9.460205078125,0
2011-02-09,15.0,15.0,15.0,15.0,9.460205078125,0
2011-02-10,15.0,15.0,15.0,15.0,9.460205078125,0
2011-02-11,15.0,15.0,15.0,15.0,9.460205078125,0
2011-02-14,16.0,16.0,15.5,15.5,9.775546073913574,500
2011-02-15,15.5,15.5,15.5,15.5,9.775546073913574,0
2011-02-16,15.5,15.5,15.5,15.5,9.775546073913574,0
2011-02-17,15.5,15.5,15.5,15.5,9.775546073913574,0
2011-02-18,15.5,15.5,15.5,15.5,9.775546073913574,0
2011-02-22,14.550000190734863,14.550000190734863,14.550000190734863,14.550000190734863,9.176397323608398,200
2011-02-23,14.550000190734863,14.550000190734863,14.550000190734863,14.550000190734863,9.176397323608398,0
2011-02-24,14.550000190734863,14.550000190734863,14.550000190734863,14.550000190734863,9.176397323608398,0
2011-02-25,14.550000190734863,14.550000190734863,14.550000190734863,14.550000190734863,9.176397323608398,0
2011-02-28,14.550000190734863,14.550000190734863,14.550000190734863,14.550000190734863,9.176397323608398,0
2011-03-01,14.550000190734863,14.550000190734863,14.550000190734863,14.550000190734863,9.176397323608398,0
2011-03-02,14.550000190734863,14.550000190734863,14.550000190734863,14.550000190734863,9.176397323608398,0
2011-03-03,14.550000190734863,14.550000190734863,14.550000190734863,14.550000190734863,9.176397323608398,0
2011-03-04,15.25,15.25,15.25,15.25,9.617874145507812,300
2011-03-07,15.25,15.25,15.25,15.25,9.617874145507812,400
2011-03-08,15.25,15.25,15.25,15.25,9.617874145507812,0
2011-03-09,15.25,15.25,15.25,15.25,9.617874145507812,0
2011-03-10,15.25,15.25,15.25,15.25,9.617874145507812,0
2011-03-11,15.25,15.25,15.25,15.25,9.617874145507812,0
2011-03-14,14.5,14.5,14.5,14.5,9.144861221313477,300
2011-03-15,16.0,16.75,16.0,16.75,10.563895225524902,900
2011-03-16,16.75,16.75,16.75,16.75,10.563895225524902,0
2011-03-17,16.25,16.25,16.25,16.25,10.248556137084961,200
2011-03-18,15.25,15.25,15.25,15.25,9.617874145507812,200
2011-03-21,15.25,15.25,15.25,15.25,9.617874145507812,400
2011-03-22,15.25,15.25,15.25,15.25,9.617874145507812,0
2011-03-23,15.25,15.25,15.25,15.25,9.617874145507812,3000
2011-03-24,15.25,15.25,15.25,15.25,9.713417053222656,200
2011-03-25,15.25,15.25,15.25,15.25,9.713417053222656,0
2011-03-28,15.100000381469727,15.100000381469727,15.100000381469727,15.100000381469727,9.617874145507812,600
2011-03-29,15.100000381469727,15.100000381469727,15.100000381469727,15.100000381469727,9.617874145507812,500
2011-03-30,15.100000381469727,15.100000381469727,15.100000381469727,15.100000381469727,9.617874145507812,0
2011-03-31,15.100000381469727,15.100000381469727,15.100000381469727,15.100000381469727,9.617874145507812,0
2011-04-01,15.100000381469727,15.100000381469727,15.100000381469727,15.100000381469727,9.617874145507812,0
2011-04-04,15.100000381469727,15.100000381469727,15.100000381469727,15.100000381469727,9.617874145507812,200
2011-04-05,15.100000381469727,15.100000381469727,15.100000381469727,15.100000381469727,9.617874145507812,0
2011-04-06,15.100000381469727,15.100000381469727,15.100000381469727,15.100000381469727,9.617874145507812,100
2011-04-07,15.100000381469727,15.100000381469727,15.100000381469727,15.100000381469727,9.617874145507812,0
2011-04-08,15.0,15.0,15.0,15.0,9.554180145263672,600
2011-04-11,15.0,15.0,15.0,15.0,9.554180145263672,0
2011-04-12,15.0,15.0,15.0,15.0,9.554180145263672,200
2011-04-13,15.0,15.0,15.0,15.0,9.554180145263672,0
2011-04-14,14.75,14.75,14.75,14.75,9.394944190979004,200
2011-04-15,15.0,15.0,15.0,15.0,9.554180145263672,700
2011-04-18,15.0,15.0,15.0,15.0,9.554180145263672,0
2011-04-19,15.0,15.0,15.0,15.0,9.554180145263672,0
2011-04-20,15.0,15.0,15.0,15.0,9.554180145263672,0
2011-04-21,14.75,14.75,14.75,14.75,9.394944190979004,1400
2011-04-25,14.75,14.75,14.75,14.75,9.394944190979004,0
2011-04-26,14.75,14.75,14.75,14.75,9.394944190979004,0
2011-04-27,14.75,14.75,14.75,14.75,9.394944190979004,100
2011-04-28,14.75,14.75,14.75,14.75,9.394944190979004,0
2011-04-29,14.75,14.75,14.75,14.75,9.394944190979004,0
2011-05-02,14.75,14.75,14.75,14.75,9.394944190979004,500
2011-05-03,14.600000381469727,14.600000381469727,14.600000381469727,14.600000381469727,9.299407005310059,400
2011-05-04,14.600000381469727,14.600000381469727,14.600000381469727,14.600000381469727,9.299407005310059,0
2011-05-05,14.600000381469727,14.600000381469727,14.600000381469727,14.600000381469727,9.299407005310059,400
2011-05-06,14.75,14.75,14.75,14.75,9.394944190979004,500
2011-05-09,14.75,14.75,14.75,14.75,9.394944190979004,0
2011-05-10,14.75,14.75,14.75,14.75,9.394944190979004,0
2011-05-11,14.75,14.75,14.75,14.75,9.394944190979004,500
2011-05-12,14.75,14.75,14.75,14.75,9.394944190979004,0
2011-05-13,14.75,14.75,14.75,14.75,9.394944190979004,200
2011-05-16,14.75,14.75,14.75,14.75,9.394944190979004,0
2011-05-17,14.75,14.75,14.75,14.75,9.394944190979004,2000
2011-05-18,14.75,14.75,14.75,14.75,9.394944190979004,300
2011-05-19,14.75,14.75,14.75,14.75,9.394944190979004,0
2011-05-20,14.75,14.75,14.75,14.75,9.394944190979004,0
2011-05-23,14.75,14.75,14.75,14.75,9.394944190979004,0
2011-05-24,14.75,14.75,14.75,14.75,9.394944190979004,0
2011-05-25,14.75,15.100000381469727,14.75,15.100000381469727,9.617874145507812,1300
2011-05-26,15.100000381469727,15.100000381469727,15.100000381469727,15.100000381469727,9.617874145507812,500
2011-05-27,15.100000381469727,15.100000381469727,15.100000381469727,15.100000381469727,9.617874145507812,500
2011-05-31,15.100000381469727,15.100000381469727,15.100000381469727,15.100000381469727,9.617874145507812,0
2011-06-01,15.100000381469727,15.100000381469727,15.100000381469727,15.100000381469727,9.617874145507812,0
2011-06-02,15.100000381469727,15.100000381469727,15.100000381469727,15.100000381469727,9.617874145507812,0
2011-06-03,15.0,15.0,15.0,15.0,9.554180145263672,100
2011-06-06,15.0,15.0,15.0,15.0,9.554180145263672,0
2011-06-07,15.0,15.0,15.0,15.0,9.554180145263672,0
2011-06-08,15.0,15.0,15.0,15.0,9.554180145263672,200
2011-06-09,15.0,15.0,15.0,15.0,9.554180145263672,0
2011-06-10,15.0,15.0,15.0,15.0,9.554180145263672,0
2011-06-13,15.0,15.0,15.0,15.0,9.554180145263672,0
2011-06-14,15.0,15.0,15.0,15.0,9.554180145263672,0
2011-06-15,15.0,15.0,15.0,15.0,9.554180145263672,0
2011-06-16,15.0,15.0,15.0,15.0,9.554180145263672,0
2011-06-17,14.75,14.75,14.75,14.75,9.394944190979004,500
2011-06-20,13.800000190734863,13.800000190734863,13.75,13.75,8.7579984664917,700
2011-06-21,13.699999809265137,13.699999809265137,13.699999809265137,13.699999809265137,8.726151466369629,100
2011-06-22,14.0,14.0,14.0,14.0,8.917236328125,200
2011-06-23,14.0,14.0,14.0,14.0,8.917236328125,200
2011-06-24,14.0,14.0,14.0,14.0,8.917236328125,0
2011-06-27,14.0,14.0,14.0,14.0,8.917236328125,0
2011-06-28,14.0,14.0,14.0,14.0,9.013813972473145,400
2011-06-29,14.0,14.0,14.0,14.0,9.013813972473145,0
2011-06-30,14.0,14.0,14.0,14.0,9.013813972473145,0
2011-07-01,14.0,14.0,14.0,14.0,9.013813972473145,300
2011-07-05,14.0,14.0,14.0,14.0,9.013813972473145,200
2011-07-06,14.0,14.0,14.0,14.0,9.013813972473145,0
2011-07-07,14.0,14.0,14.0,14.0,9.013813972473145,1300
2011-07-08,14.0,14.0,14.0,14.0,9.013813972473145,800
2011-07-11,14.0,14.0,14.0,14.0,9.013813972473145,0
2011-07-12,14.0,14.0,14.0,14.0,9.013813972473145,0
2011-07-13,14.0,14.0,14.0,14.0,9.013813972473145,1500
2011-07-14,14.0,14.0,14.0,14.0,9.013813972473145,0
2011-07-15,14.0,14.0,14.0,14.0,9.013813972473145,0
2011-07-18,14.0,14.0,14.0,14.0,9.013813972473145,0
2011-07-19,14.0,14.0,14.0,14.0,9.013813972473145,100
2011-07-20,14.0,14.0,14.0,14.0,9.013813972473145,0
2011-07-21,14.0,14.0,14.0,14.0,9.013813972473145,0
2011-07-22,14.0,14.0,14.0,14.0,9.013813972473145,0
2011-07-25,14.050000190734863,14.050000190734863,14.050000190734863,14.050000190734863,9.046003341674805,200
2011-07-26,14.050000190734863,14.050000190734863,14.050000190734863,14.050000190734863,9.046003341674805,0
2011-07-27,14.050000190734863,14.050000190734863,14.050000190734863,14.050000190734863,9.046003341674805,0
2011-07-28,14.050000190734863,14.050000190734863,14.050000190734863,14.050000190734863,9.046003341674805,300
2011-07-29,14.050000190734863,14.050000190734863,14.050000190734863,14.050000190734863,9.046003341674805,0
2011-08-01,14.050000190734863,14.050000190734863,14.050000190734863,14.050000190734863,9.046003341674805,1100
2011-08-02,14.050000190734863,14.050000190734863,14.050000190734863,14.050000190734863,9.046003341674805,100
2011-08-03,15.0,15.0,15.0,15.0,9.657655715942383,900
2011-08-04,15.0,15.0,15.0,15.0,9.657655715942383,300
2011-08-05,15.0,15.0,15.0,15.0,9.657655715942383,0
2011-08-08,14.5,14.5,14.5,14.5,9.335733413696289,300
2011-08-09,14.5,14.5,14.5,14.5,9.335733413696289,600
2011-08-10,14.5,14.5,14.5,14.5,9.335733413696289,200
2011-08-11,14.5,14.5,14.5,14.5,9.335733413696289,0
2011-08-12,14.5,14.5,14.5,14.5,9.335733413696289,0
2011-08-15,14.5,14.5,14.5,14.5,9.335733413696289,0
2011-08-16,14.5,14.5,14.5,14.5,9.335733413696289,0
2011-08-17,14.5,14.5,14.5,14.5,9.335733413696289,0
2011-08-18,14.5,14.5,14.5,14.5,9.335733413696289,0
2011-08-19,14.899999618530273,14.899999618530273,14.899999618530273,14.899999618530273,9.593271255493164,200
2011-08-22,14.899999618530273,14.899999618530273,14.899999618530273,14.899999618530273,9.593271255493164,200
2011-08-23,14.5,14.5,14.5,14.5,9.335733413696289,800
2011-08-24,14.5,14.5,14.5,14.5,9.335733413696289,200
2011-08-25,14.5,14.5,14.5,14.5,9.335733413696289,0
2011-08-26,14.5,14.5,14.5,14.5,9.335733413696289,0
2011-08-29,14.5,14.5,14.5,14.5,9.335733413696289,0
2011-08-30,14.5,14.5,14.5,14.5,9.335733413696289,0
2011-08-31,14.5,14.5,14.5,14.5,9.335733413696289,0
2011-09-01,14.5,14.5,14.5,14.5,9.335733413696289,700
2011-09-02,14.5,14.5,14.5,14.5,9.335733413696289,0
2011-09-06,14.5,14.5,14.5,14.5,9.335733413696289,0
2011-09-07,14.5,14.5,14.5,14.5,9.335733413696289,0
2011-09-08,14.5,14.5,14.5,14.5,9.335733413696289,100
2011-09-09,14.5,14.5,14.5,14.5,9.335733413696289,300
2011-09-12,14.5,14.5,14.5,14.5,9.335733413696289,0
2011-09-13,14.5,14.5,14.5,14.5,9.335733413696289,0
2011-09-14,14.350000381469727,14.350000381469727,14.350000381469727,14.350000381469727,9.239158630371094,500
2011-09-15,14.350000381469727,14.350000381469727,14.350000381469727,14.350000381469727,9.239158630371094,0
2011-09-16,14.350000381469727,14.350000381469727,14.350000381469727,14.350000381469727,9.239158630371094,0
2011-09-19,14.350000381469727,14.350000381469727,14.350000381469727,14.350000381469727,9.239158630371094,0
2011-09-20,14.350000381469727,14.350000381469727,14.350000381469727,14.350000381469727,9.239158630371094,0
2011-09-21,14.350000381469727,14.350000381469727,14.350000381469727,14.350000381469727,9.239158630371094,0
2011-09-22,14.350000381469727,14.350000381469727,14.350000381469727,14.350000381469727,9.239158630371094,0
2011-09-23,14.350000381469727,14.350000381469727,14.350000381469727,14.350000381469727,9.239158630371094,0
2011-09-26,14.399999618530273,14.399999618530273,14.399999618530273,14.399999618530273,9.27134895324707,500
2011-09-27,14.399999618530273,14.399999618530273,14.399999618530273,14.399999618530273,9.27134895324707,0
2011-09-28,14.399999618530273,14.399999618530273,14.399999618530273,14.399999618530273,9.368942260742188,0
2011-09-29,14.399999618530273,14.399999618530273,14.399999618530273,14.399999618530273,9.368942260742188,0
2011-09-30,14.399999618530273,14.399999618530273,14.399999618530273,14.399999618530273,9.368942260742188,0
2011-10-03,14.350000381469727,14.350000381469727,14.350000381469727,14.350000381469727,9.33641242980957,300
2011-10-04,14.350000381469727,14.350000381469727,14.350000381469727,14.350000381469727,9.33641242980957,0
2011-10-05,14.350000381469727,14.350000381469727,14.350000381469727,14.350000381469727,9.33641242980957,0
2011-10-06,14.350000381469727,14.350000381469727,14.350000381469727,14.350000381469727,9.33641242980957,0
2011-10-07,14.350000381469727,14.350000381469727,14.0,14.0,9.108696937561035,700
2011-10-10,14.0,14.0,14.0,14.0,9.108696937561035,0
2011-10-11,14.350000381469727,14.350000381469727,14.350000381469727,14.350000381469727,9.33641242980957,500
2011-10-12,14.350000381469727,14.350000381469727,14.350000381469727,14.350000381469727,9.33641242980957,0
2011-10-13,14.350000381469727,14.350000381469727,14.350000381469727,14.350000381469727,9.33641242980957,0
2011-10-14,14.350000381469727,14.350000381469727,14.350000381469727,14.350000381469727,9.33641242980957,0
2011-10-17,14.350000381469727,14.350000381469727,14.350000381469727,14.350000381469727,9.33641242980957,0
2011-10-18,14.350000381469727,14.350000381469727,14.350000381469727,14.350000381469727,9.33641242980957,0
2011-10-19,14.350000381469727,14.350000381469727,14.350000381469727,14.350000381469727,9.33641242980957,0
2011-10-20,14.350000381469727,14.350000381469727,14.350000381469727,14.350000381469727,9.33641242980957,0
2011-10-21,14.350000381469727,14.350000381469727,14.350000381469727,14.350000381469727,9.33641242980957,0
2011-10-24,14.350000381469727,14.350000381469727,14.350000381469727,14.350000381469727,9.33641242980957,300
2011-10-25,14.350000381469727,14.350000381469727,14.350000381469727,14.350000381469727,9.33641242980957,200
2011-10-26,14.350000381469727,14.350000381469727,14.350000381469727,14.350000381469727,9.33641242980957,0
2011-10-27,14.350000381469727,14.350000381469727,14.350000381469727,14.350000381469727,9.33641242980957,600
2011-10-28,14.350000381469727,14.350000381469727,14.350000381469727,14.350000381469727,9.33641242980957,200
2011-10-31,14.350000381469727,14.350000381469727,14.350000381469727,14.350000381469727,9.33641242980957,0
2011-11-01,14.350000381469727,14.350000381469727,14.350000381469727,14.350000381469727,9.33641242980957,0
2011-11-02,14.350000381469727,14.350000381469727,14.350000381469727,14.350000381469727,9.33641242980957,0
2011-11-03,14.350000381469727,14.350000381469727,14.350000381469727,14.350000381469727,9.33641242980957,0
2011-11-04,14.350000381469727,14.350000381469727,14.350000381469727,14.350000381469727,9.33641242980957,0
2011-11-07,14.350000381469727,14.350000381469727,14.350000381469727,14.350000381469727,9.33641242980957,0
2011-11-08,14.350000381469727,14.350000381469727,14.350000381469727,14.350000381469727,9.33641242980957,300
2011-11-09,14.350000381469727,14.350000381469727,14.350000381469727,14.350000381469727,9.33641242980957,0
2011-11-10,14.350000381469727,14.350000381469727,14.350000381469727,14.350000381469727,9.33641242980957,400
2011-11-11,14.350000381469727,14.350000381469727,14.350000381469727,14.350000381469727,9.33641242980957,0
2011-11-14,14.350000381469727,14.350000381469727,14.350000381469727,14.350000381469727,9.33641242980957,0
2011-11-15,14.350000381469727,14.350000381469727,14.350000381469727,14.350000381469727,9.33641242980957,0
2011-11-16,14.350000381469727,14.350000381469727,14.350000381469727,14.350000381469727,9.33641242980957,0
2011-11-17,14.350000381469727,14.350000381469727,14.350000381469727,14.350000381469727,9.33641242980957,0
2011-11-18,14.350000381469727,14.350000381469727,14.350000381469727,14.350000381469727,9.33641242980957,0
2011-11-21,14.350000381469727,14.350000381469727,14.350000381469727,14.350000381469727,9.33641242980957,0
2011-11-22,14.350000381469727,14.350000381469727,14.350000381469727,14.350000381469727,9.33641242980957,0
2011-11-23,14.350000381469727,14.350000381469727,14.350000381469727,14.350000381469727,9.33641242980957,0
2011-11-25,14.350000381469727,14.350000381469727,14.350000381469727,14.350000381469727,9.33641242980957,0
2011-11-28,14.350000381469727,14.350000381469727,14.350000381469727,14.350000381469727,9.33641242980957,0
2011-11-29,14.350000381469727,14.350000381469727,14.350000381469727,14.350000381469727,9.33641242980957,0
2011-11-30,14.350000381469727,14.350000381469727,14.350000381469727,14.350000381469727,9.33641242980957,0
2011-12-01,14.350000381469727,14.350000381469727,14.350000381469727,14.350000381469727,9.33641242980957,0
2011-12-02,14.5,14.5,14.5,14.5,9.434004783630371,400
2011-12-05,15.0,15.0,14.399999618530273,14.399999618530273,9.368942260742188,1600
2011-12-06,14.399999618530273,14.399999618530273,14.399999618530273,14.399999618530273,9.368942260742188,0
2011-12-07,14.350000381469727,14.350000381469727,14.350000381469727,14.350000381469727,9.33641242980957,200
2011-12-08,14.350000381469727,14.350000381469727,14.350000381469727,14.350000381469727,9.33641242980957,1000
2011-12-09,14.350000381469727,14.350000381469727,14.350000381469727,14.350000381469727,9.33641242980957,400
2011-12-12,14.350000381469727,14.350000381469727,14.350000381469727,14.350000381469727,9.33641242980957,0
2011-12-13,14.75,14.75,14.75,14.75,9.596656799316406,200
2011-12-14,14.75,14.75,14.75,14.75,9.596656799316406,0
2011-12-15,14.75,14.75,14.75,14.75,9.596656799316406,400
2011-12-16,14.75,14.75,14.75,14.75,9.596656799316406,0
2011-12-19,14.399999618530273,15.0,14.399999618530273,15.0,9.759316444396973,1900
2011-12-20,15.5,15.5,15.5,15.5,10.084627151489258,400
2011-12-21,14.399999618530273,14.399999618530273,14.399999618530273,14.399999618530273,9.368942260742188,3000
2011-12-22,14.399999618530273,14.399999618530273,14.399999618530273,14.399999618530273,9.368942260742188,0
2011-12-23,14.399999618530273,14.399999618530273,14.399999618530273,14.399999618530273,9.368942260742188,0
2011-12-27,14.399999618530273,14.399999618530273,14.399999618530273,14.399999618530273,9.368942260742188,0
2011-12-28,14.399999618530273,14.399999618530273,14.399999618530273,14.399999618530273,9.467564582824707,0
2011-12-29,14.399999618530273,14.399999618530273,14.399999618530273,14.399999618530273,9.467564582824707,0
2011-12-30,14.399999618530273,14.399999618530273,14.399999618530273,14.399999618530273,9.467564582824707,0
2012-01-03,15.100000381469727,15.100000381469727,14.0,14.0,9.20457649230957,1200
2012-01-04,14.300000190734863,14.300000190734863,14.300000190734863,14.300000190734863,9.401815414428711,700
2012-01-05,14.300000190734863,14.300000190734863,14.300000190734863,14.300000190734863,9.401815414428711,0
2012-01-06,14.300000190734863,14.300000190734863,14.300000190734863,14.300000190734863,9.401815414428711,0
2012-01-09,14.300000190734863,14.300000190734863,14.0,14.0,9.20457649230957,2200
2012-01-10,13.899999618530273,14.25,13.5,13.75,9.04020881652832,1000
2012-01-11,14.25,14.25,14.25,14.25,9.368941307067871,200
2012-01-12,14.25,14.25,14.25,14.25,9.368941307067871,0
2012-01-13,14.100000381469727,14.100000381469727,14.0,14.0,9.20457649230957,500
2012-01-17,13.850000381469727,14.0,13.25,14.0,9.20457649230957,1300
2012-01-18,14.149999618530273,14.149999618530273,14.149999618530273,14.149999618530273,9.30319595336914,800
2012-01-19,14.149999618530273,14.149999618530273,14.149999618530273,14.149999618530273,9.30319595336914,0
2012-01-20,14.149999618530273,14.149999618530273,14.149999618530273,14.149999618530273,9.30319595336914,200
2012-01-23,14.149999618530273,14.149999618530273,14.149999618530273,14.149999618530273,9.30319595336914,0
2012-01-24,14.300000190734863,14.300000190734863,14.300000190734863,14.300000190734863,9.401815414428711,700
2012-01-25,14.199999809265137,14.199999809265137,14.149999618530273,14.149999618530273,9.30319595336914,500
2012-01-26,14.149999618530273,14.199999809265137,14.149999618530273,14.199999809265137,9.336067199707031,1700
2012-01-27,14.300000190734863,14.300000190734863,14.300000190734863,14.300000190734863,9.401815414428711,200
2012-01-30,14.300000190734863,14.300000190734863,14.300000190734863,14.300000190734863,9.401815414428711,2600
2012-01-31,15.0,15.0,15.0,15.0,9.862044334411621,200
2012-02-01,15.0,15.0,15.0,15.0,9.862044334411621,0
2012-02-02,15.0,15.0,15.0,15.0,9.862044334411621,0
2012-02-03,15.0,15.0,15.0,15.0,9.862044334411621,0
2012-02-06,16.399999618530273,18.75,16.399999618530273,18.75,12.327552795410156,1000
2012-02-07,20.0,20.0,20.0,20.0,13.149391174316406,800
2012-02-08,20.0,20.0,20.0,20.0,13.149391174316406,0
2012-02-09,19.0,19.0,18.950000762939453,19.0,12.491925239562988,2300
2012-02-10,19.0,19.0,19.0,19.0,12.491925239562988,0
2012-02-13,19.0,20.0,19.0,20.0,13.149391174316406,800
2012-02-14,20.0,20.0,20.0,20.0,13.149391174316406,0
2012-02-15,20.0,20.0,20.0,20.0,13.149391174316406,0
2012-02-16,19.979999542236328,20.0,19.979999542236328,20.0,13.149391174316406,5900
2012-02-17,20.0,20.0,20.0,20.0,13.149391174316406,0
2012-02-21,20.0,20.0,20.0,20.0,13.149391174316406,0
2012-02-22,19.0,19.0,18.75,18.75,12.327552795410156,500
2012-02-23,18.75,18.75,18.75,18.75,12.327552795410156,0
2012-02-24,18.75,18.75,18.75,18.75,12.327552795410156,1300
2012-02-27,18.75,18.75,18.75,18.75,12.327552795410156,0
2012-02-28,18.75,18.75,18.75,18.75,12.327552795410156,0
2012-02-29,18.75,18.75,18.75,18.75,12.327552795410156,0
2012-03-01,18.75,18.75,18.75,18.75,12.327552795410156,0
2012-03-02,19.0,19.0,19.0,19.0,12.491925239562988,400
2012-03-05,19.0,19.0,19.0,19.0,12.491925239562988,0
2012-03-06,18.75,18.75,18.75,18.75,12.327552795410156,900
2012-03-07,18.75,18.75,18.75,18.75,12.327552795410156,0
2012-03-08,18.75,18.75,18.75,18.75,12.327552795410156,0
2012-03-09,18.75,18.75,18.75,18.75,12.327552795410156,0
2012-03-12,18.75,18.75,18.75,18.75,12.327552795410156,0
2012-03-13,18.75,18.75,18.75,18.75,12.327552795410156,0
2012-03-14,18.75,18.75,18.75,18.75,12.327552795410156,0
2012-03-15,18.75,18.75,18.75,18.75,12.327552795410156,0
2012-03-16,18.75,18.75,18.75,18.75,12.327552795410156,0
2012-03-19,18.75,18.75,18.75,18.75,12.327552795410156,0
2012-03-20,18.75,18.75,18.75,18.75,12.327552795410156,0
2012-03-21,18.75,18.75,18.75,18.75,12.327552795410156,0
2012-03-22,18.75,18.75,18.75,18.75,12.327552795410156,0
2012-03-23,18.75,18.75,18.75,18.75,12.327552795410156,0
2012-03-26,18.75,18.75,18.75,18.75,12.327552795410156,0
2012-03-27,18.75,18.75,18.75,18.75,12.327552795410156,0
2012-03-28,18.75,18.75,18.75,18.75,12.426971435546875,0
2012-03-29,18.75,18.75,18.75,18.75,12.426971435546875,0
2012-03-30,18.75,18.75,18.75,18.75,12.426971435546875,0
2012-04-02,18.75,18.75,18.75,18.75,12.426971435546875,0
2012-04-03,18.75,18.75,18.75,18.75,12.426971435546875,0
2012-04-04,20.0,20.0,20.0,20.0,13.255439758300781,900
2012-04-05,20.0,20.0,20.0,20.0,13.255439758300781,0
2012-04-09,19.75,19.75,19.75,19.75,13.089744567871094,700
2012-04-10,19.75,19.75,19.549999237060547,19.549999237060547,12.957191467285156,3000
2012-04-11,19.549999237060547,19.549999237060547,19.549999237060547,19.549999237060547,12.957191467285156,0
2012-04-12,19.75,19.75,19.75,19.75,13.089744567871094,100
2012-04-13,19.75,19.75,19.75,19.75,13.089744567871094,0
2012-04-16,19.5,19.5,19.5,19.5,12.924053192138672,300
2012-04-17,19.5,19.5,19.5,19.5,12.924053192138672,200
2012-04-18,19.5,19.5,19.5,19.5,12.924053192138672,0
2012-04-19,19.5,19.5,19.5,19.5,12.924053192138672,0
2012-04-20,19.5,19.5,19.5,19.5,12.924053192138672,0
2012-04-23,19.25,19.25,19.25,19.25,12.758355140686035,400
2012-04-24,19.25,19.25,19.25,19.25,12.758355140686035,0
2012-04-25,19.25,19.25,19.25,19.25,12.758355140686035,0
2012-04-26,19.25,19.25,19.25,19.25,12.758355140686035,0
2012-04-27,19.25,19.25,19.25,19.25,12.758355140686035,300
2012-04-30,19.25,19.25,19.25,19.25,12.758355140686035,200
2012-05-01,19.25,19.25,19.25,19.25,12.758355140686035,200
2012-05-02,19.25,19.25,19.25,19.25,12.758355140686035,0
2012-05-03,19.25,19.25,19.25,19.25,12.758355140686035,0
2012-05-04,19.25,19.25,19.25,19.25,12.758355140686035,0
2012-05-07,19.25,19.25,19.25,19.25,12.758355140686035,400
2012-05-08,19.0,19.0,19.0,19.0,12.592663764953613,1000
2012-05-09,18.799999237060547,18.799999237060547,18.799999237060547,18.799999237060547,12.460110664367676,1300
2012-05-10,18.799999237060547,18.799999237060547,18.799999237060547,18.799999237060547,12.460110664367676,0
2012-05-11,18.75,18.829999923706055,18.75,18.75,12.426971435546875,1000
2012-05-14,18.75,18.75,18.75,18.75,12.426971435546875,0
2012-05-15,18.600000381469727,18.600000381469727,18.600000381469727,18.600000381469727,12.327554702758789,1800
2012-05-16,18.5,18.5,18.5,18.5,12.261281967163086,2000
2012-05-17,18.5,18.5,18.5,18.5,12.261281967163086,0
2012-05-18,18.5,18.5,18.5,18.5,12.261281967163086,0
2012-05-21,18.5,18.5,18.5,18.5,12.261281967163086,0
2012-05-22,18.5,18.5,18.5,18.5,12.261281967163086,0
2012-05-23,18.5,18.5,18.5,18.5,12.261281967163086,4400
2012-05-24,18.5,18.5,18.5,18.5,12.261281967163086,0
2012-05-25,18.5,18.5,18.5,18.5,12.261281967163086,0
2012-05-29,18.360000610351562,18.360000610351562,18.299999237060547,18.299999237060547,12.128724098205566,400
2012-05-30,18.299999237060547,18.299999237060547,18.299999237060547,18.299999237060547,12.128724098205566,0
2012-05-31,18.5,19.0,18.5,19.0,12.592663764953613,1500
2012-06-01,19.0,19.0,19.0,19.0,12.592663764953613,200
2012-06-04,19.0,19.0,19.0,19.0,12.592663764953613,0
2012-06-05,19.0,19.0,19.0,19.0,12.592663764953613,0
2012-06-06,19.0,19.0,19.0,19.0,12.592663764953613,0
2012-06-07,19.0,19.0,19.0,19.0,12.592663764953613,0
2012-06-08,18.899999618530273,18.899999618530273,18.899999618530273,18.899999618530273,12.526388168334961,200
2012-06-11,18.899999618530273,18.899999618530273,18.899999618530273,18.899999618530273,12.526388168334961,0
2012-06-12,18.899999618530273,18.899999618530273,18.899999618530273,18.899999618530273,12.526388168334961,0
2012-06-13,18.5,18.5,18.5,18.5,12.261281967163086,600
2012-06-14,18.5,18.5,18.5,18.5,12.261281967163086,500
2012-06-15,18.5,18.5,18.5,18.5,12.261281967163086,0
2012-06-18,18.5,18.5,18.5,18.5,12.261281967163086,0
2012-06-19,19.0,19.0,19.0,19.0,12.592663764953613,200
2012-06-20,19.0,19.0,19.0,19.0,12.592663764953613,0
2012-06-21,19.0,19.0,19.0,19.0,12.592663764953613,0
2012-06-22,19.0,19.0,19.0,19.0,12.592663764953613,0
2012-06-25,19.0,19.0,19.0,19.0,12.592663764953613,0
2012-06-26,19.0,19.0,19.0,19.0,12.592663764953613,100
2012-06-27,19.0,19.0,19.0,19.0,12.719866752624512,400
2012-06-28,19.0,19.0,19.0,19.0,12.719866752624512,0
2012-06-29,19.0,19.0,19.0,19.0,12.719866752624512,100
2012-07-02,19.0,19.0,19.0,19.0,12.719866752624512,0
2012-07-03,19.0,19.0,19.0,19.0,12.719866752624512,0
2012-07-05,19.0,19.0,19.0,19.0,12.719866752624512,0
2012-07-06,19.0,19.0,19.0,19.0,12.719866752624512,400
2012-07-09,19.0,19.0,19.0,19.0,12.719866752624512,0
2012-07-10,19.0,19.0,19.0,19.0,12.719866752624512,0
2012-07-11,19.0,19.0,19.0,19.0,12.719866752624512,0
2012-07-12,19.0,19.0,19.0,19.0,12.719866752624512,0
2012-07-13,19.0,19.0,19.0,19.0,12.719866752624512,0
2012-07-16,19.0,19.0,19.0,19.0,12.719866752624512,0
2012-07-17,19.0,19.0,19.0,19.0,12.719866752624512,0
2012-07-18,19.0,19.0,19.0,19.0,12.719866752624512,0
2012-07-19,19.0,19.0,19.0,19.0,12.719866752624512,0
2012-07-20,19.0,19.0,19.0,19.0,12.719866752624512,0
2012-07-23,19.0,19.0,19.0,19.0,12.719866752624512,0
2012-07-24,19.0,19.0,19.0,19.0,12.719866752624512,0
2012-07-25,19.0,19.0,19.0,19.0,12.719866752624512,0
2012-07-26,19.0,19.0,19.0,19.0,12.719866752624512,0
2012-07-27,19.0,19.0,19.0,19.0,12.719866752624512,300
2012-07-30,19.0,19.0,19.0,19.0,12.719866752624512,0
2012-07-31,19.0,19.0,19.0,19.0,12.719866752624512,100
2012-08-01,19.0,19.0,19.0,19.0,12.719866752624512,0
2012-08-02,19.0,19.0,19.0,19.0,12.719866752624512,0
2012-08-03,19.0,19.0,19.0,19.0,12.719866752624512,0
2012-08-06,19.0,19.0,19.0,19.0,12.719866752624512,0
2012-08-07,19.0,19.0,19.0,19.0,12.719866752624512,0
2012-08-08,19.0,19.0,19.0,19.0,12.719866752624512,0
2012-08-09,19.0,19.0,19.0,19.0,12.719866752624512,0
2012-08-10,19.0,19.0,19.0,19.0,12.719866752624512,1000
2012-08-13,19.0,19.0,19.0,19.0,12.719866752624512,0
2012-08-14,19.0,19.0,19.0,19.0,12.719866752624512,0
2012-08-15,18.5,19.0,18.5,19.0,12.719866752624512,200
2012-08-16,19.0,19.0,19.0,19.0,12.719866752624512,200
2012-08-17,19.0,19.0,19.0,19.0,12.719866752624512,0
2012-08-20,19.0,19.0,19.0,19.0,12.719866752624512,0
2012-08-21,19.0,19.0,19.0,19.0,12.719866752624512,0
2012-08-22,19.0,19.0,19.0,19.0,12.719866752624512,0
2012-08-23,19.0,19.0,19.0,19.0,12.719866752624512,0
2012-08-24,19.0,19.0,19.0,19.0,12.719866752624512,3400
2012-08-27,19.0,19.0,19.0,19.0,12.719866752624512,900
2012-08-28,18.850000381469727,19.0,18.850000381469727,19.0,12.719866752624512,800
2012-08-29,19.0,19.0,19.0,19.0,12.719866752624512,0
2012-08-30,19.0,19.0,19.0,19.0,12.719866752624512,0
2012-08-31,19.0,19.0,19.0,19.0,12.719866752624512,0
2012-09-04,19.0,19.0,19.0,19.0,12.719866752624512,0
2012-09-05,19.0,19.0,19.0,19.0,12.719866752624512,0
2012-09-06,19.0,19.0,19.0,19.0,12.719866752624512,300
2012-09-07,19.0,19.0,19.0,19.0,12.719866752624512,0
2012-09-10,19.0,19.0,19.0,19.0,12.719866752624512,300
2012-09-11,19.0,19.0,19.0,19.0,12.719866752624512,0
2012-09-12,19.0,19.0,19.0,19.0,12.719866752624512,200
2012-09-13,19.0,19.0,19.0,19.0,12.719866752624512,0
2012-09-14,19.0,19.0,18.899999618530273,18.899999618530273,12.652917861938477,500
2012-09-17,19.0,19.0,19.0,19.0,12.719866752624512,200
2012-09-18,19.0,19.0,19.0,19.0,12.719866752624512,0
2012-09-19,19.0,19.0,19.0,19.0,12.719866752624512,400
2012-09-20,19.0,19.0,19.0,19.0,12.719866752624512,800
2012-09-21,19.0,19.0,19.0,19.0,12.719866752624512,0
2012-09-24,19.0,19.0,19.0,19.0,12.719866752624512,0
2012-09-25,19.25,19.25,19.25,19.25,12.88723087310791,200
2012-09-26,19.25,19.25,19.25,19.25,13.015697479248047,0
2012-09-27,19.25,19.25,19.25,19.25,13.015697479248047,0
2012-09-28,19.25,19.25,19.25,19.25,13.015697479248047,0
2012-10-01,19.0,19.0,19.0,19.0,12.846661567687988,200
2012-10-02,19.0,19.0,19.0,19.0,12.846661567687988,0
2012-10-03,19.0,19.0,19.0,19.0,12.846661567687988,600
2012-10-04,19.0,19.0,19.0,19.0,12.846661567687988,0
2012-10-05,19.0,19.0,19.0,19.0,12.846661567687988,200
2012-10-08,19.0,19.0,19.0,19.0,12.846661567687988,800
2012-10-09,19.0,19.0,19.0,19.0,12.846661567687988,0
2012-10-10,19.0,19.0,19.0,19.0,12.846661567687988,600
2012-10-11,19.0,19.0,19.0,19.0,12.846661567687988,200
2012-10-12,19.25,19.25,19.25,19.25,13.015697479248047,400
2012-10-15,19.25,19.25,19.25,19.25,13.015697479248047,0
2012-10-16,19.25,19.25,19.25,19.25,13.015697479248047,500
2012-10-17,19.799999237060547,20.0,19.799999237060547,20.0,13.522799491882324,1300
2012-10-18,20.0,20.0,20.0,20.0,13.522799491882324,0
2012-10-19,21.0,21.0,20.899999618530273,20.899999618530273,14.131329536437988,200
2012-10-22,20.899999618530273,20.899999618530273,20.899999618530273,20.899999618530273,14.131329536437988,0
2012-10-23,20.899999618530273,20.899999618530273,20.899999618530273,20.899999618530273,14.131329536437988,0
2012-10-24,21.0,21.0,21.0,21.0,14.198944091796875,200
2012-10-25,19.5,19.600000381469727,19.5,19.600000381469727,13.252346992492676,700
2012-10-26,19.600000381469727,19.600000381469727,19.600000381469727,19.600000381469727,13.252346992492676,0
2012-10-31,19.600000381469727,19.600000381469727,19.600000381469727,19.600000381469727,13.252346992492676,0
2012-11-01,19.600000381469727,19.600000381469727,19.600000381469727,19.600000381469727,13.252346992492676,0
2012-11-02,19.25,19.25,19.0,19.0,12.846661567687988,2000
2012-11-05,18.799999237060547,19.25,17.579999923706055,18.5,12.508591651916504,8400
2012-11-06,18.5,18.5,18.5,18.5,12.508591651916504,300
2012-11-07,18.5,18.5,18.25,18.299999237060547,12.373361587524414,3100
2012-11-08,18.299999237060547,18.299999237060547,18.299999237060547,18.299999237060547,12.373361587524414,0
2012-11-09,18.299999237060547,18.299999237060547,18.299999237060547,18.299999237060547,12.373361587524414,0
2012-11-12,18.299999237060547,18.299999237060547,18.299999237060547,18.299999237060547,12.373361587524414,0
2012-11-13,18.299999237060547,18.299999237060547,18.299999237060547,18.299999237060547,12.373361587524414,300
2012-11-14,18.25,18.25,18.25,18.25,12.339557647705078,900
2012-11-15,18.25,18.25,18.25,18.25,12.339557647705078,0
2012-11-16,18.850000381469727,18.850000381469727,18.75,18.75,12.677623748779297,1100
2012-11-19,18.75,18.75,18.75,18.75,12.677623748779297,0
2012-11-20,18.25,18.25,18.25,18.25,12.339557647705078,200
2012-11-21,18.25,18.25,18.25,18.25,12.339557647705078,0
2012-11-23,18.25,18.25,18.25,18.25,12.339557647705078,0
2012-11-26,18.25,18.25,18.25,18.25,12.339557647705078,0
2012-11-27,18.25,18.25,18.25,18.25,12.339557647705078,0
2012-11-28,18.25,18.25,18.25,18.25,12.339557647705078,0
2012-11-29,18.25,18.25,18.25,18.25,12.339557647705078,0
2012-11-30,18.25,18.25,18.25,18.25,12.339557647705078,0
2012-12-03,18.25,18.25,18.25,18.25,12.339557647705078,0
2012-12-04,18.399999618530273,18.399999618530273,18.399999618530273,18.399999618530273,12.440979957580566,300
2012-12-05,18.399999618530273,18.399999618530273,18.399999618530273,18.399999618530273,12.440979957580566,0
2012-12-06,18.5,18.5,18.5,18.5,12.508591651916504,8700
2012-12-07,18.8700008392334,18.950000762939453,18.8700008392334,18.950000762939453,12.812850952148438,900
2012-12-10,18.850000381469727,18.899999618530273,18.5,18.899999618530273,12.779047966003418,1500
2012-12-11,18.899999618530273,18.899999618530273,18.899999618530273,18.899999618530273,12.779047966003418,200
2012-12-12,18.899999618530273,18.899999618530273,18.899999618530273,18.899999618530273,12.779047966003418,0
2012-12-13,18.899999618530273,19.0,18.899999618530273,19.0,12.846661567687988,8200
2012-12-14,19.0,19.0,19.0,19.0,12.846661567687988,0
2012-12-17,19.0,19.0,19.0,19.0,12.846661567687988,0
2012-12-18,19.0,19.0,19.0,19.0,12.846661567687988,0
2012-12-19,19.0,19.0,19.0,19.0,12.846661567687988,0
2012-12-20,19.0,19.0,19.0,19.0,12.846661567687988,0
2012-12-21,19.0,19.0,19.0,19.0,12.846661567687988,0
2012-12-24,19.0,19.0,19.0,19.0,12.846661567687988,0
2012-12-26,19.0,19.0,19.0,19.0,12.976428985595703,0
2012-12-27,19.0,19.0,19.0,19.0,12.976428985595703,0
2012-12-28,19.100000381469727,19.100000381469727,19.100000381469727,19.100000381469727,13.044720649719238,200
2012-12-31,19.100000381469727,19.100000381469727,19.100000381469727,19.100000381469727,13.044720649719238,0
2013-01-02,19.100000381469727,19.100000381469727,19.100000381469727,19.100000381469727,13.044720649719238,0
2013-01-03,19.100000381469727,19.100000381469727,19.100000381469727,19.100000381469727,13.044720649719238,0
2013-01-04,19.100000381469727,19.100000381469727,19.100000381469727,19.100000381469727,13.044720649719238,100
2013-01-07,19.25,19.299999237060547,19.25,19.299999237060547,13.181316375732422,2200
2013-01-08,19.299999237060547,19.299999237060547,19.299999237060547,19.299999237060547,13.181316375732422,0
2013-01-09,19.299999237060547,19.299999237060547,19.299999237060547,19.299999237060547,13.181316375732422,0
2013-01-10,19.350000381469727,19.350000381469727,19.350000381469727,19.350000381469727,13.21546745300293,400
2013-01-11,19.5,19.5,19.5,19.5,13.317913055419922,200
2013-01-14,19.5,19.5,19.5,19.5,13.317913055419922,0
2013-01-15,19.549999237060547,19.549999237060547,19.549999237060547,19.549999237060547,13.352060317993164,500
2013-01-16,19.549999237060547,19.549999237060547,19.549999237060547,19.549999237060547,13.352060317993164,0
2013-01-17,19.549999237060547,19.549999237060547,19.549999237060547,19.549999237060547,13.352060317993164,0
2013-01-18,19.549999237060547,19.549999237060547,19.549999237060547,19.549999237060547,13.352060317993164,0
2013-01-22,19.75,20.0,19.75,20.0,13.659393310546875,1100
2013-01-23,20.049999237060547,20.049999237060547,20.049999237060547,20.049999237060547,13.693547248840332,300
2013-01-24,20.049999237060547,20.049999237060547,20.049999237060547,20.049999237060547,13.693547248840332,0
2013-01-25,20.049999237060547,20.049999237060547,20.049999237060547,20.049999237060547,13.693547248840332,0
2013-01-28,20.049999237060547,20.049999237060547,20.049999237060547,20.049999237060547,13.693547248840332,0
2013-01-29,20.110000610351562,20.399999618530273,20.110000610351562,20.399999618530273,13.932581901550293,600
2013-01-30,20.399999618530273,20.399999618530273,20.399999618530273,20.399999618530273,13.932581901550293,400
2013-01-31,20.549999237060547,20.549999237060547,20.549999237060547,20.549999237060547,14.035026550292969,100
2013-02-01,21.0,21.0,21.0,21.0,14.34237003326416,100
2013-02-04,21.5,22.0,21.5,22.0,15.025335311889648,1500
2013-02-05,22.0,22.0,22.0,22.0,15.025335311889648,500
2013-02-06,22.0,22.0,22.0,22.0,15.025335311889648,300
2013-02-07,22.299999237060547,22.299999237060547,22.299999237060547,22.299999237060547,15.230226516723633,1600
2013-02-08,22.450000762939453,22.450000762939453,22.350000381469727,22.350000381469727,15.264376640319824,500
2013-02-11,22.399999618530273,22.399999618530273,22.399999618530273,22.399999618530273,15.298526763916016,1600
2013-02-12,22.399999618530273,22.399999618530273,22.399999618530273,22.399999618530273,15.298526763916016,0
2013-02-13,22.399999618530273,22.549999237060547,22.399999618530273,22.549999237060547,15.400970458984375,800
2013-02-14,22.549999237060547,23.0,22.5,22.5,15.366817474365234,700
2013-02-15,22.399999618530273,22.399999618530273,22.399999618530273,22.399999618530273,15.298526763916016,500
2013-02-19,21.0,21.0,21.0,21.0,14.34237003326416,500
2013-02-20,21.5,21.5,21.5,21.5,14.683856964111328,2500
2013-02-21,21.5,21.5,21.5,21.5,14.683856964111328,0
2013-02-22,21.5,21.5,21.5,21.5,14.683856964111328,0
2013-02-25,21.5,21.5,21.5,21.5,14.683856964111328,0
2013-02-26,21.5,21.5,21.5,21.5,14.683856964111328,0
2013-02-27,21.5,23.0,21.5,23.0,15.708304405212402,3300
2013-02-28,23.0,23.0,23.0,23.0,15.708304405212402,0
2013-03-01,23.0,23.0,22.989999771118164,22.989999771118164,15.7014799118042,200
2013-03-04,22.989999771118164,22.989999771118164,22.989999771118164,22.989999771118164,15.7014799118042,0
2013-03-05,22.049999237060547,23.0,22.049999237060547,23.0,15.708304405212402,3600
2013-03-06,23.25,23.25,23.25,23.25,15.879044532775879,100
2013-03-07,23.649999618530273,24.25,23.649999618530273,24.25,16.56201934814453,500
2013-03-08,24.25,24.25,24.25,24.25,16.56201934814453,0
2013-03-11,24.5,25.0,24.5,25.0,17.074247360229492,5300
2013-03-12,25.299999237060547,25.299999237060547,25.299999237060547,25.299999237060547,17.279132843017578,300
2013-03-13,25.299999237060547,25.299999237060547,25.299999237060547,25.299999237060547,17.279132843017578,0
2013-03-14,25.299999237060547,25.299999237060547,25.299999237060547,25.299999237060547,17.279132843017578,0
2013-03-15,25.299999237060547,25.299999237060547,25.299999237060547,25.299999237060547,17.279132843017578,0
2013-03-18,25.299999237060547,25.299999237060547,25.299999237060547,25.299999237060547,17.279132843017578,0
2013-03-19,25.299999237060547,25.299999237060547,25.299999237060547,25.299999237060547,17.279132843017578,0
2013-03-20,25.299999237060547,25.299999237060547,25.299999237060547,25.299999237060547,17.279132843017578,0
2013-03-21,25.299999237060547,25.299999237060547,25.299999237060547,25.299999237060547,17.279132843017578,0
2013-03-22,25.299999237060547,25.299999237060547,25.299999237060547,25.299999237060547,17.279132843017578,0
2013-03-25,25.0,25.0,25.0,25.0,17.074247360229492,400
2013-03-26,25.0,25.0,25.0,25.0,17.205005645751953,0
2013-03-27,25.0,25.0,25.0,25.0,17.205005645751953,0
2013-03-28,25.0,25.0,25.0,25.0,17.205005645751953,0
2013-04-01,25.0,25.0,25.0,25.0,17.205005645751953,0
2013-04-02,25.0,25.0,25.0,25.0,17.205005645751953,200
2013-04-03,25.0,25.0,25.0,25.0,17.205005645751953,0
2013-04-04,25.0,25.0,25.0,25.0,17.205005645751953,0
2013-04-05,25.0,25.0,25.0,25.0,17.205005645751953,0
2013-04-08,24.5,24.5,24.5,24.5,16.86090087890625,1700
2013-04-09,24.5,24.5,24.5,24.5,16.86090087890625,900
2013-04-10,24.5,24.5,24.5,24.5,16.86090087890625,0
2013-04-11,24.5,24.5,24.5,24.5,16.86090087890625,0
2013-04-12,24.5,24.5,24.5,24.5,16.86090087890625,0
2013-04-15,24.5,24.5,24.5,24.5,16.86090087890625,0
2013-04-16,23.200000762939453,23.200000762939453,23.0,23.0,15.828598976135254,1600
2013-04-17,23.0,23.0,23.0,23.0,15.828598976135254,1000
2013-04-18,22.309999465942383,22.309999465942383,22.309999465942383,22.309999465942383,15.353743553161621,1500
2013-04-19,22.309999465942383,22.309999465942383,22.309999465942383,22.309999465942383,15.353743553161621,0
2013-04-22,22.309999465942383,22.309999465942383,22.309999465942383,22.309999465942383,15.353743553161621,0
2013-04-23,23.25,23.25,23.25,23.25,16.00065040588379,200
2013-04-24,23.25,23.25,23.25,23.25,16.00065040588379,0
2013-04-25,23.25,23.25,23.25,23.25,16.00065040588379,0
2013-04-26,23.25,23.25,23.25,23.25,16.00065040588379,100
2013-04-29,23.25,23.5,23.25,23.5,16.17270278930664,1800
2013-04-30,24.5,24.5,22.0,23.950000762939453,16.482393264770508,3800
2013-05-01,23.950000762939453,23.950000762939453,23.950000762939453,23.950000762939453,16.482393264770508,0
2013-05-02,23.0,23.0,23.0,23.0,15.828598976135254,300
2013-05-03,23.0,23.0,23.0,23.0,15.828598976135254,0
2013-05-06,23.950000762939453,23.950000762939453,23.950000762939453,23.950000762939453,16.482393264770508,100
2013-05-07,23.950000762939453,23.950000762939453,23.950000762939453,23.950000762939453,16.482393264770508,0
2013-05-08,23.0,23.360000610351562,22.75,23.360000610351562,16.076356887817383,3100
2013-05-09,23.25,23.25,23.25,23.25,16.00065040588379,200
2013-05-10,23.25,23.25,23.25,23.25,16.00065040588379,700
2013-05-13,23.25,23.25,23.25,23.25,16.00065040588379,0
2013-05-14,23.329999923706055,24.09000015258789,23.329999923706055,24.09000015258789,16.578733444213867,1100
2013-05-15,23.5,23.5,23.5,23.5,16.17270278930664,100
2013-05-16,23.600000381469727,23.600000381469727,23.600000381469727,23.600000381469727,16.24151611328125,100
2013-05-17,22.8799991607666,23.0,22.8799991607666,23.0,15.828598976135254,500
2013-05-20,23.0,23.0,23.0,23.0,15.828598976135254,0
2013-05-21,23.0,23.0,23.0,23.0,15.828598976135254,100
2013-05-22,23.0,23.0,23.0,23.0,15.828598976135254,3800
2013-05-23,22.950000762939453,22.950000762939453,22.950000762939453,22.950000762939453,15.79419231414795,100
2013-05-24,23.0,23.0,23.0,23.0,15.828598976135254,300
2013-05-28,23.0,23.0,23.0,23.0,15.828598976135254,200
2013-05-29,23.0,23.0,23.0,23.0,15.828598976135254,1400
2013-05-30,23.25,23.25,23.25,23.25,16.00065040588379,100
2013-05-31,23.25,23.25,23.25,23.25,16.00065040588379,0
2013-06-03,23.25,23.25,23.25,23.25,16.00065040588379,0
2013-06-04,23.25,23.25,23.25,23.25,16.00065040588379,0
2013-06-05,23.25,23.25,23.25,23.25,16.00065040588379,0
2013-06-06,23.25,23.25,23.25,23.25,16.00065040588379,0
2013-06-07,23.25,23.25,23.25,23.25,16.00065040588379,0
2013-06-10,23.25,23.25,23.25,23.25,16.00065040588379,0
2013-06-11,23.5,23.5,23.5,23.5,16.17270278930664,300
2013-06-12,23.25,23.25,23.25,23.25,16.00065040588379,300
2013-06-13,23.25,23.25,23.25,23.25,16.00065040588379,0
2013-06-14,23.25,23.25,23.25,23.25,16.00065040588379,0
2013-06-17,23.350000381469727,23.350000381469727,23.350000381469727,23.350000381469727,16.06947135925293,100
2013-06-18,23.350000381469727,23.350000381469727,23.350000381469727,23.350000381469727,16.06947135925293,0
2013-06-19,23.350000381469727,23.350000381469727,23.350000381469727,23.350000381469727,16.06947135925293,0
2013-06-20,24.0,24.0,24.0,24.0,16.516803741455078,100
2013-06-21,24.0,24.0,24.0,24.0,16.516803741455078,0
2013-06-24,24.0,24.0,24.0,24.0,16.516803741455078,200
2013-06-25,23.989999771118164,23.989999771118164,23.989999771118164,23.989999771118164,16.509918212890625,200
2013-06-26,23.5,23.5,23.5,23.5,16.322383880615234,100
2013-06-27,23.5,23.5,23.5,23.5,16.322383880615234,0
2013-06-28,23.649999618530273,23.649999618530273,23.649999618530273,23.649999618530273,16.426572799682617,100
2013-07-01,23.649999618530273,23.649999618530273,23.649999618530273,23.649999618530273,16.426572799682617,0
2013-07-02,23.649999618530273,23.649999618530273,23.649999618530273,23.649999618530273,16.426572799682617,0
2013-07-03,23.649999618530273,23.649999618530273,23.649999618530273,23.649999618530273,16.426572799682617,0
2013-07-05,23.739999771118164,23.739999771118164,23.739999771118164,23.739999771118164,16.489086151123047,100
2013-07-08,23.739999771118164,23.739999771118164,23.739999771118164,23.739999771118164,16.489086151123047,0
2013-07-09,23.700000762939453,23.700000762939453,23.700000762939453,23.700000762939453,16.461294174194336,200
2013-07-10,23.600000381469727,23.600000381469727,23.600000381469727,23.600000381469727,16.391841888427734,300
2013-07-11,23.600000381469727,23.600000381469727,23.600000381469727,23.600000381469727,16.391841888427734,700
2013-07-12,23.700000762939453,24.0,23.700000762939453,24.0,16.66967010498047,600
2013-07-15,24.0,24.0,24.0,24.0,16.66967010498047,0
2013-07-16,24.0,24.0,24.0,24.0,16.66967010498047,0
2013-07-17,23.850000381469727,23.850000381469727,23.850000381469727,23.850000381469727,16.565481185913086,500
2013-07-18,24.0,24.0,24.0,24.0,16.66967010498047,400
2013-07-19,24.0,24.0,24.0,24.0,16.66967010498047,600
2013-07-22,24.0,24.0,24.0,24.0,16.66967010498047,800
2013-07-23,24.0,24.0,24.0,24.0,16.66967010498047,0
2013-07-24,24.0,24.0,24.0,24.0,16.66967010498047,0
2013-07-25,24.0,24.0,24.0,24.0,16.66967010498047,0
2013-07-26,24.0,24.0,24.0,24.0,16.66967010498047,0
2013-07-29,23.75,24.0,23.75,24.0,16.66967010498047,600
2013-07-30,23.5,24.0,23.5,24.0,16.66967010498047,1400
2013-07-31,23.5,23.5,23.5,23.5,16.322383880615234,100
2013-08-01,23.5,23.5,23.5,23.5,16.322383880615234,0
2013-08-02,23.5,23.5,23.5,23.5,16.322383880615234,0
2013-08-05,23.5,23.5,23.5,23.5,16.322383880615234,0
2013-08-06,23.5,23.5,23.5,23.5,16.322383880615234,0
2013-08-07,23.5,23.5,23.5,23.5,16.322383880615234,100
2013-08-08,23.5,23.5,23.5,23.5,16.322383880615234,0
2013-08-09,23.299999237060547,23.299999237060547,23.299999237060547,23.299999237060547,16.183469772338867,200
2013-08-12,23.299999237060547,23.299999237060547,23.25,23.299999237060547,16.183469772338867,44200
2013-08-13,23.299999237060547,23.299999237060547,23.299999237060547,23.299999237060547,16.183469772338867,100
2013-08-14,23.299999237060547,23.299999237060547,23.299999237060547,23.299999237060547,16.183469772338867,1200
2013-08-15,23.25,23.25,23.25,23.25,16.148740768432617,100
2013-08-16,23.25,23.25,23.25,23.25,16.148740768432617,0
2013-08-19,23.100000381469727,23.100000381469727,23.100000381469727,23.100000381469727,16.044553756713867,700
2013-08-20,23.100000381469727,23.100000381469727,23.100000381469727,23.100000381469727,16.044553756713867,0
2013-08-21,23.100000381469727,23.100000381469727,23.100000381469727,23.100000381469727,16.044553756713867,0
2013-08-22,23.100000381469727,23.100000381469727,23.100000381469727,23.100000381469727,16.044553756713867,0
2013-08-23,23.049999237060547,23.469999313354492,23.049999237060547,23.469999313354492,16.30154800415039,300
2013-08-26,23.469999313354492,23.469999313354492,23.469999313354492,23.469999313354492,16.30154800415039,0
2013-08-27,23.049999237060547,23.049999237060547,23.0,23.0,15.975102424621582,600
2013-08-28,23.0,23.0,23.0,23.0,15.975102424621582,0
2013-08-29,23.0,23.0,23.0,23.0,15.975102424621582,0
2013-08-30,23.049999237060547,23.049999237060547,23.049999237060547,23.049999237060547,16.009830474853516,100
2013-09-03,23.299999237060547,23.299999237060547,23.299999237060547,23.299999237060547,16.183469772338867,300
2013-09-04,23.299999237060547,23.299999237060547,23.299999237060547,23.299999237060547,16.183469772338867,0
2013-09-05,23.299999237060547,25.0,23.299999237060547,25.0,17.36424446105957,600
2013-09-06,24.5,24.5,24.5,24.5,17.01695442199707,100
2013-09-09,24.5,24.5,24.5,24.5,17.01695442199707,0
2013-09-10,24.5,24.5,24.5,24.5,17.01695442199707,400
2013-09-11,24.5,24.5,24.5,24.5,17.01695442199707,0
2013-09-12,24.5,24.5,24.5,24.5,17.01695442199707,0
2013-09-13,24.5,24.5,24.5,24.5,17.01695442199707,1000
2013-09-16,24.5,24.5,24.5,24.5,17.01695442199707,1000
2013-09-17,24.5,24.5,24.5,24.5,17.01695442199707,0
2013-09-18,24.5,24.5,23.299999237060547,23.649999618530273,16.426572799682617,800
2013-09-19,23.649999618530273,23.649999618530273,23.649999618530273,23.649999618530273,16.426572799682617,0
2013-09-20,23.649999618530273,23.649999618530273,23.649999618530273,23.649999618530273,16.426572799682617,0
2013-09-23,23.350000381469727,23.350000381469727,23.1299991607666,23.25,16.148740768432617,3900
2013-09-24,23.600000381469727,23.649999618530273,23.600000381469727,23.649999618530273,16.426572799682617,600
2013-09-25,23.5,23.649999618530273,23.5,23.6299991607666,16.566789627075195,2700
2013-09-26,23.6299991607666,23.6299991607666,23.6299991607666,23.6299991607666,16.566789627075195,0
2013-09-27,23.6299991607666,23.6299991607666,23.6299991607666,23.6299991607666,16.566789627075195,0
2013-09-30,23.25,23.25,23.25,23.25,16.300371170043945,100
2013-10-01,23.25,23.25,23.25,23.25,16.300371170043945,0
2013-10-02,23.25,23.25,23.25,23.25,16.300371170043945,0
2013-10-03,23.25,23.25,23.25,23.25,16.300371170043945,0
2013-10-04,23.25,23.25,23.25,23.25,16.300371170043945,0
2013-10-07,23.25,23.25,23.25,23.25,16.300371170043945,0
2013-10-08,23.25,23.25,23.25,23.25,16.300371170043945,0
2013-10-09,24.0,24.0,24.0,24.0,16.826196670532227,200
2013-10-10,24.0,24.0,24.0,24.0,16.826196670532227,0
2013-10-11,24.0,24.200000762939453,24.0,24.200000762939453,16.96641731262207,500
2013-10-14,24.0,24.0,24.0,24.0,16.826196670532227,400
2013-10-15,24.5,24.5,24.0,24.5,17.176742553710938,600
2013-10-16,24.0,24.0,24.0,24.0,16.826196670532227,200
2013-10-17,24.0,24.0,24.0,24.0,16.826196670532227,0
2013-10-18,24.0,24.0,24.0,24.0,16.826196670532227,100
2013-10-21,24.5,24.5,24.5,24.5,17.176742553710938,200
2013-10-22,24.0,24.5,24.0,24.5,17.176742553710938,800
2013-10-23,24.5,24.5,24.5,24.5,17.176742553710938,0
2013-10-24,24.5,24.5,24.5,24.5,17.176742553710938,0
2013-10-25,24.5,24.5,24.5,24.5,17.176742553710938,0
2013-10-28,24.75,24.75,24.549999237060547,24.75,17.352014541625977,700
2013-10-29,24.5,24.75,24.5,24.5,17.176742553710938,1900
2013-10-30,24.5,24.5,24.5,24.5,17.176742553710938,0
2013-10-31,24.5,24.5,24.5,24.5,17.176742553710938,0
2013-11-01,24.799999237060547,25.0,24.799999237060547,25.0,17.527286529541016,900
2013-11-04,25.0,25.0,25.0,25.0,17.527286529541016,0
2013-11-05,25.0,25.0,25.0,25.0,17.527286529541016,0
2013-11-06,25.0,25.0,25.0,25.0,17.527286529541016,0
2013-11-07,24.5,24.5,24.5,24.5,17.176742553710938,200
2013-11-08,24.5,24.5,24.5,24.5,17.176742553710938,0
2013-11-11,24.5,24.5,24.5,24.5,17.176742553710938,0
2013-11-12,24.5,24.5,24.5,24.5,17.176742553710938,0
2013-11-13,24.5,24.5,24.5,24.5,17.176742553710938,0
2013-11-14,24.0,24.989999771118164,24.0,24.989999771118164,17.520273208618164,600
2013-11-15,24.989999771118164,24.989999771118164,24.989999771118164,24.989999771118164,17.520273208618164,0
2013-11-18,24.989999771118164,24.989999771118164,24.989999771118164,24.989999771118164,17.520273208618164,0
2013-11-19,24.989999771118164,24.989999771118164,24.989999771118164,24.989999771118164,17.520273208618164,0
2013-11-20,24.75,24.75,24.75,24.75,17.352014541625977,500
2013-11-21,24.75,24.75,24.75,24.75,17.352014541625977,0
2013-11-22,24.75,24.75,24.75,24.75,17.352014541625977,0
2013-11-25,24.75,24.75,24.75,24.75,17.352014541625977,200
2013-11-26,24.0,24.75,24.0,24.75,17.352014541625977,2300
2013-11-27,24.5,24.950000762939453,24.5,24.950000762939453,17.492237091064453,400
2013-11-29,24.950000762939453,24.950000762939453,24.950000762939453,24.950000762939453,17.492237091064453,0
2013-12-02,24.950000762939453,24.950000762939453,24.950000762939453,24.950000762939453,17.492237091064453,0
2013-12-03,24.25,25.0,24.25,25.0,17.527286529541016,300
2013-12-04,25.0,25.0,25.0,25.0,17.527286529541016,0
2013-12-05,25.0,25.0,25.0,25.0,17.527286529541016,0
2013-12-06,25.0,25.0,25.0,25.0,17.527286529541016,0
2013-12-09,25.0,25.0,25.0,25.0,17.527286529541016,200
2013-12-10,25.0,25.0,24.299999237060547,24.299999237060547,17.036527633666992,2100
2013-12-11,24.299999237060547,24.299999237060547,24.299999237060547,24.299999237060547,17.036527633666992,0
2013-12-12,24.299999237060547,24.299999237060547,24.299999237060547,24.299999237060547,17.036527633666992,0
2013-12-13,24.299999237060547,24.299999237060547,24.299999237060547,24.299999237060547,17.036527633666992,0
2013-12-16,24.5,24.5,24.5,24.5,17.176742553710938,400
2013-12-17,24.299999237060547,24.299999237060547,24.299999237060547,24.299999237060547,17.036527633666992,300
2013-12-18,24.299999237060547,24.299999237060547,24.299999237060547,24.299999237060547,17.036527633666992,0
2013-12-19,24.299999237060547,24.299999237060547,24.299999237060547,24.299999237060547,17.036527633666992,0
2013-12-20,25.0,25.0,25.0,25.0,17.527286529541016,1700
2013-12-23,25.0,25.200000762939453,25.0,25.200000762939453,17.667505264282227,200
2013-12-24,25.200000762939453,25.200000762939453,25.200000762939453,25.200000762939453,17.823102951049805,0
2013-12-26,25.200000762939453,25.200000762939453,25.200000762939453,25.200000762939453,17.823102951049805,0
2013-12-27,24.989999771118164,24.989999771118164,24.989999771118164,24.989999771118164,17.67457389831543,100
2013-12-30,24.299999237060547,24.969999313354492,24.299999237060547,24.969999313354492,17.660436630249023,800
2013-12-31,25.0,25.0,24.959999084472656,25.0,17.681650161743164,1400
2014-01-02,25.0,25.0,25.0,25.0,17.681650161743164,0
2014-01-03,25.0,25.0,25.0,25.0,17.681650161743164,0
2014-01-06,25.200000762939453,25.200000762939453,25.200000762939453,25.200000762939453,17.823102951049805,200
2014-01-07,25.200000762939453,25.200000762939453,25.0,25.0,17.681650161743164,800
2014-01-08,25.0,25.200000762939453,25.0,25.200000762939453,17.823102951049805,500
2014-01-09,25.350000381469727,25.5,25.350000381469727,25.5,18.035280227661133,300
2014-01-10,25.600000381469727,25.600000381469727,25.600000381469727,25.600000381469727,18.106002807617188,100
2014-01-13,25.600000381469727,25.600000381469727,25.600000381469727,25.600000381469727,18.106002807617188,0
2014-01-14,25.600000381469727,25.600000381469727,25.600000381469727,25.600000381469727,18.106002807617188,0
2014-01-15,25.600000381469727,25.600000381469727,25.600000381469727,25.600000381469727,18.106002807617188,0
2014-01-16,25.600000381469727,25.600000381469727,25.600000381469727,25.600000381469727,18.106002807617188,0
2014-01-17,25.600000381469727,25.600000381469727,25.600000381469727,25.600000381469727,18.106002807617188,0
2014-01-21,26.0,26.0,25.600000381469727,25.600000381469727,18.106002807617188,1400
2014-01-22,26.25,26.350000381469727,26.25,26.350000381469727,18.636459350585938,600
2014-01-23,26.350000381469727,26.350000381469727,26.350000381469727,26.350000381469727,18.636459350585938,0
2014-01-24,26.5,26.5,26.5,26.5,18.7425479888916,500
2014-01-27,26.5,26.5,26.5,26.5,18.7425479888916,0
2014-01-28,26.5,26.5,26.5,26.5,18.7425479888916,1000
2014-01-29,26.5,26.5,26.5,26.5,18.7425479888916,600
2014-01-30,26.5,26.5,26.5,26.5,18.7425479888916,0
2014-01-31,26.5,26.5,26.5,26.5,18.7425479888916,0
2014-02-03,26.5,26.5,26.5,26.5,18.7425479888916,0
2014-02-04,26.5,26.5,26.5,26.5,18.7425479888916,0
2014-02-05,26.25,26.25,26.25,26.25,18.56572914123535,100
2014-02-06,25.649999618530273,26.0,25.649999618530273,26.0,18.388919830322266,1100
2014-02-07,26.25,27.200000762939453,26.25,27.200000762939453,19.237634658813477,1600
2014-02-10,27.0,27.0,27.0,27.0,19.09618377685547,100
2014-02-11,27.0,27.0,27.0,27.0,19.09618377685547,0
2014-02-12,26.5,26.5,26.5,26.5,18.7425479888916,200
2014-02-13,26.5,26.5,26.5,26.5,18.7425479888916,0
2014-02-14,27.200000762939453,27.950000762939453,27.200000762939453,27.950000762939453,19.768091201782227,300
2014-02-18,27.0,27.0,27.0,27.0,19.09618377685547,100
2014-02-19,27.0,27.0,27.0,27.0,19.09618377685547,600
2014-02-20,27.0,27.0,27.0,27.0,19.09618377685547,0
2014-02-21,27.0,27.0,27.0,27.0,19.09618377685547,0
2014-02-24,27.0,27.0,27.0,27.0,19.09618377685547,0
2014-02-25,27.0,27.0,27.0,27.0,19.09618377685547,100
2014-02-26,27.0,27.0,27.0,27.0,19.09618377685547,0
2014-02-27,27.0,27.0,26.5,26.5,18.7425479888916,200
2014-02-28,26.5,26.5,26.5,26.5,18.7425479888916,0
2014-03-03,26.5,26.5,26.5,26.5,18.7425479888916,0
2014-03-04,26.280000686645508,26.280000686645508,26.25,26.25,18.56572914123535,900
2014-03-05,26.5,26.530000686645508,26.5,26.530000686645508,18.76376724243164,2300
2014-03-06,26.530000686645508,26.530000686645508,26.530000686645508,26.530000686645508,18.76376724243164,0
2014-03-07,26.530000686645508,26.530000686645508,26.530000686645508,26.530000686645508,18.76376724243164,0
2014-03-10,26.530000686645508,27.0,26.530000686645508,27.0,19.09618377685547,2800
2014-03-11,27.0,27.0,27.0,27.0,19.09618377685547,0
2014-03-12,27.0,27.0,27.0,27.0,19.09618377685547,200
2014-03-13,27.0,27.0,27.0,27.0,19.09618377685547,0
2014-03-14,27.0,27.0,27.0,27.0,19.09618377685547,0
2014-03-17,27.0,27.0,27.0,27.0,19.09618377685547,1300
2014-03-18,27.0,27.0,27.0,27.0,19.09618377685547,0
2014-03-19,27.0,27.0,27.0,27.0,19.09618377685547,100
2014-03-20,27.0,27.0,27.0,27.0,19.09618377685547,0
2014-03-21,27.0,27.0,27.0,27.0,19.09618377685547,0
2014-03-24,27.5,27.5,27.0,27.0,19.09618377685547,2200
2014-03-25,27.0,27.0,27.0,27.0,19.09618377685547,0
2014-03-26,27.0,27.0,27.0,27.0,19.253061294555664,0
2014-03-27,27.0,27.0,27.0,27.0,19.253061294555664,0
2014-03-28,27.0,27.0,27.0,27.0,19.253061294555664,0
2014-03-31,26.530000686645508,26.530000686645508,26.530000686645508,26.530000686645508,18.91791343688965,200
2014-04-01,26.530000686645508,26.530000686645508,26.530000686645508,26.530000686645508,18.91791343688965,0
2014-04-02,26.530000686645508,26.530000686645508,26.530000686645508,26.530000686645508,18.91791343688965,0
2014-04-03,26.530000686645508,26.530000686645508,26.530000686645508,26.530000686645508,18.91791343688965,0
2014-04-04,26.530000686645508,26.530000686645508,26.530000686645508,26.530000686645508,18.91791343688965,0
2014-04-07,26.850000381469727,26.850000381469727,26.75,26.75,19.074787139892578,400
2014-04-08,26.75,26.75,26.75,26.75,19.074787139892578,0
2014-04-09,26.75,26.899999618530273,26.75,26.899999618530273,19.181753158569336,2000
2014-04-10,26.899999618530273,26.899999618530273,26.899999618530273,26.899999618530273,19.181753158569336,0
2014-04-11,26.899999618530273,26.899999618530273,26.899999618530273,26.899999618530273,19.181753158569336,0
2014-04-14,26.75,26.75,26.75,26.75,19.074787139892578,600
2014-04-15,26.75,26.75,26.600000381469727,26.600000381469727,18.967830657958984,2100
2014-04-16,26.600000381469727,26.600000381469727,26.600000381469727,26.600000381469727,18.967830657958984,100
2014-04-17,26.530000686645508,26.530000686645508,26.530000686645508,26.530000686645508,18.91791343688965,100
2014-04-21,26.530000686645508,26.530000686645508,26.5,26.5,18.89651870727539,200
2014-04-22,26.600000381469727,26.600000381469727,26.600000381469727,26.600000381469727,18.967830657958984,400
2014-04-23,26.5,26.5,26.5,26.5,18.89651870727539,500
2014-04-24,26.5,26.5,26.25,26.25,18.718250274658203,300
2014-04-25,26.25,26.25,26.229999542236328,26.229999542236328,18.7039852142334,200
2014-04-28,26.5,26.5,26.5,26.5,18.89651870727539,100
2014-04-29,26.5,26.5,26.149999618530273,26.25,18.718250274658203,700
2014-04-30,26.149999618530273,26.149999618530273,26.149999618530273,26.149999618530273,18.646944046020508,100
2014-05-01,26.459999084472656,26.459999084472656,26.459999084472656,26.459999084472656,18.867998123168945,200
2014-05-02,26.459999084472656,26.459999084472656,26.459999084472656,26.459999084472656,18.867998123168945,0
2014-05-05,26.459999084472656,26.459999084472656,26.459999084472656,26.459999084472656,18.867998123168945,200
2014-05-06,26.270000457763672,26.270000457763672,25.1299991607666,25.1299991607666,17.919601440429688,2100
2014-05-07,25.1299991607666,25.1299991607666,25.1299991607666,25.1299991607666,17.919601440429688,0
2014-05-08,25.1299991607666,25.1299991607666,25.1299991607666,25.1299991607666,17.919601440429688,0
2014-05-09,25.350000381469727,25.739999771118164,25.350000381469727,25.739999771118164,18.354583740234375,300
2014-05-12,25.350000381469727,25.350000381469727,24.8799991607666,24.8799991607666,17.7413330078125,500
2014-05-13,24.8799991607666,24.8799991607666,24.8799991607666,24.8799991607666,17.7413330078125,0
2014-05-14,24.8799991607666,24.8799991607666,24.8799991607666,24.8799991607666,17.7413330078125,0
2014-05-15,25.0,25.0,25.0,25.0,17.8269100189209,500
2014-05-16,25.25,25.25,25.25,25.25,18.005178451538086,600
2014-05-19,25.0,25.0,25.0,25.0,17.8269100189209,300
2014-05-20,25.0,25.0,25.0,25.0,17.8269100189209,0
2014-05-21,25.0,25.0,25.0,25.0,17.8269100189209,0
2014-05-22,25.399999618530273,25.399999618530273,25.399999618530273,25.399999618530273,18.112138748168945,100
2014-05-23,25.450000762939453,25.5,25.25,25.5,18.183443069458008,7700
2014-05-27,25.75,25.75,25.75,25.75,18.36170768737793,600
2014-05-28,25.75,25.75,25.75,25.75,18.36170768737793,0
2014-05-29,26.0,26.0,26.0,26.0,18.53998565673828,300
2014-05-30,26.0,26.0,26.0,26.0,18.53998565673828,0
2014-06-02,26.0,26.0,26.0,26.0,18.53998565673828,0
2014-06-03,26.0,26.0,26.0,26.0,18.53998565673828,0
2014-06-04,26.0,26.0,26.0,26.0,18.53998565673828,0
2014-06-05,26.100000381469727,26.100000381469727,25.0,25.0,17.8269100189209,5600
2014-06-06,25.100000381469727,25.100000381469727,25.100000381469727,25.100000381469727,17.89820671081543,500
2014-06-09,25.100000381469727,25.100000381469727,25.100000381469727,25.100000381469727,17.89820671081543,0
2014-06-10,25.5,25.75,25.5,25.700000762939453,18.326059341430664,1600
2014-06-11,25.700000762939453,25.700000762939453,25.700000762939453,25.700000762939453,18.326059341430664,0
2014-06-12,25.700000762939453,25.700000762939453,25.700000762939453,25.700000762939453,18.326059341430664,0
2014-06-13,26.0,26.0,26.0,26.0,18.53998565673828,5500
2014-06-16,26.0,26.0,26.0,26.0,18.53998565673828,200
2014-06-17,26.5,26.5,26.5,26.5,18.89651870727539,800
2014-06-18,26.5,26.5,26.5,26.5,18.89651870727539,0
2014-06-19,26.5,26.5,26.0,26.0,18.53998565673828,2000
2014-06-20,26.5,26.5,26.5,26.5,18.89651870727539,1900
2014-06-23,26.5,26.5,26.5,26.5,18.89651870727539,0
2014-06-24,26.5,26.5,26.5,26.5,18.89651870727539,500
2014-06-25,26.5,26.5,26.5,26.5,19.076486587524414,500
2014-06-26,26.5,26.5,26.5,26.5,19.076486587524414,0
2014-06-27,26.0,26.5,25.25,26.5,19.076486587524414,400
2014-06-30,26.5,26.5,26.5,26.5,19.076486587524414,0
2014-07-01,26.489999771118164,26.5,26.489999771118164,26.5,19.076486587524414,300
2014-07-02,26.5,26.5,26.5,26.5,19.076486587524414,1000
2014-07-03,26.5,26.5,26.5,26.5,19.076486587524414,0
2014-07-07,26.5,26.5,26.5,26.5,19.076486587524414,1500
2014-07-08,26.5,26.5,26.5,26.5,19.076486587524414,0
2014-07-09,26.5,26.5,26.5,26.5,19.076486587524414,0
2014-07-10,26.5,26.5,26.5,26.5,19.076486587524414,0
2014-07-11,27.100000381469727,27.100000381469727,27.100000381469727,27.100000381469727,19.50840950012207,300
2014-07-14,27.100000381469727,27.100000381469727,27.100000381469727,27.100000381469727,19.50840950012207,400
2014-07-15,27.100000381469727,27.100000381469727,27.0,27.0,19.436426162719727,400
2014-07-16,27.0,27.0,27.0,27.0,19.436426162719727,0
2014-07-17,27.0,27.0,27.0,27.0,19.436426162719727,0
2014-07-18,26.700000762939453,26.700000762939453,26.700000762939453,26.700000762939453,19.220457077026367,1100
2014-07-21,26.700000762939453,26.700000762939453,26.700000762939453,26.700000762939453,19.220457077026367,0
2014-07-22,26.700000762939453,26.700000762939453,26.700000762939453,26.700000762939453,19.220457077026367,0
2014-07-23,26.700000762939453,26.700000762939453,26.700000762939453,26.700000762939453,19.220457077026367,0
2014-07-24,26.700000762939453,26.700000762939453,25.15999984741211,26.600000381469727,19.148473739624023,1200
2014-07-25,26.600000381469727,26.600000381469727,26.600000381469727,26.600000381469727,19.148473739624023,0
2014-07-28,26.299999237060547,26.700000762939453,26.299999237060547,26.700000762939453,19.220457077026367,1000
2014-07-29,26.700000762939453,26.700000762939453,26.700000762939453,26.700000762939453,19.220457077026367,0
2014-07-30,26.700000762939453,26.700000762939453,26.700000762939453,26.700000762939453,19.220457077026367,0
2014-07-31,26.75,26.75,26.75,26.75,19.256458282470703,100
2014-08-01,26.75,26.75,26.75,26.75,19.256458282470703,0
2014-08-04,26.75,26.75,26.75,26.75,19.256458282470703,1400
2014-08-05,26.75,26.75,26.75,26.75,19.256458282470703,0
2014-08-06,26.0,26.0,26.0,26.0,18.716556549072266,10200
2014-08-07,26.25,26.25,26.25,26.25,18.89651870727539,9400
2014-08-08,26.0,26.0,26.0,26.0,18.716556549072266,100
2014-08-11,26.239999771118164,26.239999771118164,26.0,26.0,18.716556549072266,1100
2014-08-12,26.0,26.0,26.0,26.0,18.716556549072266,0
2014-08-13,26.0,26.0,26.0,26.0,18.716556549072266,0
2014-08-14,26.25,26.25,26.25,26.25,18.89651870727539,1100
2014-08-15,26.25,26.25,26.25,26.25,18.89651870727539,100
2014-08-18,26.25,26.25,26.25,26.25,18.89651870727539,0
2014-08-19,26.25,26.25,26.25,26.25,18.89651870727539,1100
2014-08-20,26.25,26.25,26.25,26.25,18.89651870727539,0
2014-08-21,26.25,26.25,26.25,26.25,18.89651870727539,100
2014-08-22,26.25,26.25,26.25,26.25,18.89651870727539,600
2014-08-25,26.25,26.25,26.25,26.25,18.89651870727539,0
2014-08-26,26.25,26.25,26.25,26.25,18.89651870727539,0
2014-08-27,26.25,26.25,26.25,26.25,18.89651870727539,0
2014-08-28,26.25,26.25,26.25,26.25,18.89651870727539,0
2014-08-29,26.25,26.25,26.25,26.25,18.89651870727539,0
2014-09-02,26.25,26.25,26.25,26.25,18.89651870727539,0
2014-09-03,26.0,26.0,26.0,26.0,18.716556549072266,300
2014-09-04,26.0,26.0,26.0,26.0,18.716556549072266,0
2014-09-05,25.75,25.75,25.75,25.75,18.53658676147461,1100
2014-09-08,25.75,25.75,25.75,25.75,18.53658676147461,0
2014-09-09,25.75,25.75,25.75,25.75,18.53658676147461,900
2014-09-10,25.75,25.75,25.75,25.75,18.53658676147461,0
2014-09-11,25.75,25.75,25.75,25.75,18.53658676147461,100
2014-09-12,25.75,25.75,25.75,25.75,18.53658676147461,600
2014-09-15,25.75,25.75,25.75,25.75,18.53658676147461,800
2014-09-16,25.75,25.75,25.75,25.75,18.53658676147461,0
2014-09-17,25.75,25.75,25.75,25.75,18.53658676147461,0
2014-09-18,25.75,25.75,25.75,25.75,18.53658676147461,300
2014-09-19,25.75,25.75,25.75,25.75,18.53658676147461,0
2014-09-22,25.75,25.75,25.75,25.75,18.53658676147461,0
2014-09-23,25.75,25.75,25.75,25.75,18.53658676147461,0
2014-09-24,25.75,25.75,25.75,25.75,18.71831703186035,0
2014-09-25,25.75,25.75,25.75,25.75,18.71831703186035,0
2014-09-26,25.75,25.75,25.75,25.75,18.71831703186035,0
2014-09-29,25.75,25.75,25.75,25.75,18.71831703186035,100
2014-09-30,25.75,25.75,25.75,25.75,18.71831703186035,200
2014-10-01,25.75,25.75,25.75,25.75,18.71831703186035,0
2014-10-02,25.729999542236328,25.75,25.729999542236328,25.75,18.71831703186035,500
2014-10-03,25.75,25.75,25.75,25.75,18.71831703186035,500
2014-10-06,25.75,25.75,25.75,25.75,18.71831703186035,1000
2014-10-07,25.75,25.75,25.75,25.75,18.71831703186035,600
2014-10-08,25.75,25.75,25.75,25.75,18.71831703186035,0
2014-10-09,25.75,25.75,25.75,25.75,18.71831703186035,0
2014-10-10,25.75,25.75,25.75,25.75,18.71831703186035,0
2014-10-13,25.75,25.75,25.75,25.75,18.71831703186035,1000
2014-10-14,25.75,25.75,25.75,25.75,18.71831703186035,0
2014-10-15,25.649999618530273,25.649999618530273,25.649999618530273,25.649999618530273,18.6456241607666,1000
2014-10-16,25.649999618530273,25.649999618530273,25.649999618530273,25.649999618530273,18.6456241607666,0
2014-10-17,25.649999618530273,25.649999618530273,25.649999618530273,25.649999618530273,18.6456241607666,0
2014-10-20,25.649999618530273,25.649999618530273,25.649999618530273,25.649999618530273,18.6456241607666,0
2014-10-21,25.65999984741211,25.65999984741211,25.649999618530273,25.649999618530273,18.6456241607666,500
2014-10-22,25.739999771118164,25.75,25.739999771118164,25.75,18.71831703186035,1200
2014-10-23,25.649999618530273,25.649999618530273,25.15999984741211,25.15999984741211,18.289430618286133,1600
2014-10-24,25.5,25.5,25.200000762939453,25.200000762939453,18.31850242614746,600
2014-10-27,25.200000762939453,25.200000762939453,25.200000762939453,25.200000762939453,18.31850242614746,0
2014-10-28,25.200000762939453,25.200000762939453,25.200000762939453,25.200000762939453,18.31850242614746,0
2014-10-29,25.75,26.0,25.75,26.0,18.90005111694336,1800
2014-10-30,26.0,26.0,26.0,26.0,18.90005111694336,0
2014-10-31,26.0,26.0,26.0,26.0,18.90005111694336,0
2014-11-03,26.0,26.0,26.0,26.0,18.90005111694336,0
2014-11-04,26.0,26.0,26.0,26.0,18.90005111694336,0
2014-11-05,26.0,26.0,26.0,26.0,18.90005111694336,0
2014-11-06,25.5,25.5,25.5,25.5,18.536588668823242,200
2014-11-07,26.0,26.0,26.0,26.0,18.90005111694336,900
2014-11-10,26.0,26.0,26.0,26.0,18.90005111694336,1400
2014-11-11,26.0,26.25,26.0,26.25,19.08177375793457,400
2014-11-12,26.600000381469727,26.600000381469727,26.350000381469727,26.350000381469727,19.15447998046875,600
2014-11-13,26.350000381469727,26.350000381469727,26.350000381469727,26.350000381469727,19.15447998046875,0
2014-11-14,26.350000381469727,26.350000381469727,26.049999237060547,26.350000381469727,19.15447998046875,2400
2014-11-17,26.350000381469727,26.350000381469727,26.350000381469727,26.350000381469727,19.15447998046875,0
2014-11-18,26.350000381469727,26.350000381469727,26.350000381469727,26.350000381469727,19.15447998046875,0
2014-11-19,26.350000381469727,26.350000381469727,26.350000381469727,26.350000381469727,19.15447998046875,100
2014-11-20,26.350000381469727,26.350000381469727,26.350000381469727,26.350000381469727,19.15447998046875,0
2014-11-21,26.350000381469727,26.350000381469727,26.350000381469727,26.350000381469727,19.15447998046875,200
2014-11-24,26.350000381469727,26.350000381469727,26.350000381469727,26.350000381469727,19.15447998046875,0
2014-11-25,26.350000381469727,26.350000381469727,26.350000381469727,26.350000381469727,19.15447998046875,0
2014-11-26,26.350000381469727,26.350000381469727,26.350000381469727,26.350000381469727,19.15447998046875,0
2014-11-28,26.350000381469727,26.350000381469727,26.350000381469727,26.350000381469727,19.15447998046875,0
2014-12-01,26.25,26.350000381469727,26.0,26.0,18.90005111694336,700
2014-12-02,26.0,26.0,26.0,26.0,18.90005111694336,0
2014-12-03,26.0,26.0,26.0,26.0,18.90005111694336,200
2014-12-04,26.5,26.5,26.5,26.5,19.263511657714844,300
2014-12-05,26.5,26.5,26.5,26.5,19.263511657714844,0
2014-12-08,26.5,26.5,26.5,26.5,19.263511657714844,300
2014-12-09,26.5,26.5,26.5,26.5,19.263511657714844,0
2014-12-10,26.5,26.5,26.5,26.5,19.263511657714844,0
2014-12-11,26.5,26.5,26.5,26.5,19.263511657714844,0
2014-12-12,26.5,26.5,26.5,26.5,19.263511657714844,0
2014-12-15,26.5,26.5,26.5,26.5,19.263511657714844,0
2014-12-16,26.309999465942383,26.309999465942383,26.309999465942383,26.309999465942383,19.125394821166992,200
2014-12-17,26.31999969482422,26.31999969482422,26.299999237060547,26.299999237060547,19.11812400817871,2200
2014-12-18,26.299999237060547,26.299999237060547,26.299999237060547,26.299999237060547,19.11812400817871,0
2014-12-19,26.299999237060547,26.299999237060547,26.299999237060547,26.299999237060547,19.11812400817871,0
2014-12-22,26.399999618530273,26.5,26.25,26.25,19.08177375793457,6300
2014-12-23,26.25,26.25,26.25,26.25,19.265254974365234,0
2014-12-24,26.309999465942383,26.309999465942383,26.309999465942383,26.309999465942383,19.309293746948242,100
2014-12-26,26.309999465942383,26.309999465942383,26.299999237060547,26.299999237060547,19.30194854736328,1000
2014-12-29,26.299999237060547,26.299999237060547,26.299999237060547,26.299999237060547,19.30194854736328,0
2014-12-30,26.350000381469727,26.5,26.350000381469727,26.5,19.44873809814453,1000
2014-12-31,26.5,26.5,26.5,26.5,19.44873809814453,300
2015-01-02,26.5,26.5,26.5,26.5,19.44873809814453,0
2015-01-05,26.75,26.75,26.75,26.75,19.632221221923828,500
2015-01-06,26.75,26.75,26.5,26.5,19.44873809814453,800
2015-01-07,26.75,26.75,26.75,26.75,19.632221221923828,400
2015-01-08,26.75,26.75,26.75,26.75,19.632221221923828,0
2015-01-09,27.25,27.25,27.25,27.25,19.999170303344727,900
2015-01-12,27.5,27.5,27.5,27.5,20.182653427124023,100
2015-01-13,27.25,27.25,27.25,27.25,19.999170303344727,1700
2015-01-14,27.25,27.25,27.25,27.25,19.999170303344727,0
2015-01-15,27.25,27.25,27.25,27.25,19.999170303344727,0
2015-01-16,27.25,27.25,27.25,27.25,19.999170303344727,0
2015-01-20,27.25,27.25,27.25,27.25,19.999170303344727,0
2015-01-21,27.25,27.25,27.25,27.25,19.999170303344727,0
2015-01-22,27.25,27.25,27.25,27.25,19.999170303344727,0
2015-01-23,27.0,27.0,27.0,27.0,19.815696716308594,300
2015-01-26,27.0,27.0,27.0,27.0,19.815696716308594,0
2015-01-27,27.5,27.5,27.5,27.5,20.182653427124023,100
2015-01-28,27.5,28.0,27.5,27.75,20.36612892150879,1200
2015-01-29,27.75,27.75,27.75,27.75,20.36612892150879,0
2015-01-30,27.75,27.75,27.75,27.75,20.36612892150879,0
2015-02-02,27.75,27.75,27.75,27.75,20.36612892150879,0
2015-02-03,27.5,27.5,27.5,27.5,20.182653427124023,100
2015-02-04,27.5,27.5,27.5,27.5,20.182653427124023,0
2015-02-05,27.5,27.5,27.5,27.5,20.182653427124023,0
2015-02-06,27.5,27.5,27.5,27.5,20.182653427124023,900
2015-02-09,27.5,27.5,27.5,27.5,20.182653427124023,200
2015-02-10,27.5,27.5,27.5,27.5,20.182653427124023,0
2015-02-11,27.5,27.5,27.5,27.5,20.182653427124023,0
2015-02-12,27.5,27.5,27.5,27.5,20.182653427124023,0
2015-02-13,27.5,27.5,27.5,27.5,20.182653427124023,0
2015-02-17,27.5,27.5,27.5,27.5,20.182653427124023,0
2015-02-18,27.5,27.5,27.5,27.5,20.182653427124023,0
2015-02-19,27.5,27.5,27.5,27.5,20.182653427124023,0
2015-02-20,27.5,27.5,27.0,27.0,19.815696716308594,200
2015-02-23,27.0,27.0,27.0,27.0,19.815696716308594,0
2015-02-24,27.0,27.0,27.0,27.0,19.815696716308594,0
2015-02-25,27.25,27.25,27.25,27.25,19.999170303344727,300
2015-02-26,27.25,27.25,27.25,27.25,19.999170303344727,0
2015-02-27,27.0,27.0,27.0,27.0,19.815696716308594,400
2015-03-02,27.0,27.0,27.0,27.0,19.815696716308594,600
2015-03-03,27.0,27.0,27.0,27.0,19.815696716308594,1000
2015-03-04,27.0,27.0,27.0,27.0,19.815696716308594,300
2015-03-05,26.75,26.75,26.56999969482422,26.649999618530273,19.55882453918457,1300
2015-03-06,26.899999618530273,26.899999618530273,26.899999618530273,26.899999618530273,19.742305755615234,300
2015-03-09,26.899999618530273,26.899999618530273,26.899999618530273,26.899999618530273,19.742305755615234,800
2015-03-10,26.75,26.75,26.75,26.75,19.632221221923828,400
2015-03-11,26.899999618530273,27.0,26.899999618530273,27.0,19.815696716308594,300
2015-03-12,27.0,27.0,27.0,27.0,19.815696716308594,0
2015-03-13,26.600000381469727,26.600000381469727,26.5,26.549999237060547,19.485431671142578,2200
2015-03-16,26.549999237060547,26.549999237060547,26.549999237060547,26.549999237060547,19.485431671142578,500
2015-03-17,26.549999237060547,26.549999237060547,26.549999237060547,26.549999237060547,19.485431671142578,0
2015-03-18,26.950000762939453,26.950000762939453,26.950000762939453,26.950000762939453,19.779003143310547,100
2015-03-19,26.950000762939453,26.950000762939453,26.950000762939453,26.950000762939453,19.779003143310547,0
2015-03-20,26.989999771118164,27.0,26.989999771118164,27.0,19.815696716308594,1800
2015-03-23,27.149999618530273,27.25,27.149999618530273,27.25,19.999170303344727,400
2015-03-24,27.25,27.5,27.0,27.5,20.182653427124023,4400
2015-03-25,27.350000381469727,27.350000381469727,27.350000381469727,27.350000381469727,20.256717681884766,200
2015-03-26,27.350000381469727,27.350000381469727,27.350000381469727,27.350000381469727,20.256717681884766,100
2015-03-27,27.350000381469727,27.5,27.350000381469727,27.350000381469727,20.256717681884766,2800
2015-03-30,27.350000381469727,27.350000381469727,27.350000381469727,27.350000381469727,20.256717681884766,0
2015-03-31,27.350000381469727,27.350000381469727,27.350000381469727,27.350000381469727,20.256717681884766,300
2015-04-01,27.350000381469727,27.350000381469727,27.350000381469727,27.350000381469727,20.256717681884766,0
2015-04-02,27.25,27.25,27.0,27.0,19.997493743896484,1900
2015-04-06,27.0,27.0,27.0,27.0,19.997493743896484,0
2015-04-07,27.25,27.25,27.0,27.0,19.997493743896484,800
2015-04-08,27.0,27.0,27.0,27.0,19.997493743896484,0
2015-04-09,26.75,27.239999771118164,26.700000762939453,27.239999771118164,20.175249099731445,4300
2015-04-10,27.200000762939453,27.200000762939453,26.850000381469727,27.200000762939453,20.145618438720703,400
2015-04-13,26.899999618530273,26.899999618530273,26.899999618530273,26.899999618530273,19.92342758178711,100
2015-04-14,26.780000686645508,26.780000686645508,26.780000686645508,26.780000686645508,19.83455467224121,600
2015-04-15,26.780000686645508,27.0,26.780000686645508,26.780000686645508,19.83455467224121,2800
2015-04-16,26.780000686645508,26.780000686645508,26.780000686645508,26.780000686645508,19.83455467224121,0
2015-04-17,26.899999618530273,26.899999618530273,26.899999618530273,26.899999618530273,19.92342758178711,100
2015-04-20,26.899999618530273,26.899999618530273,26.899999618530273,26.899999618530273,19.92342758178711,0
2015-04-21,26.899999618530273,26.899999618530273,26.899999618530273,26.899999618530273,19.92342758178711,0
2015-04-22,26.899999618530273,26.899999618530273,26.899999618530273,26.899999618530273,19.92342758178711,0
2015-04-23,26.899999618530273,26.899999618530273,26.899999618530273,26.899999618530273,19.92342758178711,200
2015-04-24,26.899999618530273,26.899999618530273,26.899999618530273,26.899999618530273,19.92342758178711,100
2015-04-27,26.899999618530273,26.899999618530273,26.899999618530273,26.899999618530273,19.92342758178711,100
2015-04-28,26.899999618530273,26.899999618530273,26.899999618530273,26.899999618530273,19.92342758178711,300
2015-04-29,26.559999465942383,26.600000381469727,26.549999237060547,26.600000381469727,19.70123291015625,900
2015-04-30,26.700000762939453,26.850000381469727,26.700000762939453,26.850000381469727,19.886398315429688,200
2015-05-01,26.649999618530273,26.850000381469727,26.649999618530273,26.850000381469727,19.886398315429688,500
2015-05-04,26.850000381469727,26.850000381469727,26.75,26.75,19.812332153320312,400
2015-05-05,26.75,26.75,26.75,26.75,19.812332153320312,0
2015-05-06,26.850000381469727,26.850000381469727,26.850000381469727,26.850000381469727,19.886398315429688,400
2015-05-07,26.850000381469727,26.850000381469727,26.850000381469727,26.850000381469727,19.886398315429688,400
2015-05-08,26.850000381469727,26.850000381469727,26.850000381469727,26.850000381469727,19.886398315429688,0
2015-05-11,26.850000381469727,26.850000381469727,26.850000381469727,26.850000381469727,19.886398315429688,0
2015-05-12,26.899999618530273,26.899999618530273,26.649999618530273,26.649999618530273,19.738262176513672,500
2015-05-13,26.649999618530273,26.649999618530273,26.649999618530273,26.649999618530273,19.738262176513672,0
2015-05-14,26.649999618530273,26.649999618530273,26.649999618530273,26.649999618530273,19.738262176513672,0
2015-05-15,26.899999618530273,26.899999618530273,26.850000381469727,26.850000381469727,19.886398315429688,3200
2015-05-18,26.899999618530273,26.899999618530273,26.899999618530273,26.899999618530273,19.92342758178711,600
2015-05-19,26.899999618530273,26.899999618530273,26.899999618530273,26.899999618530273,19.92342758178711,0
2015-05-20,26.899999618530273,26.899999618530273,26.899999618530273,26.899999618530273,19.92342758178711,0
2015-05-21,26.899999618530273,26.899999618530273,26.899999618530273,26.899999618530273,19.92342758178711,0
2015-05-22,27.25,27.25,27.25,27.25,20.18265151977539,1900
2015-05-26,27.25,27.25,27.25,27.25,20.18265151977539,0
2015-05-27,26.899999618530273,26.899999618530273,26.899999618530273,26.899999618530273,19.92342758178711,300
2015-05-28,26.899999618530273,26.899999618530273,26.899999618530273,26.899999618530273,19.92342758178711,0
2015-05-29,26.899999618530273,26.899999618530273,26.899999618530273,26.899999618530273,19.92342758178711,2400
2015-06-01,26.899999618530273,26.899999618530273,26.899999618530273,26.899999618530273,19.92342758178711,0
2015-06-02,26.850000381469727,26.850000381469727,26.5,26.5,19.627166748046875,2000
2015-06-03,26.5,26.5,26.5,26.5,19.627166748046875,1700
2015-06-04,26.5,26.5,26.5,26.5,19.627166748046875,400
2015-06-05,26.5,26.5,26.5,26.5,19.627166748046875,0
2015-06-08,26.5,26.5,26.5,26.5,19.627166748046875,0
2015-06-09,26.5,26.5,26.5,26.5,19.627166748046875,0
2015-06-10,26.5,26.5,26.5,26.5,19.627166748046875,0
2015-06-11,26.5,26.5,26.5,26.5,19.627166748046875,1000
2015-06-12,26.5,26.5,26.5,26.5,19.627166748046875,0
2015-06-15,26.5,26.5,26.5,26.5,19.627166748046875,0
2015-06-16,26.5,26.5,26.5,26.5,19.627166748046875,0
2015-06-17,26.5,26.5,26.5,26.5,19.627166748046875,900
2015-06-18,26.5,26.5,26.5,26.5,19.627166748046875,0
2015-06-19,26.5,26.5,26.5,26.5,19.627166748046875,0
2015-06-22,26.75,26.75,26.350000381469727,26.399999618530273,19.553104400634766,4700
2015-06-23,26.969999313354492,26.969999313354492,26.969999313354492,26.969999313354492,19.97527313232422,100
2015-06-24,26.649999618530273,26.649999618530273,26.649999618530273,26.649999618530273,19.738262176513672,3000
2015-06-25,26.969999313354492,27.09000015258789,26.969999313354492,27.0,19.997493743896484,400
2015-06-26,27.0,27.0,27.0,27.0,19.997493743896484,1000
2015-06-29,26.75,26.75,26.75,26.75,19.812332153320312,400
2015-06-30,27.399999618530273,27.399999618530273,26.549999237060547,26.549999237060547,19.864704132080078,400
2015-07-01,26.549999237060547,26.549999237060547,26.549999237060547,26.549999237060547,19.864704132080078,0
2015-07-02,26.5,26.5,26.5,26.5,19.82729721069336,300
2015-07-06,26.5,26.5,26.5,26.5,19.82729721069336,0
2015-07-07,26.5,27.049999237060547,26.489999771118164,27.049999237060547,20.238801956176758,1500
2015-07-08,27.049999237060547,27.049999237060547,27.049999237060547,27.049999237060547,20.238801956176758,0
2015-07-09,27.100000381469727,27.100000381469727,26.25,26.25,19.640241622924805,2500
2015-07-10,26.25,26.25,26.25,26.25,19.640241622924805,0
2015-07-13,26.25,26.25,26.25,26.25,19.640241622924805,0
2015-07-14,26.75,26.75,26.75,26.75,20.01434326171875,100
2015-07-15,26.75,27.0,26.75,27.0,20.20139503479004,1900
2015-07-16,27.0,27.0,27.0,27.0,20.20139503479004,0
2015-07-17,27.0,27.0,27.0,27.0,20.20139503479004,400
2015-07-20,27.0,27.0,27.0,27.0,20.20139503479004,400
2015-07-21,27.100000381469727,27.100000381469727,26.899999618530273,26.899999618530273,20.126571655273438,4800
2015-07-22,27.100000381469727,27.299999237060547,27.100000381469727,27.299999237060547,20.425853729248047,200
2015-07-23,27.299999237060547,27.299999237060547,27.299999237060547,27.299999237060547,20.425853729248047,0
2015-07-24,27.020000457763672,27.020000457763672,27.010000228881836,27.010000228881836,20.208873748779297,2400
2015-07-27,27.15999984741211,27.15999984741211,26.600000381469727,26.600000381469727,19.902114868164062,1000
2015-07-28,26.600000381469727,26.600000381469727,26.600000381469727,26.600000381469727,19.902114868164062,0
2015-07-29,26.670000076293945,26.940000534057617,26.350000381469727,26.940000534057617,20.156497955322266,600
2015-07-30,26.600000381469727,26.600000381469727,26.600000381469727,26.600000381469727,19.902114868164062,10000
2015-07-31,26.75,27.299999237060547,26.75,27.299999237060547,20.425853729248047,1100
2015-08-03,27.299999237060547,27.299999237060547,27.299999237060547,27.299999237060547,20.425853729248047,0
2015-08-04,26.75,27.200000762939453,26.75,27.200000762939453,20.351030349731445,300
2015-08-05,27.299999237060547,27.5,27.299999237060547,27.5,20.57548713684082,1500
2015-08-06,27.5,27.5,27.5,27.5,20.57548713684082,300
2015-08-07,27.5,27.549999237060547,27.5,27.549999237060547,20.61290168762207,600
2015-08-10,27.549999237060547,27.899999618530273,27.549999237060547,27.899999618530273,20.874773025512695,300
2015-08-11,27.899999618530273,27.899999618530273,27.899999618530273,27.899999618530273,20.874773025512695,0
2015-08-12,28.0,28.0,28.0,28.0,20.949594497680664,200
2015-08-13,29.25,29.25,28.5,28.5,21.32369041442871,300
2015-08-14,28.0,28.0,28.0,28.0,20.949594497680664,1000
2015-08-17,28.0,28.0,28.0,28.0,20.949594497680664,0
2015-08-18,31.989999771118164,31.989999771118164,31.989999771118164,31.989999771118164,23.934907913208008,100
2015-08-19,28.0,28.0,28.0,28.0,20.949594497680664,100
2015-08-20,28.0,28.0,28.0,28.0,20.949594497680664,100
2015-08-21,27.440000534057617,28.0,27.440000534057617,28.0,20.949594497680664,900
2015-08-24,28.0,28.0,28.0,28.0,20.949594497680664,0
2015-08-25,28.0,28.0,28.0,28.0,20.949594497680664,1000
2015-08-26,28.0,28.0,28.0,28.0,20.949594497680664,0
2015-08-27,28.0,28.0,28.0,28.0,20.949594497680664,600
2015-08-28,27.3799991607666,27.549999237060547,27.3799991607666,27.549999237060547,20.61290168762207,1500
2015-08-31,27.549999237060547,27.549999237060547,27.549999237060547,27.549999237060547,20.61290168762207,0
2015-09-01,28.0,28.0,28.0,28.0,20.949594497680664,100
2015-09-02,28.0,28.0,28.0,28.0,20.949594497680664,0
2015-09-03,28.0,28.0,28.0,28.0,20.949594497680664,0
2015-09-04,28.0,28.0,28.0,28.0,20.949594497680664,0
2015-09-08,28.0,28.0,28.0,28.0,20.949594497680664,0
2015-09-09,28.0,28.0,28.0,28.0,20.949594497680664,0
2015-09-10,28.75,28.75,28.75,28.75,21.510744094848633,200
2015-09-11,28.75,28.75,28.75,28.75,21.510744094848633,1100
2015-09-14,28.75,28.75,28.75,28.75,21.510744094848633,1600
2015-09-15,28.75,28.75,28.75,28.75,21.510744094848633,0
2015-09-16,28.75,28.75,28.75,28.75,21.510744094848633,0
2015-09-17,28.75,28.75,28.75,28.75,21.510744094848633,0
2015-09-18,28.75,28.75,28.75,28.75,21.510744094848633,0
2015-09-21,29.75,29.75,29.75,29.75,22.258947372436523,400
2015-09-22,29.75,29.75,29.75,29.75,22.258947372436523,0
2015-09-23,29.75,29.75,29.75,29.75,22.462806701660156,0
2015-09-24,29.75,29.75,29.100000381469727,29.100000381469727,21.972023010253906,1800
2015-09-25,29.100000381469727,29.100000381469727,29.100000381469727,29.100000381469727,21.972023010253906,100
2015-09-28,29.100000381469727,29.100000381469727,29.049999237060547,29.049999237060547,21.93427276611328,300
2015-09-29,29.049999237060547,29.049999237060547,29.049999237060547,29.049999237060547,21.93427276611328,0
2015-09-30,29.0,29.75,29.0,29.75,22.462806701660156,700
2015-10-01,29.5,30.0,29.5,30.0,22.651573181152344,2000
2015-10-02,29.75,29.799999237060547,29.75,29.799999237060547,22.500558853149414,300
2015-10-05,29.799999237060547,29.799999237060547,29.799999237060547,29.799999237060547,22.500558853149414,100
2015-10-06,29.799999237060547,29.799999237060547,29.799999237060547,29.799999237060547,22.500558853149414,0
2015-10-07,30.0,30.0,30.0,30.0,22.651573181152344,1000
2015-10-08,29.5,29.5,29.5,29.5,22.274044036865234,500
2015-10-09,30.0,30.0,30.0,30.0,22.651573181152344,800
2015-10-12,30.0,30.0,30.0,30.0,22.651573181152344,0
2015-10-13,30.100000381469727,30.100000381469727,30.0,30.010000228881836,22.659122467041016,1900
2015-10-14,30.049999237060547,30.049999237060547,30.0,30.0,22.651573181152344,900
2015-10-15,30.0,30.0,30.0,30.0,22.651573181152344,1000
2015-10-16,29.950000762939453,30.190000534057617,29.950000762939453,30.190000534057617,22.795028686523438,500
2015-10-19,30.190000534057617,30.190000534057617,30.190000534057617,30.190000534057617,22.795028686523438,0
2015-10-20,29.809999465942383,30.0,29.809999465942383,29.899999618530273,22.576068878173828,400
2015-10-21,29.899999618530273,29.899999618530273,29.899999618530273,29.899999618530273,22.576068878173828,0
2015-10-22,29.809999465942383,29.809999465942383,29.75,29.75,22.462806701660156,300
2015-10-23,29.75,29.75,29.75,29.75,22.462806701660156,0
2015-10-26,29.75,29.75,29.75,29.75,22.462806701660156,100
2015-10-27,29.75,29.75,29.75,29.75,22.462806701660156,0
2015-10-28,29.75,29.75,29.75,29.75,22.462806701660156,0
2015-10-29,29.75,29.75,29.260000228881836,29.260000228881836,22.092832565307617,2800
2015-10-30,29.260000228881836,29.260000228881836,29.260000228881836,29.260000228881836,22.092832565307617,0
2015-11-02,29.260000228881836,29.260000228881836,29.260000228881836,29.260000228881836,22.092832565307617,0
2015-11-03,29.260000228881836,29.260000228881836,29.260000228881836,29.260000228881836,22.092832565307617,0
2015-11-04,29.5,29.5,29.5,29.5,22.274044036865234,8000
2015-11-05,29.5,29.5,29.5,29.5,22.274044036865234,0
2015-11-06,29.600000381469727,29.600000381469727,29.5,29.5,22.274044036865234,1000
2015-11-09,29.260000228881836,29.700000762939453,29.260000228881836,29.450000762939453,22.23628807067871,1400
2015-11-10,29.399999618530273,29.399999618530273,29.350000381469727,29.350000381469727,22.160785675048828,800
2015-11-11,29.5,29.5,29.5,29.5,22.274044036865234,400
2015-11-12,29.649999618530273,29.649999618530273,29.649999618530273,29.649999618530273,22.387304306030273,400
2015-11-13,29.5,29.5,29.5,29.5,22.274044036865234,600
2015-11-16,29.5,29.5,29.5,29.5,22.274044036865234,0
2015-11-17,29.5,29.5,29.5,29.5,22.274044036865234,0
2015-11-18,29.690000534057617,29.690000534057617,29.5,29.5,22.274044036865234,400
2015-11-19,29.690000534057617,29.690000534057617,29.690000534057617,29.690000534057617,22.41750144958496,100
2015-11-20,29.690000534057617,29.690000534057617,29.690000534057617,29.690000534057617,22.41750144958496,0
2015-11-23,29.690000534057617,29.690000534057617,29.690000534057617,29.690000534057617,22.41750144958496,0
2015-11-24,29.690000534057617,29.690000534057617,29.690000534057617,29.690000534057617,22.41750144958496,0
2015-11-25,29.899999618530273,29.899999618530273,29.5,29.5,22.274044036865234,300
2015-11-27,29.5,29.5,29.5,29.5,22.274044036865234,0
2015-11-30,29.600000381469727,29.600000381469727,29.0,29.5,22.274044036865234,2200
2015-12-01,29.5,29.5,29.5,29.5,22.274044036865234,0
2015-12-02,29.600000381469727,29.600000381469727,29.25,29.5,22.274044036865234,1400
2015-12-03,29.5,29.5,29.5,29.5,22.274044036865234,0
2015-12-04,30.0,30.0,30.0,30.0,22.651573181152344,500
2015-12-07,30.0,30.0,30.0,30.0,22.651573181152344,0
2015-12-08,30.0,30.0,30.0,30.0,22.651573181152344,0
2015-12-09,30.25,31.100000381469727,30.0,31.100000381469727,23.48212432861328,400
2015-12-10,31.100000381469727,31.100000381469727,31.100000381469727,31.100000381469727,23.48212432861328,0
2015-12-11,30.799999237060547,30.799999237060547,30.799999237060547,30.799999237060547,23.255611419677734,100
2015-12-14,30.799999237060547,30.799999237060547,30.799999237060547,30.799999237060547,23.255611419677734,0
2015-12-15,31.0,31.0,31.0,31.0,23.406620025634766,500
2015-12-16,30.799999237060547,30.799999237060547,30.799999237060547,30.799999237060547,23.255611419677734,200
2015-12-17,30.799999237060547,30.799999237060547,30.799999237060547,30.799999237060547,23.255611419677734,0
2015-12-18,30.799999237060547,30.799999237060547,30.799999237060547,30.799999237060547,23.255611419677734,0
2015-12-21,31.049999237060547,31.049999237060547,31.049999237060547,31.049999237060547,23.444374084472656,200
2015-12-22,31.049999237060547,31.049999237060547,31.049999237060547,31.049999237060547,23.444374084472656,400
2015-12-23,31.079999923706055,31.079999923706055,31.079999923706055,31.079999923706055,23.672876358032227,100
2015-12-24,31.049999237060547,31.049999237060547,31.049999237060547,31.049999237060547,23.6500244140625,200
2015-12-28,30.850000381469727,30.850000381469727,30.850000381469727,30.850000381469727,23.497690200805664,300
2015-12-29,30.850000381469727,30.850000381469727,30.850000381469727,30.850000381469727,23.497690200805664,0
2015-12-30,31.09000015258789,31.09000015258789,30.799999237060547,30.799999237060547,23.459606170654297,500
2015-12-31,30.799999237060547,30.799999237060547,30.799999237060547,30.799999237060547,23.459606170654297,0
2016-01-04,30.799999237060547,30.799999237060547,30.799999237060547,30.799999237060547,23.459606170654297,0
2016-01-05,31.0,31.0,31.0,31.0,23.611940383911133,500
2016-01-06,31.0,31.0,31.0,31.0,23.611940383911133,0
2016-01-07,31.0,31.0,31.0,31.0,23.611940383911133,0
2016-01-08,31.0,31.0,31.0,31.0,23.611940383911133,500
2016-01-11,30.799999237060547,31.049999237060547,30.75,31.049999237060547,23.6500244140625,900
2016-01-12,30.75,31.0,30.75,30.75,23.421524047851562,2100
2016-01-13,30.899999618530273,31.0,30.899999618530273,31.0,23.611940383911133,500
2016-01-14,30.75,30.75,30.5,30.5,23.231101989746094,1600
2016-01-15,30.5,30.5,30.5,30.5,23.231101989746094,700
2016-01-19,30.5,30.5,30.5,30.5,23.231101989746094,700
2016-01-20,30.5,30.5,30.5,30.5,23.231101989746094,300
2016-01-21,30.5,30.5,30.5,30.5,23.231101989746094,0
2016-01-22,30.5,30.5,30.5,30.5,23.231101989746094,0
2016-01-25,30.5,30.5,30.5,30.5,23.231101989746094,0
2016-01-26,30.5,30.5,30.5,30.5,23.231101989746094,300
2016-01-27,30.25,30.5,30.25,30.25,23.040685653686523,2100
2016-01-28,30.25,30.25,30.25,30.25,23.040685653686523,0
2016-01-29,30.25,30.25,30.25,30.25,23.040685653686523,0
2016-02-01,30.25,30.25,30.25,30.25,23.040685653686523,100
2016-02-02,30.399999618530273,30.399999618530273,30.399999618530273,30.399999618530273,23.154935836791992,1000
2016-02-03,30.399999618530273,30.399999618530273,30.399999618530273,30.399999618530273,23.154935836791992,0
2016-02-04,30.399999618530273,30.5,30.399999618530273,30.5,23.231101989746094,600
2016-02-05,30.5,30.5,30.5,30.5,23.231101989746094,0
2016-02-08,30.5,30.5,30.5,30.5,23.231101989746094,300
2016-02-09,30.399999618530273,30.399999618530273,30.399999618530273,30.399999618530273,23.154935836791992,200
2016-02-10,30.399999618530273,30.399999618530273,30.399999618530273,30.399999618530273,23.154935836791992,0
2016-02-11,30.0,30.0,30.0,30.0,22.850271224975586,1400
2016-02-12,30.0,30.0,30.0,30.0,22.850271224975586,500
2016-02-16,29.5,29.5,29.0,29.299999237060547,22.317092895507812,400
2016-02-17,29.299999237060547,29.299999237060547,29.299999237060547,29.299999237060547,22.317092895507812,0
2016-02-18,29.299999237060547,29.299999237060547,29.299999237060547,29.299999237060547,22.317092895507812,0
2016-02-19,29.299999237060547,29.299999237060547,29.299999237060547,29.299999237060547,22.317092895507812,0
2016-02-22,29.299999237060547,29.299999237060547,29.299999237060547,29.299999237060547,22.317092895507812,0
2016-02-23,29.299999237060547,29.299999237060547,29.299999237060547,29.299999237060547,22.317092895507812,0
2016-02-24,29.299999237060547,29.299999237060547,29.299999237060547,29.299999237060547,22.317092895507812,0
2016-02-25,29.299999237060547,29.299999237060547,29.299999237060547,29.299999237060547,22.317092895507812,0
2016-02-26,29.299999237060547,29.299999237060547,29.299999237060547,29.299999237060547,22.317092895507812,0
2016-02-29,29.299999237060547,29.299999237060547,29.299999237060547,29.299999237060547,22.317092895507812,0
2016-03-01,29.299999237060547,29.299999237060547,29.299999237060547,29.299999237060547,22.317092895507812,400
2016-03-02,29.299999237060547,29.299999237060547,29.299999237060547,29.299999237060547,22.317092895507812,200
2016-03-03,29.299999237060547,29.299999237060547,29.299999237060547,29.299999237060547,22.317092895507812,0
2016-03-04,29.350000381469727,29.350000381469727,29.350000381469727,29.350000381469727,22.355178833007812,300
2016-03-07,29.350000381469727,29.350000381469727,29.350000381469727,29.350000381469727,22.355178833007812,0
2016-03-08,29.350000381469727,29.350000381469727,29.350000381469727,29.350000381469727,22.355178833007812,0
2016-03-09,29.989999771118164,30.5,29.989999771118164,30.5,23.231101989746094,4300
2016-03-10,30.5,30.5,30.5,30.5,23.231101989746094,1000
2016-03-11,30.649999618530273,30.649999618530273,30.5,30.5,23.231101989746094,1000
2016-03-14,30.5,30.5,30.5,30.5,23.231101989746094,300
2016-03-15,30.5,30.5,30.5,30.5,23.231101989746094,0
2016-03-16,30.5,30.5,30.5,30.5,23.231101989746094,0
2016-03-17,30.600000381469727,30.649999618530273,30.5,30.5,23.231101989746094,500
2016-03-18,30.5,30.5,30.5,30.5,23.231101989746094,200
2016-03-21,30.5,30.5,30.5,30.5,23.231101989746094,300
2016-03-22,29.549999237060547,29.549999237060547,29.5,29.5,22.670116424560547,500
2016-03-23,29.5,29.5,29.5,29.5,22.670116424560547,0
2016-03-24,29.5,29.5,29.5,29.5,22.670116424560547,0
2016-03-28,30.5,30.5,30.5,30.5,23.4385929107666,500
2016-03-29,30.100000381469727,30.100000381469727,30.0,30.0,23.054363250732422,1000
2016-03-30,30.0,30.0,30.0,30.0,23.054363250732422,100
2016-03-31,29.5,30.0,29.5,30.0,23.054363250732422,400
2016-04-01,29.5,29.5,29.5,29.5,22.670116424560547,900
2016-04-04,29.5,29.5,29.5,29.5,22.670116424560547,0
2016-04-05,29.5,29.5,29.5,29.5,22.670116424560547,700
2016-04-06,29.5,29.5,29.5,29.5,22.670116424560547,0
2016-04-07,29.5,29.5,29.5,29.5,22.670116424560547,0
2016-04-08,30.0,30.0,30.0,30.0,23.054363250732422,1600
2016-04-11,29.899999618530273,29.899999618530273,29.25,29.25,22.477996826171875,3500
2016-04-12,29.5,29.5,28.81999969482422,28.81999969482422,22.147550582885742,2100
2016-04-13,29.0,29.0,29.0,29.0,22.285877227783203,500
2016-04-14,29.489999771118164,29.989999771118164,29.489999771118164,29.989999771118164,23.046672821044922,500
2016-04-15,29.989999771118164,29.989999771118164,29.989999771118164,29.989999771118164,23.046672821044922,0
2016-04-18,28.729999542236328,28.729999542236328,28.299999237060547,28.350000381469727,21.78636932373047,1400
2016-04-19,28.989999771118164,29.200000762939453,28.989999771118164,29.100000381469727,22.36272430419922,2100
2016-04-20,29.100000381469727,29.100000381469727,29.100000381469727,29.100000381469727,22.36272430419922,0
2016-04-21,29.100000381469727,29.100000381469727,29.100000381469727,29.100000381469727,22.36272430419922,0
2016-04-22,29.100000381469727,29.100000381469727,29.100000381469727,29.100000381469727,22.36272430419922,0
2016-04-25,29.34000015258789,29.5,29.34000015258789,29.440000534057617,22.62400245666504,2000
2016-04-26,29.549999237060547,29.850000381469727,29.549999237060547,29.850000381469727,22.939083099365234,600
2016-04-27,29.850000381469727,29.850000381469727,29.850000381469727,29.850000381469727,22.939083099365234,600
2016-04-28,29.850000381469727,29.850000381469727,29.850000381469727,29.850000381469727,22.939083099365234,0
2016-04-29,29.850000381469727,29.850000381469727,29.850000381469727,29.850000381469727,22.939083099365234,0
2016-05-02,29.75,29.75,29.25,29.5,22.670116424560547,3200
2016-05-03,29.5,29.75,29.5,29.75,22.862239837646484,900
2016-05-04,29.75,29.75,29.200000762939453,29.25,22.477996826171875,7600
2016-05-05,29.25,29.25,29.25,29.25,22.477996826171875,0
2016-05-06,29.549999237060547,29.549999237060547,29.5,29.5,22.670116424560547,1700
2016-05-09,29.25,29.75,29.0,29.350000381469727,22.554841995239258,11600
2016-05-10,29.350000381469727,29.350000381469727,29.350000381469727,29.350000381469727,22.554841995239258,0
2016-05-11,29.899999618530273,29.899999618530273,29.899999618530273,29.899999618530273,22.977508544921875,1000
2016-05-12,29.899999618530273,29.899999618530273,29.510000228881836,29.75,22.862239837646484,2400
2016-05-13,29.75,29.75,29.75,29.75,22.862239837646484,500
2016-05-16,29.559999465942383,29.559999465942383,29.559999465942383,29.559999465942383,22.71622657775879,500
2016-05-17,29.559999465942383,29.559999465942383,29.559999465942383,29.559999465942383,22.71622657775879,0
2016-05-18,29.559999465942383,29.559999465942383,29.559999465942383,29.559999465942383,22.71622657775879,0
2016-05-19,29.559999465942383,29.559999465942383,29.559999465942383,29.559999465942383,22.71622657775879,0
2016-05-20,29.100000381469727,29.100000381469727,29.100000381469727,29.100000381469727,22.36272430419922,1000
2016-05-23,29.100000381469727,29.100000381469727,29.100000381469727,29.100000381469727,22.36272430419922,0
2016-05-24,29.100000381469727,29.100000381469727,29.100000381469727,29.100000381469727,22.36272430419922,0
2016-05-25,29.100000381469727,29.100000381469727,29.100000381469727,29.100000381469727,22.36272430419922,0
2016-05-26,29.5,29.75,29.5,29.75,22.862239837646484,1300
2016-05-27,29.75,29.75,29.25,29.350000381469727,22.554841995239258,2300
2016-05-31,29.350000381469727,29.350000381469727,29.350000381469727,29.350000381469727,22.554841995239258,0
2016-06-01,29.350000381469727,29.350000381469727,29.350000381469727,29.350000381469727,22.554841995239258,0
2016-06-02,29.399999618530273,29.739999771118164,29.399999618530273,29.739999771118164,22.854551315307617,10100
2016-06-03,29.739999771118164,29.739999771118164,29.739999771118164,29.739999771118164,22.854551315307617,3400
2016-06-06,29.5,29.600000381469727,29.5,29.5,22.670116424560547,5500
2016-06-07,29.299999237060547,29.450000762939453,29.299999237060547,29.450000762939453,22.631694793701172,3200
2016-06-08,29.450000762939453,29.450000762939453,29.450000762939453,29.450000762939453,22.631694793701172,0
2016-06-09,29.5,29.600000381469727,29.5,29.600000381469727,22.746967315673828,1000
2016-06-10,29.600000381469727,29.600000381469727,29.600000381469727,29.600000381469727,22.746967315673828,0
2016-06-13,29.600000381469727,29.600000381469727,29.600000381469727,29.600000381469727,22.746967315673828,0
2016-06-14,29.360000610351562,29.5,29.149999618530273,29.5,22.670116424560547,900
2016-06-15,29.399999618530273,29.5,29.25,29.5,22.670116424560547,12200
2016-06-16,29.5,29.5,29.5,29.5,22.670116424560547,700
2016-06-17,29.5,29.5,29.5,29.5,22.670116424560547,500
2016-06-20,29.479999542236328,29.5,29.479999542236328,29.5,22.670116424560547,200
2016-06-21,29.5,29.5,29.5,29.5,22.670116424560547,0
2016-06-22,29.5,29.5,29.5,29.5,22.887357711791992,100
2016-06-23,29.5,29.5,29.5,29.5,22.887357711791992,0
2016-06-24,29.200000762939453,29.200000762939453,29.200000762939453,29.200000762939453,22.65460205078125,300
2016-06-27,29.0,29.0,29.0,29.0,22.499433517456055,200
2016-06-28,29.0,29.0,29.0,29.0,22.499433517456055,0
2016-06-29,29.0,29.0,29.0,29.0,22.499433517456055,0
2016-06-30,28.950000762939453,29.0,28.950000762939453,29.0,22.499433517456055,1100
2016-07-01,29.0,29.0,29.0,29.0,22.499433517456055,0
2016-07-05,29.0,29.0,29.0,29.0,22.499433517456055,2400
2016-07-06,29.0,29.5,29.0,29.5,22.887357711791992,1000
2016-07-07,29.399999618530273,29.5,29.350000381469727,29.389999389648438,22.8020076751709,4300
2016-07-08,29.389999389648438,29.389999389648438,29.389999389648438,29.389999389648438,22.8020076751709,0
2016-07-11,29.389999389648438,29.389999389648438,29.389999389648438,29.389999389648438,22.8020076751709,0
2016-07-12,29.5,29.5,29.5,29.5,22.887357711791992,700
2016-07-13,29.5,29.5,29.5,29.5,22.887357711791992,0
2016-07-14,29.5,29.600000381469727,29.5,29.600000381469727,22.964937210083008,200
2016-07-15,29.549999237060547,29.549999237060547,29.549999237060547,29.549999237060547,22.9261417388916,3400
2016-07-18,29.549999237060547,29.549999237060547,29.549999237060547,29.549999237060547,22.9261417388916,0
2016-07-19,29.549999237060547,29.549999237060547,29.549999237060547,29.549999237060547,22.9261417388916,0
2016-07-20,29.5,29.600000381469727,29.5,29.600000381469727,22.964937210083008,2800
2016-07-21,29.700000762939453,29.700000762939453,29.700000762939453,29.700000762939453,23.042526245117188,200
2016-07-22,29.700000762939453,29.700000762939453,29.700000762939453,29.700000762939453,23.042526245117188,0
2016-07-25,29.25,29.450000762939453,29.25,29.450000762939453,22.848560333251953,5000
2016-07-26,29.450000762939453,29.450000762939453,29.450000762939453,29.450000762939453,22.848560333251953,1500
2016-07-27,29.190000534057617,29.190000534057617,29.18000030517578,29.18000030517578,22.63908576965332,500
2016-07-28,29.149999618530273,29.149999618530273,29.0,29.0,22.499433517456055,600
2016-07-29,29.0,29.0,29.0,29.0,22.499433517456055,400
2016-08-01,29.0,29.0,29.0,29.0,22.499433517456055,0
2016-08-02,29.0,29.0,29.0,29.0,22.499433517456055,0
2016-08-03,29.0,29.0,29.0,29.0,22.499433517456055,0
2016-08-04,29.25,29.25,29.25,29.25,22.69339370727539,800
2016-08-05,29.25,29.25,29.25,29.25,22.69339370727539,500
2016-08-08,29.0,29.450000762939453,29.0,29.450000762939453,22.848560333251953,1600
2016-08-09,29.450000762939453,29.450000762939453,29.450000762939453,29.450000762939453,22.848560333251953,0
2016-08-10,29.450000762939453,29.450000762939453,29.450000762939453,29.450000762939453,22.848560333251953,0
2016-08-11,29.399999618530273,29.450000762939453,29.25,29.25,22.69339370727539,5300
2016-08-12,29.299999237060547,29.299999237060547,29.25,29.299999237060547,22.732181549072266,1600
2016-08-15,29.299999237060547,29.299999237060547,29.299999237060547,29.299999237060547,22.732181549072266,0
2016-08-16,29.299999237060547,29.299999237060547,29.299999237060547,29.299999237060547,22.732181549072266,0
2016-08-17,29.299999237060547,29.299999237060547,29.299999237060547,29.299999237060547,22.732181549072266,0
2016-08-18,29.299999237060547,29.299999237060547,29.299999237060547,29.299999237060547,22.732181549072266,300
2016-08-19,29.299999237060547,29.299999237060547,29.299999237060547,29.299999237060547,22.732181549072266,0
2016-08-22,29.299999237060547,29.299999237060547,29.299999237060547,29.299999237060547,22.732181549072266,0
2016-08-23,29.299999237060547,29.299999237060547,29.299999237060547,29.299999237060547,22.732181549072266,0
2016-08-24,29.450000762939453,29.5,29.440000534057617,29.5,22.887357711791992,1500
2016-08-25,29.5,29.5,29.5,29.5,22.887357711791992,0
2016-08-26,29.5,29.5,29.5,29.5,22.887357711791992,400
2016-08-29,29.75,29.75,29.75,29.75,23.08131217956543,300
2016-08-30,29.75,29.75,29.75,29.75,23.08131217956543,0
2016-08-31,29.899999618530273,29.899999618530273,29.899999618530273,29.899999618530273,23.197694778442383,900
2016-09-01,30.0,30.0,30.0,30.0,23.27527618408203,400
2016-09-02,30.25,30.5,30.25,30.5,23.663192749023438,300
2016-09-06,30.700000762939453,30.700000762939453,30.700000762939453,30.700000762939453,23.818361282348633,300
2016-09-07,30.700000762939453,30.700000762939453,30.700000762939453,30.700000762939453,23.818361282348633,0
2016-09-08,30.700000762939453,30.700000762939453,30.700000762939453,30.700000762939453,23.818361282348633,0
2016-09-09,30.850000381469727,30.850000381469727,30.850000381469727,30.850000381469727,23.934741973876953,100
2016-09-12,30.850000381469727,30.850000381469727,30.850000381469727,30.850000381469727,23.934741973876953,0
2016-09-13,30.75,30.75,30.75,30.75,23.857152938842773,200
2016-09-14,30.5,30.5,30.5,30.5,23.663192749023438,100
2016-09-15,30.899999618530273,30.899999618530273,30.899999618530273,30.899999618530273,23.973529815673828,300
2016-09-16,30.979999542236328,30.979999542236328,30.979999542236328,30.979999542236328,24.03559684753418,100
2016-09-19,30.5,32.0,30.5,30.5,23.663192749023438,1300
2016-09-20,33.0,34.70000076293945,31.75,31.75,24.632993698120117,1300
2016-09-21,31.75,31.75,31.75,31.75,24.852163314819336,0
2016-09-22,31.75,31.75,31.75,31.75,24.852163314819336,0
2016-09-23,31.75,31.75,31.75,31.75,24.852163314819336,0
2016-09-26,32.5,32.5,32.0,32.0,25.0478515625,700
2016-09-27,32.5,32.5,32.5,32.5,25.43922233581543,200
2016-09-28,32.5,32.5,32.5,32.5,25.43922233581543,0
2016-09-29,32.0,32.0,32.0,32.0,25.0478515625,100
2016-09-30,32.0,32.0,32.0,32.0,25.0478515625,0
2016-10-03,32.0,32.0,32.0,32.0,25.0478515625,0
2016-10-04,33.0,33.0,33.0,33.0,25.83060073852539,400
2016-10-05,33.0,33.0,33.0,33.0,25.83060073852539,900
2016-10-06,33.599998474121094,33.599998474121094,33.5,33.5,26.221960067749023,800
2016-10-07,33.5,33.5,33.5,33.5,26.221960067749023,0
2016-10-10,33.5,33.5,33.5,33.5,26.221960067749023,800
2016-10-11,33.5,33.5,33.04999923706055,33.04999923706055,25.869733810424805,400
2016-10-12,33.5,33.5,33.5,33.5,26.221960067749023,300
2016-10-13,33.5,33.5,33.5,33.5,26.221960067749023,1000
2016-10-14,33.5,33.5,33.5,33.5,26.221960067749023,200
2016-10-17,33.5,33.5,33.5,33.5,26.221960067749023,800
2016-10-18,33.349998474121094,33.349998474121094,33.04999923706055,33.04999923706055,25.869733810424805,1000
2016-10-19,33.04999923706055,33.25,33.04999923706055,33.25,26.026287078857422,2500
2016-10-20,33.25,33.25,33.25,33.25,26.026287078857422,0
2016-10-21,33.25,33.25,33.25,33.25,26.026287078857422,0
2016-10-24,33.25,33.25,33.25,33.25,26.026287078857422,0
2016-10-25,33.25,33.25,33.25,33.25,26.026287078857422,0
2016-10-26,33.5,33.5,33.5,33.5,26.221960067749023,4000
2016-10-27,33.5,33.5,33.5,33.5,26.221960067749023,0
2016-10-28,33.5,33.5,33.5,33.5,26.221960067749023,0
2016-10-31,33.5,33.5,33.5,33.5,26.221960067749023,0
2016-11-01,33.75,34.0,33.75,34.0,26.613346099853516,4300
2016-11-02,33.75,33.75,33.599998474121094,33.599998474121094,26.300249099731445,300
2016-11-03,34.0,34.0,34.0,34.0,26.613346099853516,2100
2016-11-04,34.0,34.0,34.0,34.0,26.613346099853516,0
2016-11-07,34.0,34.0,34.0,34.0,26.613346099853516,0
2016-11-08,34.0,34.0,34.0,34.0,26.613346099853516,0
2016-11-09,34.0,34.0,34.0,34.0,26.613346099853516,0
2016-11-10,34.0,34.0,34.0,34.0,26.613346099853516,0
2016-11-11,34.0,34.0,34.0,34.0,26.613346099853516,0
2016-11-14,34.0,34.0,34.0,34.0,26.613346099853516,0
2016-11-15,33.95000076293945,34.0,33.95000076293945,34.0,26.613346099853516,2800
2016-11-16,34.0,34.0,33.599998474121094,33.599998474121094,26.300249099731445,2000
2016-11-17,33.75,33.75,33.599998474121094,33.70000076293945,26.37851905822754,6100
2016-11-18,33.75,33.75,33.75,33.75,26.417654037475586,100
2016-11-21,33.75,33.75,33.75,33.75,26.417654037475586,0
2016-11-22,33.75,33.75,33.75,33.75,26.417654037475586,0
2016-11-23,34.0,34.0,34.0,34.0,26.613346099853516,1000
2016-11-25,34.0,34.0,34.0,34.0,26.613346099853516,0
2016-11-28,33.849998474121094,33.9900016784668,33.650001525878906,33.650001525878906,26.33938217163086,1200
2016-11-29,33.900001525878906,33.900001525878906,33.900001525878906,33.900001525878906,26.535066604614258,200
2016-11-30,33.9900016784668,33.9900016784668,33.9900016784668,33.9900016784668,26.605520248413086,1700
2016-12-01,33.599998474121094,33.9900016784668,33.599998474121094,33.9900016784668,26.605520248413086,800
2016-12-02,33.849998474121094,33.900001525878906,33.849998474121094,33.849998474121094,26.495933532714844,700
2016-12-05,33.70000076293945,34.0,33.70000076293945,34.0,26.613346099853516,4000
2016-12-06,33.97999954223633,33.97999954223633,33.97999954223633,33.97999954223633,26.597688674926758,100
2016-12-07,33.97999954223633,34.25,33.97999954223633,34.25,26.80902862548828,600
2016-12-08,34.75,35.5,34.75,35.0,27.396087646484375,700
2016-12-09,35.5,35.599998474121094,35.0,35.0,27.396087646484375,1100
2016-12-12,35.0,35.0,35.0,35.0,27.396087646484375,400
2016-12-13,35.0,35.0,35.0,35.0,27.396087646484375,0
2016-12-14,35.0,35.0,35.0,35.0,27.396087646484375,100
2016-12-15,35.0,36.5,35.0,36.5,28.570201873779297,500
2016-12-16,36.5,36.5,36.5,36.5,28.570201873779297,0
2016-12-19,36.5,36.5,36.5,36.5,28.570201873779297,0
2016-12-20,36.5,36.5,36.5,36.5,28.570201873779297,0
2016-12-21,36.5,36.5,36.5,36.5,28.570201873779297,0
2016-12-22,36.5,36.5,36.5,36.5,28.570201873779297,400
2016-12-23,36.75,36.75,36.75,36.75,28.765893936157227,200
2016-12-27,39.869998931884766,39.869998931884766,39.869998931884766,39.869998931884766,31.208065032958984,200
2016-12-28,36.810001373291016,38.75,36.810001373291016,38.75,30.545909881591797,300
2016-12-29,38.75,38.75,38.75,38.75,30.545909881591797,0
2016-12-30,38.849998474121094,38.849998474121094,38.849998474121094,38.849998474121094,30.624719619750977,300
2017-01-03,39.75,39.75,39.75,39.75,31.334186553955078,100
2017-01-04,39.75,39.75,39.75,39.75,31.334186553955078,0
2017-01-05,39.75,39.75,39.75,39.75,31.334186553955078,0
2017-01-06,39.75,39.75,39.75,39.75,31.334186553955078,0
2017-01-09,39.75,39.75,39.75,39.75,31.334186553955078,0
2017-01-10,39.75,39.75,39.75,39.75,31.334186553955078,500
2017-01-11,39.75,39.849998474121094,39.75,39.849998474121094,31.413005828857422,1600
2017-01-12,39.75,39.75,39.75,39.75,31.334186553955078,1700
2017-01-13,39.75,39.75,39.75,39.75,31.334186553955078,700
2017-01-17,38.5,38.5,38.400001525878906,38.400001525878906,30.270002365112305,300
2017-01-18,38.400001525878906,38.400001525878906,38.400001525878906,38.400001525878906,30.270002365112305,0
2017-01-19,38.400001525878906,38.400001525878906,38.400001525878906,38.400001525878906,30.270002365112305,0
2017-01-20,38.400001525878906,38.400001525878906,38.400001525878906,38.400001525878906,30.270002365112305,600
2017-01-23,38.400001525878906,38.400001525878906,38.400001525878906,38.400001525878906,30.270002365112305,0
2017-01-24,38.400001525878906,38.400001525878906,38.400001525878906,38.400001525878906,30.270002365112305,0
2017-01-25,38.75,38.75,38.75,38.75,30.545909881591797,200
2017-01-26,39.5,39.5,39.5,39.5,31.137117385864258,200
2017-01-27,39.75,39.75,39.5,39.5,31.137117385864258,200
2017-01-30,39.400001525878906,39.400001525878906,38.45000076293945,39.0,30.742971420288086,1000
2017-01-31,39.0,39.0,39.0,39.0,30.742971420288086,800
2017-02-01,39.0,39.0,39.0,39.0,30.742971420288086,0
2017-02-02,39.5,39.5,39.5,39.5,31.137117385864258,200
2017-02-03,40.0,40.0,40.0,40.0,31.531261444091797,200
2017-02-06,40.0,40.0,40.0,40.0,31.531261444091797,0
2017-02-07,40.0,40.0,40.0,40.0,31.531261444091797,0
2017-02-08,40.5,40.5,40.0,40.5,31.92539405822754,1400
2017-02-09,40.5,40.5,40.0,40.0,31.531261444091797,900
2017-02-10,40.5,40.5,40.5,40.5,31.92539405822754,100
2017-02-13,40.5,40.5,40.5,40.5,31.92539405822754,0
2017-02-14,40.0,40.0,40.0,40.0,31.531261444091797,400
2017-02-15,40.0,40.0,40.0,40.0,31.531261444091797,0
2017-02-16,40.0,40.0,40.0,40.0,31.531261444091797,200
2017-02-17,40.0,40.0,40.0,40.0,31.531261444091797,0
2017-02-21,39.0099983215332,40.0,39.0099983215332,39.900001525878906,31.452434539794922,500
2017-02-22,39.900001525878906,39.900001525878906,39.900001525878906,39.900001525878906,31.452434539794922,300
2017-02-23,40.0,40.0,40.0,40.0,31.531261444091797,200
2017-02-24,40.0,40.0,40.0,40.0,31.531261444091797,0
2017-02-27,40.0,40.0,40.0,40.0,31.531261444091797,0
2017-02-28,40.0,40.0,40.0,40.0,31.531261444091797,0
2017-03-01,40.0,40.0,40.0,40.0,31.531261444091797,0
2017-03-02,40.0,40.0,40.0,40.0,31.531261444091797,0
2017-03-03,40.0,40.0,40.0,40.0,31.531261444091797,0
2017-03-06,39.04999923706055,39.04999923706055,39.04999923706055,39.04999923706055,30.782386779785156,400
2017-03-07,39.04999923706055,39.04999923706055,39.04999923706055,39.04999923706055,30.782386779785156,100
2017-03-08,39.04999923706055,39.04999923706055,39.04999923706055,39.04999923706055,30.782386779785156,0
2017-03-09,39.04999923706055,39.04999923706055,39.04999923706055,39.04999923706055,30.782386779785156,0
2017-03-10,39.04999923706055,39.04999923706055,39.04999923706055,39.04999923706055,30.782386779785156,0
2017-03-13,39.04999923706055,39.04999923706055,39.04999923706055,39.04999923706055,30.782386779785156,0
2017-03-14,39.5,39.5,39.5,39.5,31.137117385864258,200
2017-03-15,39.5,39.5,39.5,39.5,31.137117385864258,2400
2017-03-16,39.5,39.5,39.5,39.5,31.137117385864258,0
2017-03-17,39.5,39.5,39.5,39.5,31.137117385864258,0
2017-03-20,39.5,39.5,39.5,39.5,31.137117385864258,0
2017-03-21,39.5,39.5,39.5,39.5,31.137117385864258,0
2017-03-22,39.5,39.5,39.25,39.25,30.94004249572754,900
2017-03-23,39.25,39.25,39.25,39.25,30.94004249572754,0
2017-03-24,39.66999816894531,39.66999816894531,39.45000076293945,39.45000076293945,31.097698211669922,1100
2017-03-27,39.25,39.25,39.25,39.25,30.94004249572754,800
2017-03-28,39.25,39.25,39.25,39.25,30.94004249572754,0
2017-03-29,39.25,39.25,39.25,39.25,31.162355422973633,0
2017-03-30,39.25,39.25,39.25,39.25,31.162355422973633,0
2017-03-31,39.25,39.25,39.25,39.25,31.162355422973633,0
2017-04-03,39.5,39.5,39.5,39.5,31.360837936401367,1400
2017-04-04,39.5,39.5,39.5,39.5,31.360837936401367,0
2017-04-05,39.5,39.5,39.5,39.5,31.360837936401367,0
2017-04-06,39.5,39.5,39.5,39.5,31.360837936401367,0
2017-04-07,39.5,39.5,39.5,39.5,31.360837936401367,700
2017-04-10,39.5,39.5,39.5,39.5,31.360837936401367,100
2017-04-11,39.5,39.5,39.5,39.5,31.360837936401367,300
2017-04-12,39.5,39.9900016784668,39.5,39.9900016784668,31.749860763549805,3900
2017-04-13,39.9900016784668,39.9900016784668,39.9900016784668,39.9900016784668,31.749860763549805,0
2017-04-17,39.9900016784668,39.9900016784668,39.9900016784668,39.9900016784668,31.749860763549805,0
2017-04-18,39.9900016784668,40.0,39.9900016784668,40.0,31.757808685302734,500
2017-04-19,40.0,40.0,40.0,40.0,31.757808685302734,100
2017-04-20,40.0,40.0,40.0,40.0,31.757808685302734,600
2017-04-21,40.0,40.0,40.0,40.0,31.757808685302734,300
2017-04-24,40.0,40.0,40.0,40.0,31.757808685302734,0
2017-04-25,40.0,40.0,40.0,40.0,31.757808685302734,100
2017-04-26,40.0,40.0,40.0,40.0,31.757808685302734,0
2017-04-27,40.0,40.0,40.0,40.0,31.757808685302734,0
2017-04-28,40.0,40.0,40.0,40.0,31.757808685302734,0
2017-05-01,40.0,40.0,40.0,40.0,31.757808685302734,0
2017-05-02,40.0,40.0,40.0,40.0,31.757808685302734,0
2017-05-03,40.0,40.0,40.0,40.0,31.757808685302734,0
2017-05-04,40.0,40.0,40.0,40.0,31.757808685302734,0
2017-05-05,40.0,40.0,40.0,40.0,31.757808685302734,0
2017-05-08,40.0,40.0,40.0,40.0,31.757808685302734,200
2017-05-09,40.0,40.0,40.0,40.0,31.757808685302734,2400
2017-05-10,40.0,40.0,40.0,40.0,31.757808685302734,0
2017-05-11,39.95000076293945,39.95000076293945,39.900001525878906,39.900001525878906,31.678422927856445,800
2017-05-12,39.75,39.75,39.75,39.75,31.559326171875,100
2017-05-15,39.75,39.75,39.75,39.75,31.559326171875,300
2017-05-16,40.5,40.5,40.5,40.5,32.15478515625,200
2017-05-17,40.5,40.5,40.5,40.5,32.15478515625,0
2017-05-18,40.5,40.5,40.5,40.5,32.15478515625,100
2017-05-19,40.5,40.5,40.5,40.5,32.15478515625,0
2017-05-22,40.5,40.5,40.5,40.5,32.15478515625,0
2017-05-23,40.5,40.5,40.5,40.5,32.15478515625,0
2017-05-24,40.5,40.5,40.5,40.5,32.15478515625,400
2017-05-25,40.5,40.5,40.5,40.5,32.15478515625,0
2017-05-26,40.5,40.5,40.5,40.5,32.15478515625,400
2017-05-30,40.5,40.5,40.5,40.5,32.15478515625,0
2017-05-31,40.5,40.5,40.5,40.5,32.15478515625,200
2017-06-01,40.5,40.5,40.5,40.5,32.15478515625,0
2017-06-02,40.5,40.5,40.5,40.5,32.15478515625,0
2017-06-05,40.5,40.5,40.5,40.5,32.15478515625,0
2017-06-06,40.5,40.5,40.5,40.5,32.15478515625,0
2017-06-07,40.5,40.5,40.5,40.5,32.15478515625,2400
2017-06-08,40.5,40.5,40.5,40.5,32.15478515625,0
2017-06-09,40.5,40.5,40.5,40.5,32.15478515625,0
2017-06-12,40.5,40.5,40.5,40.5,32.15478515625,0
2017-06-13,40.5,40.5,40.5,40.5,32.15478515625,0
2017-06-14,40.5,40.5,40.5,40.5,32.15478515625,300
2017-06-15,40.5,40.5,40.5,40.5,32.15478515625,0
2017-06-16,40.5,40.5,40.5,40.5,32.15478515625,2500
2017-06-19,40.5,40.5,40.5,40.5,32.15478515625,2500
2017-06-20,41.0,41.0,41.0,41.0,32.551753997802734,300
2017-06-21,41.0,41.0,41.0,41.0,32.551753997802734,800
2017-06-22,41.0,41.0,41.0,41.0,32.551753997802734,0
2017-06-23,41.0,41.0,41.0,41.0,32.551753997802734,0
2017-06-26,41.0,41.0,41.0,41.0,32.551753997802734,100
2017-06-27,41.0,41.0,41.0,41.0,32.551753997802734,100
2017-06-28,41.0,41.0,41.0,41.0,32.78364562988281,100
2017-06-29,41.0,41.0,41.0,41.0,32.78364562988281,0
2017-06-30,40.5,40.5,40.5,40.5,32.383846282958984,100
2017-07-03,40.5,40.5,40.5,40.5,32.383846282958984,0
2017-07-05,41.0,41.0,41.0,41.0,32.78364562988281,800
2017-07-06,41.0,41.25,41.0,41.25,32.9835319519043,300
2017-07-07,41.0,41.0,41.0,41.0,32.78364562988281,300
2017-07-10,41.25,41.25,41.25,41.25,32.9835319519043,300
2017-07-11,41.5,41.5,41.5,41.5,33.183433532714844,100
2017-07-12,41.25,41.25,41.25,41.25,32.9835319519043,100
2017-07-13,41.25,41.25,41.25,41.25,32.9835319519043,0
2017-07-14,41.25,41.25,41.25,41.25,32.9835319519043,0
2017-07-17,41.25,41.25,41.25,41.25,32.9835319519043,600
2017-07-18,41.25,41.25,41.25,41.25,32.9835319519043,400
2017-07-19,42.5,42.5,42.5,42.5,33.98303985595703,100
2017-07-20,41.29999923706055,41.29999923706055,41.29999923706055,41.29999923706055,33.02351760864258,100
2017-07-21,41.25,41.25,40.5,40.5,32.383846282958984,2000
2017-07-24,40.5,40.5,40.5,40.5,32.383846282958984,0
2017-07-25,40.5,40.5,40.5,40.5,32.383846282958984,0
2017-07-26,41.0,42.0,41.0,42.0,33.58323287963867,800
2017-07-27,42.0,42.0,42.0,42.0,33.58323287963867,0
2017-07-28,42.0,42.0,42.0,42.0,33.58323287963867,0
2017-07-31,42.0,42.0,42.0,42.0,33.58323287963867,0
2017-08-01,40.5,40.5,40.5,40.5,32.383846282958984,300
2017-08-02,40.5,40.5,40.5,40.5,32.383846282958984,0
2017-08-03,40.5,40.5,40.5,40.5,32.383846282958984,0
2017-08-04,40.5,40.5,40.5,40.5,32.383846282958984,0
2017-08-07,40.5,40.5,40.5,40.5,32.383846282958984,0
2017-08-08,40.650001525878906,40.650001525878906,40.650001525878906,40.650001525878906,32.50377655029297,300
2017-08-09,40.650001525878906,40.650001525878906,40.650001525878906,40.650001525878906,32.50377655029297,0
2017-08-10,40.650001525878906,40.650001525878906,40.650001525878906,40.650001525878906,32.50377655029297,0
2017-08-11,40.650001525878906,40.650001525878906,40.54999923706055,40.54999923706055,32.42382049560547,400
2017-08-14,40.650001525878906,40.650001525878906,40.650001525878906,40.650001525878906,32.50377655029297,600
2017-08-15,40.650001525878906,40.650001525878906,40.650001525878906,40.650001525878906,32.50377655029297,0
2017-08-16,40.650001525878906,40.650001525878906,40.650001525878906,40.650001525878906,32.50377655029297,0
2017-08-17,41.5,41.5,41.5,41.5,33.183433532714844,100
2017-08-18,41.5,42.5,41.5,42.5,33.98303985595703,1000
2017-08-21,41.5,41.5,41.5,41.5,33.183433532714844,100
2017-08-22,41.04999923706055,41.04999923706055,41.0099983215332,41.0099983215332,32.791622161865234,200
2017-08-23,41.0099983215332,41.0099983215332,40.54999923706055,41.0,32.78364562988281,300
2017-08-24,41.0,41.0,41.0,41.0,32.78364562988281,0
2017-08-25,41.0,41.0,41.0,41.0,32.78364562988281,0
2017-08-28,41.5,41.5,41.5,41.5,33.183433532714844,200
2017-08-29,41.5,41.5,41.5,41.5,33.183433532714844,500
2017-08-30,41.5,41.5,41.5,41.5,33.183433532714844,0
2017-08-31,41.5,41.5,41.5,41.5,33.183433532714844,0
2017-09-01,41.5,41.5,41.5,41.5,33.183433532714844,1000
2017-09-05,41.5,41.5,41.5,41.5,33.183433532714844,600
2017-09-06,41.5,41.5,41.5,41.5,33.183433532714844,0
2017-09-07,41.5,41.5,41.5,41.5,33.183433532714844,0
2017-09-08,41.5,41.5,41.5,41.5,33.183433532714844,0
2017-09-11,41.5,41.5,41.5,41.5,33.183433532714844,200
2017-09-12,41.70000076293945,41.70000076293945,41.70000076293945,41.70000076293945,33.34335708618164,300
2017-09-13,41.70000076293945,41.70000076293945,41.70000076293945,41.70000076293945,33.34335708618164,0
2017-09-14,41.70000076293945,41.70000076293945,41.70000076293945,41.70000076293945,33.34335708618164,0
2017-09-15,41.599998474121094,42.0,41.599998474121094,42.0,33.58323287963867,400
2017-09-18,42.0,42.0,42.0,42.0,33.58323287963867,0
2017-09-19,41.599998474121094,41.599998474121094,41.599998474121094,41.599998474121094,33.26339340209961,400
2017-09-20,41.599998474121094,41.599998474121094,41.599998474121094,41.599998474121094,33.26339340209961,0
2017-09-21,41.599998474121094,41.599998474121094,41.599998474121094,41.599998474121094,33.26339340209961,500
2017-09-22,41.599998474121094,41.599998474121094,41.599998474121094,41.599998474121094,33.26339340209961,0
2017-09-25,41.599998474121094,41.599998474121094,41.599998474121094,41.599998474121094,33.26339340209961,0
2017-09-26,41.5,41.5,41.5,41.5,33.183433532714844,200
2017-09-27,41.5,41.5,41.5,41.5,33.183433532714844,200
2017-09-28,41.5,41.5,41.5,41.5,33.41694641113281,0
2017-09-29,41.5,41.5,41.5,41.5,33.41694641113281,100
2017-10-02,41.5,41.5,41.5,41.5,33.41694641113281,0
2017-10-03,41.5,41.5,41.5,41.5,33.41694641113281,0
2017-10-04,41.5,41.5,41.5,41.5,33.41694641113281,0
2017-10-05,41.5,41.5,41.5,41.5,33.41694641113281,0
2017-10-06,42.0,42.099998474121094,42.0,42.0,33.81956481933594,400
2017-10-09,42.0,42.0,42.0,42.0,33.81956481933594,0
2017-10-10,42.0,42.0,42.0,42.0,33.81956481933594,0
2017-10-11,42.0,42.0,42.0,42.0,33.81956481933594,0
2017-10-12,42.5,42.5,42.5,42.5,34.22217559814453,600
2017-10-13,42.5,42.5,42.5,42.5,34.22217559814453,400
2017-10-16,42.5,42.5,42.5,42.5,34.22217559814453,100
2017-10-17,42.75,42.75,42.75,42.75,34.42347717285156,100
2017-10-18,42.599998474121094,42.599998474121094,42.599998474121094,42.599998474121094,34.302696228027344,700
2017-10-19,42.599998474121094,42.599998474121094,42.599998474121094,42.599998474121094,34.302696228027344,0
2017-10-20,42.599998474121094,42.599998474121094,42.599998474121094,42.599998474121094,34.302696228027344,0
2017-10-23,42.54999923706055,42.54999923706055,42.54999923706055,42.54999923706055,34.262447357177734,300
2017-10-24,42.599998474121094,43.0,42.599998474121094,43.0,34.62479019165039,400
2017-10-25,43.0,43.0,43.0,43.0,34.62479019165039,0
2017-10-26,43.0,43.0,43.0,43.0,34.62479019165039,800
2017-10-27,43.0,43.0,43.0,43.0,34.62479019165039,0
2017-10-30,43.0,43.0,43.0,43.0,34.62479019165039,0
2017-10-31,43.0,43.0,43.0,43.0,34.62479019165039,0
2017-11-01,43.0,43.0,43.0,43.0,34.62479019165039,0
2017-11-02,43.0,43.0,43.0,43.0,34.62479019165039,0
2017-11-03,43.0,43.0,43.0,43.0,34.62479019165039,0
2017-11-06,43.0,43.0,43.0,43.0,34.62479019165039,0
2017-11-07,42.5,43.0,42.5,43.0,34.62479019165039,1100
2017-11-08,43.0,43.0,43.0,43.0,34.62479019165039,0
2017-11-09,43.0,43.0,43.0,43.0,34.62479019165039,0
2017-11-10,43.0,43.0,43.0,43.0,34.62479019165039,0
2017-11-13,43.0,43.0,42.5,42.5,34.22217559814453,800
2017-11-14,42.5,42.5,42.5,42.5,34.22217559814453,0
2017-11-15,42.5,42.5,42.5,42.5,34.22217559814453,0
2017-11-16,43.25,43.25,43.25,43.25,34.82609939575195,200
2017-11-17,43.25,43.25,43.25,43.25,34.82609939575195,0
2017-11-20,43.25,43.25,43.25,43.25,34.82609939575195,0
2017-11-21,43.25,43.25,43.25,43.25,34.82609939575195,0
2017-11-22,42.75,42.75,42.75,42.75,34.42347717285156,100
2017-11-24,42.75,42.75,42.75,42.75,34.42347717285156,0
2017-11-27,42.900001525878906,42.900001525878906,42.900001525878906,42.900001525878906,34.54426574707031,100
2017-11-28,43.5,43.5,43.5,43.5,35.02740478515625,100
2017-11-29,43.5,43.5,43.5,43.5,35.02740478515625,0
2017-11-30,43.75,43.75,43.75,43.75,35.22871398925781,100
2017-12-01,43.75,43.75,43.75,43.75,35.22871398925781,0
2017-12-04,44.0,44.0,44.0,44.0,35.430023193359375,200
2017-12-05,44.0,44.0,44.0,44.0,35.430023193359375,0
2017-12-06,44.0,44.0,44.0,44.0,35.430023193359375,0
2017-12-07,44.0,44.0,44.0,44.0,35.430023193359375,0
2017-12-08,43.70000076293945,43.70000076293945,43.70000076293945,43.70000076293945,35.188453674316406,500
2017-12-11,43.95000076293945,44.0,43.95000076293945,44.0,35.430023193359375,600
2017-12-12,44.0,44.0,43.95000076293945,43.95000076293945,35.38975524902344,1400
2017-12-13,43.95000076293945,44.0,43.95000076293945,44.0,35.430023193359375,1200
2017-12-14,44.0,44.0,44.0,44.0,35.430023193359375,0
2017-12-15,44.0,44.0,43.95000076293945,43.9900016784668,35.42197036743164,800
2017-12-18,44.0,44.0,44.0,44.0,35.430023193359375,200
2017-12-19,44.0,44.0,44.0,44.0,35.430023193359375,0
2017-12-20,44.0,44.0,44.0,44.0,35.430023193359375,0
2017-12-21,44.0,44.0,43.79999923706055,43.79999923706055,35.26897048950195,400
2017-12-22,44.25,44.25,44.25,44.25,35.6313362121582,100
2017-12-26,44.25,44.25,44.25,44.25,35.6313362121582,0
2017-12-27,44.25,44.25,44.25,44.25,35.6313362121582,0
2017-12-28,43.900001525878906,44.5,43.900001525878906,44.5,36.06902313232422,400
2017-12-29,44.5,44.5,44.5,44.5,36.06902313232422,0
2018-01-02,44.099998474121094,44.099998474121094,43.900001525878906,44.099998474121094,35.74480056762695,400
2018-01-03,44.099998474121094,44.099998474121094,44.099998474121094,44.099998474121094,35.74480056762695,0
2018-01-04,44.099998474121094,44.099998474121094,44.099998474121094,44.099998474121094,35.74480056762695,0
2018-01-05,44.099998474121094,44.099998474121094,44.099998474121094,44.099998474121094,35.74480056762695,0
2018-01-08,43.900001525878906,43.900001525878906,43.900001525878906,43.900001525878906,35.58269500732422,400
2018-01-09,43.900001525878906,43.900001525878906,43.900001525878906,43.900001525878906,35.58269500732422,1800
2018-01-10,43.900001525878906,43.900001525878906,43.900001525878906,43.900001525878906,35.58269500732422,200
2018-01-11,45.0,45.0,45.0,45.0,36.47428512573242,200
2018-01-12,45.0,45.0,45.0,45.0,36.47428512573242,0
2018-01-16,45.0,45.0,45.0,45.0,36.47428512573242,0
2018-01-17,45.0,45.0,45.0,45.0,36.47428512573242,0
2018-01-18,45.0,45.0,45.0,45.0,36.47428512573242,0
2018-01-19,45.0,45.0,45.0,45.0,36.47428512573242,100
2018-01-22,45.0,46.0,45.0,45.0,36.47428512573242,1100
2018-01-23,44.0,44.0,44.0,44.0,35.66374969482422,300
2018-01-24,44.0,44.0,44.0,44.0,35.66374969482422,0
2018-01-25,44.0,44.0,44.0,44.0,35.66374969482422,0
2018-01-26,44.0,44.0,44.0,44.0,35.66374969482422,0
2018-01-29,44.0,44.0,44.0,44.0,35.66374969482422,0
2018-01-30,44.0,44.0,43.75,43.75,35.46111297607422,800
2018-01-31,44.0,44.0,43.75,43.75,35.46111297607422,1800
2018-02-01,43.75,43.75,43.75,43.75,35.46111297607422,0
2018-02-02,43.75,43.75,43.75,43.75,35.46111297607422,0
2018-02-05,43.75,43.75,43.0,43.75,35.46111297607422,800
2018-02-06,43.75,43.75,43.75,43.75,35.46111297607422,300
2018-02-07,43.75,43.75,43.75,43.75,35.46111297607422,0
2018-02-08,43.75,43.75,43.75,43.75,35.46111297607422,0
2018-02-09,43.5,43.5,43.5,43.5,35.25847625732422,200
2018-02-12,43.54999923706055,43.54999923706055,43.54999923706055,43.54999923706055,35.29899978637695,1300
2018-02-13,43.5,43.5,43.0,43.0,34.853206634521484,300
2018-02-14,43.0,43.0,43.0,43.0,34.853206634521484,200
2018-02-15,43.0,43.0,43.0,43.0,34.853206634521484,0
2018-02-16,43.0,43.0,43.0,43.0,34.853206634521484,0
2018-02-20,43.0,43.0,42.79999923706055,42.79999923706055,34.69110107421875,300
2018-02-21,42.79999923706055,42.79999923706055,42.79999923706055,42.79999923706055,34.69110107421875,3900
2018-02-22,42.79999923706055,42.79999923706055,42.79999923706055,42.79999923706055,34.69110107421875,0
2018-02-23,42.79999923706055,42.79999923706055,42.79999923706055,42.79999923706055,34.69110107421875,0
2018-02-26,43.5,43.5,43.0,43.0,34.853206634521484,500
2018-02-27,43.5,44.0,43.0,44.0,35.66374969482422,2400
2018-02-28,44.0,44.0,44.0,44.0,35.66374969482422,0
2018-03-01,44.0,44.0,44.0,44.0,35.66374969482422,0
2018-03-02,44.0,44.0,44.0,44.0,35.66374969482422,0
2018-03-05,44.0,44.0,44.0,44.0,35.66374969482422,700
2018-03-06,44.25,44.25,44.25,44.25,35.866390228271484,200
2018-03-07,44.25,44.25,44.25,44.25,35.866390228271484,0
2018-03-08,44.25,44.25,44.25,44.25,35.866390228271484,0
2018-03-09,44.25,44.25,44.25,44.25,35.866390228271484,0
2018-03-12,44.25,44.25,44.25,44.25,35.866390228271484,0
2018-03-13,44.099998474121094,44.20000076293945,44.08000183105469,44.20000076293945,35.825862884521484,1300
2018-03-14,44.20000076293945,44.20000076293945,44.20000076293945,44.20000076293945,35.825862884521484,0
2018-03-15,44.5,44.5,44.5,44.5,36.06902313232422,100
2018-03-16,44.75,44.75,44.75,44.75,36.271663665771484,100
2018-03-19,44.75,44.75,44.75,44.75,36.271663665771484,0
2018-03-20,43.400001525878906,43.400001525878906,43.400001525878906,43.400001525878906,35.17743682861328,200
2018-03-21,43.400001525878906,43.400001525878906,43.400001525878906,43.400001525878906,35.17743682861328,0
2018-03-22,43.400001525878906,43.400001525878906,43.400001525878906,43.400001525878906,35.17743682861328,0
2018-03-23,43.400001525878906,43.400001525878906,43.400001525878906,43.400001525878906,35.17743682861328,0
2018-03-26,43.45000076293945,44.0,43.45000076293945,44.0,35.66374969482422,800
2018-03-27,44.0,44.0,44.0,44.0,35.66374969482422,0
2018-03-28,44.0,44.0,44.0,44.0,35.90036392211914,0
2018-03-29,44.0,44.0,44.0,44.0,35.90036392211914,0
2018-04-02,44.0,44.0,44.0,44.0,35.90036392211914,0
2018-04-03,43.650001525878906,43.650001525878906,43.45000076293945,43.45000076293945,35.45161819458008,400
2018-04-04,43.45000076293945,43.45000076293945,43.45000076293945,43.45000076293945,35.45161819458008,0
2018-04-05,43.79999923706055,44.0,43.79999923706055,44.0,35.90036392211914,1000
2018-04-06,44.0,44.0,44.0,44.0,35.90036392211914,0
2018-04-09,44.0,44.0,44.0,44.0,35.90036392211914,300
2018-04-10,44.0,44.0,44.0,44.0,35.90036392211914,0
2018-04-11,44.0,44.0,44.0,44.0,35.90036392211914,0
2018-04-12,44.0,44.0,44.0,44.0,35.90036392211914,0
2018-04-13,44.0,44.0,44.0,44.0,35.90036392211914,10300
2018-04-16,44.0,44.0,44.0,44.0,35.90036392211914,0
2018-04-17,44.0,44.0,44.0,44.0,35.90036392211914,0
2018-04-18,44.25,44.25,44.25,44.25,36.104347229003906,400
2018-04-19,44.25,44.25,44.25,44.25,36.104347229003906,0
2018-04-20,44.25,44.25,44.25,44.25,36.104347229003906,0
2018-04-23,44.5,44.5,44.5,44.5,36.308326721191406,300
2018-04-24,44.54999923706055,44.54999923706055,44.54999923706055,44.54999923706055,36.349117279052734,300
2018-04-25,44.5,44.5,44.5,44.5,36.308326721191406,300
2018-04-26,44.5,44.5,44.5,44.5,36.308326721191406,0
2018-04-27,44.25,44.25,44.25,44.25,36.104347229003906,600
2018-04-30,44.25,44.25,44.25,44.25,36.104347229003906,0
2018-05-01,44.25,44.25,44.25,44.25,36.104347229003906,0
2018-05-02,44.25,44.25,44.25,44.25,36.104347229003906,100
2018-05-03,44.04999923706055,44.099998474121094,44.04999923706055,44.099998474121094,35.98195266723633,1700
2018-05-04,44.099998474121094,44.099998474121094,44.099998474121094,44.099998474121094,35.98195266723633,0
2018-05-07,44.099998474121094,44.099998474121094,44.099998474121094,44.099998474121094,35.98195266723633,0
2018-05-08,44.099998474121094,44.099998474121094,44.099998474121094,44.099998474121094,35.98195266723633,0
2018-05-09,44.099998474121094,44.099998474121094,44.099998474121094,44.099998474121094,35.98195266723633,0
2018-05-10,44.0,44.0,44.0,44.0,35.90036392211914,10700
2018-05-11,44.0,44.0,44.0,44.0,35.90036392211914,400
2018-05-14,44.0,44.0,44.0,44.0,35.90036392211914,0
2018-05-15,44.0,44.0,44.0,44.0,35.90036392211914,0
2018-05-16,44.0,44.0,44.0,44.0,35.90036392211914,0
2018-05-17,44.04999923706055,44.04999923706055,44.0,44.0,35.90036392211914,800
2018-05-18,44.0,44.0,44.0,44.0,35.90036392211914,0
2018-05-21,44.0,44.0,44.0,44.0,35.90036392211914,4000
2018-05-22,44.0,44.0,44.0,44.0,35.90036392211914,100
2018-05-23,44.0,44.0,44.0,44.0,35.90036392211914,500
2018-05-24,44.0,44.0,44.0,44.0,35.90036392211914,0
2018-05-25,44.04999923706055,44.099998474121094,44.0,44.099998474121094,35.98195266723633,3300
2018-05-29,44.20000076293945,44.20000076293945,44.099998474121094,44.099998474121094,35.98195266723633,300
2018-05-30,44.0,44.349998474121094,44.0,44.349998474121094,36.18592834472656,900
2018-05-31,44.349998474121094,44.349998474121094,44.349998474121094,44.349998474121094,36.18592834472656,0
2018-06-01,44.0,44.150001525878906,44.0,44.150001525878906,36.02274703979492,600
2018-06-04,44.150001525878906,44.150001525878906,44.150001525878906,44.150001525878906,36.02274703979492,0
2018-06-05,43.75,43.75,42.560001373291016,42.849998474121094,34.96206283569336,11100
2018-06-06,42.900001525878906,43.75,42.900001525878906,43.75,35.69638442993164,700
2018-06-07,43.29999923706055,43.29999923706055,43.29999923706055,43.29999923706055,35.329219818115234,26500
2018-06-08,43.290000915527344,43.29999923706055,43.290000915527344,43.29999923706055,35.329219818115234,8500
2018-06-11,43.29999923706055,43.29999923706055,43.29999923706055,43.29999923706055,35.329219818115234,0
2018-06-12,43.29999923706055,43.29999923706055,43.29999923706055,43.29999923706055,35.329219818115234,700
2018-06-13,43.0,43.0,43.0,43.0,35.08445358276367,500
2018-06-14,43.29999923706055,43.29999923706055,43.29999923706055,43.29999923706055,35.329219818115234,100
2018-06-15,43.29999923706055,43.29999923706055,43.04999923706055,43.04999923706055,35.125247955322266,1100
2018-06-18,43.0,43.0,43.0,43.0,35.08445358276367,400
2018-06-19,43.0,43.0,42.75,42.75,34.88047409057617,500
2018-06-20,42.79999923706055,42.79999923706055,42.79999923706055,42.79999923706055,34.921260833740234,100
2018-06-21,43.0,43.0,43.0,43.0,35.08445358276367,900
2018-06-22,42.849998474121094,42.849998474121094,42.849998474121094,42.849998474121094,34.96206283569336,200
2018-06-25,42.849998474121094,42.849998474121094,42.849998474121094,42.849998474121094,34.96206283569336,0
2018-06-26,42.849998474121094,42.849998474121094,42.849998474121094,42.849998474121094,34.96206283569336,0
2018-06-27,42.849998474121094,42.849998474121094,42.849998474121094,42.849998474121094,34.96206283569336,0
2018-06-28,42.95000076293945,42.95000076293945,42.95000076293945,42.95000076293945,35.29072570800781,40000
2018-06-29,42.95000076293945,42.95000076293945,42.95000076293945,42.95000076293945,35.29072570800781,15000
2018-07-02,42.95000076293945,42.95000076293945,42.95000076293945,42.95000076293945,35.29072570800781,100
2018-07-03,42.849998474121094,42.849998474121094,42.849998474121094,42.849998474121094,35.208560943603516,400
2018-07-05,42.849998474121094,42.849998474121094,42.849998474121094,42.849998474121094,35.208560943603516,0
2018-07-06,42.849998474121094,42.849998474121094,42.849998474121094,42.849998474121094,35.208560943603516,0
2018-07-09,42.93000030517578,43.0,42.849998474121094,42.95000076293945,35.29072570800781,16000
2018-07-10,43.0,43.0,43.0,43.0,35.33180618286133,400
2018-07-11,43.0,43.0,43.0,43.0,35.33180618286133,0
2018-07-12,43.0,43.0,43.0,43.0,35.33180618286133,1500
2018-07-13,43.0,43.0,43.0,43.0,35.33180618286133,1300
2018-07-16,43.0,43.0,43.0,43.0,35.33180618286133,0
2018-07-17,42.95000076293945,42.95000076293945,42.95000076293945,42.95000076293945,35.29072570800781,100
2018-07-18,42.95000076293945,42.95000076293945,42.95000076293945,42.95000076293945,35.29072570800781,0
2018-07-19,42.95000076293945,42.95000076293945,42.95000076293945,42.95000076293945,35.29072570800781,0
2018-07-20,42.95000076293945,42.95000076293945,42.95000076293945,42.95000076293945,35.29072570800781,200
2018-07-23,42.95000076293945,42.95000076293945,42.95000076293945,42.95000076293945,35.29072570800781,0
2018-07-24,42.849998474121094,42.849998474121094,42.849998474121094,42.849998474121094,35.208560943603516,200
2018-07-25,42.849998474121094,42.849998474121094,42.849998474121094,42.849998474121094,35.208560943603516,0
2018-07-26,43.0,43.0,43.0,43.0,35.33180618286133,1100
2018-07-27,43.0,43.0,43.0,43.0,35.33180618286133,0
2018-07-30,43.0,43.0,43.0,43.0,35.33180618286133,0
2018-07-31,43.25,43.75,43.25,43.29999923706055,35.57830810546875,6300
2018-08-01,43.25,43.54999923706055,43.099998474121094,43.099998474121094,35.413978576660156,1500
2018-08-02,43.0,43.0,43.0,43.0,35.33180618286133,1300
2018-08-03,43.20000076293945,43.20000076293945,43.20000076293945,43.20000076293945,35.49614715576172,1700
2018-08-06,43.45000076293945,43.54999923706055,43.0,43.189998626708984,35.4879264831543,3900
2018-08-07,43.5,43.689998626708984,43.11000061035156,43.189998626708984,35.4879264831543,3900
2018-08-08,43.4900016784668,44.20000076293945,43.4900016784668,43.70000076293945,35.9069709777832,1900
2018-08-09,44.099998474121094,44.95000076293945,44.0,44.5,36.56431579589844,6000
2018-08-10,44.45000076293945,44.45000076293945,44.45000076293945,44.45000076293945,36.52323532104492,600
2018-08-13,44.400001525878906,44.400001525878906,44.25,44.349998474121094,36.44105911254883,3000
2018-08-14,44.45000076293945,45.4900016784668,44.45000076293945,45.4900016784668,37.37776565551758,600
2018-08-15,45.7400016784668,46.29999923706055,45.7400016784668,46.0,37.79682159423828,4500
2018-08-16,46.0,46.0,46.0,46.0,37.79682159423828,400
2018-08-17,46.0,46.0,46.0,46.0,37.79682159423828,300
2018-08-20,45.900001525878906,45.900001525878906,45.20000076293945,45.20000076293945,37.13948059082031,800
2018-08-21,45.75,45.75,45.75,45.75,37.59141540527344,100
2018-08-22,45.75,45.75,45.75,45.75,37.59141540527344,0
2018-08-23,45.400001525878906,45.400001525878906,45.0,45.0,36.97515106201172,500
2018-08-24,45.0,45.0,45.0,45.0,36.97515106201172,200
2018-08-27,44.849998474121094,44.849998474121094,44.650001525878906,44.650001525878906,36.68757247924805,800
2018-08-28,44.650001525878906,44.650001525878906,44.45000076293945,44.45000076293945,36.52323532104492,700
2018-08-29,44.25,44.25,44.25,44.25,36.35889434814453,500
2018-08-30,44.130001068115234,44.130001068115234,44.0,44.0,36.153480529785156,400
2018-08-31,44.099998474121094,44.099998474121094,44.099998474121094,44.099998474121094,36.23564147949219,1500
2018-09-04,43.75,44.0,43.119998931884766,44.0,36.153480529785156,800
2018-09-05,43.75,43.75,43.75,43.75,35.948062896728516,100
2018-09-06,43.20000076293945,44.20000076293945,43.20000076293945,44.20000076293945,36.31780242919922,8900
2018-09-07,43.849998474121094,43.849998474121094,43.849998474121094,43.849998474121094,36.03023147583008,2200
2018-09-10,44.0,44.0,44.0,44.0,36.153480529785156,200
2018-09-11,44.400001525878906,44.400001525878906,44.150001525878906,44.150001525878906,36.276729583740234,2100
2018-09-12,44.150001525878906,44.75,44.150001525878906,44.75,36.76972579956055,7000
2018-09-13,44.75,44.75,44.75,44.75,36.76972579956055,0
2018-09-14,44.75,44.75,44.75,44.75,36.76972579956055,0
2018-09-17,44.75,45.25,44.630001068115234,45.25,37.180572509765625,2100
2018-09-18,44.75,44.75,44.5,44.5,36.56431579589844,1300
2018-09-19,44.70000076293945,44.70000076293945,44.400001525878906,44.5,36.56431579589844,5600
2018-09-20,44.5,44.5,44.5,44.5,36.56431579589844,1600
2018-09-21,44.5,44.5,44.5,44.5,36.56431579589844,0
2018-09-24,44.54999923706055,44.54999923706055,44.5,44.5,36.56431579589844,1300
2018-09-25,44.5,44.5,44.5,44.5,36.56431579589844,500
2018-09-26,44.5,44.5,44.5,44.5,36.56431579589844,0
2018-09-27,44.54999923706055,44.54999923706055,44.54999923706055,44.54999923706055,36.85384750366211,300
2018-09-28,44.5,44.5,44.5,44.5,36.8124885559082,1300
2018-10-01,44.54999923706055,44.70000076293945,44.54999923706055,44.70000076293945,36.97793960571289,4600
2018-10-02,44.70000076293945,44.70000076293945,44.70000076293945,44.70000076293945,36.97793960571289,0
2018-10-03,44.70000076293945,44.70000076293945,44.70000076293945,44.70000076293945,36.97793960571289,0
2018-10-04,44.70000076293945,44.75,44.70000076293945,44.75,37.01930236816406,500
2018-10-05,44.650001525878906,44.68000030517578,44.650001525878906,44.68000030517578,36.96139144897461,1300
2018-10-08,44.650001525878906,44.650001525878906,44.650001525878906,44.650001525878906,36.93657684326172,1400
2018-10-09,44.650001525878906,44.95000076293945,44.650001525878906,44.95000076293945,37.184749603271484,600
2018-10-10,44.79999923706055,44.900001525878906,44.79999923706055,44.900001525878906,37.143394470214844,1400
2018-10-11,44.70000076293945,44.70000076293945,44.70000076293945,44.70000076293945,36.97793960571289,2600
2018-10-12,44.650001525878906,44.650001525878906,44.650001525878906,44.650001525878906,36.93657684326172,100
2018-10-15,45.0,45.0,44.650001525878906,44.650001525878906,36.93657684326172,300
2018-10-16,44.849998474121094,44.849998474121094,44.650001525878906,44.650001525878906,36.93657684326172,1000
2018-10-17,44.54999923706055,44.54999923706055,44.54999923706055,44.54999923706055,36.85384750366211,1000
2018-10-18,44.459999084472656,44.5,44.459999084472656,44.5,36.8124885559082,6500
2018-10-19,44.5,44.5,44.5,44.5,36.8124885559082,600
2018-10-22,44.5,44.54999923706055,44.0,44.54999923706055,36.85384750366211,800
2018-10-23,43.880001068115234,44.08000183105469,43.880001068115234,43.880001068115234,36.29960250854492,1400
2018-10-24,43.880001068115234,43.880001068115234,43.880001068115234,43.880001068115234,36.29960250854492,0
2018-10-25,43.5,44.0,43.5,44.0,36.39886474609375,2000
2018-10-26,43.5,44.400001525878906,43.5,44.400001525878906,36.729759216308594,1800
2018-10-29,44.400001525878906,44.400001525878906,44.400001525878906,44.400001525878906,36.729759216308594,0
2018-10-30,44.0,44.0,42.5,44.0,36.39886474609375,400
2018-10-31,44.0,44.0,44.0,44.0,36.39886474609375,0
2018-11-01,44.25,44.25,44.25,44.25,36.605674743652344,100
2018-11-02,44.25,45.650001525878906,44.02000045776367,45.650001525878906,37.76382827758789,1900
2018-11-05,46.0,46.099998474121094,45.0,45.0,37.226112365722656,300
2018-11-06,45.0,45.0,45.0,45.0,37.226112365722656,0
2018-11-07,45.0,46.59000015258789,44.0,45.0,37.226112365722656,1900
2018-11-08,43.5,44.0,43.0,44.0,36.39886474609375,700
2018-11-09,45.0,45.0,45.0,45.0,37.226112365722656,100
2018-11-12,44.02000045776367,44.02000045776367,44.0099983215332,44.0099983215332,36.40713882446289,1400
2018-11-13,44.0099983215332,44.0099983215332,44.0099983215332,44.0099983215332,36.40713882446289,0
2018-11-14,44.5,44.5,43.75,44.0,36.39886474609375,700
2018-11-15,45.599998474121094,45.599998474121094,45.599998474121094,45.599998474121094,37.72246170043945,100
2018-11-16,45.599998474121094,45.599998474121094,45.599998474121094,45.599998474121094,37.72246170043945,100
2018-11-19,45.599998474121094,45.599998474121094,45.599998474121094,45.599998474121094,37.72246170043945,0
2018-11-20,45.599998474121094,45.599998474121094,45.599998474121094,45.599998474121094,37.72246170043945,100
2018-11-21,45.400001525878906,45.400001525878906,45.400001525878906,45.400001525878906,37.55701446533203,100
2018-11-23,45.400001525878906,45.400001525878906,45.400001525878906,45.400001525878906,37.55701446533203,0
2018-11-26,44.900001525878906,44.900001525878906,44.900001525878906,44.900001525878906,37.143394470214844,200
2018-11-27,45.0,45.0,45.0,45.0,37.226112365722656,100
2018-11-28,44.25,44.45000076293945,43.25,43.75,36.19205856323242,4700
2018-11-29,44.5,44.5,44.5,44.5,36.8124885559082,200
2018-11-30,44.5,44.5,44.5,44.5,36.8124885559082,0
2018-12-03,44.5,44.5,44.0,44.5,36.8124885559082,2900
2018-12-04,44.0,44.0,44.0,44.0,36.39886474609375,200
2018-12-06,43.75,43.77000045776367,43.75,43.77000045776367,36.20859909057617,500
2018-12-07,43.75,43.75,43.75,43.75,36.19205856323242,600
2018-12-10,43.75,44.0,43.75,44.0,36.39886474609375,2700
2018-12-11,44.0,44.0,44.0,44.0,36.39886474609375,0
2018-12-12,44.0,44.0,43.52000045776367,43.52000045776367,36.001800537109375,2600
2018-12-13,43.52000045776367,43.52000045776367,43.52000045776367,43.52000045776367,36.001800537109375,0
2018-12-14,43.52000045776367,43.52000045776367,43.52000045776367,43.52000045776367,36.001800537109375,0
2018-12-17,43.52000045776367,43.52000045776367,43.52000045776367,43.52000045776367,36.001800537109375,100
2018-12-18,43.0,43.0,43.0,43.0,35.571617126464844,200
2018-12-19,43.0,43.0,43.0,43.0,35.571617126464844,100
2018-12-20,41.0,41.0,41.0,41.0,33.91712188720703,300
2018-12-21,41.54999923706055,41.54999923706055,41.54999923706055,41.54999923706055,34.372108459472656,400
2018-12-24,42.0,42.20000076293945,42.0,42.20000076293945,34.909820556640625,200
2018-12-26,43.0,43.0,43.0,43.0,35.571617126464844,600
2018-12-27,43.0,43.0,43.0,43.0,35.82154083251953,0
2018-12-28,43.0,43.0,43.0,43.0,35.82154083251953,0
2018-12-31,39.279998779296875,43.0,39.279998779296875,43.0,35.82154083251953,800
2019-01-02,43.0,43.0,43.0,43.0,35.82154083251953,0
2019-01-03,42.5,43.0,42.5,43.0,35.82154083251953,300
2019-01-04,43.0,43.0,43.0,43.0,35.82154083251953,100
2019-01-07,43.0,43.0,43.0,43.0,35.82154083251953,100
2019-01-08,43.25,43.25,43.25,43.25,36.02980041503906,200
2019-01-09,43.0,43.0,43.0,43.0,35.82154083251953,1300
2019-01-10,43.0,43.0,43.0,43.0,35.82154083251953,0
2019-01-11,43.0,43.0,43.0,43.0,35.82154083251953,200
2019-01-14,41.54999923706055,43.0,41.0,43.0,35.82154083251953,500
2019-01-15,41.25,43.0,41.25,43.0,35.82154083251953,400
2019-01-16,43.0,43.0,43.0,43.0,35.82154083251953,100
2019-01-17,43.0,43.0099983215332,43.0,43.0,35.82154083251953,2800
2019-01-18,43.0,43.0,43.0,43.0,35.82154083251953,0
2019-01-22,43.0,43.0,40.25,42.0,34.98848342895508,2500
2019-01-23,42.0,42.0,42.0,42.0,34.98848342895508,0
2019-01-24,43.0,43.0,43.0,43.0,35.82154083251953,200
2019-01-25,44.0,44.400001525878906,43.0,44.349998474121094,36.9461669921875,2400
2019-01-28,43.29999923706055,43.29999923706055,43.0,43.0,35.82154083251953,1000
2019-01-29,43.0,43.0,43.0,43.0,35.82154083251953,100
2019-01-30,43.75,43.75,43.0,43.0,35.82154083251953,1700
2019-01-31,44.0,44.0,44.0,44.0,36.654598236083984,100
2019-02-01,44.0,44.0,44.0,44.0,36.654598236083984,500
2019-02-04,42.04999923706055,43.04999923706055,42.04999923706055,43.0,35.82154083251953,4600
2019-02-05,43.04999923706055,43.04999923706055,42.099998474121094,42.099998474121094,35.071781158447266,900
2019-02-06,43.04999923706055,43.04999923706055,43.04999923706055,43.04999923706055,35.86319351196289,100
2019-02-07,42.599998474121094,43.0,42.5,42.599998474121094,35.48831558227539,1000
2019-02-08,42.599998474121094,42.599998474121094,42.599998474121094,42.599998474121094,35.48831558227539,100
2019-02-11,42.20000076293945,42.20000076293945,42.099998474121094,42.099998474121094,35.071781158447266,3300
2019-02-12,42.04999923706055,42.20000076293945,41.70000076293945,42.20000076293945,35.15509033203125,1000
2019-02-13,42.599998474121094,42.599998474121094,42.599998474121094,42.599998474121094,35.48831558227539,1000
2019-02-14,42.20000076293945,43.0,42.099998474121094,42.5,35.40500259399414,4000
2019-02-15,42.099998474121094,42.5,42.099998474121094,42.5,35.40500259399414,7400
2019-02-19,43.0,43.0,42.5,42.5,35.40500259399414,500
2019-02-20,42.599998474121094,42.599998474121094,42.599998474121094,42.599998474121094,35.48831558227539,100
2019-02-21,43.0,43.04999923706055,42.599998474121094,43.04999923706055,35.86319351196289,3000
2019-02-22,43.0,43.0,42.599998474121094,42.599998474121094,35.48831558227539,3300
2019-02-25,42.599998474121094,42.75,42.5,42.75,35.61326217651367,2200
2019-02-26,43.0,43.0,42.75,43.0,35.82154083251953,4700
2019-02-27,43.0,43.0,43.0,43.0,35.82154083251953,100
2019-02-28,43.0,43.0,43.0,43.0,35.82154083251953,500
2019-03-01,43.0,43.0,43.0,43.0,35.82154083251953,100
2019-03-04,42.5,43.0,42.5,43.0,35.82154083251953,2300
2019-03-05,42.86000061035156,43.54999923706055,42.849998474121094,43.5,36.238059997558594,5400
2019-03-06,43.0,43.0,42.75,42.75,35.61326217651367,1100
2019-03-07,42.70000076293945,43.0,42.5,42.5,35.40500259399414,2000
2019-03-08,42.560001373291016,43.0,42.349998474121094,42.349998474121094,35.28005599975586,2800
2019-03-11,42.599998474121094,42.91999816894531,42.599998474121094,42.599998474121094,35.48831558227539,1600
2019-03-12,42.95000076293945,43.0,42.95000076293945,43.0,35.82154083251953,300
2019-03-13,42.900001525878906,42.900001525878906,42.900001525878906,42.900001525878906,35.73823165893555,300
2019-03-14,42.900001525878906,42.900001525878906,42.900001525878906,42.900001525878906,35.73823165893555,0
2019-03-15,42.75,42.75,42.75,42.75,35.61326217651367,200
2019-03-18,42.75,42.95000076293945,42.599998474121094,42.650001525878906,35.529972076416016,5500
2019-03-19,42.650001525878906,42.88999938964844,42.599998474121094,42.650001525878906,35.529972076416016,800
2019-03-20,42.650001525878906,42.650001525878906,42.5,42.5,35.40500259399414,2400
2019-03-21,42.650001525878906,42.650001525878906,42.650001525878906,42.650001525878906,35.529972076416016,800
2019-03-22,42.5,42.5,42.439998626708984,42.439998626708984,35.355018615722656,200
2019-03-25,42.33000183105469,42.33000183105469,41.5099983215332,41.9900016784668,34.98014450073242,2600
2019-03-26,41.849998474121094,41.849998474121094,41.25,41.400001525878906,34.4886474609375,3200
2019-03-27,41.88999938964844,41.900001525878906,41.88999938964844,41.900001525878906,34.90517807006836,700
2019-03-28,41.900001525878906,41.900001525878906,41.5,41.5,34.82126235961914,900
2019-03-29,42.0,42.0,41.45000076293945,41.45000076293945,34.77932357788086,2800
2019-04-01,41.5,41.5,41.45000076293945,41.45000076293945,34.77932357788086,11100
2019-04-02,41.349998474121094,41.349998474121094,41.29999923706055,41.29999923706055,34.6534538269043,700
2019-04-03,41.29999923706055,41.29999923706055,41.29999923706055,41.29999923706055,34.6534538269043,100
2019-04-04,41.790000915527344,41.79999923706055,41.790000915527344,41.79999923706055,35.0729866027832,600
2019-04-05,41.79999923706055,41.79999923706055,41.79999923706055,41.79999923706055,35.0729866027832,100
2019-04-08,41.79999923706055,41.900001525878906,41.79999923706055,41.79999923706055,35.0729866027832,2200
2019-04-09,41.79999923706055,41.79999923706055,41.5,41.54999923706055,34.863216400146484,2800
2019-04-10,41.54999923706055,41.54999923706055,41.54999923706055,41.54999923706055,34.863216400146484,100
2019-04-11,41.5099983215332,41.5099983215332,41.5099983215332,41.5099983215332,34.829654693603516,500
2019-04-12,41.5099983215332,41.5099983215332,41.5099983215332,41.5099983215332,34.829654693603516,0
2019-04-15,41.54999923706055,41.54999923706055,41.52000045776367,41.54999923706055,34.863216400146484,1500
2019-04-16,41.54999923706055,42.0,41.54999923706055,41.54999923706055,34.863216400146484,2300
2019-04-17,41.54999923706055,41.79999923706055,41.54999923706055,41.79999923706055,35.0729866027832,2000
2019-04-18,41.790000915527344,41.79999923706055,41.790000915527344,41.79999923706055,35.0729866027832,2000
2019-04-22,42.0,42.4900016784668,42.0,42.4900016784668,35.65194320678711,200
2019-04-23,42.4900016784668,42.4900016784668,42.4900016784668,42.4900016784668,35.65194320678711,0
2019-04-24,42.29999923706055,43.5,42.29999923706055,43.5,36.4994010925293,2800
2019-04-25,43.5,43.5,43.5,43.5,36.4994010925293,800
2019-04-26,43.5,43.5,43.5,43.5,36.4994010925293,200
2019-04-29,43.5,43.5,43.5,43.5,36.4994010925293,100
2019-04-30,43.29999923706055,44.0,43.29999923706055,44.0,36.91892623901367,2400
2019-05-01,44.0,44.0,44.0,44.0,36.91892623901367,0
2019-05-02,43.599998474121094,43.599998474121094,43.599998474121094,43.599998474121094,36.58330154418945,400
2019-05-03,43.599998474121094,43.599998474121094,43.599998474121094,43.599998474121094,36.58330154418945,0
2019-05-06,43.599998474121094,43.599998474121094,43.599998474121094,43.599998474121094,36.58330154418945,0
2019-05-07,43.599998474121094,43.599998474121094,43.599998474121094,43.599998474121094,36.58330154418945,300
2019-05-08,43.75,43.75,43.75,43.75,36.70917510986328,200
2019-05-09,43.70000076293945,43.70000076293945,43.70000076293945,43.70000076293945,36.66720962524414,200
2019-05-10,43.79999923706055,43.849998474121094,43.79999923706055,43.849998474121094,36.79307556152344,1200
2019-05-13,43.70000076293945,43.849998474121094,43.70000076293945,43.84000015258789,36.78468322753906,900
2019-05-14,43.54999923706055,43.54999923706055,43.54999923706055,43.54999923706055,36.541351318359375,700
2019-05-15,43.54999923706055,43.849998474121094,43.5,43.849998474121094,36.79307556152344,1000
2019-05-16,43.849998474121094,43.849998474121094,43.849998474121094,43.849998474121094,36.79307556152344,0
2019-05-17,44.0,44.0,44.0,44.0,36.91892623901367,500
2019-05-20,44.0,44.0,44.0,44.0,36.91892623901367,100
2019-05-21,43.7599983215332,44.0,43.75,43.79999923706055,36.751121520996094,5300
2019-05-22,43.61000061035156,43.79999923706055,43.61000061035156,43.79999923706055,36.751121520996094,200
2019-05-23,43.599998474121094,43.599998474121094,43.5,43.5,36.4994010925293,800
2019-05-24,43.5,43.5,43.5,43.5,36.4994010925293,0
2019-05-28,43.5,43.5,43.400001525878906,43.400001525878906,36.415496826171875,900
2019-05-29,43.29999923706055,43.29999923706055,43.29999923706055,43.29999923706055,36.33158874511719,3200
2019-05-30,43.099998474121094,43.099998474121094,43.0,43.0,36.079872131347656,2200
2019-05-31,43.04999923706055,43.04999923706055,43.04999923706055,43.04999923706055,36.121826171875,500
2019-06-03,42.79999923706055,43.25,42.79999923706055,42.79999923706055,35.91205596923828,500
2019-06-04,42.79999923706055,42.79999923706055,42.79999923706055,42.79999923706055,35.91205596923828,0
2019-06-05,42.79999923706055,42.79999923706055,42.79999923706055,42.79999923706055,35.91205596923828,200
2019-06-06,42.79999923706055,42.79999923706055,42.79999923706055,42.79999923706055,35.91205596923828,1700
2019-06-07,42.79999923706055,42.79999923706055,42.79999923706055,42.79999923706055,35.91205596923828,100
2019-06-10,42.79999923706055,43.0,42.79999923706055,43.0,36.079872131347656,700
2019-06-11,43.25,43.25,43.25,43.25,36.28963851928711,200
2019-06-12,43.0,43.29999923706055,43.0,43.29999923706055,36.33158874511719,1600
2019-06-13,43.29999923706055,43.29999923706055,43.29999923706055,43.29999923706055,36.33158874511719,100
2019-06-14,43.29999923706055,43.5,43.29999923706055,43.5,36.4994010925293,500
2019-06-17,43.45000076293945,43.5,43.45000076293945,43.5,36.4994010925293,1500
2019-06-18,43.54999923706055,43.54999923706055,43.54999923706055,43.54999923706055,36.541351318359375,200
2019-06-19,43.5,43.5,43.5,43.5,36.4994010925293,1000
2019-06-20,43.54999923706055,43.599998474121094,43.54999923706055,43.599998474121094,36.58330154418945,600
2019-06-21,43.54999923706055,43.54999923706055,43.54999923706055,43.54999923706055,36.541351318359375,100
2019-06-24,43.5,43.5099983215332,43.5,43.5,36.4994010925293,1200
2019-06-25,43.5,43.5,43.5,43.5,36.4994010925293,100
2019-06-26,43.599998474121094,43.599998474121094,43.599998474121094,43.599998474121094,36.58330154418945,400
2019-06-27,43.599998474121094,43.599998474121094,43.599998474121094,43.599998474121094,36.845279693603516,0
2019-06-28,43.68000030517578,44.0,43.68000030517578,44.0,37.18330383300781,1400
2019-07-01,43.75,44.0,43.54999923706055,44.0,37.18330383300781,500
2019-07-02,43.54999923706055,43.54999923706055,43.54999923706055,43.54999923706055,36.80302810668945,500
2019-07-03,43.70000076293945,43.75,43.70000076293945,43.75,36.9720458984375,1900
2019-07-05,43.79999923706055,43.79999923706055,43.79999923706055,43.79999923706055,37.0142936706543,200
2019-07-08,43.79999923706055,43.79999923706055,43.79999923706055,43.79999923706055,37.0142936706543,200
2019-07-09,43.79999923706055,43.79999923706055,43.79999923706055,43.79999923706055,37.0142936706543,500
2019-07-10,44.0,44.0,44.0,44.0,37.18330383300781,3900
2019-07-11,44.0,44.0,43.75,43.849998474121094,37.056549072265625,700
2019-07-12,43.849998474121094,43.849998474121094,43.849998474121094,43.849998474121094,37.056549072265625,0
2019-07-15,44.04999923706055,44.04999923706055,43.849998474121094,43.849998474121094,37.056549072265625,300
2019-07-16,44.04999923706055,44.04999923706055,44.04999923706055,44.04999923706055,37.22555923461914,3000
2019-07-17,44.04999923706055,44.400001525878906,44.0,44.04999923706055,37.22555923461914,1400
2019-07-18,44.0,44.0,44.0,44.0,37.18330383300781,1200
2019-07-19,44.0,44.0,44.0,44.0,37.18330383300781,0
2019-07-22,44.0099983215332,44.0099983215332,44.0,44.0,37.18330383300781,1100
2019-07-23,44.0,44.0,44.0,44.0,37.18330383300781,1000
2019-07-24,45.38999938964844,45.400001525878906,44.75,44.75,37.81711196899414,1800
2019-07-25,44.75,44.75,44.75,44.75,37.81711196899414,0
2019-07-26,44.70000076293945,44.70000076293945,44.70000076293945,44.70000076293945,37.774864196777344,200
2019-07-29,45.0,45.0,45.0,45.0,38.02838134765625,1000
2019-07-30,45.0,45.0,45.0,45.0,38.02838134765625,100
2019-07-31,45.0,45.0,45.0,45.0,38.02838134765625,500
2019-08-01,45.0,45.0,45.0,45.0,38.02838134765625,100
2019-08-02,45.0,45.0,45.0,45.0,38.02838134765625,100
2019-08-05,44.79999923706055,44.79999923706055,44.79999923706055,44.79999923706055,37.859371185302734,3900
2019-08-06,44.79999923706055,44.79999923706055,44.79999923706055,44.79999923706055,37.859371185302734,100
2019-08-07,44.79999923706055,44.79999923706055,44.79999923706055,44.79999923706055,37.859371185302734,100
2019-08-08,45.0,45.0,45.0,45.0,38.02838134765625,2200
2019-08-09,45.0,45.0,45.0,45.0,38.02838134765625,0
2019-08-12,44.81999969482422,44.81999969482422,44.81999969482422,44.81999969482422,37.87626647949219,600
2019-08-13,44.81999969482422,44.81999969482422,44.81999969482422,44.81999969482422,37.87626647949219,3000
2019-08-14,44.75,44.95000076293945,44.52000045776367,44.81999969482422,37.87626647949219,7000
2019-08-15,44.70000076293945,44.70000076293945,44.099998474121094,44.099998474121094,37.26781463623047,3400
2019-08-16,44.099998474121094,44.099998474121094,44.099998474121094,44.099998474121094,37.26781463623047,0
2019-08-19,44.75,44.9900016784668,44.119998931884766,44.119998931884766,37.28471374511719,1400
2019-08-20,44.119998931884766,44.119998931884766,44.119998931884766,44.119998931884766,37.28471374511719,1200
2019-08-21,44.119998931884766,44.119998931884766,44.119998931884766,44.119998931884766,37.28471374511719,0
2019-08-22,44.119998931884766,44.119998931884766,44.119998931884766,44.119998931884766,37.28471374511719,500
2019-08-23,44.119998931884766,44.119998931884766,44.119998931884766,44.119998931884766,37.28471374511719,0
2019-08-26,44.119998931884766,44.119998931884766,44.119998931884766,44.119998931884766,37.28471374511719,0
2019-08-27,44.119998931884766,44.119998931884766,44.099998474121094,44.099998474121094,37.26781463623047,300
2019-08-28,43.9900016784668,44.0,43.9900016784668,44.0,37.18330383300781,200
2019-08-29,43.900001525878906,43.900001525878906,43.75,43.75,36.9720458984375,3500
2019-08-30,43.619998931884766,44.0,43.619998931884766,44.0,37.18330383300781,1600
2019-09-03,44.0,44.0,44.0,44.0,37.18330383300781,0
2019-09-04,44.0,44.0,44.0,44.0,37.18330383300781,0
2019-09-05,44.099998474121094,44.099998474121094,44.099998474121094,44.099998474121094,37.26781463623047,300
2019-09-06,44.099998474121094,44.099998474121094,44.099998474121094,44.099998474121094,37.26781463623047,0
2019-09-09,43.95000076293945,44.099998474121094,43.95000076293945,44.099998474121094,37.26781463623047,8200
2019-09-10,44.0,44.04999923706055,43.95000076293945,44.04999923706055,37.22555923461914,1800
2019-09-11,44.04999923706055,44.04999923706055,44.04999923706055,44.04999923706055,37.22555923461914,0
2019-09-12,44.2400016784668,44.25,44.2400016784668,44.25,37.39457321166992,300
2019-09-13,44.25,44.25,44.25,44.25,37.39457321166992,500
2019-09-16,44.29999923706055,44.29999923706055,44.29999923706055,44.29999923706055,37.436832427978516,100
2019-09-17,44.29999923706055,44.349998474121094,44.29999923706055,44.349998474121094,37.479087829589844,700
2019-09-18,44.349998474121094,44.349998474121094,44.349998474121094,44.349998474121094,37.479087829589844,0
2019-09-19,44.349998474121094,44.349998474121094,44.349998474121094,44.349998474121094,37.479087829589844,500
2019-09-20,44.349998474121094,44.349998474121094,44.349998474121094,44.349998474121094,37.479087829589844,2000
2019-09-23,44.349998474121094,44.349998474121094,44.349998474121094,44.349998474121094,37.479087829589844,0
2019-09-24,44.349998474121094,44.349998474121094,44.349998474121094,44.349998474121094,37.479087829589844,0
2019-09-25,44.369998931884766,44.5,44.369998931884766,44.5,37.60584259033203,2600
2019-09-26,44.5,44.5,44.5,44.5,37.869659423828125,0
2019-09-27,44.310001373291016,44.400001525878906,44.310001373291016,44.400001525878906,37.78456115722656,500
2019-09-30,44.400001525878906,44.400001525878906,44.400001525878906,44.400001525878906,37.78456115722656,200
2019-10-01,44.5,44.5,44.5,44.5,37.869659423828125,5900
2019-10-02,44.5,44.5,44.5,44.5,37.869659423828125,100
2019-10-03,44.45000076293945,44.45000076293945,44.45000076293945,44.45000076293945,37.82711410522461,900
2019-10-04,44.5,44.5,44.5,44.5,37.869659423828125,1300
2019-10-07,44.5099983215332,44.5099983215332,44.5,44.5,37.869659423828125,700
2019-10-08,44.5,44.5,44.5,44.5,37.869659423828125,200
2019-10-09,44.70000076293945,44.70000076293945,44.70000076293945,44.70000076293945,38.039859771728516,200
2019-10-10,44.70000076293945,44.70000076293945,44.70000076293945,44.70000076293945,38.039859771728516,0
2019-10-11,44.70000076293945,45.0,44.70000076293945,45.0,38.2951545715332,2100
2019-10-14,45.0,45.0,44.810001373291016,44.810001373291016,38.13347625732422,400
2019-10-15,44.810001373291016,45.400001525878906,44.810001373291016,45.400001525878906,38.63555908203125,2300
2019-10-16,45.400001525878906,45.400001525878906,45.400001525878906,45.400001525878906,38.63555908203125,0
2019-10-17,45.400001525878906,45.400001525878906,45.400001525878906,45.400001525878906,38.63555908203125,0
2019-10-18,45.400001525878906,45.400001525878906,45.400001525878906,45.400001525878906,38.63555908203125,100
2019-10-21,45.25,45.400001525878906,45.25,45.400001525878906,38.63555908203125,400
2019-10-22,45.0,45.400001525878906,44.810001373291016,44.810001373291016,38.13347625732422,8100
2019-10-23,45.0,45.0,45.0,45.0,38.2951545715332,400
2019-10-24,45.0,45.0,44.5,44.5,37.869659423828125,40600
2019-10-25,44.599998474121094,44.599998474121094,44.5,44.599998474121094,37.95475769042969,27700
2019-10-28,44.599998474121094,44.599998474121094,44.599998474121094,44.599998474121094,37.95475769042969,200
2019-10-29,44.599998474121094,44.75,44.599998474121094,44.75,38.08240509033203,1100
2019-10-30,45.0,45.0,45.0,45.0,38.2951545715332,100
2019-10-31,45.0,45.0,45.0,45.0,38.2951545715332,800
2019-11-01,45.0,45.0,45.0,45.0,38.2951545715332,0
2019-11-04,45.0,45.0,45.0,45.0,38.2951545715332,0
2019-11-05,45.0,45.0,45.0,45.0,38.2951545715332,1200
2019-11-06,45.0,45.0,45.0,45.0,38.2951545715332,0
2019-11-07,45.2400016784668,45.25,45.0,45.0,38.2951545715332,1100
2019-11-08,45.0,45.0,45.0,45.0,38.2951545715332,0
2019-11-11,44.900001525878906,45.20000076293945,44.900001525878906,45.20000076293945,38.465354919433594,700
2019-11-12,45.20000076293945,45.20000076293945,45.20000076293945,45.20000076293945,38.465354919433594,0
2019-11-13,45.20000076293945,45.20000076293945,45.20000076293945,45.20000076293945,38.465354919433594,0
2019-11-14,45.20000076293945,45.20000076293945,45.20000076293945,45.20000076293945,38.465354919433594,100
2019-11-15,45.20000076293945,45.20000076293945,45.20000076293945,45.20000076293945,38.465354919433594,100
2019-11-18,45.0,45.0099983215332,45.0,45.0099983215332,38.303672790527344,800
2019-11-19,45.0,45.0,45.0,45.0,38.2951545715332,300
2019-11-20,45.0,45.0,45.0,45.0,38.2951545715332,0
2019-11-21,45.18000030517578,45.18000030517578,45.18000030517578,45.18000030517578,38.448341369628906,100
2019-11-22,45.099998474121094,45.20000076293945,45.099998474121094,45.20000076293945,38.465354919433594,1800
2019-11-25,45.150001525878906,45.150001525878906,45.150001525878906,45.150001525878906,38.422813415527344,400
2019-11-26,45.20000076293945,45.20000076293945,45.150001525878906,45.150001525878906,38.422813415527344,47400
2019-11-27,45.150001525878906,45.20000076293945,45.099998474121094,45.20000076293945,38.465354919433594,500
2019-11-29,45.29999923706055,45.29999923706055,45.29999923706055,45.29999923706055,38.55046081542969,300
2019-12-02,45.349998474121094,45.349998474121094,45.29999923706055,45.29999923706055,38.55046081542969,200
2019-12-03,45.349998474121094,45.349998474121094,45.349998474121094,45.349998474121094,38.59300994873047,500
2019-12-04,45.400001525878906,45.400001525878906,45.29999923706055,45.400001525878906,38.63555908203125,5100
2019-12-05,45.349998474121094,45.36000061035156,45.349998474121094,45.349998474121094,38.59300994873047,1300
2019-12-06,45.400001525878906,45.400001525878906,45.400001525878906,45.400001525878906,38.63555908203125,1800
2019-12-09,45.36000061035156,45.369998931884766,45.36000061035156,45.369998931884766,38.61003112792969,400
2019-12-10,45.5,45.599998474121094,45.5,45.599998474121094,38.80575180053711,1300
2019-12-11,45.650001525878906,45.650001525878906,45.650001525878906,45.650001525878906,38.84832000732422,2000
2019-12-12,45.650001525878906,45.75,45.650001525878906,45.7400016784668,38.92490768432617,11200
2019-12-13,45.70000076293945,45.79999923706055,45.70000076293945,45.79999923706055,38.9759635925293,400
2019-12-16,45.849998474121094,45.900001525878906,45.849998474121094,45.900001525878906,39.061065673828125,600
2019-12-17,45.900001525878906,45.900001525878906,45.900001525878906,45.900001525878906,39.061065673828125,300
2019-12-18,45.900001525878906,45.900001525878906,45.849998474121094,45.849998474121094,39.018516540527344,2700
2019-12-19,45.900001525878906,45.900001525878906,45.900001525878906,45.900001525878906,39.061065673828125,200
2019-12-20,45.900001525878906,45.900001525878906,45.849998474121094,45.849998474121094,39.018516540527344,1000
2019-12-23,45.849998474121094,45.849998474121094,45.849998474121094,45.849998474121094,39.018516540527344,400
2019-12-24,45.849998474121094,45.849998474121094,45.849998474121094,45.849998474121094,39.018516540527344,0
2019-12-26,45.849998474121094,45.849998474121094,45.849998474121094,45.849998474121094,39.284122467041016,0
2019-12-27,45.849998474121094,45.849998474121094,45.849998474121094,45.849998474121094,39.284122467041016,0
2019-12-30,45.849998474121094,46.0,45.849998474121094,46.0,39.41263961791992,4100
2019-12-31,45.900001525878906,45.900001525878906,45.900001525878906,45.900001525878906,39.326961517333984,2800
2020-01-02,45.900001525878906,45.900001525878906,45.900001525878906,45.900001525878906,39.326961517333984,0
2020-01-03,46.150001525878906,46.150001525878906,46.150001525878906,46.150001525878906,39.54115676879883,100
2020-01-06,46.150001525878906,46.150001525878906,46.150001525878906,46.150001525878906,39.54115676879883,0
2020-01-07,46.0,46.20000076293945,46.0,46.20000076293945,39.584007263183594,600
2020-01-08,46.0,46.0,46.0,46.0,39.41263961791992,1800
2020-01-09,46.0,46.0,45.79999923706055,45.79999923706055,39.24127960205078,3500
2020-01-10,45.79999923706055,45.79999923706055,45.79999923706055,45.79999923706055,39.24127960205078,500
2020-01-13,46.0,46.0,46.0,46.0,39.41263961791992,100
2020-01-14,46.0,46.0,46.0,46.0,39.41263961791992,100
2020-01-15,45.83000183105469,45.84000015258789,45.79999923706055,45.81999969482422,39.2584228515625,4200
2020-01-16,45.81999969482422,45.81999969482422,45.81999969482422,45.81999969482422,39.2584228515625,0
2020-01-17,46.04999923706055,46.04999923706055,46.04999923706055,46.04999923706055,39.455482482910156,6100
2020-01-21,46.04999923706055,46.04999923706055,46.04999923706055,46.04999923706055,39.455482482910156,0
2020-01-22,46.04999923706055,46.04999923706055,46.04999923706055,46.04999923706055,39.455482482910156,0
2020-01-23,45.79999923706055,45.900001525878906,45.65999984741211,45.880001068115234,39.30982208251953,900
2020-01-24,45.65999984741211,45.65999984741211,45.65999984741211,45.65999984741211,39.12133026123047,700
2020-01-27,45.79999923706055,45.79999923706055,45.79999923706055,45.79999923706055,39.24127960205078,600
2020-01-28,45.65999984741211,45.65999984741211,45.65999984741211,45.65999984741211,39.12133026123047,400
2020-01-29,45.70000076293945,45.70000076293945,45.58000183105469,45.58000183105469,39.05278778076172,1200
2020-01-30,45.75,45.75,45.54999923706055,45.54999923706055,39.02708435058594,900
2020-01-31,45.54999923706055,45.54999923706055,45.54999923706055,45.54999923706055,39.02708435058594,500
2020-02-03,45.40999984741211,45.40999984741211,45.40999984741211,45.40999984741211,38.907127380371094,100
2020-02-04,45.40999984741211,45.40999984741211,45.40999984741211,45.40999984741211,38.907127380371094,0
2020-02-05,45.33000183105469,45.33000183105469,44.849998474121094,44.849998474121094,38.42732238769531,21000
2020-02-06,45.29999923706055,45.29999923706055,44.79999923706055,44.79999923706055,38.38448715209961,3000
2020-02-07,44.75,44.75,44.29999923706055,44.29999923706055,37.95608139038086,6300
2020-02-10,44.29999923706055,44.5,44.29999923706055,44.5,38.127445220947266,1200
2020-02-11,44.5,44.5,44.5,44.5,38.127445220947266,0
2020-02-12,44.29999923706055,44.29999923706055,44.29999923706055,44.29999923706055,37.95608139038086,100
2020-02-13,44.29999923706055,44.29999923706055,44.29999923706055,44.29999923706055,37.95608139038086,0
2020-02-14,44.29999923706055,44.29999923706055,44.29999923706055,44.29999923706055,37.95608139038086,0
2020-02-18,44.29999923706055,44.29999923706055,44.29999923706055,44.29999923706055,37.95608139038086,400
2020-02-19,44.20000076293945,44.5,44.20000076293945,44.5,38.127445220947266,4000
2020-02-20,44.29999923706055,44.29999923706055,44.189998626708984,44.189998626708984,37.86183166503906,800
2020-02-21,44.189998626708984,44.189998626708984,44.189998626708984,44.189998626708984,37.86183166503906,0
2020-02-24,44.04999923706055,44.04999923706055,44.02000045776367,44.02000045776367,37.71617889404297,700
2020-02-25,44.02000045776367,44.02000045776367,44.02000045776367,44.02000045776367,37.71617889404297,0
2020-02-26,44.02000045776367,44.02000045776367,43.900001525878906,43.900001525878906,37.61336898803711,900
2020-02-27,43.70000076293945,43.70000076293945,43.5,43.5,37.27064895629883,3300
2020-02-28,43.20000076293945,43.20000076293945,42.5,43.0,36.84225845336914,1600
2020-03-02,42.52000045776367,43.16999816894531,42.52000045776367,43.16999816894531,36.98790740966797,300
2020-03-03,42.52000045776367,43.20000076293945,42.31999969482422,42.31999969482422,36.2596321105957,500
2020-03-04,42.31999969482422,42.31999969482422,42.0,42.0,35.9854621887207,2400
2020-03-05,41.79999923706055,41.81999969482422,41.79999923706055,41.81999969482422,35.831233978271484,600
2020-03-06,41.5,41.5,40.06999969482422,41.0,35.128658294677734,1300
2020-03-09,40.04999923706055,40.04999923706055,39.5,40.0,34.2718620300293,400
2020-03-10,40.04999923706055,40.04999923706055,39.0,39.0,33.41506576538086,700
2020-03-11,39.0,39.0,39.0,39.0,33.41506576538086,400
2020-03-12,38.11000061035156,38.11000061035156,37.5,37.5,32.12986373901367,800
2020-03-13,38.0,38.0,37.5,37.56999969482422,32.18984603881836,2000
2020-03-16,37.25,37.25,37.04999923706055,37.25,31.915672302246094,500
2020-03-17,37.0,37.0,36.25,37.0,31.701475143432617,500
2020-03-18,36.0,36.0,33.75,36.0,30.844675064086914,700
2020-03-19,32.29999923706055,34.0,32.04999923706055,33.75,28.916881561279297,1300
2020-03-20,33.75,33.75,33.5099983215332,33.75,28.916881561279297,600
2020-03-23,32.63999938964844,32.63999938964844,32.0,32.0,27.417491912841797,900
2020-03-24,34.0,34.0,32.0,32.0,27.417491912841797,300
2020-03-25,31.649999618530273,37.56999969482422,31.0,31.31999969482422,26.83486557006836,6700
2020-03-26,31.520000457763672,32.0,31.520000457763672,31.75,27.475236892700195,2800
2020-03-27,32.0,32.0,31.059999465942383,31.5,27.258893966674805,1300
2020-03-30,31.059999465942383,31.5,30.719999313354492,30.719999313354492,26.583913803100586,1300
2020-03-31,30.75,31.5,30.75,31.5,27.258893966674805,800
2020-04-01,31.489999771118164,32.0,31.440000534057617,32.0,27.691577911376953,2300
2020-04-02,32.0,32.0,32.0,32.0,27.691577911376953,0
2020-04-03,32.0,32.0,32.0,32.0,27.691577911376953,0
2020-04-06,31.700000762939453,31.799999237060547,30.760000228881836,31.540000915527344,27.29350471496582,3800
2020-04-07,30.989999771118164,30.989999771118164,30.989999771118164,30.989999771118164,26.817562103271484,200
2020-04-08,30.989999771118164,30.989999771118164,30.989999771118164,30.989999771118164,26.817562103271484,0
2020-04-09,31.0,31.5,30.770000457763672,31.5,27.258893966674805,1100
2020-04-13,31.5,31.75,31.5,31.75,27.475236892700195,700
2020-04-14,31.0,31.0,31.0,31.0,26.826217651367188,600
2020-04-15,31.0,31.0,31.0,31.0,26.826217651367188,200
2020-04-16,30.760000228881836,30.760000228881836,30.6200008392334,30.6200008392334,26.49737548828125,400
2020-04-17,30.75,31.0,30.75,31.0,26.826217651367188,400
2020-04-20,31.0,31.0,31.0,31.0,26.826217651367188,0
2020-04-21,30.6200008392334,30.6200008392334,30.6200008392334,30.6200008392334,26.49737548828125,600
2020-04-22,31.5,31.5,31.5,31.5,27.258893966674805,800
2020-04-23,31.5,31.5,31.5,31.5,27.258893966674805,0
2020-04-24,31.5,31.5,31.5,31.5,27.258893966674805,0
2020-04-27,31.5,31.5,31.5,31.5,27.258893966674805,1400
2020-04-28,31.75,31.75,31.5,31.549999237060547,27.30216407775879,1400
2020-04-29,31.5,31.75,31.5,31.75,27.475236892700195,7700
2020-04-30,32.0,32.5,31.5,32.279998779296875,27.933876037597656,8000
2020-05-01,32.25,32.25,32.25,32.25,27.907915115356445,200
2020-05-04,32.45000076293945,32.45000076293945,30.649999618530273,30.649999618530273,26.523338317871094,4100
2020-05-05,31.0,31.0,31.0,31.0,26.826217651367188,1000
2020-05-06,30.670000076293945,31.489999771118164,30.0,30.0,25.96085548400879,2400
2020-05-07,30.989999771118164,31.0,30.989999771118164,31.0,26.826217651367188,1500
2020-05-08,30.25,30.5,30.25,30.450000762939453,26.350265502929688,1800
2020-05-11,30.5,30.5,30.049999237060547,30.450000762939453,26.350265502929688,2400
2020-05-12,30.0,30.25,29.75,29.75,25.744510650634766,5900
2020-05-13,29.75,29.75,29.649999618530273,29.649999618530273,25.65797233581543,300
2020-05-14,30.0,30.0,28.010000228881836,29.989999771118164,25.95220375061035,2600
2020-05-15,29.989999771118164,29.989999771118164,29.989999771118164,29.989999771118164,25.95220375061035,0
2020-05-18,29.75,29.75,29.75,29.75,25.744510650634766,400
2020-05-19,29.0,29.0,29.0,29.0,25.095487594604492,20900
2020-05-20,29.0,29.0,29.0,29.0,25.095487594604492,0
2020-05-21,29.75,29.75,29.0,29.25,25.31182861328125,20000
2020-05-22,29.649999618530273,29.649999618530273,29.0,29.5,25.528173446655273,41800
2020-05-26,29.5,29.649999618530273,29.5,29.649999618530273,25.65797233581543,300
2020-05-27,29.649999618530273,30.25,29.649999618530273,30.25,26.17719078063965,1900
2020-05-28,31.0,31.010000228881836,31.0,31.0,26.826217651367188,4100
2020-05-29,31.0,31.0,31.0,31.0,26.826217651367188,0
2020-06-01,31.25,31.25,31.0,31.0,26.826217651367188,300
2020-06-02,30.65999984741211,31.889999389648438,30.549999237060547,31.889999389648438,27.59638786315918,600
2020-06-03,31.5,31.5,31.5,31.5,27.258893966674805,200
2020-06-04,31.5,31.639999389648438,31.5,31.639999389648438,27.38004493713379,900
2020-06-05,31.899999618530273,33.5,31.899999618530273,32.27000045776367,27.925220489501953,800
2020-06-08,33.4900016784668,33.4900016784668,33.4900016784668,33.4900016784668,28.980968475341797,200
2020-06-09,33.5,33.5,33.5,33.5,28.989612579345703,500
2020-06-10,33.5,33.5,33.5,33.5,28.989612579345703,1600
2020-06-11,33.650001525878906,33.650001525878906,33.650001525878906,33.650001525878906,29.11942481994629,700
2020-06-12,33.0,34.0,33.0,34.0,29.422304153442383,500
2020-06-15,34.0,34.0,34.0,34.0,29.422304153442383,0
2020-06-16,34.0,34.0,34.0,34.0,29.422304153442383,0
2020-06-17,34.0,34.0,34.0,34.0,29.422304153442383,0
2020-06-18,34.0,34.0,34.0,34.0,29.422304153442383,0
2020-06-19,34.0,34.0,34.0,34.0,29.422304153442383,0
2020-06-22,33.5,33.5,31.600000381469727,33.4900016784668,28.980968475341797,2200
2020-06-23,32.900001525878906,32.900001525878906,31.049999237060547,32.0,27.691577911376953,1600
2020-06-24,32.900001525878906,32.900001525878906,32.900001525878906,32.900001525878906,28.47040557861328,100
2020-06-25,31.649999618530273,32.900001525878906,31.649999618530273,32.900001525878906,28.741214752197266,1500
2020-06-26,31.649999618530273,32.5,31.649999618530273,32.5,28.39177703857422,300
2020-06-29,31.600000381469727,32.900001525878906,31.600000381469727,32.79999923706055,28.653852462768555,800
2020-06-30,32.79999923706055,32.79999923706055,32.79999923706055,32.79999923706055,28.653852462768555,100
2020-07-01,32.79999923706055,32.79999923706055,32.79999923706055,32.79999923706055,28.653852462768555,0
2020-07-02,32.79999923706055,32.79999923706055,32.79999923706055,32.79999923706055,28.653852462768555,400
2020-07-06,32.79999923706055,32.79999923706055,32.75,32.75,28.61017608642578,1800
2020-07-07,32.75,32.75,32.75,32.75,28.61017608642578,700
2020-07-08,32.650001525878906,32.75,32.54999923706055,32.54999923706055,28.435455322265625,1200
2020-07-09,32.0,32.0,32.0,32.0,27.954980850219727,300
2020-07-10,32.0,32.0,32.0,32.0,27.954980850219727,0
2020-07-13,31.600000381469727,31.600000381469727,31.049999237060547,31.049999237060547,27.125064849853516,400
2020-07-14,31.049999237060547,31.049999237060547,31.049999237060547,31.049999237060547,27.125064849853516,0
2020-07-15,31.049999237060547,31.049999237060547,31.049999237060547,31.049999237060547,27.125064849853516,0
2020-07-16,30.690000534057617,30.690000534057617,30.690000534057617,30.690000534057617,26.810569763183594,500
2020-07-17,30.25,30.25,30.0,30.0,26.207794189453125,900
2020-07-20,30.0,30.0,30.0,30.0,26.207794189453125,0
2020-07-21,30.5,30.889999389648438,30.5,30.889999389648438,26.98529052734375,300
2020-07-22,30.889999389648438,30.889999389648438,30.889999389648438,30.889999389648438,26.98529052734375,300
2020-07-23,30.889999389648438,31.0,30.889999389648438,31.0,27.081390380859375,500
2020-07-24,31.0,31.0,31.0,31.0,27.081390380859375,0
2020-07-27,30.25,30.25,30.0,30.0,26.207794189453125,2100
2020-07-28,30.989999771118164,30.989999771118164,30.25,30.25,26.42619514465332,2100
2020-07-29,30.25,30.25,30.25,30.25,26.42619514465332,0
2020-07-30,31.0,31.200000762939453,31.0,31.200000762939453,27.256105422973633,3900
2020-07-31,31.149999618530273,31.450000762939453,31.149999618530273,31.450000762939453,27.474506378173828,800
2020-08-03,31.399999618530273,31.399999618530273,30.25,30.850000381469727,26.95035171508789,1300
2020-08-04,30.850000381469727,30.850000381469727,30.850000381469727,30.850000381469727,26.95035171508789,100
2020-08-05,30.5,30.5,30.5,30.5,26.644590377807617,200
2020-08-06,30.5,30.5,30.5,30.5,26.644590377807617,0
2020-08-07,30.649999618530273,30.75,30.649999618530273,30.75,26.86298942565918,200
2020-08-10,30.75,30.989999771118164,30.75,30.989999771118164,27.072650909423828,1300
2020-08-11,30.75,30.75,30.75,30.75,26.86298942565918,1500
2020-08-12,30.75,30.75,30.75,30.75,26.86298942565918,200
2020-08-13,30.989999771118164,31.049999237060547,30.989999771118164,31.049999237060547,27.125064849853516,11300
2020-08-14,31.5,31.989999771118164,31.489999771118164,31.950000762939453,27.91130256652832,800
2020-08-17,31.0,31.0,30.5,30.5,26.644590377807617,300
2020-08-18,31.0,31.0,31.0,31.0,27.081390380859375,1000
2020-08-19,30.950000762939453,31.0,30.950000762939453,30.969999313354492,27.055179595947266,900
2020-08-20,30.969999313354492,30.969999313354492,30.969999313354492,30.969999313354492,27.055179595947266,0
2020-08-21,30.969999313354492,30.969999313354492,30.969999313354492,30.969999313354492,27.055179595947266,0
2020-08-24,31.0,31.25,31.0,31.25,27.299785614013672,8900
2020-08-25,31.1200008392334,31.1200008392334,31.0,31.0,27.081390380859375,700
2020-08-26,31.0,31.0,31.0,31.0,27.081390380859375,100
2020-08-27,30.969999313354492,30.969999313354492,30.6200008392334,30.6200008392334,26.749422073364258,600
2020-08-28,30.940000534057617,31.0,30.940000534057617,30.950000762939453,27.03770637512207,2400
2020-08-31,30.860000610351562,30.860000610351562,30.860000610351562,30.860000610351562,26.95908546447754,700
2020-09-01,30.8700008392334,30.8700008392334,30.850000381469727,30.850000381469727,26.95035171508789,2000
2020-09-02,30.75,30.75,30.75,30.75,26.86298942565918,2200
2020-09-03,31.0,31.0,31.0,31.0,27.081390380859375,1000
2020-09-04,31.0,31.0,31.0,31.0,27.081390380859375,400
2020-09-08,31.0,31.0,31.0,31.0,27.081390380859375,0
2020-09-09,31.0,31.0,31.0,31.0,27.081390380859375,0
2020-09-10,31.0,31.0,31.0,31.0,27.081390380859375,0
2020-09-11,31.0,31.0,31.0,31.0,27.081390380859375,300
2020-09-14,32.0,32.0,32.0,32.0,27.954980850219727,600
2020-09-15,31.1200008392334,32.0,31.1200008392334,32.0,27.954980850219727,600
2020-09-16,32.0,32.0,32.0,32.0,27.954980850219727,0
2020-09-17,32.0,32.0,32.0,32.0,27.954980850219727,200
2020-09-18,32.0,32.0,32.0,32.0,27.954980850219727,0
2020-09-21,32.0,32.0,32.0,32.0,27.954980850219727,0
2020-09-22,32.0,32.0,31.0,31.0,27.081390380859375,1200
2020-09-23,31.350000381469727,31.950000762939453,31.0,31.0,27.081390380859375,1300
2020-09-24,30.600000381469727,30.600000381469727,30.600000381469727,30.600000381469727,27.001970291137695,100
2020-09-25,30.600000381469727,30.600000381469727,30.600000381469727,30.600000381469727,27.001970291137695,0
2020-09-28,30.850000381469727,30.850000381469727,30.850000381469727,30.850000381469727,27.22257423400879,500
2020-09-29,30.649999618530273,30.649999618530273,30.649999618530273,30.649999618530273,27.04608917236328,200
2020-09-30,30.799999237060547,31.0,30.799999237060547,31.0,27.35494041442871,1100
2020-10-01,31.0,31.0,31.0,31.0,27.35494041442871,0
2020-10-02,30.649999618530273,30.649999618530273,30.649999618530273,30.649999618530273,27.04608917236328,500
2020-10-05,31.0,31.0,31.0,31.0,27.35494041442871,700
2020-10-06,32.900001525878906,32.900001525878906,32.900001525878906,32.900001525878906,29.031530380249023,500
2020-10-07,32.900001525878906,32.900001525878906,32.900001525878906,32.900001525878906,29.031530380249023,0
2020-10-08,32.5,32.5,32.5,32.5,28.67856216430664,600
2020-10-09,32.5,32.5,32.5,32.5,28.67856216430664,900
2020-10-12,32.5,32.5,32.5,32.5,28.67856216430664,0
2020-10-13,32.5,32.5,32.5,32.5,28.67856216430664,0
2020-10-14,32.5,32.5,32.5,32.5,28.67856216430664,900
2020-10-15,32.5,32.5,32.5,32.5,28.67856216430664,0
2020-10-16,32.5,32.5,32.0,32.0,28.237354278564453,200
2020-10-19,32.0,32.0,32.0,32.0,28.237354278564453,100
2020-10-20,32.0,32.0,32.0,32.0,28.237354278564453,0
2020-10-21,32.0099983215332,32.0099983215332,32.0099983215332,32.0099983215332,28.246177673339844,400
2020-10-22,32.0099983215332,32.0099983215332,32.0099983215332,32.0099983215332,28.246177673339844,0
2020-10-23,33.0,34.0,33.0,34.0,30.0021915435791,800
2020-10-26,34.0,34.0,34.0,34.0,30.0021915435791,0
2020-10-27,33.5,35.0,33.5,35.0,30.884611129760742,7400
2020-10-28,34.75,34.75,34.099998474121094,34.20000076293945,30.178667068481445,1300
2020-10-29,34.0,34.88999938964844,33.52000045776367,33.52000045776367,29.578630447387695,2300
2020-10-30,33.29999923706055,33.29999923706055,32.75,33.0,29.119773864746094,3500
2020-11-02,33.25,33.25,33.0,33.20000076293945,29.296255111694336,1400
2020-11-03,33.0,33.0,33.0,33.0,29.119773864746094,1100
2020-11-04,33.0,33.0,33.0,33.0,29.119773864746094,200
2020-11-05,33.52000045776367,34.0,32.540000915527344,32.540000915527344,28.7138614654541,1600
2020-11-06,32.540000915527344,32.540000915527344,32.540000915527344,32.540000915527344,28.7138614654541,0
2020-11-09,34.4900016784668,35.150001525878906,34.4900016784668,35.150001525878906,31.0169677734375,600
2020-11-10,34.4900016784668,34.4900016784668,34.4900016784668,34.4900016784668,30.4345760345459,600
2020-11-11,35.75,35.75,35.75,35.75,31.546415328979492,100
2020-11-12,35.75,35.75,35.75,35.75,31.546415328979492,0
2020-11-13,34.41999816894531,34.75,33.75,34.150001525878906,30.134552001953125,4600
2020-11-16,34.0,34.0,34.0,34.0,30.0021915435791,200
2020-11-17,34.04999923706055,34.04999923706055,34.04999923706055,34.04999923706055,30.04630470275879,400
2020-11-18,34.04999923706055,34.04999923706055,34.04999923706055,34.04999923706055,30.04630470275879,0
2020-11-19,34.5,34.5,34.5,34.5,30.443389892578125,300
2020-11-20,34.75,35.0,34.25,35.0,30.884611129760742,1000
2020-11-23,35.0,36.0,35.0,36.0,31.76701545715332,2100
2020-11-24,36.25,36.95000076293945,36.0,36.0,31.76701545715332,600
2020-11-25,36.0,36.0,36.0,36.0,31.76701545715332,0
2020-11-27,36.0,36.0,36.0,36.0,31.76701545715332,0
2020-11-30,35.0,35.0,35.0,35.0,30.884611129760742,400
2020-12-01,35.0,35.0,35.0,35.0,30.884611129760742,0
2020-12-02,35.099998474121094,35.099998474121094,35.099998474121094,35.099998474121094,30.97284698486328,100
2020-12-03,35.119998931884766,36.25,35.119998931884766,36.25,31.987627029418945,1000
2020-12-04,36.25,36.95000076293945,36.25,36.95000076293945,32.60531997680664,900
2020-12-07,36.95000076293945,36.95000076293945,36.95000076293945,36.95000076293945,32.60531997680664,0
2020-12-08,36.0,36.0,36.0,36.0,31.76701545715332,300
2020-12-09,36.0,36.0,36.0,36.0,31.76701545715332,0
2020-12-10,36.5,36.5,36.5,36.5,32.20823287963867,200
2020-12-11,36.0,36.0,35.11000061035156,36.0,31.76701545715332,700
2020-12-14,36.0,36.04999923706055,36.0,36.0,31.76701545715332,400
2020-12-15,36.0099983215332,36.0099983215332,36.0099983215332,36.0099983215332,31.77584457397461,200
2020-12-16,36.0099983215332,36.0099983215332,36.0099983215332,36.0099983215332,31.77584457397461,0
2020-12-17,36.099998474121094,36.25,36.099998474121094,36.25,31.987627029418945,1400
2020-12-18,36.25,36.720001220703125,36.0,36.720001220703125,32.40235900878906,5100
2020-12-21,36.75,36.75,36.75,36.75,32.4288330078125,200
2020-12-22,36.75,36.75,36.75,36.75,32.4288330078125,0
2020-12-23,36.5,36.849998474121094,36.0,36.849998474121094,32.5170783996582,2200
2020-12-24,36.5,36.5,35.119998931884766,35.400001525878906,31.502592086791992,1200
2020-12-28,35.900001525878906,35.900001525878906,35.900001525878906,35.900001525878906,31.947538375854492,1000
2020-12-29,35.900001525878906,35.900001525878906,35.900001525878906,35.900001525878906,31.947538375854492,400
2020-12-30,36.25,36.25,36.099998474121094,36.099998474121094,32.125518798828125,2000
2020-12-31,36.099998474121094,36.099998474121094,36.099998474121094,36.099998474121094,32.125518798828125,0
2021-01-04,36.099998474121094,36.099998474121094,36.099998474121094,36.099998474121094,32.125518798828125,0
2021-01-05,36.4900016784668,36.849998474121094,36.4900016784668,36.849998474121094,32.792945861816406,500
2021-01-06,36.849998474121094,38.0,36.849998474121094,38.0,33.816349029541016,7600
2021-01-07,38.25,42.0,38.25,41.5,36.93099594116211,10200
2021-01-08,40.5099983215332,41.20000076293945,40.29999923706055,41.20000076293945,36.664031982421875,8700
2021-01-11,41.0,41.099998474121094,40.599998474121094,40.9900016784668,36.477149963378906,3400
2021-01-12,40.9900016784668,41.20000076293945,40.400001525878906,40.5,36.04109191894531,900
2021-01-13,40.75,40.75,40.75,40.75,36.263572692871094,400
2021-01-14,40.9900016784668,40.9900016784668,40.9900016784668,40.9900016784668,36.477149963378906,200
2021-01-15,41.0,42.75,41.0,42.75,38.04338073730469,1100
2021-01-19,41.0099983215332,42.0,41.0099983215332,42.0,37.37595748901367,1000
2021-01-20,41.11000061035156,41.11000061035156,41.0,41.0,36.486053466796875,300
2021-01-21,41.0,41.0,41.0,41.0,36.486053466796875,0
2021-01-22,41.0,41.0,41.0,41.0,36.486053466796875,600
2021-01-25,41.0,41.0,40.5,40.5,36.04109191894531,1600
2021-01-26,40.5,40.5,40.5,40.5,36.04109191894531,0
2021-01-27,40.400001525878906,40.400001525878906,40.29999923706055,40.29999923706055,35.86310958862305,3000
2021-01-28,40.310001373291016,40.310001373291016,40.0,40.0099983215332,35.60504150390625,4000
2021-01-29,40.02000045776367,40.02000045776367,39.54999923706055,39.650001525878906,35.2846794128418,5800
2021-02-01,39.599998474121094,39.61000061035156,39.58000183105469,39.58000183105469,35.22238540649414,1500
2021-02-02,39.58000183105469,39.58000183105469,39.58000183105469,39.58000183105469,35.22238540649414,0
2021-02-03,39.58000183105469,39.58000183105469,39.58000183105469,39.58000183105469,35.22238540649414,0
2021-02-04,39.95000076293945,40.52000045776367,39.95000076293945,40.52000045776367,36.058895111083984,1100
2021-02-05,40.5,40.75,40.5,40.75,36.263572692871094,200
2021-02-08,41.0,41.95000076293945,40.75,40.75,36.263572692871094,1200
2021-02-09,40.75,40.75,40.4900016784668,40.75,36.263572692871094,1000
2021-02-10,40.279998779296875,40.5,40.279998779296875,40.5,36.04109191894531,400
2021-02-11,40.279998779296875,41.0,40.279998779296875,41.0,36.486053466796875,1300
2021-02-12,40.900001525878906,41.119998931884766,40.900001525878906,41.119998931884766,36.592838287353516,1200
2021-02-16,41.0,41.0,40.279998779296875,40.5,36.04109191894531,1700
2021-02-17,40.5,40.5,40.5,40.5,36.04109191894531,100
2021-02-18,40.54999923706055,40.54999923706055,40.54999923706055,40.54999923706055,36.08559036254883,400
2021-02-19,40.5,40.75,40.5,40.75,36.263572692871094,700
2021-02-22,40.75,40.75,40.75,40.75,36.263572692871094,0
2021-02-23,40.5,40.5,40.099998474121094,40.5,36.04109191894531,3800
2021-02-24,40.099998474121094,40.5,40.099998474121094,40.099998474121094,35.68513107299805,2100
2021-02-25,40.25,40.5,40.25,40.5,36.04109191894531,600
2021-02-26,40.099998474121094,40.5,40.099998474121094,40.099998474121094,35.68513107299805,800
2021-03-01,40.7400016784668,40.7400016784668,40.7400016784668,40.7400016784668,36.25468444824219,300
2021-03-02,40.5,40.5,40.33000183105469,40.33000183105469,35.88982391357422,300
2021-03-03,40.33000183105469,40.33000183105469,40.33000183105469,40.33000183105469,35.88982391357422,0
2021-03-04,40.54999923706055,40.54999923706055,40.54999923706055,40.54999923706055,36.08559036254883,1500
2021-03-05,40.33000183105469,40.7400016784668,40.33000183105469,40.7400016784668,36.25468444824219,1400
2021-03-08,40.7400016784668,41.43000030517578,40.5,41.43000030517578,36.86870574951172,4700
2021-03-09,41.25,41.25,41.25,41.25,36.70852279663086,900
2021-03-10,41.25,41.5,41.25,41.400001525878906,36.84201431274414,8900
2021-03-11,41.5,41.5,41.5,41.5,36.93099594116211,200
2021-03-12,41.709999084472656,41.709999084472656,41.45000076293945,41.45000076293945,36.886512756347656,700
2021-03-15,41.5,41.5,41.5,41.5,36.93099594116211,2100
2021-03-16,41.75,41.9900016784668,41.75,41.900001525878906,37.28696060180664,2300
2021-03-17,41.900001525878906,41.939998626708984,41.5,41.939998626708984,37.32255554199219,3000
2021-03-18,41.939998626708984,42.95000076293945,41.939998626708984,41.95000076293945,37.331451416015625,1200
2021-03-19,42.5,42.75,41.54999923706055,41.54999923706055,36.97549057006836,3000
2021-03-22,41.54999923706055,41.54999923706055,41.54999923706055,41.54999923706055,36.97549057006836,0
2021-03-23,42.25,42.25,42.25,42.25,37.59842300415039,200
2021-03-24,41.70000076293945,42.2400016784668,41.599998474121094,42.099998474121094,37.464942932128906,700
2021-03-25,41.599998474121094,42.599998474121094,41.599998474121094,42.599998474121094,38.19110870361328,700
2021-03-26,42.599998474121094,42.599998474121094,42.599998474121094,42.599998474121094,38.19110870361328,0
2021-03-29,42.599998474121094,42.75,42.5,42.75,38.32558822631836,600
2021-03-30,42.75,42.75,41.599998474121094,42.75,38.32558822631836,500
2021-03-31,42.70000076293945,42.70000076293945,42.70000076293945,42.70000076293945,38.280765533447266,100
2021-04-01,42.0,42.20000076293945,41.75,42.20000076293945,37.832515716552734,5000
2021-04-05,42.20000076293945,42.20000076293945,42.0099983215332,42.0099983215332,37.66217041015625,1300
2021-04-06,42.04999923706055,42.38999938964844,42.04999923706055,42.38999938964844,38.00284957885742,900
2021-04-07,42.400001525878906,42.400001525878906,42.099998474121094,42.400001525878906,38.011810302734375,1000
2021-04-08,42.099998474121094,42.45000076293945,42.099998474121094,42.45000076293945,38.056644439697266,300
2021-04-09,42.75,42.75,42.75,42.75,38.32558822631836,100
2021-04-12,42.09000015258789,42.75,42.0,42.75,38.32558822631836,2300
2021-04-13,42.75,42.75,42.75,42.75,38.32558822631836,3000
2021-04-14,42.75,42.75,42.75,42.75,38.32558822631836,100
2021-04-15,42.75,42.75,42.75,42.75,38.32558822631836,100
2021-04-16,42.75,42.75,42.75,42.75,38.32558822631836,0
2021-04-19,42.79999923706055,42.79999923706055,42.5,42.5,38.10145950317383,1300
2021-04-20,42.5,42.5,42.5,42.5,38.10145950317383,100
2021-04-21,42.5,42.5,42.5,42.5,38.10145950317383,100
2021-04-22,42.5,44.5,42.5,44.0,39.44621658325195,12600
2021-04-23,43.9900016784668,43.9900016784668,43.9900016784668,43.9900016784668,39.437252044677734,100
2021-04-26,43.9900016784668,44.25,43.9900016784668,44.25,39.67034149169922,1400
2021-04-27,44.5,45.0,44.5,45.0,40.34272384643555,400
2021-04-28,45.0,45.0,45.0,45.0,40.34272384643555,2500
2021-04-29,45.189998626708984,45.189998626708984,44.75,44.75,40.118595123291016,1800
2021-04-30,44.599998474121094,44.75,44.599998474121094,44.75,40.118595123291016,500
2021-05-03,44.75,44.75,44.75,44.75,40.118595123291016,1100
2021-05-04,44.75,44.95000076293945,44.75,44.95000076293945,40.29790115356445,700
2021-05-05,44.95000076293945,44.95000076293945,44.75,44.75,40.118595123291016,1700
2021-05-06,44.79999923706055,44.79999923706055,44.79999923706055,44.79999923706055,40.163421630859375,200
2021-05-07,44.400001525878906,44.75,44.400001525878906,44.75,40.118595123291016,200
2021-05-10,44.5,44.5,44.5,44.5,39.89447021484375,200
2021-05-11,44.5,44.5,44.0,44.0,39.44621658325195,1300
2021-05-12,44.0,44.0,44.0,44.0,39.44621658325195,1200
2021-05-13,44.25,44.25,42.599998474121094,43.5,38.99797058105469,5100
2021-05-14,43.4900016784668,43.75,43.4900016784668,43.75,39.22209548950195,1000
2021-05-17,43.54999923706055,43.75,43.54999923706055,43.75,39.22209548950195,200
2021-05-18,44.0,44.0,44.0,44.0,39.44621658325195,3600
2021-05-19,44.0,44.0,44.0,44.0,39.44621658325195,0
2021-05-20,44.0,44.25,44.0,44.0,39.44621658325195,3500
2021-05-21,44.0,44.0,44.0,44.0,39.44621658325195,0
2021-05-24,44.0,44.0,44.0,44.0,39.44621658325195,0
2021-05-25,44.04999923706055,45.75,44.04999923706055,44.54999923706055,39.939300537109375,2100
2021-05-26,45.099998474121094,45.099998474121094,45.099998474121094,45.099998474121094,40.432369232177734,100
2021-05-27,45.099998474121094,45.099998474121094,45.099998474121094,45.099998474121094,40.432369232177734,100
2021-05-28,45.099998474121094,45.099998474121094,45.099998474121094,45.099998474121094,40.432369232177734,0
2021-06-01,45.099998474121094,45.099998474121094,45.099998474121094,45.099998474121094,40.432369232177734,0
2021-06-02,45.349998474121094,45.349998474121094,45.349998474121094,45.349998474121094,40.65650177001953,100
2021-06-03,46.0,46.0,46.0,46.0,41.23922348022461,100
2021-06-04,45.13999938964844,45.13999938964844,45.13999938964844,45.13999938964844,40.468231201171875,600
2021-06-07,45.13999938964844,45.13999938964844,45.099998474121094,45.099998474121094,40.432369232177734,200
2021-06-08,45.09000015258789,45.099998474121094,45.09000015258789,45.099998474121094,40.432369232177734,200
2021-06-09,45.099998474121094,45.099998474121094,45.099998474121094,45.099998474121094,40.432369232177734,0
2021-06-10,45.20000076293945,45.20000076293945,45.20000076293945,45.20000076293945,40.52201843261719,200
2021-06-11,45.11000061035156,45.11000061035156,45.11000061035156,45.11000061035156,40.44132995605469,100
2021-06-14,45.11000061035156,45.11000061035156,45.11000061035156,45.11000061035156,40.44132995605469,0
2021-06-15,45.11000061035156,45.11000061035156,45.11000061035156,45.11000061035156,40.44132995605469,0
2021-06-16,45.11000061035156,45.11000061035156,45.11000061035156,45.11000061035156,40.44132995605469,0
2021-06-17,45.29999923706055,45.29999923706055,45.29999923706055,45.29999923706055,40.61167526245117,200
2021-06-18,45.29999923706055,45.29999923706055,45.29999923706055,45.29999923706055,40.61167526245117,1700
2021-06-21,45.29999923706055,45.29999923706055,45.29999923706055,45.29999923706055,40.61167526245117,0
2021-06-22,45.29999923706055,45.29999923706055,45.29999923706055,45.29999923706055,40.61167526245117,0
2021-06-23,45.29999923706055,45.29999923706055,45.279998779296875,45.279998779296875,40.5937385559082,300
2021-06-24,45.279998779296875,45.279998779296875,44.939998626708984,44.939998626708984,40.566673278808594,600
2021-06-25,44.939998626708984,44.939998626708984,44.939998626708984,44.939998626708984,40.566673278808594,0
2021-06-28,45.0,45.0,44.939998626708984,44.939998626708984,40.566673278808594,1900
2021-06-29,44.2599983215332,44.7599983215332,44.2599983215332,44.7599983215332,40.4041862487793,300
2021-06-30,44.7599983215332,44.7599983215332,44.7599983215332,44.7599983215332,40.4041862487793,0
2021-07-01,44.5099983215332,44.5099983215332,43.04999923706055,44.04999923706055,39.76327133178711,1800
2021-07-02,44.04999923706055,44.04999923706055,44.04999923706055,44.04999923706055,39.76327133178711,0
2021-07-06,44.04999923706055,44.04999923706055,44.04999923706055,44.04999923706055,39.76327133178711,0
2021-07-07,44.04999923706055,44.04999923706055,44.04999923706055,44.04999923706055,39.76327133178711,0
2021-07-08,44.5,44.5,43.560001373291016,43.560001373291016,39.32096481323242,200
2021-07-09,44.0,44.0,44.0,44.0,39.7181396484375,100
2021-07-12,44.0,44.0,44.0,44.0,39.7181396484375,200
2021-07-13,43.0,44.0,42.75,43.75,39.49247360229492,1400
2021-07-14,43.7599983215332,43.7599983215332,43.7599983215332,43.7599983215332,39.501495361328125,100
2021-07-15,44.150001525878906,44.150001525878906,44.150001525878906,44.150001525878906,39.853546142578125,600
2021-07-16,44.209999084472656,44.900001525878906,44.20000076293945,44.900001525878906,40.53055953979492,700
2021-07-19,44.900001525878906,44.900001525878906,44.900001525878906,44.900001525878906,40.53055953979492,0
2021-07-20,44.220001220703125,44.5,44.220001220703125,44.5,40.16948699951172,300
2021-07-21,44.5,44.5,44.5,44.5,40.16948699951172,0
2021-07-22,44.0,44.0,44.0,44.0,39.7181396484375,500
2021-07-23,43.2599983215332,43.2599983215332,43.0,43.0,38.815452575683594,300
2021-07-26,43.0099983215332,43.0099983215332,43.0099983215332,43.0099983215332,38.82448196411133,100
2021-07-27,43.0,43.029998779296875,43.0,43.029998779296875,38.8425407409668,700
2021-07-28,44.0,44.0,44.0,44.0,39.7181396484375,100
2021-07-29,44.0,44.5,44.0,44.25,39.943809509277344,3400
2021-07-30,44.25,44.25,44.25,44.25,39.943809509277344,0
2021-08-02,44.75,44.75,42.75,44.4900016784668,40.160465240478516,900
2021-08-03,44.38999938964844,44.38999938964844,44.38999938964844,44.38999938964844,40.070186614990234,400
2021-08-04,44.0,44.0,43.75,43.75,39.49247360229492,1700
2021-08-05,43.75,43.9900016784668,43.5,43.5,39.26679611206055,1700
2021-08-06,43.459999084472656,43.5,43.45000076293945,43.5,39.26679611206055,1200
2021-08-09,43.45000076293945,43.45000076293945,43.45000076293945,43.45000076293945,39.22166061401367,400
2021-08-10,43.349998474121094,43.349998474121094,43.150001525878906,43.150001525878906,38.95085906982422,900
2021-08-11,43.29999923706055,43.599998474121094,43.29999923706055,43.439998626708984,39.2126350402832,3400
2021-08-12,43.5,43.5,42.65999984741211,42.65999984741211,38.508541107177734,300
2021-08-13,42.66999816894531,42.689998626708984,42.04999923706055,42.04999923706055,37.95791244506836,4900
2021-08-16,42.04999923706055,42.04999923706055,42.04999923706055,42.04999923706055,37.95791244506836,0
2021-08-17,42.04999923706055,42.099998474121094,42.029998779296875,42.029998779296875,37.939849853515625,2200
2021-08-18,42.029998779296875,42.09000015258789,41.75,41.75,37.68710708618164,6100
2021-08-19,41.54999923706055,41.54999923706055,41.47999954223633,41.47999954223633,37.44337844848633,300
2021-08-20,41.47999954223633,41.47999954223633,41.47999954223633,41.47999954223633,37.44337844848633,0
2021-08-23,41.41999816894531,42.25,41.0,42.25,38.13843536376953,2900
2021-08-24,42.9900016784668,42.9900016784668,42.9900016784668,42.9900016784668,38.806434631347656,200
2021-08-25,42.9900016784668,42.9900016784668,42.9900016784668,42.9900016784668,38.806434631347656,0
2021-08-26,42.5,42.5,42.150001525878906,42.150001525878906,38.04817199707031,800
2021-08-27,42.150001525878906,42.150001525878906,42.150001525878906,42.150001525878906,38.04817199707031,0
2021-08-30,42.04999923706055,42.150001525878906,41.29999923706055,41.349998474121094,37.32602310180664,1800
2021-08-31,42.349998474121094,42.7400016784668,42.349998474121094,42.7400016784668,38.58076095581055,500
2021-09-01,42.70000076293945,42.70000076293945,41.599998474121094,42.70000076293945,38.54465103149414,1500
2021-09-02,42.70000076293945,42.70000076293945,42.70000076293945,42.70000076293945,38.54465103149414,0
2021-09-03,42.70000076293945,42.70000076293945,42.70000076293945,42.70000076293945,38.54465103149414,100
2021-09-07,42.5,42.5,42.5,42.5,38.36410903930664,700
2021-09-08,42.5,42.5,42.5,42.5,38.36410903930664,0
2021-09-09,42.5,42.5,42.5,42.5,38.36410903930664,0
2021-09-10,42.5,42.5,42.5,42.5,38.36410903930664,0
2021-09-13,42.5,42.5,42.5,42.5,38.36410903930664,900
2021-09-14,41.75,42.45000076293945,41.7400016784668,42.45000076293945,38.3189811706543,400
2021-09-15,42.45000076293945,42.45000076293945,42.45000076293945,42.45000076293945,38.3189811706543,0
2021-09-16,42.45000076293945,42.45000076293945,42.45000076293945,42.45000076293945,38.3189811706543,0
2021-09-17,42.45000076293945,42.45000076293945,42.45000076293945,42.45000076293945,38.3189811706543,0
2021-09-20,41.400001525878906,41.400001525878906,41.0,41.0,37.01007843017578,3000
2021-09-21,41.0,41.0,41.0,41.0,37.01007843017578,0
2021-09-22,41.04999923706055,41.04999923706055,41.04999923706055,41.04999923706055,37.05522155761719,1200
2021-09-23,41.79999923706055,42.25,41.79999923706055,42.25,38.42864227294922,3000
2021-09-24,41.29999923706055,42.400001525878906,41.25,42.400001525878906,38.56508255004883,1100
2021-09-27,41.5,41.5099983215332,41.29999923706055,41.5099983215332,37.755577087402344,1200
2021-09-28,41.54999923706055,41.560001373291016,41.54999923706055,41.560001373291016,37.801055908203125,2200
2021-09-29,41.61000061035156,41.61000061035156,41.61000061035156,41.61000061035156,37.846534729003906,1000
2021-09-30,41.61000061035156,41.61000061035156,41.04999923706055,41.04999923706055,37.33718490600586,2800
2021-10-01,41.04999923706055,41.04999923706055,41.04999923706055,41.04999923706055,37.33718490600586,0
2021-10-04,41.04999923706055,41.04999923706055,41.04999923706055,41.04999923706055,37.33718490600586,0
2021-10-05,42.349998474121094,42.349998474121094,42.349998474121094,42.349998474121094,38.51959991455078,1300
2021-10-06,42.0,42.0,42.0,42.0,38.20125961303711,600
2021-10-07,42.0,42.880001068115234,42.0,42.880001068115234,39.00166702270508,15400
2021-10-08,42.75,42.75,42.349998474121094,42.349998474121094,38.51959991455078,3800
2021-10-11,42.75,43.0,42.349998474121094,42.349998474121094,38.51959991455078,3700
2021-10-12,42.04999923706055,42.06999969482422,41.849998474121094,41.849998474121094,38.064823150634766,6200
2021-10-13,41.90999984741211,41.90999984741211,41.90999984741211,41.90999984741211,38.11940002441406,100
2021-10-14,42.25,42.25,42.25,42.25,38.42864227294922,600
2021-10-15,42.029998779296875,42.029998779296875,41.95000076293945,41.95000076293945,38.15577697753906,400
2021-10-18,41.95000076293945,41.95000076293945,41.849998474121094,41.849998474121094,38.064823150634766,2800
2021-10-19,41.869998931884766,41.869998931884766,41.869998931884766,41.869998931884766,38.08301544189453,1000
2021-10-20,41.95000076293945,41.9900016784668,41.95000076293945,41.9900016784668,38.192161560058594,1600
2021-10-21,41.9900016784668,42.4900016784668,41.9900016784668,42.25,38.42864227294922,10500
2021-10-22,42.25,42.29999923706055,42.25,42.29999923706055,38.47412109375,1000
2021-10-25,42.4900016784668,42.75,42.25,42.75,38.883426666259766,1700
2021-10-26,42.9900016784668,42.9900016784668,42.75,42.75,38.883426666259766,1600
2021-10-27,43.22999954223633,43.22999954223633,42.88999938964844,42.88999938964844,39.01076126098633,400
2021-10-28,42.68000030517578,42.75,42.68000030517578,42.75,38.883426666259766,200
2021-10-29,42.75,42.75,42.75,42.75,38.883426666259766,0
2021-11-01,43.22999954223633,43.849998474121094,43.119998931884766,43.849998474121094,39.883934020996094,600
2021-11-02,43.900001525878906,45.0,43.900001525878906,45.0,40.92991256713867,1900
2021-11-03,45.5,47.0,45.5,46.75,42.521644592285156,5900
2021-11-04,46.650001525878906,47.0,45.900001525878906,46.75,42.521644592285156,7100
2021-11-05,49.459999084472656,49.459999084472656,45.779998779296875,45.779998779296875,41.63937759399414,400
2021-11-08,50.0,50.0,48.0,48.0,43.6585807800293,2700
2021-11-09,47.75,47.75,47.75,47.75,43.43119430541992,300
2021-11-10,47.5,47.5,47.400001525878906,47.400001525878906,43.11285400390625,800
2021-11-11,46.0,46.59000015258789,46.0,46.59000015258789,42.3761100769043,1700
2021-11-12,47.20000076293945,47.20000076293945,47.15999984741211,47.15999984741211,42.894561767578125,700
2021-11-15,46.0,46.790000915527344,46.0,46.790000915527344,42.558021545410156,1100
2021-11-16,47.0,48.0,47.0,48.0,43.6585807800293,800
2021-11-17,47.2400016784668,48.0,47.2400016784668,48.0,43.6585807800293,700
2021-11-18,48.5,48.5,47.88999938964844,48.0,43.6585807800293,4300
2021-11-19,46.2400016784668,47.779998779296875,46.2400016784668,47.779998779296875,43.45847702026367,700
2021-11-22,46.5,48.0,46.5,48.0,43.6585807800293,3800
2021-11-23,47.0,47.0,47.0,47.0,42.749027252197266,200
2021-11-24,47.0,47.0,47.0,47.0,42.749027252197266,0
2021-11-26,46.18000030517578,46.18000030517578,46.18000030517578,46.18000030517578,42.003196716308594,400
2021-11-29,46.18000030517578,46.18000030517578,46.18000030517578,46.18000030517578,42.003196716308594,0
2021-11-30,45.56999969482422,45.56999969482422,45.56999969482422,45.56999969482422,41.4483642578125,900
2021-12-01,46.25,47.560001373291016,46.25,47.560001373291016,43.25837326049805,10500
2021-12-02,47.75,47.75,46.95000076293945,47.0,42.749027252197266,1700
2021-12-03,47.0,49.0,45.2400016784668,49.0,44.56813430786133,3500
2021-12-06,47.7400016784668,48.33000183105469,47.7400016784668,48.33000183105469,43.958740234375,2200
2021-12-07,47.97999954223633,50.0,47.0,50.0,45.47768783569336,16300
2021-12-08,50.0,50.0,49.47999954223633,49.9900016784668,45.46859359741211,6800
2021-12-09,47.29999923706055,50.0,47.29999923706055,49.9900016784668,45.46859359741211,3400
2021-12-10,49.900001525878906,49.900001525878906,49.79999923706055,49.79999923706055,45.29578399658203,4800
2021-12-13,49.79999923706055,49.79999923706055,47.689998626708984,49.7400016784668,45.2412109375,5700
2021-12-14,49.93000030517578,49.93000030517578,46.34000015258789,49.75,45.25029754638672,4500
2021-12-15,49.29999923706055,49.79999923706055,47.630001068115234,49.79999923706055,45.29578399658203,20000
2021-12-16,50.0,50.0,47.400001525878906,47.400001525878906,43.11285400390625,7400
2021-12-17,48.08000183105469,49.599998474121094,45.689998626708984,45.689998626708984,41.55751037597656,67400
2021-12-20,46.18000030517578,47.5,45.79999923706055,46.900001525878906,42.6580696105957,5900
2021-12-21,49.25,49.25,46.54999923706055,47.45000076293945,43.158329010009766,5400
2021-12-22,48.81999969482422,49.7400016784668,48.0,49.56999969482422,45.08658218383789,8300
2021-12-23,49.56999969482422,49.56999969482422,49.56999969482422,49.56999969482422,45.08658218383789,0
2021-12-27,49.0,49.0,49.0,49.0,44.56813430786133,300
2021-12-28,49.0,49.0,48.939998626708984,48.939998626708984,44.796974182128906,3700
2021-12-29,48.0,48.0,48.0,48.0,43.93655014038086,800
2021-12-30,47.15999984741211,47.9900016784668,45.52000045776367,45.880001068115234,41.99601745605469,3800
2021-12-31,45.880001068115234,45.880001068115234,45.880001068115234,45.880001068115234,41.99601745605469,300
2022-01-03,46.4900016784668,46.4900016784668,45.43000030517578,46.099998474121094,42.197391510009766,2200
2022-01-04,46.959999084472656,47.0,46.56999969482422,46.56999969482422,42.627601623535156,700
2022-01-05,46.900001525878906,46.900001525878906,46.900001525878906,46.900001525878906,42.92967224121094,1000
2022-01-06,46.900001525878906,46.900001525878906,46.900001525878906,46.900001525878906,42.92967224121094,300
2022-01-07,46.5,46.880001068115234,46.5,46.880001068115234,42.91136169433594,700
2022-01-10,46.9900016784668,46.9900016784668,43.2400016784668,45.70000076293945,41.831260681152344,22700
2022-01-11,45.70000076293945,45.70000076293945,45.70000076293945,45.70000076293945,41.831260681152344,0
2022-01-12,46.31999969482422,46.5,45.54999923706055,46.0,42.105857849121094,8900
2022-01-13,46.5,46.63999938964844,45.79999923706055,46.150001525878906,42.2431640625,4600
2022-01-14,46.0,46.0,45.5,45.5,41.64818572998047,400
2022-01-18,45.95000076293945,48.900001525878906,45.5,48.77000045776367,44.641361236572266,5400
2022-01-19,47.43000030517578,47.43000030517578,46.75,47.349998474121094,43.341575622558594,700
2022-01-20,47.349998474121094,47.349998474121094,47.349998474121094,47.349998474121094,43.341575622558594,300
2022-01-21,48.0,48.0,48.0,48.0,43.93655014038086,500
2022-01-24,47.31999969482422,47.5,47.130001068115234,47.5,43.47887420654297,4000
2022-01-25,47.970001220703125,48.95000076293945,47.970001220703125,48.95000076293945,44.80612564086914,2100
2022-01-26,47.04999923706055,48.0,47.0,47.70000076293945,43.66194534301758,1600
2022-01-27,47.75,48.5,47.5,48.5,44.39421844482422,2900
2022-01-28,47.75,47.75,47.75,47.75,43.70771026611328,1500
2022-01-31,47.5,48.0,47.5,48.0,43.93655014038086,800
2022-02-01,48.0,48.0,47.5,48.0,43.93655014038086,600
2022-02-02,47.540000915527344,47.540000915527344,47.540000915527344,47.540000915527344,43.5154914855957,200
2022-02-03,47.5,48.0,47.5,48.0,43.93655014038086,1900
2022-02-04,47.75,48.779998779296875,47.5099983215332,48.779998779296875,44.65052032470703,6700
2022-02-07,48.779998779296875,49.619998931884766,48.779998779296875,49.29999923706055,45.12649154663086,20600
2022-02-08,49.70000076293945,49.70000076293945,47.790000915527344,48.22999954223633,44.1470832824707,3600
2022-02-09,48.22999954223633,49.0,48.0,48.900001525878906,44.760353088378906,4800
2022-02-10,48.5,49.0,48.5,48.5,44.39421844482422,3700
2022-02-11,48.18000030517578,48.5,47.959999084472656,47.959999084472656,43.89993667602539,5000
2022-02-14,48.0,49.0,48.0,48.0,43.93655014038086,7400
2022-02-15,48.04999923706055,48.5,47.75,48.029998779296875,43.96400451660156,1600
2022-02-16,49.0,49.0,48.34000015258789,48.34000015258789,44.24776840209961,800
2022-02-17,48.0,48.349998474121094,48.0,48.29999923706055,44.21114730834961,1800
2022-02-18,47.900001525878906,47.900001525878906,47.900001525878906,47.900001525878906,43.845008850097656,400
2022-02-22,47.560001373291016,48.0,47.560001373291016,48.0,43.93655014038086,2200
2022-02-23,47.54999923706055,47.599998474121094,47.0,47.02000045776367,43.03950881958008,7400
2022-02-24,47.13999938964844,48.0,45.15999984741211,47.5,43.47887420654297,5000
2022-02-25,47.5,47.5,47.0,47.47999954223633,43.460567474365234,7200
2022-02-28,46.880001068115234,46.900001525878906,46.54999923706055,46.560001373291016,42.618446350097656,2400
2022-03-01,46.310001373291016,46.95000076293945,45.27000045776367,45.27000045776367,41.43765640258789,3300
2022-03-02,45.650001525878906,45.650001525878906,45.20000076293945,45.38999938964844,41.54749298095703,13100
2022-03-03,45.099998474121094,45.790000915527344,45.04999923706055,45.790000915527344,41.91363525390625,8800
2022-03-04,47.5,47.5,45.25,45.25,41.41935348510742,3200
2022-03-07,46.16999816894531,47.470001220703125,45.0,45.400001525878906,41.5566520690918,19200
2022-03-08,45.5,46.0,45.099998474121094,45.18000030517578,41.35527801513672,6400
2022-03-09,45.29999923706055,46.59000015258789,45.0099983215332,45.0099983215332,41.19966506958008,14100
2022-03-10,45.25,46.790000915527344,44.849998474121094,44.849998474121094,41.05321502685547,9700
2022-03-11,44.970001220703125,47.47999954223633,44.970001220703125,47.47999954223633,43.460567474365234,8300
2022-03-14,46.529998779296875,47.970001220703125,46.529998779296875,47.2599983215332,43.25918960571289,15200
2022-03-15,47.2599983215332,47.9900016784668,46.5,47.9900016784668,43.927398681640625,7000
2022-03-16,47.25,47.9900016784668,46.25,47.9900016784668,43.927398681640625,35200
2022-03-17,45.7599983215332,47.650001525878906,45.7400016784668,47.650001525878906,43.61617660522461,30700
2022-03-18,47.25,47.9900016784668,46.709999084472656,46.709999084472656,42.75575637817383,57400
2022-03-21,46.650001525878906,47.5,46.650001525878906,47.150001525878906,43.15850830078125,26900
2022-03-22,46.849998474121094,47.5099983215332,46.68000030517578,47.220001220703125,43.22257995605469,34700
2022-03-23,46.880001068115234,48.0,46.880001068115234,48.0,43.93655014038086,13000
2022-03-24,46.75,47.5,46.75,47.41999816894531,43.68779373168945,1900
2022-03-25,46.77000045776367,47.25,46.279998779296875,47.25,43.53117370605469,1800
2022-03-28,46.529998779296875,46.7400016784668,46.13999938964844,46.29999923706055,42.655948638916016,6600
2022-03-29,45.099998474121094,45.9900016784668,45.099998474121094,45.880001068115234,42.26900863647461,2600
2022-03-30,46.0,46.25,46.0,46.25,42.60988235473633,1000
2022-03-31,46.189998626708984,46.25,46.189998626708984,46.209999084472656,42.57303237915039,3900
2022-04-01,46.099998474121094,46.29999923706055,45.400001525878906,46.29999923706055,42.655948638916016,5900
2022-04-04,46.22999954223633,46.22999954223633,45.29999923706055,45.29999923706055,41.73465347290039,2800
2022-04-05,45.5099983215332,45.5099983215332,45.119998931884766,45.380001068115234,41.808353424072266,2600
2022-04-06,45.959999084472656,46.02000045776367,45.18000030517578,45.52000045776367,41.937339782714844,2900
2022-04-07,45.400001525878906,46.38999938964844,45.33000183105469,46.38999938964844,42.73886489868164,2500
2022-04-08,46.209999084472656,46.2400016784668,45.0,45.619998931884766,42.02946853637695,4000
2022-04-11,45.45000076293945,45.5,45.0,45.0,41.45826721191406,1900
2022-04-12,45.099998474121094,45.25,45.0,45.0,41.45826721191406,3600
2022-04-13,45.04999923706055,45.2400016784668,45.0,45.2400016784668,41.67937088012695,3600
2022-04-14,45.25,45.400001525878906,45.20000076293945,45.400001525878906,41.826786041259766,1100
2022-04-18,45.400001525878906,45.400001525878906,45.400001525878906,45.400001525878906,41.826786041259766,0
2022-04-19,45.400001525878906,45.400001525878906,45.400001525878906,45.400001525878906,41.826786041259766,0
2022-04-20,45.400001525878906,45.400001525878906,45.060001373291016,45.060001373291016,41.513553619384766,1000
2022-04-21,44.939998626708984,45.58000183105469,44.939998626708984,45.0,41.45826721191406,4200
2022-04-22,45.0,45.369998931884766,44.970001220703125,45.0,41.45826721191406,8300
2022-04-25,44.29999923706055,45.5,44.29999923706055,45.5,41.91891098022461,4200
2022-04-26,44.4900016784668,44.650001525878906,44.150001525878906,44.150001525878906,40.67516326904297,3900
2022-04-27,44.150001525878906,44.150001525878906,41.79999923706055,41.79999923706055,38.51012420654297,9000
2022-04-28,40.0,41.43000030517578,38.0,38.880001068115234,35.8199462890625,48000
2022-04-29,38.66999816894531,39.880001068115234,38.5,39.880001068115234,36.741241455078125,2800
2022-05-02,40.029998779296875,40.540000915527344,40.0,40.0,36.85179138183594,2000
2022-05-03,40.900001525878906,40.900001525878906,38.5,39.2400016784668,36.151611328125,7500
2022-05-04,38.75,40.0,38.75,39.22999954223633,36.14239501953125,1300
2022-05-05,39.59000015258789,39.689998626708984,38.08000183105469,38.9900016784668,35.921287536621094,4400
2022-05-06,39.27000045776367,39.27000045776367,38.290000915527344,39.0,35.93049621582031,2800
2022-05-09,38.65999984741211,39.0,38.54999923706055,39.0,35.93049621582031,800
2022-05-10,37.5,38.79999923706055,37.5,38.79999923706055,35.746238708496094,14600
2022-05-11,37.66999816894531,38.66999816894531,37.15999984741211,38.66999816894531,35.626468658447266,10900
2022-05-12,38.66999816894531,38.66999816894531,38.66999816894531,38.66999816894531,35.626468658447266,0
2022-05-13,38.5,38.5,38.119998931884766,38.470001220703125,35.44221115112305,800
2022-05-16,38.0,38.459999084472656,37.70000076293945,38.0,35.00920486450195,2500
2022-05-17,39.0,39.0,38.0,38.380001068115234,35.35929489135742,2900
2022-05-18,38.29999923706055,38.29999923706055,38.0,38.25,35.23952102661133,1300
2022-05-19,38.189998626708984,38.189998626708984,38.0,38.0,35.00920486450195,4100
2022-05-20,37.0099983215332,37.79999923706055,37.0,37.70000076293945,34.73282241821289,6700
2022-05-23,37.849998474121094,38.0,37.75,38.0,35.00920486450195,1400
2022-05-24,37.04999923706055,37.95000076293945,37.0,37.459999084472656,34.51170349121094,6900
2022-05-25,37.130001068115234,38.5,37.04999923706055,38.5,35.469844818115234,2900
2022-05-26,37.529998779296875,38.33000183105469,37.22999954223633,37.22999954223633,34.2998046875,1700
2022-05-27,37.650001525878906,38.25,37.369998931884766,37.90999984741211,34.9262809753418,10800
2022-05-31,37.75,38.38999938964844,37.75,38.0,35.00920486450195,1600
2022-06-01,37.5,37.79999923706055,37.5,37.79999923706055,34.82493591308594,1500
2022-06-02,37.5099983215332,38.0,37.40999984741211,38.0,35.00920486450195,7000
2022-06-03,38.0,38.0,38.0,38.0,35.00920486450195,0
2022-06-06,37.59000015258789,38.400001525878906,37.59000015258789,38.06999969482422,35.07368850708008,4100
2022-06-07,38.0,38.0,37.83000183105469,37.83000183105469,34.85258483886719,4600
2022-06-08,37.810001373291016,37.810001373291016,37.720001220703125,37.75,34.77888870239258,1700
2022-06-09,37.75,37.75,37.75,37.75,34.77888870239258,0
2022-06-10,37.369998931884766,37.369998931884766,37.349998474121094,37.349998474121094,34.41035842895508,1800
2022-06-13,37.349998474121094,37.529998779296875,37.349998474121094,37.529998779296875,34.576194763183594,1000
2022-06-14,37.72999954223633,37.72999954223633,37.0,37.0,34.087913513183594,1800
2022-06-15,37.9900016784668,37.9900016784668,36.79999923706055,37.45000076293945,34.50249481201172,4700
2022-06-16,36.79999923706055,37.22999954223633,36.099998474121094,36.5,33.627254486083984,5800
2022-06-17,36.4900016784668,37.75,36.4900016784668,37.75,34.77888870239258,19200
2022-06-21,37.90999984741211,37.9900016784668,37.90999984741211,37.9900016784668,34.99999237060547,2100
2022-06-22,37.9900016784668,37.9900016784668,36.099998474121094,37.97999954223633,34.99077606201172,3300
2022-06-23,38.4900016784668,38.4900016784668,36.70000076293945,36.70000076293945,34.08977127075195,700
2022-06-24,37.880001068115234,38.81999969482422,37.880001068115234,37.93000030517578,35.23228073120117,8900
2022-06-27,37.93000030517578,37.93000030517578,37.93000030517578,37.93000030517578,35.23228073120117,500
2022-06-28,37.0,37.5,36.11000061035156,37.5,34.83286666870117,2000
2022-06-29,37.4900016784668,37.4900016784668,37.4900016784668,37.4900016784668,34.82357406616211,900
2022-06-30,37.4900016784668,37.4900016784668,37.4900016784668,37.4900016784668,34.82357406616211,800
2022-07-01,36.90999984741211,37.9900016784668,36.099998474121094,37.45000076293945,34.78643035888672,4000
2022-07-05,37.5,37.5,36.97999954223633,37.08000183105469,34.44274139404297,900
2022-07-06,37.119998931884766,37.650001525878906,37.119998931884766,37.650001525878906,34.97220230102539,700
2022-07-07,37.0,37.5,37.0,37.5,34.83286666870117,1100
2022-07-08,37.45000076293945,37.5,36.470001220703125,37.060001373291016,34.424163818359375,3000
2022-07-11,36.959999084472656,36.9900016784668,36.54999923706055,36.97999954223633,34.349853515625,1000
2022-07-12,36.2400016784668,37.47999954223633,36.2400016784668,37.27000045776367,34.61922836303711,700
2022-07-13,37.4900016784668,37.4900016784668,36.9900016784668,36.9900016784668,34.35914611816406,2800
2022-07-14,36.61000061035156,36.70000076293945,36.61000061035156,36.70000076293945,34.08977127075195,500
2022-07-15,37.25,37.25,37.25,37.25,34.600643157958984,3400
2022-07-18,37.25,37.25,37.25,37.25,34.600643157958984,400
2022-07-19,37.0,38.380001068115234,37.0,37.970001220703125,35.269439697265625,9600
2022-07-20,37.97999954223633,37.97999954223633,37.2400016784668,37.68000030517578,35.000064849853516,5100
2022-07-21,37.68000030517578,37.68000030517578,37.68000030517578,37.68000030517578,35.000064849853516,800
2022-07-22,37.13999938964844,37.9900016784668,37.040000915527344,37.68000030517578,35.000064849853516,2700
2022-07-25,37.5,37.68000030517578,37.4900016784668,37.68000030517578,35.000064849853516,25600
2022-07-26,37.5,37.650001525878906,37.5,37.650001525878906,34.97220230102539,6500
2022-07-27,37.20000076293945,37.5,37.02000045776367,37.25,34.600643157958984,7600
2022-07-28,37.2400016784668,37.45000076293945,37.2400016784668,37.45000076293945,34.78643035888672,500
2022-07-29,37.20000076293945,37.5,37.20000076293945,37.47999954223633,34.814292907714844,3700
2022-08-01,37.0099983215332,37.4900016784668,37.0099983215332,37.439998626708984,34.77713394165039,4900
2022-08-02,36.5,37.470001220703125,36.5,37.40999984741211,34.749271392822266,1200
2022-08-03,37.15999984741211,37.15999984741211,37.15999984741211,37.15999984741211,34.51704788208008,200
2022-08-04,37.31999969482422,37.31999969482422,37.31999969482422,37.31999969482422,34.665672302246094,200
2022-08-05,37.2599983215332,37.33000183105469,37.2599983215332,37.310001373291016,34.6563835144043,1500
2022-08-08,37.310001373291016,37.310001373291016,37.310001373291016,37.310001373291016,34.6563835144043,400
2022-08-09,37.2599983215332,37.2599983215332,37.2599983215332,37.2599983215332,34.60993194580078,400
2022-08-10,37.2599983215332,37.2599983215332,37.15999984741211,37.2599983215332,34.60993194580078,600
2022-08-11,36.880001068115234,37.25,36.880001068115234,36.93000030517578,34.303409576416016,700
2022-08-12,36.93000030517578,36.93000030517578,36.93000030517578,36.93000030517578,34.303409576416016,100
2022-08-15,36.5,37.68000030517578,36.5,37.68000030517578,35.000064849853516,4000
2022-08-16,37.68000030517578,37.68000030517578,37.68000030517578,37.68000030517578,35.000064849853516,300
2022-08-17,37.68000030517578,37.68000030517578,37.68000030517578,37.68000030517578,35.000064849853516,0
2022-08-18,37.290000915527344,37.290000915527344,37.290000915527344,37.290000915527344,34.6378059387207,2000
2022-08-19,36.93000030517578,37.63999938964844,36.93000030517578,37.63999938964844,34.96290969848633,800
2022-08-22,36.84000015258789,37.47999954223633,36.84000015258789,37.380001068115234,34.721405029296875,3700
2022-08-23,37.38999938964844,37.4900016784668,37.38999938964844,37.4900016784668,34.82357406616211,700
2022-08-24,37.4900016784668,37.4900016784668,37.4900016784668,37.4900016784668,34.82357406616211,0
2022-08-25,36.939998626708984,37.4900016784668,36.939998626708984,37.45000076293945,34.78643035888672,1100
2022-08-26,37.45000076293945,37.45000076293945,37.45000076293945,37.45000076293945,34.78643035888672,0
2022-08-29,37.45000076293945,37.45000076293945,37.45000076293945,37.45000076293945,34.78643035888672,0
2022-08-30,37.45000076293945,37.45000076293945,37.45000076293945,37.45000076293945,34.78643035888672,0
2022-08-31,37.189998626708984,37.380001068115234,36.83000183105469,36.83000183105469,34.21052169799805,1100
2022-09-01,36.83000183105469,36.83000183105469,36.83000183105469,36.83000183105469,34.21052169799805,0
2022-09-02,36.83000183105469,36.83000183105469,36.83000183105469,36.83000183105469,34.21052169799805,100
2022-09-06,36.83000183105469,36.83000183105469,36.83000183105469,36.83000183105469,34.21052169799805,0
2022-09-07,36.97999954223633,36.97999954223633,36.97999954223633,36.97999954223633,34.349853515625,300
2022-09-08,36.97999954223633,36.97999954223633,36.97999954223633,36.97999954223633,34.349853515625,0
2022-09-09,36.75,37.33000183105469,36.75,36.97999954223633,34.349853515625,1000
2022-09-12,36.97999954223633,36.97999954223633,36.97999954223633,36.97999954223633,34.349853515625,0
2022-09-13,36.7599983215332,36.939998626708984,36.75,36.939998626708984,34.31269454956055,1900
2022-09-14,35.529998779296875,35.529998779296875,35.529998779296875,35.529998779296875,33.00298309326172,1400
2022-09-15,35.599998474121094,35.599998474121094,35.45000076293945,35.45000076293945,32.92866897583008,4700
2022-09-16,35.150001525878906,37.20000076293945,34.599998474121094,37.20000076293945,34.55420684814453,11400
2022-09-19,36.599998474121094,36.900001525878906,36.599998474121094,36.599998474121094,33.99687957763672,900
2022-09-20,36.599998474121094,36.599998474121094,36.04999923706055,36.29999923706055,33.71821212768555,3800
2022-09-21,36.29999923706055,36.29999923706055,36.29999923706055,36.29999923706055,33.71821212768555,0
2022-09-22,36.29999923706055,36.29999923706055,36.29999923706055,36.29999923706055,33.71821212768555,0
2022-09-23,35.97999954223633,35.97999954223633,35.0,35.97999954223633,33.42097091674805,1100
2022-09-26,35.5,36.0,35.400001525878906,35.72999954223633,33.188758850097656,4100
2022-09-27,35.5,35.529998779296875,35.0,35.33000183105469,33.10442352294922,1900
2022-09-28,35.0,35.29999923706055,34.97999954223633,34.97999954223633,32.77647018432617,1000
2022-09-29,34.25,34.95000076293945,34.25,34.380001068115234,32.21426773071289,2000
2022-09-30,34.0,34.45000076293945,34.0,34.0099983215332,31.867576599121094,1000
2022-10-03,34.970001220703125,34.970001220703125,34.4900016784668,34.4900016784668,32.31734085083008,700
2022-10-04,34.0,34.400001525878906,33.790000915527344,33.790000915527344,31.66143798828125,2800
2022-10-05,34.0,34.0,34.0,34.0,31.858203887939453,400
2022-10-06,34.04999923706055,34.43000030517578,34.0,34.0,31.858203887939453,2700
2022-10-07,33.58000183105469,34.900001525878906,31.6200008392334,33.880001068115234,31.74576759338379,10000
2022-10-10,34.400001525878906,34.45000076293945,33.75,33.77000045776367,31.6427001953125,2700
2022-10-11,33.93000030517578,33.93000030517578,33.93000030517578,33.93000030517578,31.792621612548828,600
2022-10-12,33.02000045776367,34.380001068115234,33.02000045776367,33.93000030517578,31.792621612548828,900
2022-10-13,32.310001373291016,33.900001525878906,30.719999313354492,33.220001220703125,31.12734603881836,10100
2022-10-14,32.2599983215332,33.5,32.0,32.970001220703125,30.893089294433594,1200
2022-10-17,33.0,33.20000076293945,33.0,33.20000076293945,31.108598709106445,2600
2022-10-18,32.709999084472656,33.189998626708984,32.709999084472656,33.150001525878906,31.061756134033203,800
2022-10-19,32.5,33.68000030517578,32.5,32.5099983215332,30.462068557739258,1500
2022-10-20,33.02000045776367,33.02000045776367,33.02000045776367,33.02000045776367,30.939939498901367,600
2022-10-21,32.5,33.56999969482422,31.649999618530273,32.04999923706055,30.03104591369629,37700
2022-10-24,31.200000762939453,31.6299991607666,31.200000762939453,31.6299991607666,29.637500762939453,600
2022-10-25,31.56999969482422,32.5,31.56999969482422,32.5,30.452701568603516,2700
2022-10-26,32.45000076293945,33.0,32.0,32.36000061035156,30.32151985168457,9800
2022-10-27,32.18000030517578,32.63999938964844,32.18000030517578,32.22999954223633,30.19970703125,2600
2022-10-28,32.5,32.5,32.47999954223633,32.47999954223633,30.4339542388916,700
2022-10-31,32.0,32.25,31.75,31.75,29.74993896484375,1600
2022-11-01,32.0,32.0,32.0,32.0,29.984195709228516,900
2022-11-02,31.639999389648438,32.22999954223633,31.1200008392334,31.1200008392334,29.159631729125977,4300
2022-11-03,31.020000457763672,31.229999542236328,30.059999465942383,30.899999618530273,28.953487396240234,9600
2022-11-04,31.0,31.0,31.0,31.0,29.047189712524414,300
2022-11-07,30.549999237060547,30.989999771118164,30.549999237060547,30.989999771118164,29.037818908691406,700
2022-11-08,30.65999984741211,30.989999771118164,30.610000610351562,30.889999389648438,28.944116592407227,3500
2022-11-09,30.889999389648438,31.0,30.1299991607666,31.0,29.047189712524414,13200
2022-11-10,31.0,32.0,31.0,31.700000762939453,29.703094482421875,5200
2022-11-11,31.260000228881836,31.950000762939453,31.0,31.75,29.74993896484375,4800
2022-11-14,31.90999984741211,31.90999984741211,31.90999984741211,31.90999984741211,29.899866104125977,800
2022-11-15,31.600000381469727,32.0,31.25,31.799999237060547,29.79679298400879,14800
2022-11-16,31.530000686645508,32.0,31.5,31.90999984741211,29.899866104125977,4500
2022-11-17,31.549999237060547,32.0,31.3799991607666,32.0,29.984195709228516,9800
2022-11-18,31.979999542236328,32.0,31.700000762939453,32.0,29.984195709228516,4900
2022-11-21,31.65999984741211,33.189998626708984,31.5,32.0,29.984195709228516,3200
2022-11-22,31.959999084472656,32.0,31.899999618530273,32.0,29.984195709228516,3300
2022-11-23,32.0,32.0,31.770000457763672,32.0,29.984195709228516,1700
2022-11-25,31.600000381469727,32.29999923706055,31.549999237060547,32.29999923706055,30.26529312133789,900
2022-11-28,32.25,32.25,32.0,32.25,30.218446731567383,2100
2022-11-29,32.25,32.25,32.029998779296875,32.20000076293945,30.171598434448242,6200
2022-11-30,32.25,32.25,31.559999465942383,32.20000076293945,30.171598434448242,3000
2022-12-01,31.809999465942383,32.849998474121094,31.809999465942383,32.52000045776367,30.4714412689209,8500
2022-12-02,32.45000076293945,33.70000076293945,32.45000076293945,33.400001525878906,31.296009063720703,19500
2022-12-05,33.130001068115234,33.25,33.0,33.25,31.155454635620117,4000
2022-12-06,33.20000076293945,33.25,33.0,33.2400016784668,31.14608383178711,7000
2022-12-07,33.029998779296875,34.45000076293945,32.86000061035156,33.880001068115234,31.74576759338379,11900
2022-12-08,33.7400016784668,35.66999816894531,33.72999954223633,34.720001220703125,32.53285598754883,16300
2022-12-09,34.66999816894531,35.0,34.63999938964844,34.88999938964844,32.692134857177734,13200
2022-12-12,34.84000015258789,34.84000015258789,34.2400016784668,34.790000915527344,32.59844207763672,7400
2022-12-13,34.790000915527344,35.70000076293945,34.27000045776367,34.709999084472656,32.52348327636719,40400
2022-12-14,34.959999084472656,34.959999084472656,34.470001220703125,34.90999984741211,32.710880279541016,3300
2022-12-15,34.88999938964844,35.150001525878906,34.5,34.900001525878906,32.70151138305664,11800
2022-12-16,34.5,34.849998474121094,34.5,34.849998474121094,32.6546630859375,10900
2022-12-19,34.75,34.939998626708984,34.529998779296875,34.81999969482422,32.62655258178711,3500
2022-12-20,34.5,34.79999923706055,34.5,34.75,32.56095886230469,8000
2022-12-21,34.72999954223633,35.25,34.72999954223633,35.099998474121094,32.888912200927734,5200
2022-12-22,35.099998474121094,35.099998474121094,35.099998474121094,35.099998474121094,32.888912200927734,100
2022-12-23,35.0,37.63999938964844,35.0,36.459999084472656,34.163238525390625,16300
2022-12-27,36.18000030517578,36.18000030517578,35.650001525878906,35.97999954223633,34.002586364746094,6500
2022-12-28,35.97999954223633,36.0,35.529998779296875,35.97999954223633,34.002586364746094,6700
2022-12-29,35.939998626708984,36.22999954223633,35.52000045776367,36.189998626708984,34.201045989990234,29400
2022-12-30,36.27000045776367,36.27000045776367,36.0,36.20000076293945,34.21049118041992,7000
2023-01-03,36.22999954223633,36.22999954223633,36.119998931884766,36.20000076293945,34.21049118041992,1400
2023-01-04,36.47999954223633,36.47999954223633,36.18000030517578,36.2599983215332,34.26719665527344,4200
2023-01-05,36.25,36.41999816894531,36.20000076293945,36.20000076293945,34.21049118041992,2300
2023-01-06,36.18000030517578,36.47999954223633,36.02000045776367,36.189998626708984,34.201045989990234,12000
2023-01-09,36.040000915527344,36.33000183105469,35.91999816894531,36.15999984741211,34.17269515991211,2400
2023-01-10,36.15999984741211,36.15999984741211,36.0,36.15999984741211,34.17269515991211,1000
2023-01-11,36.189998626708984,36.189998626708984,36.15999984741211,36.15999984741211,34.17269515991211,800
2023-01-12,36.16999816894531,36.20000076293945,35.900001525878906,36.15999984741211,34.17269515991211,2000
2023-01-13,35.900001525878906,36.25,35.650001525878906,35.650001525878906,33.69072341918945,1700
2023-01-17,35.880001068115234,36.060001373291016,35.689998626708984,35.810001373291016,33.8419303894043,1900
2023-01-18,35.970001220703125,36.25,35.72999954223633,35.81999969482422,33.851383209228516,2600
2023-01-19,35.939998626708984,36.2400016784668,35.84000015258789,35.84000015258789,33.870277404785156,6100
2023-01-20,36.04999923706055,36.04999923706055,35.939998626708984,35.939998626708984,33.96478271484375,600
2023-01-23,35.9900016784668,35.9900016784668,35.9900016784668,35.9900016784668,34.01203918457031,500
2023-01-24,35.95000076293945,35.95000076293945,35.70000076293945,35.91999816894531,33.94588088989258,1300
2023-01-25,35.83000183105469,36.43000030517578,35.599998474121094,36.43000030517578,34.427860260009766,9100
2023-01-26,36.310001373291016,36.310001373291016,36.13999938964844,36.2599983215332,34.26719665527344,1100
2023-01-27,36.0,37.68000030517578,36.0,36.88999938964844,34.862571716308594,19900
2023-01-30,36.79999923706055,36.79999923706055,36.0,36.75,34.730262756347656,2400
2023-01-31,36.5,36.720001220703125,36.5,36.720001220703125,34.70191955566406,4600
2023-02-01,36.70000076293945,36.70000076293945,36.689998626708984,36.70000076293945,34.68301773071289,2200
2023-02-02,36.68000030517578,36.68000030517578,36.599998474121094,36.66999816894531,34.6546630859375,1900
2023-02-03,36.959999084472656,37.79999923706055,36.72999954223633,36.72999954223633,34.71136474609375,4700
2023-02-06,36.72999954223633,36.72999954223633,36.72999954223633,36.72999954223633,34.71136474609375,0
2023-02-07,37.5,37.5,37.45000076293945,37.45000076293945,35.39179992675781,1100
2023-02-08,37.130001068115234,37.18000030517578,37.130001068115234,37.16999816894531,35.1271858215332,1100
2023-02-09,37.38999938964844,37.38999938964844,37.38999938964844,37.38999938964844,35.33509063720703,800
2023-02-10,36.959999084472656,37.349998474121094,36.959999084472656,37.290000915527344,35.24059295654297,1200
2023-02-13,36.70000076293945,37.18000030517578,36.70000076293945,37.04999923706055,35.0137825012207,4200
2023-02-14,36.68000030517578,36.97999954223633,36.529998779296875,36.7400016784668,34.7208251953125,3200
2023-02-15,36.5,36.720001220703125,36.0,36.68000030517578,34.664119720458984,3700
2023-02-16,36.45000076293945,36.45000076293945,36.04999923706055,36.36000061035156,34.361698150634766,2700
2023-02-17,36.54999923706055,36.54999923706055,36.5,36.5,34.4940071105957,700
2023-02-21,36.25,36.25,36.0,36.189998626708984,34.201045989990234,3100
2023-02-22,36.25,36.25,35.709999084472656,35.9900016784668,34.01203918457031,5300
2023-02-23,35.5,36.0099983215332,35.5,35.970001220703125,33.993133544921875,4300
2023-02-24,35.70000076293945,36.060001373291016,35.5,35.880001068115234,33.908084869384766,3500
2023-02-27,35.79999923706055,35.83000183105469,35.650001525878906,35.79999923706055,33.83247756958008,1600
2023-02-28,35.540000915527344,35.779998779296875,35.400001525878906,35.779998779296875,33.81357192993164,4700
2023-03-01,35.93000030517578,36.630001068115234,35.5,35.849998474121094,33.87972640991211,4400
2023-03-02,35.849998474121094,35.849998474121094,35.849998474121094,35.849998474121094,33.87972640991211,500
2023-03-03,36.0,36.0,36.0,36.0,34.02149200439453,400
2023-03-06,35.70000076293945,36.400001525878906,35.70000076293945,36.36000061035156,34.361698150634766,2300
2023-03-07,36.0,36.0,35.95000076293945,35.95000076293945,33.974239349365234,400
2023-03-08,35.720001220703125,35.95000076293945,35.540000915527344,35.70000076293945,33.73797607421875,4000
2023-03-09,35.52000045776367,35.95000076293945,35.45000076293945,35.68000030517578,33.71907424926758,2500
2023-03-10,35.45000076293945,35.5,34.88999938964844,34.88999938964844,32.97248458862305,4500
2023-03-13,33.040000915527344,34.880001068115234,33.0,34.150001525878906,32.27315902709961,2600
2023-03-14,34.130001068115234,34.2400016784668,33.65999984741211,33.65999984741211,31.810091018676758,2700
2023-03-15,33.25,33.25,31.469999313354492,31.469999313354492,29.740447998046875,3700
2023-03-16,31.700000762939453,32.0,31.5,31.700000762939453,29.95781135559082,2100
2023-03-17,32.0,32.0,31.0,31.399999618530273,29.67429542541504,4500
2023-03-20,31.399999618530273,31.829999923706055,30.979999542236328,31.0,29.296279907226562,4800
2023-03-21,31.270000457763672,31.989999771118164,31.040000915527344,31.040000915527344,29.334081649780273,3700
2023-03-22,30.510000228881836,31.959999084472656,30.510000228881836,31.510000228881836,29.77825164794922,3500
2023-03-23,31.3700008392334,31.389999389648438,31.0,31.0,29.587366104125977,3000
2023-03-24,30.559999465942383,30.93000030517578,30.559999465942383,30.93000030517578,29.520557403564453,600
2023-03-27,30.700000762939453,30.729999542236328,29.690000534057617,30.399999618530273,29.014707565307617,3900
2023-03-28,30.040000915527344,30.040000915527344,29.729999542236328,29.729999542236328,28.3752384185791,2400
2023-03-29,29.950000762939453,29.950000762939453,29.8799991607666,29.950000762939453,28.585214614868164,1200
2023-03-30,29.700000762939453,29.899999618530273,29.700000762939453,29.899999618530273,28.537492752075195,400
2023-03-31,29.520000457763672,29.68000030517578,29.040000915527344,29.100000381469727,27.77394676208496,4900
2023-04-03,29.649999618530273,29.649999618530273,29.649999618530273,29.649999618530273,28.29888343811035,500
2023-04-04,29.0,29.469999313354492,28.299999237060547,28.549999237060547,27.24901008605957,5800
2023-04-05,28.979999542236328,28.979999542236328,28.399999618530273,28.399999618530273,27.105844497680664,1900
2023-04-06,28.459999084472656,29.0,28.459999084472656,28.8799991607666,27.56397247314453,1300
2023-04-10,28.549999237060547,31.399999618530273,28.5,30.020000457763672,28.65202522277832,5100
2023-04-11,30.200000762939453,31.899999618530273,28.5,31.0,29.587366104125977,2600
2023-04-12,30.899999618530273,30.899999618530273,30.899999618530273,30.899999618530273,29.49192237854004,700
2023-04-13,29.700000762939453,29.700000762939453,29.0,29.0,27.678503036499023,2200
2023-04-14,28.8799991607666,28.8799991607666,28.75,28.75,27.439895629882812,1300
2023-04-17,28.75,28.75,28.75,28.75,27.439895629882812,900
2023-04-18,31.329999923706055,31.329999923706055,31.329999923706055,31.329999923706055,29.902326583862305,400
2023-04-19,28.75,28.75,28.75,28.75,27.439895629882812,900
2023-04-20,28.959999084472656,29.549999237060547,28.959999084472656,29.5,28.155719757080078,1600
2023-04-21,29.5,29.5,29.5,29.5,28.155719757080078,0
2023-04-24,28.75,29.450000762939453,28.75,29.450000762939453,28.10799789428711,1600
2023-04-25,29.450000762939453,29.450000762939453,29.450000762939453,29.450000762939453,28.10799789428711,0
2023-04-26,28.5,29.389999389648438,28.5,29.389999389648438,28.050729751586914,2800
2023-04-27,29.0,29.0,29.0,29.0,27.678503036499023,300
2023-04-28,28.510000228881836,29.5,28.510000228881836,29.5,28.155719757080078,3500
2023-05-01,29.5,30.100000381469727,29.5,29.5,28.155719757080078,3600
2023-05-02,29.5,30.229999542236328,29.0,29.100000381469727,27.77394676208496,6100
2023-05-03,29.020000457763672,29.979999542236328,28.540000915527344,29.360000610351562,28.0221004486084,1800
2023-05-04,29.459999084472656,29.459999084472656,28.5,29.18000030517578,27.85030174255371,2100
2023-05-05,29.18000030517578,29.18000030517578,29.18000030517578,29.18000030517578,27.85030174255371,300
2023-05-08,28.799999237060547,29.0,28.75,28.75,27.439895629882812,3000
2023-05-09,28.75,28.75,28.75,28.75,27.439895629882812,1400
2023-05-10,28.0,28.610000610351562,27.09000015258789,27.18000030517578,25.941438674926758,2500
2023-05-11,26.5,26.5,25.75,25.75,24.576602935791016,6800
2023-05-12,25.860000610351562,26.239999771118164,25.75,26.18000030517578,24.98700714111328,1800
2023-05-15,27.450000762939453,27.450000762939453,25.5,25.59000015258789,24.423892974853516,700
2023-05-16,26.299999237060547,26.299999237060547,25.530000686645508,25.530000686645508,24.366626739501953,2600
2023-05-17,25.010000228881836,27.5,25.010000228881836,25.950000762939453,24.76749038696289,3600
2023-05-18,24.010000228881836,26.0,24.010000228881836,26.0,24.815210342407227,3400
2023-05-19,26.0,26.0,26.0,26.0,24.815210342407227,100
2023-05-22,26.0,26.43000030517578,26.0,26.43000030517578,25.225614547729492,600
2023-05-23,26.100000381469727,26.100000381469727,25.0,25.5,24.337993621826172,700
2023-05-24,25.450000762939453,25.450000762939453,24.219999313354492,25.100000381469727,23.956220626831055,1400
2023-05-25,24.5,24.889999389648438,22.25,22.739999771118164,21.703763961791992,5800
2023-05-26,23.850000381469727,23.850000381469727,22.5,23.309999465942383,22.24778938293457,1400
2023-05-30,23.200000762939453,23.389999389648438,22.010000228881836,22.489999771118164,21.46515655517578,7700
2023-05-31,22.290000915527344,22.479999542236328,21.75,21.81999969482422,20.8256893157959,4200
2023-06-01,21.75,21.75,21.5,21.5,20.5202693939209,600
2023-06-02,22.1299991607666,22.1299991607666,21.520000457763672,21.729999542236328,20.739788055419922,1900
2023-06-05,21.920000076293945,21.920000076293945,20.760000228881836,20.760000228881836,19.81399154663086,4800
2023-06-06,21.0,21.489999771118164,19.709999084472656,20.649999618530273,19.709003448486328,9200
2023-06-07,20.700000762939453,21.25,20.700000762939453,20.940000534057617,19.98578643798828,2100
2023-06-08,20.700000762939453,21.0,20.0,21.0,20.043052673339844,4600
2023-06-09,21.010000228881836,21.329999923706055,21.010000228881836,21.329999923706055,20.358013153076172,2000
2023-06-12,21.5,21.5,21.25,21.25,20.281661987304688,3300
2023-06-13,21.06999969482422,21.489999771118164,21.06999969482422,21.350000381469727,20.377105712890625,2200
2023-06-14,21.5,21.75,21.149999618530273,21.299999237060547,20.329381942749023,6400
2023-06-15,21.479999542236328,21.479999542236328,21.25,21.260000228881836,20.29120635986328,1900
2023-06-16,21.25,21.610000610351562,21.0,21.610000610351562,20.625259399414062,15900
2023-06-20,21.5,21.75,21.5,21.649999618530273,20.663433074951172,5500
2023-06-21,21.979999542236328,21.979999542236328,21.979999542236328,21.979999542236328,20.9783935546875,500
2023-06-22,21.6299991607666,22.959999084472656,21.510000228881836,22.68000030517578,21.95616340637207,6100
2023-06-23,23.1200008392334,23.25,22.649999618530273,23.0,22.265947341918945,3500
2023-06-26,23.25,23.25,21.100000381469727,22.700000762939453,21.975522994995117,11700
2023-06-27,22.5,22.670000076293945,21.979999542236328,22.0,21.297863006591797,4200
2023-06-28,22.06999969482422,22.15999984741211,21.700000762939453,21.700000762939453,21.00743865966797,900
2023-06-29,21.43000030517578,22.0,21.43000030517578,22.0,21.297863006591797,500
2023-06-30,22.0,22.0,22.0,22.0,21.297863006591797,0
2023-07-03,22.139999389648438,23.209999084472656,22.139999389648438,23.209999084472656,22.46924591064453,800
2023-07-05,22.059999465942383,23.25,22.059999465942383,22.610000610351562,21.888399124145508,5000
2023-07-06,22.790000915527344,23.0,22.5,22.93000030517578,22.198184967041016,5400
2023-07-07,23.18000030517578,23.18000030517578,22.639999389648438,22.8700008392334,22.140098571777344,1200
2023-07-10,22.299999237060547,23.09000015258789,22.299999237060547,22.559999465942383,21.839990615844727,4200
2023-07-11,22.559999465942383,22.899999618530273,22.559999465942383,22.760000228881836,22.03360939025879,1200
2023-07-12,22.5,22.809999465942383,22.5,22.809999465942383,22.082014083862305,1700
2023-07-13,22.549999237060547,23.25,22.510000228881836,22.75,22.023929595947266,2200
2023-07-14,22.75,22.899999618530273,22.600000381469727,22.719999313354492,21.994884490966797,900
2023-07-17,22.65999984741211,23.239999771118164,22.65999984741211,23.239999771118164,22.498291015625,800
2023-07-18,23.219999313354492,23.889999389648438,23.200000762939453,23.700000762939453,22.943607330322266,22600
2023-07-19,23.670000076293945,26.059999465942383,23.670000076293945,25.989999771118164,25.1605224609375,9000
2023-07-20,26.100000381469727,26.100000381469727,25.010000228881836,25.5,24.686161041259766,3000
2023-07-21,25.6200008392334,25.6200008392334,24.899999618530273,24.899999618530273,24.105308532714844,1200
2023-07-24,24.760000228881836,24.860000610351562,24.25,24.489999771118164,23.70839500427246,4500
2023-07-25,26.100000381469727,26.100000381469727,26.100000381469727,26.100000381469727,25.267013549804688,300
2023-07-26,25.0,25.5,25.0,25.5,24.686161041259766,800
2023-07-27,25.350000381469727,25.350000381469727,25.350000381469727,25.350000381469727,24.54094886779785,300
2023-07-28,25.350000381469727,25.350000381469727,25.350000381469727,25.350000381469727,24.54094886779785,100
2023-07-31,24.93000030517578,24.93000030517578,24.649999618530273,24.649999618530273,23.8632869720459,400
2023-08-01,24.25,24.950000762939453,23.280000686645508,24.600000381469727,23.814884185791016,4800
2023-08-02,24.229999542236328,25.0,24.229999542236328,25.0,24.20211410522461,500
2023-08-03,24.229999542236328,24.229999542236328,24.229999542236328,24.229999542236328,23.45669174194336,600
2023-08-04,24.0,24.0,24.0,24.0,23.234031677246094,400
2023-08-07,23.75,23.75,23.75,23.75,22.992013931274414,400
2023-08-08,24.170000076293945,24.25,24.0,24.0,23.234031677246094,3600
2023-08-09,24.8700008392334,24.8700008392334,24.440000534057617,24.8700008392334,24.076269149780273,1300
2023-08-10,24.25,24.8700008392334,23.8700008392334,24.8700008392334,24.076269149780273,700
2023-08-11,24.8700008392334,24.8700008392334,24.8700008392334,24.8700008392334,24.076269149780273,100
2023-08-14,24.799999237060547,24.799999237060547,24.799999237060547,24.799999237060547,24.008499145507812,400
2023-08-15,24.049999237060547,24.049999237060547,23.100000381469727,23.100000381469727,22.362756729125977,1600
2023-08-16,22.75,22.75,22.75,22.75,22.023929595947266,300
2023-08-17,23.0,23.0,22.010000228881836,22.479999542236328,21.762544631958008,600
2023-08-18,22.479999542236328,22.479999542236328,22.479999542236328,22.479999542236328,21.762544631958008,100
2023-08-21,22.75,22.75,21.389999389648438,21.389999389648438,20.707334518432617,1600
2023-08-22,21.5,22.0,21.5,21.5,20.81382179260254,1000
2023-08-23,23.0,23.0,21.329999923706055,23.0,22.265947341918945,1100
2023-08-24,21.850000381469727,22.3799991607666,21.43000030517578,22.3799991607666,21.66573715209961,1600
2023-08-25,21.520000457763672,21.520000457763672,21.520000457763672,21.520000457763672,20.83318519592285,400
2023-08-28,21.0,22.84000015258789,21.0,22.84000015258789,22.111053466796875,1900
2023-08-29,21.5,22.219999313354492,21.5,22.219999313354492,21.51084327697754,800
2023-08-30,21.75,21.75,21.75,21.75,21.055845260620117,300
2023-08-31,20.729999542236328,20.729999542236328,20.729999542236328,20.729999542236328,20.068397521972656,800
2023-09-01,20.229999542236328,20.229999542236328,20.139999389648438,20.139999389648438,19.497224807739258,700
2023-09-05,20.520000457763672,22.540000915527344,20.5,21.670000076293945,20.978395462036133,4100
2023-09-06,20.670000076293945,21.8799991607666,20.649999618530273,20.899999618530273,20.23297119140625,7000
2023-09-07,21.399999618530273,21.399999618530273,20.049999237060547,21.399999618530273,20.717012405395508,2100
2023-09-08,21.110000610351562,21.399999618530273,20.700000762939453,20.75,20.087759017944336,6400
2023-09-11,20.799999237060547,21.049999237060547,19.489999771118164,19.65999984741211,19.032546997070312,8400
2023-09-12,19.799999237060547,20.469999313354492,19.700000762939453,19.920000076293945,19.28424835205078,9300
2023-09-13,20.899999618530273,21.350000381469727,20.899999618530273,21.350000381469727,20.668609619140625,600
2023-09-14,21.350000381469727,21.350000381469727,21.350000381469727,21.350000381469727,20.668609619140625,0
2023-09-15,20.649999618530273,22.5,20.649999618530273,20.719999313354492,20.0587158203125,19900
2023-09-18,22.450000762939453,22.5,21.5,21.709999084472656,21.017118453979492,10400
2023-09-19,22.479999542236328,22.479999542236328,21.700000762939453,22.25,21.539886474609375,2100
2023-09-20,22.0,23.920000076293945,22.0,22.260000228881836,21.5495662689209,25500
2023-09-21,23.290000915527344,23.290000915527344,21.559999465942383,22.469999313354492,22.06007957458496,5800
2023-09-22,22.5,23.100000381469727,22.110000610351562,22.219999313354492,21.814640045166016,5700
2023-09-25,20.899999618530273,21.850000381469727,20.739999771118164,20.739999771118164,20.361642837524414,11600
2023-09-26,20.510000228881836,21.209999084472656,20.510000228881836,20.989999771118164,20.607078552246094,4200
2023-09-27,20.799999237060547,21.100000381469727,20.799999237060547,20.8799991607666,20.499086380004883,10200
2023-09-28,21.0,21.049999237060547,20.799999237060547,20.799999237060547,20.42054557800293,2000
2023-09-29,20.799999237060547,22.1299991607666,20.790000915527344,22.1299991607666,21.726282119750977,3000
2023-10-02,22.0,22.0,20.90999984741211,20.90999984741211,20.52853775024414,5900
2023-10-03,21.0,21.0,20.5,20.6299991607666,20.253644943237305,2300
2023-10-04,22.68000030517578,22.68000030517578,20.600000381469727,20.75,20.371456146240234,3200
2023-10-05,20.979999542236328,21.15999984741211,20.75,21.15999984741211,20.77397918701172,6600
2023-10-06,21.0,23.899999618530273,20.190000534057617,21.700000762939453,21.304128646850586,19800
2023-10-09,22.0,22.0,21.700000762939453,21.700000762939453,21.304128646850586,2200
2023-10-10,22.489999771118164,22.489999771118164,21.520000457763672,21.700000762939453,21.304128646850586,4500
2023-10-11,21.40999984741211,21.40999984741211,21.40999984741211,21.40999984741211,21.0194149017334,300
2023-10-12,21.3799991607666,21.3799991607666,21.25,21.350000381469727,20.960512161254883,2200
2023-10-13,22.25,22.25,21.290000915527344,21.850000381469727,21.451391220092773,1600
2023-10-16,21.5,22.0,21.5,21.559999465942383,21.16667938232422,2100
2023-10-17,21.600000381469727,22.0,21.299999237060547,21.329999923706055,20.94087791442871,6900
2023-10-18,21.299999237060547,21.8799991607666,21.299999237060547,21.8799991607666,21.4808406829834,600
2023-10-19,22.0,22.0,20.799999237060547,21.0,20.616897583007812,2900
2023-10-20,21.0,21.0,21.0,21.0,20.616897583007812,0
2023-10-23,20.719999313354492,20.719999313354492,20.719999313354492,20.719999313354492,20.342004776000977,800
2023-10-24,20.559999465942383,20.559999465942383,19.56999969482422,19.56999969482422,19.21298599243164,10700
2023-10-25,19.5,19.790000915527344,19.049999237060547,19.049999237060547,18.702470779418945,1600
2023-10-26,19.049999237060547,19.049999237060547,18.0,18.510000228881836,18.17232322692871,5600
2023-10-27,17.799999237060547,19.0,17.290000915527344,18.510000228881836,18.17232322692871,12200
2023-10-30,19.25,19.25,18.399999618530273,18.440000534057617,18.103601455688477,1200
2023-10-31,18.149999618530273,18.440000534057617,18.059999465942383,18.34000015258789,18.005422592163086,3500
2023-11-01,18.350000381469727,18.350000381469727,18.100000381469727,18.219999313354492,17.887611389160156,7700
2023-11-02,18.25,18.969999313354492,18.25,18.969999313354492,18.62392807006836,9700
2023-11-03,19.559999465942383,19.559999465942383,19.0,19.110000610351562,18.761377334594727,1900
2023-11-06,19.350000381469727,20.0,19.350000381469727,19.90999984741211,19.546781539916992,15100
2023-11-07,19.600000381469727,19.959999084472656,19.600000381469727,19.75,19.38970184326172,2300
2023-11-08,19.600000381469727,19.989999771118164,19.600000381469727,19.68000030517578,19.32097816467285,2900
2023-11-09,19.760000228881836,19.850000381469727,19.6200008392334,19.700000762939453,19.340612411499023,10900
2023-11-10,19.75,19.84000015258789,19.700000762939453,19.700000762939453,19.340612411499023,2800
2023-11-13,19.700000762939453,19.739999771118164,19.700000762939453,19.739999771118164,19.3798828125,1700
2023-11-14,19.75,22.0,19.68000030517578,20.200000762939453,19.831491470336914,12900
2023-11-15,20.479999542236328,20.700000762939453,20.15999984741211,20.469999313354492,20.09656524658203,9500
2023-11-16,20.0,21.239999771118164,20.0,20.75,20.371456146240234,1600
2023-11-17,20.860000610351562,21.229999542236328,20.829999923706055,21.229999542236328,20.842700958251953,600
2023-11-20,21.0,21.040000915527344,21.0,21.040000915527344,20.65616798400879,400
2023-11-21,20.0,21.219999313354492,20.0,20.989999771118164,20.607078552246094,2800
2023-11-22,20.770000457763672,20.8799991607666,20.770000457763672,20.8700008392334,20.489269256591797,3000
2023-11-24,20.8700008392334,20.8700008392334,20.8700008392334,20.8700008392334,20.489269256591797,400
2023-11-27,21.09000015258789,21.25,20.770000457763672,20.770000457763672,20.39109230041504,4800
2023-11-28,20.799999237060547,20.989999771118164,20.049999237060547,20.399999618530273,20.027841567993164,14600
2023-11-29,20.489999771118164,21.56999969482422,20.489999771118164,20.899999618530273,20.518722534179688,68600
2023-11-30,20.899999618530273,21.790000915527344,20.809999465942383,21.5,21.107776641845703,36900
2023-12-01,21.700000762939453,22.489999771118164,21.010000228881836,21.299999237060547,20.911422729492188,54400
2023-12-04,21.149999618530273,21.510000228881836,21.149999618530273,21.270000457763672,20.88197135925293,12600
2023-12-05,21.170000076293945,21.5,21.1200008392334,21.209999084472656,20.82306671142578,3200
2023-12-06,21.510000228881836,21.510000228881836,21.389999389648438,21.5,21.107776641845703,3600
2023-12-07,21.5,21.790000915527344,21.329999923706055,21.5,21.107776641845703,11900
2023-12-08,21.530000686645508,22.15999984741211,21.530000686645508,21.610000610351562,21.21576690673828,13800
2023-12-11,21.540000915527344,22.489999771118164,20.639999389648438,21.729999542236328,21.33357810974121,9500
2023-12-12,21.520000457763672,21.920000076293945,20.829999923706055,21.84000015258789,21.441572189331055,23900
2023-12-13,22.0,22.5,21.700000762939453,22.18000030517578,21.775373458862305,29100
2023-12-14,23.049999237060547,23.219999313354492,22.5,23.020000457763672,22.600046157836914,6800
2023-12-15,23.299999237060547,23.889999389648438,23.079999923706055,23.850000381469727,23.41490364074707,6800
2023-12-18,23.899999618530273,24.010000228881836,23.489999771118164,23.860000610351562,23.42472267150879,6600
2023-12-19,23.8700008392334,25.010000228881836,23.5,24.559999465942383,24.11195182800293,14600
2023-12-20,24.600000381469727,25.829999923706055,24.600000381469727,25.049999237060547,24.593013763427734,3700
2023-12-21,25.040000915527344,25.25,25.0,25.25,24.789365768432617,2000
2023-12-22,25.420000076293945,25.489999771118164,25.3700008392334,25.489999771118164,25.024986267089844,1600
2023-12-26,25.399999618530273,25.8799991607666,25.299999237060547,25.3700008392334,24.907176971435547,2700
2023-12-27,25.40999984741211,25.450000762939453,24.5,25.239999771118164,24.7795467376709,10500
2023-12-28,24.760000228881836,25.25,24.760000228881836,25.06999969482422,24.612648010253906,3400
2023-12-29,24.829999923706055,25.25,24.65999984741211,25.239999771118164,24.7795467376709,8500
2024-01-02,25.0,25.329999923706055,25.0,25.100000381469727,24.642101287841797,5500
2024-01-03,25.010000228881836,25.149999618530273,24.899999618530273,25.049999237060547,24.593013763427734,4400
2024-01-04,25.190000534057617,25.670000076293945,24.75,24.75,24.298486709594727,7700
2024-01-05,25.360000610351562,25.360000610351562,25.360000610351562,25.360000610351562,24.897357940673828,500
2024-01-08,25.149999618530273,25.149999618530273,24.5,24.780000686645508,24.327938079833984,10400
2024-01-09,24.739999771118164,24.75,24.5,24.75,24.298486709594727,4900
2024-01-10,24.510000228881836,24.68000030517578,24.34000015258789,24.399999618530273,23.954872131347656,16000
2024-01-11,24.469999313354492,24.469999313354492,24.25,24.25,23.80760955810547,11800
2024-01-12,24.440000534057617,24.68000030517578,24.440000534057617,24.68000030517578,24.229764938354492,1000
2024-01-16,24.25,24.5,24.0,24.5,24.05304527282715,7000
2024-01-17,24.0,24.100000381469727,24.0,24.079999923706055,23.640708923339844,4100
2024-01-18,24.100000381469727,24.110000610351562,24.0,24.0,23.562166213989258,7900
2024-01-19,23.809999465942383,23.93000030517578,23.799999237060547,23.81999969482422,23.385452270507812,5800
2024-01-22,24.350000381469727,24.350000381469727,23.799999237060547,23.799999237060547,23.48412322998047,3600
2024-01-23,23.920000076293945,23.920000076293945,23.600000381469727,23.6200008392334,23.306516647338867,22900
2024-01-24,24.34000015258789,24.34000015258789,23.65999984741211,23.690000534057617,23.375585556030273,8700
2024-01-25,24.229999542236328,24.350000381469727,24.0,24.0,23.681468963623047,2300
2024-01-26,24.0,24.0,23.700000762939453,23.799999237060547,23.48412322998047,7400
2024-01-29,24.190000534057617,24.190000534057617,23.850000381469727,23.850000381469727,23.53346061706543,2900
2024-01-30,23.850000381469727,24.219999313354492,23.809999465942383,23.850000381469727,23.53346061706543,2500
2024-01-31,24.020000457763672,24.739999771118164,24.020000457763672,24.149999618530273,23.829479217529297,25300
2024-02-01,24.15999984741211,24.75,23.5,24.260000228881836,23.938018798828125,8800
2024-02-02,24.290000915527344,24.6200008392334,23.81999969482422,24.299999237060547,23.977487564086914,17400
2024-02-05,24.18000030517578,24.579999923706055,23.739999771118164,24.5,24.174833297729492,15600
2024-02-06,24.34000015258789,24.5,23.84000015258789,24.350000381469727,24.026824951171875,5100
2024-02-07,24.010000228881836,24.200000762939453,23.5,23.770000457763672,23.45452308654785,21800
2024-02-08,23.829999923706055,23.829999923706055,23.700000762939453,23.700000762939453,23.385452270507812,3100
2024-02-09,23.6200008392334,24.450000762939453,23.610000610351562,24.020000457763672,23.70120620727539,3100
2024-02-12,24.020000457763672,24.280000686645508,24.0,24.110000610351562,23.790010452270508,14000
2024-02-13,23.809999465942383,24.219999313354492,23.809999465942383,24.049999237060547,23.730806350708008,8700
2024-02-14,23.809999465942383,24.15999984741211,23.809999465942383,23.950000762939453,23.63213348388672,3800
2024-02-15,23.850000381469727,24.100000381469727,23.719999313354492,23.979999542236328,23.6617374420166,3400
2024-02-16,23.979999542236328,23.979999542236328,23.979999542236328,23.979999542236328,23.6617374420166,0
2024-02-20,24.040000915527344,24.040000915527344,23.65999984741211,23.799999237060547,23.48412322998047,9700
2024-02-21,23.75,23.850000381469727,23.270000457763672,23.5,23.188106536865234,11600
2024-02-22,23.700000762939453,23.700000762939453,22.829999923706055,22.829999923706055,22.52699851989746,12600
2024-02-23,23.239999771118164,23.489999771118164,22.829999923706055,22.899999618530273,22.5960693359375,10600
2024-02-26,23.299999237060547,23.299999237060547,22.81999969482422,22.81999969482422,22.517131805419922,2100
2024-02-27,23.239999771118164,23.299999237060547,23.239999771118164,23.299999237060547,22.990760803222656,700
2024-02-28,23.450000762939453,23.450000762939453,23.0,23.299999237060547,22.990760803222656,53600
2024-02-29,23.700000762939453,23.700000762939453,23.299999237060547,23.299999237060547,22.990760803222656,6500
2024-03-01,23.149999618530273,23.299999237060547,23.0,23.059999465942383,22.753944396972656,7100
2024-03-04,23.040000915527344,23.280000686645508,22.90999984741211,22.950000762939453,22.64540672302246,23400
2024-03-05,22.940000534057617,23.469999313354492,22.899999618530273,23.200000762939453,22.892087936401367,10400
2024-03-06,23.239999771118164,23.540000915527344,23.15999984741211,23.219999313354492,22.911821365356445,6200
2024-03-07,23.399999618530273,23.510000228881836,23.270000457763672,23.489999771118164,23.178237915039062,2700
2024-03-08,23.770000457763672,23.969999313354492,23.520000457763672,23.610000610351562,23.296648025512695,2000
2024-03-11,23.549999237060547,23.899999618530273,23.5,23.899999618530273,23.58279800415039,1400
2024-03-12,23.6299991607666,23.959999084472656,23.549999237060547,23.549999237060547,23.237443923950195,1100
2024-03-13,23.850000381469727,23.889999389648438,23.56999969482422,23.610000610351562,23.296648025512695,2900
2024-03-14,23.600000381469727,23.770000457763672,23.5,23.729999542236328,23.41505241394043,5000
2024-03-15,23.639999389648438,23.940000534057617,23.549999237060547,23.739999771118164,23.4249210357666,30900
2024-03-18,23.700000762939453,23.8799991607666,23.610000610351562,23.700000762939453,23.385452270507812,152400
2024-03-19,23.700000762939453,23.780000686645508,23.530000686645508,23.530000686645508,23.217708587646484,4000
2024-03-20,23.5,23.729999542236328,23.5,23.700000762939453,23.385452270507812,22100
2024-03-21,23.790000915527344,24.93000030517578,23.75,24.719999313354492,24.39191436767578,12400
2024-03-22,24.760000228881836,24.979999542236328,24.5,24.84000015258789,24.510324478149414,6900
2024-03-25,24.989999771118164,24.989999771118164,24.719999313354492,24.719999313354492,24.39191436767578,1800
2024-03-26,25.0,25.0,24.719999313354492,24.850000381469727,24.520187377929688,2100
2024-03-27,24.799999237060547,25.0,24.469999313354492,24.549999237060547,24.224170684814453,12100
2024-03-28,24.799999237060547,24.799999237060547,24.600000381469727,24.600000381469727,24.273508071899414,1600
2024-04-01,24.799999237060547,24.84000015258789,24.739999771118164,24.739999771118164,24.41164779663086,2500
2024-04-02,24.600000381469727,24.639999389648438,24.5,24.579999923706055,24.25377082824707,3200
2024-04-03,24.579999923706055,24.600000381469727,24.540000915527344,24.600000381469727,24.273508071899414,3500
2024-04-04,24.600000381469727,24.75,24.5,24.5,24.174833297729492,1800
2024-04-05,24.799999237060547,24.84000015258789,24.450000762939453,24.600000381469727,24.273508071899414,900
2024-04-08,24.850000381469727,24.950000762939453,24.469999313354492,24.649999618530273,24.32284164428711,4600
2024-04-09,24.5,24.889999389648438,24.5,24.600000381469727,24.273508071899414,2400
2024-04-10,24.399999618530273,24.59000015258789,24.399999618530273,24.59000015258789,24.263639450073242,600
2024-04-11,24.450000762939453,24.59000015258789,24.450000762939453,24.59000015258789,24.263639450073242,600
2024-04-12,24.649999618530273,24.700000762939453,24.479999542236328,24.479999542236328,24.155099868774414,9500
2024-04-15,24.739999771118164,24.739999771118164,24.600000381469727,24.600000381469727,24.273508071899414,900
2024-04-16,24.600000381469727,24.600000381469727,24.600000381469727,24.600000381469727,24.273508071899414,0
2024-04-17,24.510000228881836,24.770000457763672,24.510000228881836,24.770000457763672,24.441251754760742,1100
2024-04-18,24.950000762939453,24.989999771118164,24.809999465942383,24.81999969482422,24.49058723449707,1400
2024-04-19,24.649999618530273,24.959999084472656,24.6200008392334,24.700000762939453,24.372180938720703,3700
2024-04-22,24.639999389648438,24.649999618530273,24.639999389648438,24.649999618530273,24.441587448120117,500
2024-04-23,24.520000457763672,24.940000534057617,24.520000457763672,24.559999465942383,24.35234832763672,3100
2024-04-24,24.799999237060547,24.959999084472656,24.799999237060547,24.959999084472656,24.748966217041016,500
2024-04-25,24.610000610351562,24.850000381469727,24.600000381469727,24.600000381469727,24.392011642456055,2500
2024-04-26,24.75,24.75,24.5,24.5,24.292856216430664,3800
2024-04-29,24.5,24.5,24.5,24.5,24.292856216430664,0
2024-04-30,24.489999771118164,24.489999771118164,24.489999771118164,24.489999771118164,24.282939910888672,1200
2024-05-01,24.5,24.6299991607666,24.5,24.579999923706055,24.37217903137207,2300
2024-05-02,24.56999969482422,24.649999618530273,24.540000915527344,24.540000915527344,24.33251953125,1400
2024-05-03,24.690000534057617,24.729999542236328,24.559999465942383,24.6299991607666,24.421754837036133,5300
2024-05-06,24.959999084472656,24.989999771118164,24.649999618530273,24.649999618530273,24.441587448120117,3900
2024-05-07,24.899999618530273,24.899999618530273,24.59000015258789,24.59000015258789,24.382095336914062,2600
2024-05-08,24.559999465942383,24.780000686645508,24.479999542236328,24.59000015258789,24.382095336914062,6500
2024-05-09,24.579999923706055,24.709999084472656,23.5,24.31999969482422,24.114377975463867,20500
2024-05-10,24.600000381469727,24.950000762939453,24.260000228881836,24.31999969482422,24.114377975463867,7600
2024-05-13,24.31999969482422,24.649999618530273,24.31999969482422,24.31999969482422,24.114377975463867,2800
2024-05-14,24.469999313354492,24.469999313354492,24.469999313354492,24.469999313354492,24.26310920715332,500
2024-05-15,24.520000457763672,24.799999237060547,24.5,24.559999465942383,24.35234832763672,3600
2024-05-16,24.5,24.670000076293945,24.5,24.65999984741211,24.45150375366211,3200
2024-05-17,24.65999984741211,24.65999984741211,24.520000457763672,24.520000457763672,24.31268882751465,1800
2024-05-20,24.780000686645508,24.790000915527344,24.780000686645508,24.790000915527344,24.58040428161621,600
2024-05-21,24.600000381469727,24.899999618530273,24.600000381469727,24.700000762939453,24.491167068481445,1000
2024-05-22,24.889999389648438,24.989999771118164,24.709999084472656,24.709999084472656,24.501079559326172,5000
2024-05-23,24.709999084472656,24.709999084472656,24.709999084472656,24.709999084472656,24.501079559326172,0
2024-05-24,24.850000381469727,24.850000381469727,24.600000381469727,24.600000381469727,24.392011642456055,3000
2024-05-28,24.520000457763672,24.799999237060547,24.520000457763672,24.600000381469727,24.392011642456055,1400
2024-05-29,24.760000228881836,24.760000228881836,24.510000228881836,24.510000228881836,24.302772521972656,1500
2024-05-30,24.510000228881836,24.739999771118164,24.5,24.559999465942383,24.35234832763672,1700
2024-05-31,24.510000228881836,24.739999771118164,24.309999465942383,24.479999542236328,24.273025512695312,16000
2024-06-03,24.399999618530273,24.729999542236328,24.399999618530273,24.600000381469727,24.392011642456055,5500
2024-06-04,24.6200008392334,24.6200008392334,24.6200008392334,24.6200008392334,24.41184425354004,1300
2024-06-05,24.5,24.739999771118164,24.31999969482422,24.450000762939453,24.2432804107666,13300
2024-06-06,24.420000076293945,24.5,24.399999618530273,24.399999618530273,24.193702697753906,3200
2024-06-07,24.299999237060547,24.5,24.299999237060547,24.389999389648438,24.183786392211914,1700
2024-06-10,24.440000534057617,24.440000534057617,24.360000610351562,24.360000610351562,24.154041290283203,1200
2024-06-11,24.360000610351562,24.360000610351562,24.299999237060547,24.360000610351562,24.154041290283203,2200
2024-06-12,24.479999542236328,24.479999542236328,24.3700008392334,24.399999618530273,24.193702697753906,3200
2024-06-13,24.399999618530273,24.399999618530273,24.399999618530273,24.399999618530273,24.193702697753906,3800
2024-06-14,24.309999465942383,24.450000762939453,24.309999465942383,24.309999465942383,24.104463577270508,2600
2024-06-17,24.299999237060547,24.299999237060547,24.299999237060547,24.299999237060547,24.094547271728516,500
2024-06-18,24.299999237060547,24.309999465942383,24.299999237060547,24.309999465942383,24.104463577270508,2400
2024-06-20,24.309999465942383,24.40999984741211,24.309999465942383,24.350000381469727,24.14412498474121,2500
2024-06-21,24.350000381469727,24.350000381469727,24.309999465942383,24.350000381469727,24.14412498474121,8600
2024-06-24,24.3700008392334,24.40999984741211,24.309999465942383,24.399999618530273,24.193702697753906,3100
2024-06-25,24.399999618530273,24.399999618530273,24.399999618530273,24.399999618530273,24.193702697753906,0
2024-06-26,24.200000762939453,24.459999084472656,23.5,24.18000030517578,23.975563049316406,14200
2024-06-27,24.059999465942383,24.469999313354492,24.010000228881836,24.469999313354492,24.26310920715332,7500
2024-06-28,24.360000610351562,24.75,24.360000610351562,24.520000457763672,24.31268882751465,4700
2024-07-01,24.959999084472656,24.959999084472656,24.959999084472656,24.959999084472656,24.748966217041016,2200
2024-07-02,24.520000457763672,24.739999771118164,24.520000457763672,24.540000915527344,24.33251953125,2400
2024-07-03,24.540000915527344,24.540000915527344,24.540000915527344,24.540000915527344,24.33251953125,0
2024-07-05,24.559999465942383,24.8799991607666,24.549999237060547,24.850000381469727,24.639896392822266,2800
2024-07-08,24.850000381469727,24.850000381469727,24.850000381469727,24.850000381469727,24.639896392822266,0
2024-07-09,24.540000915527344,24.799999237060547,24.540000915527344,24.670000076293945,24.4614200592041,3200
2024-07-10,24.670000076293945,24.760000228881836,24.600000381469727,24.600000381469727,24.392011642456055,3000
2024-07-11,24.799999237060547,24.989999771118164,24.709999084472656,24.719999313354492,24.510995864868164,3900
2024-07-12,24.770000457763672,26.049999237060547,24.739999771118164,24.739999771118164,24.530826568603516,18100
2024-07-15,25.25,25.719999313354492,24.81999969482422,25.0,24.78862762451172,46400
2024-07-16,24.920000076293945,26.09000015258789,24.920000076293945,25.940000534057617,25.72068214416504,15200
2024-07-17,25.899999618530273,25.899999618530273,25.65999984741211,25.860000610351562,25.641357421875,9400
2024-07-18,25.899999618530273,26.0,25.889999389648438,25.90999984741211,25.690935134887695,4800
2024-07-19,25.889999389648438,26.1299991607666,25.889999389648438,26.1299991607666,26.02962875366211,1100
2024-07-22,26.1299991607666,27.84000015258789,25.850000381469727,27.770000457763672,27.663330078125,6000
2024-07-23,27.850000381469727,28.979999542236328,25.649999618530273,28.979999542236328,28.868680953979492,4900
2024-07-24,28.979999542236328,28.979999542236328,28.979999542236328,28.979999542236328,28.868680953979492,0
2024-07-25,29.0,29.0,29.0,29.0,28.88860511779785,300
2024-07-26,28.959999084472656,28.959999084472656,28.700000762939453,28.700000762939453,28.589757919311523,1000
2024-07-29,28.700000762939453,29.530000686645508,28.40999984741211,28.549999237060547,28.440332412719727,5400
2024-07-30,28.420000076293945,28.420000076293945,27.68000030517578,28.399999618530273,28.290908813476562,2100
2024-07-31,28.420000076293945,28.420000076293945,28.420000076293945,28.420000076293945,28.310832977294922,500
2024-08-01,28.25,28.700000762939453,26.510000228881836,28.0,27.892446517944336,6200
2024-08-02,27.729999542236328,28.170000076293945,27.729999542236328,28.170000076293945,28.061792373657227,500
2024-08-05,28.170000076293945,28.170000076293945,28.170000076293945,28.170000076293945,28.061792373657227,0
2024-08-06,27.479999542236328,27.829999923706055,27.1299991607666,27.600000381469727,27.493982315063477,5800
2024-08-07,27.5,27.5,27.110000610351562,27.469999313354492,27.36448097229004,1100
2024-08-08,27.350000381469727,27.59000015258789,27.350000381469727,27.59000015258789,27.484020233154297,400
2024-08-09,27.270000457763672,27.549999237060547,27.270000457763672,27.549999237060547,27.44417381286621,500
2024-08-12,27.34000015258789,27.549999237060547,27.31999969482422,27.31999969482422,27.215057373046875,2000
2024-08-13,27.31999969482422,27.440000534057617,27.31999969482422,27.31999969482422,27.215057373046875,1600
2024-08-14,27.31999969482422,27.31999969482422,27.25,27.25,27.145326614379883,1000
2024-08-15,27.25,27.34000015258789,26.799999237060547,27.110000610351562,27.0058650970459,3600
2024-08-16,27.15999984741211,27.299999237060547,27.110000610351562,27.299999237060547,27.195133209228516,5200
2024-08-19,27.309999465942383,27.360000610351562,27.299999237060547,27.360000610351562,27.254905700683594,1300
2024-08-20,27.360000610351562,27.360000610351562,27.170000076293945,27.350000381469727,27.244943618774414,1900
2024-08-21,27.350000381469727,27.350000381469727,27.350000381469727,27.350000381469727,27.244943618774414,0
2024-08-22,27.030000686645508,27.34000015258789,27.010000228881836,27.34000015258789,27.234981536865234,1700
2024-08-23,27.34000015258789,27.40999984741211,27.209999084472656,27.3799991607666,27.274826049804688,8100
2024-08-26,27.270000457763672,27.270000457763672,27.260000228881836,27.260000228881836,27.155288696289062,3500
2024-08-27,27.200000762939453,27.350000381469727,27.0,27.350000381469727,27.244943618774414,1800
2024-08-28,27.329999923706055,27.329999923706055,27.329999923706055,27.329999923706055,27.225019454956055,300
2024-08-29,27.270000457763672,27.350000381469727,27.270000457763672,27.350000381469727,27.244943618774414,4500
2024-08-30,27.25,27.25,27.1200008392334,27.1200008392334,27.015827178955078,1200
2024-09-03,27.260000228881836,27.260000228881836,27.260000228881836,27.260000228881836,27.155288696289062,200
2024-09-04,27.260000228881836,27.260000228881836,27.260000228881836,27.260000228881836,27.155288696289062,0
2024-09-05,27.260000228881836,27.260000228881836,27.260000228881836,27.260000228881836,27.155288696289062,0
2024-09-06,27.299999237060547,27.399999618530273,27.299999237060547,27.399999618530273,27.294750213623047,1800
2024-09-09,27.399999618530273,27.420000076293945,27.209999084472656,27.350000381469727,27.244943618774414,10500
2024-09-10,27.520000457763672,27.739999771118164,27.520000457763672,27.65999984741211,27.55375099182129,900
2024-09-11,27.739999771118164,27.850000381469727,27.43000030517578,27.670000076293945,27.56371307373047,1700
2024-09-12,27.700000762939453,29.59000015258789,27.700000762939453,28.850000381469727,28.739181518554688,8200
2024-09-13,28.780000686645508,28.780000686645508,28.280000686645508,28.530000686645508,28.42041015625,4000
2024-09-16,28.389999389648438,28.700000762939453,28.290000915527344,28.700000762939453,28.589757919311523,2200
2024-09-17,28.510000228881836,28.510000228881836,28.0,28.030000686645508,27.922330856323242,4400
2024-09-18,28.860000610351562,29.59000015258789,28.84000015258789,29.450000762939453,29.336875915527344,5200
2024-09-19,29.100000381469727,33.04999923706055,29.100000381469727,32.400001525878906,32.27554702758789,7800
2024-09-20,32.13999938964844,32.95000076293945,31.299999237060547,31.989999771118164,31.86711883544922,19200
2024-09-23,31.780000686645508,32.470001220703125,31.780000686645508,32.0,31.8770809173584,3400
2024-09-24,31.350000381469727,31.5,30.700000762939453,31.350000381469727,31.229578018188477,4000
2024-09-25,30.829999923706055,31.25,30.799999237060547,31.200000762939453,31.080154418945312,4400
2024-09-26,31.700000762939453,31.700000762939453,31.700000762939453,31.700000762939453,31.57823371887207,600
2024-09-27,31.049999237060547,32.0,31.0,31.979999542236328,31.85715675354004,7200
2024-09-30,31.260000228881836,32.2400016784668,31.260000228881836,31.979999542236328,31.85715675354004,5800
2024-10-01,31.850000381469727,31.850000381469727,31.850000381469727,31.850000381469727,31.727657318115234,800
2024-10-02,31.6299991607666,31.770000457763672,31.6299991607666,31.700000762939453,31.57823371887207,1100
2024-10-03,31.059999465942383,31.780000686645508,30.5,31.1299991607666,31.010421752929688,5000
2024-10-04,31.809999465942383,31.809999465942383,31.739999771118164,31.780000686645508,31.657926559448242,600
2024-10-07,31.790000915527344,31.790000915527344,31.790000915527344,31.790000915527344,31.667888641357422,300
2024-10-08,31.559999465942383,31.770000457763672,31.559999465942383,31.770000457763672,31.647964477539062,2000
2024-10-09,31.760000228881836,31.760000228881836,31.760000228881836,31.760000228881836,31.638002395629883,1200
2024-10-10,31.760000228881836,32.9900016784668,31.700000762939453,31.739999771118164,31.618080139160156,9900
2024-10-11,31.719999313354492,31.860000610351562,31.709999084472656,31.860000610351562,31.737619400024414,1900
2024-10-14,31.3700008392334,31.889999389648438,31.31999969482422,31.31999969482422,31.199691772460938,2400
2024-10-15,30.690000534057617,31.889999389648438,30.690000534057617,31.549999237060547,31.428808212280273,2000
2024-10-16,31.350000381469727,31.450000762939453,30.989999771118164,31.25,31.129961013793945,3500
2024-10-17,31.260000228881836,31.260000228881836,31.239999771118164,31.239999771118164,31.1200008392334,1700
2024-10-18,31.110000610351562,31.25,30.81999969482422,30.850000381469727,30.850000381469727,5200
2024-10-21,30.850000381469727,31.399999618530273,30.510000228881836,31.06999969482422,31.06999969482422,1700
2024-10-22,31.100000381469727,31.209999084472656,31.100000381469727,31.209999084472656,31.209999084472656,800
2024-10-23,31.209999084472656,31.209999084472656,31.209999084472656,31.209999084472656,31.209999084472656,0
2024-10-24,31.200000762939453,31.239999771118164,31.200000762939453,31.239999771118164,31.239999771118164,1300
2024-10-25,31.229999542236328,31.229999542236328,31.229999542236328,31.229999542236328,31.229999542236328,400
2024-10-28,31.229999542236328,31.239999771118164,31.100000381469727,31.239999771118164,31.239999771118164,1200
2024-10-29,30.760000228881836,31.229999542236328,30.260000228881836,31.229999542236328,31.229999542236328,2100
2024-10-30,31.0,31.239999771118164,31.0,31.239999771118164,31.239999771118164,1000
2024-10-31,30.760000228881836,31.25,30.760000228881836,31.25,31.25,2500
2024-11-01,31.110000610351562,31.110000610351562,31.110000610351562,31.110000610351562,31.110000610351562,300
2024-11-04,31.25,33.0,31.25,31.8799991607666,31.8799991607666,8500
2024-11-05,31.950000762939453,32.400001525878906,31.860000610351562,31.979999542236328,31.979999542236328,4800
2024-11-06,32.900001525878906,33.5,32.02000045776367,32.400001525878906,32.400001525878906,2200
2024-11-07,32.04999923706055,32.45000076293945,31.579999923706055,31.579999923706055,31.579999923706055,2500
2024-11-08,31.049999237060547,31.049999237060547,31.049999237060547,31.049999237060547,31.049999237060547,600
