Date,Open,High,Low,Close,Adj Close,Volume
2017-05-10,15.199999809265137,15.59000015258789,14.899999618530273,15.039999961853027,15.039999961853027,5481400
2017-05-11,15.09000015258789,15.25,14.779999732971191,15.210000038146973,15.210000038146973,492300
2017-05-12,15.119999885559082,15.979999542236328,15.050000190734863,15.960000038146973,15.960000038146973,249200
2017-05-15,16.15999984741211,16.739999771118164,16.0,16.450000762939453,16.450000762939453,982400
2017-05-16,16.559999465942383,16.559999465942383,15.850000381469727,16.1200008392334,16.1200008392334,383100
2017-05-17,16.18000030517578,16.232999801635742,15.680000305175781,16.0,16.0,356600
2017-05-18,16.0,16.083999633789062,15.85099983215332,15.930000305175781,15.930000305175781,160100
2017-05-19,16.030000686645508,16.100000381469727,15.859999656677246,16.0,16.0,107900
2017-05-22,16.139999389648438,16.170000076293945,15.8100004196167,15.8100004196167,15.8100004196167,35800
2017-05-23,15.699999809265137,16.209999084472656,15.406999588012695,15.979999542236328,15.979999542236328,145500
2017-05-24,16.049999237060547,16.479999542236328,15.609999656677246,15.65999984741211,15.65999984741211,264000
2017-05-25,15.75,16.09000015258789,15.600000381469727,16.030000686645508,16.030000686645508,113500
2017-05-26,15.949999809265137,16.0,15.380000114440918,15.720000267028809,15.720000267028809,189300
2017-05-30,15.65999984741211,15.970000267028809,15.640000343322754,15.6899995803833,15.6899995803833,52900
2017-05-31,15.720000267028809,16.239999771118164,15.609999656677246,15.609999656677246,15.609999656677246,91800
2017-06-01,15.600000381469727,15.8100004196167,15.28499984741211,15.649999618530273,15.649999618530273,89400
2017-06-02,15.739999771118164,15.949999809265137,15.600000381469727,15.699999809265137,15.699999809265137,127000
2017-06-05,15.779999732971191,15.779999732971191,15.279999732971191,15.5,15.5,391400
2017-06-06,15.680000305175781,15.6899995803833,15.199999809265137,15.369999885559082,15.369999885559082,102800
2017-06-07,15.239999771118164,15.5,15.050000190734863,15.140000343322754,15.140000343322754,103600
2017-06-08,15.010000228881836,15.199999809265137,14.90999984741211,14.979999542236328,14.979999542236328,97300
2017-06-09,15.0,15.5,14.789999961853027,15.25,15.25,304200
2017-06-12,15.119999885559082,15.35099983215332,14.59000015258789,14.850000381469727,14.850000381469727,146300
2017-06-13,14.8100004196167,14.859999656677246,14.25,14.720000267028809,14.720000267028809,80600
2017-06-14,14.65999984741211,14.710000038146973,14.380000114440918,14.470000267028809,14.470000267028809,292600
2017-06-15,14.399999618530273,14.5600004196167,14.300000190734863,14.380000114440918,14.380000114440918,279500
2017-06-16,14.260000228881836,14.430000305175781,14.010000228881836,14.25,14.25,167500
2017-06-19,14.25,14.579999923706055,14.130000114440918,14.550000190734863,14.550000190734863,106800
2017-06-20,14.529999732971191,14.779999732971191,14.529999732971191,14.609999656677246,14.609999656677246,116600
2017-06-21,14.729999542236328,14.920000076293945,14.5,14.5600004196167,14.5600004196167,109200
2017-06-22,14.59000015258789,14.59000015258789,14.25,14.550000190734863,14.550000190734863,59000
2017-06-23,14.59000015258789,14.59000015258789,14.25,14.510000228881836,14.510000228881836,30700
2017-06-26,14.569999694824219,14.640000343322754,14.270000457763672,14.529999732971191,14.529999732971191,388500
2017-06-27,14.539999961853027,14.609999656677246,14.140000343322754,14.329999923706055,14.329999923706055,75000
2017-06-28,14.380000114440918,14.890000343322754,14.279999732971191,14.859999656677246,14.859999656677246,171500
2017-06-29,14.84000015258789,15.0,14.630000114440918,14.729999542236328,14.729999542236328,105800
2017-06-30,14.829999923706055,14.949999809265137,14.649999618530273,14.760000228881836,14.760000228881836,24000
2017-07-03,14.859999656677246,14.9399995803833,14.614999771118164,14.789999961853027,14.789999961853027,80400
2017-07-05,14.670000076293945,14.899999618530273,14.199999809265137,14.369999885559082,14.369999885559082,98100
2017-07-06,14.220000267028809,14.510000228881836,14.050000190734863,14.100000381469727,14.100000381469727,83100
2017-07-07,14.140000343322754,14.260000228881836,13.800000190734863,14.010000228881836,14.010000228881836,222700
2017-07-10,14.0,14.6899995803833,13.920000076293945,14.520000457763672,14.520000457763672,119900
2017-07-11,14.479999542236328,14.6899995803833,14.055000305175781,14.300000190734863,14.300000190734863,52700
2017-07-12,14.239999771118164,14.420000076293945,14.010000228881836,14.350000381469727,14.350000381469727,92100
2017-07-13,14.399999618530273,14.65999984741211,14.25,14.539999961853027,14.539999961853027,69700
2017-07-14,14.510000228881836,14.583000183105469,14.199999809265137,14.25,14.25,41800
2017-07-17,14.199999809265137,14.720000267028809,14.199999809265137,14.420000076293945,14.420000076293945,54100
2017-07-18,14.5,14.6850004196167,14.350000381469727,14.510000228881836,14.510000228881836,227100
2017-07-19,14.539999961853027,14.550000190734863,14.25,14.470000267028809,14.470000267028809,72300
2017-07-20,14.539999961853027,14.600000381469727,14.100000381469727,14.550000190734863,14.550000190734863,15900
2017-07-21,14.5,14.75,14.390000343322754,14.569999694824219,14.569999694824219,82100
2017-07-24,14.539999961853027,14.539999961853027,14.180000305175781,14.300000190734863,14.300000190734863,30000
2017-07-25,14.210000038146973,14.625,14.032999992370605,14.529999732971191,14.529999732971191,15700
2017-07-26,14.529999732971191,14.789999961853027,14.5,14.649999618530273,14.649999618530273,89900
2017-07-27,14.600000381469727,14.850000381469727,14.529999732971191,14.649999618530273,14.649999618530273,62600
2017-07-28,14.600000381469727,14.725000381469727,14.4399995803833,14.619999885559082,14.619999885559082,28900
2017-07-31,14.600000381469727,15.4399995803833,14.510000228881836,14.899999618530273,14.899999618530273,62100
2017-08-01,15.140000343322754,15.140000343322754,14.675000190734863,15.0,15.0,130800
2017-08-02,15.0,15.449999809265137,14.579999923706055,14.899999618530273,14.899999618530273,219300
2017-08-03,15.0,15.069999694824219,14.75,14.770000457763672,14.770000457763672,33000
2017-08-04,14.75,15.119999885559082,14.720000267028809,15.109999656677246,15.109999656677246,27300
2017-08-07,15.0,15.359999656677246,14.59000015258789,15.0,15.0,47400
2017-08-08,14.890000343322754,15.199999809265137,14.699999809265137,15.0,15.0,148300
2017-08-09,14.859999656677246,14.920000076293945,14.40999984741211,14.529999732971191,14.529999732971191,94600
2017-08-10,14.380000114440918,14.529999732971191,13.800000190734863,13.8100004196167,13.8100004196167,338100
2017-08-11,13.649999618530273,13.890000343322754,13.5,13.75,13.75,224200
2017-08-14,13.880000114440918,14.074999809265137,13.670000076293945,14.010000228881836,14.010000228881836,87200
2017-08-15,13.960000038146973,14.0649995803833,13.904999732971191,14.050000190734863,14.050000190734863,34700
2017-08-16,13.984999656677246,14.3100004196167,13.885000228881836,14.25,14.25,75600
2017-08-17,14.149999618530273,14.289999961853027,14.079999923706055,14.109999656677246,14.109999656677246,54500
2017-08-18,14.045000076293945,14.329999923706055,13.90999984741211,14.109999656677246,14.109999656677246,49100
2017-08-21,14.09000015258789,14.350000381469727,13.90999984741211,14.100000381469727,14.100000381469727,49700
2017-08-22,14.071999549865723,14.149999618530273,13.9350004196167,14.020000457763672,14.020000457763672,109400
2017-08-23,14.109999656677246,14.600000381469727,13.9350004196167,14.460000038146973,14.460000038146973,80800
2017-08-24,14.350000381469727,14.539999961853027,14.100000381469727,14.279999732971191,14.279999732971191,126300
2017-08-25,14.319999694824219,14.640000343322754,13.899999618530273,13.989999771118164,13.989999771118164,124300
2017-08-28,13.989999771118164,14.5,13.920000076293945,14.350000381469727,14.350000381469727,156000
2017-08-29,14.350000381469727,14.5600004196167,14.024999618530273,14.380000114440918,14.380000114440918,97800
2017-08-30,14.300000190734863,14.579999923706055,14.09000015258789,14.420000076293945,14.420000076293945,352200
2017-08-31,14.369999885559082,14.5,14.050000190734863,14.149999618530273,14.149999618530273,296000
2017-09-01,14.319999694824219,14.479999542236328,14.0,14.260000228881836,14.260000228881836,137000
2017-09-05,14.3100004196167,14.369999885559082,13.510000228881836,13.729999542236328,13.729999542236328,131700
2017-09-06,13.729999542236328,13.880000114440918,13.25,13.449999809265137,13.449999809265137,125800
2017-09-07,13.449999809265137,13.520000457763672,13.180000305175781,13.260000228881836,13.260000228881836,119000
2017-09-08,13.270000457763672,13.600000381469727,13.119999885559082,13.369999885559082,13.369999885559082,55400
2017-09-11,13.510000228881836,13.5600004196167,13.199999809265137,13.420000076293945,13.420000076293945,69300
2017-09-12,13.449999809265137,13.640000343322754,13.279999732971191,13.430000305175781,13.430000305175781,113900
2017-09-13,13.350000381469727,13.579999923706055,13.300000190734863,13.40999984741211,13.40999984741211,84100
2017-09-14,13.420000076293945,13.479999542236328,13.220000267028809,13.350000381469727,13.350000381469727,43900
2017-09-15,13.399999618530273,13.6899995803833,13.270000457763672,13.369999885559082,13.369999885559082,100700
2017-09-18,13.34000015258789,13.9399995803833,13.300000190734863,13.569999694824219,13.569999694824219,52300
2017-09-19,13.619999885559082,13.84000015258789,13.404000282287598,13.529999732971191,13.529999732971191,22700
2017-09-20,13.539999961853027,13.819999694824219,13.279999732971191,13.600000381469727,13.600000381469727,206300
2017-09-21,13.5,13.579999923706055,13.199999809265137,13.350000381469727,13.350000381469727,320000
2017-09-22,13.369999885559082,13.600000381469727,13.010000228881836,13.0600004196167,13.0600004196167,101500
2017-09-25,13.199999809265137,13.550000190734863,13.0,13.170000076293945,13.170000076293945,99400
2017-09-26,13.229999542236328,13.779999732971191,13.229999542236328,13.579999923706055,13.579999923706055,334000
2017-09-27,13.579999923706055,13.623000144958496,13.369999885559082,13.5,13.5,24100
2017-09-28,13.4399995803833,13.84000015258789,13.3100004196167,13.529999732971191,13.529999732971191,63000
2017-09-29,13.595000267028809,13.899999618530273,13.444999694824219,13.640000343322754,13.640000343322754,127800
2017-10-02,13.609999656677246,13.8100004196167,13.479999542236328,13.550000190734863,13.550000190734863,30700
2017-10-03,13.630000114440918,13.869999885559082,13.399999618530273,13.510000228881836,13.510000228881836,196900
2017-10-04,13.630000114440918,13.649999618530273,13.529999732971191,13.579999923706055,13.579999923706055,16200
2017-10-05,13.65999984741211,13.970000267028809,13.630000114440918,13.8100004196167,13.8100004196167,48300
2017-10-06,13.789999961853027,13.859999656677246,13.64799976348877,13.710000038146973,13.710000038146973,17900
2017-10-09,13.789999961853027,13.920000076293945,13.699999809265137,13.699999809265137,13.699999809265137,18700
2017-10-10,13.8100004196167,13.880000114440918,13.59000015258789,13.640000343322754,13.640000343322754,16000
2017-10-11,13.520000457763672,13.989999771118164,13.520000457763672,13.75,13.75,14200
2017-10-12,13.720000267028809,13.949999809265137,13.600000381469727,13.6899995803833,13.6899995803833,11800
2017-10-13,13.800000190734863,13.800000190734863,13.600000381469727,13.609999656677246,13.609999656677246,15500
2017-10-16,13.609999656677246,13.795000076293945,13.220000267028809,13.270000457763672,13.270000457763672,27400
2017-10-17,13.380000114440918,13.470000267028809,13.199999809265137,13.460000038146973,13.460000038146973,40500
2017-10-18,13.600000381469727,13.711999893188477,13.029999732971191,13.100000381469727,13.100000381469727,76100
2017-10-19,13.09000015258789,13.300000190734863,12.800000190734863,13.069999694824219,13.069999694824219,148200
2017-10-20,13.100000381469727,13.460000038146973,12.800000190734863,13.229999542236328,13.229999542236328,258500
2017-10-23,13.380000114440918,13.380000114440918,12.699999809265137,13.09000015258789,13.09000015258789,110300
2017-10-24,13.119999885559082,13.380000114440918,13.0,13.0,13.0,60800
2017-10-25,13.020000457763672,13.220000267028809,12.899999618530273,13.039999961853027,13.039999961853027,85200
2017-10-26,13.170000076293945,13.5,12.819999694824219,12.829999923706055,12.829999923706055,134000
2017-10-27,12.979999542236328,13.15999984741211,12.859999656677246,13.079999923706055,13.079999923706055,54100
2017-10-30,13.010000228881836,13.100000381469727,12.75,12.829999923706055,12.829999923706055,67100
2017-10-31,13.0,13.140000343322754,12.779999732971191,12.850000381469727,12.850000381469727,126400
2017-11-01,12.84000015258789,12.979999542236328,12.609999656677246,12.8100004196167,12.8100004196167,220200
2017-11-02,12.8100004196167,13.199999809265137,12.0,12.25,12.25,190400
2017-11-03,12.130000114440918,12.630000114440918,12.0,12.630000114440918,12.630000114440918,179000
2017-11-06,12.529999732971191,12.920000076293945,12.279999732971191,12.720000267028809,12.720000267028809,257800
2017-11-07,12.800000190734863,12.920000076293945,12.25,12.619999885559082,12.619999885559082,258000
2017-11-08,12.630000114440918,13.460000038146973,12.25,13.300000190734863,13.300000190734863,263100
2017-11-09,13.0,14.460000038146973,12.989999771118164,13.25,13.25,153500
2017-11-10,13.25,13.760000228881836,13.180000305175781,13.739999771118164,13.739999771118164,121900
2017-11-13,13.75,13.880000114440918,13.579999923706055,13.760000228881836,13.760000228881836,110700
2017-11-14,13.760000228881836,14.399999618530273,13.649999618530273,14.199999809265137,14.199999809265137,100400
2017-11-15,14.09000015258789,14.220000267028809,13.479999542236328,13.829999923706055,13.829999923706055,280900
2017-11-16,13.829999923706055,14.270000457763672,13.619999885559082,14.010000228881836,14.010000228881836,111200
2017-11-17,13.920000076293945,13.930000305175781,13.640000343322754,13.84000015258789,13.84000015258789,75300
2017-11-20,13.899999618530273,13.989999771118164,13.550000190734863,13.949999809265137,13.949999809265137,72400
2017-11-21,13.989999771118164,14.109999656677246,13.829999923706055,13.899999618530273,13.899999618530273,86000
2017-11-22,13.920000076293945,14.0,13.600000381469727,13.890000343322754,13.890000343322754,176900
2017-11-24,13.84000015258789,13.930000305175781,13.739999771118164,13.90999984741211,13.90999984741211,33600
2017-11-27,13.84000015258789,13.90999984741211,13.539999961853027,13.640000343322754,13.640000343322754,84600
2017-11-28,13.600000381469727,13.899999618530273,13.520000457763672,13.850000381469727,13.850000381469727,81900
2017-11-29,13.800000190734863,13.930000305175781,13.789999961853027,13.899999618530273,13.899999618530273,57000
2017-11-30,13.899999618530273,14.5,13.880000114440918,14.0,14.0,530200
2017-12-01,14.020000457763672,14.430000305175781,14.020000457763672,14.350000381469727,14.350000381469727,168200
2017-12-04,14.350000381469727,14.75,14.050000190734863,14.1899995803833,14.1899995803833,51400
2017-12-05,14.199999809265137,14.239999771118164,14.0,14.050000190734863,14.050000190734863,65800
2017-12-06,14.0,14.079999923706055,13.970000267028809,14.0,14.0,166800
2017-12-07,13.989999771118164,14.100000381469727,13.899999618530273,14.0600004196167,14.0600004196167,82700
2017-12-08,14.109999656677246,14.199999809265137,14.015000343322754,14.130000114440918,14.130000114440918,20600
2017-12-11,14.15999984741211,14.460000038146973,14.130000114440918,14.199999809265137,14.199999809265137,59800
2017-12-12,14.159000396728516,14.220000267028809,13.78499984741211,14.0,14.0,291100
2017-12-13,13.949999809265137,14.270000457763672,13.65999984741211,14.029999732971191,14.029999732971191,83800
2017-12-14,14.050000190734863,14.460000038146973,13.9399995803833,14.069999694824219,14.069999694824219,80900
2017-12-15,14.100000381469727,14.319999694824219,13.949999809265137,14.130000114440918,14.130000114440918,178200
2017-12-18,14.119999885559082,14.390000343322754,13.9399995803833,14.100000381469727,14.100000381469727,46300
2017-12-19,14.09000015258789,14.149999618530273,13.880000114440918,13.979999542236328,13.979999542236328,60700
2017-12-20,14.069999694824219,14.140000343322754,13.899999618530273,14.0,14.0,192900
2017-12-21,14.0,14.359999656677246,13.920000076293945,14.020000457763672,14.020000457763672,465900
2017-12-22,13.960000038146973,13.970000267028809,13.729999542236328,13.8100004196167,13.8100004196167,91400
2017-12-26,13.75,13.829999923706055,13.5600004196167,13.800000190734863,13.800000190734863,162900
2017-12-27,13.75,13.890000343322754,13.579999923706055,13.710000038146973,13.710000038146973,107200
2017-12-28,13.739999771118164,14.140000343322754,13.670000076293945,14.0600004196167,14.0600004196167,179700
2017-12-29,13.904999732971191,14.25,13.904999732971191,14.100000381469727,14.100000381469727,97200
2018-01-02,14.109999656677246,14.1899995803833,14.0,14.069999694824219,14.069999694824219,112600
2018-01-03,14.079999923706055,14.779999732971191,14.079999923706055,14.630000114440918,14.630000114440918,465700
2018-01-04,14.739999771118164,14.880000114440918,14.3100004196167,14.40999984741211,14.40999984741211,220500
2018-01-05,14.513999938964844,14.550000190734863,14.149999618530273,14.220000267028809,14.220000267028809,161100
2018-01-08,14.300000190734863,14.5,14.0,14.09000015258789,14.09000015258789,499100
2018-01-09,14.100000381469727,14.229999542236328,13.741000175476074,14.039999961853027,14.039999961853027,138300
2018-01-10,13.970000267028809,14.65999984741211,13.899999618530273,14.5600004196167,14.5600004196167,3070400
2018-01-11,14.579999923706055,15.039999961853027,14.579999923706055,14.949999809265137,14.949999809265137,276200
2018-01-12,14.949999809265137,14.979999542236328,14.789999961853027,14.829999923706055,14.829999923706055,95800
2018-01-16,14.869999885559082,14.949999809265137,14.59000015258789,14.59000015258789,14.59000015258789,118500
2018-01-17,14.619999885559082,14.890000343322754,14.550000190734863,14.8100004196167,14.8100004196167,101200
2018-01-18,14.800000190734863,15.020000457763672,14.710000038146973,15.0,15.0,422800
2018-01-19,14.930000305175781,15.029999732971191,14.869999885559082,14.949999809265137,14.949999809265137,106700
2018-01-22,14.960000038146973,14.979999542236328,14.520000457763672,14.619999885559082,14.619999885559082,51200
2018-01-23,14.569999694824219,14.789999961853027,14.270000457763672,14.649999618530273,14.649999618530273,94000
2018-01-24,14.600000381469727,14.609999656677246,14.279999732971191,14.359999656677246,14.359999656677246,42000
2018-01-25,14.394000053405762,14.394000053405762,14.069999694824219,14.1899995803833,14.1899995803833,68000
2018-01-26,13.949999809265137,14.09000015258789,13.859999656677246,14.010000228881836,14.010000228881836,89000
2018-01-29,13.930000305175781,13.970000267028809,13.069999694824219,13.710000038146973,13.710000038146973,264200
2018-01-30,13.670000076293945,13.779999732971191,13.430000305175781,13.6899995803833,13.6899995803833,84200
2018-01-31,13.720000267028809,13.979999542236328,13.59000015258789,13.800000190734863,13.800000190734863,96200
2018-02-01,13.850000381469727,14.0,13.529999732971191,13.9399995803833,13.9399995803833,83600
2018-02-02,13.850000381469727,13.930000305175781,13.420000076293945,13.619999885559082,13.619999885559082,80800
2018-02-05,13.479999542236328,13.569999694824219,12.84000015258789,13.149999618530273,13.149999618530273,125100
2018-02-06,12.970000267028809,13.260000228881836,12.880000114440918,13.109999656677246,13.109999656677246,113700
2018-02-07,13.140000343322754,13.199999809265137,12.770000457763672,12.90999984741211,12.90999984741211,129600
2018-02-08,12.930000305175781,12.989999771118164,12.760000228881836,12.859999656677246,12.859999656677246,118600
2018-02-09,12.9399995803833,12.979999542236328,12.37600040435791,12.8100004196167,12.8100004196167,78700
2018-02-12,12.84000015258789,13.210000038146973,12.75,13.15999984741211,13.15999984741211,572300
2018-02-13,13.149999618530273,13.3100004196167,12.8100004196167,13.199999809265137,13.199999809265137,183700
2018-02-14,12.984999656677246,13.635000228881836,12.984999656677246,13.260000228881836,13.260000228881836,173500
2018-02-15,13.289999961853027,13.520000457763672,13.119999885559082,13.430000305175781,13.430000305175781,348300
2018-02-16,13.399999618530273,13.800000190734863,13.369999885559082,13.739999771118164,13.739999771118164,70700
2018-02-20,13.710000038146973,14.020000457763672,13.569999694824219,13.670000076293945,13.670000076293945,260600
2018-02-21,13.720000267028809,13.875,13.510000228881836,13.640000343322754,13.640000343322754,152100
2018-02-22,13.609999656677246,13.744999885559082,13.4399995803833,13.649999618530273,13.649999618530273,188000
2018-02-23,13.65999984741211,13.760000228881836,13.4399995803833,13.720000267028809,13.720000267028809,220300
2018-02-26,13.770000457763672,13.859999656677246,13.5600004196167,13.779999732971191,13.779999732971191,67000
2018-02-27,13.8100004196167,14.050000190734863,13.460000038146973,13.670000076293945,13.670000076293945,206500
2018-02-28,13.710000038146973,13.779999732971191,13.359999656677246,13.510000228881836,13.510000228881836,330800
2018-03-01,13.59000015258789,13.59000015258789,13.350000381469727,13.550000190734863,13.550000190734863,212500
2018-03-02,13.449999809265137,14.050000190734863,13.390000343322754,13.989999771118164,13.989999771118164,134400
2018-03-05,13.9399995803833,14.260000228881836,13.649999618530273,14.25,14.25,130100
2018-03-06,14.1899995803833,14.425000190734863,13.989999771118164,14.1899995803833,14.1899995803833,123900
2018-03-07,14.079999923706055,14.270000457763672,13.979999542236328,14.15999984741211,14.15999984741211,154300
2018-03-08,14.229999542236328,14.229999542236328,14.050000190734863,14.180000305175781,14.180000305175781,114000
2018-03-09,14.229999542236328,14.260000228881836,13.795000076293945,14.25,14.25,104500
2018-03-12,14.220000267028809,14.5600004196167,14.164999961853027,14.270000457763672,14.270000457763672,244800
2018-03-13,14.3100004196167,14.789999961853027,14.3100004196167,14.760000228881836,14.760000228881836,94900
2018-03-14,14.789999961853027,14.850000381469727,14.520000457763672,14.539999961853027,14.539999961853027,119200
2018-03-15,14.5600004196167,14.609999656677246,14.289999961853027,14.329999923706055,14.329999923706055,72000
2018-03-16,14.300000190734863,14.479999542236328,13.96500015258789,14.229999542236328,14.229999542236328,83400
2018-03-19,14.140000343322754,14.390000343322754,14.119999885559082,14.359999656677246,14.359999656677246,75900
2018-03-20,14.359999656677246,14.550000190734863,14.260000228881836,14.34000015258789,14.34000015258789,100900
2018-03-21,14.350000381469727,14.760000228881836,14.140000343322754,14.420000076293945,14.420000076293945,185300
2018-03-22,14.390000343322754,14.680000305175781,14.272000312805176,14.399999618530273,14.399999618530273,89900
2018-03-23,14.40999984741211,14.430000305175781,14.3100004196167,14.369999885559082,14.369999885559082,119100
2018-03-26,14.5,14.699999809265137,14.300000190734863,14.640000343322754,14.640000343322754,82000
2018-03-27,14.6899995803833,14.739999771118164,14.470000267028809,14.630000114440918,14.630000114440918,149100
2018-03-28,14.630000114440918,14.729999542236328,14.229999542236328,14.25,14.25,228700
2018-03-29,14.3100004196167,14.619999885559082,14.210000038146973,14.260000228881836,14.260000228881836,149400
2018-04-02,14.550000190734863,14.65999984741211,14.140000343322754,14.229999542236328,14.229999542236328,465100
2018-04-03,14.25,14.4399995803833,14.0,14.319999694824219,14.319999694824219,307700
2018-04-04,14.170000076293945,14.755000114440918,14.170000076293945,14.710000038146973,14.710000038146973,354000
2018-04-05,14.739999771118164,14.989999771118164,14.699999809265137,14.930000305175781,14.930000305175781,174100
2018-04-06,14.859999656677246,14.949999809265137,14.630000114440918,14.720000267028809,14.720000267028809,117700
2018-04-09,14.779999732971191,14.899999618530273,14.529999732971191,14.579999923706055,14.579999923706055,130900
2018-04-10,14.699999809265137,14.8100004196167,14.319999694824219,14.34000015258789,14.34000015258789,268100
2018-04-11,14.319999694824219,14.720000267028809,14.319999694824219,14.529999732971191,14.529999732971191,91300
2018-04-12,14.59000015258789,14.59000015258789,14.329999923706055,14.449999809265137,14.449999809265137,120900
2018-04-13,14.430000305175781,14.430000305175781,14.100000381469727,14.170000076293945,14.170000076293945,72300
2018-04-16,14.229999542236328,14.279999732971191,13.899999618530273,13.920000076293945,13.920000076293945,82300
2018-04-17,13.979999542236328,14.1899995803833,13.880000114440918,14.069999694824219,14.069999694824219,118600
2018-04-18,14.119999885559082,14.359999656677246,14.079999923706055,14.210000038146973,14.210000038146973,110100
2018-04-19,14.239999771118164,14.25,13.90999984741211,14.039999961853027,14.039999961853027,79500
2018-04-20,14.039999961853027,14.229999542236328,13.9399995803833,14.109999656677246,14.109999656677246,124900
2018-04-23,14.140000343322754,14.140000343322754,13.890000343322754,14.029999732971191,14.029999732971191,85800
2018-04-24,14.050000190734863,14.149999618530273,13.619999885559082,13.770000457763672,13.770000457763672,214000
2018-04-25,13.75,13.75,13.359999656677246,13.430000305175781,13.430000305175781,108300
2018-04-26,13.489999771118164,13.600000381469727,13.369999885559082,13.40999984741211,13.40999984741211,108400
2018-04-27,13.4399995803833,13.510000228881836,13.319999694824219,13.390000343322754,13.390000343322754,65000
2018-04-30,13.40999984741211,13.510000228881836,13.300000190734863,13.300000190734863,13.300000190734863,106200
2018-05-01,13.350000381469727,13.59000015258789,13.260000228881836,13.59000015258789,13.59000015258789,151300
2018-05-02,13.550000190734863,13.59000015258789,13.270000457763672,13.34000015258789,13.34000015258789,102800
2018-05-03,13.34000015258789,13.40999984741211,13.010000228881836,13.050000190734863,13.050000190734863,94300
2018-05-04,13.010000228881836,13.399999618530273,13.010000228881836,13.220000267028809,13.220000267028809,161700
2018-05-07,13.289999961853027,13.380000114440918,13.130000114440918,13.210000038146973,13.210000038146973,41500
2018-05-08,13.15999984741211,13.350000381469727,13.079999923706055,13.239999771118164,13.239999771118164,226800
2018-05-09,13.270000457763672,13.270000457763672,13.010000228881836,13.0600004196167,13.0600004196167,67600
2018-05-10,13.079999923706055,13.149999618530273,12.949999809265137,13.029999732971191,13.029999732971191,222100
2018-05-11,13.039999961853027,13.569999694824219,13.039999961853027,13.260000228881836,13.260000228881836,1471700
2018-05-14,13.319999694824219,13.5,13.039999961853027,13.09000015258789,13.09000015258789,115300
2018-05-15,13.020000457763672,13.020000457763672,12.045000076293945,12.359999656677246,12.359999656677246,784300
2018-05-16,12.4399995803833,12.510000228881836,12.199999809265137,12.300000190734863,12.300000190734863,227500
2018-05-17,12.289999961853027,12.329999923706055,12.0600004196167,12.260000228881836,12.260000228881836,661000
2018-05-18,12.1899995803833,12.300000190734863,11.84000015258789,11.869999885559082,11.869999885559082,170800
2018-05-21,11.8100004196167,11.989999771118164,11.420000076293945,11.470000267028809,11.470000267028809,228200
2018-05-22,11.529999732971191,11.720000267028809,11.319999694824219,11.65999984741211,11.65999984741211,762600
2018-05-23,11.649999618530273,11.6899995803833,11.34000015258789,11.600000381469727,11.600000381469727,289600
2018-05-24,11.600000381469727,11.649999618530273,11.329999923706055,11.470000267028809,11.470000267028809,353300
2018-05-25,11.470000267028809,11.5600004196167,11.149999618530273,11.460000038146973,11.460000038146973,89800
2018-05-29,11.380000114440918,12.029999732971191,11.180000305175781,11.779999732971191,11.779999732971191,428700
2018-05-30,11.770000457763672,11.770000457763672,11.170000076293945,11.180000305175781,11.180000305175781,173800
2018-05-31,11.1899995803833,11.199999809265137,11.0,11.15999984741211,11.15999984741211,325200
2018-06-01,11.210000038146973,11.34000015258789,11.020000457763672,11.119999885559082,11.119999885559082,337600
2018-06-04,11.15999984741211,11.210000038146973,10.970000267028809,11.079999923706055,11.079999923706055,237100
2018-06-05,11.100000381469727,11.6899995803833,11.0,11.5600004196167,11.5600004196167,790300
2018-06-06,11.569999694824219,11.699999809265137,11.289999961853027,11.569999694824219,11.569999694824219,132300
2018-06-07,11.569999694824219,11.670000076293945,11.40999984741211,11.4399995803833,11.4399995803833,60500
2018-06-08,11.449999809265137,11.579999923706055,11.25,11.460000038146973,11.460000038146973,93600
2018-06-11,11.470000267028809,11.51200008392334,11.050000190734863,11.229999542236328,11.229999542236328,139600
2018-06-12,11.220000267028809,11.40999984741211,11.109999656677246,11.380000114440918,11.380000114440918,294700
2018-06-13,11.350000381469727,11.350000381469727,10.880000114440918,11.010000228881836,11.010000228881836,387600
2018-06-14,10.979999542236328,11.050000190734863,10.899999618530273,10.960000038146973,10.960000038146973,108200
2018-06-15,10.850000381469727,10.949999809265137,10.680000305175781,10.699999809265137,10.699999809265137,430000
2018-06-18,10.680000305175781,10.779999732971191,10.550000190734863,10.670000076293945,10.670000076293945,83400
2018-06-19,10.399999618530273,10.800000190734863,10.25,10.670000076293945,10.670000076293945,388100
2018-06-20,10.609999656677246,10.90999984741211,10.380000114440918,10.619999885559082,10.619999885559082,677000
2018-06-21,10.6899995803833,11.270000457763672,10.6899995803833,11.069999694824219,11.069999694824219,252800
2018-06-22,11.069999694824219,11.100000381469727,10.930000305175781,11.050000190734863,11.050000190734863,200000
2018-06-25,10.979999542236328,11.050000190734863,10.90999984741211,11.0,11.0,245300
2018-06-26,11.0,11.239999771118164,10.9399995803833,11.239999771118164,11.239999771118164,279900
2018-06-27,11.229999542236328,11.229999542236328,10.994999885559082,11.010000228881836,11.010000228881836,137900
2018-06-28,11.010000228881836,11.449999809265137,10.90999984741211,11.279999732971191,11.279999732971191,515500
2018-06-29,11.279999732971191,11.354999542236328,11.149999618530273,11.25,11.25,475700
2018-07-02,11.25,11.404999732971191,10.979999542236328,11.1899995803833,11.1899995803833,108300
2018-07-03,11.1899995803833,11.34000015258789,11.0600004196167,11.229999542236328,11.229999542236328,443000
2018-07-05,11.289999961853027,11.739999771118164,11.168999671936035,11.720000267028809,11.720000267028809,162800
2018-07-06,11.640000343322754,11.760000228881836,11.569999694824219,11.680000305175781,11.680000305175781,66400
2018-07-09,11.65999984741211,11.90999984741211,11.65999984741211,11.8100004196167,11.8100004196167,88800
2018-07-10,11.789999961853027,12.140000343322754,11.704999923706055,12.119999885559082,12.119999885559082,260600
2018-07-11,12.010000228881836,12.100000381469727,11.75,12.050000190734863,12.050000190734863,170300
2018-07-12,12.050000190734863,12.229999542236328,12.020000457763672,12.180000305175781,12.180000305175781,166600
2018-07-13,12.239999771118164,12.319999694824219,12.140000343322754,12.289999961853027,12.289999961853027,120500
2018-07-16,12.279999732971191,12.300000190734863,12.1899995803833,12.25,12.25,106100
2018-07-17,12.270000457763672,12.390000343322754,12.199999809265137,12.359999656677246,12.359999656677246,289200
2018-07-18,12.390000343322754,12.390000343322754,12.119999885559082,12.229999542236328,12.229999542236328,120600
2018-07-19,12.239999771118164,12.279999732971191,12.149999618530273,12.199999809265137,12.199999809265137,175700
2018-07-20,12.1899995803833,12.1899995803833,12.039999961853027,12.100000381469727,12.100000381469727,347700
2018-07-23,12.199999809265137,12.199999809265137,11.734999656677246,11.779999732971191,11.779999732971191,620400
2018-07-24,12.0,12.020000457763672,11.789999961853027,11.869999885559082,11.869999885559082,340900
2018-07-25,11.819999694824219,11.819999694824219,11.270000457763672,11.380000114440918,11.380000114440918,215500
2018-07-26,11.380000114440918,11.385000228881836,11.109999656677246,11.140000343322754,11.140000343322754,295000
2018-07-27,11.109999656677246,11.34000015258789,11.0,11.140000343322754,11.140000343322754,424500
2018-07-30,11.170000076293945,11.385000228881836,11.164999961853027,11.279999732971191,11.279999732971191,63800
2018-07-31,11.199999809265137,11.40999984741211,11.170999526977539,11.1899995803833,11.1899995803833,85900
2018-08-01,11.1899995803833,11.220000267028809,11.050000190734863,11.210000038146973,11.210000038146973,152600
2018-08-02,11.130000114440918,11.175000190734863,10.949999809265137,11.020000457763672,11.020000457763672,163500
2018-08-03,11.020000457763672,11.130000114440918,10.899999618530273,11.050000190734863,11.050000190734863,517400
2018-08-06,11.069999694824219,11.154999732971191,11.0,11.039999961853027,11.039999961853027,42700
2018-08-07,11.050000190734863,11.170000076293945,10.970000267028809,11.149999618530273,11.149999618530273,270800
2018-08-08,11.229999542236328,11.366999626159668,11.210000038146973,11.319999694824219,11.319999694824219,123000
2018-08-09,11.260000228881836,11.4399995803833,11.260000228881836,11.40999984741211,11.40999984741211,93600
2018-08-10,11.34000015258789,11.40999984741211,10.979999542236328,11.0600004196167,11.0600004196167,293100
2018-08-13,11.0600004196167,11.1899995803833,10.989999771118164,11.020000457763672,11.020000457763672,267900
2018-08-14,11.029999732971191,11.079999923706055,10.569999694824219,10.960000038146973,10.960000038146973,375600
2018-08-15,10.859999656677246,10.960000038146973,10.460000038146973,10.649999618530273,10.649999618530273,603100
2018-08-16,10.699999809265137,10.930000305175781,10.609999656677246,10.869999885559082,10.869999885559082,299800
2018-08-17,10.880000114440918,10.880000114440918,10.710000038146973,10.710000038146973,10.710000038146973,179800
2018-08-20,10.699999809265137,10.789999961853027,10.649999618530273,10.770000457763672,10.770000457763672,97200
2018-08-21,10.890000343322754,11.210000038146973,10.819999694824219,11.170000076293945,11.170000076293945,103900
2018-08-22,11.170000076293945,11.350000381469727,11.170000076293945,11.34000015258789,11.34000015258789,26600
2018-08-23,11.3100004196167,11.529999732971191,11.119999885559082,11.140000343322754,11.140000343322754,399800
2018-08-24,11.140000343322754,11.34000015258789,10.899999618530273,10.979999542236328,10.979999542236328,115000
2018-08-27,10.960000038146973,11.079999923706055,10.859999656677246,10.989999771118164,10.989999771118164,89000
2018-08-28,10.920000076293945,11.119999885559082,10.90999984741211,11.0,11.0,620700
2018-08-29,11.069999694824219,11.25,11.0,11.010000228881836,11.010000228881836,273400
2018-08-30,11.010000228881836,11.109999656677246,10.925000190734863,11.050000190734863,11.050000190734863,204700
2018-08-31,11.039999961853027,11.079999923706055,10.880000114440918,10.9399995803833,10.9399995803833,391300
2018-09-04,10.9399995803833,10.989999771118164,10.5600004196167,10.649999618530273,10.649999618530273,89700
2018-09-05,10.649999618530273,10.65999984741211,10.40999984741211,10.510000228881836,10.510000228881836,141800
2018-09-06,10.550000190734863,10.6899995803833,10.479999542236328,10.5600004196167,10.5600004196167,137400
2018-09-07,10.539999961853027,10.550000190734863,10.380000114440918,10.399999618530273,10.399999618530273,137500
2018-09-10,10.4399995803833,10.4399995803833,10.25,10.289999961853027,10.289999961853027,74300
2018-09-11,10.270000457763672,10.34000015258789,10.0,10.220000267028809,10.220000267028809,243100
2018-09-12,10.180000305175781,10.229999542236328,10.100000381469727,10.149999618530273,10.149999618530273,96500
2018-09-13,10.229999542236328,10.229999542236328,10.0,10.09000015258789,10.09000015258789,147600
2018-09-14,10.079999923706055,10.3100004196167,10.010000228881836,10.289999961853027,10.289999961853027,160900
2018-09-17,10.270000457763672,10.289999961853027,10.069999694824219,10.170000076293945,10.170000076293945,69200
2018-09-18,10.140000343322754,10.170000076293945,10.100000381469727,10.109999656677246,10.109999656677246,68900
2018-09-19,10.100000381469727,10.180000305175781,10.069999694824219,10.09000015258789,10.09000015258789,65200
2018-09-20,10.100000381469727,10.229999542236328,10.0600004196167,10.09000015258789,10.09000015258789,48300
2018-09-21,10.09000015258789,10.170000076293945,9.949999809265137,9.970000267028809,9.970000267028809,137400
2018-09-24,9.949999809265137,10.0,9.84000015258789,9.859999656677246,9.859999656677246,170200
2018-09-25,9.859999656677246,9.888999938964844,9.739999771118164,9.75,9.75,583900
2018-09-26,10.020000457763672,10.020000457763672,9.670000076293945,9.729999542236328,9.729999542236328,817800
2018-09-27,9.729999542236328,9.739999771118164,9.529999732971191,9.550000190734863,9.550000190734863,79700
2018-09-28,9.550000190734863,9.609999656677246,9.260000228881836,9.40999984741211,9.40999984741211,194500
2018-10-01,9.489999771118164,9.489999771118164,9.149999618530273,9.239999771118164,9.239999771118164,779000
2018-10-02,9.220000267028809,9.369999885559082,9.079999923706055,9.109999656677246,9.109999656677246,205100
2018-10-03,9.199999809265137,9.399999618530273,9.100000381469727,9.350000381469727,9.350000381469727,430300
2018-10-04,9.34000015258789,9.350000381469727,9.100000381469727,9.109999656677246,9.109999656677246,129800
2018-10-05,9.079999923706055,9.130000114440918,9.0,9.010000228881836,9.010000228881836,198500
2018-10-08,8.979999542236328,9.300000190734863,8.949999809265137,9.180000305175781,9.180000305175781,175500
2018-10-09,9.1899995803833,9.220000267028809,8.880000114440918,9.050000190734863,9.050000190734863,902900
2018-10-10,9.0600004196167,9.0600004196167,8.369999885559082,8.390000343322754,8.390000343322754,351000
2018-10-11,8.449999809265137,8.524999618530273,8.239999771118164,8.319999694824219,8.319999694824219,643400
2018-10-12,8.470000267028809,8.5,8.079999923706055,8.319999694824219,8.319999694824219,274200
2018-10-15,8.279999732971191,8.420000076293945,8.279999732971191,8.319999694824219,8.319999694824219,93500
2018-10-16,8.380000114440918,8.670000076293945,8.28499984741211,8.5600004196167,8.5600004196167,281000
2018-10-17,8.550000190734863,8.550000190734863,8.210000038146973,8.3100004196167,8.3100004196167,102200
2018-10-18,8.229999542236328,8.279999732971191,7.889999866485596,7.989999771118164,7.989999771118164,483200
2018-10-19,8.039999961853027,8.149999618530273,7.920000076293945,7.940000057220459,7.940000057220459,152100
2018-10-22,8.029999732971191,8.029999732971191,7.730000019073486,7.860000133514404,7.860000133514404,237600
2018-10-23,7.75,7.909999847412109,7.570000171661377,7.679999828338623,7.679999828338623,440300
2018-10-24,7.650000095367432,7.789999961853027,7.329999923706055,7.329999923706055,7.329999923706055,258100
2018-10-25,7.409999847412109,7.590000152587891,7.409999847412109,7.440000057220459,7.440000057220459,201600
2018-10-26,7.360000133514404,7.769999980926514,7.340000152587891,7.53000020980835,7.53000020980835,1015500
2018-10-29,7.650000095367432,8.069999694824219,7.599999904632568,7.690000057220459,7.690000057220459,397200
2018-10-30,7.739999771118164,7.849999904632568,7.429999828338623,7.440000057220459,7.440000057220459,302400
2018-10-31,7.5,7.730000019073486,7.25,7.599999904632568,7.599999904632568,1676600
2018-11-01,7.630000114440918,8.25,7.550000190734863,8.100000381469727,8.100000381469727,366900
2018-11-02,8.109999656677246,8.279999732971191,7.940000057220459,8.010000228881836,8.010000228881836,228600
2018-11-05,8.039999961853027,8.170000076293945,7.880000114440918,7.949999809265137,7.949999809265137,179100
2018-11-06,8.180000305175781,8.260000228881836,8.0600004196167,8.15999984741211,8.15999984741211,298100
2018-11-07,8.149999618530273,8.270000457763672,8.010000228881836,8.109999656677246,8.109999656677246,362100
2018-11-08,8.029999732971191,8.088000297546387,7.710000038146973,7.769999980926514,7.769999980926514,110600
2018-11-09,7.71999979019165,7.860000133514404,7.519999980926514,7.539999961853027,7.539999961853027,72500
2018-11-12,7.539999961853027,7.730000019073486,7.389999866485596,7.610000133514404,7.610000133514404,100400
2018-11-13,7.690000057220459,7.940000057220459,7.679999828338623,7.730000019073486,7.730000019073486,108900
2018-11-14,7.849999904632568,8.0600004196167,7.135000228881836,7.260000228881836,7.260000228881836,385300
2018-11-15,7.139999866485596,7.519999980926514,6.96999979019165,7.519999980926514,7.519999980926514,331400
2018-11-16,7.5,7.800000190734863,7.449999809265137,7.590000152587891,7.590000152587891,240600
2018-11-19,7.519999980926514,7.53000020980835,7.019999980926514,7.119999885559082,7.119999885559082,271800
2018-11-20,6.989999771118164,7.210000038146973,6.989999771118164,7.150000095367432,7.150000095367432,165900
2018-11-21,7.159999847412109,7.619999885559082,7.159999847412109,7.519999980926514,7.519999980926514,335500
2018-11-23,7.519999980926514,7.599999904632568,7.409999847412109,7.510000228881836,7.510000228881836,150900
2018-11-26,7.559999942779541,7.76200008392334,7.349999904632568,7.519999980926514,7.519999980926514,163500
2018-11-27,7.510000228881836,7.670000076293945,7.460000038146973,7.570000171661377,7.570000171661377,197600
2018-11-28,7.570000171661377,7.849999904632568,7.519999980926514,7.840000152587891,7.840000152587891,127100
2018-11-29,7.789999961853027,7.929999828338623,7.739999771118164,7.800000190734863,7.800000190734863,137900
2018-11-30,7.800000190734863,7.800000190734863,7.650000095367432,7.670000076293945,7.670000076293945,157500
2018-12-03,7.78000020980835,7.869999885559082,7.605000019073486,7.820000171661377,7.820000171661377,119700
2018-12-04,7.75,7.789999961853027,7.550000190734863,7.599999904632568,7.599999904632568,134900
2018-12-06,7.559999942779541,8.020000457763672,7.5,7.980000019073486,7.980000019073486,170300
2018-12-07,7.960000038146973,8.170000076293945,7.920000076293945,8.130000114440918,8.130000114440918,135000
2018-12-10,8.199999809265137,8.369999885559082,8.050000190734863,8.210000038146973,8.210000038146973,128700
2018-12-11,8.300000190734863,8.375,8.149999618530273,8.1899995803833,8.1899995803833,120000
2018-12-12,8.3100004196167,8.435999870300293,8.039999961853027,8.079999923706055,8.079999923706055,144500
2018-12-13,8.149999618530273,8.270000457763672,7.929999828338623,7.989999771118164,7.989999771118164,131700
2018-12-14,8.0,8.029999732971191,7.880000114440918,7.929999828338623,7.929999828338623,74700
2018-12-17,7.929999828338623,8.020000457763672,7.710000038146973,7.71999979019165,7.71999979019165,169900
2018-12-18,7.820000171661377,7.869999885559082,7.750999927520752,7.820000171661377,7.820000171661377,82900
2018-12-19,7.78000020980835,8.039999961853027,7.650000095367432,7.690000057220459,7.690000057220459,279400
2018-12-20,7.630000114440918,7.764999866485596,7.309999942779541,7.440000057220459,7.440000057220459,267100
2018-12-21,7.489999771118164,7.519999980926514,7.110000133514404,7.210000038146973,7.210000038146973,375000
2018-12-24,7.190000057220459,7.204999923706055,6.920000076293945,7.039999961853027,7.039999961853027,198200
2018-12-26,7.010000228881836,7.260000228881836,6.900000095367432,7.21999979019165,7.21999979019165,185700
2018-12-27,7.110000133514404,7.159999847412109,6.949999809265137,7.119999885559082,7.119999885559082,110400
2018-12-28,7.119999885559082,7.150000095367432,6.909999847412109,6.929999828338623,6.929999828338623,243600
2018-12-31,6.929999828338623,7.0,6.880000114440918,6.940000057220459,6.940000057220459,191500
2019-01-02,6.789999961853027,6.965000152587891,6.639999866485596,6.900000095367432,6.900000095367432,424500
2019-01-03,6.920000076293945,7.239999771118164,6.869999885559082,7.179999828338623,7.179999828338623,265100
2019-01-04,7.179999828338623,7.329999923706055,7.179999828338623,7.28000020980835,7.28000020980835,171300
2019-01-07,7.320000171661377,7.739999771118164,7.25,7.699999809265137,7.699999809265137,103800
2019-01-08,7.769999980926514,7.929999828338623,7.539999961853027,7.920000076293945,7.920000076293945,85000
2019-01-09,7.949999809265137,8.180000305175781,7.820000171661377,8.0600004196167,8.0600004196167,166200
2019-01-10,8.050000190734863,8.239999771118164,7.994999885559082,8.079999923706055,8.079999923706055,132500
2019-01-11,8.100000381469727,8.135000228881836,7.659999847412109,7.71999979019165,7.71999979019165,94100
2019-01-14,7.659999847412109,7.840000152587891,7.625,7.679999828338623,7.679999828338623,125900
2019-01-15,7.78000020980835,7.789999961853027,7.599999904632568,7.599999904632568,7.599999904632568,79000
2019-01-16,7.610000133514404,7.699999809265137,7.380000114440918,7.400000095367432,7.400000095367432,399600
2019-01-17,7.389999866485596,7.489999771118164,7.239999771118164,7.340000152587891,7.340000152587891,217200
2019-01-18,7.329999923706055,7.5279998779296875,6.949999809265137,7.099999904632568,7.099999904632568,232400
2019-01-22,7.070000171661377,7.21999979019165,6.869999885559082,7.050000190734863,7.050000190734863,247000
2019-01-23,7.059999942779541,7.199999809265137,7.0,7.070000171661377,7.070000171661377,113800
2019-01-24,7.050000190734863,7.179999828338623,6.994999885559082,7.130000114440918,7.130000114440918,771800
2019-01-25,7.170000076293945,7.320000171661377,7.03000020980835,7.119999885559082,7.119999885559082,391000
2019-01-28,7.110000133514404,7.360000133514404,6.929999828338623,7.289999961853027,7.289999961853027,391700
2019-01-29,7.309999942779541,7.46999979019165,7.119999885559082,7.460000038146973,7.460000038146973,248100
2019-01-30,7.46999979019165,7.699999809265137,7.349999904632568,7.46999979019165,7.46999979019165,198400
2019-01-31,7.46999979019165,7.75,7.389999866485596,7.670000076293945,7.670000076293945,448800
2019-02-01,7.690000057220459,7.699999809265137,7.239999771118164,7.340000152587891,7.340000152587891,157700
2019-02-04,7.309999942779541,7.480000019073486,7.130000114440918,7.429999828338623,7.429999828338623,102600
2019-02-05,7.369999885559082,7.670000076293945,7.264999866485596,7.46999979019165,7.46999979019165,166700
2019-02-06,7.53000020980835,7.53000020980835,7.190000057220459,7.289999961853027,7.289999961853027,76300
2019-02-07,7.230000019073486,7.460000038146973,7.159999847412109,7.400000095367432,7.400000095367432,547800
2019-02-08,7.380000114440918,7.820000171661377,7.380000114440918,7.71999979019165,7.71999979019165,331900
2019-02-11,7.730000019073486,7.894999980926514,7.619999885559082,7.639999866485596,7.639999866485596,230600
2019-02-12,7.679999828338623,7.880000114440918,7.650000095367432,7.789999961853027,7.789999961853027,95900
2019-02-13,7.789999961853027,7.949999809265137,7.710000038146973,7.75,7.75,262600
2019-02-14,7.78000020980835,7.824999809265137,7.53000020980835,7.539999961853027,7.539999961853027,117800
2019-02-15,7.590000152587891,7.840000152587891,7.369999885559082,7.699999809265137,7.699999809265137,116300
2019-02-19,7.730000019073486,8.0,7.574999809265137,7.929999828338623,7.929999828338623,336600
2019-02-20,7.900000095367432,8.149999618530273,7.900000095367432,8.020000457763672,8.020000457763672,266100
2019-02-21,8.0,8.239999771118164,7.929999828338623,8.149999618530273,8.149999618530273,226000
2019-02-22,8.180000305175781,8.260000228881836,7.949999809265137,8.050000190734863,8.050000190734863,240100
2019-02-25,8.069999694824219,8.25,8.045000076293945,8.100000381469727,8.100000381469727,266500
2019-02-26,8.119999885559082,8.180000305175781,7.920000076293945,7.989999771118164,7.989999771118164,174600
2019-02-27,8.0,8.020000457763672,7.789999961853027,7.949999809265137,7.949999809265137,79200
2019-02-28,7.96999979019165,7.96999979019165,7.760000228881836,7.829999923706055,7.829999923706055,139800
2019-03-01,7.860000133514404,7.900000095367432,7.730000019073486,7.78000020980835,7.78000020980835,55800
2019-03-04,7.820000171661377,7.920000076293945,7.730000019073486,7.800000190734863,7.800000190734863,116600
2019-03-05,7.769999980926514,7.909999847412109,7.769999980926514,7.800000190734863,7.800000190734863,114300
2019-03-06,7.820000171661377,7.860000133514404,7.670000076293945,7.690000057220459,7.690000057220459,98400
2019-03-07,7.670000076293945,7.699999809265137,7.489999771118164,7.5,7.5,148000
2019-03-08,7.440000057220459,7.510000228881836,7.380000114440918,7.420000076293945,7.420000076293945,99200
2019-03-11,7.5,7.630000114440918,7.380000114440918,7.539999961853027,7.539999961853027,279600
2019-03-12,7.610000133514404,7.809999942779541,7.599999904632568,7.75,7.75,160100
2019-03-13,7.829999923706055,7.920000076293945,7.684999942779541,7.710000038146973,7.710000038146973,115900
2019-03-14,7.559999942779541,7.579999923706055,7.119999885559082,7.440000057220459,7.440000057220459,182100
2019-03-15,7.440000057220459,7.449999809265137,7.340000152587891,7.420000076293945,7.420000076293945,148000
2019-03-18,7.420000076293945,7.5,7.110000133514404,7.139999866485596,7.139999866485596,114900
2019-03-19,7.099999904632568,7.320000171661377,7.099999904632568,7.28000020980835,7.28000020980835,217700
2019-03-20,7.269999980926514,7.300000190734863,7.059999942779541,7.110000133514404,7.110000133514404,158000
2019-03-21,7.059999942779541,7.309999942779541,7.059999942779541,7.269999980926514,7.269999980926514,122600
2019-03-22,7.25,7.340000152587891,7.039999961853027,7.090000152587891,7.090000152587891,97600
2019-03-25,7.099999904632568,7.159999847412109,6.949999809265137,7.119999885559082,7.119999885559082,43300
2019-03-26,7.150000095367432,7.25,7.090000152587891,7.130000114440918,7.130000114440918,56600
2019-03-27,7.139999866485596,7.360000133514404,7.119999885559082,7.260000228881836,7.260000228881836,105700
2019-03-28,7.199999809265137,7.269999980926514,7.079999923706055,7.199999809265137,7.199999809265137,43500
2019-03-29,7.269999980926514,7.309999942779541,7.179999828338623,7.210000038146973,7.210000038146973,88600
2019-04-01,7.25,7.559999942779541,7.25,7.539999961853027,7.539999961853027,78800
2019-04-02,7.639999866485596,7.690000057220459,7.5,7.550000190734863,7.550000190734863,59700
2019-04-03,7.559999942779541,7.71999979019165,7.550000190734863,7.610000133514404,7.610000133514404,54100
2019-04-04,7.630000114440918,7.789999961853027,7.604000091552734,7.75,7.75,57600
2019-04-05,7.760000228881836,7.900000095367432,7.730000019073486,7.880000114440918,7.880000114440918,32100
2019-04-08,7.860000133514404,7.861999988555908,7.710000038146973,7.78000020980835,7.78000020980835,55900
2019-04-09,7.760000228881836,7.78000020980835,7.659999847412109,7.670000076293945,7.670000076293945,38900
2019-04-10,7.650000095367432,8.029999732971191,7.650000095367432,8.0,8.0,106400
2019-04-11,8.0,8.09000015258789,7.909999847412109,8.020000457763672,8.020000457763672,66500
2019-04-12,8.0600004196167,8.180999755859375,7.889999866485596,8.069999694824219,8.069999694824219,163200
2019-04-15,8.109999656677246,8.369999885559082,8.0600004196167,8.300000190734863,8.300000190734863,104500
2019-04-16,8.34000015258789,8.520000457763672,8.34000015258789,8.489999771118164,8.489999771118164,85600
2019-04-17,8.4399995803833,8.574999809265137,8.350000381469727,8.369999885559082,8.369999885559082,60800
2019-04-18,8.350000381469727,8.609999656677246,8.350000381469727,8.539999961853027,8.539999961853027,43000
2019-04-22,8.600000381469727,8.600000381469727,8.270999908447266,8.279999732971191,8.279999732971191,80200
2019-04-23,8.300000190734863,8.479999542236328,8.270000457763672,8.399999618530273,8.399999618530273,38100
2019-04-24,8.399999618530273,8.489999771118164,8.300000190734863,8.359999656677246,8.359999656677246,51700
2019-04-25,8.350000381469727,8.350000381469727,8.100000381469727,8.329999923706055,8.329999923706055,29000
2019-04-26,8.359999656677246,8.489999771118164,8.319999694824219,8.470000267028809,8.470000267028809,29800
2019-04-29,8.460000038146973,8.739999771118164,8.428999900817871,8.680000305175781,8.680000305175781,64400
2019-04-30,8.609999656677246,8.640000343322754,8.430000305175781,8.510000228881836,8.510000228881836,52900
2019-05-01,8.59000015258789,8.739999771118164,8.5,8.65999984741211,8.65999984741211,44700
2019-05-02,8.670000076293945,8.84000015258789,8.600000381469727,8.670000076293945,8.670000076293945,38600
2019-05-03,8.699999809265137,8.75,8.545000076293945,8.630000114440918,8.630000114440918,58700
2019-05-06,8.5600004196167,8.979999542236328,8.40999984741211,8.930000305175781,8.930000305175781,43200
2019-05-07,8.880000114440918,8.949999809265137,8.640000343322754,8.800000190734863,8.800000190734863,65200
2019-05-08,9.0,9.399999618530273,8.779999732971191,9.170000076293945,9.170000076293945,87300
2019-05-09,9.109999656677246,9.149999618530273,8.90999984741211,9.0,9.0,63400
2019-05-10,8.989999771118164,8.989999771118164,8.369999885559082,8.649999618530273,8.649999618530273,168500
2019-05-13,8.550000190734863,8.75,8.399999618530273,8.65999984741211,8.65999984741211,125800
2019-05-14,8.699999809265137,8.699999809265137,8.420000076293945,8.460000038146973,8.460000038146973,93200
2019-05-15,8.420000076293945,8.640000343322754,8.295000076293945,8.449999809265137,8.449999809265137,267000
2019-05-16,8.449999809265137,8.699999809265137,8.449999809265137,8.619999885559082,8.619999885559082,83700
2019-05-17,8.600000381469727,8.699999809265137,8.260000228881836,8.34000015258789,8.34000015258789,198300
2019-05-20,8.270000457763672,8.34000015258789,7.840000152587891,7.960000038146973,7.960000038146973,321300
2019-05-21,7.989999771118164,8.119999885559082,7.880000114440918,7.989999771118164,7.989999771118164,82200
2019-05-22,7.96999979019165,8.119999885559082,7.890999794006348,7.96999979019165,7.96999979019165,48400
2019-05-23,7.920000076293945,7.920000076293945,7.699999809265137,7.769999980926514,7.769999980926514,76600
2019-05-24,7.769999980926514,7.920000076293945,7.75,7.860000133514404,7.860000133514404,61800
2019-05-28,7.889999866485596,8.100000381469727,7.889999866485596,8.050000190734863,8.050000190734863,430700
2019-05-29,8.020000457763672,8.020000457763672,7.789999961853027,7.820000171661377,7.820000171661377,68900
2019-05-30,7.829999923706055,7.920000076293945,7.809999942779541,7.840000152587891,7.840000152587891,63200
2019-05-31,7.78000020980835,7.800000190734863,7.550000190734863,7.760000228881836,7.760000228881836,1166900
2019-06-03,7.769999980926514,8.079999923706055,7.699999809265137,7.800000190734863,7.800000190734863,86600
2019-06-04,7.869999885559082,7.869999885559082,7.610000133514404,7.739999771118164,7.739999771118164,80500
2019-06-05,7.71999979019165,7.71999979019165,7.480000019073486,7.670000076293945,7.670000076293945,74100
2019-06-06,7.639999866485596,7.769999980926514,7.480000019073486,7.659999847412109,7.659999847412109,36700
2019-06-07,7.699999809265137,7.775000095367432,7.650000095367432,7.670000076293945,7.670000076293945,60900
2019-06-10,7.730000019073486,7.889999866485596,7.690000057220459,7.789999961853027,7.789999961853027,114800
2019-06-11,7.820000171661377,7.840000152587891,7.519999980926514,7.559999942779541,7.559999942779541,88400
2019-06-12,7.519999980926514,7.559999942779541,7.260000228881836,7.269999980926514,7.269999980926514,107200
2019-06-13,7.289999961853027,7.289999961853027,7.010000228881836,7.03000020980835,7.03000020980835,86500
2019-06-14,6.989999771118164,7.159999847412109,6.923999786376953,7.070000171661377,7.070000171661377,84000
2019-06-17,7.130000114440918,7.260000228881836,7.039999961853027,7.050000190734863,7.050000190734863,48800
2019-06-18,7.079999923706055,7.139999866485596,7.039999961853027,7.070000171661377,7.070000171661377,71900
2019-06-19,7.059999942779541,7.059999942779541,6.880000114440918,7.0,7.0,66600
2019-06-20,7.050000190734863,7.090000152587891,6.989999771118164,7.0,7.0,40800
2019-06-21,7.0,7.03000020980835,6.966000080108643,7.0,7.0,98900
2019-06-24,7.0,7.03000020980835,6.949999809265137,6.960000038146973,6.960000038146973,101200
2019-06-25,7.010000228881836,7.039999961853027,6.949999809265137,7.0,7.0,162900
2019-06-26,6.989999771118164,7.052999973297119,6.900000095367432,6.909999847412109,6.909999847412109,221900
2019-06-27,6.940000057220459,7.130000114440918,6.900000095367432,7.079999923706055,7.079999923706055,105500
2019-06-28,7.079999923706055,7.570000171661377,7.03000020980835,7.519999980926514,7.519999980926514,196800
2019-07-01,7.570000171661377,7.704999923706055,7.449999809265137,7.670000076293945,7.670000076293945,152700
2019-07-02,7.670000076293945,7.840000152587891,7.639999866485596,7.789999961853027,7.789999961853027,53900
2019-07-03,7.800000190734863,7.900000095367432,7.710000038146973,7.800000190734863,7.800000190734863,75500
2019-07-05,7.699999809265137,8.09000015258789,7.699999809265137,8.050000190734863,8.050000190734863,63000
2019-07-08,8.039999961853027,8.170000076293945,7.940000057220459,8.109999656677246,8.109999656677246,67300
2019-07-09,8.119999885559082,8.1899995803833,8.079999923706055,8.140000343322754,8.140000343322754,116700
2019-07-10,8.140000343322754,8.194999694824219,8.010000228881836,8.130000114440918,8.130000114440918,99600
2019-07-11,8.09000015258789,8.130000114440918,7.96999979019165,7.980000019073486,7.980000019073486,354100
2019-07-12,8.0,8.039999961853027,7.800000190734863,7.820000171661377,7.820000171661377,65500
2019-07-15,7.840000152587891,7.840000152587891,7.670000076293945,7.789999961853027,7.789999961853027,51000
2019-07-16,7.800000190734863,7.85099983215332,7.670000076293945,7.670000076293945,7.670000076293945,41400
2019-07-17,7.679999828338623,7.679999828338623,7.369999885559082,7.380000114440918,7.380000114440918,82800
2019-07-18,7.369999885559082,7.394999980926514,7.25,7.380000114440918,7.380000114440918,59100
2019-07-19,7.369999885559082,7.53000020980835,7.320000171661377,7.46999979019165,7.46999979019165,34800
2019-07-22,7.53000020980835,7.590000152587891,7.46999979019165,7.539999961853027,7.539999961853027,69800
2019-07-23,7.559999942779541,7.659999847412109,7.320000171661377,7.349999904632568,7.349999904632568,425100
2019-07-24,7.380000114440918,7.409999847412109,7.210000038146973,7.380000114440918,7.380000114440918,101600
2019-07-25,7.380000114440918,7.440000057220459,7.269999980926514,7.389999866485596,7.389999866485596,48500
2019-07-26,7.400000095367432,7.599999904632568,7.400000095367432,7.53000020980835,7.53000020980835,40900
2019-07-29,7.570000171661377,7.579999923706055,7.46999979019165,7.510000228881836,7.510000228881836,45800
2019-07-30,7.46999979019165,7.590000152587891,7.449999809265137,7.590000152587891,7.590000152587891,46400
2019-07-31,7.590000152587891,7.889999866485596,7.550000190734863,7.809999942779541,7.809999942779541,84700
2019-08-01,7.6479997634887695,7.840000152587891,7.6479997634887695,7.699999809265137,7.699999809265137,45100
2019-08-02,7.690000057220459,7.730000019073486,7.320000171661377,7.329999923706055,7.329999923706055,157000
2019-08-05,7.300000190734863,7.300000190734863,6.670000076293945,6.889999866485596,6.889999866485596,299300
2019-08-06,6.889999866485596,7.019999980926514,6.710000038146973,6.760000228881836,6.760000228881836,39000
2019-08-07,6.650000095367432,6.800000190734863,6.449999809265137,6.690000057220459,6.690000057220459,239100
2019-08-08,6.760000228881836,7.010000228881836,6.659999847412109,6.920000076293945,6.920000076293945,46600
2019-08-09,6.71999979019165,7.079999923706055,6.650000095367432,6.829999923706055,6.829999923706055,63400
2019-08-12,6.78000020980835,6.829999923706055,6.670000076293945,6.769999980926514,6.769999980926514,58100
2019-08-13,6.75,6.940000057220459,6.690000057220459,6.829999923706055,6.829999923706055,97700
2019-08-14,6.840000152587891,6.949999809265137,6.440000057220459,6.570000171661377,6.570000171661377,313000
2019-08-15,6.599999904632568,6.769999980926514,6.570000171661377,6.690000057220459,6.690000057220459,45000
2019-08-16,6.670000076293945,6.880000114440918,6.670000076293945,6.860000133514404,6.860000133514404,356800
2019-08-19,6.960000038146973,6.989999771118164,6.840000152587891,6.920000076293945,6.920000076293945,126800
2019-08-20,6.889999866485596,7.360000133514404,6.889999866485596,7.329999923706055,7.329999923706055,743300
2019-08-21,7.340000152587891,7.420000076293945,7.139999866485596,7.409999847412109,7.409999847412109,104600
2019-08-22,7.440000057220459,7.659999847412109,7.28000020980835,7.28000020980835,7.28000020980835,107800
2019-08-23,7.25,7.260000228881836,6.980000019073486,7.019999980926514,7.019999980926514,91900
2019-08-26,7.010000228881836,7.050000190734863,6.849999904632568,6.989999771118164,6.989999771118164,70000
2019-08-27,7.130000114440918,7.130000114440918,6.795000076293945,6.840000152587891,6.840000152587891,189600
2019-08-28,6.809999942779541,7.050000190734863,6.699999809265137,7.010000228881836,7.010000228881836,63800
2019-08-29,7.03000020980835,7.179999828338623,6.949999809265137,6.980000019073486,6.980000019073486,31200
2019-08-30,7.090000152587891,7.139999866485596,6.949999809265137,7.019999980926514,7.019999980926514,60100
2019-09-03,7.010000228881836,7.090000152587891,6.849999904632568,7.019999980926514,7.019999980926514,49200
2019-09-04,7.050000190734863,7.070000171661377,6.929999828338623,6.980000019073486,6.980000019073486,40900
2019-09-05,7.03000020980835,7.260000228881836,7.019999980926514,7.260000228881836,7.260000228881836,60900
2019-09-06,7.269999980926514,7.440000057220459,7.269999980926514,7.369999885559082,7.369999885559082,36300
2019-09-09,7.409999847412109,7.619999885559082,7.329999923706055,7.590000152587891,7.590000152587891,25200
2019-09-10,7.579999923706055,7.71999979019165,7.510000228881836,7.599999904632568,7.599999904632568,128000
2019-09-11,7.559999942779541,7.559999942779541,7.409999847412109,7.489999771118164,7.489999771118164,76700
2019-09-12,7.53000020980835,7.579999923706055,7.369999885559082,7.579999923706055,7.579999923706055,38800
2019-09-13,7.539999961853027,7.764999866485596,7.534999847412109,7.619999885559082,7.619999885559082,81100
2019-09-16,7.599999904632568,7.599999904632568,7.289999961853027,7.460000038146973,7.460000038146973,73300
2019-09-17,7.440000057220459,7.650000095367432,7.420000076293945,7.429999828338623,7.429999828338623,55100
2019-09-18,7.480000019073486,7.480000019073486,7.28000020980835,7.429999828338623,7.429999828338623,28500
2019-09-19,7.489999771118164,7.539999961853027,7.349999904632568,7.489999771118164,7.489999771118164,58500
2019-09-20,7.519999980926514,7.71999979019165,7.429999828338623,7.630000114440918,7.630000114440918,226500
2019-09-23,7.619999885559082,7.789999961853027,7.519999980926514,7.679999828338623,7.679999828338623,40500
2019-09-24,7.71999979019165,7.809999942779541,7.5,7.579999923706055,7.579999923706055,57700
2019-09-25,7.570000171661377,7.789999961853027,7.460000038146973,7.769999980926514,7.769999980926514,43900
2019-09-26,7.75,7.900000095367432,7.690000057220459,7.869999885559082,7.869999885559082,65700
2019-09-27,7.909999847412109,7.920000076293945,7.739999771118164,7.75,7.75,503600
2019-09-30,7.71999979019165,7.71999979019165,7.489999771118164,7.5,7.5,252100
2019-10-01,7.539999961853027,7.619999885559082,7.179999828338623,7.179999828338623,7.179999828338623,41800
2019-10-02,7.099999904632568,7.190000057220459,7.050000190734863,7.170000076293945,7.170000076293945,177700
2019-10-03,7.159999847412109,7.164999961853027,6.980000019073486,7.079999923706055,7.079999923706055,51700
2019-10-04,7.090000152587891,7.210000038146973,7.025000095367432,7.199999809265137,7.199999809265137,74500
2019-10-07,7.150000095367432,7.21999979019165,7.019999980926514,7.170000076293945,7.170000076293945,53400
2019-10-08,7.070000171661377,7.159999847412109,6.96999979019165,6.989999771118164,6.989999771118164,363800
2019-10-09,6.980000019073486,7.130000114440918,6.929999828338623,6.96999979019165,6.96999979019165,127200
2019-10-10,6.940000057220459,6.96999979019165,6.730000019073486,6.730000019073486,6.730000019073486,347700
2019-10-11,6.800000190734863,7.019999980926514,6.800000190734863,6.820000171661377,6.820000171661377,124500
2019-10-14,6.800000190734863,6.889999866485596,6.710000038146973,6.860000133514404,6.860000133514404,40900
2019-10-15,6.880000114440918,6.96999979019165,6.800000190734863,6.940000057220459,6.940000057220459,184700
2019-10-16,6.940000057220459,6.989999771118164,6.820000171661377,6.840000152587891,6.840000152587891,206400
2019-10-17,6.920000076293945,7.139999866485596,6.835000038146973,6.949999809265137,6.949999809265137,1335000
2019-10-18,6.949999809265137,7.050000190734863,6.860000133514404,6.900000095367432,6.900000095367432,227100
2019-10-21,6.960000038146973,7.03000020980835,6.929999828338623,6.929999828338623,6.929999828338623,246900
2019-10-22,6.940000057220459,7.010000228881836,6.889999866485596,6.949999809265137,6.949999809265137,217800
2019-10-23,6.929999828338623,7.010000228881836,6.849999904632568,6.869999885559082,6.869999885559082,623700
2019-10-24,6.929999828338623,6.929999828338623,6.75,6.75,6.75,121400
2019-10-25,6.690000057220459,6.829999923706055,6.659999847412109,6.730000019073486,6.730000019073486,243000
2019-10-28,6.800000190734863,6.869999885559082,6.690000057220459,6.730000019073486,6.730000019073486,265600
2019-10-29,6.730000019073486,6.75,6.619999885559082,6.639999866485596,6.639999866485596,71700
2019-10-30,6.630000114440918,6.639999866485596,6.5,6.639999866485596,6.639999866485596,99400
2019-10-31,6.630000114440918,6.679999828338623,6.53000020980835,6.610000133514404,6.610000133514404,128700
2019-11-01,6.639999866485596,6.849999904632568,6.620999813079834,6.75,6.75,82500
2019-11-04,6.789999961853027,6.920000076293945,6.78000020980835,6.78000020980835,6.78000020980835,184400
2019-11-05,6.800000190734863,6.900000095367432,6.730000019073486,6.829999923706055,6.829999923706055,145300
2019-11-06,6.829999923706055,7.059999942779541,6.75,6.869999885559082,6.869999885559082,1054700
2019-11-07,6.920000076293945,6.929999828338623,6.610000133514404,6.619999885559082,6.619999885559082,139900
2019-11-08,6.550000190734863,6.829999923706055,6.46999979019165,6.630000114440918,6.630000114440918,252300
2019-11-11,6.590000152587891,6.860000133514404,6.489999771118164,6.829999923706055,6.829999923706055,193700
2019-11-12,6.900000095367432,7.050000190734863,6.849999904632568,6.900000095367432,6.900000095367432,503600
2019-11-13,6.909999847412109,6.96999979019165,6.789999961853027,6.840000152587891,6.840000152587891,361000
2019-11-14,6.880000114440918,6.929999828338623,6.800000190734863,6.849999904632568,6.849999904632568,329600
2019-11-15,6.849999904632568,6.989999771118164,6.769999980926514,6.960000038146973,6.960000038146973,134100
2019-11-18,6.949999809265137,7.0,6.829999923706055,6.900000095367432,6.900000095367432,398900
2019-11-19,6.840000152587891,6.929999828338623,6.650000095367432,6.730000019073486,6.730000019073486,401600
2019-11-20,6.679999828338623,6.829999923706055,6.610000133514404,6.659999847412109,6.659999847412109,171300
2019-11-21,6.670000076293945,6.690000057220459,6.559999942779541,6.670000076293945,6.670000076293945,123000
2019-11-22,6.639999866485596,6.739999771118164,6.519999980926514,6.670000076293945,6.670000076293945,175100
2019-11-25,6.710000038146973,6.96999979019165,6.699999809265137,6.889999866485596,6.889999866485596,254300
2019-11-26,6.869999885559082,6.900000095367432,6.809999942779541,6.829999923706055,6.829999923706055,111800
2019-11-27,6.829999923706055,6.900000095367432,6.820000171661377,6.900000095367432,6.900000095367432,214900
2019-11-29,6.869999885559082,7.050000190734863,6.829999923706055,7.03000020980835,7.03000020980835,34300
2019-12-02,6.980000019073486,7.010000228881836,6.855000019073486,6.940000057220459,6.940000057220459,223800
2019-12-03,6.860000133514404,6.925000190734863,6.849999904632568,6.900000095367432,6.900000095367432,157400
2019-12-04,6.909999847412109,7.010000228881836,6.869999885559082,6.980000019073486,6.980000019073486,123700
2019-12-05,6.96999979019165,7.170000076293945,6.96999979019165,7.150000095367432,7.150000095367432,122800
2019-12-06,7.179999828338623,7.179999828338623,6.909999847412109,7.010000228881836,7.010000228881836,181500
2019-12-09,6.989999771118164,7.0,6.909999847412109,6.949999809265137,6.949999809265137,172600
2019-12-10,6.920000076293945,7.0,6.75,6.820000171661377,6.820000171661377,199000
2019-12-11,6.809999942779541,6.809999942779541,6.71999979019165,6.800000190734863,6.800000190734863,105000
2019-12-12,6.75,6.849999904632568,6.710000038146973,6.769999980926514,6.769999980926514,119400
2019-12-13,6.71999979019165,6.800000190734863,6.639999866485596,6.739999771118164,6.739999771118164,203200
2019-12-16,6.730000019073486,6.75,6.300000190734863,6.300000190734863,6.300000190734863,608200
2019-12-17,6.28000020980835,6.389999866485596,6.28000020980835,6.329999923706055,6.329999923706055,232300
2019-12-18,6.349999904632568,6.440000057220459,6.269999980926514,6.28000020980835,6.28000020980835,414300
2019-12-19,6.300000190734863,6.539999961853027,6.119999885559082,6.5,6.5,780900
2019-12-20,6.5,6.789999961853027,6.5,6.710000038146973,6.710000038146973,507900
2019-12-23,6.739999771118164,6.809999942779541,6.659999847412109,6.78000020980835,6.78000020980835,113000
2019-12-24,6.800000190734863,6.940000057220459,6.769999980926514,6.900000095367432,6.900000095367432,56800
2019-12-26,6.920000076293945,6.9629998207092285,6.84499979019165,6.860000133514404,6.860000133514404,75400
2019-12-27,6.840000152587891,6.929999828338623,6.775000095367432,6.909999847412109,6.909999847412109,123300
2019-12-30,6.900000095367432,7.050000190734863,6.894999980926514,6.989999771118164,6.989999771118164,123700
2019-12-31,6.980000019073486,7.0,6.929999828338623,6.949999809265137,6.949999809265137,210800
2020-01-02,6.980000019073486,7.010000228881836,6.789999961853027,6.789999961853027,6.789999961853027,117600
2020-01-03,6.75,6.8520002365112305,6.690000057220459,6.769999980926514,6.769999980926514,43700
2020-01-06,6.75,6.869999885559082,6.71999979019165,6.809999942779541,6.809999942779541,177500
2020-01-07,6.820000171661377,6.900000095367432,6.679999828338623,6.699999809265137,6.699999809265137,148000
2020-01-08,6.730000019073486,6.760000228881836,6.639999866485596,6.679999828338623,6.679999828338623,309800
2020-01-09,6.730000019073486,6.820000171661377,6.659999847412109,6.699999809265137,6.699999809265137,126400
2020-01-10,6.699999809265137,6.78000020980835,6.639999866485596,6.679999828338623,6.679999828338623,127500
2020-01-13,6.659999847412109,6.670000076293945,6.579999923706055,6.590000152587891,6.590000152587891,218500
2020-01-14,6.590000152587891,7.329999923706055,6.550000190734863,7.309999942779541,7.309999942779541,473600
2020-01-15,7.440000057220459,8.09000015258789,7.349999904632568,8.09000015258789,8.09000015258789,510900
2020-01-16,8.220000267028809,8.670000076293945,8.1899995803833,8.579999923706055,8.579999923706055,652600
2020-01-17,8.649999618530273,8.890000343322754,8.649999618530273,8.869999885559082,8.869999885559082,516800
2020-01-21,8.770000457763672,8.890000343322754,8.550000190734863,8.869999885559082,8.869999885559082,500100
2020-01-22,8.869999885559082,8.899999618530273,8.5600004196167,8.600000381469727,8.600000381469727,391000
2020-01-23,8.600000381469727,8.800000190734863,8.579999923706055,8.649999618530273,8.649999618530273,206600
2020-01-24,8.649999618530273,8.829999923706055,8.609999656677246,8.800000190734863,8.800000190734863,109600
2020-01-27,8.640000343322754,8.885000228881836,8.640000343322754,8.6899995803833,8.6899995803833,119000
2020-01-28,8.699999809265137,8.869999885559082,8.609999656677246,8.859999656677246,8.859999656677246,106700
2020-01-29,8.859999656677246,8.880000114440918,8.5600004196167,8.59000015258789,8.59000015258789,65900
2020-01-30,8.470000267028809,8.539999961853027,8.260000228881836,8.359999656677246,8.359999656677246,102900
2020-01-31,8.319999694824219,8.319999694824219,8.09000015258789,8.109999656677246,8.109999656677246,61800
2020-02-03,8.149999618530273,8.369999885559082,8.114999771118164,8.3100004196167,8.3100004196167,255800
2020-02-04,8.399999618530273,8.508999824523926,8.25,8.279999732971191,8.279999732971191,309100
2020-02-05,8.369999885559082,8.569999694824219,8.239999771118164,8.449999809265137,8.449999809265137,248800
2020-02-06,8.470000267028809,8.569999694824219,8.329999923706055,8.479999542236328,8.479999542236328,151800
2020-02-07,8.420000076293945,8.649999618530273,8.375,8.5600004196167,8.5600004196167,126100
2020-02-10,8.529999732971191,8.65999984741211,8.369999885559082,8.420000076293945,8.420000076293945,322400
2020-02-11,8.460000038146973,9.239999771118164,8.390000343322754,9.029999732971191,9.029999732971191,1946400
2020-02-12,9.039999961853027,9.25,8.869999885559082,9.15999984741211,9.15999984741211,213400
2020-02-13,9.15999984741211,9.3100004196167,8.869999885559082,9.09000015258789,9.09000015258789,221400
2020-02-14,9.0600004196167,9.279999732971191,8.949999809265137,9.020000457763672,9.020000457763672,147800
2020-02-18,9.010000228881836,9.170000076293945,8.694999694824219,8.789999961853027,8.789999961853027,275900
2020-02-19,8.710000038146973,9.100000381469727,8.710000038146973,9.0,9.0,164000
2020-02-20,8.90999984741211,8.984999656677246,8.670000076293945,8.920000076293945,8.920000076293945,396500
2020-02-21,8.90999984741211,9.130000114440918,8.850000381469727,8.970000267028809,8.970000267028809,128300
2020-02-24,8.720000267028809,8.84000015258789,8.569999694824219,8.609999656677246,8.609999656677246,120800
2020-02-25,8.65999984741211,8.8149995803833,8.130000114440918,8.199999809265137,8.199999809265137,155100
2020-02-26,8.220000267028809,8.399999618530273,8.0,8.09000015258789,8.09000015258789,273500
2020-02-27,7.909999847412109,8.020000457763672,7.489999771118164,7.519999980926514,7.519999980926514,196200
2020-02-28,7.300000190734863,7.579999923706055,7.182000160217285,7.489999771118164,7.489999771118164,254800
2020-03-02,7.5,7.760000228881836,7.289999961853027,7.730000019073486,7.730000019073486,295500
2020-03-03,7.71999979019165,7.989999771118164,7.579999923706055,7.710000038146973,7.710000038146973,132700
2020-03-04,7.900000095367432,8.050000190734863,7.610000133514404,8.039999961853027,8.039999961853027,284700
2020-03-05,7.829999923706055,7.829999923706055,7.394999980926514,7.510000228881836,7.510000228881836,140700
2020-03-06,7.25,7.420000076293945,6.980000019073486,7.179999828338623,7.179999828338623,223500
2020-03-09,6.539999961853027,6.920000076293945,6.420000076293945,6.440000057220459,6.440000057220459,248000
2020-03-10,6.71999979019165,6.75,6.119999885559082,6.679999828338623,6.679999828338623,321500
2020-03-11,6.46999979019165,6.480000019073486,5.940000057220459,6.070000171661377,6.070000171661377,213700
2020-03-12,5.639999866485596,5.660999774932861,4.965000152587891,5.070000171661377,5.070000171661377,296500
2020-03-13,5.46999979019165,6.039999961853027,4.940000057220459,5.869999885559082,5.869999885559082,369600
2020-03-16,4.699999809265137,4.949999809265137,4.5,4.579999923706055,4.579999923706055,572800
2020-03-17,4.739999771118164,5.03000020980835,4.369999885559082,4.610000133514404,4.610000133514404,316600
2020-03-18,4.329999923706055,4.375999927520752,3.619999885559082,3.8299999237060547,3.8299999237060547,1487500
2020-03-19,4.019999980926514,5.78000020980835,3.8499999046325684,4.900000095367432,4.900000095367432,2167700
2020-03-20,5.019999980926514,5.150000095367432,3.950000047683716,4.130000114440918,4.130000114440918,678600
2020-03-23,4.130000114440918,4.130000114440918,3.7799999713897705,3.8499999046325684,3.8499999046325684,539400
2020-03-24,4.050000190734863,4.519999980926514,4.019999980926514,4.460000038146973,4.460000038146973,388500
2020-03-25,4.480000019073486,4.949999809265137,4.010000228881836,4.630000114440918,4.630000114440918,317300
2020-03-26,4.670000076293945,5.150000095367432,4.670000076293945,5.019999980926514,5.019999980926514,273100
2020-03-27,4.829999923706055,5.119999885559082,4.53000020980835,4.949999809265137,4.949999809265137,166700
2020-03-30,4.949999809265137,5.159999847412109,4.861000061035156,5.099999904632568,5.099999904632568,195000
2020-03-31,5.019999980926514,5.239999771118164,4.889999866485596,5.070000171661377,5.070000171661377,360300
2020-04-01,4.840000152587891,5.039999961853027,4.679999828338623,4.949999809265137,4.949999809265137,1059200
2020-04-02,4.980000019073486,5.119999885559082,4.730000019073486,4.900000095367432,4.900000095367432,211900
2020-04-03,4.900000095367432,4.929999828338623,4.480000019073486,4.610000133514404,4.610000133514404,342600
2020-04-06,4.800000190734863,5.230000019073486,4.75,5.119999885559082,5.119999885559082,121300
2020-04-07,5.400000095367432,5.659999847412109,5.190000057220459,5.5,5.5,202600
2020-04-08,5.489999771118164,5.820000171661377,5.489999771118164,5.630000114440918,5.630000114440918,229100
2020-04-09,5.78000020980835,6.170000076293945,5.239999771118164,5.389999866485596,5.389999866485596,223100
2020-04-13,5.369999885559082,5.369999885559082,4.849999904632568,4.869999885559082,4.869999885559082,162000
2020-04-14,5.0,5.389999866485596,4.949999809265137,5.019999980926514,5.019999980926514,148400
2020-04-15,4.900000095367432,4.900000095367432,4.550000190734863,4.659999847412109,4.659999847412109,764800
2020-04-16,4.71999979019165,4.760000228881836,4.480000019073486,4.679999828338623,4.679999828338623,122100
2020-04-17,4.860000133514404,4.949999809265137,4.670000076293945,4.78000020980835,4.78000020980835,238200
2020-04-20,4.760000228881836,4.809999942779541,4.5,4.550000190734863,4.550000190734863,247100
2020-04-21,4.519999980926514,4.59499979019165,4.409999847412109,4.5,4.5,120700
2020-04-22,4.599999904632568,4.599999904632568,4.349999904632568,4.380000114440918,4.380000114440918,390900
2020-04-23,4.449999809265137,4.474999904632568,4.199999809265137,4.25,4.25,453500
2020-04-24,4.269999980926514,4.289999961853027,4.139999866485596,4.190000057220459,4.190000057220459,266100
2020-04-27,4.309999942779541,4.849999904632568,4.236000061035156,4.809999942779541,4.809999942779541,1573600
2020-04-28,4.809999942779541,5.360000133514404,4.789999961853027,5.269999980926514,5.269999980926514,373000
2020-04-29,5.269999980926514,5.639999866485596,5.269999980926514,5.579999923706055,5.579999923706055,246200
2020-04-30,5.679999828338623,5.679999828338623,5.306000232696533,5.639999866485596,5.639999866485596,204100
2020-05-01,5.480000019073486,5.630000114440918,5.181000232696533,5.579999923706055,5.579999923706055,181200
2020-05-04,5.429999828338623,5.519999980926514,5.099999904632568,5.159999847412109,5.159999847412109,174100
2020-05-05,5.210000038146973,5.400000095367432,5.059999942779541,5.239999771118164,5.239999771118164,107100
2020-05-06,5.179999828338623,5.199999809265137,4.849999904632568,4.860000133514404,4.860000133514404,129700
2020-05-07,4.980000019073486,5.179999828338623,4.869999885559082,4.949999809265137,4.949999809265137,73100
2020-05-08,5.139999866485596,5.320000171661377,5.050000190734863,5.309999942779541,5.309999942779541,146100
2020-05-11,5.320000171661377,5.400000095367432,5.090000152587891,5.260000228881836,5.260000228881836,121100
2020-05-12,5.340000152587891,5.489999771118164,5.25,5.400000095367432,5.400000095367432,208600
2020-05-13,5.289999961853027,5.300000190734863,4.679999828338623,4.730000019073486,4.730000019073486,180800
2020-05-14,4.610000133514404,4.869999885559082,4.460000038146973,4.860000133514404,4.860000133514404,126700
2020-05-15,4.840000152587891,4.989999771118164,4.820000171661377,4.929999828338623,4.929999828338623,65000
2020-05-18,5.159999847412109,5.449999809265137,5.010000228881836,5.420000076293945,5.420000076293945,254100
2020-05-19,5.360000133514404,5.440000057220459,5.230000019073486,5.329999923706055,5.329999923706055,167000
2020-05-20,5.360000133514404,5.485000133514404,5.179999828338623,5.300000190734863,5.300000190734863,88500
2020-05-21,5.269999980926514,5.389999866485596,5.214000225067139,5.349999904632568,5.349999904632568,98100
2020-05-22,5.349999904632568,5.349999904632568,5.039999961853027,5.090000152587891,5.090000152587891,89900
2020-05-26,5.340000152587891,5.460000038146973,5.275000095367432,5.360000133514404,5.360000133514404,130400
2020-05-27,5.400000095367432,5.420000076293945,5.130000114440918,5.210000038146973,5.210000038146973,234800
2020-05-28,5.369999885559082,5.420000076293945,5.079999923706055,5.079999923706055,5.079999923706055,548100
2020-05-29,5.050000190734863,5.079999923706055,4.920000076293945,5.010000228881836,5.010000228881836,294700
2020-06-01,5.010000228881836,5.105000019073486,4.949999809265137,5.03000020980835,5.03000020980835,352700
2020-06-02,5.099999904632568,5.269999980926514,5.03000020980835,5.269999980926514,5.269999980926514,519800
2020-06-03,5.380000114440918,5.769999980926514,5.380000114440918,5.679999828338623,5.679999828338623,531000
2020-06-04,5.619999885559082,5.619999885559082,5.360000133514404,5.449999809265137,5.449999809265137,303300
2020-06-05,5.760000228881836,5.880000114440918,5.559999942779541,5.590000152587891,5.590000152587891,175500
2020-06-08,5.590000152587891,5.840000152587891,5.590000152587891,5.769999980926514,5.769999980926514,366300
2020-06-09,5.650000095367432,5.6579999923706055,5.440000057220459,5.53000020980835,5.53000020980835,129400
2020-06-10,5.46999979019165,5.46999979019165,5.159999847412109,5.179999828338623,5.179999828338623,125800
2020-06-11,5.0,5.059999942779541,4.78000020980835,4.789999961853027,4.789999961853027,274200
2020-06-12,5.03000020980835,5.066999912261963,4.78000020980835,4.869999885559082,4.869999885559082,126000
2020-06-15,4.78000020980835,5.050000190734863,4.699999809265137,5.019999980926514,5.019999980926514,131100
2020-06-16,5.199999809265137,5.309999942779541,5.039999961853027,5.159999847412109,5.159999847412109,198000
2020-06-17,5.199999809265137,5.21999979019165,4.940000057220459,5.090000152587891,5.090000152587891,119000
2020-06-18,5.059999942779541,5.099999904632568,4.989999771118164,5.010000228881836,5.010000228881836,69600
2020-06-19,5.099999904632568,5.099999904632568,4.650000095367432,4.690000057220459,4.690000057220459,186000
2020-06-22,4.690000057220459,4.840000152587891,4.599999904632568,4.789999961853027,4.789999961853027,135900
2020-06-23,4.869999885559082,4.900000095367432,4.599999904632568,4.619999885559082,4.619999885559082,248900
2020-06-24,4.659999847412109,4.659999847412109,4.360000133514404,4.440000057220459,4.440000057220459,158300
2020-06-25,4.400000095367432,4.505000114440918,4.340000152587891,4.480000019073486,4.480000019073486,150200
2020-06-26,4.449999809265137,4.494999885559082,4.320000171661377,4.46999979019165,4.46999979019165,114400
2020-06-29,4.5,4.699999809265137,4.380000114440918,4.699999809265137,4.699999809265137,169900
2020-06-30,4.690000057220459,4.789999961853027,4.590000152587891,4.599999904632568,4.599999904632568,212400
2020-07-01,4.659999847412109,4.739999771118164,4.449999809265137,4.539999961853027,4.539999961853027,107700
2020-07-02,4.610000133514404,4.675000190734863,4.460000038146973,4.46999979019165,4.46999979019165,93200
2020-07-06,4.559999942779541,4.570000171661377,4.389999866485596,4.510000228881836,4.510000228881836,216500
2020-07-07,4.480000019073486,4.5,4.394999980926514,4.46999979019165,4.46999979019165,81600
2020-07-08,4.489999771118164,4.599999904632568,4.369999885559082,4.449999809265137,4.449999809265137,190300
2020-07-09,4.5,4.5,4.179999828338623,4.28000020980835,4.28000020980835,140700
2020-07-10,4.300000190734863,4.409999847412109,4.199999809265137,4.28000020980835,4.28000020980835,58200
2020-07-13,4.289999961853027,4.570000171661377,4.289999961853027,4.360000133514404,4.360000133514404,80200
2020-07-14,4.369999885559082,4.474999904632568,4.269999980926514,4.400000095367432,4.400000095367432,85900
2020-07-15,4.539999961853027,4.679999828338623,4.539999961853027,4.670000076293945,4.670000076293945,98300
2020-07-16,4.679999828338623,4.679999828338623,4.559999942779541,4.650000095367432,4.650000095367432,161300
2020-07-17,4.650000095367432,4.71999979019165,4.590000152587891,4.650000095367432,4.650000095367432,68300
2020-07-20,4.650000095367432,4.664999961853027,4.449999809265137,4.46999979019165,4.46999979019165,36200
2020-07-21,4.559999942779541,4.679999828338623,4.480000019073486,4.599999904632568,4.599999904632568,71900
2020-07-22,4.570000171661377,4.724999904632568,4.570000171661377,4.670000076293945,4.670000076293945,126100
2020-07-23,4.670000076293945,4.71999979019165,4.599999904632568,4.690000057220459,4.690000057220459,82600
2020-07-24,4.679999828338623,4.820000171661377,4.644999980926514,4.809999942779541,4.809999942779541,192100
2020-07-27,4.800000190734863,4.909999847412109,4.699999809265137,4.869999885559082,4.869999885559082,85900
2020-07-28,4.849999904632568,4.9679999351501465,4.800000190734863,4.920000076293945,4.920000076293945,69700
2020-07-29,5.090000152587891,5.099999904632568,5.0,5.010000228881836,5.010000228881836,68900
2020-07-30,4.949999809265137,5.190000057220459,4.869999885559082,5.190000057220459,5.190000057220459,99200
2020-07-31,5.119999885559082,5.170000076293945,4.760000228881836,4.800000190734863,4.800000190734863,159200
2020-08-03,4.809999942779541,5.03000020980835,4.784999847412109,5.0,5.0,109200
2020-08-04,4.989999771118164,5.070000171661377,4.96999979019165,4.989999771118164,4.989999771118164,56200
2020-08-05,5.019999980926514,5.170000076293945,4.940000057220459,5.150000095367432,5.150000095367432,83800
2020-08-06,5.190000057220459,5.230000019073486,5.110000133514404,5.170000076293945,5.170000076293945,79200
2020-08-07,5.199999809265137,5.375,5.170000076293945,5.320000171661377,5.320000171661377,72900
2020-08-10,5.380000114440918,5.599999904632568,5.309999942779541,5.5,5.5,164100
2020-08-11,5.590000152587891,5.59499979019165,5.269999980926514,5.300000190734863,5.300000190734863,145400
2020-08-12,5.340000152587891,5.364999771118164,5.144999980926514,5.170000076293945,5.170000076293945,93400
2020-08-13,5.159999847412109,5.175000190734863,5.059999942779541,5.070000171661377,5.070000171661377,101300
2020-08-14,5.300000190734863,5.480000019073486,5.210000038146973,5.449999809265137,5.449999809265137,236500
2020-08-17,5.519999980926514,5.559999942779541,5.170000076293945,5.360000133514404,5.360000133514404,269300
2020-08-18,5.349999904632568,5.429999828338623,5.190000057220459,5.199999809265137,5.199999809265137,62400
2020-08-19,5.239999771118164,5.320000171661377,5.159999847412109,5.260000228881836,5.260000228881836,78100
2020-08-20,5.199999809265137,5.300000190734863,5.164999961853027,5.179999828338623,5.179999828338623,63800
2020-08-21,5.179999828338623,5.179999828338623,4.920000076293945,4.989999771118164,4.989999771118164,75300
2020-08-24,5.010000228881836,5.119999885559082,4.960000038146973,5.019999980926514,5.019999980926514,34400
2020-08-25,5.039999961853027,5.070000171661377,4.925000190734863,4.96999979019165,4.96999979019165,33200
2020-08-26,4.940000057220459,5.0,4.900000095367432,4.949999809265137,4.949999809265137,27400
2020-08-27,4.96999979019165,5.025000095367432,4.940000057220459,5.0,5.0,38400
2020-08-28,4.989999771118164,5.239999771118164,4.980000019073486,5.190000057220459,5.190000057220459,119600
2020-08-31,5.199999809265137,5.260000228881836,5.170000076293945,5.199999809265137,5.199999809265137,167000
2020-09-01,5.170000076293945,5.170000076293945,4.940000057220459,5.03000020980835,5.03000020980835,98000
2020-09-02,5.010000228881836,5.099999904632568,4.949999809265137,5.070000171661377,5.070000171661377,75300
2020-09-03,5.039999961853027,5.179999828338623,5.010000228881836,5.03000020980835,5.03000020980835,43700
2020-09-04,5.179999828338623,5.239999771118164,4.960000038146973,5.03000020980835,5.03000020980835,92300
2020-09-08,5.03000020980835,5.03000020980835,4.880000114440918,4.880000114440918,4.880000114440918,57700
2020-09-09,5.03000020980835,5.03000020980835,4.880000114440918,4.900000095367432,4.900000095367432,41900
2020-09-10,4.929999828338623,4.945000171661377,4.840000152587891,4.860000133514404,4.860000133514404,32700
2020-09-11,4.909999847412109,4.909999847412109,4.690000057220459,4.760000228881836,4.760000228881836,34800
2020-09-14,4.800000190734863,4.929999828338623,4.75,4.900000095367432,4.900000095367432,185400
2020-09-15,4.900000095367432,4.96999979019165,4.864999771118164,4.889999866485596,4.889999866485596,59200
2020-09-16,4.909999847412109,5.099999904632568,4.889999866485596,5.090000152587891,5.090000152587891,119300
2020-09-17,5.010000228881836,5.079999923706055,4.949999809265137,5.019999980926514,5.019999980926514,51500
2020-09-18,4.96999979019165,5.010000228881836,4.835000038146973,4.889999866485596,4.889999866485596,50000
2020-09-21,4.820000171661377,4.820000171661377,4.610000133514404,4.659999847412109,4.659999847412109,77200
2020-09-22,4.739999771118164,4.760000228881836,4.570000171661377,4.679999828338623,4.679999828338623,59400
2020-09-23,4.71999979019165,4.769999980926514,4.539999961853027,4.570000171661377,4.570000171661377,84500
2020-09-24,4.550000190734863,4.590000152587891,4.420000076293945,4.46999979019165,4.46999979019165,96800
2020-09-25,4.5,4.570000171661377,4.420000076293945,4.449999809265137,4.449999809265137,57400
2020-09-28,4.449999809265137,4.599999904632568,4.449999809265137,4.5,4.5,78200
2020-09-29,4.550000190734863,4.550000190734863,4.289999961853027,4.320000171661377,4.320000171661377,100800
2020-09-30,4.320000171661377,4.409999847412109,4.139999866485596,4.170000076293945,4.170000076293945,611300
2020-10-01,4.210000038146973,4.360000133514404,4.139999866485596,4.340000152587891,4.340000152587891,971900
2020-10-02,4.289999961853027,4.840000152587891,4.289999961853027,4.809999942779541,4.809999942779541,254500
2020-10-05,4.880000114440918,4.909999847412109,4.650000095367432,4.789999961853027,4.789999961853027,70900
2020-10-06,4.789999961853027,4.849999904632568,4.550000190734863,4.670000076293945,4.670000076293945,64500
2020-10-07,4.679999828338623,4.760000228881836,4.5,4.5,4.5,84400
2020-10-08,4.519999980926514,4.695000171661377,4.48799991607666,4.570000171661377,4.570000171661377,77900
2020-10-09,4.610000133514404,4.650000095367432,4.5,4.579999923706055,4.579999923706055,71100
2020-10-12,4.630000114440918,4.71999979019165,4.550000190734863,4.610000133514404,4.610000133514404,63100
2020-10-13,4.650000095367432,4.650000095367432,4.440000057220459,4.480000019073486,4.480000019073486,107600
2020-10-14,4.519999980926514,4.690000057220459,4.414000034332275,4.570000171661377,4.570000171661377,429200
2020-10-15,4.519999980926514,4.579999923706055,4.519999980926514,4.559999942779541,4.559999942779541,28900
2020-10-16,4.559999942779541,4.610000133514404,4.449999809265137,4.489999771118164,4.489999771118164,35000
2020-10-19,4.489999771118164,4.619999885559082,4.489999771118164,4.550000190734863,4.550000190734863,28100
2020-10-20,4.559999942779541,4.570000171661377,4.420000076293945,4.519999980926514,4.519999980926514,172700
2020-10-21,4.499000072479248,4.53000020980835,4.460000038146973,4.53000020980835,4.53000020980835,44000
2020-10-22,4.53000020980835,4.550000190734863,4.480000019073486,4.489999771118164,4.489999771118164,67500
2020-10-23,4.482999801635742,4.482999801635742,4.360000133514404,4.440000057220459,4.440000057220459,56100
2020-10-26,4.409999847412109,4.429999828338623,4.190000057220459,4.28000020980835,4.28000020980835,71800
2020-10-27,4.269999980926514,4.269999980926514,4.059999942779541,4.090000152587891,4.090000152587891,68100
2020-10-28,4.059999942779541,4.409999847412109,4.0,4.300000190734863,4.300000190734863,213400
2020-10-29,4.380000114440918,4.380000114440918,4.110000133514404,4.179999828338623,4.179999828338623,84300
2020-10-30,4.159999847412109,4.21999979019165,4.090000152587891,4.190000057220459,4.190000057220459,135600
2020-11-02,4.289999961853027,4.309999942779541,4.21999979019165,4.28000020980835,4.28000020980835,99900
2020-11-03,4.380000114440918,4.428999900817871,4.320000171661377,4.409999847412109,4.409999847412109,100900
2020-11-04,4.409999847412109,4.53000020980835,4.315000057220459,4.489999771118164,4.489999771118164,146100
2020-11-05,4.489999771118164,4.619999885559082,4.489999771118164,4.599999904632568,4.599999904632568,57900
2020-11-06,4.659999847412109,4.71999979019165,4.480000019073486,4.519999980926514,4.519999980926514,79400
2020-11-09,4.820000171661377,4.938000202178955,4.730000019073486,4.800000190734863,4.800000190734863,227000
2020-11-10,4.860000133514404,4.989999771118164,4.769999980926514,4.880000114440918,4.880000114440918,108300
2020-11-11,5.0,5.0,4.670000076293945,4.739999771118164,4.739999771118164,88000
2020-11-12,4.75,4.75,4.519999980926514,4.590000152587891,4.590000152587891,84900
2020-11-13,4.630000114440918,4.75,4.610000133514404,4.739999771118164,4.739999771118164,91900
2020-11-16,4.949999809265137,4.949999809265137,4.739999771118164,4.840000152587891,4.840000152587891,136700
2020-11-17,4.809999942779541,4.829999923706055,4.659999847412109,4.71999979019165,4.71999979019165,174400
2020-11-18,4.760000228881836,5.610000133514404,4.760000228881836,5.400000095367432,5.400000095367432,1227300
2020-11-19,5.409999847412109,5.800000190734863,5.400000095367432,5.730000019073486,5.730000019073486,596100
2020-11-20,5.699999809265137,5.880000114440918,5.619999885559082,5.75,5.75,323500
2020-11-23,5.730000019073486,6.110000133514404,5.730000019073486,6.050000190734863,6.050000190734863,309000
2020-11-24,6.239999771118164,6.239999771118164,5.760000228881836,5.809999942779541,5.809999942779541,241900
2020-11-25,5.739999771118164,5.829999923706055,5.53000020980835,5.590000152587891,5.590000152587891,269000
2020-11-27,5.599999904632568,5.679999828338623,5.519999980926514,5.570000171661377,5.570000171661377,739500
2020-11-30,5.639999866485596,5.860000133514404,5.619999885559082,5.639999866485596,5.639999866485596,410200
2020-12-01,5.679999828338623,5.940000057220459,5.639999866485596,5.699999809265137,5.699999809265137,202800
2020-12-02,5.730000019073486,5.829999923706055,5.599999904632568,5.619999885559082,5.619999885559082,101800
2020-12-03,5.630000114440918,5.75,5.570000171661377,5.599999904632568,5.599999904632568,106500
2020-12-04,5.599999904632568,5.78000020980835,5.590000152587891,5.690000057220459,5.690000057220459,124500
2020-12-07,5.639999866485596,5.650000095367432,5.559999942779541,5.630000114440918,5.630000114440918,105000
2020-12-08,5.610000133514404,5.71999979019165,5.449999809265137,5.5,5.5,106100
2020-12-09,5.510000228881836,5.619999885559082,5.429999828338623,5.510000228881836,5.510000228881836,159100
2020-12-10,5.46999979019165,5.506999969482422,5.409999847412109,5.440000057220459,5.440000057220459,77700
2020-12-11,5.400000095367432,5.550000190734863,5.349999904632568,5.460000038146973,5.460000038146973,219100
2020-12-14,5.5,5.619999885559082,5.414999961853027,5.460000038146973,5.460000038146973,144700
2020-12-15,5.46999979019165,5.550000190734863,5.340000152587891,5.449999809265137,5.449999809265137,134800
2020-12-16,5.5,5.539999961853027,5.409999847412109,5.420000076293945,5.420000076293945,146900
2020-12-17,5.5,5.590000152587891,5.369999885559082,5.400000095367432,5.400000095367432,171600
2020-12-18,5.429999828338623,5.46999979019165,5.320000171661377,5.360000133514404,5.360000133514404,177200
2020-12-21,5.300000190734863,5.389999866485596,5.150000095367432,5.239999771118164,5.239999771118164,202800
2020-12-22,5.25,5.260000228881836,5.150000095367432,5.170000076293945,5.170000076293945,61100
2020-12-23,5.170000076293945,5.320000171661377,5.170000076293945,5.230000019073486,5.230000019073486,523500
2020-12-24,5.230000019073486,5.335000038146973,5.190000057220459,5.309999942779541,5.309999942779541,62500
2020-12-28,5.320000171661377,5.432000160217285,5.300000190734863,5.329999923706055,5.329999923706055,70900
2020-12-29,5.380000114440918,5.380000114440918,5.170000076293945,5.170000076293945,5.170000076293945,195600
2020-12-30,5.190000057220459,5.579999923706055,5.179999828338623,5.440000057220459,5.440000057220459,225900
2020-12-31,5.480000019073486,5.619999885559082,5.360000133514404,5.460000038146973,5.460000038146973,207700
2021-01-04,5.510000228881836,5.510000228881836,5.289999961853027,5.300000190734863,5.300000190734863,86500
2021-01-05,5.25,5.460000038146973,5.25,5.429999828338623,5.429999828338623,131000
2021-01-06,5.5,5.679999828338623,5.389999866485596,5.639999866485596,5.639999866485596,153800
2021-01-07,5.639999866485596,5.829999923706055,5.639999866485596,5.800000190734863,5.800000190734863,192100
2021-01-08,5.849999904632568,5.889999866485596,5.820000171661377,5.840000152587891,5.840000152587891,113400
2021-01-11,5.789999961853027,5.820000171661377,5.71999979019165,5.78000020980835,5.78000020980835,137000
2021-01-12,5.789999961853027,6.059999942779541,5.789999961853027,6.050000190734863,6.050000190734863,96600
2021-01-13,6.090000152587891,6.170000076293945,6.050000190734863,6.159999847412109,6.159999847412109,54700
2021-01-14,6.210000038146973,6.489999771118164,6.190000057220459,6.269999980926514,6.269999980926514,58300
2021-01-15,6.21999979019165,6.380000114440918,6.151000022888184,6.300000190734863,6.300000190734863,65400
2021-01-19,6.400000095367432,6.409999847412109,6.260000228881836,6.320000171661377,6.320000171661377,54200
2021-01-20,6.329999923706055,6.75,6.320000171661377,6.699999809265137,6.699999809265137,98700
2021-01-21,6.659999847412109,6.809999942779541,6.440000057220459,6.46999979019165,6.46999979019165,83600
2021-01-22,6.460000038146973,6.505000114440918,6.309999942779541,6.46999979019165,6.46999979019165,54400
2021-01-25,6.449999809265137,6.559999942779541,6.349999904632568,6.429999828338623,6.429999828338623,44400
2021-01-26,6.429999828338623,6.610000133514404,6.320000171661377,6.380000114440918,6.380000114440918,54100
2021-01-27,6.309999942779541,6.429999828338623,6.28000020980835,6.320000171661377,6.320000171661377,45700
2021-01-28,6.260000228881836,6.380000114440918,6.179999828338623,6.21999979019165,6.21999979019165,83900
2021-01-29,6.239999771118164,6.349999904632568,6.110000133514404,6.300000190734863,6.300000190734863,91900
2021-02-01,6.300000190734863,6.380000114440918,6.25,6.329999923706055,6.329999923706055,42300
2021-02-02,6.349999904632568,6.510000228881836,6.28000020980835,6.460000038146973,6.460000038146973,66700
2021-02-03,6.53000020980835,6.678999900817871,6.420000076293945,6.650000095367432,6.650000095367432,63000
2021-02-04,6.650000095367432,6.760000228881836,6.579999923706055,6.679999828338623,6.679999828338623,50800
2021-02-05,6.75,6.769999980926514,6.639999866485596,6.650000095367432,6.650000095367432,43200
2021-02-08,6.800000190734863,7.110000133514404,6.739999771118164,7.110000133514404,7.110000133514404,107100
2021-02-09,7.070000171661377,7.090000152587891,6.820000171661377,6.840000152587891,6.840000152587891,76600
2021-02-10,6.869999885559082,6.949999809265137,6.78000020980835,6.809999942779541,6.809999942779541,56100
2021-02-11,6.800000190734863,6.880000114440918,6.679999828338623,6.679999828338623,6.679999828338623,38100
2021-02-12,6.710000038146973,6.78000020980835,6.599999904632568,6.650000095367432,6.650000095367432,81200
2021-02-16,6.78000020980835,6.829999923706055,6.570000171661377,6.630000114440918,6.630000114440918,61000
2021-02-17,6.630000114440918,6.659999847412109,6.409999847412109,6.449999809265137,6.449999809265137,90400
2021-02-18,6.449999809265137,6.5,6.364999771118164,6.369999885559082,6.369999885559082,28200
2021-02-19,6.46999979019165,6.525000095367432,6.369999885559082,6.46999979019165,6.46999979019165,47600
2021-02-22,6.369999885559082,6.639999866485596,6.369999885559082,6.570000171661377,6.570000171661377,56900
2021-02-23,6.570000171661377,6.630000114440918,6.465000152587891,6.559999942779541,6.559999942779541,39200
2021-02-24,6.590000152587891,6.729000091552734,6.539999961853027,6.699999809265137,6.699999809265137,46400
2021-02-25,6.739999771118164,6.860000133514404,6.591000080108643,6.670000076293945,6.670000076293945,95300
2021-02-26,6.650000095367432,6.789999961853027,6.510000228881836,6.559999942779541,6.559999942779541,186100
2021-03-01,6.570000171661377,6.710000038146973,6.489999771118164,6.5,6.5,37300
2021-03-02,6.510000228881836,6.539999961853027,6.456999778747559,6.510000228881836,6.510000228881836,33700
2021-03-03,6.510000228881836,6.639999866485596,6.465000152587891,6.559999942779541,6.559999942779541,69700
2021-03-04,6.559999942779541,6.699999809265137,6.449999809265137,6.460000038146973,6.460000038146973,55100
2021-03-05,6.53000020980835,6.570000171661377,6.329999923706055,6.519999980926514,6.519999980926514,98300
2021-03-08,6.559999942779541,6.75,6.519999980926514,6.739999771118164,6.739999771118164,49900
2021-03-09,6.730000019073486,6.829999923706055,6.619999885559082,6.650000095367432,6.650000095367432,69800
2021-03-10,6.650000095367432,6.889999866485596,6.550000190734863,6.849999904632568,6.849999904632568,60100
2021-03-11,6.840000152587891,7.03000020980835,6.840000152587891,7.019999980926514,7.019999980926514,62500
2021-03-12,7.039999961853027,7.199999809265137,7.0,7.199999809265137,7.199999809265137,80900
2021-03-15,7.199999809265137,7.300000190734863,7.150000095367432,7.21999979019165,7.21999979019165,64700
2021-03-16,7.25,7.25,7.130000114440918,7.130000114440918,7.130000114440918,41500
2021-03-17,7.130000114440918,7.320000171661377,7.03000020980835,7.320000171661377,7.320000171661377,122900
2021-03-18,7.25,7.820000171661377,7.25,7.699999809265137,7.699999809265137,977500
2021-03-19,7.71999979019165,8.34000015258789,7.71999979019165,7.880000114440918,7.880000114440918,375000
2021-03-22,8.010000228881836,8.350000381469727,7.949999809265137,8.270000457763672,8.270000457763672,354200
2021-03-23,8.350000381469727,8.5600004196167,7.539999961853027,7.650000095367432,7.650000095367432,509600
2021-03-24,7.769999980926514,8.074999809265137,7.510000228881836,7.510000228881836,7.510000228881836,204100
2021-03-25,7.650000095367432,8.149999618530273,7.619999885559082,7.639999866485596,7.639999866485596,244800
2021-03-26,7.650000095367432,7.96999979019165,7.619999885559082,7.699999809265137,7.699999809265137,109500
2021-03-29,7.75,8.029999732971191,7.639999866485596,7.650000095367432,7.650000095367432,145400
2021-03-30,7.690000057220459,7.739999771118164,7.510000228881836,7.579999923706055,7.579999923706055,257100
2021-03-31,7.659999847412109,7.71999979019165,7.5,7.559999942779541,7.559999942779541,153600
2021-04-01,7.550000190734863,7.730000019073486,7.449999809265137,7.599999904632568,7.599999904632568,132000
2021-04-05,7.699999809265137,7.75,7.550000190734863,7.699999809265137,7.699999809265137,131800
2021-04-06,7.730000019073486,7.840000152587891,7.610000133514404,7.650000095367432,7.650000095367432,86800
2021-04-07,7.650000095367432,7.75,7.480000019073486,7.5,7.5,257400
2021-04-08,7.489999771118164,7.565000057220459,7.409999847412109,7.510000228881836,7.510000228881836,69600
2021-04-09,7.489999771118164,7.570000171661377,7.449999809265137,7.53000020980835,7.53000020980835,120700
2021-04-12,7.480000019073486,7.519999980926514,7.380000114440918,7.449999809265137,7.449999809265137,50900
2021-04-13,7.400000095367432,7.460000038146973,7.329999923706055,7.389999866485596,7.389999866485596,74100
2021-04-14,7.329999923706055,7.514999866485596,7.329999923706055,7.349999904632568,7.349999904632568,47200
2021-04-15,7.329999923706055,7.429999828338623,7.150000095367432,7.239999771118164,7.239999771118164,146400
2021-04-16,7.21999979019165,7.400000095367432,7.21999979019165,7.380000114440918,7.380000114440918,64100
2021-04-19,7.420000076293945,7.460000038146973,7.309999942779541,7.400000095367432,7.400000095367432,68700
2021-04-20,7.389999866485596,7.389999866485596,7.190000057220459,7.28000020980835,7.28000020980835,56500
2021-04-21,7.21999979019165,7.360000133514404,7.190000057220459,7.300000190734863,7.300000190734863,66300
2021-04-22,7.28000020980835,7.380000114440918,7.199999809265137,7.369999885559082,7.369999885559082,88600
2021-04-23,7.420000076293945,7.420000076293945,7.329999923706055,7.380000114440918,7.380000114440918,67000
2021-04-26,7.400000095367432,7.539999961853027,7.340000152587891,7.380000114440918,7.380000114440918,42800
2021-04-27,7.400000095367432,7.489999771118164,7.230000019073486,7.25,7.25,58600
2021-04-28,7.21999979019165,7.25,7.170000076293945,7.170000076293945,7.170000076293945,42200
2021-04-29,7.239999771118164,7.349999904632568,7.09499979019165,7.179999828338623,7.179999828338623,58300
2021-04-30,7.199999809265137,7.309999942779541,7.139999866485596,7.179999828338623,7.179999828338623,88000
2021-05-03,7.179999828338623,7.340000152587891,7.179999828338623,7.25,7.25,39100
2021-05-04,7.260000228881836,7.269999980926514,7.159999847412109,7.199999809265137,7.199999809265137,55000
2021-05-05,7.190000057220459,7.260000228881836,7.159999847412109,7.199999809265137,7.199999809265137,66100
2021-05-06,7.210000038146973,7.28000020980835,7.164999961853027,7.199999809265137,7.199999809265137,128400
2021-05-07,7.230000019073486,7.489999771118164,7.179999828338623,7.480000019073486,7.480000019073486,288600
2021-05-10,7.5,7.590000152587891,7.349999904632568,7.380000114440918,7.380000114440918,175500
2021-05-11,7.289999961853027,7.294000148773193,6.909999847412109,6.980000019073486,6.980000019073486,162800
2021-05-12,6.949999809265137,7.010000228881836,6.579999923706055,6.599999904632568,6.599999904632568,170400
2021-05-13,6.650000095367432,6.800000190734863,6.610000133514404,6.75,6.75,70700
2021-05-14,6.730000019073486,6.920000076293945,6.730000019073486,6.860000133514404,6.860000133514404,84700
2021-05-17,6.909999847412109,7.034999847412109,6.860000133514404,7.0,7.0,51600
2021-05-18,7.039999961853027,7.179999828338623,7.039999961853027,7.059999942779541,7.059999942779541,92600
2021-05-19,7.0,7.0,6.827000141143799,6.889999866485596,6.889999866485596,68800
2021-05-20,6.889999866485596,6.940000057220459,6.800000190734863,6.889999866485596,6.889999866485596,62400
2021-05-21,6.909999847412109,7.429999828338623,6.900000095367432,7.349999904632568,7.349999904632568,382000
2021-05-24,7.349999904632568,7.420000076293945,7.28000020980835,7.329999923706055,7.329999923706055,106100
2021-05-25,7.309999942779541,7.5,7.2820000648498535,7.369999885559082,7.369999885559082,102800
2021-05-26,7.329999923706055,7.5,7.320000171661377,7.400000095367432,7.400000095367432,139600
2021-05-27,7.380000114440918,7.519999980926514,7.369999885559082,7.510000228881836,7.510000228881836,538300
2021-05-28,7.590000152587891,8.039999961853027,7.559999942779541,8.020000457763672,8.020000457763672,361600
2021-06-01,8.079999923706055,8.579999923706055,8.050999641418457,8.569999694824219,8.569999694824219,248000
2021-06-02,8.619999885559082,8.729999542236328,8.460000038146973,8.5,8.5,426200
2021-06-03,8.510000228881836,8.510000228881836,8.180000305175781,8.369999885559082,8.369999885559082,96900
2021-06-04,8.420000076293945,8.420000076293945,8.039999961853027,8.130000114440918,8.130000114440918,80700
2021-06-07,8.119999885559082,8.300000190734863,8.069999694824219,8.239999771118164,8.239999771118164,57100
2021-06-08,8.239999771118164,8.390000343322754,8.144000053405762,8.210000038146973,8.210000038146973,50500
2021-06-09,8.270000457763672,8.279999732971191,8.140000343322754,8.229999542236328,8.229999542236328,72400
2021-06-10,8.260000228881836,8.260000228881836,7.949999809265137,8.010000228881836,8.010000228881836,141200
2021-06-11,8.09000015258789,8.1899995803833,8.0600004196167,8.140000343322754,8.140000343322754,76700
2021-06-14,8.09000015258789,8.130000114440918,7.860000133514404,7.960000038146973,7.960000038146973,75200
2021-06-15,7.929999828338623,7.960000038146973,7.769999980926514,7.800000190734863,7.800000190734863,79900
2021-06-16,7.75,7.940000057220459,7.75,7.889999866485596,7.889999866485596,56100
2021-06-17,7.849999904632568,7.849999904632568,7.630000114440918,7.710000038146973,7.710000038146973,60100
2021-06-18,7.670000076293945,8.199999809265137,7.550000190734863,8.039999961853027,8.039999961853027,558600
2021-06-21,8.039999961853027,8.12600040435791,7.949999809265137,8.010000228881836,8.010000228881836,52300
2021-06-22,8.050000190734863,8.050000190734863,7.869999885559082,8.020000457763672,8.020000457763672,48000
2021-06-23,8.079999923706055,8.199999809265137,7.999000072479248,8.079999923706055,8.079999923706055,59500
2021-06-24,8.09000015258789,8.09000015258789,8.010000228881836,8.050000190734863,8.050000190734863,38000
2021-06-25,8.119999885559082,8.119999885559082,7.989999771118164,8.020000457763672,8.020000457763672,42900
2021-06-28,8.0,8.180000305175781,7.908999919891357,8.180000305175781,8.180000305175781,146900
2021-06-29,8.140000343322754,8.305999755859375,8.130000114440918,8.260000228881836,8.260000228881836,98300
2021-06-30,8.210000038146973,8.279999732971191,8.029999732971191,8.079999923706055,8.079999923706055,52800
2021-07-01,8.130000114440918,8.3100004196167,8.050000190734863,8.289999961853027,8.289999961853027,36400
2021-07-02,8.350000381469727,8.350000381469727,8.210000038146973,8.289999961853027,8.289999961853027,40600
2021-07-06,8.319999694824219,8.319999694824219,8.020000457763672,8.199999809265137,8.199999809265137,35600
2021-07-07,8.239999771118164,8.289999961853027,8.079999923706055,8.279999732971191,8.279999732971191,40300
2021-07-08,8.170000076293945,8.274999618530273,8.109999656677246,8.170000076293945,8.170000076293945,62900
2021-07-09,8.1850004196167,8.380000114440918,8.152000427246094,8.359999656677246,8.359999656677246,25300
2021-07-12,8.399999618530273,8.489999771118164,8.350000381469727,8.380000114440918,8.380000114440918,24700
2021-07-13,8.380000114440918,8.930000305175781,8.319999694824219,8.729999542236328,8.729999542236328,368200
2021-07-14,8.770000457763672,8.770000457763672,8.510000228881836,8.65999984741211,8.65999984741211,219900
2021-07-15,8.670000076293945,8.670000076293945,8.40999984741211,8.510000228881836,8.510000228881836,30000
2021-07-16,8.739999771118164,8.739999771118164,8.15999984741211,8.229999542236328,8.229999542236328,52600
2021-07-19,7.989999771118164,8.017999649047852,7.610000133514404,7.75,7.75,250100
2021-07-20,7.840000152587891,8.140000343322754,7.804999828338623,8.109999656677246,8.109999656677246,60900
2021-07-21,8.170000076293945,8.282999992370605,8.100000381469727,8.109999656677246,8.109999656677246,29100
2021-07-22,8.1899995803833,8.244999885559082,7.900000095367432,8.010000228881836,8.010000228881836,53200
2021-07-23,8.109999656677246,8.260000228881836,8.050000190734863,8.149999618530273,8.149999618530273,35900
2021-07-26,8.199999809265137,8.430000305175781,8.1899995803833,8.329999923706055,8.329999923706055,33400
2021-07-27,8.369999885559082,8.369999885559082,7.840000152587891,8.100000381469727,8.100000381469727,133100
2021-07-28,8.180000305175781,8.380000114440918,7.96999979019165,8.260000228881836,8.260000228881836,40100
2021-07-29,8.220000267028809,8.550000190734863,8.210000038146973,8.4399995803833,8.4399995803833,24700
2021-07-30,8.34000015258789,8.5,8.260000228881836,8.369999885559082,8.369999885559082,54700
2021-08-02,8.479999542236328,8.479999542236328,8.220000267028809,8.359999656677246,8.359999656677246,50900
2021-08-03,8.270000457763672,8.34000015258789,8.069999694824219,8.289999961853027,8.289999961853027,71500
2021-08-04,8.210000038146973,8.430000305175781,8.050000190734863,8.100000381469727,8.100000381469727,65300
2021-08-05,8.0,8.145999908447266,7.96999979019165,8.09000015258789,8.09000015258789,71600
2021-08-06,8.15999984741211,8.510000228881836,8.119999885559082,8.449999809265137,8.449999809265137,91200
2021-08-09,8.520000457763672,8.520000457763672,8.38599967956543,8.420000076293945,8.420000076293945,59800
2021-08-10,8.479999542236328,8.489999771118164,8.34000015258789,8.420000076293945,8.420000076293945,58900
2021-08-11,8.40999984741211,8.51099967956543,8.329999923706055,8.470000267028809,8.470000267028809,61700
2021-08-12,8.449999809265137,8.449999809265137,8.180000305175781,8.3100004196167,8.3100004196167,58300
2021-08-13,8.229999542236328,8.34000015258789,8.210000038146973,8.220000267028809,8.220000267028809,22100
2021-08-16,8.199999809265137,8.319999694824219,8.020000457763672,8.0600004196167,8.0600004196167,57500
2021-08-17,8.005999565124512,8.279999732971191,7.96999979019165,8.039999961853027,8.039999961853027,75500
2021-08-18,8.0,8.119999885559082,7.949999809265137,8.0,8.0,55700
2021-08-19,7.909999847412109,8.039999961853027,7.632999897003174,7.789999961853027,7.789999961853027,73100
2021-08-20,7.699999809265137,7.989999771118164,7.699999809265137,7.940000057220459,7.940000057220459,34600
2021-08-23,8.020000457763672,8.15999984741211,7.849999904632568,8.039999961853027,8.039999961853027,59500
2021-08-24,7.949999809265137,8.029999732971191,7.920000076293945,8.010000228881836,8.010000228881836,155000
2021-08-25,8.0600004196167,8.15999984741211,8.0600004196167,8.149999618530273,8.149999618530273,41600
2021-08-26,8.1899995803833,8.1899995803833,7.889999866485596,8.0,8.0,54200
2021-08-27,8.050000190734863,8.260000228881836,8.050000190734863,8.229999542236328,8.229999542236328,38500
2021-08-30,8.25,8.25,7.979000091552734,8.130000114440918,8.130000114440918,60500
2021-08-31,8.130000114440918,8.140000343322754,7.980000019073486,7.989999771118164,7.989999771118164,84400
2021-09-01,8.069999694824219,8.180000305175781,7.960000038146973,8.050000190734863,8.050000190734863,33500
2021-09-02,8.140000343322754,8.140000343322754,7.980000019073486,8.079999923706055,8.079999923706055,63700
2021-09-03,8.100000381469727,8.138999938964844,7.980000019073486,8.09000015258789,8.09000015258789,28500
2021-09-07,8.039999961853027,8.244999885559082,7.960000038146973,8.140000343322754,8.140000343322754,66600
2021-09-08,8.5,8.5,7.889999866485596,7.949999809265137,7.949999809265137,25200
2021-09-09,7.889999866485596,8.038999557495117,7.800000190734863,7.949999809265137,7.949999809265137,93300
2021-09-10,7.949999809265137,8.0,7.860000133514404,7.860000133514404,7.860000133514404,31800
2021-09-13,7.869999885559082,8.010000228881836,7.849999904632568,8.010000228881836,8.010000228881836,68600
2021-09-14,7.989999771118164,8.03499984741211,7.769999980926514,7.820000171661377,7.820000171661377,21500
2021-09-15,7.78000020980835,7.929999828338623,7.78000020980835,7.840000152587891,7.840000152587891,23100
2021-09-16,7.710000038146973,8.09000015258789,7.710000038146973,8.0,8.0,30200
2021-09-17,7.889999866485596,7.980000019073486,7.769999980926514,7.849999904632568,7.849999904632568,26200
2021-09-20,7.670000076293945,7.880000114440918,7.630000114440918,7.800000190734863,7.800000190734863,56700
2021-09-21,7.829999923706055,7.914999961853027,7.630000114440918,7.699999809265137,7.699999809265137,62900
2021-09-22,7.75,8.050000190734863,7.75,7.840000152587891,7.840000152587891,46200
2021-09-23,7.869999885559082,8.039999961853027,7.809999942779541,7.900000095367432,7.900000095367432,37500
2021-09-24,7.789999961853027,7.980000019073486,7.789999961853027,7.96999979019165,7.96999979019165,24300
2021-09-27,8.069999694824219,8.170000076293945,7.980000019073486,8.0,8.0,37100
2021-09-28,8.015000343322754,8.015000343322754,7.829999923706055,7.889999866485596,7.889999866485596,32900
2021-09-29,7.949999809265137,7.96999979019165,7.849999904632568,7.889999866485596,7.889999866485596,29700
2021-09-30,7.880000114440918,7.880000114440918,7.769999980926514,7.829999923706055,7.829999923706055,27400
2021-10-01,7.829999923706055,7.909999847412109,7.760000228881836,7.800000190734863,7.800000190734863,66400
2021-10-04,7.840000152587891,7.840000152587891,7.760000228881836,7.789999961853027,7.789999961853027,20900
2021-10-05,7.829999923706055,7.829999923706055,7.539999961853027,7.670000076293945,7.670000076293945,36500
2021-10-06,7.550000190734863,7.699999809265137,7.5,7.599999904632568,7.599999904632568,96300
2021-10-07,7.650000095367432,7.789999961853027,7.650000095367432,7.679999828338623,7.679999828338623,33600
2021-10-08,7.730000019073486,7.920000076293945,7.510000228881836,7.510000228881836,7.510000228881836,155200
2021-10-11,7.5,7.679999828338623,7.389999866485596,7.519999980926514,7.519999980926514,172400
2021-10-12,7.519999980926514,7.829999923706055,7.5,7.769999980926514,7.769999980926514,46000
2021-10-13,7.739999771118164,7.949999809265137,7.550000190734863,7.599999904632568,7.599999904632568,490600
2021-10-14,7.800000190734863,7.885000228881836,7.710000038146973,7.75,7.75,85200
2021-10-15,7.789999961853027,7.900000095367432,7.440000057220459,7.5,7.5,245600
2021-10-18,7.519999980926514,7.639999866485596,7.5,7.570000171661377,7.570000171661377,79700
2021-10-19,7.610000133514404,7.855000019073486,7.610000133514404,7.739999771118164,7.739999771118164,110400
2021-10-20,7.75,7.940000057220459,7.75,7.880000114440918,7.880000114440918,115600
2021-10-21,7.880000114440918,8.0600004196167,7.789999961853027,7.820000171661377,7.820000171661377,89600
2021-10-22,7.769999980926514,8.199999809265137,7.769999980926514,7.949999809265137,7.949999809265137,92200
2021-10-25,7.949999809265137,8.020000457763672,7.800000190734863,7.860000133514404,7.860000133514404,58700
2021-10-26,7.829999923706055,7.989999771118164,7.690000057220459,7.710000038146973,7.710000038146973,63200
2021-10-27,7.639999866485596,7.670000076293945,7.369999885559082,7.480000019073486,7.480000019073486,271800
2021-10-28,7.510000228881836,7.710000038146973,7.440000057220459,7.550000190734863,7.550000190734863,140200
2021-10-29,7.489999771118164,7.78000020980835,7.329999923706055,7.360000133514404,7.360000133514404,203600
2021-11-01,7.420000076293945,7.699999809265137,7.420000076293945,7.639999866485596,7.639999866485596,75500
2021-11-02,7.590000152587891,7.760000228881836,7.340000152587891,7.420000076293945,7.420000076293945,55100
2021-11-03,7.46999979019165,7.869999885559082,7.46999979019165,7.699999809265137,7.699999809265137,159000
2021-11-04,7.650000095367432,7.98799991607666,7.340000152587891,7.429999828338623,7.429999828338623,192300
2021-11-05,7.440000057220459,7.630000114440918,7.190999984741211,7.369999885559082,7.369999885559082,222800
2021-11-08,7.380000114440918,7.494999885559082,7.070000171661377,7.150000095367432,7.150000095367432,189500
2021-11-09,7.159999847412109,7.170000076293945,6.909999847412109,7.070000171661377,7.070000171661377,205000
2021-11-10,7.039999961853027,7.070000171661377,6.75,6.769999980926514,6.769999980926514,156600
2021-11-11,6.829999923706055,6.829999923706055,6.380000114440918,6.659999847412109,6.659999847412109,193500
2021-11-12,6.619999885559082,6.849999904632568,6.559999942779541,6.840000152587891,6.840000152587891,129400
2021-11-15,6.840000152587891,6.840000152587891,6.519999980926514,6.559999942779541,6.559999942779541,122900
2021-11-16,6.599999904632568,6.829999923706055,6.420000076293945,6.440000057220459,6.440000057220459,90000
2021-11-17,6.420000076293945,6.5,6.21999979019165,6.420000076293945,6.420000076293945,111100
2021-11-18,6.400000095367432,6.489999771118164,6.199999809265137,6.300000190734863,6.300000190734863,166500
2021-11-19,6.260000228881836,6.550000190734863,6.039999961853027,6.449999809265137,6.449999809265137,782700
2021-11-22,6.480000019073486,6.539999961853027,6.144999980926514,6.210000038146973,6.210000038146973,522200
2021-11-23,6.170000076293945,6.329999923706055,5.949999809265137,6.230000019073486,6.230000019073486,305500
2021-11-24,6.21999979019165,6.380000114440918,6.079999923706055,6.239999771118164,6.239999771118164,444100
2021-11-26,6.119999885559082,6.199999809265137,5.800000190734863,5.989999771118164,5.989999771118164,413200
2021-11-29,6.050000190734863,6.119999885559082,5.659999847412109,5.75,5.75,411800
2021-11-30,5.71999979019165,5.760000228881836,5.389999866485596,5.389999866485596,5.389999866485596,4157000
2021-12-01,5.559999942779541,6.039999961853027,5.519999980926514,5.769999980926514,5.769999980926514,335700
2021-12-02,5.75,5.945000171661377,5.710000038146973,5.909999847412109,5.909999847412109,222700
2021-12-03,5.900000095367432,5.979000091552734,5.809999942779541,5.840000152587891,5.840000152587891,129400
2021-12-06,5.900000095367432,6.03000020980835,5.800000190734863,5.929999828338623,5.929999828338623,177700
2021-12-07,6.010000228881836,6.050000190734863,5.619999885559082,5.630000114440918,5.630000114440918,356500
2021-12-08,5.610000133514404,5.78000020980835,5.570000171661377,5.630000114440918,5.630000114440918,191800
2021-12-09,5.630000114440918,5.760000228881836,5.559999942779541,5.659999847412109,5.659999847412109,131800
2021-12-10,5.699999809265137,5.78000020980835,5.590000152587891,5.75,5.75,159300
2021-12-13,5.75,5.820000171661377,5.579999923706055,5.670000076293945,5.670000076293945,128400
2021-12-14,5.679999828338623,5.739999771118164,5.5,5.599999904632568,5.599999904632568,180300
2021-12-15,5.550000190734863,5.820000171661377,5.5,5.800000190734863,5.800000190734863,124100
2021-12-16,5.809999942779541,5.96999979019165,5.736999988555908,5.800000190734863,5.800000190734863,156100
2021-12-17,5.769999980926514,5.9079999923706055,5.71999979019165,5.840000152587891,5.840000152587891,142200
2021-12-20,5.820000171661377,5.820000171661377,5.550000190734863,5.659999847412109,5.659999847412109,75800
2021-12-21,5.670000076293945,5.889999866485596,5.659999847412109,5.840000152587891,5.840000152587891,69100
2021-12-22,5.789999961853027,6.010000228881836,5.789999961853027,5.929999828338623,5.929999828338623,66500
2021-12-23,5.889999866485596,6.300000190734863,5.866000175476074,6.260000228881836,6.260000228881836,193300
2021-12-27,6.329999923706055,6.449999809265137,6.139999866485596,6.420000076293945,6.420000076293945,150400
2021-12-28,6.389999866485596,6.519999980926514,6.369999885559082,6.389999866485596,6.389999866485596,84900
2021-12-29,6.360000133514404,6.480000019073486,6.28000020980835,6.389999866485596,6.389999866485596,75300
2021-12-30,6.440000057220459,6.75,6.431000232696533,6.659999847412109,6.659999847412109,193700
2021-12-31,6.630000114440918,6.730000019073486,6.53000020980835,6.539999961853027,6.539999961853027,174100
2022-01-03,6.590000152587891,6.690000057220459,6.460000038146973,6.619999885559082,6.619999885559082,125400
2022-01-04,6.610000133514404,6.860000133514404,6.610000133514404,6.730000019073486,6.730000019073486,455700
2022-01-05,6.699999809265137,6.900000095367432,6.559999942779541,6.610000133514404,6.610000133514404,125500
2022-01-06,6.619999885559082,6.630000114440918,6.400000095367432,6.440000057220459,6.440000057220459,153300
2022-01-07,6.389999866485596,6.639999866485596,6.320000171661377,6.519999980926514,6.519999980926514,96500
2022-01-10,6.539999961853027,6.539999961853027,6.329999923706055,6.380000114440918,6.380000114440918,43900
2022-01-11,6.35699987411499,6.53000020980835,6.320000171661377,6.510000228881836,6.510000228881836,67300
2022-01-12,6.510000228881836,6.650000095367432,6.454999923706055,6.550000190734863,6.550000190734863,52600
2022-01-13,6.510000228881836,6.789999961853027,6.489999771118164,6.619999885559082,6.619999885559082,84300
2022-01-14,6.599999904632568,6.630000114440918,6.480000019073486,6.550000190734863,6.550000190734863,48300
2022-01-18,6.460000038146973,6.53000020980835,6.360000133514404,6.360000133514404,6.360000133514404,51600
2022-01-19,6.369999885559082,6.420000076293945,6.210000038146973,6.230000019073486,6.230000019073486,61500
2022-01-20,6.21999979019165,6.275000095367432,5.960000038146973,5.960000038146973,5.960000038146973,102600
2022-01-21,5.900000095367432,6.068999767303467,5.800000190734863,5.860000133514404,5.860000133514404,82300
2022-01-24,5.630000114440918,5.820000171661377,5.510000228881836,5.789999961853027,5.789999961853027,99000
2022-01-25,5.679999828338623,5.89300012588501,5.599999904632568,5.789999961853027,5.789999961853027,112700
2022-01-26,5.78000020980835,5.929999828338623,5.46999979019165,5.519999980926514,5.519999980926514,152000
2022-01-27,5.550000190734863,5.670000076293945,5.420000076293945,5.429999828338623,5.429999828338623,234600
2022-01-28,5.420000076293945,5.579999923706055,5.260000228881836,5.539999961853027,5.539999961853027,139200
2022-01-31,5.579999923706055,5.789999961853027,5.520999908447266,5.789999961853027,5.789999961853027,91700
2022-02-01,5.840000152587891,5.849999904632568,5.670000076293945,5.739999771118164,5.739999771118164,107000
2022-02-02,5.809999942779541,5.840000152587891,5.710000038146973,5.75,5.75,51500
2022-02-03,5.75,5.78000020980835,5.599999904632568,5.679999828338623,5.679999828338623,77800
2022-02-04,5.619999885559082,5.679999828338623,5.53000020980835,5.639999866485596,5.639999866485596,66600
2022-02-07,5.64300012588501,5.800000190734863,5.630000114440918,5.769999980926514,5.769999980926514,66300
2022-02-08,5.769999980926514,5.840000152587891,5.710000038146973,5.809999942779541,5.809999942779541,135000
2022-02-09,5.900000095367432,5.960000038146973,5.86299991607666,5.900000095367432,5.900000095367432,83400
2022-02-10,5.940000057220459,6.440000057220459,5.920000076293945,6.28000020980835,6.28000020980835,180300
2022-02-11,6.28000020980835,6.443999767303467,6.159999847412109,6.210000038146973,6.210000038146973,129000
2022-02-14,6.210000038146973,6.269999980926514,6.099999904632568,6.159999847412109,6.159999847412109,142500
2022-02-15,6.289999961853027,6.440000057220459,6.159999847412109,6.329999923706055,6.329999923706055,156800
2022-02-16,6.329999923706055,6.460000038146973,6.329999923706055,6.400000095367432,6.400000095367432,61800
2022-02-17,6.380000114440918,6.449999809265137,6.269999980926514,6.349999904632568,6.349999904632568,161900
2022-02-18,6.389999866485596,6.389999866485596,6.21999979019165,6.289999961853027,6.289999961853027,125200
2022-02-22,6.199999809265137,6.255000114440918,5.920000076293945,5.989999771118164,5.989999771118164,116500
2022-02-23,5.99399995803833,6.03000020980835,5.849999904632568,5.880000114440918,5.880000114440918,203600
2022-02-24,5.75,5.900000095367432,5.659999847412109,5.820000171661377,5.820000171661377,125600
2022-02-25,5.920000076293945,5.96999979019165,5.822999954223633,5.869999885559082,5.869999885559082,115200
2022-02-28,5.78000020980835,5.960000038146973,5.78000020980835,5.920000076293945,5.920000076293945,87700
2022-03-01,5.860000133514404,5.940000057220459,5.718999862670898,5.900000095367432,5.900000095367432,145400
2022-03-02,5.96999979019165,6.059999942779541,5.889999866485596,6.019999980926514,6.019999980926514,54400
2022-03-03,6.070000171661377,6.090000152587891,5.909999847412109,6.010000228881836,6.010000228881836,60500
2022-03-04,5.989999771118164,6.03000020980835,5.829999923706055,5.96999979019165,5.96999979019165,117200
2022-03-07,5.909999847412109,6.0,5.820000171661377,5.860000133514404,5.860000133514404,126900
2022-03-08,5.860000133514404,5.989999771118164,5.820000171661377,5.889999866485596,5.889999866485596,120500
2022-03-09,5.960000038146973,6.420000076293945,5.960000038146973,6.329999923706055,6.329999923706055,91200
2022-03-10,6.21999979019165,6.340000152587891,6.119999885559082,6.130000114440918,6.130000114440918,55600
2022-03-11,6.190000057220459,6.300000190734863,5.960000038146973,6.170000076293945,6.170000076293945,226200
2022-03-14,6.21999979019165,6.269999980926514,6.050000190734863,6.210000038146973,6.210000038146973,159900
2022-03-15,6.239999771118164,6.400000095367432,6.179999828338623,6.320000171661377,6.320000171661377,65900
2022-03-16,6.320000171661377,6.46999979019165,6.230000019073486,6.380000114440918,6.380000114440918,108500
2022-03-17,6.380000114440918,6.489999771118164,6.309999942779541,6.46999979019165,6.46999979019165,62300
2022-03-18,6.449999809265137,6.539999961853027,6.434999942779541,6.53000020980835,6.53000020980835,97800
2022-03-21,6.5,6.5,6.239999771118164,6.25,6.25,71900
2022-03-22,6.25,6.449999809265137,6.25,6.300000190734863,6.300000190734863,57400
2022-03-23,6.309999942779541,6.309999942779541,6.150000095367432,6.199999809265137,6.199999809265137,107100
2022-03-24,6.150000095367432,6.269999980926514,6.099999904632568,6.139999866485596,6.139999866485596,162700
2022-03-25,6.099999904632568,6.25,6.099999904632568,6.179999828338623,6.179999828338623,93900
2022-03-28,6.139999866485596,6.179999828338623,6.045000076293945,6.119999885559082,6.119999885559082,64800
2022-03-29,6.190000057220459,6.340000152587891,6.125,6.260000228881836,6.260000228881836,80400
2022-03-30,6.179999828338623,6.309999942779541,6.105000019073486,6.170000076293945,6.170000076293945,68300
2022-03-31,6.119999885559082,6.224999904632568,6.059999942779541,6.110000133514404,6.110000133514404,83700
2022-04-01,6.110000133514404,6.239999771118164,6.110000133514404,6.239999771118164,6.239999771118164,51200
2022-04-04,6.179999828338623,6.269999980926514,6.050000190734863,6.239999771118164,6.239999771118164,165900
2022-04-05,6.260000228881836,6.369999885559082,6.119999885559082,6.159999847412109,6.159999847412109,236500
2022-04-06,6.159999847412109,6.159999847412109,5.945000171661377,6.139999866485596,6.139999866485596,201100
2022-04-07,6.03000020980835,6.150000095367432,5.965000152587891,6.070000171661377,6.070000171661377,204900
2022-04-08,6.03000020980835,6.110000133514404,5.960000038146973,5.96999979019165,5.96999979019165,192700
2022-04-11,5.989999771118164,6.010000228881836,5.909999847412109,5.960000038146973,5.960000038146973,103500
2022-04-12,6.001999855041504,6.059000015258789,5.869999885559082,5.900000095367432,5.900000095367432,231400
2022-04-13,5.949999809265137,6.11899995803833,5.880000114440918,6.110000133514404,6.110000133514404,227000
2022-04-14,6.139999866485596,6.175000190734863,5.960000038146973,5.980000019073486,5.980000019073486,179800
2022-04-18,5.940000057220459,5.960000038146973,5.78000020980835,5.809999942779541,5.809999942779541,216800
2022-04-19,5.820000171661377,6.110000133514404,5.739999771118164,6.059999942779541,6.059999942779541,145000
2022-04-20,6.119999885559082,6.159999847412109,5.949999809265137,6.039999961853027,6.039999961853027,170500
2022-04-21,6.119999885559082,6.119999885559082,5.960000038146973,5.989999771118164,5.989999771118164,160200
2022-04-22,6.0,6.039999961853027,5.909999847412109,5.960000038146973,5.960000038146973,126800
2022-04-25,5.800000190734863,5.920000076293945,5.550000190734863,5.900000095367432,5.900000095367432,203600
2022-04-26,5.829999923706055,5.929999828338623,5.829999923706055,5.920000076293945,5.920000076293945,75200
2022-04-27,5.949999809265137,5.96999979019165,5.789999961853027,5.849999904632568,5.849999904632568,88000
2022-04-28,5.881999969482422,5.980000019073486,5.800000190734863,5.949999809265137,5.949999809265137,51100
2022-04-29,5.849999904632568,6.050000190734863,5.849999904632568,5.849999904632568,5.849999904632568,107200
2022-05-02,5.849999904632568,5.909999847412109,5.730000019073486,5.900000095367432,5.900000095367432,117700
2022-05-03,5.829999923706055,5.920000076293945,5.78000020980835,5.860000133514404,5.860000133514404,74800
2022-05-04,6.019999980926514,6.019999980926514,5.739999771118164,5.920000076293945,5.920000076293945,128700
2022-05-05,5.900000095367432,5.929999828338623,5.630000114440918,5.789999961853027,5.789999961853027,131700
2022-05-06,5.730000019073486,5.889999866485596,5.550000190734863,5.639999866485596,5.639999866485596,102700
2022-05-09,5.599999904632568,5.699999809265137,5.449999809265137,5.519999980926514,5.519999980926514,206100
2022-05-10,5.570000171661377,5.579999923706055,5.28000020980835,5.380000114440918,5.380000114440918,151300
2022-05-11,5.400000095367432,5.510000228881836,5.179999828338623,5.199999809265137,5.199999809265137,111700
2022-05-12,5.199999809265137,5.300000190734863,5.090000152587891,5.300000190734863,5.300000190734863,147000
2022-05-13,5.239999771118164,5.420000076293945,5.150000095367432,5.190000057220459,5.190000057220459,122100
2022-05-16,5.130000114440918,5.25,5.059999942779541,5.139999866485596,5.139999866485596,198800
2022-05-17,5.150000095367432,5.210000038146973,5.019999980926514,5.070000171661377,5.070000171661377,401700
2022-05-18,5.079999923706055,5.119999885559082,4.929999828338623,4.989999771118164,4.989999771118164,362900
2022-05-19,5.050000190734863,5.079999923706055,4.840000152587891,4.949999809265137,4.949999809265137,281700
2022-05-20,4.929999828338623,4.960000038146973,4.670000076293945,4.840000152587891,4.840000152587891,187400
2022-05-23,4.880000114440918,4.960000038146973,4.829999923706055,4.849999904632568,4.849999904632568,163000
2022-05-24,4.849999904632568,4.860000133514404,4.690000057220459,4.75,4.75,180500
2022-05-25,4.75,4.915999889373779,4.739999771118164,4.869999885559082,4.869999885559082,118900
2022-05-26,4.920000076293945,5.209000110626221,4.920000076293945,5.03000020980835,5.03000020980835,101300
2022-05-27,5.03000020980835,5.079999923706055,4.940000057220459,4.989999771118164,4.989999771118164,73300
2022-05-31,5.010000228881836,5.010000228881836,4.840000152587891,4.860000133514404,4.860000133514404,567300
2022-06-01,4.849999904632568,4.929999828338623,4.739999771118164,4.849999904632568,4.849999904632568,88200
2022-06-02,4.840000152587891,4.889999866485596,4.78000020980835,4.849999904632568,4.849999904632568,56100
2022-06-03,4.840000152587891,4.840000152587891,4.730000019073486,4.789999961853027,4.789999961853027,92700
2022-06-06,4.789999961853027,4.880000114440918,4.71999979019165,4.860000133514404,4.860000133514404,254500
2022-06-07,4.800000190734863,4.909999847412109,4.760000228881836,4.78000020980835,4.78000020980835,70700
2022-06-08,4.800000190734863,4.829999923706055,4.670000076293945,4.800000190734863,4.800000190734863,159500
2022-06-09,4.78000020980835,4.880000114440918,4.71999979019165,4.78000020980835,4.78000020980835,121500
2022-06-10,4.710000038146973,4.71999979019165,4.610000133514404,4.639999866485596,4.639999866485596,155700
2022-06-13,4.599999904632568,4.599999904632568,4.21999979019165,4.25,4.25,134200
2022-06-14,4.300000190734863,4.309999942779541,4.050000190734863,4.070000171661377,4.070000171661377,150000
2022-06-15,4.099999904632568,4.170000076293945,4.019999980926514,4.070000171661377,4.070000171661377,73400
2022-06-16,4.0,4.0,3.809999942779541,3.859999895095825,3.859999895095825,124200
2022-06-17,3.8499999046325684,4.0,3.799999952316284,3.940000057220459,3.940000057220459,98200
2022-06-21,3.9800000190734863,4.079999923706055,3.890000104904175,3.9100000858306885,3.9100000858306885,132400
2022-06-22,3.8499999046325684,4.159999847412109,3.8399999141693115,4.010000228881836,4.010000228881836,111100
2022-06-23,4.039999961853027,4.039999961853027,3.9000000953674316,3.930000066757202,3.930000066757202,28000
2022-06-24,3.994999885559082,4.0,3.940000057220459,3.940000057220459,3.940000057220459,241100
2022-06-27,3.9700000286102295,3.9700000286102295,3.819999933242798,3.8499999046325684,3.8499999046325684,125900
2022-06-28,3.859999895095825,3.8949999809265137,3.759999990463257,3.8499999046325684,3.8499999046325684,287400
2022-06-29,3.859999895095825,3.990000009536743,3.809999942779541,3.9000000953674316,3.9000000953674316,48500
2022-06-30,3.859999895095825,3.990000009536743,3.7799999713897705,3.9100000858306885,3.9100000858306885,62000
2022-07-01,3.890000104904175,4.010000228881836,3.869999885559082,3.9800000190734863,3.9800000190734863,22500
2022-07-05,3.9200000762939453,3.9700000286102295,3.7799999713897705,3.940000057220459,3.940000057220459,109900
2022-07-06,3.9600000381469727,3.9600000381469727,3.859999895095825,3.940000057220459,3.940000057220459,271500
2022-07-07,3.9800000190734863,4.090000152587891,3.9600000381469727,4.090000152587891,4.090000152587891,57200
2022-07-08,4.113999843597412,4.113999843597412,4.019999980926514,4.03000020980835,4.03000020980835,33700
2022-07-11,3.990000009536743,4.110000133514404,3.8499999046325684,3.869999885559082,3.869999885559082,74200
2022-07-12,3.8399999141693115,3.9800000190734863,3.809999942779541,3.890000104904175,3.890000104904175,59800
2022-07-13,3.890000104904175,3.9200000762939453,3.809999942779541,3.880000114440918,3.880000114440918,32000
2022-07-14,3.8499999046325684,3.869999885559082,3.7699999809265137,3.809999942779541,3.809999942779541,43300
2022-07-15,3.869999885559082,3.869999885559082,3.809999942779541,3.869999885559082,3.869999885559082,22800
2022-07-18,3.869999885559082,3.869999885559082,3.7799999713897705,3.7899999618530273,3.7899999618530273,10700
2022-07-19,3.809999942779541,3.9700000286102295,3.809999942779541,3.9200000762939453,3.9200000762939453,45800
2022-07-20,3.930000066757202,4.079999923706055,3.930000066757202,4.039999961853027,4.039999961853027,36900
2022-07-21,4.03000020980835,4.039000034332275,3.9660000801086426,4.019999980926514,4.019999980926514,18900
2022-07-22,4.034999847412109,4.034999847412109,3.9600000381469727,3.9600000381469727,3.9600000381469727,18700
2022-07-25,3.9700000286102295,4.0,3.940000057220459,3.9600000381469727,3.9600000381469727,27300
2022-07-26,3.990000009536743,4.099999904632568,3.9210000038146973,4.03000020980835,4.03000020980835,42100
2022-07-27,4.079999923706055,4.239999771118164,4.045000076293945,4.199999809265137,4.199999809265137,23000
2022-07-28,4.210000038146973,4.559999942779541,4.199999809265137,4.5,4.5,65600
2022-07-29,4.5,4.5,4.21999979019165,4.21999979019165,4.21999979019165,24800
2022-08-01,4.190000057220459,4.190000057220459,4.010000228881836,4.019999980926514,4.019999980926514,25300
2022-08-02,4.050000190734863,4.050000190734863,3.9000000953674316,3.950000047683716,3.950000047683716,27900
2022-08-03,3.8499999046325684,4.111000061035156,3.7920000553131104,3.8299999237060547,3.8299999237060547,785100
2022-08-04,3.880000114440918,3.9700000286102295,3.809999942779541,3.880000114440918,3.880000114440918,147300
2022-08-05,3.8499999046325684,4.0,3.809999942779541,3.8499999046325684,3.8499999046325684,343800
2022-08-08,3.8299999237060547,3.940000057220459,3.8299999237060547,3.940000057220459,3.940000057220459,109200
2022-08-09,3.8350000381469727,4.2129998207092285,3.7899999618530273,3.809999942779541,3.809999942779541,52000
2022-08-10,3.9100000858306885,3.940000057220459,3.8499999046325684,3.890000104904175,3.890000104904175,240600
2022-08-11,3.950000047683716,4.050000190734863,3.9000000953674316,3.950000047683716,3.950000047683716,53300
2022-08-12,3.9700000286102295,4.059999942779541,3.882999897003174,4.03000020980835,4.03000020980835,274400
2022-08-15,4.039999961853027,4.039999961853027,3.950000047683716,3.9700000286102295,3.9700000286102295,146700
2022-08-16,3.9700000286102295,3.9800000190734863,3.9200000762939453,3.9700000286102295,3.9700000286102295,75000
2022-08-17,3.940000057220459,3.9800000190734863,3.9049999713897705,3.9200000762939453,3.9200000762939453,19800
2022-08-18,3.9000000953674316,3.930000066757202,3.8499999046325684,3.8499999046325684,3.8499999046325684,46900
2022-08-19,3.8499999046325684,3.880000114440918,3.75,3.799999952316284,3.799999952316284,167400
2022-08-22,3.75,3.809999942779541,3.6700000762939453,3.7100000381469727,3.7100000381469727,87500
2022-08-23,3.8299999237060547,3.8299999237060547,3.680000066757202,3.680000066757202,3.680000066757202,60600
2022-08-24,3.680000066757202,3.7200000286102295,3.680000066757202,3.690000057220459,3.690000057220459,87400
2022-08-25,3.744999885559082,3.75,3.700000047683716,3.7300000190734863,3.7300000190734863,157200
2022-08-26,3.753999948501587,3.753999948501587,3.630000114440918,3.6600000858306885,3.6600000858306885,54200
2022-08-29,3.6600000858306885,3.680000066757202,3.5799999237060547,3.619999885559082,3.619999885559082,66000
2022-08-30,3.640000104904175,3.6700000762939453,3.609999895095825,3.630000114440918,3.630000114440918,72500
2022-08-31,3.680000066757202,3.687999963760376,3.619999885559082,3.6500000953674316,3.6500000953674316,227600
2022-09-01,3.630000114440918,3.640000104904175,3.5199999809265137,3.559999942779541,3.559999942779541,215200
2022-09-02,3.559999942779541,3.559999942779541,3.490000009536743,3.5199999809265137,3.5199999809265137,145700
2022-09-06,3.5350000858306885,3.575000047683716,3.390000104904175,3.440000057220459,3.440000057220459,121600
2022-09-07,3.430000066757202,3.4549999237060547,3.4200000762939453,3.440000057220459,3.440000057220459,67700
2022-09-08,3.4200000762939453,3.4700000286102295,3.4000000953674316,3.440000057220459,3.440000057220459,91800
2022-09-09,3.4800000190734863,3.4800000190734863,3.4200000762939453,3.450000047683716,3.450000047683716,65800
2022-09-12,3.494999885559082,3.690000057220459,3.4839999675750732,3.5399999618530273,3.5399999618530273,159500
2022-09-13,3.490000009536743,3.515000104904175,3.390000104904175,3.4000000953674316,3.4000000953674316,126300
2022-09-14,3.390000104904175,3.4200000762939453,3.312999963760376,3.359999895095825,3.359999895095825,58400
2022-09-15,3.3989999294281006,3.4100000858306885,3.3299999237060547,3.3299999237060547,3.3299999237060547,75100
2022-09-16,3.319999933242798,3.319999933242798,3.259000062942505,3.299999952316284,3.299999952316284,49300
2022-09-19,3.2799999713897705,3.3299999237060547,3.259999990463257,3.2799999713897705,3.2799999713897705,18900
2022-09-20,3.2699999809265137,3.2950000762939453,3.190000057220459,3.200000047683716,3.200000047683716,175400
2022-09-21,3.200000047683716,3.2829999923706055,3.0299999713897705,3.0299999713897705,3.0299999713897705,262000
2022-09-22,3.049999952316284,3.109999895095825,2.881999969482422,2.9100000858306885,2.9100000858306885,217600
2022-09-23,2.859999895095825,2.859999895095825,2.752000093460083,2.7899999618530273,2.7899999618530273,115800
2022-09-26,2.809999942779541,2.809999942779541,2.5,2.5299999713897705,2.5299999713897705,129300
2022-09-27,2.5999999046325684,2.609999895095825,2.549999952316284,2.559999942779541,2.559999942779541,157100
2022-09-28,2.549999952316284,2.6989998817443848,2.5199999809265137,2.680000066757202,2.680000066757202,253300
2022-09-29,2.5329999923706055,2.619999885559082,2.509999990463257,2.5899999141693115,2.5899999141693115,112500
2022-09-30,2.609999895095825,2.6500000953674316,2.559999942779541,2.5999999046325684,2.5999999046325684,215900
2022-10-03,2.609999895095825,2.7100000381469727,2.609999895095825,2.619999885559082,2.619999885559082,71400
2022-10-04,2.6600000858306885,2.740000009536743,2.5829999446868896,2.7100000381469727,2.7100000381469727,215900
2022-10-05,2.690000057220459,2.75,2.609999895095825,2.640000104904175,2.640000104904175,40000
2022-10-06,2.609999895095825,2.700000047683716,2.490000009536743,2.5399999618530273,2.5399999618530273,236100
2022-10-07,2.5199999809265137,2.5850000381469727,2.5,2.569999933242798,2.569999933242798,152300
2022-10-10,2.5899999141693115,2.5899999141693115,2.450000047683716,2.450000047683716,2.450000047683716,203100
2022-10-11,2.4600000381469727,2.4700000286102295,2.380000114440918,2.450000047683716,2.450000047683716,131600
2022-10-12,2.490000009536743,2.490000009536743,2.369999885559082,2.369999885559082,2.369999885559082,177400
2022-10-13,2.369999885559082,2.369999885559082,2.299999952316284,2.3499999046325684,2.3499999046325684,148400
2022-10-14,2.359999895095825,2.359999895095825,2.240000009536743,2.259999990463257,2.259999990463257,110100
2022-10-17,2.3299999237060547,2.3299999237060547,2.2300000190734863,2.25,2.25,179100
2022-10-18,2.2699999809265137,2.309000015258789,2.2300000190734863,2.240000009536743,2.240000009536743,84600
2022-10-19,2.2300000190734863,2.359999895095825,2.140000104904175,2.3499999046325684,2.3499999046325684,325100
2022-10-20,2.3499999046325684,2.390000104904175,2.2850000858306885,2.319999933242798,2.319999933242798,79800
2022-10-21,2.3919999599456787,2.3919999599456787,2.2799999713897705,2.2899999618530273,2.2899999618530273,22000
2022-10-24,2.319999933242798,2.450000047683716,2.319999933242798,2.380000114440918,2.380000114440918,120700
2022-10-25,2.380000114440918,2.4600000381469727,2.380000114440918,2.440000057220459,2.440000057220459,97700
2022-10-26,2.4700000286102295,2.4700000286102295,2.390000104904175,2.4000000953674316,2.4000000953674316,82700
2022-10-27,2.390000104904175,2.4739999771118164,2.380000114440918,2.4100000858306885,2.4100000858306885,62700
2022-10-28,2.2899999618530273,2.509999990463257,2.2899999618530273,2.3499999046325684,2.3499999046325684,174100
2022-10-31,2.3499999046325684,2.4200000762939453,2.2300000190734863,2.2799999713897705,2.2799999713897705,143400
2022-11-01,2.2699999809265137,2.5799999237060547,2.240000009536743,2.5399999618530273,2.5399999618530273,130300
2022-11-02,2.509999990463257,2.640000104904175,2.4200000762939453,2.430000066757202,2.430000066757202,87400
2022-11-03,2.380000114440918,2.5,2.299999952316284,2.4000000953674316,2.4000000953674316,104300
2022-11-04,2.440000057220459,2.5799999237060547,2.3399999141693115,2.3499999046325684,2.3499999046325684,101300
2022-11-07,2.430000066757202,2.559999942779541,2.369999885559082,2.4600000381469727,2.4600000381469727,92100
2022-11-08,2.440000057220459,2.5,2.200000047683716,2.200000047683716,2.200000047683716,191400
2022-11-09,2.25,2.3499999046325684,2.0399999618530273,2.0399999618530273,2.0399999618530273,189000
2022-11-10,2.0899999141693115,2.309999942779541,2.0,2.0399999618530273,2.0399999618530273,200300
2022-11-11,2.049999952316284,2.180000066757202,2.009999990463257,2.119999885559082,2.119999885559082,201100
2022-11-14,2.140000104904175,2.259999990463257,2.069999933242798,2.109999895095825,2.109999895095825,1588700
2022-11-15,2.109999895095825,2.4600000381469727,2.0999999046325684,2.4600000381469727,2.4600000381469727,205900
2022-11-16,2.4200000762939453,2.4800000190734863,2.190000057220459,2.3499999046325684,2.3499999046325684,146400
2022-11-17,2.319999933242798,2.390000104904175,2.200000047683716,2.2300000190734863,2.2300000190734863,152000
2022-11-18,2.2300000190734863,2.359999895095825,2.1500000953674316,2.2100000381469727,2.2100000381469727,136300
2022-11-21,2.200000047683716,2.319999933242798,2.130000114440918,2.190000057220459,2.190000057220459,127200
2022-11-22,2.180000066757202,2.240000009536743,2.140000104904175,2.140000104904175,2.140000104904175,72800
2022-11-23,2.140000104904175,2.2100000381469727,2.0799999237060547,2.1600000858306885,2.1600000858306885,111700
2022-11-25,2.180000066757202,2.2100000381469727,2.130000114440918,2.140000104904175,2.140000104904175,35200
2022-11-28,2.130000114440918,2.4000000953674316,2.130000114440918,2.2899999618530273,2.2899999618530273,152900
2022-11-29,2.309999942779541,2.390000104904175,2.2699999809265137,2.2699999809265137,2.2699999809265137,128700
2022-11-30,2.240000009536743,2.319999933242798,2.119999885559082,2.1600000858306885,2.1600000858306885,1045300
2022-12-01,2.1700000762939453,2.450000047683716,2.1700000762939453,2.390000104904175,2.390000104904175,146200
2022-12-02,2.319999933242798,2.4700000286102295,2.319999933242798,2.430000066757202,2.430000066757202,57400
2022-12-05,2.440000057220459,2.5,2.2699999809265137,2.369999885559082,2.369999885559082,102600
2022-12-06,2.3399999141693115,2.4200000762939453,2.190000057220459,2.200000047683716,2.200000047683716,83300
2022-12-07,2.2100000381469727,2.2799999713897705,2.130000114440918,2.2100000381469727,2.2100000381469727,119500
2022-12-08,2.200000047683716,2.240000009536743,2.0,2.0799999237060547,2.0799999237060547,211000
2022-12-09,2.059999942779541,2.0999999046325684,2.0,2.069999933242798,2.069999933242798,94000
2022-12-12,2.0399999618530273,2.0799999237060547,2.0399999618530273,2.0399999618530273,2.0399999618530273,81200
2022-12-13,2.049999952316284,2.1700000762939453,2.0299999713897705,2.0399999618530273,2.0399999618530273,87200
2022-12-14,2.009999990463257,2.062999963760376,2.0,2.0299999713897705,2.0299999713897705,114400
2022-12-15,2.009999990463257,2.0899999141693115,1.9700000286102295,2.0899999141693115,2.0899999141693115,146800
2022-12-16,2.049999952316284,2.059999942779541,1.9900000095367432,2.049999952316284,2.049999952316284,126600
2022-12-19,2.059999942779541,2.0999999046325684,1.9900000095367432,2.0299999713897705,2.0299999713897705,189900
2022-12-20,2.0299999713897705,2.055000066757202,2.0,2.0199999809265137,2.0199999809265137,154600
2022-12-21,2.009999990463257,2.049999952316284,1.9800000190734863,2.009999990463257,2.009999990463257,65100
2022-12-22,1.9700000286102295,2.059999942779541,1.9700000286102295,2.049999952316284,2.049999952316284,331700
2022-12-23,2.009999990463257,2.1600000858306885,1.9900000095367432,2.0799999237060547,2.0799999237060547,405100
2022-12-27,2.119999885559082,2.134999990463257,1.9700000286102295,2.009999990463257,2.009999990463257,171600
2022-12-28,2.0,2.0,1.8799999952316284,1.9800000190734863,1.9800000190734863,457300
2022-12-29,1.9800000190734863,2.180000066757202,1.9600000381469727,2.1500000953674316,2.1500000953674316,302600
2022-12-30,2.1600000858306885,2.390000104904175,2.115000009536743,2.3299999237060547,2.3299999237060547,240100
2023-01-03,2.390000104904175,2.444999933242798,2.25,2.299999952316284,2.299999952316284,85700
2023-01-04,2.2699999809265137,2.309999942779541,2.2100000381469727,2.2200000286102295,2.2200000286102295,35300
2023-01-05,2.1700000762939453,2.200000047683716,2.059999942779541,2.1700000762939453,2.1700000762939453,30800
2023-01-06,2.180000066757202,2.2300000190734863,2.0,2.200000047683716,2.200000047683716,124300
2023-01-09,2.190000057220459,2.4700000286102295,2.190000057220459,2.309999942779541,2.309999942779541,62000
2023-01-10,2.2799999713897705,2.4000000953674316,2.2799999713897705,2.3499999046325684,2.3499999046325684,37500
2023-01-11,2.4000000953674316,2.494999885559082,2.380000114440918,2.4600000381469727,2.4600000381469727,99100
2023-01-12,2.4600000381469727,2.4679999351501465,2.2799999713897705,2.3399999141693115,2.3399999141693115,114600
2023-01-13,2.3499999046325684,2.5,2.309999942779541,2.4100000858306885,2.4100000858306885,68000
2023-01-17,2.450000047683716,2.490000009536743,2.2100000381469727,2.2100000381469727,2.2100000381469727,87900
2023-01-18,2.200000047683716,2.4700000286102295,2.200000047683716,2.259999990463257,2.259999990463257,126800
2023-01-19,2.25,2.440000057220459,2.25,2.4100000858306885,2.4100000858306885,102200
2023-01-20,2.450000047683716,2.865999937057495,2.450000047683716,2.75,2.75,335200
2023-01-23,2.75,3.069999933242798,2.75,2.7699999809265137,2.7699999809265137,400200
2023-01-24,2.8299999237060547,2.8299999237060547,2.609999895095825,2.630000114440918,2.630000114440918,102200
2023-01-25,2.5999999046325684,2.740000009536743,2.5899999141693115,2.6500000953674316,2.6500000953674316,30800
2023-01-26,2.680000066757202,2.7699999809265137,2.6600000858306885,2.7200000286102295,2.7200000286102295,47600
2023-01-27,2.700000047683716,2.700000047683716,2.609999895095825,2.640000104904175,2.640000104904175,23300
2023-01-30,2.630000114440918,2.6700000762939453,2.5,2.5899999141693115,2.5899999141693115,43100
2023-01-31,2.549999952316284,2.609999895095825,2.549999952316284,2.5799999237060547,2.5799999237060547,26800
2023-02-01,2.609999895095825,2.7200000286102295,2.5899999141693115,2.6700000762939453,2.6700000762939453,49000
2023-02-02,2.7300000190734863,2.7899999618530273,2.6700000762939453,2.700000047683716,2.700000047683716,105900
2023-02-03,2.7100000381469727,2.7100000381469727,2.5399999618530273,2.5899999141693115,2.5899999141693115,130300
2023-02-06,2.549999952316284,2.6019999980926514,2.4800000190734863,2.5,2.5,58400
2023-02-07,2.5199999809265137,2.61899995803833,2.489000082015991,2.5,2.5,94200
2023-02-08,2.5,2.549999952316284,2.450000047683716,2.490000009536743,2.490000009536743,97900
2023-02-09,2.5,2.680000066757202,2.450000047683716,2.4600000381469727,2.4600000381469727,87400
2023-02-10,2.440000057220459,2.509999990463257,2.4000000953674316,2.430000066757202,2.430000066757202,104100
2023-02-13,2.4000000953674316,2.450000047683716,2.380000114440918,2.4000000953674316,2.4000000953674316,118300
2023-02-14,2.4000000953674316,2.4000000953674316,2.3299999237060547,2.3399999141693115,2.3399999141693115,183200
2023-02-15,2.3299999237060547,2.369999885559082,2.240000009536743,2.319999933242798,2.319999933242798,89200
2023-02-16,2.319999933242798,2.3519999980926514,2.1600000858306885,2.190000057220459,2.190000057220459,186500
2023-02-17,2.1600000858306885,2.259999990463257,2.1600000858306885,2.2300000190734863,2.2300000190734863,52600
2023-02-21,2.25,2.2880001068115234,2.1600000858306885,2.2200000286102295,2.2200000286102295,35100
2023-02-22,2.2200000286102295,2.256999969482422,2.180000066757202,2.200000047683716,2.200000047683716,58500
2023-02-23,2.25,2.25,2.180000066757202,2.2200000286102295,2.2200000286102295,231700
2023-02-24,2.180000066757202,2.25,2.180000066757202,2.180000066757202,2.180000066757202,15200
2023-02-27,2.2200000286102295,2.2200000286102295,2.174999952316284,2.190000057220459,2.190000057220459,21700
2023-02-28,2.190000057220459,2.2200000286102295,2.1700000762939453,2.190000057220459,2.190000057220459,64200
2023-03-01,2.1600000858306885,2.2079999446868896,2.130000114440918,2.1500000953674316,2.1500000953674316,24300
2023-03-02,2.119999885559082,2.240000009536743,2.109999895095825,2.200000047683716,2.200000047683716,432900
2023-03-03,2.2300000190734863,2.299999952316284,2.180000066757202,2.2899999618530273,2.2899999618530273,30400
2023-03-06,2.299999952316284,2.5999999046325684,2.2899999618530273,2.430000066757202,2.430000066757202,91500
2023-03-07,2.4000000953674316,2.489000082015991,2.380000114440918,2.450000047683716,2.450000047683716,30800
2023-03-08,2.430000066757202,2.4760000705718994,2.25,2.2699999809265137,2.2699999809265137,73900
2023-03-09,2.259999990463257,2.3399999141693115,2.200000047683716,2.2300000190734863,2.2300000190734863,39100
2023-03-10,2.2100000381469727,2.247999906539917,2.130000114440918,2.1700000762939453,2.1700000762939453,59800
2023-03-13,2.190000057220459,2.190000057220459,2.0999999046325684,2.119999885559082,2.119999885559082,39000
2023-03-14,2.130000114440918,2.305000066757202,2.0899999141693115,2.25,2.25,116000
2023-03-15,2.190000057220459,2.240000009536743,2.1600000858306885,2.1700000762939453,2.1700000762939453,13800
2023-03-16,2.130000114440918,2.240000009536743,2.130000114440918,2.2200000286102295,2.2200000286102295,16800
2023-03-17,2.190000057220459,2.190000057220459,2.0999999046325684,2.0999999046325684,2.0999999046325684,18000
2023-03-20,2.0799999237060547,2.0999999046325684,2.049999952316284,2.049999952316284,2.049999952316284,59400
2023-03-21,2.049999952316284,2.119999885559082,2.049999952316284,2.069999933242798,2.069999933242798,27500
2023-03-22,2.049999952316284,2.0999999046325684,2.0299999713897705,2.0299999713897705,2.0299999713897705,39600
2023-03-23,2.049999952316284,2.25,2.049999952316284,2.130000114440918,2.130000114440918,169000
2023-03-24,2.0999999046325684,2.3299999237060547,2.0999999046325684,2.25,2.25,106600
2023-03-27,2.2300000190734863,2.4100000858306885,2.1700000762939453,2.2899999618530273,2.2899999618530273,69100
2023-03-28,2.25,2.3499999046325684,2.247999906539917,2.2899999618530273,2.2899999618530273,49400
2023-03-29,2.3399999141693115,2.3499999046325684,2.299999952316284,2.3399999141693115,2.3399999141693115,62500
2023-03-30,2.3499999046325684,2.3550000190734863,2.299999952316284,2.3299999237060547,2.3299999237060547,35200
2023-03-31,2.319999933242798,2.440000057220459,2.2799999713897705,2.359999895095825,2.359999895095825,104800
2023-04-03,2.359999895095825,2.4000000953674316,2.299999952316284,2.369999885559082,2.369999885559082,79500
2023-04-04,2.3499999046325684,2.374000072479248,2.2799999713897705,2.319999933242798,2.319999933242798,59900
2023-04-05,2.299999952316284,2.3499999046325684,2.2899999618530273,2.309999942779541,2.309999942779541,70300
2023-04-06,2.319999933242798,2.3299999237060547,2.25,2.299999952316284,2.299999952316284,63700
2023-04-10,2.2899999618530273,2.3299999237060547,2.259999990463257,2.299999952316284,2.299999952316284,29100
2023-04-11,2.299999952316284,2.3299999237060547,2.240000009536743,2.240000009536743,2.240000009536743,91100
2023-04-12,2.2799999713897705,2.2990000247955322,2.2200000286102295,2.259999990463257,2.259999990463257,42700
2023-04-13,2.2300000190734863,2.3450000286102295,2.2300000190734863,2.319999933242798,2.319999933242798,20400
2023-04-14,2.3499999046325684,2.3499999046325684,2.2950000762939453,2.319999933242798,2.319999933242798,23200
2023-04-17,2.309999942779541,2.309999942779541,2.259999990463257,2.2899999618530273,2.2899999618530273,19100
2023-04-18,2.2699999809265137,2.319999933242798,2.2699999809265137,2.2799999713897705,2.2799999713897705,214800
2023-04-19,2.25,2.299999952316284,2.25,2.2799999713897705,2.2799999713897705,6200
2023-04-20,2.2699999809265137,2.359999895095825,2.2699999809265137,2.299999952316284,2.299999952316284,107800
2023-04-21,2.4000000953674316,2.5299999713897705,2.309000015258789,2.450000047683716,2.450000047683716,112500
2023-04-24,2.440000057220459,2.440000057220459,2.3499999046325684,2.4100000858306885,2.4100000858306885,37100
2023-04-25,2.4000000953674316,2.440000057220459,2.2760000228881836,2.3499999046325684,2.3499999046325684,69200
2023-04-26,2.359999895095825,2.4800000190734863,2.3580000400543213,2.450000047683716,2.450000047683716,96500
2023-04-27,2.450000047683716,2.4600000381469727,2.369999885559082,2.450000047683716,2.450000047683716,44800
2023-04-28,2.440000057220459,2.5160000324249268,2.4000000953674316,2.450000047683716,2.450000047683716,51800
2023-05-01,2.4600000381469727,2.4700000286102295,2.4100000858306885,2.4200000762939453,2.4200000762939453,33900
2023-05-02,2.390000104904175,2.444999933242798,2.2300000190734863,2.3399999141693115,2.3399999141693115,47800
2023-05-03,2.3299999237060547,2.3499999046325684,2.25,2.309999942779541,2.309999942779541,99500
2023-05-04,2.2799999713897705,2.3499999046325684,2.200000047683716,2.259999990463257,2.259999990463257,161600
2023-05-05,2.2899999618530273,2.3499999046325684,2.2899999618530273,2.3299999237060547,2.3299999237060547,25400
2023-05-08,2.3299999237060547,2.4000000953674316,2.3299999237060547,2.369999885559082,2.369999885559082,42000
2023-05-09,2.3499999046325684,2.359999895095825,2.312000036239624,2.3299999237060547,2.3299999237060547,12600
2023-05-10,2.3499999046325684,2.3499999046325684,2.309999942779541,2.3299999237060547,2.3299999237060547,39900
2023-05-11,2.3499999046325684,2.3499999046325684,2.2100000381469727,2.2899999618530273,2.2899999618530273,83700
2023-05-12,2.2899999618530273,2.3299999237060547,2.240000009536743,2.3299999237060547,2.3299999237060547,42100
2023-05-15,2.3399999141693115,2.3499999046325684,2.240000009536743,2.25,2.25,74600
2023-05-16,2.25,2.322000026702881,2.2200000286102295,2.25,2.25,56800
2023-05-17,2.240000009536743,2.4000000953674316,2.240000009536743,2.369999885559082,2.369999885559082,95000
2023-05-18,2.359999895095825,2.6500000953674316,2.3499999046325684,2.5,2.5,141600
2023-05-19,2.5,2.5280001163482666,2.2799999713897705,2.2799999713897705,2.2799999713897705,48800
2023-05-22,2.2899999618530273,2.380000114440918,2.2899999618530273,2.3299999237060547,2.3299999237060547,8700
2023-05-23,2.3399999141693115,2.380000114440918,2.312999963760376,2.369999885559082,2.369999885559082,8100
2023-05-24,2.3499999046325684,2.430000066757202,2.3499999046325684,2.369999885559082,2.369999885559082,10700
2023-05-25,2.369999885559082,2.380000114440918,2.309999942779541,2.3299999237060547,2.3299999237060547,48700
2023-05-26,2.309999942779541,2.3550000190734863,2.306999921798706,2.309999942779541,2.309999942779541,15100
2023-05-30,2.309999942779541,2.359999895095825,2.2809998989105225,2.3399999141693115,2.3399999141693115,27000
2023-05-31,2.3399999141693115,2.3399999141693115,2.2699999809265137,2.3299999237060547,2.3299999237060547,24600
2023-06-01,2.319999933242798,2.380000114440918,2.319999933242798,2.359999895095825,2.359999895095825,17100
2023-06-02,2.4000000953674316,2.450000047683716,2.369999885559082,2.380000114440918,2.380000114440918,36200
2023-06-05,2.359999895095825,2.4189999103546143,2.190000057220459,2.25,2.25,41900
2023-06-06,2.259999990463257,2.372999906539917,2.259999990463257,2.3399999141693115,2.3399999141693115,18700
2023-06-07,2.369999885559082,2.4210000038146973,2.3299999237060547,2.4100000858306885,2.4100000858306885,7700
2023-06-08,2.430000066757202,2.490000009536743,2.369999885559082,2.390000104904175,2.390000104904175,56200
2023-06-09,2.369999885559082,2.450000047683716,2.369999885559082,2.450000047683716,2.450000047683716,17500
2023-06-12,2.450000047683716,2.450000047683716,2.4000000953674316,2.430000066757202,2.430000066757202,5800
2023-06-13,2.430000066757202,2.4809999465942383,2.359999895095825,2.4000000953674316,2.4000000953674316,47800
2023-06-14,2.4600000381469727,2.4600000381469727,2.390000104904175,2.4100000858306885,2.4100000858306885,40100
2023-06-15,2.4100000858306885,2.4800000190734863,2.3910000324249268,2.4700000286102295,2.4700000286102295,16300
2023-06-16,2.4800000190734863,2.5,2.259999990463257,2.2799999713897705,2.2799999713897705,46600
2023-06-20,2.2899999618530273,2.447999954223633,2.2899999618530273,2.440000057220459,2.440000057220459,56600
2023-06-21,2.450000047683716,2.5399999618530273,2.450000047683716,2.5299999713897705,2.5299999713897705,97300
2023-06-22,2.549999952316284,2.5899999141693115,2.493000030517578,2.569999933242798,2.569999933242798,24400
2023-06-23,2.5199999809265137,2.6700000762939453,2.4709999561309814,2.6700000762939453,2.6700000762939453,63900
2023-06-26,2.619999885559082,2.890000104904175,2.5799999237060547,2.799999952316284,2.799999952316284,71300
2023-06-27,2.809999942779541,2.9800000190734863,2.7899999618530273,2.9600000381469727,2.9600000381469727,72600
2023-06-28,2.9700000286102295,3.0,2.8550000190734863,2.869999885559082,2.869999885559082,40000
2023-06-29,2.8399999141693115,2.9000000953674316,2.819999933242798,2.8299999237060547,2.8299999237060547,31700
2023-06-30,2.880000114440918,2.9200000762939453,2.859999895095825,2.890000104904175,2.890000104904175,31000
2023-07-03,2.859999895095825,2.9000000953674316,2.859999895095825,2.880000114440918,2.880000114440918,10200
2023-07-05,2.8399999141693115,2.9100000858306885,2.809999942779541,2.809999942779541,2.809999942779541,40100
2023-07-06,2.7799999713897705,2.8399999141693115,2.740000009536743,2.759999990463257,2.759999990463257,32700
2023-07-07,2.759999990463257,2.890000104904175,2.759999990463257,2.8299999237060547,2.8299999237060547,17500
2023-07-10,2.859999895095825,2.940000057220459,2.7300000190734863,2.7899999618530273,2.7899999618530273,75600
2023-07-11,2.7899999618530273,2.940000057220459,2.759999990463257,2.799999952316284,2.799999952316284,41700
2023-07-12,2.8299999237060547,2.930000066757202,2.75,2.869999885559082,2.869999885559082,81800
2023-07-13,2.859999895095825,3.140000104904175,2.859999895095825,2.990000009536743,2.990000009536743,124800
2023-07-14,3.059999942779541,3.109999895095825,2.869999885559082,3.0,3.0,79200
2023-07-17,3.0199999809265137,3.0899999141693115,2.9200000762939453,3.0299999713897705,3.0299999713897705,57000
2023-07-18,3.009999990463257,3.309999942779541,3.009999990463257,3.200000047683716,3.200000047683716,81400
2023-07-19,3.259999990463257,3.309999942779541,3.119999885559082,3.180000066757202,3.180000066757202,96200
2023-07-20,3.180000066757202,3.25,3.049999952316284,3.130000114440918,3.130000114440918,64400
2023-07-21,3.299999952316284,3.740000009536743,3.25,3.5,3.5,361700
2023-07-24,3.509999990463257,3.7100000381469727,3.509999990463257,3.5399999618530273,3.5399999618530273,115800
2023-07-25,3.5199999809265137,3.630000114440918,3.4700000286102295,3.4800000190734863,3.4800000190734863,89400
2023-07-26,3.509999990463257,3.5899999141693115,3.390000104904175,3.5,3.5,32800
2023-07-27,3.4800000190734863,3.5399999618530273,3.359999895095825,3.4000000953674316,3.4000000953674316,51900
2023-07-28,3.4100000858306885,3.559999942779541,3.4100000858306885,3.5299999713897705,3.5299999713897705,53800
2023-07-31,3.5999999046325684,3.5999999046325684,3.430000066757202,3.450000047683716,3.450000047683716,87700
2023-08-01,3.450000047683716,3.5,3.390000104904175,3.4200000762939453,3.4200000762939453,64700
2023-08-02,3.390000104904175,3.430000066757202,3.1700000762939453,3.3299999237060547,3.3299999237060547,86800
2023-08-03,3.299999952316284,3.4100000858306885,3.2100000381469727,3.3399999141693115,3.3399999141693115,37200
2023-08-04,3.3299999237060547,3.450000047683716,3.309999942779541,3.309999942779541,3.309999942779541,33200
2023-08-07,3.319999933242798,3.440000057220459,3.299999952316284,3.390000104904175,3.390000104904175,45200
2023-08-08,3.4000000953674316,3.4600000381469727,3.3499999046325684,3.450000047683716,3.450000047683716,37500
2023-08-09,3.450000047683716,3.450000047683716,3.311000108718872,3.319999933242798,3.319999933242798,14600
2023-08-10,3.319999933242798,3.4000000953674316,3.2699999809265137,3.2899999618530273,3.2899999618530273,22500
2023-08-11,3.309999942779541,3.319999933242798,3.190000057220459,3.200000047683716,3.200000047683716,88200
2023-08-14,3.200000047683716,3.2799999713897705,3.1500000953674316,3.190000057220459,3.190000057220459,45200
2023-08-15,3.2100000381469727,3.25,3.0399999618530273,3.140000104904175,3.140000104904175,48900
2023-08-16,3.140000104904175,3.180000066757202,3.0799999237060547,3.109999895095825,3.109999895095825,44800
2023-08-17,3.119999885559082,3.119999885559082,2.9200000762939453,2.950000047683716,2.950000047683716,45600
2023-08-18,2.8399999141693115,2.990000009536743,2.819999933242798,2.9100000858306885,2.9100000858306885,115200
2023-08-21,2.9100000858306885,2.930000066757202,2.819999933242798,2.930000066757202,2.930000066757202,45200
2023-08-22,2.940000057220459,3.049999952316284,2.8350000381469727,3.0399999618530273,3.0399999618530273,84300
2023-08-23,3.059999942779541,3.059999942779541,2.9700000286102295,2.9700000286102295,2.9700000286102295,27300
2023-08-24,2.990000009536743,3.119999885559082,2.944999933242798,3.0,3.0,75300
2023-08-25,2.9800000190734863,3.0299999713897705,2.9560000896453857,2.990000009536743,2.990000009536743,20800
2023-08-28,2.990000009536743,3.0999999046325684,2.990000009536743,3.0799999237060547,3.0799999237060547,27800
2023-08-29,3.0999999046325684,3.180000066757202,3.049999952316284,3.109999895095825,3.109999895095825,92700
2023-08-30,3.0799999237060547,3.1600000858306885,3.0399999618530273,3.0399999618530273,3.0399999618530273,41100
2023-08-31,3.0899999141693115,3.0999999046325684,3.0199999809265137,3.049999952316284,3.049999952316284,32100
2023-09-01,3.059999942779541,3.0999999046325684,2.9700000286102295,3.0199999809265137,3.0199999809265137,70000
2023-09-05,2.9800000190734863,3.049999952316284,2.8989999294281006,2.9000000953674316,2.9000000953674316,23800
2023-09-06,2.930000066757202,3.049999952316284,2.927000045776367,3.0299999713897705,3.0299999713897705,96600
2023-09-07,3.059999942779541,3.0799999237060547,2.9800000190734863,3.059999942779541,3.059999942779541,82600
2023-09-08,3.059999942779541,3.1500000953674316,3.059999942779541,3.0899999141693115,3.0899999141693115,71700
2023-09-11,3.0999999046325684,3.180000066757202,3.0999999046325684,3.1500000953674316,3.1500000953674316,19400
2023-09-12,3.130000114440918,3.2699999809265137,3.130000114440918,3.2300000190734863,3.2300000190734863,84900
2023-09-13,3.2200000286102295,3.299999952316284,3.049999952316284,3.130000114440918,3.130000114440918,79600
2023-09-14,3.0999999046325684,3.2300000190734863,3.049999952316284,3.069999933242798,3.069999933242798,68100
2023-09-15,3.0999999046325684,3.2300000190734863,2.9700000286102295,3.0999999046325684,3.0999999046325684,92200
2023-09-18,3.0999999046325684,3.240000009536743,3.069999933242798,3.109999895095825,3.109999895095825,46800
2023-09-19,3.119999885559082,3.1500000953674316,2.9800000190734863,3.059999942779541,3.059999942779541,35200
2023-09-20,3.0299999713897705,3.109999895095825,2.990000009536743,3.0399999618530273,3.0399999618530273,78900
2023-09-21,3.0399999618530273,3.0799999237060547,2.9000000953674316,2.990000009536743,2.990000009536743,169800
2023-09-22,2.9600000381469727,3.109999895095825,2.880000114440918,2.940000057220459,2.940000057220459,95000
2023-09-25,2.940000057220459,3.0199999809265137,2.8499999046325684,2.890000104904175,2.890000104904175,99500
2023-09-26,2.880000114440918,2.9700000286102295,2.759999990463257,2.8399999141693115,2.8399999141693115,55700
2023-09-27,2.8499999046325684,2.9100000858306885,2.799999952316284,2.859999895095825,2.859999895095825,87700
2023-09-28,2.859999895095825,2.9600000381469727,2.859999895095825,2.9000000953674316,2.9000000953674316,34000
2023-09-29,2.940000057220459,3.0139999389648438,2.890000104904175,2.9700000286102295,2.9700000286102295,49400
2023-10-02,2.9700000286102295,2.9700000286102295,2.869999885559082,2.9200000762939453,2.9200000762939453,63300
2023-10-03,2.9000000953674316,2.9100000858306885,2.811000108718872,2.8299999237060547,2.8299999237060547,26700
2023-10-04,2.8499999046325684,2.8499999046325684,2.743000030517578,2.7899999618530273,2.7899999618530273,21600
2023-10-05,2.7200000286102295,2.7799999713897705,2.7009999752044678,2.759999990463257,2.759999990463257,30300
2023-10-06,2.75,2.819999933242798,2.5999999046325684,2.799999952316284,2.799999952316284,102000
2023-10-09,2.7699999809265137,2.8399999141693115,2.740000009536743,2.7799999713897705,2.7799999713897705,68600
2023-10-10,2.7899999618530273,2.8499999046325684,2.7209999561309814,2.7300000190734863,2.7300000190734863,45200
2023-10-11,2.75,2.809999942779541,2.7019999027252197,2.759999990463257,2.759999990463257,82700
2023-10-12,2.7300000190734863,2.75,2.5799999237060547,2.630000114440918,2.630000114440918,126200
2023-10-13,2.6500000953674316,2.7200000286102295,2.619999885559082,2.630000114440918,2.630000114440918,78900
2023-10-16,2.6600000858306885,2.6700000762939453,2.4600000381469727,2.549999952316284,2.549999952316284,333300
2023-10-17,2.5399999618530273,2.6500000953674316,2.5,2.559999942779541,2.559999942779541,176100
2023-10-18,2.509999990463257,2.634999990463257,2.509999990463257,2.5399999618530273,2.5399999618530273,92000
2023-10-19,2.5799999237060547,2.609999895095825,2.5399999618530273,2.549999952316284,2.549999952316284,158600
2023-10-20,2.7300000190734863,2.819999933242798,2.490000009536743,2.490000009536743,2.490000009536743,192400
2023-10-23,2.4800000190734863,2.5199999809265137,2.359999895095825,2.369999885559082,2.369999885559082,101700
2023-10-24,2.359999895095825,2.5299999713897705,2.3399999141693115,2.380000114440918,2.380000114440918,138800
2023-10-25,2.359999895095825,2.4000000953674316,2.2699999809265137,2.319999933242798,2.319999933242798,88000
2023-10-26,2.240000009536743,2.2980000972747803,2.200000047683716,2.2100000381469727,2.2100000381469727,169500
2023-10-27,2.2200000286102295,2.2200000286102295,2.1500000953674316,2.1500000953674316,2.1500000953674316,135500
2023-10-30,2.1600000858306885,2.2100000381469727,2.130000114440918,2.190000057220459,2.190000057220459,163400
2023-10-31,2.190000057220459,2.440000057220459,2.180000066757202,2.430000066757202,2.430000066757202,176900
2023-11-01,2.4000000953674316,2.4700000286102295,2.359999895095825,2.430000066757202,2.430000066757202,113700
2023-11-02,2.4800000190734863,2.5799999237060547,2.4800000190734863,2.569999933242798,2.569999933242798,52000
2023-11-03,2.5899999141693115,2.680000066757202,2.5439999103546143,2.630000114440918,2.630000114440918,362900
2023-11-06,2.5999999046325684,2.6500000953674316,2.559999942779541,2.569999933242798,2.569999933242798,34300
2023-11-07,2.549999952316284,2.5980000495910645,2.5299999713897705,2.549999952316284,2.549999952316284,60500
2023-11-08,2.559999942779541,2.569999933242798,2.5,2.5299999713897705,2.5299999713897705,46700
2023-11-09,2.5450000762939453,2.569999933242798,2.424999952316284,2.4800000190734863,2.4800000190734863,89400
2023-11-10,2.4800000190734863,2.5199999809265137,2.4600000381469727,2.490000009536743,2.490000009536743,86200
2023-11-13,2.4800000190734863,2.4800000190734863,2.3970000743865967,2.430000066757202,2.430000066757202,139800
2023-11-14,2.490000009536743,2.5999999046325684,2.48799991607666,2.569999933242798,2.569999933242798,126700
2023-11-15,2.5999999046325684,2.5999999046325684,2.5399999618530273,2.569999933242798,2.569999933242798,27500
2023-11-16,2.5999999046325684,2.5999999046325684,2.559999942779541,2.569999933242798,2.569999933242798,56900
2023-11-17,2.5799999237060547,2.5899999141693115,2.490000009536743,2.509999990463257,2.509999990463257,36100
2023-11-20,2.4800000190734863,2.4820001125335693,2.427999973297119,2.4600000381469727,2.4600000381469727,85800
2023-11-21,2.430000066757202,2.4800000190734863,2.380000114440918,2.4200000762939453,2.4200000762939453,87400
2023-11-22,2.430000066757202,2.5799999237060547,2.430000066757202,2.5799999237060547,2.5799999237060547,58800
2023-11-24,2.559999942779541,2.6600000858306885,2.549999952316284,2.6600000858306885,2.6600000858306885,45100
2023-11-27,2.640000104904175,2.680000066757202,2.490000009536743,2.5199999809265137,2.5199999809265137,167500
2023-11-28,2.5,2.700000047683716,2.5,2.6500000953674316,2.6500000953674316,47800
2023-11-29,2.7100000381469727,2.7100000381469727,2.5799999237060547,2.640000104904175,2.640000104904175,125400
2023-11-30,2.690000057220459,2.690000057220459,2.4700000286102295,2.549999952316284,2.549999952316284,90300
2023-12-01,2.5199999809265137,2.5929999351501465,2.5199999809265137,2.5399999618530273,2.5399999618530273,87200
2023-12-04,2.559999942779541,2.609999895095825,2.4700000286102295,2.5299999713897705,2.5299999713897705,183600
2023-12-05,2.5299999713897705,2.549999952316284,2.380000114440918,2.450000047683716,2.450000047683716,92700
2023-12-06,2.4600000381469727,2.6700000762939453,2.4100000858306885,2.640000104904175,2.640000104904175,709700
2023-12-07,2.640000104904175,2.640000104904175,2.5199999809265137,2.559999942779541,2.559999942779541,70800
2023-12-08,2.559999942779541,2.5799999237060547,2.4800000190734863,2.5,2.5,128600
2023-12-11,2.490000009536743,2.569999933242798,2.450000047683716,2.5199999809265137,2.5199999809265137,251700
2023-12-12,2.490000009536743,2.8299999237060547,2.490000009536743,2.7699999809265137,2.7699999809265137,320800
2023-12-13,2.799999952316284,2.8570001125335693,2.75,2.8399999141693115,2.8399999141693115,180200
2023-12-14,2.9000000953674316,3.009999990463257,2.8239998817443848,2.880000114440918,2.880000114440918,232200
2023-12-15,2.8299999237060547,2.880000114440918,2.569999933242798,2.700000047683716,2.700000047683716,149100
2023-12-18,2.7300000190734863,2.740000009536743,2.6500000953674316,2.7200000286102295,2.7200000286102295,79300
2023-12-19,2.700000047683716,2.859999895095825,2.6649999618530273,2.740000009536743,2.740000009536743,107800
2023-12-20,2.700000047683716,2.799999952316284,2.700000047683716,2.7799999713897705,2.7799999713897705,182000
2023-12-21,2.819999933242798,2.819999933242798,2.740000009536743,2.7799999713897705,2.7799999713897705,80900
2023-12-22,2.799999952316284,2.940000057220459,2.700000047683716,2.9100000858306885,2.9100000858306885,1635100
2023-12-26,2.940000057220459,3.2200000286102295,2.930000066757202,3.0899999141693115,3.0899999141693115,255500
2023-12-27,3.130000114440918,3.2300000190734863,3.0889999866485596,3.2200000286102295,3.2200000286102295,107400
2023-12-28,3.25,3.259999990463257,3.1500000953674316,3.190000057220459,3.190000057220459,99400
2023-12-29,3.200000047683716,3.200000047683716,3.0199999809265137,3.069999933242798,3.069999933242798,144700
2024-01-02,3.0399999618530273,3.200000047683716,3.0399999618530273,3.130000114440918,3.130000114440918,103500
2024-01-03,3.069999933242798,3.0789999961853027,2.990000009536743,3.0399999618530273,3.0399999618530273,85400
2024-01-04,3.049999952316284,3.0899999141693115,3.0299999713897705,3.059999942779541,3.059999942779541,38700
2024-01-05,3.049999952316284,3.059999942779541,3.005000114440918,3.0299999713897705,3.0299999713897705,30800
2024-01-08,3.009999990463257,3.059999942779541,2.9600000381469727,2.990000009536743,2.990000009536743,40100
2024-01-09,2.6500000953674316,2.859999895095825,2.5999999046325684,2.859999895095825,2.859999895095825,823300
2024-01-10,2.8399999141693115,2.859999895095825,2.799999952316284,2.8299999237060547,2.8299999237060547,31700
2024-01-11,2.819999933242798,2.819999933242798,2.7699999809265137,2.799999952316284,2.799999952316284,53300
2024-01-12,2.799999952316284,2.8499999046325684,2.7669999599456787,2.799999952316284,2.799999952316284,59600
2024-01-16,2.740000009536743,2.799999952316284,2.7269999980926514,2.7799999713897705,2.7799999713897705,109900
2024-01-17,2.759999990463257,2.950000047683716,2.740000009536743,2.930000066757202,2.930000066757202,290700
2024-01-18,2.9000000953674316,3.059999942779541,2.9000000953674316,2.9700000286102295,2.9700000286102295,127800
2024-01-19,3.299999952316284,3.4000000953674316,3.0299999713897705,3.069999933242798,3.069999933242798,321000
2024-01-22,3.069999933242798,3.2750000953674316,3.059999942779541,3.200000047683716,3.200000047683716,119300
2024-01-23,3.2100000381469727,3.259999990463257,3.171999931335449,3.240000009536743,3.240000009536743,79200
2024-01-24,3.299999952316284,3.4200000762939453,3.2699999809265137,3.390000104904175,3.390000104904175,226900
2024-01-25,3.4200000762939453,3.4200000762939453,3.319999933242798,3.4100000858306885,3.4100000858306885,53500
2024-01-26,3.4100000858306885,3.4200000762939453,3.3259999752044678,3.3499999046325684,3.3499999046325684,35800
2024-01-29,3.3399999141693115,3.559999942779541,3.325000047683716,3.490000009536743,3.490000009536743,117500
2024-01-30,3.5,3.569999933242798,3.4000000953674316,3.4200000762939453,3.4200000762939453,146100
2024-01-31,3.440000057220459,3.5399999618530273,3.390000104904175,3.490000009536743,3.490000009536743,131400
2024-02-01,3.5399999618530273,3.5799999237060547,3.4800000190734863,3.509999990463257,3.509999990463257,209000
2024-02-02,3.4749999046325684,3.5999999046325684,3.4200000762939453,3.569999933242798,3.569999933242798,76700
2024-02-05,3.5299999713897705,3.549999952316284,3.1500000953674316,3.2799999713897705,3.2799999713897705,153400
2024-02-06,3.2799999713897705,3.4000000953674316,3.2039999961853027,3.4000000953674316,3.4000000953674316,126100
2024-02-07,3.4000000953674316,3.5,3.359999895095825,3.4200000762939453,3.4200000762939453,178000
2024-02-08,3.390000104904175,3.5,3.3399999141693115,3.4700000286102295,3.4700000286102295,72700
2024-02-09,3.5,3.5,3.2200000286102295,3.25,3.25,78300
2024-02-12,3.2899999618530273,3.3499999046325684,3.1600000858306885,3.1600000858306885,3.1600000858306885,78200
2024-02-13,3.119999885559082,3.240000009536743,3.1080000400543213,3.180000066757202,3.180000066757202,60200
2024-02-14,3.1700000762939453,3.2200000286102295,3.140000104904175,3.180000066757202,3.180000066757202,56500
2024-02-15,3.2300000190734863,3.2799999713897705,3.1700000762939453,3.2699999809265137,3.2699999809265137,23700
2024-02-16,3.2699999809265137,3.299999952316284,3.180000066757202,3.180000066757202,3.180000066757202,71400
2024-02-20,3.180000066757202,3.2200000286102295,3.0999999046325684,3.0999999046325684,3.0999999046325684,23900
2024-02-21,3.0999999046325684,3.2100000381469727,3.0999999046325684,3.1600000858306885,3.1600000858306885,27700
2024-02-22,3.1600000858306885,3.2100000381469727,3.0799999237060547,3.130000114440918,3.130000114440918,34900
2024-02-23,3.140000104904175,3.190000057220459,3.059999942779541,3.0899999141693115,3.0899999141693115,55500
2024-02-26,3.0799999237060547,3.0999999046325684,3.0199999809265137,3.059999942779541,3.059999942779541,43900
2024-02-27,3.059999942779541,3.1050000190734863,3.0399999618530273,3.049999952316284,3.049999952316284,45300
2024-02-28,3.0399999618530273,3.0899999141693115,3.0199999809265137,3.049999952316284,3.049999952316284,57400
2024-02-29,3.119999885559082,3.2899999618530273,3.0999999046325684,3.2699999809265137,3.2699999809265137,64300
2024-03-01,3.240000009536743,3.2820000648498535,3.1549999713897705,3.180000066757202,3.180000066757202,24200
2024-03-04,3.1500000953674316,3.2799999713897705,3.130000114440918,3.1500000953674316,3.1500000953674316,97400
2024-03-05,3.1500000953674316,3.197999954223633,3.049999952316284,3.0899999141693115,3.0899999141693115,77800
2024-03-06,3.0899999141693115,3.190000057220459,3.059999942779541,3.0999999046325684,3.0999999046325684,47600
2024-03-07,3.1600000858306885,3.1619999408721924,3.0799999237060547,3.109999895095825,3.109999895095825,39600
2024-03-08,3.140000104904175,3.1600000858306885,3.0,3.0199999809265137,3.0199999809265137,103100
2024-03-11,3.0299999713897705,3.068000078201294,3.0199999809265137,3.0199999809265137,3.0199999809265137,57000
2024-03-12,3.0399999618530273,3.190000057220459,3.0399999618530273,3.180000066757202,3.180000066757202,31100
2024-03-13,3.1700000762939453,3.2100000381469727,3.1050000190734863,3.1700000762939453,3.1700000762939453,30900
2024-03-14,3.180000066757202,3.180000066757202,3.0799999237060547,3.140000104904175,3.140000104904175,26700
2024-03-15,3.119999885559082,3.1600000858306885,3.119999885559082,3.1500000953674316,3.1500000953674316,27600
2024-03-18,3.130000114440918,3.1689999103546143,3.069999933242798,3.109999895095825,3.109999895095825,86500
2024-03-19,3.140000104904175,3.1659998893737793,3.0799999237060547,3.109999895095825,3.109999895095825,56900
2024-03-20,3.119999885559082,3.1500000953674316,3.109999895095825,3.140000104904175,3.140000104904175,35100
2024-03-21,3.1519999504089355,3.180000066757202,3.109999895095825,3.1600000858306885,3.1600000858306885,124700
2024-03-22,3.200000047683716,3.200000047683716,3.0999999046325684,3.140000104904175,3.140000104904175,43400
2024-03-25,3.200000047683716,3.259999990463257,3.1449999809265137,3.2200000286102295,3.2200000286102295,47100
2024-03-26,3.2300000190734863,3.2300000190734863,3.0999999046325684,3.200000047683716,3.200000047683716,56400
2024-03-27,3.2170000076293945,3.2200000286102295,3.049999952316284,3.0899999141693115,3.0899999141693115,199700
2024-03-28,3.0899999141693115,3.2200000286102295,3.0899999141693115,3.130000114440918,3.130000114440918,98800
2024-04-01,3.140000104904175,3.1700000762939453,3.109999895095825,3.1600000858306885,3.1600000858306885,24400
2024-04-02,3.140000104904175,3.1700000762939453,3.0999999046325684,3.0999999046325684,3.0999999046325684,45300
2024-04-03,3.0899999141693115,3.140000104904175,3.0799999237060547,3.0799999237060547,3.0799999237060547,42300
2024-04-04,3.109999895095825,3.1700000762939453,3.0899999141693115,3.140000104904175,3.140000104904175,14600
2024-04-05,3.119999885559082,3.1500000953674316,3.0999999046325684,3.140000104904175,3.140000104904175,28200
2024-04-08,3.1480000019073486,3.2200000286102295,3.119999885559082,3.140000104904175,3.140000104904175,40100
2024-04-09,3.1700000762939453,3.1700000762939453,3.0799999237060547,3.0899999141693115,3.0899999141693115,44300
2024-04-10,3.049999952316284,3.180000066757202,3.049999952316284,3.0899999141693115,3.0899999141693115,117300
2024-04-11,3.119999885559082,3.140000104904175,3.0799999237060547,3.119999885559082,3.119999885559082,24900
2024-04-12,3.1070001125335693,3.2100000381469727,3.0899999141693115,3.1700000762939453,3.1700000762939453,39200
2024-04-15,3.200000047683716,3.200000047683716,3.069999933242798,3.0999999046325684,3.0999999046325684,37300
2024-04-16,3.0799999237060547,3.0799999237060547,3.0199999809265137,3.059999942779541,3.059999942779541,102300
2024-04-17,3.0799999237060547,3.115000009536743,3.049999952316284,3.0899999141693115,3.0899999141693115,21400
2024-04-18,3.109999895095825,3.130000114440918,3.061000108718872,3.0999999046325684,3.0999999046325684,50900
2024-04-19,3.049999952316284,3.1600000858306885,3.0399999618530273,3.0899999141693115,3.0899999141693115,117800
2024-04-22,3.130000114440918,3.130000114440918,2.9800000190734863,3.0,3.0,250400
2024-04-23,3.0,3.069999933242798,2.9749999046325684,3.0,3.0,247500
2024-04-24,2.9800000190734863,3.0199999809265137,2.9200000762939453,2.950000047683716,2.950000047683716,90400
2024-04-25,2.930000066757202,2.940000057220459,2.880000114440918,2.9200000762939453,2.9200000762939453,68700
2024-04-26,2.950000047683716,2.950000047683716,2.890000104904175,2.890000104904175,2.890000104904175,135200
2024-04-29,2.9100000858306885,2.930000066757202,2.890000104904175,2.930000066757202,2.930000066757202,60700
2024-04-30,2.9200000762939453,2.940000057220459,2.8299999237060547,2.8399999141693115,2.8399999141693115,75500
2024-05-01,2.869999885559082,3.01200008392334,2.869999885559082,2.9100000858306885,2.9100000858306885,158800
2024-05-02,2.940000057220459,3.0399999618530273,2.9159998893737793,3.0399999618530273,3.0399999618530273,77700
2024-05-03,3.0399999618530273,3.069999933242798,2.9700000286102295,2.990000009536743,2.990000009536743,39300
2024-05-06,2.9800000190734863,3.1500000953674316,2.9800000190734863,3.1500000953674316,3.1500000953674316,239000
2024-05-07,3.130000114440918,3.1500000953674316,3.1050000190734863,3.109999895095825,3.109999895095825,50900
2024-05-08,3.0799999237060547,3.140000104904175,3.0799999237060547,3.109999895095825,3.109999895095825,27800
2024-05-09,3.0999999046325684,3.119999885559082,3.002000093460083,3.059999942779541,3.059999942779541,74700
2024-05-10,3.0799999237060547,3.1600000858306885,3.049999952316284,3.0799999237060547,3.0799999237060547,21800
2024-05-13,3.0899999141693115,3.130000114440918,3.0899999141693115,3.0899999141693115,3.0899999141693115,23500
2024-05-14,3.130000114440918,3.25,3.119999885559082,3.2300000190734863,3.2300000190734863,106900
2024-05-15,3.25,3.25,3.190000057220459,3.240000009536743,3.240000009536743,40600
2024-05-16,3.240000009536743,3.240000009536743,3.1500000953674316,3.1700000762939453,3.1700000762939453,53700
2024-05-17,3.200000047683716,3.25,3.1600000858306885,3.180000066757202,3.180000066757202,49600
2024-05-20,3.1700000762939453,3.180000066757202,3.109999895095825,3.109999895095825,3.109999895095825,22200
2024-05-21,3.0799999237060547,3.2100000381469727,3.0799999237060547,3.180000066757202,3.180000066757202,100000
2024-05-22,3.200000047683716,3.309999942779541,3.1689999103546143,3.2300000190734863,3.2300000190734863,53800
2024-05-23,3.259999990463257,3.259999990463257,3.0999999046325684,3.0999999046325684,3.0999999046325684,52200
2024-05-24,3.1600000858306885,3.2300000190734863,3.130000114440918,3.1700000762939453,3.1700000762939453,39900
2024-05-28,3.2100000381469727,3.2300000190734863,3.1500000953674316,3.2100000381469727,3.2100000381469727,37100
2024-05-29,3.180000066757202,3.25,3.1700000762939453,3.240000009536743,3.240000009536743,81300
2024-05-30,3.240000009536743,3.3529999256134033,3.109999895095825,3.309999942779541,3.309999942779541,143700
2024-05-31,3.299999952316284,3.359999895095825,3.200000047683716,3.259999990463257,3.259999990463257,40700
2024-06-03,3.2699999809265137,3.319999933242798,3.2309999465942383,3.2899999618530273,3.2899999618530273,31700
2024-06-04,3.2799999713897705,3.319999933242798,3.0,3.109999895095825,3.109999895095825,112100
2024-06-05,3.119999885559082,3.2780001163482666,3.109999895095825,3.130000114440918,3.130000114440918,53100
2024-06-06,3.119999885559082,3.190000057220459,3.0390000343322754,3.069999933242798,3.069999933242798,93600
2024-06-07,3.0899999141693115,3.130000114440918,3.059999942779541,3.069999933242798,3.069999933242798,45900
2024-06-10,3.059999942779541,3.1700000762939453,3.059999942779541,3.109999895095825,3.109999895095825,16100
2024-06-11,3.0899999141693115,3.1600000858306885,3.059999942779541,3.059999942779541,3.059999942779541,36900
2024-06-12,3.119999885559082,3.190000057220459,3.0999999046325684,3.109999895095825,3.109999895095825,35400
2024-06-13,3.0999999046325684,3.1600000858306885,3.0899999141693115,3.0899999141693115,3.0899999141693115,20100
2024-06-14,3.0299999713897705,3.0799999237060547,3.009999990463257,3.0399999618530273,3.0399999618530273,74000
2024-06-17,3.0299999713897705,3.0899999141693115,2.990000009536743,3.049999952316284,3.049999952316284,38700
2024-06-18,3.049999952316284,3.069999933242798,3.0199999809265137,3.0399999618530273,3.0399999618530273,55800
2024-06-20,3.0399999618530273,3.049999952316284,3.0199999809265137,3.0399999618530273,3.0399999618530273,60600
2024-06-21,3.0299999713897705,3.0399999618530273,3.009999990463257,3.0299999713897705,3.0299999713897705,20300
2024-06-24,3.0399999618530273,3.0399999618530273,3.009999990463257,3.0199999809265137,3.0199999809265137,34900
2024-06-25,3.0199999809265137,3.0299999713897705,2.990000009536743,3.0,3.0,36300
2024-06-26,3.0,3.0199999809265137,2.950000047683716,2.9700000286102295,2.9700000286102295,56800
2024-06-27,2.9600000381469727,3.0299999713897705,2.930000066757202,2.9700000286102295,2.9700000286102295,37000
2024-06-28,2.9800000190734863,2.990000009536743,2.9200000762939453,2.930000066757202,2.930000066757202,80600
2024-07-01,2.940000057220459,2.950000047683716,2.9200000762939453,2.930000066757202,2.930000066757202,28900
2024-07-02,2.930000066757202,2.9800000190734863,2.930000066757202,2.9800000190734863,2.9800000190734863,23800
2024-07-03,2.9700000286102295,3.0,2.950000047683716,2.9600000381469727,2.9600000381469727,17100
2024-07-05,2.950000047683716,2.9800000190734863,2.950000047683716,2.9700000286102295,2.9700000286102295,40900
2024-07-08,2.9800000190734863,3.00600004196167,2.9700000286102295,2.9700000286102295,2.9700000286102295,12700
2024-07-09,2.9600000381469727,2.9800000190734863,2.9600000381469727,2.9700000286102295,2.9700000286102295,55000
2024-07-10,2.9700000286102295,2.9749999046325684,2.890000104904175,2.950000047683716,2.950000047683716,76000
2024-07-11,2.9800000190734863,2.994999885559082,2.9100000858306885,2.9800000190734863,2.9800000190734863,75500
2024-07-12,3.009999990463257,3.0250000953674316,2.9100000858306885,2.990000009536743,2.990000009536743,122500
2024-07-15,3.0199999809265137,3.0199999809265137,2.880000114440918,2.990000009536743,2.990000009536743,87800
2024-07-16,2.9700000286102295,3.005000114440918,2.940000057220459,2.9700000286102295,2.9700000286102295,77900
2024-07-17,2.990000009536743,3.0199999809265137,2.930000066757202,3.0,3.0,72000
2024-07-18,3.0,3.0399999618530273,3.0,3.009999990463257,3.009999990463257,197900
2024-07-19,3.0399999618530273,3.1600000858306885,3.0399999618530273,3.119999885559082,3.119999885559082,230400
2024-07-22,3.119999885559082,3.1579999923706055,3.0999999046325684,3.109999895095825,3.109999895095825,237200
2024-07-23,3.109999895095825,3.2699999809265137,3.109999895095825,3.25,3.25,117800
2024-07-24,3.259999990463257,3.259999990463257,3.200000047683716,3.200000047683716,3.200000047683716,145300
2024-07-25,3.200000047683716,3.240000009536743,3.184999942779541,3.2100000381469727,3.2100000381469727,92300
2024-07-26,3.240000009536743,3.369999885559082,3.2300000190734863,3.3499999046325684,3.3499999046325684,128500
2024-07-29,3.380000114440918,3.390000104904175,3.3399999141693115,3.3499999046325684,3.3499999046325684,118800
2024-07-30,3.3499999046325684,3.390000104904175,3.3299999237060547,3.3299999237060547,3.3299999237060547,77300
2024-07-31,3.380000114440918,3.380000114440918,3.3399999141693115,3.3499999046325684,3.3499999046325684,88200
2024-08-01,3.3499999046325684,3.368000030517578,3.259999990463257,3.259999990463257,3.259999990463257,151200
2024-08-02,3.190000057220459,3.2100000381469727,3.1500000953674316,3.1500000953674316,3.1500000953674316,82900
2024-08-05,3.109999895095825,3.1500000953674316,2.890000104904175,3.0199999809265137,3.0199999809265137,398800
2024-08-06,3.0299999713897705,3.049999952316284,2.9549999237060547,3.0199999809265137,3.0199999809265137,48700
2024-08-07,3.049999952316284,3.0899999141693115,2.9600000381469727,2.9600000381469727,2.9600000381469727,53900
2024-08-08,2.9700000286102295,3.0199999809265137,2.9600000381469727,2.9800000190734863,2.9800000190734863,40000
2024-08-09,3.0,3.0299999713897705,2.9800000190734863,2.9800000190734863,2.9800000190734863,33200
2024-08-12,2.9800000190734863,3.049999952316284,2.9700000286102295,2.9800000190734863,2.9800000190734863,72800
2024-08-13,2.990000009536743,3.0269999504089355,2.9700000286102295,2.9700000286102295,2.9700000286102295,18100
2024-08-14,3.0,3.009999990463257,2.9800000190734863,3.0,3.0,35600
2024-08-15,3.0199999809265137,3.0250000953674316,2.990000009536743,2.990000009536743,2.990000009536743,53200
2024-08-16,2.9800000190734863,3.0399999618530273,2.9800000190734863,3.0299999713897705,3.0299999713897705,45500
2024-08-19,3.009999990463257,3.0399999618530273,2.990000009536743,3.0,3.0,75700
2024-08-20,2.990000009536743,3.049999952316284,2.990000009536743,3.0,3.0,93100
2024-08-21,3.0,3.0399999618530273,2.9800000190734863,3.0199999809265137,3.0199999809265137,95900
2024-08-22,3.0399999618530273,3.1500000953674316,3.0299999713897705,3.0999999046325684,3.0999999046325684,59700
2024-08-23,3.0899999141693115,3.174999952316284,3.068000078201294,3.1600000858306885,3.1600000858306885,94000
2024-08-26,3.180000066757202,3.180000066757202,3.130000114440918,3.1500000953674316,3.1500000953674316,51800
2024-08-27,3.1500000953674316,3.1700000762939453,3.0850000381469727,3.140000104904175,3.140000104904175,46000
2024-08-28,3.119999885559082,3.1600000858306885,3.109999895095825,3.1500000953674316,3.1500000953674316,26200
2024-08-29,3.140000104904175,3.190000057220459,3.0999999046325684,3.190000057220459,3.190000057220459,159800
2024-08-30,3.200000047683716,3.3499999046325684,3.190000057220459,3.2899999618530273,3.2899999618530273,98600
2024-09-03,3.2799999713897705,3.299999952316284,3.180000066757202,3.2100000381469727,3.2100000381469727,29500
2024-09-04,3.190000057220459,3.3299999237060547,3.190000057220459,3.2899999618530273,3.2899999618530273,69000
2024-09-05,3.309999942779541,3.3299999237060547,3.259999990463257,3.2799999713897705,3.2799999713897705,50000
2024-09-06,3.2799999713897705,3.3299999237060547,3.25600004196167,3.2899999618530273,3.2899999618530273,41000
2024-09-09,3.2699999809265137,3.299999952316284,3.2300000190734863,3.240000009536743,3.240000009536743,60500
2024-09-10,3.25,3.305999994277954,3.25,3.2699999809265137,3.2699999809265137,63300
2024-09-11,3.240000009536743,3.2929999828338623,3.2300000190734863,3.240000009536743,3.240000009536743,17300
2024-09-12,3.2300000190734863,3.3299999237060547,3.2300000190734863,3.259999990463257,3.259999990463257,47900
2024-09-13,3.259999990463257,3.2899999618530273,3.2300000190734863,3.25,3.25,65200
2024-09-16,3.2799999713897705,3.4200000762939453,3.2799999713897705,3.390000104904175,3.390000104904175,308600
2024-09-17,3.430000066757202,3.450000047683716,3.3399999141693115,3.3399999141693115,3.3399999141693115,105000
2024-09-18,3.369999885559082,3.4149999618530273,3.3299999237060547,3.359999895095825,3.359999895095825,132500
2024-09-19,3.4000000953674316,3.430000066757202,3.319999933242798,3.4100000858306885,3.4100000858306885,322000
2024-09-20,3.390000104904175,3.4000000953674316,3.3499999046325684,3.369999885559082,3.369999885559082,65700
2024-09-23,3.359999895095825,3.4000000953674316,3.2899999618530273,3.319999933242798,3.319999933242798,107400
2024-09-24,3.3499999046325684,3.430000066757202,3.125,3.25,3.25,15769800
2024-09-25,3.2699999809265137,3.549999952316284,3.25,3.5199999809265137,3.5199999809265137,1401100
2024-09-26,3.559999942779541,3.630000114440918,3.51200008392334,3.569999933242798,3.569999933242798,402200
2024-09-27,3.630000114440918,4.150000095367432,3.6050000190734863,4.019999980926514,4.019999980926514,1194200
2024-09-30,4.059999942779541,4.320000171661377,3.990000009536743,4.150000095367432,4.150000095367432,476100
2024-10-01,4.099999904632568,4.199999809265137,4.019999980926514,4.079999923706055,4.079999923706055,387600
2024-10-02,4.050000190734863,4.389999866485596,4.050000190734863,4.289999961853027,4.289999961853027,444900
2024-10-03,4.210000038146973,4.329999923706055,4.199999809265137,4.28000020980835,4.28000020980835,921000
2024-10-04,4.289999961853027,4.360000133514404,4.190000057220459,4.239999771118164,4.239999771118164,137900
2024-10-07,4.260000228881836,4.360000133514404,4.239999771118164,4.239999771118164,4.239999771118164,185700
2024-10-08,4.239999771118164,4.300000190734863,4.079999923706055,4.099999904632568,4.099999904632568,195800
2024-10-09,4.050000190734863,4.139999866485596,4.019999980926514,4.090000152587891,4.090000152587891,246700
2024-10-10,4.090000152587891,4.139999866485596,3.950000047683716,4.010000228881836,4.010000228881836,226000
2024-10-11,3.9800000190734863,4.054999828338623,3.9700000286102295,4.010000228881836,4.010000228881836,164500
2024-10-14,4.019999980926514,4.060999870300293,3.9700000286102295,4.0,4.0,113200
2024-10-15,3.9700000286102295,4.03000020980835,3.940000057220459,4.019999980926514,4.019999980926514,212300
2024-10-16,4.050000190734863,4.230000019073486,4.014999866485596,4.230000019073486,4.230000019073486,212000
2024-10-17,4.210000038146973,4.349999904632568,4.130000114440918,4.199999809265137,4.199999809265137,316300
2024-10-18,4.130000114440918,4.25,4.059999942779541,4.090000152587891,4.090000152587891,326800
2024-10-21,4.059999942779541,4.090000152587891,3.9200000762939453,3.9700000286102295,3.9700000286102295,200300
2024-10-22,3.9700000286102295,4.0,3.9200000762939453,3.9200000762939453,3.9200000762939453,118600
2024-10-23,3.940000057220459,3.9700000286102295,3.819999933242798,3.9000000953674316,3.9000000953674316,209700
2024-10-24,3.890000104904175,3.9130001068115234,3.809999942779541,3.8399999141693115,3.8399999141693115,143400
2024-10-25,3.869999885559082,4.119999885559082,3.869999885559082,4.059999942779541,4.059999942779541,329900
2024-10-28,4.099999904632568,4.099999904632568,3.9000000953674316,3.9100000858306885,3.9100000858306885,166200
2024-10-29,3.9100000858306885,3.930000066757202,3.8499999046325684,3.9000000953674316,3.9000000953674316,202100
2024-10-30,3.930000066757202,4.0,3.9000000953674316,3.9000000953674316,3.9000000953674316,129700
2024-10-31,4.0,4.190000057220459,4.0,4.019999980926514,4.019999980926514,435300
2024-11-01,4.019999980926514,4.135000228881836,3.9800000190734863,4.050000190734863,4.050000190734863,216100
2024-11-04,4.050000190734863,4.125,4.045000076293945,4.070000171661377,4.070000171661377,125500
2024-11-05,4.050000190734863,4.119999885559082,4.050000190734863,4.079999923706055,4.079999923706055,171500
2024-11-06,4.090000152587891,4.090000152587891,3.819999933242798,3.890000104904175,3.890000104904175,283700
2024-11-07,3.930000066757202,4.079999923706055,3.930000066757202,4.0,4.0,191300
2024-11-08,4.010000228881836,4.020999908447266,3.8499999046325684,3.8499999046325684,3.8499999046325684,149400
2024-11-11,3.880000114440918,3.9070000648498535,3.759999990463257,3.7699999809265137,3.7699999809265137,220300
2024-11-12,3.759999990463257,3.815000057220459,3.7300000190734863,3.75,3.75,323000
2024-11-13,3.740000009536743,3.7799999713897705,3.700000047683716,3.75,3.75,179400
