Date,Open,High,Low,Close,Adj Close,Volume
2015-05-06,4.625067234039307,4.625067234039307,4.560213088989258,4.560213088989258,4.560213088989258,4395
2015-05-07,4.560213088989258,4.560213088989258,4.560213088989258,4.560213088989258,4.560213088989258,0
2015-05-08,5.119999885559082,5.119999885559082,4.573866844177246,4.573866844177246,4.573866844177246,7910
2015-05-11,4.573866844177246,4.573866844177246,4.573866844177246,4.573866844177246,4.573866844177246,0
2015-05-12,4.573866844177246,4.573866844177246,4.573866844177246,4.573866844177246,4.573866844177246,0
2015-05-13,4.573866844177246,4.573866844177246,4.573866844177246,4.573866844177246,4.573866844177246,0
2015-05-14,4.573866844177246,4.573866844177246,4.573866844177246,4.573866844177246,4.573866844177246,0
2015-05-15,4.949333190917969,4.949333190917969,4.949333190917969,4.949333190917969,4.949333190917969,1465
2015-05-18,4.949333190917969,4.949333190917969,4.949333190917969,4.949333190917969,4.949333190917969,1465
2015-05-19,4.949333190917969,4.949333190917969,4.949333190917969,4.949333190917969,4.949333190917969,0
2015-05-20,4.949333190917969,4.949333190917969,4.949333190917969,4.949333190917969,4.949333190917969,0
2015-05-21,4.949333190917969,4.949333190917969,4.949333190917969,4.949333190917969,4.949333190917969,0
2015-05-22,4.949333190917969,4.949333190917969,4.949333190917969,4.949333190917969,4.949333190917969,0
2015-05-26,4.949333190917969,4.949333190917969,4.949333190917969,4.949333190917969,4.949333190917969,0
2015-05-27,4.949333190917969,4.949333190917969,4.949333190917969,4.949333190917969,4.949333190917969,0
2015-05-28,4.949333190917969,4.949333190917969,4.949333190917969,4.949333190917969,4.949333190917969,0
2015-05-29,4.949333190917969,4.949333190917969,4.949333190917969,4.949333190917969,4.949333190917969,0
2015-06-01,4.949333190917969,4.949333190917969,4.949333190917969,4.949333190917969,4.949333190917969,0
2015-06-02,4.81279993057251,4.81279993057251,4.81279993057251,4.81279993057251,4.81279993057251,1758
2015-06-03,4.81279993057251,4.81279993057251,4.81279993057251,4.81279993057251,4.81279993057251,0
2015-06-04,4.81279993057251,4.81279993057251,4.81279993057251,4.81279993057251,4.81279993057251,0
2015-06-05,4.949333190917969,4.949333190917969,4.949333190917969,4.949333190917969,4.949333190917969,2930
2015-06-08,4.949333190917969,4.949333190917969,4.949333190917969,4.949333190917969,4.949333190917969,0
2015-06-09,4.949333190917969,4.949333190917969,4.949333190917969,4.949333190917969,4.949333190917969,0
2015-06-10,4.949333190917969,4.949333190917969,4.949333190917969,4.949333190917969,4.949333190917969,0
2015-06-11,4.949333190917969,4.949333190917969,4.949333190917969,4.949333190917969,4.949333190917969,0
2015-06-12,4.949333190917969,4.949333190917969,4.949333190917969,4.949333190917969,4.949333190917969,0
2015-06-15,4.949333190917969,4.949333190917969,4.949333190917969,4.949333190917969,4.949333190917969,0
2015-06-16,4.949333190917969,4.949333190917969,4.949333190917969,4.949333190917969,4.949333190917969,0
2015-06-17,4.983467102050781,4.983467102050781,4.983467102050781,4.983467102050781,4.983467102050781,586
2015-06-18,4.949333190917969,4.949333190917969,4.881066799163818,4.881066799163818,4.881066799163818,3516
2015-06-19,4.881066799163818,4.881066799163818,4.881066799163818,4.881066799163818,4.881066799163818,0
2015-06-22,4.952746868133545,4.952746868133545,4.952746868133545,4.952746868133545,4.952746868133545,293
2015-06-23,4.952746868133545,4.952746868133545,4.952746868133545,4.952746868133545,4.952746868133545,0
2015-06-24,4.949333190917969,5.000533103942871,4.949333190917969,5.000533103942871,5.000533103942871,4980
2015-06-25,5.119999885559082,5.205333232879639,5.119999885559082,5.205333232879639,5.205333232879639,586
2015-06-26,5.205333232879639,5.205333232879639,5.205333232879639,5.205333232879639,5.205333232879639,0
2015-06-29,5.119999885559082,5.119999885559082,5.119999885559082,5.119999885559082,5.119999885559082,3223
2015-06-30,5.119999885559082,5.119999885559082,5.119999885559082,5.119999885559082,5.119999885559082,0
2015-07-01,5.119999885559082,5.119999885559082,5.119999885559082,5.119999885559082,5.119999885559082,0
2015-07-02,5.119999885559082,5.119999885559082,5.119999885559082,5.119999885559082,5.119999885559082,0
2015-07-06,5.119999885559082,5.119999885559082,5.119999885559082,5.119999885559082,5.119999885559082,0
2015-07-07,5.137066841125488,5.137066841125488,5.137066841125488,5.137066841125488,5.137066841125488,586
2015-07-08,5.137066841125488,5.137066841125488,5.137066841125488,5.137066841125488,5.137066841125488,0
2015-07-09,5.137066841125488,5.137066841125488,5.137066841125488,5.137066841125488,5.137066841125488,0
2015-07-10,5.137066841125488,5.137066841125488,5.137066841125488,5.137066841125488,5.137066841125488,0
2015-07-13,5.137066841125488,5.137066841125488,5.137066841125488,5.137066841125488,5.137066841125488,1465
2015-07-14,5.137066841125488,5.137066841125488,5.137066841125488,5.137066841125488,5.137066841125488,0
2015-07-15,5.188267230987549,5.205333232879639,5.137066841125488,5.137066841125488,5.137066841125488,4687
2015-07-16,5.205333232879639,5.205333232879639,5.137066841125488,5.137066841125488,5.137066841125488,879
2015-07-17,5.137066841125488,5.137066841125488,5.137066841125488,5.137066841125488,5.137066841125488,0
2015-07-20,5.137066841125488,5.137066841125488,5.137066841125488,5.137066841125488,5.137066841125488,0
2015-07-21,5.137066841125488,5.205333232879639,5.137066841125488,5.205333232879639,5.205333232879639,2344
2015-07-22,5.205333232879639,5.205333232879639,5.205333232879639,5.205333232879639,5.205333232879639,0
2015-07-23,5.154132843017578,5.154132843017578,5.154132843017578,5.154132843017578,5.154132843017578,2051
2015-07-24,5.154132843017578,5.154132843017578,5.154132843017578,5.154132843017578,5.154132843017578,0
2015-07-27,5.137066841125488,5.154132843017578,5.137066841125488,5.154132843017578,5.154132843017578,8496
2015-07-28,5.188267230987549,5.188267230987549,5.188267230987549,5.188267230987549,5.188267230987549,293
2015-07-29,5.222400188446045,5.222400188446045,5.222400188446045,5.222400188446045,5.222400188446045,1465
2015-07-30,5.222400188446045,5.222400188446045,5.222400188446045,5.222400188446045,5.222400188446045,0
2015-07-31,5.222400188446045,5.222400188446045,5.222400188446045,5.222400188446045,5.222400188446045,0
2015-08-03,5.256533145904541,5.256533145904541,5.256533145904541,5.256533145904541,5.256533145904541,1465
2015-08-04,5.256533145904541,5.256533145904541,5.256533145904541,5.256533145904541,5.256533145904541,293
2015-08-05,5.256533145904541,5.256533145904541,5.256533145904541,5.256533145904541,5.256533145904541,0
2015-08-06,5.2906670570373535,5.2906670570373535,5.2906670570373535,5.2906670570373535,5.2906670570373535,1465
2015-08-07,5.2906670570373535,5.2906670570373535,5.2906670570373535,5.2906670570373535,5.2906670570373535,1465
2015-08-10,5.2906670570373535,5.2906670570373535,5.2906670570373535,5.2906670570373535,5.2906670570373535,0
2015-08-11,5.393066883087158,5.399892807006836,5.393066883087158,5.393066883087158,5.393066883087158,4687
2015-08-12,5.46133279800415,5.46133279800415,5.46133279800415,5.46133279800415,5.46133279800415,293
2015-08-13,5.802667140960693,6.144000053405762,5.802667140960693,5.97333288192749,5.97333288192749,4687
2015-08-14,6.144000053405762,6.178133010864258,6.144000053405762,6.178133010864258,6.178133010864258,8203
2015-08-17,6.178133010864258,6.178133010864258,6.178133010864258,6.178133010864258,6.178133010864258,0
2015-08-18,6.178133010864258,6.178133010864258,6.178133010864258,6.178133010864258,6.178133010864258,0
2015-08-19,6.178133010864258,6.178133010864258,6.178133010864258,6.178133010864258,6.178133010864258,0
2015-08-20,6.178133010864258,6.178133010864258,6.178133010864258,6.178133010864258,6.178133010864258,0
2015-08-21,6.178133010864258,6.178133010864258,6.178133010864258,6.178133010864258,6.178133010864258,0
2015-08-24,6.178133010864258,6.178133010864258,6.178133010864258,6.178133010864258,6.178133010864258,0
2015-08-25,6.178133010864258,6.178133010864258,6.178133010864258,6.178133010864258,6.178133010864258,0
2015-08-26,5.97333288192749,5.97333288192749,5.734399795532227,5.734399795532227,5.734399795532227,1465
2015-08-27,5.734399795532227,5.734399795532227,5.734399795532227,5.734399795532227,5.734399795532227,0
2015-08-28,5.734399795532227,5.734399795532227,5.734399795532227,5.734399795532227,5.734399795532227,0
2015-08-31,5.734399795532227,5.734399795532227,5.734399795532227,5.734399795532227,5.734399795532227,0
2015-09-01,5.97333288192749,5.97333288192749,5.71733283996582,5.71733283996582,5.71733283996582,879
2015-09-02,5.9562668800354,5.97333288192749,5.802667140960693,5.802667140960693,5.802667140960693,13477
2015-09-03,5.9562668800354,5.9562668800354,5.9562668800354,5.9562668800354,5.9562668800354,1465
2015-09-04,5.9562668800354,5.9562668800354,5.9562668800354,5.9562668800354,5.9562668800354,0
2015-09-08,5.9562668800354,5.9562668800354,5.9562668800354,5.9562668800354,5.9562668800354,0
2015-09-09,5.9562668800354,5.97333288192749,5.9562668800354,5.97333288192749,5.97333288192749,1465
2015-09-10,5.97333288192749,5.97333288192749,5.97333288192749,5.97333288192749,5.97333288192749,0
2015-09-11,5.97333288192749,5.97333288192749,5.97333288192749,5.97333288192749,5.97333288192749,0
2015-09-14,5.97333288192749,5.97333288192749,5.97333288192749,5.97333288192749,5.97333288192749,0
2015-09-15,5.9699201583862305,5.9699201583862305,5.9699201583862305,5.9699201583862305,5.9699201583862305,293
2015-09-16,5.9699201583862305,5.9699201583862305,5.9699201583862305,5.9699201583862305,5.9699201583862305,0
2015-09-17,5.9699201583862305,5.9699201583862305,5.9699201583862305,5.9699201583862305,5.9699201583862305,0
2015-09-18,5.9699201583862305,5.9699201583862305,5.9699201583862305,5.9699201583862305,5.9699201583862305,0
2015-09-21,5.9699201583862305,5.9699201583862305,5.9699201583862305,5.9699201583862305,5.9699201583862305,0
2015-09-22,5.97333288192749,5.976747035980225,5.97333288192749,5.97333288192749,5.97333288192749,3516
2015-09-23,5.97333288192749,5.97333288192749,5.97333288192749,5.97333288192749,5.97333288192749,0
2015-09-24,5.97333288192749,5.97333288192749,5.97333288192749,5.97333288192749,5.97333288192749,0
2015-09-25,5.97333288192749,5.97333288192749,5.97333288192749,5.97333288192749,5.97333288192749,0
2015-09-28,5.802667140960693,5.802667140960693,5.802667140960693,5.802667140960693,5.802667140960693,293
2015-09-29,5.768533229827881,5.768533229827881,5.724160194396973,5.724160194396973,5.724160194396973,4687
2015-09-30,5.724160194396973,5.724160194396973,5.724160194396973,5.724160194396973,5.724160194396973,0
2015-10-01,5.724160194396973,5.724160194396973,5.724160194396973,5.724160194396973,5.724160194396973,0
2015-10-02,5.724160194396973,5.724160194396973,5.724160194396973,5.724160194396973,5.724160194396973,0
2015-10-05,5.724160194396973,5.724160194396973,5.724160194396973,5.724160194396973,5.724160194396973,0
2015-10-06,5.724160194396973,5.724160194396973,5.724160194396973,5.724160194396973,5.724160194396973,0
2015-10-07,5.724160194396973,5.724160194396973,5.724160194396973,5.724160194396973,5.724160194396973,0
2015-10-08,5.768533229827881,5.802667140960693,5.768533229827881,5.802667140960693,5.802667140960693,1465
2015-10-09,5.802667140960693,5.802667140960693,5.802667140960693,5.802667140960693,5.802667140960693,0
2015-10-12,5.802667140960693,5.802667140960693,5.802667140960693,5.802667140960693,5.802667140960693,0
2015-10-13,5.751467227935791,5.751467227935791,5.7002668380737305,5.7002668380737305,5.7002668380737305,1758
2015-10-14,5.7002668380737305,5.7002668380737305,5.7002668380737305,5.7002668380737305,5.7002668380737305,0
2015-10-15,5.666132926940918,5.666132926940918,5.666132926940918,5.666132926940918,5.666132926940918,586
2015-10-16,5.666132926940918,5.666132926940918,5.666132926940918,5.666132926940918,5.666132926940918,0
2015-10-19,5.666132926940918,5.666132926940918,5.666132926940918,5.666132926940918,5.666132926940918,0
2015-10-20,5.666132926940918,5.666132926940918,5.666132926940918,5.666132926940918,5.666132926940918,0
2015-10-21,5.734399795532227,5.734399795532227,5.631999969482422,5.631999969482422,5.631999969482422,5859
2015-10-22,5.7002668380737305,5.7002668380737305,5.7002668380737305,5.7002668380737305,5.7002668380737305,293
2015-10-23,5.7002668380737305,5.7002668380737305,5.7002668380737305,5.7002668380737305,5.7002668380737305,293
2015-10-26,5.734399795532227,5.734399795532227,5.734399795532227,5.734399795532227,5.734399795532227,586
2015-10-27,5.734399795532227,5.734399795532227,5.734399795532227,5.734399795532227,5.734399795532227,2051
2015-10-28,5.734399795532227,5.734399795532227,5.7002668380737305,5.7002668380737305,5.7002668380737305,879
2015-10-29,5.7002668380737305,5.7002668380737305,5.7002668380737305,5.7002668380737305,5.7002668380737305,0
2015-10-30,5.7002668380737305,5.7002668380737305,5.7002668380737305,5.7002668380737305,5.7002668380737305,0
2015-11-02,5.7002668380737305,5.7002668380737305,5.7002668380737305,5.7002668380737305,5.7002668380737305,0
2015-11-03,5.802667140960693,5.802667140960693,5.802667140960693,5.802667140960693,5.802667140960693,586
2015-11-04,5.802667140960693,5.802667140960693,5.802667140960693,5.802667140960693,5.802667140960693,0
2015-11-05,5.802667140960693,5.802667140960693,5.802667140960693,5.802667140960693,5.802667140960693,0
2015-11-06,5.802667140960693,5.802667140960693,5.802667140960693,5.802667140960693,5.802667140960693,586
2015-11-09,5.802667140960693,5.802667140960693,5.802667140960693,5.802667140960693,5.802667140960693,0
2015-11-10,5.734399795532227,5.734399795532227,5.734399795532227,5.734399795532227,5.734399795532227,4395
2015-11-11,5.734399795532227,5.734399795532227,5.734399795532227,5.734399795532227,5.734399795532227,0
2015-11-12,5.734399795532227,5.734399795532227,5.734399795532227,5.734399795532227,5.734399795532227,0
2015-11-13,5.734399795532227,5.734399795532227,5.734399795532227,5.734399795532227,5.734399795532227,5859
2015-11-16,5.734399795532227,5.734399795532227,5.734399795532227,5.734399795532227,5.734399795532227,0
2015-11-17,5.802667140960693,5.802667140960693,5.802667140960693,5.802667140960693,5.802667140960693,70898
2015-11-18,5.802667140960693,5.802667140960693,5.802667140960693,5.802667140960693,5.802667140960693,0
2015-11-19,5.785600185394287,5.785600185394287,5.785600185394287,5.785600185394287,5.785600185394287,6445
2015-11-20,5.802667140960693,5.802667140960693,5.802667140960693,5.802667140960693,5.802667140960693,21973
2015-11-23,5.802667140960693,5.802667140960693,5.802667140960693,5.802667140960693,5.802667140960693,4395
2015-11-24,5.802667140960693,5.802667140960693,5.802667140960693,5.802667140960693,5.802667140960693,8789
2015-11-25,5.8368000984191895,5.8368000984191895,5.8368000984191895,5.8368000984191895,5.8368000984191895,586
2015-11-27,5.8368000984191895,5.8368000984191895,5.8368000984191895,5.8368000984191895,5.8368000984191895,0
2015-11-30,5.802667140960693,5.8368000984191895,5.802667140960693,5.8368000984191895,5.8368000984191895,2930
2015-12-01,5.8368000984191895,5.8368000984191895,5.8368000984191895,5.8368000984191895,5.8368000984191895,293
2015-12-02,5.8368000984191895,5.905066967010498,5.8368000984191895,5.905066967010498,5.905066967010498,12305
2015-12-03,5.905066967010498,5.905066967010498,5.905066967010498,5.905066967010498,5.905066967010498,0
2015-12-04,5.905066967010498,5.905066967010498,5.905066967010498,5.905066967010498,5.905066967010498,0
2015-12-07,5.905066967010498,5.905066967010498,5.905066967010498,5.905066967010498,5.905066967010498,0
2015-12-08,5.905066967010498,5.905066967010498,5.819733142852783,5.819733142852783,5.819733142852783,18750
2015-12-09,5.8709330558776855,5.8709330558776855,5.8709330558776855,5.8709330558776855,5.8709330558776855,14648
2015-12-10,5.8709330558776855,5.8709330558776855,5.8709330558776855,5.8709330558776855,5.8709330558776855,0
2015-12-11,5.8709330558776855,5.8709330558776855,5.8709330558776855,5.8709330558776855,5.8709330558776855,0
2015-12-14,5.8709330558776855,5.8709330558776855,5.8709330558776855,5.8709330558776855,5.8709330558776855,0
2015-12-15,5.888000011444092,5.888000011444092,5.888000011444092,5.888000011444092,5.888000011444092,1172
2015-12-16,5.922132968902588,5.922132968902588,5.8709330558776855,5.8709330558776855,5.8709330558776855,3223
2015-12-17,5.922132968902588,5.922132968902588,5.922132968902588,5.922132968902588,5.922132968902588,2637
2015-12-18,5.922132968902588,5.922132968902588,5.922132968902588,5.922132968902588,5.922132968902588,0
2015-12-21,5.905066967010498,5.905066967010498,5.905066967010498,5.905066967010498,5.905066967010498,1758
2015-12-22,5.905066967010498,5.905066967010498,5.905066967010498,5.905066967010498,5.905066967010498,0
2015-12-23,5.939199924468994,5.939199924468994,5.939199924468994,5.939199924468994,5.939199924468994,586
2015-12-24,5.905407905578613,5.905407905578613,5.905066967010498,5.905066967010498,5.905066967010498,7031
2015-12-28,5.905066967010498,5.905066967010498,5.905066967010498,5.905066967010498,5.905066967010498,0
2015-12-29,5.905066967010498,5.905066967010498,5.905066967010498,5.905066967010498,5.905066967010498,0
2015-12-30,5.905066967010498,5.905066967010498,5.888000011444092,5.888000011444092,5.888000011444092,2051
2015-12-31,5.888000011444092,5.888000011444092,5.888000011444092,5.888000011444092,5.888000011444092,0
2016-01-04,5.888000011444092,5.888000011444092,5.888000011444092,5.888000011444092,5.888000011444092,0
2016-01-05,5.888000011444092,5.888000011444092,5.888000011444092,5.888000011444092,5.888000011444092,0
2016-01-06,5.888000011444092,5.888000011444092,5.888000011444092,5.888000011444092,5.888000011444092,1758
2016-01-07,5.888000011444092,5.888000011444092,5.888000011444092,5.888000011444092,5.888000011444092,0
2016-01-08,5.888000011444092,5.922132968902588,5.8709330558776855,5.922132968902588,5.922132968902588,2051
2016-01-11,5.922132968902588,5.922132968902588,5.922132968902588,5.922132968902588,5.922132968902588,0
2016-01-12,5.888000011444092,5.888000011444092,5.87434720993042,5.87434720993042,5.87434720993042,4687
2016-01-13,5.840212821960449,5.853867053985596,5.840212821960449,5.853867053985596,5.853867053985596,28418
2016-01-14,5.853867053985596,5.853867053985596,5.853867053985596,5.853867053985596,5.853867053985596,0
2016-01-15,5.840212821960449,5.840212821960449,5.806079864501953,5.806079864501953,5.806079864501953,2051
2016-01-19,5.806079864501953,5.806079864501953,5.806079864501953,5.806079864501953,5.806079864501953,0
2016-01-20,5.789012908935547,5.789012908935547,5.720746994018555,5.720746994018555,5.720746994018555,2344
2016-01-21,5.720746994018555,5.720746994018555,5.720746994018555,5.720746994018555,5.720746994018555,1465
2016-01-22,5.789012908935547,5.789012908935547,5.771946907043457,5.771946907043457,5.771946907043457,1172
2016-01-25,5.789012908935547,5.789012908935547,5.789012908935547,5.789012908935547,5.789012908935547,586
2016-01-26,5.789012908935547,5.789012908935547,5.789012908935547,5.789012908935547,5.789012908935547,0
2016-01-27,5.789012908935547,5.789012908935547,5.789012908935547,5.789012908935547,5.789012908935547,293
2016-01-28,5.8709330558776855,5.8709330558776855,5.8709330558776855,5.8709330558776855,5.8709330558776855,2930
2016-01-29,5.8709330558776855,5.8709330558776855,5.8709330558776855,5.8709330558776855,5.8709330558776855,0
2016-02-01,5.8709330558776855,5.8709330558776855,5.8709330558776855,5.8709330558776855,5.8709330558776855,0
2016-02-02,5.8709330558776855,5.8709330558776855,5.8709330558776855,5.8709330558776855,5.8709330558776855,0
2016-02-03,5.8709330558776855,5.8709330558776855,5.8709330558776855,5.8709330558776855,5.8709330558776855,0
2016-02-04,5.8709330558776855,5.8709330558776855,5.8709330558776855,5.8709330558776855,5.8709330558776855,0
2016-02-05,5.806079864501953,5.806079864501953,5.802667140960693,5.802667140960693,5.802667140960693,6445
2016-02-08,5.802667140960693,5.802667140960693,5.802667140960693,5.802667140960693,5.802667140960693,1465
2016-02-09,5.802667140960693,5.802667140960693,5.802667140960693,5.802667140960693,5.802667140960693,0
2016-02-10,5.802667140960693,5.802667140960693,5.802667140960693,5.802667140960693,5.802667140960693,4687
2016-02-11,5.802667140960693,5.802667140960693,5.802667140960693,5.802667140960693,5.802667140960693,3809
2016-02-12,5.802667140960693,5.802667140960693,5.802667140960693,5.802667140960693,5.802667140960693,1465
2016-02-16,5.802667140960693,5.802667140960693,5.802667140960693,5.802667140960693,5.802667140960693,0
2016-02-17,5.802667140960693,5.802667140960693,5.802667140960693,5.802667140960693,5.802667140960693,1465
2016-02-18,5.802667140960693,5.802667140960693,5.802667140960693,5.802667140960693,5.802667140960693,0
2016-02-19,5.802667140960693,5.802667140960693,5.802667140960693,5.802667140960693,5.802667140960693,1465
2016-02-22,5.802667140960693,5.802667140960693,5.802667140960693,5.802667140960693,5.802667140960693,879
2016-02-23,5.802667140960693,5.802667140960693,5.802667140960693,5.802667140960693,5.802667140960693,1172
2016-02-24,5.802667140960693,5.802667140960693,5.802667140960693,5.802667140960693,5.802667140960693,1465
2016-02-25,5.802667140960693,5.802667140960693,5.802667140960693,5.802667140960693,5.802667140960693,0
2016-02-26,5.802667140960693,5.802667140960693,5.802667140960693,5.802667140960693,5.802667140960693,0
2016-02-29,5.802667140960693,5.802667140960693,5.802667140960693,5.802667140960693,5.802667140960693,2930
2016-03-01,5.802667140960693,5.802667140960693,5.802667140960693,5.802667140960693,5.802667140960693,879
2016-03-02,5.802667140960693,5.802667140960693,5.802667140960693,5.802667140960693,5.802667140960693,0
2016-03-03,5.802667140960693,5.802667140960693,5.802667140960693,5.802667140960693,5.802667140960693,0
2016-03-04,5.802667140960693,5.802667140960693,5.802667140960693,5.802667140960693,5.802667140960693,0
2016-03-07,5.802667140960693,5.802667140960693,5.802667140960693,5.802667140960693,5.802667140960693,0
2016-03-08,5.888000011444092,5.888000011444092,5.888000011444092,5.888000011444092,5.888000011444092,586
2016-03-09,5.888000011444092,5.888000011444092,5.888000011444092,5.888000011444092,5.888000011444092,0
2016-03-10,5.802667140960693,5.802667140960693,5.802667140960693,5.802667140960693,5.802667140960693,1465
2016-03-11,5.8709330558776855,5.8709330558776855,5.8709330558776855,5.8709330558776855,5.8709330558776855,2637
2016-03-14,5.8709330558776855,5.8709330558776855,5.8709330558776855,5.8709330558776855,5.8709330558776855,0
2016-03-15,5.819733142852783,5.819733142852783,5.819733142852783,5.819733142852783,5.819733142852783,1465
2016-03-16,5.819733142852783,5.819733142852783,5.819733142852783,5.819733142852783,5.819733142852783,0
2016-03-17,5.819733142852783,5.819733142852783,5.819733142852783,5.819733142852783,5.819733142852783,1465
2016-03-18,5.819733142852783,5.819733142852783,5.819733142852783,5.819733142852783,5.819733142852783,586
2016-03-21,5.819733142852783,5.819733142852783,5.819733142852783,5.819733142852783,5.819733142852783,0
2016-03-22,5.819733142852783,5.819733142852783,5.819733142852783,5.819733142852783,5.819733142852783,1465
2016-03-23,5.8709330558776855,5.8709330558776855,5.819733142852783,5.819733142852783,5.819733142852783,1172
2016-03-24,5.819733142852783,5.819733142852783,5.819733142852783,5.819733142852783,5.819733142852783,0
2016-03-28,5.853867053985596,5.853867053985596,5.819733142852783,5.819733142852783,5.819733142852783,586
2016-03-29,5.853867053985596,5.853867053985596,5.853867053985596,5.853867053985596,5.853867053985596,293
2016-03-30,5.8709330558776855,5.8709330558776855,5.8709330558776855,5.8709330558776855,5.8709330558776855,1172
2016-03-31,5.8709330558776855,5.8709330558776855,5.8709330558776855,5.8709330558776855,5.8709330558776855,0
2016-04-01,5.905066967010498,5.939199924468994,5.905066967010498,5.939199924468994,5.939199924468994,1465
2016-04-04,5.939199924468994,5.939199924468994,5.939199924468994,5.939199924468994,5.939199924468994,0
2016-04-05,5.939199924468994,5.939199924468994,5.939199924468994,5.939199924468994,5.939199924468994,0
2016-04-06,5.939199924468994,6.041600227355957,5.939199924468994,6.041600227355957,6.041600227355957,1465
2016-04-07,6.041600227355957,6.041600227355957,6.041600227355957,6.041600227355957,6.041600227355957,0
2016-04-08,5.888000011444092,5.888000011444092,5.888000011444092,5.888000011444092,5.888000011444092,1758
2016-04-11,5.8709330558776855,5.8709330558776855,5.8709330558776855,5.8709330558776855,5.8709330558776855,879
2016-04-12,5.888000011444092,5.888000011444092,5.888000011444092,5.888000011444092,5.888000011444092,10254
2016-04-13,6.041600227355957,6.109867095947266,5.97333288192749,5.97333288192749,5.97333288192749,4980
2016-04-14,5.97333288192749,5.97333288192749,5.97333288192749,5.97333288192749,5.97333288192749,0
2016-04-15,5.97333288192749,5.97333288192749,5.97333288192749,5.97333288192749,5.97333288192749,0
2016-04-18,6.144000053405762,6.21226692199707,6.144000053405762,6.21226692199707,6.21226692199707,1758
2016-04-19,6.092800140380859,6.092800140380859,6.092800140380859,6.092800140380859,6.092800140380859,293
2016-04-20,6.21226692199707,6.21226692199707,6.144000053405762,6.144000053405762,6.144000053405762,586
2016-04-21,6.2805328369140625,6.2805328369140625,6.2805328369140625,6.2805328369140625,6.2805328369140625,293
2016-04-22,6.2805328369140625,6.2805328369140625,6.2805328369140625,6.2805328369140625,6.2805328369140625,0
2016-04-25,6.2805328369140625,6.2805328369140625,6.2805328369140625,6.2805328369140625,6.2805328369140625,0
2016-04-26,6.2805328369140625,6.2805328369140625,6.2805328369140625,6.2805328369140625,6.2805328369140625,0
2016-04-27,6.297599792480469,6.297599792480469,6.297599792480469,6.297599792480469,6.297599792480469,586
2016-04-28,6.150826930999756,6.314667224884033,6.150826930999756,6.314667224884033,6.314667224884033,2344
2016-04-29,6.157652854919434,6.161067008972168,6.157652854919434,6.161067008972168,6.161067008972168,1758
2016-05-02,6.161067008972168,6.161067008972168,6.157652854919434,6.157652854919434,6.157652854919434,2930
2016-05-03,6.157652854919434,6.157652854919434,6.157652854919434,6.157652854919434,6.157652854919434,0
2016-05-04,6.157652854919434,6.157652854919434,6.157652854919434,6.157652854919434,6.157652854919434,0
2016-05-05,6.157652854919434,6.157652854919434,6.157652854919434,6.157652854919434,6.157652854919434,1758
2016-05-06,6.157652854919434,6.157652854919434,6.157652854919434,6.157652854919434,6.157652854919434,0
2016-05-09,6.157652854919434,6.157652854919434,6.157652854919434,6.157652854919434,6.157652854919434,586
2016-05-10,6.157652854919434,6.157652854919434,6.157652854919434,6.157652854919434,6.157652854919434,293
2016-05-11,6.21226692199707,6.22933292388916,6.21226692199707,6.22933292388916,6.22933292388916,1465
2016-05-12,6.22933292388916,6.22933292388916,6.22933292388916,6.22933292388916,6.22933292388916,0
2016-05-13,6.22933292388916,6.22933292388916,6.22933292388916,6.22933292388916,6.22933292388916,586
2016-05-16,6.22933292388916,6.22933292388916,6.22933292388916,6.22933292388916,6.22933292388916,2344
2016-05-17,6.144000053405762,6.144000053405762,6.144000053405762,6.144000053405762,6.144000053405762,2051
2016-05-18,6.144000053405762,6.144000053405762,6.144000053405762,6.144000053405762,6.144000053405762,0
2016-05-19,6.144000053405762,6.144000053405762,6.144000053405762,6.144000053405762,6.144000053405762,0
2016-05-20,6.144000053405762,6.144000053405762,6.144000053405762,6.144000053405762,6.144000053405762,0
2016-05-23,6.144000053405762,6.144000053405762,6.144000053405762,6.144000053405762,6.144000053405762,0
2016-05-24,6.144000053405762,6.144000053405762,6.144000053405762,6.144000053405762,6.144000053405762,586
2016-05-25,6.144000053405762,6.144000053405762,6.144000053405762,6.144000053405762,6.144000053405762,0
2016-05-26,6.144000053405762,6.144000053405762,6.144000053405762,6.144000053405762,6.144000053405762,0
2016-05-27,6.144000053405762,6.144000053405762,6.116693019866943,6.116693019866943,6.116693019866943,2344
2016-05-31,6.116693019866943,6.116693019866943,6.116693019866943,6.116693019866943,6.116693019866943,0
2016-06-01,6.137173175811768,6.137173175811768,6.137173175811768,6.137173175811768,6.137173175811768,586
2016-06-02,6.137173175811768,6.137173175811768,6.137173175811768,6.137173175811768,6.137173175811768,879
2016-06-03,6.137173175811768,6.137173175811768,6.137173175811768,6.137173175811768,6.137173175811768,0
2016-06-06,6.137173175811768,6.137173175811768,6.137173175811768,6.137173175811768,6.137173175811768,586
2016-06-07,6.144000053405762,6.144000053405762,6.144000053405762,6.144000053405762,6.144000053405762,879
2016-06-08,6.144000053405762,6.144000053405762,6.144000053405762,6.144000053405762,6.144000053405762,0
2016-06-09,6.144000053405762,6.144000053405762,6.144000053405762,6.144000053405762,6.144000053405762,0
2016-06-10,6.144000053405762,6.144000053405762,6.144000053405762,6.144000053405762,6.144000053405762,1758
2016-06-13,6.144000053405762,6.144000053405762,6.144000053405762,6.144000053405762,6.144000053405762,879
2016-06-14,6.22933292388916,6.314667224884033,6.22933292388916,6.314667224884033,6.314667224884033,2637
2016-06-15,6.3658671379089355,6.536532878875732,6.3658671379089355,6.536532878875732,6.536532878875732,2930
2016-06-16,6.536532878875732,6.536532878875732,6.536532878875732,6.536532878875732,6.536532878875732,0
2016-06-17,6.536532878875732,6.536532878875732,6.536532878875732,6.536532878875732,6.536532878875732,0
2016-06-20,6.314667224884033,6.314667224884033,6.314667224884033,6.314667224884033,6.314667224884033,586
2016-06-21,6.48533296585083,6.656000137329102,6.48533296585083,6.604800224304199,6.604800224304199,2051
2016-06-22,6.604800224304199,6.604800224304199,6.604800224304199,6.604800224304199,6.604800224304199,0
2016-06-23,6.656000137329102,7.25333309173584,6.502399921417236,6.502399921417236,6.502399921417236,4395
2016-06-24,6.656000137329102,6.656000137329102,6.656000137329102,6.656000137329102,6.656000137329102,586
2016-06-27,6.656000137329102,6.656000137329102,6.656000137329102,6.656000137329102,6.656000137329102,0
2016-06-28,6.656000137329102,6.656000137329102,6.656000137329102,6.656000137329102,6.656000137329102,0
2016-06-29,6.656000137329102,6.656000137329102,6.519466876983643,6.519466876983643,6.519466876983643,2637
2016-06-30,6.826666831970215,6.826666831970215,6.826666831970215,6.826666831970215,6.826666831970215,586
2016-07-01,8.426667213439941,8.426667213439941,7.466667175292969,7.679999828338623,7.679999828338623,6563
2016-07-05,7.679999828338623,7.679999828338623,7.679999828338623,7.679999828338623,7.679999828338623,0
2016-07-06,7.679999828338623,7.679999828338623,7.679999828338623,7.679999828338623,7.679999828338623,0
2016-07-07,7.039999961853027,7.039999961853027,7.039999961853027,7.039999961853027,7.039999961853027,1406
2016-07-08,7.679999828338623,7.8933329582214355,7.679999828338623,7.8933329582214355,7.8933329582214355,1406
2016-07-11,7.8933329582214355,7.8933329582214355,7.8933329582214355,7.8933329582214355,7.8933329582214355,0
2016-07-12,7.466667175292969,7.8933329582214355,7.466667175292969,7.573332786560059,7.573332786560059,1641
2016-07-13,7.616000175476074,7.616000175476074,7.50933313369751,7.573332786560059,7.573332786560059,1875
2016-07-14,7.679999828338623,7.679999828338623,7.466667175292969,7.637332916259766,7.637332916259766,2344
2016-07-15,7.637332916259766,7.637332916259766,7.637332916259766,7.637332916259766,7.637332916259766,1875
2016-07-18,7.637332916259766,7.637332916259766,7.637332916259766,7.637332916259766,7.637332916259766,0
2016-07-19,7.637332916259766,7.637332916259766,7.637332916259766,7.637332916259766,7.637332916259766,16641
2016-07-20,7.466667175292969,7.637332916259766,7.466667175292969,7.637332916259766,7.637332916259766,10313
2016-07-21,7.466667175292969,7.466667175292969,7.466667175292969,7.466667175292969,7.466667175292969,71250
2016-07-22,7.679999828338623,7.679999828338623,7.679999828338623,7.679999828338623,7.679999828338623,703
2016-07-25,7.679999828338623,7.679999828338623,7.338666915893555,7.338666915893555,7.338666915893555,7266
2016-07-26,7.423999786376953,7.423999786376953,7.381332874298096,7.381332874298096,7.381332874298096,703
2016-07-27,7.338666915893555,7.50933313369751,7.338666915893555,7.50933313369751,7.50933313369751,1875
2016-07-28,7.338666915893555,7.338666915893555,7.338666915893555,7.338666915893555,7.338666915893555,3750
2016-07-29,7.3770670890808105,7.466239929199219,7.3770670890808105,7.466239929199219,7.466239929199219,1875
2016-08-01,7.466239929199219,7.466239929199219,7.466239929199219,7.466239929199219,7.466239929199219,0
2016-08-02,7.466667175292969,7.466667175292969,7.338666915893555,7.338666915893555,7.338666915893555,3516
2016-08-03,7.338666915893555,7.423999786376953,7.338666915893555,7.423999786376953,7.423999786376953,4922
2016-08-04,7.338666915893555,7.466667175292969,7.338666915893555,7.466667175292969,7.466667175292969,938
2016-08-05,7.466667175292969,7.466667175292969,7.466667175292969,7.466667175292969,7.466667175292969,469
2016-08-08,7.466667175292969,7.466667175292969,7.466667175292969,7.466667175292969,7.466667175292969,0
2016-08-09,7.466667175292969,7.505066871643066,7.466667175292969,7.505066871643066,7.505066871643066,2344
2016-08-10,7.466667175292969,7.50933313369751,7.466667175292969,7.50933313369751,7.50933313369751,703
2016-08-11,7.466667175292969,7.466667175292969,7.466667175292969,7.466667175292969,7.466667175292969,703
2016-08-12,7.50933313369751,7.50933313369751,7.50933313369751,7.50933313369751,7.50933313369751,938
2016-08-15,7.466667175292969,7.466667175292969,7.360000133514404,7.360000133514404,7.360000133514404,2344
2016-08-16,7.360000133514404,7.360000133514404,7.360000133514404,7.360000133514404,7.360000133514404,0
2016-08-17,7.360000133514404,7.360000133514404,7.360000133514404,7.360000133514404,7.360000133514404,0
2016-08-18,7.360000133514404,7.360000133514404,7.360000133514404,7.360000133514404,7.360000133514404,0
2016-08-19,7.360000133514404,7.360000133514404,7.360000133514404,7.360000133514404,7.360000133514404,0
2016-08-22,7.338666915893555,7.338666915893555,7.338666915893555,7.338666915893555,7.338666915893555,938
2016-08-23,7.338666915893555,7.338666915893555,7.338666915893555,7.338666915893555,7.338666915893555,0
2016-08-24,7.338666915893555,7.338666915893555,7.338666915893555,7.338666915893555,7.338666915893555,0
2016-08-25,7.338666915893555,7.338666915893555,7.338666915893555,7.338666915893555,7.338666915893555,0
2016-08-26,7.381332874298096,7.381332874298096,7.381332874298096,7.381332874298096,7.381332874298096,234
2016-08-29,7.381332874298096,7.381332874298096,7.381332874298096,7.381332874298096,7.381332874298096,234
2016-08-30,7.381332874298096,7.381332874298096,7.381332874298096,7.381332874298096,7.381332874298096,234
2016-08-31,7.466667175292969,7.466667175292969,7.423999786376953,7.423999786376953,7.423999786376953,2813
2016-09-01,7.338666915893555,7.338666915893555,7.338666915893555,7.338666915893555,7.338666915893555,1406
2016-09-02,7.338666915893555,7.338666915893555,7.338666915893555,7.338666915893555,7.338666915893555,0
2016-09-06,7.360000133514404,7.360000133514404,7.360000133514404,7.360000133514404,7.360000133514404,1406
2016-09-07,7.338666915893555,7.338666915893555,7.25333309173584,7.25333309173584,7.25333309173584,3750
2016-09-08,7.25333309173584,7.296000003814697,7.25333309173584,7.25333309173584,7.25333309173584,25078
2016-09-09,7.25333309173584,7.25333309173584,7.25333309173584,7.25333309173584,7.25333309173584,0
2016-09-12,7.296000003814697,7.296000003814697,7.296000003814697,7.296000003814697,7.296000003814697,469
2016-09-13,7.296000003814697,7.296000003814697,7.296000003814697,7.296000003814697,7.296000003814697,0
2016-09-14,7.296000003814697,7.296000003814697,7.296000003814697,7.296000003814697,7.296000003814697,0
2016-09-15,7.296000003814697,7.296000003814697,7.296000003814697,7.296000003814697,7.296000003814697,1406
2016-09-16,7.296000003814697,7.296000003814697,7.296000003814697,7.296000003814697,7.296000003814697,703
2016-09-19,7.296000003814697,7.296000003814697,7.296000003814697,7.296000003814697,7.296000003814697,469
2016-09-20,7.296000003814697,7.296000003814697,7.296000003814697,7.296000003814697,7.296000003814697,0
2016-09-21,7.296000003814697,7.296000003814697,7.296000003814697,7.296000003814697,7.296000003814697,0
2016-09-22,7.274666786193848,7.296000003814697,7.274666786193848,7.296000003814697,7.296000003814697,469
2016-09-23,7.274666786193848,7.274666786193848,7.274666786193848,7.274666786193848,7.274666786193848,234
2016-09-26,7.274666786193848,7.274666786193848,7.274666786193848,7.274666786193848,7.274666786193848,234
2016-09-27,7.296000003814697,7.296000003814697,7.274666786193848,7.274666786193848,7.274666786193848,703
2016-09-28,7.274666786193848,7.296000003814697,7.274666786193848,7.296000003814697,7.296000003814697,938
2016-09-29,7.296000003814697,7.296000003814697,7.296000003814697,7.296000003814697,7.296000003814697,0
2016-09-30,7.274666786193848,7.274666786193848,7.274666786193848,7.274666786193848,7.274666786193848,703
2016-10-03,7.274666786193848,7.274666786193848,7.274666786193848,7.274666786193848,7.274666786193848,0
2016-10-04,7.274666786193848,7.274666786193848,7.274666786193848,7.274666786193848,7.274666786193848,938
2016-10-05,7.274666786193848,7.274666786193848,7.274666786193848,7.274666786193848,7.274666786193848,703
2016-10-06,7.296000003814697,7.338666915893555,7.296000003814697,7.338666915893555,7.338666915893555,1406
2016-10-07,7.338666915893555,7.338666915893555,7.338666915893555,7.338666915893555,7.338666915893555,0
2016-10-10,7.338666915893555,7.338666915893555,7.338666915893555,7.338666915893555,7.338666915893555,469
2016-10-11,7.338666915893555,7.338666915893555,7.338666915893555,7.338666915893555,7.338666915893555,2344
2016-10-12,7.338666915893555,7.338666915893555,7.338666915893555,7.338666915893555,7.338666915893555,0
2016-10-13,7.274666786193848,7.274666786193848,7.274666786193848,7.274666786193848,7.274666786193848,234
2016-10-14,7.296000003814697,7.296000003814697,7.296000003814697,7.296000003814697,7.296000003814697,234
2016-10-17,7.296000003814697,7.296000003814697,7.296000003814697,7.296000003814697,7.296000003814697,234
2016-10-18,7.296000003814697,7.296000003814697,7.296000003814697,7.296000003814697,7.296000003814697,6328
2016-10-19,7.296000003814697,7.296000003814697,7.296000003814697,7.296000003814697,7.296000003814697,0
2016-10-20,7.296000003814697,7.296000003814697,7.296000003814697,7.296000003814697,7.296000003814697,0
2016-10-21,7.296000003814697,7.305812835693359,7.261867046356201,7.261867046356201,7.261867046356201,938
2016-10-24,7.240532875061035,7.240532875061035,7.240532875061035,7.240532875061035,7.240532875061035,234
2016-10-25,7.25333309173584,7.25333309173584,7.039999961853027,7.039999961853027,7.039999961853027,3281
2016-10-26,7.125332832336426,7.125332832336426,7.125332832336426,7.125332832336426,7.125332832336426,469
2016-10-27,7.125332832336426,7.125332832336426,7.125332832336426,7.125332832336426,7.125332832336426,0
2016-10-28,7.018667221069336,7.018667221069336,6.9120001792907715,6.9120001792907715,6.9120001792907715,3750
2016-10-31,6.963200092315674,7.027200222015381,6.963200092315674,7.027200222015381,7.027200222015381,2578
2016-11-01,7.23199987411499,7.23199987411499,7.23199987411499,7.23199987411499,7.23199987411499,1875
2016-11-02,7.23199987411499,7.23199987411499,7.23199987411499,7.23199987411499,7.23199987411499,0
2016-11-03,7.23199987411499,7.23199987411499,7.23199987411499,7.23199987411499,7.23199987411499,703
2016-11-04,7.23199987411499,7.23199987411499,7.23199987411499,7.23199987411499,7.23199987411499,0
2016-11-07,7.23199987411499,7.23199987411499,7.23199987411499,7.23199987411499,7.23199987411499,0
2016-11-08,7.104000091552734,7.104000091552734,6.954667091369629,7.039999961853027,7.039999961853027,2578
2016-11-09,7.082666873931885,7.082666873931885,7.082666873931885,7.082666873931885,7.082666873931885,234
2016-11-10,7.082666873931885,7.082666873931885,7.082666873931885,7.082666873931885,7.082666873931885,0
2016-11-11,7.082666873931885,7.082666873931885,7.082666873931885,7.082666873931885,7.082666873931885,0
2016-11-14,7.082666873931885,7.082666873931885,7.082666873931885,7.082666873931885,7.082666873931885,0
2016-11-15,7.082666873931885,7.082666873931885,7.082666873931885,7.082666873931885,7.082666873931885,0
2016-11-16,7.104000091552734,7.104000091552734,7.104000091552734,7.104000091552734,7.104000091552734,469
2016-11-17,7.112533092498779,7.112533092498779,7.112533092498779,7.112533092498779,7.112533092498779,234
2016-11-18,7.116799831390381,7.116799831390381,7.116799831390381,7.116799831390381,7.116799831390381,469
2016-11-21,7.168000221252441,7.168000221252441,7.168000221252441,7.168000221252441,7.168000221252441,234
2016-11-22,7.168000221252441,7.168000221252441,7.168000221252441,7.168000221252441,7.168000221252441,0
2016-11-23,7.168000221252441,7.168000221252441,7.168000221252441,7.168000221252441,7.168000221252441,0
2016-11-25,7.168000221252441,7.168000221252441,7.168000221252441,7.168000221252441,7.168000221252441,0
2016-11-28,7.09119987487793,7.09119987487793,7.09119987487793,7.09119987487793,7.09119987487793,234
2016-11-29,7.09119987487793,7.104000091552734,7.09119987487793,7.104000091552734,7.104000091552734,703
2016-11-30,7.125332832336426,7.125332832336426,7.112533092498779,7.125332832336426,7.125332832336426,1641
2016-12-01,7.125332832336426,7.125332832336426,7.125332832336426,7.125332832336426,7.125332832336426,234
2016-12-02,7.125332832336426,7.125332832336426,7.125332832336426,7.125332832336426,7.125332832336426,703
2016-12-05,7.0954670906066895,7.0954670906066895,6.74560022354126,6.746026992797852,6.746026992797852,19453
2016-12-06,6.74560022354126,6.929067134857178,6.74560022354126,6.929067134857178,6.929067134857178,6563
2016-12-07,6.954667091369629,7.014400005340576,6.954667091369629,7.014400005340576,7.014400005340576,1406
2016-12-08,7.039999961853027,7.039999961853027,7.039999961853027,7.039999961853027,7.039999961853027,4453
2016-12-09,7.039999961853027,7.039999961853027,7.039999961853027,7.039999961853027,7.039999961853027,3750
2016-12-12,7.039999961853027,7.039999961853027,6.97599983215332,6.97599983215332,6.97599983215332,2344
2016-12-13,6.97599983215332,6.97599983215332,6.97599983215332,6.97599983215332,6.97599983215332,0
2016-12-14,6.99733304977417,6.99733304977417,6.97599983215332,6.97599983215332,6.97599983215332,8906
2016-12-15,6.99733304977417,6.99733304977417,6.97599983215332,6.97642707824707,6.97642707824707,1406
2016-12-16,6.97642707824707,6.97642707824707,6.97642707824707,6.97642707824707,6.97642707824707,0
2016-12-19,6.97642707824707,6.97642707824707,6.97642707824707,6.97642707824707,6.97642707824707,0
2016-12-20,6.99733304977417,6.99733304977417,6.99733304977417,6.99733304977417,6.99733304977417,23438
2016-12-21,7.039999961853027,7.061333179473877,7.039999961853027,7.061333179473877,7.061333179473877,703
2016-12-22,7.078400135040283,7.210667133331299,7.078400135040283,7.210667133331299,7.210667133331299,3750
2016-12-23,7.210667133331299,7.210667133331299,7.061333179473877,7.061333179473877,7.061333179473877,2578
2016-12-27,7.146667003631592,7.23199987411499,7.0655999183654785,7.23199987411499,7.23199987411499,2813
2016-12-28,7.25333309173584,7.25333309173584,7.23199987411499,7.23199987411499,7.23199987411499,2813
2016-12-29,7.210667133331299,7.210667133331299,7.210667133331299,7.210667133331299,7.210667133331299,234
2016-12-30,7.168000221252441,7.168000221252441,7.168000221252441,7.168000221252441,7.168000221252441,1875
2017-01-03,7.146667003631592,7.146667003631592,7.146667003631592,7.146667003631592,7.146667003631592,3984
2017-01-04,7.210667133331299,7.25333309173584,7.210667133331299,7.210667133331299,7.210667133331299,2344
2017-01-05,7.082666873931885,7.25333309173584,7.082666873931885,7.146667003631592,7.146667003631592,3047
2017-01-06,7.146667003631592,7.146667003631592,7.146667003631592,7.146667003631592,7.146667003631592,0
2017-01-09,7.146667003631592,7.146667003631592,7.146667003631592,7.146667003631592,7.146667003631592,703
2017-01-10,7.146667003631592,7.146667003631592,7.146667003631592,7.146667003631592,7.146667003631592,703
2017-01-11,7.146667003631592,7.168000221252441,7.146667003631592,7.168000221252441,7.168000221252441,703
2017-01-12,7.168000221252441,7.168000221252441,7.168000221252441,7.168000221252441,7.168000221252441,703
2017-01-13,7.23199987411499,7.25333309173584,7.23199987411499,7.25333309173584,7.25333309173584,3750
2017-01-17,7.082666873931885,7.25333309173584,7.082666873931885,7.25333309173584,7.25333309173584,6563
2017-01-18,7.146667003631592,7.25333309173584,7.146667003631592,7.25333309173584,7.25333309173584,3047
2017-01-19,7.25333309173584,7.25333309173584,7.25333309173584,7.25333309173584,7.25333309173584,0
2017-01-20,7.296000003814697,7.296000003814697,7.296000003814697,7.296000003814697,7.296000003814697,234
2017-01-23,7.304533004760742,7.317333221435547,7.304533004760742,7.317333221435547,7.317333221435547,4453
2017-01-24,7.338666915893555,7.338666915893555,7.338666915893555,7.338666915893555,7.338666915893555,469
2017-01-25,7.338666915893555,7.338666915893555,7.338666915893555,7.338666915893555,7.338666915893555,0
2017-01-26,7.338666915893555,7.338666915893555,7.338666915893555,7.338666915893555,7.338666915893555,469
2017-01-27,7.325867176055908,7.3471999168396,7.325867176055908,7.3471999168396,7.3471999168396,14063
2017-01-30,7.338666915893555,7.338666915893555,7.338666915893555,7.338666915893555,7.338666915893555,234
2017-01-31,7.338666915893555,7.338666915893555,7.338666915893555,7.338666915893555,7.338666915893555,0
2017-02-01,7.381332874298096,7.381332874298096,7.381332874298096,7.381332874298096,7.381332874298096,469
2017-02-02,7.381332874298096,7.381332874298096,7.360000133514404,7.360000133514404,7.360000133514404,14297
2017-02-03,7.381332874298096,7.466667175292969,7.381332874298096,7.466667175292969,7.466667175292969,703
2017-02-06,7.466667175292969,7.48799991607666,7.466667175292969,7.48799991607666,7.48799991607666,3281
2017-02-07,7.48799991607666,7.48799991607666,7.48799991607666,7.48799991607666,7.48799991607666,0
2017-02-08,7.50933313369751,7.50933313369751,7.50933313369751,7.50933313369751,7.50933313369751,469
2017-02-09,7.466667175292969,7.573332786560059,7.466667175292969,7.573332786560059,7.573332786560059,7266
2017-02-10,7.573332786560059,7.573332786560059,7.573332786560059,7.573332786560059,7.573332786560059,0
2017-02-13,7.48799991607666,7.635200023651123,7.48799991607666,7.635200023651123,7.635200023651123,4922
2017-02-14,7.50933313369751,7.679999828338623,7.50933313369751,7.679999828338623,7.679999828338623,3281
2017-02-15,7.722667217254639,7.8293328285217285,7.722667217254639,7.722667217254639,7.722667217254639,2344
2017-02-16,7.8933329582214355,8.213333129882812,7.8933329582214355,8.213333129882812,8.213333129882812,2578
2017-02-17,8.192000389099121,8.192000389099121,8.192000389099121,8.192000389099121,8.192000389099121,234
2017-02-21,8.128000259399414,8.192000389099121,8.021332740783691,8.192000389099121,8.192000389099121,3984
2017-02-22,8.0,8.0,8.0,8.0,8.0,703
2017-02-23,8.0,8.0,8.0,8.0,8.0,469
2017-02-24,8.0,8.106666564941406,8.0,8.106666564941406,8.106666564941406,1875
2017-02-27,8.0,8.0,8.0,8.0,8.0,469
2017-02-28,8.106666564941406,8.106666564941406,8.102399826049805,8.106666564941406,8.106666564941406,2109
2017-03-01,8.149333000183105,8.149333000183105,8.149333000183105,8.149333000183105,8.149333000183105,703
2017-03-02,8.170666694641113,8.170666694641113,8.170666694641113,8.170666694641113,8.170666694641113,469
2017-03-03,8.170666694641113,8.170666694641113,8.170666694641113,8.170666694641113,8.170666694641113,0
2017-03-06,8.170666694641113,8.170666694641113,8.170666694641113,8.170666694641113,8.170666694641113,1172
2017-03-07,8.149333000183105,8.149333000183105,8.149333000183105,8.149333000183105,8.149333000183105,234
2017-03-08,8.149333000183105,8.149333000183105,8.149333000183105,8.149333000183105,8.149333000183105,0
2017-03-09,8.149333000183105,8.149333000183105,8.149333000183105,8.149333000183105,8.149333000183105,0
2017-03-10,8.192000389099121,8.192000389099121,8.192000389099121,8.192000389099121,8.192000389099121,938
2017-03-13,8.149333000183105,8.149333000183105,8.106666564941406,8.106666564941406,8.106666564941406,1641
2017-03-14,8.084906578063965,8.084906578063965,8.084906578063965,8.084906578063965,8.084906578063965,2344
2017-03-15,8.064000129699707,8.064000129699707,8.064000129699707,8.064000129699707,8.064000129699707,469
2017-03-16,8.064000129699707,8.064000129699707,8.064000129699707,8.064000129699707,8.064000129699707,1172
2017-03-17,8.0,8.0,8.0,8.0,8.0,469
2017-03-20,8.0,8.0,8.0,8.0,8.0,3281
2017-03-21,8.0,8.057600021362305,8.0,8.057600021362305,8.057600021362305,23672
2017-03-22,8.064000129699707,8.106666564941406,8.031999588012695,8.042667388916016,8.042667388916016,8672
2017-03-23,8.053333282470703,8.064000129699707,8.021332740783691,8.021332740783691,8.021332740783691,2578
2017-03-24,8.064000129699707,8.064000129699707,8.042667388916016,8.042667388916016,8.042667388916016,938
2017-03-27,8.021332740783691,8.021332740783691,8.0,8.021332740783691,8.021332740783691,1406
2017-03-28,8.042667388916016,8.042667388916016,8.042667388916016,8.042667388916016,8.042667388916016,703
2017-03-29,8.021332740783691,8.021332740783691,8.021332740783691,8.021332740783691,8.021332740783691,469
2017-03-30,8.021332740783691,8.021332740783691,8.021332740783691,8.021332740783691,8.021332740783691,0
2017-03-31,8.021332740783691,8.021332740783691,8.021332740783691,8.021332740783691,8.021332740783691,0
2017-04-03,8.021332740783691,8.021332740783691,8.021332740783691,8.021332740783691,8.021332740783691,703
2017-04-04,8.059733390808105,8.059733390808105,8.059733390808105,8.059733390808105,8.059733390808105,469
2017-04-05,8.021332740783691,8.040533065795898,8.021332740783691,8.040533065795898,8.040533065795898,1172
2017-04-06,8.021332740783691,8.021332740783691,8.021332740783691,8.021332740783691,8.021332740783691,234
2017-04-07,8.021332740783691,8.021332740783691,8.021332740783691,8.021332740783691,8.021332740783691,469
2017-04-10,8.021332740783691,8.021332740783691,8.021332740783691,8.021332740783691,8.021332740783691,0
2017-04-11,8.021332740783691,8.021332740783691,8.021332740783691,8.021332740783691,8.021332740783691,1406
2017-04-12,8.042667388916016,8.042667388916016,8.042667388916016,8.042667388916016,8.042667388916016,5859
2017-04-13,8.021332740783691,8.021332740783691,8.021332740783691,8.021332740783691,8.021332740783691,1406
2017-04-17,8.021332740783691,8.081067085266113,8.021332740783691,8.081067085266113,8.081067085266113,5156
2017-04-18,8.042667388916016,8.042667388916016,8.0,8.042667388916016,8.042667388916016,123281
2017-04-19,8.021332740783691,8.021332740783691,8.021332740783691,8.021332740783691,8.021332740783691,469
2017-04-20,8.021332740783691,8.021332740783691,8.021332740783691,8.021332740783691,8.021332740783691,0
2017-04-21,8.021332740783691,8.17024040222168,8.021332740783691,8.17024040222168,8.17024040222168,2813
2017-04-24,8.17024040222168,8.17024040222168,8.17024040222168,8.17024040222168,8.17024040222168,0
2017-04-25,8.17024040222168,8.17024040222168,8.17024040222168,8.17024040222168,8.17024040222168,0
2017-04-26,8.17024040222168,8.17024040222168,8.17024040222168,8.17024040222168,8.17024040222168,0
2017-04-27,8.17024040222168,8.17024040222168,8.17024040222168,8.17024040222168,8.17024040222168,0
2017-04-28,8.042667388916016,8.042667388916016,8.021332740783691,8.021332740783691,8.021332740783691,1641
2017-05-01,8.042667388916016,8.106666564941406,8.042667388916016,8.106666564941406,8.106666564941406,703
2017-05-02,8.106666564941406,8.106666564941406,8.106666564941406,8.106666564941406,8.106666564941406,0
2017-05-03,8.106666564941406,8.170666694641113,8.106666564941406,8.170666694641113,8.170666694641113,938
2017-05-04,8.121600151062012,8.121600151062012,8.121600151062012,8.121600151062012,8.121600151062012,469
2017-05-05,8.121600151062012,8.121600151062012,8.121600151062012,8.121600151062012,8.121600151062012,0
2017-05-08,8.128000259399414,8.128000259399414,8.128000259399414,8.128000259399414,8.128000259399414,938
2017-05-09,8.128000259399414,8.128000259399414,8.128000259399414,8.128000259399414,8.128000259399414,0
2017-05-10,8.128000259399414,8.128000259399414,8.128000259399414,8.128000259399414,8.128000259399414,0
2017-05-11,8.192000389099121,8.192000389099121,8.192000389099121,8.192000389099121,8.192000389099121,703
2017-05-12,8.213333129882812,8.255999565124512,8.213333129882812,8.255999565124512,8.255999565124512,1875
2017-05-15,8.298666954040527,8.640000343322754,8.298666954040527,8.640000343322754,8.640000343322754,6094
2017-05-16,8.618666648864746,9.173333168029785,8.618666648864746,8.960000038146973,8.960000038146973,6328
2017-05-17,8.960000038146973,8.960000038146973,8.960000038146973,8.960000038146973,8.960000038146973,0
2017-05-18,8.640000343322754,8.640000343322754,8.405332565307617,8.490667343139648,8.490667343139648,45234
2017-05-19,8.533332824707031,8.74666690826416,8.533332824707031,8.74666690826416,8.74666690826416,1641
2017-05-22,8.74666690826416,8.74666690826416,8.74666690826416,8.74666690826416,8.74666690826416,0
2017-05-23,8.576000213623047,8.810667037963867,8.576000213623047,8.810667037963867,8.810667037963867,1172
2017-05-24,8.74666690826416,8.74666690826416,8.74666690826416,8.74666690826416,8.74666690826416,1172
2017-05-25,8.74666690826416,8.74666690826416,8.74666690826416,8.74666690826416,8.74666690826416,234
2017-05-26,8.74666690826416,8.74666690826416,8.74666690826416,8.74666690826416,8.74666690826416,0
2017-05-30,8.74666690826416,8.74666690826416,8.74666690826416,8.74666690826416,8.74666690826416,234
2017-05-31,8.74666690826416,8.74666690826416,8.74666690826416,8.74666690826416,8.74666690826416,1172
2017-06-01,8.74666690826416,8.74666690826416,8.74666690826416,8.74666690826416,8.74666690826416,0
2017-06-02,8.74666690826416,8.74666690826416,8.74666690826416,8.74666690826416,8.74666690826416,0
2017-06-05,8.533332824707031,8.533332824707031,8.533332824707031,8.533332824707031,8.533332824707031,703
2017-06-06,8.533332824707031,8.533332824707031,8.51200008392334,8.51200008392334,8.51200008392334,37969
2017-06-07,8.490667343139648,8.51200008392334,8.490667343139648,8.51200008392334,8.51200008392334,469
2017-06-08,8.383999824523926,8.383999824523926,8.362667083740234,8.362667083740234,8.362667083740234,703
2017-06-09,8.576000213623047,8.576000213623047,8.576000213623047,8.576000213623047,8.576000213623047,938
2017-06-12,8.490667343139648,8.533332824707031,8.490667343139648,8.533332824707031,8.533332824707031,938
2017-06-13,8.426667213439941,8.533332824707031,8.426667213439941,8.533332824707031,8.533332824707031,2813
2017-06-14,8.435199737548828,8.490667343139648,8.435199737548828,8.490667343139648,8.490667343139648,5859
2017-06-15,8.435199737548828,8.435199737548828,8.426667213439941,8.426667213439941,8.426667213439941,2344
2017-06-16,8.405332565307617,8.405332565307617,8.405332565307617,8.405332565307617,8.405332565307617,469
2017-06-19,8.490667343139648,8.490667343139648,8.490667343139648,8.490667343139648,8.490667343139648,469
2017-06-20,8.383999824523926,8.405332565307617,8.383999824523926,8.405332565307617,8.405332565307617,41953
2017-06-21,8.383999824523926,8.405332565307617,8.363093376159668,8.383999824523926,8.383999824523926,7031
2017-06-22,8.383999824523926,8.383999824523926,8.383999824523926,8.383999824523926,8.383999824523926,2344
2017-06-23,8.383999824523926,8.383999824523926,8.383999824523926,8.383999824523926,8.383999824523926,0
2017-06-26,8.362667083740234,8.363093376159668,8.362667083740234,8.363093376159668,8.363093376159668,4688
2017-06-27,8.363093376159668,8.363093376159668,8.362667083740234,8.362667083740234,8.362667083740234,4219
2017-06-28,8.363093376159668,8.383999824523926,8.362667083740234,8.362667083740234,8.362667083740234,4688
2017-06-29,8.383999824523926,8.383999824523926,8.383999824523926,8.383999824523926,8.383999824523926,4219
2017-06-30,8.405332565307617,8.405332565307617,8.405332565307617,8.405332565307617,8.405332565307617,234
2017-07-03,8.4049072265625,8.4049072265625,8.4049072265625,8.4049072265625,8.4049072265625,234
2017-07-05,8.405332565307617,8.447999954223633,8.362667083740234,8.362667083740234,8.362667083740234,3750
2017-07-06,8.362667083740234,8.362667083740234,8.362667083740234,8.362667083740234,8.362667083740234,0
2017-07-07,8.341333389282227,8.341333389282227,8.341333389282227,8.341333389282227,8.341333389282227,703
2017-07-10,8.426667213439941,8.426667213439941,8.341333389282227,8.341333389282227,8.341333389282227,2813
2017-07-11,8.341333389282227,8.341333389282227,8.341333389282227,8.341333389282227,8.341333389282227,0
2017-07-12,8.341333389282227,8.341333389282227,8.319999694824219,8.319999694824219,8.319999694824219,3047
2017-07-13,8.426667213439941,8.426667213439941,8.319999694824219,8.319999694824219,8.319999694824219,938
2017-07-14,8.319999694824219,8.319999694824219,8.319999694824219,8.319999694824219,8.319999694824219,0
2017-07-17,8.319999694824219,8.426239967346191,8.319999694824219,8.426239967346191,8.426239967346191,6328
2017-07-18,8.319999694824219,8.319999694824219,8.319999694824219,8.319999694824219,8.319999694824219,234
2017-07-19,8.341333389282227,8.341333389282227,8.341333389282227,8.341333389282227,8.341333389282227,703
2017-07-20,8.330666542053223,8.341333389282227,8.330666542053223,8.341333389282227,8.341333389282227,938
2017-07-21,8.383999824523926,8.383999824523926,8.383999824523926,8.383999824523926,8.383999824523926,234
2017-07-24,8.383999824523926,8.383999824523926,8.383999824523926,8.383999824523926,8.383999824523926,0
2017-07-25,8.383999824523926,8.426667213439941,8.362667083740234,8.426667213439941,8.426667213439941,3750
2017-07-26,8.405332565307617,8.405332565307617,8.405332565307617,8.405332565307617,8.405332565307617,703
2017-07-27,8.405332565307617,8.533332824707031,8.405332565307617,8.533332824707031,8.533332824707031,6563
2017-07-28,8.51200008392334,8.51200008392334,8.426667213439941,8.426667213439941,8.426667213439941,6094
2017-07-31,8.490667343139648,8.576000213623047,8.490667343139648,8.576000213623047,8.576000213623047,1172
2017-08-01,8.576000213623047,8.576000213623047,8.576000213623047,8.576000213623047,8.576000213623047,0
2017-08-02,8.533332824707031,8.533332824707031,8.533332824707031,8.533332824707031,8.533332824707031,1641
2017-08-03,8.533332824707031,8.533332824707031,8.533332824707031,8.533332824707031,8.533332824707031,0
2017-08-04,8.533332824707031,8.533332824707031,8.533332824707031,8.533332824707031,8.533332824707031,0
2017-08-07,8.447999954223633,8.447999954223633,8.447999954223633,8.447999954223633,8.447999954223633,938
2017-08-08,8.447999954223633,8.447999954223633,8.447999954223633,8.447999954223633,8.447999954223633,0
2017-08-09,8.447999954223633,8.447999954223633,8.447999954223633,8.447999954223633,8.447999954223633,1172
2017-08-10,8.439467430114746,8.439467430114746,8.341333389282227,8.341333389282227,8.341333389282227,9609
2017-08-11,8.405332565307617,8.405332565307617,8.383999824523926,8.383999824523926,8.383999824523926,4688
2017-08-14,8.341333389282227,8.341333389282227,8.341333389282227,8.341333389282227,8.341333389282227,469
2017-08-15,8.341333389282227,8.392533302307129,8.341333389282227,8.362667083740234,8.362667083740234,17578
2017-08-16,8.576000213623047,8.576000213623047,8.576000213623047,8.576000213623047,8.576000213623047,3047
2017-08-17,8.533332824707031,8.554667472839355,8.533332824707031,8.533332824707031,8.533332824707031,8438
2017-08-18,8.533332824707031,8.533332824707031,8.533332824707031,8.533332824707031,8.533332824707031,0
2017-08-21,8.433067321777344,8.433067321777344,8.426667213439941,8.426667213439941,8.426667213439941,4688
2017-08-22,8.426667213439941,8.426667213439941,8.426667213439941,8.426667213439941,8.426667213439941,703
2017-08-23,8.426667213439941,8.426667213439941,8.426667213439941,8.426667213439941,8.426667213439941,3047
2017-08-24,8.447999954223633,8.51200008392334,8.447999954223633,8.51200008392334,8.51200008392334,469
2017-08-25,8.533332824707031,8.533332824707031,8.533332824707031,8.533332824707031,8.533332824707031,469
2017-08-28,8.447999954223633,8.469332695007324,8.447999954223633,8.469332695007324,8.469332695007324,1641
2017-08-29,8.490667343139648,8.490667343139648,8.490667343139648,8.490667343139648,8.490667343139648,469
2017-08-30,8.490667343139648,8.490667343139648,8.490667343139648,8.490667343139648,8.490667343139648,0
2017-08-31,8.533332824707031,8.640000343322754,8.533332824707031,8.618666648864746,8.618666648864746,11484
2017-09-01,8.74666690826416,8.853333473205566,8.74666690826416,8.853333473205566,8.853333473205566,1172
2017-09-05,8.874667167663574,8.874667167663574,8.874667167663574,8.874667167663574,8.874667167663574,703
2017-09-06,8.960000038146973,8.981332778930664,8.960000038146973,8.981332778930664,8.981332778930664,4688
2017-09-07,8.981332778930664,8.981332778930664,8.981332778930664,8.981332778930664,8.981332778930664,0
2017-09-08,8.960000038146973,8.960000038146973,8.960000038146973,8.960000038146973,8.960000038146973,1641
2017-09-11,8.960000038146973,8.960000038146973,8.960000038146973,8.960000038146973,8.960000038146973,0
2017-09-12,8.960000038146973,8.960000038146973,8.874667167663574,8.874667167663574,8.874667167663574,6094
2017-09-13,8.831999778747559,8.960000038146973,8.810667037963867,8.960000038146973,8.960000038146973,2344
2017-09-14,8.960000038146973,8.960000038146973,8.960000038146973,8.960000038146973,8.960000038146973,0
2017-09-15,8.960000038146973,8.960000038146973,8.960000038146973,8.960000038146973,8.960000038146973,0
2017-09-18,8.960000038146973,8.960000038146973,8.960000038146973,8.960000038146973,8.960000038146973,0
2017-09-19,8.960000038146973,8.960000038146973,8.960000038146973,8.960000038146973,8.960000038146973,0
2017-09-20,8.960000038146973,8.960000038146973,8.960000038146973,8.960000038146973,8.960000038146973,0
2017-09-21,8.960000038146973,8.960000038146973,8.960000038146973,8.960000038146973,8.960000038146973,234
2017-09-22,8.960000038146973,8.960000038146973,8.960000038146973,8.960000038146973,8.960000038146973,0
2017-09-25,8.853333473205566,8.960000038146973,8.810667037963867,8.960000038146973,8.960000038146973,1641
2017-09-26,9.066666603088379,9.066666603088379,9.066666603088379,9.066666603088379,9.066666603088379,1125
2017-09-27,9.013333320617676,9.066666603088379,9.013333320617676,9.060799598693848,9.060799598693848,3563
2017-09-28,9.060799598693848,9.060799598693848,9.060799598693848,9.060799598693848,9.060799598693848,0
2017-09-29,13.640000343322754,13.680000305175781,13.5600004196167,13.5600004196167,13.5600004196167,2250
2017-10-02,13.720000267028809,14.399999618530273,13.720000267028809,14.399999618530273,14.399999618530273,2875
2017-10-03,14.479999542236328,14.479999542236328,14.479999542236328,14.479999542236328,14.479999542236328,500
2017-10-04,14.5600004196167,14.680000305175781,14.5600004196167,14.640000343322754,14.640000343322754,38500
2017-10-05,14.640000343322754,14.680000305175781,14.640000343322754,14.680000305175781,14.680000305175781,1125
2017-10-06,14.640000343322754,14.720000267028809,14.600000381469727,14.720000267028809,14.720000267028809,10125
2017-10-09,14.800000190734863,15.760000228881836,14.800000190734863,15.760000228881836,15.760000228881836,2625
2017-10-10,15.359999656677246,15.640000343322754,15.359999656677246,15.640000343322754,15.640000343322754,500
2017-10-11,15.640000343322754,15.640000343322754,15.5600004196167,15.600000381469727,15.600000381469727,1875
2017-10-12,15.600000381469727,15.600000381469727,15.600000381469727,15.600000381469727,15.600000381469727,0
2017-10-13,15.37600040435791,15.37600040435791,15.359999656677246,15.359999656677246,15.359999656677246,1750
2017-10-16,15.295999526977539,15.359999656677246,15.0,15.0,15.0,2375
2017-10-17,15.0,15.079999923706055,15.0,15.079999923706055,15.079999923706055,2125
2017-10-18,14.960000038146973,14.960000038146973,14.960000038146973,14.960000038146973,14.960000038146973,375
2017-10-19,14.960000038146973,14.960000038146973,14.960000038146973,14.960000038146973,14.960000038146973,0
2017-10-20,15.119999885559082,15.119999885559082,15.0,15.0,15.0,2625
2017-10-23,15.039999961853027,15.399999618530273,15.039999961853027,15.392000198364258,15.392000198364258,2500
2017-10-24,15.0,15.0,15.0,15.0,15.0,625
2017-10-25,15.199999809265137,15.199999809265137,15.199999809265137,15.199999809265137,15.199999809265137,500
2017-10-26,15.199999809265137,15.199999809265137,15.199999809265137,15.199999809265137,15.199999809265137,0
2017-10-27,15.0,15.0,15.0,15.0,15.0,1250
2017-10-30,15.15999984741211,15.15999984741211,15.15999984741211,15.15999984741211,15.15999984741211,375
2017-10-31,15.15999984741211,15.15999984741211,15.0,15.0,15.0,1500
2017-11-01,15.0,15.0,15.0,15.0,15.0,250
2017-11-02,14.960000038146973,15.0,14.960000038146973,15.0,15.0,3000
2017-11-03,15.0,15.0,15.0,15.0,15.0,0
2017-11-06,15.0,15.0,15.0,15.0,15.0,0
2017-11-07,14.960000038146973,14.960000038146973,14.920000076293945,14.920000076293945,14.920000076293945,500
2017-11-08,14.920000076293945,14.920000076293945,14.920000076293945,14.920000076293945,14.920000076293945,0
2017-11-09,14.920000076293945,14.920000076293945,14.84000015258789,14.84000015258789,14.84000015258789,625
2017-11-10,14.800000190734863,14.800000190734863,14.760000228881836,14.760000228881836,14.760000228881836,250
2017-11-13,14.680000305175781,14.680000305175781,14.5600004196167,14.5600004196167,14.5600004196167,1000
2017-11-14,14.520000457763672,14.520000457763672,14.399999618530273,14.399999618530273,14.399999618530273,28125
2017-11-15,14.199999809265137,14.199999809265137,14.119999885559082,14.119999885559082,14.119999885559082,1750
2017-11-16,14.119999885559082,14.119999885559082,13.84000015258789,13.84000015258789,13.84000015258789,7000
2017-11-17,14.0,14.0,14.0,14.0,14.0,250
2017-11-20,14.0,14.0,14.0,14.0,14.0,0
2017-11-21,14.0,14.0,14.0,14.0,14.0,375
2017-11-22,14.0,14.0,14.0,14.0,14.0,0
2017-11-24,14.0,14.0,14.0,14.0,14.0,0
2017-11-27,14.0,14.0,14.0,14.0,14.0,625
2017-11-28,14.0,14.0,13.84000015258789,13.84000015258789,13.84000015258789,4250
2017-11-29,13.84000015258789,13.84000015258789,13.84000015258789,13.84000015258789,13.84000015258789,375
2017-11-30,13.84000015258789,14.079999923706055,13.84000015258789,13.84000015258789,13.84000015258789,10750
2017-12-01,14.0,14.0,14.0,14.0,14.0,250
2017-12-04,13.960000038146973,13.960000038146973,13.960000038146973,13.960000038146973,13.960000038146973,250
2017-12-05,13.960000038146973,13.960000038146973,13.960000038146973,13.960000038146973,13.960000038146973,0
2017-12-06,13.960000038146973,13.960000038146973,13.960000038146973,13.960000038146973,13.960000038146973,0
2017-12-07,13.960000038146973,13.960000038146973,13.960000038146973,13.960000038146973,13.960000038146973,0
2017-12-08,13.960000038146973,14.0,13.960000038146973,14.0,14.0,4375
2017-12-11,14.0,14.079999923706055,14.0,14.079999923706055,14.079999923706055,375
2017-12-12,14.159199714660645,14.159199714660645,14.159199714660645,14.159199714660645,14.159199714660645,125
2017-12-13,14.015999794006348,14.039999961853027,14.015999794006348,14.015999794006348,14.015999794006348,7000
2017-12-14,14.015999794006348,14.015999794006348,14.015999794006348,14.015999794006348,14.015999794006348,0
2017-12-15,14.008000373840332,14.008000373840332,14.0,14.0,14.0,7000
2017-12-18,14.0,14.008000373840332,14.0,14.008000373840332,14.008000373840332,1625
2017-12-19,14.039999961853027,14.079999923706055,14.039999961853027,14.079999923706055,14.079999923706055,750
2017-12-20,14.079999923706055,14.079999923706055,14.079999923706055,14.079999923706055,14.079999923706055,500
2017-12-21,14.0,14.0,14.0,14.0,14.0,12500
2017-12-22,14.015999794006348,14.039999961853027,14.0,14.039999961853027,14.039999961853027,6625
2017-12-26,14.039999961853027,14.119999885559082,14.039999961853027,14.079999923706055,14.079999923706055,3750
2017-12-27,14.015999794006348,14.079999923706055,14.015999794006348,14.039999961853027,14.039999961853027,48500
2017-12-28,14.015999794006348,14.015999794006348,14.0,14.0,14.0,2375
2017-12-29,14.008000373840332,14.015999794006348,14.008000373840332,14.015999794006348,14.015999794006348,3000
2018-01-02,14.008000373840332,14.008000373840332,14.0,14.0,14.0,3750
2018-01-03,14.0,14.0,14.0,14.0,14.0,250
2018-01-04,14.0,14.0,14.0,14.0,14.0,250
2018-01-05,14.079999923706055,14.079999923706055,14.079999923706055,14.079999923706055,14.079999923706055,6500
2018-01-08,14.039999961853027,14.039999961853027,14.039999961853027,14.039999961853027,14.039999961853027,4500
2018-01-09,14.039999961853027,14.039999961853027,14.039999961853027,14.039999961853027,14.039999961853027,250
2018-01-10,14.039999961853027,14.039999961853027,14.039999961853027,14.039999961853027,14.039999961853027,0
2018-01-11,14.039999961853027,14.039999961853027,14.039999961853027,14.039999961853027,14.039999961853027,250
2018-01-12,14.039999961853027,14.039999961853027,14.039999961853027,14.039999961853027,14.039999961853027,0
2018-01-16,14.039999961853027,14.039999961853027,14.015999794006348,14.015999794006348,14.015999794006348,6375
2018-01-17,14.039999961853027,14.039999961853027,14.0,14.0,14.0,2125
2018-01-18,14.0,14.119999885559082,13.97599983215332,14.119999885559082,14.119999885559082,4375
2018-01-19,14.119999885559082,14.119999885559082,14.119999885559082,14.119999885559082,14.119999885559082,0
2018-01-22,13.97599983215332,14.016799926757812,13.97599983215332,14.016799926757812,14.016799926757812,1625
2018-01-23,14.015999794006348,14.015999794006348,14.015999794006348,14.015999794006348,14.015999794006348,125
2018-01-24,14.015999794006348,14.015999794006348,14.015999794006348,14.015999794006348,14.015999794006348,125
2018-01-25,14.015999794006348,14.015999794006348,14.015999794006348,14.015999794006348,14.015999794006348,0
2018-01-26,14.028800010681152,14.04800033569336,14.028800010681152,14.04800033569336,14.04800033569336,7000
2018-01-29,14.04800033569336,14.055999755859375,14.04800033569336,14.055999755859375,14.055999755859375,1375
2018-01-30,14.079999923706055,14.079999923706055,14.079999923706055,14.079999923706055,14.079999923706055,125
2018-01-31,14.079999923706055,14.079999923706055,14.0,14.0,14.0,2000
2018-02-01,14.0,14.0,14.0,14.0,14.0,0
2018-02-02,14.0,14.0,14.0,14.0,14.0,0
2018-02-05,14.0,14.0,13.880000114440918,14.0,14.0,6000
2018-02-06,13.935999870300293,14.0,13.935999870300293,14.0,14.0,1500
2018-02-07,14.0,14.0,14.0,14.0,14.0,0
2018-02-08,14.0,14.0,14.0,14.0,14.0,0
2018-02-09,14.0,14.0,14.0,14.0,14.0,0
2018-02-12,14.0,14.0,14.0,14.0,14.0,0
2018-02-13,14.0,14.0,14.0,14.0,14.0,0
2018-02-14,13.920000076293945,14.039999961853027,13.920000076293945,14.039999961853027,14.039999961853027,1250
2018-02-15,14.07919979095459,14.07919979095459,14.0,14.0,14.0,1000
2018-02-16,14.079999923706055,14.15999984741211,14.079999923706055,14.15999984741211,14.15999984741211,5250
2018-02-20,14.12399959564209,14.15999984741211,14.07759952545166,14.079999923706055,14.079999923706055,4125
2018-02-21,14.079999923706055,14.079999923706055,14.079999923706055,14.079999923706055,14.079999923706055,0
2018-02-22,14.079999923706055,14.079999923706055,14.079999923706055,14.079999923706055,14.079999923706055,0
2018-02-23,14.15999984741211,14.15999984741211,14.1496000289917,14.15999984741211,14.15999984741211,1625
2018-02-26,14.119999885559082,14.119999885559082,14.119999885559082,14.119999885559082,14.119999885559082,500
2018-02-27,14.119999885559082,14.119999885559082,14.119999885559082,14.119999885559082,14.119999885559082,0
2018-02-28,14.119999885559082,14.119999885559082,14.119999885559082,14.119999885559082,14.119999885559082,6625
2018-03-01,14.144000053405762,14.144000053405762,14.144000053405762,14.144000053405762,14.144000053405762,1500
2018-03-02,14.144000053405762,14.144000053405762,14.144000053405762,14.144000053405762,14.144000053405762,500
2018-03-05,14.079999923706055,14.079999923706055,14.079999923706055,14.079999923706055,14.079999923706055,750
2018-03-06,14.079999923706055,14.079999923706055,14.079999923706055,14.079999923706055,14.079999923706055,12750
2018-03-07,14.119999885559082,14.119999885559082,14.119999885559082,14.119999885559082,14.119999885559082,750
2018-03-08,14.119999885559082,14.119999885559082,14.119999885559082,14.119999885559082,14.119999885559082,375
2018-03-09,14.119999885559082,14.119999885559082,14.119999885559082,14.119999885559082,14.119999885559082,750
2018-03-12,14.119999885559082,14.119999885559082,14.119999885559082,14.119999885559082,14.119999885559082,0
2018-03-13,14.119999885559082,14.119999885559082,14.039999961853027,14.04800033569336,14.04800033569336,9625
2018-03-14,14.0,14.0,14.0,14.0,14.0,250
2018-03-15,14.0,14.02400016784668,14.0,14.02400016784668,14.02400016784668,21875
2018-03-16,13.960000038146973,13.960000038146973,13.920000076293945,13.920000076293945,13.920000076293945,375
2018-03-19,13.920000076293945,14.0,13.920000076293945,14.0,14.0,1375
2018-03-20,13.920000076293945,13.920000076293945,13.920000076293945,13.920000076293945,13.920000076293945,1000
2018-03-21,14.0,14.0,13.920000076293945,13.920000076293945,13.920000076293945,875
2018-03-22,13.920000076293945,13.920000076293945,13.920000076293945,13.920000076293945,13.920000076293945,625
2018-03-23,13.920000076293945,13.920000076293945,13.920000076293945,13.920000076293945,13.920000076293945,0
2018-03-26,13.920000076293945,13.920000076293945,13.920000076293945,13.920000076293945,13.920000076293945,2250
2018-03-27,13.920000076293945,13.920000076293945,13.920000076293945,13.920000076293945,13.920000076293945,1875
2018-03-28,13.920000076293945,13.920000076293945,13.920000076293945,13.920000076293945,13.920000076293945,0
2018-03-29,13.920000076293945,13.920000076293945,13.920000076293945,13.920000076293945,13.920000076293945,625
2018-04-02,13.920000076293945,13.920000076293945,13.920000076293945,13.920000076293945,13.920000076293945,4500
2018-04-03,13.920000076293945,13.920000076293945,13.880000114440918,13.880000114440918,13.880000114440918,2625
2018-04-04,13.880000114440918,13.880000114440918,13.880000114440918,13.880000114440918,13.880000114440918,0
2018-04-05,13.880000114440918,13.880000114440918,13.880000114440918,13.880000114440918,13.880000114440918,0
2018-04-06,13.880000114440918,13.880000114440918,13.880000114440918,13.880000114440918,13.880000114440918,625
2018-04-09,13.880000114440918,13.880000114440918,13.880000114440918,13.880000114440918,13.880000114440918,625
2018-04-10,13.920000076293945,13.920000076293945,13.920000076293945,13.920000076293945,13.920000076293945,125
2018-04-11,13.920000076293945,13.920000076293945,13.880000114440918,13.920000076293945,13.920000076293945,4000
2018-04-12,13.960000038146973,13.960000038146973,13.855999946594238,13.960000038146973,13.960000038146973,5250
2018-04-13,13.959199905395508,13.960000038146973,13.920000076293945,13.920000076293945,13.920000076293945,2375
2018-04-16,13.920000076293945,13.920000076293945,13.815999984741211,13.815999984741211,13.815999984741211,9375
2018-04-17,13.84000015258789,13.84000015258789,13.84000015258789,13.84000015258789,13.84000015258789,875
2018-04-18,13.84000015258789,13.84000015258789,13.84000015258789,13.84000015258789,13.84000015258789,24000
2018-04-19,13.84000015258789,13.84000015258789,13.84000015258789,13.84000015258789,13.84000015258789,0
2018-04-20,13.84000015258789,13.84000015258789,13.84000015258789,13.84000015258789,13.84000015258789,0
2018-04-23,13.84000015258789,13.84000015258789,13.84000015258789,13.84000015258789,13.84000015258789,0
2018-04-24,13.91919994354248,13.91919994354248,13.91919994354248,13.91919994354248,13.91919994354248,125
2018-04-25,13.84000015258789,13.84000015258789,13.84000015258789,13.84000015258789,13.84000015258789,250
2018-04-26,13.91919994354248,13.91919994354248,13.91919994354248,13.91919994354248,13.91919994354248,250
2018-04-27,13.84000015258789,13.84000015258789,13.84000015258789,13.84000015258789,13.84000015258789,1625
2018-04-30,13.84000015258789,13.84000015258789,13.84000015258789,13.84000015258789,13.84000015258789,0
2018-05-01,13.815999984741211,13.815999984741211,13.800000190734863,13.800000190734863,13.800000190734863,3250
2018-05-02,13.800000190734863,13.800000190734863,13.800000190734863,13.800000190734863,13.800000190734863,500
2018-05-03,13.800000190734863,13.800000190734863,13.800000190734863,13.800000190734863,13.800000190734863,1375
2018-05-04,13.920000076293945,13.920000076293945,13.920000076293945,13.920000076293945,13.920000076293945,1500
2018-05-07,13.760000228881836,13.84000015258789,13.640000343322754,13.640000343322754,13.640000343322754,8875
2018-05-08,13.640000343322754,13.640000343322754,13.640000343322754,13.640000343322754,13.640000343322754,0
2018-05-09,13.800000190734863,13.800000190734863,13.800000190734863,13.800000190734863,13.800000190734863,625
2018-05-10,13.800000190734863,13.800000190734863,13.800000190734863,13.800000190734863,13.800000190734863,0
2018-05-11,13.800000190734863,13.800000190734863,13.800000190734863,13.800000190734863,13.800000190734863,1500
2018-05-14,13.680000305175781,13.680000305175781,13.600000381469727,13.600000381469727,13.600000381469727,2875
2018-05-15,13.791999816894531,13.80720043182373,13.791999816894531,13.80720043182373,13.80720043182373,1375
2018-05-16,13.800000190734863,13.800000190734863,13.800000190734863,13.800000190734863,13.800000190734863,250
2018-05-17,13.800000190734863,13.800000190734863,13.800000190734863,13.800000190734863,13.800000190734863,0
2018-05-18,13.800000190734863,13.800000190734863,13.800000190734863,13.800000190734863,13.800000190734863,0
2018-05-21,13.640000343322754,13.720000267028809,13.640000343322754,13.720000267028809,13.720000267028809,16375
2018-05-22,13.760000228881836,13.760000228881836,13.760000228881836,13.760000228881836,13.760000228881836,625
2018-05-23,13.607999801635742,13.672800064086914,13.607999801635742,13.672800064086914,13.672800064086914,1625
2018-05-24,13.607999801635742,13.607999801635742,13.600000381469727,13.600000381469727,13.600000381469727,1250
2018-05-25,13.600000381469727,13.600000381469727,13.600000381469727,13.600000381469727,13.600000381469727,1000
2018-05-29,13.600799560546875,13.600799560546875,13.600799560546875,13.600799560546875,13.600799560546875,625
2018-05-30,13.600799560546875,13.600799560546875,13.600799560546875,13.600799560546875,13.600799560546875,0
2018-05-31,13.600000381469727,13.600000381469727,13.5600004196167,13.5600004196167,13.5600004196167,1000
2018-06-01,13.5600004196167,13.5600004196167,13.5600004196167,13.5600004196167,13.5600004196167,0
2018-06-04,13.607999801635742,13.607999801635742,13.607999801635742,13.607999801635742,13.607999801635742,250
2018-06-05,13.680000305175781,13.680000305175781,13.680000305175781,13.680000305175781,13.680000305175781,125
2018-06-06,13.479999542236328,13.640000343322754,13.479999542236328,13.640000343322754,13.640000343322754,4000
2018-06-07,13.640000343322754,13.640000343322754,13.640000343322754,13.640000343322754,13.640000343322754,125
2018-06-08,13.67199993133545,13.680000305175781,13.67199993133545,13.680000305175781,13.680000305175781,2250
2018-06-11,13.640000343322754,13.640000343322754,13.600000381469727,13.600000381469727,13.600000381469727,750
2018-06-12,13.600000381469727,13.640000343322754,13.600000381469727,13.640000343322754,13.640000343322754,12375
2018-06-13,13.600000381469727,13.600000381469727,13.600000381469727,13.600000381469727,13.600000381469727,125
2018-06-14,13.600000381469727,13.680000305175781,13.600000381469727,13.640000343322754,13.640000343322754,6000
2018-06-15,13.680000305175781,13.680000305175781,13.640000343322754,13.640000343322754,13.640000343322754,2375
2018-06-18,13.64799976348877,13.680000305175781,13.64799976348877,13.680000305175781,13.680000305175781,4125
2018-06-19,13.680000305175781,13.680000305175781,13.680000305175781,13.680000305175781,13.680000305175781,250
2018-06-20,13.616000175476074,13.616000175476074,13.600000381469727,13.600000381469727,13.600000381469727,750
2018-06-21,13.600000381469727,13.600000381469727,13.600000381469727,13.600000381469727,13.600000381469727,250
2018-06-22,13.663999557495117,13.663999557495117,13.663999557495117,13.663999557495117,13.663999557495117,1375
2018-06-25,13.664799690246582,13.680000305175781,13.664799690246582,13.680000305175781,13.680000305175781,4125
2018-06-26,13.607999801635742,13.720000267028809,13.600000381469727,13.720000267028809,13.720000267028809,12500
2018-06-27,13.640000343322754,13.640000343322754,13.640000343322754,13.640000343322754,13.640000343322754,4375
2018-06-28,13.720000267028809,13.760000228881836,13.720000267028809,13.760000228881836,13.760000228881836,16875
2018-06-29,13.760000228881836,13.760000228881836,13.760000228881836,13.760000228881836,13.760000228881836,0
2018-07-02,13.760000228881836,13.760000228881836,13.760000228881836,13.760000228881836,13.760000228881836,250
2018-07-03,13.800000190734863,13.880000114440918,13.800000190734863,13.880000114440918,13.880000114440918,1125
2018-07-05,13.880000114440918,13.880000114440918,13.880000114440918,13.880000114440918,13.880000114440918,0
2018-07-06,13.800000190734863,13.800000190734863,13.800000190734863,13.800000190734863,13.800000190734863,750
2018-07-09,13.960000038146973,13.960000038146973,13.960000038146973,13.960000038146973,13.960000038146973,1500
2018-07-10,13.960000038146973,14.15999984741211,13.960000038146973,14.15999984741211,14.15999984741211,12875
2018-07-11,14.15999984741211,14.199999809265137,14.079999923706055,14.199999809265137,14.199999809265137,2625
2018-07-12,14.199999809265137,14.279999732971191,14.199999809265137,14.279999732971191,14.279999732971191,375
2018-07-13,14.399999618530273,14.399999618530273,14.319999694824219,14.319999694824219,14.319999694824219,375
2018-07-16,14.4399995803833,14.5600004196167,14.4399995803833,14.5600004196167,14.5600004196167,5750
2018-07-17,14.640000343322754,14.800000190734863,14.640000343322754,14.680000305175781,14.680000305175781,3750
2018-07-18,14.680000305175781,14.720000267028809,14.680000305175781,14.680000305175781,14.680000305175781,3375
2018-07-19,14.680000305175781,15.600000381469727,14.680000305175781,15.559200286865234,15.559200286865234,2000
2018-07-20,15.4399995803833,15.4399995803833,15.4399995803833,15.4399995803833,15.4399995803833,125
2018-07-23,15.4399995803833,15.4399995803833,15.4399995803833,15.4399995803833,15.4399995803833,0
2018-07-24,15.4399995803833,15.4399995803833,15.4399995803833,15.4399995803833,15.4399995803833,0
2018-07-25,15.0,15.0,15.0,15.0,15.0,3125
2018-07-26,14.800000190734863,14.800000190734863,14.800000190734863,14.800000190734863,14.800000190734863,1875
2018-07-27,14.800000190734863,14.800000190734863,14.800000190734863,14.800000190734863,14.800000190734863,0
2018-07-30,14.680000305175781,14.680000305175781,14.680000305175781,14.680000305175781,14.680000305175781,250
2018-07-31,14.800000190734863,14.800000190734863,14.600000381469727,14.600000381469727,14.600000381469727,9375
2018-08-01,14.640000343322754,14.800000190734863,14.640000343322754,14.800000190734863,14.800000190734863,1625
2018-08-02,14.800000190734863,14.800000190734863,14.800000190734863,14.800000190734863,14.800000190734863,1250
2018-08-03,14.880000114440918,14.880000114440918,14.880000114440918,14.880000114440918,14.880000114440918,875
2018-08-06,14.960000038146973,15.039999961853027,14.880000114440918,14.880000114440918,14.880000114440918,2625
2018-08-07,14.800000190734863,14.800000190734863,14.800000190734863,14.800000190734863,14.800000190734863,1375
2018-08-08,14.800800323486328,15.079999923706055,14.800000190734863,15.079999923706055,15.079999923706055,375
2018-08-09,15.079999923706055,15.079999923706055,15.079999923706055,15.079999923706055,15.079999923706055,125
2018-08-10,15.020000457763672,15.020000457763672,15.020000457763672,15.020000457763672,15.020000457763672,375
2018-08-13,14.880000114440918,15.15999984741211,14.880000114440918,15.15999984741211,15.15999984741211,14250
2018-08-14,15.119999885559082,15.15999984741211,15.079999923706055,15.15999984741211,15.15999984741211,84625
2018-08-15,15.15999984741211,15.15999984741211,15.15999984741211,15.15999984741211,15.15999984741211,0
2018-08-16,15.15999984741211,15.15999984741211,15.15999984741211,15.15999984741211,15.15999984741211,1250
2018-08-17,15.15999984741211,15.15999984741211,15.15999984741211,15.15999984741211,15.15999984741211,875
2018-08-20,15.15999984741211,15.15999984741211,15.15999984741211,15.15999984741211,15.15999984741211,0
2018-08-21,15.310400009155273,15.699999809265137,15.310400009155273,15.699999809265137,15.699999809265137,1000
2018-08-22,15.880000114440918,15.880000114440918,15.4399995803833,15.879199981689453,15.879199981689453,6625
2018-08-23,15.880000114440918,15.880000114440918,15.319999694824219,15.319999694824219,15.319999694824219,3375
2018-08-24,15.319999694824219,15.319999694824219,15.319999694824219,15.319999694824219,15.319999694824219,0
2018-08-27,15.600000381469727,15.600000381469727,15.600000381469727,15.600000381469727,15.600000381469727,625
2018-08-28,15.600000381469727,15.760000228881836,15.600000381469727,15.760000228881836,15.760000228881836,1125
2018-08-29,15.399999618530273,15.759200096130371,15.399999618530273,15.759200096130371,15.759200096130371,625
2018-08-30,15.759200096130371,15.759200096130371,15.759200096130371,15.759200096130371,15.759200096130371,0
2018-08-31,15.760000228881836,15.760000228881836,15.720000267028809,15.720000267028809,15.720000267028809,2125
2018-09-04,15.760000228881836,15.760000228881836,15.760000228881836,15.760000228881836,15.760000228881836,1125
2018-09-05,15.800000190734863,15.800000190734863,15.7608003616333,15.7608003616333,15.7608003616333,2500
2018-09-06,15.760000228881836,15.812000274658203,15.760000228881836,15.800000190734863,15.800000190734863,3250
2018-09-07,15.84000015258789,15.84000015258789,15.84000015258789,15.84000015258789,15.84000015258789,500
2018-09-10,15.84000015258789,15.84000015258789,15.800000190734863,15.800000190734863,15.800000190734863,1125
2018-09-11,15.760000228881836,16.399999618530273,15.760000228881836,16.31999969482422,16.31999969482422,4000
2018-09-12,15.760000228881836,16.0,15.760000228881836,16.0,16.0,3750
2018-09-13,16.07200050354004,16.239999771118164,16.07200050354004,16.239999771118164,16.239999771118164,2875
2018-09-14,16.959999084472656,16.959999084472656,16.0,16.0,16.0,802250
2018-09-17,16.040000915527344,16.079999923706055,16.0,16.0,16.0,79875
2018-09-18,16.06399917602539,16.239999771118164,15.84000015258789,15.97599983215332,15.97599983215332,152000
2018-09-19,16.0,16.01759910583496,15.960000038146973,16.0,16.0,57500
2018-09-20,16.0,16.031999588012695,16.0,16.0,16.0,6250
2018-09-21,16.014400482177734,16.053600311279297,16.0,16.0,16.0,3875
2018-09-24,16.0,16.079999923706055,16.0,16.0,16.0,6875
2018-09-25,16.0,16.031999588012695,16.0,16.0,16.0,9875
2018-09-26,16.0,16.028799057006836,16.0,16.0,16.0,31250
2018-09-27,16.016799926757812,16.016799926757812,15.84000015258789,15.95199966430664,15.95199966430664,8250
2018-09-28,16.031999588012695,16.031999588012695,15.84000015258789,15.84000015258789,15.84000015258789,1000
2018-10-01,15.904000282287598,15.961600303649902,15.84000015258789,15.84000015258789,15.84000015258789,5750
2018-10-02,15.84000015258789,15.920000076293945,15.760000228881836,15.791999816894531,15.791999816894531,27000
2018-10-03,15.767999649047852,15.800000190734863,15.760000228881836,15.800000190734863,15.800000190734863,1750
2018-10-04,15.800000190734863,15.920000076293945,15.800000190734863,15.855999946594238,15.855999946594238,6875
2018-10-05,15.855999946594238,15.911999702453613,15.800000190734863,15.800000190734863,15.800000190734863,62875
2018-10-08,15.800000190734863,15.806400299072266,15.680000305175781,15.704000473022461,15.704000473022461,146875
2018-10-09,15.663999557495117,15.663999557495117,15.479999542236328,15.496000289916992,15.496000289916992,158875
2018-10-10,15.479999542236328,15.675999641418457,15.479999542236328,15.600000381469727,15.600000381469727,5375
2018-10-11,15.600000381469727,15.720000267028809,15.399999618530273,15.48799991607666,15.48799991607666,33250
2018-10-12,15.543999671936035,15.543999671936035,15.288000106811523,15.288000106811523,15.288000106811523,4250
2018-10-15,15.272000312805176,15.399999618530273,14.84000015258789,14.84000015258789,14.84000015258789,13375
2018-10-16,14.968000411987305,15.12559986114502,14.890399932861328,14.960000038146973,14.960000038146973,5125
2018-10-17,15.02400016784668,15.02400016784668,14.855999946594238,14.855999946594238,14.855999946594238,1750
2018-10-18,14.928000450134277,14.928000450134277,14.324000358581543,14.399999618530273,14.399999618530273,4625
2018-10-19,14.399999618530273,14.399999618530273,13.144000053405762,13.640000343322754,13.640000343322754,28375
2018-10-22,13.640000343322754,13.96720027923584,13.640000343322754,13.911999702453613,13.911999702453613,6750
2018-10-23,13.871999740600586,13.911999702453613,13.640000343322754,13.656000137329102,13.656000137329102,29250
2018-10-24,13.640000343322754,13.800000190734863,13.255999565124512,13.359999656677246,13.359999656677246,59000
2018-10-25,13.4399995803833,13.720000267028809,13.399999618530273,13.600000381469727,13.600000381469727,25250
2018-10-26,13.543999671936035,13.711999893188477,13.515999794006348,13.704000473022461,13.704000473022461,4000
2018-10-29,13.711999893188477,15.0,13.4399995803833,13.807999610900879,13.807999610900879,8500
2018-10-30,13.880000114440918,15.0,13.592000007629395,14.152000427246094,14.152000427246094,17125
2018-10-31,13.887999534606934,14.232000350952148,13.696000099182129,14.0,14.0,15875
2018-11-01,14.0,14.0,14.0,14.0,14.0,125
2018-11-02,14.095999717712402,14.784000396728516,14.095999717712402,14.784000396728516,14.784000396728516,1250
2018-11-05,14.784000396728516,14.981599807739258,14.520000457763672,14.520000457763672,14.520000457763672,1500
2018-11-06,14.911999702453613,14.911999702453613,14.399999618530273,14.751999855041504,14.751999855041504,5125
2018-11-07,14.751999855041504,14.751999855041504,14.751999855041504,14.751999855041504,14.751999855041504,625
2018-11-08,14.751999855041504,15.064000129699707,14.751999855041504,15.064000129699707,15.064000129699707,12375
2018-11-09,15.152000427246094,15.152000427246094,14.727999687194824,15.144000053405762,15.144000053405762,34250
2018-11-12,15.119999885559082,15.359999656677246,14.720000267028809,15.359999656677246,15.359999656677246,17125
2018-11-13,15.208000183105469,15.944000244140625,14.880000114440918,15.895999908447266,15.895999908447266,52375
2018-11-14,15.960000038146973,16.408000946044922,15.600000381469727,16.408000946044922,16.408000946044922,140875
2018-11-15,16.351999282836914,16.360000610351562,14.824000358581543,16.200000762939453,16.200000762939453,8875
2018-11-16,16.3439998626709,16.3439998626709,16.15999984741211,16.239999771118164,16.239999771118164,16750
2018-11-19,16.200000762939453,16.392000198364258,15.555999755859375,16.360000610351562,16.360000610351562,13875
2018-11-20,16.200000762939453,16.200000762939453,15.640000343322754,15.640000343322754,15.640000343322754,7750
2018-11-21,15.911999702453613,16.15999984741211,14.960000038146973,16.0,16.0,26625
2018-11-23,16.15999984741211,16.15999984741211,16.15999984741211,16.15999984741211,16.15999984741211,250
2018-11-26,16.15999984741211,16.392000198364258,15.416000366210938,15.416000366210938,15.416000366210938,12875
2018-11-27,15.447999954223633,16.031999588012695,15.214400291442871,15.904000282287598,15.904000282287598,18750
2018-11-28,15.95199966430664,16.0,15.015999794006348,15.920000076293945,15.920000076293945,45250
2018-11-29,15.880000114440918,16.104000091552734,15.34000015258789,16.104000091552734,16.104000091552734,8375
2018-11-30,15.392000198364258,16.200000762939453,15.392000198364258,16.200000762939453,16.200000762939453,30000
2018-12-03,16.0,16.360000610351562,15.760000228881836,16.07200050354004,16.07200050354004,41375
2018-12-04,16.0,16.27199935913086,15.631999969482422,16.0,16.0,59375
2018-12-06,16.0,16.327999114990234,15.53600025177002,16.0,16.0,24875
2018-12-07,16.0,16.20800018310547,15.279999732971191,16.0,16.0,34250
2018-12-10,16.0,16.304000854492188,15.083999633789062,16.04800033569336,16.04800033569336,59250
2018-12-11,16.256000518798828,16.280000686645508,15.204000473022461,16.079999923706055,16.079999923706055,67750
2018-12-12,15.607999801635742,16.239999771118164,15.46399974822998,15.871999740600586,15.871999740600586,47250
2018-12-13,15.991999626159668,16.20800018310547,15.4399995803833,16.104000091552734,16.104000091552734,54500
2018-12-14,16.191999435424805,16.191999435424805,15.52400016784668,15.880000114440918,15.880000114440918,44875
2018-12-17,15.656000137329102,15.920000076293945,14.631999969482422,15.13599967956543,15.13599967956543,52250
2018-12-18,15.199999809265137,15.784000396728516,14.479999542236328,14.527999877929688,14.527999877929688,71750
2018-12-19,14.656000137329102,14.751999855041504,12.423999786376953,12.720000267028809,12.720000267028809,74000
2018-12-20,13.039999961853027,13.600000381469727,12.720000267028809,12.760000228881836,12.760000228881836,125875
2018-12-21,12.871999740600586,14.711999893188477,12.871999740600586,14.008000373840332,14.008000373840332,243375
2018-12-24,13.984000205993652,13.984000205993652,13.095999717712402,13.279999732971191,13.279999732971191,5875
2018-12-26,13.35200023651123,13.769599914550781,12.84000015258789,13.288000106811523,13.288000106811523,17625
2018-12-27,13.199999809265137,13.199999809265137,12.84000015258789,13.079999923706055,13.079999923706055,23625
2018-12-28,13.031999588012695,13.359999656677246,13.031999588012695,13.35200023651123,13.35200023651123,7250
2018-12-31,13.472000122070312,14.359999656677246,13.03600025177002,14.088000297546387,14.088000297546387,26000
2019-01-02,14.13599967956543,14.199999809265137,13.567999839782715,14.13599967956543,14.13599967956543,24750
2019-01-03,14.119999885559082,14.168000221252441,13.423999786376953,14.168000221252441,14.168000221252441,9875
2019-01-04,14.263999938964844,14.600000381469727,14.168000221252441,14.592000007629395,14.592000007629395,20750
2019-01-07,14.583999633789062,14.583999633789062,14.279999732971191,14.279999732971191,14.279999732971191,8125
2019-01-08,14.479999542236328,14.479999542236328,13.727999687194824,14.223999977111816,14.223999977111816,2875
2019-01-09,14.239999771118164,14.552000045776367,13.86400032043457,14.112000465393066,14.112000465393066,5250
2019-01-10,14.51200008392334,14.51200008392334,14.015999794006348,14.015999794006348,14.015999794006348,2750
2019-01-11,13.968000411987305,14.243200302124023,13.871999740600586,14.055999755859375,14.055999755859375,2000
2019-01-14,13.939200401306152,14.392000198364258,13.939200401306152,14.13599967956543,14.13599967956543,3250
2019-01-15,14.13599967956543,14.383999824523926,14.0,14.04800033569336,14.04800033569336,3750
2019-01-16,14.088000297546387,14.46399974822998,14.079999923706055,14.46399974822998,14.46399974822998,1875
2019-01-17,14.359999656677246,14.472000122070312,14.055999755859375,14.055999755859375,14.055999755859375,11500
2019-01-18,14.104000091552734,14.776000022888184,13.95199966430664,14.079999923706055,14.079999923706055,14125
2019-01-22,13.968000411987305,14.663999557495117,13.96560001373291,14.119999885559082,14.119999885559082,6750
2019-01-23,14.175999641418457,14.303999900817871,14.175999641418457,14.303999900817871,14.303999900817871,1375
2019-01-24,14.215200424194336,14.215200424194336,13.895999908447266,14.04800033569336,14.04800033569336,3875
2019-01-25,13.960000038146973,14.083999633789062,13.928000450134277,13.935999870300293,13.935999870300293,64875
2019-01-28,13.847999572753906,13.960000038146973,13.847999572753906,13.960000038146973,13.960000038146973,5625
2019-01-29,13.86400032043457,14.039999961853027,13.800000190734863,13.800000190734863,13.800000190734863,62500
2019-01-30,13.815999984741211,14.0,13.807999610900879,13.880000114440918,13.880000114440918,3000
2019-01-31,13.971199989318848,14.0,13.834400177001953,14.0,14.0,7000
2019-02-01,13.97920036315918,14.031999588012695,13.855999946594238,13.960000038146973,13.960000038146973,6875
2019-02-04,13.960000038146973,14.0,13.935999870300293,13.960000038146973,13.960000038146973,9625
2019-02-05,13.96399974822998,13.991999626159668,13.935999870300293,13.960000038146973,13.960000038146973,7625
2019-02-06,13.984000205993652,13.984000205993652,13.855999946594238,13.855999946594238,13.855999946594238,7250
2019-02-07,13.95199966430664,13.95199966430664,13.815999984741211,13.824000358581543,13.824000358581543,6375
2019-02-08,13.711999893188477,13.956000328063965,13.711999893188477,13.831999778747559,13.831999778747559,3875
2019-02-11,14.008000373840332,14.008000373840332,13.847999572753906,13.880000114440918,13.880000114440918,4625
2019-02-12,13.960000038146973,13.960000038146973,13.918399810791016,13.920000076293945,13.920000076293945,2625
2019-02-13,13.920000076293945,13.920000076293945,13.920000076293945,13.920000076293945,13.920000076293945,375
2019-02-14,13.935999870300293,13.960000038146973,13.935999870300293,13.960000038146973,13.960000038146973,10375
2019-02-15,13.968000411987305,14.199999809265137,13.968000411987305,13.968000411987305,13.968000411987305,39500
2019-02-19,14.0,14.071999549865723,13.97599983215332,14.071999549865723,14.071999549865723,12750
2019-02-20,14.055999755859375,14.119999885559082,14.055999755859375,14.079999923706055,14.079999923706055,19875
2019-02-21,14.131999969482422,14.131999969482422,14.079999923706055,14.128000259399414,14.128000259399414,18375
2019-02-22,14.239999771118164,14.303999900817871,14.079999923706055,14.303999900817871,14.303999900817871,77750
2019-02-25,14.255999565124512,14.392000198364258,14.128000259399414,14.192000389099121,14.192000389099121,5500
2019-02-26,14.144000053405762,14.199999809265137,14.144000053405762,14.144000053405762,14.144000053405762,8625
2019-02-27,14.144000053405762,14.288000106811523,14.095999717712402,14.184000015258789,14.184000015258789,12500
2019-02-28,14.32800006866455,14.32800006866455,14.184000015258789,14.199999809265137,14.199999809265137,3750
2019-03-01,14.215999603271484,14.336000442504883,14.215999603271484,14.215999603271484,14.215999603271484,11875
2019-03-04,14.152000427246094,14.249600410461426,14.128000259399414,14.128000259399414,14.128000259399414,25000
2019-03-05,14.128000259399414,14.199999809265137,14.128000259399414,14.128000259399414,14.128000259399414,6125
2019-03-06,14.128000259399414,14.192000389099121,14.128000259399414,14.128000259399414,14.128000259399414,9375
2019-03-07,14.124799728393555,14.124799728393555,14.088000297546387,14.088000297546387,14.088000297546387,1125
2019-03-08,14.088000297546387,14.112000465393066,13.86400032043457,14.0,14.0,15500
2019-03-11,13.968000411987305,14.008000373840332,13.895999908447266,13.956000328063965,13.956000328063965,11875
2019-03-12,13.935999870300293,14.008000373840332,13.895999908447266,13.895999908447266,13.895999908447266,7250
2019-03-13,13.920000076293945,13.920000076293945,13.895999908447266,13.911999702453613,13.911999702453613,11250
2019-03-14,13.920000076293945,13.920000076293945,13.836000442504883,13.887999534606934,13.887999534606934,21250
2019-03-15,13.871999740600586,13.879199981689453,13.847999572753906,13.847999572753906,13.847999572753906,14000
2019-03-18,13.831999778747559,13.868000030517578,13.643199920654297,13.855999946594238,13.855999946594238,121750
2019-03-19,13.824000358581543,14.095999717712402,13.776000022888184,14.095999717712402,14.095999717712402,18500
2019-03-20,14.0,14.0,13.776000022888184,13.887999534606934,13.887999534606934,15000
2019-03-21,13.84000015258789,13.991999626159668,13.751999855041504,13.751999855041504,13.751999855041504,3125
2019-03-22,13.727999687194824,13.736000061035156,13.368000030517578,13.680000305175781,13.680000305175781,5875
2019-03-25,13.319999694824219,13.720000267028809,13.272000312805176,13.432000160217285,13.432000160217285,13875
2019-03-26,13.607999801635742,13.760000228881836,13.299200057983398,13.751999855041504,13.751999855041504,22250
2019-03-27,13.631999969482422,13.784000396728516,13.503999710083008,13.576000213623047,13.576000213623047,22375
2019-03-28,13.547200202941895,13.600000381469727,13.53600025177002,13.53600025177002,13.53600025177002,9500
2019-03-29,13.46399974822998,13.527999877929688,13.46399974822998,13.527999877929688,13.527999877929688,2125
2019-04-01,13.496000289916992,13.592000007629395,13.496000289916992,13.5600004196167,13.5600004196167,8500
2019-04-02,13.496000289916992,13.640000343322754,13.496000289916992,13.616000175476074,13.616000175476074,11250
2019-04-03,13.503999710083008,13.736000061035156,13.496000289916992,13.592000007629395,13.592000007629395,9000
2019-04-04,13.600000381469727,13.600000381469727,13.53600025177002,13.583999633789062,13.583999633789062,2625
2019-04-05,13.600000381469727,13.704000473022461,13.543999671936035,13.704000473022461,13.704000473022461,7500
2019-04-08,13.600000381469727,13.696000099182129,13.552000045776367,13.552000045776367,13.552000045776367,10500
2019-04-09,13.520000457763672,13.520000457763672,13.496000289916992,13.496000289916992,13.496000289916992,1375
2019-04-10,13.456000328063965,13.687999725341797,13.456000328063965,13.456000328063965,13.456000328063965,6375
2019-04-11,13.416000366210938,13.51200008392334,12.946399688720703,13.13599967956543,13.13599967956543,35750
2019-04-12,13.46399974822998,13.470399856567383,13.15999984741211,13.15999984741211,13.15999984741211,12250
2019-04-15,13.119999885559082,13.184000015258789,13.095999717712402,13.13599967956543,13.13599967956543,3750
2019-04-16,13.303999900817871,13.303999900817871,13.303999900817871,13.303999900817871,13.303999900817871,1750
2019-04-17,13.255999565124512,13.387999534606934,13.255999565124512,13.255999565124512,13.255999565124512,3375
2019-04-18,13.319999694824219,13.392000198364258,13.319999694824219,13.392000198364258,13.392000198364258,3000
2019-04-22,13.272000312805176,13.383999824523926,12.744000434875488,12.831999778747559,12.831999778747559,14375
2019-04-23,12.847999572753906,13.175999641418457,12.815999984741211,12.904000282287598,12.904000282287598,30000
2019-04-24,12.895999908447266,13.039999961853027,12.84000015258789,12.84000015258789,12.84000015258789,20500
2019-04-25,13.0,13.152000427246094,12.855999946594238,12.960000038146973,12.960000038146973,7250
2019-04-26,12.960000038146973,13.390399932861328,12.960000038146973,13.0,13.0,9250
2019-04-29,13.0,13.0,13.0,13.0,13.0,3250
2019-04-30,13.0,13.279999732971191,12.935999870300293,13.119999885559082,13.119999885559082,41500
2019-05-01,13.119999885559082,13.392000198364258,13.104000091552734,13.104000091552734,13.104000091552734,27875
2019-05-02,13.112000465393066,13.368000030517578,13.055999755859375,13.35200023651123,13.35200023651123,33625
2019-05-03,13.288000106811523,13.592000007629395,13.088000297546387,13.392000198364258,13.392000198364258,21500
2019-05-06,13.144000053405762,13.600000381469727,13.144000053405762,13.359999656677246,13.359999656677246,16375
2019-05-07,13.319999694824219,13.423999786376953,13.055999755859375,13.104000091552734,13.104000091552734,14250
2019-05-08,13.175999641418457,13.600000381469727,13.175999641418457,13.312000274658203,13.312000274658203,19375
2019-05-09,13.383999824523926,13.515999794006348,13.232000350952148,13.303999900817871,13.303999900817871,12125
2019-05-10,13.416000366210938,13.4399995803833,13.291999816894531,13.4399995803833,13.4399995803833,7875
2019-05-13,13.32800006866455,13.855999946594238,13.225600242614746,13.704000473022461,13.704000473022461,33500
2019-05-14,14.0,14.0,13.711999893188477,13.991999626159668,13.991999626159668,33250
2019-05-15,14.055999755859375,14.887999534606934,13.95199966430664,13.991999626159668,13.991999626159668,153625
2019-05-16,14.0,14.295999526977539,13.416000366210938,14.13599967956543,14.13599967956543,129750
2019-05-17,14.071999549865723,14.456000328063965,13.550399780273438,13.800000190734863,13.800000190734863,68250
2019-05-20,13.920000076293945,14.055999755859375,12.960000038146973,13.592000007629395,13.592000007629395,146750
2019-05-21,13.696000099182129,14.0,13.416000366210938,13.855999946594238,13.855999946594238,40250
2019-05-22,13.935999870300293,14.0,13.45199966430664,13.600000381469727,13.600000381469727,54125
2019-05-23,13.732000350952148,14.064000129699707,13.5600004196167,14.064000129699707,14.064000129699707,29000
2019-05-24,14.35200023651123,14.35200023651123,13.715200424194336,14.192000389099121,14.192000389099121,38000
2019-05-28,14.175999641418457,14.383999824523926,13.899999618530273,14.383999824523926,14.383999824523926,27625
2019-05-29,14.2391996383667,14.399999618530273,14.13599967956543,14.303999900817871,14.303999900817871,38875
2019-05-30,14.119999885559082,14.407999992370605,14.119999885559082,14.35200023651123,14.35200023651123,49500
2019-05-31,13.966400146484375,14.399999618530273,13.895999908447266,14.199999809265137,14.199999809265137,30000
2019-06-03,14.263999938964844,14.295999526977539,14.039999961853027,14.279999732971191,14.279999732971191,21750
2019-06-04,14.303999900817871,14.312000274658203,13.819999694824219,14.055999755859375,14.055999755859375,24250
2019-06-05,13.871999740600586,14.399999618530273,13.871999740600586,14.336000442504883,14.336000442504883,45750
2019-06-06,14.399999618530273,14.472000122070312,14.211999893188477,14.383999824523926,14.383999824523926,13625
2019-06-07,13.6496000289917,14.696000099182129,13.6496000289917,14.399999618530273,14.399999618530273,19625
2019-06-10,14.288000106811523,14.479999542236328,13.871999740600586,14.472000122070312,14.472000122070312,51000
2019-06-11,14.472000122070312,14.760000228881836,14.04800033569336,14.472000122070312,14.472000122070312,37125
2019-06-12,14.552000045776367,14.744000434875488,14.03600025177002,14.600000381469727,14.600000381469727,97250
2019-06-13,14.479999542236328,15.680000305175781,14.279199600219727,15.199999809265137,15.199999809265137,59750
2019-06-14,15.079999923706055,15.079999923706055,14.755999565124512,14.920000076293945,14.920000076293945,37500
2019-06-17,14.760000228881836,15.199999809265137,14.668000221252441,15.119999885559082,15.119999885559082,60500
2019-06-18,15.015999794006348,15.303999900817871,14.62399959564209,15.112000465393066,15.112000465393066,44625
2019-06-19,15.112000465393066,15.199999809265137,14.944000244140625,15.119999885559082,15.119999885559082,57750
2019-06-20,15.0,15.184000015258789,14.984000205993652,15.119999885559082,15.119999885559082,49250
2019-06-21,15.071999549865723,15.119999885559082,14.592000007629395,15.119999885559082,15.119999885559082,47875
2019-06-24,15.104000091552734,15.119999885559082,14.960000038146973,15.119999885559082,15.119999885559082,60375
2019-06-25,14.991999626159668,15.199999809265137,14.815999984741211,15.112000465393066,15.112000465393066,54000
2019-06-26,15.199999809265137,15.199999809265137,14.5,15.039999961853027,15.039999961853027,52000
2019-06-27,15.175999641418457,15.199999809265137,14.907999992370605,15.199999809265137,15.199999809265137,72500
2019-06-28,15.199999809265137,15.687999725341797,15.104000091552734,15.53600025177002,15.53600025177002,1552125
2019-07-01,15.663999557495117,15.67199993133545,15.15999984741211,15.368000030517578,15.368000030517578,47750
2019-07-02,15.503999710083008,15.543999671936035,15.088000297546387,15.295999526977539,15.295999526977539,31750
2019-07-03,15.064000129699707,15.175999641418457,15.01200008392334,15.015999794006348,15.015999794006348,9250
2019-07-05,15.008000373840332,15.303999900817871,14.991999626159668,15.303999900817871,15.303999900817871,46000
2019-07-08,15.295999526977539,15.423999786376953,15.184000015258789,15.32800006866455,15.32800006866455,108000
2019-07-09,15.15999984741211,15.423999786376953,15.15999984741211,15.368000030517578,15.368000030517578,26250
2019-07-10,15.343999862670898,15.428000450134277,15.192000389099121,15.272000312805176,15.272000312805176,16750
2019-07-11,15.192000389099121,15.383999824523926,15.11520004272461,15.37600040435791,15.37600040435791,27250
2019-07-12,15.42080020904541,15.616000175476074,15.359999656677246,15.600000381469727,15.600000381469727,96000
2019-07-15,15.600000381469727,15.711999893188477,15.239999771118164,15.368000030517578,15.368000030517578,88500
2019-07-16,15.392000198364258,15.51200008392334,15.128000259399414,15.248000144958496,15.248000144958496,20250
2019-07-17,15.263999938964844,15.37600040435791,15.055999755859375,15.192000389099121,15.192000389099121,29500
2019-07-18,15.15999984741211,15.279999732971191,14.98799991607666,15.192000389099121,15.192000389099121,13000
2019-07-19,15.02400016784668,15.02400016784668,14.423999786376953,14.680000305175781,14.680000305175781,23125
2019-07-22,13.343999862670898,14.232000350952148,13.079999923706055,13.800000190734863,13.800000190734863,75625
2019-07-23,13.760000228881836,13.784000396728516,13.607999801635742,13.744000434875488,13.744000434875488,13000
2019-07-24,13.656000137329102,14.295999526977539,13.656000137329102,14.071999549865723,14.071999549865723,27500
2019-07-25,13.784000396728516,14.095999717712402,13.616000175476074,13.64799976348877,13.64799976348877,40250
2019-07-26,13.64799976348877,14.263999938964844,13.64799976348877,14.0,14.0,22000
2019-07-29,13.871999740600586,14.079999923706055,13.640000343322754,13.720000267028809,13.720000267028809,83250
2019-07-30,13.663999557495117,14.15999984741211,13.663999557495117,14.015999794006348,14.015999794006348,20375
2019-07-31,14.02400016784668,14.640000343322754,13.984000205993652,14.416000366210938,14.416000366210938,21875
2019-08-01,14.343999862670898,14.359999656677246,13.696000099182129,13.704000473022461,13.704000473022461,20125
2019-08-02,13.751999855041504,14.140000343322754,13.727999687194824,14.039999961853027,14.039999961853027,12875
2019-08-05,13.847999572753906,13.935999870300293,13.640000343322754,13.663999557495117,13.663999557495117,19875
2019-08-06,13.807999610900879,13.880000114440918,13.5600004196167,13.631999969482422,13.631999969482422,15500
2019-08-07,13.53600025177002,13.800000190734863,13.456000328063965,13.46399974822998,13.46399974822998,14250
2019-08-08,13.592000007629395,13.895999908447266,13.5600004196167,13.600000381469727,13.600000381469727,14750
2019-08-09,13.9399995803833,14.064000129699707,13.600000381469727,13.880000114440918,13.880000114440918,19750
2019-08-12,13.776000022888184,14.168000221252441,13.776000022888184,13.847999572753906,13.847999572753906,13500
2019-08-13,13.920000076293945,14.51200008392334,13.920000076293945,14.079999923706055,14.079999923706055,23125
2019-08-14,13.991999626159668,14.239999771118164,13.616000175476074,13.663999557495117,13.663999557495117,40000
2019-08-15,13.880000114440918,13.904000282287598,13.48799991607666,13.567999839782715,13.567999839782715,13625
2019-08-16,13.616000175476074,13.631999969482422,13.263999938964844,13.496000289916992,13.496000289916992,22000
2019-08-19,13.583999633789062,13.800000190734863,13.543999671936035,13.600000381469727,13.600000381469727,137000
2019-08-20,13.456000328063965,13.567999839782715,13.295999526977539,13.496000289916992,13.496000289916992,11375
2019-08-21,13.48799991607666,13.616000175476074,13.399999618530273,13.600000381469727,13.600000381469727,15125
2019-08-22,13.600000381469727,13.600000381469727,13.399999618530273,13.503999710083008,13.503999710083008,12250
2019-08-23,13.295999526977539,13.45199966430664,13.199999809265137,13.239999771118164,13.239999771118164,34000
2019-08-26,13.215999603271484,13.520000457763672,13.199999809265137,13.272000312805176,13.272000312805176,27000
2019-08-27,13.199999809265137,13.336000442504883,13.055999755859375,13.199999809265137,13.199999809265137,31375
2019-08-28,13.168000221252441,13.215999603271484,13.079999923706055,13.175999641418457,13.175999641418457,39625
2019-08-29,13.248000144958496,13.520000457763672,13.175999641418457,13.51200008392334,13.51200008392334,32625
2019-08-30,13.423999786376953,13.432000160217285,13.079999923706055,13.239999771118164,13.239999771118164,17500
2019-09-03,13.175999641418457,13.248000144958496,12.935999870300293,13.0,13.0,16625
2019-09-04,13.0,13.184000015258789,12.960000038146973,13.104000091552734,13.104000091552734,15250
2019-09-05,13.144000053405762,13.527999877929688,12.960000038146973,13.239999771118164,13.239999771118164,21125
2019-09-06,13.35200023651123,13.543999671936035,13.199999809265137,13.239999771118164,13.239999771118164,5500
2019-09-09,13.37600040435791,14.847999572753906,13.37600040435791,14.239999771118164,14.239999771118164,78125
2019-09-10,14.095999717712402,15.119999885559082,14.095999717712402,15.0,15.0,42000
2019-09-11,15.0,15.312000274658203,14.819999694824219,15.055999755859375,15.055999755859375,63500
2019-09-12,14.656000137329102,15.295999526977539,14.656000137329102,15.112000465393066,15.112000465393066,71000
2019-09-13,15.104000091552734,15.592000007629395,14.904000282287598,15.4399995803833,15.4399995803833,67625
2019-09-16,15.223999977111816,15.600000381469727,15.223999977111816,15.479999542236328,15.479999542236328,66750
2019-09-17,15.215999603271484,15.696000099182129,15.211999893188477,15.479999542236328,15.479999542236328,60875
2019-09-18,15.48799991607666,15.583999633789062,15.303999900817871,15.4399995803833,15.4399995803833,58875
2019-09-19,15.199999809265137,15.5600004196167,14.84000015258789,15.432000160217285,15.432000160217285,52250
2019-09-20,15.383999824523926,15.51200008392334,14.86400032043457,14.944000244140625,14.944000244140625,295000
2019-09-23,14.880000114440918,15.045599937438965,14.336000442504883,14.527999877929688,14.527999877929688,38625
2019-09-24,14.447999954223633,14.447999954223633,13.855999946594238,13.991999626159668,13.991999626159668,40625
2019-09-25,13.887999534606934,14.383999824523926,13.887999534606934,14.255999565124512,14.255999565124512,26125
2019-09-26,14.152000427246094,14.319999694824219,13.97599983215332,14.13599967956543,14.13599967956543,16000
2019-09-27,14.144000053405762,14.312000274658203,13.97599983215332,14.039999961853027,14.039999961853027,22875
2019-09-30,13.991999626159668,14.095999717712402,13.968000411987305,14.04800033569336,14.04800033569336,24500
2019-10-01,14.128000259399414,14.303999900817871,14.039999961853027,14.064000129699707,14.064000129699707,23375
2019-10-02,14.015999794006348,14.067999839782715,13.520000457763672,13.815999984741211,13.815999984741211,41875
2019-10-03,13.687999725341797,13.711999893188477,13.359999656677246,13.479999542236328,13.479999542236328,24375
2019-10-04,13.423999786376953,13.984000205993652,13.407999992370605,13.895999908447266,13.895999908447266,12375
2019-10-07,13.815999984741211,14.031999588012695,13.815999984741211,13.880000114440918,13.880000114440918,12500
2019-10-08,13.776000022888184,13.920000076293945,13.640000343322754,13.84000015258789,13.84000015258789,24500
2019-10-09,13.880000114440918,14.008000373840332,13.807999610900879,13.928000450134277,13.928000450134277,10375
2019-10-10,13.97599983215332,14.104000091552734,13.920000076293945,13.920000076293945,13.920000076293945,24375
2019-10-11,14.095999717712402,14.319999694824219,14.088000297546387,14.13599967956543,14.13599967956543,19500
2019-10-14,14.04800033569336,14.232000350952148,14.0,14.192000389099121,14.192000389099121,5125
2019-10-15,14.052000045776367,14.336000442504883,14.015999794006348,14.319999694824219,14.319999694824219,14375
2019-10-16,14.223999977111816,14.319999694824219,14.223999977111816,14.223999977111816,14.223999977111816,12375
2019-10-17,14.232000350952148,14.239999771118164,14.055999755859375,14.119999885559082,14.119999885559082,18500
2019-10-18,14.039999961853027,14.097599983215332,13.86400032043457,13.968000411987305,13.968000411987305,52625
2019-10-21,14.095999717712402,14.095999717712402,13.928799629211426,13.97599983215332,13.97599983215332,32625
2019-10-22,13.887999534606934,14.0,13.887999534606934,13.944000244140625,13.944000244140625,8375
2019-10-23,13.855999946594238,13.97599983215332,13.84000015258789,13.97599983215332,13.97599983215332,5000
2019-10-24,13.807999610900879,13.855999946594238,13.760000228881836,13.815999984741211,13.815999984741211,10875
2019-10-25,13.800000190734863,14.0,13.800000190734863,13.824000358581543,13.824000358581543,4000
2019-10-28,13.791999816894531,14.0,13.791999816894531,13.95199966430664,13.95199966430664,6125
2019-10-29,13.847999572753906,14.0,13.84000015258789,13.84000015258789,13.84000015258789,15750
2019-10-30,13.807999610900879,13.904000282287598,13.784000396728516,13.84000015258789,13.84000015258789,45875
2019-10-31,13.807999610900879,13.831999778747559,13.680000305175781,13.776000022888184,13.776000022888184,21125
2019-11-01,13.807999610900879,13.84000015258789,13.663999557495117,13.791999816894531,13.791999816894531,14375
2019-11-04,13.791999816894531,13.847999572753906,13.37600040435791,13.767999649047852,13.767999649047852,31375
2019-11-05,13.687999725341797,14.088000297546387,13.687999725341797,13.84000015258789,13.84000015258789,19375
2019-11-06,13.84000015258789,13.84000015258789,13.751999855041504,13.751999855041504,13.751999855041504,23750
2019-11-07,13.855999946594238,14.0,13.736000061035156,13.880000114440918,13.880000114440918,19375
2019-11-08,13.81760025024414,13.920000076293945,13.81760025024414,13.824000358581543,13.824000358581543,17875
2019-11-11,13.877599716186523,13.904000282287598,13.831999778747559,13.904000282287598,13.904000282287598,5750
2019-11-12,13.86400032043457,13.920000076293945,13.86400032043457,13.880000114440918,13.880000114440918,14375
2019-11-13,13.815999984741211,13.911999702453613,13.815999984741211,13.895999908447266,13.895999908447266,4375
2019-11-14,13.944000244140625,13.960000038146973,13.907999992370605,13.911999702453613,13.911999702453613,13250
2019-11-15,14.0,14.100000381469727,13.824000358581543,13.880000114440918,13.880000114440918,10375
2019-11-18,13.88640022277832,13.88640022277832,13.776000022888184,13.791999816894531,13.791999816894531,7625
2019-11-19,13.736000061035156,14.01200008392334,13.736000061035156,13.824000358581543,13.824000358581543,23375
2019-11-20,13.751999855041504,13.85200023651123,13.64799976348877,13.64799976348877,13.64799976348877,46500
2019-11-21,13.704000473022461,13.727999687194824,13.64799976348877,13.656000137329102,13.656000137329102,8125
2019-11-22,13.760000228881836,13.760000228881836,13.616000175476074,13.62399959564209,13.62399959564209,3000
2019-11-25,13.760000228881836,13.984000205993652,13.710399627685547,13.767999649047852,13.767999649047852,24625
2019-11-26,13.776000022888184,13.983200073242188,13.687999725341797,13.687999725341797,13.687999725341797,17125
2019-11-27,13.800000190734863,13.84000015258789,13.736000061035156,13.84000015258789,13.84000015258789,9250
2019-11-29,13.727999687194824,13.812000274658203,13.616000175476074,13.704000473022461,13.704000473022461,12250
2019-12-02,13.744000434875488,13.763999938964844,13.600000381469727,13.663999557495117,13.663999557495117,179250
2019-12-03,13.600000381469727,13.652000427246094,13.35200023651123,13.543999671936035,13.543999671936035,35500
2019-12-04,13.663999557495117,13.663999557495117,13.496000289916992,13.496000289916992,13.496000289916992,7375
2019-12-05,13.612000465393066,13.612000465393066,13.459199905395508,13.527999877929688,13.527999877929688,4625
2019-12-06,13.583999633789062,13.711999893188477,13.54800033569336,13.5600004196167,13.5600004196167,65375
2019-12-09,13.496000289916992,13.67199993133545,13.48799991607666,13.543999671936035,13.543999671936035,93500
2019-12-10,13.64799976348877,14.064000129699707,13.48799991607666,13.895999908447266,13.895999908447266,18000
2019-12-11,13.871999740600586,13.871999740600586,13.531999588012695,13.600000381469727,13.600000381469727,20000
2019-12-12,13.600000381469727,13.791999816894531,13.583999633789062,13.680000305175781,13.680000305175781,45500
2019-12-13,13.616000175476074,13.760000228881836,13.53600025177002,13.631999969482422,13.631999969482422,18000
2019-12-16,13.67199993133545,13.855999946594238,13.552000045776367,13.720000267028809,13.720000267028809,54750
2019-12-17,13.696000099182129,13.907999992370605,13.600000381469727,13.696000099182129,13.696000099182129,132625
2019-12-18,13.760000228881836,13.935999870300293,13.616000175476074,13.800000190734863,13.800000190734863,142250
2019-12-19,13.720000267028809,14.055999755859375,13.720000267028809,13.960000038146973,13.960000038146973,42250
2019-12-20,13.960000038146973,14.095999717712402,13.960000038146973,13.97599983215332,13.97599983215332,105875
2019-12-23,13.984000205993652,14.0,13.960000038146973,14.0,14.0,13750
2019-12-24,13.887999534606934,14.0,13.887999534606934,14.0,14.0,4375
2019-12-26,14.031999588012695,14.031999588012695,13.904000282287598,13.904000282287598,13.904000282287598,14000
2019-12-27,13.991999626159668,14.02400016784668,13.824000358581543,13.824000358581543,13.824000358581543,66250
2019-12-30,13.880000114440918,14.0,13.880000114440918,13.960000038146973,13.960000038146973,25000
2019-12-31,13.97920036315918,14.02239990234375,13.928000450134277,13.97599983215332,13.97599983215332,58875
2020-01-02,13.97599983215332,13.97599983215332,13.696000099182129,13.880000114440918,13.880000114440918,18875
2020-01-03,13.704000473022461,13.991999626159668,13.704000473022461,13.831999778747559,13.831999778747559,21750
2020-01-06,13.696000099182129,14.039999961853027,13.696000099182129,14.015999794006348,14.015999794006348,77500
2020-01-07,13.935999870300293,14.04800033569336,13.848799705505371,13.880000114440918,13.880000114440918,23375
2020-01-08,13.753600120544434,13.960000038146973,13.753600120544434,13.911999702453613,13.911999702453613,38875
2020-01-09,14.112000465393066,14.112000465393066,13.895999908447266,14.0,14.0,8500
2020-01-10,13.911999702453613,13.968000411987305,13.5600004196167,13.824000358581543,13.824000358581543,48375
2020-01-13,13.776000022888184,13.904000282287598,13.680000305175781,13.904000282287598,13.904000282287598,20125
2020-01-14,13.818400382995605,13.824000358581543,13.727999687194824,13.767999649047852,13.767999649047852,9500
2020-01-15,13.736000061035156,13.871999740600586,13.656000137329102,13.720000267028809,13.720000267028809,35125
2020-01-16,13.824000358581543,13.824000358581543,13.336000442504883,13.53600025177002,13.53600025177002,62375
2020-01-17,13.520000457763672,13.663999557495117,13.4399995803833,13.51200008392334,13.51200008392334,46875
2020-01-21,13.4399995803833,13.4399995803833,12.992799758911133,13.223999977111816,13.223999977111816,55125
2020-01-22,13.383999824523926,13.456000328063965,13.223999977111816,13.456000328063965,13.456000328063965,21250
2020-01-23,13.223999977111816,13.432000160217285,13.223999977111816,13.319999694824219,13.319999694824219,28875
2020-01-24,13.51200008392334,13.604000091552734,13.35200023651123,13.359999656677246,13.359999656677246,14250
2020-01-27,13.288000106811523,13.359999656677246,13.248000144958496,13.263999938964844,13.263999938964844,9875
2020-01-28,13.359999656677246,13.359999656677246,13.095999717712402,13.100000381469727,13.100000381469727,17625
2020-01-29,13.052000045776367,13.055999755859375,12.960000038146973,12.984000205993652,12.984000205993652,27375
2020-01-30,12.880000114440918,12.991999626159668,12.880000114440918,12.991999626159668,12.991999626159668,17250
2020-01-31,12.887999534606934,12.97599983215332,12.760000228881836,12.760000228881836,12.760000228881836,20250
2020-02-03,12.887999534606934,12.887999534606934,12.760000228881836,12.760000228881836,12.760000228881836,12375
2020-02-04,12.95199966430664,13.319999694824219,12.760000228881836,13.088000297546387,13.088000297546387,57875
2020-02-05,13.279999732971191,13.607999801635742,13.263999938964844,13.607999801635742,13.607999801635742,33375
2020-02-06,13.67199993133545,13.67199993133545,13.32800006866455,13.343999862670898,13.343999862670898,22750
2020-02-07,13.4399995803833,13.5600004196167,13.284000396728516,13.35200023651123,13.35200023651123,20875
2020-02-10,13.288000106811523,13.432000160217285,13.288000106811523,13.359999656677246,13.359999656677246,14125
2020-02-11,13.4399995803833,13.527999877929688,13.288000106811523,13.319999694824219,13.319999694824219,106250
2020-02-12,13.456000328063965,13.484000205993652,13.399999618530273,13.479999542236328,13.479999542236328,14375
2020-02-13,13.479999542236328,13.600000381469727,13.407999992370605,13.552000045776367,13.552000045776367,6125
2020-02-14,13.583999633789062,13.600000381469727,13.303999900817871,13.319999694824219,13.319999694824219,15500
2020-02-18,13.399999618530273,13.399999618530273,13.175999641418457,13.312000274658203,13.312000274658203,47375
2020-02-19,13.407999992370605,13.407999992370605,13.184000015258789,13.232000350952148,13.232000350952148,15500
2020-02-20,13.208000183105469,13.416000366210938,13.208000183105469,13.416000366210938,13.416000366210938,23625
2020-02-21,13.456000328063965,13.640000343322754,13.359999656677246,13.616000175476074,13.616000175476074,118000
2020-02-24,13.336000442504883,13.336799621582031,13.008000373840332,13.064000129699707,13.064000129699707,11875
2020-02-25,13.04800033569336,13.199999809265137,12.960000038146973,13.199999809265137,13.199999809265137,30000
2020-02-26,13.15999984741211,13.383999824523926,12.815999984741211,12.831999778747559,12.831999778747559,12250
2020-02-27,12.760000228881836,12.760000228881836,12.263999938964844,12.319999694824219,12.319999694824219,146625
2020-02-28,12.02400016784668,12.496000289916992,11.640000343322754,12.343999862670898,12.343999862670898,124875
2020-03-02,12.272000312805176,12.583999633789062,12.104000091552734,12.48799991607666,12.48799991607666,18750
2020-03-03,12.35200023651123,12.668000221252441,12.02400016784668,12.095999717712402,12.095999717712402,24625
2020-03-04,12.045599937438965,12.447999954223633,12.039999961853027,12.416000366210938,12.416000366210938,18750
2020-03-05,12.04800033569336,12.319999694824219,11.920000076293945,12.015999794006348,12.015999794006348,36500
2020-03-06,11.767999649047852,12.336000442504883,11.767999649047852,12.119999885559082,12.119999885559082,143750
2020-03-09,11.64799976348877,12.184000015258789,10.607999801635742,10.784000396728516,10.784000396728516,46625
2020-03-10,11.039999961853027,11.744000434875488,10.86400032043457,10.984000205993652,10.984000205993652,29375
2020-03-11,10.855999946594238,11.039999961853027,10.399999618530273,10.663999557495117,10.663999557495117,29250
2020-03-12,9.847999572753906,9.855999946594238,9.410400390625,9.62399959564209,9.62399959564209,251625
2020-03-13,10.055999755859375,10.399999618530273,9.760000228881836,10.288000106811523,10.288000106811523,52125
2020-03-16,7.895999908447266,8.991999626159668,7.415999889373779,8.175999641418457,8.175999641418457,41375
2020-03-17,8.583999633789062,11.520000457763672,8.208000183105469,11.520000457763672,11.520000457763672,61500
2020-03-18,10.800000190734863,10.800000190734863,9.199999809265137,9.208000183105469,9.208000183105469,59750
2020-03-19,8.815999984741211,9.640000343322754,8.479999542236328,9.35200023651123,9.35200023651123,68125
2020-03-20,9.447999954223633,10.387999534606934,9.447999954223633,9.687999725341797,9.687999725341797,85625
2020-03-23,9.399999618530273,9.592000007629395,9.02400016784668,9.223999977111816,9.223999977111816,23250
2020-03-24,9.343999862670898,10.928000450134277,8.920000076293945,10.928000450134277,10.928000450134277,41625
2020-03-25,10.520000457763672,11.520000457763672,9.472000122070312,11.303999900817871,11.303999900817871,26500
2020-03-26,11.168000221252441,11.199999809265137,10.411999702453613,11.119999885559082,11.119999885559082,25000
2020-03-27,10.696000099182129,10.727999687194824,9.552000045776367,9.751999855041504,9.751999855041504,36750
2020-03-30,9.991999626159668,10.303999900817871,9.168000221252441,9.392000198364258,9.392000198364258,23750
2020-03-31,9.215999603271484,10.791999816894531,9.215999603271484,10.656000137329102,10.656000137329102,21750
2020-04-01,10.616000175476074,10.616000175476074,9.208000183105469,9.392000198364258,9.392000198364258,23625
2020-04-02,9.152000427246094,9.830400466918945,9.152000427246094,9.279999732971191,9.279999732971191,20000
2020-04-03,9.208000183105469,9.399999618530273,8.15999984741211,8.496000289916992,8.496000289916992,73875
2020-04-06,9.279999732971191,9.432000160217285,8.607999801635742,9.399999618530273,9.399999618530273,45125
2020-04-07,9.567999839782715,9.567999839782715,8.37600040435791,8.800000190734863,8.800000190734863,18875
2020-04-08,9.13599967956543,9.592000007629395,8.928000450134277,9.496000289916992,9.496000289916992,26500
2020-04-09,9.255999565124512,10.63599967956543,9.199999809265137,10.383999824523926,10.383999824523926,27625
2020-04-13,9.920000076293945,9.991999626159668,9.15999984741211,9.223999977111816,9.223999977111816,13125
2020-04-14,9.46399974822998,9.696000099182129,9.031999588012695,9.04800033569336,9.04800033569336,33375
2020-04-15,9.079999923706055,9.107999801635742,8.156000137329102,8.447999954223633,8.447999954223633,38000
2020-04-16,8.232000350952148,8.368000030517578,7.800000190734863,8.112000465393066,8.112000465393066,40125
2020-04-17,8.312000274658203,8.432000160217285,7.9120001792907715,8.079999923706055,8.079999923706055,112875
2020-04-20,7.880000114440918,8.51200008392334,7.880000114440918,8.184000015258789,8.184000015258789,27625
2020-04-21,7.888000011444092,8.079999923706055,7.840000152587891,8.055999755859375,8.055999755859375,17000
2020-04-22,8.112000465393066,8.407999992370605,8.064000129699707,8.208000183105469,8.208000183105469,19000
2020-04-23,8.119999885559082,8.315999984741211,7.960000038146973,8.071999549865723,8.071999549865723,14875
2020-04-24,8.04800033569336,8.496000289916992,7.960000038146973,8.248000144958496,8.248000144958496,9375
2020-04-27,8.583999633789062,9.736000061035156,8.552000045776367,9.736000061035156,9.736000061035156,18750
2020-04-28,9.32800006866455,9.727999687194824,8.447999954223633,9.543999671936035,9.543999671936035,14125
2020-04-29,9.600000381469727,10.784000396728516,9.32800006866455,10.416000366210938,10.416000366210938,41500
2020-04-30,9.935999870300293,9.935999870300293,8.800000190734863,9.208000183105469,9.208000183105469,20375
2020-05-01,8.831999778747559,9.215999603271484,8.831999778747559,9.184000015258789,9.184000015258789,30000
2020-05-04,8.95199966430664,9.263999938964844,8.895999908447266,9.263999938964844,9.263999938964844,12875
2020-05-05,9.336000442504883,9.503999710083008,8.600000381469727,8.600000381469727,8.600000381469727,18000
2020-05-06,8.744000434875488,8.744000434875488,8.144000053405762,8.368000030517578,8.368000030517578,30250
2020-05-07,8.600000381469727,8.751999855041504,8.347999572753906,8.5600004196167,8.5600004196167,23375
2020-05-08,8.791999816894531,9.95199966430664,8.112000465393066,8.784000396728516,8.784000396728516,33375
2020-05-11,8.696000099182129,8.880000114440918,8.112000465393066,8.368000030517578,8.368000030517578,36125
2020-05-12,8.152000427246094,8.44320011138916,7.984000205993652,8.0,8.0,49250
2020-05-13,8.0,8.083999633789062,7.760000228881836,8.039999961853027,8.039999961853027,45125
2020-05-14,7.823999881744385,8.520000457763672,7.607999801635742,8.520000457763672,8.520000457763672,35875
2020-05-15,8.423999786376953,8.86400032043457,8.336000442504883,8.807999610900879,8.807999610900879,32875
2020-05-18,9.152000427246094,9.831999778747559,8.907999992370605,9.696000099182129,9.696000099182129,33125
2020-05-19,9.46399974822998,9.46399974822998,8.319999694824219,8.32800006866455,8.32800006866455,13625
2020-05-20,8.944000244140625,9.576000213623047,8.751999855041504,9.359999656677246,9.359999656677246,20500
2020-05-21,9.239999771118164,9.359999656677246,8.960000038146973,9.079999923706055,9.079999923706055,10875
2020-05-22,9.192000389099121,9.192000389099121,8.543999671936035,8.84000015258789,8.84000015258789,24000
2020-05-26,9.192000389099121,9.420000076293945,8.760000228881836,8.920000076293945,8.920000076293945,24125
2020-05-27,9.092000007629395,9.236000061035156,9.003999710083008,9.039999961853027,9.039999961853027,32500
2020-05-28,9.239999771118164,9.319999694824219,8.855999946594238,9.088000297546387,9.088000297546387,20125
2020-05-29,8.95199966430664,9.263999938964844,8.847999572753906,8.904000282287598,8.904000282287598,9500
2020-06-01,8.968000411987305,9.01200008392334,8.736000061035156,8.736000061035156,8.736000061035156,21500
2020-06-02,8.86400032043457,8.904000282287598,8.479999542236328,8.479999542236328,8.479999542236328,11750
2020-06-03,8.815999984741211,8.935999870300293,8.640000343322754,8.663999557495117,8.663999557495117,24250
2020-06-04,8.583999633789062,8.680000305175781,8.456000328063965,8.592000007629395,8.592000007629395,17375
2020-06-05,8.944000244140625,9.15999984741211,8.944000244140625,9.095999717712402,9.095999717712402,98250
2020-06-08,9.272000312805176,9.456000328063965,9.199999809265137,9.456000328063965,9.456000328063965,25000
2020-06-09,9.215999603271484,9.399999618530273,9.015999794006348,9.399999618530273,9.399999618530273,49375
2020-06-10,9.279999732971191,9.359999656677246,8.968000411987305,9.04800033569336,9.04800033569336,18000
2020-06-11,8.776000022888184,8.776000022888184,8.144000053405762,8.232000350952148,8.232000350952148,41250
2020-06-12,8.62399959564209,8.62399959564209,8.128000259399414,8.279999732971191,8.279999732971191,38000
2020-06-15,8.008000373840332,8.616000175476074,8.008000373840332,8.520000457763672,8.520000457763672,15750
2020-06-16,8.95199966430664,9.211199760437012,8.583999633789062,8.920000076293945,8.920000076293945,12375
2020-06-17,8.95199966430664,8.95199966430664,8.319999694824219,8.423999786376953,8.423999786376953,12125
2020-06-18,8.319999694824219,8.4399995803833,8.288000106811523,8.4399995803833,8.4399995803833,18000
2020-06-19,8.51200008392334,8.51200008392334,8.0,8.479999542236328,8.479999542236328,70625
2020-06-22,8.303999900817871,8.698399543762207,8.255999565124512,8.416000366210938,8.416000366210938,29125
2020-06-23,8.48799991607666,8.48799991607666,8.199999809265137,8.312000274658203,8.312000274658203,17500
2020-06-24,8.184000015258789,8.503999710083008,7.980000019073486,8.071999549865723,8.071999549865723,31750
2020-06-25,8.015999794006348,8.215999603271484,8.015999794006348,8.215999603271484,8.215999603271484,20750
2020-06-26,8.128000259399414,8.128000259399414,7.855999946594238,7.935999870300293,7.935999870300293,130750
2020-06-29,8.064000129699707,8.095999717712402,8.0,8.095999717712402,8.095999717712402,68750
2020-06-30,8.039999961853027,8.616000175476074,8.039999961853027,8.607999801635742,8.607999801635742,14500
2020-07-01,8.520000457763672,8.791999816894531,8.368000030517578,8.791999816894531,8.791999816894531,22000
2020-07-02,8.800000190734863,8.800000190734863,8.255999565124512,8.37600040435791,8.37600040435791,14500
2020-07-06,8.576000213623047,8.708000183105469,8.336000442504883,8.592000007629395,8.592000007629395,13500
2020-07-07,8.456000328063965,8.460000038146973,8.248000144958496,8.248000144958496,8.248000144958496,13750
2020-07-08,8.208000183105469,8.343999862670898,8.02400016784668,8.055999755859375,8.055999755859375,21250
2020-07-09,8.04800033569336,8.084799766540527,7.760000228881836,7.960000038146973,7.960000038146973,28125
2020-07-10,7.927999973297119,8.13599967956543,7.927999973297119,8.13599967956543,8.13599967956543,10375
2020-07-13,8.184000015258789,8.35200023651123,8.04800033569336,8.13599967956543,8.13599967956543,9000
2020-07-14,7.97599983215332,8.35200023651123,7.97599983215332,8.248000144958496,8.248000144958496,10125
2020-07-15,8.4399995803833,8.98799991607666,8.319999694824219,8.791999816894531,8.791999816894531,34750
2020-07-16,8.784000396728516,8.784000396728516,8.319999694824219,8.319999694824219,8.319999694824219,18875
2020-07-17,8.255999565124512,8.399999618530273,8.255999565124512,8.272000312805176,8.272000312805176,10125
2020-07-20,8.416000366210938,8.416000366210938,8.248000144958496,8.248000144958496,8.248000144958496,5750
2020-07-21,8.319999694824219,8.520000457763672,8.319999694824219,8.520000457763672,8.520000457763672,6250
2020-07-22,8.407999992370605,8.720000267028809,8.407999992370605,8.680000305175781,8.680000305175781,7500
2020-07-23,8.607999801635742,8.824000358581543,8.607999801635742,8.64799976348877,8.64799976348877,28625
2020-07-24,8.800000190734863,8.800000190734863,8.32800006866455,8.32800006866455,8.32800006866455,17375
2020-07-27,8.383999824523926,8.411999702453613,8.079999923706055,8.399999618530273,8.399999618530273,8250
2020-07-28,8.288000106811523,8.446399688720703,8.079999923706055,8.079999923706055,8.079999923706055,17125
2020-07-29,8.168000221252441,8.284000396728516,8.071999549865723,8.071999549865723,8.071999549865723,10250
2020-07-30,8.039999961853027,8.428000450134277,8.008000373840332,8.079999923706055,8.079999923706055,13250
2020-07-31,8.04800033569336,8.04800033569336,7.888000011444092,7.888000011444092,7.888000011444092,17250
2020-08-03,8.0,8.079999923706055,7.855999946594238,7.952000141143799,7.952000141143799,10750
2020-08-04,7.880000114440918,8.055999755859375,7.880000114440918,7.895999908447266,7.895999908447266,14000
2020-08-05,7.97599983215332,8.039999961853027,7.97599983215332,8.02400016784668,8.02400016784668,6500
2020-08-06,8.0,8.199999809265137,7.920000076293945,7.920000076293945,7.920000076293945,112625
2020-08-07,7.9039998054504395,8.215999603271484,7.9039998054504395,8.128000259399414,8.128000259399414,10625
2020-08-10,8.175999641418457,8.175999641418457,7.960000038146973,8.119999885559082,8.119999885559082,13250
2020-08-11,8.248000144958496,8.800000190734863,8.248000144958496,8.295999526977539,8.295999526977539,7625
2020-08-12,8.416000366210938,8.583999633789062,8.416000366210938,8.583999633789062,8.583999633789062,4625
2020-08-13,8.46399974822998,8.800000190734863,8.248000144958496,8.567999839782715,8.567999839782715,4750
2020-08-14,8.479999542236328,8.720000267028809,8.479999542236328,8.704000473022461,8.704000473022461,4625
2020-08-17,9.079999923706055,9.079999923706055,8.575200080871582,8.616000175476074,8.616000175476074,4625
2020-08-18,8.687999725341797,8.800000190734863,8.48799991607666,8.5600004196167,8.5600004196167,3375
2020-08-19,8.916000366210938,8.916000366210938,8.640000343322754,8.727999687194824,8.727999687194824,6250
2020-08-20,8.62399959564209,8.800000190734863,8.600000381469727,8.711999893188477,8.711999893188477,4500
2020-08-21,8.631999969482422,9.05840015411377,8.399999618530273,8.496000289916992,8.496000289916992,13250
2020-08-24,8.600000381469727,8.600000381469727,8.496000289916992,8.496000289916992,8.496000289916992,3875
2020-08-25,8.607999801635742,8.607999801635742,8.496000289916992,8.496000289916992,8.496000289916992,3375
2020-08-26,8.677599906921387,8.791999816894531,8.51200008392334,8.552000045776367,8.552000045776367,5875
2020-08-27,8.600000381469727,8.890399932861328,8.520000457763672,8.67199993133545,8.67199993133545,15500
2020-08-28,8.5600004196167,8.960000038146973,8.288000106811523,8.51200008392334,8.51200008392334,15000
2020-08-31,8.447999954223633,8.592000007629395,8.432000160217285,8.432000160217285,8.432000160217285,13375
2020-09-01,8.392000198364258,8.592000007629395,8.392000198364258,8.592000007629395,8.592000007629395,5250
2020-09-02,8.51200008392334,8.583999633789062,8.479999542236328,8.583999633789062,8.583999633789062,6625
2020-09-03,8.479999542236328,8.479999542236328,8.263999938964844,8.319999694824219,8.319999694824219,22125
2020-09-04,8.4399995803833,8.479999542236328,8.255999565124512,8.4399995803833,8.4399995803833,16375
2020-09-08,8.32800006866455,8.595999717712402,8.32800006866455,8.343999862670898,8.343999862670898,6000
2020-09-09,8.46399974822998,8.600000381469727,8.319999694824219,8.359999656677246,8.359999656677246,11875
2020-09-10,8.447999954223633,8.447999954223633,8.319999694824219,8.336000442504883,8.336000442504883,8625
2020-09-11,8.35200023651123,8.4399995803833,8.279999732971191,8.279999732971191,8.279999732971191,9500
2020-09-14,8.359999656677246,8.399999618530273,8.32800006866455,8.399999618530273,8.399999618530273,7000
2020-09-15,8.399999618530273,8.399999618530273,8.239999771118164,8.272000312805176,8.272000312805176,9875
2020-09-16,8.392000198364258,8.600000381469727,8.298399925231934,8.4399995803833,8.4399995803833,40875
2020-09-17,8.600000381469727,8.600000381469727,8.319999694824219,8.600000381469727,8.600000381469727,4625
2020-09-18,8.67199993133545,8.67199993133545,8.407999992370605,8.631999969482422,8.631999969482422,41875
2020-09-21,8.407999992370605,8.423999786376953,8.0,8.015999794006348,8.015999794006348,16000
2020-09-22,8.055999755859375,8.055999755859375,7.888000011444092,7.888000011444092,7.888000011444092,15250
2020-09-23,7.8480000495910645,7.8480000495910645,7.495999813079834,7.559999942779541,7.559999942779541,20125
2020-09-24,7.519999980926514,7.535999774932861,7.480000019073486,7.519999980926514,7.519999980926514,5000
2020-09-25,7.519999980926514,7.791999816894531,7.519999980926514,7.728000164031982,7.728000164031982,5875
2020-09-28,7.984000205993652,8.144000053405762,7.872000217437744,7.872000217437744,7.872000217437744,18625
2020-09-29,7.952000141143799,8.079999923706055,7.783999919891357,8.0,8.0,1875
2020-09-30,7.981599807739258,8.008000373840332,7.880000114440918,8.0,8.0,4625
2020-10-01,8.064000129699707,8.399999618530273,7.920000076293945,8.192000389099121,8.192000389099121,10125
2020-10-02,8.095999717712402,8.479999542236328,7.935999870300293,8.423999786376953,8.423999786376953,17375
2020-10-05,8.32800006866455,8.479999542236328,8.295999526977539,8.479999542236328,8.479999542236328,23750
2020-10-06,8.399999618530273,8.895999908447266,8.279999732971191,8.687999725341797,8.687999725341797,33000
2020-10-07,8.680000305175781,8.887999534606934,8.583999633789062,8.880000114440918,8.880000114440918,9625
2020-10-08,8.991999626159668,8.991999626159668,8.711999893188477,8.807999610900879,8.807999610900879,8375
2020-10-09,8.904000282287598,9.162400245666504,8.820799827575684,8.920000076293945,8.920000076293945,24625
2020-10-12,8.904000282287598,8.923999786376953,8.76159954071045,8.920000076293945,8.920000076293945,7875
2020-10-13,8.791999816894531,9.008000373840332,8.776000022888184,8.880000114440918,8.880000114440918,11250
2020-10-14,8.640000343322754,8.720000267028809,8.640000343322754,8.720000267028809,8.720000267028809,2000
2020-10-15,8.97599983215332,9.199999809265137,8.791999816894531,9.199999809265137,9.199999809265137,5000
2020-10-16,8.984000205993652,9.935999870300293,8.984000205993652,9.788000106811523,9.788000106811523,11000
2020-10-19,9.600000381469727,10.0,9.51200008392334,9.51200008392334,9.51200008392334,7625
2020-10-20,9.640000343322754,9.720000267028809,9.640000343322754,9.720000267028809,9.720000267028809,2250
2020-10-21,9.800000190734863,9.871999740600586,9.600000381469727,9.720000267028809,9.720000267028809,6875
2020-10-22,9.807999610900879,10.387999534606934,9.720000267028809,10.095999717712402,10.095999717712402,13250
2020-10-23,10.015999794006348,10.319999694824219,10.015999794006348,10.175999641418457,10.175999641418457,4750
2020-10-26,9.46399974822998,9.767999649047852,9.423999786376953,9.680000305175781,9.680000305175781,6875
2020-10-27,9.696000099182129,10.239999771118164,9.696000099182129,9.97599983215332,9.97599983215332,9500
2020-10-28,10.395999908447266,10.395999908447266,9.579999923706055,10.095999717712402,10.095999717712402,6750
2020-10-29,9.95199966430664,10.600000381469727,9.760000228881836,10.5600004196167,10.5600004196167,18250
2020-10-30,10.631999969482422,10.696000099182129,9.687999725341797,9.871999740600586,9.871999740600586,26000
2020-11-02,10.015999794006348,10.552000045776367,9.979999542236328,10.399999618530273,10.399999618530273,19375
2020-11-03,10.496000289916992,10.496000289916992,9.527999877929688,9.760000228881836,9.760000228881836,42375
2020-11-04,9.656000137329102,9.84000015258789,9.423999786376953,9.600000381469727,9.600000381469727,5500
2020-11-05,9.520000457763672,9.935999870300293,9.520000457763672,9.920000076293945,9.920000076293945,92500
2020-11-06,9.904000282287598,9.904000282287598,9.64799976348877,9.64799976348877,9.64799976348877,5875
2020-11-09,10.255999565124512,12.140000343322754,10.255999565124512,11.319999694824219,11.319999694824219,44625
2020-11-10,11.199999809265137,11.399999618530273,11.039999961853027,11.15999984741211,11.15999984741211,24625
2020-11-11,11.144000053405762,11.144000053405762,10.399999618530273,10.680000305175781,10.680000305175781,15375
2020-11-12,10.399999618530273,10.399999618530273,9.97599983215332,10.071999549865723,10.071999549865723,37625
2020-11-13,10.079999923706055,10.399999618530273,9.920000076293945,10.184000015258789,10.184000015258789,25250
2020-11-16,10.520000457763672,10.680000305175781,10.223999977111816,10.496000289916992,10.496000289916992,22500
2020-11-17,10.675999641418457,10.675999641418457,10.295999526977539,10.48799991607666,10.48799991607666,17875
2020-11-18,10.592000007629395,10.9399995803833,9.887999534606934,10.232000350952148,10.232000350952148,48500
2020-11-19,10.277600288391113,10.520000457763672,10.192000389099121,10.520000457763672,10.520000457763672,57500
2020-11-20,10.263999938964844,10.46399974822998,10.208000183105469,10.46399974822998,10.46399974822998,16625
2020-11-23,10.46399974822998,10.54800033569336,10.319999694824219,10.319999694824219,10.319999694824219,11875
2020-11-24,10.527999877929688,11.119999885559082,10.479999542236328,10.720000267028809,10.720000267028809,58250
2020-11-25,10.640000343322754,10.656000137329102,10.288000106811523,10.359999656677246,10.359999656677246,35250
2020-11-27,10.53600025177002,10.53600025177002,10.304800033569336,10.479999542236328,10.479999542236328,14000
2020-11-30,10.399999618530273,10.574399948120117,10.399999618530273,10.399999618530273,10.399999618530273,17625
2020-12-01,10.552000045776367,10.776000022888184,10.399999618530273,10.711999893188477,10.711999893188477,18625
2020-12-02,10.479999542236328,10.788000106811523,10.479999542236328,10.479999542236328,10.479999542236328,11375
2020-12-03,10.359999656677246,10.552000045776367,10.359999656677246,10.456000328063965,10.456000328063965,13000
2020-12-04,10.479999542236328,10.880000114440918,10.399999618530273,10.880000114440918,10.880000114440918,32500
2020-12-07,10.800000190734863,10.800000190734863,10.607999801635742,10.656000137329102,10.656000137329102,11625
2020-12-08,10.640000343322754,10.871999740600586,10.48799991607666,10.84000015258789,10.84000015258789,16000
2020-12-09,10.84000015258789,10.95199966430664,10.63599967956543,10.880000114440918,10.880000114440918,22750
2020-12-10,10.86400032043457,10.86400032043457,10.567999839782715,10.815999984741211,10.815999984741211,8250
2020-12-11,10.779999732971191,10.779999732971191,10.543999671936035,10.63599967956543,10.63599967956543,23250
2020-12-14,10.607999801635742,10.760000228881836,10.503999710083008,10.53600025177002,10.53600025177002,20125
2020-12-15,10.62399959564209,10.920000076293945,10.411199569702148,10.656000137329102,10.656000137329102,16375
2020-12-16,10.751999855041504,10.960000038146973,10.751999855041504,10.84000015258789,10.84000015258789,17125
2020-12-17,10.920000076293945,11.128000259399414,10.855999946594238,11.128000259399414,11.128000259399414,8125
2020-12-18,10.800000190734863,12.800000190734863,10.800000190734863,12.079999923706055,12.079999923706055,131625
2020-12-21,11.920000076293945,11.991999626159668,10.944000244140625,11.944000244140625,11.944000244140625,8500
2020-12-22,11.704000473022461,11.858400344848633,11.239999771118164,11.680000305175781,11.680000305175781,9875
2020-12-23,11.776000022888184,11.776000022888184,11.600000381469727,11.760000228881836,11.760000228881836,12750
2020-12-24,11.776000022888184,11.880000114440918,11.640000343322754,11.760000228881836,11.760000228881836,8250
2020-12-28,11.767999649047852,11.920000076293945,11.600000381469727,11.600000381469727,11.600000381469727,15750
2020-12-29,11.600000381469727,11.744000434875488,11.600000381469727,11.640000343322754,11.640000343322754,6375
2020-12-30,11.800000190734863,11.920000076293945,11.720000267028809,11.727999687194824,11.727999687194824,7125
2020-12-31,11.767999649047852,11.824000358581543,11.720000267028809,11.760000228881836,11.760000228881836,14125
2021-01-04,11.656000137329102,11.784000396728516,11.64799976348877,11.711999893188477,11.711999893188477,21250
2021-01-05,11.539999961853027,11.935999870300293,11.539999961853027,11.720000267028809,11.720000267028809,19875
2021-01-06,11.847999572753906,12.204000473022461,11.847999572753906,12.04800033569336,12.04800033569336,28125
2021-01-07,12.152000427246094,12.62399959564209,11.991999626159668,12.319999694824219,12.319999694824219,12750
2021-01-08,12.239999771118164,12.607999801635742,12.239999771118164,12.503999710083008,12.503999710083008,8250
2021-01-11,12.383999824523926,12.552000045776367,12.319999694824219,12.319999694824219,12.319999694824219,7125
2021-01-12,12.399999618530273,12.583999633789062,12.399999618530273,12.53600025177002,12.53600025177002,8500
2021-01-13,12.399999618530273,12.663999557495117,12.399999618530273,12.4399995803833,12.4399995803833,11125
2021-01-14,12.48799991607666,12.5600004196167,12.4399995803833,12.527999877929688,12.527999877929688,19500
2021-01-15,12.423999786376953,12.551199913024902,12.211999893188477,12.479999542236328,12.479999542236328,61500
2021-01-19,12.403200149536133,12.51200008392334,12.208000183105469,12.288000106811523,12.288000106811523,16375
2021-01-20,12.232000350952148,12.312000274658203,12.199999809265137,12.239999771118164,12.239999771118164,8750
2021-01-21,12.199999809265137,12.687999725341797,12.199999809265137,12.343999862670898,12.343999862670898,20500
2021-01-22,12.248000144958496,12.800000190734863,12.248000144958496,12.800000190734863,12.800000190734863,22500
2021-01-25,12.51200008392334,12.79520034790039,12.208000183105469,12.663999557495117,12.663999557495117,24625
2021-01-26,12.815999984741211,13.199999809265137,12.776000022888184,12.776000022888184,12.776000022888184,25875
2021-01-27,12.736000061035156,12.736000061035156,11.880000114440918,12.399999618530273,12.399999618530273,37750
2021-01-28,12.680000305175781,12.680000305175781,10.920000076293945,12.37600040435791,12.37600040435791,68250
2021-01-29,12.4399995803833,12.588800430297852,12.175999641418457,12.343999862670898,12.343999862670898,27375
2021-02-01,12.368000030517578,13.199999809265137,12.267999649047852,13.079999923706055,13.079999923706055,39125
2021-02-02,13.055999755859375,14.0,13.055999755859375,13.359999656677246,13.359999656677246,44250
2021-02-03,13.079999923706055,13.592000007629395,12.887999534606934,13.4399995803833,13.4399995803833,34125
2021-02-04,13.37600040435791,13.527999877929688,12.968000411987305,13.527999877929688,13.527999877929688,23500
2021-02-05,13.791999816894531,14.0,13.447999954223633,14.0,14.0,32125
2021-02-08,14.0,14.543999671936035,14.0,14.479999542236328,14.479999542236328,40250
2021-02-09,14.399999618530273,14.399999618530273,13.736800193786621,14.312000274658203,14.312000274658203,27000
2021-02-10,14.37600040435791,14.383999824523926,13.68239974975586,14.15999984741211,14.15999984741211,12500
2021-02-11,14.32800006866455,14.32800006866455,13.5600004196167,13.663999557495117,13.663999557495117,29125
2021-02-12,13.631999969482422,13.67199993133545,12.744000434875488,13.064000129699707,13.064000129699707,35625
2021-02-16,13.592000007629395,13.600000381469727,13.263999938964844,13.359999656677246,13.359999656677246,39250
2021-02-17,13.255999565124512,13.4399995803833,12.736000061035156,13.4399995803833,13.4399995803833,17000
2021-02-18,13.239999771118164,13.239999771118164,12.855999946594238,12.920000076293945,12.920000076293945,23750
2021-02-19,12.920000076293945,13.064000129699707,12.736000061035156,12.984000205993652,12.984000205993652,29375
2021-02-22,12.800000190734863,12.960000038146973,12.547200202941895,12.687999725341797,12.687999725341797,46625
2021-02-23,12.656000137329102,13.895999908447266,11.991999626159668,13.576000213623047,13.576000213623047,54875
2021-02-24,13.736000061035156,14.383999824523926,13.527999877929688,13.687999725341797,13.687999725341797,22125
2021-02-25,13.791999816894531,13.855199813842773,12.736000061035156,12.880000114440918,12.880000114440918,38625
2021-02-26,12.920000076293945,12.920000076293945,12.552000045776367,12.640000343322754,12.640000343322754,26625
2021-03-01,12.800000190734863,12.800000190734863,12.399999618530273,12.760000228881836,12.760000228881836,27750
2021-03-02,12.720000267028809,12.97599983215332,12.62399959564209,12.640000343322754,12.640000343322754,68250
2021-03-03,12.760000228881836,13.199999809265137,12.711999893188477,12.720000267028809,12.720000267028809,38125
2021-03-04,13.199999809265137,14.383999824523926,13.152000427246094,14.248000144958496,14.248000144958496,76125
2021-03-05,14.407999992370605,15.088000297546387,14.319999694824219,14.895999908447266,14.895999908447266,41000
2021-03-08,14.871999740600586,15.472000122070312,14.67199993133545,14.97599983215332,14.97599983215332,52500
2021-03-09,14.935999870300293,15.199999809265137,14.722399711608887,15.064000129699707,15.064000129699707,24750
2021-03-10,14.687999725341797,15.192000389099121,13.781599998474121,15.192000389099121,15.192000389099121,44500
2021-03-11,15.119999885559082,15.239999771118164,14.819999694824219,15.239999771118164,15.239999771118164,38625
2021-03-12,15.239999771118164,15.239999771118164,14.552000045776367,15.039999961853027,15.039999961853027,24750
2021-03-15,15.071999549865723,15.071999549865723,14.800000190734863,15.031999588012695,15.031999588012695,15000
2021-03-16,14.855999946594238,14.904000282287598,13.984000205993652,14.5600004196167,14.5600004196167,28125
2021-03-17,14.279999732971191,14.5600004196167,14.248000144958496,14.336000442504883,14.336000442504883,26750
2021-03-18,14.51200008392334,15.039999961853027,14.071999549865723,14.071999549865723,14.071999549865723,24500
2021-03-19,14.055999755859375,14.38640022277832,12.961600303649902,13.760000228881836,13.760000228881836,117250
2021-03-22,14.039999961853027,14.039999961853027,13.13599967956543,13.279999732971191,13.279999732971191,85250
2021-03-23,13.15999984741211,13.704000473022461,13.128000259399414,13.144000053405762,13.144000053405762,28125
2021-03-24,13.35200023651123,14.404000282287598,13.35200023651123,13.48799991607666,13.48799991607666,21750
2021-03-25,13.456000328063965,14.152000427246094,13.199999809265137,13.744000434875488,13.744000434875488,17375
2021-03-26,14.0,14.0,13.760000228881836,13.991999626159668,13.991999626159668,15125
2021-03-29,13.984000205993652,14.144000053405762,13.112000465393066,13.184000015258789,13.184000015258789,24875
2021-03-30,13.4399995803833,14.128000259399414,13.392000198364258,13.95199966430664,13.95199966430664,12375
2021-03-31,13.847999572753906,14.168000221252441,13.847999572753906,13.855999946594238,13.855999946594238,18375
2021-04-01,13.895999908447266,14.404000282287598,13.84000015258789,14.04800033569336,14.04800033569336,7000
2021-04-05,13.815999984741211,13.836000442504883,13.336000442504883,13.416000366210938,13.416000366210938,15375
2021-04-06,13.377599716186523,13.552000045776367,13.239999771118164,13.239999771118164,13.239999771118164,56000
2021-04-07,13.295999526977539,13.319999694824219,13.15999984741211,13.192000389099121,13.192000389099121,50875
2021-04-08,13.312000274658203,13.64799976348877,13.168000221252441,13.232000350952148,13.232000350952148,15875
2021-04-09,13.192000389099121,13.319999694824219,13.192000389099121,13.208000183105469,13.208000183105469,17000
2021-04-12,13.223999977111816,13.399999618530273,13.079999923706055,13.13599967956543,13.13599967956543,31625
2021-04-13,13.079999923706055,13.472000122070312,12.9399995803833,13.208000183105469,13.208000183105469,36875
2021-04-14,13.272000312805176,13.600000381469727,13.272000312805176,13.399999618530273,13.399999618530273,39000
2021-04-15,13.552000045776367,15.192000389099121,13.399999618530273,14.583999633789062,14.583999633789062,46500
2021-04-16,14.911999702453613,15.119999885559082,14.144000053405762,15.008000373840332,15.008000373840332,45125
2021-04-19,14.880000114440918,15.13599967956543,14.616000175476074,15.0,15.0,64000
2021-04-20,15.064000129699707,15.199999809265137,14.708000183105469,15.119999885559082,15.119999885559082,41250
2021-04-21,13.92240047454834,15.020000457763672,13.92240047454834,14.880000114440918,14.880000114440918,20125
2021-04-22,15.039999961853027,15.039999961853027,14.079999923706055,14.232000350952148,14.232000350952148,28750
2021-04-23,14.399999618530273,14.399999618530273,14.031999588012695,14.031999588012695,14.031999588012695,18250
2021-04-26,13.991999626159668,14.64799976348877,13.784000396728516,14.008000373840332,14.008000373840332,32750
2021-04-27,14.119999885559082,14.423999786376953,13.767999649047852,14.144000053405762,14.144000053405762,18125
2021-04-28,13.911999702453613,14.359999656677246,13.807999610900879,14.008000373840332,14.008000373840332,14125
2021-04-29,14.079999923706055,14.079999923706055,13.776000022888184,14.04800033569336,14.04800033569336,17250
2021-04-30,13.944000244140625,14.215999603271484,13.824000358581543,14.071999549865723,14.071999549865723,77625
2021-05-03,14.015999794006348,14.53600025177002,13.831999778747559,14.359999656677246,14.359999656677246,21000
2021-05-04,14.064000129699707,14.288000106811523,13.824000358581543,14.088000297546387,14.088000297546387,30000
2021-05-05,14.239999771118164,14.319999694824219,13.824000358581543,14.119999885559082,14.119999885559082,35875
2021-05-06,14.168000221252441,14.168000221252441,13.880000114440918,14.079999923706055,14.079999923706055,27375
2021-05-07,13.984000205993652,14.199999809265137,13.86400032043457,14.128000259399414,14.128000259399414,18500
2021-05-10,14.104000091552734,14.432000160217285,14.0,14.192000389099121,14.192000389099121,47000
2021-05-11,14.15999984741211,14.592000007629395,14.152000427246094,14.223999977111816,14.223999977111816,23000
2021-05-12,14.119999885559082,14.423999786376953,14.119999885559082,14.223999977111816,14.223999977111816,36875
2021-05-13,14.295999526977539,14.48799991607666,14.04800033569336,14.359999656677246,14.359999656677246,31625
2021-05-14,14.663999557495117,14.663999557495117,14.208000183105469,14.399999618530273,14.399999618530273,38125
2021-05-17,14.432000160217285,14.552000045776367,14.248000144958496,14.447999954223633,14.447999954223633,22875
2021-05-18,14.5600004196167,14.5600004196167,14.255999565124512,14.319999694824219,14.319999694824219,40500
2021-05-19,14.383999824523926,14.456000328063965,14.199999809265137,14.263999938964844,14.263999938964844,26125
2021-05-20,14.239999771118164,14.576000213623047,14.128000259399414,14.399999618530273,14.399999618530273,53625
2021-05-21,14.543999671936035,14.576000213623047,14.199999809265137,14.407999992370605,14.407999992370605,13875
2021-05-24,14.496000289916992,14.555999755859375,14.199999809265137,14.272000312805176,14.272000312805176,17750
2021-05-25,14.46399974822998,14.46399974822998,14.180000305175781,14.199999809265137,14.199999809265137,35750
2021-05-26,14.199999809265137,14.272000312805176,14.180000305175781,14.272000312805176,14.272000312805176,19375
2021-05-27,14.336000442504883,14.383999824523926,14.208000183105469,14.288000106811523,14.288000106811523,5375
2021-05-28,14.215999603271484,14.279999732971191,14.15999984741211,14.199999809265137,14.199999809265137,25625
2021-06-01,14.232000350952148,14.35200023651123,14.199999809265137,14.199999809265137,14.199999809265137,21500
2021-06-02,14.199999809265137,14.368000030517578,14.12399959564209,14.232000350952148,14.232000350952148,34750
2021-06-03,14.199999809265137,14.855999946594238,14.199999809265137,14.847999572753906,14.847999572753906,85250
2021-06-04,14.880000114440918,14.984000205993652,14.704000473022461,14.807999610900879,14.807999610900879,42125
2021-06-07,14.744000434875488,14.807999610900879,14.199999809265137,14.248000144958496,14.248000144958496,102500
2021-06-08,14.223999977111816,14.576000213623047,14.199999809265137,14.295999526977539,14.295999526977539,28625
2021-06-09,14.272000312805176,14.399999618530273,14.199999809265137,14.208000183105469,14.208000183105469,42375
2021-06-10,14.279999732971191,14.336000442504883,14.199999809265137,14.303999900817871,14.303999900817871,29375
2021-06-11,14.303999900817871,14.319999694824219,14.199999809265137,14.215999603271484,14.215999603271484,25750
2021-06-14,14.199999809265137,14.232000350952148,14.0,14.064000129699707,14.064000129699707,53500
2021-06-15,14.079999923706055,14.152000427246094,14.015999794006348,14.064000129699707,14.064000129699707,50625
2021-06-16,14.039999961853027,14.35200023651123,14.039999961853027,14.199999809265137,14.199999809265137,71750
2021-06-17,14.199999809265137,14.35200023651123,14.0,14.02400016784668,14.02400016784668,103500
2021-06-18,13.960000038146973,13.960000038146973,13.687999725341797,13.784000396728516,13.784000396728516,121750
2021-06-21,13.791999816894531,14.128000259399414,13.704000473022461,13.760000228881836,13.760000228881836,90875
2021-06-22,13.760000228881836,13.772000312805176,13.607999801635742,13.640000343322754,13.640000343322754,92000
2021-06-23,13.600000381469727,13.800000190734863,13.600000381469727,13.64799976348877,13.64799976348877,77250
2021-06-24,13.704000473022461,14.088000297546387,13.600000381469727,13.720000267028809,13.720000267028809,124125
2021-06-25,13.784000396728516,14.656000137329102,13.600000381469727,14.192000389099121,14.192000389099121,1977000
2021-06-28,14.128000259399414,14.520000457763672,13.871999740600586,14.423999786376953,14.423999786376953,59625
2021-06-29,14.46399974822998,14.472000122070312,13.895999908447266,13.920000076293945,13.920000076293945,41875
2021-06-30,13.935999870300293,14.407999992370605,13.696000099182129,13.807999610900879,13.807999610900879,41250
2021-07-01,13.928000450134277,13.991999626159668,13.744000434875488,13.991999626159668,13.991999626159668,26250
2021-07-02,13.984000205993652,13.984000205993652,13.708000183105469,13.824000358581543,13.824000358581543,23875
2021-07-06,13.767999649047852,13.84000015258789,13.472000122070312,13.5600004196167,13.5600004196167,68750
2021-07-07,13.552000045776367,13.607999801635742,13.336000442504883,13.359999656677246,13.359999656677246,39750
2021-07-08,13.368000030517578,13.383999824523926,13.144000053405762,13.383999824523926,13.383999824523926,36250
2021-07-09,13.51200008392334,13.800000190734863,13.399999618530273,13.767999649047852,13.767999649047852,20250
2021-07-12,13.687999725341797,13.871999740600586,13.67199993133545,13.687999725341797,13.687999725341797,9500
2021-07-13,13.760000228881836,13.968000411987305,13.583999633789062,13.751999855041504,13.751999855041504,32625
2021-07-14,13.887999534606934,14.039999961853027,13.800000190734863,13.920000076293945,13.920000076293945,19625
2021-07-15,15.199999809265137,16.760000228881836,15.199999809265137,16.040000915527344,16.040000915527344,627625
2021-07-16,16.0,16.607999801635742,15.520000457763672,15.64799976348877,15.64799976348877,218500
2021-07-19,15.47439956665039,15.592000007629395,15.064000129699707,15.112000465393066,15.112000465393066,228750
2021-07-20,15.04800033569336,15.407999992370605,15.04800033569336,15.199999809265137,15.199999809265137,103375
2021-07-21,15.255999565124512,15.503999710083008,15.199999809265137,15.35200023651123,15.35200023651123,48000
2021-07-22,15.343999862670898,15.343999862670898,14.944000244140625,15.088000297546387,15.088000297546387,24750
2021-07-23,14.960000038146973,15.199999809265137,14.895999908447266,15.199999809265137,15.199999809265137,108875
2021-07-26,15.079999923706055,15.199999809265137,14.824000358581543,14.920000076293945,14.920000076293945,52375
2021-07-27,14.84000015258789,15.192000389099121,14.784000396728516,15.168000221252441,15.168000221252441,108500
2021-07-28,15.0,15.199999809265137,14.944000244140625,14.944000244140625,14.944000244140625,31250
2021-07-29,15.192000389099121,15.411999702453613,15.002400398254395,15.128000259399414,15.128000259399414,81250
2021-07-30,15.263999938964844,15.711999893188477,15.199999809265137,15.199999809265137,15.199999809265137,37250
2021-08-02,15.336000442504883,15.543999671936035,15.319999694824219,15.432000160217285,15.432000160217285,8375
2021-08-03,15.503999710083008,15.592000007629395,15.343999862670898,15.399999618530273,15.399999618530273,31875
2021-08-04,15.272000312805176,15.527999877929688,15.272000312805176,15.51200008392334,15.51200008392334,12625
2021-08-05,15.520000457763672,15.759200096130371,15.520000457763672,15.711999893188477,15.711999893188477,16250
2021-08-06,15.736000061035156,16.0,15.736000061035156,15.880000114440918,15.880000114440918,38875
2021-08-09,15.84000015258789,15.880000114440918,15.711999893188477,15.815999984741211,15.815999984741211,17375
2021-08-10,15.831999778747559,16.0,15.824000358581543,15.944000244140625,15.944000244140625,8125
2021-08-11,15.911999702453613,15.991999626159668,15.600000381469727,15.680000305175781,15.680000305175781,32000
2021-08-12,15.744000434875488,15.991999626159668,15.744000434875488,15.744000434875488,15.744000434875488,20750
2021-08-13,15.704000473022461,15.88479995727539,15.616000175476074,15.616000175476074,15.616000175476074,10500
2021-08-16,15.600000381469727,15.944000244140625,15.600000381469727,15.920000076293945,15.920000076293945,11250
2021-08-17,15.86400032043457,15.928000450134277,15.600000381469727,15.904000282287598,15.904000282287598,15375
2021-08-18,15.767999649047852,16.0,15.763999938964844,15.920000076293945,15.920000076293945,12875
2021-08-19,15.892800331115723,15.892800331115723,15.628000259399414,15.815999984741211,15.815999984741211,9500
2021-08-20,15.744000434875488,16.167999267578125,15.600000381469727,16.128000259399414,16.128000259399414,30625
2021-08-23,16.11199951171875,16.11199951171875,15.656000137329102,15.887999534606934,15.887999534606934,15875
2021-08-24,15.776000022888184,15.776000022888184,15.64799976348877,15.64799976348877,15.64799976348877,6500
2021-08-25,15.760000228881836,15.824000358581543,15.64799976348877,15.64799976348877,15.64799976348877,10250
2021-08-26,15.616000175476074,15.824000358581543,15.616000175476074,15.751999855041504,15.751999855041504,6125
2021-08-27,15.84000015258789,16.055999755859375,15.600000381469727,15.855999946594238,15.855999946594238,19875
2021-08-30,15.960000038146973,16.031999588012695,15.663999557495117,15.663999557495117,15.663999557495117,5000
2021-08-31,15.831999778747559,15.991999626159668,15.680000305175781,15.824000358581543,15.824000358581543,4125
2021-09-01,15.920000076293945,15.991999626159668,15.640000343322754,15.847999572753906,15.847999572753906,16750
2021-09-02,15.859999656677246,15.920000076293945,15.807999610900879,15.920000076293945,15.920000076293945,6000
2021-09-03,15.84000015258789,16.06399917602539,15.744000434875488,15.744000434875488,15.744000434875488,9875
2021-09-07,15.887999534606934,16.23200035095215,15.600000381469727,15.855999946594238,15.855999946594238,23125
2021-09-08,15.928000450134277,16.0,15.704000473022461,15.880000114440918,15.880000114440918,19375
2021-09-09,15.815999984741211,16.15999984741211,15.807999610900879,15.960000038146973,15.960000038146973,49875
2021-09-10,15.928000450134277,16.143999099731445,15.680000305175781,15.776000022888184,15.776000022888184,18375
2021-09-13,15.776000022888184,15.800000190734863,15.663999557495117,15.687999725341797,15.687999725341797,8250
2021-09-14,15.720000267028809,15.727999687194824,15.399999618530273,15.527999877929688,15.527999877929688,13500
2021-09-15,15.640000343322754,15.720000267028809,15.53600025177002,15.720000267028809,15.720000267028809,11625
2021-09-16,15.600000381469727,15.704000473022461,15.456000328063965,15.583999633789062,15.583999633789062,17000
2021-09-17,15.527999877929688,15.984000205993652,15.520000457763672,15.920000076293945,15.920000076293945,18500
2021-09-20,15.720000267028809,15.800000190734863,15.119999885559082,15.432000160217285,15.432000160217285,11875
2021-09-21,15.399999618530273,15.711999893188477,15.399999618530273,15.543999671936035,15.543999671936035,7500
2021-09-22,15.527999877929688,15.680000305175781,15.527999877929688,15.663999557495117,15.663999557495117,6500
2021-09-23,15.984000205993652,15.984000205993652,15.520000457763672,15.520000457763672,15.520000457763672,3750
2021-09-24,15.520000457763672,15.791999816894531,15.520000457763672,15.600000381469727,15.600000381469727,9750
2021-09-27,15.520000457763672,15.991999626159668,15.520000457763672,15.928000450134277,15.928000450134277,8625
2021-09-28,15.778400421142578,15.935999870300293,15.760000228881836,15.855999946594238,15.855999946594238,2250
2021-09-29,15.791999816894531,16.007999420166016,15.680000305175781,15.847999572753906,15.847999572753906,17625
2021-09-30,16.016000747680664,16.016000747680664,16.0,16.0,16.0,625
2021-10-01,15.991999626159668,16.1200008392334,15.86400032043457,15.960000038146973,15.960000038146973,20750
2021-10-04,15.960000038146973,16.13599967956543,15.800000190734863,15.855999946594238,15.855999946594238,3500
2021-10-05,15.880000114440918,16.24799919128418,15.855999946594238,16.1200008392334,16.1200008392334,47625
2021-10-06,15.928000450134277,16.09600067138672,15.880000114440918,16.09600067138672,16.09600067138672,16750
2021-10-07,16.167999267578125,16.27199935913086,16.031999588012695,16.20800018310547,16.20800018310547,5625
2021-10-08,16.06399917602539,16.200000762939453,16.06399917602539,16.176000595092773,16.176000595092773,9375
2021-10-11,16.079999923706055,16.408000946044922,15.920000076293945,16.200000762939453,16.200000762939453,11375
2021-10-12,16.200000762939453,16.408000946044922,16.06399917602539,16.224000930786133,16.224000930786133,4000
2021-10-13,16.29599952697754,16.312000274658203,16.055999755859375,16.055999755859375,16.055999755859375,9125
2021-10-14,16.167999267578125,16.323999404907227,16.0,16.031999588012695,16.031999588012695,7375
2021-10-15,16.152000427246094,17.191999435424805,16.06399917602539,16.312000274658203,16.312000274658203,211125
2021-10-18,16.511999130249023,16.799999237060547,16.511999130249023,16.75200080871582,16.75200080871582,9000
2021-10-19,16.93600082397461,16.959999084472656,16.68000030517578,16.711999893188477,16.711999893188477,27000
2021-10-20,16.736000061035156,16.760000228881836,16.488000869750977,16.488000869750977,16.488000869750977,16750
2021-10-21,16.559999465942383,16.559999465942383,16.34239959716797,16.520000457763672,16.520000457763672,8500
2021-10-22,16.408000946044922,16.511999130249023,16.280000686645508,16.479999542236328,16.479999542236328,22125
2021-10-25,16.327999114990234,16.719999313354492,16.327999114990234,16.520000457763672,16.520000457763672,5000
2021-10-26,16.399999618530273,16.760000228881836,16.399999618530273,16.472000122070312,16.472000122070312,5125
2021-10-27,16.399999618530273,16.399999618530273,16.31999969482422,16.31999969482422,16.31999969482422,1375
2021-10-28,16.280000686645508,16.663999557495117,16.15999984741211,16.256000518798828,16.256000518798828,10750
2021-10-29,16.472000122070312,16.672000885009766,16.360000610351562,16.399999618530273,16.399999618530273,11625
2021-11-01,16.408000946044922,16.8799991607666,16.408000946044922,16.856000900268555,16.856000900268555,20625
2021-11-02,16.8799991607666,16.8799991607666,16.535999298095703,16.84000015258789,16.84000015258789,8625
2021-11-03,16.8799991607666,17.040000915527344,16.624000549316406,16.91200065612793,16.91200065612793,17500
2021-11-04,16.992000579833984,16.992000579833984,16.672000885009766,16.784000396728516,16.784000396728516,24125
2021-11-05,16.440000534057617,16.91200065612793,16.200000762939453,16.360000610351562,16.360000610351562,122375
2021-11-08,16.447999954223633,16.95199966430664,16.29599952697754,16.576000213623047,16.576000213623047,18750
2021-11-09,16.663999557495117,16.832000732421875,16.399999618530273,16.440000534057617,16.440000534057617,8125
2021-11-10,16.447999954223633,16.760000228881836,16.327999114990234,16.327999114990234,16.327999114990234,8875
2021-11-11,16.384000778198242,16.70400047302246,16.29599952697754,16.29599952697754,16.29599952697754,10125
2021-11-12,16.392000198364258,16.520000457763672,16.288000106811523,16.288000106811523,16.288000106811523,2500
2021-11-15,16.375999450683594,16.615999221801758,16.375999450683594,16.615999221801758,16.615999221801758,7750
2021-11-16,16.535999298095703,16.76799964904785,16.488000869750977,16.6560001373291,16.6560001373291,98750
2021-11-17,16.639999389648438,16.639999389648438,16.18400001525879,16.520000457763672,16.520000457763672,17875
2021-11-18,16.29599952697754,16.68000030517578,16.29599952697754,16.6560001373291,16.6560001373291,25125
2021-11-19,16.583999633789062,16.624000549316406,16.440000534057617,16.440000534057617,16.440000534057617,4375
2021-11-22,16.559999465942383,16.559999465942383,16.239999771118164,16.559999465942383,16.559999465942383,6000
2021-11-23,16.559999465942383,16.711999893188477,16.479999542236328,16.479999542236328,16.479999542236328,1500
2021-11-24,16.583999633789062,16.639999389648438,16.583999633789062,16.639999389648438,16.639999389648438,1125
2021-11-26,16.399999618530273,16.399999618530273,16.31999969482422,16.31999969482422,16.31999969482422,2500
2021-11-29,16.368000030517578,16.40239906311035,15.880000114440918,16.15999984741211,16.15999984741211,28000
2021-11-30,16.07200050354004,16.200000762939453,15.855999946594238,16.08799934387207,16.08799934387207,30000
2021-12-01,16.239999771118164,16.302400588989258,16.040000915527344,16.07200050354004,16.07200050354004,8500
2021-12-02,16.0,16.639999389648438,16.0,16.312000274658203,16.312000274658203,3625
2021-12-03,16.172000885009766,16.172000885009766,16.031999588012695,16.11199951171875,16.11199951171875,1750
2021-12-06,16.20800018310547,16.360000610351562,16.167999267578125,16.360000610351562,16.360000610351562,1750
2021-12-07,16.239999771118164,16.392000198364258,16.055999755859375,16.152000427246094,16.152000427246094,14000
2021-12-08,16.15999984741211,16.263999938964844,15.97599983215332,15.97599983215332,15.97599983215332,9250
2021-12-09,15.968000411987305,16.11199951171875,15.84000015258789,15.84000015258789,15.84000015258789,7625
2021-12-10,15.815999984741211,16.152000427246094,15.815999984741211,16.152000427246094,16.152000427246094,3250
2021-12-13,15.887999534606934,15.996000289916992,15.84000015258789,15.84000015258789,15.84000015258789,14250
2021-12-14,15.723199844360352,15.956000328063965,15.720000267028809,15.824000358581543,15.824000358581543,73500
2021-12-15,15.748000144958496,15.968000411987305,15.720000267028809,15.751999855041504,15.751999855041504,7375
2021-12-16,15.784000396728516,16.128000259399414,15.555999755859375,15.895999908447266,15.895999908447266,10875
2021-12-17,15.880000114440918,16.256000518798828,15.592000007629395,16.176000595092773,16.176000595092773,78500
2021-12-20,15.928000450134277,15.928000450134277,15.288000106811523,15.51200008392334,15.51200008392334,39375
2021-12-21,15.355999946594238,15.776000022888184,15.355999946594238,15.776000022888184,15.776000022888184,3125
2021-12-22,15.84000015258789,15.84000015258789,15.5600004196167,15.800000190734863,15.800000190734863,7000
2021-12-23,15.944000244140625,15.960000038146973,15.944000244140625,15.960000038146973,15.960000038146973,1250
2021-12-27,15.668000221252441,16.07200050354004,15.65999984741211,15.720000267028809,15.720000267028809,5875
2021-12-28,15.880000114440918,15.960000038146973,15.607999801635742,15.720000267028809,15.720000267028809,2375
2021-12-29,15.880000114440918,16.08799934387207,15.711999893188477,15.720000267028809,15.720000267028809,17000
2021-12-30,15.855999946594238,15.97599983215332,15.711999893188477,15.744000434875488,15.744000434875488,10500
2021-12-31,15.680000305175781,15.95199966430664,15.628000259399414,15.744000434875488,15.744000434875488,21125
2022-01-03,15.711999893188477,16.0,15.711999893188477,15.880000114440918,15.880000114440918,5625
2022-01-04,15.991999626159668,15.991999626159668,15.692000389099121,15.84000015258789,15.84000015258789,11625
2022-01-05,15.687999725341797,15.687999725341797,15.687999725341797,15.687999725341797,15.687999725341797,875
2022-01-06,15.736000061035156,15.95199966430664,15.67199993133545,15.815999984741211,15.815999984741211,35625
2022-01-07,15.815999984741211,16.0,15.815999984741211,16.0,16.0,6625
2022-01-10,16.0,16.0,16.0,16.0,16.0,2125
2022-01-11,16.0,16.31999969482422,16.0,16.0,16.0,18625
2022-01-12,16.143999099731445,16.31999969482422,16.007999420166016,16.040000915527344,16.040000915527344,27125
2022-01-13,16.0,16.3439998626709,16.0,16.15999984741211,16.15999984741211,127875
2022-01-14,16.1200008392334,16.392000198364258,16.104000091552734,16.347999572753906,16.347999572753906,97500
2022-01-18,16.3439998626709,16.687999725341797,16.13599967956543,16.600000381469727,16.600000381469727,14875
2022-01-19,16.583999633789062,16.583999633789062,15.991999626159668,16.239999771118164,16.239999771118164,47625
2022-01-20,16.29599952697754,16.31999969482422,16.1200008392334,16.1200008392334,16.1200008392334,9750
2022-01-21,15.807999610900879,16.15999984741211,15.208000183105469,15.97599983215332,15.97599983215332,505875
2022-01-24,16.055999755859375,16.91200065612793,16.055999755859375,16.559999465942383,16.559999465942383,96750
2022-01-25,16.472000122070312,16.93600082397461,15.895999908447266,16.56800079345703,16.56800079345703,65000
2022-01-26,16.784000396728516,16.964799880981445,16.327999114990234,16.447999954223633,16.447999954223633,144125
2022-01-27,16.31999969482422,16.808000564575195,16.31999969482422,16.799999237060547,16.799999237060547,29875
2022-01-28,16.535999298095703,16.920000076293945,16.13599967956543,16.280000686645508,16.280000686645508,66625
2022-01-31,16.351999282836914,16.375999450683594,15.86400032043457,16.15999984741211,16.15999984741211,88875
2022-02-01,16.079999923706055,16.847999572753906,16.035999298095703,16.719999313354492,16.719999313354492,42500
2022-02-02,16.832000732421875,16.8799991607666,16.45599937438965,16.81599998474121,16.81599998474121,43375
2022-02-03,16.695999145507812,16.847999572753906,16.360000610351562,16.687999725341797,16.687999725341797,59125
2022-02-04,16.719999313354492,16.944000244140625,16.559999465942383,16.760000228881836,16.760000228881836,11250
2022-02-07,16.6560001373291,17.15999984741211,16.615999221801758,16.97599983215332,16.97599983215332,26375
2022-02-08,17.04800033569336,17.191999435424805,16.687999725341797,16.84000015258789,16.84000015258789,22375
2022-02-09,16.70400047302246,16.799999237060547,16.687999725341797,16.79199981689453,16.79199981689453,12500
2022-02-10,16.799999237060547,16.799999237060547,16.535999298095703,16.535999298095703,16.535999298095703,9500
2022-02-11,16.695999145507812,16.719999313354492,16.45599937438965,16.472000122070312,16.472000122070312,11000
2022-02-14,16.600000381469727,16.856000900268555,16.447999954223633,16.799999237060547,16.799999237060547,34375
2022-02-15,17.13599967956543,17.13599967956543,16.615999221801758,16.784000396728516,16.784000396728516,15375
2022-02-16,16.719999313354492,16.920000076293945,16.624000549316406,16.799999237060547,16.799999237060547,23375
2022-02-17,16.719999313354492,16.944000244140625,16.591999053955078,16.672000885009766,16.672000885009766,26000
2022-02-18,16.583999633789062,16.944000244140625,16.552000045776367,16.672000885009766,16.672000885009766,235750
2022-02-22,16.760000228881836,16.920000076293945,16.527999877929688,16.84000015258789,16.84000015258789,22250
2022-02-23,16.983999252319336,17.08799934387207,16.648000717163086,16.808000564575195,16.808000564575195,46375
2022-02-24,16.631999969482422,16.895999908447266,16.552000045776367,16.72800064086914,16.72800064086914,18750
2022-02-25,16.847999572753906,16.8799991607666,16.6560001373291,16.86400032043457,16.86400032043457,29875
2022-02-28,16.81599998474121,16.920000076293945,16.559999465942383,16.711999893188477,16.711999893188477,23625
2022-03-01,16.552000045776367,16.775999069213867,16.447999954223633,16.447999954223633,16.447999954223633,26875
2022-03-02,16.488000869750977,16.760000228881836,16.304000854492188,16.607999801635742,16.607999801635742,26125
2022-03-03,16.579999923706055,16.944000244140625,16.520000457763672,16.799999237060547,16.799999237060547,45750
2022-03-04,16.711999893188477,16.93600082397461,16.663999557495117,16.847999572753906,16.847999572753906,23375
2022-03-07,16.784000396728516,16.920000076293945,16.423999786376953,16.527999877929688,16.527999877929688,22875
2022-03-08,16.70400047302246,16.959999084472656,16.520000457763672,16.520000457763672,16.520000457763672,6875
2022-03-09,16.784000396728516,16.79199981689453,16.535999298095703,16.719999313354492,16.719999313354492,4750
2022-03-10,16.808000564575195,16.84239959716797,16.511999130249023,16.68000030517578,16.68000030517578,10000
2022-03-11,16.760000228881836,16.760000228881836,16.488000869750977,16.760000228881836,16.760000228881836,21125
2022-03-14,16.736000061035156,16.871999740600586,16.624000549316406,16.70400047302246,16.70400047302246,27625
2022-03-15,16.719999313354492,16.899999618530273,16.591999053955078,16.663999557495117,16.663999557495117,28375
2022-03-16,16.739999771118164,16.739999771118164,16.643999099731445,16.6560001373291,16.6560001373291,15000
2022-03-17,16.624000549316406,16.719999313354492,16.45599937438965,16.615999221801758,16.615999221801758,17250
2022-03-18,16.672000885009766,16.91200065612793,16.0,16.719999313354492,16.719999313354492,81625
2022-03-21,16.63599967956543,16.75200080871582,16.615999221801758,16.719999313354492,16.719999313354492,13750
2022-03-22,16.54400062561035,16.916000366210938,16.54400062561035,16.719999313354492,16.719999313354492,23750
2022-03-23,16.648000717163086,16.760000228881836,16.392000198364258,16.68000030517578,16.68000030517578,23375
2022-03-24,16.84000015258789,16.84000015258789,16.663999557495117,16.719999313354492,16.719999313354492,13625
2022-03-25,16.68000030517578,16.799999237060547,16.408000946044922,16.70400047302246,16.70400047302246,36250
2022-03-28,16.672000885009766,16.784000396728516,16.520000457763672,16.719999313354492,16.719999313354492,19500
2022-03-29,16.719999313354492,16.719999313354492,16.600000381469727,16.719999313354492,16.719999313354492,26500
2022-03-30,16.663999557495117,16.663999557495117,16.472000122070312,16.600000381469727,16.600000381469727,23875
2022-03-31,16.54800033569336,16.639999389648438,16.24799919128418,16.600000381469727,16.600000381469727,37375
2022-04-01,16.583999633789062,16.583999633789062,16.351999282836914,16.368000030517578,16.368000030517578,33625
2022-04-04,16.520000457763672,16.520000457763672,16.29599952697754,16.472000122070312,16.472000122070312,20625
2022-04-05,16.399999618530273,16.45599937438965,16.13599967956543,16.368000030517578,16.368000030517578,14000
2022-04-06,16.27199935913086,16.399999618530273,16.152000427246094,16.200000762939453,16.200000762939453,25375
2022-04-07,16.239999771118164,16.239999771118164,15.628000259399414,15.855999946594238,15.855999946594238,42625
2022-04-08,15.824000358581543,16.06399917602539,15.807999610900879,15.920000076293945,15.920000076293945,21000
2022-04-11,15.815999984741211,16.016000747680664,15.744000434875488,15.895999908447266,15.895999908447266,21875
2022-04-12,15.84000015258789,16.15999984741211,15.84000015258789,15.911999702453613,15.911999702453613,44750
2022-04-13,15.831999778747559,15.904000282287598,15.727999687194824,15.831999778747559,15.831999778747559,61250
2022-04-14,15.751999855041504,15.895999908447266,15.727999687194824,15.776000022888184,15.776000022888184,26375
2022-04-18,15.776000022888184,15.880000114440918,15.64799976348877,15.776000022888184,15.776000022888184,46875
2022-04-19,15.687999725341797,15.904000282287598,15.687999725341797,15.904000282287598,15.904000282287598,92875
2022-04-20,15.871999740600586,17.200000762939453,15.760000228881836,17.079999923706055,17.079999923706055,131875
2022-04-21,17.15999984741211,17.520000457763672,17.00079917907715,17.200000762939453,17.200000762939453,80250
2022-04-22,17.040000915527344,17.200000762939453,16.86400032043457,16.97599983215332,16.97599983215332,57000
2022-04-25,16.91200065612793,17.035999298095703,16.511999130249023,16.624000549316406,16.624000549316406,86375
2022-04-26,16.631999969482422,16.784000396728516,16.440000534057617,16.527999877929688,16.527999877929688,50375
2022-04-27,16.511999130249023,16.70400047302246,16.40399932861328,16.559999465942383,16.559999465942383,59750
2022-04-28,16.639999389648438,16.784000396728516,16.488000869750977,16.591999053955078,16.591999053955078,59625
2022-04-29,16.591999053955078,16.760000228881836,16.399999618530273,16.527999877929688,16.527999877929688,50625
2022-05-02,16.45599937438965,16.799999237060547,16.45599937438965,16.68000030517578,16.68000030517578,67000
2022-05-03,16.68000030517578,16.68000030517578,16.496000289916992,16.607999801635742,16.607999801635742,60625
2022-05-04,16.496000289916992,16.780000686645508,16.496000289916992,16.743999481201172,16.743999481201172,50875
2022-05-05,16.70400047302246,16.70400047302246,16.15999984741211,16.496000289916992,16.496000289916992,84500
2022-05-06,16.408000946044922,16.54400062561035,16.15999984741211,16.416000366210938,16.416000366210938,37625
2022-05-09,16.399999618530273,16.45199966430664,15.767999649047852,16.304000854492188,16.304000854492188,67875
2022-05-10,16.219999313354492,16.304000854492188,15.868000030517578,16.079999923706055,16.079999923706055,43500
2022-05-11,16.176000595092773,16.408000946044922,15.928000450134277,16.1200008392334,16.1200008392334,53500
2022-05-12,16.263999938964844,16.280000686645508,15.767999649047852,16.055999755859375,16.055999755859375,41750
2022-05-13,16.15999984741211,16.416000366210938,15.97599983215332,16.215999603271484,16.215999603271484,49000
2022-05-16,16.04800033569336,16.327999114990234,15.84000015258789,15.904000282287598,15.904000282287598,37625
2022-05-17,16.06399917602539,16.392000198364258,16.06399917602539,16.176000595092773,16.176000595092773,33375
2022-05-18,16.02400016784668,16.472000122070312,15.95199966430664,16.143999099731445,16.143999099731445,47250
2022-05-19,16.079999923706055,16.079999923706055,15.880000114440918,15.95199966430664,15.95199966430664,17500
2022-05-20,16.15999984741211,16.23200035095215,15.791999816894531,15.831999778747559,15.831999778747559,26250
2022-05-23,16.016000747680664,16.11199951171875,15.923999786376953,15.97599983215332,15.97599983215332,32750
2022-05-24,15.968000411987305,16.04800033569336,15.815999984741211,15.920000076293945,15.920000076293945,27375
2022-05-25,15.97599983215332,16.308000564575195,15.87600040435791,16.016000747680664,16.016000747680664,78375
2022-05-26,16.031999588012695,16.68000030517578,15.911999702453613,16.31999969482422,16.31999969482422,42250
2022-05-27,16.384000778198242,16.503999710083008,16.336000442504883,16.479999542236328,16.479999542236328,36375
2022-05-31,16.408000946044922,16.75200080871582,16.399999618530273,16.559999465942383,16.559999465942383,66125
2022-06-01,16.464000701904297,16.691999435424805,16.440000534057617,16.631999969482422,16.631999969482422,72500
2022-06-02,16.215999603271484,16.68000030517578,16.215999603271484,16.496000289916992,16.496000289916992,76625
2022-06-03,16.440000534057617,16.488000869750977,16.224000930786133,16.408000946044922,16.408000946044922,41375
2022-06-06,16.535999298095703,16.695999145507812,16.27199935913086,16.351999282836914,16.351999282836914,60250
2022-06-07,16.327999114990234,16.600000381469727,15.616000175476074,16.27199935913086,16.27199935913086,136250
2022-06-08,16.591999053955078,16.591999053955078,16.0,16.11199951171875,16.11199951171875,77250
2022-06-09,16.079999923706055,16.280000686645508,15.800000190734863,15.895999908447266,15.895999908447266,71500
2022-06-10,15.62399959564209,15.84000015258789,15.567999839782715,15.652000427246094,15.652000427246094,35250
2022-06-13,15.62399959564209,15.62399959564209,15.008000373840332,15.064000129699707,15.064000129699707,60500
2022-06-14,15.192000389099121,15.192000389099121,14.892000198364258,15.0,15.0,42500
2022-06-15,15.208000183105469,15.300000190734863,15.0,15.112000465393066,15.112000465393066,48000
2022-06-16,15.039999961853027,15.168000221252441,14.847999572753906,15.02400016784668,15.02400016784668,71250
2022-06-17,15.15999984741211,15.223999977111816,14.680000305175781,14.847999572753906,14.847999572753906,153875
2022-06-21,15.064000129699707,15.175999641418457,14.916000366210938,14.968000411987305,14.968000411987305,125125
2022-06-22,15.0,16.312000274658203,14.86400032043457,14.887999534606934,14.887999534606934,136500
2022-06-23,15.039999961853027,15.04800033569336,14.656000137329102,14.871999740600586,14.871999740600586,155000
2022-06-24,15.039999961853027,15.723999977111816,14.399999618530273,14.4399995803833,14.4399995803833,1808125
2022-06-27,14.576000213623047,15.319999694824219,14.576000213623047,15.239999771118164,15.239999771118164,142500
2022-06-28,15.144000053405762,15.592000007629395,14.868000030517578,15.168000221252441,15.168000221252441,79250
2022-06-29,15.095999717712402,15.468000411987305,14.928000450134277,15.015999794006348,15.015999794006348,54000
2022-06-30,14.831999778747559,15.239999771118164,14.831999778747559,15.064000129699707,15.064000129699707,46750
2022-07-01,15.199999809265137,15.35200023651123,14.868000030517578,15.064000129699707,15.064000129699707,60750
2022-07-05,14.911999702453613,15.640000343322754,14.815999984741211,15.520000457763672,15.520000457763672,82500
2022-07-06,15.392000198364258,15.5600004196167,15.128000259399414,15.175999641418457,15.175999641418457,21000
2022-07-07,15.02400016784668,15.760000228881836,14.755999565124512,14.855999946594238,14.855999946594238,75375
2022-07-08,14.895999908447266,15.32800006866455,14.640000343322754,15.15999984741211,15.15999984741211,66875
2022-07-11,15.071999549865723,15.192000389099121,14.928799629211426,14.935999870300293,14.935999870300293,23875
2022-07-12,15.04800033569336,15.279999732971191,14.95199966430664,15.04800033569336,15.04800033569336,24500
2022-07-13,14.991999626159668,15.055999755859375,14.800000190734863,14.855999946594238,14.855999946594238,17125
2022-07-14,14.687999725341797,14.920000076293945,14.607999801635742,14.760000228881836,14.760000228881836,65125
2022-07-15,14.984000205993652,15.343999862670898,14.751999855041504,15.215999603271484,15.215999603271484,41125
2022-07-18,15.368000030517578,15.520000457763672,14.815999984741211,14.984000205993652,14.984000205993652,35625
2022-07-19,14.97599983215332,15.244000434875488,14.968000411987305,15.112000465393066,15.112000465393066,32250
2022-07-20,15.168000221252441,15.295999526977539,14.960000038146973,15.039999961853027,15.039999961853027,33875
2022-07-21,14.968000411987305,15.144000053405762,14.968000411987305,15.031999588012695,15.031999588012695,28750
2022-07-22,15.104000091552734,15.288000106811523,14.803999900817871,15.031999588012695,15.031999588012695,57875
2022-07-25,15.184000015258789,15.199999809265137,14.932000160217285,14.97599983215332,14.97599983215332,25500
2022-07-26,14.935999870300293,15.279999732971191,14.892000198364258,15.079999923706055,15.079999923706055,46750
2022-07-27,15.039999961853027,15.432000160217285,15.039999961853027,15.272000312805176,15.272000312805176,41750
2022-07-28,15.255999565124512,15.5600004196167,15.175999641418457,15.35200023651123,15.35200023651123,40125
2022-07-29,15.312000274658203,15.583999633789062,15.199999809265137,15.319999694824219,15.319999694824219,77625
2022-08-01,15.279999732971191,15.520000457763672,15.255999565124512,15.359999656677246,15.359999656677246,22125
2022-08-02,15.35200023651123,15.392000198364258,15.215999603271484,15.279999732971191,15.279999732971191,14000
2022-08-03,15.248000144958496,15.392000198364258,15.095999717712402,15.263999938964844,15.263999938964844,29750
2022-08-04,15.199999809265137,15.416000366210938,15.088000297546387,15.263999938964844,15.263999938964844,48375
2022-08-05,14.871999740600586,15.263999938964844,14.871999740600586,15.223999977111816,15.223999977111816,43750
2022-08-08,15.312000274658203,15.399999618530273,15.199999809265137,15.255999565124512,15.255999565124512,34750
2022-08-09,15.35200023651123,15.359999656677246,15.144000053405762,15.288000106811523,15.288000106811523,24750
2022-08-10,15.399999618530273,15.53600025177002,15.211999893188477,15.279999732971191,15.279999732971191,40250
2022-08-11,15.4399995803833,15.760000228881836,15.168000221252441,15.543999671936035,15.543999671936035,39000
2022-08-12,15.4399995803833,16.0,15.4399995803833,15.767999649047852,15.767999649047852,48625
2022-08-15,15.760000228881836,15.960000038146973,15.680000305175781,15.895999908447266,15.895999908447266,27125
2022-08-16,16.079999923706055,16.079999923706055,15.767999649047852,15.911999702453613,15.911999702453613,33125
2022-08-17,15.800000190734863,15.920000076293945,15.652000427246094,15.776000022888184,15.776000022888184,33375
2022-08-18,15.880000114440918,15.97599983215332,15.687999725341797,15.904000282287598,15.904000282287598,49625
2022-08-19,15.887999534606934,16.0,15.696000099182129,15.800000190734863,15.800000190734863,77125
2022-08-22,15.807999610900879,15.880000114440918,15.62399959564209,15.680000305175781,15.680000305175781,21375
2022-08-23,15.616000175476074,15.696000099182129,15.479999542236328,15.600000381469727,15.600000381469727,21125
2022-08-24,15.5600004196167,15.744000434875488,15.456000328063965,15.527999877929688,15.527999877929688,26125
2022-08-25,15.656000137329102,15.656000137329102,15.432000160217285,15.576000213623047,15.576000213623047,24750
2022-08-26,15.62399959564209,15.760000228881836,15.295999526977539,15.423999786376953,15.423999786376953,43750
2022-08-29,15.4399995803833,15.520000457763672,15.279999732971191,15.399999618530273,15.399999618530273,22250
2022-08-30,15.399999618530273,15.432000160217285,15.248000144958496,15.407999992370605,15.407999992370605,39000
2022-08-31,15.416000366210938,15.416000366210938,15.223999977111816,15.407999992370605,15.407999992370605,29625
2022-09-01,15.312000274658203,15.37600040435791,15.215999603271484,15.303999900817871,15.303999900817871,38375
2022-09-02,15.239999771118164,15.32800006866455,15.168000221252441,15.303999900817871,15.303999900817871,25375
2022-09-06,15.343999862670898,15.343999862670898,15.04800033569336,15.263999938964844,15.263999938964844,51750
2022-09-07,15.319999694824219,15.319999694824219,15.04800033569336,15.199999809265137,15.199999809265137,32875
2022-09-08,15.112000465393066,15.255999565124512,15.055999755859375,15.255999565124512,15.255999565124512,21750
2022-09-09,15.279999732971191,15.37600040435791,15.15999984741211,15.215999603271484,15.215999603271484,64750
2022-09-12,15.32800006866455,15.383999824523926,15.064000129699707,15.168000221252441,15.168000221252441,32875
2022-09-13,15.128000259399414,15.15999984741211,14.928000450134277,14.960000038146973,14.960000038146973,27625
2022-09-14,15.031999588012695,15.112000465393066,14.855999946594238,14.984000205993652,14.984000205993652,26125
2022-09-15,15.02400016784668,15.4399995803833,14.895999908447266,15.336000442504883,15.336000442504883,48375
2022-09-16,15.239999771118164,15.567999839782715,15.112000465393066,15.520000457763672,15.520000457763672,49375
2022-09-19,15.4399995803833,15.616000175476074,15.303999900817871,15.592000007629395,15.592000007629395,36625
2022-09-20,15.51200008392334,15.616000175476074,15.288000106811523,15.520000457763672,15.520000457763672,14750
2022-09-21,15.600000381469727,15.734399795532227,15.383999824523926,15.472000122070312,15.472000122070312,14500
2022-09-22,15.527999877929688,15.527999877929688,15.192000389099121,15.279999732971191,15.279999732971191,21500
2022-09-23,15.239999771118164,15.303999900817871,14.887999534606934,15.239999771118164,15.239999771118164,23375
2022-09-26,15.383999824523926,15.383999824523926,15.144000053405762,15.279999732971191,15.279999732971191,19375
2022-09-27,15.303999900817871,15.416000366210938,15.17199993133545,15.263999938964844,15.263999938964844,20750
2022-09-28,15.35200023651123,15.491999626159668,15.069600105285645,15.37600040435791,15.37600040435791,18250
2022-09-29,15.37600040435791,15.539999961853027,15.039999961853027,15.48799991607666,15.48799991607666,39500
2022-09-30,15.383999824523926,15.631999969482422,15.32800006866455,15.336000442504883,15.336000442504883,27250
2022-10-03,15.46399974822998,15.46399974822998,15.199999809265137,15.279999732971191,15.279999732971191,36250
2022-10-04,15.343999862670898,15.506400108337402,15.279999732971191,15.432000160217285,15.432000160217285,22000
2022-10-05,15.392000198364258,15.51200008392334,15.239999771118164,15.46399974822998,15.46399974822998,13875
2022-10-06,15.503999710083008,15.503999710083008,15.336000442504883,15.37600040435791,15.37600040435791,13750
2022-10-07,15.383999824523926,15.423999786376953,15.199999809265137,15.32800006866455,15.32800006866455,8000
2022-10-10,15.447999954223633,15.520000457763672,15.208000183105469,15.472000122070312,15.472000122070312,56125
2022-10-11,15.527999877929688,15.527999877929688,15.267999649047852,15.343999862670898,15.343999862670898,24375
2022-10-12,15.399999618530273,15.416000366210938,15.255999565124512,15.295999526977539,15.295999526977539,8250
2022-10-13,15.208000183105469,15.800000190734863,15.208000183105469,15.744000434875488,15.744000434875488,19250
2022-10-14,15.847999572753906,16.0,15.5600004196167,15.760000228881836,15.760000228881836,30000
2022-10-17,15.744000434875488,15.904000282287598,15.543999671936035,15.784000396728516,15.784000396728516,34125
2022-10-18,15.843999862670898,16.191999435424805,15.776000022888184,16.13599967956543,16.13599967956543,96000
2022-10-19,16.1200008392334,16.23200035095215,16.007999420166016,16.07200050354004,16.07200050354004,16875
2022-10-20,16.18400001525879,16.18400001525879,15.576000213623047,15.751999855041504,15.751999855041504,21250
2022-10-21,15.911999702453613,16.18400001525879,15.751999855041504,16.0,16.0,32875
2022-10-24,16.079999923706055,16.104000091552734,15.855999946594238,16.0,16.0,10125
2022-10-25,16.06399917602539,16.648000717163086,15.86400032043457,16.479999542236328,16.479999542236328,55750
2022-10-26,16.464000701904297,16.743999481201172,16.200000762939453,16.200000762939453,16.200000762939453,45875
2022-10-27,16.351999282836914,16.43199920654297,16.027999877929688,16.304000854492188,16.304000854492188,51125
2022-10-28,16.312000274658203,16.351999282836914,16.07200050354004,16.24799919128418,16.24799919128418,34625
2022-10-31,16.304000854492188,16.3439998626709,16.143999099731445,16.256000518798828,16.256000518798828,19625
2022-11-01,16.31999969482422,16.3439998626709,16.04800033569336,16.13599967956543,16.13599967956543,17375
2022-11-02,16.3439998626709,16.399999618530273,15.928000450134277,16.011999130249023,16.011999130249023,54000
2022-11-03,15.968000411987305,16.215999603271484,15.968000411987305,16.152000427246094,16.152000427246094,6500
2022-11-04,16.13599967956543,16.31999969482422,16.007999420166016,16.27199935913086,16.27199935913086,22625
2022-11-07,16.239999771118164,16.34000015258789,16.02400016784668,16.176000595092773,16.176000595092773,23875
2022-11-08,16.20800018310547,16.280000686645508,15.991999626159668,16.11199951171875,16.11199951171875,18125
2022-11-09,16.304000854492188,16.43199920654297,15.920000076293945,16.06399917602539,16.06399917602539,20125
2022-11-10,16.224000930786133,16.527999877929688,16.055999755859375,16.336000442504883,16.336000442504883,50125
2022-11-11,16.375999450683594,16.375999450683594,16.08799934387207,16.167999267578125,16.167999267578125,11750
2022-11-14,16.152000427246094,16.200000762939453,15.928000450134277,16.08799934387207,16.08799934387207,22000
2022-11-15,16.079999923706055,16.079999923706055,15.871999740600586,16.0,16.0,14250
2022-11-16,16.079999923706055,16.079999923706055,15.687999725341797,15.984000205993652,15.984000205993652,18875
2022-11-17,15.960000038146973,16.0,15.86400032043457,15.97599983215332,15.97599983215332,16625
2022-11-18,16.079999923706055,16.079999923706055,15.680000305175781,15.895999908447266,15.895999908447266,23500
2022-11-21,15.767999649047852,15.86400032043457,14.959199905395508,15.767999649047852,15.767999649047852,12500
2022-11-22,15.744000434875488,15.800000190734863,15.699999809265137,15.784000396728516,15.784000396728516,19875
2022-11-23,15.776000022888184,15.95199966430664,15.760000228881836,15.887999534606934,15.887999534606934,36875
2022-11-25,15.911999702453613,16.07200050354004,15.911999702453613,15.944000244140625,15.944000244140625,8250
2022-11-28,15.892000198364258,16.031999588012695,15.760000228881836,15.920000076293945,15.920000076293945,15750
2022-11-29,15.928000450134277,15.944000244140625,15.767999649047852,15.800000190734863,15.800000190734863,14750
2022-11-30,15.895999908447266,15.935999870300293,15.527999877929688,15.815999984741211,15.815999984741211,41750
2022-12-01,15.880000114440918,15.880000114440918,15.736000061035156,15.84000015258789,15.84000015258789,12125
2022-12-02,15.831999778747559,15.880000114440918,15.767999649047852,15.84000015258789,15.84000015258789,18375
2022-12-05,15.751999855041504,15.824000358581543,15.680000305175781,15.760000228881836,15.760000228881836,32625
2022-12-06,15.711999893188477,15.871999740600586,15.491999626159668,15.760000228881836,15.760000228881836,45750
2022-12-07,15.815999984741211,15.815999984741211,15.460000038146973,15.592000007629395,15.592000007629395,25125
2022-12-08,15.680000305175781,15.680000305175781,15.5600004196167,15.5600004196167,15.5600004196167,21250
2022-12-09,15.479999542236328,15.53600025177002,15.416000366210938,15.416000366210938,15.416000366210938,17875
2022-12-12,15.520000457763672,15.5600004196167,15.399999618530273,15.46399974822998,15.46399974822998,19250
2022-12-13,15.616000175476074,15.616000175476074,15.331999778747559,15.583999633789062,15.583999633789062,63000
2022-12-14,15.53600025177002,15.53600025177002,15.291999816894531,15.359999656677246,15.359999656677246,42125
2022-12-15,15.199999809265137,15.392000198364258,15.199999809265137,15.288000106811523,15.288000106811523,19625
2022-12-16,15.199999809265137,15.392000198364258,14.968000411987305,15.288000106811523,15.288000106811523,170125
2022-12-19,15.199999809265137,15.199999809265137,14.935999870300293,15.144000053405762,15.144000053405762,20000
2022-12-20,15.192000389099121,15.192000389099121,15.015999794006348,15.015999794006348,15.015999794006348,13625
2022-12-21,15.126399993896484,15.152000427246094,14.895999908447266,15.144000053405762,15.144000053405762,19250
2022-12-22,15.112000465393066,15.128000259399414,14.920000076293945,15.031999588012695,15.031999588012695,15625
2022-12-23,15.104000091552734,15.128000259399414,14.880000114440918,15.088000297546387,15.088000297546387,15750
2022-12-27,15.039999961853027,15.168000221252441,14.952799797058105,15.079999923706055,15.079999923706055,21375
2022-12-28,15.079999923706055,15.37600040435791,14.984000205993652,15.015999794006348,15.015999794006348,72500
2022-12-29,15.13599967956543,15.359999656677246,15.116000175476074,15.119999885559082,15.119999885559082,17625
2022-12-30,15.239999771118164,15.315999984741211,14.97599983215332,15.255999565124512,15.255999565124512,11625
2023-01-03,15.215999603271484,15.383999824523926,14.894399642944336,15.15999984741211,15.15999984741211,20250
2023-01-04,15.168000221252441,15.4399995803833,15.079999923706055,15.208000183105469,15.208000183105469,9250
2023-01-05,15.208000183105469,15.472000122070312,14.895999908447266,15.144000053405762,15.144000053405762,12000
2023-01-06,15.331999778747559,15.359999656677246,15.168000221252441,15.248000144958496,15.248000144958496,23125
2023-01-09,15.255999565124512,15.36400032043457,15.215999603271484,15.232000350952148,15.232000350952148,12125
2023-01-10,15.208000183105469,15.268799781799316,15.064000129699707,15.184000015258789,15.184000015258789,5500
2023-01-11,15.215999603271484,15.279999732971191,15.039999961853027,15.168000221252441,15.168000221252441,9500
2023-01-12,15.399999618530273,15.592000007629395,15.399999618530273,15.503999710083008,15.503999710083008,11500
2023-01-13,15.503999710083008,15.616000175476074,15.144000053405762,15.215999603271484,15.215999603271484,25000
2023-01-17,15.288000106811523,15.312000274658203,15.199999809265137,15.199999809265137,15.199999809265137,9875
2023-01-18,15.4399995803833,15.4399995803833,14.928000450134277,14.928000450134277,14.928000450134277,6000
2023-01-19,14.920000076293945,15.088000297546387,14.800000190734863,14.86400032043457,14.86400032043457,26125
2023-01-20,14.95199966430664,15.071999549865723,14.600000381469727,14.800000190734863,14.800000190734863,40000
2023-01-23,14.944000244140625,14.960000038146973,14.813599586486816,14.95199966430664,14.95199966430664,17375
2023-01-24,14.815999984741211,14.97599983215332,14.696000099182129,14.935999870300293,14.935999870300293,12625
2023-01-25,14.968000411987305,15.039999961853027,14.727999687194824,15.0,15.0,215000
2023-01-26,14.800000190734863,14.824000358581543,14.399999618530273,14.496000289916992,14.496000289916992,17125
2023-01-27,14.399999618530273,14.399999618530273,13.51200008392334,13.663999557495117,13.663999557495117,101125
2023-01-30,13.663999557495117,13.831999778747559,13.631999969482422,13.720000267028809,13.720000267028809,19000
2023-01-31,13.64799976348877,13.84000015258789,13.64799976348877,13.704000473022461,13.704000473022461,42000
2023-02-01,14.15999984741211,14.274999618530273,13.470000267028809,13.640000343322754,13.640000343322754,63200
2023-02-02,13.699999809265137,13.989999771118164,13.520000457763672,13.920000076293945,13.920000076293945,90300
2023-02-03,13.970000267028809,14.069999694824219,13.899999618530273,14.0,14.0,106800
2023-02-06,13.9399995803833,14.289999961853027,13.9399995803833,14.220000267028809,14.220000267028809,48000
2023-02-07,14.130000114440918,14.270000457763672,14.0,14.220000267028809,14.220000267028809,105300
2023-02-08,14.149999618530273,14.34000015258789,14.140000343322754,14.199999809265137,14.199999809265137,193800
2023-02-09,14.34000015258789,14.350000381469727,13.84000015258789,14.100000381469727,14.100000381469727,60500
2023-02-10,14.210000038146973,14.210000038146973,13.869999885559082,13.979999542236328,13.979999542236328,19800
2023-02-13,14.010000228881836,14.050000190734863,13.770000457763672,13.789999961853027,13.789999961853027,23700
2023-02-14,13.729999542236328,13.989999771118164,13.545000076293945,13.619999885559082,13.619999885559082,210100
2023-02-15,13.640000343322754,13.640000343322754,13.479999542236328,13.529999732971191,13.529999732971191,73300
2023-02-16,13.630000114440918,13.680000305175781,13.435999870300293,13.5,13.5,341900
2023-02-17,13.550000190734863,13.710000038146973,13.430000305175781,13.5,13.5,31300
2023-02-21,13.5,13.539999961853027,13.430000305175781,13.479999542236328,13.479999542236328,73800
2023-02-22,13.5,13.75,13.449999809265137,13.699999809265137,13.699999809265137,194900
2023-02-23,13.75,13.75,13.508000373840332,13.640000343322754,13.640000343322754,23700
2023-02-24,13.520000457763672,13.680000305175781,13.4399995803833,13.520000457763672,13.520000457763672,56000
2023-02-27,13.510000228881836,13.600000381469727,13.489999771118164,13.579999923706055,13.579999923706055,35000
2023-02-28,13.579999923706055,13.680000305175781,13.539999961853027,13.550000190734863,13.550000190734863,35700
2023-03-01,13.550000190734863,13.550000190734863,13.449999809265137,13.510000228881836,13.510000228881836,61600
2023-03-02,13.449999809265137,13.520000457763672,13.359999656677246,13.5,13.5,32100
2023-03-03,13.390000343322754,13.550000190734863,13.375,13.510000228881836,13.510000228881836,31700
2023-03-06,13.5,13.75,13.369999885559082,13.649999618530273,13.649999618530273,92200
2023-03-07,13.710000038146973,13.869999885559082,13.479999542236328,13.699999809265137,13.699999809265137,81000
2023-03-08,13.430000305175781,13.800000190734863,13.430000305175781,13.75,13.75,52600
2023-03-09,13.649999618530273,13.649999618530273,13.100000381469727,13.300000190734863,13.300000190734863,87200
2023-03-10,13.1899995803833,13.1899995803833,12.199999809265137,12.5,12.5,210300
2023-03-13,12.079999923706055,12.079999923706055,10.050000190734863,11.119999885559082,11.119999885559082,130800
2023-03-14,11.4399995803833,11.829999923706055,11.020000457763672,11.289999961853027,11.289999961853027,76200
2023-03-15,11.109999656677246,11.600000381469727,10.949999809265137,11.3100004196167,11.3100004196167,46600
2023-03-16,11.3100004196167,11.789999961853027,11.010000228881836,11.760000228881836,11.760000228881836,280100
2023-03-17,11.760000228881836,11.989999771118164,11.210000038146973,11.239999771118164,11.239999771118164,77900
2023-03-20,11.270000457763672,11.390000343322754,11.071999549865723,11.149999618530273,11.149999618530273,45300
2023-03-21,11.289999961853027,12.4399995803833,11.289999961853027,12.15999984741211,12.15999984741211,141300
2023-03-22,12.199999809265137,12.199999809265137,11.829999923706055,11.920000076293945,11.920000076293945,54800
2023-03-23,11.989999771118164,12.239999771118164,11.579999923706055,11.630000114440918,11.630000114440918,19500
2023-03-24,11.59000015258789,11.630000114440918,11.350000381469727,11.619999885559082,11.619999885559082,39100
2023-03-27,11.699999809265137,11.75,11.479999542236328,11.529999732971191,11.529999732971191,26700
2023-03-28,11.569999694824219,11.779999732971191,11.305000305175781,11.739999771118164,11.739999771118164,36200
2023-03-29,11.710000038146973,11.84000015258789,11.3100004196167,11.350000381469727,11.350000381469727,18300
2023-03-30,11.329999923706055,11.329999923706055,10.399999618530273,10.75,10.75,49000
2023-03-31,10.859999656677246,10.859999656677246,10.5,10.649999618530273,10.649999618530273,38900
2023-04-03,10.569999694824219,10.975000381469727,10.520000457763672,10.819999694824219,10.819999694824219,28000
2023-04-04,10.954999923706055,10.954999923706055,10.069999694824219,10.279999732971191,10.279999732971191,77700
2023-04-05,10.109999656677246,10.430000305175781,10.0,10.109999656677246,10.109999656677246,68000
2023-04-06,10.220000267028809,10.390000343322754,10.11299991607666,10.319999694824219,10.319999694824219,65200
2023-04-10,10.350000381469727,10.430999755859375,10.17199993133545,10.300000190734863,10.300000190734863,117600
2023-04-11,10.350000381469727,10.5,10.265000343322754,10.34000015258789,10.34000015258789,29600
2023-04-12,10.279999732971191,10.279999732971191,9.989999771118164,10.045000076293945,10.045000076293945,24400
2023-04-13,9.979999542236328,10.069999694824219,9.8100004196167,10.010000228881836,10.010000228881836,29800
2023-04-14,10.130000114440918,10.130000114440918,9.670000076293945,9.699999809265137,9.699999809265137,26600
2023-04-17,9.770000457763672,10.199999809265137,9.630000114440918,10.130000114440918,10.130000114440918,33900
2023-04-18,10.210000038146973,10.210000038146973,9.859999656677246,9.920000076293945,9.920000076293945,30300
2023-04-19,9.859999656677246,10.109999656677246,9.770000457763672,10.0,10.0,24200
2023-04-20,10.0,10.029999732971191,9.770000457763672,9.899999618530273,9.899999618530273,20800
2023-04-21,9.670000076293945,10.154999732971191,9.5600004196167,9.5600004196167,9.5600004196167,33100
2023-04-24,9.520000457763672,9.84000015258789,9.366000175476074,9.550000190734863,9.550000190734863,22500
2023-04-25,9.630000114440918,9.630000114440918,9.359999656677246,9.420000076293945,9.420000076293945,20700
2023-04-26,9.359999656677246,9.369999885559082,9.170000076293945,9.300000190734863,9.300000190734863,40400
2023-04-27,9.380000114440918,9.800000190734863,9.199999809265137,9.649999618530273,9.649999618530273,58800
2023-04-28,9.680000305175781,9.760000228881836,9.3100004196167,9.609999656677246,9.609999656677246,19000
2023-05-01,9.609999656677246,9.71500015258789,9.39799976348877,9.59000015258789,9.59000015258789,17500
2023-05-02,9.579999923706055,9.579999923706055,8.880000114440918,9.024999618530273,9.024999618530273,33800
2023-05-03,8.890000343322754,9.40999984741211,8.890000343322754,9.010000228881836,9.010000228881836,28400
2023-05-04,9.020000457763672,9.25,8.680000305175781,8.850000381469727,8.850000381469727,29800
2023-05-05,9.140000343322754,9.260000228881836,8.75,8.800000190734863,8.800000190734863,40000
2023-05-08,8.970000267028809,8.970000267028809,8.65999984741211,8.760000228881836,8.760000228881836,25400
2023-05-09,8.779999732971191,8.850000381469727,8.609999656677246,8.75,8.75,20300
2023-05-10,8.800000190734863,8.90999984741211,8.3100004196167,8.760000228881836,8.760000228881836,62900
2023-05-11,8.75,9.109999656677246,8.300000190734863,8.489999771118164,8.489999771118164,54200
2023-05-12,8.5,8.609999656677246,8.380000114440918,8.524999618530273,8.524999618530273,23200
2023-05-15,8.489999771118164,9.220000267028809,8.489999771118164,9.0,9.0,42400
2023-05-16,8.970000267028809,9.300000190734863,8.845000267028809,9.039999961853027,9.039999961853027,11500
2023-05-17,8.9399995803833,9.930000305175781,8.739999771118164,9.430000305175781,9.430000305175781,38000
2023-05-18,9.364999771118164,9.524999618530273,9.25,9.399999618530273,9.399999618530273,20200
2023-05-19,9.569999694824219,9.734999656677246,9.34000015258789,9.430000305175781,9.430000305175781,19500
2023-05-22,9.579999923706055,10.359999656677246,9.229999542236328,10.1899995803833,10.1899995803833,27500
2023-05-23,10.180000305175781,10.710000038146973,10.00100040435791,10.529999732971191,10.529999732971191,28800
2023-05-24,10.4399995803833,10.90999984741211,10.430000305175781,10.630000114440918,10.630000114440918,28700
2023-05-25,10.609999656677246,11.020000457763672,10.0600004196167,10.149999618530273,10.149999618530273,18500
2023-05-26,10.140000343322754,10.539999961853027,10.069999694824219,10.380000114440918,10.380000114440918,14600
2023-05-30,10.390000343322754,10.425000190734863,10.114999771118164,10.220000267028809,10.220000267028809,9400
2023-05-31,10.319999694824219,10.479999542236328,10.109999656677246,10.220000267028809,10.220000267028809,26300
2023-06-01,10.220000267028809,10.850000381469727,10.020000457763672,10.170000076293945,10.170000076293945,39900
2023-06-02,10.170000076293945,10.630000114440918,10.170000076293945,10.630000114440918,10.630000114440918,24200
2023-06-05,10.609999656677246,10.970000267028809,10.359999656677246,10.699999809265137,10.699999809265137,39800
2023-06-06,10.84000015258789,10.979999542236328,10.319999694824219,10.470000267028809,10.470000267028809,49500
2023-06-07,10.520000457763672,10.760000228881836,10.319999694824219,10.649999618530273,10.649999618530273,49100
2023-06-08,10.649999618530273,10.779999732971191,10.270000457763672,10.449999809265137,10.449999809265137,27800
2023-06-09,10.460000038146973,10.668000221252441,10.130000114440918,10.4399995803833,10.4399995803833,51000
2023-06-12,10.460000038146973,10.640000343322754,10.270000457763672,10.279999732971191,10.279999732971191,26500
2023-06-13,10.300000190734863,10.74899959564209,10.289999961853027,10.619999885559082,10.619999885559082,36000
2023-06-14,10.619999885559082,10.869999885559082,10.420000076293945,10.579999923706055,10.579999923706055,55600
2023-06-15,10.470000267028809,10.819999694824219,10.390000343322754,10.600000381469727,10.600000381469727,36300
2023-06-16,10.710000038146973,10.890000343322754,10.5,10.760000228881836,10.760000228881836,53200
2023-06-20,10.760000228881836,10.9399995803833,10.5,10.569999694824219,10.569999694824219,46300
2023-06-21,10.609999656677246,10.630000114440918,10.25,10.5,10.5,37000
2023-06-22,10.260000228881836,10.510000228881836,10.147000312805176,10.399999618530273,10.399999618530273,23400
2023-06-23,10.270000457763672,10.739999771118164,10.210000038146973,10.5,10.5,207700
2023-06-26,10.479999542236328,10.9399995803833,10.479999542236328,10.899999618530273,10.899999618530273,46100
2023-06-27,10.920000076293945,10.949999809265137,10.505000114440918,10.800000190734863,10.800000190734863,33100
2023-06-28,10.739999771118164,10.8100004196167,10.399999618530273,10.579999923706055,10.579999923706055,20800
2023-06-29,10.630000114440918,10.800000190734863,10.5,10.770000457763672,10.770000457763672,32900
2023-06-30,10.369999885559082,10.869999885559082,10.369999885559082,10.770000457763672,10.770000457763672,21300
2023-07-03,10.760000228881836,10.9399995803833,10.395000457763672,10.829999923706055,10.829999923706055,23700
2023-07-05,10.8100004196167,10.850000381469727,10.565999984741211,10.710000038146973,10.710000038146973,17600
2023-07-06,10.5,10.5,10.109999656677246,10.109999656677246,10.109999656677246,35000
2023-07-07,10.3100004196167,10.664999961853027,10.3100004196167,10.630000114440918,10.630000114440918,59100
2023-07-10,10.550000190734863,10.75,10.1899995803833,10.510000228881836,10.510000228881836,13800
2023-07-11,10.470000267028809,10.795000076293945,10.270000457763672,10.4399995803833,10.4399995803833,10700
2023-07-12,10.460000038146973,11.010000228881836,10.329999923706055,10.579999923706055,10.579999923706055,23700
2023-07-13,10.5600004196167,10.6899995803833,10.460000038146973,10.630000114440918,10.630000114440918,13700
2023-07-14,10.649999618530273,10.675000190734863,10.359999656677246,10.510000228881836,10.510000228881836,17000
2023-07-17,10.569999694824219,10.789999961853027,10.109999656677246,10.390000343322754,10.390000343322754,25900
2023-07-18,10.279999732971191,11.470000267028809,10.279999732971191,11.319999694824219,11.319999694824219,22300
2023-07-19,11.319999694824219,12.619999885559082,10.817000389099121,12.619999885559082,12.619999885559082,16000
2023-07-20,12.59000015258789,12.59000015258789,11.40999984741211,11.460000038146973,11.460000038146973,31300
2023-07-21,11.760000228881836,12.34000015258789,11.470000267028809,11.470000267028809,11.470000267028809,22700
2023-07-24,11.210000038146973,12.15999984741211,10.829999923706055,12.15999984741211,12.15999984741211,11300
2023-07-25,12.206999778747559,12.210000038146973,11.739999771118164,11.930000305175781,11.930000305175781,6400
2023-07-26,12.220000267028809,12.9399995803833,11.390000343322754,12.359999656677246,12.359999656677246,18300
2023-07-27,12.449999809265137,12.670000076293945,12.229999542236328,12.520000457763672,12.520000457763672,17900
2023-07-28,12.649999618530273,12.649999618530273,12.260000228881836,12.569999694824219,12.569999694824219,12100
2023-07-31,12.6899995803833,13.1899995803833,12.479999542236328,12.859999656677246,12.859999656677246,17200
2023-08-01,12.949999809265137,13.074999809265137,12.220999717712402,12.739999771118164,12.739999771118164,21000
2023-08-02,12.729999542236328,13.510000228881836,12.654999732971191,13.300000190734863,13.300000190734863,16200
2023-08-03,13.359999656677246,14.420000076293945,13.079999923706055,14.420000076293945,14.420000076293945,31200
2023-08-04,14.170000076293945,14.170000076293945,13.329999923706055,13.350000381469727,13.350000381469727,30600
2023-08-07,13.649999618530273,13.880000114440918,13.369999885559082,13.75,13.75,19600
2023-08-08,13.6899995803833,13.949999809265137,13.253000259399414,13.949999809265137,13.949999809265137,19700
2023-08-09,13.739999771118164,13.920000076293945,13.369999885559082,13.800000190734863,13.800000190734863,36500
2023-08-10,13.800000190734863,13.954999923706055,13.4399995803833,13.699999809265137,13.699999809265137,35500
2023-08-11,13.399999618530273,13.649999618530273,13.279999732971191,13.395000457763672,13.395000457763672,32400
2023-08-14,13.199999809265137,13.199999809265137,12.710000038146973,12.760000228881836,12.760000228881836,8100
2023-08-15,12.75,12.8149995803833,12.390000343322754,12.390000343322754,12.390000343322754,9100
2023-08-16,12.5,12.510000228881836,12.270000457763672,12.270000457763672,12.270000457763672,8700
2023-08-17,12.210000038146973,12.300000190734863,12.130000114440918,12.130000114440918,12.130000114440918,12900
2023-08-18,12.0600004196167,12.140000343322754,11.170000076293945,11.270000457763672,11.270000457763672,57300
2023-08-21,11.34000015258789,12.175000190734863,11.329999923706055,11.819999694824219,11.819999694824219,50700
2023-08-22,11.800000190734863,11.890000343322754,11.350000381469727,11.350000381469727,11.350000381469727,9500
2023-08-23,11.369999885559082,11.75,11.369999885559082,11.699999809265137,11.699999809265137,13900
2023-08-24,11.609999656677246,11.930000305175781,11.319999694824219,11.8100004196167,11.8100004196167,29700
2023-08-25,11.789999961853027,11.864999771118164,11.670000076293945,11.710000038146973,11.710000038146973,5600
2023-08-28,12.130000114440918,12.1899995803833,11.583999633789062,12.109999656677246,12.109999656677246,12500
2023-08-29,12.010000228881836,12.5,11.9399995803833,12.300000190734863,12.300000190734863,25700
2023-08-30,12.260000228881836,12.380000114440918,12.010000228881836,12.149999618530273,12.149999618530273,17500
2023-08-31,12.149999618530273,12.289999961853027,12.149999618530273,12.170000076293945,12.170000076293945,16000
2023-09-01,12.25,12.399999618530273,12.25,12.350000381469727,12.350000381469727,12700
2023-09-05,12.260000228881836,12.479999542236328,12.190999984741211,12.399999618530273,12.399999618530273,20100
2023-09-06,12.449999809265137,12.460000038146973,12.0,12.029999732971191,12.029999732971191,19900
2023-09-07,11.680000305175781,12.270000457763672,11.680000305175781,12.050000190734863,12.050000190734863,86900
2023-09-08,11.979999542236328,12.229999542236328,11.979999542236328,12.109999656677246,12.109999656677246,12900
2023-09-11,12.260000228881836,12.260000228881836,11.8100004196167,11.819999694824219,11.819999694824219,16800
2023-09-12,11.770000457763672,11.9399995803833,11.770000457763672,11.850000381469727,11.850000381469727,10400
2023-09-13,11.84000015258789,12.074999809265137,11.84000015258789,11.960000038146973,11.960000038146973,9900
2023-09-14,12.0,12.1899995803833,11.890000343322754,11.899999618530273,11.899999618530273,16700
2023-09-15,11.770000457763672,12.140000343322754,11.760000228881836,12.050000190734863,12.050000190734863,60200
2023-09-18,11.920000076293945,12.005000114440918,11.574999809265137,11.680000305175781,11.680000305175781,22200
2023-09-19,11.65999984741211,11.729999542236328,11.239999771118164,11.520000457763672,11.520000457763672,33400
2023-09-20,11.640000343322754,11.720000267028809,11.300000190734863,11.359999656677246,11.359999656677246,21400
2023-09-21,11.359999656677246,11.508000373840332,11.170000076293945,11.34000015258789,11.34000015258789,34500
2023-09-22,11.470000267028809,11.800000190734863,11.300000190734863,11.390000343322754,11.390000343322754,20800
2023-09-25,11.220000267028809,11.805000305175781,11.119999885559082,11.520000457763672,11.520000457763672,54900
2023-09-26,11.350000381469727,11.5,11.25,11.25,11.25,18200
2023-09-27,11.649999618530273,11.984999656677246,11.550000190734863,11.619999885559082,11.619999885559082,80000
2023-09-28,11.760000228881836,12.0,11.390000343322754,11.720000267028809,11.720000267028809,22900
2023-09-29,11.729999542236328,13.350000381469727,11.729999542236328,12.8100004196167,12.8100004196167,202900
2023-10-02,12.75,13.350000381469727,11.520000457763672,11.520000457763672,11.520000457763672,52700
2023-10-03,11.609999656677246,12.159000396728516,11.21500015258789,11.225000381469727,11.225000381469727,31700
2023-10-04,11.380000114440918,11.479999542236328,11.130000114440918,11.260000228881836,11.260000228881836,46000
2023-10-05,11.210000038146973,11.550000190734863,11.199999809265137,11.4399995803833,11.4399995803833,46800
2023-10-06,11.350000381469727,11.949999809265137,11.1850004196167,11.819999694824219,11.819999694824219,26800
2023-10-09,11.550000190734863,12.15999984741211,11.550000190734863,11.819999694824219,11.819999694824219,29900
2023-10-10,11.949999809265137,12.09000015258789,11.770000457763672,11.989999771118164,11.989999771118164,24600
2023-10-11,12.09000015258789,12.369999885559082,11.529999732971191,11.65999984741211,11.65999984741211,21800
2023-10-12,11.699999809265137,11.699999809265137,11.520000457763672,11.649999618530273,11.649999618530273,11200
2023-10-13,11.649999618530273,11.694999694824219,11.5,11.649999618530273,11.649999618530273,14100
2023-10-16,11.739999771118164,12.045000076293945,11.694999694824219,11.90999984741211,11.90999984741211,22000
2023-10-17,11.979999542236328,12.399999618530273,11.489999771118164,12.239999771118164,12.239999771118164,31500
2023-10-18,11.899999618530273,12.130000114440918,11.779999732971191,11.829999923706055,11.829999923706055,93700
2023-10-19,12.031999588012695,12.050000190734863,11.300000190734863,11.319999694824219,11.319999694824219,17500
2023-10-20,11.460000038146973,11.614999771118164,11.25,11.420000076293945,11.420000076293945,17100
2023-10-23,11.279999732971191,11.430000305175781,11.109999656677246,11.149999618530273,11.149999618530273,9100
2023-10-24,11.100000381469727,11.15999984741211,10.789999961853027,11.15999984741211,11.15999984741211,17600
2023-10-25,11.0,11.229999542236328,10.890000343322754,10.890000343322754,10.890000343322754,9700
2023-10-26,11.010000228881836,11.279999732971191,10.831999778747559,11.149999618530273,11.149999618530273,17500
2023-10-27,11.0,11.1899995803833,11.0,11.029999732971191,11.029999732971191,24600
2023-10-30,11.15999984741211,11.1899995803833,10.859999656677246,10.970000267028809,10.970000267028809,15400
2023-10-31,10.9399995803833,10.984999656677246,10.850000381469727,10.920000076293945,10.920000076293945,13800
2023-11-01,10.890000343322754,11.029999732971191,10.890000343322754,10.890000343322754,10.890000343322754,8400
2023-11-02,10.930000305175781,11.069999694824219,10.930000305175781,11.050000190734863,11.050000190734863,22100
2023-11-03,11.149999618530273,11.199999809265137,11.050000190734863,11.1899995803833,11.1899995803833,51000
2023-11-06,11.100000381469727,11.380000114440918,11.100000381469727,11.300000190734863,11.300000190734863,39800
2023-11-07,11.229999542236328,11.550000190734863,11.140000343322754,11.319999694824219,11.319999694824219,54200
2023-11-08,11.170000076293945,11.279999732971191,10.949999809265137,11.029999732971191,11.029999732971191,14200
2023-11-09,10.850000381469727,11.197999954223633,10.75,10.84000015258789,10.84000015258789,14000
2023-11-10,10.880000114440918,11.149999618530273,10.770000457763672,11.0,11.0,21900
2023-11-13,10.949999809265137,10.949999809265137,10.777999877929688,10.869999885559082,10.869999885559082,10300
2023-11-14,11.029999732971191,11.829999923706055,10.859999656677246,11.75,11.75,60000
2023-11-15,11.5,12.229999542236328,11.5,12.079999923706055,12.079999923706055,28900
2023-11-16,12.050000190734863,12.699999809265137,12.050000190734863,12.550000190734863,12.550000190734863,78300
2023-11-17,12.680000305175781,12.680000305175781,12.109999656677246,12.3100004196167,12.3100004196167,33700
2023-11-20,12.130000114440918,12.270000457763672,11.970000267028809,12.15999984741211,12.15999984741211,10700
2023-11-21,12.1899995803833,12.1899995803833,11.819999694824219,12.0600004196167,12.0600004196167,9100
2023-11-22,12.149999618530273,12.149999618530273,11.729999542236328,12.09000015258789,12.09000015258789,9600
2023-11-24,12.0,12.149999618530273,11.75,12.149999618530273,12.149999618530273,9000
2023-11-27,12.149999618530273,12.149999618530273,11.9350004196167,12.069999694824219,12.069999694824219,11500
2023-11-28,12.069999694824219,12.130000114440918,11.859999656677246,11.859999656677246,11.859999656677246,10400
2023-11-29,12.140000343322754,12.140000343322754,11.729999542236328,12.119999885559082,12.119999885559082,10300
2023-11-30,12.239999771118164,12.239999771118164,10.960000038146973,11.15999984741211,11.15999984741211,216800
2023-12-01,11.300000190734863,11.8100004196167,11.180000305175781,11.8100004196167,11.8100004196167,51900
2023-12-04,11.8100004196167,12.4399995803833,11.8100004196167,12.25,12.25,29100
2023-12-05,12.199999809265137,12.199999809265137,11.720000267028809,11.8100004196167,11.8100004196167,24800
2023-12-06,11.960000038146973,12.390000343322754,11.960000038146973,12.039999961853027,12.039999961853027,10200
2023-12-07,12.140000343322754,12.345000267028809,12.140000343322754,12.289999961853027,12.289999961853027,11800
2023-12-08,12.420000076293945,12.609999656677246,12.329999923706055,12.520000457763672,12.520000457763672,13300
2023-12-11,12.600000381469727,12.600000381469727,12.239999771118164,12.279999732971191,12.279999732971191,16100
2023-12-12,12.40999984741211,12.40999984741211,11.96500015258789,12.050000190734863,12.050000190734863,25300
2023-12-13,12.140000343322754,13.239999771118164,12.020000457763672,12.949999809265137,12.949999809265137,45800
2023-12-14,13.210000038146973,13.5,12.9399995803833,13.329999923706055,13.329999923706055,43300
2023-12-15,13.4399995803833,14.119999885559082,13.210000038146973,14.119999885559082,14.119999885559082,109900
2023-12-18,14.119999885559082,14.119999885559082,13.402999877929688,13.890000343322754,13.890000343322754,20300
2023-12-19,13.920000076293945,14.760000228881836,13.770000457763672,14.755000114440918,14.755000114440918,39500
2023-12-20,14.739999771118164,15.385000228881836,13.859999656677246,14.109999656677246,14.109999656677246,50000
2023-12-21,14.34000015258789,14.569999694824219,13.90999984741211,14.100000381469727,14.100000381469727,22400
2023-12-22,14.25,14.649999618530273,13.814000129699707,14.569999694824219,14.569999694824219,29600
2023-12-26,14.470000267028809,14.739999771118164,14.40999984741211,14.609999656677246,14.609999656677246,20400
2023-12-27,14.539999961853027,14.75,14.300000190734863,14.75,14.75,21000
2023-12-28,14.5,14.75,14.449999809265137,14.600000381469727,14.600000381469727,20300
2023-12-29,14.619999885559082,14.619999885559082,14.199999809265137,14.199999809265137,14.199999809265137,19500
2024-01-02,14.25,14.369999885559082,14.039999961853027,14.265000343322754,14.265000343322754,11900
2024-01-03,14.300000190734863,14.34000015258789,13.760000228881836,13.899999618530273,13.899999618530273,27500
2024-01-04,14.010000228881836,14.350000381469727,13.970000267028809,14.279999732971191,14.279999732971191,15800
2024-01-05,14.09000015258789,14.609999656677246,13.930000305175781,14.390000343322754,14.390000343322754,61200
2024-01-08,14.680000305175781,14.680000305175781,14.069999694824219,14.399999618530273,14.399999618530273,11300
2024-01-09,14.220000267028809,14.489999771118164,13.84000015258789,14.220000267028809,14.220000267028809,18500
2024-01-10,14.130000114440918,14.484000205993652,13.760000228881836,14.119999885559082,14.119999885559082,31000
2024-01-11,14.149999618530273,14.149999618530273,13.699999809265137,13.930000305175781,13.930000305175781,29900
2024-01-12,13.949999809265137,13.949999809265137,12.949999809265137,13.220000267028809,13.220000267028809,30300
2024-01-16,12.90999984741211,13.199999809265137,12.812000274658203,13.050000190734863,13.050000190734863,13700
2024-01-17,12.770000457763672,13.020000457763672,12.770000457763672,12.869999885559082,12.869999885559082,9500
2024-01-18,12.90999984741211,13.0600004196167,12.420000076293945,12.539999961853027,12.539999961853027,24600
2024-01-19,12.680000305175781,13.140000343322754,12.569999694824219,13.130000114440918,13.130000114440918,13200
2024-01-22,13.319999694824219,13.680000305175781,13.319999694824219,13.600000381469727,13.600000381469727,12500
2024-01-23,13.760000228881836,13.760000228881836,13.420000076293945,13.430000305175781,13.430000305175781,11300
2024-01-24,13.4399995803833,13.4399995803833,12.85099983215332,13.319999694824219,13.319999694824219,9100
2024-01-25,13.5,13.600000381469727,13.267000198364258,13.420000076293945,13.420000076293945,13500
2024-01-26,13.550000190734863,13.550000190734863,13.020000457763672,13.380000114440918,13.380000114440918,6900
2024-01-29,13.380000114440918,13.390000343322754,13.0600004196167,13.0600004196167,13.0600004196167,44700
2024-01-30,13.050000190734863,13.225000381469727,12.479999542236328,12.550000190734863,12.550000190734863,47500
2024-01-31,12.34000015258789,12.489999771118164,12.260000228881836,12.270000457763672,12.270000457763672,20900
2024-02-01,12.170000076293945,12.550000190734863,12.170000076293945,12.479999542236328,12.479999542236328,18900
2024-02-02,12.199999809265137,12.25,11.699999809265137,11.710000038146973,11.710000038146973,17900
2024-02-05,11.5,11.694999694824219,11.369999885559082,11.399999618530273,11.399999618530273,25700
2024-02-06,11.279999732971191,11.720000267028809,11.109999656677246,11.324999809265137,11.324999809265137,23400
2024-02-07,11.220000267028809,11.489999771118164,10.329999923706055,11.140000343322754,11.140000343322754,37300
2024-02-08,11.220999717712402,11.489999771118164,10.979999542236328,11.390000343322754,11.390000343322754,17500
2024-02-09,11.529999732971191,11.920000076293945,11.529999732971191,11.760000228881836,11.760000228881836,18300
2024-02-12,11.949999809265137,12.050000190734863,11.8100004196167,11.8100004196167,11.8100004196167,46500
2024-02-13,11.420000076293945,11.600000381469727,11.210000038146973,11.489999771118164,11.489999771118164,51400
2024-02-14,11.569999694824219,11.9399995803833,11.539999961853027,11.850000381469727,11.850000381469727,13200
2024-02-15,12.039999961853027,12.335000038146973,11.675000190734863,12.140000343322754,12.140000343322754,26500
2024-02-16,12.09000015258789,12.145000457763672,11.840999603271484,11.989999771118164,11.989999771118164,14000
2024-02-20,11.789999961853027,12.260000228881836,11.699999809265137,11.75,11.75,16700
2024-02-21,11.819999694824219,11.96500015258789,11.539999961853027,11.710000038146973,11.710000038146973,15600
2024-02-22,11.600000381469727,11.649999618530273,11.4399995803833,11.569999694824219,11.569999694824219,33700
2024-02-23,11.779999732971191,11.920000076293945,11.609999656677246,11.609999656677246,11.609999656677246,6200
2024-02-26,11.5,11.835000038146973,11.5,11.65999984741211,11.65999984741211,12400
2024-02-27,11.670000076293945,11.899999618530273,11.649999618530273,11.819999694824219,11.819999694824219,14200
2024-02-28,11.75,12.029999732971191,11.649999618530273,12.0,12.0,43500
2024-02-29,11.949999809265137,12.34000015258789,11.949999809265137,12.109999656677246,12.109999656677246,30600
2024-03-01,12.015000343322754,12.03499984741211,11.864999771118164,12.0,12.0,26200
2024-03-04,11.920000076293945,12.25,11.800000190734863,11.930000305175781,11.930000305175781,16000
2024-03-05,12.100000381469727,12.359999656677246,12.100000381469727,12.119999885559082,12.119999885559082,9300
2024-03-06,12.350000381469727,12.420000076293945,12.100000381469727,12.154999732971191,12.154999732971191,9800
2024-03-07,12.199999809265137,12.289999961853027,12.149999618530273,12.289999961853027,12.289999961853027,10100
2024-03-08,12.460000038146973,12.579999923706055,12.15999984741211,12.170000076293945,12.170000076293945,8800
2024-03-11,12.199999809265137,12.350000381469727,12.100000381469727,12.100000381469727,12.100000381469727,14200
2024-03-12,12.180000305175781,12.210000038146973,12.050000190734863,12.15999984741211,12.15999984741211,21800
2024-03-13,12.149999618530273,12.265000343322754,12.0600004196167,12.069999694824219,12.069999694824219,33200
2024-03-14,12.100000381469727,12.175000190734863,11.989999771118164,12.0,12.0,49300
2024-03-15,11.960000038146973,12.140000343322754,11.8100004196167,11.829999923706055,11.829999923706055,52300
2024-03-18,11.770000457763672,12.170000076293945,11.720000267028809,11.720000267028809,11.720000267028809,13800
2024-03-19,11.770000457763672,11.989999771118164,11.75,11.829999923706055,11.829999923706055,16000
2024-03-20,11.739999771118164,11.949999809265137,11.739999771118164,11.949999809265137,11.949999809265137,15900
2024-03-21,11.899999618530273,12.399999618530273,11.899999618530273,12.369999885559082,12.369999885559082,29900
2024-03-22,12.470000267028809,12.6850004196167,11.770000457763672,11.90999984741211,11.90999984741211,9200
2024-03-25,11.869999885559082,12.170000076293945,11.800000190734863,12.010000228881836,12.010000228881836,22300
2024-03-26,12.170999526977539,12.180000305175781,12.010000228881836,12.050000190734863,12.050000190734863,34200
2024-03-27,12.050000190734863,12.244999885559082,12.0,12.210000038146973,12.210000038146973,11800
2024-03-28,12.050000190734863,12.25,12.050000190734863,12.180000305175781,12.180000305175781,18500
2024-04-01,12.274999618530273,12.274999618530273,11.859999656677246,12.015000343322754,12.015000343322754,19400
2024-04-02,11.800000190734863,12.0600004196167,11.800000190734863,11.890000343322754,11.890000343322754,62100
2024-04-03,11.954999923706055,12.199999809265137,11.550000190734863,11.550000190734863,11.550000190734863,17900
2024-04-04,11.699999809265137,12.289999961853027,11.699999809265137,12.119999885559082,12.119999885559082,19800
2024-04-05,11.920000076293945,12.149999618530273,11.90999984741211,11.90999984741211,11.90999984741211,7800
2024-04-08,12.100000381469727,12.345000267028809,12.069999694824219,12.069999694824219,12.069999694824219,11500
2024-04-09,12.170000076293945,12.385000228881836,11.680000305175781,11.789999961853027,11.789999961853027,10300
2024-04-10,11.4399995803833,11.569999694824219,10.420000076293945,10.460000038146973,10.460000038146973,15600
2024-04-11,10.510000228881836,10.520000457763672,9.779999732971191,10.140000343322754,10.140000343322754,19200
2024-04-12,10.039999961853027,10.305000305175781,10.010000228881836,10.210000038146973,10.210000038146973,11500
2024-04-15,10.125,10.779999732971191,9.98900032043457,10.6899995803833,10.6899995803833,39100
2024-04-16,10.930000305175781,10.930000305175781,10.390000343322754,10.390000343322754,10.390000343322754,4100
2024-04-17,10.45199966430664,10.800000190734863,10.380000114440918,10.449999809265137,10.449999809265137,8200
2024-04-18,11.255999565124512,11.255999565124512,10.199999809265137,10.600000381469727,10.600000381469727,17300
2024-04-19,10.319999694824219,10.850000381469727,10.319999694824219,10.630000114440918,10.630000114440918,22100
2024-04-22,10.489999771118164,11.130000114440918,10.359999656677246,11.130000114440918,11.130000114440918,7800
2024-04-23,11.130000114440918,11.680000305175781,10.920000076293945,11.5,11.5,6000
2024-04-24,11.25,11.670000076293945,11.100000381469727,11.210000038146973,11.210000038146973,24800
2024-04-25,11.199999809265137,11.529999732971191,11.026000022888184,11.170000076293945,11.170000076293945,21000
2024-04-26,11.109999656677246,11.380000114440918,10.670000076293945,11.289999961853027,11.289999961853027,9000
2024-04-29,11.6899995803833,11.6899995803833,11.40999984741211,11.40999984741211,11.40999984741211,5600
2024-04-30,11.390000343322754,11.640000343322754,11.390000343322754,11.510000228881836,11.510000228881836,15700
2024-05-01,11.729999542236328,11.795000076293945,11.3100004196167,11.420000076293945,11.420000076293945,13800
2024-05-02,11.42300033569336,11.930000305175781,11.42300033569336,11.84000015258789,11.84000015258789,16100
2024-05-03,12.050000190734863,12.050000190734863,11.630000114440918,11.90999984741211,11.90999984741211,11600
2024-05-06,11.880000114440918,12.062999725341797,11.880000114440918,12.010000228881836,12.010000228881836,8500
2024-05-07,12.0600004196167,12.199999809265137,11.5600004196167,11.5600004196167,11.5600004196167,23100
2024-05-08,11.484999656677246,11.539999961853027,11.484999656677246,11.539999961853027,11.539999961853027,6700
2024-05-09,11.430000305175781,11.5,10.90999984741211,11.119999885559082,11.119999885559082,42700
2024-05-10,11.180000305175781,11.470000267028809,11.149999618530273,11.470000267028809,11.470000267028809,8200
2024-05-13,11.59000015258789,11.59000015258789,11.100000381469727,11.100000381469727,11.100000381469727,5600
2024-05-14,11.319999694824219,11.319999694824219,11.079999923706055,11.15999984741211,11.15999984741211,7400
2024-05-15,11.350000381469727,11.569999694824219,11.149999618530273,11.239999771118164,11.239999771118164,11500
2024-05-16,11.369999885559082,11.479999542236328,11.350000381469727,11.350000381469727,11.350000381469727,10900
2024-05-17,11.569999694824219,11.84000015258789,11.569999694824219,11.800000190734863,11.800000190734863,10200
2024-05-20,11.359999656677246,11.899999618530273,11.359999656677246,11.84000015258789,11.84000015258789,10400
2024-05-21,11.800000190734863,11.819999694824219,11.494999885559082,11.729999542236328,11.729999542236328,3200
2024-05-22,11.5,11.789999961853027,11.125,11.180000305175781,11.180000305175781,32100
2024-05-23,11.40999984741211,11.40999984741211,11.119999885559082,11.180000305175781,11.180000305175781,19600
2024-05-24,11.279999732971191,11.3100004196167,11.229999542236328,11.279999732971191,11.279999732971191,10300
2024-05-28,11.300000190734863,11.300000190734863,10.920999526977539,11.15999984741211,11.15999984741211,15000
2024-05-29,10.960000038146973,11.300000190734863,10.75,10.930000305175781,10.930000305175781,33300
2024-05-30,10.90999984741211,11.819999694824219,10.90999984741211,11.029999732971191,11.029999732971191,172400
2024-05-31,11.149999618530273,11.470000267028809,10.859999656677246,11.0,11.0,40600
2024-06-03,11.1899995803833,11.300000190734863,10.869999885559082,11.0,11.0,11300
2024-06-04,10.859999656677246,11.194999694824219,10.859999656677246,11.100000381469727,11.100000381469727,21300
2024-06-05,11.1899995803833,11.329999923706055,11.041999816894531,11.199999809265137,11.199999809265137,12000
2024-06-06,11.15999984741211,11.1899995803833,10.803999900817871,11.0,11.0,23400
2024-06-07,11.010000228881836,11.229999542236328,10.84000015258789,10.9399995803833,10.9399995803833,11300
2024-06-10,10.920000076293945,11.0,10.621999740600586,10.640000343322754,10.640000343322754,24800
2024-06-11,10.5600004196167,10.630000114440918,10.239999771118164,10.489999771118164,10.489999771118164,16200
2024-06-12,10.779999732971191,10.914999961853027,10.640000343322754,10.670000076293945,10.670000076293945,22400
2024-06-13,10.630000114440918,10.630000114440918,10.300000190734863,10.300000190734863,10.300000190734863,21000
2024-06-14,10.170000076293945,10.300000190734863,10.170000076293945,10.210000038146973,10.210000038146973,16700
2024-06-17,10.380000114440918,10.699999809265137,10.119999885559082,10.449999809265137,10.449999809265137,14300
2024-06-18,10.699999809265137,10.899999618530273,10.270000457763672,10.270000457763672,10.270000457763672,25800
2024-06-20,10.260000228881836,10.569999694824219,10.020000457763672,10.1899995803833,10.1899995803833,26600
2024-06-21,10.180000305175781,10.489999771118164,10.130000114440918,10.130000114440918,10.130000114440918,51900
2024-06-24,10.0600004196167,10.449999809265137,10.0600004196167,10.399999618530273,10.399999618530273,10000
2024-06-25,10.350000381469727,10.350000381469727,10.170000076293945,10.170000076293945,10.170000076293945,12000
2024-06-26,10.069999694824219,10.380000114440918,10.069999694824219,10.140000343322754,10.140000343322754,34200
2024-06-27,10.1899995803833,10.789999961853027,10.1899995803833,10.770000457763672,10.770000457763672,17800
2024-06-28,10.869999885559082,11.0600004196167,10.619999885559082,10.920000076293945,10.920000076293945,136500
2024-07-01,10.970000267028809,11.312999725341797,10.399999618530273,10.399999618530273,10.399999618530273,18000
2024-07-02,10.489999771118164,10.600000381469727,10.310999870300293,10.329999923706055,10.329999923706055,10400
2024-07-03,10.369999885559082,10.489999771118164,10.369999885559082,10.449999809265137,10.449999809265137,3700
2024-07-05,10.380000114440918,10.399999618530273,10.029999732971191,10.199999809265137,10.199999809265137,35300
2024-07-08,10.25,10.350000381469727,10.109999656677246,10.3100004196167,10.3100004196167,18100
2024-07-09,10.1899995803833,10.489999771118164,10.170000076293945,10.359999656677246,10.359999656677246,13800
2024-07-10,10.460000038146973,10.770000457763672,10.3100004196167,10.75,10.75,14800
2024-07-11,11.0,11.475000381469727,10.819999694824219,11.390000343322754,11.390000343322754,30500
2024-07-12,11.489999771118164,11.5,11.270000457763672,11.350000381469727,11.350000381469727,27900
2024-07-15,11.5,11.789999961853027,11.420000076293945,11.649999618530273,11.649999618530273,39100
2024-07-16,11.720000267028809,12.229999542236328,11.710000038146973,12.229999542236328,12.229999542236328,67800
2024-07-17,12.100000381469727,13.15999984741211,12.0,13.0,13.0,70100
2024-07-18,12.850000381469727,12.904999732971191,12.289999961853027,12.449999809265137,12.449999809265137,64800
2024-07-19,12.390000343322754,12.425000190734863,12.0,12.0600004196167,12.0600004196167,18400
2024-07-22,12.0600004196167,12.0600004196167,11.5600004196167,11.890000343322754,11.890000343322754,31700
2024-07-23,12.09000015258789,12.3100004196167,11.779999732971191,12.239999771118164,12.239999771118164,57500
2024-07-24,12.430000305175781,12.5,12.149999618530273,12.220000267028809,12.220000267028809,30400
2024-07-25,12.289999961853027,12.640000343322754,12.0600004196167,12.569999694824219,12.569999694824219,42900
2024-07-26,12.949999809265137,12.949999809265137,12.534000396728516,12.880000114440918,12.880000114440918,28100
2024-07-29,12.90999984741211,12.90999984741211,12.630000114440918,12.729999542236328,12.729999542236328,8200
2024-07-30,12.720000267028809,12.720000267028809,12.380000114440918,12.550000190734863,12.550000190734863,16900
2024-07-31,12.331999778747559,12.899999618530273,12.331999778747559,12.680000305175781,12.680000305175781,30900
2024-08-01,12.539999961853027,12.649999618530273,11.079999923706055,11.529999732971191,11.529999732971191,30500
2024-08-02,11.0,11.239999771118164,10.350000381469727,11.0600004196167,11.0600004196167,33200
2024-08-05,10.579999923706055,10.829999923706055,10.470000267028809,10.609999656677246,10.609999656677246,32600
2024-08-06,10.59000015258789,10.869999885559082,10.454999923706055,10.850000381469727,10.850000381469727,16300
2024-08-07,10.989999771118164,11.239999771118164,10.880000114440918,10.880000114440918,10.880000114440918,18500
2024-08-08,11.010000228881836,11.100000381469727,10.979999542236328,11.069999694824219,11.069999694824219,12100
2024-08-09,11.0,11.029000282287598,10.720000267028809,10.90999984741211,10.90999984741211,28200
2024-08-12,10.970000267028809,10.970000267028809,10.685999870300293,10.6899995803833,10.6899995803833,20600
2024-08-13,10.760000228881836,10.760000228881836,10.520000457763672,10.529999732971191,10.529999732971191,42800
2024-08-14,10.520000457763672,10.520000457763672,10.430000305175781,10.4399995803833,10.4399995803833,6500
2024-08-15,10.609999656677246,11.149999618530273,10.5,10.989999771118164,10.989999771118164,19200
2024-08-16,10.970000267028809,11.149999618530273,10.960000038146973,10.970000267028809,10.970000267028809,19000
2024-08-19,10.970000267028809,11.0600004196167,10.960000038146973,11.055000305175781,11.055000305175781,35800
2024-08-20,11.022000312805176,11.140000343322754,11.0,11.119999885559082,11.119999885559082,26600
2024-08-21,11.255000114440918,11.255000114440918,10.890000343322754,10.890000343322754,10.890000343322754,98400
2024-08-22,10.890000343322754,11.4399995803833,10.76099967956543,11.300000190734863,11.300000190734863,9900
2024-08-23,11.970000267028809,12.609999656677246,11.875,12.609999656677246,12.609999656677246,38800
2024-08-26,12.789999961853027,12.789999961853027,12.199999809265137,12.239999771118164,12.239999771118164,23300
2024-08-27,12.10099983215332,12.3149995803833,11.930000305175781,11.970000267028809,11.970000267028809,38700
2024-08-28,11.800000190734863,12.164999961853027,11.770000457763672,12.020000457763672,12.020000457763672,11900
2024-08-29,12.180000305175781,12.779999732971191,12.164999961853027,12.710000038146973,12.710000038146973,14700
2024-08-30,12.720000267028809,12.732999801635742,12.329999923706055,12.329999923706055,12.329999923706055,22900
2024-09-03,12.119999885559082,12.119999885559082,11.5,11.5600004196167,11.5600004196167,26000
2024-09-04,11.539999961853027,11.779999732971191,11.300000190734863,11.470000267028809,11.470000267028809,19100
2024-09-05,11.5,11.579999923706055,11.319999694824219,11.449999809265137,11.449999809265137,23400
2024-09-06,11.5,11.5,11.300000190734863,11.359999656677246,11.359999656677246,10400
2024-09-09,11.630000114440918,11.630000114440918,11.40999984741211,11.4399995803833,11.4399995803833,11100
2024-09-10,11.489999771118164,11.779999732971191,11.319999694824219,11.779999732971191,11.779999732971191,17300
2024-09-11,11.65999984741211,11.65999984741211,11.380000114440918,11.399999618530273,11.399999618530273,10100
2024-09-12,11.5,11.630000114440918,11.34000015258789,11.489999771118164,11.489999771118164,14900
2024-09-13,11.539999961853027,12.34000015258789,11.489999771118164,12.329999923706055,12.329999923706055,15100
2024-09-16,12.460000038146973,12.460000038146973,12.0600004196167,12.420000076293945,12.420000076293945,8200
2024-09-17,12.5,12.930000305175781,12.5,12.779999732971191,12.779999732971191,28700
2024-09-18,12.717000007629395,13.100000381469727,12.539999961853027,12.75,12.75,33400
2024-09-19,13.0,13.140000343322754,12.880000114440918,13.119999885559082,13.119999885559082,16900
2024-09-20,12.8100004196167,13.039999961853027,12.630000114440918,12.75,12.75,108500
2024-09-23,12.899999618530273,12.920000076293945,12.710000038146973,12.779999732971191,12.779999732971191,17900
2024-09-24,12.899999618530273,13.029999732971191,12.680000305175781,12.989999771118164,12.989999771118164,16900
2024-09-25,12.989999771118164,13.404999732971191,12.880000114440918,13.170000076293945,13.170000076293945,22600
2024-09-26,13.369999885559082,13.420000076293945,12.970000267028809,13.020000457763672,13.020000457763672,20600
2024-09-27,13.069999694824219,13.420000076293945,13.069999694824219,13.300000190734863,13.300000190734863,13400
2024-09-30,13.300000190734863,13.350000381469727,13.050000190734863,13.050000190734863,13.050000190734863,7800
2024-10-01,13.100000381469727,13.100000381469727,12.699999809265137,12.869999885559082,12.869999885559082,29600
2024-10-02,12.880000114440918,13.0,12.510000228881836,12.510000228881836,12.510000228881836,23400
2024-10-03,12.550000190734863,12.65999984741211,12.34000015258789,12.359999656677246,12.359999656677246,15200
2024-10-04,12.59000015258789,12.84000015258789,12.59000015258789,12.760000228881836,12.760000228881836,48200
2024-10-07,12.699999809265137,12.850000381469727,12.449999809265137,12.579999923706055,12.579999923706055,8700
2024-10-08,12.65999984741211,12.760000228881836,12.260000228881836,12.319999694824219,12.319999694824219,9700
2024-10-09,12.390000343322754,12.59000015258789,12.390000343322754,12.4399995803833,12.4399995803833,6100
2024-10-10,12.4399995803833,12.529999732971191,12.385000228881836,12.470000267028809,12.470000267028809,9300
2024-10-11,12.609999656677246,12.899999618530273,12.609999656677246,12.75,12.75,21400
2024-10-14,12.75,13.109999656677246,12.720000267028809,13.0,13.0,9600
2024-10-15,13.095000267028809,13.9350004196167,13.0600004196167,13.3100004196167,13.3100004196167,39800
2024-10-16,13.5,13.6899995803833,13.300000190734863,13.520000457763672,13.520000457763672,29100
2024-10-17,13.59000015258789,13.680000305175781,13.539999961853027,13.569999694824219,13.569999694824219,21100
2024-10-18,13.640000343322754,13.819999694824219,13.210000038146973,13.550000190734863,13.550000190734863,27900
2024-10-21,13.600000381469727,13.614999771118164,12.65999984741211,12.65999984741211,12.65999984741211,27300
2024-10-22,12.880000114440918,13.050000190734863,12.84000015258789,12.9399995803833,12.9399995803833,23300
2024-10-23,12.9399995803833,13.380000114440918,12.897000312805176,13.380000114440918,13.380000114440918,18700
2024-10-24,13.510000228881836,13.510000228881836,12.859999656677246,13.029999732971191,13.029999732971191,14500
2024-10-25,12.970000267028809,13.239999771118164,12.75,12.760000228881836,12.760000228881836,25300
