Date,Adj Close,Close,High,Low,Open,Volume
2007-06-20,3.5874388217926025,5.284999847412109,5.284999847412109,5.284999847412109,5.284999847412109,0
2007-06-21,3.4279227256774902,5.050000190734863,5.224999904632568,5.050000190734863,5.224999904632568,2600
2007-06-22,3.4279227256774902,5.050000190734863,5.050000190734863,5.050000190734863,5.050000190734863,0
2007-06-25,3.4279227256774902,5.050000190734863,5.050000190734863,5.050000190734863,5.050000190734863,0
2007-06-26,3.4279227256774902,5.050000190734863,5.144999980926514,5.050000190734863,5.144999980926514,2400
2007-06-27,3.4279227256774902,5.050000190734863,5.050000190734863,5.050000190734863,5.050000190734863,0
2007-06-28,3.4279227256774902,5.050000190734863,5.050000190734863,5.050000190734863,5.050000190734863,0
2007-06-29,3.4279227256774902,5.050000190734863,5.050000190734863,5.050000190734863,5.050000190734863,0
2007-07-02,3.4279227256774902,5.050000190734863,5.050000190734863,5.050000190734863,5.050000190734863,0
2007-07-03,3.4279227256774902,5.050000190734863,5.050000190734863,5.050000190734863,5.050000190734863,0
2007-07-05,3.4279227256774902,5.050000190734863,5.050000190734863,5.050000190734863,5.050000190734863,0
2007-07-06,3.4279227256774902,5.050000190734863,5.050000190734863,5.050000190734863,5.050000190734863,0
2007-07-09,3.539924383163452,5.215000152587891,5.215000152587891,5.215000152587891,5.215000152587891,600
2007-07-10,3.529741048812866,5.199999809265137,5.210000038146973,5.199999809265137,5.210000038146973,2000
2007-07-11,3.529741048812866,5.199999809265137,5.199999809265137,5.199999809265137,5.199999809265137,0
2007-07-12,3.529741048812866,5.199999809265137,5.199999809265137,5.175000190734863,5.175000190734863,4800
2007-07-13,3.529741048812866,5.199999809265137,5.199999809265137,5.199999809265137,5.199999809265137,0
2007-07-16,3.5263471603393555,5.195000171661377,5.195000171661377,5.195000171661377,5.195000171661377,16200
2007-07-17,3.529741048812866,5.199999809265137,5.199999809265137,5.199999809265137,5.199999809265137,2000
2007-07-18,3.529741048812866,5.199999809265137,5.199999809265137,5.199999809265137,5.199999809265137,0
2007-07-19,3.529741048812866,5.199999809265137,5.199999809265137,5.199999809265137,5.199999809265137,0
2007-07-20,3.529741048812866,5.199999809265137,5.199999809265137,5.199999809265137,5.199999809265137,0
2007-07-23,3.550222396850586,5.199999809265137,5.199999809265137,5.199999809265137,5.199999809265137,0
2007-07-24,3.427330732345581,5.019999980926514,5.074999809265137,5.019999980926514,5.074999809265137,3400
2007-07-25,3.516087532043457,5.150000095367432,5.150000095367432,5.150000095367432,5.150000095367432,4000
2007-07-26,3.481950044631958,5.099999904632568,5.150000095367432,5.050000190734863,5.050000190734863,5200
2007-07-27,3.481950044631958,5.099999904632568,5.099999904632568,5.099999904632568,5.099999904632568,0
2007-07-30,3.4478135108947754,5.050000190734863,5.099999904632568,5.050000190734863,5.099999904632568,4000
2007-07-31,3.4478135108947754,5.050000190734863,5.050000190734863,5.050000190734863,5.050000190734863,0
2007-08-01,3.516087532043457,5.150000095367432,5.150000095367432,5.050000190734863,5.054999828338623,14800
2007-08-02,3.516087532043457,5.150000095367432,5.150000095367432,5.125,5.125,2000
2007-08-03,3.516087532043457,5.150000095367432,5.150000095367432,5.150000095367432,5.150000095367432,0
2007-08-06,3.2941975593566895,4.824999809265137,5.050000190734863,4.824999809265137,5.050000190734863,2000
2007-08-07,3.4136769771575928,5.0,5.0,5.0,5.0,2000
2007-08-08,3.4136769771575928,5.0,5.0,5.0,5.0,0
2007-08-09,3.277128219604492,4.800000190734863,4.800000190734863,4.800000190734863,4.800000190734863,400
2007-08-10,3.4136769771575928,5.0,5.0,4.900000095367432,4.900000095367432,3600
2007-08-13,3.4307451248168945,5.025000095367432,5.025000095367432,5.025000095367432,5.025000095367432,400
2007-08-14,3.3795394897460938,4.949999809265137,4.949999809265137,4.949999809265137,4.949999809265137,400
2007-08-15,3.3795394897460938,4.949999809265137,4.949999809265137,4.949999809265137,4.949999809265137,400
2007-08-16,3.3795394897460938,4.949999809265137,4.949999809265137,4.949999809265137,4.949999809265137,400
2007-08-17,3.36247181892395,4.925000190734863,4.925000190734863,4.925000190734863,4.925000190734863,1600
2007-08-20,3.345402479171753,4.900000095367432,4.900000095367432,4.900000095367432,4.900000095367432,400
2007-08-21,3.36247181892395,4.925000190734863,4.925000190734863,4.925000190734863,4.925000190734863,600
2007-08-22,3.516087532043457,5.150000095367432,5.150000095367432,4.90500020980835,4.90500020980835,2600
2007-08-23,3.4341602325439453,5.03000020980835,5.03000020980835,5.025000095367432,5.025000095367432,1200
2007-08-24,3.36247181892395,4.925000190734863,5.025000095367432,4.900000095367432,5.025000095367432,11200
2007-08-27,3.481950044631958,5.099999904632568,5.099999904632568,5.099999904632568,5.099999904632568,1200
2007-08-28,3.4136769771575928,5.0,5.099999904632568,5.0,5.099999904632568,800
2007-08-29,3.4170901775360107,5.005000114440918,5.005000114440918,5.005000114440918,5.005000114440918,800
2007-08-30,3.4170901775360107,5.005000114440918,5.005000114440918,5.005000114440918,5.005000114440918,1600
2007-08-31,3.4170901775360107,5.005000114440918,5.005000114440918,5.005000114440918,5.005000114440918,1600
2007-09-04,3.4170901775360107,5.005000114440918,5.005000114440918,5.005000114440918,5.005000114440918,3200
2007-09-05,3.4136769771575928,5.0,5.0,5.0,5.0,800
2007-09-06,3.4170901775360107,5.005000114440918,5.005000114440918,5.005000114440918,5.005000114440918,1600
2007-09-07,3.4136769771575928,5.0,5.0,5.0,5.0,800
2007-09-10,3.4136769771575928,5.0,5.099999904632568,5.0,5.099999904632568,1000
2007-09-11,3.4136769771575928,5.0,5.0,5.0,5.0,800
2007-09-12,3.4170901775360107,5.005000114440918,5.005000114440918,5.005000114440918,5.005000114440918,800
2007-09-13,3.4170901775360107,5.005000114440918,5.005000114440918,5.005000114440918,5.005000114440918,1600
2007-09-14,3.4170901775360107,5.005000114440918,5.005000114440918,5.005000114440918,5.005000114440918,1600
2007-09-17,3.4136769771575928,5.0,5.0,5.0,5.0,800
2007-09-18,3.4136769771575928,5.0,5.0,5.0,5.0,800
2007-09-19,3.4136769771575928,5.0,5.005000114440918,5.0,5.0,9400
2007-09-20,3.4136769771575928,5.0,5.0,5.0,5.0,400
2007-09-21,3.4136769771575928,5.0,5.0,5.0,5.0,400
2007-09-24,3.4136769771575928,5.0,5.005000114440918,5.0,5.005000114440918,800
2007-09-25,3.4136769771575928,5.0,5.005000114440918,5.0,5.005000114440918,1200
2007-09-26,3.4136769771575928,5.0,5.0,5.0,5.0,800
2007-09-27,3.4136769771575928,5.0,5.0,5.0,5.0,800
2007-09-28,3.4136769771575928,5.0,5.025000095367432,5.0,5.025000095367432,1600
2007-10-01,3.4136769771575928,5.0,5.005000114440918,5.0,5.005000114440918,1200
2007-10-02,3.4136769771575928,5.0,5.0,5.0,5.0,1600
2007-10-03,3.4136769771575928,5.0,5.0,5.0,5.0,800
2007-10-04,3.4170901775360107,5.005000114440918,5.005000114440918,5.0,5.005000114440918,1600
2007-10-05,3.516087532043457,5.150000095367432,5.150000095367432,5.0,5.0,6600
2007-10-08,3.4136769771575928,5.0,5.150000095367432,5.0,5.150000095367432,7200
2007-10-09,3.516087532043457,5.150000095367432,5.150000095367432,5.0,5.0,4800
2007-10-10,3.4307451248168945,5.025000095367432,5.025000095367432,5.025000095367432,5.025000095367432,1600
2007-10-11,3.516087532043457,5.150000095367432,5.150000095367432,5.125,5.125,3400
2007-10-12,3.516087532043457,5.150000095367432,5.150000095367432,5.150000095367432,5.150000095367432,0
2007-10-15,3.516087532043457,5.150000095367432,5.150000095367432,5.150000095367432,5.150000095367432,0
2007-10-16,3.516087532043457,5.150000095367432,5.150000095367432,5.150000095367432,5.150000095367432,0
2007-10-17,3.516087532043457,5.150000095367432,5.150000095367432,5.150000095367432,5.150000095367432,0
2007-10-18,3.4478135108947754,5.050000190734863,5.050000190734863,5.050000190734863,5.050000190734863,800
2007-10-19,3.4478135108947754,5.050000190734863,5.050000190734863,5.050000190734863,5.050000190734863,200
2007-10-22,3.468418598175049,5.050000190734863,5.050000190734863,5.050000190734863,5.050000190734863,0
2007-10-23,3.4512481689453125,5.025000095367432,5.025000095367432,5.025000095367432,5.025000095367432,5200
2007-10-24,3.4512481689453125,5.025000095367432,5.025000095367432,5.025000095367432,5.025000095367432,0
2007-10-25,3.4512481689453125,5.025000095367432,5.025000095367432,5.025000095367432,5.025000095367432,0
2007-10-26,3.468418598175049,5.050000190734863,5.050000190734863,5.050000190734863,5.050000190734863,10000
2007-10-29,3.468418598175049,5.050000190734863,5.050000190734863,5.050000190734863,5.050000190734863,2000
2007-10-30,3.468418598175049,5.050000190734863,5.050000190734863,5.050000190734863,5.050000190734863,0
2007-10-31,3.468418598175049,5.050000190734863,5.050000190734863,5.050000190734863,5.050000190734863,0
2007-11-01,3.468418598175049,5.050000190734863,5.050000190734863,5.050000190734863,5.050000190734863,0
2007-11-02,3.468418598175049,5.050000190734863,5.050000190734863,5.050000190734863,5.050000190734863,1000
2007-11-05,3.468418598175049,5.050000190734863,5.050000190734863,5.050000190734863,5.050000190734863,0
2007-11-06,3.468418598175049,5.050000190734863,5.050000190734863,5.050000190734863,5.050000190734863,0
2007-11-07,3.468418598175049,5.050000190734863,5.050000190734863,5.025000095367432,5.050000190734863,52000
2007-11-08,3.468418598175049,5.050000190734863,5.050000190734863,5.050000190734863,5.050000190734863,27400
2007-11-09,3.468418598175049,5.050000190734863,5.050000190734863,5.050000190734863,5.050000190734863,29000
2007-11-12,3.468418598175049,5.050000190734863,5.050000190734863,5.050000190734863,5.050000190734863,0
2007-11-13,3.468418598175049,5.050000190734863,5.050000190734863,5.050000190734863,5.050000190734863,2000
2007-11-14,3.468418598175049,5.050000190734863,5.050000190734863,5.050000190734863,5.050000190734863,0
2007-11-15,3.468418598175049,5.050000190734863,5.050000190734863,5.050000190734863,5.050000190734863,0
2007-11-16,3.468418598175049,5.050000190734863,5.050000190734863,5.050000190734863,5.050000190734863,2000
2007-11-19,3.502758741378784,5.099999904632568,5.099999904632568,5.099999904632568,5.099999904632568,400
2007-11-20,3.468418598175049,5.050000190734863,5.050000190734863,5.050000190734863,5.050000190734863,10000
2007-11-21,3.468418598175049,5.050000190734863,5.050000190734863,5.050000190734863,5.050000190734863,2000
2007-11-23,3.468418598175049,5.050000190734863,5.050000190734863,5.050000190734863,5.050000190734863,0
2007-11-26,3.502758741378784,5.099999904632568,5.099999904632568,5.099999904632568,5.099999904632568,400
2007-11-27,3.468418598175049,5.050000190734863,5.050000190734863,5.050000190734863,5.050000190734863,3400
2007-11-28,3.468418598175049,5.050000190734863,5.050000190734863,5.050000190734863,5.050000190734863,0
2007-11-29,3.468418598175049,5.050000190734863,5.050000190734863,5.050000190734863,5.050000190734863,0
2007-11-30,3.468418598175049,5.050000190734863,5.050000190734863,5.050000190734863,5.050000190734863,0
2007-12-03,3.468418598175049,5.050000190734863,5.050000190734863,5.050000190734863,5.050000190734863,4000
2007-12-04,3.502758741378784,5.099999904632568,5.099999904632568,5.099999904632568,5.099999904632568,400
2007-12-05,3.502758741378784,5.099999904632568,5.099999904632568,5.099999904632568,5.099999904632568,0
2007-12-06,3.502758741378784,5.099999904632568,5.099999904632568,5.099999904632568,5.099999904632568,0
2007-12-07,3.537099599838257,5.150000095367432,5.150000095367432,5.150000095367432,5.150000095367432,1200
2007-12-10,3.537099599838257,5.150000095367432,5.150000095367432,5.150000095367432,5.150000095367432,400
2007-12-11,3.537099599838257,5.150000095367432,5.150000095367432,5.150000095367432,5.150000095367432,0
2007-12-12,3.434077262878418,5.0,5.150000095367432,5.0,5.150000095367432,90400
2007-12-13,3.434077262878418,5.0,5.0,5.0,5.0,40000
2007-12-14,3.3310532569885254,4.849999904632568,4.994999885559082,4.849999904632568,4.994999885559082,4600
2007-12-17,3.3310532569885254,4.849999904632568,4.849999904632568,4.800000190734863,4.800000190734863,1600
2007-12-18,3.3310532569885254,4.849999904632568,4.849999904632568,4.849999904632568,4.849999904632568,1000
2007-12-19,3.3310532569885254,4.849999904632568,4.849999904632568,4.849999904632568,4.849999904632568,0
2007-12-20,3.3310532569885254,4.849999904632568,4.849999904632568,4.849999904632568,4.849999904632568,0
2007-12-21,3.3310532569885254,4.849999904632568,4.849999904632568,4.849999904632568,4.849999904632568,0
2007-12-24,3.2761099338531494,4.769999980926514,4.769999980926514,4.769999980926514,4.769999980926514,400
2007-12-26,3.2761099338531494,4.769999980926514,4.769999980926514,4.769999980926514,4.769999980926514,0
2007-12-27,3.2761099338531494,4.769999980926514,4.769999980926514,4.769999980926514,4.769999980926514,0
2007-12-28,3.2623724937438965,4.75,4.775000095367432,4.514999866485596,4.775000095367432,6400
2007-12-31,3.2623724937438965,4.75,4.75,4.75,4.75,0
2008-01-02,3.2623724937438965,4.75,4.75,4.75,4.75,0
2008-01-03,3.2623724937438965,4.75,4.75,4.75,4.75,0
2008-01-04,3.2623724937438965,4.75,4.75,4.75,4.75,40800
2008-01-07,3.2623724937438965,4.75,4.75,4.75,4.75,0
2008-01-08,3.2658064365386963,4.755000114440918,4.800000190734863,4.75,4.755000114440918,8600
2008-01-09,3.2623724937438965,4.75,4.75,4.75,4.75,3800
2008-01-10,3.2623724937438965,4.75,4.75,4.75,4.75,0
2008-01-11,3.2623724937438965,4.75,4.75,4.75,4.75,0
2008-01-14,3.2658064365386963,4.755000114440918,4.755000114440918,4.755000114440918,4.755000114440918,1000
2008-01-15,3.2623724937438965,4.75,4.755000114440918,4.75,4.755000114440918,6600
2008-01-16,3.2623724937438965,4.75,4.75,4.75,4.75,0
2008-01-17,3.2623724937438965,4.75,4.75,4.75,4.75,0
2008-01-18,3.2831082344055176,4.75,4.75,4.75,4.75,0
2008-01-22,3.245093822479248,4.695000171661377,4.699999809265137,4.695000171661377,4.699999809265137,4000
2008-01-23,3.245093822479248,4.695000171661377,4.695000171661377,4.695000171661377,4.695000171661377,0
2008-01-24,3.245093822479248,4.695000171661377,4.695000171661377,4.695000171661377,4.695000171661377,0
2008-01-25,3.245093822479248,4.695000171661377,4.695000171661377,4.695000171661377,4.695000171661377,0
2008-01-28,3.245093822479248,4.695000171661377,4.695000171661377,4.695000171661377,4.695000171661377,0
2008-01-29,3.245093822479248,4.695000171661377,4.695000171661377,4.695000171661377,4.695000171661377,0
2008-01-30,3.200166702270508,4.630000114440918,4.630000114440918,4.630000114440918,4.630000114440918,1000
2008-01-31,3.200166702270508,4.630000114440918,4.630000114440918,4.630000114440918,4.630000114440918,0
2008-02-01,3.200166702270508,4.630000114440918,4.630000114440918,4.630000114440918,4.630000114440918,0
2008-02-04,3.200166702270508,4.630000114440918,4.630000114440918,4.630000114440918,4.630000114440918,0
2008-02-05,3.200166702270508,4.630000114440918,4.630000114440918,4.630000114440918,4.630000114440918,0
2008-02-06,3.200166702270508,4.630000114440918,4.630000114440918,4.630000114440918,4.630000114440918,0
2008-02-07,3.200166702270508,4.630000114440918,4.630000114440918,4.630000114440918,4.630000114440918,0
2008-02-08,3.200166702270508,4.630000114440918,4.630000114440918,4.630000114440918,4.630000114440918,0
2008-02-11,3.200166702270508,4.630000114440918,4.630000114440918,4.630000114440918,4.630000114440918,0
2008-02-12,3.200166702270508,4.630000114440918,4.630000114440918,4.630000114440918,4.630000114440918,0
2008-02-13,3.200166702270508,4.630000114440918,4.630000114440918,4.630000114440918,4.630000114440918,0
2008-02-14,3.200166702270508,4.630000114440918,4.630000114440918,4.630000114440918,4.630000114440918,0
2008-02-15,3.200166702270508,4.630000114440918,4.630000114440918,4.630000114440918,4.630000114440918,0
2008-02-19,3.18634295463562,4.610000133514404,4.610000133514404,4.610000133514404,4.610000133514404,1000
2008-02-20,3.18634295463562,4.610000133514404,4.610000133514404,4.610000133514404,4.610000133514404,0
2008-02-21,3.18634295463562,4.610000133514404,4.610000133514404,4.610000133514404,4.610000133514404,0
2008-02-22,3.18634295463562,4.610000133514404,4.610000133514404,4.610000133514404,4.610000133514404,0
2008-02-25,3.18634295463562,4.610000133514404,4.610000133514404,4.610000133514404,4.610000133514404,0
2008-02-26,3.18634295463562,4.610000133514404,4.610000133514404,4.610000133514404,4.610000133514404,0
2008-02-27,3.172520160675049,4.590000152587891,4.590000152587891,4.590000152587891,4.590000152587891,1000
2008-02-28,3.172520160675049,4.590000152587891,4.590000152587891,4.590000152587891,4.590000152587891,0
2008-02-29,3.172520160675049,4.590000152587891,4.590000152587891,4.590000152587891,4.590000152587891,0
2008-03-03,3.172520160675049,4.590000152587891,4.590000152587891,4.590000152587891,4.590000152587891,0
2008-03-04,3.172520160675049,4.590000152587891,4.590000152587891,4.590000152587891,4.590000152587891,0
2008-03-05,3.172520160675049,4.590000152587891,4.590000152587891,4.590000152587891,4.590000152587891,0
2008-03-06,3.172520160675049,4.590000152587891,4.590000152587891,4.590000152587891,4.590000152587891,0
2008-03-07,3.1068572998046875,4.494999885559082,4.494999885559082,4.494999885559082,4.494999885559082,1000
2008-03-10,3.1068572998046875,4.494999885559082,4.494999885559082,4.494999885559082,4.494999885559082,0
2008-03-11,3.1068572998046875,4.494999885559082,4.494999885559082,4.494999885559082,4.494999885559082,0
2008-03-12,3.041194438934326,4.400000095367432,4.449999809265137,4.400000095367432,4.449999809265137,3000
2008-03-13,3.041194438934326,4.400000095367432,4.400000095367432,4.400000095367432,4.400000095367432,0
2008-03-14,3.041194438934326,4.400000095367432,4.400000095367432,4.400000095367432,4.400000095367432,0
2008-03-17,3.041194438934326,4.400000095367432,4.400000095367432,4.400000095367432,4.400000095367432,0
2008-03-18,3.0377390384674072,4.394999980926514,4.394999980926514,4.394999980926514,4.394999980926514,1000
2008-03-19,3.0239157676696777,4.375,4.375,4.375,4.375,1000
2008-03-20,2.972075939178467,4.300000190734863,4.355000019073486,4.300000190734863,4.355000019073486,3000
2008-03-24,2.747443437576294,3.9749999046325684,4.0,3.9749999046325684,4.0,3000
2008-03-25,2.747443437576294,3.9749999046325684,3.9749999046325684,3.9749999046325684,3.9749999046325684,0
2008-03-26,2.747443437576294,3.9749999046325684,3.9749999046325684,3.9749999046325684,3.9749999046325684,0
2008-03-27,2.764723300933838,4.0,4.150000095367432,4.0,4.150000095367432,16000
2008-03-28,2.764723300933838,4.0,4.0,4.0,4.0,0
2008-03-31,2.764723300933838,4.0,4.0,4.0,4.0,2000
2008-04-01,2.764723300933838,4.0,4.0,4.0,4.0,1000
2008-04-02,2.764723300933838,4.0,4.0,4.0,4.0,0
2008-04-03,2.764723300933838,4.0,4.0,4.0,4.0,0
2008-04-04,2.764723300933838,4.0,4.0,4.0,4.0,0
2008-04-07,2.764723300933838,4.0,4.0,4.0,4.0,0
2008-04-08,2.7128844261169434,3.924999952316284,3.924999952316284,3.875,3.875,2400
2008-04-09,2.7128844261169434,3.924999952316284,3.924999952316284,3.924999952316284,3.924999952316284,1000
2008-04-10,2.7128844261169434,3.924999952316284,3.924999952316284,3.924999952316284,3.924999952316284,0
2008-04-11,2.7128844261169434,3.924999952316284,3.924999952316284,3.924999952316284,3.924999952316284,0
2008-04-14,2.7128844261169434,3.924999952316284,3.924999952316284,3.924999952316284,3.924999952316284,0
2008-04-15,2.7128844261169434,3.924999952316284,3.924999952316284,3.924999952316284,3.924999952316284,0
2008-04-16,2.6437668800354004,3.825000047683716,3.825000047683716,3.825000047683716,3.825000047683716,600
2008-04-17,2.6437668800354004,3.825000047683716,3.825000047683716,3.825000047683716,3.825000047683716,0
2008-04-18,2.6437668800354004,3.825000047683716,3.825000047683716,3.825000047683716,3.825000047683716,0
2008-04-21,2.664665460586548,3.825000047683716,3.825000047683716,3.825000047683716,3.825000047683716,0
2008-04-22,2.664665460586548,3.825000047683716,3.825000047683716,3.825000047683716,3.825000047683716,0
2008-04-23,2.664665460586548,3.825000047683716,3.825000047683716,3.825000047683716,3.825000047683716,0
2008-04-24,2.664665460586548,3.825000047683716,3.825000047683716,3.825000047683716,3.825000047683716,0
2008-04-25,2.664665460586548,3.825000047683716,3.825000047683716,3.825000047683716,3.825000047683716,0
2008-04-28,2.664665460586548,3.825000047683716,3.825000047683716,3.825000047683716,3.825000047683716,0
2008-04-29,2.664665460586548,3.825000047683716,3.825000047683716,3.825000047683716,3.825000047683716,0
2008-04-30,2.6472489833831787,3.799999952316284,3.799999952316284,3.799999952316284,3.799999952316284,1000
2008-05-01,2.6472489833831787,3.799999952316284,3.799999952316284,3.799999952316284,3.799999952316284,0
2008-05-02,2.6228668689727783,3.765000104904175,3.765000104904175,3.765000104904175,3.765000104904175,600
2008-05-05,2.6228668689727783,3.765000104904175,3.765000104904175,3.765000104904175,3.765000104904175,0
2008-05-06,2.6228668689727783,3.765000104904175,3.765000104904175,3.765000104904175,3.765000104904175,0
2008-05-07,2.6228668689727783,3.765000104904175,3.765000104904175,3.765000104904175,3.765000104904175,0
2008-05-08,2.9607393741607666,4.25,4.25,4.25,4.25,4000
2008-05-09,2.9607393741607666,4.25,4.25,4.25,4.25,0
2008-05-12,2.9607393741607666,4.25,4.25,4.25,4.25,0
2008-05-13,3.0478200912475586,4.375,4.375,4.375,4.375,6000
2008-05-14,3.0478200912475586,4.375,4.375,4.375,4.375,0
2008-05-15,3.0478200912475586,4.375,4.375,4.375,4.375,0
2008-05-16,2.967705488204956,4.260000228881836,4.260000228881836,4.260000228881836,4.260000228881836,1000
2008-05-19,2.9781548976898193,4.275000095367432,4.375,4.275000095367432,4.375,8000
2008-05-20,2.9607393741607666,4.25,4.25,4.25,4.25,10000
2008-05-21,2.9607393741607666,4.25,4.25,4.25,4.25,0
2008-05-22,2.9607393741607666,4.25,4.25,4.25,4.25,0
2008-05-23,2.9607393741607666,4.25,4.25,4.25,4.25,0
2008-05-27,2.9607393741607666,4.25,4.25,4.25,4.25,0
2008-05-28,2.9607393741607666,4.25,4.25,4.25,4.25,0
2008-05-29,3.194115161895752,4.585000038146973,4.599999904632568,4.25,4.25,3000
2008-05-30,2.9607393741607666,4.25,4.585000038146973,4.25,4.579999923706055,7000
2008-06-02,2.9607393741607666,4.25,4.25,4.25,4.25,0
2008-06-03,2.9607393741607666,4.25,4.25,4.25,4.25,0
2008-06-04,2.9607393741607666,4.25,4.25,4.25,4.25,0
2008-06-05,2.9607393741607666,4.25,4.25,4.25,4.25,0
2008-06-06,2.9607393741607666,4.25,4.25,4.25,4.25,10000
2008-06-09,3.0478200912475586,4.375,4.375,4.375,4.375,1400
2008-06-10,3.1000680923461914,4.449999809265137,4.449999809265137,4.375,4.375,6200
2008-06-11,3.1000680923461914,4.449999809265137,4.449999809265137,4.449999809265137,4.449999809265137,0
2008-06-12,3.1000680923461914,4.449999809265137,4.449999809265137,4.449999809265137,4.449999809265137,0
2008-06-13,3.1000680923461914,4.449999809265137,4.449999809265137,4.449999809265137,4.449999809265137,0
2008-06-16,3.1000680923461914,4.449999809265137,4.449999809265137,4.449999809265137,4.449999809265137,0
2008-06-17,3.1000680923461914,4.449999809265137,4.449999809265137,4.449999809265137,4.449999809265137,0
2008-06-18,3.1000680923461914,4.449999809265137,4.449999809265137,4.449999809265137,4.449999809265137,0
2008-06-19,3.1000680923461914,4.449999809265137,4.449999809265137,4.449999809265137,4.449999809265137,0
2008-06-20,3.1000680923461914,4.449999809265137,4.449999809265137,4.449999809265137,4.449999809265137,0
2008-06-23,3.1000680923461914,4.449999809265137,4.449999809265137,4.449999809265137,4.449999809265137,1000
2008-06-24,3.1000680923461914,4.449999809265137,4.449999809265137,4.449999809265137,4.449999809265137,0
2008-06-25,3.1000680923461914,4.449999809265137,4.449999809265137,4.449999809265137,4.449999809265137,0
2008-06-26,3.1000680923461914,4.449999809265137,4.449999809265137,4.449999809265137,4.449999809265137,2000
2008-06-27,3.1000680923461914,4.449999809265137,4.449999809265137,4.449999809265137,4.449999809265137,0
2008-06-30,3.1000680923461914,4.449999809265137,4.449999809265137,4.449999809265137,4.449999809265137,0
2008-07-01,2.8039939403533936,4.025000095367432,4.025000095367432,4.025000095367432,4.025000095367432,1000
2008-07-02,2.7587122917175293,3.9600000381469727,3.9600000381469727,3.9600000381469727,3.9600000381469727,1000
2008-07-03,2.7587122917175293,3.9600000381469727,3.9600000381469727,3.9600000381469727,3.9600000381469727,0
2008-07-07,2.7587122917175293,3.9600000381469727,3.9600000381469727,3.9600000381469727,3.9600000381469727,0
2008-07-08,2.7587122917175293,3.9600000381469727,3.9600000381469727,3.9600000381469727,3.9600000381469727,0
2008-07-09,2.9607393741607666,4.25,4.25,4.25,4.25,3600
2008-07-10,2.9607393741607666,4.25,4.25,4.25,4.25,0
2008-07-11,2.9607393741607666,4.25,4.25,4.25,4.25,0
2008-07-14,2.9607393741607666,4.25,4.25,4.25,4.25,0
2008-07-15,2.6228668689727783,3.765000104904175,3.815000057220459,3.759999990463257,3.815000057220459,5600
2008-07-16,2.9607393741607666,4.25,4.25,4.25,4.25,9600
2008-07-17,2.9607393741607666,4.25,4.25,4.25,4.25,0
2008-07-18,3.131417751312256,4.494999885559082,4.494999885559082,4.494999885559082,4.494999885559082,4000
2008-07-21,3.1524577140808105,4.494999885559082,4.494999885559082,4.494999885559082,4.494999885559082,0
2008-07-22,3.1524577140808105,4.494999885559082,4.494999885559082,4.494999885559082,4.494999885559082,0
2008-07-23,3.1524577140808105,4.494999885559082,4.494999885559082,4.494999885559082,4.494999885559082,0
2008-07-24,3.1524577140808105,4.494999885559082,4.494999885559082,4.494999885559082,4.494999885559082,0
2008-07-25,2.805302143096924,4.0,4.0,4.0,4.0,400
2008-07-28,2.805302143096924,4.0,4.0,4.0,4.0,0
2008-07-29,2.805302143096924,4.0,4.0,4.0,4.0,0
2008-07-30,2.805302143096924,4.0,4.0,4.0,4.0,0
2008-07-31,2.805302143096924,4.0,4.0,4.0,4.0,0
2008-08-01,2.805302143096924,4.0,4.0,4.0,4.0,0
2008-08-04,2.805302143096924,4.0,4.0,4.0,4.0,0
2008-08-05,2.805302143096924,4.0,4.0,4.0,4.0,0
2008-08-06,2.805302143096924,4.0,4.0,4.0,4.0,0
2008-08-07,2.805302143096924,4.0,4.0,4.0,4.0,0
2008-08-08,2.805302143096924,4.0,4.0,4.0,4.0,0
2008-08-11,2.805302143096924,4.0,4.0,4.0,4.0,0
2008-08-12,2.805302143096924,4.0,4.0,4.0,4.0,0
2008-08-13,2.805302143096924,4.0,4.0,4.0,4.0,0
2008-08-14,2.805302143096924,4.0,4.0,4.0,4.0,1000
2008-08-15,2.805302143096924,4.0,4.0,4.0,4.0,0
2008-08-18,3.1033639907836914,4.425000190734863,4.650000095367432,4.375,4.375,4600
2008-08-19,3.068298101425171,4.375,4.375,4.375,4.375,1800
2008-08-20,2.8754336833953857,4.099999904632568,4.150000095367432,4.0,4.0,7600
2008-08-21,2.8754336833953857,4.099999904632568,4.099999904632568,4.099999904632568,4.099999904632568,0
2008-08-22,2.8754336833953857,4.099999904632568,4.099999904632568,4.099999904632568,4.099999904632568,0
2008-08-25,2.805302143096924,4.0,4.0,4.0,4.0,3000
2008-08-26,2.805302143096924,4.0,4.0,4.0,4.0,4200
2008-08-27,2.805302143096924,4.0,4.0,4.0,4.0,2000
2008-08-28,2.805302143096924,4.0,4.0,4.0,4.0,4000
2008-08-29,2.805302143096924,4.0,4.0,4.0,4.0,0
2008-09-02,2.805302143096924,4.0,4.0,4.0,4.0,2000
2008-09-03,2.805302143096924,4.0,4.0,4.0,4.0,0
2008-09-04,2.805302143096924,4.0,4.0,4.0,4.0,0
2008-09-05,2.805302143096924,4.0,4.0,4.0,4.0,0
2008-09-08,2.805302143096924,4.0,4.0,4.0,4.0,2000
2008-09-09,2.805302143096924,4.0,4.0,4.0,4.0,0
2008-09-10,2.9455652236938477,4.199999809265137,4.199999809265137,4.199999809265137,4.199999809265137,400
2008-09-11,2.9455652236938477,4.199999809265137,4.199999809265137,4.199999809265137,4.199999809265137,0
2008-09-12,2.8403677940368652,4.050000190734863,4.050000190734863,4.050000190734863,4.050000190734863,1200
2008-09-15,2.8403677940368652,4.050000190734863,4.050000190734863,4.050000190734863,4.050000190734863,400
2008-09-16,2.8403677940368652,4.050000190734863,4.050000190734863,4.050000190734863,4.050000190734863,2400
2008-09-17,2.8403677940368652,4.050000190734863,4.050000190734863,4.050000190734863,4.050000190734863,2000
2008-09-18,2.8403677940368652,4.050000190734863,4.050000190734863,4.050000190734863,4.050000190734863,0
2008-09-19,2.8403677940368652,4.050000190734863,4.050000190734863,4.050000190734863,4.050000190734863,7000
2008-09-22,2.8929662704467773,4.125,4.125,4.125,4.125,600
2008-09-23,2.8929662704467773,4.125,4.369999885559082,4.125,4.369999885559082,2000
2008-09-24,2.8929662704467773,4.125,4.125,4.125,4.125,0
2008-09-25,2.629969835281372,3.75,3.7750000953674316,3.75,3.7750000953674316,3800
2008-09-26,2.629969835281372,3.75,3.75,3.75,3.75,0
2008-09-29,2.629969835281372,3.75,3.75,3.75,3.75,0
2008-09-30,2.629969835281372,3.75,3.75,3.75,3.75,0
2008-10-01,2.629969835281372,3.75,3.75,3.75,3.75,0
2008-10-02,2.629969835281372,3.75,3.75,3.75,3.75,0
2008-10-03,2.629969835281372,3.75,3.75,3.75,3.75,0
2008-10-06,2.1916415691375732,3.125,3.575000047683716,2.5,3.575000047683716,12800
2008-10-07,2.1916415691375732,3.125,3.125,3.125,3.125,4000
2008-10-08,2.1039745807647705,3.0,3.0,3.0,3.0,1000
2008-10-09,2.3845062255859375,3.4000000953674316,3.4000000953674316,3.4000000953674316,3.4000000953674316,1000
2008-10-10,2.3845062255859375,3.4000000953674316,3.4000000953674316,3.4000000953674316,3.4000000953674316,0
2008-10-13,2.3845062255859375,3.4000000953674316,3.4000000953674316,3.4000000953674316,3.4000000953674316,0
2008-10-14,2.3845062255859375,3.4000000953674316,3.4000000953674316,3.4000000953674316,3.4000000953674316,0
2008-10-15,2.3845062255859375,3.4000000953674316,3.4000000953674316,3.4000000953674316,3.4000000953674316,0
2008-10-16,2.3845062255859375,3.4000000953674316,3.4000000953674316,3.4000000953674316,3.4000000953674316,0
2008-10-17,2.3845062255859375,3.4000000953674316,3.4000000953674316,3.4000000953674316,3.4000000953674316,0
2008-10-20,2.3845062255859375,3.4000000953674316,3.4000000953674316,3.4000000953674316,3.4000000953674316,0
2008-10-21,2.1934633255004883,3.0999999046325684,3.0999999046325684,3.0999999046325684,3.0999999046325684,3000
2008-10-22,2.1934633255004883,3.0999999046325684,3.0999999046325684,3.0999999046325684,3.0999999046325684,0
2008-10-23,2.1934633255004883,3.0999999046325684,3.0999999046325684,3.0999999046325684,3.0999999046325684,0
2008-10-24,2.1934633255004883,3.0999999046325684,3.0999999046325684,3.0999999046325684,3.0999999046325684,0
2008-10-27,2.1934633255004883,3.0999999046325684,3.0999999046325684,3.0999999046325684,3.0999999046325684,0
2008-10-28,2.2995975017547607,3.25,3.25,3.25,3.25,1000
2008-10-29,2.2995975017547607,3.25,3.25,3.25,3.25,0
2008-10-30,2.2995975017547607,3.25,3.25,3.25,3.25,0
2008-10-31,2.2995975017547607,3.25,3.25,3.25,3.25,0
2008-11-03,2.2995975017547607,3.25,3.25,3.25,3.25,0
2008-11-04,2.2995975017547607,3.25,3.25,3.25,3.25,0
2008-11-05,2.2995975017547607,3.25,3.25,3.25,3.25,0
2008-11-06,2.2995975017547607,3.25,3.25,3.25,3.25,0
2008-11-07,2.2995975017547607,3.25,3.25,3.25,3.25,0
2008-11-10,2.2995975017547607,3.25,3.25,3.25,3.25,0
2008-11-11,2.4764904975891113,3.5,3.5,3.5,3.5,1800
2008-11-12,2.4764904975891113,3.5,3.5,3.5,3.5,0
2008-11-13,2.4764904975891113,3.5,3.5,3.5,3.5,0
2008-11-14,2.4764904975891113,3.5,3.5,3.5,3.5,0
2008-11-17,2.4764904975891113,3.5,3.5,3.5,3.5,1000
2008-11-18,2.4764904975891113,3.5,3.5,3.5,3.5,0
2008-11-19,2.12270450592041,3.0,3.0,3.0,3.0,2000
2008-11-20,2.12270450592041,3.0,3.0,3.0,3.0,2400
2008-11-21,2.12270450592041,3.0,3.0,3.0,3.0,0
2008-11-24,2.12270450592041,3.0,3.0,3.0,3.0,0
2008-11-25,2.12270450592041,3.0,3.0,3.0,3.0,0
2008-11-26,2.12270450592041,3.0,3.0,3.0,3.0,0
2008-11-28,2.12270450592041,3.0,3.0,3.0,3.0,0
2008-12-01,2.12270450592041,3.0,3.0,3.0,3.0,0
2008-12-02,2.12270450592041,3.0,3.005000114440918,3.0,3.005000114440918,2400
2008-12-03,2.12270450592041,3.0,3.0,3.0,3.0,0
2008-12-04,2.12270450592041,3.0,3.0,3.0,3.0,0
2008-12-05,2.12270450592041,3.0,3.0,3.0,3.0,0
2008-12-08,2.12270450592041,3.0,3.0,3.0,3.0,800
2008-12-09,2.12270450592041,3.0,3.0,3.0,3.0,0
2008-12-10,2.12270450592041,3.0,3.0,3.0,3.0,0
2008-12-11,2.12270450592041,3.0,3.0,3.0,3.0,0
2008-12-12,2.1403956413269043,3.0250000953674316,3.0250000953674316,3.0250000953674316,3.0250000953674316,28800
2008-12-15,2.1403956413269043,3.0250000953674316,3.0250000953674316,3.0250000953674316,3.0250000953674316,0
2008-12-16,2.264219045639038,3.200000047683716,3.200000047683716,3.200000047683716,3.200000047683716,1000
2008-12-17,2.228841543197632,3.1500000953674316,3.1500000953674316,3.1500000953674316,3.1500000953674316,2800
2008-12-18,2.228841543197632,3.1500000953674316,3.1500000953674316,3.1500000953674316,3.1500000953674316,0
2008-12-19,2.228841543197632,3.1500000953674316,3.1500000953674316,3.1500000953674316,3.1500000953674316,0
2008-12-22,2.228841543197632,3.1500000953674316,3.1500000953674316,3.1500000953674316,3.1500000953674316,0
2008-12-23,2.228841543197632,3.1500000953674316,3.1500000953674316,3.1500000953674316,3.1500000953674316,0
2008-12-24,2.228841543197632,3.1500000953674316,3.1500000953674316,3.1500000953674316,3.1500000953674316,0
2008-12-26,2.2995975017547607,3.25,3.25,3.25,3.25,400
2008-12-29,2.2995975017547607,3.25,3.25,3.25,3.25,1000
2008-12-30,2.472951889038086,3.494999885559082,3.494999885559082,3.494999885559082,3.494999885559082,3800
2008-12-31,2.472951889038086,3.494999885559082,3.494999885559082,3.494999885559082,3.494999885559082,0
2009-01-02,2.472951889038086,3.494999885559082,3.494999885559082,3.494999885559082,3.494999885559082,0
2009-01-05,2.472951889038086,3.494999885559082,3.494999885559082,3.494999885559082,3.494999885559082,0
2009-01-06,2.472951889038086,3.494999885559082,3.494999885559082,3.494999885559082,3.494999885559082,0
2009-01-07,2.472951889038086,3.494999885559082,3.494999885559082,3.494999885559082,3.494999885559082,0
2009-01-08,2.472951889038086,3.494999885559082,3.494999885559082,3.494999885559082,3.494999885559082,0
2009-01-09,2.56139874458313,3.619999885559082,3.619999885559082,3.619999885559082,3.619999885559082,400
2009-01-12,2.56139874458313,3.619999885559082,3.619999885559082,3.619999885559082,3.619999885559082,0
2009-01-13,2.56139874458313,3.619999885559082,3.619999885559082,3.619999885559082,3.619999885559082,0
2009-01-14,2.56139874458313,3.619999885559082,3.619999885559082,3.619999885559082,3.619999885559082,0
2009-01-15,2.56139874458313,3.619999885559082,3.619999885559082,3.619999885559082,3.619999885559082,0
2009-01-16,2.56139874458313,3.619999885559082,3.619999885559082,3.619999885559082,3.619999885559082,0
2009-01-20,2.56139874458313,3.619999885559082,3.619999885559082,3.619999885559082,3.619999885559082,0
2009-01-21,2.56139874458313,3.619999885559082,3.619999885559082,3.619999885559082,3.619999885559082,0
2009-01-22,2.5828025341033936,3.619999885559082,3.619999885559082,3.619999885559082,3.619999885559082,0
2009-01-23,2.5828025341033936,3.619999885559082,3.619999885559082,3.619999885559082,3.619999885559082,0
2009-01-26,2.5828025341033936,3.619999885559082,3.619999885559082,3.619999885559082,3.619999885559082,0
2009-01-27,2.5828025341033936,3.619999885559082,3.619999885559082,3.619999885559082,3.619999885559082,0
2009-01-28,2.5828025341033936,3.619999885559082,3.619999885559082,3.619999885559082,3.619999885559082,0
2009-01-29,2.5828025341033936,3.619999885559082,3.619999885559082,3.619999885559082,3.619999885559082,0
2009-01-30,2.5828025341033936,3.619999885559082,3.619999885559082,3.619999885559082,3.619999885559082,0
2009-02-02,2.4615108966827393,3.450000047683716,3.450000047683716,3.450000047683716,3.450000047683716,1200
2009-02-03,2.4615108966827393,3.450000047683716,3.450000047683716,3.450000047683716,3.450000047683716,0
2009-02-04,2.4615108966827393,3.450000047683716,3.450000047683716,3.450000047683716,3.450000047683716,0
2009-02-05,2.4615108966827393,3.450000047683716,3.450000047683716,3.450000047683716,3.450000047683716,0
2009-02-06,2.4615108966827393,3.450000047683716,3.450000047683716,3.450000047683716,3.450000047683716,0
2009-02-09,2.4615108966827393,3.450000047683716,3.450000047683716,3.450000047683716,3.450000047683716,0
2009-02-10,2.4615108966827393,3.450000047683716,3.450000047683716,3.450000047683716,3.450000047683716,0
2009-02-11,2.4615108966827393,3.450000047683716,3.450000047683716,3.450000047683716,3.450000047683716,0
2009-02-12,2.4615108966827393,3.450000047683716,4.0,3.450000047683716,4.0,7800
2009-02-13,2.4615108966827393,3.450000047683716,3.450000047683716,3.450000047683716,3.450000047683716,0
2009-02-17,2.853925943374634,4.0,4.0,4.0,4.0,2000
2009-02-18,2.853925943374634,4.0,4.0,4.0,4.0,0
2009-02-19,2.853925943374634,4.0,4.0,4.0,4.0,0
2009-02-20,2.853925943374634,4.0,4.0,4.0,4.0,0
2009-02-23,2.853925943374634,4.0,4.0,4.0,4.0,0
2009-02-24,2.853925943374634,4.0,4.0,4.0,4.0,0
2009-02-25,2.853925943374634,4.0,4.0,4.0,4.0,0
2009-02-26,2.4436733722686768,3.424999952316284,3.450000047683716,3.424999952316284,3.450000047683716,15200
2009-02-27,2.4436733722686768,3.424999952316284,3.424999952316284,3.424999952316284,3.424999952316284,0
2009-03-02,2.4436733722686768,3.424999952316284,3.424999952316284,3.424999952316284,3.424999952316284,0
2009-03-03,2.283139705657959,3.200000047683716,3.200000047683716,3.1500000953674316,3.1500000953674316,7200
2009-03-04,2.283139705657959,3.200000047683716,3.200000047683716,3.200000047683716,3.200000047683716,0
2009-03-05,2.176119089126587,3.049999952316284,3.200000047683716,3.049999952316284,3.1500000953674316,14000
2009-03-06,2.176119089126587,3.049999952316284,3.049999952316284,3.049999952316284,3.049999952316284,0
2009-03-09,2.193955183029175,3.075000047683716,3.075000047683716,3.075000047683716,3.075000047683716,3000
2009-03-10,2.193955183029175,3.075000047683716,3.075000047683716,3.075000047683716,3.075000047683716,0
2009-03-11,2.193955183029175,3.075000047683716,3.075000047683716,3.075000047683716,3.075000047683716,0
2009-03-12,2.140444278717041,3.0,3.0,3.0,3.0,6000
2009-03-13,2.140444278717041,3.0,3.0,3.0,3.0,0
2009-03-16,2.140444278717041,3.0,3.0,3.0,3.0,0
2009-03-17,2.140444278717041,3.0,3.0,3.0,3.0,0
2009-03-18,2.1582818031311035,3.0250000953674316,3.0250000953674316,3.0250000953674316,3.0250000953674316,1000
2009-03-19,2.1582818031311035,3.0250000953674316,3.0250000953674316,3.0250000953674316,3.0250000953674316,0
2009-03-20,2.1582818031311035,3.0250000953674316,3.0250000953674316,3.0250000953674316,3.0250000953674316,0
2009-03-23,2.1582818031311035,3.0250000953674316,3.0250000953674316,3.0250000953674316,3.0250000953674316,0
2009-03-24,2.1582818031311035,3.0250000953674316,3.0250000953674316,3.0250000953674316,3.0250000953674316,0
2009-03-25,2.1582818031311035,3.0250000953674316,3.0250000953674316,3.0250000953674316,3.0250000953674316,0
2009-03-26,2.1582818031311035,3.0250000953674316,3.0250000953674316,3.0250000953674316,3.0250000953674316,0
2009-03-27,2.1582818031311035,3.0250000953674316,3.0250000953674316,3.0250000953674316,3.0250000953674316,0
2009-03-30,2.1582818031311035,3.0250000953674316,3.0250000953674316,3.0250000953674316,3.0250000953674316,0
2009-03-31,2.2296297550201416,3.125,3.125,3.125,3.125,1800
2009-04-01,2.2296297550201416,3.125,3.125,3.125,3.125,0
2009-04-02,2.2296297550201416,3.125,3.125,3.125,3.125,0
2009-04-03,2.2296297550201416,3.125,3.125,3.125,3.125,0
2009-04-06,2.2296297550201416,3.125,3.125,3.125,3.125,0
2009-04-07,2.2296297550201416,3.125,3.125,3.125,3.125,0
2009-04-08,2.6755547523498535,3.75,3.75,3.75,3.75,800
2009-04-09,2.6755547523498535,3.75,3.75,3.75,3.75,0
2009-04-13,2.6755547523498535,3.75,3.75,3.75,3.75,0
2009-04-14,2.211792469024658,3.0999999046325684,3.25,2.875,2.875,56200
2009-04-15,2.211792469024658,3.0999999046325684,3.0999999046325684,3.0999999046325684,3.0999999046325684,1000
2009-04-16,2.211792469024658,3.0999999046325684,3.0999999046325684,3.0999999046325684,3.0999999046325684,0
2009-04-17,2.211792469024658,3.0999999046325684,3.0999999046325684,3.0999999046325684,3.0999999046325684,0
2009-04-20,2.211792469024658,3.0999999046325684,3.0999999046325684,3.0999999046325684,3.0999999046325684,0
2009-04-21,2.211792469024658,3.0999999046325684,3.0999999046325684,3.0999999046325684,3.0999999046325684,0
2009-04-22,2.3414735794067383,3.25,3.25,3.25,3.25,1000
2009-04-23,2.3414735794067383,3.25,3.25,3.25,3.25,0
2009-04-24,2.3414735794067383,3.25,3.25,3.25,3.25,600
2009-04-27,2.3414735794067383,3.25,3.25,3.25,3.25,200
2009-04-28,2.3414735794067383,3.25,3.25,3.25,3.25,0
2009-04-29,2.3414735794067383,3.25,3.25,3.25,3.25,0
2009-04-30,2.3414735794067383,3.25,3.25,3.25,3.25,0
2009-05-01,2.179372787475586,3.0250000953674316,3.0999999046325684,3.0250000953674316,3.0999999046325684,3200
2009-05-04,2.071303606033325,2.875,3.174999952316284,2.875,3.0250000953674316,4400
2009-05-05,2.107326030731201,2.924999952316284,2.924999952316284,2.924999952316284,2.924999952316284,200
2009-05-06,2.107326030731201,2.924999952316284,2.924999952316284,2.924999952316284,2.924999952316284,0
2009-05-07,2.107326030731201,2.924999952316284,2.924999952316284,2.924999952316284,2.924999952316284,0
2009-05-08,2.107326030731201,2.924999952316284,2.924999952316284,2.924999952316284,2.924999952316284,0
2009-05-11,2.107326030731201,2.924999952316284,2.924999952316284,2.924999952316284,2.924999952316284,0
2009-05-12,2.107326030731201,2.924999952316284,2.924999952316284,2.924999952316284,2.924999952316284,0
2009-05-13,2.3414735794067383,3.25,3.25,3.174999952316284,3.174999952316284,1600
2009-05-14,2.4315311908721924,3.375,3.375,3.25,3.25,6000
2009-05-15,2.701700448989868,3.75,3.75,3.375,3.375,3600
2009-05-18,2.4315311908721924,3.375,3.375,3.375,3.375,6600
2009-05-19,2.4315311908721924,3.375,3.375,3.375,3.375,0
2009-05-20,2.4315311908721924,3.375,3.375,3.375,3.375,0
2009-05-21,2.4315311908721924,3.375,3.375,3.375,3.375,0
2009-05-22,2.4315311908721924,3.375,3.375,3.375,3.375,0
2009-05-26,2.881814479827881,4.0,4.0,4.0,4.0,1600
2009-05-27,2.881814479827881,4.0,4.0,4.0,4.0,0
2009-05-28,2.881814479827881,4.0,4.0,4.0,4.0,0
2009-05-29,2.881814479827881,4.0,4.0,4.0,4.0,0
2009-06-01,2.881814479827881,4.0,4.0,4.0,4.0,0
2009-06-02,2.881814479827881,4.0,4.0,4.0,4.0,0
2009-06-03,2.881814479827881,4.0,4.0,4.0,4.0,1000
2009-06-04,2.881814479827881,4.0,4.0,4.0,4.0,0
2009-06-05,2.881814479827881,4.0,4.0,4.0,4.0,0
2009-06-08,2.881814479827881,4.0,4.0,4.0,4.0,0
2009-06-09,2.701700448989868,3.75,3.75,3.75,3.75,1200
2009-06-10,2.701700448989868,3.75,3.75,3.75,3.75,1200
2009-06-11,2.701700448989868,3.75,3.75,3.75,3.75,0
2009-06-12,2.701700448989868,3.75,3.75,3.75,3.75,0
2009-06-15,2.701700448989868,3.75,3.75,3.75,3.75,0
2009-06-16,2.701700448989868,3.75,3.75,3.75,3.75,0
2009-06-17,2.701700448989868,3.75,3.75,3.75,3.75,0
2009-06-18,2.701700448989868,3.75,3.75,3.75,3.75,0
2009-06-19,2.701700448989868,3.75,3.75,3.75,3.75,0
2009-06-22,2.701700448989868,3.75,3.75,3.75,3.75,0
2009-06-23,2.701700448989868,3.75,3.75,3.75,3.75,0
2009-06-24,2.4315311908721924,3.375,3.5,3.375,3.5,6000
2009-06-25,2.4315311908721924,3.375,3.375,3.375,3.375,0
2009-06-26,2.4315311908721924,3.375,3.375,3.375,3.375,0
2009-06-29,2.4315311908721924,3.375,3.375,3.375,3.375,0
2009-06-30,2.4315311908721924,3.375,3.375,3.375,3.375,0
2009-07-01,2.4315311908721924,3.375,3.375,3.375,3.375,0
2009-07-02,2.4315311908721924,3.375,3.375,3.375,3.375,0
2009-07-06,2.4315311908721924,3.375,3.375,3.375,3.375,0
2009-07-07,2.4315311908721924,3.375,3.375,3.375,3.375,0
2009-07-08,2.2694284915924072,3.1500000953674316,3.1500000953674316,3.1500000953674316,3.1500000953674316,1000
2009-07-09,2.2694284915924072,3.1500000953674316,3.1500000953674316,3.1500000953674316,3.1500000953674316,0
2009-07-10,2.2694284915924072,3.1500000953674316,3.1500000953674316,3.1500000953674316,3.1500000953674316,0
2009-07-13,2.2694284915924072,3.1500000953674316,3.1500000953674316,3.1500000953674316,3.1500000953674316,0
2009-07-14,2.2694284915924072,3.1500000953674316,3.1500000953674316,3.1500000953674316,3.1500000953674316,0
2009-07-15,2.5215871334075928,3.5,3.5,3.5,3.5,1800
2009-07-16,2.5215871334075928,3.5,3.5,3.5,3.5,0
2009-07-17,2.5215871334075928,3.5,3.5,3.5,3.5,0
2009-07-20,2.5433883666992188,3.5,3.5,3.5,3.5,0
2009-07-21,2.5433883666992188,3.5,3.5,3.5,3.5,0
2009-07-22,2.5433883666992188,3.5,3.5,3.5,3.5,0
2009-07-23,2.5433883666992188,3.5,3.5,3.5,3.5,0
2009-07-24,2.5433883666992188,3.5,3.5,3.5,3.5,0
2009-07-27,2.5433883666992188,3.5,3.5,3.5,3.5,0
2009-07-28,2.5433883666992188,3.5,3.5,3.5,3.5,0
2009-07-29,2.5433883666992188,3.5,3.5,3.5,3.5,0
2009-07-30,2.5433883666992188,3.5,3.5,3.5,3.5,0
2009-07-31,2.5433883666992188,3.5,3.5,3.5,3.5,0
2009-08-03,2.5433883666992188,3.5,3.5,3.5,3.5,0
2009-08-04,2.5433883666992188,3.5,3.5,3.5,3.5,0
2009-08-05,2.5433883666992188,3.5,3.5,3.5,3.5,0
2009-08-06,2.5433883666992188,3.5,3.5,3.5,3.5,0
2009-08-07,2.5433883666992188,3.5,3.5,3.5,3.5,0
2009-08-10,2.5433883666992188,3.5,3.5,3.5,3.5,0
2009-08-11,2.5433883666992188,3.5,3.5,3.5,3.5,0
2009-08-12,2.5433883666992188,3.5,3.5,3.5,3.5,0
2009-08-13,2.906728744506836,4.0,4.0,4.0,4.0,1400
2009-08-14,2.906728744506836,4.0,4.0,4.0,4.0,1200
2009-08-17,2.906728744506836,4.0,4.0,4.0,4.0,0
2009-08-18,2.906728744506836,4.0,4.0,4.0,4.0,0
2009-08-19,2.906728744506836,4.0,4.0,4.0,4.0,0
2009-08-20,2.906728744506836,4.0,4.0,4.0,4.0,0
2009-08-21,2.906728744506836,4.0,4.0,4.0,4.0,0
2009-08-24,2.906728744506836,4.0,4.0,4.0,4.0,0
2009-08-25,2.906728744506836,4.0,4.0,4.0,4.0,0
2009-08-26,2.906728744506836,4.0,4.0,4.0,4.0,0
2009-08-27,2.906728744506836,4.0,4.0,4.0,4.0,0
2009-08-28,2.906728744506836,4.0,4.0,4.0,4.0,0
2009-08-31,2.906728744506836,4.0,4.0,4.0,4.0,0
2009-09-01,2.906728744506836,4.0,4.0,4.0,4.0,0
2009-09-02,2.906728744506836,4.0,4.0,4.0,4.0,0
2009-09-03,2.906728744506836,4.0,4.0,4.0,4.0,0
2009-09-04,2.906728744506836,4.0,4.0,4.0,4.0,0
2009-09-08,2.906728744506836,4.0,4.0,4.0,4.0,0
2009-09-09,2.906728744506836,4.0,4.0,4.0,4.0,0
2009-09-10,2.906728744506836,4.0,4.0,4.0,4.0,0
2009-09-11,2.906728744506836,4.0,4.0,4.0,4.0,1000
2009-09-14,2.906728744506836,4.0,4.0,4.0,4.0,0
2009-09-15,2.8158934116363525,3.875,3.875,3.875,3.875,600
2009-09-16,2.8158934116363525,3.875,3.875,3.875,3.875,0
2009-09-17,2.8158934116363525,3.875,3.875,3.875,3.875,0
2009-09-18,2.906728744506836,4.0,4.0,4.0,4.0,400
2009-09-21,2.906728744506836,4.0,4.0,4.0,4.0,0
2009-09-22,2.906728744506836,4.0,4.0,4.0,4.0,0
2009-09-23,2.906728744506836,4.0,4.0,4.0,4.0,0
2009-09-24,2.906728744506836,4.0,4.0,4.0,4.0,0
2009-09-25,2.906728744506836,4.0,4.0,4.0,4.0,0
2009-09-28,2.906728744506836,4.0,4.0,4.0,4.0,0
2009-09-29,2.906728744506836,4.0,4.0,4.0,4.0,0
2009-09-30,2.906728744506836,4.0,4.0,4.0,4.0,0
2009-10-01,2.906728744506836,4.0,4.0,4.0,4.0,0
2009-10-02,2.906728744506836,4.0,4.0,4.0,4.0,0
2009-10-05,2.906728744506836,4.0,4.0,4.0,4.0,0
2009-10-06,2.906728744506836,4.0,4.0,4.0,4.0,0
2009-10-07,2.906728744506836,4.0,4.0,4.0,4.0,0
2009-10-08,2.906728744506836,4.0,4.0,4.0,4.0,0
2009-10-09,2.906728744506836,4.0,4.0,4.0,4.0,0
2009-10-12,2.906728744506836,4.0,4.0,4.0,4.0,0
2009-10-13,2.906728744506836,4.0,4.0,4.0,4.0,0
2009-10-14,2.906728744506836,4.0,4.0,4.0,4.0,0
2009-10-15,2.906728744506836,4.0,4.0,4.0,4.0,0
2009-10-16,2.906728744506836,4.0,4.0,4.0,4.0,4000
2009-10-19,2.906728744506836,4.0,4.0,4.0,4.0,0
2009-10-20,2.906728744506836,4.0,4.0,4.0,4.0,0
2009-10-21,2.906728744506836,4.0,4.0,4.0,4.0,0
2009-10-22,2.928694248199463,4.0,4.0,4.0,4.0,2400
2009-10-23,3.2947816848754883,4.5,4.5,4.5,4.5,400
2009-10-26,2.7090423107147217,3.700000047683716,4.0,3.700000047683716,4.0,3200
2009-10-27,2.7090423107147217,3.700000047683716,3.700000047683716,3.700000047683716,3.700000047683716,0
2009-10-28,2.837172746658325,3.875,4.125,3.875,4.125,4000
2009-10-29,2.837172746658325,3.875,3.875,3.875,3.875,0
2009-10-30,2.837172746658325,3.875,3.875,3.875,3.875,0
2009-11-02,2.837172746658325,3.875,3.875,3.875,3.875,0
2009-11-03,3.0202157497406006,4.125,4.125,3.8499999046325684,3.8499999046325684,600
2009-11-04,3.0202157497406006,4.125,4.125,4.125,4.125,0
2009-11-05,3.0202157497406006,4.125,4.125,4.125,4.125,0
2009-11-06,3.056823492050171,4.175000190734863,4.175000190734863,4.175000190734863,4.175000190734863,6000
2009-11-09,3.056823492050171,4.175000190734863,4.175000190734863,4.175000190734863,4.175000190734863,0
2009-11-10,3.056823492050171,4.175000190734863,4.175000190734863,4.175000190734863,4.175000190734863,0
2009-11-11,3.056823492050171,4.175000190734863,4.175000190734863,4.175000190734863,4.175000190734863,0
2009-11-12,3.056823492050171,4.175000190734863,4.175000190734863,4.175000190734863,4.175000190734863,0
2009-11-13,2.9653024673461914,4.050000190734863,4.050000190734863,4.050000190734863,4.050000190734863,2600
2009-11-16,2.9653024673461914,4.050000190734863,4.050000190734863,4.050000190734863,4.050000190734863,0
2009-11-17,2.9653024673461914,4.050000190734863,4.050000190734863,4.050000190734863,4.050000190734863,0
2009-11-18,2.9653024673461914,4.050000190734863,4.050000190734863,4.050000190734863,4.050000190734863,0
2009-11-19,2.9653024673461914,4.050000190734863,4.050000190734863,4.050000190734863,4.050000190734863,0
2009-11-20,2.9653024673461914,4.050000190734863,4.050000190734863,4.050000190734863,4.050000190734863,0
2009-11-23,3.2764761447906494,4.474999904632568,4.474999904632568,4.474999904632568,4.474999904632568,1400
2009-11-24,3.2764761447906494,4.474999904632568,4.474999904632568,4.474999904632568,4.474999904632568,0
2009-11-25,3.2764761447906494,4.474999904632568,4.474999904632568,4.474999904632568,4.474999904632568,0
2009-11-27,3.2764761447906494,4.474999904632568,4.474999904632568,4.474999904632568,4.474999904632568,0
2009-11-30,3.2764761447906494,4.474999904632568,4.474999904632568,4.474999904632568,4.474999904632568,0
2009-12-01,3.2764761447906494,4.474999904632568,4.474999904632568,4.474999904632568,4.474999904632568,0
2009-12-02,3.2764761447906494,4.474999904632568,4.474999904632568,4.474999904632568,4.474999904632568,0
2009-12-03,3.2764761447906494,4.474999904632568,4.474999904632568,4.474999904632568,4.474999904632568,0
2009-12-04,3.2764761447906494,4.474999904632568,4.474999904632568,4.474999904632568,4.474999904632568,0
2009-12-07,3.2764761447906494,4.474999904632568,4.474999904632568,4.474999904632568,4.474999904632568,0
2009-12-08,3.258172035217285,4.449999809265137,4.449999809265137,4.275000095367432,4.375,2000
2009-12-09,3.258172035217285,4.449999809265137,4.449999809265137,4.449999809265137,4.449999809265137,0
2009-12-10,3.258172035217285,4.449999809265137,4.449999809265137,4.449999809265137,4.449999809265137,0
2009-12-11,3.258172035217285,4.449999809265137,4.449999809265137,4.449999809265137,4.449999809265137,0
2009-12-14,3.258172035217285,4.449999809265137,4.449999809265137,4.449999809265137,4.449999809265137,0
2009-12-15,3.258172035217285,4.449999809265137,4.449999809265137,4.449999809265137,4.449999809265137,0
2009-12-16,3.258172035217285,4.449999809265137,4.449999809265137,4.449999809265137,4.449999809265137,0
2009-12-17,3.258172035217285,4.449999809265137,4.449999809265137,4.449999809265137,4.449999809265137,0
2009-12-18,3.258172035217285,4.449999809265137,4.449999809265137,4.449999809265137,4.449999809265137,0
2009-12-21,3.258172035217285,4.449999809265137,4.449999809265137,4.449999809265137,4.449999809265137,0
2009-12-22,3.258172035217285,4.449999809265137,4.449999809265137,4.449999809265137,4.449999809265137,0
2009-12-23,3.258172035217285,4.449999809265137,4.449999809265137,4.449999809265137,4.449999809265137,0
2009-12-24,3.258172035217285,4.449999809265137,4.449999809265137,4.449999809265137,4.449999809265137,0
2009-12-28,3.2947816848754883,4.5,4.5,4.5,4.5,1000
2009-12-29,3.2947816848754883,4.5,4.5,4.5,4.5,0
2009-12-30,3.2947816848754883,4.5,4.5,4.5,4.5,0
2009-12-31,3.2947816848754883,4.5,4.5,4.5,4.5,400
2010-01-04,3.2947816848754883,4.5,4.5,4.5,4.5,0
2010-01-05,3.1300418376922607,4.275000095367432,4.275000095367432,4.275000095367432,4.275000095367432,1000
2010-01-06,2.7456510066986084,3.75,3.7750000953674316,3.75,3.7750000953674316,1600
2010-01-07,2.782258987426758,3.799999952316284,3.799999952316284,3.799999952316284,3.799999952316284,600
2010-01-08,2.782258987426758,3.799999952316284,3.799999952316284,3.799999952316284,3.799999952316284,0
2010-01-11,2.782258987426758,3.799999952316284,3.799999952316284,3.799999952316284,3.799999952316284,0
2010-01-12,2.782258987426758,3.799999952316284,3.799999952316284,3.799999952316284,3.799999952316284,0
2010-01-13,2.782258987426758,3.799999952316284,3.799999952316284,3.799999952316284,3.799999952316284,0
2010-01-14,2.782258987426758,3.799999952316284,3.799999952316284,3.799999952316284,3.799999952316284,0
2010-01-15,2.928694248199463,4.0,4.0,4.0,4.0,2000
2010-01-19,3.1117374897003174,4.25,4.25,4.25,4.25,200
2010-01-20,3.1117374897003174,4.25,4.25,4.25,4.25,0
2010-01-21,3.1338589191436768,4.25,4.25,4.25,4.25,0
2010-01-22,3.1338589191436768,4.25,4.25,4.25,4.25,0
2010-01-25,3.1338589191436768,4.25,4.25,4.25,4.25,0
2010-01-26,3.1338589191436768,4.25,4.25,4.25,4.25,0
2010-01-27,3.1338589191436768,4.25,4.25,4.25,4.25,0
2010-01-28,3.1338589191436768,4.25,4.25,4.25,4.25,0
2010-01-29,3.1338589191436768,4.25,4.25,4.25,4.25,0
2010-02-01,3.1338589191436768,4.25,4.25,4.25,4.25,0
2010-02-02,3.1338589191436768,4.25,4.25,4.25,4.25,0
2010-02-03,3.1338589191436768,4.25,4.25,4.25,4.25,0
2010-02-04,3.1338589191436768,4.25,4.25,4.25,4.25,0
2010-02-05,3.1338589191436768,4.25,4.25,4.25,4.25,0
2010-02-08,3.1338589191436768,4.25,4.25,4.25,4.25,0
2010-02-09,3.1338589191436768,4.25,4.25,4.25,4.25,0
2010-02-10,3.1338589191436768,4.25,4.25,4.25,4.25,0
2010-02-11,3.1338589191436768,4.25,4.25,4.25,4.25,0
2010-02-12,3.1338589191436768,4.25,4.25,4.25,4.25,0
2010-02-16,3.1338589191436768,4.25,4.25,4.25,4.25,0
2010-02-17,3.1338589191436768,4.25,4.25,4.25,4.25,0
2010-02-18,3.1338589191436768,4.25,4.25,4.25,4.25,0
2010-02-19,3.1338589191436768,4.25,4.25,4.25,4.25,0
2010-02-22,3.1338589191436768,4.25,4.25,4.25,4.25,0
2010-02-23,3.1338589191436768,4.25,4.25,4.25,4.25,0
2010-02-24,3.1338589191436768,4.25,4.25,4.25,4.25,0
2010-02-25,3.1338589191436768,4.25,4.25,4.25,4.25,0
2010-02-26,3.1338589191436768,4.25,4.25,4.25,4.25,0
2010-03-01,3.1338589191436768,4.25,4.25,4.25,4.25,0
2010-03-02,3.1338589191436768,4.25,4.25,4.25,4.25,0
2010-03-03,3.1338589191436768,4.25,4.25,4.25,4.25,0
2010-03-04,3.1338589191436768,4.25,4.25,4.25,4.25,0
2010-03-05,3.1338589191436768,4.25,4.25,4.25,4.25,0
2010-03-08,3.1338589191436768,4.25,4.25,4.25,4.25,0
2010-03-09,3.1338589191436768,4.25,4.25,4.25,4.25,2000
2010-03-10,3.1338589191436768,4.25,4.25,4.25,4.25,1000
2010-03-11,3.1338589191436768,4.25,4.25,4.25,4.25,0
2010-03-12,3.1338589191436768,4.25,4.25,4.25,4.25,0
2010-03-15,3.1338589191436768,4.25,4.25,4.25,4.25,0
2010-03-16,3.1338589191436768,4.25,4.25,4.25,4.25,1000
2010-03-17,3.1338589191436768,4.25,4.25,4.25,4.25,0
2010-03-18,3.1338589191436768,4.25,4.25,4.25,4.25,0
2010-03-19,3.1338589191436768,4.25,4.25,4.25,4.25,1000
2010-03-22,3.1338589191436768,4.25,4.25,4.25,4.25,0
2010-03-23,3.1338589191436768,4.25,4.25,4.25,4.25,0
2010-03-24,3.1338589191436768,4.25,4.25,4.25,4.25,400
2010-03-25,3.1338589191436768,4.25,4.25,4.25,4.25,0
2010-03-26,3.1338589191436768,4.25,4.25,4.25,4.25,0
2010-03-29,3.1338589191436768,4.25,4.25,4.25,4.25,0
2010-03-30,3.1338589191436768,4.25,4.25,4.25,4.25,0
2010-03-31,3.1338589191436768,4.25,4.25,4.25,4.25,0
2010-04-01,3.1338589191436768,4.25,4.25,4.25,4.25,0
2010-04-05,3.1338589191436768,4.25,4.25,4.25,4.25,0
2010-04-06,3.1338589191436768,4.25,4.25,4.25,4.25,5600
2010-04-07,3.1338589191436768,4.25,4.25,4.25,4.25,400
2010-04-08,3.1338589191436768,4.25,4.25,4.25,4.25,0
2010-04-09,3.1338589191436768,4.25,4.25,4.25,4.25,0
2010-04-12,3.1338589191436768,4.25,4.25,4.25,4.25,2000
2010-04-13,3.1338589191436768,4.25,4.25,4.25,4.25,0
2010-04-14,3.1338589191436768,4.25,4.25,4.25,4.25,800
2010-04-15,3.1338589191436768,4.25,4.25,4.25,4.25,800
2010-04-16,3.1338589191436768,4.25,4.25,4.25,4.25,0
2010-04-19,3.1338589191436768,4.25,4.25,4.25,4.25,0
2010-04-20,3.1338589191436768,4.25,4.25,4.25,4.25,0
2010-04-21,3.1338589191436768,4.25,4.25,4.25,4.25,0
2010-04-22,3.1561367511749268,4.25,4.25,4.25,4.25,0
2010-04-23,3.1190059185028076,4.199999809265137,4.199999809265137,4.199999809265137,4.199999809265137,600
2010-04-26,3.1190059185028076,4.199999809265137,4.199999809265137,4.199999809265137,4.199999809265137,0
2010-04-27,3.1190059185028076,4.199999809265137,4.199999809265137,4.199999809265137,4.199999809265137,0
2010-04-28,3.1190059185028076,4.199999809265137,4.199999809265137,4.199999809265137,4.199999809265137,0
2010-04-29,3.1561367511749268,4.25,4.25,4.199999809265137,4.199999809265137,2200
2010-04-30,3.1561367511749268,4.25,4.25,4.25,4.25,400
2010-05-03,3.1561367511749268,4.25,4.25,4.25,4.25,0
2010-05-04,3.1561367511749268,4.25,4.25,4.25,4.25,0
2010-05-05,3.1561367511749268,4.25,4.25,4.25,4.25,0
2010-05-06,3.1561367511749268,4.25,4.25,4.25,4.25,0
2010-05-07,2.985334873199463,4.019999980926514,4.019999980926514,4.019999980926514,4.019999980926514,200
2010-05-10,2.985334873199463,4.019999980926514,4.019999980926514,4.019999980926514,4.019999980926514,0
2010-05-11,2.985334873199463,4.019999980926514,4.019999980926514,4.019999980926514,4.019999980926514,0
2010-05-12,2.985334873199463,4.019999980926514,4.019999980926514,4.019999980926514,4.019999980926514,0
2010-05-13,3.1561367511749268,4.25,4.25,4.25,4.25,2000
2010-05-14,3.1747021675109863,4.275000095367432,4.375,4.275000095367432,4.375,800
2010-05-17,3.341792583465576,4.5,4.5,4.5,4.5,800
2010-05-18,3.341792583465576,4.5,4.5,4.5,4.5,0
2010-05-19,3.341792583465576,4.5,4.5,4.5,4.5,0
2010-05-20,3.341792583465576,4.5,4.5,4.5,4.5,0
2010-05-21,3.341792583465576,4.5,4.5,4.5,4.5,3000
2010-05-24,3.341792583465576,4.5,4.5,4.5,4.5,0
2010-05-25,3.341792583465576,4.5,4.5,4.5,4.5,0
2010-05-26,3.341792583465576,4.5,4.5,4.5,4.5,0
2010-05-27,3.341792583465576,4.5,4.5,4.5,4.5,0
2010-05-28,3.341792583465576,4.5,4.5,4.5,4.5,0
2010-06-01,3.341792583465576,4.5,4.5,4.5,4.5,0
2010-06-02,3.341792583465576,4.5,4.5,4.5,4.5,0
2010-06-03,3.341792583465576,4.5,4.5,4.5,4.5,0
2010-06-04,3.341792583465576,4.5,4.5,4.5,4.5,0
2010-06-07,3.341792583465576,4.5,4.5,4.5,4.5,0
2010-06-08,3.341792583465576,4.5,4.5,4.5,4.5,0
2010-06-09,3.341792583465576,4.5,4.5,4.5,4.5,0
2010-06-10,3.341792583465576,4.5,4.5,4.5,4.5,0
2010-06-11,3.341792583465576,4.5,4.5,4.5,4.5,0
2010-06-14,3.341792583465576,4.5,4.5,4.5,4.5,0
2010-06-15,3.341792583465576,4.5,4.5,4.5,4.5,0
2010-06-16,3.341792583465576,4.5,4.5,4.5,4.5,0
2010-06-17,3.341792583465576,4.5,4.5,4.5,4.5,0
2010-06-18,3.341792583465576,4.5,4.5,4.5,4.5,0
2010-06-21,3.341792583465576,4.5,4.5,4.5,4.5,0
2010-06-22,3.341792583465576,4.5,4.5,4.5,4.5,0
2010-06-23,3.341792583465576,4.5,4.5,4.5,4.5,0
2010-06-24,3.341792583465576,4.5,4.5,4.5,4.5,0
2010-06-25,2.970482110977173,4.0,4.0,4.0,4.0,5800
2010-06-28,2.970482110977173,4.0,4.0,4.0,4.0,0
2010-06-29,2.970482110977173,4.0,4.0,4.0,4.0,1600
2010-06-30,2.970482110977173,4.0,4.0,4.0,4.0,0
2010-07-01,2.970482110977173,4.0,4.0,4.0,4.0,0
2010-07-02,2.970482110977173,4.0,4.0,4.0,4.0,0
2010-07-06,2.970482110977173,4.0,4.0,4.0,4.0,0
2010-07-07,2.970482110977173,4.0,4.0,4.0,4.0,0
2010-07-08,2.859088659286499,3.8499999046325684,4.0,3.8499999046325684,4.0,400
2010-07-09,2.859088659286499,3.8499999046325684,3.8499999046325684,3.8499999046325684,3.8499999046325684,0
2010-07-12,2.859088659286499,3.8499999046325684,3.8499999046325684,3.8499999046325684,3.8499999046325684,0
2010-07-13,2.859088659286499,3.8499999046325684,3.8499999046325684,3.8499999046325684,3.8499999046325684,0
2010-07-14,2.859088659286499,3.8499999046325684,3.8499999046325684,3.8499999046325684,3.8499999046325684,0
2010-07-15,2.859088659286499,3.8499999046325684,3.8499999046325684,3.8499999046325684,3.8499999046325684,0
2010-07-16,2.859088659286499,3.8499999046325684,3.8499999046325684,3.8499999046325684,3.8499999046325684,0
2010-07-19,2.859088659286499,3.8499999046325684,3.8499999046325684,3.8499999046325684,3.8499999046325684,0
2010-07-20,2.859088659286499,3.8499999046325684,3.8499999046325684,3.8499999046325684,3.8499999046325684,0
2010-07-21,2.859088659286499,3.8499999046325684,3.8499999046325684,3.8499999046325684,3.8499999046325684,0
2010-07-22,3.3306148052215576,4.449999809265137,4.449999809265137,4.449999809265137,4.449999809265137,200
2010-07-23,3.3306148052215576,4.449999809265137,4.449999809265137,4.449999809265137,4.449999809265137,0
2010-07-26,3.3306148052215576,4.449999809265137,4.449999809265137,4.449999809265137,4.449999809265137,0
2010-07-27,3.3306148052215576,4.449999809265137,4.449999809265137,4.449999809265137,4.449999809265137,0
2010-07-28,3.3306148052215576,4.449999809265137,4.449999809265137,4.449999809265137,4.449999809265137,0
2010-07-29,3.3306148052215576,4.449999809265137,4.449999809265137,4.449999809265137,4.449999809265137,0
2010-07-30,3.3306148052215576,4.449999809265137,4.449999809265137,4.449999809265137,4.449999809265137,0
2010-08-02,3.3306148052215576,4.449999809265137,4.449999809265137,4.449999809265137,4.449999809265137,0
2010-08-03,3.3306148052215576,4.449999809265137,4.449999809265137,4.449999809265137,4.449999809265137,0
2010-08-04,3.4615941047668457,4.625,4.625,4.625,4.625,1400
2010-08-05,3.5551493167877197,4.75,4.945000171661377,4.75,4.945000171661377,6800
2010-08-06,3.5551493167877197,4.75,4.75,4.75,4.75,0
2010-08-09,3.5551493167877197,4.75,4.75,4.75,4.75,0
2010-08-10,3.5551493167877197,4.75,4.75,4.75,4.75,0
2010-08-11,3.749749183654785,5.010000228881836,5.010000228881836,4.75,4.994999885559082,9400
2010-08-12,3.749749183654785,5.010000228881836,5.010000228881836,5.010000228881836,5.010000228881836,0
2010-08-13,3.7422640323638916,5.0,5.0,5.0,5.0,400
2010-08-16,3.7422640323638916,5.0,5.0,5.0,5.0,0
2010-08-17,3.368036985397339,4.5,4.5,4.5,4.5,1000
2010-08-18,3.7235515117645264,4.974999904632568,4.974999904632568,4.974999904632568,4.974999904632568,1000
2010-08-19,3.7235515117645264,4.974999904632568,4.974999904632568,4.974999904632568,4.974999904632568,0
2010-08-20,3.6299965381622314,4.849999904632568,4.849999904632568,4.849999904632568,4.849999904632568,4000
2010-08-23,3.6299965381622314,4.849999904632568,4.849999904632568,4.849999904632568,4.849999904632568,0
2010-08-24,3.6299965381622314,4.849999904632568,4.849999904632568,4.849999904632568,4.849999904632568,0
2010-08-25,3.6299965381622314,4.849999904632568,4.849999904632568,4.849999904632568,4.849999904632568,0
2010-08-26,3.6299965381622314,4.849999904632568,4.849999904632568,4.849999904632568,4.849999904632568,0
2010-08-27,3.6299965381622314,4.849999904632568,4.849999904632568,4.849999904632568,4.849999904632568,0
2010-08-30,3.6299965381622314,4.849999904632568,4.849999904632568,4.849999904632568,4.849999904632568,0
2010-08-31,3.6299965381622314,4.849999904632568,4.849999904632568,4.849999904632568,4.849999904632568,0
2010-09-01,3.6299965381622314,4.849999904632568,4.849999904632568,4.849999904632568,4.849999904632568,0
2010-09-02,3.6299965381622314,4.849999904632568,4.849999904632568,4.849999904632568,4.849999904632568,0
2010-09-03,3.6299965381622314,4.849999904632568,4.849999904632568,4.849999904632568,4.849999904632568,0
2010-09-07,3.6299965381622314,4.849999904632568,4.849999904632568,4.849999904632568,4.849999904632568,0
2010-09-08,3.6299965381622314,4.849999904632568,4.849999904632568,4.849999904632568,4.849999904632568,0
2010-09-09,3.6299965381622314,4.849999904632568,4.849999904632568,4.849999904632568,4.849999904632568,0
2010-09-10,3.6299965381622314,4.849999904632568,4.849999904632568,4.849999904632568,4.849999904632568,0
2010-09-13,3.6299965381622314,4.849999904632568,4.849999904632568,4.849999904632568,4.849999904632568,0
2010-09-14,3.6299965381622314,4.849999904632568,4.849999904632568,4.849999904632568,4.849999904632568,0
2010-09-15,3.6299965381622314,4.849999904632568,4.849999904632568,4.849999904632568,4.849999904632568,0
2010-09-16,3.274479866027832,4.375,4.375,4.375,4.375,1000
2010-09-17,3.274479866027832,4.375,4.375,4.375,4.375,0
2010-09-20,3.274479866027832,4.375,4.375,4.375,4.375,0
2010-09-21,3.274479866027832,4.375,4.375,4.375,4.375,0
2010-09-22,3.274479866027832,4.375,4.375,4.375,4.375,0
2010-09-23,3.536438465118408,4.724999904632568,4.724999904632568,4.724999904632568,4.724999904632568,800
2010-09-24,3.536438465118408,4.724999904632568,4.724999904632568,4.724999904632568,4.724999904632568,0
2010-09-27,3.536438465118408,4.724999904632568,4.724999904632568,4.724999904632568,4.724999904632568,0
2010-09-28,3.536438465118408,4.724999904632568,4.724999904632568,4.724999904632568,4.724999904632568,0
2010-09-29,3.536438465118408,4.724999904632568,4.724999904632568,4.724999904632568,4.724999904632568,0
2010-09-30,3.536438465118408,4.724999904632568,4.724999904632568,4.724999904632568,4.724999904632568,0
2010-10-01,3.536438465118408,4.724999904632568,4.724999904632568,4.724999904632568,4.724999904632568,0
2010-10-04,3.536438465118408,4.724999904632568,4.724999904632568,4.724999904632568,4.724999904632568,0
2010-10-05,3.274479866027832,4.375,4.724999904632568,4.375,4.724999904632568,3600
2010-10-06,3.274479866027832,4.375,4.375,4.375,4.375,0
2010-10-07,3.274479866027832,4.375,4.375,4.375,4.375,0
2010-10-08,3.274479866027832,4.375,4.375,4.375,4.375,0
2010-10-11,3.536438465118408,4.724999904632568,4.724999904632568,4.724999904632568,4.724999904632568,1400
2010-10-12,3.536438465118408,4.724999904632568,4.724999904632568,4.724999904632568,4.724999904632568,0
2010-10-13,3.536438465118408,4.724999904632568,4.724999904632568,4.724999904632568,4.724999904632568,0
2010-10-14,3.3867478370666504,4.525000095367432,4.525000095367432,4.525000095367432,4.525000095367432,400
2010-10-15,3.3867478370666504,4.525000095367432,4.525000095367432,4.525000095367432,4.525000095367432,0
2010-10-18,3.3867478370666504,4.525000095367432,4.525000095367432,4.525000095367432,4.525000095367432,0
2010-10-19,3.3867478370666504,4.525000095367432,4.525000095367432,4.525000095367432,4.525000095367432,0
2010-10-20,3.3867478370666504,4.525000095367432,4.525000095367432,4.525000095367432,4.525000095367432,0
2010-10-21,3.4093501567840576,4.525000095367432,4.525000095367432,4.525000095367432,4.525000095367432,0
2010-10-22,3.4093501567840576,4.525000095367432,4.525000095367432,4.525000095367432,4.525000095367432,0
2010-10-25,3.4093501567840576,4.525000095367432,4.525000095367432,4.525000095367432,4.525000095367432,0
2010-10-26,3.6353864669799805,4.824999809265137,4.824999809265137,4.724999904632568,4.724999904632568,2800
2010-10-27,3.6353864669799805,4.824999809265137,4.824999809265137,4.824999809265137,4.824999809265137,0
2010-10-28,3.6353864669799805,4.824999809265137,4.824999809265137,4.824999809265137,4.824999809265137,0
2010-10-29,3.6353864669799805,4.824999809265137,4.824999809265137,4.824999809265137,4.824999809265137,0
2010-11-01,3.6353864669799805,4.824999809265137,4.824999809265137,4.824999809265137,4.824999809265137,0
2010-11-02,3.6353864669799805,4.824999809265137,4.824999809265137,4.824999809265137,4.824999809265137,0
2010-11-03,3.6542232036590576,4.849999904632568,4.849999904632568,4.75,4.75,1800
2010-11-04,3.6542232036590576,4.849999904632568,4.849999904632568,4.849999904632568,4.849999904632568,0
2010-11-05,3.6542232036590576,4.849999904632568,4.849999904632568,4.849999904632568,4.849999904632568,0
2010-11-08,3.428187608718872,4.550000190734863,4.550000190734863,4.550000190734863,4.550000190734863,400
2010-11-09,3.7107317447662354,4.925000190734863,4.925000190734863,4.875,4.875,1000
2010-11-10,3.80491042137146,5.050000190734863,5.050000190734863,5.050000190734863,5.050000190734863,400
2010-11-11,3.80491042137146,5.050000190734863,5.050000190734863,5.050000190734863,5.050000190734863,0
2010-11-12,3.80491042137146,5.050000190734863,5.050000190734863,5.050000190734863,5.050000190734863,0
2010-11-15,3.80491042137146,5.050000190734863,5.050000190734863,5.050000190734863,5.050000190734863,0
2010-11-16,3.80491042137146,5.050000190734863,5.050000190734863,5.050000190734863,5.050000190734863,0
2010-11-17,3.80491042137146,5.050000190734863,5.050000190734863,5.050000190734863,5.050000190734863,0
2010-11-18,3.80491042137146,5.050000190734863,5.050000190734863,5.050000190734863,5.050000190734863,0
2010-11-19,3.7898426055908203,5.03000020980835,5.03000020980835,5.03000020980835,5.03000020980835,800
2010-11-22,3.7898426055908203,5.03000020980835,5.03000020980835,5.03000020980835,5.03000020980835,0
2010-11-23,3.7898426055908203,5.03000020980835,5.03000020980835,5.03000020980835,5.03000020980835,0
2010-11-24,3.7898426055908203,5.03000020980835,5.03000020980835,5.03000020980835,5.03000020980835,0
2010-11-26,3.7898426055908203,5.03000020980835,5.03000020980835,5.03000020980835,5.03000020980835,0
2010-11-29,3.7898426055908203,5.03000020980835,5.03000020980835,5.03000020980835,5.03000020980835,0
2010-11-30,3.7898426055908203,5.03000020980835,5.03000020980835,5.03000020980835,5.03000020980835,0
2010-12-01,3.7898426055908203,5.03000020980835,5.03000020980835,5.03000020980835,5.03000020980835,0
2010-12-02,3.7898426055908203,5.03000020980835,5.03000020980835,5.03000020980835,5.03000020980835,0
2010-12-03,3.7898426055908203,5.03000020980835,5.03000020980835,5.03000020980835,5.03000020980835,0
2010-12-06,3.7898426055908203,5.03000020980835,5.03000020980835,5.03000020980835,5.03000020980835,0
2010-12-07,3.7898426055908203,5.03000020980835,5.03000020980835,5.03000020980835,5.03000020980835,0
2010-12-08,3.767240047454834,5.0,5.0,5.0,5.0,600
2010-12-09,3.767240047454834,5.0,5.0,5.0,5.0,400
2010-12-10,3.752169370651245,4.980000019073486,5.0,4.980000019073486,5.0,800
2010-12-13,3.752169370651245,4.980000019073486,4.980000019073486,4.980000019073486,4.980000019073486,0
2010-12-14,3.752169370651245,4.980000019073486,4.980000019073486,4.980000019073486,4.980000019073486,0
2010-12-15,3.752169370651245,4.980000019073486,4.980000019073486,4.980000019073486,4.980000019073486,0
2010-12-16,3.752169370651245,4.980000019073486,4.980000019073486,4.980000019073486,4.980000019073486,0
2010-12-17,3.752169370651245,4.980000019073486,4.980000019073486,4.980000019073486,4.980000019073486,0
2010-12-20,3.767240047454834,5.0,5.0,5.0,5.0,5000
2010-12-21,3.767240047454834,5.0,5.0,5.0,5.0,0
2010-12-22,4.332324981689453,5.75,5.800000190734863,5.625,5.630000114440918,597600
2010-12-23,4.294653415679932,5.699999809265137,5.75,5.675000190734863,5.704999923706055,268200
2010-12-27,4.321023941040039,5.735000133514404,5.989999771118164,5.704999923706055,5.989999771118164,133200
2010-12-28,4.324790000915527,5.739999771118164,5.75,5.739999771118164,5.739999771118164,51800
2010-12-29,4.407670497894287,5.849999904632568,5.849999904632568,5.625,5.625,44600
2010-12-30,4.520688056945801,6.0,6.0,5.925000190734863,5.925000190734863,11600
2010-12-31,4.332324981689453,5.75,6.099999904632568,5.699999809265137,5.699999809265137,4200
2011-01-03,4.464179992675781,5.925000190734863,5.925000190734863,5.880000114440918,5.900000095367432,25600
2011-01-04,4.558359622955322,6.050000190734863,6.125,5.985000133514404,5.989999771118164,67000
2011-01-05,4.57719612121582,6.074999809265137,6.375,6.050000190734863,6.125,8400
2011-01-06,4.592264652252197,6.09499979019165,6.199999809265137,6.074999809265137,6.199999809265137,3600
2011-01-07,4.614868640899658,6.125,6.195000171661377,6.125,6.125,17600
2011-01-10,4.614868640899658,6.125,6.125,6.125,6.125,0
2011-01-11,4.614868640899658,6.125,6.125,6.125,6.125,19600
2011-01-12,4.57719612121582,6.074999809265137,6.175000190734863,6.074999809265137,6.099999904632568,21400
2011-01-13,4.596031188964844,6.099999904632568,6.105000019073486,6.079999923706055,6.079999923706055,5600
2011-01-14,4.57719612121582,6.074999809265137,6.074999809265137,6.074999809265137,6.074999809265137,3000
2011-01-18,4.57719612121582,6.074999809265137,6.150000095367432,6.0,6.0,11400
2011-01-19,4.596031188964844,6.099999904632568,6.099999904632568,6.074999809265137,6.074999809265137,2200
2011-01-20,4.656607151031494,6.150000095367432,6.150000095367432,5.949999809265137,5.974999904632568,25000
2011-01-21,4.592245578765869,6.065000057220459,6.175000190734863,6.065000057220459,6.099999904632568,15000
2011-01-24,4.649033546447754,6.139999866485596,6.139999866485596,6.139999866485596,6.139999866485596,200
2011-01-25,4.554388523101807,6.014999866485596,6.114999771118164,6.014999866485596,6.014999866485596,2800
2011-01-26,4.6452484130859375,6.135000228881836,6.135000228881836,6.0,6.0,22600
2011-01-27,4.675535202026367,6.175000190734863,6.175000190734863,6.125,6.125,45400
2011-01-28,4.732323169708252,6.25,6.25,6.179999828338623,6.179999828338623,51400
2011-01-31,4.7133941650390625,6.224999904632568,6.224999904632568,6.224999904632568,6.224999904632568,6400
2011-02-01,4.823184490203857,6.369999885559082,6.369999885559082,6.159999847412109,6.159999847412109,4000
2011-02-02,4.826969623565674,6.375,6.375,6.375,6.375,1000
2011-02-03,4.826969623565674,6.375,6.375,6.375,6.375,0
2011-02-04,4.826969623565674,6.375,6.375,6.375,6.375,1600
2011-02-07,4.804254055023193,6.34499979019165,6.375,6.34499979019165,6.375,5000
2011-02-08,4.826969623565674,6.375,6.375,6.375,6.375,2000
2011-02-09,4.826969623565674,6.375,6.375,6.375,6.375,0
2011-02-10,4.770183563232422,6.300000190734863,6.300000190734863,6.260000228881836,6.260000228881836,800
2011-02-11,4.8799729347229,6.445000171661377,6.445000171661377,6.255000114440918,6.300000190734863,3800
2011-02-14,4.808040618896484,6.349999904632568,6.349999904632568,6.300000190734863,6.300000190734863,2400
2011-02-15,4.845900058746338,6.400000095367432,6.400000095367432,6.300000190734863,6.300000190734863,3600
2011-02-16,4.864828109741211,6.425000190734863,6.445000171661377,6.349999904632568,6.445000171661377,2400
2011-02-17,4.8799729347229,6.445000171661377,6.445000171661377,6.445000171661377,6.445000171661377,2000
2011-02-18,5.035191535949707,6.650000095367432,6.650000095367432,6.639999866485596,6.639999866485596,600
2011-02-22,4.9973320960998535,6.599999904632568,6.599999904632568,6.599999904632568,6.599999904632568,200
2011-02-23,4.9973320960998535,6.599999904632568,6.599999904632568,6.599999904632568,6.599999904632568,0
2011-02-24,4.9973320960998535,6.599999904632568,6.599999904632568,6.599999904632568,6.599999904632568,2800
2011-02-25,4.9973320960998535,6.599999904632568,6.599999904632568,6.599999904632568,6.599999904632568,2600
2011-02-28,4.9973320960998535,6.599999904632568,6.599999904632568,6.599999904632568,6.599999904632568,1400
2011-03-01,4.9973320960998535,6.599999904632568,6.599999904632568,6.599999904632568,6.599999904632568,0
2011-03-02,4.9216156005859375,6.5,6.5,6.5,6.5,200
2011-03-03,4.9216156005859375,6.5,6.5,6.5,6.5,0
2011-03-04,4.959474563598633,6.550000190734863,6.599999904632568,6.550000190734863,6.574999809265137,9400
2011-03-07,4.959474563598633,6.550000190734863,6.550000190734863,6.550000190734863,6.550000190734863,19200
2011-03-08,4.959474563598633,6.550000190734863,6.550000190734863,6.550000190734863,6.550000190734863,0
2011-03-09,4.959474563598633,6.550000190734863,6.550000190734863,6.550000190734863,6.550000190734863,11400
2011-03-10,4.959474563598633,6.550000190734863,6.554999828338623,6.550000190734863,6.550000190734863,2200
2011-03-11,4.959474563598633,6.550000190734863,6.550000190734863,6.550000190734863,6.550000190734863,0
2011-03-14,4.9216156005859375,6.5,6.5,6.5,6.5,2000
2011-03-15,4.826969623565674,6.375,6.449999809265137,6.375,6.449999809265137,51200
2011-03-16,4.826969623565674,6.375,6.375,6.375,6.375,0
2011-03-17,4.826969623565674,6.375,6.375,6.375,6.375,2200
2011-03-18,4.826969623565674,6.375,6.375,6.375,6.375,400
2011-03-21,4.985976696014404,6.585000038146973,6.585000038146973,6.585000038146973,6.585000038146973,400
2011-03-22,4.985976696014404,6.585000038146973,6.585000038146973,6.585000038146973,6.585000038146973,0
2011-03-23,4.985976696014404,6.585000038146973,6.585000038146973,6.585000038146973,6.585000038146973,0
2011-03-24,4.985976696014404,6.585000038146973,6.585000038146973,6.585000038146973,6.585000038146973,0
2011-03-25,4.985976696014404,6.585000038146973,6.585000038146973,6.585000038146973,6.585000038146973,0
2011-03-28,4.985976696014404,6.585000038146973,6.585000038146973,6.585000038146973,6.585000038146973,0
2011-03-29,4.959474563598633,6.550000190734863,6.550000190734863,6.550000190734863,6.550000190734863,400
2011-03-30,4.959474563598633,6.550000190734863,6.550000190734863,6.550000190734863,6.550000190734863,0
2011-03-31,4.959474563598633,6.550000190734863,6.550000190734863,6.545000076293945,6.545000076293945,2800
2011-04-01,4.9973320960998535,6.599999904632568,6.599999904632568,6.599999904632568,6.599999904632568,15200
2011-04-04,5.069264888763428,6.695000171661377,6.695000171661377,6.695000171661377,6.695000171661377,800
2011-04-05,5.069264888763428,6.695000171661377,6.695000171661377,6.695000171661377,6.695000171661377,0
2011-04-06,5.016263484954834,6.625,6.625,6.625,6.625,2400
2011-04-07,5.016263484954834,6.625,6.625,6.625,6.625,0
2011-04-08,5.235841751098633,6.914999961853027,6.989999771118164,6.695000171661377,6.695000171661377,2400
2011-04-11,4.898900985717773,6.46999979019165,6.46999979019165,6.385000228881836,6.385000228881836,1800
2011-04-12,4.898900985717773,6.46999979019165,6.46999979019165,6.46999979019165,6.46999979019165,0
2011-04-13,4.845900058746338,6.400000095367432,6.425000190734863,6.400000095367432,6.425000190734863,18400
2011-04-14,4.845900058746338,6.400000095367432,6.400000095367432,6.400000095367432,6.400000095367432,0
2011-04-15,4.845900058746338,6.400000095367432,6.400000095367432,6.400000095367432,6.400000095367432,0
2011-04-18,4.845900058746338,6.400000095367432,6.400000095367432,6.400000095367432,6.400000095367432,0
2011-04-19,5.300201416015625,7.0,7.0,7.0,7.0,200
2011-04-20,4.881964683532715,6.420000076293945,6.800000190734863,6.420000076293945,6.800000190734863,2000
2011-04-21,4.89717435836792,6.440000057220459,6.440000057220459,6.440000057220459,6.440000057220459,400
2011-04-25,5.132906436920166,6.75,6.75,6.375,6.375,4400
2011-04-26,5.132906436920166,6.75,6.75,6.75,6.75,0
2011-04-27,5.132906436920166,6.75,6.75,6.75,6.75,0
2011-04-28,5.132906436920166,6.75,6.75,6.75,6.75,0
2011-04-29,5.003634452819824,6.579999923706055,6.579999923706055,6.579999923706055,6.579999923706055,200
2011-05-02,5.011236190795898,6.590000152587891,6.590000152587891,6.590000152587891,6.590000152587891,200
2011-05-03,4.996028423309326,6.570000171661377,6.570000171661377,6.570000171661377,6.570000171661377,600
2011-05-04,4.942799091339111,6.5,6.5,6.5,6.5,20000
2011-05-05,4.942799091339111,6.5,6.5,6.5,6.5,400
2011-05-06,5.007437229156494,6.585000038146973,6.590000152587891,6.554999828338623,6.585000038146973,10400
2011-05-09,4.965612888336182,6.53000020980835,6.75,6.525000095367432,6.625,5200
2011-05-10,4.965612888336182,6.53000020980835,6.53000020980835,6.53000020980835,6.53000020980835,0
2011-05-11,4.965612888336182,6.53000020980835,6.53000020980835,6.53000020980835,6.53000020980835,0
2011-05-12,5.030248165130615,6.614999771118164,6.699999809265137,6.614999771118164,6.619999885559082,2200
2011-05-13,5.030248165130615,6.614999771118164,6.614999771118164,6.614999771118164,6.614999771118164,0
2011-05-16,5.02264404296875,6.605000019073486,6.650000095367432,6.605000019073486,6.650000095367432,600
2011-05-17,5.034050941467285,6.619999885559082,6.619999885559082,6.525000095367432,6.570000171661377,37000
2011-05-18,5.015038967132568,6.59499979019165,6.59499979019165,6.525000095367432,6.525000095367432,7600
2011-05-19,4.961811542510986,6.525000095367432,6.525000095367432,6.525000095367432,6.525000095367432,1200
2011-05-20,4.961811542510986,6.525000095367432,6.525000095367432,6.525000095367432,6.525000095367432,0
2011-05-23,4.893370628356934,6.434999942779541,6.574999809265137,6.434999942779541,6.525000095367432,8000
2011-05-24,4.942799091339111,6.5,6.5,6.494999885559082,6.494999885559082,6000
2011-05-25,4.942799091339111,6.5,6.5,6.5,6.5,0
2011-05-26,4.942799091339111,6.5,6.5,6.5,6.5,0
2011-05-27,4.893370628356934,6.434999942779541,6.434999942779541,6.434999942779541,6.434999942779541,600
2011-05-31,4.885767459869385,6.425000190734863,6.429999828338623,6.425000190734863,6.429999828338623,3800
2011-06-01,4.885767459869385,6.425000190734863,6.425000190734863,6.425000190734863,6.425000190734863,0
2011-06-02,4.885767459869385,6.425000190734863,6.425000190734863,6.425000190734863,6.425000190734863,0
2011-06-03,4.942799091339111,6.5,6.5,6.425000190734863,6.5,1000
2011-06-06,4.984623908996582,6.554999828338623,6.554999828338623,6.5,6.53000020980835,9400
2011-06-07,4.984623908996582,6.554999828338623,6.554999828338623,6.554999828338623,6.554999828338623,0
2011-06-08,5.0378546714782715,6.625,6.625,6.429999828338623,6.429999828338623,1200
2011-06-09,4.942799091339111,6.5,6.5,6.440000057220459,6.485000133514404,800
2011-06-10,5.11009407043457,6.71999979019165,6.71999979019165,6.590000152587891,6.590000152587891,800
2011-06-13,5.075874328613281,6.675000190734863,6.730000019073486,6.675000190734863,6.675000190734863,800
2011-06-14,5.075874328613281,6.675000190734863,6.675000190734863,6.675000190734863,6.675000190734863,0
2011-06-15,5.075874328613281,6.675000190734863,6.675000190734863,6.675000190734863,6.675000190734863,0
2011-06-16,5.075874328613281,6.675000190734863,6.675000190734863,6.675000190734863,6.675000190734863,0
2011-06-17,5.075874328613281,6.675000190734863,6.675000190734863,6.675000190734863,6.675000190734863,0
2011-06-20,5.075874328613281,6.675000190734863,6.675000190734863,6.675000190734863,6.675000190734863,0
2011-06-21,4.900976657867432,6.445000171661377,6.445000171661377,6.425000190734863,6.425000190734863,1200
2011-06-22,4.900976657867432,6.445000171661377,6.445000171661377,6.445000171661377,6.445000171661377,0
2011-06-23,4.900976657867432,6.445000171661377,6.445000171661377,6.445000171661377,6.445000171661377,0
2011-06-24,4.942799091339111,6.5,6.75,6.5,6.735000133514404,11200
2011-06-27,4.946599960327148,6.505000114440918,6.505000114440918,6.505000114440918,6.505000114440918,1000
2011-06-28,4.961811542510986,6.525000095367432,6.59499979019165,6.525000095367432,6.525000095367432,1600
2011-06-29,4.969414234161377,6.534999847412109,6.534999847412109,6.53000020980835,6.534999847412109,4000
2011-06-30,4.969414234161377,6.534999847412109,6.534999847412109,6.534999847412109,6.534999847412109,0
2011-07-01,4.969414234161377,6.534999847412109,6.534999847412109,6.534999847412109,6.534999847412109,0
2011-07-05,4.942799091339111,6.5,6.534999847412109,6.5,6.534999847412109,4400
2011-07-06,4.942799091339111,6.5,6.59499979019165,6.5,6.550000190734863,800
2011-07-07,4.942799091339111,6.5,6.505000114440918,6.5,6.5,5400
2011-07-08,4.942799091339111,6.5,6.5,6.5,6.5,2000
2011-07-11,4.942799091339111,6.5,6.5,6.5,6.5,2200
2011-07-12,4.942799091339111,6.5,6.5,6.5,6.5,0
2011-07-13,4.942799091339111,6.5,6.5,6.5,6.5,0
2011-07-14,4.942799091339111,6.5,6.5,6.5,6.5,0
2011-07-15,4.942799091339111,6.5,6.5,6.5,6.5,0
2011-07-18,4.942799091339111,6.5,6.5,6.5,6.5,0
2011-07-19,4.942799091339111,6.5,6.5,6.5,6.5,0
2011-07-20,4.942799091339111,6.5,6.5,6.5,6.5,0
2011-07-21,4.9657182693481445,6.5,6.5,6.5,6.5,0
2011-07-22,4.9657182693481445,6.5,6.5,6.5,6.5,0
2011-07-25,4.9657182693481445,6.5,6.5,6.5,6.5,0
2011-07-26,4.984818458557129,6.525000095367432,6.525000095367432,6.525000095367432,6.525000095367432,3400
2011-07-27,4.984818458557129,6.525000095367432,6.525000095367432,6.525000095367432,6.525000095367432,0
2011-07-28,4.984818458557129,6.525000095367432,6.525000095367432,6.525000095367432,6.525000095367432,0
2011-07-29,4.984818458557129,6.525000095367432,6.525000095367432,6.525000095367432,6.525000095367432,0
2011-08-01,4.984818458557129,6.525000095367432,6.525000095367432,6.525000095367432,6.525000095367432,0
2011-08-02,4.984818458557129,6.525000095367432,6.525000095367432,6.525000095367432,6.525000095367432,0
2011-08-03,4.9657182693481445,6.5,6.510000228881836,6.5,6.510000228881836,6200
2011-08-04,5.0344719886779785,6.590000152587891,6.630000114440918,6.590000152587891,6.630000114440918,2200
2011-08-05,4.9657182693481445,6.5,6.510000228881836,6.5,6.510000228881836,16400
2011-08-08,5.0994110107421875,6.675000190734863,6.864999771118164,6.5,6.815000057220459,6800
2011-08-09,5.118509292602539,6.699999809265137,6.699999809265137,6.5,6.5,3200
2011-08-10,5.118509292602539,6.699999809265137,6.699999809265137,6.695000171661377,6.695000171661377,4800
2011-08-11,5.156707763671875,6.75,6.75,6.75,6.75,1600
2011-08-12,5.156707763671875,6.75,6.75,6.75,6.75,1000
2011-08-15,5.156707763671875,6.75,6.75,6.75,6.75,0
2011-08-16,5.156707763671875,6.75,6.75,6.75,6.75,400
2011-08-17,5.156707763671875,6.75,6.75,6.75,6.75,0
2011-08-18,5.252201080322266,6.875,6.875,6.875,6.875,600
2011-08-19,5.191084384918213,6.795000076293945,6.994999885559082,6.75,6.994999885559082,2800
2011-08-22,5.080311298370361,6.650000095367432,6.75,6.650000095367432,6.739999771118164,1400
2011-08-23,5.080311298370361,6.650000095367432,6.650000095367432,6.650000095367432,6.650000095367432,0
2011-08-24,5.080311298370361,6.650000095367432,6.650000095367432,6.650000095367432,6.650000095367432,0
2011-08-25,5.080311298370361,6.650000095367432,6.650000095367432,6.650000095367432,6.650000095367432,0
2011-08-26,5.080311298370361,6.650000095367432,6.650000095367432,6.650000095367432,6.650000095367432,0
2011-08-29,5.080311298370361,6.650000095367432,6.650000095367432,6.650000095367432,6.650000095367432,0
2011-08-30,5.080311298370361,6.650000095367432,6.650000095367432,6.650000095367432,6.650000095367432,0
2011-08-31,5.0344719886779785,6.590000152587891,6.590000152587891,6.590000152587891,6.590000152587891,200
2011-09-01,5.0344719886779785,6.590000152587891,6.590000152587891,6.590000152587891,6.590000152587891,0
2011-09-02,5.080311298370361,6.650000095367432,6.650000095367432,6.650000095367432,6.650000095367432,600
2011-09-06,5.080311298370361,6.650000095367432,6.650000095367432,6.650000095367432,6.650000095367432,0
2011-09-07,5.080311298370361,6.650000095367432,6.650000095367432,6.650000095367432,6.650000095367432,0
2011-09-08,5.080311298370361,6.650000095367432,6.650000095367432,6.650000095367432,6.650000095367432,0
2011-09-09,4.980997085571289,6.519999980926514,6.519999980926514,6.5,6.505000114440918,4400
2011-09-12,4.980997085571289,6.519999980926514,6.519999980926514,6.519999980926514,6.519999980926514,0
2011-09-13,4.980997085571289,6.519999980926514,6.519999980926514,6.519999980926514,6.519999980926514,0
2011-09-14,4.980997085571289,6.519999980926514,6.519999980926514,6.519999980926514,6.519999980926514,0
2011-09-15,4.984818458557129,6.525000095367432,6.525000095367432,6.5,6.5,600
2011-09-16,5.343876361846924,6.994999885559082,6.994999885559082,6.78000020980835,6.78000020980835,2000
2011-09-19,5.343876361846924,6.994999885559082,6.994999885559082,6.994999885559082,6.994999885559082,0
2011-09-20,5.343876361846924,6.994999885559082,6.994999885559082,6.994999885559082,6.994999885559082,0
2011-09-21,4.973356246948242,6.510000228881836,6.525000095367432,6.510000228881836,6.510000228881836,1000
2011-09-22,4.9657182693481445,6.5,6.519999980926514,6.5,6.514999866485596,2800
2011-09-23,4.980997085571289,6.519999980926514,6.519999980926514,6.514999866485596,6.514999866485596,400
2011-09-26,4.977175712585449,6.514999866485596,6.514999866485596,6.514999866485596,6.514999866485596,400
2011-09-27,4.977175712585449,6.514999866485596,6.514999866485596,6.514999866485596,6.514999866485596,0
2011-09-28,4.977175712585449,6.514999866485596,6.514999866485596,6.514999866485596,6.514999866485596,0
2011-09-29,4.9657182693481445,6.5,6.5,6.5,6.5,600
2011-09-30,4.9657182693481445,6.5,6.5,6.5,6.5,0
2011-10-03,4.9657182693481445,6.5,6.5,6.5,6.5,0
2011-10-04,4.9657182693481445,6.5,6.5,6.5,6.5,400
2011-10-05,4.9657182693481445,6.5,6.5,6.5,6.5,0
2011-10-06,4.9657182693481445,6.5,6.5,6.5,6.5,0
2011-10-07,4.9657182693481445,6.5,6.5,6.5,6.5,0
2011-10-10,4.908421039581299,6.425000190734863,6.5,6.425000190734863,6.5,5600
2011-10-11,4.908421039581299,6.425000190734863,6.425000190734863,6.425000190734863,6.425000190734863,0
2011-10-12,4.927519798278809,6.449999809265137,6.449999809265137,6.449999809265137,6.449999809265137,800
2011-10-13,4.927519798278809,6.449999809265137,6.449999809265137,6.449999809265137,6.449999809265137,0
2011-10-14,4.927519798278809,6.449999809265137,6.449999809265137,6.449999809265137,6.449999809265137,0
2011-10-17,4.927519798278809,6.449999809265137,6.449999809265137,6.449999809265137,6.449999809265137,0
2011-10-18,4.927519798278809,6.449999809265137,6.449999809265137,6.449999809265137,6.449999809265137,0
2011-10-19,4.927519798278809,6.449999809265137,6.449999809265137,6.449999809265137,6.449999809265137,0
2011-10-20,4.950545787811279,6.449999809265137,6.449999809265137,6.449999809265137,6.449999809265137,0
2011-10-21,4.950545787811279,6.449999809265137,6.449999809265137,6.449999809265137,6.449999809265137,0
2011-10-24,4.950545787811279,6.449999809265137,6.449999809265137,6.449999809265137,6.449999809265137,0
2011-10-25,4.931357383728027,6.425000190734863,6.425000190734863,6.380000114440918,6.425000190734863,6200
2011-10-26,4.931357383728027,6.425000190734863,6.425000190734863,6.425000190734863,6.425000190734863,0
2011-10-27,5.180805683135986,6.75,6.75,6.75,6.75,4000
2011-10-28,5.031136512756348,6.554999828338623,6.554999828338623,6.554999828338623,6.554999828338623,200
2011-10-31,4.931357383728027,6.425000190734863,11.0,6.425000190734863,11.0,12200
2011-11-01,5.034974098205566,6.559999942779541,6.559999942779541,6.559999942779541,6.559999942779541,200
2011-11-02,5.372684955596924,7.0,7.010000228881836,7.0,7.010000228881836,1000
2011-11-03,5.372684955596924,7.0,7.0,7.0,7.0,0
2011-11-04,5.372684955596924,7.0,7.0,7.0,7.0,0
2011-11-07,5.372684955596924,7.0,7.0,7.0,7.0,0
2011-11-08,5.372684955596924,7.0,7.0,7.0,7.0,0
2011-11-09,5.372684955596924,7.0,7.0,7.0,7.0,0
2011-11-10,5.372684955596924,7.0,7.0,7.0,7.0,0
2011-11-11,5.372684955596924,7.0,7.0,7.0,7.0,0
2011-11-14,5.223018646240234,6.804999828338623,6.824999809265137,6.804999828338623,6.824999809265137,2400
2011-11-15,5.238368034362793,6.824999809265137,6.824999809265137,6.824999809265137,6.824999809265137,200
2011-11-16,5.238368034362793,6.824999809265137,6.824999809265137,6.824999809265137,6.824999809265137,0
2011-11-17,5.238368034362793,6.824999809265137,6.929999828338623,6.775000095367432,6.840000152587891,4800
2011-11-18,5.238368034362793,6.824999809265137,6.824999809265137,6.824999809265137,6.824999809265137,1200
2011-11-21,5.238368034362793,6.824999809265137,6.824999809265137,6.824999809265137,6.824999809265137,0
2011-11-22,5.272907733917236,6.869999885559082,8.395000457763672,6.675000190734863,6.699999809265137,3600
2011-11-23,5.272907733917236,6.869999885559082,6.869999885559082,6.869999885559082,6.869999885559082,0
2011-11-25,5.3650102615356445,6.989999771118164,7.0,6.795000076293945,6.795000076293945,800
2011-11-28,5.3650102615356445,6.989999771118164,6.989999771118164,6.989999771118164,6.989999771118164,0
2011-11-29,5.3650102615356445,6.989999771118164,6.989999771118164,6.989999771118164,6.989999771118164,0
2011-11-30,5.3650102615356445,6.989999771118164,6.989999771118164,6.989999771118164,6.989999771118164,0
2011-12-01,5.353497505187988,6.974999904632568,6.974999904632568,6.789999961853027,6.789999961853027,800
2011-12-02,6.570026874542236,8.5600004196167,8.5600004196167,8.5600004196167,8.5600004196167,1000
2011-12-05,6.570026874542236,8.5600004196167,8.5600004196167,8.5600004196167,8.5600004196167,0
2011-12-06,6.570026874542236,8.5600004196167,8.5600004196167,8.5600004196167,8.5600004196167,0
2011-12-07,6.570026874542236,8.5600004196167,8.5600004196167,8.5600004196167,8.5600004196167,0
2011-12-08,6.570026874542236,8.5600004196167,8.5600004196167,8.5600004196167,8.5600004196167,0
2011-12-09,6.570026874542236,8.5600004196167,8.5600004196167,8.5600004196167,8.5600004196167,0
2011-12-12,5.276744365692139,6.875,6.940000057220459,6.864999771118164,6.914999961853027,11400
2011-12-13,5.39187479019165,7.025000095367432,7.079999923706055,7.0,7.054999828338623,5200
2011-12-14,5.553053855895996,7.235000133514404,7.235000133514404,7.025000095367432,7.025000095367432,1600
2011-12-15,5.272907733917236,6.869999885559082,6.909999847412109,6.869999885559082,6.880000114440918,8200
2011-12-16,5.303607940673828,6.909999847412109,6.909999847412109,6.909999847412109,6.909999847412109,200
2011-12-19,5.238368034362793,6.824999809265137,6.824999809265137,6.824999809265137,6.824999809265137,400
2011-12-20,5.295932292938232,6.900000095367432,7.235000133514404,6.824999809265137,7.235000133514404,98400
2011-12-21,5.295932292938232,6.900000095367432,6.900000095367432,6.900000095367432,6.900000095367432,0
2011-12-22,5.295932292938232,6.900000095367432,6.900000095367432,6.900000095367432,6.900000095367432,0
2011-12-23,5.357335090637207,6.980000019073486,7.074999809265137,6.954999923706055,6.954999923706055,20200
2011-12-27,5.334307670593262,6.949999809265137,6.949999809265137,6.90500020980835,6.90500020980835,1200
2011-12-28,5.303607940673828,6.909999847412109,6.929999828338623,6.900000095367432,6.900000095367432,1400
2011-12-29,5.376522541046143,7.005000114440918,7.074999809265137,6.914999961853027,6.914999961853027,3800
2011-12-30,5.445600509643555,7.09499979019165,7.09499979019165,6.96999979019165,6.96999979019165,1400
2012-01-03,5.48013973236084,7.139999866485596,7.25,7.139999866485596,7.235000133514404,4800
2012-01-04,5.48013973236084,7.139999866485596,7.139999866485596,7.139999866485596,7.139999866485596,0
2012-01-05,5.407222270965576,7.045000076293945,7.045000076293945,7.045000076293945,7.045000076293945,400
2012-01-06,5.449437141418457,7.099999904632568,7.099999904632568,6.994999885559082,7.034999847412109,2200
2012-01-09,5.384198188781738,7.014999866485596,7.099999904632568,6.960000038146973,7.099999904632568,1200
2012-01-10,5.641319751739502,7.349999904632568,7.349999904632568,7.349999904632568,7.349999904632568,800
2012-01-11,5.641319751739502,7.349999904632568,7.349999904632568,7.349999904632568,7.349999904632568,0
2012-01-12,5.641319751739502,7.349999904632568,7.349999904632568,7.349999904632568,7.349999904632568,0
2012-01-13,5.641319751739502,7.349999904632568,7.349999904632568,7.349999904632568,7.349999904632568,0
2012-01-17,5.641319751739502,7.349999904632568,7.349999904632568,7.349999904632568,7.349999904632568,0
2012-01-18,5.641319751739502,7.349999904632568,7.349999904632568,7.349999904632568,7.349999904632568,0
2012-01-19,5.6644392013549805,7.349999904632568,7.349999904632568,7.349999904632568,7.349999904632568,0
2012-01-20,5.6644392013549805,7.349999904632568,7.349999904632568,7.349999904632568,7.349999904632568,0
2012-01-23,5.6644392013549805,7.349999904632568,7.349999904632568,7.349999904632568,7.349999904632568,0
2012-01-24,5.6644392013549805,7.349999904632568,7.349999904632568,7.349999904632568,7.349999904632568,0
2012-01-25,5.6644392013549805,7.349999904632568,7.349999904632568,7.349999904632568,7.349999904632568,0
2012-01-26,5.6644392013549805,7.349999904632568,7.349999904632568,7.349999904632568,7.349999904632568,0
2012-01-27,5.6644392013549805,7.349999904632568,7.349999904632568,7.349999904632568,7.349999904632568,0
2012-01-30,5.6644392013549805,7.349999904632568,7.349999904632568,7.349999904632568,7.349999904632568,0
2012-01-31,5.6644392013549805,7.349999904632568,7.349999904632568,7.349999904632568,7.349999904632568,0
2012-02-01,5.695266246795654,7.389999866485596,7.5,7.389999866485596,7.5,600
2012-02-02,5.695266246795654,7.389999866485596,7.389999866485596,7.389999866485596,7.389999866485596,0
2012-02-03,5.683706760406494,7.375,7.375,7.375,7.375,3000
2012-02-06,5.683706760406494,7.375,7.375,7.375,7.375,0
2012-02-07,5.587373733520508,7.25,7.25,7.25,7.25,400
2012-02-08,5.491037845611572,7.125,7.125,7.125,7.125,800
2012-02-09,5.491037845611572,7.125,7.125,7.125,7.125,0
2012-02-10,5.6644392013549805,7.349999904632568,7.349999904632568,7.349999904632568,7.349999904632568,1000
2012-02-13,5.6644392013549805,7.349999904632568,7.349999904632568,7.349999904632568,7.349999904632568,0
2012-02-14,5.7800397872924805,7.5,7.5,7.5,7.5,1800
2012-02-15,5.7800397872924805,7.5,7.5,7.5,7.5,0
2012-02-16,5.7800397872924805,7.5,7.5,7.5,7.5,0
2012-02-17,5.7800397872924805,7.5,7.5,7.5,7.5,0
2012-02-21,5.309931755065918,6.889999866485596,7.190000057220459,6.849999904632568,6.849999904632568,2400
2012-02-22,5.702974319458008,7.400000095367432,7.400000095367432,6.989999771118164,6.994999885559082,3200
2012-02-23,5.7800397872924805,7.5,7.5,7.474999904632568,7.474999904632568,3600
2012-02-24,5.7800397872924805,7.5,7.5,7.5,7.5,0
2012-02-27,5.417826175689697,7.03000020980835,7.059999942779541,7.0,7.059999942779541,2600
2012-02-28,5.417826175689697,7.03000020980835,7.03000020980835,7.03000020980835,7.03000020980835,0
2012-02-29,5.437090873718262,7.054999828338623,7.054999828338623,7.054999828338623,7.054999828338623,600
2012-03-01,5.394704341888428,7.0,7.014999866485596,7.0,7.014999866485596,173400
2012-03-02,5.394704341888428,7.0,7.0,7.0,7.0,4800
2012-03-05,5.394704341888428,7.0,7.0,6.900000095367432,7.0,317400
2012-03-06,5.394704341888428,7.0,7.0,7.0,7.0,16000
2012-03-07,5.394704341888428,7.0,7.0,7.0,7.0,0
2012-03-08,5.302224636077881,6.880000114440918,6.880000114440918,6.880000114440918,6.880000114440918,400
2012-03-09,5.302224636077881,6.880000114440918,6.880000114440918,6.880000114440918,6.880000114440918,0
2012-03-12,5.302224636077881,6.880000114440918,6.880000114440918,6.880000114440918,6.880000114440918,0
2012-03-13,5.394704341888428,7.0,7.0,7.0,7.0,1000
2012-03-14,5.356171607971191,6.949999809265137,7.0,6.949999809265137,7.0,1600
2012-03-15,5.356171607971191,6.949999809265137,6.949999809265137,6.949999809265137,6.949999809265137,600
2012-03-16,5.413970947265625,7.025000095367432,7.025000095367432,7.025000095367432,7.025000095367432,400
2012-03-19,5.456357002258301,7.079999923706055,7.079999923706055,6.90500020980835,6.90500020980835,1400
2012-03-20,5.344611167907715,6.934999942779541,6.934999942779541,6.934999942779541,6.934999942779541,400
2012-03-21,5.587373733520508,7.25,7.25,7.014999866485596,7.014999866485596,600
2012-03-22,5.394704341888428,7.0,7.0,7.0,7.0,200
2012-03-23,5.398560047149658,7.005000114440918,7.025000095367432,7.005000114440918,7.025000095367432,400
2012-03-26,5.398560047149658,7.005000114440918,7.005000114440918,7.005000114440918,7.005000114440918,0
2012-03-27,5.398560047149658,7.005000114440918,7.005000114440918,7.005000114440918,7.005000114440918,0
2012-03-28,5.398560047149658,7.005000114440918,7.005000114440918,7.005000114440918,7.005000114440918,0
2012-03-29,5.317636013031006,6.900000095367432,6.929999828338623,6.900000095367432,6.929999828338623,2000
2012-03-30,5.491037845611572,7.125,7.125,7.099999904632568,7.099999904632568,4400
2012-04-02,5.491037845611572,7.125,7.125,7.125,7.125,0
2012-04-03,5.491037845611572,7.125,7.125,7.125,7.125,0
2012-04-04,5.510304927825928,7.150000095367432,7.150000095367432,7.150000095367432,7.150000095367432,29800
2012-04-05,5.510304927825928,7.150000095367432,7.150000095367432,7.150000095367432,7.150000095367432,0
2012-04-09,5.510304927825928,7.150000095367432,7.150000095367432,7.150000095367432,7.150000095367432,0
2012-04-10,5.510304927825928,7.150000095367432,7.150000095367432,7.150000095367432,7.150000095367432,0
2012-04-11,5.510304927825928,7.150000095367432,7.150000095367432,7.150000095367432,7.150000095367432,0
2012-04-12,5.510304927825928,7.150000095367432,7.150000095367432,7.150000095367432,7.150000095367432,0
2012-04-13,5.587373733520508,7.25,7.25,7.25,7.25,1200
2012-04-16,5.587373733520508,7.25,7.25,7.25,7.25,0
2012-04-17,5.510304927825928,7.150000095367432,7.25,7.150000095367432,7.25,61400
2012-04-18,5.587373733520508,7.25,7.25,7.25,7.25,3000
2012-04-19,5.61059045791626,7.25,7.25,7.25,7.25,0
2012-04-20,5.61059045791626,7.25,7.25,7.25,7.25,0
2012-04-23,5.61059045791626,7.25,7.25,7.25,7.25,0
2012-04-24,5.807928085327148,7.505000114440918,7.505000114440918,7.505000114440918,7.505000114440918,400
2012-04-25,5.807928085327148,7.505000114440918,7.505000114440918,7.505000114440918,7.505000114440918,0
2012-04-26,5.811797618865967,7.510000228881836,7.75,7.510000228881836,7.75,1000
2012-04-27,5.823404312133789,7.525000095367432,7.545000076293945,7.525000095367432,7.525000095367432,64000
2012-04-30,5.865966320037842,7.579999923706055,7.579999923706055,7.525000095367432,7.525000095367432,1200
2012-05-01,5.862098693847656,7.574999809265137,7.574999809265137,7.574999809265137,7.574999809265137,1000
2012-05-02,5.862098693847656,7.574999809265137,7.574999809265137,7.574999809265137,7.574999809265137,0
2012-05-03,5.61059045791626,7.25,7.375,7.25,7.375,1400
2012-05-04,5.626064777374268,7.269999980926514,7.269999980926514,7.269999980926514,7.269999980926514,600
2012-05-07,5.626064777374268,7.269999980926514,7.269999980926514,7.269999980926514,7.269999980926514,0
2012-05-08,5.61059045791626,7.25,7.25,7.0,7.005000114440918,4200
2012-05-09,5.61059045791626,7.25,7.5,7.25,7.5,2000
2012-05-10,5.734407901763916,7.409999847412109,7.409999847412109,7.284999847412109,7.284999847412109,3600
2012-05-11,5.804058074951172,7.5,7.5,7.409999847412109,7.409999847412109,2400
2012-05-14,5.78471040725708,7.474999904632568,7.474999904632568,7.474999904632568,7.474999904632568,600
2012-05-15,5.707322120666504,7.375,7.375,7.375,7.375,5200
2012-05-16,5.707322120666504,7.375,7.375,7.375,7.375,3800
2012-05-17,5.707322120666504,7.375,7.375,7.375,7.375,0
2012-05-18,5.711193084716797,7.380000114440918,7.380000114440918,7.375,7.375,4600
2012-05-21,5.757624626159668,7.440000057220459,7.440000057220459,7.364999771118164,7.375,6800
2012-05-22,5.7305402755737305,7.40500020980835,7.40500020980835,7.40500020980835,7.40500020980835,200
2012-05-23,5.7305402755737305,7.40500020980835,7.40500020980835,7.40500020980835,7.40500020980835,0
2012-05-24,5.707322120666504,7.375,7.389999866485596,7.375,7.389999866485596,1400
2012-05-25,5.649281978607178,7.300000190734863,7.335000038146973,7.300000190734863,7.335000038146973,1800
2012-05-29,5.718931198120117,7.389999866485596,7.389999866485596,7.375,7.375,3600
2012-05-30,5.718931198120117,7.389999866485596,7.389999866485596,7.389999866485596,7.389999866485596,0
2012-05-31,5.707322120666504,7.375,7.375,7.25,7.25,11200
2012-06-01,5.707322120666504,7.375,7.375,7.375,7.375,0
2012-06-04,5.641542911529541,7.289999961853027,7.289999961853027,7.289999961853027,7.289999961853027,600
2012-06-05,5.641542911529541,7.289999961853027,7.289999961853027,7.289999961853027,7.289999961853027,0
2012-06-06,5.641542911529541,7.289999961853027,7.289999961853027,7.289999961853027,7.289999961853027,0
2012-06-07,5.641542911529541,7.289999961853027,7.289999961853027,7.289999961853027,7.289999961853027,0
2012-06-08,5.641542911529541,7.289999961853027,7.289999961853027,7.289999961853027,7.289999961853027,0
2012-06-11,5.641542911529541,7.289999961853027,7.289999961853027,7.289999961853027,7.289999961853027,0
2012-06-12,5.641542911529541,7.289999961853027,7.289999961853027,7.289999961853027,7.289999961853027,0
2012-06-13,5.641542911529541,7.289999961853027,7.289999961853027,7.289999961853027,7.289999961853027,0
2012-06-14,5.641542911529541,7.289999961853027,7.289999961853027,7.289999961853027,7.289999961853027,0
2012-06-15,5.641542911529541,7.289999961853027,7.289999961853027,7.289999961853027,7.289999961853027,0
2012-06-18,5.641542911529541,7.289999961853027,7.289999961853027,7.289999961853027,7.289999961853027,0
2012-06-19,5.707322120666504,7.375,7.375,7.375,7.375,143200
2012-06-20,5.475161075592041,7.074999809265137,7.074999809265137,7.025000095367432,7.025000095367432,800
2012-06-21,5.46742057800293,7.065000057220459,7.065000057220459,7.065000057220459,7.065000057220459,200
2012-06-22,5.695715427398682,7.360000133514404,7.360000133514404,7.175000190734863,7.300000190734863,1800
2012-06-25,5.668628692626953,7.324999809265137,7.375,7.295000076293945,7.320000171661377,1600
2012-06-26,5.668628692626953,7.324999809265137,7.324999809265137,7.324999809265137,7.324999809265137,0
2012-06-27,5.6531524658203125,7.304999828338623,7.304999828338623,7.304999828338623,7.304999828338623,200
2012-06-28,5.707322120666504,7.375,7.375,7.315000057220459,7.315000057220459,3000
2012-06-29,5.707322120666504,7.375,7.380000114440918,7.375,7.375,14400
2012-07-02,5.78471040725708,7.474999904632568,7.474999904632568,7.375,7.375,4800
2012-07-03,5.78471040725708,7.474999904632568,7.474999904632568,7.474999904632568,7.474999904632568,0
2012-07-05,5.78471040725708,7.474999904632568,7.474999904632568,7.474999904632568,7.474999904632568,0
2012-07-06,5.78471040725708,7.474999904632568,7.474999904632568,7.474999904632568,7.474999904632568,0
2012-07-09,5.916269302368164,7.644999980926514,7.644999980926514,7.474999904632568,7.474999904632568,3600
2012-07-10,5.9975266456604,7.75,7.784999847412109,7.699999809265137,7.699999809265137,3000
2012-07-11,6.036219596862793,7.800000190734863,7.800000190734863,7.744999885559082,7.744999885559082,7200
2012-07-12,6.036219596862793,7.800000190734863,7.800000190734863,7.800000190734863,7.800000190734863,0
2012-07-13,6.036219596862793,7.800000190734863,7.800000190734863,7.800000190734863,7.800000190734863,0
2012-07-16,6.036219596862793,7.800000190734863,7.800000190734863,7.800000190734863,7.800000190734863,0
2012-07-17,6.036219596862793,7.800000190734863,7.800000190734863,7.800000190734863,7.800000190734863,0
2012-07-18,6.036219596862793,7.800000190734863,7.800000190734863,7.800000190734863,7.800000190734863,0
2012-07-19,6.059525489807129,7.800000190734863,7.800000190734863,7.800000190734863,7.800000190734863,0
2012-07-20,6.059525489807129,7.800000190734863,7.800000190734863,7.800000190734863,7.800000190734863,0
2012-07-23,6.078947067260742,7.824999809265137,7.824999809265137,7.5,7.699999809265137,7200
2012-07-24,6.078947067260742,7.824999809265137,7.824999809265137,7.815000057220459,7.815000057220459,3400
2012-07-25,6.078947067260742,7.824999809265137,7.824999809265137,7.824999809265137,7.824999809265137,0
2012-07-26,6.036221504211426,7.769999980926514,7.769999980926514,7.75,7.769999980926514,3400
2012-07-27,6.11779260635376,7.875,7.875,7.775000095367432,7.775000095367432,7800
2012-07-30,5.966300010681152,7.679999828338623,8.329999923706055,7.679999828338623,8.329999923706055,49400
2012-07-31,6.11779260635376,7.875,7.889999866485596,7.855000019073486,7.855000019073486,1400
2012-08-01,6.133327960968018,7.894999980926514,7.894999980926514,7.894999980926514,7.894999980926514,200
2012-08-02,6.214898586273193,8.0,8.0,7.90500020980835,7.90500020980835,46400
2012-08-03,6.214898586273193,8.0,8.0,7.954999923706055,7.954999923706055,3000
2012-08-06,6.506221771240234,8.375,8.375,8.354999542236328,8.354999542236328,2400
2012-08-07,6.556717395782471,8.4399995803833,8.4399995803833,8.4399995803833,8.4399995803833,200
2012-08-08,6.79754638671875,8.75,9.0600004196167,8.399999618530273,8.399999618530273,9000
2012-08-09,6.78200626373291,8.729999542236328,8.729999542236328,8.729999542236328,8.729999542236328,200
2012-08-10,6.78200626373291,8.729999542236328,8.729999542236328,8.729999542236328,8.729999542236328,0
2012-08-13,6.78200626373291,8.729999542236328,8.729999542236328,8.729999542236328,8.729999542236328,0
2012-08-14,6.78200626373291,8.729999542236328,8.729999542236328,8.729999542236328,8.729999542236328,0
2012-08-15,6.78200626373291,8.729999542236328,8.729999542236328,8.729999542236328,8.729999542236328,0
2012-08-16,6.78200626373291,8.729999542236328,8.729999542236328,8.729999542236328,8.729999542236328,0
2012-08-17,6.79754638671875,8.75,8.779999732971191,8.729999542236328,8.729999542236328,24000
2012-08-20,6.681015491485596,8.600000381469727,8.75,8.600000381469727,8.75,1400
2012-08-21,6.681015491485596,8.600000381469727,8.600000381469727,8.600000381469727,8.600000381469727,0
2012-08-22,6.681015491485596,8.600000381469727,8.600000381469727,8.600000381469727,8.600000381469727,0
2012-08-23,6.560600280761719,8.444999694824219,8.444999694824219,8.425000190734863,8.425000190734863,1400
2012-08-24,6.599445343017578,8.494999885559082,8.494999885559082,8.494999885559082,8.494999885559082,200
2012-08-27,6.599445343017578,8.494999885559082,8.494999885559082,8.494999885559082,8.494999885559082,0
2012-08-28,6.739282131195068,8.675000190734863,8.675000190734863,8.675000190734863,8.675000190734863,1000
2012-08-29,6.739282131195068,8.675000190734863,8.675000190734863,8.675000190734863,8.675000190734863,0
2012-08-30,6.657708644866943,8.569999694824219,8.574999809265137,8.510000228881836,8.510000228881836,800
2012-08-31,6.7237420082092285,8.654999732971191,8.675000190734863,8.649999618530273,8.675000190734863,6800
2012-09-04,6.754818439483643,8.694999694824219,8.694999694824219,8.675000190734863,8.675000190734863,6200
2012-09-05,6.754818439483643,8.694999694824219,8.694999694824219,8.6899995803833,8.6899995803833,8600
2012-09-06,6.750935077667236,8.6899995803833,8.699999809265137,8.664999961853027,8.664999961853027,7000
2012-09-07,6.747049808502197,8.6850004196167,8.6899995803833,8.649999618530273,8.649999618530273,38800
2012-09-10,6.824732303619385,8.78499984741211,8.78499984741211,8.675000190734863,8.675000190734863,45200
2012-09-11,6.8363871574401855,8.800000190734863,8.8149995803833,8.680000305175781,8.6899995803833,2400
2012-09-12,6.949033737182617,8.944999694824219,8.944999694824219,8.944999694824219,8.944999694824219,2000
2012-09-13,6.894652366638184,8.875,8.979999542236328,8.75,8.979999542236328,3400
2012-09-14,6.933494567871094,8.925000190734863,8.925000190734863,8.904999732971191,8.904999732971191,600
2012-09-17,6.770354270935059,8.71500015258789,8.949999809265137,8.204999923706055,8.949999809265137,61000
2012-09-18,6.778124809265137,8.725000381469727,8.725000381469727,8.675000190734863,8.71500015258789,11800
2012-09-19,6.762585639953613,8.704999923706055,8.704999923706055,8.704999923706055,8.704999923706055,200
2012-09-20,6.739282131195068,8.675000190734863,8.675000190734863,8.675000190734863,8.675000190734863,200
2012-09-21,6.739282131195068,8.675000190734863,8.720000267028809,8.675000190734863,8.720000267028809,2600
2012-09-24,6.789776802062988,8.739999771118164,8.739999771118164,8.720000267028809,8.720000267028809,98400
2012-09-25,6.789776802062988,8.739999771118164,8.739999771118164,8.739999771118164,8.739999771118164,0
2012-09-26,6.8635783195495605,8.835000038146973,8.835000038146973,8.835000038146973,8.835000038146973,600
2012-09-27,6.778124809265137,8.725000381469727,8.930000305175781,8.725000381469727,8.930000305175781,1600
2012-09-28,6.933494567871094,8.925000190734863,8.925000190734863,8.904999732971191,8.904999732971191,400
2012-10-01,6.86746072769165,8.84000015258789,8.84000015258789,8.84000015258789,8.84000015258789,24400
2012-10-02,6.86746072769165,8.84000015258789,8.84000015258789,8.84000015258789,8.84000015258789,0
2012-10-03,6.816966533660889,8.774999618530273,8.8149995803833,8.734999656677246,8.75,45200
2012-10-04,6.890768051147461,8.869999885559082,8.875,8.869999885559082,8.875,1000
2012-10-05,6.828615665435791,8.789999961853027,8.800000190734863,8.765000343322754,8.800000190734863,46000
2012-10-08,6.933494567871094,8.925000190734863,8.925000190734863,8.925000190734863,8.925000190734863,200
2012-10-09,6.79754638671875,8.75,8.755000114440918,8.75,8.755000114440918,1200
2012-10-10,6.809199333190918,8.765000343322754,8.765000343322754,8.765000343322754,8.765000343322754,200
2012-10-11,6.8363871574401855,8.800000190734863,8.8100004196167,8.774999618530273,8.8100004196167,10800
2012-10-12,6.824732303619385,8.78499984741211,8.800000190734863,8.78499984741211,8.800000190734863,6000
2012-10-15,6.886880397796631,8.864999771118164,8.864999771118164,8.795000076293945,8.795000076293945,18400
2012-10-16,6.886880397796631,8.864999771118164,8.864999771118164,8.864999771118164,8.864999771118164,0
2012-10-17,6.894652366638184,8.875,8.875,8.875,8.875,600
2012-10-18,6.918036460876465,8.875,8.875,8.875,8.875,0
2012-10-19,6.918036460876465,8.875,8.875,8.875,8.875,0
2012-10-22,6.859576225280762,8.800000190734863,8.800000190734863,8.800000190734863,8.800000190734863,4000
2012-10-23,6.840088844299316,8.774999618530273,8.774999618530273,8.774999618530273,8.774999618530273,600
2012-10-24,6.871269702911377,8.8149995803833,8.864999771118164,8.8149995803833,8.864999771118164,22400
2012-10-25,6.82059907913208,8.75,8.755000114440918,8.75,8.755000114440918,1000
2012-10-26,6.867368698120117,8.8100004196167,8.8100004196167,8.75,8.755000114440918,4600
2012-10-31,6.867368698120117,8.8100004196167,8.8100004196167,8.8100004196167,8.8100004196167,0
2012-11-01,6.867368698120117,8.8100004196167,8.8100004196167,8.8100004196167,8.8100004196167,0
2012-11-02,6.828396320343018,8.760000228881836,8.760000228881836,8.755000114440918,8.755000114440918,1000
2012-11-05,6.8985490798950195,8.850000381469727,8.850000381469727,8.8149995803833,8.8149995803833,3800
2012-11-06,6.95701265335083,8.925000190734863,8.925000190734863,8.850000381469727,8.895000457763672,7200
2012-11-07,6.95701265335083,8.925000190734863,8.925000190734863,8.925000190734863,8.925000190734863,0
2012-11-08,6.879059314727783,8.824999809265137,8.899999618530273,8.824999809265137,8.899999618530273,4400
2012-11-09,6.890758037567139,8.84000015258789,8.84000015258789,8.774999618530273,8.774999618530273,30000
2012-11-12,6.890758037567139,8.84000015258789,8.84000015258789,8.84000015258789,8.84000015258789,0
2012-11-13,6.910242557525635,8.864999771118164,8.875,8.835000038146973,8.875,62400
2012-11-14,6.910242557525635,8.864999771118164,8.864999771118164,8.864999771118164,8.864999771118164,0
2012-11-15,6.910242557525635,8.864999771118164,8.864999771118164,8.864999771118164,8.864999771118164,0
2012-11-16,6.910242557525635,8.864999771118164,8.864999771118164,8.864999771118164,8.864999771118164,0
2012-11-19,6.894652366638184,8.845000267028809,8.875,8.78499984741211,8.805000305175781,241800
2012-11-20,6.863473415374756,8.805000305175781,8.824999809265137,8.770000457763672,8.770000457763672,17800
2012-11-21,6.882960796356201,8.829999923706055,8.845000267028809,8.770000457763672,8.774999618530273,15200
2012-11-23,6.859576225280762,8.800000190734863,8.850000381469727,8.760000228881836,8.779999732971191,19000
2012-11-26,6.918036460876465,8.875,8.920000076293945,8.824999809265137,8.829999923706055,74800
2012-11-27,6.879059314727783,8.824999809265137,8.890000343322754,8.824999809265137,8.850000381469727,12400
2012-11-28,6.879059314727783,8.824999809265137,8.829999923706055,8.78499984741211,8.78499984741211,6000
2012-11-29,6.879059314727783,8.824999809265137,8.824999809265137,8.824999809265137,8.824999809265137,0
2012-11-30,6.843985080718994,8.779999732971191,8.84000015258789,8.774999618530273,8.774999618530273,2400
2012-12-03,6.859576225280762,8.800000190734863,8.819999694824219,8.760000228881836,8.779999732971191,12600
2012-12-04,6.910242557525635,8.864999771118164,8.864999771118164,8.859999656677246,8.859999656677246,800
2012-12-05,6.88685941696167,8.835000038146973,8.835000038146973,8.795000076293945,8.795000076293945,9000
2012-12-06,6.824497699737549,8.755000114440918,8.829999923706055,8.75,8.789999961853027,3400
2012-12-07,6.824497699737549,8.755000114440918,8.755000114440918,8.755000114440918,8.755000114440918,0
2012-12-10,6.773830413818359,8.6899995803833,8.725000381469727,8.6899995803833,8.725000381469727,2800
2012-12-11,6.738752841949463,8.645000457763672,8.699999809265137,8.625,8.6899995803833,8000
2012-12-12,6.6958818435668945,8.59000015258789,8.59000015258789,8.59000015258789,8.59000015258789,400
2012-12-13,6.645214557647705,8.524999618530273,8.524999618530273,8.524999618530273,8.524999618530273,400
2012-12-14,6.777726173400879,8.694999694824219,8.699999809265137,8.574999809265137,8.574999809265137,103200
2012-12-17,6.781623840332031,8.699999809265137,8.699999809265137,8.699999809265137,8.699999809265137,59800
2012-12-18,6.824497699737549,8.755000114440918,8.755000114440918,8.699999809265137,8.725000381469727,42000
2012-12-19,6.82059907913208,8.75,8.75,8.75,8.75,1000
2012-12-20,6.8985490798950195,8.850000381469727,8.850000381469727,8.720000267028809,8.75,15000
2012-12-21,6.828396320343018,8.760000228881836,8.760000228881836,8.75,8.755000114440918,15800
2012-12-24,6.746548175811768,8.654999732971191,8.670000076293945,8.630000114440918,8.630000114440918,1200
2012-12-26,6.7504448890686035,8.65999984741211,8.789999961853027,8.649999618530273,8.6850004196167,2400
2012-12-27,6.816701889038086,8.744999885559082,8.78499984741211,8.744999885559082,8.78499984741211,5400
2012-12-28,6.758240222930908,8.670000076293945,8.720000267028809,8.640000343322754,8.720000267028809,8000
2012-12-31,6.816701889038086,8.744999885559082,8.789999961853027,8.649999618530273,8.680000305175781,8000
2013-01-02,6.785524368286133,8.704999923706055,8.920000076293945,8.6850004196167,8.795000076293945,58200
2013-01-03,6.836191177368164,8.770000457763672,8.795000076293945,8.725000381469727,8.75,1800
2013-01-04,6.82059907913208,8.75,8.800000190734863,8.75,8.770000457763672,10400
2013-01-07,6.851777076721191,8.789999961853027,8.789999961853027,8.789999961853027,8.789999961853027,400
2013-01-08,6.781623840332031,8.699999809265137,8.699999809265137,8.699999809265137,8.699999809265137,1000
2013-01-09,6.816701889038086,8.744999885559082,8.744999885559082,8.739999771118164,8.739999771118164,600
2013-01-10,6.82059907913208,8.75,8.75,8.75,8.75,200
2013-01-11,6.82059907913208,8.75,8.75,8.75,8.75,0
2013-01-14,6.855678558349609,8.795000076293945,8.795000076293945,8.795000076293945,8.795000076293945,400
2013-01-15,6.855678558349609,8.795000076293945,8.795000076293945,8.795000076293945,8.795000076293945,0
2013-01-16,6.879144191741943,8.795000076293945,8.795000076293945,8.795000076293945,8.795000076293945,0
2013-01-17,6.879144191741943,8.795000076293945,8.795000076293945,8.795000076293945,8.795000076293945,0
2013-01-18,6.929983615875244,8.859999656677246,8.875,8.75,8.75,2200
2013-01-22,6.922160625457764,8.850000381469727,8.850000381469727,8.850000381469727,8.850000381469727,400
2013-01-23,6.922160625457764,8.850000381469727,8.850000381469727,8.850000381469727,8.850000381469727,0
2013-01-24,6.922160625457764,8.850000381469727,8.850000381469727,8.850000381469727,8.850000381469727,0
2013-01-25,6.922160625457764,8.850000381469727,8.850000381469727,8.850000381469727,8.850000381469727,0
2013-01-28,6.922160625457764,8.850000381469727,8.850000381469727,8.850000381469727,8.850000381469727,0
2013-01-29,6.922160625457764,8.850000381469727,8.925000190734863,8.850000381469727,8.854999542236328,253000
2013-01-30,6.922160625457764,8.850000381469727,8.850000381469727,8.850000381469727,8.850000381469727,0
2013-01-31,6.8439459800720215,8.75,8.824999809265137,8.75,8.824999809265137,2600
2013-02-01,6.922160625457764,8.850000381469727,8.9350004196167,8.800000190734863,8.800000190734863,20000
2013-02-04,6.922160625457764,8.850000381469727,8.925000190734863,8.835000038146973,8.835000038146973,126800
2013-02-05,7.070774078369141,9.039999961853027,9.045000076293945,8.885000228881836,8.885000228881836,4600
2013-02-06,7.176363945007324,9.175000190734863,9.244999885559082,9.100000381469727,9.244999885559082,16200
2013-02-07,7.043397426605225,9.005000114440918,9.135000228881836,8.979999542236328,9.135000228881836,8200
2013-02-08,7.0785956382751465,9.050000190734863,9.0649995803833,9.050000190734863,9.050000190734863,2400
2013-02-11,7.082505702972412,9.055000305175781,9.069999694824219,9.0,9.0,5200
2013-02-12,6.883054256439209,8.800000190734863,8.800000190734863,8.789999961853027,8.789999961853027,1000
2013-02-13,6.883054256439209,8.800000190734863,8.800000190734863,8.800000190734863,8.800000190734863,0
2013-02-14,6.89869499206543,8.819999694824219,8.819999694824219,8.819999694824219,8.819999694824219,600
2013-02-15,7.0277533531188965,8.984999656677246,9.0,8.954999923706055,8.954999923706055,2200
2013-02-19,7.0277533531188965,8.984999656677246,8.984999656677246,8.984999656677246,8.984999656677246,0
2013-02-20,7.043397426605225,9.005000114440918,9.005000114440918,9.005000114440918,9.005000114440918,200
2013-02-21,6.996467590332031,8.944999694824219,8.944999694824219,8.944999694824219,8.944999694824219,200
2013-02-22,6.996467590332031,8.944999694824219,8.944999694824219,8.944999694824219,8.944999694824219,0
2013-02-25,6.922160625457764,8.850000381469727,9.25,8.8149995803833,9.25,4200
2013-02-26,6.961270809173584,8.899999618530273,8.899999618530273,8.75,8.75,1400
2013-02-27,7.016022205352783,8.970000267028809,8.970000267028809,8.944999694824219,8.944999694824219,800
2013-02-28,7.019934177398682,8.975000381469727,8.975000381469727,8.765000343322754,8.875,3400
2013-03-01,6.953448295593262,8.890000343322754,8.890000343322754,8.890000343322754,8.890000343322754,200
2013-03-04,7.039489269256592,9.0,9.0,8.984999656677246,8.989999771118164,2600
2013-03-05,7.098148822784424,9.074999809265137,9.074999809265137,9.0649995803833,9.074999809265137,1400
2013-03-06,7.098148822784424,9.074999809265137,9.074999809265137,9.074999809265137,9.074999809265137,200
2013-03-07,7.098148822784424,9.074999809265137,9.074999809265137,9.074999809265137,9.074999809265137,1000
2013-03-08,6.922160625457764,8.850000381469727,8.850000381469727,8.850000381469727,8.850000381469727,400
2013-03-11,6.922160625457764,8.850000381469727,8.850000381469727,8.850000381469727,8.850000381469727,0
2013-03-12,6.922160625457764,8.850000381469727,8.850000381469727,8.850000381469727,8.850000381469727,0
2013-03-13,7.176363945007324,9.175000190734863,9.175000190734863,9.175000190734863,9.175000190734863,400
2013-03-14,7.176363945007324,9.175000190734863,9.175000190734863,9.175000190734863,9.175000190734863,0
2013-03-15,7.176363945007324,9.175000190734863,9.175000190734863,9.175000190734863,9.175000190734863,0
2013-03-18,7.176363945007324,9.175000190734863,9.175000190734863,9.175000190734863,9.175000190734863,1600
2013-03-19,7.164634704589844,9.15999984741211,9.15999984741211,9.15999984741211,9.15999984741211,400
2013-03-20,7.043397426605225,9.005000114440918,9.140000343322754,8.899999618530273,8.899999618530273,6000
2013-03-21,7.0082011222839355,8.960000038146973,9.0,8.875,9.0,6200
2013-03-22,7.0082011222839355,8.960000038146973,8.960000038146973,8.960000038146973,8.960000038146973,0
2013-03-25,7.184188365936279,9.1850004196167,9.1850004196167,8.984999656677246,8.984999656677246,600
2013-03-26,7.117703914642334,9.100000381469727,9.100000381469727,9.100000381469727,9.100000381469727,600
2013-03-27,7.117703914642334,9.100000381469727,9.100000381469727,9.100000381469727,9.100000381469727,0
2013-03-28,6.941714763641357,8.875,8.880000114440918,8.875,8.880000114440918,2200
2013-04-01,7.0003790855407715,8.949999809265137,8.970000267028809,8.875,8.890000343322754,75200
2013-04-02,7.0003790855407715,8.949999809265137,8.949999809265137,8.949999809265137,8.949999809265137,0
2013-04-03,7.019934177398682,8.975000381469727,8.989999771118164,8.975000381469727,8.989999771118164,800
2013-04-04,7.172453880310059,9.170000076293945,9.170000076293945,8.875,8.875,2200
2013-04-05,6.922160625457764,8.850000381469727,9.095000267028809,8.850000381469727,9.095000267028809,400
2013-04-08,7.07468318939209,9.045000076293945,9.1850004196167,9.005000114440918,9.010000228881836,11600
2013-04-09,7.117703914642334,9.100000381469727,9.180000305175781,9.005000114440918,9.170000076293945,2000
2013-04-10,7.070774078369141,9.039999961853027,9.119999885559082,9.039999961853027,9.119999885559082,600
2013-04-11,7.0277533531188965,8.984999656677246,9.055000305175781,8.960000038146973,9.055000305175781,4400
2013-04-12,7.086415767669678,9.0600004196167,9.0600004196167,9.0600004196167,9.0600004196167,600
2013-04-15,6.945626735687256,8.880000114440918,8.880000114440918,8.880000114440918,8.880000114440918,200
2013-04-16,7.039489269256592,9.0,9.0,8.944999694824219,8.944999694824219,3200
2013-04-17,6.883054256439209,8.800000190734863,8.920000076293945,8.800000190734863,8.920000076293945,21600
2013-04-18,7.1969895362854,9.170000076293945,9.1850004196167,9.170000076293945,9.1850004196167,800
2013-04-19,7.212685585021973,9.1899995803833,9.1899995803833,9.1899995803833,9.1899995803833,600
2013-04-22,7.177370548248291,9.145000457763672,9.149999618530273,9.145000457763672,9.149999618530273,400
2013-04-23,6.9536895751953125,8.859999656677246,9.024999618530273,8.824999809265137,9.024999618530273,7000
2013-04-24,7.024324417114258,8.949999809265137,9.0,8.949999809265137,9.0,9200
2013-04-25,7.016475677490234,8.9399995803833,8.9399995803833,8.9399995803833,8.9399995803833,200
2013-04-26,7.051795959472656,8.984999656677246,9.074999809265137,8.984999656677246,9.074999809265137,1000
2013-04-29,7.063568115234375,9.0,9.0,9.0,9.0,1000
2013-04-30,6.945840835571289,8.850000381469727,9.0649995803833,8.850000381469727,9.0600004196167,4800
2013-05-01,7.122430801391602,9.074999809265137,9.074999809265137,8.859999656677246,8.859999656677246,6200
2013-05-02,7.008630752563477,8.930000305175781,9.055000305175781,8.899999618530273,9.055000305175781,2600
2013-05-03,7.063568115234375,9.0,9.0,8.850000381469727,9.0,5200
2013-05-06,6.96938419342041,8.880000114440918,8.949999809265137,8.880000114440918,8.9399995803833,2000
2013-05-07,6.977232933044434,8.890000343322754,9.0,8.880000114440918,8.970000267028809,3000
2013-05-08,6.8477373123168945,8.725000381469727,8.760000228881836,8.720000267028809,8.760000228881836,5200
2013-05-09,6.949764728546143,8.854999542236328,8.854999542236328,8.854999542236328,8.854999542236328,600
2013-05-10,6.98115873336792,8.895000457763672,8.949999809265137,8.720000267028809,8.895000457763672,5800
2013-05-13,7.024324417114258,8.949999809265137,8.949999809265137,8.864999771118164,8.875,2400
2013-05-14,6.843811511993408,8.720000267028809,8.720000267028809,8.720000267028809,8.720000267028809,600
2013-05-15,7.016475677490234,8.9399995803833,8.944999694824219,8.859999656677246,8.859999656677246,1200
2013-05-16,6.965460300445557,8.875,8.989999771118164,8.819999694824219,8.975000381469727,2400
2013-05-17,6.977232933044434,8.890000343322754,8.96500015258789,8.75,8.795000076293945,4400
2013-05-20,6.9536895751953125,8.859999656677246,8.859999656677246,8.859999656677246,8.859999656677246,200
2013-05-21,6.7731757164001465,8.630000114440918,8.904999732971191,8.630000114440918,8.904999732971191,1200
2013-05-22,6.8006463050842285,8.664999961853027,8.680000305175781,8.630000114440918,8.664999961853027,2800
2013-05-23,6.7810258865356445,8.640000343322754,8.739999771118164,8.640000343322754,8.664999961853027,2200
2013-05-24,6.894825458526611,8.78499984741211,8.78499984741211,8.78499984741211,8.78499984741211,800
2013-05-28,6.894825458526611,8.78499984741211,8.78499984741211,8.78499984741211,8.78499984741211,0
2013-05-29,6.828113079071045,8.699999809265137,8.8100004196167,8.699999809265137,8.8100004196167,3200
2013-05-30,6.9615397453308105,8.869999885559082,8.869999885559082,8.869999885559082,8.869999885559082,200
2013-05-31,6.945840835571289,8.850000381469727,8.850000381469727,8.850000381469727,8.850000381469727,600
2013-06-03,6.828113079071045,8.699999809265137,8.800000190734863,8.699999809265137,8.800000190734863,3800
2013-06-04,6.886979103088379,8.774999618530273,8.774999618530273,8.704999923706055,8.704999923706055,3800
2013-06-05,6.788873195648193,8.649999618530273,8.670000076293945,8.625,8.670000076293945,1800
2013-06-06,6.87912654876709,8.765000343322754,8.765000343322754,8.6850004196167,8.6850004196167,600
2013-06-07,6.902675628662109,8.795000076293945,8.795000076293945,8.774999618530273,8.774999618530273,1200
2013-06-10,6.886979103088379,8.774999618530273,8.774999618530273,8.774999618530273,8.774999618530273,400
2013-06-11,6.8398871421813965,8.71500015258789,8.71500015258789,8.71500015258789,8.71500015258789,600
2013-06-12,6.714312553405762,8.555000305175781,8.725000381469727,8.550000190734863,8.725000381469727,1800
2013-06-13,6.714312553405762,8.555000305175781,8.555000305175781,8.555000305175781,8.555000305175781,0
2013-06-14,6.73000955581665,8.574999809265137,8.574999809265137,8.574999809265137,8.574999809265137,600
2013-06-17,6.843811511993408,8.720000267028809,8.720000267028809,8.720000267028809,8.720000267028809,200
2013-06-18,6.816341876983643,8.6850004196167,8.725000381469727,8.6850004196167,8.725000381469727,800
2013-06-19,6.816341876983643,8.6850004196167,8.6850004196167,8.6850004196167,8.6850004196167,0
2013-06-20,6.816341876983643,8.6850004196167,8.6850004196167,8.6850004196167,8.6850004196167,0
2013-06-21,6.824191570281982,8.694999694824219,8.694999694824219,8.694999694824219,8.694999694824219,200
2013-06-24,6.8202643394470215,8.6899995803833,8.6899995803833,8.6899995803833,8.6899995803833,200
2013-06-25,6.8202643394470215,8.6899995803833,8.6899995803833,8.6899995803833,8.6899995803833,0
2013-06-26,6.671146392822266,8.5,8.699999809265137,7.670000076293945,8.699999809265137,3200
2013-06-27,6.816341876983643,8.6850004196167,8.6850004196167,8.6850004196167,8.6850004196167,400
2013-06-28,6.804569244384766,8.670000076293945,8.6850004196167,8.5,8.6850004196167,22800
2013-07-01,6.8084940910339355,8.675000190734863,8.699999809265137,8.675000190734863,8.699999809265137,400
2013-07-02,6.8477373123168945,8.725000381469727,8.725000381469727,8.6850004196167,8.6850004196167,3000
2013-07-03,6.8398871421813965,8.71500015258789,8.71500015258789,8.704999923706055,8.704999923706055,600
2013-07-05,6.769253253936768,8.625,8.625,8.625,8.625,400
2013-07-08,6.816341876983643,8.6850004196167,8.6850004196167,8.515000343322754,8.515000343322754,600
2013-07-09,6.8398871421813965,8.71500015258789,8.71500015258789,8.71500015258789,8.71500015258789,200
2013-07-10,6.863431930541992,8.744999885559082,8.845000267028809,8.625,8.640000343322754,3400
2013-07-11,6.922296524047852,8.819999694824219,8.835000038146973,8.819999694824219,8.835000038146973,400
2013-07-12,6.86735725402832,8.75,8.824999809265137,8.699999809265137,8.824999809265137,2600
2013-07-15,6.863431930541992,8.744999885559082,8.744999885559082,8.5600004196167,8.670000076293945,7200
2013-07-16,6.86735725402832,8.75,8.75,8.5649995803833,8.595000267028809,7000
2013-07-17,6.930145263671875,8.829999923706055,8.829999923706055,8.574999809265137,8.6899995803833,2000
2013-07-18,6.961644172668457,8.84000015258789,8.84000015258789,8.835000038146973,8.84000015258789,600
2013-07-19,6.961644172668457,8.84000015258789,8.84000015258789,8.84000015258789,8.84000015258789,0
2013-07-22,6.8868303298950195,8.744999885559082,8.805000305175781,8.744999885559082,8.805000305175781,1600
2013-07-23,6.8868303298950195,8.744999885559082,8.744999885559082,8.744999885559082,8.744999885559082,0
2013-07-24,6.930144309997559,8.800000190734863,8.800000190734863,8.635000228881836,8.635000228881836,400
2013-07-25,6.930144309997559,8.800000190734863,8.800000190734863,8.800000190734863,8.800000190734863,0
2013-07-26,6.812017917633057,8.649999618530273,8.664999961853027,8.649999618530273,8.664999961853027,1200
2013-07-29,6.812017917633057,8.649999618530273,8.649999618530273,8.649999618530273,8.649999618530273,0
2013-07-30,6.8868303298950195,8.744999885559082,8.744999885559082,8.680000305175781,8.680000305175781,800
2013-07-31,6.8868303298950195,8.744999885559082,8.744999885559082,8.744999885559082,8.744999885559082,0
2013-08-01,6.8868303298950195,8.744999885559082,8.75,8.675000190734863,8.75,14800
2013-08-02,6.851390838623047,8.699999809265137,8.9399995803833,8.670000076293945,8.670000076293945,12800
2013-08-05,6.8868303298950195,8.744999885559082,8.744999885559082,8.744999885559082,8.744999885559082,200
2013-08-06,6.8868303298950195,8.744999885559082,8.744999885559082,8.699999809265137,8.699999809265137,600
2013-08-07,6.859269142150879,8.710000038146973,8.710000038146973,8.710000038146973,8.710000038146973,200
2013-08-08,6.843515872955322,8.6899995803833,8.6899995803833,8.6899995803833,8.6899995803833,600
2013-08-09,6.8868303298950195,8.744999885559082,8.744999885559082,8.670000076293945,8.670000076293945,3000
2013-08-12,6.8828935623168945,8.739999771118164,8.739999771118164,8.739999771118164,8.739999771118164,800
2013-08-13,6.8828935623168945,8.739999771118164,8.739999771118164,8.739999771118164,8.739999771118164,0
2013-08-14,6.8828935623168945,8.739999771118164,8.739999771118164,8.739999771118164,8.739999771118164,0
2013-08-15,6.8828935623168945,8.739999771118164,8.739999771118164,8.739999771118164,8.739999771118164,0
2013-08-16,6.796266555786133,8.630000114440918,8.630000114440918,8.630000114440918,8.630000114440918,200
2013-08-19,6.800206184387207,8.635000228881836,8.635000228881836,8.625,8.635000228881836,1200
2013-08-20,6.8789544105529785,8.734999656677246,8.734999656677246,8.640000343322754,8.640000343322754,400
2013-08-21,6.8789544105529785,8.734999656677246,8.734999656677246,8.734999656677246,8.734999656677246,200
2013-08-22,6.8789544105529785,8.734999656677246,8.734999656677246,8.734999656677246,8.734999656677246,0
2013-08-23,6.8828935623168945,8.739999771118164,8.739999771118164,8.739999771118164,8.739999771118164,200
2013-08-26,6.8789544105529785,8.734999656677246,8.734999656677246,8.734999656677246,8.734999656677246,200
2013-08-27,6.8277668952941895,8.670000076293945,8.670000076293945,8.670000076293945,8.670000076293945,400
2013-08-28,6.8277668952941895,8.670000076293945,8.670000076293945,8.670000076293945,8.670000076293945,0
2013-08-29,6.8277668952941895,8.670000076293945,8.670000076293945,8.670000076293945,8.670000076293945,0
2013-08-30,6.792329788208008,8.625,8.625,8.625,8.625,2200
2013-09-03,6.831705570220947,8.675000190734863,8.675000190734863,8.675000190734863,8.675000190734863,600
2013-09-04,6.831705570220947,8.675000190734863,8.675000190734863,8.675000190734863,8.675000190734863,0
2013-09-05,6.831705570220947,8.675000190734863,8.675000190734863,8.635000228881836,8.635000228881836,400
2013-09-06,6.831705570220947,8.675000190734863,8.675000190734863,8.675000190734863,8.675000190734863,0
2013-09-09,6.831705570220947,8.675000190734863,8.675000190734863,8.675000190734863,8.675000190734863,0
2013-09-10,6.831705570220947,8.675000190734863,8.675000190734863,8.675000190734863,8.675000190734863,0
2013-09-11,6.831705570220947,8.675000190734863,8.675000190734863,8.675000190734863,8.675000190734863,0
2013-09-12,6.80414342880249,8.640000343322754,8.640000343322754,8.640000343322754,8.640000343322754,400
2013-09-13,6.792329788208008,8.625,8.635000228881836,8.625,8.635000228881836,1600
2013-09-16,6.796266555786133,8.630000114440918,8.630000114440918,8.625,8.630000114440918,4200
2013-09-17,6.796266555786133,8.630000114440918,8.630000114440918,8.630000114440918,8.630000114440918,0
2013-09-18,6.796266555786133,8.630000114440918,8.630000114440918,8.630000114440918,8.630000114440918,0
2013-09-19,6.796266555786133,8.630000114440918,8.630000114440918,8.630000114440918,8.630000114440918,0
2013-09-20,6.796266555786133,8.630000114440918,8.630000114440918,8.630000114440918,8.630000114440918,0
2013-09-23,6.792329788208008,8.625,8.625,8.625,8.625,2400
2013-09-24,6.8868303298950195,8.744999885559082,8.744999885559082,8.600000381469727,8.625,2800
2013-09-25,6.772640705108643,8.600000381469727,8.725000381469727,8.600000381469727,8.6899995803833,6200
2013-09-26,6.6938886642456055,8.5,8.5,8.5,8.5,1200
2013-09-27,6.6938886642456055,8.5,8.645000457763672,8.5,8.5,1600
2013-09-30,6.682076454162598,8.484999656677246,8.484999656677246,8.484999656677246,8.484999656677246,200
2013-10-01,6.674201488494873,8.475000381469727,8.475000381469727,8.420000076293945,8.420000076293945,5600
2013-10-02,6.686014652252197,8.489999771118164,8.489999771118164,8.489999771118164,8.489999771118164,200
2013-10-03,6.686014652252197,8.489999771118164,8.489999771118164,8.489999771118164,8.489999771118164,0
2013-10-04,6.792329788208008,8.625,8.625,8.625,8.625,400
2013-10-07,6.81595516204834,8.654999732971191,8.675000190734863,8.5,8.5,10200
2013-10-08,6.670264720916748,8.470000267028809,8.470000267028809,8.470000267028809,8.470000267028809,200
2013-10-09,6.615136623382568,8.399999618530273,8.5,8.399999618530273,8.46500015258789,17200
2013-10-10,6.623012065887451,8.40999984741211,8.479999542236328,8.40999984741211,8.479999542236328,600
2013-10-11,6.642700672149658,8.4350004196167,8.4350004196167,8.425000190734863,8.425000190734863,800
2013-10-14,6.623012065887451,8.40999984741211,8.40999984741211,8.40999984741211,8.40999984741211,200
2013-10-15,6.599387168884277,8.380000114440918,8.380000114440918,8.380000114440918,8.380000114440918,200
2013-10-16,6.595449447631836,8.375,8.380000114440918,8.375,8.380000114440918,2800
2013-10-17,6.619159698486328,8.375,8.375,8.319999694824219,8.375,4200
2013-10-18,6.619159698486328,8.375,8.399999618530273,8.375,8.399999618530273,3800
2013-10-21,6.638917922973633,8.399999618530273,8.399999618530273,8.324999809265137,8.390000343322754,3000
2013-10-22,6.619159698486328,8.375,8.399999618530273,8.375,8.399999618530273,2400
2013-10-23,6.599401950836182,8.350000381469727,8.350000381469727,8.350000381469727,8.350000381469727,200
2013-10-24,6.607304096221924,8.359999656677246,8.359999656677246,8.359999656677246,8.359999656677246,200
2013-10-25,6.607304096221924,8.359999656677246,8.359999656677246,8.359999656677246,8.359999656677246,0
2013-10-28,6.638917922973633,8.399999618530273,8.399999618530273,8.395000457763672,8.395000457763672,2000
2013-10-29,6.6112565994262695,8.364999771118164,8.494999885559082,8.364999771118164,8.494999885559082,600
2013-10-30,6.658679008483887,8.425000190734863,8.484999656677246,8.425000190734863,8.484999656677246,15200
2013-10-31,6.619159698486328,8.375,8.40999984741211,8.375,8.399999618530273,10600
2013-11-01,6.638917922973633,8.399999618530273,8.5,8.399999618530273,8.5,600
2013-11-04,6.638917922973633,8.399999618530273,8.399999618530273,8.399999618530273,8.399999618530273,0
2013-11-05,6.690290451049805,8.46500015258789,8.604999542236328,8.46500015258789,8.604999542236328,800
2013-11-06,6.658679008483887,8.425000190734863,8.510000228881836,8.425000190734863,8.510000228881836,2200
2013-11-07,6.64682149887085,8.40999984741211,8.454999923706055,8.40999984741211,8.454999923706055,600
2013-11-08,6.8365068435668945,8.649999618530273,8.649999618530273,8.579999923706055,8.579999923706055,2400
2013-11-11,6.8365068435668945,8.649999618530273,8.649999618530273,8.649999618530273,8.649999618530273,0
2013-11-12,6.686337947845459,8.460000038146973,8.460000038146973,8.460000038146973,8.460000038146973,200
2013-11-13,6.686337947845459,8.460000038146973,8.529999732971191,8.460000038146973,8.529999732971191,800
2013-11-14,6.686337947845459,8.460000038146973,8.460000038146973,8.460000038146973,8.460000038146973,200
2013-11-15,6.682388782501221,8.454999923706055,8.454999923706055,8.454999923706055,8.454999923706055,200
2013-11-18,6.7219061851501465,8.505000114440918,8.505000114440918,8.505000114440918,8.505000114440918,200
2013-11-19,6.717952728271484,8.5,8.5,8.5,8.5,200
2013-11-20,6.737712383270264,8.524999618530273,8.524999618530273,8.494999885559082,8.5,7200
2013-11-21,6.702146530151367,8.479999542236328,8.5,8.479999542236328,8.5,11600
2013-11-22,6.6784348487854,8.449999809265137,8.449999809265137,8.449999809265137,8.449999809265137,200
2013-11-25,6.6784348487854,8.449999809265137,8.449999809265137,8.449999809265137,8.449999809265137,200
2013-11-26,6.6784348487854,8.449999809265137,8.449999809265137,8.449999809265137,8.449999809265137,200
2013-11-27,6.717952728271484,8.5,8.5,8.460000038146973,8.460000038146973,66400
2013-11-29,6.717952728271484,8.5,8.5,8.5,8.5,0
2013-12-02,6.840457916259766,8.654999732971191,8.654999732971191,8.649999618530273,8.649999618530273,400
2013-12-03,6.832552909851074,8.645000457763672,8.645000457763672,8.645000457763672,8.645000457763672,400
2013-12-04,6.840457916259766,8.654999732971191,8.654999732971191,8.654999732971191,8.654999732971191,600
2013-12-05,6.737712383270264,8.524999618530273,8.53499984741211,8.524999618530273,8.524999618530273,1400
2013-12-06,6.824652671813965,8.635000228881836,8.635000228881836,8.574999809265137,8.574999809265137,600
2013-12-09,6.824652671813965,8.635000228881836,8.635000228881836,8.5,8.5,20600
2013-12-10,6.737712383270264,8.524999618530273,8.675000190734863,8.524999618530273,8.675000190734863,3200
2013-12-11,6.8365068435668945,8.649999618530273,8.725000381469727,8.649999618530273,8.725000381469727,400
2013-12-12,6.856264114379883,8.675000190734863,8.675000190734863,8.675000190734863,8.675000190734863,127400
2013-12-13,6.856264114379883,8.675000190734863,8.675000190734863,8.675000190734863,8.675000190734863,0
2013-12-16,6.856264114379883,8.675000190734863,8.675000190734863,8.675000190734863,8.675000190734863,0
2013-12-17,6.856264114379883,8.675000190734863,8.675000190734863,8.675000190734863,8.675000190734863,0
2013-12-18,6.91554069519043,8.75,8.75,8.625,8.625,1000
2013-12-19,6.86021614074707,8.680000305175781,8.744999885559082,8.680000305175781,8.744999885559082,150800
2013-12-20,6.824652671813965,8.635000228881836,8.635000228881836,8.635000228881836,8.635000228881836,400
2013-12-23,6.745615482330322,8.53499984741211,8.664999961853027,8.53499984741211,8.664999961853027,400
2013-12-24,6.745615482330322,8.53499984741211,8.53499984741211,8.53499984741211,8.53499984741211,0
2013-12-26,6.816748142242432,8.625,8.625,8.619999885559082,8.619999885559082,1000
2013-12-27,6.907638072967529,8.739999771118164,8.744999885559082,8.630000114440918,8.645000457763672,2800
2013-12-30,6.911587715148926,8.744999885559082,8.744999885559082,8.635000228881836,8.635000228881836,400
2013-12-31,7.034093856811523,8.899999618530273,8.899999618530273,8.765000343322754,8.774999618530273,1800
2014-01-02,6.840457916259766,8.654999732971191,9.494999885559082,8.654999732971191,8.925000190734863,34000
2014-01-03,6.994575500488281,8.850000381469727,8.850000381469727,8.75,8.75,1400
2014-01-06,7.065705299377441,8.9399995803833,8.9399995803833,8.545000076293945,8.545000076293945,400
2014-01-07,6.828603267669678,8.640000343322754,8.850000381469727,8.640000343322754,8.850000381469727,600
2014-01-08,6.8365068435668945,8.649999618530273,8.649999618530273,8.649999618530273,8.649999618530273,200
2014-01-09,6.773278713226318,8.569999694824219,8.609999656677246,8.550000190734863,8.579999923706055,3600
2014-01-10,6.852312088012695,8.670000076293945,8.670000076293945,8.569999694824219,8.569999694824219,400
2014-01-13,6.852312088012695,8.670000076293945,8.670000076293945,8.670000076293945,8.670000076293945,0
2014-01-14,6.852312088012695,8.670000076293945,8.670000076293945,8.670000076293945,8.670000076293945,0
2014-01-15,6.876105308532715,8.670000076293945,8.670000076293945,8.670000076293945,8.670000076293945,0
2014-01-16,6.876105308532715,8.670000076293945,8.670000076293945,8.670000076293945,8.670000076293945,0
2014-01-17,6.876105308532715,8.670000076293945,8.670000076293945,8.670000076293945,8.670000076293945,0
2014-01-21,6.868175029754639,8.65999984741211,8.75,8.65999984741211,8.744999885559082,13000
2014-01-22,6.939553260803223,8.75,8.75,8.75,8.75,400
2014-01-23,6.939553260803223,8.75,8.75,8.75,8.75,0
2014-01-24,6.939553260803223,8.75,8.75,8.75,8.75,0
2014-01-27,7.038687229156494,8.875,8.875,8.875,8.875,200
2014-01-28,7.038687229156494,8.875,8.875,8.875,8.875,0
2014-01-29,7.038687229156494,8.875,8.875,8.875,8.875,0
2014-01-30,7.06248140335083,8.904999732971191,8.930000305175781,8.904999732971191,8.914999961853027,1000
2014-01-31,6.9792070388793945,8.800000190734863,8.899999618530273,8.800000190734863,8.899999618530273,7400
2014-02-03,7.078341960906982,8.925000190734863,8.930000305175781,8.859999656677246,8.875,3200
2014-02-04,7.038687229156494,8.875,8.930000305175781,8.875,8.930000305175781,1600
2014-02-05,7.038687229156494,8.875,8.875,8.875,8.875,0
2014-02-06,7.038687229156494,8.875,8.875,8.875,8.875,2000
2014-02-07,7.038687229156494,8.875,8.875,8.875,8.875,0
2014-02-10,7.038687229156494,8.875,8.875,8.875,8.875,0
2014-02-11,7.082310676574707,8.930000305175781,8.930000305175781,8.930000305175781,8.930000305175781,2000
2014-02-12,7.082310676574707,8.930000305175781,8.930000305175781,8.930000305175781,8.930000305175781,0
2014-02-13,7.082310676574707,8.930000305175781,8.930000305175781,8.930000305175781,8.930000305175781,0
2014-02-14,7.082310676574707,8.930000305175781,8.930000305175781,8.930000305175781,8.930000305175781,0
2014-02-18,6.959381580352783,8.774999618530273,8.774999618530273,8.760000228881836,8.760000228881836,3000
2014-02-19,7.078341960906982,8.925000190734863,8.925000190734863,8.875,8.875,1800
2014-02-20,7.078341960906982,8.925000190734863,8.925000190734863,8.925000190734863,8.925000190734863,0
2014-02-21,6.963345527648926,8.779999732971191,8.779999732971191,8.779999732971191,8.779999732971191,200
2014-02-24,7.078341960906982,8.925000190734863,8.925000190734863,8.824999809265137,8.824999809265137,2600
2014-02-25,7.078341960906982,8.925000190734863,8.925000190734863,8.925000190734863,8.925000190734863,0
2014-02-26,7.038687229156494,8.875,8.875,8.875,8.875,2000
2014-02-27,7.0426530838012695,8.880000114440918,8.899999618530273,8.880000114440918,8.899999618530273,9800
2014-02-28,7.082310676574707,8.930000305175781,8.930000305175781,8.880000114440918,8.880000114440918,2200
2014-03-03,7.082310676574707,8.930000305175781,8.930000305175781,8.930000305175781,8.930000305175781,0
2014-03-04,7.022826194763184,8.854999542236328,8.930000305175781,8.854999542236328,8.920000076293945,8600
2014-03-05,7.137826919555664,9.0,9.029999732971191,8.880000114440918,9.029999732971191,1600
2014-03-06,7.018861770629883,8.850000381469727,9.029999732971191,8.850000381469727,9.0,2600
2014-03-07,7.030757904052734,8.864999771118164,8.864999771118164,8.864999771118164,8.864999771118164,400
2014-03-10,7.030757904052734,8.864999771118164,8.864999771118164,8.864999771118164,8.864999771118164,0
2014-03-11,7.129893779754639,8.989999771118164,8.989999771118164,8.90999984741211,8.90999984741211,600
2014-03-12,7.07437801361084,8.920000076293945,8.920000076293945,8.920000076293945,8.920000076293945,400
2014-03-13,7.0585174560546875,8.899999618530273,8.899999618530273,8.899999618530273,8.899999618530273,200
2014-03-14,7.046621322631836,8.885000228881836,8.885000228881836,8.885000228881836,8.885000228881836,400
2014-03-17,7.066448211669922,8.90999984741211,8.90999984741211,8.880000114440918,8.880000114440918,400
2014-03-18,7.0585174560546875,8.899999618530273,9.010000228881836,8.899999618530273,8.904999732971191,1000
2014-03-19,7.0585174560546875,8.899999618530273,8.899999618530273,8.899999618530273,8.899999618530273,0
2014-03-20,7.169547080993652,9.039999961853027,9.039999961853027,9.039999961853027,9.039999961853027,400
2014-03-21,7.137826919555664,9.0,9.0,8.920000076293945,8.989999771118164,7400
2014-03-24,7.177481651306152,9.050000190734863,9.050000190734863,9.024999618530273,9.050000190734863,7000
2014-03-25,7.177481651306152,9.050000190734863,9.050000190734863,9.050000190734863,9.050000190734863,0
2014-03-26,7.177481651306152,9.050000190734863,9.050000190734863,9.050000190734863,9.050000190734863,0
2014-03-27,7.177481651306152,9.050000190734863,9.050000190734863,9.050000190734863,9.050000190734863,0
2014-03-28,7.177481651306152,9.050000190734863,9.050000190734863,9.050000190734863,9.050000190734863,0
2014-03-31,7.177481651306152,9.050000190734863,9.050000190734863,9.050000190734863,9.050000190734863,0
2014-04-01,7.355925559997559,9.274999618530273,9.274999618530273,9.274999618530273,9.274999618530273,19600
2014-04-02,7.078341960906982,8.925000190734863,9.25,8.925000190734863,9.25,2200
2014-04-03,7.312306880950928,9.220000267028809,9.220000267028809,9.220000267028809,9.220000267028809,600
2014-04-04,7.137826919555664,9.0,9.005000114440918,8.899999618530273,8.899999618530273,4000
2014-04-07,7.236963272094727,9.125,9.125,9.125,9.125,200
2014-04-08,7.137826919555664,9.0,9.03499984741211,9.0,9.03499984741211,3600
2014-04-09,7.177481651306152,9.050000190734863,9.050000190734863,9.050000190734863,9.050000190734863,1000
2014-04-10,7.177481651306152,9.050000190734863,9.050000190734863,9.050000190734863,9.050000190734863,1000
2014-04-11,7.137826919555664,9.0,9.050000190734863,9.0,9.050000190734863,2400
2014-04-14,7.177481651306152,9.050000190734863,9.050000190734863,9.0,9.0,2600
2014-04-15,7.177481651306152,9.050000190734863,9.050000190734863,9.050000190734863,9.050000190734863,0
2014-04-16,7.201354503631592,9.050000190734863,9.050000190734863,9.050000190734863,9.050000190734863,0
2014-04-17,7.201354503631592,9.050000190734863,9.050000190734863,9.050000190734863,9.050000190734863,0
2014-04-21,7.201354503631592,9.050000190734863,9.050000190734863,9.050000190734863,9.050000190734863,0
2014-04-22,7.300817966461182,9.175000190734863,9.175000190734863,9.175000190734863,9.175000190734863,200
2014-04-23,7.300817966461182,9.175000190734863,9.175000190734863,9.175000190734863,9.175000190734863,0
2014-04-24,7.300817966461182,9.175000190734863,9.175000190734863,9.175000190734863,9.175000190734863,2000
2014-04-25,7.300817966461182,9.175000190734863,9.175000190734863,9.175000190734863,9.175000190734863,0
2014-04-28,7.300817966461182,9.175000190734863,9.175000190734863,9.175000190734863,9.175000190734863,0
2014-04-29,7.340604782104492,9.225000381469727,9.225000381469727,9.225000381469727,9.225000381469727,9000
2014-04-30,7.261033535003662,9.125,9.25,9.125,9.225000381469727,5600
2014-05-01,7.261033535003662,9.125,9.125,9.125,9.125,0
2014-05-02,7.360497951507568,9.25,9.5,9.25,9.5,1800
2014-05-05,7.360497951507568,9.25,9.25,9.239999771118164,9.239999771118164,13800
2014-05-06,7.360497951507568,9.25,9.25,9.25,9.25,0
2014-05-07,7.360497951507568,9.25,9.25,9.25,9.25,0
2014-05-08,7.268989562988281,9.135000228881836,9.765000343322754,9.135000228881836,9.274999618530273,4400
2014-05-09,7.400284767150879,9.300000190734863,9.5,9.135000228881836,9.300000190734863,10000
2014-05-12,7.440070152282715,9.350000381469727,9.5,9.239999771118164,9.25,16000
2014-05-13,7.39232873916626,9.289999961853027,9.289999961853027,9.289999961853027,9.289999961853027,200
2014-05-14,7.39232873916626,9.289999961853027,9.289999961853027,9.289999961853027,9.289999961853027,0
2014-05-15,7.45996618270874,9.375,9.385000228881836,9.25,9.25,5000
2014-05-16,7.45996618270874,9.375,9.375,9.375,9.375,0
2014-05-19,7.420177459716797,9.324999809265137,9.335000038146973,9.324999809265137,9.335000038146973,1200
2014-05-20,7.41619873046875,9.319999694824219,9.319999694824219,9.319999694824219,9.319999694824219,1000
2014-05-21,7.41619873046875,9.319999694824219,9.319999694824219,9.319999694824219,9.319999694824219,0
2014-05-22,7.41619873046875,9.319999694824219,9.319999694824219,9.319999694824219,9.319999694824219,0
2014-05-23,7.41619873046875,9.319999694824219,9.319999694824219,9.319999694824219,9.319999694824219,0
2014-05-27,7.440070152282715,9.350000381469727,9.375,9.3149995803833,9.375,12400
2014-05-28,7.45996618270874,9.375,9.375,9.375,9.375,8800
2014-05-29,7.45996618270874,9.375,9.375,9.375,9.375,12800
2014-05-30,7.45996618270874,9.375,9.375,9.375,9.375,0
2014-06-02,7.45996618270874,9.375,9.375,9.375,9.375,0
2014-06-03,7.45996618270874,9.375,9.375,9.369999885559082,9.375,3200
2014-06-04,7.45996618270874,9.375,9.375,9.375,9.375,0
2014-06-05,7.45996618270874,9.375,9.375,9.375,9.375,0
2014-06-06,7.45996618270874,9.375,9.385000228881836,9.375,9.385000228881836,1000
2014-06-09,7.45996618270874,9.375,9.375,9.375,9.375,1200
2014-06-10,7.45996618270874,9.375,9.375,9.375,9.375,0
2014-06-11,7.45996618270874,9.375,9.375,9.375,9.375,200
2014-06-12,7.47189998626709,9.390000343322754,9.390000343322754,9.390000343322754,9.390000343322754,400
2014-06-13,7.47189998626709,9.390000343322754,9.390000343322754,9.390000343322754,9.390000343322754,0
2014-06-16,7.47189998626709,9.390000343322754,9.390000343322754,9.390000343322754,9.390000343322754,0
2014-06-17,7.47189998626709,9.390000343322754,9.390000343322754,9.390000343322754,9.390000343322754,0
2014-06-18,7.47189998626709,9.390000343322754,9.390000343322754,9.390000343322754,9.390000343322754,0
2014-06-19,7.47189998626709,9.390000343322754,9.390000343322754,9.390000343322754,9.390000343322754,0
2014-06-20,7.47189998626709,9.390000343322754,9.390000343322754,9.390000343322754,9.390000343322754,0
2014-06-23,7.47189998626709,9.390000343322754,9.390000343322754,9.390000343322754,9.390000343322754,0
2014-06-24,7.47189998626709,9.390000343322754,9.390000343322754,9.390000343322754,9.390000343322754,0
2014-06-25,7.479856491088867,9.399999618530273,9.399999618530273,9.390000343322754,9.390000343322754,1800
2014-06-26,7.479856491088867,9.399999618530273,9.399999618530273,9.399999618530273,9.399999618530273,0
2014-06-27,7.770300388336182,9.765000343322754,9.765000343322754,9.489999771118164,9.489999771118164,2000
2014-06-30,7.770300388336182,9.765000343322754,9.765000343322754,9.765000343322754,9.765000343322754,0
2014-07-01,7.547494411468506,9.484999656677246,9.489999771118164,9.484999656677246,9.489999771118164,600
2014-07-02,7.567391395568848,9.510000228881836,9.635000228881836,9.479999542236328,9.614999771118164,4200
2014-07-03,7.420177459716797,9.324999809265137,9.324999809265137,9.324999809265137,9.324999809265137,200
2014-07-07,7.555449485778809,9.494999885559082,9.494999885559082,9.430000305175781,9.430000305175781,3000
2014-07-08,7.555449485778809,9.494999885559082,9.494999885559082,9.494999885559082,9.494999885559082,0
2014-07-09,7.555449485778809,9.494999885559082,9.494999885559082,9.494999885559082,9.494999885559082,0
2014-07-10,7.4878129959106445,9.40999984741211,9.420000076293945,9.40999984741211,9.414999961853027,9800
2014-07-11,7.440070152282715,9.350000381469727,9.399999618530273,9.335000038146973,9.350000381469727,86000
2014-07-14,7.440070152282715,9.350000381469727,9.425000190734863,9.350000381469727,9.350000381469727,24400
2014-07-15,7.559430122375488,9.5,9.5,9.5,9.5,200
2014-07-16,7.599215984344482,9.550000190734863,9.550000190734863,9.550000190734863,9.550000190734863,200
2014-07-17,7.5832438468933105,9.494999885559082,9.539999961853027,9.399999618530273,9.399999618530273,4800
2014-07-18,7.730996608734131,9.680000305175781,9.680000305175781,9.420000076293945,9.505000114440918,22400
2014-07-21,7.539319038391113,9.4399995803833,9.4399995803833,9.430000305175781,9.430000305175781,800
2014-07-22,7.539319038391113,9.4399995803833,9.4399995803833,9.4399995803833,9.4399995803833,0
2014-07-23,7.539319038391113,9.4399995803833,9.4399995803833,9.4399995803833,9.4399995803833,0
2014-07-24,7.539319038391113,9.4399995803833,9.4399995803833,9.4399995803833,9.4399995803833,0
2014-07-25,7.555290222167969,9.460000038146973,9.529999732971191,9.380000114440918,9.529999732971191,24400
2014-07-28,7.555290222167969,9.460000038146973,9.460000038146973,9.460000038146973,9.460000038146973,0
2014-07-29,7.555290222167969,9.460000038146973,9.460000038146973,9.460000038146973,9.460000038146973,0
2014-07-30,7.555290222167969,9.460000038146973,9.460000038146973,9.460000038146973,9.460000038146973,0
2014-07-31,7.555290222167969,9.460000038146973,9.460000038146973,9.460000038146973,9.460000038146973,0
2014-08-01,7.5872368812561035,9.5,9.5,9.449999809265137,9.494999885559082,37600
2014-08-04,7.563277244567871,9.470000267028809,9.470000267028809,9.470000267028809,9.470000267028809,200
2014-08-05,7.515358924865723,9.40999984741211,9.40999984741211,9.390000343322754,9.390000343322754,1000
2014-08-06,7.471429824829102,9.354999542236328,9.354999542236328,9.354999542236328,9.354999542236328,400
2014-08-07,7.5353240966796875,9.4350004196167,9.625,9.399999618530273,9.399999618530273,14600
2014-08-08,7.5353240966796875,9.4350004196167,9.4350004196167,9.4350004196167,9.4350004196167,0
2014-08-11,7.571260452270508,9.479999542236328,9.550000190734863,9.359999656677246,9.359999656677246,12200
2014-08-12,7.559283256530762,9.46500015258789,9.75,9.359999656677246,9.625,32400
2014-08-13,7.559283256530762,9.46500015258789,9.46500015258789,9.46500015258789,9.46500015258789,0
2014-08-14,7.647136688232422,9.574999809265137,9.574999809265137,9.574999809265137,9.574999809265137,400
2014-08-15,7.794888019561768,9.760000228881836,10.149999618530273,9.454999923706055,9.505000114440918,29600
2014-08-18,7.715019702911377,9.65999984741211,9.65999984741211,9.65999984741211,9.65999984741211,6200
2014-08-19,7.579248428344727,9.489999771118164,9.625,9.489999771118164,9.625,25400
2014-08-20,7.60720157623291,9.524999618530273,9.53499984741211,9.479999542236328,9.479999542236328,6400
2014-08-21,7.723007678985596,9.670000076293945,9.670000076293945,9.670000076293945,9.670000076293945,400
2014-08-22,7.647136688232422,9.574999809265137,9.625,9.574999809265137,9.625,1600
2014-08-25,7.655123710632324,9.585000038146973,9.625,9.475000381469727,9.475000381469727,10600
2014-08-26,7.555290222167969,9.460000038146973,9.460000038146973,9.460000038146973,9.460000038146973,200
2014-08-27,7.555290222167969,9.460000038146973,9.460000038146973,9.460000038146973,9.460000038146973,0
2014-08-28,7.555290222167969,9.460000038146973,9.460000038146973,9.460000038146973,9.460000038146973,0
2014-08-29,7.687067985534668,9.625,9.625,9.614999771118164,9.614999771118164,3400
2014-09-02,7.5872368812561035,9.5,9.75,9.5,9.574999809265137,5600
2014-09-03,7.727003574371338,9.675000190734863,9.704999923706055,9.675000190734863,9.704999923706055,6600
2014-09-04,7.727003574371338,9.675000190734863,9.675000190734863,9.675000190734863,9.675000190734863,0
2014-09-05,7.727003574371338,9.675000190734863,9.675000190734863,9.675000190734863,9.675000190734863,0
2014-09-08,7.659115314483643,9.59000015258789,9.59000015258789,9.59000015258789,9.59000015258789,400
2014-09-09,7.663108825683594,9.595000267028809,9.600000381469727,9.510000228881836,9.510000228881836,1800
2014-09-10,7.663108825683594,9.595000267028809,9.595000267028809,9.595000267028809,9.595000267028809,0
2014-09-11,7.663108825683594,9.595000267028809,9.595000267028809,9.595000267028809,9.595000267028809,0
2014-09-12,7.663108825683594,9.595000267028809,9.595000267028809,9.595000267028809,9.595000267028809,0
2014-09-15,7.5872368812561035,9.5,9.5,9.5,9.5,400
2014-09-16,7.683076858520508,9.619999885559082,9.694999694824219,9.555000305175781,9.600000381469727,8400
2014-09-17,7.651126861572266,9.579999923706055,9.579999923706055,9.579999923706055,9.579999923706055,400
2014-09-18,7.651126861572266,9.579999923706055,9.579999923706055,9.579999923706055,9.579999923706055,0
2014-09-19,7.786900520324707,9.75,9.75,9.5,9.5,1600
2014-09-22,7.786900520324707,9.75,9.75,9.75,9.75,0
2014-09-23,7.60720157623291,9.524999618530273,9.524999618530273,9.524999618530273,9.524999618530273,400
2014-09-24,7.663108825683594,9.595000267028809,9.595000267028809,9.595000267028809,9.595000267028809,600
2014-09-25,7.663108825683594,9.595000267028809,9.595000267028809,9.595000267028809,9.595000267028809,0
2014-09-26,7.5872368812561035,9.5,9.5,9.5,9.5,800
2014-09-29,7.5872368812561035,9.5,9.5,9.5,9.5,0
2014-09-30,7.687067985534668,9.625,9.625,9.625,9.625,200
2014-10-01,7.687067985534668,9.625,9.625,9.625,9.625,0
2014-10-02,7.687067985534668,9.625,9.625,9.625,9.625,0
2014-10-03,7.687067985534668,9.625,9.625,9.625,9.625,0
2014-10-06,7.687067985534668,9.625,9.625,9.609999656677246,9.625,3600
2014-10-07,7.5872368812561035,9.5,9.625,9.5,9.625,4800
2014-10-08,7.647136688232422,9.574999809265137,9.574999809265137,9.574999809265137,9.574999809265137,600
2014-10-09,7.647136688232422,9.574999809265137,9.574999809265137,9.574999809265137,9.574999809265137,0
2014-10-10,7.647136688232422,9.574999809265137,9.574999809265137,9.574999809265137,9.574999809265137,0
2014-10-13,7.647136688232422,9.574999809265137,9.574999809265137,9.574999809265137,9.574999809265137,0
2014-10-14,7.786900520324707,9.75,9.75,9.574999809265137,9.574999809265137,4200
2014-10-15,7.786900520324707,9.75,9.75,9.75,9.75,0
2014-10-16,7.814955711364746,9.75,9.75,9.75,9.75,0
2014-10-17,7.814955711364746,9.75,9.75,9.75,9.75,0
2014-10-20,7.814955711364746,9.75,9.75,9.75,9.75,400
2014-10-21,7.814955711364746,9.75,9.75,9.75,9.75,0
2014-10-22,7.814955711364746,9.75,9.75,9.75,9.75,0
2014-10-23,7.814955711364746,9.75,9.75,9.75,9.75,0
2014-10-24,7.814955711364746,9.75,9.75,9.75,9.75,0
2014-10-27,7.814955711364746,9.75,9.75,9.75,9.75,0
2014-10-28,7.814955711364746,9.75,9.75,9.75,9.75,0
2014-10-29,7.834990501403809,9.774999618530273,9.774999618530273,9.774999618530273,9.774999618530273,10000
2014-10-30,7.814955711364746,9.75,9.875,9.725000381469727,9.755000114440918,3600
2014-10-31,7.911139488220215,9.869999885559082,9.869999885559082,9.869999885559082,9.869999885559082,400
2014-11-03,7.911139488220215,9.869999885559082,9.869999885559082,9.869999885559082,9.869999885559082,0
2014-11-04,7.911139488220215,9.869999885559082,9.869999885559082,9.869999885559082,9.869999885559082,0
2014-11-05,7.911139488220215,9.869999885559082,9.869999885559082,9.869999885559082,9.869999885559082,0
2014-11-06,7.75484037399292,9.675000190734863,9.675000190734863,9.675000190734863,9.675000190734863,600
2014-11-07,7.794919013977051,9.725000381469727,9.725000381469727,9.725000381469727,9.725000381469727,600
2014-11-10,7.794919013977051,9.725000381469727,9.725000381469727,9.725000381469727,9.725000381469727,0
2014-11-11,7.794919013977051,9.725000381469727,9.725000381469727,9.725000381469727,9.725000381469727,0
2014-11-12,7.794919013977051,9.725000381469727,9.725000381469727,9.725000381469727,9.725000381469727,0
2014-11-13,7.794919013977051,9.725000381469727,9.725000381469727,9.725000381469727,9.725000381469727,0
2014-11-14,7.794919013977051,9.725000381469727,9.725000381469727,9.725000381469727,9.725000381469727,0
2014-11-17,7.75484037399292,9.675000190734863,9.675000190734863,9.675000190734863,9.675000190734863,1200
2014-11-18,7.75484037399292,9.675000190734863,9.6850004196167,9.675000190734863,9.6850004196167,1800
2014-11-19,7.8430070877075195,9.78499984741211,9.78499984741211,9.78499984741211,9.78499984741211,200
2014-11-20,7.814955711364746,9.75,9.75,9.75,9.75,400
2014-11-21,7.75484037399292,9.675000190734863,9.675000190734863,9.675000190734863,9.675000190734863,200
2014-11-24,7.75484037399292,9.675000190734863,9.675000190734863,9.675000190734863,9.675000190734863,0
2014-11-25,7.75484037399292,9.675000190734863,9.675000190734863,9.675000190734863,9.675000190734863,0
2014-11-26,7.75484037399292,9.675000190734863,9.675000190734863,9.675000190734863,9.675000190734863,0
2014-11-28,7.75484037399292,9.675000190734863,9.675000190734863,9.675000190734863,9.675000190734863,0
2014-12-01,7.75484037399292,9.675000190734863,9.675000190734863,9.675000190734863,9.675000190734863,0
2014-12-02,7.75484037399292,9.675000190734863,9.675000190734863,9.675000190734863,9.675000190734863,0
2014-12-03,7.75484037399292,9.675000190734863,9.675000190734863,9.675000190734863,9.675000190734863,0
2014-12-04,7.887092113494873,9.84000015258789,9.84000015258789,9.795000076293945,9.795000076293945,800
2014-12-05,7.887092113494873,9.84000015258789,9.84000015258789,9.84000015258789,9.84000015258789,0
2014-12-08,7.887092113494873,9.84000015258789,9.84000015258789,9.84000015258789,9.84000015258789,0
2014-12-09,7.983277797698975,9.960000038146973,9.960000038146973,9.960000038146973,9.960000038146973,200
2014-12-10,8.015336990356445,10.0,10.0,10.0,10.0,2000
2014-12-11,8.023354530334473,10.010000228881836,10.010000228881836,9.975000381469727,10.0,12400
2014-12-12,8.0193452835083,10.005000114440918,10.005000114440918,10.0,10.005000114440918,16400
2014-12-15,8.0193452835083,10.005000114440918,10.005000114440918,10.005000114440918,10.005000114440918,0
2014-12-16,8.0193452835083,10.005000114440918,10.005000114440918,10.005000114440918,10.005000114440918,0
2014-12-17,8.135566711425781,10.149999618530273,10.149999618530273,10.045000076293945,10.045000076293945,6000
2014-12-18,8.135566711425781,10.149999618530273,10.149999618530273,10.149999618530273,10.149999618530273,0
2014-12-19,8.135566711425781,10.149999618530273,10.149999618530273,10.149999618530273,10.149999618530273,0
2014-12-22,8.135566711425781,10.149999618530273,10.149999618530273,10.149999618530273,10.149999618530273,0
2014-12-23,7.871064186096191,9.819999694824219,9.819999694824219,9.819999694824219,9.819999694824219,600
2014-12-24,7.871064186096191,9.819999694824219,9.819999694824219,9.819999694824219,9.819999694824219,0
2014-12-26,7.871064186096191,9.819999694824219,9.819999694824219,9.819999694824219,9.819999694824219,0
2014-12-29,7.871064186096191,9.819999694824219,9.819999694824219,9.819999694824219,9.819999694824219,0
2014-12-30,7.82697868347168,9.765000343322754,9.765000343322754,9.765000343322754,9.765000343322754,200
2014-12-31,7.82697868347168,9.765000343322754,9.765000343322754,9.765000343322754,9.765000343322754,0
2015-01-02,7.82697868347168,9.765000343322754,9.765000343322754,9.765000343322754,9.765000343322754,0
2015-01-05,7.82697868347168,9.765000343322754,9.765000343322754,9.765000343322754,9.765000343322754,0
2015-01-06,7.734798908233643,9.649999618530273,9.75,9.649999618530273,9.75,2000
2015-01-07,7.734798908233643,9.649999618530273,9.649999618530273,9.649999618530273,9.649999618530273,0
2015-01-08,7.734798908233643,9.649999618530273,9.774999618530273,9.649999618530273,9.774999618530273,1600
2015-01-09,7.734798908233643,9.649999618530273,9.649999618530273,9.649999618530273,9.649999618530273,0
2015-01-12,7.734798908233643,9.649999618530273,9.649999618530273,9.649999618530273,9.649999618530273,0
2015-01-13,7.734798908233643,9.649999618530273,9.649999618530273,9.649999618530273,9.649999618530273,0
2015-01-14,7.734798908233643,9.649999618530273,9.649999618530273,9.649999618530273,9.649999618530273,400
2015-01-15,7.734798908233643,9.649999618530273,9.649999618530273,9.649999618530273,9.649999618530273,0
2015-01-16,7.734798908233643,9.649999618530273,9.649999618530273,9.649999618530273,9.649999618530273,0
2015-01-20,7.734798908233643,9.649999618530273,9.649999618530273,9.649999618530273,9.649999618530273,0
2015-01-21,7.734798908233643,9.649999618530273,9.649999618530273,9.649999618530273,9.649999618530273,0
2015-01-22,7.762955665588379,9.649999618530273,9.649999618530273,9.649999618530273,9.649999618530273,0
2015-01-23,7.762955665588379,9.649999618530273,9.649999618530273,9.649999618530273,9.649999618530273,0
2015-01-26,7.762955665588379,9.649999618530273,9.649999618530273,9.649999618530273,9.649999618530273,0
2015-01-27,7.762955665588379,9.649999618530273,9.649999618530273,9.649999618530273,9.649999618530273,0
2015-01-28,7.762955665588379,9.649999618530273,9.649999618530273,9.649999618530273,9.649999618530273,52800
2015-01-29,7.738822937011719,9.619999885559082,9.75,9.619999885559082,9.75,1400
2015-01-30,7.7227349281311035,9.600000381469727,9.640000343322754,9.574999809265137,9.619999885559082,1400
2015-02-02,7.650333881378174,9.510000228881836,9.510000228881836,9.505000114440918,9.510000228881836,4000
2015-02-03,7.650333881378174,9.510000228881836,9.510000228881836,9.510000228881836,9.510000228881836,0
2015-02-04,7.923848628997803,9.850000381469727,9.899999618530273,9.850000381469727,9.899999618530273,6200
2015-02-05,7.923848628997803,9.850000381469727,9.850000381469727,9.850000381469727,9.850000381469727,0
2015-02-06,7.807201385498047,9.704999923706055,9.895000457763672,9.704999923706055,9.895000457763672,800
2015-02-09,8.000269889831543,9.944999694824219,9.944999694824219,9.739999771118164,9.739999771118164,1000
2015-02-10,7.823293685913086,9.725000381469727,9.75,9.725000381469727,9.725000381469727,13400
2015-02-11,7.823293685913086,9.725000381469727,9.725000381469727,9.725000381469727,9.725000381469727,0
2015-02-12,7.823293685913086,9.725000381469727,9.725000381469727,9.725000381469727,9.725000381469727,0
2015-02-13,7.823293685913086,9.725000381469727,9.725000381469727,9.725000381469727,9.725000381469727,0
2015-02-17,7.823293685913086,9.725000381469727,9.725000381469727,9.725000381469727,9.725000381469727,0
2015-02-18,7.823293685913086,9.725000381469727,9.725000381469727,9.725000381469727,9.725000381469727,0
2015-02-19,7.823293685913086,9.725000381469727,9.725000381469727,9.725000381469727,9.725000381469727,0
2015-02-20,7.919825077056885,9.845000267028809,9.850000381469727,9.699999809265137,9.699999809265137,71800
2015-02-23,8.024402618408203,9.975000381469727,9.975000381469727,9.975000381469727,9.975000381469727,200
2015-02-24,8.024402618408203,9.975000381469727,9.975000381469727,9.975000381469727,9.975000381469727,0
2015-02-25,7.83937931060791,9.744999885559082,9.895000457763672,9.744999885559082,9.895000457763672,3400
2015-02-26,7.83937931060791,9.744999885559082,9.744999885559082,9.744999885559082,9.744999885559082,0
2015-02-27,7.83937931060791,9.744999885559082,9.744999885559082,9.744999885559082,9.744999885559082,0
2015-03-02,7.83937931060791,9.744999885559082,9.744999885559082,9.744999885559082,9.744999885559082,0
2015-03-03,7.964067459106445,9.899999618530273,10.135000228881836,9.529999732971191,10.109999656677246,1800
2015-03-04,7.964067459106445,9.899999618530273,9.899999618530273,9.899999618530273,9.899999618530273,0
2015-03-05,7.964067459106445,9.899999618530273,9.899999618530273,9.899999618530273,9.899999618530273,0
2015-03-06,7.964067459106445,9.899999618530273,9.899999618530273,9.899999618530273,9.899999618530273,0
2015-03-09,7.803179740905762,9.699999809265137,10.0,9.600000381469727,9.600000381469727,14000
2015-03-10,8.004292488098145,9.949999809265137,9.960000038146973,9.899999618530273,9.899999618530273,6000
2015-03-11,7.97613525390625,9.914999961853027,9.914999961853027,9.914999961853027,9.914999961853027,200
2015-03-12,8.044515609741211,10.0,10.0,10.0,10.0,200
2015-03-13,8.044515609741211,10.0,10.0,10.0,10.0,0
2015-03-16,8.044515609741211,10.0,10.0,10.0,10.0,0
2015-03-17,8.044515609741211,10.0,10.0,10.0,10.0,0
2015-03-18,8.024402618408203,9.975000381469727,9.975000381469727,9.600000381469727,9.75,8600
2015-03-19,7.899713039398193,9.819999694824219,9.824999809265137,9.819999694824219,9.824999809265137,600
2015-03-20,7.843400478363037,9.75,9.75,9.744999885559082,9.744999885559082,2400
2015-03-23,7.843400478363037,9.75,9.75,9.75,9.75,0
2015-03-24,7.742847919464111,9.625,9.75,9.625,9.75,11600
2015-03-25,7.742847919464111,9.625,9.625,9.625,9.625,0
2015-03-26,7.742847919464111,9.625,9.710000038146973,9.625,9.710000038146973,4600
2015-03-27,7.742847919464111,9.625,9.625,9.625,9.625,0
2015-03-30,7.742847919464111,9.625,9.625,9.625,9.625,0
2015-03-31,7.742847919464111,9.625,9.625,9.625,9.625,0
2015-04-01,7.803179740905762,9.699999809265137,9.899999618530273,9.675000190734863,9.75,17000
2015-04-02,7.803179740905762,9.699999809265137,9.739999771118164,9.694999694824219,9.699999809265137,6000
2015-04-06,7.779046535491943,9.670000076293945,9.895000457763672,9.670000076293945,9.739999771118164,2000
2015-04-07,7.883625030517578,9.800000190734863,9.805000305175781,9.699999809265137,9.774999618530273,20600
2015-04-08,7.823293685913086,9.725000381469727,9.725000381469727,9.725000381469727,9.725000381469727,4000
2015-04-09,7.843400478363037,9.75,9.774999618530273,9.680000305175781,9.680000305175781,11800
2015-04-10,7.843400478363037,9.75,9.75,9.75,9.75,0
2015-04-13,7.843400478363037,9.75,9.75,9.75,9.75,0
2015-04-14,7.843400478363037,9.75,9.75,9.734999656677246,9.75,10000
2015-04-15,7.843400478363037,9.75,9.75,9.75,9.75,7600
2015-04-16,7.843400478363037,9.75,9.75,9.75,9.75,0
2015-04-17,7.742847919464111,9.625,9.625,9.625,9.625,1000
2015-04-20,7.742847919464111,9.625,9.625,9.625,9.625,1000
2015-04-21,7.803179740905762,9.699999809265137,9.699999809265137,9.699999809265137,9.699999809265137,200
2015-04-22,7.843400478363037,9.75,9.75,9.75,9.75,2200
2015-04-23,7.871658802032471,9.75,9.75,9.75,9.75,0
2015-04-24,7.871658802032471,9.75,9.75,9.75,9.75,0
2015-04-27,7.815146446228027,9.680000305175781,9.699999809265137,9.65999984741211,9.65999984741211,9200
2015-04-28,7.831291675567627,9.699999809265137,9.699999809265137,9.670000076293945,9.680000305175781,9800
2015-04-29,7.831291675567627,9.699999809265137,9.699999809265137,9.699999809265137,9.699999809265137,0
2015-04-30,7.871658802032471,9.75,10.0,9.630000114440918,9.630000114440918,37200
2015-05-01,7.871658802032471,9.75,10.0,9.630000114440918,9.630000114440918,37000
2015-05-04,7.871658802032471,9.75,10.0,9.630000114440918,9.630000114440918,37000
2015-05-05,7.811107158660889,9.675000190734863,9.675000190734863,9.675000190734863,9.675000190734863,4000
2015-05-06,7.811107158660889,9.675000190734863,9.675000190734863,9.675000190734863,9.675000190734863,0
2015-05-07,7.7747802734375,9.630000114440918,9.630000114440918,9.630000114440918,9.630000114440918,1000
2015-05-08,7.996798038482666,9.904999732971191,9.994999885559082,9.664999961853027,9.664999961853027,1200
2015-05-11,7.871658802032471,9.75,9.75,9.75,9.75,200
2015-05-12,7.871658802032471,9.75,9.75,9.75,9.75,0
2015-05-13,7.871658802032471,9.75,9.75,9.75,9.75,0
2015-05-14,7.94028377532959,9.835000038146973,9.835000038146973,9.835000038146973,9.835000038146973,200
2015-05-15,7.94028377532959,9.835000038146973,9.835000038146973,9.835000038146973,9.835000038146973,0
2015-05-18,7.94028377532959,9.835000038146973,9.835000038146973,9.835000038146973,9.835000038146973,0
2015-05-19,7.871658802032471,9.75,9.770000457763672,9.75,9.770000457763672,1000
2015-05-20,7.871658802032471,9.75,9.75,9.75,9.75,0
2015-05-21,7.871658802032471,9.75,9.75,9.75,9.75,0
2015-05-22,7.9927592277526855,9.899999618530273,9.899999618530273,9.875,9.899999618530273,4400
2015-05-26,7.9927592277526855,9.899999618530273,9.899999618530273,9.899999618530273,9.899999618530273,0
2015-05-27,7.9927592277526855,9.899999618530273,9.899999618530273,9.899999618530273,9.899999618530273,0
2015-05-28,7.972577095031738,9.875,9.875,9.875,9.875,400
2015-05-29,7.972577095031738,9.875,9.875,9.875,9.875,0
2015-06-01,7.972577095031738,9.875,9.875,9.875,9.875,0
2015-06-02,7.972577095031738,9.875,9.880000114440918,9.875,9.875,2200
2015-06-03,7.972577095031738,9.875,9.875,9.875,9.875,0
2015-06-04,7.972577095031738,9.875,9.875,9.875,9.875,0
2015-06-05,8.069461822509766,9.994999885559082,9.994999885559082,9.885000228881836,9.90999984741211,6400
2015-06-08,7.976615905761719,9.880000114440918,9.880000114440918,9.880000114440918,9.880000114440918,400
2015-06-09,7.976615905761719,9.880000114440918,9.880000114440918,9.880000114440918,9.880000114440918,200
2015-06-10,7.9927592277526855,9.899999618530273,9.899999618530273,9.875,9.875,25200
2015-06-11,8.012948036193848,9.925000190734863,9.925000190734863,9.904999732971191,9.904999732971191,1600
2015-06-12,8.016983032226562,9.930000305175781,9.930000305175781,9.930000305175781,9.930000305175781,800
2015-06-15,8.364144325256348,10.359999656677246,10.375,9.994999885559082,10.0,30800
2015-06-16,8.275333404541016,10.25,10.25,10.25,10.25,200
2015-06-17,8.436803817749023,10.449999809265137,10.449999809265137,10.449999809265137,10.449999809265137,400
2015-06-18,8.78800106048584,10.885000228881836,11.4350004196167,10.100000381469727,10.100000381469727,9000
2015-06-19,8.206709861755371,10.164999961853027,11.385000228881836,10.164999961853027,10.6899995803833,34600
2015-06-22,8.21478271484375,10.175000190734863,10.390000343322754,10.164999961853027,10.375,6400
2015-06-23,8.21478271484375,10.175000190734863,10.175000190734863,10.175000190734863,10.175000190734863,0
2015-06-24,8.125971794128418,10.0649995803833,10.0649995803833,10.045000076293945,10.045000076293945,1400
2015-06-25,8.154232025146484,10.100000381469727,10.130000114440918,10.03499984741211,10.03499984741211,1600
2015-06-26,8.154232025146484,10.100000381469727,10.100000381469727,10.100000381469727,10.100000381469727,0
2015-06-29,8.154232025146484,10.100000381469727,10.100000381469727,10.100000381469727,10.100000381469727,0
2015-06-30,8.154232025146484,10.100000381469727,10.135000228881836,10.039999961853027,10.135000228881836,1400
2015-07-01,8.190561294555664,10.145000457763672,10.145000457763672,10.145000457763672,10.145000457763672,400
2015-07-02,8.190561294555664,10.145000457763672,10.145000457763672,10.145000457763672,10.145000457763672,0
2015-07-06,8.364144325256348,10.359999656677246,10.359999656677246,10.359999656677246,10.359999656677246,400
2015-07-07,11.048582077026367,13.6850004196167,13.6850004196167,13.6850004196167,13.6850004196167,400
2015-07-08,10.087836265563965,12.494999885559082,12.494999885559082,12.484999656677246,12.484999656677246,1200
2015-07-09,8.21478271484375,10.175000190734863,10.75,10.175000190734863,10.729999542236328,1400
2015-07-10,8.21478271484375,10.175000190734863,10.175000190734863,10.175000190734863,10.175000190734863,0
2015-07-13,8.21478271484375,10.175000190734863,10.175000190734863,10.175000190734863,10.175000190734863,0
2015-07-14,8.21478271484375,10.175000190734863,10.175000190734863,10.175000190734863,10.175000190734863,400
2015-07-15,8.21478271484375,10.175000190734863,11.0,10.175000190734863,11.0,1200
2015-07-16,8.247204780578613,10.175000190734863,10.175000190734863,10.175000190734863,10.175000190734863,0
2015-07-17,8.247204780578613,10.175000190734863,10.175000190734863,10.175000190734863,10.175000190734863,0
2015-07-20,8.247204780578613,10.175000190734863,10.175000190734863,10.175000190734863,10.175000190734863,0
2015-07-21,8.247204780578613,10.175000190734863,10.175000190734863,10.175000190734863,10.175000190734863,0
2015-07-22,8.312049865722656,10.255000114440918,10.350000381469727,10.255000114440918,10.350000381469727,1800
2015-07-23,8.291783332824707,10.229999542236328,10.350000381469727,10.229999542236328,10.350000381469727,1200
2015-07-24,8.18236255645752,10.095000267028809,10.095000267028809,10.079999923706055,10.095000267028809,2000
2015-07-27,8.530895233154297,10.524999618530273,10.524999618530273,10.524999618530273,10.524999618530273,1400
2015-07-28,8.510628700256348,10.5,10.5,10.149999618530273,10.149999618530273,2600
2015-07-29,8.510628700256348,10.5,10.5,10.5,10.5,0
2015-07-30,8.510628700256348,10.5,10.5,10.5,10.5,0
2015-07-31,10.123595237731934,12.489999771118164,12.489999771118164,12.489999771118164,12.489999771118164,400
2015-08-03,8.713263511657715,10.75,10.75,10.739999771118164,10.75,600
2015-08-04,8.713263511657715,10.75,10.75,10.75,10.75,0
2015-08-05,8.660578727722168,10.6850004196167,10.6850004196167,10.6850004196167,10.6850004196167,600
2015-08-06,8.660578727722168,10.6850004196167,10.6850004196167,10.6850004196167,10.6850004196167,0
2015-08-07,8.895633697509766,10.975000381469727,10.975000381469727,10.404999732971191,10.975000381469727,600
2015-08-10,8.713263511657715,10.75,10.75,10.399999618530273,10.399999618530273,2800
2015-08-11,8.855110168457031,10.925000190734863,11.0,10.869999885559082,10.869999885559082,2400
2015-08-12,8.855110168457031,10.925000190734863,10.925000190734863,10.925000190734863,10.925000190734863,0
2015-08-13,8.855110168457031,10.925000190734863,10.925000190734863,10.925000190734863,10.925000190734863,0
2015-08-14,8.834842681884766,10.899999618530273,10.899999618530273,10.895000457763672,10.895000457763672,1000
2015-08-17,8.834842681884766,10.899999618530273,10.899999618530273,10.899999618530273,10.899999618530273,0
2015-08-18,8.834842681884766,10.899999618530273,10.899999618530273,10.899999618530273,10.899999618530273,0
2015-08-19,8.834842681884766,10.899999618530273,10.899999618530273,10.899999618530273,10.899999618530273,400
2015-08-20,8.915895462036133,11.0,11.0,10.75,10.899999618530273,26200
2015-08-21,8.790263175964355,10.845000267028809,11.0,10.789999961853027,10.975000381469727,9000
2015-08-24,8.753789901733398,10.800000190734863,10.805000305175781,10.800000190734863,10.805000305175781,400
2015-08-25,8.915895462036133,11.0,11.0,10.5,11.0,800
2015-08-26,8.729475021362305,10.770000457763672,10.770000457763672,10.770000457763672,10.770000457763672,200
2015-08-27,8.729475021362305,10.770000457763672,10.770000457763672,10.770000457763672,10.770000457763672,200
2015-08-28,8.745684623718262,10.789999961853027,10.975000381469727,10.789999961853027,10.975000381469727,800
2015-08-31,8.915895462036133,11.0,11.0,11.0,11.0,200
2015-09-01,8.786211967468262,10.84000015258789,11.0,10.774999618530273,10.774999618530273,2600
2015-09-02,8.794316291809082,10.850000381469727,11.0,10.829999923706055,10.829999923706055,1600
2015-09-03,8.794316291809082,10.850000381469727,10.850000381469727,10.850000381469727,10.850000381469727,0
2015-09-04,9.118529319763184,11.25,11.994999885559082,10.975000381469727,11.0,13800
2015-09-08,8.992899894714355,11.095000267028809,11.095000267028809,10.925000190734863,11.0,15400
2015-09-09,9.1590576171875,11.300000190734863,11.300000190734863,10.899999618530273,10.9350004196167,2200
2015-09-10,8.915895462036133,11.0,11.300000190734863,11.0,11.300000190734863,800
2015-09-11,9.118529319763184,11.25,11.25,11.024999618530273,11.024999618530273,2000
2015-09-14,9.118529319763184,11.25,11.25,11.25,11.25,0
2015-09-15,8.932106971740723,11.020000457763672,11.020000457763672,11.020000457763672,11.020000457763672,400
2015-09-16,8.932106971740723,11.020000457763672,11.020000457763672,11.020000457763672,11.020000457763672,0
2015-09-17,8.919949531555176,11.005000114440918,11.005000114440918,11.0,11.0,1400
2015-09-18,9.390058517456055,11.585000038146973,11.585000038146973,11.210000038146973,11.210000038146973,8400
2015-09-21,9.390058517456055,11.585000038146973,11.585000038146973,11.585000038146973,11.585000038146973,0
2015-09-22,9.321165084838867,11.5,11.5,11.5,11.5,800
2015-09-23,9.2401123046875,11.399999618530273,11.399999618530273,11.380000114440918,11.380000114440918,1000
2015-09-24,9.2401123046875,11.399999618530273,11.399999618530273,11.399999618530273,11.399999618530273,0
2015-09-25,9.23606014251709,11.395000457763672,11.399999618530273,11.100000381469727,11.399999618530273,800
2015-09-28,9.276583671569824,11.444999694824219,11.444999694824219,11.210000038146973,11.210000038146973,600
2015-09-29,9.268479347229004,11.4350004196167,11.4350004196167,10.949999809265137,11.0,6400
2015-09-30,9.268479347229004,11.4350004196167,11.4350004196167,11.4350004196167,11.4350004196167,400
2015-10-01,9.268479347229004,11.4350004196167,11.4350004196167,11.4350004196167,11.4350004196167,0
2015-10-02,9.268479347229004,11.4350004196167,11.4350004196167,11.4350004196167,11.4350004196167,0
2015-10-05,9.268479347229004,11.4350004196167,11.4350004196167,11.4350004196167,11.4350004196167,0
2015-10-06,9.2401123046875,11.399999618530273,11.5,11.03499984741211,11.5,1800
2015-10-07,9.2401123046875,11.399999618530273,11.399999618530273,11.399999618530273,11.399999618530273,800
2015-10-08,9.23200511932373,11.390000343322754,11.390000343322754,11.390000343322754,11.390000343322754,200
2015-10-09,9.23200511932373,11.390000343322754,11.390000343322754,11.390000343322754,11.390000343322754,0
2015-10-12,9.2401123046875,11.399999618530273,11.399999618530273,11.399999618530273,11.399999618530273,200
2015-10-13,9.284690856933594,11.454999923706055,11.454999923706055,11.4350004196167,11.4350004196167,400
2015-10-14,9.284690856933594,11.454999923706055,11.454999923706055,11.454999923706055,11.454999923706055,0
2015-10-15,9.321165084838867,11.5,11.5,11.4399995803833,11.4399995803833,1400
2015-10-16,9.321165084838867,11.5,11.5,11.5,11.5,0
2015-10-19,9.321165084838867,11.5,11.5,11.5,11.5,0
2015-10-20,9.321165084838867,11.5,11.5,11.5,11.5,0
2015-10-21,9.321165084838867,11.5,11.5,11.5,11.5,1400
2015-10-22,9.353697776794434,11.5,11.5,11.5,11.5,0
2015-10-23,9.435036659240723,11.600000381469727,11.600000381469727,11.274999618530273,11.274999618530273,600
2015-10-26,9.353697776794434,11.5,11.5,11.489999771118164,11.494999885559082,15800
2015-10-27,9.313031196594238,11.449999809265137,11.5,11.4399995803833,11.5,1600
2015-10-28,9.353697776794434,11.5,11.550000190734863,11.5,11.5,37000
2015-10-29,9.719715118408203,11.949999809265137,11.949999809265137,11.949999809265137,11.949999809265137,400
2015-10-30,9.719715118408203,11.949999809265137,11.949999809265137,11.925000190734863,11.925000190734863,600
2015-11-02,9.719715118408203,11.949999809265137,11.949999809265137,11.949999809265137,11.949999809265137,0
2015-11-03,9.565176963806152,11.760000228881836,11.899999618530273,11.545000076293945,11.899999618530273,1200
2015-11-04,9.565176963806152,11.760000228881836,11.760000228881836,11.760000228881836,11.760000228881836,0
2015-11-05,9.565176963806152,11.760000228881836,11.760000228881836,11.760000228881836,11.760000228881836,0
2015-11-06,9.353697776794434,11.5,11.789999961853027,11.5,11.78499984741211,1600
2015-11-09,9.585508346557617,11.78499984741211,11.78499984741211,11.78499984741211,11.78499984741211,600
2015-11-10,9.585508346557617,11.78499984741211,11.78499984741211,11.78499984741211,11.78499984741211,0
2015-11-11,9.410637855529785,11.569999694824219,11.569999694824219,11.569999694824219,11.569999694824219,200
2015-11-12,9.45536994934082,11.625,11.625,11.625,11.625,200
2015-11-13,9.585508346557617,11.78499984741211,11.78499984741211,11.78499984741211,11.78499984741211,3800
2015-11-16,9.585508346557617,11.78499984741211,11.78499984741211,11.78499984741211,11.78499984741211,0
2015-11-17,9.585508346557617,11.78499984741211,11.78499984741211,11.78499984741211,11.78499984741211,600
2015-11-18,9.402503967285156,11.5600004196167,11.5600004196167,11.505000114440918,11.505000114440918,400
2015-11-19,9.45536994934082,11.625,11.675000190734863,11.625,11.675000190734863,6200
2015-11-20,9.45536994934082,11.625,11.625,11.625,11.625,0
2015-11-23,9.394369125366211,11.550000190734863,11.75,10.725000381469727,11.53499984741211,3000
2015-11-24,9.394369125366211,11.550000190734863,11.550000190734863,11.550000190734863,11.550000190734863,0
2015-11-25,9.341498374938965,11.484999656677246,11.550000190734863,11.380000114440918,11.550000190734863,101400
2015-11-27,9.252032279968262,11.375,11.425000190734863,11.369999885559082,11.375,23600
2015-11-30,9.45536994934082,11.625,12.015000343322754,11.5,12.015000343322754,6800
2015-12-01,10.167067527770996,12.5,12.5,12.479999542236328,12.479999542236328,800
2015-12-02,10.040993690490723,12.345000267028809,12.345000267028809,11.595000267028809,11.595000267028809,400
2015-12-03,9.443170547485352,11.609999656677246,11.609999656677246,11.609999656677246,11.609999656677246,200
2015-12-04,9.45536994934082,11.625,11.625,11.625,11.625,200
2015-12-07,9.45536994934082,11.625,11.625,11.625,11.625,400
2015-12-08,9.394369125366211,11.550000190734863,11.550000190734863,11.550000190734863,11.550000190734863,200
2015-12-09,9.394369125366211,11.550000190734863,11.550000190734863,11.550000190734863,11.550000190734863,0
2015-12-10,9.093425750732422,11.180000305175781,11.550000190734863,11.180000305175781,11.550000190734863,600
2015-12-11,9.581441879272461,11.779999732971191,11.779999732971191,11.770000457763672,11.770000457763672,1200
2015-12-14,9.557040214538574,11.75,11.774999618530273,10.949999809265137,11.770000457763672,9200
2015-12-15,9.45536994934082,11.625,11.845000267028809,10.954999923706055,10.954999923706055,3200
2015-12-16,9.491972923278809,11.670000076293945,11.774999618530273,11.199999809265137,11.625,23800
2015-12-17,9.573307037353516,11.770000457763672,11.770000457763672,11.770000457763672,11.770000457763672,600
2015-12-18,9.577373504638672,11.774999618530273,11.774999618530273,11.770000457763672,11.770000457763672,3800
2015-12-21,9.471638679504395,11.645000457763672,11.675000190734863,11.175000190734863,11.175000190734863,2600
2015-12-22,9.471638679504395,11.645000457763672,11.645000457763672,11.645000457763672,11.645000457763672,0
2015-12-23,9.406566619873047,11.5649995803833,11.699999809265137,11.005000114440918,11.119999885559082,6600
2015-12-24,9.406566619873047,11.5649995803833,11.5649995803833,11.5649995803833,11.5649995803833,0
2015-12-28,9.08528995513916,11.170000076293945,11.5,11.130000114440918,11.5,2600
2015-12-29,9.08528995513916,11.170000076293945,11.170000076293945,11.170000076293945,11.170000076293945,0
2015-12-30,9.45536994934082,11.625,12.149999618530273,11.175000190734863,11.199999809265137,2600
2015-12-31,9.45536994934082,11.625,11.625,11.625,11.625,0
2016-01-04,9.45536994934082,11.625,11.625,11.625,11.625,0
2016-01-05,9.231696128845215,11.350000381469727,11.350000381469727,11.350000381469727,11.350000381469727,400
2016-01-06,9.231696128845215,11.350000381469727,11.350000381469727,10.949999809265137,11.3149995803833,8800
2016-01-07,9.186954498291016,11.295000076293945,11.319999694824219,11.175000190734863,11.319999694824219,2200
2016-01-08,9.186954498291016,11.295000076293945,11.295000076293945,11.295000076293945,11.295000076293945,0
2016-01-11,9.186954498291016,11.295000076293945,11.295000076293945,11.295000076293945,11.295000076293945,0
2016-01-12,9.15035629272461,11.25,11.295000076293945,11.25,11.295000076293945,2000
2016-01-13,9.101553916931152,11.1899995803833,11.295000076293945,11.1899995803833,11.25,2600
2016-01-14,9.333364486694336,11.475000381469727,11.475000381469727,11.475000381469727,11.475000381469727,200
2016-01-15,9.333364486694336,11.475000381469727,11.475000381469727,11.475000381469727,11.475000381469727,0
2016-01-19,9.333364486694336,11.475000381469727,11.475000381469727,11.475000381469727,11.475000381469727,0
2016-01-20,9.333364486694336,11.475000381469727,11.475000381469727,11.475000381469727,11.475000381469727,0
2016-01-21,9.370096206665039,11.479999542236328,11.479999542236328,11.479999542236328,11.479999542236328,800
2016-01-22,8.994638442993164,11.020000457763672,11.020000457763672,10.954999923706055,10.954999923706055,1000
2016-01-25,9.125234603881836,11.180000305175781,11.199999809265137,11.0,11.020000457763672,3000
2016-01-26,9.125234603881836,11.180000305175781,11.180000305175781,11.180000305175781,11.180000305175781,0
2016-01-27,9.125234603881836,11.180000305175781,11.180000305175781,11.180000305175781,11.180000305175781,0
2016-01-28,9.125234603881836,11.180000305175781,11.180000305175781,11.180000305175781,11.180000305175781,0
2016-01-29,8.978313446044922,11.0,11.225000381469727,11.0,11.029999732971191,9000
2016-02-01,8.978313446044922,11.0,11.0,11.0,11.0,0
2016-02-02,8.978313446044922,11.0,11.0,11.0,11.0,0
2016-02-03,8.978313446044922,11.0,11.0,11.0,11.0,0
2016-02-04,9.182365417480469,11.25,11.25,11.0649995803833,11.0649995803833,33400
2016-02-05,9.141557693481445,11.199999809265137,11.494999885559082,11.199999809265137,11.494999885559082,15000
2016-02-08,9.104826927185059,11.154999732971191,11.479999542236328,11.154999732971191,11.479999542236328,41000
2016-02-09,9.378254890441895,11.489999771118164,11.489999771118164,11.005000114440918,11.005000114440918,10800
2016-02-10,9.263989448547363,11.350000381469727,11.350000381469727,11.25,11.25,1600
2016-02-11,9.088501930236816,11.135000228881836,11.135000228881836,11.135000228881836,11.135000228881836,1400
2016-02-12,9.088501930236816,11.135000228881836,11.135000228881836,11.135000228881836,11.135000228881836,0
2016-02-16,9.051773071289062,11.09000015258789,11.225000381469727,11.09000015258789,11.225000381469727,1800
2016-02-17,9.027288436889648,11.0600004196167,11.0600004196167,11.0600004196167,11.0600004196167,400
2016-02-18,8.990554809570312,11.015000343322754,11.015000343322754,11.015000343322754,11.015000343322754,14200
2016-02-19,8.978313446044922,11.0,11.074999809265137,11.0,11.039999961853027,11000
2016-02-22,8.978313446044922,11.0,11.0,11.0,11.0,0
2016-02-23,8.982394218444824,11.005000114440918,11.005000114440918,11.0,11.0,2600
2016-02-24,9.031370162963867,11.0649995803833,11.0649995803833,11.005000114440918,11.005000114440918,800
2016-02-25,9.03544807434082,11.069999694824219,11.074999809265137,11.010000228881836,11.010000228881836,1400
2016-02-26,9.03544807434082,11.069999694824219,11.069999694824219,11.069999694824219,11.069999694824219,0
2016-02-29,9.03544807434082,11.069999694824219,11.069999694824219,11.069999694824219,11.069999694824219,0
2016-03-01,8.9987211227417,11.024999618530273,11.114999771118164,11.010000228881836,11.074999809265137,4600
2016-03-02,8.9987211227417,11.024999618530273,11.024999618530273,11.024999618530273,11.024999618530273,0
2016-03-03,8.982394218444824,11.005000114440918,11.005000114440918,11.005000114440918,11.005000114440918,1800
2016-03-04,8.982394218444824,11.005000114440918,11.005000114440918,11.005000114440918,11.005000114440918,200
2016-03-07,9.300719261169434,11.395000457763672,11.395000457763672,11.0600004196167,11.0600004196167,4000
2016-03-08,9.284394264221191,11.375,11.375,11.0600004196167,11.0600004196167,4400
2016-03-09,9.284394264221191,11.375,11.375,11.375,11.375,0
2016-03-10,9.284394264221191,11.375,11.375,11.375,11.375,0
2016-03-11,9.284394264221191,11.375,11.375,11.375,11.375,0
2016-03-14,9.284394264221191,11.375,11.375,11.375,11.375,0
2016-03-15,9.284394264221191,11.375,11.375,11.375,11.375,0
2016-03-16,9.284394264221191,11.375,11.375,11.375,11.375,0
2016-03-17,9.284394264221191,11.375,11.375,11.375,11.375,0
2016-03-18,9.182365417480469,11.25,11.25,11.0,11.020000457763672,2000
2016-03-21,9.182365417480469,11.25,11.25,11.25,11.25,0
2016-03-22,9.182365417480469,11.25,11.25,11.25,11.25,0
2016-03-23,9.182365417480469,11.25,11.25,11.25,11.25,0
2016-03-24,9.182365417480469,11.25,11.25,11.25,11.25,0
2016-03-28,9.182365417480469,11.25,11.25,11.25,11.25,0
2016-03-29,9.182365417480469,11.25,11.25,11.25,11.25,0
2016-03-30,9.182365417480469,11.25,11.25,11.25,11.25,0
2016-03-31,9.182365417480469,11.25,11.25,11.25,11.25,0
2016-04-01,9.039529800415039,11.074999809265137,11.140000343322754,11.015000343322754,11.020000457763672,1600
2016-04-04,9.039529800415039,11.074999809265137,11.074999809265137,11.074999809265137,11.074999809265137,0
2016-04-05,9.145635604858398,11.204999923706055,11.204999923706055,11.204999923706055,11.204999923706055,400
2016-04-06,9.145635604858398,11.204999923706055,11.204999923706055,11.204999923706055,11.204999923706055,0
2016-04-07,9.145635604858398,11.204999923706055,11.204999923706055,11.204999923706055,11.204999923706055,0
2016-04-08,9.145635604858398,11.204999923706055,11.204999923706055,11.204999923706055,11.204999923706055,0
2016-04-11,9.145635604858398,11.204999923706055,11.204999923706055,11.204999923706055,11.204999923706055,0
2016-04-12,8.982394218444824,11.005000114440918,11.005000114440918,11.005000114440918,11.005000114440918,200
2016-04-13,8.982394218444824,11.005000114440918,11.005000114440918,11.005000114440918,11.005000114440918,0
2016-04-14,8.982394218444824,11.005000114440918,11.005000114440918,11.005000114440918,11.005000114440918,0
2016-04-15,8.982394218444824,11.005000114440918,11.005000114440918,11.005000114440918,11.005000114440918,0
2016-04-18,8.982394218444824,11.005000114440918,11.005000114440918,11.005000114440918,11.005000114440918,1200
2016-04-19,8.982394218444824,11.005000114440918,11.005000114440918,11.005000114440918,11.005000114440918,0
2016-04-20,8.982394218444824,11.005000114440918,11.005000114440918,11.005000114440918,11.005000114440918,0
2016-04-21,8.92914867401123,10.899999618530273,11.024999618530273,10.899999618530273,11.0,19400
2016-04-22,9.125752449035645,11.140000343322754,11.140000343322754,11.0,11.0,24400
2016-04-25,9.125752449035645,11.140000343322754,11.140000343322754,11.140000343322754,11.140000343322754,0
2016-04-26,9.125752449035645,11.140000343322754,11.140000343322754,11.140000343322754,11.140000343322754,0
2016-04-27,9.125752449035645,11.140000343322754,11.140000343322754,11.140000343322754,11.140000343322754,0
2016-04-28,9.125752449035645,11.140000343322754,11.140000343322754,11.140000343322754,11.140000343322754,0
2016-04-29,9.125752449035645,11.140000343322754,11.140000343322754,11.140000343322754,11.140000343322754,0
2016-05-02,9.125752449035645,11.140000343322754,11.140000343322754,11.140000343322754,11.140000343322754,0
2016-05-03,9.125752449035645,11.140000343322754,11.140000343322754,11.140000343322754,11.140000343322754,0
2016-05-04,9.125752449035645,11.140000343322754,11.140000343322754,11.140000343322754,11.140000343322754,0
2016-05-05,9.125752449035645,11.140000343322754,11.140000343322754,11.140000343322754,11.140000343322754,0
2016-05-06,9.138040542602539,11.154999732971191,11.154999732971191,11.154999732971191,11.154999732971191,400
2016-05-09,9.138040542602539,11.154999732971191,11.154999732971191,11.154999732971191,11.154999732971191,0
2016-05-10,9.138040542602539,11.154999732971191,11.15999984741211,10.925000190734863,11.15999984741211,1600
2016-05-11,9.138040542602539,11.154999732971191,11.154999732971191,11.154999732971191,11.154999732971191,0
2016-05-12,9.129850387573242,11.145000457763672,11.145000457763672,11.145000457763672,11.145000457763672,800
2016-05-13,9.129850387573242,11.145000457763672,11.145000457763672,11.145000457763672,11.145000457763672,0
2016-05-16,9.129850387573242,11.145000457763672,11.145000457763672,11.145000457763672,11.145000457763672,0
2016-05-17,9.129850387573242,11.145000457763672,11.145000457763672,11.145000457763672,11.145000457763672,0
2016-05-18,9.129850387573242,11.145000457763672,11.145000457763672,11.145000457763672,11.145000457763672,0
2016-05-19,9.129850387573242,11.145000457763672,11.145000457763672,11.145000457763672,11.145000457763672,0
2016-05-20,9.092985153198242,11.100000381469727,11.100000381469727,11.100000381469727,11.100000381469727,600
2016-05-23,9.092985153198242,11.100000381469727,11.100000381469727,11.100000381469727,11.100000381469727,0
2016-05-24,9.154425621032715,11.175000190734863,11.175000190734863,11.175000190734863,11.175000190734863,400
2016-05-25,9.215864181518555,11.25,11.25,10.805000305175781,10.805000305175781,3000
2016-05-26,9.09708023071289,11.104999542236328,11.1850004196167,10.984999656677246,11.1850004196167,4200
2016-05-27,9.072503089904785,11.074999809265137,11.074999809265137,10.805000305175781,11.045000076293945,3000
2016-05-31,9.236343383789062,11.274999618530273,11.274999618530273,10.824999809265137,10.824999809265137,64600
2016-06-01,9.236343383789062,11.274999618530273,11.274999618530273,11.274999618530273,11.274999618530273,0
2016-06-02,9.236343383789062,11.274999618530273,11.274999618530273,11.274999618530273,11.274999618530273,0
2016-06-03,9.236343383789062,11.274999618530273,11.274999618530273,10.904999732971191,10.904999732971191,800
2016-06-06,9.236343383789062,11.274999618530273,11.274999618530273,11.274999618530273,11.274999618530273,0
2016-06-07,9.236343383789062,11.274999618530273,11.274999618530273,11.274999618530273,11.274999618530273,0
2016-06-08,9.101177215576172,11.109999656677246,11.109999656677246,10.944999694824219,11.0600004196167,9000
2016-06-09,9.101177215576172,11.109999656677246,11.109999656677246,11.109999656677246,11.109999656677246,0
2016-06-10,9.101177215576172,11.109999656677246,11.109999656677246,11.109999656677246,11.109999656677246,0
2016-06-13,8.994683265686035,10.979999542236328,11.164999961853027,10.979999542236328,11.164999961853027,2400
2016-06-14,8.994683265686035,10.979999542236328,10.979999542236328,10.979999542236328,10.979999542236328,0
2016-06-15,8.994683265686035,10.979999542236328,10.979999542236328,10.979999542236328,10.979999542236328,0
2016-06-16,8.994683265686035,10.979999542236328,10.979999542236328,10.979999542236328,10.979999542236328,0
2016-06-17,8.90866756439209,10.875,10.875,10.864999771118164,10.864999771118164,5000
2016-06-20,8.90866756439209,10.875,10.949999809265137,10.875,10.949999809265137,3200
2016-06-21,8.879998207092285,10.84000015258789,10.925000190734863,10.84000015258789,10.885000228881836,59000
2016-06-22,8.879998207092285,10.84000015258789,10.84000015258789,10.84000015258789,10.84000015258789,0
2016-06-23,8.90866756439209,10.875,10.875,10.84000015258789,10.84000015258789,800
2016-06-24,8.806270599365234,10.75,10.824999809265137,10.675000190734863,10.824999809265137,77800
2016-06-27,8.785791397094727,10.725000381469727,10.850000381469727,10.725000381469727,10.845000267028809,9400
2016-06-28,8.785791397094727,10.725000381469727,10.725000381469727,10.725000381469727,10.725000381469727,0
2016-06-29,8.785791397094727,10.725000381469727,10.725000381469727,10.725000381469727,10.725000381469727,0
2016-06-30,8.785791397094727,10.725000381469727,10.78499984741211,10.725000381469727,10.78499984741211,600
2016-07-01,8.785791397094727,10.725000381469727,10.725000381469727,10.725000381469727,10.725000381469727,0
2016-07-05,8.785791397094727,10.725000381469727,10.725000381469727,10.725000381469727,10.725000381469727,0
2016-07-06,8.74892807006836,10.680000305175781,10.710000038146973,10.680000305175781,10.710000038146973,400
2016-07-07,8.74892807006836,10.680000305175781,10.680000305175781,10.680000305175781,10.680000305175781,0
2016-07-08,8.74892807006836,10.680000305175781,10.680000305175781,10.680000305175781,10.680000305175781,0
2016-07-11,8.75302505493164,10.6850004196167,10.75,10.680000305175781,10.680000305175781,5600
2016-07-12,8.75302505493164,10.6850004196167,10.6850004196167,10.6850004196167,10.6850004196167,0
2016-07-13,8.75302505493164,10.6850004196167,10.6850004196167,10.6850004196167,10.6850004196167,0
2016-07-14,9.072503089904785,11.074999809265137,11.225000381469727,10.845000267028809,11.225000381469727,2400
2016-07-15,9.035643577575684,11.029999732971191,11.25,10.899999618530273,11.25,3800
2016-07-18,9.125752449035645,11.140000343322754,11.140000343322754,11.055000305175781,11.055000305175781,1600
2016-07-19,9.011066436767578,11.0,11.0,10.75,10.75,3800
2016-07-20,9.011066436767578,11.0,11.0,11.0,11.0,0
2016-07-21,9.006953239440918,10.949999809265137,10.949999809265137,10.835000038146973,10.949999809265137,1000
2016-07-22,8.969938278198242,10.904999732971191,10.904999732971191,10.904999732971191,10.904999732971191,400
2016-07-25,8.953486442565918,10.885000228881836,10.885000228881836,10.885000228881836,10.885000228881836,600
2016-07-26,8.953486442565918,10.885000228881836,10.885000228881836,10.885000228881836,10.885000228881836,0
2016-07-27,8.883569717407227,10.800000190734863,11.100000381469727,10.600000381469727,10.600000381469727,3000
2016-07-28,8.96583080291748,10.899999618530273,10.899999618530273,10.850000381469727,10.850000381469727,1800
2016-07-29,9.006953239440918,10.949999809265137,11.010000228881836,10.875,10.875,10000
2016-08-01,9.006953239440918,10.949999809265137,10.949999809265137,10.949999809265137,10.949999809265137,0
2016-08-02,9.027517318725586,10.975000381469727,10.975000381469727,10.970000267028809,10.975000381469727,1000
2016-08-03,9.027517318725586,10.975000381469727,10.975000381469727,10.975000381469727,10.975000381469727,0
2016-08-04,9.479923248291016,11.524999618530273,11.524999618530273,11.244999885559082,11.25,5800
2016-08-05,9.521049499511719,11.574999809265137,11.574999809265137,11.524999618530273,11.524999618530273,800
2016-08-08,9.467584609985352,11.510000228881836,11.545000076293945,11.510000228881836,11.545000076293945,600
2016-08-09,9.467584609985352,11.510000228881836,11.510000228881836,11.510000228881836,11.510000228881836,0
2016-08-10,9.467584609985352,11.510000228881836,11.510000228881836,11.510000228881836,11.510000228881836,0
2016-08-11,9.467584609985352,11.510000228881836,11.510000228881836,11.510000228881836,11.510000228881836,0
2016-08-12,9.467584609985352,11.510000228881836,11.510000228881836,11.510000228881836,11.510000228881836,0
2016-08-15,9.467584609985352,11.510000228881836,11.510000228881836,11.510000228881836,11.510000228881836,0
2016-08-16,9.467584609985352,11.510000228881836,11.510000228881836,11.510000228881836,11.510000228881836,0
2016-08-17,9.525162696838379,11.579999923706055,11.579999923706055,11.579999923706055,11.579999923706055,1000
2016-08-18,9.525162696838379,11.579999923706055,11.579999923706055,11.579999923706055,11.579999923706055,0
2016-08-19,9.525162696838379,11.579999923706055,11.579999923706055,11.579999923706055,11.579999923706055,0
2016-08-22,9.525162696838379,11.579999923706055,11.579999923706055,11.579999923706055,11.579999923706055,0
2016-08-23,9.525162696838379,11.579999923706055,11.579999923706055,11.579999923706055,11.579999923706055,0
2016-08-24,9.525162696838379,11.579999923706055,11.579999923706055,11.579999923706055,11.579999923706055,0
2016-08-25,9.50048828125,11.550000190734863,11.550000190734863,11.550000190734863,11.550000190734863,1800
2016-08-26,9.414115905761719,11.444999694824219,11.545000076293945,11.154999732971191,11.5,11000
2016-08-29,9.422345161437988,11.454999923706055,11.550000190734863,11.399999618530273,11.494999885559082,23800
2016-08-30,9.459357261657715,11.5,11.5,11.5,11.5,1000
2016-08-31,9.562176704406738,11.625,11.625,11.625,11.625,2400
2016-09-01,9.60330581665039,11.675000190734863,11.675000190734863,11.670000076293945,11.675000190734863,2400
2016-09-02,9.623868942260742,11.699999809265137,11.699999809265137,11.699999809265137,11.699999809265137,200
2016-09-06,9.430570602416992,11.46500015258789,11.75,11.46500015258789,11.699999809265137,10400
2016-09-07,9.488146781921387,11.53499984741211,11.720000267028809,11.53499984741211,11.720000267028809,1000
2016-09-08,9.488146781921387,11.53499984741211,11.53499984741211,11.53499984741211,11.53499984741211,0
2016-09-09,9.471697807312012,11.515000343322754,11.520000457763672,11.515000343322754,11.520000457763672,600
2016-09-12,9.475811004638672,11.520000457763672,11.520000457763672,11.5,11.5,600
2016-09-13,9.475811004638672,11.520000457763672,11.520000457763672,11.520000457763672,11.520000457763672,0
2016-09-14,9.475811004638672,11.520000457763672,11.520000457763672,11.520000457763672,11.520000457763672,0
2016-09-15,9.475811004638672,11.520000457763672,11.520000457763672,11.520000457763672,11.520000457763672,0
2016-09-16,9.706124305725098,11.800000190734863,11.800000190734863,11.520000457763672,11.699999809265137,6600
2016-09-19,9.706124305725098,11.800000190734863,11.800000190734863,11.800000190734863,11.800000190734863,0
2016-09-20,9.60330581665039,11.675000190734863,11.675000190734863,11.675000190734863,11.675000190734863,600
2016-09-21,9.60330581665039,11.675000190734863,11.869999885559082,11.574999809265137,11.574999809265137,1600
2016-09-22,9.60330581665039,11.675000190734863,11.675000190734863,11.675000190734863,11.675000190734863,0
2016-09-23,9.60330581665039,11.675000190734863,11.675000190734863,11.675000190734863,11.675000190734863,0
2016-09-26,9.50048828125,11.550000190734863,11.550000190734863,11.550000190734863,11.550000190734863,1000
2016-09-27,9.50048828125,11.550000190734863,11.550000190734863,11.550000190734863,11.550000190734863,0
2016-09-28,9.562176704406738,11.625,11.625,11.625,11.625,400
2016-09-29,9.60330581665039,11.675000190734863,11.675000190734863,11.675000190734863,11.675000190734863,200
2016-09-30,9.59919261932373,11.670000076293945,11.725000381469727,11.670000076293945,11.725000381469727,3400
2016-10-03,9.673223495483398,11.760000228881836,11.760000228881836,11.760000228881836,11.760000228881836,200
2016-10-04,9.673223495483398,11.760000228881836,11.760000228881836,11.760000228881836,11.760000228881836,0
2016-10-05,9.767814636230469,11.875,11.875,11.869999885559082,11.875,6000
2016-10-06,9.767814636230469,11.875,11.875,11.875,11.875,0
2016-10-07,9.767814636230469,11.875,11.875,11.875,11.875,0
2016-10-10,9.747252464294434,11.850000381469727,11.850000381469727,11.850000381469727,11.850000381469727,2000
2016-10-11,9.767814636230469,11.875,11.875,11.875,11.875,400
2016-10-12,9.767814636230469,11.875,11.875,11.875,11.875,0
2016-10-13,9.767814636230469,11.875,11.875,11.875,11.875,0
2016-10-14,9.767814636230469,11.875,11.875,11.875,11.875,0
2016-10-17,9.767814636230469,11.875,11.875,11.875,11.875,0
2016-10-18,9.767814636230469,11.875,11.875,11.875,11.875,0
2016-10-19,9.677334785461426,11.765000343322754,11.765000343322754,11.765000343322754,11.765000343322754,400
2016-10-20,9.714491844177246,11.765000343322754,11.765000343322754,11.765000343322754,11.765000343322754,0
2016-10-21,9.908534049987793,12.0,12.0,11.850000381469727,11.850000381469727,5000
2016-10-24,9.908534049987793,12.0,12.0,12.0,12.0,0
2016-10-25,9.908534049987793,12.0,12.0,12.0,12.0,0
2016-10-26,9.908534049987793,12.0,12.0,11.984999656677246,11.989999771118164,1400
2016-10-27,9.908534049987793,12.0,12.0,12.0,12.0,0
2016-10-28,9.908534049987793,12.0,12.0,12.0,12.0,0
2016-10-31,9.945690155029297,12.045000076293945,12.045000076293945,11.760000228881836,11.760000228881836,400
2016-11-01,9.945690155029297,12.045000076293945,12.045000076293945,12.045000076293945,12.045000076293945,0
2016-11-02,9.945690155029297,12.045000076293945,12.045000076293945,12.045000076293945,12.045000076293945,0
2016-11-03,9.945690155029297,12.045000076293945,12.045000076293945,12.045000076293945,12.045000076293945,0
2016-11-04,9.986974716186523,12.095000267028809,12.095000267028809,12.095000267028809,12.095000267028809,600
2016-11-07,9.986974716186523,12.095000267028809,12.095000267028809,12.095000267028809,12.095000267028809,0
2016-11-08,10.036517143249512,12.154999732971191,12.199999809265137,12.154999732971191,12.199999809265137,600
2016-11-09,10.036517143249512,12.154999732971191,12.154999732971191,12.154999732971191,12.154999732971191,0
2016-11-10,10.036517143249512,12.154999732971191,12.154999732971191,12.154999732971191,12.154999732971191,0
2016-11-11,9.908534049987793,12.0,12.375,12.0,12.199999809265137,11800
2016-11-14,9.908534049987793,12.0,12.25,12.0,12.25,800
2016-11-15,9.908534049987793,12.0,12.0,12.0,12.0,0
2016-11-16,9.908534049987793,12.0,12.0,12.0,12.0,15000
2016-11-17,9.908534049987793,12.0,12.0,12.0,12.0,0
2016-11-18,9.908534049987793,12.0,12.0,12.0,12.0,0
2016-11-21,9.908534049987793,12.0,12.0,12.0,12.0,0
2016-11-22,9.908534049987793,12.0,12.0,12.0,12.0,0
2016-11-23,9.908534049987793,12.0,12.0,12.0,12.0,0
2016-11-25,9.908534049987793,12.0,12.0,12.0,12.0,0
2016-11-28,9.908534049987793,12.0,12.0,12.0,12.0,0
2016-11-29,10.011747360229492,12.125,12.25,12.125,12.25,6800
2016-11-30,10.28010368347168,12.449999809265137,12.449999809265137,12.449999809265137,12.449999809265137,25400
2016-12-01,10.375059127807617,12.5649995803833,12.59000015258789,12.5,12.5,7600
2016-12-02,10.346161842346191,12.529999732971191,12.529999732971191,12.529999732971191,12.529999732971191,600
2016-12-05,10.33790111541748,12.520000457763672,12.520000457763672,12.520000457763672,12.520000457763672,400
2016-12-06,10.321389198303223,12.5,12.5,12.494999885559082,12.5,2200
2016-12-07,10.33790111541748,12.520000457763672,12.520000457763672,12.520000457763672,12.520000457763672,400
2016-12-08,10.35441780090332,12.539999961853027,12.539999961853027,12.539999961853027,12.539999961853027,400
2016-12-09,10.35441780090332,12.539999961853027,12.539999961853027,12.539999961853027,12.539999961853027,0
2016-12-12,10.35441780090332,12.539999961853027,12.539999961853027,12.539999961853027,12.539999961853027,0
2016-12-13,10.486533164978027,12.699999809265137,12.699999809265137,12.699999809265137,12.699999809265137,1400
2016-12-14,10.486533164978027,12.699999809265137,12.699999809265137,12.699999809265137,12.699999809265137,0
2016-12-15,10.527815818786621,12.75,12.75,12.75,12.75,400
2016-12-16,11.147099494934082,13.5,13.5,13.5,13.5,800
2016-12-19,11.147099494934082,13.5,13.5,13.5,13.5,0
2016-12-20,11.147099494934082,13.5,13.5,13.5,13.5,0
2016-12-21,11.147099494934082,13.5,13.5,13.5,13.5,0
2016-12-22,11.147099494934082,13.5,13.5,13.5,13.5,0
2016-12-23,11.147099494934082,13.5,13.5,13.5,13.5,0
2016-12-27,11.147099494934082,13.5,13.5,13.5,13.5,0
2016-12-28,11.13058853149414,13.479999542236328,13.479999542236328,13.0,13.0,400
2016-12-29,11.13058853149414,13.479999542236328,13.479999542236328,13.479999542236328,13.479999542236328,0
2016-12-30,11.089303970336914,13.430000305175781,13.430000305175781,13.430000305175781,13.430000305175781,400
2017-01-03,11.2296724319458,13.600000381469727,13.625,13.479999542236328,13.494999885559082,10600
2017-01-04,11.2296724319458,13.600000381469727,13.600000381469727,13.600000381469727,13.600000381469727,0
2017-01-05,11.2296724319458,13.600000381469727,13.600000381469727,13.600000381469727,13.600000381469727,0
2017-01-06,11.2296724319458,13.600000381469727,13.600000381469727,13.600000381469727,13.600000381469727,0
2017-01-09,11.147099494934082,13.5,13.5,13.5,13.5,1000
2017-01-10,11.147099494934082,13.5,13.5,13.5,13.5,1200
2017-01-11,11.147099494934082,13.5,13.5,13.5,13.5,0
2017-01-12,11.147099494934082,13.5,13.5,13.5,13.5,0
2017-01-13,11.147099494934082,13.5,13.5,13.5,13.5,0
2017-01-17,11.283342361450195,13.664999961853027,14.925000190734863,13.515000343322754,14.925000190734863,2800
2017-01-18,11.283342361450195,13.664999961853027,13.664999961853027,13.664999961853027,13.664999961853027,0
2017-01-19,11.320622444152832,13.664999961853027,13.664999961853027,13.664999961853027,13.664999961853027,0
2017-01-20,11.320622444152832,13.664999961853027,13.664999961853027,13.664999961853027,13.664999961853027,0
2017-01-23,11.320622444152832,13.664999961853027,13.664999961853027,13.664999961853027,13.664999961853027,0
2017-01-24,11.217069625854492,13.539999961853027,13.539999961853027,13.539999961853027,13.539999961853027,200
2017-01-25,11.217069625854492,13.539999961853027,13.539999961853027,13.539999961853027,13.539999961853027,0
2017-01-26,11.457314491271973,13.829999923706055,13.829999923706055,13.75,13.75,6200
2017-01-27,11.457314491271973,13.829999923706055,13.829999923706055,13.829999923706055,13.829999923706055,0
2017-01-30,11.457314491271973,13.829999923706055,13.829999923706055,13.829999923706055,13.829999923706055,0
2017-01-31,11.457314491271973,13.829999923706055,13.829999923706055,13.829999923706055,13.829999923706055,0
2017-02-01,11.45317268371582,13.824999809265137,13.824999809265137,13.824999809265137,13.824999809265137,1600
2017-02-02,11.45317268371582,13.824999809265137,13.824999809265137,13.824999809265137,13.824999809265137,600
2017-02-03,11.556727409362793,13.949999809265137,13.970000267028809,13.824999809265137,13.824999809265137,4400
2017-02-06,11.556727409362793,13.949999809265137,13.949999809265137,13.949999809265137,13.949999809265137,0
2017-02-07,11.556727409362793,13.949999809265137,13.949999809265137,13.949999809265137,13.949999809265137,0
2017-02-08,11.689278602600098,14.109999656677246,14.125,14.109999656677246,14.125,800
2017-02-09,11.598150253295898,14.0,14.0,14.0,14.0,200
2017-02-10,11.598150253295898,14.0,14.0,14.0,14.0,0
2017-02-13,11.598150253295898,14.0,14.0,14.0,14.0,0
2017-02-14,11.598150253295898,14.0,14.0,14.0,14.0,0
2017-02-15,11.598150253295898,14.0,14.0,14.0,14.0,0
2017-02-16,11.598150253295898,14.0,14.0,14.0,14.0,0
2017-02-17,11.598150253295898,14.0,14.0,14.0,14.0,0
2017-02-21,11.598150253295898,14.0,14.0,14.0,14.0,2800
2017-02-22,11.701704025268555,14.125,14.125,14.0,14.0,3000
2017-02-23,11.701704025268555,14.125,14.125,14.125,14.125,0
2017-02-24,11.66028118133545,14.074999809265137,14.074999809265137,14.074999809265137,14.074999809265137,200
2017-02-27,11.66028118133545,14.074999809265137,14.074999809265137,14.074999809265137,14.074999809265137,0
2017-02-28,11.66028118133545,14.074999809265137,14.074999809265137,14.074999809265137,14.074999809265137,0
2017-03-01,11.66028118133545,14.074999809265137,14.074999809265137,14.074999809265137,14.074999809265137,0
2017-03-02,11.66028118133545,14.074999809265137,14.074999809265137,14.074999809265137,14.074999809265137,0
2017-03-03,11.888105392456055,14.350000381469727,14.350000381469727,14.350000381469727,14.350000381469727,1000
2017-03-06,11.888105392456055,14.350000381469727,14.350000381469727,14.350000381469727,14.350000381469727,0
2017-03-07,11.888105392456055,14.350000381469727,14.350000381469727,14.350000381469727,14.350000381469727,0
2017-03-08,11.888105392456055,14.350000381469727,14.350000381469727,14.350000381469727,14.350000381469727,0
2017-03-09,11.888105392456055,14.350000381469727,14.350000381469727,14.350000381469727,14.350000381469727,0
2017-03-10,11.560870170593262,13.954999923706055,13.954999923706055,13.954999923706055,13.954999923706055,600
2017-03-13,11.86739444732666,14.324999809265137,14.324999809265137,14.319999694824219,14.319999694824219,2000
2017-03-14,11.888105392456055,14.350000381469727,14.350000381469727,14.350000381469727,14.350000381469727,200
2017-03-15,11.888105392456055,14.350000381469727,14.350000381469727,14.350000381469727,14.350000381469727,800
2017-03-16,11.569154739379883,13.96500015258789,13.96500015258789,13.96500015258789,13.96500015258789,200
2017-03-17,11.569154739379883,13.96500015258789,13.96500015258789,13.96500015258789,13.96500015258789,0
2017-03-20,11.569154739379883,13.96500015258789,13.96500015258789,13.96500015258789,13.96500015258789,0
2017-03-21,11.569154739379883,13.96500015258789,13.96500015258789,13.96500015258789,13.96500015258789,0
2017-03-22,11.569154739379883,13.96500015258789,13.96500015258789,13.96500015258789,13.96500015258789,0
2017-03-23,11.987519264221191,14.470000267028809,14.470000267028809,14.470000267028809,14.470000267028809,600
2017-03-24,11.991657257080078,14.475000381469727,14.475000381469727,14.475000381469727,14.475000381469727,800
2017-03-27,11.991657257080078,14.475000381469727,14.475000381469727,14.475000381469727,14.475000381469727,200
2017-03-28,11.991657257080078,14.475000381469727,14.475000381469727,14.475000381469727,14.475000381469727,0
2017-03-29,11.991657257080078,14.475000381469727,14.475000381469727,14.475000381469727,14.475000381469727,0
2017-03-30,11.598150253295898,14.0,14.0,13.774999618530273,13.774999618530273,800
2017-03-31,11.970945358276367,14.449999809265137,14.449999809265137,14.449999809265137,14.449999809265137,600
2017-04-03,11.970945358276367,14.449999809265137,14.449999809265137,14.449999809265137,14.449999809265137,0
2017-04-04,11.970945358276367,14.449999809265137,14.449999809265137,14.449999809265137,14.449999809265137,0
2017-04-05,11.970945358276367,14.449999809265137,14.449999809265137,14.449999809265137,14.449999809265137,0
2017-04-06,11.970945358276367,14.449999809265137,14.449999809265137,14.449999809265137,14.449999809265137,0
2017-04-07,11.970945358276367,14.449999809265137,14.449999809265137,14.449999809265137,14.449999809265137,0
2017-04-10,11.970945358276367,14.449999809265137,14.449999809265137,14.449999809265137,14.449999809265137,0
2017-04-11,11.970945358276367,14.449999809265137,14.449999809265137,14.449999809265137,14.449999809265137,0
2017-04-12,11.970945358276367,14.449999809265137,14.449999809265137,14.449999809265137,14.449999809265137,0
2017-04-13,11.991657257080078,14.475000381469727,14.475000381469727,14.0,14.0,1000
2017-04-17,11.991657257080078,14.475000381469727,14.475000381469727,14.475000381469727,14.475000381469727,1000
2017-04-18,11.991657257080078,14.475000381469727,14.475000381469727,14.475000381469727,14.475000381469727,0
2017-04-19,12.13663387298584,14.649999618530273,14.649999618530273,14.600000381469727,14.600000381469727,2400
2017-04-20,12.174030303955078,14.649999618530273,14.649999618530273,14.649999618530273,14.649999618530273,0
2017-04-21,12.174030303955078,14.649999618530273,14.649999618530273,14.649999618530273,14.649999618530273,0
2017-04-24,12.174030303955078,14.649999618530273,14.649999618530273,14.649999618530273,14.649999618530273,0
2017-04-25,11.463532447814941,13.795000076293945,13.805000305175781,13.795000076293945,13.805000305175781,1000
2017-04-26,11.434447288513184,13.760000228881836,13.760000228881836,13.760000228881836,13.760000228881836,5600
2017-04-27,11.434447288513184,13.760000228881836,13.760000228881836,13.760000228881836,13.760000228881836,0
2017-04-28,12.13248062133789,14.600000381469727,14.600000381469727,13.899999618530273,13.899999618530273,7400
2017-05-01,12.174030303955078,14.649999618530273,14.649999618530273,14.649999618530273,14.649999618530273,800
2017-05-02,12.3236083984375,14.829999923706055,14.829999923706055,14.829999923706055,14.829999923706055,400
2017-05-03,12.3236083984375,14.829999923706055,14.829999923706055,14.829999923706055,14.829999923706055,0
2017-05-04,12.3236083984375,14.829999923706055,14.829999923706055,14.829999923706055,14.829999923706055,0
2017-05-05,12.419172286987305,14.944999694824219,14.944999694824219,14.944999694824219,14.944999694824219,400
2017-05-08,12.419172286987305,14.944999694824219,14.944999694824219,14.944999694824219,14.944999694824219,0
2017-05-09,12.049382209777832,14.5,14.5,14.5,14.5,200
2017-05-10,12.186495780944824,14.664999961853027,14.664999961853027,14.625,14.625,1000
2017-05-11,12.186495780944824,14.664999961853027,14.664999961853027,14.664999961853027,14.664999961853027,0
2017-05-12,11.633885383605957,14.0,14.649999618530273,14.0,14.649999618530273,1200
2017-05-15,11.638039588928223,14.005000114440918,14.005000114440918,14.005000114440918,14.005000114440918,800
2017-05-16,11.638039588928223,14.005000114440918,14.005000114440918,14.005000114440918,14.005000114440918,0
2017-05-17,11.945508003234863,14.375,14.375,14.375,14.375,400
2017-05-18,11.945508003234863,14.375,14.375,14.375,14.375,0
2017-05-19,11.945508003234863,14.375,14.375,14.375,14.375,0
2017-05-22,11.633885383605957,14.0,14.0,14.0,14.0,600
2017-05-23,11.64634895324707,14.015000343322754,14.069999694824219,14.015000343322754,14.069999694824219,1400
2017-05-24,11.633885383605957,14.0,14.0,14.0,14.0,600
2017-05-25,11.633885383605957,14.0,14.0,13.949999809265137,13.949999809265137,1000
2017-05-26,11.633885383605957,14.0,14.0,14.0,14.0,200
2017-05-30,11.218389511108398,13.5,13.994999885559082,13.5,13.75,46800
2017-05-31,11.322264671325684,13.625,13.774999618530273,13.625,13.774999618530273,2600
2017-06-01,10.985710144042969,13.220000267028809,13.395000457763672,13.220000267028809,13.395000457763672,12800
2017-06-02,10.703176498413086,12.880000114440918,13.154999732971191,12.880000114440918,13.0,5600
2017-06-05,10.640851020812988,12.805000305175781,13.0,12.805000305175781,13.0,2400
2017-06-06,10.636698722839355,12.800000190734863,12.8149995803833,12.75,12.75,4200
2017-06-07,10.595144271850586,12.75,12.755000114440918,12.625,12.625,3000
2017-06-08,10.599299430847168,12.755000114440918,13.0,12.75,12.75,2600
2017-06-09,10.782119750976562,12.975000381469727,12.975000381469727,12.40999984741211,12.5,2600
2017-06-12,10.428945541381836,12.550000190734863,13.050000190734863,12.5,12.850000381469727,4200
2017-06-13,10.387396812438965,12.5,12.875,12.5,12.550000190734863,2800
2017-06-14,10.399862289428711,12.515000343322754,12.845000267028809,12.5,12.529999732971191,3200
2017-06-15,10.632536888122559,12.795000076293945,13.994999885559082,12.505000114440918,13.994999885559082,4200
2017-06-16,10.31260871887207,12.40999984741211,13.0,12.40999984741211,12.675000190734863,64000
2017-06-19,10.31260871887207,12.40999984741211,12.40999984741211,12.40999984741211,12.40999984741211,0
2017-06-20,10.30429744720459,12.399999618530273,12.40999984741211,12.125,12.40999984741211,11200
2017-06-21,10.30429744720459,12.399999618530273,12.399999618530273,12.395000457763672,12.395000457763672,2000
2017-06-22,10.179649353027344,12.25,12.40999984741211,12.25,12.40999984741211,1200
2017-06-23,10.283524513244629,12.375,12.5,12.270000457763672,12.270000457763672,22600
2017-06-26,10.320919036865234,12.420000076293945,12.430000305175781,12.399999618530273,12.399999618530273,1600
2017-06-27,10.179649353027344,12.25,12.319999694824219,11.550000190734863,12.3149995803833,3800
2017-06-28,10.283524513244629,12.375,12.375,12.375,12.375,1200
2017-06-29,10.308455467224121,12.404999732971191,13.395000457763672,12.25,12.300000190734863,18200
2017-06-30,11.197613716125488,13.475000381469727,13.475000381469727,13.475000381469727,13.475000381469727,400
2017-07-03,10.316765785217285,12.414999961853027,12.414999961853027,12.414999961853027,12.414999961853027,400
2017-07-05,10.595144271850586,12.75,12.75,12.75,12.75,1000
2017-07-06,10.620077133178711,12.779999732971191,12.779999732971191,12.774999618530273,12.774999618530273,2000
2017-07-07,10.620077133178711,12.779999732971191,12.779999732971191,12.779999732971191,12.779999732971191,0
2017-07-10,10.67824649810791,12.850000381469727,12.850000381469727,12.770000457763672,12.770000457763672,5200
2017-07-11,10.67824649810791,12.850000381469727,12.850000381469727,12.850000381469727,12.850000381469727,0
2017-07-12,11.156065940856934,13.425000190734863,13.425000190734863,12.774999618530273,12.774999618530273,1200
2017-07-13,11.156065940856934,13.425000190734863,13.425000190734863,13.425000190734863,13.425000190734863,0
2017-07-14,11.156065940856934,13.425000190734863,13.425000190734863,13.425000190734863,13.425000190734863,0
2017-07-17,11.156065940856934,13.425000190734863,13.425000190734863,13.425000190734863,13.425000190734863,0
2017-07-18,11.156065940856934,13.425000190734863,13.425000190734863,13.425000190734863,13.425000190734863,0
2017-07-19,11.010641098022461,13.25,13.274999618530273,12.875,12.875,1800
2017-07-20,11.0607271194458,13.25,13.25,13.25,13.25,0
2017-07-21,11.0607271194458,13.25,13.25,13.25,13.25,0
2017-07-24,11.110814094543457,13.3100004196167,13.5,13.3100004196167,13.5,2000
2017-07-25,11.185942649841309,13.399999618530273,13.6899995803833,13.395000457763672,13.625,8000
2017-07-26,11.185942649841309,13.399999618530273,13.399999618530273,13.399999618530273,13.399999618530273,0
2017-07-27,11.394635200500488,13.649999618530273,13.664999961853027,13.5,13.649999618530273,41000
2017-07-28,11.394635200500488,13.649999618530273,13.649999618530273,13.649999618530273,13.649999618530273,0
2017-07-31,11.394635200500488,13.649999618530273,13.649999618530273,13.649999618530273,13.649999618530273,0
2017-08-01,11.394635200500488,13.649999618530273,13.649999618530273,13.649999618530273,13.649999618530273,0
2017-08-02,11.394635200500488,13.649999618530273,13.649999618530273,13.649999618530273,13.649999618530273,0
2017-08-03,11.227682113647461,13.449999809265137,13.524999618530273,13.449999809265137,13.449999809265137,14000
2017-08-04,11.290288925170898,13.524999618530273,13.569999694824219,13.524999618530273,13.569999694824219,22200
2017-08-07,11.352899551391602,13.600000381469727,13.609999656677246,13.380000114440918,13.609999656677246,1400
2017-08-08,11.227682113647461,13.449999809265137,13.449999809265137,13.444999694824219,13.444999694824219,2200
2017-08-09,11.165074348449707,13.375,13.375,13.375,13.375,2800
2017-08-10,11.165074348449707,13.375,13.375,13.375,13.375,0
2017-08-11,11.165074348449707,13.375,13.375,13.375,13.375,0
2017-08-14,11.269420623779297,13.5,13.5,13.5,13.5,1800
2017-08-15,11.269420623779297,13.5,13.5,13.5,13.5,0
2017-08-16,11.269420623779297,13.5,13.5,13.5,13.5,600
2017-08-17,11.0607271194458,13.25,13.5,13.25,13.5,1200
2017-08-18,11.0607271194458,13.25,13.25,13.25,13.25,0
2017-08-21,11.0607271194458,13.25,13.25,13.25,13.25,0
2017-08-22,11.0607271194458,13.25,13.25,13.25,13.25,0
2017-08-23,11.269420623779297,13.5,13.725000381469727,13.5,13.725000381469727,800
2017-08-24,11.269420623779297,13.5,13.5,13.5,13.5,0
2017-08-25,11.269420623779297,13.5,13.5,13.5,13.5,0
2017-08-28,11.0607271194458,13.25,13.34000015258789,13.25,13.34000015258789,600
2017-08-29,11.0607271194458,13.25,13.25,13.25,13.25,0
2017-08-30,11.0607271194458,13.25,13.25,13.25,13.25,0
2017-08-31,10.852035522460938,13.0,13.324999809265137,13.0,13.324999809265137,1800
2017-09-01,10.852035522460938,13.0,13.0,13.0,13.0,0
2017-09-05,10.852035522460938,13.0,13.0,13.0,13.0,1000
2017-09-06,10.852035522460938,13.0,13.0,13.0,13.0,0
2017-09-07,10.88125228881836,13.03499984741211,13.03499984741211,13.020000457763672,13.020000457763672,1000
2017-09-08,10.88125228881836,13.03499984741211,13.03499984741211,13.03499984741211,13.03499984741211,0
2017-09-11,10.88125228881836,13.03499984741211,13.03499984741211,13.03499984741211,13.03499984741211,0
2017-09-12,10.88125228881836,13.03499984741211,13.03499984741211,13.03499984741211,13.03499984741211,0
2017-09-13,11.131681442260742,13.335000038146973,13.335000038146973,13.335000038146973,13.335000038146973,600
2017-09-14,10.956381797790527,13.125,13.210000038146973,13.125,13.210000038146973,1000
2017-09-15,11.169249534606934,13.380000114440918,13.380000114440918,13.25,13.25,4600
2017-09-18,11.06907844543457,13.260000228881836,13.260000228881836,13.260000228881836,13.260000228881836,400
2017-09-19,11.169249534606934,13.380000114440918,13.380000114440918,13.225000381469727,13.279999732971191,11200
2017-09-20,11.169249534606934,13.380000114440918,13.380000114440918,13.380000114440918,13.380000114440918,0
2017-09-21,11.169249534606934,13.380000114440918,13.380000114440918,13.380000114440918,13.380000114440918,0
2017-09-22,11.169249534606934,13.380000114440918,13.380000114440918,13.380000114440918,13.380000114440918,0
2017-09-25,11.0607271194458,13.25,13.25,13.25,13.25,800
2017-09-26,11.0607271194458,13.25,13.25,13.25,13.25,0
2017-09-27,11.0607271194458,13.25,13.25,13.25,13.25,0
2017-09-28,11.0607271194458,13.25,13.25,13.25,13.25,0
2017-09-29,11.144205093383789,13.350000381469727,13.350000381469727,13.345000267028809,13.345000267028809,8600
2017-10-02,11.144205093383789,13.350000381469727,13.350000381469727,13.350000381469727,13.350000381469727,0
2017-10-03,11.144205093383789,13.350000381469727,13.350000381469727,13.350000381469727,13.350000381469727,0
2017-10-04,11.144205093383789,13.350000381469727,13.350000381469727,13.350000381469727,13.350000381469727,0
2017-10-05,11.0398588180542,13.225000381469727,13.225000381469727,13.175000190734863,13.194999694824219,1200
2017-10-06,11.123332023620605,13.324999809265137,13.324999809265137,13.324999809265137,13.324999809265137,800
2017-10-09,11.123332023620605,13.324999809265137,13.324999809265137,13.324999809265137,13.324999809265137,0
2017-10-10,11.123332023620605,13.324999809265137,13.324999809265137,13.324999809265137,13.324999809265137,0
2017-10-11,11.123332023620605,13.324999809265137,13.324999809265137,13.324999809265137,13.324999809265137,0
2017-10-12,11.123332023620605,13.324999809265137,13.324999809265137,13.324999809265137,13.324999809265137,0
2017-10-13,11.123332023620605,13.324999809265137,13.324999809265137,13.324999809265137,13.324999809265137,0
2017-10-16,11.0607271194458,13.25,13.25,13.175000190734863,13.175000190734863,800
2017-10-17,11.0398588180542,13.225000381469727,13.225000381469727,13.225000381469727,13.225000381469727,800
2017-10-18,11.0398588180542,13.225000381469727,13.475000381469727,13.225000381469727,13.475000381469727,3000
2017-10-19,11.0398588180542,13.225000381469727,13.225000381469727,13.225000381469727,13.225000381469727,0
2017-10-20,11.09017562866211,13.225000381469727,13.225000381469727,13.225000381469727,13.225000381469727,0
2017-10-23,11.09017562866211,13.225000381469727,13.225000381469727,13.225000381469727,13.225000381469727,0
2017-10-24,11.09017562866211,13.225000381469727,13.225000381469727,13.225000381469727,13.225000381469727,0
2017-10-25,11.09017562866211,13.225000381469727,13.225000381469727,13.225000381469727,13.225000381469727,0
2017-10-26,11.09017562866211,13.225000381469727,13.225000381469727,13.225000381469727,13.225000381469727,0
2017-10-27,11.09017562866211,13.225000381469727,13.225000381469727,13.225000381469727,13.225000381469727,0
2017-10-30,11.09017562866211,13.225000381469727,13.225000381469727,13.225000381469727,13.225000381469727,0
2017-10-31,11.09017562866211,13.225000381469727,13.225000381469727,13.225000381469727,13.225000381469727,0
2017-11-01,11.09017562866211,13.225000381469727,13.225000381469727,13.225000381469727,13.225000381469727,0
2017-11-02,11.194995880126953,13.350000381469727,13.350000381469727,13.345000267028809,13.350000381469727,8600
2017-11-03,11.320779800415039,13.5,13.744999885559082,13.5,13.744999885559082,8600
2017-11-06,11.320779800415039,13.5,13.5,13.5,13.5,0
2017-11-07,11.320779800415039,13.5,13.5,13.5,13.5,0
2017-11-08,11.320779800415039,13.5,13.5,13.5,13.5,0
2017-11-09,11.37948226928711,13.569999694824219,13.569999694824219,13.569999694824219,13.569999694824219,800
2017-11-10,11.37948226928711,13.569999694824219,13.569999694824219,13.569999694824219,13.569999694824219,0
2017-11-13,11.37948226928711,13.569999694824219,13.569999694824219,13.569999694824219,13.569999694824219,0
2017-11-14,11.37948226928711,13.569999694824219,13.569999694824219,13.569999694824219,13.569999694824219,0
2017-11-15,11.37948226928711,13.569999694824219,13.569999694824219,13.569999694824219,13.569999694824219,0
2017-11-16,11.37948226928711,13.569999694824219,13.569999694824219,13.569999694824219,13.569999694824219,0
2017-11-17,11.37948226928711,13.569999694824219,13.569999694824219,13.569999694824219,13.569999694824219,0
2017-11-20,11.37948226928711,13.569999694824219,13.569999694824219,13.569999694824219,13.569999694824219,0
2017-11-21,11.37948226928711,13.569999694824219,13.569999694824219,13.569999694824219,13.569999694824219,0
2017-11-22,11.37948226928711,13.569999694824219,13.569999694824219,13.5,13.5,800
2017-11-24,11.37948226928711,13.569999694824219,13.569999694824219,13.569999694824219,13.569999694824219,0
2017-11-27,11.320779800415039,13.5,13.5,13.5,13.5,38200
2017-11-28,11.32497501373291,13.505000114440918,13.699999809265137,13.505000114440918,13.600000381469727,2600
2017-11-29,11.4256010055542,13.625,13.625,13.5,13.5,2000
2017-11-30,11.530426025390625,13.75,13.75,13.75,13.75,600
2017-12-01,11.320779800415039,13.5,13.5,13.5,13.5,400
2017-12-04,11.530426025390625,13.75,13.75,13.75,13.75,600
2017-12-05,11.530426025390625,13.75,13.75,13.75,13.75,0
2017-12-06,11.530426025390625,13.75,13.75,13.75,13.75,0
2017-12-07,11.530426025390625,13.75,13.75,13.75,13.75,0
2017-12-08,11.530426025390625,13.75,13.75,13.75,13.75,0
2017-12-11,11.530426025390625,13.75,13.75,13.75,13.75,4200
2017-12-12,11.635247230529785,13.875,13.875,13.875,13.875,3400
2017-12-13,11.530426025390625,13.75,13.75,13.75,13.75,200
2017-12-14,11.530426025390625,13.75,13.75,13.75,13.75,0
2017-12-15,11.530426025390625,13.75,13.75,13.75,13.75,0
2017-12-18,11.769421577453613,14.03499984741211,14.03499984741211,14.03499984741211,14.03499984741211,1200
2017-12-19,11.75264835357666,14.015000343322754,14.024999618530273,14.015000343322754,14.024999618530273,1200
2017-12-20,11.794575691223145,14.0649995803833,14.0649995803833,14.0649995803833,14.0649995803833,800
2017-12-21,11.794575691223145,14.0649995803833,14.0649995803833,14.0649995803833,14.0649995803833,0
2017-12-22,11.794575691223145,14.0649995803833,14.0649995803833,14.0649995803833,14.0649995803833,0
2017-12-26,11.794575691223145,14.0649995803833,14.0649995803833,14.0649995803833,14.0649995803833,0
2017-12-27,11.794575691223145,14.0649995803833,14.0649995803833,14.0649995803833,14.0649995803833,0
2017-12-28,11.794575691223145,14.0649995803833,14.0649995803833,14.0649995803833,14.0649995803833,0
2017-12-29,11.794575691223145,14.0649995803833,14.0649995803833,14.0649995803833,14.0649995803833,0
2018-01-02,11.589125633239746,13.819999694824219,13.819999694824219,13.5,13.5,1600
2018-01-03,11.589125633239746,13.819999694824219,13.819999694824219,13.819999694824219,13.819999694824219,0
2018-01-04,11.589125633239746,13.819999694824219,13.819999694824219,13.819999694824219,13.819999694824219,0
2018-01-05,11.589125633239746,13.819999694824219,13.819999694824219,13.819999694824219,13.819999694824219,0
2018-01-08,11.589125633239746,13.819999694824219,13.819999694824219,13.819999694824219,13.819999694824219,0
2018-01-09,11.589125633239746,13.819999694824219,13.819999694824219,13.819999694824219,13.819999694824219,0
2018-01-10,11.589125633239746,13.819999694824219,13.819999694824219,13.819999694824219,13.819999694824219,0
2018-01-11,11.572355270385742,13.800000190734863,13.800000190734863,13.800000190734863,13.800000190734863,400
2018-01-12,11.572355270385742,13.800000190734863,13.800000190734863,13.800000190734863,13.800000190734863,0
2018-01-16,11.572355270385742,13.800000190734863,13.800000190734863,13.800000190734863,13.800000190734863,0
2018-01-17,11.572355270385742,13.800000190734863,13.800000190734863,13.800000190734863,13.800000190734863,0
2018-01-18,11.572355270385742,13.800000190734863,13.800000190734863,13.800000190734863,13.800000190734863,0
2018-01-19,12.086118698120117,14.350000381469727,14.350000381469727,14.350000381469727,14.350000381469727,400
2018-01-22,11.791335105895996,14.0,14.0,14.0,14.0,6000
2018-01-23,11.791335105895996,14.0,14.0,14.0,14.0,0
2018-01-24,11.791335105895996,14.0,14.0,14.0,14.0,400
2018-01-25,11.791335105895996,14.0,14.0,14.0,14.0,0
2018-01-26,11.791335105895996,14.0,14.0,14.0,14.0,0
2018-01-29,11.879772186279297,14.104999542236328,14.104999542236328,14.104999542236328,14.104999542236328,1000
2018-01-30,11.879772186279297,14.104999542236328,14.104999542236328,14.104999542236328,14.104999542236328,0
2018-01-31,11.879772186279297,14.104999542236328,14.104999542236328,14.104999542236328,14.104999542236328,0
2018-02-01,11.879772186279297,14.104999542236328,14.104999542236328,14.104999542236328,14.104999542236328,0
2018-02-02,12.292465209960938,14.595000267028809,14.595000267028809,14.595000267028809,14.595000267028809,400
2018-02-05,12.292465209960938,14.595000267028809,14.595000267028809,14.595000267028809,14.595000267028809,0
2018-02-06,12.292465209960938,14.595000267028809,14.595000267028809,14.595000267028809,14.595000267028809,0
2018-02-07,12.292465209960938,14.595000267028809,14.595000267028809,14.595000267028809,14.595000267028809,0
2018-02-08,11.816601753234863,14.029999732971191,14.725000381469727,14.029999732971191,14.524999618530273,4800
2018-02-09,12.612518310546875,14.975000381469727,14.975000381469727,14.8149995803833,14.8149995803833,4800
2018-02-12,12.73885440826416,15.125,15.125,14.244999885559082,14.369999885559082,9600
2018-02-13,12.50302791595459,14.845000267028809,14.975000381469727,14.255000114440918,14.255000114440918,6800
2018-02-14,12.50302791595459,14.845000267028809,14.845000267028809,14.845000267028809,14.845000267028809,0
2018-02-15,12.50302791595459,14.845000267028809,14.845000267028809,14.845000267028809,14.845000267028809,0
2018-02-16,12.50302791595459,14.845000267028809,14.845000267028809,14.845000267028809,14.845000267028809,0
2018-02-20,12.50302791595459,14.845000267028809,14.845000267028809,14.845000267028809,14.845000267028809,0
2018-02-21,12.50302791595459,14.845000267028809,14.845000267028809,14.845000267028809,14.845000267028809,0
2018-02-22,12.50302791595459,14.845000267028809,14.845000267028809,14.845000267028809,14.845000267028809,0
2018-02-23,12.50302791595459,14.845000267028809,14.845000267028809,14.845000267028809,14.845000267028809,0
2018-02-26,12.574618339538574,14.930000305175781,14.930000305175781,14.385000228881836,14.574999809265137,11600
2018-02-27,12.574618339538574,14.930000305175781,14.930000305175781,14.930000305175781,14.930000305175781,0
2018-02-28,12.633574485778809,15.0,15.0,15.0,15.0,400
2018-03-01,12.317733764648438,14.625,14.625,14.625,14.625,800
2018-03-02,12.317733764648438,14.625,14.625,14.625,14.625,0
2018-03-05,12.317733764648438,14.625,14.625,14.625,14.625,0
2018-03-06,12.427225112915039,14.755000114440918,15.0,14.755000114440918,14.899999618530273,3800
2018-03-07,12.423016548156738,14.75,14.75,14.75,14.75,800
2018-03-08,12.423016548156738,14.75,14.75,14.75,14.75,0
2018-03-09,12.633574485778809,15.0,15.0,15.0,15.0,200
2018-03-12,12.629364013671875,14.994999885559082,15.0,14.994999885559082,15.0,5000
2018-03-13,12.549347877502441,14.899999618530273,14.899999618530273,14.899999618530273,14.899999618530273,200
2018-03-14,12.549347877502441,14.899999618530273,14.899999618530273,14.899999618530273,14.899999618530273,200
2018-03-15,12.528295516967773,14.875,14.875,14.875,14.875,200
2018-03-16,13.303153991699219,15.795000076293945,15.795000076293945,15.050000190734863,15.050000190734863,3600
2018-03-19,12.591464042663574,14.949999809265137,15.975000381469727,14.949999809265137,15.975000381469727,400
2018-03-20,12.74306583404541,15.130000114440918,15.600000381469727,15.130000114440918,15.600000381469727,2800
2018-03-21,12.713583946228027,15.095000267028809,15.34000015258789,15.095000267028809,15.300000190734863,1200
2018-03-22,12.658842086791992,15.029999732971191,15.029999732971191,15.029999732971191,15.029999732971191,400
2018-03-23,12.633574485778809,15.0,15.0,15.0,15.0,200
2018-03-26,12.633574485778809,15.0,15.0,15.0,15.0,0
2018-03-27,12.633574485778809,15.0,15.0,15.0,15.0,0
2018-03-28,12.633574485778809,15.0,15.375,15.0,15.375,4000
2018-03-29,12.646208763122559,15.015000343322754,15.25,15.015000343322754,15.109999656677246,800
2018-04-02,12.646208763122559,15.015000343322754,15.015000343322754,15.015000343322754,15.015000343322754,0
2018-04-03,12.633574485778809,15.0,15.0,15.0,15.0,400
2018-04-04,12.633574485778809,15.0,15.0,15.0,15.0,400
2018-04-05,12.633574485778809,15.0,15.024999618530273,15.0,15.0,2200
2018-04-06,12.633574485778809,15.0,15.0,15.0,15.0,0
2018-04-09,12.633574485778809,15.0,15.0,15.0,15.0,0
2018-04-10,12.633574485778809,15.0,15.0,15.0,15.0,0
2018-04-11,12.633574485778809,15.0,15.0,15.0,15.0,0
2018-04-12,12.633574485778809,15.0,15.0,15.0,15.0,0
2018-04-13,12.633574485778809,15.0,15.0,15.0,15.0,0
2018-04-16,13.054694175720215,15.5,15.5,15.5,15.5,400
2018-04-17,13.02942943572998,15.470000267028809,15.470000267028809,15.470000267028809,15.470000267028809,200
2018-04-18,13.02942943572998,15.470000267028809,15.470000267028809,15.470000267028809,15.470000267028809,0
2018-04-19,13.02942943572998,15.470000267028809,15.470000267028809,15.470000267028809,15.470000267028809,0
2018-04-20,13.080157279968262,15.470000267028809,15.470000267028809,15.470000267028809,15.470000267028809,0
2018-04-23,13.080157279968262,15.470000267028809,15.470000267028809,15.470000267028809,15.470000267028809,0
2018-04-24,12.708128929138184,15.029999732971191,15.475000381469727,15.029999732971191,15.475000381469727,11000
2018-04-25,12.708128929138184,15.029999732971191,15.029999732971191,15.029999732971191,15.029999732971191,0
2018-04-26,12.708128929138184,15.029999732971191,15.029999732971191,15.029999732971191,15.029999732971191,0
2018-04-27,12.708128929138184,15.029999732971191,15.029999732971191,15.029999732971191,15.029999732971191,0
2018-04-30,13.0590181350708,15.444999694824219,15.444999694824219,15.444999694824219,15.444999694824219,200
2018-05-01,13.274626731872559,15.699999809265137,15.699999809265137,15.600000381469727,15.600000381469727,4400
2018-05-02,13.401453018188477,15.850000381469727,15.850000381469727,15.845000267028809,15.845000267028809,2000
2018-05-03,13.401453018188477,15.850000381469727,15.850000381469727,15.850000381469727,15.850000381469727,0
2018-05-04,13.60860538482666,16.094999313354492,16.094999313354492,15.850000381469727,15.850000381469727,1400
2018-05-07,13.363409996032715,15.805000305175781,15.805000305175781,15.630000114440918,15.630000114440918,800
2018-05-08,13.363409996032715,15.805000305175781,15.805000305175781,15.805000305175781,15.805000305175781,0
2018-05-09,13.363409996032715,15.805000305175781,15.805000305175781,15.805000305175781,15.805000305175781,0
2018-05-10,13.363409996032715,15.805000305175781,15.805000305175781,15.805000305175781,15.805000305175781,0
2018-05-11,13.363409996032715,15.805000305175781,15.805000305175781,15.805000305175781,15.805000305175781,0
2018-05-14,13.528281211853027,16.0,16.0,16.0,16.0,1200
2018-05-15,13.528281211853027,16.0,16.0,16.0,16.0,0
2018-05-16,13.528281211853027,16.0,16.0,16.0,16.0,400
2018-05-17,13.528281211853027,16.0,16.0,16.0,16.0,400
2018-05-18,13.528281211853027,16.0,16.0,16.0,16.0,0
2018-05-21,13.397226333618164,15.845000267028809,16.0,15.800000190734863,16.0,2800
2018-05-22,13.401453018188477,15.850000381469727,15.850000381469727,15.845000267028809,15.850000381469727,800
2018-05-23,13.507143020629883,15.975000381469727,15.975000381469727,15.975000381469727,15.975000381469727,200
2018-05-24,13.69738483428955,16.200000762939453,16.200000762939453,16.010000228881836,16.010000228881836,6400
2018-05-25,13.359179496765137,15.800000190734863,16.450000762939453,15.800000190734863,16.200000762939453,8800
2018-05-29,13.570560455322266,16.049999237060547,16.049999237060547,15.699999809265137,15.699999809265137,7400
2018-05-30,13.528281211853027,16.0,16.0,15.725000381469727,15.725000381469727,11400
2018-05-31,13.46486759185791,15.925000190734863,16.084999084472656,15.925000190734863,16.084999084472656,4000
2018-06-01,13.46486759185791,15.925000190734863,15.925000190734863,15.925000190734863,15.925000190734863,0
2018-06-04,13.46486759185791,15.925000190734863,15.925000190734863,15.925000190734863,15.925000190734863,400
2018-06-05,13.536735534667969,16.010000228881836,16.200000762939453,15.880000114440918,15.880000114440918,4400
2018-06-06,13.46486759185791,15.925000190734863,16.149999618530273,15.925000190734863,16.149999618530273,4400
2018-06-07,13.46486759185791,15.925000190734863,15.925000190734863,15.925000190734863,15.925000190734863,0
2018-06-08,13.655108451843262,16.149999618530273,16.149999618530273,16.149999618530273,16.149999618530273,800
2018-06-11,13.655108451843262,16.149999618530273,16.149999618530273,16.149999618530273,16.149999618530273,0
2018-06-12,13.44372844696045,15.899999618530273,15.899999618530273,15.829999923706055,15.875,2200
2018-06-13,13.549419403076172,16.024999618530273,16.049999237060547,15.800000190734863,15.800000190734863,7600
2018-06-14,13.69738483428955,16.200000762939453,16.375,16.19499969482422,16.375,3400
2018-06-15,13.528281211853027,16.0,16.0,15.8149995803833,15.8149995803833,7000
2018-06-18,13.44372844696045,15.899999618530273,16.239999771118164,15.899999618530273,16.18000030517578,5200
2018-06-19,13.44372844696045,15.899999618530273,16.0,15.75,15.75,2600
2018-06-20,13.44372844696045,15.899999618530273,15.9350004196167,15.875,15.899999618530273,26200
2018-06-21,13.44372844696045,15.899999618530273,15.899999618530273,15.899999618530273,15.899999618530273,2400
2018-06-22,13.824212074279785,16.350000381469727,16.350000381469727,15.899999618530273,15.899999618530273,3800
2018-06-25,13.44372844696045,15.899999618530273,15.899999618530273,15.899999618530273,15.899999618530273,13200
2018-06-26,13.401453018188477,15.850000381469727,15.864999771118164,15.850000381469727,15.850000381469727,2800
2018-06-27,13.401453018188477,15.850000381469727,15.850000381469727,15.850000381469727,15.850000381469727,0
2018-06-28,13.401453018188477,15.850000381469727,15.850000381469727,15.850000381469727,15.850000381469727,0
2018-06-29,13.295762062072754,15.725000381469727,15.725000381469727,15.725000381469727,15.725000381469727,600
2018-07-02,13.126663208007812,15.524999618530273,15.899999618530273,15.524999618530273,15.609999656677246,3000
2018-07-03,13.126663208007812,15.524999618530273,15.524999618530273,15.524999618530273,15.524999618530273,0
2018-07-05,13.126663208007812,15.524999618530273,15.524999618530273,15.524999618530273,15.524999618530273,0
2018-07-06,13.126663208007812,15.524999618530273,15.524999618530273,15.524999618530273,15.524999618530273,0
2018-07-09,13.105525016784668,15.5,15.710000038146973,15.5,15.710000038146973,800
2018-07-10,13.105525016784668,15.5,15.5,15.5,15.5,0
2018-07-11,13.44372844696045,15.899999618530273,15.899999618530273,15.899999618530273,15.899999618530273,600
2018-07-12,13.321128845214844,15.755000114440918,15.755000114440918,15.755000114440918,15.755000114440918,400
2018-07-13,13.44372844696045,15.899999618530273,15.899999618530273,15.899999618530273,15.899999618530273,7000
2018-07-16,13.44372844696045,15.899999618530273,15.899999618530273,15.899999618530273,15.899999618530273,0
2018-07-17,13.44372844696045,15.899999618530273,15.899999618530273,15.899999618530273,15.899999618530273,0
2018-07-18,13.44372844696045,15.899999618530273,15.899999618530273,15.899999618530273,15.899999618530273,0
2018-07-19,13.44372844696045,15.899999618530273,15.899999618530273,15.899999618530273,15.899999618530273,0
2018-07-20,13.50317668914795,15.899999618530273,15.899999618530273,15.899999618530273,15.899999618530273,0
2018-07-23,13.588105201721191,16.0,16.0,16.0,16.0,600
2018-07-24,13.762203216552734,16.204999923706055,16.350000381469727,16.165000915527344,16.25,3600
2018-07-25,13.762203216552734,16.204999923706055,16.204999923706055,16.204999923706055,16.204999923706055,0
2018-07-26,13.762203216552734,16.204999923706055,16.204999923706055,16.204999923706055,16.204999923706055,0
2018-07-27,13.762203216552734,16.204999923706055,16.204999923706055,16.204999923706055,16.204999923706055,0
2018-07-30,13.800416946411133,16.25,16.25,16.25,16.25,200
2018-07-31,13.800416946411133,16.25,16.25,16.25,16.25,0
2018-08-01,13.800416946411133,16.25,16.25,16.25,16.25,0
2018-08-02,13.800416946411133,16.25,16.25,16.25,16.25,0
2018-08-03,14.182585716247559,16.700000762939453,16.700000762939453,16.700000762939453,16.700000762939453,3400
2018-08-06,14.182585716247559,16.700000762939453,16.700000762939453,16.700000762939453,16.700000762939453,0
2018-08-07,14.343939781188965,16.889999389648438,17.020000457763672,16.889999389648438,17.0049991607666,1800
2018-08-08,14.454346656799316,17.020000457763672,17.2450008392334,17.010000228881836,17.010000228881836,1200
2018-08-09,14.454346656799316,17.020000457763672,17.020000457763672,17.020000457763672,17.020000457763672,200
2018-08-10,14.331202507019043,16.875,16.875,16.875,16.875,3800
2018-08-13,14.331202507019043,16.875,16.875,16.875,16.875,3800
2018-08-14,14.331202507019043,16.875,16.875,16.875,16.875,0
2018-08-15,14.331202507019043,16.875,16.875,16.875,16.875,0
2018-08-16,14.331202507019043,16.875,16.875,16.875,16.875,0
2018-08-17,14.067935943603516,16.565000534057617,16.790000915527344,16.549999237060547,16.735000610351562,8600
2018-08-20,14.267508506774902,16.799999237060547,17.579999923706055,16.799999237060547,17.579999923706055,4400
2018-08-21,14.798295021057129,17.424999237060547,17.424999237060547,16.799999237060547,16.799999237060547,13600
2018-08-22,14.564750671386719,17.149999618530273,17.989999771118164,17.049999237060547,17.875,15600
2018-08-23,14.86198902130127,17.5,17.5,16.25,16.80500030517578,10200
2018-08-24,14.883217811584473,17.524999618530273,17.524999618530273,17.434999465942383,17.434999465942383,7000
2018-08-27,14.653922080993652,17.2549991607666,17.2549991607666,17.2549991607666,17.2549991607666,600
2018-08-28,14.86198902130127,17.5,17.5,17.5,17.5,400
2018-08-29,14.86198902130127,17.5,17.5,17.5,17.5,0
2018-08-30,15.180459022521973,17.875,17.875,17.875,17.875,600
2018-08-31,15.320587158203125,18.040000915527344,18.040000915527344,18.040000915527344,18.040000915527344,400
2018-09-04,15.392770767211914,18.125,18.125,17.514999389648438,17.565000534057617,8200
2018-09-05,15.074299812316895,17.75,18.375,17.75,18.165000915527344,6000
2018-09-06,15.074299812316895,17.75,17.799999237060547,17.25,17.645000457763672,14800
2018-09-07,15.057318687438965,17.729999542236328,17.75,17.524999618530273,17.65999984741211,7600
2018-09-10,14.666664123535156,17.270000457763672,17.364999771118164,17.25,17.364999771118164,800
2018-09-11,14.649675369262695,17.25,17.46500015258789,17.25,17.270000457763672,2800
2018-09-12,14.649675369262695,17.25,17.40999984741211,17.25,17.25,1600
2018-09-13,14.356680870056152,16.905000686645508,17.334999084472656,16.2549991607666,16.8700008392334,8400
2018-09-14,14.01273250579834,16.5,17.5,16.5,17.200000762939453,14400
2018-09-17,14.450096130371094,17.014999389648438,17.024999618530273,16.25,17.0,7200
2018-09-18,14.399144172668457,16.954999923706055,17.114999771118164,16.639999389648438,17.114999771118164,13800
2018-09-19,14.649675369262695,17.25,17.25,16.875,16.924999237060547,8200
2018-09-20,14.522286415100098,17.100000381469727,17.3700008392334,17.0049991607666,17.0049991607666,1000
2018-09-21,15.838632583618164,18.649999618530273,18.649999618530273,17.25,17.274999618530273,9600
2018-09-24,15.838632583618164,18.649999618530273,18.649999618530273,18.649999618530273,18.649999618530273,0
2018-09-25,14.86198902130127,17.5,17.5,16.625,16.81999969482422,14200
2018-09-26,14.501058578491211,17.075000762939453,17.5,17.075000762939453,17.375,17800
2018-09-27,14.501058578491211,17.075000762939453,17.075000762939453,17.075000762939453,17.075000762939453,0
2018-09-28,14.479822158813477,17.049999237060547,17.145000457763672,17.049999237060547,17.145000457763672,16000
2018-10-01,14.479822158813477,17.049999237060547,17.049999237060547,17.049999237060547,17.049999237060547,21200
2018-10-02,14.479822158813477,17.049999237060547,17.049999237060547,17.049999237060547,17.049999237060547,0
2018-10-03,14.462839126586914,17.030000686645508,17.075000762939453,17.024999618530273,17.075000762939453,5800
2018-10-04,14.543517112731934,17.125,17.125,17.125,17.125,600
2018-10-05,14.62844467163086,17.225000381469727,17.225000381469727,17.225000381469727,17.225000381469727,1600
2018-10-08,14.437362670898438,17.0,17.0049991607666,16.670000076293945,16.94499969482422,7800
2018-10-09,14.22504711151123,16.75,17.024999618530273,16.75,17.024999618530273,5400
2018-10-10,14.118890762329102,16.625,16.625,16.625,16.625,600
2018-10-11,14.055194854736328,16.549999237060547,16.649999618530273,16.549999237060547,16.649999618530273,6600
2018-10-12,14.203813552856445,16.725000381469727,16.75,16.575000762939453,16.575000762939453,8800
2018-10-15,14.114642143249512,16.6200008392334,16.6200008392334,16.6200008392334,16.6200008392334,1400
2018-10-16,13.906577110290527,16.375,16.375,16.375,16.375,200
2018-10-17,14.118890762329102,16.625,16.729999542236328,16.299999237060547,16.729999542236328,6600
2018-10-18,13.864112854003906,16.325000762939453,16.325000762939453,16.325000762939453,16.325000762939453,200
2018-10-19,13.92381763458252,16.325000762939453,16.325000762939453,16.325000762939453,16.325000762939453,0
2018-10-22,13.859847068786621,16.25,16.25,16.25,16.25,3600
2018-10-23,13.774556159973145,16.149999618530273,16.149999618530273,16.149999618530273,16.149999618530273,600
2018-10-24,13.774556159973145,16.149999618530273,16.149999618530273,16.149999618530273,16.149999618530273,200
2018-10-25,13.441917419433594,15.760000228881836,16.125,15.760000228881836,16.125,1000
2018-10-26,13.39500904083252,15.704999923706055,15.704999923706055,15.704999923706055,15.704999923706055,600
2018-10-29,13.39500904083252,15.704999923706055,15.704999923706055,15.704999923706055,15.704999923706055,0
2018-10-30,13.54000473022461,15.875,15.979999542236328,15.75,15.75,36000
2018-10-31,13.441917419433594,15.760000228881836,15.899999618530273,15.720000267028809,15.755000114440918,4400
2018-11-01,13.702058792114258,16.065000534057617,16.09000015258789,15.970000267028809,15.979999542236328,4800
2018-11-02,14.073076248168945,16.5,16.5,16.2450008392334,16.2450008392334,800
2018-11-05,13.838525772094727,16.225000381469727,16.225000381469727,16.024999618530273,16.024999618530273,600
2018-11-06,13.642354011535645,15.994999885559082,16.315000534057617,15.984999656677246,16.100000381469727,11000
2018-11-07,14.073076248168945,16.5,16.5,16.049999237060547,16.364999771118164,7800
2018-11-08,13.859847068786621,16.25,16.25,15.949999809265137,15.949999809265137,8600
2018-11-09,14.068811416625977,16.4950008392334,16.5,16.049999237060547,16.274999618530273,11200
2018-11-12,13.974992752075195,16.385000228881836,16.385000228881836,15.850000381469727,15.859999656677246,5800
2018-11-13,14.026168823242188,16.44499969482422,16.454999923706055,16.100000381469727,16.100000381469727,3600
2018-11-14,13.727645874023438,16.094999313354492,16.239999771118164,15.994999885559082,16.030000686645508,6200
2018-11-15,13.945137977600098,16.350000381469727,16.350000381469727,16.049999237060547,16.2450008392334,12000
2018-11-16,13.945137977600098,16.350000381469727,16.350000381469727,16.350000381469727,16.350000381469727,200
2018-11-19,13.966462135314941,16.375,16.459999084472656,16.200000762939453,16.200000762939453,7800
2018-11-20,14.102927207946777,16.53499984741211,16.53499984741211,16.299999237060547,16.299999237060547,4800
2018-11-21,14.102927207946777,16.53499984741211,16.53499984741211,16.53499984741211,16.53499984741211,200
2018-11-23,14.102927207946777,16.53499984741211,16.53499984741211,16.53499984741211,16.53499984741211,0
2018-11-26,14.102927207946777,16.53499984741211,16.53499984741211,16.53499984741211,16.53499984741211,200
2018-11-27,13.774556159973145,16.149999618530273,16.25,16.024999618530273,16.024999618530273,4000
2018-11-28,13.859847068786621,16.25,16.299999237060547,16.174999237060547,16.299999237060547,6200
2018-11-29,13.714852333068848,16.079999923706055,16.079999923706055,16.024999618530273,16.024999618530273,1200
2018-11-30,13.22016429901123,15.5,16.0,15.140000343322754,15.140000343322754,3800
2018-12-03,13.348098754882812,15.649999618530273,15.895000457763672,15.649999618530273,15.895000457763672,2600
2018-12-04,13.348098754882812,15.649999618530273,15.649999618530273,15.649999618530273,15.649999618530273,0
2018-12-06,13.224428176879883,15.505000114440918,15.8100004196167,15.255000114440918,15.550000190734863,9800
2018-12-07,13.06237506866455,15.3149995803833,15.699999809265137,15.175000190734863,15.600000381469727,3200
2018-12-10,13.433391571044922,15.75,15.75,15.149999618530273,15.149999618530273,12400
2018-12-11,13.22016429901123,15.5,15.800000190734863,15.5,15.75,3800
2018-12-12,13.22016429901123,15.5,15.5,15.5,15.5,0
2018-12-13,13.22016429901123,15.5,15.5,15.5,15.5,0
2018-12-14,13.036785125732422,15.28499984741211,15.28499984741211,15.25,15.25,2200
2018-12-17,13.092225074768066,15.350000381469727,15.5,15.350000381469727,15.5,2200
2018-12-18,13.092225074768066,15.350000381469727,15.350000381469727,15.350000381469727,15.350000381469727,0
2018-12-19,12.239310264587402,14.350000381469727,14.350000381469727,12.819999694824219,13.475000381469727,3000
2018-12-20,12.580476760864258,14.75,15.0,14.375,14.675000190734863,3600
2018-12-21,12.580476760864258,14.75,14.75,14.75,14.75,200
2018-12-24,12.39283561706543,14.529999732971191,14.529999732971191,14.529999732971191,14.529999732971191,400
2018-12-26,12.499449729919434,14.654999732971191,14.930000305175781,14.654999732971191,14.664999961853027,1800
2018-12-27,12.793706893920898,15.0,15.720000267028809,15.0,15.680000305175781,4600
2018-12-28,12.303279876708984,14.425000190734863,14.53499984741211,14.220000267028809,14.220000267028809,2000
2018-12-31,12.563417434692383,14.729999542236328,14.875,14.725000381469727,14.864999771118164,2800
2019-01-02,12.563417434692383,14.729999542236328,14.729999542236328,14.729999542236328,14.729999542236328,0
2019-01-03,12.563417434692383,14.729999542236328,14.729999542236328,14.729999542236328,14.729999542236328,0
2019-01-04,12.84914493560791,15.0649995803833,15.0649995803833,14.864999771118164,14.885000228881836,2400
2019-01-07,13.117814064025879,15.380000114440918,15.425000190734863,15.175000190734863,15.425000190734863,2400
2019-01-08,13.207368850708008,15.484999656677246,15.494999885559082,15.194999694824219,15.324999809265137,4200
2019-01-09,13.092225074768066,15.350000381469727,15.75,15.350000381469727,15.5,3000
2019-01-10,13.092225074768066,15.350000381469727,15.350000381469727,15.350000381469727,15.350000381469727,200
2019-01-11,13.092225074768066,15.350000381469727,15.350000381469727,15.350000381469727,15.350000381469727,0
2019-01-14,13.322513580322266,15.619999885559082,15.649999618530273,15.5,15.5,9800
2019-01-15,13.322513580322266,15.619999885559082,15.619999885559082,15.619999885559082,15.619999885559082,200
2019-01-16,12.738265991210938,14.9350004196167,14.9350004196167,14.9350004196167,14.9350004196167,600
2019-01-17,12.79825210571289,14.9350004196167,14.9350004196167,14.9350004196167,14.9350004196167,200
2019-01-18,12.64828872680664,14.760000228881836,14.760000228881836,14.760000228881836,14.760000228881836,800
2019-01-22,12.64828872680664,14.760000228881836,14.760000228881836,14.760000228881836,14.760000228881836,200
2019-01-23,13.068183898925781,15.25,15.300000190734863,15.25,15.300000190734863,15600
2019-01-24,13.068183898925781,15.25,15.25,15.25,15.25,0
2019-01-25,13.068183898925781,15.25,15.25,15.25,15.25,0
2019-01-28,13.141023635864258,15.335000038146973,15.609999656677246,15.039999961853027,15.039999961853027,4000
2019-01-29,13.068183898925781,15.25,15.46500015258789,15.225000381469727,15.375,2200
2019-01-30,13.068183898925781,15.25,15.25,15.25,15.25,0
2019-01-31,13.068183898925781,15.25,15.25,15.25,15.25,200
2019-02-01,13.389532089233398,15.625,15.625,15.625,15.625,600
2019-02-04,13.389532089233398,15.625,15.625,15.625,15.625,200
2019-02-05,13.389532089233398,15.625,15.625,15.625,15.625,200
2019-02-06,13.282418251037598,15.5,15.600000381469727,15.5,15.600000381469727,80400
2019-02-07,13.196722984313965,15.399999618530273,15.399999618530273,15.399999618530273,15.399999618530273,400
2019-02-08,13.11960220336914,15.3100004196167,15.3100004196167,15.100000381469727,15.3100004196167,4200
2019-02-11,13.11960220336914,15.3100004196167,15.3100004196167,15.3100004196167,15.3100004196167,200
2019-02-12,13.11960220336914,15.3100004196167,15.3100004196167,15.3100004196167,15.3100004196167,200
2019-02-13,13.11960220336914,15.3100004196167,15.3100004196167,15.3100004196167,15.3100004196167,0
2019-02-14,13.089604377746582,15.274999618530273,15.274999618530273,15.274999618530273,15.274999618530273,800
2019-02-15,13.089604377746582,15.274999618530273,15.274999618530273,15.274999618530273,15.274999618530273,200
2019-02-19,13.089604377746582,15.274999618530273,15.274999618530273,15.274999618530273,15.274999618530273,200
2019-02-20,13.573773384094238,15.84000015258789,15.84000015258789,15.494999885559082,15.574999809265137,3800
2019-02-21,13.453801155090332,15.699999809265137,15.944999694824219,15.260000228881836,15.944999694824219,6000
2019-02-22,13.368107795715332,15.600000381469727,15.600000381469727,15.600000381469727,15.600000381469727,400
2019-02-25,13.260992050170898,15.475000381469727,15.524999618530273,15.46500015258789,15.46500015258789,2000
2019-02-26,13.659464836120605,15.9399995803833,15.949999809265137,15.6850004196167,15.949999809265137,3400
2019-02-27,13.389532089233398,15.625,15.699999809265137,15.505000114440918,15.699999809265137,3800
2019-02-28,13.488079071044922,15.739999771118164,15.960000038146973,15.6899995803833,15.800000190734863,6800
2019-03-01,13.488079071044922,15.739999771118164,15.739999771118164,15.739999771118164,15.739999771118164,200
2019-03-04,13.488079071044922,15.739999771118164,15.739999771118164,15.739999771118164,15.739999771118164,200
2019-03-05,13.488079071044922,15.739999771118164,15.739999771118164,15.739999771118164,15.739999771118164,200
2019-03-06,13.488079071044922,15.739999771118164,15.739999771118164,15.739999771118164,15.739999771118164,0
2019-03-07,13.710883140563965,16.0,16.0,16.0,16.0,600
2019-03-08,13.710883140563965,16.0,16.0,16.0,16.0,200
2019-03-11,13.312408447265625,15.53499984741211,15.53499984741211,15.53499984741211,15.53499984741211,600
2019-03-12,13.312408447265625,15.53499984741211,15.5600004196167,15.53499984741211,15.5600004196167,7400
2019-03-13,13.920830726623535,16.2450008392334,16.2450008392334,15.555000305175781,15.555000305175781,5600
2019-03-14,13.920830726623535,16.2450008392334,16.2450008392334,16.2450008392334,16.2450008392334,0
2019-03-15,13.920830726623535,16.2450008392334,16.2450008392334,16.2450008392334,16.2450008392334,200
2019-03-18,13.920830726623535,16.2450008392334,16.2450008392334,16.2450008392334,16.2450008392334,0
2019-03-19,13.920830726623535,16.2450008392334,16.2450008392334,16.2450008392334,16.2450008392334,200
2019-03-20,13.920830726623535,16.2450008392334,16.2450008392334,16.2450008392334,16.2450008392334,0
2019-03-21,13.929398536682129,16.2549991607666,16.2549991607666,16.2549991607666,16.2549991607666,600
2019-03-22,13.689456939697266,15.975000381469727,16.479999542236328,15.75,15.770000457763672,5200
2019-03-25,13.689456939697266,15.975000381469727,15.975000381469727,15.975000381469727,15.975000381469727,0
2019-03-26,13.689456939697266,15.975000381469727,15.975000381469727,15.975000381469727,15.975000381469727,0
2019-03-27,13.689456939697266,15.975000381469727,15.975000381469727,15.975000381469727,15.975000381469727,0
2019-03-28,13.689456939697266,15.975000381469727,15.975000381469727,15.975000381469727,15.975000381469727,0
2019-03-29,13.689456939697266,15.975000381469727,15.975000381469727,15.975000381469727,15.975000381469727,200
2019-04-01,13.689456939697266,15.975000381469727,15.975000381469727,15.975000381469727,15.975000381469727,0
2019-04-02,13.539496421813965,15.800000190734863,16.049999237060547,15.234999656677246,15.699999809265137,4600
2019-04-03,13.646611213684082,15.925000190734863,16.09000015258789,15.4350004196167,15.635000228881836,8200
2019-04-04,13.646611213684082,15.925000190734863,15.925000190734863,15.925000190734863,15.925000190734863,0
2019-04-05,13.646611213684082,15.925000190734863,15.925000190734863,15.925000190734863,15.925000190734863,0
2019-04-08,14.559243202209473,16.989999771118164,17.0,16.329999923706055,16.329999923706055,3000
2019-04-09,14.559243202209473,16.989999771118164,16.989999771118164,16.975000381469727,16.989999771118164,800
2019-04-10,14.139348030090332,16.5,16.5049991607666,16.25,16.25,2200
2019-04-11,14.31930160522461,16.709999084472656,16.760000228881836,15.53499984741211,16.40999984741211,6000
2019-04-12,13.809428215026855,16.114999771118164,16.844999313354492,16.114999771118164,16.5,8800
2019-04-15,14.16933822631836,16.53499984741211,16.625,15.975000381469727,16.31999969482422,3400
2019-04-16,14.255035400390625,16.635000228881836,17.0,16.545000076293945,16.545000076293945,800
2019-04-17,14.567814826965332,17.0,17.0,17.0,17.0,1000
2019-04-18,14.76572036743164,17.15999984741211,17.15999984741211,17.15999984741211,17.15999984741211,1800
2019-04-22,14.666766166687012,17.045000076293945,17.25,17.045000076293945,17.25,1600
2019-04-23,14.666766166687012,17.045000076293945,17.045000076293945,17.045000076293945,17.045000076293945,200
2019-04-24,14.666766166687012,17.045000076293945,17.045000076293945,17.045000076293945,17.045000076293945,200
2019-04-25,14.318272590637207,16.639999389648438,16.979999542236328,16.440000534057617,16.520000457763672,4400
2019-04-26,14.516181945800781,16.8700008392334,16.8700008392334,16.424999237060547,16.69499969482422,5000
2019-04-29,14.49897289276123,16.850000381469727,16.850000381469727,16.850000381469727,16.850000381469727,5400
2019-04-30,14.473160743713379,16.81999969482422,16.959999084472656,16.700000762939453,16.700000762939453,6600
2019-05-01,14.266645431518555,16.579999923706055,16.975000381469727,16.579999923706055,16.850000381469727,8600
2019-05-02,14.30536937713623,16.625,16.84000015258789,16.625,16.760000228881836,19600
2019-05-03,14.206414222717285,16.510000228881836,17.100000381469727,16.510000228881836,16.59000015258789,2600
2019-05-06,14.042924880981445,16.31999969482422,17.0,16.31999969482422,16.8799991607666,1800
2019-05-07,14.042924880981445,16.31999969482422,16.31999969482422,16.31999969482422,16.31999969482422,0
2019-05-08,14.042924880981445,16.31999969482422,16.31999969482422,16.31999969482422,16.31999969482422,200
2019-05-09,14.01280689239502,16.28499984741211,16.764999389648438,16.28499984741211,16.649999618530273,7400
2019-05-10,14.01280689239502,16.28499984741211,16.28499984741211,16.28499984741211,16.28499984741211,600
2019-05-13,14.245135307312012,16.55500030517578,16.649999618530273,16.55500030517578,16.649999618530273,1200
2019-05-14,14.245135307312012,16.55500030517578,16.55500030517578,16.55500030517578,16.55500030517578,0
2019-05-15,14.167692184448242,16.46500015258789,16.46500015258789,16.46500015258789,16.46500015258789,800
2019-05-16,14.167692184448242,16.46500015258789,16.46500015258789,16.46500015258789,16.46500015258789,0
2019-05-17,14.735602378845215,17.125,17.125,17.125,17.125,200
2019-05-20,14.735602378845215,17.125,17.125,16.674999237060547,16.674999237060547,1400
2019-05-21,14.417228698730469,16.7549991607666,16.7549991607666,16.7549991607666,16.7549991607666,800
2019-05-22,14.417228698730469,16.7549991607666,16.7549991607666,16.7549991607666,16.7549991607666,0
2019-05-23,14.417228698730469,16.7549991607666,16.7549991607666,16.7549991607666,16.7549991607666,200
2019-05-24,14.417228698730469,16.7549991607666,16.7549991607666,16.7549991607666,16.7549991607666,400
2019-05-28,14.417228698730469,16.7549991607666,16.7549991607666,16.7549991607666,16.7549991607666,0
2019-05-29,14.32688045501709,16.649999618530273,16.684999465942383,16.579999923706055,16.684999465942383,4000
2019-05-30,14.735602378845215,17.125,17.125,17.125,17.125,400
2019-05-31,14.206414222717285,16.510000228881836,16.510000228881836,16.510000228881836,16.510000228881836,400
2019-06-03,14.206414222717285,16.510000228881836,16.510000228881836,16.510000228881836,16.510000228881836,200
2019-06-04,14.240829467773438,16.549999237060547,16.725000381469727,16.549999237060547,16.575000762939453,7200
2019-06-05,14.434436798095703,16.774999618530273,16.774999618530273,16.774999618530273,16.774999618530273,800
2019-06-06,14.32688045501709,16.649999618530273,16.649999618530273,16.56999969482422,16.56999969482422,4000
2019-06-07,14.32688045501709,16.649999618530273,16.649999618530273,16.649999618530273,16.649999618530273,200
2019-06-10,14.550606727600098,16.90999984741211,16.90999984741211,16.364999771118164,16.815000534057617,800
2019-06-11,14.550606727600098,16.90999984741211,16.90999984741211,16.90999984741211,16.90999984741211,200
2019-06-12,14.511882781982422,16.864999771118164,16.8799991607666,16.864999771118164,16.8799991607666,1200
2019-06-13,14.619440078735352,16.989999771118164,16.989999771118164,16.989999771118164,16.989999771118164,600
2019-06-14,14.309669494628906,16.6299991607666,17.040000915527344,16.559999465942383,16.774999618530273,6800
2019-06-17,15.028165817260742,17.46500015258789,17.469999313354492,17.450000762939453,17.469999313354492,2000
2019-06-18,14.628046035766602,17.0,17.0,17.0,17.0,800
2019-06-19,14.344087600708008,16.670000076293945,17.540000915527344,16.670000076293945,17.5,4400
2019-06-20,14.266645431518555,16.579999923706055,16.790000915527344,16.579999923706055,16.790000915527344,1600
2019-06-21,14.412925720214844,16.75,16.75,16.75,16.75,1000
2019-06-24,14.412925720214844,16.75,16.75,16.75,16.75,200
2019-06-25,14.412925720214844,16.75,17.30500030517578,16.75,17.30500030517578,6000
2019-06-26,14.84316349029541,17.25,17.25,17.0,17.094999313354492,5200
2019-06-27,14.821651458740234,17.225000381469727,17.225000381469727,17.225000381469727,17.225000381469727,400
2019-06-28,14.30536937713623,16.625,17.225000381469727,16.625,17.225000381469727,6000
2019-07-01,14.197809219360352,16.5,16.854999542236328,16.5,16.854999542236328,55800
2019-07-02,14.090248107910156,16.375,16.375,16.375,16.375,600
2019-07-03,14.034317970275879,16.309999465942383,16.309999465942383,16.309999465942383,16.309999465942383,400
2019-07-05,14.034317970275879,16.309999465942383,16.309999465942383,16.309999465942383,16.309999465942383,200
2019-07-08,14.034317970275879,16.309999465942383,16.309999465942383,16.309999465942383,16.309999465942383,200
2019-07-09,14.034317970275879,16.309999465942383,16.309999465942383,16.309999465942383,16.309999465942383,200
2019-07-10,14.034317970275879,16.309999465942383,16.309999465942383,16.309999465942383,16.309999465942383,0
2019-07-11,14.034317970275879,16.309999465942383,16.309999465942383,16.309999465942383,16.309999465942383,0
2019-07-12,13.88803768157959,16.139999389648438,16.139999389648438,16.139999389648438,16.139999389648438,400
2019-07-15,13.88803768157959,16.139999389648438,16.139999389648438,16.139999389648438,16.139999389648438,0
2019-07-16,13.88803768157959,16.139999389648438,16.139999389648438,16.139999389648438,16.139999389648438,200
2019-07-17,13.88803768157959,16.139999389648438,16.139999389648438,16.139999389648438,16.139999389648438,200
2019-07-18,13.797688484191895,16.03499984741211,16.03499984741211,16.03499984741211,16.03499984741211,1600
2019-07-19,13.866870880126953,16.03499984741211,16.03499984741211,16.03499984741211,16.03499984741211,0
2019-07-22,13.875519752502441,16.045000076293945,16.045000076293945,16.045000076293945,16.045000076293945,200
2019-07-23,13.875519752502441,16.045000076293945,16.045000076293945,16.045000076293945,16.045000076293945,0
2019-07-24,13.875519752502441,16.045000076293945,16.045000076293945,16.045000076293945,16.045000076293945,0
2019-07-25,13.875519752502441,16.045000076293945,16.045000076293945,16.045000076293945,16.045000076293945,200
2019-07-26,14.727335929870605,17.030000686645508,17.030000686645508,16.850000381469727,16.850000381469727,1800
2019-07-29,14.727335929870605,17.030000686645508,17.030000686645508,16.850000381469727,16.850000381469727,1800
2019-07-30,14.727335929870605,17.030000686645508,17.030000686645508,16.850000381469727,16.850000381469727,1800
2019-07-31,14.281966209411621,16.514999389648438,17.6299991607666,16.514999389648438,17.6299991607666,400
2019-08-01,13.853900909423828,16.020000457763672,16.020000457763672,16.020000457763672,16.020000457763672,400
2019-08-02,14.701391220092773,17.0,17.0,17.0,17.0,800
2019-08-05,14.701391220092773,17.0,17.0,17.0,17.0,800
2019-08-06,14.701391220092773,17.0,17.0,17.0,17.0,200
2019-08-07,15.133784294128418,17.5,17.5,17.5,17.5,400
2019-08-08,15.133784294128418,17.5,17.5,17.5,17.5,0
2019-08-09,13.845250129699707,16.010000228881836,16.165000915527344,15.954999923706055,15.954999923706055,1200
2019-08-12,15.073247909545898,17.43000030517578,17.43000030517578,16.125,16.125,20400
2019-08-13,15.073247909545898,17.43000030517578,17.43000030517578,16.125,16.125,200
2019-08-14,15.073247909545898,17.43000030517578,17.43000030517578,16.125,16.125,200
2019-08-15,15.073247909545898,17.43000030517578,17.43000030517578,16.125,16.125,200
2019-08-16,14.052802085876465,16.25,16.25,16.25,16.25,400
2019-08-19,13.866870880126953,16.03499984741211,16.03499984741211,16.03499984741211,16.03499984741211,4200
2019-08-20,13.866870880126953,16.03499984741211,16.03499984741211,16.03499984741211,16.03499984741211,0
2019-08-21,13.866870880126953,16.03499984741211,16.03499984741211,16.03499984741211,16.03499984741211,0
2019-08-22,13.897138595581055,16.06999969482422,16.18000030517578,16.03499984741211,16.18000030517578,8600
2019-08-23,13.80201244354248,15.960000038146973,16.024999618530273,15.960000038146973,16.024999618530273,31200
2019-08-26,13.80201244354248,15.960000038146973,15.960000038146973,15.960000038146973,15.960000038146973,0
2019-08-27,13.80201244354248,15.960000038146973,15.960000038146973,15.960000038146973,15.960000038146973,0
2019-08-28,13.80201244354248,15.960000038146973,15.960000038146973,15.960000038146973,15.960000038146973,0
2019-08-29,13.80201244354248,15.960000038146973,15.960000038146973,15.960000038146973,15.960000038146973,0
2019-08-30,13.80201244354248,15.960000038146973,15.960000038146973,15.960000038146973,15.960000038146973,0
2019-09-03,13.819308280944824,15.979999542236328,15.979999542236328,15.979999542236328,15.979999542236328,600
2019-09-04,13.858223915100098,16.024999618530273,16.024999618530273,16.024999618530273,16.024999618530273,600
2019-09-05,13.858223915100098,16.024999618530273,16.030000686645508,16.024999618530273,16.030000686645508,26400
2019-09-06,13.858223915100098,16.024999618530273,16.024999618530273,16.024999618530273,16.024999618530273,0
2019-09-09,13.858223915100098,16.024999618530273,16.024999618530273,16.024999618530273,16.024999618530273,0
2019-09-10,13.858223915100098,16.024999618530273,16.024999618530273,16.024999618530273,16.024999618530273,0
2019-09-11,13.858223915100098,16.024999618530273,16.024999618530273,16.024999618530273,16.024999618530273,200
2019-09-12,13.866870880126953,16.03499984741211,16.03499984741211,16.03499984741211,16.03499984741211,600
2019-09-13,13.910110473632812,16.084999084472656,16.084999084472656,16.084999084472656,16.084999084472656,2600
2019-09-16,13.88416576385498,16.05500030517578,16.05500030517578,16.05500030517578,16.05500030517578,400
2019-09-17,13.866870880126953,16.03499984741211,16.03499984741211,16.03499984741211,16.03499984741211,200
2019-09-18,13.979294776916504,16.165000915527344,16.165000915527344,16.03499984741211,16.03499984741211,1200
2019-09-19,14.087392807006836,16.290000915527344,16.290000915527344,16.100000381469727,16.100000381469727,800
2019-09-20,14.83975887298584,17.15999984741211,17.15999984741211,16.5,16.5,2400
2019-09-23,14.558699607849121,16.834999084472656,16.834999084472656,16.834999084472656,16.834999084472656,1600
2019-09-24,14.558699607849121,16.834999084472656,16.834999084472656,16.834999084472656,16.834999084472656,200
2019-09-25,14.558699607849121,16.834999084472656,16.834999084472656,16.834999084472656,16.834999084472656,200
2019-09-26,14.12198543548584,16.329999923706055,16.329999923706055,16.329999923706055,16.329999923706055,600
2019-09-27,14.12198543548584,16.329999923706055,16.329999923706055,16.329999923706055,16.329999923706055,200
2019-09-30,14.12198543548584,16.329999923706055,16.329999923706055,16.329999923706055,16.329999923706055,200
2019-10-01,14.12198543548584,16.329999923706055,16.329999923706055,16.329999923706055,16.329999923706055,200
2019-10-02,13.974970817565918,16.15999984741211,16.15999984741211,16.15999984741211,16.15999984741211,400
2019-10-03,13.974970817565918,16.15999984741211,16.15999984741211,16.15999984741211,16.15999984741211,200
2019-10-04,13.974970817565918,16.15999984741211,16.15999984741211,16.15999984741211,16.15999984741211,200
2019-10-07,13.974970817565918,16.15999984741211,16.15999984741211,16.15999984741211,16.15999984741211,200
2019-10-08,13.974970817565918,16.15999984741211,16.15999984741211,16.15999984741211,16.15999984741211,400
2019-10-09,13.974970817565918,16.15999984741211,16.15999984741211,16.15999984741211,16.15999984741211,200
2019-10-10,13.974970817565918,16.15999984741211,16.15999984741211,16.15999984741211,16.15999984741211,200
2019-10-11,13.974970817565918,16.15999984741211,16.15999984741211,16.15999984741211,16.15999984741211,0
2019-10-14,13.974970817565918,16.15999984741211,16.15999984741211,16.15999984741211,16.15999984741211,0
2019-10-15,13.974970817565918,16.15999984741211,16.15999984741211,16.15999984741211,16.15999984741211,0
2019-10-16,13.974970817565918,16.15999984741211,16.15999984741211,16.15999984741211,16.15999984741211,200
2019-10-17,13.974970817565918,16.15999984741211,16.15999984741211,16.15999984741211,16.15999984741211,200
2019-10-18,14.426898002624512,16.600000381469727,16.600000381469727,16.5,16.5,800
2019-10-21,14.426898002624512,16.600000381469727,16.600000381469727,16.600000381469727,16.600000381469727,200
2019-10-22,14.426898002624512,16.600000381469727,16.600000381469727,16.600000381469727,16.600000381469727,0
2019-10-23,14.33998966217041,16.5,16.5,16.5,16.5,1000
2019-10-24,14.353022575378418,16.514999389648438,16.514999389648438,16.514999389648438,16.514999389648438,600
2019-10-25,14.353022575378418,16.514999389648438,16.514999389648438,16.514999389648438,16.514999389648438,0
2019-10-28,14.361715316772461,16.524999618530273,16.524999618530273,16.524999618530273,16.524999618530273,800
2019-10-29,14.361715316772461,16.524999618530273,16.524999618530273,16.524999618530273,16.524999618530273,0
2019-10-30,14.33998966217041,16.5,16.8799991607666,16.5,16.8799991607666,400
2019-10-31,14.33998966217041,16.5,16.5,16.5,16.5,200
2019-11-01,14.557262420654297,16.75,17.0,16.75,17.0,800
2019-11-04,14.335644721984863,16.4950008392334,16.5,16.4950008392334,16.5,7200
2019-11-05,14.77453327178955,17.0,17.0,17.0,17.0,200
2019-11-06,14.7093505859375,16.924999237060547,17.0,16.825000762939453,16.850000381469727,6800
2019-11-07,14.7093505859375,16.924999237060547,16.924999237060547,16.924999237060547,16.924999237060547,200
2019-11-08,15.817442893981934,18.200000762939453,18.200000762939453,17.5,17.5,4800
2019-11-11,15.969534873962402,18.375,18.375,18.375,18.375,400
2019-11-12,15.969534873962402,18.375,18.375,18.375,18.375,200
2019-11-13,15.969534873962402,18.375,18.375,18.375,18.375,0
2019-11-14,15.426350593566895,17.75,17.75,16.860000610351562,16.860000610351562,1800
2019-11-15,15.426350593566895,17.75,17.75,17.75,17.75,200
2019-11-18,15.426350593566895,17.75,17.75,17.75,17.75,600
2019-11-19,15.426350593566895,17.75,17.75,17.75,17.75,0
2019-11-20,16.052093505859375,18.469999313354492,18.75,17.799999237060547,17.799999237060547,5200
2019-11-21,16.50836753845215,18.9950008392334,18.9950008392334,18.5,18.5,3400
2019-11-22,16.451875686645508,18.93000030517578,18.93000030517578,18.93000030517578,18.93000030517578,1000
2019-11-25,16.451875686645508,18.93000030517578,18.93000030517578,18.93000030517578,18.93000030517578,200
2019-11-26,15.261221885681152,17.559999465942383,18.8799991607666,17.559999465942383,18.84000015258789,4200
2019-11-27,15.261221885681152,17.559999465942383,17.559999465942383,17.559999465942383,17.559999465942383,0
2019-11-29,15.261221885681152,17.559999465942383,17.559999465942383,17.559999465942383,17.559999465942383,0
2019-12-02,16.469261169433594,18.950000762939453,18.969999313354492,18.604999542236328,18.604999542236328,2600
2019-12-03,16.469261169433594,18.950000762939453,18.950000762939453,18.950000762939453,18.950000762939453,200
2019-12-04,16.469261169433594,18.950000762939453,18.950000762939453,18.950000762939453,18.950000762939453,1000
2019-12-05,16.469261169433594,18.950000762939453,18.950000762939453,18.950000762939453,18.950000762939453,0
2019-12-06,16.469261169433594,18.950000762939453,18.950000762939453,18.950000762939453,18.950000762939453,0
2019-12-09,16.273714065551758,18.725000381469727,18.725000381469727,18.725000381469727,18.725000381469727,400
2019-12-10,16.47360610961914,18.954999923706055,18.954999923706055,18.0049991607666,18.0049991607666,1400
2019-12-11,16.073827743530273,18.4950008392334,18.510000228881836,18.4950008392334,18.510000228881836,1000
2019-12-12,16.073827743530273,18.4950008392334,18.4950008392334,18.4950008392334,18.4950008392334,0
2019-12-13,16.073827743530273,18.4950008392334,18.4950008392334,18.4950008392334,18.4950008392334,0
2019-12-16,16.073827743530273,18.4950008392334,18.4950008392334,18.4950008392334,18.4950008392334,0
2019-12-17,15.860895156860352,18.25,18.25,18.25,18.25,400
2019-12-18,15.860895156860352,18.25,18.25,18.25,18.25,0
2019-12-19,15.860895156860352,18.25,18.25,18.25,18.25,0
2019-12-20,16.447526931762695,18.924999237060547,18.9950008392334,18.924999237060547,18.989999771118164,1000
2019-12-23,16.447526931762695,18.924999237060547,18.924999237060547,18.924999237060547,18.924999237060547,0
2019-12-24,16.295433044433594,18.75,18.75,18.75,18.75,200
2019-12-26,15.539336204528809,17.8799991607666,18.375,17.80500030517578,17.80500030517578,1600
2019-12-27,15.869585037231445,18.260000228881836,18.260000228881836,18.260000228881836,18.260000228881836,200
2019-12-30,15.869585037231445,18.260000228881836,18.260000228881836,18.260000228881836,18.260000228881836,0
2019-12-31,15.534987449645996,17.875,17.8799991607666,17.875,17.8799991607666,1200
2020-01-02,15.443732261657715,17.770000457763672,17.770000457763672,17.770000457763672,17.770000457763672,600
2020-01-03,15.443732261657715,17.770000457763672,17.770000457763672,17.770000457763672,17.770000457763672,0
2020-01-06,15.426350593566895,17.75,17.770000457763672,17.75,17.770000457763672,20200
2020-01-07,15.426350593566895,17.75,17.75,17.75,17.75,0
2020-01-08,15.426350593566895,17.75,17.75,17.75,17.75,0
2020-01-09,15.426350593566895,17.75,17.75,17.75,17.75,0
2020-01-10,15.426350593566895,17.75,17.75,17.75,17.75,0
2020-01-13,15.426350593566895,17.75,17.75,17.75,17.75,0
2020-01-14,15.426350593566895,17.75,17.75,17.75,17.75,0
2020-01-15,15.256875991821289,17.55500030517578,17.625,17.524999618530273,17.625,2200
2020-01-16,15.256875991821289,17.55500030517578,17.55500030517578,17.55500030517578,17.55500030517578,0
2020-01-17,15.256875991821289,17.55500030517578,17.55500030517578,17.55500030517578,17.55500030517578,0
2020-01-21,15.256875991821289,17.55500030517578,17.55500030517578,17.55500030517578,17.55500030517578,0
2020-01-22,16.078168869018555,18.5,18.5,18.40999984741211,18.40999984741211,2400
2020-01-23,16.078168869018555,18.5,18.5,18.5,18.5,0
2020-01-24,16.078168869018555,18.420000076293945,18.420000076293945,18.420000076293945,18.420000076293945,600
2020-01-27,16.078168869018555,18.420000076293945,18.420000076293945,18.420000076293945,18.420000076293945,0
2020-01-28,15.711565017700195,18.0,18.364999771118164,18.0,18.364999771118164,1000
2020-01-29,15.794486999511719,18.094999313354492,18.21500015258789,18.094999313354492,18.21500015258789,400
2020-01-30,15.794486999511719,18.094999313354492,18.094999313354492,18.094999313354492,18.094999313354492,0
2020-01-31,15.794486999511719,18.094999313354492,18.094999313354492,18.094999313354492,18.094999313354492,0
2020-02-03,14.939080238342285,17.114999771118164,18.045000076293945,17.114999771118164,18.045000076293945,2600
2020-02-04,14.939080238342285,17.114999771118164,17.114999771118164,17.114999771118164,17.114999771118164,0
2020-02-05,14.939080238342285,17.114999771118164,17.114999771118164,17.114999771118164,17.114999771118164,0
2020-02-06,14.939080238342285,17.114999771118164,17.114999771118164,17.114999771118164,17.114999771118164,0
2020-02-07,15.681012153625488,17.96500015258789,17.96500015258789,17.96500015258789,17.96500015258789,600
2020-02-10,15.681012153625488,17.96500015258789,17.96500015258789,17.96500015258789,17.96500015258789,0
2020-02-11,15.681012153625488,17.96500015258789,17.96500015258789,17.96500015258789,17.96500015258789,0
2020-02-12,15.681012153625488,17.96500015258789,17.96500015258789,17.96500015258789,17.96500015258789,0
2020-02-13,15.681012153625488,17.96500015258789,17.96500015258789,17.96500015258789,17.96500015258789,0
2020-02-14,15.681012153625488,17.96500015258789,17.96500015258789,17.96500015258789,17.96500015258789,0
2020-02-18,15.681012153625488,17.96500015258789,17.96500015258789,17.96500015258789,17.96500015258789,0
2020-02-19,15.05255126953125,17.2450008392334,17.2450008392334,17.2450008392334,17.2450008392334,400
2020-02-20,15.05255126953125,17.2450008392334,17.2450008392334,17.2450008392334,17.2450008392334,0
2020-02-21,15.056917190551758,17.25,17.25,17.25,17.25,200
2020-02-24,15.056917190551758,17.25,17.25,17.25,17.25,0
2020-02-25,14.930351257324219,17.104999542236328,17.104999542236328,17.104999542236328,17.104999542236328,600
2020-02-26,14.930351257324219,17.104999542236328,17.104999542236328,17.104999542236328,17.104999542236328,0
2020-02-27,14.930351257324219,17.104999542236328,17.104999542236328,17.104999542236328,17.104999542236328,0
2020-02-28,14.930351257324219,17.104999542236328,17.104999542236328,17.104999542236328,17.104999542236328,0
2020-03-02,14.930351257324219,17.104999542236328,17.104999542236328,17.104999542236328,17.104999542236328,0
2020-03-03,14.930351257324219,17.104999542236328,17.104999542236328,17.104999542236328,17.104999542236328,0
2020-03-04,15.244582176208496,17.46500015258789,17.46500015258789,16.174999237060547,16.229999542236328,10200
2020-03-05,15.244582176208496,17.46500015258789,17.46500015258789,17.46500015258789,17.46500015258789,0
2020-03-06,15.244582176208496,17.46500015258789,17.46500015258789,17.46500015258789,17.46500015258789,0
2020-03-09,15.022000312805176,17.209999084472656,17.25,16.4950008392334,16.4950008392334,17600
2020-03-10,13.267546653747559,15.199999809265137,15.199999809265137,15.199999809265137,15.199999809265137,200
2020-03-11,13.267546653747559,15.199999809265137,15.199999809265137,15.199999809265137,15.199999809265137,0
2020-03-12,10.133959770202637,11.609999656677246,13.5,10.555000305175781,13.5,2000
2020-03-13,10.133959770202637,11.609999656677246,11.609999656677246,11.609999656677246,11.609999656677246,0
2020-03-16,10.875896453857422,12.460000038146973,12.460000038146973,12.460000038146973,12.460000038146973,600
2020-03-17,10.60094165802002,12.145000457763672,12.145000457763672,12.145000457763672,12.145000457763672,400
2020-03-18,10.910809516906738,12.5,12.5,11.505000114440918,11.505000114440918,3400
2020-03-19,10.426368713378906,11.944999694824219,11.994999885559082,11.9399995803833,11.994999885559082,800
2020-03-20,10.474374771118164,12.0,12.220000267028809,11.125,11.125,1800
2020-03-23,11.194490432739258,12.824999809265137,12.824999809265137,12.5,12.5,6000
2020-03-24,11.303597450256348,12.949999809265137,12.949999809265137,12.925000190734863,12.925000190734863,1000
2020-03-25,11.294870376586914,12.9399995803833,12.9399995803833,12.9350004196167,12.9350004196167,1200
2020-03-26,11.294870376586914,12.9399995803833,12.9399995803833,12.9399995803833,12.9399995803833,0
2020-03-27,11.294870376586914,12.9399995803833,12.9399995803833,12.9399995803833,12.9399995803833,0
2020-03-30,11.294870376586914,12.9399995803833,12.9399995803833,12.9399995803833,12.9399995803833,0
2020-03-31,10.910809516906738,12.5,12.5,11.755000114440918,11.755000114440918,600
2020-04-01,10.147051811218262,11.625,11.625,11.625,11.625,200
2020-04-02,9.610241889953613,11.010000228881836,12.295000076293945,11.010000228881836,12.25,18400
2020-04-03,8.72864818572998,10.0,11.875,10.0,11.875,1600
2020-04-06,9.165079116821289,10.5,10.5,10.5,10.5,600
2020-04-07,9.165079116821289,10.5,10.5,10.5,10.5,0
2020-04-08,9.601511001586914,11.0,11.0,11.0,11.0,3000
2020-04-09,9.732441902160645,11.149999618530273,11.300000190734863,11.149999618530273,11.300000190734863,5000
2020-04-13,9.732441902160645,11.149999618530273,11.149999618530273,11.149999618530273,11.149999618530273,0
2020-04-14,9.732441902160645,11.149999618530273,11.149999618530273,11.149999618530273,11.149999618530273,0
2020-04-15,9.732441902160645,11.149999618530273,11.149999618530273,11.149999618530273,11.149999618530273,0
2020-04-16,9.221816062927246,10.5649995803833,10.5649995803833,10.5649995803833,10.5649995803833,800
2020-04-17,10.120866775512695,11.595000267028809,11.595000267028809,11.039999961853027,11.039999961853027,1400
2020-04-20,10.120866775512695,11.595000267028809,11.595000267028809,11.595000267028809,11.595000267028809,0
2020-04-21,10.120866775512695,11.595000267028809,11.595000267028809,11.595000267028809,11.595000267028809,0
2020-04-22,10.120866775512695,11.595000267028809,11.595000267028809,11.595000267028809,11.595000267028809,0
2020-04-23,10.120866775512695,11.595000267028809,11.595000267028809,11.595000267028809,11.595000267028809,0
2020-04-24,10.191181182861328,11.595000267028809,11.595000267028809,11.595000267028809,11.595000267028809,0
2020-04-27,10.191181182861328,11.595000267028809,11.595000267028809,11.595000267028809,11.595000267028809,0
2020-04-28,10.191181182861328,11.595000267028809,11.595000267028809,11.595000267028809,11.595000267028809,0
2020-04-29,10.182392120361328,11.585000038146973,11.619999885559082,11.585000038146973,11.619999885559082,1000
2020-04-30,10.182392120361328,11.585000038146973,11.585000038146973,11.585000038146973,11.585000038146973,0
2020-05-01,10.182392120361328,11.585000038146973,11.585000038146973,11.585000038146973,11.585000038146973,0
2020-05-04,10.182392120361328,11.585000038146973,11.585000038146973,11.585000038146973,11.585000038146973,0
2020-05-05,10.182392120361328,11.585000038146973,11.585000038146973,11.585000038146973,11.585000038146973,0
2020-05-06,11.316210746765137,12.875,12.875,12.875,12.875,200
2020-05-07,11.316210746765137,12.875,12.875,12.875,12.875,0
2020-05-08,11.37773323059082,12.944999694824219,14.475000381469727,12.944999694824219,14.475000381469727,1600
2020-05-11,11.37773323059082,12.944999694824219,12.944999694824219,12.944999694824219,12.944999694824219,0
2020-05-12,11.096478462219238,12.625,12.625,12.600000381469727,12.600000381469727,8800
2020-05-13,11.096478462219238,12.625,12.625,12.625,12.625,0
2020-05-14,10.547147750854492,12.0,12.0,12.0,12.0,200
2020-05-15,10.547147750854492,12.0,12.0,12.0,12.0,400
2020-05-18,10.547147750854492,12.0,12.0,12.0,12.0,0
2020-05-19,10.986610412597656,12.5,12.5,12.5,12.5,5400
2020-05-20,11.008584022521973,12.524999618530273,12.524999618530273,12.524999618530273,12.524999618530273,6000
2020-05-21,11.008584022521973,12.524999618530273,12.524999618530273,12.524999618530273,12.524999618530273,0
2020-05-22,11.008584022521973,12.524999618530273,12.524999618530273,12.524999618530273,12.524999618530273,0
2020-05-26,11.008584022521973,12.524999618530273,12.524999618530273,12.524999618530273,12.524999618530273,0
2020-05-27,11.008584022521973,12.524999618530273,12.524999618530273,12.524999618530273,12.524999618530273,0
2020-05-28,11.008584022521973,12.524999618530273,12.524999618530273,12.524999618530273,12.524999618530273,0
2020-05-29,10.547147750854492,12.0,12.0,12.0,12.0,1400
2020-06-01,10.547147750854492,12.0,12.0,12.0,12.0,0
2020-06-02,10.547147750854492,12.0,12.0,12.0,12.0,0
2020-06-03,10.327413558959961,11.75,12.0,11.75,12.0,3000
2020-06-04,10.327413558959961,11.75,11.75,11.75,11.75,0
2020-06-05,11.021768569946289,12.539999961853027,14.574999809265137,11.875,12.335000038146973,12200
2020-06-08,11.9754056930542,13.625,13.625,13.199999809265137,13.199999809265137,3600
2020-06-09,11.491995811462402,13.074999809265137,13.1850004196167,12.204999923706055,13.1850004196167,2600
2020-06-10,11.491995811462402,13.074999809265137,13.074999809265137,13.074999809265137,13.074999809265137,0
2020-06-11,11.491995811462402,13.074999809265137,13.074999809265137,13.074999809265137,13.074999809265137,0
2020-06-12,11.491995811462402,13.074999809265137,13.074999809265137,13.074999809265137,13.074999809265137,200
2020-06-15,11.491995811462402,13.074999809265137,13.074999809265137,13.074999809265137,13.074999809265137,600
2020-06-16,11.184370994567871,12.725000381469727,12.725000381469727,12.125,12.5,3800
2020-06-17,10.929483413696289,12.4350004196167,12.5,12.375,12.5,6600
2020-06-18,10.929483413696289,12.4350004196167,12.4350004196167,12.4350004196167,12.4350004196167,200
2020-06-19,11.645808219909668,13.25,13.25,12.180000305175781,12.25,8400
2020-06-22,10.687775611877441,12.15999984741211,12.505000114440918,12.154999732971191,12.5,17800
2020-06-23,10.687775611877441,12.15999984741211,12.15999984741211,12.15999984741211,12.15999984741211,0
2020-06-24,11.645808219909668,13.25,13.25,13.25,13.25,400
2020-06-25,10.82400894165039,12.3149995803833,12.420000076293945,12.25,12.274999618530273,11200
2020-06-26,11.096478462219238,12.625,12.625,12.175000190734863,12.614999771118164,2200
2020-06-29,10.903115272521973,12.404999732971191,12.649999618530273,12.274999618530273,12.350000381469727,2800
2020-06-30,10.903115272521973,12.404999732971191,12.404999732971191,12.404999732971191,12.404999732971191,0
2020-07-01,10.903115272521973,12.404999732971191,12.404999732971191,12.404999732971191,12.404999732971191,0
2020-07-02,10.903115272521973,12.404999732971191,12.404999732971191,12.404999732971191,12.404999732971191,0
2020-07-06,10.903115272521973,12.404999732971191,12.404999732971191,12.404999732971191,12.404999732971191,0
2020-07-07,10.903115272521973,12.404999732971191,12.404999732971191,12.404999732971191,12.404999732971191,0
2020-07-08,10.903115272521973,12.404999732971191,12.404999732971191,12.404999732971191,12.404999732971191,0
2020-07-09,10.903115272521973,12.404999732971191,12.404999732971191,12.404999732971191,12.404999732971191,0
2020-07-10,10.903115272521973,12.404999732971191,12.404999732971191,12.404999732971191,12.404999732971191,0
2020-07-13,10.903115272521973,12.404999732971191,12.404999732971191,12.404999732971191,12.404999732971191,0
2020-07-14,10.903115272521973,12.404999732971191,12.404999732971191,12.404999732971191,12.404999732971191,0
2020-07-15,10.85477352142334,12.350000381469727,12.395000457763672,12.350000381469727,12.395000457763672,400
2020-07-16,11.426076889038086,13.0,13.0,12.324999809265137,12.75,4600
2020-07-17,10.986610412597656,12.5,12.5,12.199999809265137,12.5,1800
2020-07-20,11.29423713684082,12.850000381469727,12.850000381469727,12.444999694824219,12.5,1400
2020-07-21,11.29423713684082,12.850000381469727,12.850000381469727,12.5,12.510000228881836,1000
2020-07-22,10.986610412597656,12.5,12.5,12.5,12.5,800
2020-07-23,10.986610412597656,12.5,12.5,12.5,12.5,0
2020-07-24,10.986610412597656,12.5,12.5,12.5,12.5,0
2020-07-27,11.074503898620605,12.600000381469727,12.600000381469727,12.600000381469727,12.600000381469727,600
2020-07-28,11.074503898620605,12.600000381469727,12.600000381469727,12.600000381469727,12.600000381469727,0
2020-07-29,10.867955207824707,12.364999771118164,12.404999732971191,12.364999771118164,12.404999732971191,600
2020-07-30,10.867955207824707,12.364999771118164,12.364999771118164,12.364999771118164,12.364999771118164,0
2020-07-31,11.073681831359863,12.515000343322754,12.520000457763672,12.5,12.5,1200
2020-08-03,10.671082496643066,12.0600004196167,12.345000267028809,12.0600004196167,12.345000267028809,1200
2020-08-04,10.396782875061035,11.75,12.125,11.75,12.125,3400
2020-08-05,10.485267639160156,11.850000381469727,11.904999732971191,11.850000381469727,11.904999732971191,1200
2020-08-06,10.485267639160156,11.850000381469727,11.850000381469727,11.850000381469727,11.850000381469727,0
2020-08-07,10.485267639160156,11.850000381469727,11.850000381469727,11.850000381469727,11.850000381469727,0
2020-08-10,10.277329444885254,11.614999771118164,11.779999732971191,11.614999771118164,11.779999732971191,1200
2020-08-11,10.396782875061035,11.75,11.75,11.75,11.75,400
2020-08-12,10.396782875061035,11.75,11.75,11.75,11.75,0
2020-08-13,10.396782875061035,11.75,11.75,11.75,11.75,0
2020-08-14,11.153313636779785,12.604999542236328,12.604999542236328,11.680000305175781,11.800000190734863,1600
2020-08-17,10.396782875061035,11.75,11.774999618530273,11.75,11.774999618530273,800
2020-08-18,10.308300018310547,11.649999618530273,11.75,11.649999618530273,11.75,1200
2020-08-19,10.308300018310547,11.649999618530273,11.649999618530273,11.649999618530273,11.649999618530273,1400
2020-08-20,10.308300018310547,11.649999618530273,11.649999618530273,11.649999618530273,11.649999618530273,0
2020-08-21,10.308300018310547,11.649999618530273,11.649999618530273,11.649999618530273,11.649999618530273,0
2020-08-24,11.060406684875488,12.5,12.5,12.074999809265137,12.074999809265137,3400
2020-08-25,10.396782875061035,11.75,12.5,11.75,12.5,5000
2020-08-26,10.396782875061035,11.75,11.75,11.75,11.75,0
2020-08-27,10.476420402526855,11.84000015258789,11.84000015258789,11.649999618530273,11.675000190734863,2400
2020-08-28,10.476420402526855,11.84000015258789,11.84000015258789,11.84000015258789,11.84000015258789,0
2020-08-31,10.370238304138184,11.720000267028809,12.470000267028809,11.5600004196167,11.5600004196167,4000
2020-09-01,10.573748588562012,11.949999809265137,12.0,11.949999809265137,12.0,1200
2020-09-02,10.334846496582031,11.680000305175781,12.404999732971191,11.630000114440918,12.0649995803833,4400
2020-09-03,10.228665351867676,11.5600004196167,11.574999809265137,11.5600004196167,11.574999809265137,2000
2020-09-04,10.228665351867676,11.5600004196167,11.5600004196167,11.5600004196167,11.5600004196167,0
2020-09-08,10.414481163024902,11.770000457763672,11.770000457763672,11.75,11.75,1800
2020-09-09,11.007315635681152,12.4399995803833,12.4399995803833,11.75,11.75,1800
2020-09-10,10.290603637695312,11.630000114440918,11.630000114440918,11.625,11.625,1800
2020-09-11,9.998608589172363,11.300000190734863,11.699999809265137,11.15999984741211,11.699999809265137,2800
2020-09-14,10.17557430267334,11.5,11.699999809265137,11.40999984741211,11.505000114440918,2400
2020-09-15,10.511812210083008,11.880000114440918,11.880000114440918,11.5,11.5,4200
2020-09-16,10.264058113098145,11.600000381469727,11.75,11.600000381469727,11.75,2000
2020-09-17,10.507386207580566,11.875,12.039999961853027,11.524999618530273,11.524999618530273,2600
2020-09-18,10.179998397827148,11.505000114440918,11.869999885559082,11.505000114440918,11.75,6400
2020-09-21,10.396782875061035,11.75,11.75,11.604999542236328,11.739999771118164,16600
2020-09-22,10.750715255737305,12.149999618530273,12.149999618530273,11.515000343322754,11.550000190734863,7400
2020-09-23,10.396782875061035,11.75,11.75,11.75,11.75,400
2020-09-24,10.352540969848633,11.699999809265137,12.229999542236328,11.505000114440918,12.229999542236328,2600
2020-09-25,10.308300018310547,11.649999618530273,11.670000076293945,11.5600004196167,11.5600004196167,2800
2020-09-28,10.343692779541016,11.6899995803833,11.75,11.6899995803833,11.75,1400
2020-09-29,10.343692779541016,11.6899995803833,11.6899995803833,11.6899995803833,11.6899995803833,0
2020-09-30,10.19769287109375,11.524999618530273,11.524999618530273,11.524999618530273,11.524999618530273,2200
2020-10-01,10.19769287109375,11.524999618530273,11.524999618530273,11.524999618530273,11.524999618530273,0
2020-10-02,10.19769287109375,11.524999618530273,11.524999618530273,11.524999618530273,11.524999618530273,0
2020-10-05,10.17557430267334,11.5,11.5,11.5,11.5,400
2020-10-06,10.00745677947998,11.3100004196167,11.475000381469727,11.3100004196167,11.475000381469727,3600
2020-10-07,10.264058113098145,11.600000381469727,11.649999618530273,11.475000381469727,11.475000381469727,2400
2020-10-08,10.091516494750977,11.404999732971191,11.404999732971191,11.404999732971191,11.404999732971191,3000
2020-10-09,10.091516494750977,11.404999732971191,11.404999732971191,11.404999732971191,11.404999732971191,0
2020-10-12,10.43217658996582,11.789999961853027,12.239999771118164,11.789999961853027,12.239999771118164,2200
2020-10-13,10.069395065307617,11.380000114440918,11.380000114440918,11.380000114440918,11.380000114440918,1400
2020-10-14,10.020727157592773,11.324999809265137,11.375,11.305000305175781,11.305000305175781,2600
2020-10-15,9.980912208557129,11.279999732971191,11.324999809265137,11.279999732971191,11.324999809265137,4000
2020-10-16,9.97648811340332,11.274999618530273,11.295000076293945,11.180000305175781,11.180000305175781,7800
2020-10-19,9.910124778747559,11.199999809265137,11.225000381469727,11.199999809265137,11.199999809265137,2600
2020-10-20,9.910124778747559,11.199999809265137,11.199999809265137,11.199999809265137,11.199999809265137,200
2020-10-21,9.843762397766113,11.125,11.125,11.125,11.125,2400
2020-10-22,9.874732971191406,11.15999984741211,11.25,11.154999732971191,11.244999885559082,10600
2020-10-23,9.874732971191406,11.15999984741211,11.15999984741211,11.15999984741211,11.15999984741211,200
2020-10-26,10.056123733520508,11.364999771118164,11.364999771118164,11.364999771118164,11.364999771118164,800
2020-10-27,10.675506591796875,12.0649995803833,12.0649995803833,11.75,11.75,2400
2020-10-28,10.79495620727539,12.199999809265137,12.4399995803833,12.199999809265137,12.25,2400
2020-10-29,10.79495620727539,12.199999809265137,12.199999809265137,12.199999809265137,12.199999809265137,0
2020-10-30,10.672463417053223,11.979999542236328,12.0,11.979999542236328,12.0,1200
2020-11-02,10.672463417053223,11.979999542236328,11.979999542236328,11.979999542236328,11.979999542236328,0
2020-11-03,10.672463417053223,11.979999542236328,11.979999542236328,11.979999542236328,11.979999542236328,0
2020-11-04,10.672463417053223,11.979999542236328,11.979999542236328,11.979999542236328,11.979999542236328,0
2020-11-05,10.423025131225586,11.699999809265137,11.699999809265137,11.475000381469727,11.694999694824219,3400
2020-11-06,10.912995338439941,12.25,12.25,11.5,11.5,2200
2020-11-09,10.748188972473145,12.0649995803833,12.25,11.960000038146973,12.244999885559082,5800
2020-11-10,10.56556224822998,11.859999656677246,12.40999984741211,11.859999656677246,12.164999961853027,4800
2020-11-11,10.56556224822998,11.859999656677246,11.859999656677246,11.859999656677246,11.859999656677246,0
2020-11-12,10.605649948120117,11.904999732971191,11.904999732971191,11.904999732971191,11.904999732971191,2600
2020-11-13,11.229249954223633,12.604999542236328,12.604999542236328,12.475000381469727,12.475000381469727,2400
2020-11-16,11.229249954223633,12.604999542236328,12.604999542236328,12.604999542236328,12.604999542236328,1800
2020-11-17,12.21364688873291,13.710000038146973,13.710000038146973,12.875,12.875,1800
2020-11-18,12.21364688873291,13.710000038146973,13.710000038146973,13.710000038146973,13.710000038146973,0
2020-11-19,12.084470748901367,13.5649995803833,13.5649995803833,13.300000190734863,13.4350004196167,2800
2020-11-20,11.581138610839844,13.0,13.0,12.539999961853027,12.569999694824219,7600
2020-11-23,11.581138610839844,13.0,13.0,13.0,13.0,200
2020-11-24,12.115652084350586,13.600000381469727,13.600000381469727,13.375,13.375,3000
2020-11-25,12.071110725402832,13.550000190734863,13.550000190734863,13.0,13.0,2000
2020-11-27,12.071110725402832,13.550000190734863,13.550000190734863,13.550000190734863,13.550000190734863,200
2020-11-30,12.053292274475098,13.529999732971191,13.529999732971191,13.529999732971191,13.529999732971191,400
2020-12-01,12.026569366455078,13.5,13.524999618530273,13.5,13.524999618530273,1000
2020-12-02,12.026569366455078,13.5,13.5,13.5,13.5,0
2020-12-03,12.026569366455078,13.5,13.5,13.5,13.5,0
2020-12-04,12.026569366455078,13.5,13.5,13.5,13.5,0
2020-12-07,12.026569366455078,13.5,13.5,13.5,13.5,0
2020-12-08,12.026569366455078,13.5,13.5,13.5,13.5,0
2020-12-09,12.026569366455078,13.5,13.5,13.5,13.5,0
2020-12-10,12.026569366455078,13.5,13.5,13.5,13.5,0
2020-12-11,12.026569366455078,13.5,13.5,13.5,13.5,0
2020-12-14,12.863970756530762,14.4399995803833,14.4399995803833,14.4399995803833,14.4399995803833,400
2020-12-15,12.863970756530762,14.4399995803833,14.4399995803833,14.4399995803833,14.4399995803833,0
2020-12-16,12.863970756530762,14.4399995803833,14.4399995803833,14.4399995803833,14.4399995803833,0
2020-12-17,12.895153999328613,14.475000381469727,14.475000381469727,14.475000381469727,14.475000381469727,600
2020-12-18,12.249281883239746,13.75,13.75,13.75,13.75,200
2020-12-21,12.249281883239746,13.75,13.75,13.75,13.75,0
2020-12-22,12.249281883239746,13.75,13.75,13.75,13.75,0
2020-12-23,12.249281883239746,13.75,13.75,13.75,13.75,0
2020-12-24,12.249281883239746,13.75,13.75,13.75,13.75,0
2020-12-28,12.249281883239746,13.75,13.75,13.75,13.75,0
2020-12-29,12.556629180908203,14.095000267028809,14.095000267028809,14.095000267028809,14.095000267028809,1400
2020-12-30,12.863970756530762,14.4399995803833,14.4399995803833,14.425000190734863,14.425000190734863,3600
2020-12-31,12.863970756530762,14.4399995803833,14.4399995803833,14.4399995803833,14.4399995803833,0
2021-01-04,13.362852096557617,15.0,15.0,15.0,15.0,400
2021-01-05,13.362852096557617,15.0,15.0,15.0,15.0,0
2021-01-06,12.921878814697266,14.505000114440918,14.505000114440918,14.505000114440918,14.505000114440918,400
2021-01-07,12.921878814697266,14.505000114440918,14.505000114440918,14.505000114440918,14.505000114440918,0
2021-01-08,12.921878814697266,14.505000114440918,14.505000114440918,14.505000114440918,14.505000114440918,0
2021-01-11,12.921878814697266,14.505000114440918,14.505000114440918,14.505000114440918,14.505000114440918,0
2021-01-12,12.9174222946167,14.5,14.5,14.5,14.5,200
2021-01-13,12.9174222946167,14.5,14.5,14.5,14.5,0
2021-01-14,13.140138626098633,14.75,14.75,14.75,14.75,200
2021-01-15,13.140138626098633,14.75,14.75,14.75,14.75,0
2021-01-19,13.140138626098633,14.75,14.75,14.75,14.75,0
2021-01-20,12.9174222946167,14.5,14.5,14.5,14.5,200
2021-01-21,12.9174222946167,14.5,14.5,14.5,14.5,0
2021-01-22,13.278220176696777,14.904999732971191,14.904999732971191,14.904999732971191,14.904999732971191,400
2021-01-25,13.024327278137207,14.619999885559082,14.619999885559082,14.5,14.5,1800
2021-01-26,13.024327278137207,14.619999885559082,14.619999885559082,14.619999885559082,14.619999885559082,0
2021-01-27,13.76819133758545,15.454999923706055,15.454999923706055,15.454999923706055,15.454999923706055,2400
2021-01-28,13.76819133758545,15.454999923706055,15.454999923706055,15.454999923706055,15.454999923706055,0
2021-01-29,13.842081069946289,15.454999923706055,15.454999923706055,15.454999923706055,15.454999923706055,0
2021-02-01,13.02705192565918,14.545000076293945,14.545000076293945,14.545000076293945,14.545000076293945,600
2021-02-02,13.02705192565918,14.545000076293945,14.545000076293945,14.545000076293945,14.545000076293945,0
2021-02-03,13.02705192565918,14.545000076293945,14.545000076293945,14.545000076293945,14.545000076293945,0
2021-02-04,13.02705192565918,14.545000076293945,14.545000076293945,14.545000076293945,14.545000076293945,0
2021-02-05,13.02705192565918,14.545000076293945,14.545000076293945,14.545000076293945,14.545000076293945,0
2021-02-08,13.434566497802734,15.0,15.0,15.0,15.0,400
2021-02-09,13.322612762451172,14.875,14.875,14.875,14.875,5400
2021-02-10,13.322612762451172,14.875,14.875,14.875,14.875,0
2021-02-11,13.322612762451172,14.875,14.875,14.875,14.875,0
2021-02-12,13.8823881149292,15.5,15.5,15.5,15.5,600
2021-02-16,13.8823881149292,15.5,15.5,15.5,15.5,0
2021-02-17,13.8823881149292,15.5,15.5,15.5,15.5,0
2021-02-18,13.8823881149292,15.5,15.5,15.5,15.5,0
2021-02-19,13.210658073425293,14.75,14.75,14.75,14.75,600
2021-02-22,13.318133354187012,14.869999885559082,14.869999885559082,14.869999885559082,14.869999885559082,1200
2021-02-23,13.318133354187012,14.869999885559082,14.869999885559082,14.869999885559082,14.869999885559082,0
2021-02-24,13.318133354187012,14.869999885559082,14.869999885559082,14.869999885559082,14.869999885559082,0
2021-02-25,13.318133354187012,14.869999885559082,14.869999885559082,14.869999885559082,14.869999885559082,0
2021-02-26,13.837604522705078,15.449999809265137,15.449999809265137,15.449999809265137,15.449999809265137,600
2021-03-01,13.994339942932129,15.625,15.625,15.5,15.5,4600
2021-03-02,13.994339942932129,15.625,15.625,15.625,15.625,0
2021-03-03,13.434566497802734,15.0,15.010000228881836,15.0,15.0,1200
2021-03-04,13.434566497802734,15.0,15.0,15.0,15.0,0
2021-03-05,13.434566497802734,15.0,15.0,15.0,15.0,0
2021-03-08,13.434566497802734,15.0,15.0,15.0,15.0,0
2021-03-09,13.434566497802734,15.0,15.0,15.0,15.0,600
2021-03-10,13.407698631286621,14.970000267028809,15.0,14.75,15.0,4800
2021-03-11,13.788345336914062,15.395000457763672,15.5,15.395000457763672,15.5,1400
2021-03-12,13.792819023132324,15.399999618530273,15.399999618530273,15.399999618530273,15.399999618530273,400
2021-03-15,13.671913146972656,15.265000343322754,15.449999809265137,15.265000343322754,15.265000343322754,31200
2021-03-16,13.671913146972656,15.265000343322754,15.625,15.265000343322754,15.619999885559082,2600
2021-03-17,13.671913146972656,15.265000343322754,15.265000343322754,15.265000343322754,15.265000343322754,400
2021-03-18,14.106295585632324,15.75,15.75,15.5,15.5,2000
2021-03-19,13.87790584564209,15.494999885559082,15.859999656677246,15.494999885559082,15.859999656677246,4400
2021-03-22,14.285421371459961,15.949999809265137,15.979999542236328,15.670000076293945,15.670000076293945,1400
2021-03-23,14.325726509094238,15.994999885559082,15.994999885559082,15.529999732971191,15.529999732971191,600
2021-03-24,14.065993309020996,15.704999923706055,15.704999923706055,15.25,15.25,1000
2021-03-25,14.065993309020996,15.704999923706055,15.704999923706055,15.704999923706055,15.704999923706055,0
2021-03-26,13.895820617675781,15.515000343322754,15.520000457763672,15.0600004196167,15.0600004196167,2000
2021-03-29,14.065993309020996,15.704999923706055,15.704999923706055,15.704999923706055,15.704999923706055,800
2021-03-30,13.8823881149292,15.5,15.5,15.5,15.5,400
2021-03-31,14.061511993408203,15.699999809265137,15.75,15.699999809265137,15.75,2200
2021-04-01,14.392897605895996,16.06999969482422,16.75,16.06999969482422,16.700000762939453,6900
2021-04-05,14.778023719787598,16.5,16.75,16.270000457763672,16.270000457763672,4000
2021-04-06,14.45559310913086,16.139999389648438,16.31999969482422,15.819999694824219,15.819999694824219,1200
2021-04-07,14.598895072937012,16.299999237060547,16.299999237060547,16.299999237060547,16.299999237060547,700
2021-04-08,14.133164405822754,15.779999732971191,16.030000686645508,15.4399995803833,16.010000228881836,1600
2021-04-09,13.8823881149292,15.5,15.5,15.5,15.5,400
2021-04-12,14.061511993408203,15.699999809265137,15.699999809265137,15.239999771118164,15.239999771118164,400
2021-04-13,14.160033226013184,15.8100004196167,15.989999771118164,15.260000228881836,15.260000228881836,1300
2021-04-14,13.891341209411621,15.510000228881836,15.850000381469727,15.510000228881836,15.850000381469727,500
2021-04-15,13.891341209411621,15.510000228881836,15.510000228881836,15.510000228881836,15.510000228881836,100
2021-04-16,13.891341209411621,15.510000228881836,15.510000228881836,15.510000228881836,15.510000228881836,0
2021-04-19,13.586824417114258,15.170000076293945,15.869999885559082,15.170000076293945,15.319999694824219,1800
2021-04-20,13.810733795166016,15.420000076293945,15.420000076293945,15.180000305175781,15.399999618530273,1500
2021-04-21,13.622652053833008,15.210000038146973,15.5,15.210000038146973,15.5,900
2021-04-22,14.204814910888672,15.859999656677246,15.859999656677246,15.859999656677246,15.859999656677246,400
2021-04-23,14.330204963684082,16.0,16.0,16.0,16.0,6700
2021-04-26,14.410811424255371,16.09000015258789,16.09000015258789,16.09000015258789,16.09000015258789,400
2021-04-27,14.778023719787598,16.5,16.5,16.25,16.5,1100
2021-04-28,14.55411434173584,16.25,16.459999084472656,16.25,16.459999084472656,900
2021-04-29,14.55411434173584,16.25,16.25,16.25,16.25,0
2021-04-30,14.619832038879395,16.239999771118164,16.239999771118164,16.0,16.0,7200
2021-05-03,14.925912857055664,16.579999923706055,16.579999923706055,16.579999923706055,16.579999923706055,500
2021-05-04,14.853893280029297,16.5,16.5,16.5,16.5,2200
2021-05-05,14.853893280029297,16.5,16.649999618530273,16.5,16.649999618530273,1100
2021-05-06,14.853893280029297,16.5,16.5,16.440000534057617,16.5,3500
2021-05-07,14.853893280029297,16.5,16.5,16.5,16.5,6000
2021-05-10,14.853893280029297,16.5,16.5,16.5,16.5,200
2021-05-11,14.862893104553223,16.510000228881836,16.510000228881836,16.5,16.5,2900
2021-05-12,14.853893280029297,16.5,16.5,16.5,16.5,700
2021-05-13,14.853893280029297,16.5,16.600000381469727,16.5,16.549999237060547,2000
2021-05-14,14.853893280029297,16.5,17.0,16.5,17.0,3800
2021-05-17,15.249996185302734,16.940000534057617,16.940000534057617,16.940000534057617,16.940000534057617,300
2021-05-18,15.304010391235352,17.0,17.0,16.600000381469727,17.0,1900
2021-05-19,18.18476676940918,20.200000762939453,20.75,17.549999237060547,17.549999237060547,5500
2021-05-20,15.31301498413086,17.010000228881836,20.0,17.0,20.0,7200
2021-05-21,16.186241149902344,17.979999542236328,17.979999542236328,17.920000076293945,17.959999084472656,700
2021-05-24,16.15923500061035,17.950000762939453,17.950000762939453,17.950000762939453,17.950000762939453,400
2021-05-25,16.15923500061035,17.950000762939453,17.950000762939453,17.950000762939453,17.950000762939453,0
2021-05-26,15.799137115478516,17.549999237060547,17.549999237060547,17.549999237060547,17.549999237060547,500
2021-05-27,15.799137115478516,17.549999237060547,17.549999237060547,17.549999237060547,17.549999237060547,0
2021-05-28,15.56507682800293,17.290000915527344,17.540000915527344,17.290000915527344,17.5,2400
2021-06-01,15.529069900512695,17.25,17.25,17.25,17.25,200
2021-06-02,15.529069900512695,17.25,17.25,17.25,17.25,0
2021-06-03,15.529069900512695,17.25,17.25,17.25,17.25,600
2021-06-04,16.15923500061035,17.950000762939453,17.950000762939453,17.950000762939453,17.950000762939453,800
2021-06-07,16.15923500061035,17.950000762939453,17.950000762939453,17.950000762939453,17.950000762939453,0
2021-06-08,15.772132873535156,17.520000457763672,17.520000457763672,17.520000457763672,17.520000457763672,500
2021-06-09,15.529069900512695,17.25,17.5,17.25,17.5,1000
2021-06-10,15.529069900512695,17.25,17.25,17.25,17.25,600
2021-06-11,15.439047813415527,17.149999618530273,17.25,17.049999237060547,17.25,2200
2021-06-14,15.511064529418945,17.229999542236328,17.229999542236328,17.229999542236328,17.229999542236328,300
2021-06-15,16.12322235107422,17.90999984741211,17.979999542236328,17.25,17.25,1200
2021-06-16,15.619097709655762,17.350000381469727,17.3700008392334,17.25,17.25,2700
2021-06-17,15.439047813415527,17.149999618530273,17.389999389648438,17.149999618530273,17.360000610351562,20300
2021-06-18,16.16823959350586,17.959999084472656,17.959999084472656,17.25,17.579999923706055,1400
2021-06-21,15.754133224487305,17.5,17.649999618530273,17.5,17.639999389648438,5700
2021-06-22,16.19524383544922,17.989999771118164,17.989999771118164,17.950000762939453,17.950000762939453,900
2021-06-23,16.654361724853516,18.5,18.5,18.5,18.5,600
2021-06-24,16.654361724853516,18.5,18.5,18.5,18.5,0
2021-06-25,17.9597110748291,19.950000762939453,19.950000762939453,18.5,18.5,10900
2021-06-28,17.9597110748291,19.950000762939453,19.950000762939453,19.950000762939453,19.950000762939453,0
2021-06-29,17.9597110748291,19.950000762939453,19.950000762939453,19.950000762939453,19.950000762939453,0
2021-06-30,17.554597854614258,19.5,19.5,18.059999465942383,18.059999465942383,400
2021-07-01,17.10448455810547,19.0,19.0,19.0,19.0,100
2021-07-02,17.10448455810547,19.0,19.0,19.0,19.0,0
2021-07-06,17.554597854614258,19.5,19.5,18.780000686645508,19.0,7500
2021-07-07,17.689632415771484,19.649999618530273,19.649999618530273,19.389999389648438,19.489999771118164,3000
2021-07-08,17.779659271240234,19.75,19.75,19.75,19.75,300
2021-07-09,17.779659271240234,19.75,19.75,19.75,19.75,0
2021-07-12,16.006193161010742,17.780000686645508,19.75,17.780000686645508,19.75,1300
2021-07-13,17.10448455810547,19.0,19.75,19.0,19.75,1700
2021-07-14,17.10448455810547,19.0,19.0,19.0,19.0,300
2021-07-15,17.30253028869629,19.219999313354492,19.219999313354492,19.219999313354492,19.219999313354492,400
2021-07-16,16.663368225097656,18.510000228881836,19.200000762939453,18.40999984741211,18.5,13800
2021-07-19,17.779659271240234,19.75,19.75,18.260000228881836,19.75,14500
2021-07-20,17.068471908569336,18.959999084472656,19.75,18.959999084472656,19.709999084472656,1500
2021-07-21,16.6723690032959,18.520000457763672,18.520000457763672,18.520000457763672,18.520000457763672,500
2021-07-22,17.779659271240234,19.75,19.75,19.75,19.75,400
2021-07-23,16.492319107055664,18.31999969482422,19.329999923706055,18.31999969482422,19.329999923706055,5300
2021-07-26,16.492319107055664,18.31999969482422,18.31999969482422,18.31999969482422,18.31999969482422,0
2021-07-27,17.36555290222168,19.290000915527344,19.290000915527344,19.290000915527344,19.290000915527344,500
2021-07-28,17.36555290222168,19.290000915527344,19.290000915527344,19.290000915527344,19.290000915527344,0
2021-07-29,17.329544067382812,19.25,19.25,19.25,19.25,200
2021-07-30,16.786579132080078,18.549999237060547,18.549999237060547,18.34000015258789,18.34000015258789,600
2021-08-02,16.4064998626709,18.1299991607666,18.68000030517578,18.079999923706055,18.100000381469727,2000
2021-08-03,16.4064998626709,18.1299991607666,18.1299991607666,18.1299991607666,18.1299991607666,0
2021-08-04,16.4064998626709,18.1299991607666,18.1299991607666,18.1299991607666,18.1299991607666,0
2021-08-05,15.944987297058105,17.6200008392334,18.010000228881836,17.6200008392334,18.0,1000
2021-08-06,15.944987297058105,17.6200008392334,17.6200008392334,17.6200008392334,17.6200008392334,0
2021-08-09,15.944987297058105,17.6200008392334,17.6200008392334,17.6200008392334,17.6200008392334,0
2021-08-10,16.732284545898438,18.489999771118164,18.489999771118164,18.489999771118164,18.489999771118164,200
2021-08-11,16.732284545898438,18.489999771118164,18.489999771118164,18.489999771118164,18.489999771118164,0
2021-08-12,16.732284545898438,18.489999771118164,18.489999771118164,18.489999771118164,18.489999771118164,0
2021-08-13,17.094257354736328,18.889999389648438,18.889999389648438,18.889999389648438,18.889999389648438,700
2021-08-16,16.288860321044922,18.0,18.0,18.0,18.0,400
2021-08-17,16.288860321044922,18.0,18.0,18.0,18.0,0
2021-08-18,16.288860321044922,18.0,18.0,18.0,18.0,0
2021-08-19,16.48794937133789,18.219999313354492,18.25,18.219999313354492,18.25,1300
2021-08-20,16.741334915161133,18.5,18.5,18.25,18.25,800
2021-08-23,17.320491790771484,19.139999389648438,19.139999389648438,19.0,19.0,900
2021-08-24,17.320491790771484,19.139999389648438,19.139999389648438,19.139999389648438,19.139999389648438,0
2021-08-25,17.166648864746094,18.969999313354492,19.0,18.969999313354492,19.0,800
2021-08-26,16.913270950317383,18.690000534057617,18.690000534057617,18.690000534057617,18.690000534057617,600
2021-08-27,16.153121948242188,17.850000381469727,18.5,17.649999618530273,18.5,7700
2021-08-30,16.153121948242188,17.850000381469727,17.850000381469727,17.850000381469727,17.850000381469727,0
2021-08-31,16.29791259765625,18.010000228881836,18.010000228881836,18.010000228881836,18.010000228881836,300
2021-09-01,16.6689395904541,18.420000076293945,18.420000076293945,18.420000076293945,18.420000076293945,200
2021-09-02,16.723234176635742,18.479999542236328,18.479999542236328,18.479999542236328,18.479999542236328,900
2021-09-03,16.786579132080078,18.549999237060547,18.549999237060547,18.549999237060547,18.549999237060547,200
2021-09-07,16.786579132080078,18.549999237060547,18.549999237060547,18.549999237060547,18.549999237060547,0
2021-09-08,16.515098571777344,18.25,18.25,18.100000381469727,18.100000381469727,500
2021-09-09,16.741334915161133,18.5,18.5,18.5,18.5,400
2021-09-10,17.14855194091797,18.950000762939453,18.950000762939453,18.950000762939453,18.950000762939453,500
2021-09-13,17.18475341796875,18.989999771118164,18.989999771118164,18.5,18.5,600
2021-09-14,16.741334915161133,18.5,18.5,18.5,18.5,200
2021-09-15,16.741334915161133,18.5,18.5,18.5,18.5,200
2021-09-16,16.741334915161133,18.5,18.5,18.5,18.5,1200
2021-09-17,17.14855194091797,18.950000762939453,18.950000762939453,18.5,18.5,3900
2021-09-20,16.99471664428711,18.780000686645508,18.989999771118164,18.780000686645508,18.93000030517578,8900
2021-09-21,16.99471664428711,18.780000686645508,18.780000686645508,18.780000686645508,18.780000686645508,0
2021-09-22,16.759431838989258,18.520000457763672,18.520000457763672,18.520000457763672,18.520000457763672,200
2021-09-23,16.759431838989258,18.520000457763672,18.520000457763672,18.520000457763672,18.520000457763672,0
2021-09-24,16.759431838989258,18.520000457763672,18.520000457763672,18.520000457763672,18.520000457763672,0
2021-09-27,16.759431838989258,18.520000457763672,18.520000457763672,18.520000457763672,18.520000457763672,0
2021-09-28,16.967565536499023,18.75,18.75,18.75,18.75,1100
2021-09-29,16.967565536499023,18.75,18.75,18.75,18.75,9400
2021-09-30,16.967565536499023,18.75,18.75,18.75,18.75,100
2021-10-01,16.967565536499023,18.75,18.75,18.75,18.75,0
2021-10-04,16.831825256347656,18.600000381469727,18.600000381469727,18.600000381469727,18.600000381469727,200
2021-10-05,16.741334915161133,18.5,18.5,18.5,18.5,200
2021-10-06,16.741334915161133,18.5,18.5,18.5,18.5,0
2021-10-07,16.741334915161133,18.5,18.5,18.5,18.5,0
2021-10-08,16.741334915161133,18.5,18.5,18.5,18.5,0
2021-10-11,16.741334915161133,18.5,18.5,18.5,18.5,0
2021-10-12,16.741334915161133,18.5,18.5,18.5,18.5,0
2021-10-13,16.741334915161133,18.5,18.5,18.5,18.5,0
2021-10-14,16.741334915161133,18.5,18.5,18.5,18.5,0
2021-10-15,16.741334915161133,18.5,18.5,18.5,18.5,0
2021-10-18,17.18475341796875,18.989999771118164,19.0,18.940000534057617,18.940000534057617,1900
2021-10-19,17.18475341796875,18.989999771118164,18.989999771118164,18.989999771118164,18.989999771118164,0
2021-10-20,17.10330581665039,18.899999618530273,18.899999618530273,18.899999618530273,18.899999618530273,500
2021-10-21,17.10330581665039,18.899999618530273,18.899999618530273,18.899999618530273,18.899999618530273,0
2021-10-22,17.10330581665039,18.899999618530273,18.899999618530273,18.899999618530273,18.899999618530273,0
2021-10-25,17.10330581665039,18.899999618530273,18.899999618530273,18.899999618530273,18.899999618530273,0
2021-10-26,17.14855194091797,18.950000762939453,18.950000762939453,18.950000762939453,18.950000762939453,300
2021-10-27,17.14855194091797,18.950000762939453,18.950000762939453,18.950000762939453,18.950000762939453,0
2021-10-28,17.275245666503906,19.09000015258789,19.09000015258789,18.899999618530273,18.899999618530273,500
2021-10-29,17.19337272644043,18.899999618530273,18.899999618530273,18.899999618530273,18.899999618530273,200
2021-11-01,17.19337272644043,18.899999618530273,18.899999618530273,18.899999618530273,18.899999618530273,0
2021-11-02,17.52996063232422,19.270000457763672,19.270000457763672,19.270000457763672,19.270000457763672,300
2021-11-03,17.802875518798828,19.56999969482422,19.56999969482422,19.280000686645508,19.280000686645508,800
2021-11-04,17.802875518798828,19.56999969482422,19.56999969482422,19.56999969482422,19.56999969482422,0
2021-11-05,17.73919105529785,19.5,19.75,19.5,19.75,4000
2021-11-08,17.511768341064453,19.25,19.6299991607666,19.0,19.5,4700
2021-11-09,17.511768341064453,19.25,19.25,19.25,19.25,0
2021-11-10,17.511768341064453,19.25,19.25,19.25,19.25,0
2021-11-11,17.511768341064453,19.25,19.25,19.25,19.25,0
2021-11-12,17.90294075012207,19.68000030517578,19.75,19.68000030517578,19.75,8800
2021-11-15,17.966617584228516,19.75,19.75,19.75,19.75,300
2021-11-16,17.966617584228516,19.75,19.75,19.75,19.75,0
2021-11-17,18.194046020507812,20.0,20.0,19.799999237060547,19.799999237060547,2700
2021-11-18,18.194046020507812,20.0,20.0,20.0,20.0,0
2021-11-19,18.093976974487305,19.889999389648438,20.0,19.889999389648438,20.0,4100
2021-11-22,17.966617584228516,19.75,19.950000762939453,19.75,19.950000762939453,400
2021-11-23,17.97571563720703,19.760000228881836,19.760000228881836,19.760000228881836,19.760000228881836,200
2021-11-24,17.97571563720703,19.760000228881836,19.760000228881836,19.760000228881836,19.760000228881836,0
2021-11-26,17.966617584228516,19.75,19.75,19.75,19.75,200
2021-11-29,17.966617584228516,19.75,19.75,19.75,19.75,0
2021-11-30,18.266817092895508,20.079999923706055,20.079999923706055,19.75,19.75,800
2021-12-01,17.966617584228516,19.75,20.06999969482422,19.5,20.06999969482422,3300
2021-12-02,17.966617584228516,19.75,19.75,19.75,19.75,0
2021-12-03,18.12126922607422,19.920000076293945,20.399999618530273,19.920000076293945,20.399999618530273,11500
2021-12-06,17.966617584228516,19.75,20.190000534057617,19.75,20.190000534057617,1200
2021-12-07,17.875648498535156,19.649999618530273,19.75,19.6299991607666,19.75,4100
2021-12-08,17.875648498535156,19.649999618530273,19.649999618530273,19.649999618530273,19.649999618530273,0
2021-12-09,18.012104034423828,19.799999237060547,19.799999237060547,19.799999237060547,19.799999237060547,300
2021-12-10,17.95751953125,19.739999771118164,20.399999618530273,19.739999771118164,20.399999618530273,5100
2021-12-13,17.78467559814453,19.549999237060547,19.549999237060547,19.549999237060547,19.549999237060547,500
2021-12-14,17.78467559814453,19.549999237060547,19.549999237060547,19.549999237060547,19.549999237060547,0
2021-12-15,18.539731979370117,20.3799991607666,20.389999389648438,20.309999465942383,20.3799991607666,3300
2021-12-16,18.539731979370117,20.3799991607666,20.3799991607666,20.3799991607666,20.3799991607666,0
2021-12-17,18.539731979370117,20.3799991607666,20.3799991607666,20.3799991607666,20.3799991607666,0
2021-12-20,18.539731979370117,20.3799991607666,20.3799991607666,20.3799991607666,20.3799991607666,700
2021-12-21,18.539731979370117,20.3799991607666,20.3799991607666,20.3799991607666,20.3799991607666,0
2021-12-22,18.539731979370117,20.3799991607666,20.3799991607666,20.3799991607666,20.3799991607666,0
2021-12-23,18.539731979370117,20.3799991607666,20.3799991607666,20.3799991607666,20.3799991607666,0
2021-12-27,18.539731979370117,20.3799991607666,20.3799991607666,20.3799991607666,20.3799991607666,0
2021-12-28,18.539731979370117,20.3799991607666,20.3799991607666,20.3799991607666,20.3799991607666,0
2021-12-29,18.539731979370117,20.3799991607666,20.3799991607666,20.3799991607666,20.3799991607666,0
2021-12-30,18.539731979370117,20.3799991607666,20.3799991607666,20.3799991607666,20.3799991607666,0
2021-12-31,18.539731979370117,20.3799991607666,20.3799991607666,20.3799991607666,20.3799991607666,0
2022-01-03,17.97571563720703,19.760000228881836,20.360000610351562,19.760000228881836,20.360000610351562,800
2022-01-04,17.97571563720703,19.760000228881836,19.760000228881836,19.760000228881836,19.760000228881836,0
2022-01-05,17.97571563720703,19.760000228881836,19.760000228881836,19.760000228881836,19.760000228881836,0
2022-01-06,18.494243621826172,20.329999923706055,20.329999923706055,20.329999923706055,20.329999923706055,300
2022-01-07,18.494243621826172,20.329999923706055,20.329999923706055,20.329999923706055,20.329999923706055,0
2022-01-10,17.966617584228516,19.75,19.75,19.75,19.75,600
2022-01-11,17.966617584228516,19.75,19.75,19.75,19.75,0
2022-01-12,17.966617584228516,19.75,19.75,19.75,19.75,0
2022-01-13,18.557924270629883,20.399999618530273,20.399999618530273,20.399999618530273,20.399999618530273,1600
2022-01-14,18.557924270629883,20.399999618530273,20.399999618530273,20.399999618530273,20.399999618530273,0
2022-01-18,18.557924270629883,20.399999618530273,20.399999618530273,20.399999618530273,20.399999618530273,0
2022-01-19,18.557924270629883,20.399999618530273,20.399999618530273,20.049999237060547,20.360000610351562,2100
2022-01-20,18.648895263671875,20.5,20.5,20.5,20.5,20000
2022-01-21,18.648895263671875,20.5,20.510000228881836,20.5,20.510000228881836,20300
2022-01-24,18.339597702026367,20.15999984741211,20.549999237060547,20.15999984741211,20.549999237060547,500
2022-01-25,18.648895263671875,20.5,20.5,20.229999542236328,20.229999542236328,1800
2022-01-26,18.648895263671875,20.5,20.5,20.5,20.5,0
2022-01-27,18.648895263671875,20.5,20.5,20.5,20.5,0
2022-01-28,18.283233642578125,20.0,20.049999237060547,20.0,20.049999237060547,2000
2022-01-31,18.283233642578125,20.0,20.0,20.0,20.0,0
2022-02-01,18.283233642578125,20.0,20.0,20.0,20.0,0
2022-02-02,18.283233642578125,20.0,20.0,20.0,20.0,0
2022-02-03,18.402074813842773,20.1299991607666,20.75,20.049999237060547,20.399999618530273,4700
2022-02-04,18.557479858398438,20.299999237060547,20.68000030517578,20.299999237060547,20.68000030517578,5800
2022-02-07,18.731170654296875,20.489999771118164,20.489999771118164,20.469999313354492,20.469999313354492,300
2022-02-08,18.740312576293945,20.5,20.5,20.5,20.5,100
2022-02-09,18.740312576293945,20.5,21.149999618530273,20.5,21.149999618530273,300
2022-02-10,18.740312576293945,20.5,20.5,20.5,20.5,0
2022-02-11,18.90485954284668,20.68000030517578,20.68000030517578,20.5,20.5,800
2022-02-14,18.740312576293945,20.5,20.5,20.5,20.5,200
2022-02-15,18.740312576293945,20.5,20.5,20.5,20.5,0
2022-02-16,18.740312576293945,20.5,20.5,20.5,20.5,100
2022-02-17,19.09683609008789,20.889999389648438,21.5,20.5,20.5,4300
2022-02-18,18.8774356842041,20.649999618530273,23.549999237060547,20.649999618530273,20.68000030517578,10100
2022-02-22,19.28881072998047,21.100000381469727,22.489999771118164,21.100000381469727,21.25,2700
2022-02-23,19.087692260742188,20.8799991607666,21.34000015258789,20.8799991607666,21.34000015258789,1300
2022-02-24,19.361940383911133,21.18000030517578,22.25,20.809999465942383,21.549999237060547,7500
2022-02-25,18.968854904174805,20.75,22.0,20.75,21.0,4300
2022-02-28,18.968854904174805,20.75,21.950000762939453,20.75,20.8799991607666,3900
2022-03-01,19.883014678955078,21.75,21.75,21.75,21.75,300
2022-03-02,19.151687622070312,20.950000762939453,21.459999084472656,20.940000534057617,21.459999084472656,900
2022-03-03,19.05112648010254,20.84000015258789,21.549999237060547,20.81999969482422,21.3799991607666,3200
2022-03-04,19.1973876953125,21.0,21.489999771118164,20.770000457763672,20.770000457763672,4700
2022-03-07,19.28881072998047,21.100000381469727,21.5,21.020000457763672,21.1200008392334,4600
2022-03-08,19.28881072998047,21.100000381469727,21.100000381469727,21.100000381469727,21.100000381469727,0
2022-03-09,19.28881072998047,21.100000381469727,21.100000381469727,21.100000381469727,21.100000381469727,0
2022-03-10,18.99627685546875,20.780000686645508,20.899999618530273,20.780000686645508,20.899999618530273,1900
2022-03-11,19.1973876953125,21.0,21.25,20.979999542236328,21.0,10700
2022-03-14,19.70018196105957,21.549999237060547,21.549999237060547,21.0,21.0,1600
2022-03-15,19.425931930541992,21.25,21.25,21.25,21.25,300
2022-03-16,18.484344482421875,20.219999313354492,21.25,20.219999313354492,21.25,3000
2022-03-17,19.17911148071289,20.979999542236328,21.6299991607666,20.979999542236328,21.6299991607666,18000
2022-03-18,19.105974197387695,20.899999618530273,21.1200008392334,20.280000686645508,21.0,2700
2022-03-21,19.105974197387695,20.899999618530273,21.959999084472656,20.510000228881836,21.959999084472656,3700
2022-03-22,18.977996826171875,20.760000228881836,21.15999984741211,20.760000228881836,21.15999984741211,500
2022-03-23,18.968854904174805,20.75,21.09000015258789,20.75,21.0,2200
2022-03-24,19.1973876953125,21.0,21.8700008392334,20.610000610351562,21.43000030517578,4300
2022-03-25,19.1973876953125,21.0,21.200000762939453,21.0,21.200000762939453,3600
2022-03-28,19.425931930541992,21.25,21.280000686645508,21.25,21.280000686645508,1000
2022-03-29,19.215675354003906,21.020000457763672,21.020000457763672,21.020000457763672,21.020000457763672,300
2022-03-30,19.215675354003906,21.020000457763672,21.020000457763672,21.020000457763672,21.020000457763672,100
2022-03-31,18.968854904174805,20.75,20.75,20.75,20.75,300
2022-04-01,19.1973876953125,21.0,21.0,21.0,21.0,400
2022-04-04,19.334518432617188,21.149999618530273,21.149999618530273,21.149999618530273,21.149999618530273,200
2022-04-05,19.334518432617188,21.149999618530273,21.149999618530273,21.149999618530273,21.149999618530273,0
2022-04-06,19.65447425842285,21.5,21.5,21.5,21.5,200
2022-04-07,19.65447425842285,21.5,21.5,21.5,21.5,0
2022-04-08,19.65447425842285,21.5,21.5,21.5,21.5,0
2022-04-11,19.65447425842285,21.5,21.5,21.5,21.5,100
2022-04-12,19.65447425842285,21.5,21.5,21.5,21.5,0
2022-04-13,19.65447425842285,21.5,21.5,21.5,21.5,0
2022-04-14,19.65447425842285,21.5,21.5,21.5,21.5,0
2022-04-18,19.1973876953125,21.0,21.0,21.0,21.0,300
2022-04-19,19.64533042907715,21.489999771118164,21.489999771118164,21.489999771118164,21.489999771118164,500
2022-04-20,19.64533042907715,21.489999771118164,21.489999771118164,21.489999771118164,21.489999771118164,0
2022-04-21,19.64533042907715,21.489999771118164,21.5,21.489999771118164,21.489999771118164,1000
2022-04-22,19.64533042907715,21.489999771118164,21.489999771118164,21.489999771118164,21.489999771118164,200
2022-04-25,19.64533042907715,21.489999771118164,21.489999771118164,21.489999771118164,21.489999771118164,0
2022-04-26,18.977996826171875,20.760000228881836,20.969999313354492,20.760000228881836,20.969999313354492,600
2022-04-27,18.977996826171875,20.760000228881836,20.760000228881836,20.760000228881836,20.760000228881836,100
2022-04-28,18.977996826171875,20.760000228881836,20.760000228881836,20.760000228881836,20.760000228881836,100
2022-04-29,19.069854736328125,20.760000228881836,20.760000228881836,20.760000228881836,20.760000228881836,0
2022-05-02,19.069854736328125,20.760000228881836,20.760000228881836,20.760000228881836,20.760000228881836,0
2022-05-03,18.50951385498047,20.149999618530273,20.149999618530273,20.149999618530273,20.149999618530273,400
2022-05-04,18.50951385498047,20.149999618530273,20.149999618530273,20.149999618530273,20.149999618530273,0
2022-05-05,18.50951385498047,20.149999618530273,20.149999618530273,20.149999618530273,20.149999618530273,100
2022-05-06,18.417654037475586,20.049999237060547,20.049999237060547,20.049999237060547,20.049999237060547,400
2022-05-09,18.417654037475586,20.049999237060547,20.049999237060547,20.049999237060547,20.049999237060547,0
2022-05-10,18.417654037475586,20.049999237060547,20.049999237060547,20.049999237060547,20.049999237060547,0
2022-05-11,17.939990997314453,19.530000686645508,19.530000686645508,19.530000686645508,19.530000686645508,200
2022-05-12,18.289052963256836,19.90999984741211,19.90999984741211,19.90999984741211,19.90999984741211,200
2022-05-13,18.89531898498535,20.56999969482422,20.56999969482422,20.56999969482422,20.56999969482422,900
2022-05-16,18.89531898498535,20.56999969482422,20.56999969482422,20.56999969482422,20.56999969482422,0
2022-05-17,18.151264190673828,19.760000228881836,20.0,19.0,19.0,2500
2022-05-18,18.151264190673828,19.760000228881836,19.760000228881836,19.760000228881836,19.760000228881836,0
2022-05-19,17.453140258789062,19.0,19.0,19.0,19.0,200
2022-05-20,17.590925216674805,19.149999618530273,19.149999618530273,19.149999618530273,19.149999618530273,200
2022-05-23,17.590925216674805,19.149999618530273,19.149999618530273,19.149999618530273,19.149999618530273,0
2022-05-24,17.50825309753418,19.059999465942383,19.059999465942383,19.059999465942383,19.059999465942383,300
2022-05-25,17.50825309753418,19.059999465942383,19.059999465942383,19.059999465942383,19.059999465942383,500
2022-05-26,17.37047004699707,18.90999984741211,19.0,18.90999984741211,19.0,800
2022-05-27,17.453140258789062,19.0,19.440000534057617,19.0,19.440000534057617,500
2022-05-31,17.453140258789062,19.0,19.0,19.0,19.0,0
2022-06-01,18.02266502380371,19.6200008392334,19.6200008392334,19.25,19.25,400
2022-06-02,18.02266502380371,19.6200008392334,19.6200008392334,19.6200008392334,19.6200008392334,0
2022-06-03,18.02266502380371,19.6200008392334,19.6200008392334,19.6200008392334,19.6200008392334,0
2022-06-06,17.68278694152832,19.25,19.25,19.25,19.25,400
2022-06-07,17.68278694152832,19.25,19.969999313354492,19.25,19.969999313354492,1500
2022-06-08,17.68278694152832,19.25,19.25,19.25,19.25,0
2022-06-09,17.68278694152832,19.25,19.25,19.25,19.25,0
2022-06-10,17.68278694152832,19.25,19.25,19.25,19.25,0
2022-06-13,17.68278694152832,19.25,19.25,19.25,19.25,0
2022-06-14,17.912431716918945,19.5,19.5,19.309999465942383,19.5,1100
2022-06-15,17.691974639892578,19.260000228881836,19.510000228881836,19.260000228881836,19.399999618530273,1200
2022-06-16,17.691974639892578,19.260000228881836,19.260000228881836,19.260000228881836,19.260000228881836,0
2022-06-17,17.967548370361328,19.559999465942383,19.989999771118164,19.260000228881836,19.299999237060547,3700
2022-06-21,17.967548370361328,19.559999465942383,19.559999465942383,19.559999465942383,19.559999465942383,0
2022-06-22,17.967548370361328,19.559999465942383,19.559999465942383,19.559999465942383,19.559999465942383,0
2022-06-23,17.912431716918945,19.5,19.5,19.5,19.5,100
2022-06-24,17.68278694152832,19.25,19.260000228881836,19.25,19.260000228881836,600
2022-06-27,17.912431716918945,19.5,19.5,19.5,19.5,200
2022-06-28,19.455657958984375,21.18000030517578,21.5,20.5,20.5,3100
2022-06-29,19.428102493286133,21.149999618530273,21.149999618530273,21.1200008392334,21.1200008392334,700
2022-06-30,18.059406280517578,19.65999984741211,19.65999984741211,19.65999984741211,19.65999984741211,300
2022-07-01,18.059406280517578,19.65999984741211,19.65999984741211,19.65999984741211,19.65999984741211,300
2022-07-05,19.84146499633789,21.600000381469727,22.209999084472656,20.56999969482422,20.56999969482422,3200
2022-07-06,19.65774917602539,21.399999618530273,22.010000228881836,20.1299991607666,21.309999465942383,6500
2022-07-07,19.19845199584961,20.899999618530273,21.170000076293945,20.899999618530273,21.110000610351562,1800
2022-07-08,19.19845199584961,20.899999618530273,20.899999618530273,20.899999618530273,20.899999618530273,0
2022-07-11,19.19845199584961,20.899999618530273,20.899999618530273,20.899999618530273,20.899999618530273,0
2022-07-12,19.069854736328125,20.760000228881836,20.760000228881836,20.579999923706055,20.579999923706055,700
2022-07-13,19.069854736328125,20.760000228881836,20.760000228881836,20.760000228881836,20.760000228881836,0
2022-07-14,19.069854736328125,20.760000228881836,20.760000228881836,20.760000228881836,20.760000228881836,0
2022-07-15,19.069854736328125,20.760000228881836,20.760000228881836,20.760000228881836,20.760000228881836,0
2022-07-18,19.069854736328125,20.760000228881836,20.760000228881836,20.760000228881836,20.760000228881836,0
2022-07-19,19.069854736328125,20.760000228881836,20.760000228881836,20.760000228881836,20.760000228881836,0
2022-07-20,18.298240661621094,19.920000076293945,21.389999389648438,19.920000076293945,20.75,1100
2022-07-21,17.710346221923828,19.280000686645508,20.3799991607666,19.280000686645508,20.3799991607666,400
2022-07-22,17.72871208190918,19.299999237060547,19.780000686645508,19.299999237060547,19.360000610351562,1800
2022-07-25,17.912431716918945,19.5,19.5,19.06999969482422,19.06999969482422,2800
2022-07-26,17.912431716918945,19.5,19.5,19.5,19.5,0
2022-07-27,18.142078399658203,19.75,19.75,19.75,19.75,100
2022-07-28,18.142078399658203,19.75,19.75,19.75,19.75,0
2022-07-29,18.484037399291992,20.0,20.3700008392334,19.760000228881836,19.770000457763672,289800
2022-08-01,19.047800064086914,20.610000610351562,21.8700008392334,20.299999237060547,20.450000762939453,2900
2022-08-02,18.484037399291992,20.0,20.209999084472656,20.0,20.209999084472656,2500
2022-08-03,18.484037399291992,20.0,20.0,20.0,20.0,500
2022-08-04,18.484037399291992,20.0,20.0,20.0,20.0,0
2022-08-05,18.484037399291992,20.0,20.0,20.0,20.0,200
2022-08-08,19.408231735229492,21.0,21.0,21.0,21.0,800
2022-08-09,19.408231735229492,21.0,21.0,21.0,21.0,0
2022-08-10,18.484037399291992,20.0,20.450000762939453,19.989999771118164,20.1200008392334,4700
2022-08-11,18.835233688354492,20.3799991607666,20.3799991607666,20.0,20.0,1000
2022-08-12,18.484037399291992,20.0,20.3799991607666,20.0,20.0,6700
2022-08-15,18.484037399291992,20.0,20.0,20.0,20.0,300
2022-08-16,18.484037399291992,20.0,20.0,20.0,20.0,0
2022-08-17,18.789020538330078,20.329999923706055,20.329999923706055,20.329999923706055,20.329999923706055,1300
2022-08-18,18.789020538330078,20.329999923706055,20.329999923706055,20.329999923706055,20.329999923706055,0
2022-08-19,18.789020538330078,20.329999923706055,20.329999923706055,20.329999923706055,20.329999923706055,0
2022-08-22,18.761295318603516,20.299999237060547,20.299999237060547,19.690000534057617,19.690000534057617,1100
2022-08-23,19.28809356689453,20.8700008392334,20.8700008392334,19.899999618530273,19.920000076293945,3200
2022-08-24,18.761295318603516,20.299999237060547,20.399999618530273,20.100000381469727,20.399999618530273,400
2022-08-25,18.742813110351562,20.280000686645508,20.280000686645508,20.280000686645508,20.280000686645508,400
2022-08-26,18.61342430114746,20.139999389648438,20.139999389648438,20.100000381469727,20.100000381469727,500
2022-08-29,18.61342430114746,20.139999389648438,20.139999389648438,20.139999389648438,20.139999389648438,0
2022-08-30,18.474790573120117,19.989999771118164,19.989999771118164,19.989999771118164,19.989999771118164,200
2022-08-31,17.846336364746094,19.309999465942383,19.309999465942383,19.309999465942383,19.309999465942383,600
2022-09-01,17.846336364746094,19.309999465942383,19.309999465942383,19.309999465942383,19.309999465942383,0
2022-09-02,17.846336364746094,19.309999465942383,19.309999465942383,19.309999465942383,19.309999465942383,100
2022-09-06,17.846336364746094,19.309999465942383,19.309999465942383,19.309999465942383,19.309999465942383,700
2022-09-07,17.85557746887207,19.31999969482422,20.15999984741211,19.31999969482422,20.15999984741211,2100
2022-09-08,17.85557746887207,19.31999969482422,19.31999969482422,19.31999969482422,19.31999969482422,500
2022-09-09,17.85557746887207,19.31999969482422,19.31999969482422,19.31999969482422,19.31999969482422,500
2022-09-12,17.86482048034668,19.329999923706055,19.329999923706055,19.329999923706055,19.329999923706055,300
2022-09-13,17.62452507019043,19.06999969482422,19.06999969482422,19.06999969482422,19.06999969482422,1000
2022-09-14,17.476659774780273,18.90999984741211,18.90999984741211,18.90999984741211,18.90999984741211,1300
2022-09-15,17.245603561401367,18.65999984741211,18.90999984741211,18.65999984741211,18.90999984741211,900
2022-09-16,19.047800064086914,20.610000610351562,20.610000610351562,18.729999542236328,18.729999542236328,5300
2022-09-19,19.334300994873047,20.920000076293945,20.93000030517578,20.920000076293945,20.93000030517578,600
2022-09-20,19.408231735229492,21.0,21.110000610351562,20.959999084472656,20.959999084472656,1800
2022-09-21,19.408231735229492,21.0,21.0,21.0,21.0,600
2022-09-22,19.408231735229492,21.0,21.0,21.0,21.0,0
2022-09-23,19.408231735229492,21.0,21.0,21.0,21.0,0
2022-09-26,19.408231735229492,21.0,21.0,21.0,21.0,0
2022-09-27,17.83709144592285,19.299999237060547,19.639999389648438,19.299999237060547,19.639999389648438,500
2022-09-28,17.83709144592285,19.299999237060547,19.299999237060547,19.299999237060547,19.299999237060547,0
2022-09-29,17.83709144592285,19.299999237060547,19.299999237060547,19.299999237060547,19.299999237060547,300
2022-09-30,17.301057815551758,18.719999313354492,18.719999313354492,18.719999313354492,18.719999313354492,600
2022-10-03,17.301057815551758,18.719999313354492,18.719999313354492,18.719999313354492,18.719999313354492,0
2022-10-04,18.391616821289062,19.899999618530273,19.899999618530273,19.899999618530273,19.899999618530273,500
2022-10-05,18.391616821289062,19.899999618530273,19.899999618530273,19.899999618530273,19.899999618530273,0
2022-10-06,18.391616821289062,19.899999618530273,19.899999618530273,19.899999618530273,19.899999618530273,0
2022-10-07,17.190153121948242,18.600000381469727,18.600000381469727,18.209999084472656,18.209999084472656,400
2022-10-10,17.190153121948242,18.600000381469727,18.600000381469727,18.600000381469727,18.600000381469727,0
2022-10-11,17.45816993713379,18.889999389648438,18.889999389648438,18.889999389648438,18.889999389648438,300
2022-10-12,17.45816993713379,18.889999389648438,18.889999389648438,18.889999389648438,18.889999389648438,100
2022-10-13,17.45816993713379,18.889999389648438,18.889999389648438,18.889999389648438,18.889999389648438,100
2022-10-14,17.679977416992188,19.1299991607666,20.950000762939453,17.799999237060547,19.190000534057617,7700
2022-10-17,17.975725173950195,19.450000762939453,19.690000534057617,19.25,19.690000534057617,1100
2022-10-18,17.476659774780273,18.90999984741211,19.469999313354492,18.90999984741211,19.200000762939453,800
2022-10-19,17.476659774780273,18.90999984741211,18.90999984741211,18.90999984741211,18.90999984741211,0
2022-10-20,17.74467658996582,19.200000762939453,19.670000076293945,18.43000030517578,18.43000030517578,1200
2022-10-21,17.70770263671875,19.15999984741211,19.690000534057617,18.149999618530273,19.18000030517578,4500
2022-10-24,18.197534561157227,19.690000534057617,19.690000534057617,17.690000534057617,17.790000915527344,2900
2022-10-25,17.633771896362305,19.079999923706055,19.649999618530273,17.350000381469727,17.75,9200
2022-10-26,17.698461532592773,19.149999618530273,19.649999618530273,18.09000015258789,18.09000015258789,3200
2022-10-27,17.476659774780273,18.90999984741211,19.639999389648438,18.8700008392334,19.639999389648438,1700
2022-10-28,17.58827018737793,18.90999984741211,19.229999542236328,17.780000686645508,19.229999542236328,1500
2022-10-31,17.309236526489258,18.610000610351562,19.989999771118164,17.68000030517578,19.989999771118164,4400
2022-11-01,16.84418487548828,18.110000610351562,19.989999771118164,16.920000076293945,18.799999237060547,5500
2022-11-02,16.86278533935547,18.1299991607666,19.729999542236328,18.100000381469727,18.81999969482422,3200
2022-11-03,16.47214126586914,17.709999084472656,19.850000381469727,17.709999084472656,18.299999237060547,1300
2022-11-04,17.020904541015625,18.299999237060547,19.540000915527344,18.209999084472656,18.469999313354492,3700
2022-11-07,17.132518768310547,18.420000076293945,19.940000534057617,18.420000076293945,19.940000534057617,2900
2022-11-08,16.927894592285156,18.200000762939453,18.479999542236328,18.1200008392334,18.479999542236328,900
2022-11-09,17.123214721679688,18.40999984741211,18.719999313354492,16.489999771118164,18.299999237060547,5200
2022-11-10,16.9650936126709,18.239999771118164,19.190000534057617,18.239999771118164,18.780000686645508,3200
2022-11-11,17.318538665771484,18.6200008392334,19.190000534057617,18.5,19.190000534057617,3900
2022-11-14,17.690580368041992,19.020000457763672,19.020000457763672,19.0,19.0,400
2022-11-15,17.690580368041992,19.020000457763672,19.020000457763672,19.020000457763672,19.020000457763672,100
2022-11-16,16.84418487548828,18.110000610351562,18.309999465942383,18.049999237060547,18.25,1900
2022-11-17,17.169721603393555,18.459999084472656,18.989999771118164,16.510000228881836,18.049999237060547,5500
2022-11-18,17.039508819580078,18.31999969482422,18.31999969482422,18.299999237060547,18.299999237060547,300
2022-11-21,17.039508819580078,18.31999969482422,18.31999969482422,18.31999969482422,18.31999969482422,300
2022-11-22,16.36983299255371,17.600000381469727,19.0,16.549999237060547,18.6200008392334,2100
2022-11-23,16.61166000366211,17.860000610351562,18.149999618530273,17.299999237060547,17.610000610351562,4200
2022-11-25,16.602359771728516,17.850000381469727,17.850000381469727,17.850000381469727,17.850000381469727,100
2022-11-28,16.565153121948242,17.809999465942383,17.959999084472656,17.610000610351562,17.790000915527344,2200
2022-11-29,16.565153121948242,17.809999465942383,17.809999465942383,17.809999465942383,17.809999465942383,0
2022-11-30,17.048809051513672,18.329999923706055,19.899999618530273,17.790000915527344,17.790000915527344,5100
2022-12-01,16.993003845214844,18.270000457763672,19.65999984741211,18.170000076293945,18.399999618530273,1700
2022-12-02,17.290637969970703,18.59000015258789,19.889999389648438,18.59000015258789,18.600000381469727,1700
2022-12-05,16.332626342773438,17.559999465942383,18.290000915527344,17.559999465942383,18.280000686645508,5200
2022-12-06,16.332626342773438,17.559999465942383,17.559999465942383,17.559999465942383,17.559999465942383,0
2022-12-07,16.332626342773438,17.559999465942383,17.559999465942383,17.559999465942383,17.559999465942383,0
2022-12-08,16.27682113647461,17.5,19.200000762939453,17.5,19.200000762939453,2000
2022-12-09,16.295421600341797,17.520000457763672,17.520000457763672,17.520000457763672,17.520000457763672,300
2022-12-12,16.295421600341797,17.520000457763672,17.520000457763672,17.520000457763672,17.520000457763672,0
2022-12-13,16.295421600341797,17.520000457763672,17.520000457763672,17.520000457763672,17.520000457763672,0
2022-12-14,16.323322296142578,17.549999237060547,17.549999237060547,17.549999237060547,17.549999237060547,700
2022-12-15,16.100101470947266,17.309999465942383,17.309999465942383,17.309999465942383,17.309999465942383,200
2022-12-16,15.99778938293457,17.200000762939453,17.200000762939453,17.1299991607666,17.1299991607666,2700
2022-12-19,15.99778938293457,17.200000762939453,17.200000762939453,17.200000762939453,17.200000762939453,0
2022-12-20,15.99778938293457,17.200000762939453,17.200000762939453,17.200000762939453,17.200000762939453,0
2022-12-21,16.0535945892334,17.260000228881836,17.260000228881836,17.260000228881836,17.260000228881836,200
2022-12-22,16.0535945892334,17.260000228881836,17.260000228881836,17.260000228881836,17.260000228881836,0
2022-12-23,16.0535945892334,17.260000228881836,17.260000228881836,17.260000228881836,17.260000228881836,0
2022-12-27,16.007089614868164,17.209999084472656,17.209999084472656,17.209999084472656,17.209999084472656,300
2022-12-28,15.914080619812012,17.110000610351562,17.110000610351562,17.110000610351562,17.110000610351562,200
2022-12-29,15.914080619812012,17.110000610351562,17.110000610351562,17.110000610351562,17.110000610351562,0
2022-12-30,15.914080619812012,17.110000610351562,17.110000610351562,17.110000610351562,17.110000610351562,100
2023-01-03,15.914080619812012,17.110000610351562,17.110000610351562,17.110000610351562,17.110000610351562,100
2023-01-04,15.96058464050293,17.15999984741211,18.84000015258789,17.15999984741211,18.84000015258789,500
2023-01-05,15.96058464050293,17.15999984741211,17.15999984741211,17.15999984741211,17.15999984741211,0
2023-01-06,16.416337966918945,17.649999618530273,17.84000015258789,17.649999618530273,17.84000015258789,1900
2023-01-09,16.546552658081055,17.790000915527344,18.0,17.790000915527344,18.0,300
2023-01-10,16.546552658081055,17.790000915527344,17.790000915527344,17.790000915527344,17.790000915527344,0
2023-01-11,16.546552658081055,17.790000915527344,17.790000915527344,17.790000915527344,17.790000915527344,0
2023-01-12,16.546552658081055,17.790000915527344,17.790000915527344,17.790000915527344,17.790000915527344,1300
2023-01-13,16.546552658081055,17.790000915527344,17.790000915527344,17.790000915527344,17.790000915527344,0
2023-01-17,16.100101470947266,17.309999465942383,17.309999465942383,17.309999465942383,17.309999465942383,400
2023-01-18,16.100101470947266,17.309999465942383,17.309999465942383,17.309999465942383,17.309999465942383,0
2023-01-19,16.27682113647461,17.5,17.5,17.309999465942383,17.309999465942383,300
2023-01-20,16.75117301940918,18.010000228881836,18.969999313354492,18.010000228881836,18.950000762939453,1200
2023-01-23,16.146608352661133,17.360000610351562,18.010000228881836,17.25,18.010000228881836,4000
2023-01-24,16.044294357299805,17.25,17.280000686645508,17.25,17.280000686645508,400
2023-01-25,15.914080619812012,17.110000610351562,17.110000610351562,17.110000610351562,17.110000610351562,2200
2023-01-26,15.914080619812012,17.110000610351562,17.25,17.110000610351562,17.25,1000
2023-01-27,16.63532066345215,17.760000228881836,17.760000228881836,17.760000228881836,17.760000228881836,300
2023-01-30,16.63532066345215,17.760000228881836,17.760000228881836,17.760000228881836,17.760000228881836,200
2023-01-31,16.63532066345215,17.760000228881836,17.760000228881836,17.760000228881836,17.760000228881836,0
2023-02-01,16.63532066345215,17.760000228881836,17.760000228881836,17.760000228881836,17.760000228881836,300
2023-02-02,16.63532066345215,17.760000228881836,17.760000228881836,17.760000228881836,17.760000228881836,0
2023-02-03,16.63532066345215,17.760000228881836,17.760000228881836,17.760000228881836,17.760000228881836,0
2023-02-06,16.213817596435547,17.309999465942383,17.309999465942383,17.309999465942383,17.309999465942383,200
2023-02-07,16.213817596435547,17.309999465942383,17.309999465942383,17.309999465942383,17.309999465942383,0
2023-02-08,16.213817596435547,17.309999465942383,17.309999465942383,17.309999465942383,17.309999465942383,0
2023-02-09,16.213817596435547,17.309999465942383,17.309999465942383,17.309999465942383,17.309999465942383,0
2023-02-10,17.749961853027344,18.950000762939453,18.950000762939453,18.0,18.0,3200
2023-02-13,18.686634063720703,19.950000762939453,20.0,18.93000030517578,18.93000030517578,3100
2023-02-14,18.686634063720703,19.950000762939453,19.950000762939453,19.950000762939453,19.950000762939453,0
2023-02-15,18.714733123779297,19.979999542236328,19.979999542236328,19.979999542236328,19.979999542236328,500
2023-02-16,18.714733123779297,19.979999542236328,19.979999542236328,19.979999542236328,19.979999542236328,0
2023-02-17,18.714733123779297,19.979999542236328,19.979999542236328,19.979999542236328,19.979999542236328,0
2023-02-21,16.213817596435547,17.309999465942383,18.010000228881836,17.309999465942383,18.010000228881836,800
2023-02-22,17.93729591369629,19.149999618530273,19.149999618530273,19.149999618530273,19.149999618530273,300
2023-02-23,17.234790802001953,18.399999618530273,18.399999618530273,18.399999618530273,18.399999618530273,200
2023-02-24,17.234790802001953,18.399999618530273,18.399999618530273,18.399999618530273,18.399999618530273,0
2023-02-27,16.878854751586914,18.020000457763672,18.65999984741211,18.020000457763672,18.65999984741211,1300
2023-02-28,16.223180770874023,17.31999969482422,18.239999771118164,17.31999969482422,17.399999618530273,5100
2023-03-01,16.223180770874023,17.31999969482422,17.31999969482422,17.31999969482422,17.31999969482422,0
2023-03-02,15.960914611816406,17.040000915527344,17.510000228881836,17.040000915527344,17.489999771118164,6900
2023-03-03,16.157615661621094,17.25,17.31999969482422,17.25,17.31999969482422,1200
2023-03-06,16.02648162841797,17.110000610351562,17.1200008392334,17.110000610351562,17.1200008392334,600
2023-03-07,15.745479583740234,16.809999465942383,16.809999465942383,16.809999465942383,16.809999465942383,3000
2023-03-08,15.745479583740234,16.809999465942383,16.809999465942383,16.809999465942383,16.809999465942383,0
2023-03-09,15.745479583740234,16.809999465942383,16.809999465942383,16.809999465942383,16.809999465942383,100
2023-03-10,15.745479583740234,16.809999465942383,16.809999465942383,16.809999465942383,16.809999465942383,0
2023-03-13,14.490337371826172,15.470000267028809,15.470000267028809,15.470000267028809,15.470000267028809,300
2023-03-14,15.49257755279541,16.540000915527344,16.6299991607666,16.540000915527344,16.6299991607666,900
2023-03-15,14.199969291687012,15.15999984741211,15.579999923706055,15.079999923706055,15.079999923706055,700
2023-03-16,15.623710632324219,16.68000030517578,16.68000030517578,16.68000030517578,16.68000030517578,700
2023-03-17,15.445744514465332,16.489999771118164,16.489999771118164,16.489999771118164,16.489999771118164,200
2023-03-20,15.445744514465332,16.489999771118164,16.489999771118164,16.489999771118164,16.489999771118164,0
2023-03-21,15.445744514465332,16.489999771118164,16.489999771118164,16.489999771118164,16.489999771118164,100
2023-03-22,15.445744514465332,16.489999771118164,16.489999771118164,16.489999771118164,16.489999771118164,100
2023-03-23,15.445744514465332,16.489999771118164,16.489999771118164,16.489999771118164,16.489999771118164,0
2023-03-24,15.445744514465332,16.489999771118164,16.489999771118164,16.489999771118164,16.489999771118164,0
2023-03-27,15.417643547058105,16.459999084472656,16.459999084472656,16.440000534057617,16.440000534057617,500
2023-03-28,15.417643547058105,16.459999084472656,16.459999084472656,16.459999084472656,16.459999084472656,0
2023-03-29,16.401151657104492,17.510000228881836,18.68000030517578,15.800000190734863,15.800000190734863,7600
2023-03-30,16.532285690307617,17.649999618530273,18.18000030517578,16.75,16.799999237060547,11000
2023-03-31,15.989014625549316,17.06999969482422,18.09000015258789,16.719999313354492,17.90999984741211,8300
2023-04-03,16.279382705688477,17.3799991607666,17.3799991607666,17.1299991607666,17.1299991607666,200
2023-04-04,16.28874969482422,17.389999389648438,19.5,17.350000381469727,18.09000015258789,2300
2023-04-05,16.05457878112793,17.139999389648438,18.799999237060547,17.139999389648438,18.799999237060547,4300
2023-04-06,15.998382568359375,17.079999923706055,17.350000381469727,17.0,17.110000610351562,1800
2023-04-10,15.979647636413574,17.059999465942383,17.059999465942383,17.059999465942383,17.059999465942383,200
2023-04-11,16.438613891601562,17.549999237060547,17.549999237060547,16.790000915527344,16.790000915527344,1200
2023-04-12,16.120147705078125,17.209999084472656,17.75,17.209999084472656,17.510000228881836,7300
2023-04-13,15.979647636413574,17.059999465942383,17.100000381469727,16.860000610351562,16.8799991607666,2400
2023-04-14,16.204448699951172,17.299999237060547,17.350000381469727,16.860000610351562,17.010000228881836,2800
2023-04-17,16.50418472290039,17.6200008392334,18.899999618530273,16.81999969482422,17.5,7300
2023-04-18,16.326215744018555,17.43000030517578,17.770000457763672,17.219999313354492,17.770000457763672,1100
2023-04-19,15.979647636413574,17.059999465942383,17.399999618530273,16.899999618530273,17.209999084472656,3600
2023-04-20,15.90471363067627,16.979999542236328,17.389999389648438,16.940000534057617,17.360000610351562,2700
2023-04-21,15.080442428588867,16.100000381469727,16.100000381469727,16.100000381469727,16.100000381469727,200
2023-04-24,16.07331657409668,17.15999984741211,17.290000915527344,17.15999984741211,17.290000915527344,400
2023-04-25,16.29811668395996,17.399999618530273,20.149999618530273,17.079999923706055,17.239999771118164,14500
2023-04-26,17.216053009033203,18.3799991607666,19.510000228881836,17.299999237060547,17.299999237060547,7000
2023-04-27,17.721860885620117,18.920000076293945,19.25,18.0,18.610000610351562,2400
2023-04-28,17.580461502075195,18.649999618530273,21.799999237060547,18.0,19.399999618530273,12200
2023-05-01,17.014869689941406,18.049999237060547,18.790000915527344,17.739999771118164,18.790000915527344,1600
2023-05-02,17.05257797241211,18.09000015258789,18.09000015258789,17.65999984741211,17.670000076293945,1000
2023-05-03,16.675514221191406,17.690000534057617,18.0,17.3700008392334,17.3700008392334,1100
2023-05-04,16.025087356567383,17.0,17.690000534057617,16.59000015258789,17.639999389648438,5100
2023-05-05,15.63860034942627,16.59000015258789,17.0,16.190000534057617,17.0,2200
2023-05-08,15.204977989196777,16.1299991607666,17.0,16.1299991607666,16.969999313354492,2300
2023-05-09,15.157845497131348,16.079999923706055,16.079999923706055,16.0,16.0,500
2023-05-10,15.082433700561523,16.0,16.0,16.0,16.0,500
2023-05-11,15.082433700561523,16.0,16.0,16.0,16.0,500
2023-05-12,15.94024658203125,16.90999984741211,17.989999771118164,16.600000381469727,16.649999618530273,10400
2023-05-15,15.563185691833496,16.510000228881836,17.0,16.309999465942383,16.899999618530273,3200
2023-05-16,15.412363052368164,16.350000381469727,16.350000381469727,16.350000381469727,16.350000381469727,900
2023-05-17,15.412363052368164,16.350000381469727,16.350000381469727,16.350000381469727,16.350000381469727,0
2023-05-18,15.412363052368164,16.350000381469727,16.350000381469727,16.350000381469727,16.350000381469727,0
2023-05-19,15.553760528564453,16.5,16.5,16.299999237060547,16.299999237060547,1100
2023-05-22,15.318097114562988,16.25,16.25,16.25,16.25,800
2023-05-23,15.318097114562988,16.25,16.25,16.25,16.25,0
2023-05-24,15.318097114562988,16.25,16.25,16.25,16.25,0
2023-05-25,15.318097114562988,16.25,16.25,16.25,16.25,0
2023-05-26,15.318097114562988,16.25,16.25,16.25,16.25,0
2023-05-30,12.754083633422852,13.529999732971191,15.920000076293945,13.529999732971191,15.920000076293945,5300
2023-05-31,12.876626968383789,13.65999984741211,14.329999923706055,13.65999984741211,14.279999732971191,9700
2023-06-01,12.820068359375,13.600000381469727,14.359999656677246,12.90999984741211,14.25,5400
2023-06-02,12.593832015991211,13.359999656677246,13.59000015258789,13.329999923706055,13.59000015258789,1900
2023-06-05,12.631538391113281,13.399999618530273,13.609999656677246,13.369999885559082,13.390000343322754,3900
2023-06-06,13.310247421264648,14.119999885559082,14.119999885559082,13.5,13.5,3900
2023-06-07,12.923761367797852,13.710000038146973,14.6899995803833,13.40999984741211,14.170000076293945,9900
2023-06-08,12.706950187683105,13.479999542236328,13.800000190734863,13.420000076293945,13.800000190734863,6900
2023-06-09,12.612685203552246,13.380000114440918,14.109999656677246,13.369999885559082,13.539999961853027,8300
2023-06-12,12.735230445861816,13.510000228881836,13.520000457763672,13.489999771118164,13.520000457763672,3100
2023-06-13,12.829495429992676,13.609999656677246,13.84000015258789,13.520000457763672,13.579999923706055,5700
2023-06-14,12.64096450805664,13.40999984741211,13.989999771118164,13.40999984741211,13.84000015258789,15100
2023-06-15,12.64096450805664,13.40999984741211,13.869999885559082,13.40999984741211,13.40999984741211,8200
2023-06-16,14.036088943481445,14.890000343322754,14.890000343322754,13.399999618530273,13.5600004196167,5800
2023-06-20,13.018026351928711,13.8100004196167,14.890000343322754,13.529999732971191,14.1899995803833,700
2023-06-21,13.018026351928711,13.8100004196167,13.8100004196167,13.8100004196167,13.8100004196167,100
2023-06-22,13.329102516174316,14.140000343322754,14.140000343322754,14.140000343322754,14.140000343322754,400
2023-06-23,13.998384475708008,14.850000381469727,14.850000381469727,13.880000114440918,14.029999732971191,2900
2023-06-26,13.197129249572754,14.0,14.210000038146973,14.0,14.210000038146973,900
2023-06-27,13.16884994506836,13.970000267028809,14.0,13.970000267028809,14.0,14600
2023-06-28,13.121716499328613,13.920000076293945,13.920000076293945,13.920000076293945,13.920000076293945,200
2023-06-29,13.329102516174316,14.140000343322754,14.34000015258789,13.930000305175781,14.0,3300
2023-06-30,13.234835624694824,14.039999961853027,14.039999961853027,14.039999961853027,14.039999961853027,300
2023-07-03,13.904119491577148,14.75,14.75,14.75,14.75,300
2023-07-05,14.139782905578613,15.0,15.0,15.0,15.0,1600
2023-07-06,13.423365592956543,14.239999771118164,14.239999771118164,14.239999771118164,14.239999771118164,200
2023-07-07,13.423365592956543,14.239999771118164,14.239999771118164,14.239999771118164,14.239999771118164,0
2023-07-10,13.809852600097656,14.649999618530273,14.75,14.649999618530273,14.649999618530273,1000
2023-07-11,13.442219734191895,14.260000228881836,14.720000267028809,14.260000228881836,14.449999809265137,1000
2023-07-12,13.602469444274902,14.430000305175781,15.0,14.109999656677246,14.109999656677246,2100
2023-07-13,13.602469444274902,14.430000305175781,14.430000305175781,14.430000305175781,14.430000305175781,0
2023-07-14,13.602469444274902,14.430000305175781,14.430000305175781,14.430000305175781,14.430000305175781,100
2023-07-17,13.423365592956543,14.239999771118164,14.239999771118164,14.239999771118164,14.239999771118164,300
2023-07-18,13.856986045837402,14.699999809265137,14.699999809265137,14.699999809265137,14.699999809265137,200
2023-07-19,14.017237663269043,14.869999885559082,14.869999885559082,14.579999923706055,14.579999923706055,200
2023-07-20,14.130354881286621,14.989999771118164,14.989999771118164,14.949999809265137,14.949999809265137,700
2023-07-21,13.536483764648438,14.359999656677246,14.359999656677246,14.079999923706055,14.079999923706055,700
2023-07-24,13.998384475708008,14.850000381469727,14.850000381469727,14.850000381469727,14.850000381469727,300
2023-07-25,13.847559928894043,14.6899995803833,14.6899995803833,14.6899995803833,14.6899995803833,300
2023-07-26,13.847559928894043,14.6899995803833,14.6899995803833,14.6899995803833,14.6899995803833,0
2023-07-27,13.847559928894043,14.6899995803833,14.6899995803833,14.6899995803833,14.6899995803833,0
2023-07-28,14.080492973327637,14.8100004196167,14.8100004196167,14.6899995803833,14.6899995803833,600
2023-07-31,14.736503601074219,15.5,15.5,14.5600004196167,14.5600004196167,300
2023-08-01,14.717488288879395,15.479999542236328,15.479999542236328,15.479999542236328,15.479999542236328,100
2023-08-02,14.717488288879395,15.479999542236328,15.479999542236328,15.479999542236328,15.479999542236328,100
2023-08-03,14.926651954650879,15.699999809265137,15.800000190734863,15.180000305175781,15.1899995803833,4200
2023-08-04,14.45128059387207,15.199999809265137,16.020000457763672,15.199999809265137,15.550000190734863,3200
2023-08-07,14.45128059387207,15.199999809265137,15.199999809265137,15.199999809265137,15.199999809265137,100
2023-08-08,14.45128059387207,15.199999809265137,15.199999809265137,15.199999809265137,15.199999809265137,0
2023-08-09,14.45128059387207,15.199999809265137,15.199999809265137,15.199999809265137,15.199999809265137,0
2023-08-10,14.45128059387207,15.199999809265137,15.199999809265137,15.199999809265137,15.199999809265137,100
2023-08-11,14.242117881774902,14.979999542236328,15.5,14.979999542236328,15.5,1300
2023-08-14,14.242117881774902,14.979999542236328,14.979999542236328,14.979999542236328,14.979999542236328,0
2023-08-15,14.32768440246582,15.069999694824219,15.069999694824219,15.069999694824219,15.069999694824219,300
2023-08-16,14.32768440246582,15.069999694824219,15.069999694824219,15.069999694824219,15.069999694824219,700
2023-08-17,14.318178176879883,15.0600004196167,15.0600004196167,15.0600004196167,15.0600004196167,600
2023-08-18,15.687246322631836,16.5,16.5,15.180000305175781,15.180000305175781,5000
2023-08-21,15.173845291137695,15.960000038146973,16.489999771118164,15.399999618530273,15.550000190734863,3400
2023-08-22,14.850593566894531,15.619999885559082,15.84000015258789,15.619999885559082,15.819999694824219,1400
2023-08-23,13.861821174621582,14.579999923706055,15.65999984741211,14.579999923706055,15.65999984741211,2200
2023-08-24,14.536848068237305,15.289999961853027,15.289999961853027,15.140000343322754,15.15999984741211,1900
2023-08-25,14.536848068237305,15.289999961853027,15.289999961853027,15.289999961853027,15.289999961853027,0
2023-08-28,14.536848068237305,15.289999961853027,15.289999961853027,15.289999961853027,15.289999961853027,0
2023-08-29,14.536848068237305,15.289999961853027,15.289999961853027,15.289999961853027,15.289999961853027,100
2023-08-30,14.536848068237305,15.289999961853027,15.289999961853027,15.289999961853027,15.289999961853027,100
2023-08-31,14.270639419555664,15.010000228881836,15.010000228881836,15.010000228881836,15.010000228881836,700
2023-09-01,13.928372383117676,14.649999618530273,14.649999618530273,14.649999618530273,14.649999618530273,200
2023-09-05,14.032955169677734,14.760000228881836,14.760000228881836,14.760000228881836,14.760000228881836,400
2023-09-06,13.890342712402344,14.609999656677246,14.850000381469727,14.609999656677246,14.850000381469727,800
2023-09-07,14.261134147644043,15.0,15.0,15.0,15.0,400
2023-09-08,14.479803085327148,15.229999542236328,15.229999542236328,15.229999542236328,15.229999542236328,400
2023-09-11,14.46078872680664,15.210000038146973,15.210000038146973,15.210000038146973,15.210000038146973,600
2023-09-12,14.479803085327148,15.229999542236328,15.229999542236328,15.1899995803833,15.1899995803833,800
2023-09-13,14.080492973327637,14.8100004196167,15.220000267028809,14.8100004196167,15.220000267028809,700
2023-09-14,14.080492973327637,14.8100004196167,14.8100004196167,14.8100004196167,14.8100004196167,0
2023-09-15,13.899850845336914,14.619999885559082,14.65999984741211,14.619999885559082,14.630000114440918,2600
2023-09-18,13.899850845336914,14.619999885559082,14.619999885559082,14.619999885559082,14.619999885559082,0
2023-09-19,13.899850845336914,14.619999885559082,14.699999809265137,14.619999885559082,14.699999809265137,1100
2023-09-20,13.899850845336914,14.619999885559082,14.619999885559082,14.619999885559082,14.619999885559082,100
2023-09-21,13.899850845336914,14.619999885559082,14.619999885559082,14.619999885559082,14.619999885559082,0
2023-09-22,13.785762786865234,14.5,14.600000381469727,14.5,14.600000381469727,300
2023-09-25,13.785762786865234,14.5,14.5,14.5,14.5,0
2023-09-26,13.785762786865234,14.5,14.5,14.5,14.5,0
2023-09-27,13.785762786865234,14.5,14.5,14.5,14.5,0
2023-09-28,13.785762786865234,14.5,14.5,14.5,14.5,0
2023-09-29,13.785762786865234,14.5,14.5,14.5,14.5,0
2023-10-02,13.424479484558105,14.119999885559082,14.119999885559082,14.119999885559082,14.119999885559082,200
2023-10-03,13.529061317443848,14.229999542236328,14.229999542236328,14.229999542236328,14.229999542236328,200
2023-10-04,13.18679428100586,13.869999885559082,13.869999885559082,13.869999885559082,13.869999885559082,400
2023-10-05,13.243839263916016,13.930000305175781,13.930000305175781,13.890000343322754,13.890000343322754,1000
2023-10-06,13.243839263916016,13.930000305175781,13.930000305175781,13.930000305175781,13.930000305175781,0
2023-10-09,13.243839263916016,13.930000305175781,13.930000305175781,13.930000305175781,13.930000305175781,300
2023-10-10,13.234330177307129,13.920000076293945,13.920000076293945,13.920000076293945,13.920000076293945,500
2023-10-11,12.892064094543457,13.5600004196167,13.609999656677246,13.5600004196167,13.5600004196167,9100
2023-10-12,12.892064094543457,13.5600004196167,13.5600004196167,13.5600004196167,13.5600004196167,0
2023-10-13,12.892064094543457,13.5600004196167,13.5600004196167,13.5600004196167,13.5600004196167,200
2023-10-16,11.44693660736084,12.039999961853027,13.210000038146973,12.039999961853027,13.210000038146973,4500
2023-10-17,12.245559692382812,12.880000114440918,13.520000457763672,12.859999656677246,13.520000457763672,1100
2023-10-18,12.245559692382812,12.880000114440918,12.880000114440918,12.880000114440918,12.880000114440918,0
2023-10-19,11.88427734375,12.5,12.5,12.5,12.5,300
2023-10-20,11.88427734375,12.5,12.5,12.5,12.5,0
2023-10-23,11.88427734375,12.5,12.5,12.5,12.5,500
2023-10-24,11.88427734375,12.5,12.5,12.5,12.5,0
2023-10-25,11.88427734375,12.5,12.5,12.199999809265137,12.199999809265137,400
2023-10-26,12.131470680236816,12.760000228881836,13.550000190734863,12.760000228881836,13.529999732971191,1200
2023-10-27,13.010005950927734,13.550000190734863,13.550000190734863,13.300000190734863,13.300000190734863,2000
2023-10-30,11.781017303466797,12.270000457763672,13.550000190734863,12.270000457763672,13.550000190734863,1800
2023-10-31,11.58898639678955,12.069999694824219,12.130000114440918,12.069999694824219,12.130000114440918,500
2023-11-01,11.58898639678955,12.069999694824219,12.069999694824219,12.069999694824219,12.069999694824219,0
2023-11-02,11.58898639678955,12.069999694824219,12.069999694824219,12.069999694824219,12.069999694824219,0
2023-11-03,11.685002326965332,12.170000076293945,12.170000076293945,12.170000076293945,12.170000076293945,15100
2023-11-06,12.155474662780762,12.65999984741211,13.5,12.430000305175781,12.430000305175781,2800
2023-11-07,12.155474662780762,12.65999984741211,12.65999984741211,12.65999984741211,12.65999984741211,0
2023-11-08,12.155474662780762,12.65999984741211,12.65999984741211,12.65999984741211,12.65999984741211,0
2023-11-09,12.155474662780762,12.65999984741211,12.65999984741211,12.65999984741211,12.65999984741211,0
2023-11-10,12.587539672851562,13.109999656677246,13.5,12.859999656677246,12.859999656677246,2900
2023-11-13,12.865983963012695,13.399999618530273,13.399999618530273,13.399999618530273,13.399999618530273,200
2023-11-14,12.443519592285156,12.960000038146973,13.489999771118164,12.960000038146973,13.489999771118164,600
2023-11-15,12.433917045593262,12.949999809265137,12.949999809265137,12.949999809265137,12.949999809265137,1100
2023-11-16,12.721961975097656,13.25,13.25,13.25,13.25,800
2023-11-17,12.721961975097656,13.25,13.25,13.25,13.25,0
2023-11-20,12.721961975097656,13.25,13.25,13.25,13.25,0
2023-11-21,12.721961975097656,13.25,13.25,13.25,13.25,0
2023-11-22,12.721961975097656,13.25,13.25,13.25,13.25,300
2023-11-24,12.721961975097656,13.25,13.25,13.25,13.25,0
2023-11-27,12.21308422088623,12.720000267028809,13.239999771118164,12.720000267028809,13.239999771118164,1100
2023-11-28,12.481924057006836,13.0,13.039999961853027,13.0,13.039999961853027,600
2023-11-29,12.481924057006836,13.0,13.0,13.0,13.0,0
2023-11-30,12.481924057006836,13.0,13.0,13.0,13.0,100
2023-12-01,12.405113220214844,12.920000076293945,12.930000305175781,12.75,12.930000305175781,600
2023-12-04,12.424314498901367,12.9399995803833,12.9399995803833,12.770000457763672,12.770000457763672,800
2023-12-05,12.424314498901367,12.9399995803833,12.9399995803833,12.9399995803833,12.9399995803833,0
2023-12-06,12.424314498901367,12.9399995803833,12.9399995803833,12.9399995803833,12.9399995803833,0
2023-12-07,12.433917045593262,12.949999809265137,12.949999809265137,12.899999618530273,12.899999618530273,400
2023-12-08,12.433917045593262,12.949999809265137,12.949999809265137,12.949999809265137,12.949999809265137,0
2023-12-11,12.433917045593262,12.949999809265137,12.949999809265137,12.949999809265137,12.949999809265137,0
2023-12-12,12.155474662780762,12.65999984741211,12.65999984741211,12.65999984741211,12.65999984741211,500
2023-12-13,11.685002326965332,12.170000076293945,12.5600004196167,12.170000076293945,12.5600004196167,7600
2023-12-14,11.685002326965332,12.170000076293945,12.170000076293945,12.170000076293945,12.170000076293945,0
2023-12-15,13.97015380859375,14.550000190734863,15.229999542236328,12.75,12.800000190734863,7600
2023-12-18,13.614899635314941,14.180000305175781,14.180000305175781,14.180000305175781,14.180000305175781,300
2023-12-19,14.315807342529297,14.90999984741211,15.8100004196167,14.90999984741211,15.229999542236328,2300
2023-12-20,14.354212760925293,14.949999809265137,14.949999809265137,14.350000381469727,14.350000381469727,300
2023-12-21,13.768523216247559,14.34000015258789,15.300000190734863,14.34000015258789,15.300000190734863,1000
2023-12-22,13.768523216247559,14.34000015258789,14.34000015258789,14.34000015258789,14.34000015258789,0
2023-12-26,13.768523216247559,14.34000015258789,14.34000015258789,14.34000015258789,14.34000015258789,0
2023-12-27,13.768523216247559,14.34000015258789,14.34000015258789,14.34000015258789,14.34000015258789,0
2023-12-28,13.768523216247559,14.34000015258789,14.34000015258789,14.34000015258789,14.34000015258789,0
2023-12-29,13.768523216247559,14.34000015258789,14.34000015258789,14.34000015258789,14.34000015258789,0
2024-01-02,14.162184715270996,14.75,14.800000190734863,14.75,14.800000190734863,1000
2024-01-03,14.162184715270996,14.75,14.75,14.699999809265137,14.75,1400
2024-01-04,13.931748390197754,14.510000228881836,14.699999809265137,14.510000228881836,14.699999809265137,800
2024-01-05,13.480478286743164,14.039999961853027,14.039999961853027,14.039999961853027,14.039999961853027,300
2024-01-08,13.547689437866211,14.109999656677246,14.130000114440918,14.100000381469727,14.100000381469727,600
2024-01-09,13.97015380859375,14.550000190734863,14.550000190734863,14.170000076293945,14.170000076293945,800
2024-01-10,13.442072868347168,14.0,14.0,14.0,14.0,300
2024-01-11,13.451674461364746,14.010000228881836,14.010000228881836,14.010000228881836,14.010000228881836,300
2024-01-12,13.451674461364746,14.010000228881836,14.010000228881836,14.010000228881836,14.010000228881836,0
2024-01-16,13.43247127532959,13.989999771118164,13.989999771118164,13.979999542236328,13.979999542236328,300
2024-01-17,13.480478286743164,14.039999961853027,14.34000015258789,14.0,14.029999732971191,600
2024-01-18,13.480478286743164,14.039999961853027,14.039999961853027,14.039999961853027,14.039999961853027,0
2024-01-19,13.480478286743164,14.039999961853027,14.039999961853027,14.039999961853027,14.039999961853027,0
2024-01-22,13.84533405303955,14.420000076293945,14.420000076293945,14.420000076293945,14.420000076293945,600
2024-01-23,13.84533405303955,14.420000076293945,14.420000076293945,14.420000076293945,14.420000076293945,300
2024-01-24,13.230840682983398,13.779999732971191,14.600000381469727,13.779999732971191,14.5,1600
2024-01-25,13.230840682983398,13.779999732971191,13.779999732971191,13.779999732971191,13.779999732971191,0
2024-01-26,13.264752388000488,13.6899995803833,13.800000190734863,13.5,13.6899995803833,2700
2024-01-29,13.264752388000488,13.6899995803833,13.6899995803833,13.6899995803833,13.6899995803833,0
2024-01-30,13.264752388000488,13.6899995803833,13.6899995803833,13.6899995803833,13.6899995803833,0
2024-01-31,13.264752388000488,13.6899995803833,14.140000343322754,13.59000015258789,13.59000015258789,3200
2024-02-01,13.225996017456055,13.649999618530273,13.699999809265137,13.649999618530273,13.699999809265137,1300
2024-02-02,13.06127643585205,13.479999542236328,14.020000457763672,13.479999542236328,13.510000228881836,4300
2024-02-05,13.06127643585205,13.479999542236328,13.479999542236328,13.300000190734863,13.479999542236328,5000
2024-02-06,13.090344429016113,13.510000228881836,13.529999732971191,13.510000228881836,13.529999732971191,700
2024-02-07,13.022518157958984,13.4399995803833,13.5,13.399999618530273,13.470000267028809,4000
2024-02-08,12.799662590026855,13.210000038146973,13.210000038146973,13.210000038146973,13.210000038146973,700
2024-02-09,12.92562484741211,13.34000015258789,13.4399995803833,13.34000015258789,13.4399995803833,1500
2024-02-12,12.760905265808105,13.170000076293945,13.329999923706055,13.149999618530273,13.3100004196167,7800
2024-02-13,12.857799530029297,13.270000457763672,13.270000457763672,13.270000457763672,13.270000457763672,500
2024-02-14,12.722147941589355,13.130000114440918,13.229999542236328,13.130000114440918,13.229999542236328,1700
2024-02-15,12.49929141998291,12.899999618530273,13.0,12.760000228881836,12.760000228881836,700
2024-02-16,13.022518157958984,13.4399995803833,13.489999771118164,12.899999618530273,12.899999618530273,8000
2024-02-20,12.518671035766602,12.920000076293945,13.59000015258789,12.920000076293945,13.59000015258789,500
2024-02-21,12.518671035766602,12.920000076293945,12.920000076293945,12.920000076293945,12.920000076293945,0
2024-02-22,12.838420867919922,13.25,13.25,13.25,13.25,300
2024-02-23,12.53804874420166,12.9399995803833,13.0,12.720000267028809,12.8100004196167,3700
2024-02-26,12.596185684204102,13.0,13.0,13.0,13.0,400
2024-02-27,12.237679481506348,12.630000114440918,13.699999809265137,12.630000114440918,13.699999809265137,3200
2024-02-28,12.315194129943848,12.710000038146973,12.760000228881836,12.5,12.760000228881836,2200
2024-02-29,12.315194129943848,12.710000038146973,12.710000038146973,12.710000038146973,12.710000038146973,0
2024-03-01,12.353951454162598,12.75,12.75,12.75,12.75,300
2024-03-04,12.353951454162598,12.75,12.75,12.75,12.75,200
2024-03-05,12.353951454162598,12.75,12.75,12.75,12.75,0
2024-03-06,12.954692840576172,13.369999885559082,13.369999885559082,12.960000038146973,12.960000038146973,600
2024-03-07,12.121406555175781,12.510000228881836,12.75,12.510000228881836,12.75,400
2024-03-08,12.596185684204102,13.0,13.0,13.0,13.0,800
2024-03-11,12.508981704711914,12.90999984741211,12.90999984741211,12.90999984741211,12.90999984741211,700
2024-03-12,12.508981704711914,12.90999984741211,12.90999984741211,12.699999809265137,12.90999984741211,900
2024-03-13,12.508981704711914,12.90999984741211,12.90999984741211,12.90999984741211,12.90999984741211,0
2024-03-14,12.237679481506348,12.630000114440918,13.0,12.630000114440918,13.0,800
2024-03-15,11.888862609863281,12.270000457763672,12.930000305175781,12.270000457763672,12.920000076293945,6200
2024-03-18,11.646627426147461,12.020000457763672,12.300000190734863,12.020000457763672,12.300000190734863,3800
2024-03-19,11.656316757202148,12.029999732971191,12.680000305175781,12.029999732971191,12.680000305175781,800
2024-03-20,11.63693904876709,12.010000228881836,12.369999885559082,12.010000228881836,12.369999885559082,2900
2024-03-21,11.501287460327148,11.869999885559082,12.199999809265137,11.869999885559082,12.199999809265137,2500
2024-03-22,11.588491439819336,11.960000038146973,12.149999618530273,11.829999923706055,12.020000457763672,4000
2024-03-25,12.46053409576416,12.859999656677246,12.859999656677246,12.859999656677246,12.859999656677246,1000
2024-03-26,12.46053409576416,12.859999656677246,12.859999656677246,12.859999656677246,12.859999656677246,0
2024-03-27,12.46053409576416,12.859999656677246,12.859999656677246,12.859999656677246,12.859999656677246,0
2024-03-28,12.46053409576416,12.859999656677246,12.859999656677246,12.859999656677246,12.859999656677246,0
2024-04-01,11.966376304626465,12.350000381469727,12.779999732971191,11.539999961853027,11.539999961853027,3200
2024-04-02,11.917930603027344,12.300000190734863,12.359999656677246,11.989999771118164,12.359999656677246,2800
2024-04-03,12.014822959899902,12.399999618530273,12.399999618530273,12.399999618530273,12.399999618530273,300
2024-04-04,12.218299865722656,12.609999656677246,12.609999656677246,12.609999656677246,12.609999656677246,100
2024-04-05,12.218299865722656,12.609999656677246,12.609999656677246,12.609999656677246,12.609999656677246,0
2024-04-08,11.821036338806152,12.199999809265137,12.260000228881836,12.069999694824219,12.109999656677246,1500
2024-04-09,11.821036338806152,12.199999809265137,12.199999809265137,11.699999809265137,12.0,11100
2024-04-10,11.821036338806152,12.199999809265137,12.199999809265137,12.199999809265137,12.199999809265137,0
2024-04-11,11.821036338806152,12.199999809265137,12.199999809265137,12.199999809265137,12.199999809265137,100
2024-04-12,11.627248764038086,12.0,12.0,12.0,12.0,600
2024-04-15,11.540044784545898,11.90999984741211,11.90999984741211,11.90999984741211,11.90999984741211,400
2024-04-16,11.607869148254395,11.979999542236328,11.979999542236328,11.979999542236328,11.979999542236328,400
2024-04-17,11.627248764038086,12.0,12.0,11.970000267028809,11.970000267028809,800
2024-04-18,11.724143028259277,12.100000381469727,12.100000381469727,12.0,12.0,1900
2024-04-19,11.385014533996582,11.75,11.75,11.75,11.75,1100
2024-04-22,11.27843189239502,11.640000343322754,11.800000190734863,11.640000343322754,11.800000190734863,1000
2024-04-23,11.268742561340332,11.630000114440918,11.65999984741211,11.569999694824219,11.65999984741211,1000
2024-04-24,11.569111824035645,11.9399995803833,11.9399995803833,11.9399995803833,11.9399995803833,200
2024-04-25,11.520665168762207,11.890000343322754,11.930000305175781,11.890000343322754,11.930000305175781,400
2024-04-26,11.643070220947266,11.890000343322754,11.890000343322754,11.890000343322754,11.890000343322754,0
2024-04-29,11.01636028289795,11.25,11.649999618530273,11.25,11.649999618530273,1600
2024-04-30,11.359092712402344,11.600000381469727,11.600000381469727,11.25,11.25,900
2024-05-01,11.359092712402344,11.600000381469727,11.600000381469727,11.600000381469727,11.600000381469727,0
2024-05-02,11.359092712402344,11.600000381469727,11.600000381469727,11.600000381469727,11.600000381469727,0
2024-05-03,11.261168479919434,11.5,11.5,11.5,11.5,300
2024-05-06,11.349299430847168,11.59000015258789,12.140000343322754,11.59000015258789,12.079999923706055,500
2024-05-07,11.27096176147461,11.510000228881836,11.510000228881836,11.510000228881836,11.510000228881836,600
2024-05-08,11.505976676940918,11.75,11.75,11.75,11.75,300
2024-05-09,11.505976676940918,11.75,11.75,11.75,11.75,0
2024-05-10,11.398262023925781,11.640000343322754,12.369999885559082,11.529999732971191,11.539999961853027,38800
2024-05-13,11.16324520111084,11.399999618530273,12.079999923706055,11.130000114440918,11.630000114440918,27600
2024-05-14,10.379859924316406,10.600000381469727,11.970000267028809,10.600000381469727,11.640000343322754,6400
2024-05-15,10.419029235839844,10.640000343322754,10.8100004196167,10.619999885559082,10.640000343322754,3100
2024-05-16,10.879267692565918,11.109999656677246,11.25,11.0,11.0,3200
2024-05-17,11.01636028289795,11.25,11.25,11.1899995803833,11.1899995803833,1200
2024-05-20,10.99677562713623,11.229999542236328,11.529999732971191,11.050000190734863,11.529999732971191,1500
2024-05-21,10.771553039550781,11.0,11.0,11.0,11.0,300
2024-05-22,11.01636028289795,11.25,11.25,11.130000114440918,11.239999771118164,6900
2024-05-23,11.01636028289795,11.25,11.25,11.229999542236328,11.229999542236328,1300
2024-05-24,11.01636028289795,11.25,11.25,11.229999542236328,11.25,3000
2024-05-28,11.01636028289795,11.25,11.25,11.25,11.25,200
2024-05-29,11.006568908691406,11.239999771118164,11.239999771118164,11.239999771118164,11.239999771118164,1300
2024-05-30,11.133869171142578,11.369999885559082,11.369999885559082,11.199999809265137,11.220000267028809,11900
2024-05-31,11.359092712402344,11.600000381469727,11.640000343322754,11.430000305175781,11.4399995803833,11000
2024-06-03,11.359092712402344,11.600000381469727,11.600000381469727,11.600000381469727,11.600000381469727,600
2024-06-04,11.359092712402344,11.600000381469727,11.600000381469727,11.600000381469727,11.600000381469727,0
2024-06-05,10.928229331970215,11.15999984741211,11.600000381469727,11.15999984741211,11.600000381469727,600
2024-06-06,10.928229331970215,11.15999984741211,11.15999984741211,11.15999984741211,11.15999984741211,0
2024-06-07,11.290545463562012,11.529999732971191,11.600000381469727,11.390000343322754,11.390000343322754,18200
2024-06-10,11.349299430847168,11.59000015258789,11.59000015258789,11.59000015258789,11.59000015258789,600
2024-06-11,11.349299430847168,11.59000015258789,11.59000015258789,11.59000015258789,11.59000015258789,0
2024-06-12,10.908645629882812,11.140000343322754,11.170000076293945,11.140000343322754,11.170000076293945,800
2024-06-13,10.908645629882812,11.140000343322754,11.140000343322754,11.140000343322754,11.140000343322754,300
2024-06-14,11.065322875976562,11.300000190734863,11.300000190734863,11.300000190734863,11.300000190734863,500
2024-06-17,10.986983299255371,11.220000267028809,11.220000267028809,11.220000267028809,11.220000267028809,200
2024-06-18,11.026153564453125,11.260000228881836,11.279999732971191,11.260000228881836,11.279999732971191,700
2024-06-20,11.026153564453125,11.260000228881836,11.260000228881836,11.260000228881836,11.260000228881836,500
2024-06-21,11.388468742370605,11.630000114440918,11.630000114440918,11.430000305175781,11.430000305175781,11500
2024-06-24,11.388468742370605,11.630000114440918,11.630000114440918,11.630000114440918,11.630000114440918,0
2024-06-25,10.712798118591309,10.9399995803833,10.9399995803833,10.84000015258789,10.84000015258789,900
2024-06-26,10.771553039550781,11.0,11.069999694824219,11.0,11.069999694824219,4300
2024-06-27,11.231791496276855,11.470000267028809,11.470000267028809,11.0,11.0,500
2024-06-28,11.231791496276855,11.470000267028809,11.470000267028809,11.470000267028809,11.470000267028809,0
2024-07-01,11.251376152038574,11.489999771118164,11.489999771118164,11.25,11.25,4400
2024-07-02,10.94781494140625,11.180000305175781,11.390000343322754,11.15999984741211,11.390000343322754,900
2024-07-03,10.94781494140625,11.180000305175781,11.180000305175781,11.180000305175781,11.180000305175781,400
2024-07-05,10.94781494140625,11.180000305175781,11.180000305175781,11.180000305175781,11.180000305175781,300
2024-07-08,10.94781494140625,11.180000305175781,11.180000305175781,11.180000305175781,11.180000305175781,0
2024-07-09,10.830307960510254,11.0600004196167,11.0600004196167,11.0600004196167,11.0600004196167,200
2024-07-10,11.231791496276855,11.470000267028809,11.470000267028809,11.470000267028809,11.470000267028809,500
2024-07-11,11.231791496276855,11.470000267028809,11.470000267028809,11.470000267028809,11.470000267028809,100
2024-07-12,10.889060974121094,11.119999885559082,11.119999885559082,11.119999885559082,11.119999885559082,600
2024-07-15,10.898852348327637,11.130000114440918,11.130000114440918,11.130000114440918,11.130000114440918,300
2024-07-16,11.672446250915527,11.920000076293945,11.920000076293945,11.920000076293945,11.920000076293945,700
2024-07-17,11.026153564453125,11.260000228881836,11.260000228881836,11.260000228881836,11.260000228881836,1100
2024-07-18,11.026153564453125,11.260000228881836,11.260000228881836,11.260000228881836,11.260000228881836,0
2024-07-19,11.026153564453125,11.260000228881836,11.260000228881836,11.260000228881836,11.260000228881836,0
2024-07-22,11.4863920211792,11.729999542236328,11.729999542236328,11.600000381469727,11.600000381469727,500
2024-07-23,11.4863920211792,11.729999542236328,11.729999542236328,11.729999542236328,11.729999542236328,0
2024-07-24,11.545145988464355,11.789999961853027,11.789999961853027,11.789999961853027,11.789999961853027,800
2024-07-25,11.545145988464355,11.789999961853027,11.789999961853027,11.789999961853027,11.789999961853027,400
2024-07-26,11.701823234558105,11.949999809265137,11.949999809265137,11.949999809265137,11.949999809265137,1600
2024-07-29,12.083724021911621,12.34000015258789,13.359999656677246,12.34000015258789,13.359999656677246,600
2024-07-30,12.083724021911621,12.34000015258789,12.34000015258789,12.34000015258789,12.34000015258789,0
2024-07-31,12.005385398864746,12.260000228881836,12.260000228881836,12.010000228881836,12.010000228881836,900
2024-08-01,12.367701530456543,12.630000114440918,12.859999656677246,12.029999732971191,12.859999656677246,700
2024-08-02,12.083724021911621,12.34000015258789,12.420000076293945,12.199999809265137,12.199999809265137,600
2024-08-05,12.172792434692383,12.300000190734863,12.300000190734863,11.869999885559082,11.869999885559082,1000
2024-08-06,11.74724006652832,11.869999885559082,11.869999885559082,11.869999885559082,11.869999885559082,2300
2024-08-07,11.74724006652832,11.869999885559082,11.869999885559082,11.869999885559082,11.869999885559082,0
2024-08-08,11.984757423400879,12.109999656677246,12.109999656677246,11.920000076293945,11.920000076293945,700
2024-08-09,12.172792434692383,12.300000190734863,12.300000190734863,12.300000190734863,12.300000190734863,500
2024-08-12,13.588003158569336,13.729999542236328,13.729999542236328,13.729999542236328,13.729999542236328,600
2024-08-13,13.588003158569336,13.729999542236328,13.729999542236328,13.729999542236328,13.729999542236328,0
2024-08-14,13.588003158569336,13.729999542236328,13.729999542236328,13.729999542236328,13.729999542236328,900
2024-08-15,13.588003158569336,13.729999542236328,13.729999542236328,13.729999542236328,13.729999542236328,0
2024-08-16,13.063484191894531,13.199999809265137,13.489999771118164,12.8100004196167,12.8100004196167,3500
2024-08-19,13.053587913513184,13.1899995803833,13.1899995803833,13.100000381469727,13.1899995803833,2200
2024-08-20,12.538966178894043,12.670000076293945,12.800000190734863,12.109999656677246,12.3100004196167,4500
2024-08-21,12.60824203491211,12.739999771118164,13.15999984741211,12.300000190734863,12.34000015258789,7900
2024-08-22,13.014001846313477,13.149999618530273,13.1899995803833,12.229999542236328,12.229999542236328,1400
2024-08-23,12.974414825439453,13.109999656677246,13.109999656677246,13.109999656677246,13.109999656677246,200
2024-08-26,12.974414825439453,13.109999656677246,13.109999656677246,13.109999656677246,13.109999656677246,0
2024-08-27,12.974414825439453,13.109999656677246,13.109999656677246,13.109999656677246,13.109999656677246,0
2024-08-28,12.974414825439453,13.109999656677246,13.109999656677246,13.109999656677246,13.109999656677246,0
2024-08-29,12.974414825439453,13.109999656677246,13.109999656677246,13.109999656677246,13.109999656677246,0
2024-08-30,12.499380111694336,12.630000114440918,13.0,12.630000114440918,12.65999984741211,1300
2024-09-03,12.499380111694336,12.630000114440918,12.630000114440918,12.630000114440918,12.630000114440918,0
2024-09-04,12.499380111694336,12.630000114440918,12.630000114440918,12.630000114440918,12.630000114440918,0
2024-09-05,12.499380111694336,12.630000114440918,12.630000114440918,12.630000114440918,12.630000114440918,0
2024-09-06,12.499380111694336,12.630000114440918,12.630000114440918,12.630000114440918,12.630000114440918,0
2024-09-09,12.469690322875977,12.600000381469727,12.630000114440918,12.600000381469727,12.630000114440918,1600
2024-09-10,12.469690322875977,12.600000381469727,12.600000381469727,12.600000381469727,12.600000381469727,400
2024-09-11,12.796277046203613,12.930000305175781,12.930000305175781,12.119999885559082,12.119999885559082,900
2024-09-12,12.766587257385254,12.899999618530273,12.899999618530273,12.899999618530273,12.899999618530273,900
2024-09-13,12.32124137878418,12.449999809265137,12.449999809265137,12.40999984741211,12.40999984741211,1700
2024-09-16,12.449896812438965,12.579999923706055,12.600000381469727,12.470000267028809,12.470000267028809,1500
2024-09-17,12.568655967712402,12.699999809265137,12.699999809265137,12.680000305175781,12.680000305175781,1100
2024-09-18,12.43010425567627,12.5600004196167,12.880000114440918,12.5600004196167,12.880000114440918,2300
2024-09-19,13.350485801696777,13.489999771118164,13.489999771118164,12.600000381469727,12.600000381469727,600
2024-09-20,13.85521125793457,14.0,14.079999923706055,12.600000381469727,12.600000381469727,8000
2024-09-23,12.469690322875977,12.600000381469727,13.989999771118164,12.600000381469727,13.989999771118164,9400
2024-09-24,12.469690322875977,12.600000381469727,12.600000381469727,12.600000381469727,12.600000381469727,500
2024-09-25,12.469690322875977,12.600000381469727,12.600000381469727,12.600000381469727,12.600000381469727,0
2024-09-26,12.469690322875977,12.600000381469727,12.600000381469727,12.600000381469727,12.600000381469727,0
2024-09-27,12.469690322875977,12.600000381469727,12.600000381469727,12.600000381469727,12.600000381469727,0
2024-09-30,12.469690322875977,12.600000381469727,12.609999656677246,12.600000381469727,12.609999656677246,500
2024-10-01,12.4399995803833,12.569999694824219,12.569999694824219,12.569999694824219,12.569999694824219,1600
2024-10-02,12.845759391784668,12.979999542236328,13.300000190734863,12.890000343322754,12.979999542236328,2800
2024-10-03,11.994653701782227,12.119999885559082,12.119999885559082,12.119999885559082,12.119999885559082,1200
2024-10-04,11.994653701782227,12.119999885559082,12.119999885559082,12.119999885559082,12.119999885559082,400
2024-10-07,12.380620956420898,12.510000228881836,12.800000190734863,12.5,12.600000381469727,4400
2024-10-08,12.380620956420898,12.510000228881836,12.510000228881836,12.510000228881836,12.510000228881836,0
2024-10-09,12.380620956420898,12.510000228881836,12.510000228881836,12.34000015258789,12.34000015258789,1600
2024-10-10,12.271758079528809,12.399999618530273,12.399999618530273,12.359999656677246,12.359999656677246,900
2024-10-11,12.598344802856445,12.729999542236328,12.90999984741211,12.40999984741211,12.6899995803833,1600
2024-10-14,12.420207023620605,12.550000190734863,12.8100004196167,12.550000190734863,12.800000190734863,600
2024-10-15,12.568655967712402,12.699999809265137,13.930000305175781,12.5600004196167,12.5600004196167,10100
2024-10-16,12.568655967712402,12.699999809265137,12.699999809265137,12.699999809265137,12.699999809265137,0
2024-10-17,12.568655967712402,12.699999809265137,12.699999809265137,12.699999809265137,12.699999809265137,0
2024-10-18,12.57855224609375,12.710000038146973,12.710000038146973,12.710000038146973,12.710000038146973,500
2024-10-21,12.529068946838379,12.65999984741211,12.65999984741211,12.65999984741211,12.65999984741211,100
2024-10-22,12.529068946838379,12.65999984741211,12.65999984741211,12.65999984741211,12.65999984741211,0
2024-10-23,11.994653701782227,12.119999885559082,12.119999885559082,12.119999885559082,12.119999885559082,1000
2024-10-24,12.4399995803833,12.569999694824219,12.569999694824219,12.569999694824219,12.569999694824219,200
2024-10-25,12.4399995803833,12.569999694824219,12.569999694824219,12.569999694824219,12.569999694824219,0
2024-10-28,12.59000015258789,12.59000015258789,12.59000015258789,12.59000015258789,12.59000015258789,300
2024-10-29,12.59000015258789,12.59000015258789,12.59000015258789,12.59000015258789,12.59000015258789,0
2024-10-30,12.59000015258789,12.59000015258789,12.59000015258789,12.59000015258789,12.59000015258789,0
2024-10-31,12.59000015258789,12.59000015258789,12.59000015258789,12.59000015258789,12.59000015258789,0
2024-11-01,12.15999984741211,12.15999984741211,12.15999984741211,12.15999984741211,12.15999984741211,1000
2024-11-04,12.15999984741211,12.15999984741211,12.15999984741211,12.15999984741211,12.15999984741211,0
2024-11-05,12.550000190734863,12.550000190734863,12.890000343322754,12.550000190734863,12.550000190734863,11300
2024-11-06,12.479999542236328,12.479999542236328,12.479999542236328,12.479999542236328,12.479999542236328,1200
2024-11-07,11.75,11.75,12.199999809265137,11.75,12.199999809265137,16400
2024-11-08,12.640000343322754,12.640000343322754,13.460000038146973,12.149999618530273,12.149999618530273,2800
2024-11-11,12.569999694824219,12.569999694824219,12.569999694824219,12.140000343322754,12.180000305175781,1700
2024-11-12,12.569999694824219,12.569999694824219,12.569999694824219,12.569999694824219,12.569999694824219,0
2024-11-13,12.489999771118164,12.489999771118164,12.489999771118164,12.489999771118164,12.489999771118164,1100
2024-11-14,12.489999771118164,12.489999771118164,12.489999771118164,12.489999771118164,12.489999771118164,0
2024-11-15,12.270000457763672,12.270000457763672,12.270000457763672,12.270000457763672,12.270000457763672,2100
2024-11-18,12.270000457763672,12.270000457763672,12.300000190734863,12.270000457763672,12.300000190734863,500
2024-11-19,12.270000457763672,12.270000457763672,12.270000457763672,12.270000457763672,12.270000457763672,1000
2024-11-20,12.270000457763672,12.270000457763672,12.399999618530273,12.270000457763672,12.399999618530273,1500
2024-11-21,12.289999961853027,12.289999961853027,12.479999542236328,12.279999732971191,12.279999732971191,700
2024-11-22,12.399999618530273,12.399999618530273,13.0600004196167,12.279999732971191,12.279999732971191,13600
2024-11-25,12.359999656677246,12.359999656677246,12.800000190734863,12.300000190734863,12.369999885559082,6400
2024-11-26,12.350000381469727,12.350000381469727,12.399999618530273,12.350000381469727,12.399999618530273,700
2024-11-27,12.359999656677246,12.359999656677246,12.359999656677246,12.359999656677246,12.359999656677246,1000
2024-11-29,12.359999656677246,12.359999656677246,12.359999656677246,12.359999656677246,12.359999656677246,500
2024-12-02,12.279999732971191,12.279999732971191,12.859999656677246,12.279999732971191,12.859999656677246,12500
2024-12-03,12.300000190734863,12.300000190734863,12.5,12.300000190734863,12.5,1100
2024-12-04,12.5,12.5,12.5,12.300000190734863,12.300000190734863,2600
2024-12-05,12.5,12.5,12.5,12.5,12.5,0
2024-12-06,12.399999618530273,12.399999618530273,12.399999618530273,12.3100004196167,12.399999618530273,1100
