Date,Open,High,Low,Close,Adj Close,Volume
2017-05-12,21.25,21.299999237060547,20.270000457763672,21.100000381469727,21.017681121826172,10933700
2017-05-15,21.010000228881836,22.299999237060547,21.010000228881836,22.020000457763672,21.934093475341797,3487300
2017-05-16,22.190000534057617,22.40999984741211,22.049999237060547,22.100000381469727,22.013784408569336,1289300
2017-05-17,22.149999618530273,22.510000228881836,21.670000076293945,22.100000381469727,22.013784408569336,1583700
2017-05-18,22.190000534057617,23.6299991607666,21.979999542236328,22.5,22.412221908569336,4075200
2017-05-19,22.559999465942383,23.489999771118164,22.31999969482422,22.719999313354492,22.631366729736328,1248600
2017-05-22,22.799999237060547,23.09000015258789,22.520000457763672,22.889999389648438,22.80069923400879,383100
2017-05-23,22.989999771118164,23.610000610351562,22.649999618530273,23.450000762939453,23.358516693115234,704000
2017-05-24,23.540000915527344,23.593000411987305,23.010000228881836,23.350000381469727,23.258909225463867,408800
2017-05-25,23.420000076293945,23.81999969482422,22.309999465942383,22.510000228881836,22.422182083129883,1080700
2017-05-26,22.549999237060547,23.239999771118164,22.354999542236328,23.030000686645508,22.94015884399414,721100
2017-05-30,23.0,23.290000915527344,22.59000015258789,22.950000762939453,22.86046600341797,843100
2017-05-31,22.969999313354492,23.18000030517578,22.670000076293945,22.93000030517578,22.840545654296875,484400
2017-06-01,22.90999984741211,23.434999465942383,22.809999465942383,22.93000030517578,22.840545654296875,486400
2017-06-02,22.889999389648438,23.100000381469727,22.600000381469727,22.649999618530273,22.561635971069336,546600
2017-06-05,22.610000610351562,22.90999984741211,21.920000076293945,22.6299991607666,22.54171371459961,422200
2017-06-06,21.829999923706055,22.709999084472656,21.829999923706055,22.290000915527344,22.203041076660156,1089500
2017-06-07,22.399999618530273,22.790000915527344,21.56999969482422,21.760000228881836,21.67510986328125,733500
2017-06-08,21.75,21.93000030517578,21.610000610351562,21.649999618530273,21.565540313720703,432600
2017-06-09,21.68000030517578,22.81999969482422,21.68000030517578,22.489999771118164,22.402259826660156,565900
2017-06-12,22.459999084472656,23.579999923706055,21.889999389648438,23.030000686645508,22.94015884399414,826200
2017-06-13,22.989999771118164,24.239999771118164,22.799999237060547,23.489999771118164,23.398361206054688,927300
2017-06-14,23.56999969482422,23.709999084472656,22.549999237060547,23.25,23.1592960357666,1988500
2017-06-15,23.079999923706055,24.549999237060547,22.770000457763672,22.989999771118164,22.900314331054688,1510300
2017-06-16,23.0,24.0,23.0,23.920000076293945,23.826683044433594,2465600
2017-06-19,24.059999465942383,24.209999084472656,23.540000915527344,23.920000076293945,23.826683044433594,460200
2017-06-20,23.719999313354492,23.719999313354492,22.209999084472656,22.6200008392334,22.531761169433594,1043700
2017-06-21,22.540000915527344,22.7450008392334,20.6299991607666,20.719999313354492,20.63916778564453,1275400
2017-06-22,20.719999313354492,21.06999969482422,19.90999984741211,21.059999465942383,20.97783660888672,1321900
2017-06-23,21.030000686645508,21.104999542236328,20.239999771118164,20.469999313354492,20.3901424407959,3690400
2017-06-26,20.420000076293945,21.049999237060547,20.079999923706055,20.5,20.42002296447754,790800
2017-06-27,20.559999465942383,21.6299991607666,20.420000076293945,21.290000915527344,21.206941604614258,1029100
2017-06-28,21.280000686645508,21.639999389648438,21.139999389648438,21.270000457763672,21.187021255493164,737600
2017-06-29,21.329999923706055,21.540000915527344,21.040000915527344,21.43000030517578,21.346399307250977,796200
2017-06-30,21.540000915527344,21.739999771118164,21.239999771118164,21.610000610351562,21.525693893432617,250800
2017-07-03,21.75,22.399999618530273,21.389999389648438,22.34000015258789,22.25284767150879,396500
2017-07-05,22.3799991607666,22.40999984741211,21.760000228881836,21.81999969482422,21.734874725341797,765800
2017-07-06,21.610000610351562,21.610000610351562,20.895000457763672,20.969999313354492,20.888193130493164,1184400
2017-07-07,20.989999771118164,21.219999313354492,20.579999923706055,20.670000076293945,20.58936309814453,953900
2017-07-10,20.6299991607666,21.479999542236328,20.549999237060547,21.34000015258789,21.25674819946289,826900
2017-07-11,21.229999542236328,21.799999237060547,21.020000457763672,21.729999542236328,21.64522361755371,656100
2017-07-12,21.780000686645508,22.34000015258789,21.729999542236328,22.1299991607666,22.04366683959961,1091800
2017-07-13,22.110000610351562,22.260000228881836,21.860000610351562,22.059999465942383,21.973939895629883,1577700
2017-07-14,22.1299991607666,22.290000915527344,21.989999771118164,22.079999923706055,21.99385643005371,211300
2017-07-17,22.059999465942383,23.1200008392334,21.92300033569336,22.969999313354492,22.880390167236328,1357100
2017-07-18,22.829999923706055,23.209999084472656,22.809999465942383,23.040000915527344,22.950119018554688,962700
2017-07-19,23.030000686645508,23.420000076293945,23.0,23.420000076293945,23.328630447387695,742400
2017-07-20,23.40999984741211,23.6200008392334,23.0,23.549999237060547,23.4581241607666,454400
2017-07-21,23.440000534057617,23.690000534057617,22.81999969482422,23.010000228881836,22.92023277282715,1163200
2017-07-24,22.93000030517578,23.149999618530273,22.709999084472656,23.139999389648438,23.049724578857422,724400
2017-07-25,23.280000686645508,23.559999465942383,22.989999771118164,23.450000762939453,23.358516693115234,1832300
2017-07-26,23.600000381469727,23.600000381469727,22.639999389648438,22.81999969482422,22.730976104736328,781200
2017-07-27,22.809999465942383,23.25,22.7450008392334,23.229999542236328,23.13937759399414,314200
2017-07-28,23.079999923706055,23.219999313354492,22.8799991607666,23.09000015258789,22.999921798706055,260800
2017-07-31,23.229999542236328,23.229999542236328,22.90999984741211,22.959999084472656,22.87042808532715,536900
2017-08-01,23.0,23.0,22.389999389648438,22.5,22.412221908569336,998200
2017-08-02,22.5,23.1299991607666,22.5,23.020000457763672,22.930192947387695,1444100
2017-08-03,23.829999923706055,23.996999740600586,22.959999084472656,23.260000228881836,23.16925811767578,2650300
2017-08-04,23.459999084472656,24.079999923706055,23.290000915527344,24.06999969482422,23.97609519958496,809600
2017-08-07,24.09000015258789,24.34000015258789,23.739999771118164,24.040000915527344,23.946216583251953,1039100
2017-08-08,24.059999465942383,24.290000915527344,23.729999542236328,24.1299991607666,24.035865783691406,626700
2017-08-09,24.040000915527344,24.06399917602539,23.479999542236328,23.600000381469727,23.507936477661133,296800
2017-08-10,23.389999389648438,23.389999389648438,22.520000457763672,22.65999984741211,22.571598052978516,1247900
2017-08-11,22.280000686645508,22.90999984741211,22.280000686645508,22.68000030517578,22.591522216796875,605300
2017-08-14,22.889999389648438,23.190000534057617,22.15999984741211,22.59000015258789,22.50187110900879,970300
2017-08-15,22.690000534057617,22.799999237060547,22.549999237060547,22.690000534057617,22.601482391357422,1061900
2017-08-16,22.799999237060547,22.8700008392334,22.59000015258789,22.75,22.661245346069336,536300
2017-08-17,22.600000381469727,22.809999465942383,21.979999542236328,22.0,21.914175033569336,417900
2017-08-18,21.90999984741211,22.18000030517578,21.760000228881836,21.969999313354492,21.884292602539062,506400
2017-08-21,22.65999984741211,22.899999618530273,22.135000228881836,22.389999389648438,22.302650451660156,714000
2017-08-22,22.520000457763672,22.850000381469727,22.399999618530273,22.780000686645508,22.691129684448242,245100
2017-08-23,22.579999923706055,23.065000534057617,22.579999923706055,22.959999084472656,22.87042808532715,612400
2017-08-24,22.979999542236328,22.979999542236328,22.635000228881836,22.700000762939453,22.611440658569336,230300
2017-08-25,22.81999969482422,23.040000915527344,22.709999084472656,22.979999542236328,22.890348434448242,572300
2017-08-28,23.06999969482422,23.06999969482422,22.7450008392334,22.950000762939453,22.86046600341797,355200
2017-08-29,22.809999465942383,23.18000030517578,22.68000030517578,23.059999465942383,22.97003746032715,262200
2017-08-30,22.950000762939453,23.309999465942383,22.889999389648438,23.299999237060547,23.209102630615234,368500
2017-08-31,23.469999313354492,23.829999923706055,23.290000915527344,23.489999771118164,23.398361206054688,382200
2017-09-01,23.700000762939453,23.950000762939453,23.670000076293945,23.700000762939453,23.607542037963867,465500
2017-09-05,23.780000686645508,23.8700008392334,22.940000534057617,23.1200008392334,23.029802322387695,450300
2017-09-06,23.31999969482422,23.489999771118164,22.920000076293945,23.350000381469727,23.258909225463867,400600
2017-09-07,23.43000030517578,23.68000030517578,23.18000030517578,23.610000610351562,23.51789093017578,247300
2017-09-08,23.530000686645508,23.93000030517578,23.5,23.760000228881836,23.66731071472168,404100
2017-09-11,23.950000762939453,24.399999618530273,23.84000015258789,23.889999389648438,23.796796798706055,386700
2017-09-12,24.059999465942383,25.049999237060547,23.8700008392334,24.530000686645508,24.434307098388672,655500
2017-09-13,24.579999923706055,24.799999237060547,24.520000457763672,24.670000076293945,24.573759078979492,331100
2017-09-14,24.68000030517578,25.06999969482422,24.56999969482422,24.969999313354492,24.872583389282227,480400
2017-09-15,25.0,25.15999984741211,24.760000228881836,25.09000015258789,24.99211883544922,517200
2017-09-18,25.170000076293945,26.0,25.170000076293945,25.780000686645508,25.679424285888672,703900
2017-09-19,25.889999389648438,26.18000030517578,25.579999923706055,25.81999969482422,25.719270706176758,421300
2017-09-20,25.860000610351562,26.040000915527344,25.6299991607666,25.979999542236328,25.878644943237305,561000
2017-09-21,26.030000686645508,26.09000015258789,25.780000686645508,25.850000381469727,25.749155044555664,432800
2017-09-22,25.8799991607666,26.299999237060547,25.700000762939453,26.280000686645508,26.177478790283203,269600
2017-09-25,26.31999969482422,26.655000686645508,26.260000228881836,26.399999618530273,26.29701042175293,485600
2017-09-26,26.510000228881836,26.739999771118164,26.200000762939453,26.309999465942383,26.20735740661621,660800
2017-09-27,26.399999618530273,27.079999923706055,26.209999084472656,27.06999969482422,26.964393615722656,557800
2017-09-28,27.049999237060547,27.489999771118164,27.049999237060547,27.329999923706055,27.2233829498291,694400
2017-09-29,27.420000076293945,27.649999618530273,27.329999923706055,27.520000457763672,27.412641525268555,298400
2017-10-02,27.459999084472656,27.84000015258789,27.219999313354492,27.549999237060547,27.442520141601562,473700
2017-10-03,27.950000762939453,27.950000762939453,27.56999969482422,27.6299991607666,27.52220916748047,400200
2017-10-04,27.5,27.600000381469727,26.809999465942383,26.889999389648438,26.785097122192383,665700
2017-10-05,26.920000076293945,27.170000076293945,26.739999771118164,26.790000915527344,26.68549156188965,417900
2017-10-06,26.610000610351562,26.84000015258789,26.5,26.600000381469727,26.49622917175293,414100
2017-10-09,26.600000381469727,26.850000381469727,26.226999282836914,26.780000686645508,26.675527572631836,372900
2017-10-10,26.850000381469727,27.290000915527344,26.780000686645508,26.899999618530273,26.795055389404297,257500
2017-10-11,26.8799991607666,26.989999771118164,26.770000457763672,26.860000610351562,26.75521469116211,273900
2017-10-12,26.700000762939453,26.979999542236328,26.600000381469727,26.889999389648438,26.785097122192383,269600
2017-10-13,27.110000610351562,27.260000228881836,26.530000686645508,26.959999084472656,26.85482406616211,379600
2017-10-16,27.0,27.100000381469727,26.81999969482422,26.920000076293945,26.814977645874023,399200
2017-10-17,26.899999618530273,27.219999313354492,26.780000686645508,26.989999771118164,26.884706497192383,545300
2017-10-18,26.920000076293945,27.309999465942383,26.610000610351562,26.75,26.645641326904297,566400
2017-10-19,26.469999313354492,26.65999984741211,26.100000381469727,26.360000610351562,26.257165908813477,495500
2017-10-20,26.489999771118164,26.809999465942383,26.399999618530273,26.579999923706055,26.476308822631836,796300
2017-10-23,26.579999923706055,26.68000030517578,26.200000762939453,26.420000076293945,26.316932678222656,467500
2017-10-24,26.530000686645508,26.75,26.420000076293945,26.600000381469727,26.49622917175293,608200
2017-10-25,26.440000534057617,26.770000457763672,26.270000457763672,26.6200008392334,26.51614761352539,527600
2017-10-26,28.479999542236328,29.469999313354492,27.59000015258789,29.100000381469727,28.986473083496094,2409000
2017-10-27,30.059999465942383,30.65999984741211,29.149999618530273,30.420000076293945,30.30132293701172,1434000
2017-10-30,30.43000030517578,30.43000030517578,28.799999237060547,29.1200008392334,29.00640106201172,1344900
2017-10-31,29.1299991607666,29.510000228881836,28.799999237060547,28.850000381469727,28.737451553344727,647600
2017-11-01,29.15999984741211,29.200000762939453,28.8700008392334,28.940000534057617,28.827098846435547,837500
2017-11-02,28.889999389648438,29.489999771118164,28.829999923706055,29.309999465942383,29.195653915405273,738300
2017-11-03,29.360000610351562,29.360000610351562,28.18000030517578,28.579999923706055,28.468502044677734,924900
2017-11-06,28.549999237060547,28.549999237060547,27.93000030517578,27.959999084472656,27.85091781616211,659100
2017-11-07,28.049999237060547,28.209999084472656,27.799999237060547,28.0,27.89076805114746,568300
2017-11-08,28.0,28.579999923706055,27.850000381469727,28.06999969482422,27.960493087768555,838500
2017-11-09,27.8799991607666,28.209999084472656,27.399999618530273,28.139999389648438,28.030221939086914,1080000
2017-11-10,28.209999084472656,28.84000015258789,28.18000030517578,28.760000228881836,28.647798538208008,792600
2017-11-13,28.56999969482422,29.510000228881836,28.100000381469727,29.40999984741211,29.295269012451172,883300
2017-11-14,28.559999465942383,28.8799991607666,28.170000076293945,28.65999984741211,28.54819107055664,1090100
2017-11-15,28.290000915527344,28.690000534057617,27.530000686645508,27.540000915527344,27.432559967041016,870400
2017-11-16,27.8799991607666,29.110000610351562,27.610000610351562,28.889999389648438,28.77729034423828,7596800
2017-11-17,29.0,30.229999542236328,28.719999313354492,30.049999237060547,29.93276596069336,2588000
2017-11-20,30.209999084472656,30.940000534057617,29.809999465942383,30.56999969482422,30.450740814208984,2904300
2017-11-21,30.809999465942383,31.089000701904297,30.219999313354492,30.729999542236328,30.6101131439209,1687000
2017-11-22,31.049999237060547,31.8799991607666,30.80500030517578,30.979999542236328,30.859142303466797,1223000
2017-11-24,31.1299991607666,31.514999389648438,30.989999771118164,31.139999389648438,31.018518447875977,391800
2017-11-27,31.329999923706055,31.579999923706055,31.219999313354492,31.459999084472656,31.337265014648438,1307800
2017-11-28,31.59000015258789,31.700000762939453,31.1200008392334,31.229999542236328,31.108165740966797,965700
2017-11-29,31.110000610351562,31.579999923706055,31.030000686645508,31.149999618530273,31.028474807739258,892800
2017-11-30,31.440000534057617,32.5099983215332,31.389999389648438,32.40999984741211,32.28356170654297,2112800
2017-12-01,32.54999923706055,32.75,31.56999969482422,32.08000183105469,31.95484733581543,2144300
2017-12-04,32.439998626708984,32.75,31.270000457763672,31.450000762939453,31.32731056213379,785800
2017-12-05,31.579999923706055,31.75,31.100000381469727,31.15999984741211,31.03843879699707,630900
2017-12-06,31.020000457763672,31.549999237060547,31.000999450683594,31.469999313354492,31.34722900390625,463600
2017-12-07,31.65999984741211,32.22999954223633,31.639999389648438,32.18000030517578,32.05446243286133,845800
2017-12-08,32.400001525878906,32.5,31.8700008392334,32.33000183105469,32.203880310058594,637600
2017-12-11,32.349998474121094,32.5,31.959999084472656,32.029998779296875,31.905044555664062,331100
2017-12-12,32.04999923706055,32.215999603271484,31.65999984741211,31.68000030517578,31.55640983581543,435100
2017-12-13,31.729999542236328,31.940000534057617,31.610000610351562,31.829999923706055,31.70582389831543,1003100
2017-12-14,31.829999923706055,31.989999771118164,31.65999984741211,31.690000534057617,31.566375732421875,467500
2017-12-15,31.959999084472656,32.900001525878906,31.899999618530273,32.61000061035156,32.4827766418457,1606700
2017-12-18,32.79999923706055,33.56999969482422,32.79999923706055,33.380001068115234,33.249778747558594,947600
2017-12-19,33.369998931884766,33.619998931884766,33.15999984741211,33.290000915527344,33.16012954711914,977500
2017-12-20,33.400001525878906,34.150001525878906,33.040000915527344,34.0099983215332,33.877315521240234,645000
2017-12-21,34.11000061035156,34.560001373291016,33.862998962402344,34.43000030517578,34.295677185058594,333700
2017-12-22,34.43000030517578,34.625,34.02000045776367,34.20000076293945,34.06658172607422,323400
2017-12-26,34.439998626708984,34.439998626708984,33.810001373291016,34.029998779296875,33.89724349975586,148700
2017-12-27,34.08000183105469,34.31999969482422,33.97999954223633,34.11000061035156,33.97693634033203,311200
2017-12-28,34.2599983215332,34.2599983215332,33.630001068115234,33.970001220703125,33.83747863769531,282500
2017-12-29,34.11000061035156,34.439998626708984,33.91999816894531,33.93000030517578,33.79762649536133,442300
2018-01-02,34.189998626708984,34.27000045776367,33.40999984741211,33.709999084472656,33.578487396240234,814700
2018-01-03,33.709999084472656,34.06999969482422,33.52000045776367,33.90999984741211,33.777713775634766,806600
2018-01-04,34.06999969482422,34.61000061035156,34.0,34.06999969482422,33.93708419799805,488400
2018-01-05,33.75,34.790000915527344,33.75,34.54999923706055,34.41521072387695,416900
2018-01-08,34.63999938964844,35.15999984741211,34.5099983215332,34.90999984741211,34.773807525634766,573600
2018-01-09,35.09000015258789,35.40999984741211,34.959999084472656,35.09000015258789,34.95310592651367,418800
2018-01-10,34.959999084472656,35.29999923706055,34.290000915527344,34.45000076293945,34.31560134887695,424900
2018-01-11,34.70000076293945,34.93000030517578,34.564998626708984,34.88999938964844,34.753883361816406,248100
2018-01-12,35.0,35.040000915527344,34.54999923706055,34.560001373291016,34.425174713134766,542100
2018-01-16,34.79999923706055,36.08000183105469,34.79999923706055,35.099998474121094,34.96306610107422,974600
2018-01-17,35.36000061035156,35.65999984741211,34.86000061035156,34.959999084472656,34.82361602783203,868400
2018-01-18,34.95000076293945,35.290000915527344,34.599998474121094,35.20000076293945,35.06268310546875,443100
2018-01-19,35.0099983215332,35.95000076293945,35.0099983215332,35.91999816894531,35.779869079589844,518500
2018-01-22,35.900001525878906,36.2400016784668,35.630001068115234,36.189998626708984,36.04880905151367,660400
2018-01-23,37.59000015258789,38.0,36.369998931884766,36.689998626708984,36.54685974121094,927900
2018-01-24,36.83000183105469,36.999000549316406,36.18000030517578,36.27000045776367,36.128501892089844,435900
2018-01-25,36.40999984741211,36.4900016784668,35.52000045776367,35.939998626708984,35.7997932434082,660400
2018-01-26,36.20000076293945,36.349998474121094,35.75,36.279998779296875,36.13846206665039,229500
2018-01-29,36.119998931884766,36.41999816894531,35.81999969482422,36.2400016784668,36.0986213684082,414500
2018-01-30,36.150001525878906,36.150001525878906,34.45000076293945,35.470001220703125,35.331626892089844,795800
2018-01-31,35.75,35.790000915527344,34.505001068115234,34.58000183105469,34.445098876953125,756200
2018-02-01,35.099998474121094,35.27000045776367,33.970001220703125,35.040000915527344,34.90330123901367,680900
2018-02-02,34.619998931884766,34.63100051879883,34.029998779296875,34.16999816894531,34.03669738769531,637000
2018-02-05,33.83000183105469,34.880001068115234,32.56999969482422,33.5099983215332,33.379268646240234,827500
2018-02-06,32.88999938964844,33.81999969482422,32.619998931884766,33.38999938964844,33.25973129272461,633800
2018-02-07,33.27000045776367,33.869998931884766,32.77000045776367,32.810001373291016,32.682003021240234,790800
2018-02-08,32.7400016784668,33.06999969482422,31.549999237060547,31.56999969482422,31.446840286254883,873000
2018-02-09,31.969999313354492,32.18000030517578,30.469999313354492,31.75,31.626140594482422,1100500
2018-02-12,31.889999389648438,33.040000915527344,31.81999969482422,32.70000076293945,32.57243347167969,658100
2018-02-13,32.369998931884766,33.33000183105469,31.899999618530273,33.08000183105469,32.95095443725586,875300
2018-02-14,32.7599983215332,33.630001068115234,32.30099868774414,33.5099983215332,33.379268646240234,727700
2018-02-15,33.7400016784668,34.599998474121094,33.18000030517578,34.529998779296875,34.395301818847656,1298200
2018-02-16,34.5099983215332,34.5099983215332,31.969999313354492,32.849998474121094,32.72184371948242,2623800
2018-02-20,32.58000183105469,33.45000076293945,31.729999542236328,31.729999542236328,31.60621452331543,1042900
2018-02-21,31.75,32.349998474121094,30.979999542236328,31.780000686645508,31.65601921081543,1865800
2018-02-22,31.760000228881836,32.5099983215332,31.760000228881836,32.060001373291016,31.9349365234375,588500
2018-02-23,32.099998474121094,32.91999816894531,31.940000534057617,32.880001068115234,32.75173568725586,500700
2018-02-26,32.95000076293945,33.2400016784668,32.529998779296875,33.0,32.87126159667969,478600
2018-02-27,33.06999969482422,33.290000915527344,32.63999938964844,32.68000030517578,32.55251693725586,461600
2018-02-28,32.900001525878906,33.20500183105469,32.0099983215332,32.0099983215332,31.885116577148438,644900
2018-03-01,32.029998779296875,32.09000015258789,30.75,30.889999389648438,30.769487380981445,936600
2018-03-02,30.670000076293945,31.940000534057617,30.3700008392334,31.799999237060547,31.67594337463379,675200
2018-03-05,31.6200008392334,32.130001068115234,31.100000381469727,32.040000915527344,31.915008544921875,592500
2018-03-06,32.099998474121094,32.369998931884766,31.770000457763672,31.809999465942383,31.685901641845703,877300
2018-03-07,31.389999389648438,32.04499816894531,31.389999389648438,31.81999969482422,31.695858001708984,638800
2018-03-08,31.799999237060547,32.650001525878906,31.799999237060547,32.369998931884766,32.24372100830078,533300
2018-03-09,32.58000183105469,33.22999954223633,32.5099983215332,33.0,32.87126159667969,814800
2018-03-12,32.95000076293945,33.33000183105469,32.5,32.63999938964844,32.51266860961914,485300
2018-03-13,32.70000076293945,32.849998474121094,32.400001525878906,32.529998779296875,32.40309524536133,381100
2018-03-14,32.7599983215332,33.02000045776367,32.59000015258789,32.959999084472656,32.831417083740234,428900
2018-03-15,32.959999084472656,33.119998931884766,32.58000183105469,32.65999984741211,32.53258514404297,579400
2018-03-16,32.619998931884766,33.349998474121094,32.540000915527344,32.959999084472656,32.831417083740234,997400
2018-03-19,32.79999923706055,32.79999923706055,32.13999938964844,32.709999084472656,32.5823860168457,309100
2018-03-20,31.719999313354492,32.95000076293945,31.719999313354492,32.54999923706055,32.423011779785156,611000
2018-03-21,32.599998474121094,33.255001068115234,32.31999969482422,33.130001068115234,33.000755310058594,502800
2018-03-22,32.75,32.88999938964844,31.1299991607666,31.209999084472656,31.088241577148438,908000
2018-03-23,31.329999923706055,31.75,30.309999465942383,30.31999969482422,30.201711654663086,1004900
2018-03-26,30.760000228881836,30.764999389648438,29.979999542236328,30.729999542236328,30.6101131439209,674800
2018-03-27,30.739999771118164,31.270000457763672,30.1299991607666,30.399999618530273,30.281400680541992,489200
2018-03-28,30.649999618530273,31.2450008392334,29.93000030517578,30.049999237060547,29.93276596069336,739600
2018-03-29,30.110000610351562,31.010000228881836,29.959999084472656,30.68000030517578,30.56031036376953,665400
2018-04-02,30.3799991607666,30.424999237060547,28.969999313354492,29.1299991607666,29.016357421875,923000
2018-04-03,29.40999984741211,29.729999542236328,29.1200008392334,29.729999542236328,29.614015579223633,583600
2018-04-04,29.139999389648438,29.8799991607666,29.139999389648438,29.790000915527344,29.673786163330078,291900
2018-04-05,29.889999389648438,31.31999969482422,29.739999771118164,30.809999465942383,30.689804077148438,1149700
2018-04-06,30.420000076293945,30.493000030517578,29.360000610351562,29.829999923706055,29.7136287689209,847400
2018-04-09,30.219999313354492,30.40999984741211,29.360000610351562,29.360000610351562,29.245460510253906,459500
2018-04-10,29.829999923706055,30.959999084472656,29.549999237060547,30.889999389648438,30.769487380981445,738300
2018-04-11,30.510000228881836,31.299999237060547,30.260000228881836,31.0,30.87906265258789,733900
2018-04-12,31.100000381469727,31.69499969482422,30.920000076293945,31.549999237060547,31.426918029785156,644300
2018-04-13,31.670000076293945,31.93000030517578,31.329999923706055,31.6200008392334,31.496644973754883,469900
2018-04-16,32.0099983215332,32.310001373291016,31.55500030517578,32.040000915527344,31.915008544921875,685200
2018-04-17,32.15999984741211,32.439998626708984,32.11000061035156,32.290000915527344,32.16402816772461,408800
2018-04-18,32.45000076293945,32.970001220703125,32.15999984741211,32.66999816894531,32.54255294799805,557600
2018-04-19,32.5099983215332,32.84000015258789,32.20800018310547,32.529998779296875,32.40309524536133,409700
2018-04-20,32.59000015258789,32.7599983215332,31.90999984741211,32.16999816894531,32.044498443603516,477100
2018-04-23,31.56999969482422,32.279998779296875,31.520000457763672,31.780000686645508,31.65601921081543,492100
2018-04-24,32.09000015258789,32.39099884033203,30.950000762939453,31.229999542236328,31.108165740966797,1029300
2018-04-25,31.270000457763672,31.75,30.905000686645508,31.68000030517578,31.55640983581543,616500
2018-04-26,31.739999771118164,31.78499984741211,30.799999237060547,30.860000610351562,30.739612579345703,1026000
2018-04-27,32.70000076293945,33.15999984741211,31.639999389648438,31.84000015258789,31.71578598022461,3195500
2018-04-30,31.84000015258789,32.275001525878906,31.385000228881836,31.6299991607666,31.50660514831543,1283800
2018-05-01,30.3799991607666,31.475000381469727,30.1299991607666,31.15999984741211,31.03843879699707,1656600
2018-05-02,31.149999618530273,31.899999618530273,30.940000534057617,31.399999618530273,31.277502059936523,1200700
2018-05-03,31.350000381469727,32.29999923706055,31.0,31.68000030517578,31.55640983581543,12585800
2018-05-04,31.600000381469727,32.439998626708984,31.5,32.06999969482422,31.944887161254883,2271200
2018-05-07,32.22999954223633,32.970001220703125,31.959999084472656,32.04999923706055,31.924962997436523,3971800
2018-05-08,32.04999923706055,32.41999816894531,31.440000534057617,31.510000228881836,31.387075424194336,2357100
2018-05-09,31.81999969482422,32.310001373291016,31.5,32.04999923706055,31.924962997436523,2248000
2018-05-10,32.209999084472656,33.650001525878906,32.09000015258789,33.470001220703125,33.33942794799805,2354900
2018-05-11,33.470001220703125,33.7599983215332,33.060001373291016,33.439998626708984,33.30954360961914,1448400
2018-05-14,33.650001525878906,33.72999954223633,33.40999984741211,33.459999084472656,33.32946014404297,1517900
2018-05-15,33.2599983215332,33.849998474121094,33.13999938964844,33.630001068115234,33.49880599975586,1185200
2018-05-16,33.66999816894531,33.9900016784668,33.4900016784668,33.75,33.61833190917969,1358100
2018-05-17,33.689998626708984,34.75,33.5260009765625,34.29999923706055,34.16619110107422,1633500
2018-05-18,34.11000061035156,34.80500030517578,33.689998626708984,34.459999084472656,34.325565338134766,1356500
2018-05-21,34.689998626708984,35.27000045776367,34.38999938964844,34.41999816894531,34.28571701049805,759800
2018-05-22,34.40999984741211,35.279998779296875,34.12099838256836,34.40999984741211,34.275760650634766,1534900
2018-05-23,34.189998626708984,34.81999969482422,33.83000183105469,34.27000045776367,34.13630676269531,941000
2018-05-24,33.97999954223633,34.22999954223633,33.70000076293945,33.86000061035156,33.7279052734375,665400
2018-05-25,33.650001525878906,33.650001525878906,32.5099983215332,32.880001068115234,32.75173568725586,993000
2018-05-29,32.41999816894531,32.779998779296875,32.13999938964844,32.61000061035156,32.4827766418457,897400
2018-05-30,32.849998474121094,33.709999084472656,32.83000183105469,33.38999938964844,33.25973129272461,820900
2018-05-31,33.290000915527344,33.38999938964844,32.529998779296875,32.869998931884766,32.74176788330078,1066400
2018-06-01,33.0,33.415000915527344,32.290000915527344,32.34000015258789,32.213836669921875,672500
2018-06-04,32.4900016784668,32.630001068115234,32.209999084472656,32.5,32.37321090698242,975600
2018-06-05,32.4900016784668,32.619998931884766,31.479999542236328,32.380001068115234,32.25368118286133,1661000
2018-06-06,32.529998779296875,32.869998931884766,31.959999084472656,32.81999969482422,32.691959381103516,1053400
2018-06-07,32.97999954223633,33.47999954223633,32.810001373291016,33.11000061035156,32.98082733154297,858800
2018-06-08,33.0,33.060001373291016,31.760000228881836,31.84000015258789,31.71578598022461,1388100
2018-06-11,31.229999542236328,31.639999389648438,29.65399932861328,29.829999923706055,29.7136287689209,3923100
2018-06-12,29.8799991607666,30.43000030517578,29.110000610351562,29.450000762939453,29.335107803344727,2215200
2018-06-13,29.559999465942383,30.100000381469727,29.239999771118164,29.389999389648438,29.275341033935547,1699800
2018-06-14,29.799999237060547,30.290000915527344,29.540000915527344,30.059999465942383,29.942729949951172,1934900
2018-06-15,30.110000610351562,30.479999542236328,29.43000030517578,29.68000030517578,29.5642147064209,1388000
2018-06-18,29.3700008392334,30.06999969482422,29.299999237060547,29.979999542236328,29.863039016723633,1309500
2018-06-19,29.610000610351562,29.65999984741211,29.31999969482422,29.469999313354492,29.355031967163086,1129500
2018-06-20,29.65999984741211,29.757999420166016,28.204999923706055,28.239999771118164,28.12982940673828,2044200
2018-06-21,28.030000686645508,28.34000015258789,27.469999313354492,27.920000076293945,27.811079025268555,1984500
2018-06-22,28.600000381469727,29.299999237060547,28.364999771118164,28.829999923706055,28.717527389526367,3038700
2018-06-25,27.809999465942383,28.735000610351562,27.75,28.299999237060547,28.18959617614746,2100900
2018-06-26,28.31999969482422,29.229999542236328,28.31999969482422,29.030000686645508,28.916748046875,1953200
2018-06-27,29.209999084472656,29.809999465942383,28.979999542236328,29.260000228881836,29.145851135253906,1885700
2018-06-28,28.93000030517578,29.549999237060547,28.559999465942383,29.3700008392334,29.255422592163086,1634200
2018-06-29,29.399999618530273,30.229999542236328,29.329999923706055,29.389999389648438,29.275341033935547,2230500
2018-07-02,28.969999313354492,29.15999984741211,28.399999618530273,28.559999465942383,28.44858169555664,1625000
2018-07-03,28.760000228881836,28.90999984741211,28.510000228881836,28.729999542236328,28.617916107177734,592800
2018-07-05,28.950000762939453,29.065000534057617,28.540000915527344,28.790000915527344,28.677684783935547,1614100
2018-07-06,28.719999313354492,28.719999313354492,28.239999771118164,28.360000610351562,28.249359130859375,1053800
2018-07-09,28.3700008392334,29.559999465942383,28.360000610351562,29.520000457763672,29.40483856201172,2222200
2018-07-10,29.420000076293945,29.68000030517578,29.010000228881836,29.270000457763672,29.155811309814453,1211200
2018-07-11,28.899999618530273,29.0,28.6200008392334,28.829999923706055,28.717527389526367,1313900
2018-07-12,28.979999542236328,28.979999542236328,27.461000442504883,27.989999771118164,27.88080596923828,2447700
2018-07-13,28.049999237060547,28.75,28.010000228881836,28.18000030517578,28.070068359375,1189500
2018-07-16,27.920000076293945,28.510000228881836,27.90999984741211,28.110000610351562,28.000335693359375,1221800
2018-07-17,28.09000015258789,28.43000030517578,27.850000381469727,28.079999923706055,27.970455169677734,1281800
2018-07-18,28.09000015258789,28.18000030517578,27.670000076293945,27.799999237060547,27.691547393798828,897000
2018-07-19,27.579999923706055,28.190000534057617,27.469999313354492,28.190000534057617,28.080028533935547,507700
2018-07-20,28.040000915527344,28.200000762939453,27.81999969482422,27.829999923706055,27.721431732177734,647700
2018-07-23,27.81999969482422,27.829999923706055,27.149999618530273,27.15999984741211,27.05404281616211,706900
2018-07-24,27.290000915527344,27.329999923706055,26.639999389648438,26.690000534057617,26.585878372192383,1087500
2018-07-25,26.610000610351562,26.790000915527344,26.260000228881836,26.479999542236328,26.376697540283203,1570100
2018-07-26,26.520000457763672,27.149999618530273,26.469999313354492,26.6299991607666,26.526111602783203,2625600
2018-07-27,26.920000076293945,27.15999984741211,26.360000610351562,27.100000381469727,26.994277954101562,1992800
2018-07-30,27.290000915527344,28.049999237060547,27.290000915527344,27.31999969482422,27.213417053222656,2493500
2018-07-31,27.479999542236328,28.719999313354492,27.479999542236328,28.610000610351562,28.49838638305664,2492400
2018-08-01,28.610000610351562,28.7450008392334,27.3700008392334,27.670000076293945,27.56205177307129,2417400
2018-08-02,27.65999984741211,28.639999389648438,27.110000610351562,27.729999542236328,27.62181854248047,2705600
2018-08-03,28.0,28.709999084472656,27.860000610351562,28.469999313354492,28.358932495117188,1655700
2018-08-06,28.5,29.329999923706055,28.190000534057617,29.15999984741211,29.04624366760254,1427400
2018-08-07,29.459999084472656,29.84000015258789,29.190000534057617,29.489999771118164,29.374954223632812,881600
2018-08-08,29.469999313354492,29.600000381469727,29.100000381469727,29.280000686645508,29.165775299072266,870100
2018-08-09,29.209999084472656,29.65999984741211,28.709999084472656,28.770000457763672,28.65776252746582,1436700
2018-08-10,28.700000762939453,29.100000381469727,28.610000610351562,28.860000610351562,28.74741554260254,1093100
2018-08-13,28.799999237060547,28.950000762939453,28.3439998626709,28.489999771118164,28.378854751586914,583900
2018-08-14,28.59000015258789,28.75,28.139999389648438,28.18000030517578,28.070068359375,657300
2018-08-15,28.0,28.0,26.920000076293945,27.030000686645508,26.924551010131836,785800
2018-08-16,26.920000076293945,27.604999542236328,26.920000076293945,27.3700008392334,27.263225555419922,881800
2018-08-17,27.440000534057617,27.989999771118164,27.18000030517578,27.940000534057617,27.831003189086914,1229500
2018-08-20,28.149999618530273,28.59000015258789,28.0049991607666,28.309999465942383,28.199556350708008,849600
2018-08-21,28.329999923706055,28.59000015258789,28.020000457763672,28.219999313354492,28.109905242919922,483600
2018-08-22,28.170000076293945,28.270000457763672,27.780000686645508,27.950000762939453,27.840965270996094,965000
2018-08-23,27.93000030517578,27.959999084472656,27.290000915527344,27.34000015258789,27.233341217041016,739900
2018-08-24,27.3799991607666,27.670000076293945,27.25,27.510000228881836,27.402679443359375,1129000
2018-08-27,27.6200008392334,28.3799991607666,27.479999542236328,28.25,28.13979148864746,1200300
2018-08-28,28.25,28.579999923706055,28.09000015258789,28.270000457763672,28.159711837768555,822400
2018-08-29,28.40999984741211,28.860000610351562,28.299999237060547,28.760000228881836,28.647798538208008,777600
2018-08-30,28.700000762939453,28.860000610351562,27.940000534057617,28.079999923706055,27.970455169677734,631500
2018-08-31,27.979999542236328,28.18000030517578,27.809999465942383,27.959999084472656,27.85091781616211,453100
2018-09-04,27.959999084472656,27.959999084472656,27.280000686645508,27.350000381469727,27.243301391601562,609400
2018-09-05,27.219999313354492,27.389999389648438,26.81999969482422,26.989999771118164,26.884706497192383,1445300
2018-09-06,26.760000228881836,26.760000228881836,24.75,24.93000030517578,24.832744598388672,4134900
2018-09-07,24.59000015258789,25.299999237060547,24.350000381469727,24.979999542236328,24.882549285888672,2984600
2018-09-10,25.100000381469727,25.860000610351562,25.100000381469727,25.639999389648438,25.53997230529785,1543900
2018-09-11,25.559999465942383,26.329999923706055,25.270000457763672,26.18000030517578,26.07786750793457,1637200
2018-09-12,26.360000610351562,26.6200008392334,26.1200008392334,26.59000015258789,26.48626708984375,1961600
2018-09-13,26.739999771118164,28.28499984741211,26.739999771118164,27.84000015258789,27.73138999938965,3199200
2018-09-14,27.799999237060547,28.889999389648438,27.709999084472656,28.6200008392334,28.50834846496582,2025900
2018-09-17,28.729999542236328,29.610000610351562,28.610000610351562,28.719999313354492,28.60795783996582,1449900
2018-09-18,28.729999542236328,29.280000686645508,28.709999084472656,29.270000457763672,29.155811309814453,979600
2018-09-19,29.219999313354492,29.6299991607666,28.979999542236328,29.100000381469727,28.986473083496094,785700
2018-09-20,29.299999237060547,29.540000915527344,29.065000534057617,29.3799991607666,29.265378952026367,1086600
2018-09-21,29.479999542236328,29.565000534057617,29.149999618530273,29.3799991607666,29.265378952026367,3654800
2018-09-24,29.459999084472656,29.684999465942383,28.8799991607666,29.540000915527344,29.424758911132812,1476200
2018-09-25,29.68000030517578,29.690000534057617,29.040000915527344,29.1200008392334,29.00640106201172,1162500
2018-09-26,28.8799991607666,29.170000076293945,28.440000534057617,28.469999313354492,28.358932495117188,1365900
2018-09-27,29.059999465942383,29.059999465942383,27.739999771118164,28.040000915527344,27.93061065673828,1694000
2018-09-28,27.920000076293945,28.3700008392334,27.84000015258789,28.34000015258789,28.22943878173828,1010600
2018-10-01,28.489999771118164,28.610000610351562,27.959999084472656,28.010000228881836,27.900726318359375,1846300
2018-10-02,28.030000686645508,28.209999084472656,27.790000915527344,28.079999923706055,27.970455169677734,2083900
2018-10-03,28.25,28.28700065612793,27.920000076293945,28.0,27.89076805114746,2164400
2018-10-04,28.0,28.15999984741211,27.56999969482422,27.770000457763672,27.661663055419922,720100
2018-10-05,27.690000534057617,28.020000457763672,27.020000457763672,27.450000762939453,27.342914581298828,677600
2018-10-08,27.25,27.420000076293945,26.780000686645508,27.059999465942383,26.954435348510742,776700
2018-10-09,26.90999984741211,27.43000030517578,26.889999389648438,27.260000228881836,27.153657913208008,1381700
2018-10-10,27.329999923706055,27.329999923706055,26.139999389648438,26.190000534057617,26.087827682495117,1231200
2018-10-11,25.489999771118164,26.65999984741211,25.489999771118164,25.600000381469727,25.500131607055664,1182100
2018-10-12,26.670000076293945,26.670000076293945,25.350000381469727,25.760000228881836,25.65950584411621,1084400
2018-10-15,25.690000534057617,26.34000015258789,25.200000762939453,26.049999237060547,25.948373794555664,1411700
2018-10-16,26.260000228881836,27.190000534057617,26.1299991607666,27.149999618530273,27.044082641601562,801600
2018-10-17,26.969999313354492,27.030000686645508,26.309999465942383,26.889999389648438,26.785097122192383,811100
2018-10-18,26.260000228881836,26.790000915527344,25.834999084472656,26.030000686645508,25.928455352783203,929000
2018-10-19,26.049999237060547,26.149999618530273,25.360000610351562,25.5,25.400524139404297,1219800
2018-10-22,25.520000457763672,25.6299991607666,25.040000915527344,25.18000030517578,25.081768035888672,1517300
2018-10-23,24.600000381469727,25.219999313354492,24.184999465942383,24.920000076293945,24.822782516479492,1455600
2018-10-24,25.010000228881836,25.149999618530273,23.329999923706055,23.3700008392334,23.278827667236328,2160700
2018-10-25,23.649999618530273,24.8799991607666,23.489999771118164,24.559999465942383,24.46417999267578,2835900
2018-10-26,25.469999313354492,26.790000915527344,24.799999237060547,26.110000610351562,26.008142471313477,3224300
2018-10-29,26.579999923706055,26.950000762939453,25.209999084472656,25.579999923706055,25.480201721191406,1412500
2018-10-30,25.510000228881836,26.670000076293945,25.510000228881836,26.59000015258789,26.48626708984375,1086600
2018-10-31,27.25,27.600000381469727,26.940000534057617,27.059999465942383,26.954435348510742,1257900
2018-11-01,26.40999984741211,26.415000915527344,25.75,25.799999237060547,25.699344635009766,10006200
2018-11-02,25.989999771118164,26.360000610351562,25.799999237060547,25.850000381469727,25.749155044555664,2608500
2018-11-05,26.0,26.719999313354492,25.799999237060547,26.520000457763672,26.416542053222656,4353000
2018-11-06,26.489999771118164,27.5049991607666,26.209999084472656,27.389999389648438,27.28314208984375,1999400
2018-11-07,27.600000381469727,28.559999465942383,27.40999984741211,27.940000534057617,27.831003189086914,2013500
2018-11-08,27.65999984741211,28.25,27.0,27.110000610351562,27.00423812866211,3269700
2018-11-09,28.020000457763672,28.020000457763672,26.329999923706055,26.549999237060547,26.44641876220703,3314900
2018-11-12,26.610000610351562,26.809999465942383,26.18000030517578,26.309999465942383,26.20735740661621,1157400
2018-11-13,26.270000457763672,26.489999771118164,25.4950008392334,25.530000686645508,25.43039894104004,1295800
2018-11-14,25.719999313354492,25.790000915527344,25.0,25.219999313354492,25.121612548828125,1320600
2018-11-15,25.0,25.989999771118164,24.5,25.969999313354492,25.86868667602539,1383100
2018-11-16,25.959999084472656,26.020000457763672,25.43000030517578,25.489999771118164,25.39055633544922,933000
2018-11-19,25.270000457763672,25.295000076293945,24.424999237060547,24.440000534057617,24.344654083251953,1895700
2018-11-20,24.0,24.65999984741211,23.56999969482422,24.25,24.155397415161133,1062000
2018-11-21,24.600000381469727,25.170000076293945,24.533000946044922,24.75,24.6534481048584,953800
2018-11-23,24.299999237060547,24.459999084472656,24.09000015258789,24.18000030517578,24.085668563842773,253700
2018-11-26,24.479999542236328,25.280000686645508,24.450000762939453,24.959999084472656,24.862627029418945,1373100
2018-11-27,24.760000228881836,25.040000915527344,24.43000030517578,24.440000534057617,24.344654083251953,1250800
2018-11-28,24.469999313354492,25.510000228881836,24.46500015258789,25.34000015258789,25.241140365600586,1316000
2018-11-29,25.309999465942383,25.510000228881836,24.469999313354492,25.34000015258789,25.241140365600586,2197700
2018-11-30,25.200000762939453,25.610000610351562,24.68000030517578,24.75,24.6534481048584,1081900
2018-12-03,25.40999984741211,26.03499984741211,25.229999542236328,25.3700008392334,25.271026611328125,1090100
2018-12-04,25.260000228881836,25.3700008392334,23.15999984741211,23.280000686645508,23.189180374145508,1732900
2018-12-06,22.020000457763672,22.899999618530273,21.420000076293945,22.899999618530273,22.81066131591797,3272100
2018-12-07,23.040000915527344,23.700000762939453,22.200000762939453,22.299999237060547,22.213003158569336,1572900
2018-12-10,22.079999923706055,22.270000457763672,21.68000030517578,22.079999923706055,21.99385643005371,2086100
2018-12-11,22.5,22.610000610351562,21.520000457763672,21.579999923706055,21.495813369750977,1080300
2018-12-12,22.020000457763672,22.399999618530273,21.65999984741211,21.84000015258789,21.754796981811523,2509700
2018-12-13,21.93000030517578,22.25,21.030000686645508,21.350000381469727,21.266708374023438,1715200
2018-12-14,21.030000686645508,21.450000762939453,20.920000076293945,21.219999313354492,21.13722038269043,1356100
2018-12-17,20.969999313354492,21.170000076293945,20.260000228881836,20.5,20.42002296447754,1188700
2018-12-18,20.799999237060547,21.2450008392334,20.56999969482422,20.600000381469727,20.519638061523438,1623000
2018-12-19,20.0,20.739999771118164,19.520000457763672,19.729999542236328,19.653030395507812,1658500
2018-12-20,19.6200008392334,19.799999237060547,18.8799991607666,19.200000762939453,19.125097274780273,1294800
2018-12-21,19.260000228881836,20.100000381469727,19.219999313354492,19.860000610351562,19.78252410888672,3130600
2018-12-24,19.549999237060547,19.790000915527344,18.920000076293945,18.920000076293945,18.846189498901367,687800
2018-12-26,18.899999618530273,20.239999771118164,18.701000213623047,20.219999313354492,20.141115188598633,981500
2018-12-27,19.459999084472656,20.389999389648438,19.459999084472656,20.389999389648438,20.31045150756836,917300
2018-12-28,20.59000015258789,20.739999771118164,20.135000228881836,20.3799991607666,20.300491333007812,1394400
2018-12-31,20.56999969482422,20.64699935913086,20.09000015258789,20.450000762939453,20.37021827697754,907100
2019-01-02,20.020000457763672,21.020000457763672,19.700000762939453,21.0,20.918073654174805,1602200
2019-01-03,20.809999465942383,21.1200008392334,20.100000381469727,20.579999923706055,20.499713897705078,1246300
2019-01-04,21.0,21.260000228881836,20.6299991607666,20.940000534057617,20.858306884765625,2041900
2019-01-07,21.139999389648438,22.040000915527344,20.84000015258789,21.610000610351562,21.525693893432617,2296100
2019-01-08,21.940000534057617,22.34000015258789,21.56999969482422,21.860000610351562,21.77471923828125,1387600
2019-01-09,22.149999618530273,22.719999313354492,21.979999542236328,22.3799991607666,22.292694091796875,1224000
2019-01-10,22.100000381469727,22.584999084472656,22.020000457763672,22.489999771118164,22.402259826660156,1007700
2019-01-11,22.280000686645508,22.739999771118164,22.170000076293945,22.709999084472656,22.621400833129883,679600
2019-01-14,22.489999771118164,22.5,21.959999084472656,22.0,21.914175033569336,1200200
2019-01-15,22.100000381469727,22.290000915527344,21.760000228881836,21.920000076293945,21.834484100341797,1721100
2019-01-16,21.850000381469727,22.25,21.790000915527344,21.84000015258789,21.754796981811523,1185000
2019-01-17,21.700000762939453,22.334999084472656,21.670000076293945,22.229999542236328,22.14327621459961,840100
2019-01-18,22.420000076293945,23.260000228881836,22.139999389648438,23.219999313354492,23.129411697387695,2099500
2019-01-22,22.649999618530273,23.094999313354492,22.51799964904785,22.780000686645508,22.691129684448242,2240500
2019-01-23,22.899999618530273,23.15999984741211,22.170000076293945,22.43000030517578,22.34249496459961,1039900
2019-01-24,22.479999542236328,22.920000076293945,22.381000518798828,22.649999618530273,22.561635971069336,745100
2019-01-25,22.889999389648438,24.280000686645508,22.850000381469727,24.18000030517578,24.085668563842773,2219800
2019-01-28,23.829999923706055,24.05500030517578,23.520000457763672,23.969999313354492,23.876487731933594,1828500
2019-01-29,24.190000534057617,24.889999389648438,24.079999923706055,24.440000534057617,24.344654083251953,2079300
2019-01-30,24.84000015258789,24.979999542236328,24.25,24.6299991607666,24.533912658691406,1604100
2019-01-31,24.68000030517578,25.059999465942383,24.354999542236328,24.670000076293945,24.573759078979492,1637300
2019-02-01,24.790000915527344,25.059999465942383,24.375,24.790000915527344,24.693288803100586,1231200
2019-02-04,24.719999313354492,25.010000228881836,24.459999084472656,24.899999618530273,24.802860260009766,1009400
2019-02-05,24.899999618530273,25.219999313354492,24.84000015258789,25.040000915527344,24.942312240600586,953300
2019-02-06,24.950000762939453,25.350000381469727,24.8799991607666,25.149999618530273,25.0518856048584,1146600
2019-02-07,24.889999389648438,25.139999389648438,24.34000015258789,24.920000076293945,24.822782516479492,1801500
2019-02-08,24.739999771118164,24.790000915527344,23.950000762939453,24.3700008392334,24.27492904663086,1073400
2019-02-11,24.360000610351562,24.579999923706055,24.209999084472656,24.43000030517578,24.33469581604004,1284400
2019-02-12,24.770000457763672,25.010000228881836,24.600000381469727,24.6299991607666,24.533912658691406,1457100
2019-02-13,24.8700008392334,25.510000228881836,24.8700008392334,25.299999237060547,25.20130157470703,2274500
2019-02-14,25.18000030517578,25.690000534057617,25.100000381469727,25.360000610351562,25.261070251464844,1654300
2019-02-15,25.610000610351562,26.159000396728516,25.593000411987305,26.110000610351562,26.008142471313477,1428200
2019-02-19,25.950000762939453,26.985000610351562,25.100000381469727,25.920000076293945,25.81888198852539,2895800
2019-02-20,26.690000534057617,27.190000534057617,26.360000610351562,26.56999969482422,26.46634292602539,2435700
2019-02-21,26.649999618530273,27.1299991607666,26.530000686645508,27.049999237060547,26.944473266601562,1459000
2019-02-22,27.079999923706055,27.290000915527344,26.670000076293945,26.739999771118164,26.63568115234375,1350500
2019-02-25,26.84000015258789,27.149999618530273,26.729999542236328,27.059999465942383,26.954435348510742,1709700
2019-02-26,26.950000762939453,27.014999389648438,26.579999923706055,26.65999984741211,26.555992126464844,1396600
2019-02-27,26.65999984741211,26.850000381469727,26.43000030517578,26.649999618530273,26.546031951904297,973800
2019-02-28,26.610000610351562,26.93000030517578,26.290000915527344,26.850000381469727,26.745254516601562,1331300
2019-03-01,26.959999084472656,27.549999237060547,26.799999237060547,27.34000015258789,27.233341217041016,1068600
2019-03-04,27.459999084472656,27.6200008392334,26.8799991607666,26.979999542236328,26.874744415283203,1085700
2019-03-05,26.989999771118164,27.139999389648438,26.829999923706055,26.940000534057617,26.834901809692383,864700
2019-03-06,26.81999969482422,27.010000228881836,26.239999771118164,26.309999465942383,26.20735740661621,973000
2019-03-07,26.25,26.309999465942383,25.780000686645508,26.09000015258789,25.988218307495117,1670600
2019-03-08,25.540000915527344,26.2549991607666,25.540000915527344,26.200000762939453,26.097787857055664,1119300
2019-03-11,26.260000228881836,27.139999389648438,26.260000228881836,27.1200008392334,27.014198303222656,1513900
2019-03-12,27.149999618530273,27.239999771118164,26.899999618530273,27.059999465942383,26.954435348510742,1379400
2019-03-13,27.299999237060547,27.860000610351562,27.18000030517578,27.719999313354492,27.611858367919922,1656600
2019-03-14,27.59000015258789,27.8799991607666,26.84000015258789,27.0,26.89466667175293,1734300
2019-03-15,27.0,28.010000228881836,26.940000534057617,27.90999984741211,27.801118850708008,2031600
2019-03-18,28.0,28.260000228881836,27.600000381469727,28.200000762939453,28.08998680114746,1505900
2019-03-19,28.100000381469727,28.299999237060547,27.59000015258789,27.739999771118164,27.631778717041016,2120300
2019-03-20,27.56999969482422,28.15999984741211,27.299999237060547,27.81999969482422,27.711469650268555,1631000
2019-03-21,27.75,28.100000381469727,27.68000030517578,27.989999771118164,27.88080596923828,1205500
2019-03-22,27.84000015258789,27.84000015258789,26.65999984741211,26.760000228881836,26.655603408813477,1126800
2019-03-25,26.770000457763672,27.209999084472656,26.559999465942383,27.100000381469727,26.994277954101562,1198800
2019-03-26,27.3799991607666,27.614999771118164,27.079999923706055,27.329999923706055,27.2233829498291,859500
2019-03-27,27.260000228881836,27.5,26.84000015258789,27.049999237060547,26.944473266601562,1057500
2019-03-28,27.030000686645508,27.510000228881836,26.969999313354492,27.260000228881836,27.153657913208008,1026400
2019-03-29,27.5,27.889999389648438,27.469999313354492,27.809999465942383,27.701507568359375,1581300
2019-04-01,28.0,28.3700008392334,27.790000915527344,27.959999084472656,27.85091781616211,863900
2019-04-02,28.0,28.100000381469727,27.670000076293945,27.829999923706055,27.721431732177734,501100
2019-04-03,27.899999618530273,28.149999618530273,27.844999313354492,27.989999771118164,27.88080596923828,1215800
2019-04-04,27.959999084472656,28.18000030517578,27.950000762939453,28.040000915527344,27.93061065673828,553700
2019-04-05,28.200000762939453,28.260000228881836,28.040000915527344,28.260000228881836,28.149749755859375,804900
2019-04-08,28.1299991607666,28.3700008392334,27.940000534057617,28.329999923706055,28.2194766998291,634400
2019-04-09,28.149999618530273,28.149999618530273,27.719999313354492,27.84000015258789,27.73138999938965,899100
2019-04-10,27.959999084472656,28.15999984741211,27.725000381469727,28.010000228881836,27.900726318359375,633100
2019-04-11,28.0,28.299999237060547,27.899999618530273,28.239999771118164,28.12982940673828,937100
2019-04-12,28.5,28.5,27.549999237060547,27.729999542236328,27.62181854248047,1878200
2019-04-15,27.729999542236328,28.010000228881836,27.225000381469727,27.270000457763672,27.16361427307129,1444600
2019-04-16,27.540000915527344,27.760000228881836,27.360000610351562,27.420000076293945,27.313030242919922,1259200
2019-04-17,27.649999618530273,27.809999465942383,26.860000610351562,26.889999389648438,26.785097122192383,1152900
2019-04-18,27.0,27.209999084472656,26.770000457763672,27.079999923706055,26.974353790283203,1302600
2019-04-22,27.399999618530273,27.6299991607666,27.049999237060547,27.31999969482422,27.213417053222656,1219200
2019-04-23,27.31999969482422,27.954999923706055,27.290000915527344,27.799999237060547,27.691547393798828,1073200
2019-04-24,27.959999084472656,28.350000381469727,27.790000915527344,27.81999969482422,27.711469650268555,1470000
2019-04-25,27.219999313354492,27.90999984741211,27.219999313354492,27.780000686645508,27.67162322998047,1544000
2019-04-26,27.760000228881836,28.06999969482422,27.469999313354492,28.049999237060547,27.940570831298828,2633300
2019-04-29,31.0,33.16999816894531,31.0,32.54999923706055,32.423011779785156,9869800
2019-04-30,32.459999084472656,34.650001525878906,32.04999923706055,33.75,33.61833190917969,7293300
2019-05-01,33.869998931884766,34.90999984741211,33.779998779296875,34.61000061035156,34.47498321533203,4704000
2019-05-02,33.959999084472656,36.15999984741211,33.91999816894531,34.970001220703125,34.83357620239258,4847200
2019-05-03,35.13999938964844,35.43000030517578,34.47999954223633,34.70000076293945,34.564632415771484,2637600
2019-05-06,33.58000183105469,34.709999084472656,32.650001525878906,34.099998474121094,33.96696853637695,2183700
2019-05-07,33.5099983215332,34.119998931884766,33.209999084472656,33.9900016784668,33.85740280151367,1875300
2019-05-08,33.88999938964844,33.9900016784668,33.189998626708984,33.31999969482422,33.19001388549805,1438000
2019-05-09,33.040000915527344,33.81999969482422,32.54999923706055,33.43000030517578,33.299591064453125,2166400
2019-05-10,33.189998626708984,34.310001373291016,33.0,34.310001373291016,34.176151275634766,1306200
2019-05-13,33.459999084472656,33.849998474121094,33.290000915527344,33.779998779296875,33.648216247558594,1666500
2019-05-14,33.869998931884766,34.58000183105469,33.869998931884766,34.459999084472656,34.325565338134766,1693700
2019-05-15,34.08000183105469,35.59000015258789,33.724998474121094,35.2599983215332,35.122440338134766,2176400
2019-05-16,35.18000030517578,35.439998626708984,34.869998931884766,35.060001373291016,34.92322540283203,1766300
2019-05-17,34.72999954223633,35.72999954223633,34.584999084472656,34.72999954223633,34.594512939453125,2737600
2019-05-20,34.290000915527344,35.34000015258789,34.18000030517578,35.150001525878906,35.012874603271484,2102400
2019-05-21,35.2400016784668,36.11000061035156,35.20000076293945,35.88999938964844,35.74998474121094,1724500
2019-05-22,35.61000061035156,36.220001220703125,35.441001892089844,35.66999816894531,35.530845642089844,1741500
2019-05-23,35.290000915527344,35.29999923706055,34.38999938964844,34.900001525878906,34.763851165771484,1589600
2019-05-24,35.369998931884766,35.560001373291016,35.189998626708984,35.27000045776367,35.13240432739258,1278300
2019-05-28,35.279998779296875,35.59000015258789,35.11000061035156,35.29999923706055,35.16228485107422,915800
2019-05-29,35.13999938964844,35.2400016784668,34.7599983215332,34.939998626708984,34.80369567871094,1451600
2019-05-30,34.970001220703125,35.22999954223633,34.6349983215332,34.720001220703125,34.58456039428711,1268000
2019-05-31,34.130001068115234,34.58000183105469,33.58000183105469,33.970001220703125,33.83747863769531,1659700
2019-06-03,33.959999084472656,34.790000915527344,33.650001525878906,33.7599983215332,33.62828826904297,2627200
2019-06-04,34.33000183105469,34.4900016784668,33.93000030517578,34.189998626708984,34.05661392211914,1209000
2019-06-05,34.279998779296875,34.52000045776367,33.4900016784668,33.599998474121094,33.46892166137695,1733600
2019-06-06,33.470001220703125,33.814998626708984,33.02000045776367,33.79999923706055,33.66814041137695,1541400
2019-06-07,34.0,34.08000183105469,33.40999984741211,33.630001068115234,33.49880599975586,1039400
2019-06-10,33.77000045776367,34.310001373291016,33.650001525878906,34.040000915527344,33.90720748901367,822300
2019-06-11,34.34000015258789,34.56999969482422,33.720001220703125,33.75,33.61833190917969,1238800
2019-06-12,33.65999984741211,33.83000183105469,32.959999084472656,33.09000015258789,32.960906982421875,1105000
2019-06-13,33.13999938964844,33.5099983215332,33.13999938964844,33.47999954223633,33.34939193725586,821900
2019-06-14,33.56999969482422,33.56999969482422,32.869998931884766,33.41999816894531,33.28961944580078,789600
2019-06-17,33.43000030517578,33.755001068115234,33.29999923706055,33.59000015258789,33.458961486816406,922600
2019-06-18,33.81999969482422,34.68000030517578,33.61000061035156,34.59000015258789,34.455055236816406,1159900
2019-06-19,34.75,34.97999954223633,34.529998779296875,34.81999969482422,34.68416213989258,762300
2019-06-20,35.0,35.400001525878906,34.630001068115234,34.88999938964844,34.753883361816406,1491100
2019-06-21,34.790000915527344,34.790000915527344,34.0,34.099998474121094,33.96696853637695,1622100
2019-06-24,34.13999938964844,34.36000061035156,33.709999084472656,33.77000045776367,33.63825988769531,750500
2019-06-25,33.72999954223633,34.209999084472656,33.529998779296875,33.849998474121094,33.71794128417969,742900
2019-06-26,33.869998931884766,34.2400016784668,33.47999954223633,33.70000076293945,33.56852722167969,727200
2019-06-27,33.779998779296875,34.099998474121094,33.73500061035156,33.900001525878906,33.76774978637695,1081500
2019-06-28,34.02000045776367,34.720001220703125,33.90999984741211,34.599998474121094,34.465023040771484,1481600
2019-07-01,35.04999923706055,35.38600158691406,34.52000045776367,34.83000183105469,34.69411849975586,681100
2019-07-02,34.779998779296875,34.970001220703125,34.0,34.4900016784668,34.355445861816406,993100
2019-07-03,34.560001373291016,34.939998626708984,34.220001220703125,34.599998474121094,34.465023040771484,593300
2019-07-05,34.290000915527344,34.80500030517578,34.189998626708984,34.4900016784668,34.355445861816406,2283100
2019-07-08,34.45000076293945,35.0,33.790000915527344,34.099998474121094,33.96696853637695,965200
2019-07-09,33.7599983215332,34.11000061035156,32.9900016784668,33.04999923706055,32.92107009887695,1793600
2019-07-10,33.040000915527344,33.37799835205078,32.43000030517578,33.060001373291016,32.931026458740234,1624300
2019-07-11,32.9900016784668,33.25699996948242,31.860000610351562,32.290000915527344,32.16402816772461,3126100
2019-07-12,32.349998474121094,33.40999984741211,32.29999923706055,33.2599983215332,33.130245208740234,790900
2019-07-15,33.18000030517578,33.41999816894531,32.45000076293945,32.5,32.37321090698242,981600
2019-07-16,32.380001068115234,33.540000915527344,32.380001068115234,33.36000061035156,33.2298583984375,1347400
2019-07-17,33.36000061035156,33.560001373291016,32.90999984741211,32.93000030517578,32.80153274536133,1634400
2019-07-18,32.849998474121094,33.07500076293945,32.70000076293945,32.779998779296875,32.65211486816406,656800
2019-07-19,32.91999816894531,33.54999923706055,32.79999923706055,33.529998779296875,33.39918899536133,1115400
2019-07-22,33.45000076293945,33.880001068115234,33.400001525878906,33.45000076293945,33.31949996948242,795000
2019-07-23,33.65999984741211,33.88999938964844,33.34000015258789,33.849998474121094,33.71794128417969,729500
2019-07-24,33.65999984741211,34.189998626708984,33.599998474121094,34.0099983215332,33.877315521240234,756600
2019-07-25,34.0,34.04999923706055,33.189998626708984,33.5,33.36930847167969,907400
2019-07-26,33.5099983215332,33.70000076293945,32.81999969482422,33.099998474121094,32.97087097167969,1161400
2019-07-29,33.099998474121094,33.36000061035156,32.2400016784668,32.290000915527344,32.16402816772461,1293000
2019-07-30,32.08000183105469,33.22999954223633,32.0,33.20000076293945,33.07048034667969,1658500
2019-07-31,33.06999969482422,33.599998474121094,32.79999923706055,32.970001220703125,32.841373443603516,2816100
2019-08-01,31.25,32.810001373291016,30.450000762939453,31.209999084472656,31.088241577148438,4026300
2019-08-02,30.959999084472656,31.84000015258789,30.790000915527344,31.049999237060547,30.928865432739258,2714800
2019-08-05,30.06999969482422,30.43000030517578,29.799999237060547,30.18000030517578,30.0622615814209,4331700
2019-08-06,30.5,31.06999969482422,30.329999923706055,30.889999389648438,30.769487380981445,1379000
2019-08-07,30.360000610351562,30.850000381469727,29.954999923706055,30.690000534057617,30.57027244567871,1517500
2019-08-08,31.219999313354492,31.579999923706055,30.700000762939453,30.950000762939453,30.82925796508789,1339300
2019-08-09,30.950000762939453,31.024999618530273,30.229999542236328,30.40999984741211,30.291364669799805,942900
2019-08-12,30.149999618530273,30.510000228881836,30.010000228881836,30.200000762939453,30.082183837890625,815000
2019-08-13,29.979999542236328,30.950000762939453,29.8799991607666,30.56999969482422,30.450740814208984,1505000
2019-08-14,29.959999084472656,30.190000534057617,29.280000686645508,29.389999389648438,29.275341033935547,1727200
2019-08-15,29.489999771118164,29.68000030517578,29.219999313354492,29.440000534057617,29.32514762878418,1107200
2019-08-16,29.559999465942383,30.079999923706055,29.3799991607666,29.979999542236328,29.863039016723633,1195300
2019-08-19,30.450000762939453,30.639999389648438,29.940000534057617,30.25,30.131990432739258,1265800
2019-08-20,30.139999389648438,30.350000381469727,29.510000228881836,29.75,29.63393783569336,686800
2019-08-21,30.149999618530273,30.149999618530273,29.3799991607666,29.59000015258789,29.474563598632812,867700
2019-08-22,29.739999771118164,29.899999618530273,29.43000030517578,29.489999771118164,29.374954223632812,449100
2019-08-23,29.209999084472656,29.329999923706055,28.09000015258789,28.229999542236328,28.119871139526367,1473200
2019-08-26,28.510000228881836,28.700000762939453,27.93000030517578,28.219999313354492,28.109905242919922,1084200
2019-08-27,28.420000076293945,28.579999923706055,27.649999618530273,27.729999542236328,27.62181854248047,858000
2019-08-28,27.780000686645508,28.3799991607666,27.6200008392334,28.010000228881836,27.900726318359375,1493100
2019-08-29,28.34000015258789,28.670000076293945,28.200000762939453,28.489999771118164,28.378854751586914,721200
2019-08-30,28.709999084472656,28.860000610351562,28.440000534057617,28.68000030517578,28.568115234375,830500
2019-09-03,28.290000915527344,28.479999542236328,27.440000534057617,27.459999084472656,27.352876663208008,1171100
2019-09-04,27.6299991607666,27.725000381469727,26.329999923706055,26.770000457763672,26.66556739807129,3811000
2019-09-05,27.059999465942383,28.579999923706055,27.024999618530273,28.260000228881836,28.149749755859375,2558300
2019-09-06,28.09000015258789,28.6200008392334,27.559999465942383,28.15999984741211,28.050140380859375,1343500
2019-09-09,28.420000076293945,29.010000228881836,28.235000610351562,28.770000457763672,28.65776252746582,1693200
2019-09-10,28.84000015258789,30.424999237060547,28.6299991607666,30.3700008392334,30.251522064208984,1973400
2019-09-11,30.399999618530273,30.489999771118164,29.739999771118164,30.219999313354492,30.10210418701172,1663100
2019-09-12,29.989999771118164,31.0,29.670000076293945,30.739999771118164,30.620075225830078,1434400
2019-09-13,30.940000534057617,31.479999542236328,30.940000534057617,31.229999542236328,31.108165740966797,1281800
2019-09-16,31.229999542236328,32.119998931884766,31.100000381469727,31.850000381469727,31.725749969482422,2385300
2019-09-17,31.559999465942383,31.709999084472656,30.844999313354492,31.059999465942383,30.93882942199707,1184500
2019-09-18,30.959999084472656,30.969999313354492,30.40999984741211,30.75,30.630037307739258,1016000
2019-09-19,30.729999542236328,30.760000228881836,29.989999771118164,30.030000686645508,29.9128475189209,1087700
2019-09-20,30.049999237060547,30.06999969482422,29.43600082397461,29.5,29.384910583496094,1424500
2019-09-23,29.270000457763672,29.5,28.8799991607666,29.299999237060547,29.185691833496094,1317200
2019-09-24,29.290000915527344,29.399999618530273,28.579999923706055,28.93000030517578,28.817138671875,983600
2019-09-25,28.790000915527344,29.3700008392334,28.360000610351562,29.309999465942383,29.195653915405273,597700
2019-09-26,29.15999984741211,29.389999389648438,28.81999969482422,29.18000030517578,29.066162109375,1192300
2019-09-27,29.280000686645508,29.540000915527344,28.579999923706055,28.68000030517578,28.568115234375,935000
2019-09-30,28.729999542236328,28.729999542236328,28.1200008392334,28.290000915527344,28.17963409423828,1756300
2019-10-01,28.43000030517578,28.579999923706055,26.719999313354492,27.059999465942383,26.954435348510742,1882800
2019-10-02,26.760000228881836,27.229999542236328,26.489999771118164,27.1200008392334,27.014198303222656,1861300
2019-10-03,26.889999389648438,28.030000686645508,26.889999389648438,27.829999923706055,27.721431732177734,1514600
2019-10-04,27.81999969482422,28.239999771118164,27.6200008392334,28.219999313354492,28.109905242919922,972200
2019-10-07,28.030000686645508,28.059999465942383,27.56999969482422,27.56999969482422,27.462444305419922,1024900
2019-10-08,27.190000534057617,27.329999923706055,26.709999084472656,27.010000228881836,26.904630661010742,2736800
2019-10-09,27.290000915527344,27.459999084472656,27.030000686645508,27.329999923706055,27.2233829498291,604300
2019-10-10,27.389999389648438,28.209999084472656,27.149999618530273,28.1299991607666,28.020261764526367,1474100
2019-10-11,28.440000534057617,29.940000534057617,28.424999237060547,29.56999969482422,29.454639434814453,2271800
2019-10-14,29.270000457763672,29.530000686645508,28.979999542236328,29.06999969482422,28.95659637451172,826000
2019-10-15,29.079999923706055,29.75,28.920000076293945,29.389999389648438,29.275341033935547,1417400
2019-10-16,29.399999618530273,29.860000610351562,29.280000686645508,29.450000762939453,29.335107803344727,831600
2019-10-17,29.68000030517578,29.899999618530273,29.06999969482422,29.65999984741211,29.544288635253906,1189500
2019-10-18,29.6299991607666,31.110000610351562,29.520000457763672,30.850000381469727,30.729646682739258,2546200
2019-10-21,31.0,31.729999542236328,30.899999618530273,31.110000610351562,30.988636016845703,2451900
2019-10-22,31.25,32.439998626708984,30.639999389648438,31.979999542236328,31.855234146118164,4127700
2019-10-23,31.8799991607666,32.72999954223633,31.165000915527344,32.560001373291016,32.43297576904297,3299000
2019-10-24,32.560001373291016,32.790000915527344,31.940000534057617,32.2599983215332,32.134151458740234,1517200
2019-10-25,32.310001373291016,32.939998626708984,32.099998474121094,32.790000915527344,32.66207504272461,3739200
2019-10-28,33.0,33.290000915527344,32.31999969482422,32.31999969482422,32.19390869140625,2321800
2019-10-29,31.8799991607666,33.310001373291016,30.850000381469727,33.02000045776367,32.891178131103516,4255100
2019-10-30,32.810001373291016,32.95000076293945,31.309999465942383,32.11000061035156,31.984725952148438,2745900
2019-10-31,31.139999389648438,31.854999542236328,31.09000015258789,31.829999923706055,31.70582389831543,1643700
2019-11-01,32.119998931884766,32.849998474121094,31.8799991607666,32.849998474121094,32.72184371948242,1306400
2019-11-04,33.20000076293945,33.665000915527344,33.060001373291016,33.439998626708984,33.30954360961914,2329600
2019-11-05,33.540000915527344,33.79999923706055,32.599998474121094,32.63999938964844,32.51266860961914,1165900
2019-11-06,32.47999954223633,32.970001220703125,32.33000183105469,32.72999954223633,32.60231018066406,691600
2019-11-07,33.06999969482422,33.66999816894531,33.029998779296875,33.2400016784668,33.11033248901367,1027700
2019-11-08,33.209999084472656,33.755001068115234,32.81999969482422,33.72999954223633,33.598411560058594,893700
2019-11-11,33.38999938964844,33.880001068115234,33.27000045776367,33.81999969482422,33.68806076049805,841200
2019-11-12,33.779998779296875,34.0099983215332,33.58000183105469,33.630001068115234,33.49880599975586,849800
2019-11-13,33.2599983215332,33.47999954223633,32.86000061035156,33.380001068115234,33.249778747558594,666300
2019-11-14,33.279998779296875,33.38999938964844,32.880001068115234,33.0,32.87126159667969,876400
2019-11-15,33.209999084472656,33.77000045776367,33.150001525878906,33.650001525878906,33.51872634887695,833500
2019-11-18,33.58000183105469,33.790000915527344,33.189998626708984,33.7400016784668,33.608375549316406,806800
2019-11-19,33.849998474121094,34.209999084472656,33.52000045776367,33.65999984741211,33.5286865234375,2363500
2019-11-20,33.560001373291016,34.08000183105469,33.34000015258789,33.58000183105469,33.448997497558594,766700
2019-11-21,33.59000015258789,33.59000015258789,33.060001373291016,33.20000076293945,33.07048034667969,976700
2019-11-22,33.310001373291016,33.709999084472656,33.150001525878906,33.65999984741211,33.5286865234375,573200
2019-11-25,33.66999816894531,34.13999938964844,33.38999938964844,33.95000076293945,33.81754684448242,1081100
2019-11-26,33.91999816894531,34.0,33.36000061035156,33.939998626708984,33.807586669921875,963400
2019-11-27,33.959999084472656,34.22999954223633,33.58000183105469,34.119998931884766,33.98688888549805,815600
2019-11-29,34.08000183105469,34.29999923706055,33.849998474121094,33.869998931884766,33.73786163330078,383700
2019-12-02,34.0099983215332,34.25,33.540000915527344,33.540000915527344,33.40914535522461,952000
2019-12-03,33.09000015258789,33.400001525878906,32.880001068115234,33.27000045776367,33.14021301269531,642300
2019-12-04,33.439998626708984,33.86000061035156,33.310001373291016,33.380001068115234,33.249778747558594,890200
2019-12-05,33.5099983215332,33.849998474121094,33.33000183105469,33.52000045776367,33.38923263549805,672800
2019-12-06,33.779998779296875,34.130001068115234,33.7599983215332,34.09000015258789,33.95700454711914,530700
2019-12-09,33.97999954223633,34.09000015258789,33.790000915527344,33.849998474121094,33.71794128417969,618100
2019-12-10,33.04999923706055,33.77000045776367,33.04999923706055,33.439998626708984,33.30954360961914,1121400
2019-12-11,33.849998474121094,34.41999816894531,33.75,34.290000915527344,34.15623092651367,699300
2019-12-12,34.2400016784668,35.06999969482422,34.18000030517578,35.02000045776367,34.883384704589844,1253200
2019-12-13,34.93000030517578,35.88999938964844,34.93000030517578,35.540000915527344,35.40135192871094,2092700
2019-12-16,35.83000183105469,36.189998626708984,35.5099983215332,36.18000030517578,36.038856506347656,1340300
2019-12-17,36.220001220703125,36.369998931884766,35.72999954223633,36.08000183105469,35.939247131347656,1779500
2019-12-18,36.209999084472656,36.65999984741211,35.83000183105469,36.15999984741211,36.01893997192383,1757500
2019-12-19,36.4900016784668,36.84000015258789,36.209999084472656,36.4900016784668,36.34764862060547,816000
2019-12-20,36.54999923706055,37.040000915527344,36.34000015258789,36.63999938964844,36.4970588684082,1967500
2019-12-23,36.72999954223633,37.04999923706055,36.349998474121094,36.880001068115234,36.73612594604492,749600
2019-12-24,37.0,37.2400016784668,36.709999084472656,36.779998779296875,36.63651657104492,268500
2019-12-26,36.880001068115234,37.15999984741211,36.709999084472656,36.95000076293945,36.805850982666016,494400
2019-12-27,37.0,37.130001068115234,36.91999816894531,36.95000076293945,36.805850982666016,714300
2019-12-30,36.970001220703125,36.9900016784668,36.40999984741211,36.4900016784668,36.34764862060547,1058400
2019-12-31,36.459999084472656,36.959999084472656,36.2599983215332,36.68000030517578,36.536903381347656,1035500
2020-01-02,36.880001068115234,37.029998779296875,36.40999984741211,36.880001068115234,36.73612594604492,917100
2020-01-03,36.5099983215332,36.84000015258789,36.290000915527344,36.720001220703125,36.57674789428711,694500
2020-01-06,36.5,36.599998474121094,36.11000061035156,36.279998779296875,36.13846206665039,807300
2020-01-07,36.16999816894531,36.400001525878906,35.904998779296875,36.0099983215332,35.8695182800293,839500
2020-01-08,36.06999969482422,36.529998779296875,35.68000030517578,35.75,35.610538482666016,1131700
2020-01-09,35.970001220703125,36.060001373291016,35.595001220703125,35.79999923706055,35.660335540771484,648800
2020-01-10,35.72999954223633,35.880001068115234,34.869998931884766,35.13999938964844,35.00291442871094,985700
2020-01-13,35.290000915527344,35.54999923706055,35.130001068115234,35.439998626708984,35.30174255371094,508800
2020-01-14,35.349998474121094,35.525001525878906,34.77799987792969,34.93000030517578,34.79372787475586,911100
2020-01-15,34.86000061035156,35.13999938964844,34.26499938964844,34.5,34.36540985107422,2567000
2020-01-16,34.7400016784668,35.2599983215332,34.7400016784668,35.11000061035156,34.97303009033203,762400
2020-01-17,35.20000076293945,35.724998474121094,34.970001220703125,35.47999954223633,35.34158706665039,578900
2020-01-21,35.099998474121094,35.459999084472656,34.54999923706055,34.560001373291016,34.425174713134766,1096400
2020-01-22,34.790000915527344,34.97999954223633,34.470001220703125,34.5,34.36540985107422,443600
2020-01-23,34.16999816894531,35.060001373291016,33.93000030517578,34.869998931884766,34.73396301269531,884200
2020-01-24,34.900001525878906,34.900001525878906,34.27000045776367,34.65999984741211,34.524784088134766,773800
2020-01-27,34.060001373291016,35.34000015258789,33.93000030517578,34.52000045776367,34.38533020019531,1406200
2020-01-28,34.70000076293945,35.77000045776367,34.599998474121094,35.58000183105469,35.441192626953125,1319400
2020-01-29,35.75,36.34000015258789,35.470001220703125,36.099998474121094,35.95916748046875,906400
2020-01-30,35.79999923706055,36.529998779296875,35.599998474121094,36.209999084472656,36.06873321533203,740500
2020-01-31,35.88999938964844,36.09000015258789,35.095001220703125,35.310001373291016,35.17224884033203,936000
2020-02-03,35.56999969482422,36.43000030517578,35.38999938964844,35.77000045776367,35.63044738769531,583700
2020-02-04,36.5099983215332,37.220001220703125,36.30500030517578,36.560001373291016,36.41737365722656,1085500
2020-02-05,37.08000183105469,37.08000183105469,36.470001220703125,36.75,36.60662841796875,842200
2020-02-06,36.790000915527344,37.08000183105469,36.29999923706055,37.02000045776367,36.87557601928711,1152000
2020-02-07,37.209999084472656,37.619998931884766,36.630001068115234,37.09000015258789,36.945308685302734,2812100
2020-02-10,36.959999084472656,37.58000183105469,36.86000061035156,37.560001373291016,37.413475036621094,1764600
2020-02-11,37.79999923706055,38.209999084472656,37.540000915527344,37.7400016784668,37.5927734375,1272000
2020-02-12,38.0,38.880001068115234,37.959999084472656,38.47999954223633,38.32988357543945,1770800
2020-02-13,38.279998779296875,38.56999969482422,37.459999084472656,37.54999923706055,37.40351104736328,1065200
2020-02-14,37.650001525878906,37.709999084472656,36.7400016784668,36.83000183105469,36.68632125854492,2220300
2020-02-18,36.470001220703125,37.91999816894531,36.150001525878906,37.54999923706055,37.40351104736328,3619600
2020-02-19,37.70000076293945,38.209999084472656,37.209999084472656,37.65999984741211,37.51307678222656,1948400
2020-02-20,37.45000076293945,38.689998626708984,37.369998931884766,38.650001525878906,38.49921798706055,1834100
2020-02-21,38.380001068115234,38.959999084472656,38.279998779296875,38.61000061035156,38.45936965942383,2869900
2020-02-24,37.279998779296875,37.41999816894531,36.560001373291016,36.560001373291016,36.41737365722656,2042300
2020-02-25,36.83000183105469,36.88999938964844,35.400001525878906,35.72999954223633,35.59061050415039,3193200
2020-02-26,36.06999969482422,36.29499816894531,35.45000076293945,35.75,35.610538482666016,2791500
2020-02-27,34.599998474121094,35.61000061035156,33.59000015258789,33.61000061035156,33.4788818359375,3235300
2020-02-28,32.91999816894531,33.59000015258789,31.049999237060547,32.790000915527344,32.66207504272461,9109500
2020-03-02,33.060001373291016,34.75,32.58000183105469,32.79999923706055,32.672035217285156,38314900
2020-03-03,32.599998474121094,32.900001525878906,30.670000076293945,31.700000762939453,31.576330184936523,18033500
2020-03-04,31.81999969482422,32.0,29.790000915527344,30.950000762939453,30.82925796508789,25202700
2020-03-05,29.90999984741211,30.139999389648438,26.780000686645508,26.829999923706055,26.72532844543457,15758700
2020-03-06,25.350000381469727,28.790000915527344,24.68000030517578,27.790000915527344,27.68158531188965,17039700
2020-03-09,25.549999237060547,26.15999984741211,22.8700008392334,23.329999923706055,23.238985061645508,11306200
2020-03-10,24.25,24.510000228881836,21.860000610351562,23.860000610351562,23.76692008972168,10318500
2020-03-11,23.18000030517578,24.139999389648438,22.459999084472656,23.489999771118164,23.398361206054688,10683700
2020-03-12,20.969999313354492,22.829999923706055,19.889999389648438,21.34000015258789,21.25674819946289,10578900
2020-03-13,22.440000534057617,23.559999465942383,20.204999923706055,23.0,22.910268783569336,8556200
2020-03-16,20.34000015258789,22.040000915527344,19.690000534057617,21.25,21.167102813720703,6441600
2020-03-17,21.5,22.610000610351562,20.75,21.540000915527344,21.45596694946289,7718300
2020-03-18,19.829999923706055,20.40999984741211,17.010000228881836,19.219999313354492,19.145017623901367,8292600
2020-03-19,18.90999984741211,22.350000381469727,18.81999969482422,20.010000228881836,19.931936264038086,5737500
2020-03-20,20.219999313354492,21.389999389648438,19.3700008392334,19.610000610351562,19.533496856689453,5900000
2020-03-23,19.489999771118164,20.209999084472656,18.280000686645508,19.5,19.423925399780273,6477500
2020-03-24,20.59000015258789,22.56999969482422,19.790000915527344,22.40999984741211,22.322574615478516,4696900
2020-03-25,22.700000762939453,25.229999542236328,21.520000457763672,23.280000686645508,23.189180374145508,5175600
2020-03-26,22.59000015258789,24.1299991607666,22.530000686645508,23.40999984741211,23.318674087524414,5518500
2020-03-27,22.3799991607666,23.059999465942383,21.690000534057617,22.6299991607666,22.54171371459961,4304400
2020-03-30,22.739999771118164,23.93000030517578,22.18000030517578,23.75,23.657344818115234,3760200
2020-03-31,23.530000686645508,25.139999389648438,23.530000686645508,24.799999237060547,24.703250885009766,6458500
2020-04-01,23.940000534057617,25.100000381469727,23.600000381469727,23.790000915527344,23.69719123840332,7902900
2020-04-02,23.530000686645508,24.690000534057617,22.59000015258789,23.040000915527344,22.950119018554688,6383200
2020-04-03,23.049999237060547,23.889999389648438,22.56999969482422,23.489999771118164,23.398361206054688,3826800
2020-04-06,24.649999618530273,26.040000915527344,24.549999237060547,25.43000030517578,25.330793380737305,5045100
2020-04-07,26.459999084472656,26.81999969482422,24.635000228881836,24.81999969482422,24.723175048828125,4253100
2020-04-08,24.899999618530273,25.850000381469727,24.424999237060547,25.700000762939453,25.599740982055664,3268900
2020-04-09,26.149999618530273,27.510000228881836,25.8700008392334,26.5,26.396617889404297,3299800
2020-04-13,26.479999542236328,26.940000534057617,25.6299991607666,26.219999313354492,26.11771011352539,3164100
2020-04-14,26.8799991607666,27.459999084472656,26.100000381469727,26.350000381469727,26.247201919555664,2551400
2020-04-15,25.520000457763672,25.56999969482422,24.149999618530273,24.360000610351562,24.264965057373047,2597100
2020-04-16,24.190000534057617,24.780000686645508,23.209999084472656,24.600000381469727,24.504030227661133,3761900
2020-04-17,25.40999984741211,26.989999771118164,25.309999465942383,26.809999465942383,26.70541000366211,3811400
2020-04-20,26.25,27.121999740600586,25.6299991607666,26.43000030517578,26.32689094543457,4002900
2020-04-21,25.700000762939453,26.540000915527344,25.600000381469727,26.3799991607666,26.27708625793457,3174100
2020-04-22,26.809999465942383,27.100000381469727,25.950000762939453,26.81999969482422,26.715368270874023,2641900
2020-04-23,27.0,28.09000015258789,26.829999923706055,27.360000610351562,27.253265380859375,2991100
2020-04-24,27.6299991607666,28.100000381469727,27.239999771118164,27.81999969482422,27.711469650268555,3126100
2020-04-27,28.079999923706055,29.43000030517578,27.860000610351562,28.770000457763672,28.65776252746582,3505500
2020-04-28,29.389999389648438,30.0,28.729999542236328,29.270000457763672,29.155811309814453,2800800
2020-04-29,30.0,30.479999542236328,29.71500015258789,30.31999969482422,30.201711654663086,2132600
2020-04-30,29.90999984741211,29.950000762939453,28.8700008392334,29.079999923706055,28.966552734375,2507200
2020-05-01,28.649999618530273,28.7549991607666,27.610000610351562,28.1299991607666,28.020261764526367,1507800
2020-05-04,27.75,27.760000228881836,26.780000686645508,27.3700008392334,27.263225555419922,1763500
2020-05-05,27.510000228881836,28.3799991607666,27.510000228881836,27.59000015258789,27.482364654541016,2074000
2020-05-06,27.739999771118164,27.790000915527344,27.09000015258789,27.280000686645508,27.1735782623291,1515600
2020-05-07,27.739999771118164,28.264999389648438,27.579999923706055,27.68000030517578,27.57201385498047,1705700
2020-05-08,28.209999084472656,29.194000244140625,27.950000762939453,29.170000076293945,29.056201934814453,1869500
2020-05-11,28.889999389648438,29.329999923706055,28.149999618530273,29.09000015258789,28.97651481628418,2878100
2020-05-12,27.510000228881836,29.399999618530273,27.399999618530273,27.459999084472656,27.352876663208008,5602100
2020-05-13,27.030000686645508,27.059999465942383,25.368000030517578,25.920000076293945,25.81888198852539,4952200
2020-05-14,25.420000076293945,27.139999389648438,24.809999465942383,26.709999084472656,26.605796813964844,3223900
2020-05-15,26.440000534057617,26.8799991607666,26.219999313354492,26.420000076293945,26.316932678222656,3029200
2020-05-18,27.309999465942383,28.959999084472656,27.309999465942383,28.700000762939453,28.588035583496094,2445800
2020-05-19,28.520000457763672,29.1200008392334,28.079999923706055,28.479999542236328,28.368894577026367,4322000
2020-05-20,28.8700008392334,29.65999984741211,28.684999465942383,29.020000457763672,28.906787872314453,2766600
2020-05-21,28.950000762939453,29.40999984741211,28.649999618530273,29.40999984741211,29.295269012451172,2218200
2020-05-22,29.459999084472656,29.459999084472656,28.43000030517578,28.540000915527344,28.428659439086914,2312000
2020-05-26,29.5,30.850000381469727,29.290000915527344,30.40999984741211,30.291364669799805,3931800
2020-05-27,31.010000228881836,31.690000534057617,29.899999618530273,30.0,29.882963180541992,3437200
2020-05-28,28.0,29.3700008392334,27.93000030517578,28.75,28.637842178344727,6700100
2020-05-29,28.559999465942383,28.68000030517578,27.75,28.200000762939453,28.08998680114746,5718600
2020-06-01,28.190000534057617,28.885000228881836,27.71500015258789,28.760000228881836,28.647798538208008,2916700
2020-06-02,29.040000915527344,29.350000381469727,28.59000015258789,28.850000381469727,28.737451553344727,2427800
2020-06-03,29.329999923706055,30.860000610351562,29.1200008392334,30.790000915527344,30.669879913330078,3020200
2020-06-04,30.6299991607666,31.280000686645508,30.43000030517578,30.68000030517578,30.56031036376953,3246100
2020-06-05,32.08000183105469,33.970001220703125,32.0,33.2400016784668,33.11033248901367,6281700
2020-06-08,34.849998474121094,35.099998474121094,33.41999816894531,35.029998779296875,34.89333724975586,6190800
2020-06-09,34.310001373291016,34.4900016784668,33.0099983215332,33.09000015258789,32.960906982421875,3333300
2020-06-10,32.93000030517578,33.275001525878906,32.560001373291016,32.779998779296875,32.65211486816406,3277800
2020-06-11,31.260000228881836,31.530000686645508,30.65999984741211,30.75,30.630037307739258,5547600
2020-06-12,31.969999313354492,32.15999984741211,30.520000457763672,31.219999313354492,31.098203659057617,3081900
2020-06-15,30.040000915527344,31.219999313354492,29.59000015258789,31.020000457763672,30.898988723754883,4265500
2020-06-16,32.63999938964844,33.06999969482422,31.1200008392334,31.3700008392334,31.247617721557617,4575600
2020-06-17,30.5,30.959999084472656,29.479999542236328,29.549999237060547,29.434720993041992,11689000
2020-06-18,29.40999984741211,30.260000228881836,29.31999969482422,29.3799991607666,29.265378952026367,5166200
2020-06-19,29.829999923706055,29.850000381469727,28.790000915527344,28.809999465942383,28.69760513305664,6945900
2020-06-22,28.610000610351562,29.450000762939453,28.43000030517578,29.170000076293945,29.056201934814453,4126000
2020-06-23,29.510000228881836,29.639999389648438,28.860000610351562,28.979999542236328,28.866941452026367,4871200
2020-06-24,28.690000534057617,28.690000534057617,26.719999313354492,27.5,27.392717361450195,10711200
2020-06-25,27.360000610351562,27.68000030517578,26.809999465942383,27.56999969482422,27.462444305419922,6608200
2020-06-26,27.510000228881836,27.770000457763672,27.079999923706055,27.229999542236328,27.12376594543457,9657300
2020-06-29,27.489999771118164,28.299999237060547,27.270000457763672,28.110000610351562,28.000335693359375,3721700
2020-06-30,27.90999984741211,28.3700008392334,27.549999237060547,28.1200008392334,28.010299682617188,3384400
2020-07-01,28.18000030517578,28.649999618530273,27.90999984741211,28.040000915527344,27.93061065673828,3287100
2020-07-02,28.610000610351562,29.219999313354492,28.350000381469727,28.459999084472656,28.34897232055664,3861400
2020-07-06,28.920000076293945,29.399999618530273,28.614999771118164,29.309999465942383,29.195653915405273,2797600
2020-07-07,29.110000610351562,29.139999389648438,28.06999969482422,28.100000381469727,27.99037742614746,2380700
2020-07-08,28.079999923706055,28.40999984741211,27.719999313354492,28.1200008392334,28.010299682617188,2630400
2020-07-09,28.0,28.110000610351562,27.15999984741211,27.860000610351562,27.751312255859375,2904900
2020-07-10,27.81999969482422,28.40999984741211,27.780000686645508,28.309999465942383,28.199556350708008,3594500
2020-07-13,28.549999237060547,29.309999465942383,28.399999618530273,28.6299991607666,28.518306732177734,3655000
2020-07-14,28.68000030517578,29.760000228881836,28.43000030517578,29.729999542236328,29.614015579223633,3045400
2020-07-15,30.170000076293945,31.049999237060547,30.170000076293945,30.959999084472656,30.83922004699707,3462000
2020-07-16,30.889999389648438,31.31999969482422,30.450000762939453,30.68000030517578,30.56031036376953,2676800
2020-07-17,30.809999465942383,31.139999389648438,30.40999984741211,30.649999618530273,30.530427932739258,2905600
2020-07-20,30.610000610351562,31.3799991607666,30.40999984741211,31.299999237060547,31.177892684936523,3138600
2020-07-21,31.5,32.0,31.399999618530273,31.649999618530273,31.526527404785156,3143700
2020-07-22,31.719999313354492,32.150001525878906,31.510000228881836,31.899999618530273,31.775550842285156,2453500
2020-07-23,31.799999237060547,32.11000061035156,31.40999984741211,31.6299991607666,31.50660514831543,2109800
2020-07-24,31.68000030517578,31.790000915527344,31.280000686645508,31.600000381469727,31.47672462463379,2427600
2020-07-27,31.780000686645508,31.954999923706055,31.420000076293945,31.81999969482422,31.695858001708984,1862200
2020-07-28,31.8700008392334,31.969999313354492,31.18000030517578,31.350000381469727,31.22769546508789,3074800
2020-07-29,31.6299991607666,32.15999984741211,31.399999618530273,32.15999984741211,32.03453826904297,1957800
2020-07-30,31.670000076293945,31.90999984741211,31.239999771118164,31.809999465942383,31.685901641845703,1930000
2020-07-31,31.65999984741211,32.08000183105469,31.010000228881836,31.59000015258789,31.466764450073242,2658200
2020-08-03,31.84000015258789,32.65999984741211,31.649999618530273,32.630001068115234,32.50270080566406,2969600
2020-08-04,32.939998626708984,33.5099983215332,32.09000015258789,32.650001525878906,32.52263259887695,5173500
2020-08-05,32.939998626708984,33.599998474121094,32.78499984741211,32.900001525878906,32.771644592285156,2362900
2020-08-06,32.84000015258789,33.185001373291016,32.540000915527344,33.040000915527344,32.911102294921875,1847800
2020-08-07,32.939998626708984,33.91999816894531,32.7599983215332,33.900001525878906,33.76774978637695,2916200
2020-08-10,33.959999084472656,35.040000915527344,33.810001373291016,35.029998779296875,34.89333724975586,3477500
2020-08-11,35.36000061035156,36.24300003051758,35.36000061035156,35.86000061035156,35.7201042175293,3626000
2020-08-12,36.06999969482422,36.189998626708984,35.380001068115234,35.61000061035156,35.4710807800293,1977300
2020-08-13,35.369998931884766,35.459999084472656,35.04499816894531,35.119998931884766,34.98299026489258,1710000
2020-08-14,34.849998474121094,35.599998474121094,34.52000045776367,35.400001525878906,35.26189422607422,1572700
2020-08-17,35.45000076293945,35.540000915527344,34.68000030517578,34.810001373291016,34.6742057800293,1595500
2020-08-18,34.72999954223633,35.0099983215332,34.599998474121094,34.619998931884766,34.48494338989258,1917900
2020-08-19,34.68000030517578,34.97999954223633,34.29999923706055,34.43000030517578,34.295677185058594,1363000
2020-08-20,34.0,34.70000076293945,33.83000183105469,34.630001068115234,34.494903564453125,1647600
2020-08-21,34.599998474121094,34.91999816894531,34.43000030517578,34.709999084472656,34.5745964050293,1364700
2020-08-24,34.939998626708984,35.45000076293945,34.709999084472656,35.439998626708984,35.30174255371094,1304500
2020-08-25,35.560001373291016,35.63999938964844,34.939998626708984,35.2400016784668,35.10251998901367,1303300
2020-08-26,35.16999816894531,35.38999938964844,34.88999938964844,35.15999984741211,35.022830963134766,1202800
2020-08-27,35.38999938964844,35.505001068115234,35.08000183105469,35.290000915527344,35.15232849121094,1421600
2020-08-28,35.38999938964844,35.84000015258789,35.20500183105469,35.7599983215332,35.62049102783203,2421100
2020-08-31,35.84000015258789,35.84000015258789,35.060001373291016,35.060001373291016,34.92322540283203,1779900
2020-09-01,34.91999816894531,36.22999954223633,34.599998474121094,36.209999084472656,36.06873321533203,1895400
2020-09-02,36.2599983215332,36.35499954223633,35.68000030517578,36.099998474121094,35.95916748046875,2314700
2020-09-03,36.099998474121094,36.34000015258789,35.029998779296875,35.38999938964844,35.25193405151367,2030600
2020-09-04,35.88999938964844,36.20000076293945,35.189998626708984,35.310001373291016,35.17224884033203,2199100
2020-09-08,35.06999969482422,35.11000061035156,34.04999923706055,34.470001220703125,34.33552551269531,3055700
2020-09-09,34.86000061035156,35.66999816894531,34.65999984741211,35.41999816894531,35.281822204589844,2028000
2020-09-10,35.41999816894531,35.762001037597656,34.959999084472656,35.029998779296875,34.89333724975586,2172200
2020-09-11,35.22999954223633,36.10499954223633,35.029998779296875,35.97999954223633,35.839630126953125,2233100
2020-09-14,36.0099983215332,36.38999938964844,35.81999969482422,36.31999969482422,36.17830276489258,1947400
2020-09-15,36.369998931884766,36.599998474121094,35.9900016784668,36.33000183105469,36.188262939453125,1992800
2020-09-16,36.560001373291016,37.38999938964844,36.459999084472656,36.93000030517578,36.785926818847656,2970600
2020-09-17,36.5,37.630001068115234,36.099998474121094,37.189998626708984,37.04491424560547,3151600
2020-09-18,37.060001373291016,37.34000015258789,35.81999969482422,35.900001525878906,35.75994873046875,8420100
2020-09-21,35.13999938964844,35.439998626708984,34.02000045776367,34.65999984741211,34.524784088134766,2536000
2020-09-22,34.529998779296875,35.20500183105469,34.47999954223633,35.099998474121094,34.96306610107422,2757000
2020-09-23,35.22999954223633,35.7869987487793,35.0099983215332,35.029998779296875,34.89333724975586,2097200
2020-09-24,35.189998626708984,35.970001220703125,34.20000076293945,35.369998931884766,35.23200988769531,2025200
2020-09-25,35.040000915527344,35.6150016784668,34.84000015258789,35.369998931884766,35.23200988769531,1787200
2020-09-28,36.029998779296875,36.77000045776367,35.880001068115234,36.04999923706055,35.909358978271484,2406100
2020-09-29,36.18000030517578,36.54999923706055,35.66999816894531,35.869998931884766,35.73006820678711,1470000
2020-09-30,35.90999984741211,36.42499923706055,35.209999084472656,35.599998474121094,35.461116790771484,2069400
2020-10-01,35.88999938964844,36.09000015258789,35.130001068115234,35.56999969482422,35.431236267089844,1420800
2020-10-02,34.9900016784668,36.58000183105469,34.86000061035156,36.08000183105469,35.939247131347656,1920700
2020-10-05,36.59000015258789,37.11000061035156,36.45000076293945,36.90999984741211,36.76600646972656,2247500
2020-10-06,37.0099983215332,37.43000030517578,36.380001068115234,36.45000076293945,36.30780029296875,2281000
2020-10-07,36.91999816894531,37.150001525878906,36.439998626708984,36.65999984741211,36.51698684692383,4214800
2020-10-08,36.900001525878906,37.310001373291016,36.4900016784668,37.22999954223633,37.08475875854492,2165800
2020-10-09,37.58000183105469,37.779998779296875,37.099998474121094,37.130001068115234,36.98514938354492,1914900
2020-10-12,37.29999923706055,37.40999984741211,36.904998779296875,37.209999084472656,37.06483840942383,2034800
2020-10-13,37.09000015258789,37.63999938964844,37.060001373291016,37.529998779296875,37.383583068847656,2597600
2020-10-14,37.56999969482422,38.099998474121094,37.29999923706055,37.369998931884766,37.224212646484375,2631900
2020-10-15,36.560001373291016,37.150001525878906,36.310001373291016,37.06999969482422,36.925384521484375,2636400
2020-10-16,37.459999084472656,37.97999954223633,37.20500183105469,37.220001220703125,37.07479476928711,1611800
2020-10-19,37.15999984741211,37.459999084472656,36.52000045776367,36.599998474121094,36.457218170166016,2084100
2020-10-20,36.939998626708984,37.79399871826172,36.935001373291016,37.2400016784668,37.09471893310547,1932800
2020-10-21,37.279998779296875,37.90999984741211,37.244998931884766,37.2599983215332,37.11464309692383,1648900
2020-10-22,37.16999816894531,38.04499816894531,37.06999969482422,37.93000030517578,37.78203201293945,1392500
2020-10-23,38.18000030517578,38.380001068115234,37.459999084472656,38.27000045776367,38.12070083618164,1827400
2020-10-26,37.75,37.75,36.025001525878906,36.560001373291016,36.41737365722656,2390300
2020-10-27,36.5,36.79999923706055,35.939998626708984,36.099998474121094,35.95916748046875,1882000
2020-10-28,35.349998474121094,35.900001525878906,35.150001525878906,35.2400016784668,35.10251998901367,1918000
2020-10-29,35.060001373291016,35.459999084472656,34.689998626708984,35.08000183105469,34.943153381347656,1865300
2020-10-30,34.95000076293945,35.279998779296875,34.369998931884766,34.939998626708984,34.80369567871094,2369300
2020-11-02,35.560001373291016,36.130001068115234,35.36000061035156,35.97999954223633,35.839630126953125,2145500
2020-11-03,36.31999969482422,38.9900016784668,36.040000915527344,38.75,38.59882736206055,3722000
2020-11-04,38.689998626708984,38.720001220703125,37.0,38.06999969482422,37.92147445678711,3710900
2020-11-05,38.56999969482422,40.209999084472656,38.15999984741211,39.79999923706055,39.64472579956055,2432600
2020-11-06,39.66999816894531,40.46500015258789,39.64500045776367,40.25,40.09297180175781,1899000
2020-11-09,42.0099983215332,45.529998779296875,42.0099983215332,42.779998779296875,42.613101959228516,4984900
2020-11-10,42.5,43.85499954223633,42.470001220703125,42.75,42.583221435546875,3268400
2020-11-11,43.150001525878906,43.16999816894531,42.20000076293945,42.61000061035156,42.44377136230469,1440600
2020-11-12,42.150001525878906,42.869998931884766,42.02000045776367,42.5,42.334205627441406,1609700
2020-11-13,42.97999954223633,43.77000045776367,42.52000045776367,42.7599983215332,42.59318161010742,2822900
2020-11-16,43.61000061035156,45.0,43.22999954223633,44.9900016784668,44.81447982788086,3257500
2020-11-17,44.560001373291016,44.970001220703125,43.75,44.63999938964844,44.46584701538086,1725200
2020-11-18,44.970001220703125,44.9900016784668,43.88999938964844,43.90999984741211,43.73869705200195,1458700
2020-11-19,43.709999084472656,44.310001373291016,43.43000030517578,44.20000076293945,44.02756881713867,1525800
2020-11-20,44.27000045776367,44.45000076293945,43.909000396728516,44.2599983215332,44.08733367919922,1433400
2020-11-23,44.790000915527344,45.08000183105469,44.459999084472656,44.47999954223633,44.30646896362305,1773800
2020-11-24,45.290000915527344,45.58000183105469,44.939998626708984,45.470001220703125,45.2926139831543,2076300
2020-11-25,45.33000183105469,45.33000183105469,44.72999954223633,44.810001373291016,44.635189056396484,1006400
2020-11-27,45.189998626708984,45.189998626708984,44.630001068115234,44.79999923706055,44.625221252441406,594900
2020-11-30,44.58000183105469,44.88999938964844,44.029998779296875,44.27000045776367,44.09729766845703,2517300
2020-12-01,45.029998779296875,45.63999938964844,44.7599983215332,44.79999923706055,44.625221252441406,2909300
2020-12-02,44.439998626708984,44.900001525878906,44.02399826049805,44.33000183105469,44.157066345214844,1760500
2020-12-03,44.209999084472656,44.97999954223633,44.0099983215332,44.459999084472656,44.28655242919922,1720600
2020-12-04,44.79999923706055,45.45000076293945,44.79999923706055,45.189998626708984,45.01370620727539,1578800
2020-12-07,45.099998474121094,45.25,44.16999816894531,44.33000183105469,44.157066345214844,1992700
2020-12-08,44.040000915527344,44.58000183105469,44.0099983215332,44.540000915527344,44.366241455078125,2148800
2020-12-09,44.79999923706055,45.08000183105469,44.66999816894531,44.9900016784668,44.81447982788086,2161900
2020-12-10,44.709999084472656,44.93000030517578,44.43000030517578,44.790000915527344,44.615264892578125,2208200
2020-12-11,44.29999923706055,44.630001068115234,44.08000183105469,44.31999969482422,44.147098541259766,2631600
2020-12-14,45.25,45.459999084472656,43.75,43.86000061035156,43.68889236450195,2269800
2020-12-15,44.5,44.93000030517578,43.8650016784668,44.7599983215332,44.58538818359375,1716700
2020-12-16,44.83000183105469,44.85499954223633,43.83000183105469,44.31999969482422,44.147098541259766,1526500
2020-12-17,44.439998626708984,45.57500076293945,43.959999084472656,45.439998626708984,45.262733459472656,2312200
2020-12-18,45.540000915527344,45.88999938964844,44.900001525878906,45.220001220703125,45.04358673095703,5238800
2020-12-21,44.279998779296875,45.70000076293945,44.0099983215332,45.65999984741211,45.481876373291016,1579300
2020-12-22,45.810001373291016,45.97999954223633,45.5,45.560001373291016,45.382259368896484,1523400
2020-12-23,45.779998779296875,45.9900016784668,45.33000183105469,45.7599983215332,45.581478118896484,859600
2020-12-24,45.779998779296875,46.040000915527344,45.189998626708984,46.029998779296875,45.85042953491211,609700
2020-12-28,46.290000915527344,46.82099914550781,45.04999923706055,45.099998474121094,44.92405319213867,1106000
2020-12-29,45.189998626708984,45.43000030517578,44.150001525878906,44.47999954223633,44.30646896362305,1010300
2020-12-30,44.5,45.380001068115234,44.5,45.2400016784668,45.06352233886719,1439800
2020-12-31,45.25,45.63999938964844,44.43000030517578,45.560001373291016,45.382259368896484,1506100
2021-01-04,45.68000030517578,45.7599983215332,43.84000015258789,44.310001373291016,44.137142181396484,2232100
2021-01-05,44.369998931884766,45.415000915527344,44.369998931884766,45.20000076293945,45.02366256713867,1797500
2021-01-06,45.86000061035156,47.650001525878906,45.79499816894531,46.68000030517578,46.49789047241211,1968300
2021-01-07,47.0099983215332,47.40999984741211,46.58000183105469,47.02000045776367,46.83656692504883,990800
2021-01-08,47.130001068115234,47.459999084472656,45.83000183105469,46.400001525878906,46.21898651123047,1659000
2021-01-11,45.90999984741211,46.68000030517578,45.59000015258789,46.4900016784668,46.30862808227539,739800
2021-01-12,46.9900016784668,47.779998779296875,46.540000915527344,47.060001373291016,46.87641143798828,1245200
2021-01-13,46.869998931884766,47.16999816894531,46.08000183105469,46.08000183105469,45.900238037109375,1577100
2021-01-14,46.38999938964844,46.779998779296875,45.93000030517578,46.34000015258789,46.159217834472656,1799100
2021-01-15,47.16999816894531,47.29999923706055,45.540000915527344,45.90999984741211,45.73089599609375,4578000
2021-01-19,46.36000061035156,46.59000015258789,45.93000030517578,46.290000915527344,46.109405517578125,1642900
2021-01-20,46.45000076293945,46.709999084472656,45.82400131225586,45.9900016784668,45.810585021972656,1367100
2021-01-21,45.93000030517578,46.22999954223633,45.709999084472656,45.7599983215332,45.581478118896484,1101900
2021-01-22,45.43000030517578,45.71500015258789,45.0099983215332,45.22999954223633,45.05354690551758,1319600
2021-01-25,45.0,45.220001220703125,44.15999984741211,44.5099983215332,44.33635711669922,1826100
2021-01-26,44.900001525878906,45.244998931884766,43.58000183105469,43.59000015258789,43.419952392578125,1485600
2021-01-27,42.560001373291016,42.599998474121094,40.63999938964844,40.810001373291016,40.65079116821289,2178400
2021-01-28,41.47999954223633,42.9900016784668,41.209999084472656,42.63999938964844,42.473655700683594,2174600
2021-01-29,42.369998931884766,42.650001525878906,41.400001525878906,41.84000015258789,41.6767692565918,3165200
2021-02-01,42.38999938964844,42.709999084472656,41.68000030517578,42.599998474121094,42.43381118774414,3118900
2021-02-02,43.130001068115234,43.665000915527344,42.619998931884766,43.380001068115234,43.21077346801758,1257200
2021-02-03,43.119998931884766,43.744998931884766,42.84000015258789,43.560001373291016,43.39005661010742,1255900
2021-02-04,43.779998779296875,44.040000915527344,42.849998474121094,42.9900016784668,42.822296142578125,4587700
2021-02-05,43.54999923706055,44.11000061035156,43.189998626708984,43.779998779296875,43.609214782714844,1357100
2021-02-08,43.84000015258789,44.20000076293945,43.689998626708984,44.04999923706055,43.87814712524414,1275400
2021-02-09,43.779998779296875,44.529998779296875,43.68000030517578,44.06999969482422,43.8980712890625,1339100
2021-02-10,44.209999084472656,44.63999938964844,43.79999923706055,44.459999084472656,44.28655242919922,1534000
2021-02-11,44.439998626708984,45.27000045776367,43.5,44.029998779296875,43.85823059082031,1743700
2021-02-12,43.88999938964844,44.369998931884766,43.40999984741211,43.91999816894531,43.74864959716797,1683300
2021-02-16,44.27000045776367,44.5,43.29999923706055,43.56999969482422,43.400028228759766,1338600
2021-02-17,43.439998626708984,43.58000183105469,42.83000183105469,42.9900016784668,42.822296142578125,1001600
2021-02-18,42.70000076293945,43.0099983215332,42.0,42.77000045776367,42.6031379699707,1250200
2021-02-19,43.04999923706055,44.310001373291016,43.04999923706055,43.88999938964844,43.718780517578125,1610100
2021-02-22,43.4900016784668,44.81999969482422,43.33000183105469,43.77000045776367,43.5992431640625,3412600
2021-02-23,44.68000030517578,46.9900016784668,43.95600128173828,45.58000183105469,45.402183532714844,4562700
2021-02-24,45.84000015258789,48.2599983215332,45.459999084472656,48.099998474121094,47.912349700927734,4067000
2021-02-25,48.0099983215332,48.91999816894531,46.20000076293945,46.349998474121094,46.16917419433594,3534000
2021-02-26,46.369998931884766,46.933998107910156,45.71699905395508,46.34000015258789,46.159217834472656,2381200
2021-03-01,47.040000915527344,47.970001220703125,46.9900016784668,47.459999084472656,47.27484893798828,1978400
2021-03-02,47.27000045776367,47.5,46.75,46.79999923706055,46.61742401123047,1548500
2021-03-03,46.709999084472656,47.5,46.599998474121094,46.810001373291016,46.62739181518555,2813300
2021-03-04,46.63999938964844,47.7400016784668,46.0,47.060001373291016,46.87641143798828,3444900
2021-03-05,47.619998931884766,49.68000030517578,46.810001373291016,49.4900016784668,49.29692840576172,3619300
2021-03-08,49.81999969482422,51.61000061035156,49.4900016784668,50.54999923706055,50.35279083251953,6393300
2021-03-09,50.529998779296875,50.54999923706055,48.08000183105469,48.09000015258789,47.90239334106445,2216300
2021-03-10,48.720001220703125,49.439998626708984,47.90999984741211,48.970001220703125,48.77895736694336,1454000
2021-03-11,49.02000045776367,49.95000076293945,48.731998443603516,49.02000045776367,48.82876205444336,1405000
2021-03-12,49.130001068115234,49.709999084472656,48.86000061035156,49.599998474121094,49.40650177001953,2124900
2021-03-15,49.529998779296875,50.790000915527344,49.18000030517578,50.7599983215332,50.561973571777344,2007000
2021-03-16,50.310001373291016,50.5099983215332,48.939998626708984,48.939998626708984,48.74907684326172,1398700
2021-03-17,49.09000015258789,50.02000045776367,48.560001373291016,49.779998779296875,49.5858039855957,1286300
2021-03-18,49.779998779296875,50.900001525878906,49.459999084472656,49.7400016784668,49.545955657958984,2024600
2021-03-19,49.630001068115234,49.9900016784668,48.5099983215332,49.45000076293945,49.25708770751953,6270400
2021-03-22,49.400001525878906,49.400001525878906,48.02000045776367,48.810001373291016,48.61957931518555,1880400
2021-03-23,48.2400016784668,48.722999572753906,46.939998626708984,47.13999938964844,46.95610046386719,1574900
2021-03-24,47.540000915527344,48.95000076293945,47.540000915527344,48.34000015258789,48.15141296386719,1788200
2021-03-25,47.88999938964844,48.98500061035156,46.939998626708984,48.72999954223633,48.539894104003906,1630300
2021-03-26,49.2599983215332,49.959999084472656,48.790000915527344,49.709999084472656,49.51607131958008,970700
2021-03-29,49.59000015258789,49.970001220703125,49.369998931884766,49.59000015258789,49.39653396606445,1149300
2021-03-30,49.75,50.38800048828125,49.41999816894531,50.040000915527344,49.84478759765625,2069000
2021-03-31,50.099998474121094,50.91999816894531,49.16999816894531,49.209999084472656,49.01801681518555,2105100
2021-04-01,49.40999984741211,49.720001220703125,48.93000030517578,49.61000061035156,49.41645812988281,1857300
2021-04-05,50.02000045776367,50.569000244140625,49.86000061035156,50.09000015258789,49.894588470458984,1839800
2021-04-06,50.36000061035156,50.77000045776367,49.90999984741211,50.22999954223633,50.0340461730957,1249000
2021-04-07,50.08000183105469,50.349998474121094,49.52000045776367,50.13999938964844,49.944393157958984,1494200
2021-04-08,50.04999923706055,50.400001525878906,49.33000183105469,50.31999969482422,50.12369155883789,1515800
2021-04-09,50.56999969482422,50.72999954223633,49.72999954223633,50.58000183105469,50.3826789855957,1296100
2021-04-12,51.439998626708984,51.4900016784668,49.91999816894531,50.150001525878906,49.95435333251953,2920100
2021-04-13,49.869998931884766,49.91999816894531,48.630001068115234,49.22999954223633,49.03794479370117,2750000
2021-04-14,49.36000061035156,50.1150016784668,49.31999969482422,49.400001525878906,49.207279205322266,1989800
2021-04-15,49.52000045776367,49.7400016784668,49.02000045776367,49.34000015258789,49.147518157958984,2174100
2021-04-16,49.810001373291016,50.380001068115234,49.52000045776367,50.2400016784668,50.04400634765625,2722900
2021-04-19,50.08000183105469,50.959999084472656,50.0099983215332,50.90999984741211,50.711395263671875,2344800
2021-04-20,50.86000061035156,50.900001525878906,49.47999954223633,50.34000015258789,50.143611907958984,3009000
2021-04-21,50.119998931884766,51.130001068115234,49.810001373291016,50.95000076293945,50.75123977661133,2139100
2021-04-22,50.959999084472656,52.1150016784668,50.59000015258789,51.2400016784668,51.040103912353516,2674900
2021-04-23,51.5099983215332,51.88999938964844,51.08000183105469,51.619998931884766,51.41862106323242,1873100
2021-04-26,51.58000183105469,52.0,51.209999084472656,51.22999954223633,51.03013610839844,2059700
2021-04-27,51.459999084472656,51.459999084472656,50.650001525878906,51.209999084472656,51.010215759277344,1330000
2021-04-28,51.04999923706055,52.119998931884766,50.970001220703125,51.939998626708984,51.73737335205078,3508000
2021-04-29,50.310001373291016,51.70000076293945,49.77000045776367,51.2400016784668,51.040103912353516,3276100
2021-04-30,50.720001220703125,50.98500061035156,49.290000915527344,49.40999984741211,49.217247009277344,3399200
2021-05-03,49.529998779296875,49.790000915527344,48.25,48.29999923706055,48.11156463623047,2870300
2021-05-04,48.09000015258789,49.27000045776367,47.6150016784668,49.209999084472656,49.01801681518555,1974400
2021-05-05,49.470001220703125,49.665000915527344,48.58000183105469,49.40999984741211,49.217247009277344,1431400
2021-05-06,49.41999816894531,49.689998626708984,48.9900016784668,49.529998779296875,49.336769104003906,1355500
2021-05-07,49.27000045776367,50.689998626708984,48.8650016784668,50.529998779296875,50.33287811279297,1704400
2021-05-10,50.86000061035156,51.599998474121094,50.11000061035156,50.119998931884766,49.92447280883789,1495400
2021-05-11,47.88999938964844,48.91999816894531,47.209999084472656,48.15999984741211,47.97212219238281,6767300
2021-05-12,48.290000915527344,48.5099983215332,47.029998779296875,47.130001068115234,46.946144104003906,2345700
2021-05-13,47.06999969482422,47.959999084472656,47.06999969482422,47.56999969482422,47.38441848754883,1474700
2021-05-14,47.939998626708984,48.7599983215332,47.75,48.540000915527344,48.350643157958984,2554000
2021-05-17,48.36000061035156,48.959999084472656,47.83000183105469,48.7599983215332,48.56977844238281,2894100
2021-05-18,48.75,48.775001525878906,48.029998779296875,48.41999816894531,48.23110580444336,3407600
2021-05-19,47.7400016784668,47.90999984741211,46.7599983215332,47.7400016784668,47.55375671386719,3195300
2021-05-20,48.209999084472656,48.459999084472656,47.59000015258789,48.27000045776367,48.08169174194336,4055500
2021-05-21,48.7599983215332,49.40999984741211,48.540000915527344,48.869998931884766,48.679351806640625,2453400
2021-05-24,49.130001068115234,49.779998779296875,48.86000061035156,49.59000015258789,49.39653396606445,2018000
2021-05-25,49.54999923706055,49.89500045776367,48.66999816894531,48.68000030517578,48.49009323120117,1642400
2021-05-26,48.77000045776367,49.189998626708984,48.63999938964844,49.16999816894531,48.978172302246094,1228000
2021-05-27,49.650001525878906,49.97999954223633,49.33000183105469,49.66999816894531,49.47622299194336,3278600
2021-05-28,49.79999923706055,49.79999923706055,49.22999954223633,49.63999938964844,49.44635009765625,1423400
2021-06-01,50.33000183105469,50.61000061035156,50.02000045776367,50.029998779296875,49.83481979370117,1421100
2021-06-02,50.040000915527344,50.2599983215332,49.51499938964844,49.72999954223633,49.535987854003906,1467700
2021-06-03,49.459999084472656,49.529998779296875,49.02000045776367,49.13999938964844,48.948299407958984,1226600
2021-06-04,49.36000061035156,49.689998626708984,49.04999923706055,49.209999084472656,49.01801681518555,1268000
2021-06-07,49.38999938964844,49.41999816894531,48.125,48.209999084472656,48.02192306518555,1569100
2021-06-08,48.06999969482422,48.720001220703125,47.66999816894531,48.5,48.310794830322266,1323300
2021-06-09,48.34000015258789,48.34000015258789,47.63999938964844,47.66999816894531,47.48402404785156,1334700
2021-06-10,48.040000915527344,48.060001373291016,47.34000015258789,47.36000061035156,47.175235748291016,1292000
2021-06-11,47.66999816894531,47.959999084472656,47.529998779296875,47.95000076293945,47.762939453125,1394200
2021-06-14,47.970001220703125,47.994998931884766,47.36000061035156,47.529998779296875,47.344573974609375,1652100
2021-06-15,47.65999984741211,47.7599983215332,47.20000076293945,47.31999969482422,47.13540267944336,2345000
2021-06-16,47.15999984741211,47.939998626708984,46.7599983215332,47.7400016784668,47.55375671386719,4026400
2021-06-17,48.290000915527344,48.50699996948242,45.95000076293945,45.9900016784668,45.810585021972656,5377400
2021-06-18,45.15999984741211,46.400001525878906,45.0099983215332,45.5,45.32249069213867,4236600
2021-06-21,45.95000076293945,47.0,45.95000076293945,46.91999816894531,46.7369499206543,2250100
2021-06-22,47.04999923706055,47.04999923706055,46.220001220703125,46.599998474121094,46.41820526123047,1342900
2021-06-23,46.630001068115234,47.040000915527344,46.31999969482422,46.810001373291016,46.62739181518555,1670000
2021-06-24,47.150001525878906,47.904998779296875,46.76499938964844,47.63999938964844,47.454139709472656,2688600
2021-06-25,47.97999954223633,49.130001068115234,47.88999938964844,48.97999954223633,48.78891372680664,4384400
2021-06-28,49.099998474121094,49.13999938964844,48.111000061035156,48.84000015258789,48.64946746826172,1941100
2021-06-29,49.029998779296875,49.310001373291016,48.505001068115234,48.540000915527344,48.350643157958984,1443000
2021-06-30,48.41999816894531,49.029998779296875,48.41999816894531,48.810001373291016,48.61957931518555,1635300
2021-07-01,49.13999938964844,49.38999938964844,48.529998779296875,48.61000061035156,48.42036056518555,2471900
2021-07-02,48.68000030517578,48.83399963378906,48.400001525878906,48.59000015258789,48.40044403076172,1451300
2021-07-06,49.18000030517578,49.224998474121094,47.83000183105469,48.2599983215332,48.07173156738281,1674800
2021-07-07,48.08000183105469,49.426998138427734,48.02000045776367,49.349998474121094,49.157474517822266,5212800
2021-07-08,48.61000061035156,48.88999938964844,48.08000183105469,48.2599983215332,48.07173156738281,3432000
2021-07-09,49.0,49.56999969482422,48.849998474121094,49.380001068115234,49.18735885620117,2387800
2021-07-12,49.5,49.70000076293945,49.150001525878906,49.380001068115234,49.18735885620117,1382900
2021-07-13,49.220001220703125,49.29999923706055,48.44499969482422,48.58000183105469,48.390480041503906,1358300
2021-07-14,48.619998931884766,49.0099983215332,47.90999984741211,48.06999969482422,47.88247299194336,1616400
2021-07-15,47.849998474121094,48.66999816894531,47.650001525878906,48.130001068115234,47.94223403930664,2133100
2021-07-16,48.31999969482422,48.900001525878906,48.095001220703125,48.15999984741211,47.97212219238281,1987500
2021-07-19,46.68000030517578,47.04999923706055,45.845001220703125,46.25,46.0695686340332,2869400
2021-07-20,46.5,48.2400016784668,46.33000183105469,48.150001525878906,47.962154388427734,2019600
2021-07-21,48.45000076293945,48.970001220703125,48.34000015258789,48.630001068115234,48.44028091430664,1470800
2021-07-22,48.790000915527344,48.970001220703125,48.34000015258789,48.5,48.310794830322266,1927200
2021-07-23,48.86000061035156,49.060001373291016,48.119998931884766,48.61000061035156,48.42036056518555,1902400
2021-07-26,48.75,49.060001373291016,48.560001373291016,48.849998474121094,48.65943145751953,961400
2021-07-27,48.290000915527344,48.939998626708984,48.08000183105469,48.209999084472656,48.02192306518555,1464800
2021-07-28,48.119998931884766,48.33000183105469,47.349998474121094,47.470001220703125,47.28480911254883,2343300
2021-07-29,47.25,48.619998931884766,47.25,48.18000030517578,47.992034912109375,2535700
2021-07-30,48.2400016784668,48.91999816894531,48.0,48.869998931884766,48.679351806640625,2133400
2021-08-02,48.959999084472656,49.86000061035156,48.310001373291016,48.369998931884766,48.181297302246094,1876900
2021-08-03,48.70000076293945,49.80500030517578,47.91999816894531,49.66999816894531,49.47622299194336,2547900
2021-08-04,49.720001220703125,51.02000045776367,49.369998931884766,50.31999969482422,50.12369155883789,10410400
2021-08-05,50.720001220703125,51.38999938964844,49.89500045776367,50.099998474121094,49.904541015625,6823600
2021-08-06,50.40999984741211,50.8849983215332,49.779998779296875,49.81999969482422,49.62563705444336,4598800
2021-08-09,49.599998474121094,49.790000915527344,49.040000915527344,49.52000045776367,49.32680130004883,2136400
2021-08-10,49.560001373291016,51.11000061035156,49.470001220703125,51.060001373291016,50.86079788208008,2676100
2021-08-11,51.20000076293945,51.529998779296875,50.66999816894531,51.529998779296875,51.3289680480957,2295900
2021-08-12,51.599998474121094,52.06999969482422,51.45000076293945,52.0099983215332,51.80709457397461,2286000
2021-08-13,52.0,52.654998779296875,51.849998474121094,52.43000030517578,52.22545623779297,2799100
2021-08-16,52.2400016784668,52.470001220703125,51.66999816894531,52.29999923706055,52.09596633911133,1677300
2021-08-17,51.970001220703125,52.09000015258789,50.66999816894531,50.849998474121094,50.6516227722168,2778100
2021-08-18,50.720001220703125,51.09000015258789,50.40999984741211,50.47999954223633,50.28306579589844,1544500
2021-08-19,50.0,50.209999084472656,49.310001373291016,49.7400016784668,49.545955657958984,2231600
2021-08-20,49.75,50.13999938964844,49.45000076293945,50.08000183105469,49.88462448120117,1489300
2021-08-23,50.58000183105469,51.27000045776367,50.4900016784668,50.95000076293945,50.75123977661133,1637600
2021-08-24,51.09000015258789,52.0,51.09000015258789,51.79999923706055,51.5979118347168,1540500
2021-08-25,51.9900016784668,52.400001525878906,51.65999984741211,52.09000015258789,51.88678741455078,2112900
2021-08-26,51.9900016784668,52.20000076293945,51.33000183105469,51.81999969482422,51.61784362792969,2154800
2021-08-27,52.08000183105469,53.38999938964844,51.7599983215332,52.849998474121094,52.643821716308594,3400700
2021-08-30,52.88999938964844,53.540000915527344,52.45000076293945,53.25,53.04225540161133,2042900
2021-08-31,53.220001220703125,53.41999816894531,52.650001525878906,53.02000045776367,52.81315612792969,2159100
2021-09-01,53.310001373291016,53.310001373291016,52.380001068115234,52.7400016784668,52.534244537353516,1991900
2021-09-02,53.43000030517578,54.45500183105469,52.900001525878906,53.790000915527344,53.58015060424805,3856500
2021-09-03,53.880001068115234,54.20500183105469,52.630001068115234,52.939998626708984,52.733463287353516,3760300
2021-09-07,52.7400016784668,53.08000183105469,51.47999954223633,51.7599983215332,51.558067321777344,2502300
2021-09-08,51.560001373291016,52.86000061035156,51.40999984741211,52.720001220703125,52.51433181762695,2777900
2021-09-09,52.720001220703125,54.150001525878906,52.720001220703125,53.88999938964844,53.67976379394531,3864200
2021-09-10,54.45000076293945,55.2400016784668,54.119998931884766,54.72999954223633,54.51648712158203,3696100
2021-09-13,55.310001373291016,55.619998931884766,53.404998779296875,54.0,53.78933334350586,3969100
2021-09-14,54.310001373291016,54.31999969482422,52.869998931884766,53.54999923706055,53.34109115600586,2652900
2021-09-15,53.439998626708984,55.02000045776367,53.22999954223633,54.97999954223633,54.76551055908203,3058900
2021-09-16,54.75,55.18000030517578,54.20000076293945,54.56999969482422,54.357112884521484,2961300
2021-09-17,53.959999084472656,54.709999084472656,53.810001373291016,54.29999923706055,54.088165283203125,8807300
2021-09-20,53.130001068115234,53.529998779296875,52.349998474121094,52.9900016784668,52.78327560424805,2795100
2021-09-21,53.33000183105469,53.41999816894531,52.15999984741211,52.91999816894531,52.71354293823242,2089700
2021-09-22,53.45000076293945,53.72999954223633,52.84000015258789,52.900001525878906,52.693626403808594,2314600
2021-09-23,53.15999984741211,53.779998779296875,53.029998779296875,53.63999938964844,53.43073654174805,2461000
2021-09-24,53.599998474121094,53.970001220703125,53.209999084472656,53.5099983215332,53.301246643066406,1516000
2021-09-27,53.630001068115234,54.7400016784668,53.33000183105469,53.380001068115234,53.171756744384766,2819000
2021-09-28,52.84000015258789,53.16999816894531,51.31999969482422,51.560001373291016,51.358848571777344,2336900
2021-09-29,51.75,52.0,51.2400016784668,51.40999984741211,51.209442138671875,1972400
2021-09-30,51.56999969482422,51.63999938964844,50.380001068115234,50.40999984741211,50.21333694458008,2892700
2021-10-01,50.630001068115234,51.16999816894531,50.02000045776367,50.869998931884766,50.671539306640625,1209300
2021-10-04,50.970001220703125,51.36000061035156,50.540000915527344,50.7400016784668,50.54205322265625,1620600
2021-10-05,50.86000061035156,51.755001068115234,50.5,51.209999084472656,51.010215759277344,1613200
2021-10-06,50.439998626708984,51.310001373291016,50.04999923706055,51.16999816894531,50.970375061035156,3167400
2021-10-07,51.79999923706055,52.45000076293945,51.66999816894531,51.70000076293945,51.49831008911133,2244900
2021-10-08,51.40999984741211,51.76499938964844,50.70000076293945,50.9900016784668,50.791080474853516,1342700
2021-10-11,50.83000183105469,51.16999816894531,50.060001373291016,50.06999969482422,49.874664306640625,1379300
2021-10-12,50.18000030517578,50.58000183105469,49.71500015258789,49.88999938964844,49.69536590576172,1563300
2021-10-13,50.119998931884766,50.845001220703125,49.75,50.7400016784668,50.54205322265625,1651600
2021-10-14,51.189998626708984,52.29999923706055,50.900001525878906,52.27000045776367,52.06608581542969,1756700
2021-10-15,52.665000915527344,53.08000183105469,52.470001220703125,52.5099983215332,52.305137634277344,1229900
2021-10-18,52.060001373291016,53.08000183105469,51.904998779296875,52.91999816894531,52.71354293823242,1640300
2021-10-19,53.36000061035156,53.900001525878906,53.29999923706055,53.56999969482422,53.36101150512695,1691800
2021-10-20,53.7599983215332,54.071998596191406,53.474998474121094,53.560001373291016,53.35105514526367,1412800
2021-10-21,53.060001373291016,54.34000015258789,53.060001373291016,54.11000061035156,53.8989143371582,2410100
2021-10-22,54.34000015258789,54.650001525878906,53.72999954223633,54.20000076293945,53.988555908203125,1050100
2021-10-25,54.040000915527344,55.040000915527344,53.849998474121094,54.54999923706055,54.33718490600586,1625900
2021-10-26,54.77000045776367,54.79999923706055,53.893001556396484,53.939998626708984,53.72957229614258,1348600
2021-10-27,53.869998931884766,54.44499969482422,53.17499923706055,53.220001220703125,53.01238250732422,1511100
2021-10-28,53.25,54.34000015258789,52.900001525878906,54.33000183105469,54.11804962158203,1561900
2021-10-29,54.0099983215332,54.47999954223633,53.5,53.7599983215332,53.550270080566406,2133800
2021-11-01,53.91999816894531,54.79499816894531,53.880001068115234,54.4900016784668,54.277427673339844,1614000
2021-11-02,54.5,56.25,54.0,56.22999954223633,56.01062774658203,2100200
2021-11-03,56.02000045776367,56.33000183105469,55.279998779296875,56.060001373291016,55.841304779052734,2096300
2021-11-04,57.040000915527344,58.43000030517578,56.529998779296875,57.150001525878906,56.92704772949219,2183000
2021-11-05,57.689998626708984,58.04999923706055,56.68000030517578,57.25,57.02666091918945,2939100
2021-11-08,57.83000183105469,58.27000045776367,57.59000015258789,57.90999984741211,57.684085845947266,2282800
2021-11-09,57.810001373291016,59.560001373291016,57.790000915527344,59.5,59.288352966308594,3092700
2021-11-10,59.099998474121094,59.4900016784668,58.290000915527344,58.38999938964844,58.18229675292969,1820900
2021-11-11,58.560001373291016,58.665000915527344,57.935001373291016,58.25,58.04280090332031,1083900
2021-11-12,58.529998779296875,58.59700012207031,57.880001068115234,58.45000076293945,58.24208450317383,1369400
2021-11-15,58.59000015258789,59.400001525878906,58.54999923706055,59.04999923706055,58.83995056152344,2400700
2021-11-16,59.220001220703125,60.9900016784668,59.15999984741211,60.29999923706055,60.085506439208984,2147000
2021-11-17,60.18000030517578,60.185001373291016,58.560001373291016,59.34000015258789,59.12892532348633,1913000
2021-11-18,60.0,61.2599983215332,59.81999969482422,60.900001525878906,60.683380126953125,3510100
2021-11-19,61.880001068115234,62.060001373291016,60.290000915527344,61.45000076293945,61.231422424316406,2734700
2021-11-22,61.7400016784668,62.04999923706055,59.880001068115234,59.91999816894531,59.70685958862305,1954500
2021-11-23,59.709999084472656,60.7599983215332,59.45000076293945,60.689998626708984,60.474117279052734,1908500
2021-11-24,60.02000045776367,61.040000915527344,60.0,61.02000045776367,60.802947998046875,1370700
2021-11-26,58.4900016784668,59.90999984741211,58.189998626708984,58.939998626708984,58.730342864990234,1882400
2021-11-29,59.880001068115234,60.560001373291016,59.279998779296875,59.79999923706055,59.58728790283203,1999400
2021-11-30,59.25,60.13999938964844,58.02000045776367,58.34000015258789,58.13248062133789,2563700
2021-12-01,59.43000030517578,59.84000015258789,57.06999969482422,57.099998474121094,56.896888732910156,1463700
2021-12-02,57.4900016784668,59.58000183105469,57.38999938964844,59.2400016784668,59.0292854309082,2415500
2021-12-03,59.61000061035156,59.61000061035156,57.56999969482422,58.5,58.29191207885742,2174100
2021-12-06,59.33000183105469,59.709999084472656,58.720001220703125,58.7400016784668,58.53105926513672,2623700
2021-12-07,59.33000183105469,60.41999816894531,59.220001220703125,59.72999954223633,59.51753616333008,2201800
2021-12-08,59.5099983215332,60.209999084472656,58.91999816894531,60.150001525878906,59.936038970947266,2614800
2021-12-09,59.790000915527344,60.42499923706055,59.560001373291016,59.91999816894531,59.70685958862305,1162100
2021-12-10,60.0,60.189998626708984,59.25,59.59000015258789,59.37803649902344,1676500
2021-12-13,59.560001373291016,60.29999923706055,59.474998474121094,59.63999938964844,59.427860260009766,1983300
2021-12-14,59.22999954223633,59.58000183105469,57.435001373291016,58.08000183105469,57.87340545654297,3232400
2021-12-15,58.47999954223633,59.599998474121094,57.81999969482422,59.540000915527344,59.32821273803711,2478300
2021-12-16,59.720001220703125,60.68000030517578,58.77000045776367,59.41999816894531,59.2086296081543,1976200
2021-12-17,59.18000030517578,59.4900016784668,58.15999984741211,58.220001220703125,58.01291275024414,3680200
2021-12-20,57.41999816894531,57.939998626708984,56.900001525878906,57.869998931884766,57.66415023803711,2193300
2021-12-21,58.529998779296875,59.529998779296875,58.099998474121094,59.16999816894531,58.95952606201172,1711500
2021-12-22,59.220001220703125,59.4900016784668,58.33000183105469,58.7400016784668,58.53105926513672,1148200
2021-12-23,59.040000915527344,60.04999923706055,58.959999084472656,59.7400016784668,59.52750015258789,1140200
2021-12-27,59.880001068115234,61.439998626708984,59.790000915527344,61.209999084472656,60.99226760864258,1197400
2021-12-28,61.279998779296875,61.70000076293945,60.900001525878906,61.369998931884766,61.151702880859375,1244100
2021-12-29,61.279998779296875,61.59000015258789,61.08000183105469,61.400001525878906,61.18159866333008,754500
2021-12-30,61.41999816894531,62.0,61.25,61.25,61.03213119506836,757300
2021-12-31,61.150001525878906,62.22999954223633,61.150001525878906,61.869998931884766,61.64992141723633,966200
2022-01-03,62.20000076293945,62.63999938964844,59.31999969482422,59.630001068115234,59.41789245605469,1892100
2022-01-04,60.150001525878906,61.06999969482422,59.72999954223633,60.7400016784668,60.52394485473633,1837800
2022-01-05,60.75,61.349998474121094,59.150001525878906,59.209999084472656,58.999385833740234,2537700
2022-01-06,59.72999954223633,60.5,59.10900115966797,60.29999923706055,60.085506439208984,1367400
2022-01-07,60.33000183105469,60.869998931884766,59.25,59.29999923706055,59.08906173706055,1917900
2022-01-10,58.47999954223633,59.09000015258789,57.959999084472656,58.9900016784668,58.78017044067383,2101600
2022-01-11,59.31999969482422,60.09000015258789,58.380001068115234,59.970001220703125,59.75668716430664,1543500
2022-01-12,60.220001220703125,60.65999984741211,59.79999923706055,59.97999954223633,59.76664733886719,1085800
2022-01-13,59.849998474121094,60.45000076293945,59.30500030517578,59.52000045776367,59.30828857421875,1370600
2022-01-14,58.7599983215332,59.5,58.290000915527344,59.36000061035156,59.14885330200195,1947700
2022-01-18,58.540000915527344,59.119998931884766,58.15999984741211,58.61000061035156,58.40152359008789,1756300
2022-01-19,59.0099983215332,59.43000030517578,58.2599983215332,58.380001068115234,58.172332763671875,1429600
2022-01-20,58.25,59.380001068115234,57.5099983215332,57.650001525878906,57.444942474365234,1650700
2022-01-21,57.150001525878906,57.900001525878906,56.61000061035156,57.27000045776367,57.06629180908203,1983700
2022-01-24,56.2400016784668,57.2599983215332,54.41999816894531,57.15999984741211,56.9566764831543,2971100
2022-01-25,56.209999084472656,56.630001068115234,54.5,55.58000183105469,55.382301330566406,2617300
2022-01-26,56.119998931884766,57.334999084472656,55.33000183105469,55.939998626708984,55.74101638793945,2665300
2022-01-27,56.689998626708984,57.220001220703125,54.61000061035156,54.83000183105469,54.63496398925781,2858800
2022-01-28,54.599998474121094,55.13999938964844,53.334999084472656,55.119998931884766,54.92393493652344,2409000
2022-01-31,55.08000183105469,56.36000061035156,54.72999954223633,56.209999084472656,56.01005172729492,1855500
2022-02-01,56.2400016784668,57.06999969482422,55.60499954223633,56.810001373291016,56.60792541503906,1465200
2022-02-02,56.970001220703125,57.2400016784668,56.43000030517578,56.75,56.548133850097656,1425000
2022-02-03,56.290000915527344,56.540000915527344,54.91999816894531,55.099998474121094,54.90400314331055,2492900
2022-02-04,54.619998931884766,55.084999084472656,53.43000030517578,54.619998931884766,54.42571258544922,2240500
2022-02-07,54.689998626708984,55.04999923706055,54.40999984741211,54.56999969482422,54.375892639160156,1796400
2022-02-08,54.7400016784668,55.584999084472656,54.263999938964844,55.20000076293945,55.00364685058594,2988500
2022-02-09,56.02000045776367,56.564998626708984,55.93000030517578,56.31999969482422,56.11966323852539,2468300
2022-02-10,55.36000061035156,56.630001068115234,55.0099983215332,55.34000015258789,55.14314651489258,1872800
2022-02-11,55.5099983215332,55.58000183105469,52.959999084472656,53.31999969482422,53.13033676147461,3235600
2022-02-14,53.290000915527344,54.189998626708984,53.20000076293945,53.79999923706055,53.60862350463867,3217800
2022-02-15,54.70000076293945,55.33000183105469,54.5,55.11000061035156,54.91397476196289,2739800
2022-02-16,54.81999969482422,55.18000030517578,54.185001373291016,54.91999816894531,54.724647521972656,1769000
2022-02-17,54.439998626708984,54.5,53.279998779296875,53.310001373291016,53.1203727722168,1578400
2022-02-18,53.15999984741211,53.959999084472656,52.779998779296875,53.06999969482422,52.881229400634766,1827600
2022-02-22,53.130001068115234,53.81999969482422,52.70000076293945,53.09000015258789,52.901153564453125,2016000
2022-02-23,53.41999816894531,53.41999816894531,51.810001373291016,52.0,51.81502914428711,2683700
2022-02-24,50.470001220703125,51.2400016784668,49.0,50.33000183105469,50.15097427368164,4031900
2022-02-25,50.290000915527344,51.599998474121094,49.619998931884766,51.43000030517578,51.24706268310547,2025700
2022-02-28,50.45000076293945,51.400001525878906,49.915000915527344,50.52000045776367,50.340301513671875,3193000
2022-03-01,50.2400016784668,50.31999969482422,48.849998474121094,49.25,49.07481384277344,3589300
2022-03-02,49.790000915527344,50.90999984741211,49.619998931884766,50.439998626708984,50.260581970214844,2231700
2022-03-03,50.59000015258789,50.88999938964844,49.54999923706055,49.689998626708984,49.51325225830078,1859600
2022-03-04,48.7599983215332,49.029998779296875,46.244998931884766,46.33000183105469,46.16520309448242,5095000
2022-03-07,46.61000061035156,47.02000045776367,44.849998474121094,44.900001525878906,44.74028396606445,4854400
2022-03-08,45.33000183105469,47.58000183105469,45.27000045776367,45.939998626708984,45.79698944091797,6545800
2022-03-09,47.439998626708984,49.474998474121094,47.06999969482422,48.56999969482422,48.41880416870117,6328200
2022-03-10,47.599998474121094,48.83000183105469,47.52000045776367,48.56999969482422,48.41880416870117,5216500
2022-03-11,49.130001068115234,49.41999816894531,47.540000915527344,47.59000015258789,47.44184494018555,2740400
2022-03-14,48.27000045776367,48.27000045776367,47.400001525878906,47.65999984741211,47.51163101196289,2372500
2022-03-15,48.060001373291016,48.63999938964844,47.790000915527344,48.400001525878906,48.24933624267578,2128400
2022-03-16,48.97999954223633,50.90999984741211,48.97999954223633,50.20000076293945,50.043724060058594,3148400
2022-03-17,49.38999938964844,50.86000061035156,49.38999938964844,50.81999969482422,50.66179656982422,2438200
2022-03-18,50.810001373291016,51.54999923706055,49.959999084472656,51.400001525878906,51.239990234375,3274000
2022-03-21,51.279998779296875,51.7599983215332,50.27000045776367,50.88999938964844,50.73158264160156,2068800
2022-03-22,51.119998931884766,51.5,50.459999084472656,50.77000045776367,50.6119499206543,2210200
2022-03-23,50.36000061035156,50.599998474121094,49.29499816894531,49.31999969482422,49.16646194458008,2444000
2022-03-24,49.619998931884766,49.73500061035156,49.060001373291016,49.38999938964844,49.23624801635742,2124700
2022-03-25,49.36000061035156,50.040000915527344,48.869998931884766,49.97999954223633,49.82440948486328,2214700
2022-03-28,49.900001525878906,50.13999938964844,49.31999969482422,49.79999923706055,49.64496994018555,2354700
2022-03-29,50.70000076293945,51.470001220703125,50.47999954223633,50.7599983215332,50.60198211669922,1424700
2022-03-30,50.43000030517578,51.02000045776367,50.34000015258789,50.79999923706055,50.64186096191406,2749200
2022-03-31,50.43000030517578,50.90999984741211,50.16999816894531,50.349998474121094,50.19326400756836,3593000
2022-04-01,50.97999954223633,51.38999938964844,50.18000030517578,50.25,50.093570709228516,3672300
2022-04-04,49.58000183105469,49.915000915527344,48.810001373291016,48.959999084472656,48.807586669921875,3118200
2022-04-05,48.77000045776367,49.31999969482422,48.189998626708984,48.45000076293945,48.29917907714844,3241600
2022-04-06,47.150001525878906,47.93000030517578,46.70000076293945,47.86000061035156,47.71100997924805,3498400
2022-04-07,47.68000030517578,47.97999954223633,47.06999969482422,47.75,47.601348876953125,2376500
2022-04-08,47.79999923706055,47.93000030517578,46.689998626708984,46.83000183105469,46.68421936035156,2521000
2022-04-11,46.630001068115234,47.025001525878906,46.25,46.41999816894531,46.275489807128906,3263600
2022-04-12,46.709999084472656,47.349998474121094,45.959999084472656,46.25,46.10601806640625,1938200
2022-04-13,46.08000183105469,47.404998779296875,46.08000183105469,47.33000183105469,47.18266296386719,1955000
2022-04-14,47.310001373291016,47.54999923706055,46.40999984741211,46.439998626708984,46.29542541503906,1583600
2022-04-18,46.08000183105469,47.16999816894531,45.93899917602539,46.619998931884766,46.47487258911133,1568900
2022-04-19,46.52000045776367,48.154998779296875,46.52000045776367,47.95000076293945,47.80072784423828,1670800
2022-04-20,48.310001373291016,49.76499938964844,48.04999923706055,49.36000061035156,49.20634460449219,2400000
2022-04-21,49.849998474121094,50.099998474121094,47.619998931884766,47.77000045776367,47.62129592895508,1974300
2022-04-22,47.209999084472656,47.459999084472656,45.79999923706055,45.939998626708984,45.79698944091797,2305800
2022-04-25,45.5,45.689998626708984,44.46500015258789,45.66999816894531,45.527828216552734,2258800
2022-04-26,45.2599983215332,45.61000061035156,43.71500015258789,43.810001373291016,43.673622131347656,2311000
2022-04-27,43.880001068115234,44.93000030517578,43.72999954223633,44.2599983215332,44.12221908569336,1771000
2022-04-28,44.66999816894531,45.34000015258789,43.54999923706055,45.08000183105469,44.939666748046875,2746000
2022-04-29,44.970001220703125,45.68000030517578,43.81999969482422,43.959999084472656,43.823150634765625,2136100
2022-05-02,43.77000045776367,44.79999923706055,43.29499816894531,44.54999923706055,44.41131591796875,2782400
2022-05-03,44.43000030517578,45.474998474121094,44.154998779296875,45.209999084472656,45.06925582885742,2554100
2022-05-04,45.45000076293945,47.290000915527344,45.04499816894531,46.9900016784668,46.843719482421875,3178700
2022-05-05,46.79999923706055,48.79999923706055,44.93000030517578,45.529998779296875,45.38826370239258,3485800
2022-05-06,45.25,45.349998474121094,43.09000015258789,43.79999923706055,43.66365432739258,2856800
2022-05-09,43.130001068115234,43.869998931884766,42.90999984741211,43.25,43.115360260009766,2607100
2022-05-10,43.779998779296875,44.11000061035156,41.599998474121094,42.36000061035156,42.2281379699707,3823600
2022-05-11,42.27000045776367,44.209999084472656,41.869998931884766,42.68000030517578,42.54713439941406,3639500
2022-05-12,42.38999938964844,43.83000183105469,42.0,42.93000030517578,42.79636001586914,3328800
2022-05-13,43.290000915527344,44.39500045776367,43.13999938964844,43.650001525878906,43.51411437988281,2592900
2022-05-16,43.27000045776367,43.80500030517578,42.900001525878906,43.43000030517578,43.294803619384766,2260000
2022-05-17,44.47999954223633,44.88999938964844,43.810001373291016,44.84000015258789,44.70042037963867,1678500
2022-05-18,44.33000183105469,44.93000030517578,43.349998474121094,43.630001068115234,43.494178771972656,2440400
2022-05-19,43.279998779296875,44.810001373291016,43.15999984741211,44.279998779296875,44.16239929199219,2516900
2022-05-20,44.709999084472656,45.119998931884766,43.560001373291016,44.95000076293945,44.83061981201172,3338000
2022-05-23,45.5,45.75,44.970001220703125,45.34000015258789,45.21958923339844,3879000
2022-05-24,45.13999938964844,45.27000045776367,44.22999954223633,45.040000915527344,44.920379638671875,3615600
2022-05-25,44.7400016784668,46.029998779296875,44.540000915527344,45.880001068115234,45.758148193359375,4066800
2022-05-26,46.400001525878906,47.7599983215332,46.06999969482422,47.34000015258789,47.21426773071289,3769100
2022-05-27,47.93000030517578,48.529998779296875,47.5099983215332,48.4900016784668,48.36122131347656,2672400
2022-05-31,47.70000076293945,48.08000183105469,46.84000015258789,47.150001525878906,47.024776458740234,9592400
2022-06-01,47.0099983215332,47.68000030517578,46.34000015258789,47.25,47.12450408935547,1625000
2022-06-02,47.70000076293945,48.66999816894531,47.349998474121094,48.56999969482422,48.441009521484375,1343000
2022-06-03,47.97999954223633,48.915000915527344,47.72999954223633,48.849998474121094,48.72026062011719,2275200
2022-06-06,49.189998626708984,49.630001068115234,48.95000076293945,49.33000183105469,49.1989860534668,2907700
2022-06-07,48.959999084472656,50.584999084472656,48.70000076293945,50.400001525878906,50.266143798828125,3085000
2022-06-08,49.81999969482422,50.689998626708984,49.630001068115234,50.279998779296875,50.146461486816406,3557400
2022-06-09,50.02000045776367,50.130001068115234,48.56999969482422,48.599998474121094,48.470924377441406,3393500
2022-06-10,47.630001068115234,47.630001068115234,46.2400016784668,46.439998626708984,46.3166618347168,2464500
2022-06-13,45.19499969482422,45.279998779296875,43.79999923706055,44.18000030517578,44.06266403198242,3599400
2022-06-14,44.33000183105469,44.689998626708984,43.29499816894531,43.77000045776367,43.65375518798828,3001800
2022-06-15,44.189998626708984,45.220001220703125,43.790000915527344,44.560001373291016,44.44165802001953,2754600
2022-06-16,43.540000915527344,43.54999923706055,41.834999084472656,42.08000183105469,41.96824645996094,3153200
2022-06-17,42.040000915527344,42.435001373291016,41.154998779296875,41.2400016784668,41.13047790527344,5401600
2022-06-21,41.90999984741211,42.45000076293945,41.29999923706055,41.86000061035156,41.74882507324219,1922300
2022-06-22,41.08000183105469,42.02000045776367,41.0,41.7599983215332,41.64908981323242,1634900
2022-06-23,41.59000015258789,41.72999954223633,40.400001525878906,40.959999084472656,40.85122299194336,2629400
2022-06-24,41.5,43.459999084472656,41.400001525878906,43.33000183105469,43.214927673339844,3161400
2022-06-27,43.630001068115234,43.77000045776367,42.880001068115234,43.38999938964844,43.27476501464844,1800200
2022-06-28,43.77000045776367,44.040000915527344,42.7599983215332,42.810001373291016,42.69630432128906,1871100
2022-06-29,42.81999969482422,42.81999969482422,41.540000915527344,42.279998779296875,42.16770935058594,1714900
2022-06-30,41.560001373291016,42.46500015258789,41.529998779296875,42.08000183105469,41.96824645996094,2838900
2022-07-01,42.02000045776367,42.814998626708984,41.470001220703125,42.29999923706055,42.18766403198242,3883200
2022-07-05,41.38999938964844,41.540000915527344,40.560001373291016,41.439998626708984,41.32994079589844,3185600
2022-07-06,41.33000183105469,41.7400016784668,40.779998779296875,41.470001220703125,41.35986328125,2643300
2022-07-07,41.81999969482422,43.209999084472656,41.81999969482422,43.150001525878906,43.035396575927734,2368000
2022-07-08,43.189998626708984,43.189998626708984,42.11000061035156,42.45000076293945,42.337257385253906,1518600
2022-07-11,42.09000015258789,42.68000030517578,41.75,41.970001220703125,41.85853958129883,1929500
2022-07-12,41.779998779296875,42.66999816894531,41.65999984741211,41.72999954223633,41.619171142578125,2980000
2022-07-13,40.95000076293945,41.16999816894531,40.2599983215332,40.83000183105469,40.721561431884766,3077900
2022-07-14,39.93000030517578,40.11000061035156,39.28499984741211,39.849998474121094,39.74415969848633,4739300
2022-07-15,40.70000076293945,41.25,40.20000076293945,41.0,40.891109466552734,3678100
2022-07-18,41.5,42.15999984741211,40.91999816894531,41.220001220703125,41.11052322387695,3052700
2022-07-19,41.83000183105469,43.810001373291016,41.83000183105469,43.27000045776367,43.155086517333984,4499400
2022-07-20,43.290000915527344,44.2400016784668,43.13999938964844,44.06999969482422,43.95295715332031,2715700
2022-07-21,44.06999969482422,44.9900016784668,43.72999954223633,44.959999084472656,44.84059524536133,1633400
2022-07-22,45.0,45.189998626708984,44.18000030517578,44.540000915527344,44.42170715332031,2200200
2022-07-25,44.4900016784668,44.7599983215332,44.0,44.36000061035156,44.242191314697266,1401900
2022-07-26,44.279998779296875,44.77000045776367,44.06999969482422,44.689998626708984,44.57130432128906,1693700
2022-07-27,45.13999938964844,46.959999084472656,44.869998931884766,46.86000061035156,46.73554992675781,4165300
2022-07-28,47.2599983215332,48.439998626708984,46.9900016784668,48.15999984741211,48.03209686279297,2729400
2022-07-29,48.150001525878906,49.95000076293945,48.08000183105469,49.79999923706055,49.6677360534668,2896400
2022-08-01,49.189998626708984,49.43299865722656,48.76499938964844,49.130001068115234,48.999515533447266,2451100
2022-08-02,48.869998931884766,49.7400016784668,48.650001525878906,48.70000076293945,48.57065963745117,2478200
2022-08-03,49.2599983215332,49.900001525878906,48.900001525878906,49.88999938964844,49.75749969482422,3062000
2022-08-04,48.16999816894531,49.959999084472656,48.0099983215332,49.779998779296875,49.647789001464844,4849000
2022-08-05,49.02000045776367,49.849998474121094,48.83000183105469,49.790000915527344,49.65776824951172,3524300
2022-08-08,50.0,50.75,49.88999938964844,50.0,49.86720657348633,2728900
2022-08-09,49.79999923706055,49.79999923706055,49.20000076293945,49.54999923706055,49.41841125488281,2255700
2022-08-10,50.70000076293945,51.52000045776367,50.459999084472656,51.310001373291016,51.17373275756836,2565600
2022-08-11,51.900001525878906,52.54999923706055,51.619998931884766,51.86000061035156,51.722267150878906,2735500
2022-08-12,51.93000030517578,53.630001068115234,51.790000915527344,53.599998474121094,53.4576416015625,3699700
2022-08-15,52.9900016784668,53.66999816894531,52.875,53.5,53.35791015625,2434200
2022-08-16,53.130001068115234,54.13999938964844,53.029998779296875,53.970001220703125,53.846797943115234,2806000
2022-08-17,53.119998931884766,53.13999938964844,52.13999938964844,52.56999969482422,52.44999313354492,3117600
2022-08-18,52.68000030517578,52.79999923706055,52.2599983215332,52.58000183105469,52.45996856689453,2196800
2022-08-19,52.0099983215332,52.04999923706055,51.22999954223633,51.81999969482422,51.70170211791992,3849200
2022-08-22,50.810001373291016,50.970001220703125,49.36000061035156,49.59000015258789,49.47679138183594,6503900
2022-08-23,49.58000183105469,50.290000915527344,49.25,49.43000030517578,49.31716537475586,2796500
2022-08-24,49.15999984741211,50.06999969482422,49.06999969482422,49.65999984741211,49.546630859375,2301600
2022-08-25,50.0,51.099998474121094,49.92499923706055,50.810001373291016,50.69401168823242,3244600
2022-08-26,50.97999954223633,51.064998626708984,48.2599983215332,48.290000915527344,48.17976379394531,2813900
2022-08-29,47.81999969482422,48.060001373291016,47.060001373291016,47.849998474121094,47.74076461791992,4018800
2022-08-30,48.0,48.150001525878906,47.2599983215332,47.70000076293945,47.59111022949219,4777400
2022-08-31,47.95000076293945,47.970001220703125,47.20500183105469,47.369998931884766,47.26185989379883,6680100
2022-09-01,47.16999816894531,48.41999816894531,46.66999816894531,48.380001068115234,48.26955795288086,3937800
2022-09-02,49.099998474121094,49.43000030517578,47.529998779296875,47.7400016784668,47.631011962890625,3518000
2022-09-06,48.0099983215332,48.06999969482422,47.310001373291016,47.66999816894531,47.56117630004883,3307600
2022-09-07,47.63999938964844,48.8849983215332,47.5099983215332,48.72999954223633,48.61875915527344,3564900
2022-09-08,48.31999969482422,49.349998474121094,47.849998474121094,49.310001373291016,49.19743347167969,3094300
2022-09-09,49.650001525878906,50.358001708984375,49.52000045776367,50.22999954223633,50.115333557128906,1780500
2022-09-12,50.630001068115234,51.709999084472656,50.630001068115234,51.54999923706055,51.43231201171875,2232900
2022-09-13,49.95000076293945,50.66999816894531,49.34000015258789,49.560001373291016,49.446868896484375,1966300
2022-09-14,49.650001525878906,49.65999984741211,48.65999984741211,49.599998474121094,49.48676681518555,2203600
2022-09-15,49.650001525878906,50.529998779296875,49.119998931884766,49.310001373291016,49.19743347167969,3242000
2022-09-16,48.4900016784668,48.540000915527344,46.40999984741211,47.189998626708984,47.082279205322266,6046200
2022-09-19,46.72999954223633,48.619998931884766,46.72999954223633,48.459999084472656,48.34937286376953,2655200
2022-09-20,48.0,48.09000015258789,46.63999938964844,47.189998626708984,47.082279205322266,2852700
2022-09-21,47.529998779296875,48.150001525878906,46.13999938964844,46.150001525878906,46.04464340209961,4115500
2022-09-22,46.08000183105469,46.369998931884766,44.779998779296875,44.810001373291016,44.707698822021484,4080600
2022-09-23,44.209999084472656,44.46500015258789,43.060001373291016,44.06999969482422,43.96939468383789,2907300
2022-09-26,43.75,44.54999923706055,43.290000915527344,43.31999969482422,43.22110366821289,2831300
2022-09-27,43.970001220703125,44.119998931884766,42.20000076293945,42.93000030517578,42.832000732421875,2765000
2022-09-28,43.310001373291016,44.51499938964844,42.95000076293945,44.11000061035156,44.009300231933594,2275000
2022-09-29,43.310001373291016,43.7400016784668,42.58000183105469,43.689998626708984,43.59026336669922,2517200
2022-09-30,43.7599983215332,44.369998931884766,43.16999816894531,43.2599983215332,43.1612434387207,2220600
2022-10-03,44.099998474121094,45.73500061035156,43.52000045776367,45.029998779296875,44.92720413208008,2948100
2022-10-04,46.15999984741211,47.130001068115234,46.02000045776367,47.06999969482422,46.962547302246094,1852400
2022-10-05,46.2599983215332,47.17499923706055,46.09000015258789,46.939998626708984,46.83283996582031,2082600
2022-10-06,46.75,47.790000915527344,46.72999954223633,47.0099983215332,46.902679443359375,1987800
2022-10-07,46.290000915527344,46.470001220703125,45.31999969482422,45.650001525878906,45.54579544067383,1638400
2022-10-10,46.11000061035156,46.15999984741211,44.744998931884766,45.15999984741211,45.05690383911133,2065600
2022-10-11,44.91999816894531,46.130001068115234,44.54999923706055,45.41999816894531,45.31631088256836,2279500
2022-10-12,45.56999969482422,45.90999984741211,44.290000915527344,45.130001068115234,45.026973724365234,1730800
2022-10-13,44.029998779296875,47.150001525878906,43.56999969482422,46.790000915527344,46.68319320678711,2283200
2022-10-14,47.18000030517578,47.5099983215332,45.029998779296875,45.11000061035156,45.00701904296875,2282300
2022-10-17,46.439998626708984,47.189998626708984,46.0,46.72999954223633,46.623321533203125,2226000
2022-10-18,47.93000030517578,48.47999954223633,46.59000015258789,47.02000045776367,46.91266632080078,3752500
2022-10-19,46.099998474121094,46.939998626708984,45.6150016784668,46.310001373291016,46.204280853271484,3048000
2022-10-20,46.43000030517578,46.840999603271484,45.13999938964844,45.20000076293945,45.0968132019043,1874800
2022-10-21,45.470001220703125,46.83000183105469,45.13999938964844,46.790000915527344,46.68319320678711,3317600
2022-10-24,47.2599983215332,47.81999969482422,46.880001068115234,47.790000915527344,47.680908203125,1384900
2022-10-25,47.779998779296875,49.005001068115234,47.7599983215332,48.88999938964844,48.77839279174805,2518400
2022-10-26,49.20000076293945,49.61000061035156,48.290000915527344,48.61000061035156,48.49903106689453,2368000
2022-10-27,49.08000183105469,49.540000915527344,48.4900016784668,48.630001068115234,48.51898193359375,2656600
2022-10-28,48.83000183105469,50.540000915527344,48.470001220703125,50.45000076293945,50.3348274230957,2289900
2022-10-31,50.16999816894531,51.0,50.040000915527344,50.5,50.38471603393555,2373600
2022-11-01,51.099998474121094,51.63999938964844,50.13999938964844,50.29999923706055,50.18517303466797,2054000
2022-11-02,49.79999923706055,51.119998931884766,48.84000015258789,49.04999923706055,48.93803024291992,3045100
2022-11-03,49.41999816894531,52.22999954223633,47.630001068115234,51.369998931884766,51.25272750854492,4467300
2022-11-04,52.709999084472656,53.59000015258789,51.66999816894531,52.91999816894531,52.79918670654297,2539000
2022-11-07,53.189998626708984,53.68000030517578,52.54999923706055,53.2400016784668,53.11846160888672,2640500
2022-11-08,53.560001373291016,53.599998474121094,51.95000076293945,52.2400016784668,52.120750427246094,4688400
2022-11-09,51.79999923706055,52.470001220703125,51.48500061035156,51.72999954223633,51.611907958984375,2039100
2022-11-10,53.84000015258789,54.33000183105469,53.310001373291016,53.880001068115234,53.75699996948242,4798600
2022-11-11,54.0,55.72999954223633,53.78499984741211,55.310001373291016,55.18373489379883,6675600
2022-11-14,55.18000030517578,56.27000045776367,55.130001068115234,55.189998626708984,55.06401062011719,2762800
2022-11-15,56.0,56.709999084472656,55.04499816894531,55.5099983215332,55.403358459472656,2065300
2022-11-16,55.290000915527344,55.880001068115234,54.76499938964844,54.9900016784668,54.88435363769531,1970300
2022-11-17,54.06999969482422,54.369998931884766,52.790000915527344,53.790000915527344,53.68666458129883,1909500
2022-11-18,54.5,54.709999084472656,53.150001525878906,53.70000076293945,53.59683609008789,2725700
2022-11-21,53.5099983215332,53.95000076293945,53.34000015258789,53.599998474121094,53.49702072143555,1902800
2022-11-22,54.0,54.25,53.36000061035156,53.790000915527344,53.68666458129883,2734900
2022-11-23,53.869998931884766,54.20000076293945,53.5099983215332,53.63999938964844,53.53694534301758,1968000
2022-11-25,53.79999923706055,54.029998779296875,53.349998474121094,53.41999816894531,53.3173713684082,1213100
2022-11-28,52.959999084472656,53.525001525878906,52.79999923706055,53.15999984741211,53.0578727722168,2490000
2022-11-29,53.2400016784668,53.7599983215332,52.619998931884766,52.81999969482422,52.71852493286133,1796000
2022-11-30,52.97999954223633,54.14500045776367,52.30500030517578,53.970001220703125,53.86631774902344,5157500
2022-12-01,54.34000015258789,55.130001068115234,53.720001220703125,54.290000915527344,54.18570327758789,2856400
2022-12-02,53.4900016784668,54.84000015258789,53.310001373291016,54.54999923706055,54.4452018737793,2476900
2022-12-05,53.86000061035156,53.939998626708984,53.04999923706055,53.31999969482422,53.217559814453125,2717000
2022-12-06,53.310001373291016,53.810001373291016,52.380001068115234,52.72999954223633,52.62869644165039,1715500
2022-12-07,52.689998626708984,53.540000915527344,52.689998626708984,52.810001373291016,52.70854568481445,2460600
2022-12-08,53.060001373291016,53.75,52.90999984741211,53.2599983215332,53.15768051147461,2339200
2022-12-09,53.5,53.630001068115234,53.13999938964844,53.25,53.14769744873047,2313100
2022-12-12,53.599998474121094,54.2599983215332,53.099998474121094,54.2400016784668,54.135799407958984,2701400
2022-12-13,56.08000183105469,56.25,54.970001220703125,55.529998779296875,55.42331314086914,3686500
2022-12-14,55.619998931884766,56.04999923706055,54.27000045776367,54.72999954223633,54.624855041503906,3028800
2022-12-15,53.90999984741211,54.02000045776367,52.540000915527344,52.599998474121094,52.49894714355469,3079100
2022-12-16,51.93000030517578,52.33000183105469,51.27000045776367,51.79999923706055,51.70048904418945,3750100
2022-12-19,51.90999984741211,52.27000045776367,50.900001525878906,51.06999969482422,50.971885681152344,2479800
2022-12-20,51.09000015258789,52.119998931884766,50.959999084472656,51.900001525878906,51.800296783447266,1873500
2022-12-21,52.470001220703125,53.06999969482422,52.20000076293945,52.720001220703125,52.61872100830078,1703100
2022-12-22,52.279998779296875,52.279998779296875,50.75,52.0,51.90010070800781,1572800
2022-12-23,52.029998779296875,52.400001525878906,51.63999938964844,52.279998779296875,52.179561614990234,2037000
2022-12-27,52.41999816894531,52.8849983215332,52.0,52.59000015258789,52.48897171020508,1717700
2022-12-28,52.689998626708984,52.78499984741211,51.72999954223633,51.7400016784668,51.64059829711914,1045600
2022-12-29,52.16999816894531,53.13999938964844,52.11000061035156,52.790000915527344,52.68858337402344,1732000
2022-12-30,52.470001220703125,52.68000030517578,51.86000061035156,52.25,52.14961624145508,1518200
2023-01-03,52.66999816894531,53.099998474121094,51.974998474121094,53.0,52.8981819152832,2099500
2023-01-04,53.400001525878906,53.83000183105469,52.97999954223633,53.650001525878906,53.54693603515625,2564500
2023-01-05,53.369998931884766,53.75,52.90999984741211,53.38999938964844,53.28742980957031,2092000
2023-01-06,54.16999816894531,55.290000915527344,53.56999969482422,55.119998931884766,55.01410675048828,2983600
2023-01-09,55.63999938964844,56.529998779296875,55.45000076293945,55.779998779296875,55.67283630371094,2042300
2023-01-10,55.65999984741211,56.650001525878906,55.61000061035156,56.43000030517578,56.321590423583984,1577800
2023-01-11,56.869998931884766,57.220001220703125,56.25,56.779998779296875,56.67091751098633,1683100
2023-01-12,56.93000030517578,57.599998474121094,56.45000076293945,57.38999938964844,57.279747009277344,2091400
2023-01-13,57.18000030517578,57.68000030517578,57.0099983215332,57.529998779296875,57.41947555541992,1260600
2023-01-17,57.5,57.77000045776367,56.58000183105469,56.79999923706055,56.690879821777344,1754100
2023-01-18,57.040000915527344,57.310001373291016,55.790000915527344,55.900001525878906,55.7926139831543,1659300
2023-01-19,55.630001068115234,55.7599983215332,53.779998779296875,53.880001068115234,53.7764892578125,1885700
2023-01-20,54.130001068115234,55.369998931884766,53.900001525878906,55.349998474121094,55.2436637878418,1801300
2023-01-23,55.47999954223633,56.209999084472656,55.2599983215332,55.88999938964844,55.782630920410156,2648200
2023-01-24,55.5,56.61000061035156,54.90999984741211,56.380001068115234,56.27168273925781,1705000
2023-01-25,55.720001220703125,56.06999969482422,54.88999938964844,55.95000076293945,55.84251022338867,1429500
2023-01-26,56.2400016784668,56.290000915527344,53.845001220703125,55.529998779296875,55.42331314086914,3741500
2023-01-27,55.31999969482422,56.029998779296875,54.95000076293945,55.65999984741211,55.55307388305664,2107900
2023-01-30,55.34000015258789,55.72999954223633,55.130001068115234,55.310001373291016,55.20374298095703,1718700
2023-01-31,55.540000915527344,56.22700119018555,55.22999954223633,56.0,55.89241409301758,2633100
2023-02-01,55.75,56.16999816894531,54.849998474121094,55.65999984741211,55.55307388305664,3451000
2023-02-02,56.119998931884766,56.59000015258789,55.5099983215332,56.0099983215332,55.90239715576172,2822200
2023-02-03,55.45000076293945,57.41999816894531,55.380001068115234,57.11000061035156,57.000282287597656,3437400
2023-02-06,56.439998626708984,56.779998779296875,55.9900016784668,56.38999938964844,56.28166580200195,1690000
2023-02-07,56.029998779296875,57.5,55.869998931884766,57.29999923706055,57.18991470336914,2152500
2023-02-08,56.9900016784668,57.869998931884766,56.9900016784668,57.380001068115234,57.26976776123047,2167500
2023-02-09,57.959999084472656,58.099998474121094,56.150001525878906,56.439998626708984,56.331565856933594,2125100
2023-02-10,56.290000915527344,56.85499954223633,56.09000015258789,56.689998626708984,56.581092834472656,1263000
2023-02-13,56.95000076293945,57.810001373291016,56.61000061035156,57.41999816894531,57.30968475341797,1830800
2023-02-14,57.119998931884766,57.689998626708984,56.650001525878906,57.43000030517578,57.31966781616211,1204500
2023-02-15,57.18000030517578,58.404998779296875,57.18000030517578,58.279998779296875,58.168033599853516,2029400
2023-02-16,57.560001373291016,57.9900016784668,57.11000061035156,57.38999938964844,57.279747009277344,1606700
2023-02-17,57.11000061035156,57.83000183105469,56.91999816894531,57.58000183105469,57.46937942504883,1935100
2023-02-21,58.04999923706055,58.56999969482422,55.790000915527344,56.380001068115234,56.27168273925781,3334300
2023-02-22,56.84000015258789,57.97999954223633,56.59000015258789,57.459999084472656,57.349609375,3178400
2023-02-23,58.31999969482422,58.31999969482422,56.7599983215332,57.88999938964844,57.778785705566406,1907600
2023-02-24,57.2599983215332,57.880001068115234,56.66999816894531,57.68000030517578,57.569190979003906,1480300
2023-02-27,58.0,58.72999954223633,57.810001373291016,58.380001068115234,58.267845153808594,1976100
2023-02-28,58.349998474121094,58.92599868774414,58.060001373291016,58.06999969482422,57.978302001953125,3272700
2023-03-01,57.95000076293945,58.52000045776367,57.599998474121094,58.040000915527344,57.94834899902344,2076400
2023-03-02,57.72999954223633,58.56999969482422,57.400001525878906,58.290000915527344,58.19795608520508,1727900
2023-03-03,58.75,59.650001525878906,58.4900016784668,59.470001220703125,59.376094818115234,1908900
2023-03-06,59.369998931884766,60.35499954223633,59.369998931884766,59.869998931884766,59.77546691894531,2133900
2023-03-07,59.90999984741211,60.38600158691406,59.19300079345703,59.369998931884766,59.2762451171875,2556000
2023-03-08,59.40999984741211,59.77000045776367,58.84000015258789,59.459999084472656,59.366111755371094,2792700
2023-03-09,59.59000015258789,59.76900100708008,57.91999816894531,58.13999938964844,58.048187255859375,4290900
2023-03-10,58.20000076293945,58.439998626708984,55.540000915527344,55.7400016784668,55.651981353759766,4381100
2023-03-13,54.810001373291016,55.40999984741211,54.06999969482422,54.709999084472656,54.62360382080078,3391100
2023-03-14,55.939998626708984,56.61000061035156,54.97999954223633,55.70000076293945,55.61204147338867,3038700
2023-03-15,54.38999938964844,54.43000030517578,52.13999938964844,52.93000030517578,52.8464241027832,4200900
2023-03-16,52.404998779296875,53.935001373291016,51.84000015258789,53.52000045776367,53.43548583984375,4558200
2023-03-17,53.084999084472656,53.2400016784668,51.84000015258789,52.459999084472656,52.37716293334961,4162300
2023-03-20,52.86000061035156,54.125,52.529998779296875,53.90999984741211,53.82487487792969,3032100
2023-03-21,55.02000045776367,56.0890007019043,54.97999954223633,55.900001525878906,55.811729431152344,3367300
2023-03-22,55.900001525878906,56.90999984741211,54.95000076293945,54.959999084472656,54.87321090698242,2189000
2023-03-23,55.0,56.35499954223633,54.41999816894531,54.95000076293945,54.86322784423828,2469600
2023-03-24,54.27000045776367,55.20000076293945,53.380001068115234,55.029998779296875,54.94309997558594,1982400
2023-03-27,55.79999923706055,55.880001068115234,55.099998474121094,55.790000915527344,55.701900482177734,1893700
2023-03-28,55.779998779296875,56.29999923706055,55.619998931884766,55.959999084472656,55.87163543701172,1886800
2023-03-29,56.63999938964844,56.88999938964844,56.099998474121094,56.70000076293945,56.610469818115234,4620100
2023-03-30,57.2599983215332,57.775001525878906,57.01499938964844,57.33000183105469,57.23947525024414,2278700
2023-03-31,57.599998474121094,58.220001220703125,57.4900016784668,58.18000030517578,58.08812713623047,2175900
2023-04-03,58.095001220703125,58.599998474121094,57.3650016784668,58.290000915527344,58.19795608520508,2038500
2023-04-04,58.16999816894531,58.16999816894531,54.8849983215332,55.2599983215332,55.1727409362793,3569000
2023-04-05,54.720001220703125,54.97999954223633,54.119998931884766,54.88999938964844,54.80332946777344,6584900
2023-04-06,54.599998474121094,55.34000015258789,54.3650016784668,54.459999084472656,54.374000549316406,1887500
2023-04-10,54.27000045776367,55.63999938964844,54.130001068115234,55.470001220703125,55.38241195678711,1839400
2023-04-11,55.779998779296875,56.2599983215332,55.5099983215332,55.599998474121094,55.51219940185547,1233900
2023-04-12,56.43000030517578,56.709999084472656,55.81999969482422,56.41999816894531,56.33090591430664,1957000
2023-04-13,56.20000076293945,56.459999084472656,54.2400016784668,55.97999954223633,55.891597747802734,2984300
2023-04-14,56.02000045776367,57.025001525878906,55.439998626708984,55.70000076293945,55.61204147338867,2110400
2023-04-17,55.97999954223633,56.20500183105469,55.56999969482422,56.08000183105469,55.99144744873047,1519700
2023-04-18,56.52000045776367,57.0,55.900001525878906,56.31999969482422,56.23106384277344,1622400
2023-04-19,55.880001068115234,56.040000915527344,55.040000915527344,55.61000061035156,55.52219009399414,2524800
2023-04-20,55.099998474121094,55.720001220703125,55.005001068115234,55.36000061035156,55.2725830078125,2179300
2023-04-21,55.599998474121094,55.599998474121094,54.83000183105469,55.34000015258789,55.25260925292969,1878100
2023-04-24,55.22999954223633,55.689998626708984,55.130001068115234,55.369998931884766,55.282562255859375,1232500
2023-04-25,55.06999969482422,55.58000183105469,54.43000030517578,54.439998626708984,54.354034423828125,1748500
2023-04-26,53.88999938964844,54.400001525878906,53.2400016784668,53.40999984741211,53.325660705566406,1721100
2023-04-27,54.54999923706055,57.060001373291016,54.540000915527344,57.0,56.90999221801758,6102700
2023-04-28,56.880001068115234,57.61000061035156,56.86000061035156,57.02000045776367,56.929962158203125,2479800
2023-05-01,56.84000015258789,57.61000061035156,56.84000015258789,57.119998931884766,57.02980422973633,1807000
2023-05-02,56.939998626708984,57.20000076293945,55.86000061035156,57.099998474121094,57.00983428955078,2297000
2023-05-03,57.470001220703125,57.7400016784668,56.34000015258789,56.630001068115234,56.54057693481445,2454200
2023-05-04,58.0,59.27000045776367,56.79999923706055,57.09000015258789,56.99985122680664,4120900
2023-05-05,58.25,59.650001525878906,58.0,59.16999816894531,59.07656478881836,3022100
2023-05-08,59.83000183105469,59.900001525878906,58.380001068115234,58.939998626708984,58.846927642822266,1793300
2023-05-09,59.560001373291016,59.88999938964844,58.75,58.970001220703125,58.87688064575195,2063000
2023-05-10,59.2599983215332,59.314998626708984,57.66999816894531,58.40999984741211,58.31776809692383,1575100
2023-05-11,57.959999084472656,58.290000915527344,57.369998931884766,57.95000076293945,57.858489990234375,1572200
2023-05-12,58.31999969482422,58.70000076293945,57.790000915527344,58.25,58.15802001953125,1446800
2023-05-15,58.04999923706055,59.06999969482422,58.04999923706055,58.93000030517578,58.83694076538086,1143300
2023-05-16,58.40999984741211,58.720001220703125,58.150001525878906,58.529998779296875,58.43757629394531,1527000
2023-05-17,59.15999984741211,59.52000045776367,58.29999923706055,59.029998779296875,58.936790466308594,1876400
2023-05-18,58.869998931884766,60.09000015258789,58.869998931884766,59.93000030517578,59.83536148071289,1438700
2023-05-19,60.650001525878906,61.060001373291016,59.29999923706055,59.7599983215332,59.66563034057617,1646700
2023-05-22,59.93000030517578,60.43000030517578,59.20000076293945,59.7400016784668,59.645668029785156,1917100
2023-05-23,59.25,59.2599983215332,57.84000015258789,58.0099983215332,57.93778991699219,2445400
2023-05-24,57.689998626708984,57.95000076293945,56.65999984741211,56.90999984741211,56.83916473388672,1854600
2023-05-25,57.310001373291016,58.119998931884766,57.060001373291016,57.58000183105469,57.508331298828125,1972600
2023-05-26,57.93000030517578,59.09000015258789,57.38999938964844,58.88999938964844,58.81670379638672,2068000
2023-05-30,59.2400016784668,59.53300094604492,58.255001068115234,58.439998626708984,58.36725616455078,1565300
2023-05-31,58.099998474121094,58.33000183105469,56.4900016784668,56.65999984741211,56.58946990966797,3338900
2023-06-01,56.91999816894531,58.2599983215332,56.61000061035156,58.150001525878906,58.07762145996094,2153100
2023-06-02,59.0,61.595001220703125,58.67499923706055,61.36000061035156,61.283626556396484,3217200
2023-06-05,61.5,61.5,60.099998474121094,60.68000030517578,60.604469299316406,2281700
2023-06-06,60.47999954223633,61.97999954223633,60.47999954223633,61.4900016784668,61.4134635925293,1486300
2023-06-07,61.75,62.810001373291016,61.220001220703125,62.689998626708984,62.611968994140625,1724300
2023-06-08,62.619998931884766,62.91999816894531,62.220001220703125,62.7599983215332,62.681880950927734,1270900
2023-06-09,63.0,63.0,61.97999954223633,62.459999084472656,62.38225555419922,1215700
2023-06-12,62.27000045776367,63.119998931884766,61.93000030517578,62.83000183105469,62.75179672241211,1696300
2023-06-13,62.88999938964844,64.19999694824219,62.88999938964844,64.0999984741211,64.02021026611328,1765400
2023-06-14,64.37999725341797,64.44999694824219,63.720001220703125,64.12000274658203,64.04019165039062,1915700
2023-06-15,63.869998931884766,64.86000061035156,63.720001220703125,64.70999908447266,64.62944793701172,1961600
2023-06-16,65.0,65.24400329589844,64.04000091552734,64.5199966430664,64.43968963623047,4462600
2023-06-20,63.81999969482422,64.38999938964844,63.4900016784668,64.12000274658203,64.04019165039062,2438700
2023-06-21,63.779998779296875,64.70999908447266,63.439998626708984,64.12999725341797,64.0501708984375,2810700
2023-06-22,64.06999969482422,64.06999969482422,63.15999984741211,63.52000045776367,63.44093322753906,2803900
2023-06-23,62.709999084472656,63.529998779296875,62.02000045776367,63.369998931884766,63.29112243652344,5020500
2023-06-26,63.29999923706055,64.0199966430664,63.15999984741211,63.220001220703125,63.14131164550781,2882100
2023-06-27,63.52000045776367,64.01000213623047,63.150001525878906,63.93000030517578,63.850425720214844,3152300
2023-06-28,64.30000305175781,64.58999633789062,63.54999923706055,63.65999984741211,63.58075714111328,2829800
2023-06-29,63.45000076293945,64.58999633789062,63.0,64.4000015258789,64.3198471069336,2852100
2023-06-30,65.16000366210938,65.7300033569336,64.6510009765625,65.36000061035156,65.27864837646484,1879800
2023-07-03,64.91000366210938,65.31999969482422,64.5,65.23999786376953,65.1587905883789,702300
2023-07-05,64.62000274658203,65.05000305175781,64.0,64.12000274658203,64.04019165039062,1450400
2023-07-06,63.56999969482422,63.685001373291016,62.91999816894531,63.560001373291016,63.48088836669922,1796100
2023-07-07,63.41999816894531,64.92500305175781,63.33000183105469,64.26000213623047,64.18001556396484,1271700
2023-07-10,64.97000122070312,65.8949966430664,64.6500015258789,65.80999755859375,65.72808074951172,1395200
2023-07-11,66.01000213623047,66.73999786376953,65.87000274658203,66.25,66.16754150390625,1701200
2023-07-12,66.87999725341797,67.0199966430664,66.05999755859375,66.11000061035156,66.0277099609375,1333800
2023-07-13,66.22000122070312,66.91000366210938,65.8499984741211,66.68000030517578,66.59700012207031,1069900
2023-07-14,66.62999725341797,66.66999816894531,65.9000015258789,66.12000274658203,66.0376968383789,1475800
2023-07-17,66.02999877929688,66.7249984741211,65.94999694824219,66.29000091552734,66.20748138427734,1985200
2023-07-18,66.04000091552734,67.18000030517578,65.95999908447266,67.0199966430664,66.93658447265625,2535600
2023-07-19,66.36000061035156,66.37000274658203,64.86000061035156,65.72000122070312,65.63819885253906,2943300
2023-07-20,66.0199966430664,66.06999969482422,65.2300033569336,65.58999633789062,65.50835418701172,2048700
2023-07-21,65.69000244140625,65.80999755859375,65.08000183105469,65.26000213623047,65.17877197265625,1483700
2023-07-24,65.43000030517578,65.94999694824219,64.97000122070312,65.2699966430664,65.18875122070312,1546000
2023-07-25,64.88999938964844,65.86000061035156,64.75,65.06999969482422,64.98900604248047,1791700
2023-07-26,64.83999633789062,65.33499908447266,64.05999755859375,64.5199966430664,64.43968963623047,2205600
2023-07-27,64.87000274658203,65.0199966430664,63.869998931884766,64.05000305175781,63.97028350830078,2450700
2023-07-28,64.70999908447266,64.8499984741211,63.97999954223633,64.19999694824219,64.12007904052734,2456800
2023-07-31,64.62999725341797,65.32499694824219,64.3499984741211,65.2699966430664,65.18875122070312,2150900
2023-08-01,64.7699966430664,66.05999755859375,64.70999908447266,66.01000213623047,65.92782592773438,2872000
2023-08-02,65.62000274658203,65.9000015258789,65.06999969482422,65.48999786376953,65.40848541259766,3487800
2023-08-03,66.5199966430664,67.38999938964844,65.23999786376953,67.12000274658203,67.03646087646484,3897000
2023-08-04,67.4000015258789,67.73999786376953,66.56999969482422,66.91000366210938,66.82672119140625,2857600
2023-08-07,67.5199966430664,68.0,67.12999725341797,67.91000366210938,67.82547760009766,1669600
2023-08-08,67.41000366210938,68.91999816894531,66.9800033569336,68.62000274658203,68.53459167480469,2451000
2023-08-09,68.62999725341797,68.87999725341797,67.91999816894531,68.13999938964844,68.05518341064453,2853300
2023-08-10,68.37999725341797,68.73999786376953,67.38999938964844,67.91999816894531,67.83545684814453,2419900
2023-08-11,67.76000213623047,68.31999969482422,67.66000366210938,68.08999633789062,68.0052490234375,1522900
2023-08-14,67.91000366210938,68.19999694824219,67.6449966430664,67.9000015258789,67.81548309326172,1723900
2023-08-15,67.51000213623047,67.83499908447266,66.76000213623047,67.0,66.91661071777344,1638600
2023-08-16,66.93000030517578,67.37999725341797,66.62999725341797,66.70999908447266,66.62696075439453,1505000
2023-08-17,67.04000091552734,67.37000274658203,66.08000183105469,66.0999984741211,66.0177230834961,1814600
2023-08-18,65.4000015258789,67.16000366210938,65.0,66.48999786376953,66.40724182128906,3796400
2023-08-21,66.80000305175781,66.97000122070312,66.11000061035156,66.69999694824219,66.61697387695312,1553700
2023-08-22,67.30000305175781,67.69999694824219,66.75,66.8499984741211,66.78681182861328,1408300
2023-08-23,67.0,68.68000030517578,66.93000030517578,68.5,68.43526458740234,1880900
2023-08-24,68.4800033569336,69.1500015258789,68.16999816894531,68.23999786376953,68.17549896240234,3185100
2023-08-25,68.58000183105469,69.30500030517578,68.08000183105469,68.9000015258789,68.83488464355469,2648200
2023-08-28,68.8499984741211,69.44000244140625,68.5999984741211,69.0999984741211,69.0346908569336,1993300
2023-08-29,68.94999694824219,70.31999969482422,68.73999786376953,69.97000122070312,69.90387725830078,1993200
2023-08-30,70.12999725341797,70.6500015258789,69.66999816894531,69.88999938964844,69.82394409179688,1978100
2023-08-31,69.86000061035156,70.20999908447266,69.31999969482422,69.61000061035156,69.5442123413086,3960900
2023-09-01,69.98999786376953,70.5199966430664,69.55999755859375,69.94999694824219,69.8838882446289,2936200
2023-09-05,69.95999908447266,70.0,68.30000305175781,68.44000244140625,68.37532806396484,3946200
2023-09-06,68.30000305175781,70.05000305175781,68.25,70.01000213623047,69.94383239746094,3655300
2023-09-07,69.62000274658203,70.2300033569336,68.73999786376953,69.55000305175781,69.48426818847656,2989500
2023-09-08,69.5199966430664,69.9800033569336,69.31999969482422,69.41999816894531,69.35438537597656,2458600
2023-09-11,69.81999969482422,70.23999786376953,68.05500030517578,68.6500015258789,68.58512878417969,2885900
2023-09-12,68.29000091552734,69.16999816894531,67.9520034790039,68.33000183105469,68.26542663574219,2752300
2023-09-13,68.0199966430664,68.4800033569336,65.19999694824219,65.7300033569336,65.66788482666016,3511000
2023-09-14,66.43000030517578,66.98999786376953,65.7300033569336,66.55999755859375,66.4970932006836,2405900
2023-09-15,66.29000091552734,66.62000274658203,65.48500061035156,65.9000015258789,65.83773040771484,2846500
2023-09-18,65.87999725341797,66.5,65.62000274658203,66.38999938964844,66.32725524902344,2039900
2023-09-19,66.16999816894531,66.75,65.27999877929688,66.2300033569336,66.16740417480469,4075000
2023-09-20,66.6500015258789,67.00499725341797,64.94999694824219,65.0199966430664,64.95854187011719,2642200
2023-09-21,64.79000091552734,64.79000091552734,63.73500061035156,64.04000091552734,63.97947692871094,2343300
2023-09-22,64.05999755859375,64.94000244140625,63.810001373291016,64.5,64.43904113769531,1473800
2023-09-25,64.18000030517578,64.37999725341797,63.279998779296875,64.31999969482422,64.25921630859375,2701500
2023-09-26,63.59000015258789,64.21499633789062,62.599998474121094,62.790000915527344,62.73065185546875,2125500
2023-09-27,63.40999984741211,63.790000915527344,62.939998626708984,63.27000045776367,63.210205078125,2107100
2023-09-28,63.36000061035156,64.77999877929688,63.17499923706055,64.2699966430664,64.2092514038086,2109800
2023-09-29,64.77999877929688,65.1449966430664,63.43000030517578,63.720001220703125,63.6597785949707,3366600
2023-10-02,63.56999969482422,64.26000213623047,63.279998779296875,63.599998474121094,63.53989028930664,2576900
2023-10-03,63.25,63.415000915527344,62.13999938964844,62.849998474121094,62.79059982299805,3038200
2023-10-04,62.79999923706055,63.439998626708984,62.34000015258789,63.2599983215332,63.2002067565918,1797700
2023-10-05,63.380001068115234,63.58000183105469,62.20000076293945,62.81999969482422,62.7606315612793,3373000
2023-10-06,62.459999084472656,63.91999816894531,62.13999938964844,63.41999816894531,63.36005783081055,1825000
2023-10-09,63.27000045776367,64.26000213623047,62.5099983215332,64.0999984741211,64.03941345214844,1572200
2023-10-10,64.1500015258789,65.2699966430664,63.790000915527344,64.69000244140625,64.62886047363281,1644800
2023-10-11,64.87000274658203,66.07499694824219,64.83000183105469,65.98999786376953,65.92762756347656,2251100
2023-10-12,66.13999938964844,66.79000091552734,65.44499969482422,66.05999755859375,65.99756622314453,2763900
2023-10-13,66.20999908447266,66.44999694824219,63.380001068115234,64.22000122070312,64.15930938720703,2504000
2023-10-16,64.9000015258789,65.58499908447266,64.47000122070312,64.94999694824219,64.88861083984375,1342800
2023-10-17,64.68000030517578,66.33999633789062,64.44000244140625,65.66000366210938,65.59795379638672,1500400
2023-10-18,64.77999877929688,64.77999877929688,62.279998779296875,62.38999938964844,62.331031799316406,3784900
2023-10-19,62.40999984741211,63.32500076293945,60.974998474121094,61.220001220703125,61.16214370727539,3395500
2023-10-20,61.20000076293945,61.439998626708984,60.20000076293945,60.41999816894531,60.362892150878906,3182800
2023-10-23,60.34000015258789,60.77000045776367,59.27000045776367,59.310001373291016,59.25394821166992,3409200
2023-10-24,60.529998779296875,60.65999984741211,59.45000076293945,59.68000030517578,59.62359619140625,3476500
2023-10-25,59.349998474121094,60.47999954223633,59.25,59.36000061035156,59.30390167236328,4150400
2023-10-26,59.7400016784668,60.77000045776367,59.439998626708984,59.880001068115234,59.82341003417969,2972500
2023-10-27,60.0,60.290000915527344,59.20000076293945,59.380001068115234,59.323883056640625,2497100
2023-10-30,60.02000045776367,60.790000915527344,59.50699996948242,60.56999969482422,60.512752532958984,4833600
2023-10-31,60.22999954223633,60.959999084472656,60.18000030517578,60.68000030517578,60.622650146484375,3751100
2023-11-01,60.75,62.02000045776367,60.34000015258789,61.9900016784668,61.93141174316406,5497300
2023-11-02,62.25,66.26000213623047,62.119998931884766,65.58999633789062,65.52800750732422,5300500
2023-11-03,66.87999725341797,67.18000030517578,65.30000305175781,65.36000061035156,65.29822540283203,3155500
2023-11-06,65.33999633789062,65.52999877929688,64.69000244140625,65.25,65.1883316040039,3379700
2023-11-07,64.91000366210938,66.01000213623047,64.5999984741211,65.9800033569336,65.91764068603516,2530500
2023-11-08,66.30999755859375,66.58000183105469,65.5,66.05000305175781,65.9875717163086,2593100
2023-11-09,66.7699966430664,67.81999969482422,66.30000305175781,67.02999877929688,66.96664428710938,4077500
2023-11-10,66.98999786376953,68.36000061035156,66.98999786376953,68.33999633789062,68.27540588378906,2537300
2023-11-13,68.1500015258789,69.33999633789062,68.05999755859375,68.86000061035156,68.79491424560547,4608500
2023-11-14,69.7699966430664,70.12000274658203,69.31999969482422,69.66000366210938,69.59416198730469,2643900
2023-11-15,69.66000366210938,70.22000122070312,69.29000091552734,69.70999908447266,69.64411163330078,2574000
2023-11-16,69.87999725341797,70.61000061035156,69.76000213623047,70.19999694824219,70.1336441040039,1820000
2023-11-17,70.6500015258789,70.6500015258789,69.84400177001953,70.31999969482422,70.2735595703125,1943000
2023-11-20,70.41999816894531,70.62000274658203,69.95999908447266,70.41999816894531,70.37348937988281,2069300
2023-11-21,70.25,70.81999969482422,70.24500274658203,70.54000091552734,70.49342346191406,1573900
2023-11-22,70.66000366210938,70.97000122070312,70.43000030517578,70.70999908447266,70.6633071899414,1698300
2023-11-24,70.83000183105469,71.33000183105469,70.5999984741211,71.33000183105469,71.28289794921875,674900
2023-11-27,71.30000305175781,71.30000305175781,70.6500015258789,70.77999877929688,70.73326110839844,1807000
2023-11-28,70.86000061035156,71.23999786376953,69.63999938964844,69.66000366210938,69.61400604248047,2904600
2023-11-29,70.20999908447266,70.4000015258789,69.45999908447266,69.5999984741211,69.55403900146484,2064700
2023-11-30,69.94000244140625,71.5199966430664,69.51000213623047,71.43000030517578,71.38282775878906,3532500
2023-12-01,71.36000061035156,72.7300033569336,71.36000061035156,72.23999786376953,72.19229125976562,2451500
2023-12-04,71.56999969482422,72.16000366210938,71.29000091552734,72.0199966430664,71.9724349975586,2320600
2023-12-05,71.79000091552734,72.44000244140625,71.54000091552734,71.95999908447266,71.9124755859375,1748300
2023-12-06,72.2699966430664,72.9800033569336,71.20999908447266,71.37999725341797,71.33285522460938,1905600
2023-12-07,71.7300033569336,72.55999755859375,71.53500366210938,72.55000305175781,72.50209045410156,2302600
2023-12-08,72.48999786376953,73.41999816894531,72.3949966430664,73.30999755859375,73.26158142089844,2723600
2023-12-11,73.37999725341797,74.48999786376953,73.37999725341797,73.9800033569336,73.93115234375,2004300
2023-12-12,74.20999908447266,74.8499984741211,74.06600189208984,74.26000213623047,74.21095275878906,2094800
2023-12-13,74.22000122070312,74.76000213623047,73.5199966430664,73.69999694824219,73.65132904052734,2115600
2023-12-14,74.12999725341797,75.572998046875,74.08999633789062,75.30999755859375,75.26026153564453,2590300
2023-12-15,74.86000061035156,75.625,74.69999694824219,74.83999633789062,74.79058074951172,4784500
2023-12-18,75.19000244140625,75.27799987792969,74.47000122070312,74.81999969482422,74.77058410644531,1751900
2023-12-19,75.12999725341797,76.4000015258789,74.83000183105469,76.33000183105469,76.27959442138672,2263200
2023-12-20,76.0,76.80999755859375,74.83999633789062,74.87000274658203,74.82056427001953,2029100
2023-12-21,75.63999938964844,75.86000061035156,75.05000305175781,75.80000305175781,75.74994659423828,1392700
2023-12-22,76.08000183105469,76.86499786376953,75.91000366210938,76.4800033569336,76.42950439453125,1433200
2023-12-26,76.48999786376953,77.43000030517578,76.45999908447266,77.4000015258789,77.34888458251953,1346300
2023-12-27,77.4800033569336,77.87000274658203,77.23500061035156,77.8499984741211,77.798583984375,1823000
2023-12-28,77.73999786376953,78.16000366210938,77.56999969482422,77.77999877929688,77.72863006591797,1110000
2023-12-29,77.93000030517578,78.0199966430664,77.27999877929688,77.33999633789062,77.28892517089844,1618100
2024-01-02,77.0,77.61000061035156,76.26000213623047,76.7300033569336,76.67932891845703,1790100
2024-01-03,76.20999908447266,76.47000122070312,74.66999816894531,74.72000122070312,74.670654296875,2629500
2024-01-04,74.9000015258789,75.7699966430664,74.72000122070312,74.94000244140625,74.89051818847656,1475700
2024-01-05,74.80000305175781,75.29000091552734,74.58999633789062,74.80000305175781,74.7506103515625,2066600
2024-01-08,74.80999755859375,75.73999786376953,74.01000213623047,75.72000122070312,75.66999053955078,1882800
2024-01-09,74.97000122070312,75.91000366210938,74.58000183105469,75.91000366210938,75.85987091064453,2100100
2024-01-10,75.88999938964844,76.38500213623047,75.73999786376953,76.29000091552734,76.23961639404297,1386100
2024-01-11,76.33000183105469,77.73999786376953,75.53900146484375,77.69000244140625,77.63870239257812,3222000
2024-01-12,78.08999633789062,78.16999816894531,76.7300033569336,77.41999816894531,77.3688735961914,2961900
2024-01-16,77.12999725341797,78.01000213623047,76.63999938964844,77.94999694824219,77.89851379394531,2610700
2024-01-17,77.16000366210938,77.75,76.97000122070312,77.44999694824219,77.39885711669922,2589500
2024-01-18,77.76000213623047,78.37000274658203,77.16100311279297,78.18000030517578,78.12837219238281,1579200
2024-01-19,78.56999969482422,78.91999816894531,77.87000274658203,78.87999725341797,78.82791137695312,2149400
2024-01-22,79.0199966430664,79.45099639892578,78.83000183105469,79.33999633789062,79.28759765625,1820300
2024-01-23,79.5199966430664,79.5199966430664,78.36000061035156,79.20999908447266,79.15768432617188,2153100
2024-01-24,79.75,79.83000183105469,78.61499786376953,78.83999633789062,78.78793334960938,4113100
2024-01-25,79.33999633789062,79.75,78.69000244140625,79.25,79.19766235351562,2688400
2024-01-26,79.36000061035156,79.63400268554688,79.02999877929688,79.30000305175781,79.24763488769531,2170200
2024-01-29,79.08000183105469,80.55000305175781,79.04000091552734,80.4800033569336,80.42684936523438,2658200
2024-01-30,80.1500015258789,80.83000183105469,80.12000274658203,80.61000061035156,80.5567626953125,2156000
2024-01-31,80.36000061035156,80.8499984741211,79.7300033569336,79.86000061035156,79.80725860595703,2470900
2024-02-01,80.36000061035156,82.2300033569336,80.36000061035156,81.98999786376953,81.93585205078125,4281300
2024-02-02,81.87000274658203,84.01000213623047,81.58999633789062,83.73999786376953,83.68470001220703,2395600
2024-02-05,82.95999908447266,83.5199966430664,82.51000213623047,82.91000366210938,82.8552474975586,2464700
2024-02-06,82.86000061035156,83.4000015258789,82.20999908447266,83.23999786376953,83.18502807617188,7467000
2024-02-07,83.55999755859375,84.97000122070312,83.375,84.56999969482422,84.51415252685547,2846300
2024-02-08,84.66999816894531,85.5,84.41000366210938,85.37999725341797,85.32361602783203,2500800
2024-02-09,85.6500015258789,86.51000213623047,85.2699966430664,85.9000015258789,85.84326934814453,4011700
2024-02-12,85.73999786376953,86.23999786376953,85.33000183105469,85.47000122070312,85.41355895996094,1683500
2024-02-13,84.16000366210938,85.37999725341797,83.73999786376953,85.11000061035156,85.05378723144531,2129400
2024-02-14,85.98999786376953,86.83999633789062,85.58999633789062,86.48999786376953,86.43287658691406,2309800
2024-02-15,86.93000030517578,87.90499877929688,86.5199966430664,87.79000091552734,87.73202514648438,2854600
2024-02-16,91.72000122070312,92.31999969482422,89.36000061035156,89.47000122070312,89.41091918945312,5024800
2024-02-20,88.2699966430664,88.48999786376953,86.59500122070312,86.73999786376953,86.6827163696289,3452800
2024-02-21,87.4000015258789,89.01000213623047,87.2300033569336,88.94000244140625,88.88127136230469,3305100
2024-02-22,90.27999877929688,90.91999816894531,89.86000061035156,90.79000091552734,90.73004913330078,2486000
2024-02-23,91.04000091552734,91.11000061035156,89.68000030517578,90.52999877929688,90.47020721435547,2064900
2024-02-26,90.33000183105469,91.13999938964844,90.19999694824219,90.76000213623047,90.7000732421875,2037100
2024-02-27,90.94999694824219,91.11000061035156,89.54000091552734,90.37999725341797,90.32030487060547,2167300
2024-02-28,90.33000183105469,90.77999877929688,89.75,89.8499984741211,89.79066467285156,2105400
2024-02-29,90.05999755859375,91.44999694824219,89.7699966430664,91.33000183105469,91.26968383789062,4062400
2024-03-01,90.94000244140625,92.43900299072266,90.76499938964844,91.62999725341797,91.56948852539062,2726200
2024-03-04,91.66999816894531,92.36000061035156,91.33999633789062,91.54000091552734,91.47954559326172,1913300
2024-03-05,91.16000366210938,91.26000213623047,89.52999877929688,89.97000122070312,89.91058349609375,4325500
2024-03-06,90.68000030517578,91.16999816894531,90.08000183105469,90.23999786376953,90.20045471191406,2578900
2024-03-07,90.91000366210938,91.4000015258789,90.26499938964844,91.16000366210938,91.12005615234375,2339300
2024-03-08,91.27999877929688,91.66999816894531,89.69000244140625,90.37000274658203,90.33040618896484,1962000
2024-03-11,89.45999908447266,89.86000061035156,88.83000183105469,89.5199966430664,89.48077392578125,2126900
2024-03-12,89.3499984741211,91.0199966430664,88.70999908447266,90.86000061035156,90.8201904296875,1810200
2024-03-13,91.06999969482422,91.12000274658203,90.0999984741211,90.52999877929688,90.4903335571289,2311300
2024-03-14,90.94999694824219,91.4000015258789,90.2300033569336,91.01000213623047,90.97012329101562,2036900
2024-03-15,90.0999984741211,91.26000213623047,90.0999984741211,90.47000122070312,90.43035888671875,2658100
2024-03-18,91.05999755859375,91.76000213623047,90.45999908447266,91.20999908447266,91.17003631591797,1472800
2024-03-19,91.2699966430664,91.7699966430664,90.70999908447266,91.55999755859375,91.51988220214844,1626900
2024-03-20,91.68000030517578,93.72000122070312,91.37999725341797,93.68000030517578,93.63895416259766,2647400
2024-03-21,94.0999984741211,95.28500366210938,93.83000183105469,95.0999984741211,95.0583267211914,2453000
2024-03-22,94.94999694824219,95.08999633789062,93.98999786376953,94.73999786376953,94.698486328125,1574500
2024-03-25,95.25,96.16999816894531,94.36000061035156,94.4800033569336,94.43860626220703,2405000
2024-03-26,94.31999969482422,95.05000305175781,94.19000244140625,94.44999694824219,94.40861511230469,1945400
2024-03-27,94.80000305175781,95.41000366210938,93.80000305175781,95.26000213623047,95.21826171875,2460800
2024-03-28,95.16999816894531,95.41000366210938,94.5,94.94999694824219,94.90839385986328,2557100
2024-04-01,94.93000030517578,94.94000244140625,93.4000015258789,93.62000274658203,93.57898712158203,1331100
2024-04-02,93.81999969482422,93.81999969482422,92.37999725341797,92.55000305175781,92.50944519042969,3435400
2024-04-03,92.55000305175781,93.95999908447266,92.33999633789062,93.38999938964844,93.34907531738281,2720800
2024-04-04,94.4000015258789,94.76499938964844,92.27999877929688,92.30000305175781,92.25955963134766,2866500
2024-04-05,92.87999725341797,95.05000305175781,92.71499633789062,94.80999755859375,94.7684555053711,2125600
2024-04-08,95.05999755859375,95.41500091552734,93.91000366210938,94.01000213623047,93.96880340576172,1878200
2024-04-09,94.48999786376953,94.56999969482422,92.33999633789062,93.5,93.45903015136719,2259500
2024-04-10,92.16000366210938,93.80000305175781,91.44999694824219,92.98999786376953,92.94925689697266,1628600
2024-04-11,92.70999908447266,93.86000061035156,92.37000274658203,93.16999816894531,93.12918090820312,1542200
2024-04-12,91.87999725341797,92.72000122070312,91.47000122070312,91.91999816894531,91.87972259521484,1509200
2024-04-15,93.37999725341797,93.5199966430664,90.93000030517578,91.27999877929688,91.24000549316406,1562100
2024-04-16,91.19000244140625,91.72799682617188,90.46800231933594,90.87999725341797,90.84017944335938,1836800
2024-04-17,91.4800033569336,91.50599670410156,88.81999969482422,89.56999969482422,89.53075408935547,1836200
2024-04-18,90.30000305175781,90.76000213623047,88.8499984741211,88.97000122070312,88.93102264404297,1195300
2024-04-19,89.2699966430664,90.0,87.45999908447266,88.4000015258789,88.36126708984375,2478700
2024-04-22,88.87999725341797,89.33000183105469,88.0999984741211,88.62999725341797,88.5911636352539,2250400
2024-04-23,89.33000183105469,90.61499786376953,89.19000244140625,90.56999969482422,90.53031158447266,1530000
2024-04-24,91.94000244140625,93.22000122070312,90.88999938964844,92.5,92.45947265625,4269100
2024-04-25,91.29000091552734,92.63999938964844,90.5,92.02999877929688,91.98966979980469,2567400
2024-04-26,92.47000122070312,93.95999908447266,92.30999755859375,93.5,93.45903015136719,1973900
2024-04-29,93.47000122070312,94.20500183105469,92.44999694824219,93.38999938964844,93.34907531738281,2663200
2024-04-30,93.20999908447266,94.12000274658203,92.3499984741211,93.31999969482422,93.27910614013672,3619500
2024-05-01,93.18000030517578,94.2699966430664,92.22000122070312,93.0,92.95924377441406,3435100
2024-05-02,93.27999877929688,93.8499984741211,91.61000061035156,92.8499984741211,92.80931854248047,4134500
2024-05-03,88.0,89.5,85.9020004272461,86.72000122070312,86.68199920654297,6849000
2024-05-06,88.06999969482422,89.53500366210938,87.66000366210938,88.4800033569336,88.44123840332031,4549400
2024-05-07,88.66999816894531,90.26000213623047,87.91999816894531,89.8499984741211,89.81063079833984,2983300
2024-05-08,89.6500015258789,90.78500366210938,88.95999908447266,90.75,90.71023559570312,3647900
2024-05-09,90.86000061035156,91.33000183105469,90.19499969482422,91.0,90.96012878417969,2390600
2024-05-10,91.88999938964844,92.19999694824219,90.93000030517578,91.26000213623047,91.22001647949219,1844400
2024-05-13,91.13999938964844,91.20999908447266,89.93499755859375,90.83999633789062,90.8001937866211,3208000
2024-05-14,90.79000091552734,91.68499755859375,90.28900146484375,91.54000091552734,91.49989318847656,1886600
2024-05-15,92.01000213623047,92.94000244140625,91.72000122070312,92.79000091552734,92.76961517333984,1430400
2024-05-16,92.45999908447266,92.7699966430664,90.66000366210938,91.4000015258789,91.37992095947266,4941800
2024-05-17,91.98999786376953,92.69999694824219,91.61000061035156,92.6500015258789,92.62964630126953,3170900
2024-05-20,92.94000244140625,94.52999877929688,92.73999786376953,94.13999938964844,94.11931610107422,2741600
2024-05-21,93.83999633789062,95.30999755859375,93.80999755859375,95.19999694824219,95.17908477783203,3793600
2024-05-22,95.4000015258789,96.36000061035156,95.08999633789062,96.27999877929688,96.25884246826172,3007800
2024-05-23,96.26000213623047,96.66999816894531,94.73999786376953,95.0999984741211,95.0791015625,5266600
2024-05-24,95.47000122070312,95.97000122070312,95.13999938964844,95.5,95.47901916503906,3633000
2024-05-28,95.66999816894531,95.66999816894531,93.08999633789062,93.45999908447266,93.43946838378906,5145200
2024-05-29,92.8499984741211,92.8499984741211,91.01000213623047,91.08999633789062,91.06998443603516,2629700
2024-05-30,90.86000061035156,92.08000183105469,90.63500213623047,92.0,91.97978973388672,1658400
2024-05-31,92.08000183105469,93.12999725341797,90.77999877929688,93.05000305175781,93.02955627441406,3551400
2024-06-03,93.36000061035156,93.7699966430664,89.0,90.04000091552734,90.02021789550781,3608200
2024-06-04,89.91999816894531,90.26000213623047,86.94999694824219,87.95999908447266,87.940673828125,4105900
2024-06-05,88.26000213623047,89.87999725341797,87.58999633789062,89.7300033569336,89.71028900146484,2221500
2024-06-06,89.38999938964844,89.6500015258789,87.80999755859375,88.37999725341797,88.36058044433594,3528800
2024-06-07,88.63999938964844,89.94999694824219,87.62000274658203,89.12999725341797,89.11041259765625,2142000
2024-06-10,89.02999877929688,91.23999786376953,89.02999877929688,91.19000244140625,91.16996765136719,2296600
2024-06-11,90.87000274658203,92.05999755859375,89.99500274658203,91.37999725341797,91.35992431640625,3293900
2024-06-12,92.08000183105469,95.30000305175781,91.76000213623047,94.73999786376953,94.71918487548828,3601800
2024-06-13,94.33000183105469,94.98999786376953,93.26000213623047,94.44999694824219,94.42924499511719,2979600
2024-06-14,93.0,93.30000305175781,90.0,91.45999908447266,91.43990325927734,2804100
2024-06-17,91.11000061035156,93.79000091552734,90.44000244140625,93.30000305175781,93.27950286865234,1907000
2024-06-18,93.30000305175781,94.79000091552734,93.0199966430664,94.58000183105469,94.55921936035156,2305400
2024-06-20,94.36000061035156,95.05000305175781,92.5,93.18000030517578,93.15953063964844,2799400
2024-06-21,93.3499984741211,93.3499984741211,91.91999816894531,92.88999938964844,92.86959075927734,3639300
2024-06-24,93.12000274658203,93.93000030517578,92.73999786376953,92.91999816894531,92.89958190917969,2070700
2024-06-25,92.68000030517578,92.68000030517578,89.33000183105469,89.91000366210938,89.89025115966797,3977300
2024-06-26,89.41000366210938,90.1500015258789,88.44999694824219,89.80000305175781,89.7802734375,2786500
2024-06-27,90.2300033569336,91.0,89.83999633789062,90.97000122070312,90.95001220703125,1951700
2024-06-28,91.0,91.92500305175781,90.18000030517578,90.83999633789062,90.82003784179688,2875800
2024-07-01,92.05999755859375,92.30000305175781,89.04000091552734,89.54000091552734,89.52033233642578,1338400
2024-07-02,89.48999786376953,90.69999694824219,89.05000305175781,90.66000366210938,90.64008331298828,1111900
2024-07-03,90.81999969482422,91.77999877929688,90.19999694824219,91.05000305175781,91.02999877929688,651700
2024-07-05,90.94000244140625,91.45500183105469,90.0,91.37999725341797,91.35992431640625,1378100
2024-07-08,91.62999725341797,92.73999786376953,91.50499725341797,92.11000061035156,92.08976745605469,1359900
2024-07-09,92.31999969482422,92.9000015258789,91.69000244140625,91.7300033569336,91.70984649658203,1668000
2024-07-10,92.61000061035156,94.43000030517578,92.27999877929688,94.30000305175781,94.27928161621094,1486300
2024-07-11,94.69999694824219,97.0,94.61499786376953,95.5,95.47901916503906,2005700
2024-07-12,96.30999755859375,98.27999877929688,96.0,97.27999877929688,97.25862884521484,2807600
2024-07-15,98.0999984741211,99.44000244140625,97.91000366210938,98.66000366210938,98.6383285522461,2817100
2024-07-16,99.27999877929688,100.6500015258789,98.94999694824219,100.33999633789062,100.31795501708984,3024300
2024-07-17,99.86000061035156,99.86000061035156,98.0199966430664,98.0199966430664,97.99845886230469,2623000
2024-07-18,97.73999786376953,99.58999633789062,97.33999633789062,97.91000366210938,97.88848876953125,2313600
2024-07-19,98.25,98.55000305175781,96.79000091552734,96.86000061035156,96.8387222290039,1549000
2024-07-22,97.9000015258789,100.13999938964844,97.08000183105469,99.94999694824219,99.92803955078125,2042900
2024-07-23,99.6500015258789,101.30000305175781,99.51000213623047,100.25,100.22797393798828,1419400
2024-07-24,99.38999938964844,99.79000091552734,95.56999969482422,95.75,95.72896575927734,3511200
2024-07-25,96.0999984741211,98.7699966430664,94.95999908447266,96.94000244140625,96.918701171875,2901600
2024-07-26,98.08999633789062,99.61000061035156,97.83999633789062,98.69999694824219,98.67831420898438,1803600
2024-07-29,98.7300033569336,99.5199966430664,98.08499908447266,98.73999786376953,98.71830749511719,2290900
2024-07-30,99.55000305175781,100.66500091552734,98.37000274658203,98.87000274658203,98.84828186035156,2526400
2024-07-31,100.22000122070312,101.16999816894531,98.8550033569336,100.4000015258789,100.37794494628906,3310700
2024-08-01,92.0,95.37999725341797,90.3949966430664,91.2300033569336,91.2099609375,7445600
2024-08-02,89.5,89.69999694824219,86.68000030517578,87.41999816894531,87.40079498291016,6031700
2024-08-05,84.73999786376953,88.56999969482422,83.72000122070312,87.04000091552734,87.02088165283203,4558000
2024-08-06,87.30999755859375,90.02999877929688,87.05999755859375,88.1500015258789,88.1306381225586,2968200
2024-08-07,89.18000030517578,89.68000030517578,87.02999877929688,87.30000305175781,87.28082275390625,2845200
2024-08-08,88.69999694824219,90.6050033569336,88.01000213623047,90.4800033569336,90.46012115478516,2580800
2024-08-09,90.05500030517578,90.75,88.5999984741211,89.47000122070312,89.45034790039062,2674900
2024-08-12,89.69000244140625,89.95999908447266,87.95999908447266,88.26000213623047,88.24060821533203,2064800
2024-08-13,88.94999694824219,90.04499816894531,88.08000183105469,89.91000366210938,89.89025115966797,2074700
2024-08-14,89.97000122070312,91.12000274658203,89.7300033569336,91.02999877929688,91.01000213623047,1463600
2024-08-15,92.54000091552734,92.8499984741211,91.24500274658203,92.22000122070312,92.22000122070312,1859200
2024-08-16,92.20999908447266,92.51499938964844,90.98999786376953,91.01000213623047,91.01000213623047,2260400
2024-08-19,91.37000274658203,91.83999633789062,90.66999816894531,90.94999694824219,90.94999694824219,1676800
2024-08-20,90.9000015258789,91.23500061035156,90.08000183105469,90.5,90.5,1305200
2024-08-21,90.68000030517578,91.45999908447266,90.5199966430664,91.16000366210938,91.16000366210938,1079200
2024-08-22,91.31999969482422,91.70999908447266,89.9800033569336,90.13999938964844,90.13999938964844,1201400
2024-08-23,90.69999694824219,92.00499725341797,90.31999969482422,91.63999938964844,91.63999938964844,1824800
