Date,Open,High,Low,Close,Adj Close,Volume
2014-09-08,24.649999618530273,24.799999237060547,24.6299991607666,24.770000457763672,10.9707670211792,543563
2014-09-09,24.68000030517578,24.798999786376953,24.649999618530273,24.719999313354492,10.94862174987793,363514
2014-09-10,24.700000762939453,24.799999237060547,24.700000762939453,24.770000457763672,10.9707670211792,307700
2014-09-11,24.799999237060547,24.850000381469727,24.729999542236328,24.790000915527344,10.979626655578613,283400
2014-09-12,24.780000686645508,24.889999389648438,24.780000686645508,24.850000381469727,11.006202697753906,170542
2014-09-15,24.90999984741211,24.969999313354492,24.850000381469727,24.959999084472656,11.054924011230469,166744
2014-09-16,24.959999084472656,24.959999084472656,24.850000381469727,24.899999618530273,11.02834701538086,149472
2014-09-17,24.950000762939453,24.950000762939453,24.840700149536133,24.920000076293945,11.03720474243164,97100
2014-09-18,24.920000076293945,24.959999084472656,24.889999389648438,24.950000762939453,11.050492286682129,41880
2014-09-19,24.940000534057617,24.950000762939453,24.8799991607666,24.899999618530273,11.02834701538086,52455
2014-09-22,24.899999618530273,24.989999771118164,24.809999465942383,24.959999084472656,11.054924011230469,199081
2014-09-23,24.920000076293945,24.950000762939453,24.850000381469727,24.899999618530273,11.02834701538086,90006
2014-09-24,24.8700008392334,24.889999389648438,24.770000457763672,24.850000381469727,11.006202697753906,160609
2014-09-25,24.809999465942383,24.84000015258789,24.719999313354492,24.799999237060547,10.98405647277832,27427
2014-09-26,24.749000549316406,24.790000915527344,24.700000762939453,24.790000915527344,10.979626655578613,23098
2014-09-29,24.75,24.84000015258789,24.670000076293945,24.799999237060547,10.98405647277832,59101
2014-09-30,24.7549991607666,24.889999389648438,24.75,24.84000015258789,11.001770973205566,66838
2014-10-01,24.850000381469727,24.899999618530273,24.760000228881836,24.79400062561035,10.981399536132812,22600
2014-10-02,24.75,24.8700008392334,24.729999542236328,24.8700008392334,11.015059471130371,25043
2014-10-03,24.899999618530273,24.940000534057617,24.809999465942383,24.850000381469727,11.006202697753906,70881
2014-10-06,24.920000076293945,24.950000762939453,24.809999465942383,24.850000381469727,11.006202697753906,71594
2014-10-07,24.8700008392334,24.8700008392334,24.760000228881836,24.81999969482422,10.992916107177734,34899
2014-10-08,24.799999237060547,24.813100814819336,24.729999542236328,24.790000915527344,10.979626655578613,44429
2014-10-09,24.81999969482422,24.829999923706055,24.700000762939453,24.739999771118164,10.957483291625977,22711
2014-10-10,24.649999618530273,24.690000534057617,24.049999237060547,24.43000030517578,10.820180892944336,77299
2014-10-13,24.479999542236328,24.5,24.329999923706055,24.420000076293945,10.815753936767578,43487
2014-10-14,24.43000030517578,24.450000762939453,24.149999618530273,24.25,10.740461349487305,36920
2014-10-15,24.139999389648438,24.239999771118164,23.709999084472656,24.09000015258789,10.669591903686523,30338
2014-10-16,22.969999313354492,24.0,22.969999313354492,23.950000762939453,10.607586860656738,80996
2014-10-17,24.0,24.079999923706055,23.809999465942383,23.989999771118164,10.625304222106934,365931
2014-10-20,24.079999923706055,24.079999923706055,23.75,24.0,10.629730224609375,71493
2014-10-21,24.059999465942383,24.100000381469727,23.950000762939453,23.989999771118164,10.625304222106934,225116
2014-10-22,24.110000610351562,24.110000610351562,24.0,24.0,10.629730224609375,38840
2014-10-23,24.0,24.0,23.809999465942383,23.84000015258789,10.558866500854492,31434
2014-10-24,23.799999237060547,23.920000076293945,23.770000457763672,23.809999465942383,10.545581817626953,52218
2014-10-27,23.829999923706055,23.899999618530273,23.601999282836914,23.719999313354492,10.505719184875488,30306
2014-10-28,23.709999084472656,23.860000610351562,23.694599151611328,23.799999237060547,10.54115104675293,78112
2014-10-29,23.770000457763672,23.829999923706055,23.670000076293945,23.81999969482422,10.550008773803711,38330
2014-10-30,23.799999237060547,23.842599868774414,23.739999771118164,23.842599868774414,10.560020446777344,10927
2014-10-31,23.850000381469727,23.8700008392334,23.826900482177734,23.84000015258789,10.558866500854492,16608
2014-11-03,23.829999923706055,24.079999923706055,23.729999542236328,24.010000228881836,10.634160041809082,40504
2014-11-04,24.010000228881836,24.170000076293945,23.920000076293945,24.170000076293945,10.705023765563965,71937
2014-11-05,24.12969970703125,24.290000915527344,24.062999725341797,24.18000030517578,10.709456443786621,41157
2014-11-06,24.174999237060547,24.174999237060547,24.1200008392334,24.1299991607666,10.687310218811035,18730
2014-11-07,24.139999389648438,24.34000015258789,24.139999389648438,24.329999923706055,10.77589225769043,24644
2014-11-10,24.350000381469727,24.450000762939453,24.280000686645508,24.3799991607666,10.798036575317383,20475
2014-11-11,24.41200065612793,24.439899444580078,24.25,24.350000381469727,10.784749984741211,10369
2014-11-12,24.399999618530273,24.399999618530273,24.25,24.3799991607666,10.798036575317383,12630
2014-11-13,24.309999465942383,24.389999389648438,24.239999771118164,24.389999389648438,10.80246639251709,19474
2014-11-14,24.34000015258789,24.3700008392334,24.219999313354492,24.360000610351562,10.789176940917969,30074
2014-11-17,24.31999969482422,24.540000915527344,24.31999969482422,24.510000228881836,10.85561752319336,30238
2014-11-18,24.549999237060547,24.579999923706055,24.452600479125977,24.579999923706055,10.886616706848145,21317
2014-11-19,24.530000686645508,24.559999465942383,24.472000122070312,24.559999465942383,10.87775707244873,8368
2014-11-20,24.52440071105957,24.760000228881836,24.510000228881836,24.719999313354492,10.94862174987793,48088
2014-11-21,24.799999237060547,24.799999237060547,24.639999389648438,24.690000534057617,10.935335159301758,14056
2014-11-24,24.690000534057617,24.739999771118164,24.600000381469727,24.68000030517578,10.93090534210205,8704
2014-11-25,24.700000762939453,24.739999771118164,24.6200008392334,24.68000030517578,10.93090534210205,17407
2014-11-26,24.690000534057617,24.739999771118164,24.56999969482422,24.709999084472656,10.944196701049805,16559
2014-11-28,24.650999069213867,24.700000762939453,24.649999618530273,24.689899444580078,10.93529224395752,3503
2014-12-01,24.709999084472656,24.72920036315918,24.520000457763672,24.600000381469727,10.895477294921875,23725
2014-12-02,24.600000381469727,24.700000762939453,24.559999465942383,24.65999984741211,10.922051429748535,36337
2014-12-03,24.09000015258789,24.229999542236328,23.860000610351562,24.019899368286133,10.890488624572754,26916
2014-12-04,24.010000228881836,24.030000686645508,23.729999542236328,23.760000228881836,10.77265453338623,34826
2014-12-05,23.959999084472656,23.959999084472656,23.600000381469727,23.809900283813477,10.79527759552002,47401
2014-12-08,23.71619987487793,23.71619987487793,23.600000381469727,23.700000762939453,10.745448112487793,15724
2014-12-09,23.5,23.559999465942383,23.3799991607666,23.510000228881836,10.65930461883545,30962
2014-12-10,23.350000381469727,23.6299991607666,23.139999389648438,23.260000228881836,10.545955657958984,48381
2014-12-11,23.290000915527344,23.489999771118164,23.190000534057617,23.200000762939453,10.518750190734863,52057
2014-12-12,23.149999618530273,23.25,23.049999237060547,23.1200008392334,10.4824800491333,29274
2014-12-15,23.059999465942383,23.260000228881836,22.700000762939453,22.850000381469727,10.360063552856445,48428
2014-12-16,22.850000381469727,22.850000381469727,22.5,22.600000381469727,10.246715545654297,23622
2014-12-17,22.600000381469727,22.889999389648438,22.420000076293945,22.719900131225586,10.30107593536377,32460
2014-12-18,22.790000915527344,22.989500045776367,22.649999618530273,22.790000915527344,10.332862854003906,54927
2014-12-19,22.75,22.969499588012695,22.68000030517578,22.899999618530273,10.382731437683105,57549
2014-12-22,22.899999618530273,22.899999618530273,22.760000228881836,22.790000915527344,10.332862854003906,94187
2014-12-23,22.8799991607666,22.8799991607666,22.68000030517578,22.68000030517578,10.282988548278809,44664
2014-12-24,22.68000030517578,22.700000762939453,22.56999969482422,22.700000762939453,10.2920560836792,39683
2014-12-26,22.780000686645508,22.809999465942383,22.671300888061523,22.729999542236328,10.305657386779785,31600
2014-12-29,22.711000442504883,22.850000381469727,22.709999084472656,22.829999923706055,10.350996971130371,62118
2014-12-30,22.8799991607666,22.8799991607666,22.549999237060547,22.700000762939453,10.2920560836792,116673
2014-12-31,22.700000762939453,22.802000045776367,22.65999984741211,22.770000457763672,10.32379150390625,53783
2015-01-02,22.850000381469727,23.190000534057617,22.729999542236328,23.190000534057617,10.514213562011719,35562
2015-01-05,23.209999084472656,23.34000015258789,23.040000915527344,23.299999237060547,10.564088821411133,54169
2015-01-06,23.280000686645508,23.510000228881836,23.229999542236328,23.399999618530273,10.609429359436035,28318
2015-01-07,23.399999618530273,23.549999237060547,23.399999618530273,23.489999771118164,10.650236129760742,125001
2015-01-08,23.559999465942383,23.809999465942383,23.549999237060547,23.790000915527344,10.78625774383545,60826
2015-01-09,23.75,23.770000457763672,23.606000900268555,23.736000061035156,10.761771202087402,4300
2015-01-12,23.690000534057617,23.756999969482422,23.620100021362305,23.756999969482422,10.771293640136719,12715
2015-01-13,23.719999313354492,23.84000015258789,23.719999313354492,23.719999313354492,10.754517555236816,11384
2015-01-14,23.75,23.780000686645508,23.579999923706055,23.59000015258789,10.695573806762695,33424
2015-01-15,23.600000381469727,23.780000686645508,23.600000381469727,23.760000228881836,10.77265453338623,19353
2015-01-16,23.760000228881836,23.770000457763672,23.700000762939453,23.733999252319336,10.760865211486816,25498
2015-01-20,23.75,23.8700008392334,23.75,23.82990074157715,10.804346084594727,35205
2015-01-21,23.709999084472656,23.989999771118164,23.709999084472656,23.989999771118164,10.876934051513672,26616
2015-01-22,23.950000762939453,24.149999618530273,23.950000762939453,24.149999618530273,10.949475288391113,15770
2015-01-23,24.25,24.34000015258789,24.149999618530273,24.299999237060547,11.01748275756836,29114
2015-01-26,24.270000457763672,24.34000015258789,24.184499740600586,24.290000915527344,11.012955665588379,36830
2015-01-27,24.290000915527344,24.540000915527344,24.280000686645508,24.530000686645508,11.121768951416016,34443
2015-01-28,24.360000610351562,24.739999771118164,24.350000381469727,24.360000610351562,11.044686317443848,40662
2015-01-29,24.479999542236328,24.600000381469727,24.479999542236328,24.499900817871094,11.108120918273926,30796
2015-01-30,24.489999771118164,24.639999389648438,24.489999771118164,24.639999389648438,11.171639442443848,9610
2015-02-02,24.549999237060547,24.600000381469727,24.5,24.59000015258789,11.148968696594238,16599
2015-02-03,24.564300537109375,24.63990020751953,24.510099411010742,24.579999923706055,11.144434928894043,21830
2015-02-04,24.579999923706055,24.579999923706055,24.5,24.51650047302246,11.115641593933105,24454
2015-02-05,24.534299850463867,24.534299850463867,24.350000381469727,24.45439910888672,11.087491035461426,17715
2015-02-06,24.439899444580078,24.5,24.25469970703125,24.40999984741211,11.067357063293457,33745
2015-02-09,24.479900360107422,24.489999771118164,24.42099952697754,24.489900588989258,11.10358715057373,17816
2015-02-10,24.40999984741211,24.52239990234375,24.40999984741211,24.501300811767578,11.108757019042969,1936
2015-02-11,24.450000762939453,24.579999923706055,24.270000457763672,24.579999923706055,11.144434928894043,17478
2015-02-12,24.42099952697754,24.649999618530273,24.420000076293945,24.649999618530273,11.176168441772461,19030
2015-02-13,24.649999618530273,24.649999618530273,24.530000686645508,24.639999389648438,11.171639442443848,20938
2015-02-17,24.639999389648438,24.639999389648438,24.420000076293945,24.43000030517578,11.076424598693848,25451
2015-02-18,24.389999389648438,24.499900817871094,24.26889991760254,24.459999084472656,11.090031623840332,20299
2015-02-19,24.270000457763672,24.43000030517578,24.270000457763672,24.3799991607666,11.053755760192871,19125
2015-02-20,24.3799991607666,24.5,24.3799991607666,24.5,11.108163833618164,16517
2015-02-23,24.5,24.579999923706055,24.464000701904297,24.540000915527344,11.126298904418945,110764
2015-02-24,24.5,24.670000076293945,24.49489974975586,24.649900436401367,11.176124572753906,18425
2015-02-25,24.56999969482422,24.690000534057617,24.56999969482422,24.600000381469727,11.1535062789917,17508
2015-02-26,24.670000076293945,24.689899444580078,24.600000381469727,24.64080047607422,11.17200756072998,11041
2015-02-27,24.68000030517578,24.799999237060547,24.68000030517578,24.789899826049805,11.239603042602539,186589
2015-03-02,24.709999084472656,24.790000915527344,24.65999984741211,24.65999984741211,11.180709838867188,29638
2015-03-03,24.219999313354492,24.3799991607666,24.170000076293945,24.372800827026367,11.271907806396484,36360
2015-03-04,24.360000610351562,24.450000762939453,24.309999465942383,24.440000534057617,11.302988052368164,228969
2015-03-05,24.440000534057617,24.440000534057617,24.382400512695312,24.440000534057617,11.302988052368164,10096
2015-03-06,24.3700008392334,24.3700008392334,24.010000228881836,24.110000610351562,11.150369644165039,20799
2015-03-09,24.209999084472656,24.209999084472656,23.90999984741211,24.049999237060547,11.122617721557617,9056
2015-03-10,23.920000076293945,24.06999969482422,23.840099334716797,24.020000457763672,11.108747482299805,10806
2015-03-11,24.059900283813477,24.059999465942383,23.959999084472656,23.969999313354492,11.085620880126953,7691
2015-03-12,24.010799407958984,24.010799407958984,23.809999465942383,23.809999465942383,11.011626243591309,16154
2015-03-13,23.850000381469727,24.030000686645508,23.850000381469727,23.979999542236328,11.09024429321289,22154
2015-03-16,23.920000076293945,23.999900817871094,23.8799991607666,23.8799991607666,11.04399585723877,14408
2015-03-17,23.885299682617188,24.0,23.885299682617188,24.0,11.099494934082031,5944
2015-03-18,24.049999237060547,24.15999984741211,23.989999771118164,24.15999984741211,11.173493385314941,13268
2015-03-19,24.170000076293945,24.229999542236328,24.15999984741211,24.15999984741211,11.173493385314941,14479
2015-03-20,24.219999313354492,24.399999618530273,24.209999084472656,24.399999618530273,11.284490585327148,43455
2015-03-23,24.399999618530273,24.690000534057617,24.31730079650879,24.649999618530273,11.400105476379395,57361
2015-03-24,24.649999618530273,24.739999771118164,24.5,24.59000015258789,11.372357368469238,169579
2015-03-25,24.559999465942383,24.66990089416504,24.510099411010742,24.540300369262695,11.349369049072266,11377
2015-03-26,24.593599319458008,24.68000030517578,24.579999923706055,24.649999618530273,11.400105476379395,22530
2015-03-27,24.59000015258789,24.625,24.575000762939453,24.578899383544922,11.367225646972656,9237
2015-03-30,24.56999969482422,24.649999618530273,24.312000274658203,24.399999618530273,11.284490585327148,31882
2015-03-31,24.40999984741211,24.549999237060547,24.399999618530273,24.5,11.330738067626953,16476
2015-04-01,24.540000915527344,24.540000915527344,24.399999618530273,24.40999984741211,11.289113998413086,11416
2015-04-02,24.440000534057617,24.489999771118164,24.399999618530273,24.399999618530273,11.284490585327148,8895
2015-04-06,24.469999313354492,24.469999313354492,24.3799991607666,24.441200256347656,11.303540229797363,5314
2015-04-07,24.44099998474121,24.450000762939453,24.389999389648438,24.41320037841797,11.290592193603516,8141
2015-04-08,24.46969985961914,24.520000457763672,24.420000076293945,24.520000457763672,11.339984893798828,13135
2015-04-09,24.53529930114746,24.639999389648438,24.534799575805664,24.634000778198242,11.392706871032715,19858
2015-04-10,24.639999389648438,24.690000534057617,24.639999389648438,24.68000030517578,11.413979530334473,10416
2015-04-13,24.649999618530273,24.68000030517578,24.5,24.649999618530273,11.400105476379395,22165
2015-04-14,24.649999618530273,24.649999618530273,24.43000030517578,24.440000534057617,11.302988052368164,7563
2015-04-15,24.5,24.59000015258789,24.450000762939453,24.559999465942383,11.358484268188477,13447
2015-04-16,24.489999771118164,24.61079978942871,24.489999771118164,24.61079978942871,11.381978988647461,5271
2015-04-17,24.6200008392334,24.63990020751953,24.34000015258789,24.34000015258789,11.256739616394043,45169
2015-04-20,24.5,24.599899291992188,24.415800094604492,24.599899291992188,11.376937866210938,2645
2015-04-21,24.59000015258789,24.600000381469727,24.3799991607666,24.59000015258789,11.372357368469238,18443
2015-04-22,24.59000015258789,24.59000015258789,24.559999465942383,24.59000015258789,11.372357368469238,25864
2015-04-23,24.549999237060547,24.59000015258789,24.450000762939453,24.5,11.330738067626953,21140
2015-04-24,24.56999969482422,24.649999618530273,24.549999237060547,24.649999618530273,11.400105476379395,23243
2015-04-27,24.639999389648438,24.649999618530273,24.559999465942383,24.600000381469727,11.376985549926758,82616
2015-04-28,24.649999618530273,24.649999618530273,24.6200008392334,24.649999618530273,11.400105476379395,8197
2015-04-29,24.649999618530273,24.649999618530273,24.52039909362793,24.54680061340332,11.352378845214844,17967
2015-04-30,24.609600067138672,24.68000030517578,24.609600067138672,24.647300720214844,11.398859024047852,2883
2015-05-01,24.649999618530273,24.719999313354492,24.549999237060547,24.649999618530273,11.400105476379395,17526
2015-05-04,24.601999282836914,24.649999618530273,24.579999923706055,24.639999389648438,11.395485877990723,5626
2015-05-05,24.68079948425293,24.719999313354492,24.5,24.540000915527344,11.349234580993652,14926
2015-05-06,24.540000915527344,24.559999465942383,24.049999237060547,24.09000015258789,11.141119003295898,16740
2015-05-07,24.3799991607666,24.469999313354492,24.110000610351562,24.469999313354492,11.316861152648926,10105
2015-05-08,24.569000244140625,24.569000244140625,24.389999389648438,24.540000915527344,11.349234580993652,18083
2015-05-11,24.5,24.540000915527344,24.25,24.420000076293945,11.293734550476074,26891
2015-05-12,24.334999084472656,24.530000686645508,24.20009994506836,24.450000762939453,11.307611465454102,24473
2015-05-13,24.52989959716797,24.719999313354492,24.454999923706055,24.719999313354492,11.43248176574707,8047
2015-05-14,24.719999313354492,24.809999465942383,24.700000762939453,24.790000915527344,11.464853286743164,7703
2015-05-15,24.65999984741211,24.799999237060547,24.65999984741211,24.790000915527344,11.464853286743164,5531
2015-05-18,24.780000686645508,24.81999969482422,24.749900817871094,24.81999969482422,11.478728294372559,10775
2015-05-19,24.760000228881836,24.80620002746582,24.719999313354492,24.790000915527344,11.464853286743164,7181
2015-05-20,24.790000915527344,24.799999237060547,24.700000762939453,24.773000717163086,11.456988334655762,3201
2015-05-21,24.790000915527344,24.969900131225586,24.790000915527344,24.940000534057617,11.534224510192871,7334
2015-05-22,24.84000015258789,24.84000015258789,24.780000686645508,24.780000686645508,11.460230827331543,7969
2015-05-26,24.799999237060547,24.90999984741211,24.586999893188477,24.90999984741211,11.520352363586426,14401
2015-05-27,24.889999389648438,24.90999984741211,24.809999465942383,24.899999618530273,11.515726089477539,9831
2015-05-28,24.899999618530273,24.899999618530273,24.742599487304688,24.799999237060547,11.46947956085205,14271
2015-05-29,24.899999618530273,24.899999618530273,24.72010040283203,24.75,11.446352005004883,9665
2015-06-01,24.75,24.899999618530273,24.75,24.878299713134766,11.505688667297363,9492
2015-06-02,24.889999389648438,24.889999389648438,24.68000030517578,24.88990020751953,11.511054039001465,3568
2015-06-03,24.2544002532959,24.399999618530273,24.2544002532959,24.399999618530273,11.508461952209473,14494
2015-06-04,24.34000015258789,24.559999465942383,24.31999969482422,24.450000762939453,11.532042503356934,14146
2015-06-05,24.559999465942383,24.572900772094727,24.350000381469727,24.360000610351562,11.489594459533691,12504
2015-06-08,24.514799118041992,24.514799118041992,24.229999542236328,24.450000762939453,11.532042503356934,5980
2015-06-09,24.510000228881836,24.510000228881836,24.110000610351562,24.299999237060547,11.461294174194336,17893
2015-06-10,24.100000381469727,24.399999618530273,24.100000381469727,24.299999237060547,11.461294174194336,9160
2015-06-11,24.100000381469727,24.399200439453125,24.100000381469727,24.31999969482422,11.470727920532227,8020
2015-06-12,24.450000762939453,24.450000762939453,24.149999618530273,24.239999771118164,11.432997703552246,3384
2015-06-15,24.239999771118164,24.239999771118164,24.100000381469727,24.149999618530273,11.390546798706055,14293
2015-06-16,24.100000381469727,24.208099365234375,24.049999237060547,24.075000762939453,11.355172157287598,10081
2015-06-17,24.06999969482422,24.06999969482422,23.91469955444336,24.0,11.319794654846191,7416
2015-06-18,24.030000686645508,24.049999237060547,23.729999542236328,23.889999389648438,11.267912864685059,14678
2015-06-19,23.709999084472656,24.06999969482422,23.600000381469727,23.93000030517578,11.286784172058105,10520
2015-06-22,23.899999618530273,24.063199996948242,23.520000457763672,23.520000457763672,11.093403816223145,17850
2015-06-23,23.530000686645508,23.94179916381836,23.530000686645508,23.850000381469727,11.249051094055176,14474
2015-06-24,23.844999313354492,23.950000762939453,23.844999313354492,23.850000381469727,11.249051094055176,524
2015-06-25,24.0,24.239999771118164,23.760000228881836,23.850000381469727,11.249051094055176,9444
2015-06-26,23.850000381469727,23.850000381469727,23.549999237060547,23.649999618530273,11.154719352722168,16996
2015-06-29,23.75,23.822500228881836,23.56999969482422,23.56999969482422,11.116983413696289,15223
2015-06-30,23.56999969482422,23.780000686645508,23.56999969482422,23.600000381469727,11.131134986877441,8545
2015-07-01,23.6299991607666,23.86989974975586,23.600000381469727,23.860000610351562,11.253767013549805,13069
2015-07-02,23.65999984741211,23.950000762939453,23.649999618530273,23.690000534057617,11.173585891723633,7550
2015-07-06,23.600000381469727,23.739999771118164,23.600000381469727,23.700000762939453,11.178297996520996,20574
2015-07-07,23.829999923706055,23.8700008392334,23.700000762939453,23.719999313354492,11.18773365020752,3426
2015-07-08,23.739999771118164,23.770000457763672,23.610000610351562,23.639999389648438,11.149999618530273,8957
2015-07-09,23.739999771118164,23.739999771118164,23.639999389648438,23.70549964904785,11.180893898010254,2210
2015-07-10,23.739999771118164,23.75,23.688800811767578,23.75,11.201881408691406,1723
2015-07-13,23.8700008392334,24.039899826049805,23.8700008392334,23.8700008392334,11.258482933044434,18871
2015-07-14,24.058799743652344,24.09000015258789,23.940099716186523,24.049999237060547,11.3433837890625,15323
2015-07-15,24.031099319458008,24.09000015258789,23.880399703979492,24.0,11.319794654846191,23838
2015-07-16,24.149999618530273,24.25,23.950000762939453,24.25,11.437715530395508,41419
2015-07-17,24.34000015258789,24.389999389648438,23.920000076293945,24.149999618530273,11.390546798706055,35713
2015-07-20,24.200000762939453,24.200000762939453,24.00200080871582,24.149999618530273,11.390546798706055,11521
2015-07-21,24.189800262451172,24.270000457763672,24.170000076293945,24.219900131225586,11.423515319824219,3700
2015-07-22,24.079999923706055,24.149999618530273,23.93000030517578,24.049999237060547,11.3433837890625,16948
2015-07-23,24.049999237060547,24.049999237060547,23.780000686645508,24.030000686645508,11.33395004272461,76635
2015-07-24,24.059999465942383,24.100000381469727,24.0,24.020000457763672,11.329231262207031,6403
2015-07-27,24.0,24.089099884033203,23.75,24.089099884033203,11.361822128295898,31347
2015-07-28,24.09000015258789,24.09000015258789,23.780000686645508,23.843000411987305,11.245747566223145,21302
2015-07-29,23.780000686645508,24.049999237060547,23.65999984741211,23.700000762939453,11.178297996520996,13630
2015-07-30,23.799999237060547,23.799999237060547,23.600000381469727,23.6200008392334,11.140571594238281,11662
2015-07-31,23.760000228881836,23.90999984741211,23.690099716186523,23.898500442504883,11.271923065185547,10299
2015-08-03,23.90999984741211,23.90999984741211,23.81999969482422,23.820100784301758,11.234946250915527,12677
2015-08-04,23.81999969482422,23.851499557495117,23.729999542236328,23.82360076904297,11.236597061157227,13470
2015-08-05,23.84000015258789,23.857999801635742,23.670000076293945,23.700000762939453,11.178297996520996,82905
2015-08-06,23.84000015258789,23.84000015258789,23.670000076293945,23.75,11.201881408691406,15612
2015-08-07,23.69099998474121,23.69099998474121,23.690000534057617,23.690000534057617,11.173585891723633,1621
2015-08-10,23.690000534057617,23.854299545288086,23.690000534057617,23.854299545288086,11.251077651977539,14817
2015-08-11,23.950000762939453,23.969999313354492,23.600000381469727,23.65999984741211,11.159432411193848,19827
2015-08-12,23.70199966430664,23.722000122070312,23.600000381469727,23.700000762939453,11.178297996520996,11055
2015-08-13,23.59000015258789,23.770000457763672,23.56999969482422,23.67060089111328,11.164434432983398,5909
2015-08-14,23.689899444580078,23.769899368286133,23.642799377441406,23.769899368286133,11.211271286010742,4500
2015-08-17,23.769899368286133,23.770000457763672,23.6299991607666,23.649999618530273,11.154719352722168,7806
2015-08-18,23.6299991607666,23.699899673461914,23.610000610351562,23.640600204467773,11.15028190612793,8458
2015-08-19,23.698999404907227,23.700000762939453,23.610000610351562,23.66010093688965,11.159483909606934,5290
2015-08-20,23.68549919128418,23.700000762939453,23.56999969482422,23.56999969482422,11.116983413696289,12747
2015-08-21,23.559999465942383,23.600000381469727,23.549999237060547,23.599899291992188,11.131086349487305,9053
2015-08-24,23.5,23.59000015258789,23.100000381469727,23.120100021362305,10.904787063598633,15698
2015-08-25,23.549999237060547,23.579999923706055,23.18000030517578,23.210399627685547,10.94737434387207,14888
2015-08-26,23.200000762939453,23.299999237060547,23.200000762939453,23.299999237060547,10.98963451385498,906
2015-08-27,23.479999542236328,23.770000457763672,23.209999084472656,23.770000457763672,11.211318016052246,22915
2015-08-28,23.770000457763672,23.979999542236328,23.729999542236328,23.979999542236328,11.310361862182617,11380
2015-08-31,23.90999984741211,24.149999618530273,23.889999389648438,24.139999389648438,11.385828971862793,20781
2015-09-01,24.010000228881836,24.129899978637695,23.9689998626709,24.07740020751953,11.356303215026855,4760
2015-09-02,23.649999618530273,23.649999618530273,23.540000915527344,23.600000381469727,11.359673500061035,6046
2015-09-03,23.649999618530273,23.649999618530273,23.45009994506836,23.510000228881836,11.316354751586914,8940
2015-09-04,23.600000381469727,23.600000381469727,23.59000015258789,23.600000381469727,11.359673500061035,1111
2015-09-08,23.533000946044922,23.770000457763672,23.523000717163086,23.770000457763672,11.44150161743164,11816
2015-09-09,23.600000381469727,23.600000381469727,23.459999084472656,23.459999084472656,11.29228401184082,5810
2015-09-10,23.5,23.5,23.180500030517578,23.399999618530273,11.263402938842773,4379
2015-09-11,23.522899627685547,23.522899627685547,23.43000030517578,23.430099487304688,11.277894020080566,1062
2015-09-14,23.43000030517578,23.43000030517578,23.100000381469727,23.25,11.191205024719238,9794
2015-09-15,23.299999237060547,23.579999923706055,23.139999389648438,23.149999618530273,11.143070220947266,7410
2015-09-16,23.139999389648438,23.40999984741211,23.030000686645508,23.25,11.191205024719238,15856
2015-09-17,23.259599685668945,23.520000457763672,23.110000610351562,23.5,11.311539649963379,5465
2015-09-18,23.273000717163086,23.5,23.219999313354492,23.219999313354492,11.176762580871582,4478
2015-09-21,23.350000381469727,23.450000762939453,23.350000381469727,23.399999618530273,11.263402938842773,4885
2015-09-22,23.459999084472656,23.459999084472656,23.360000610351562,23.399999618530273,11.263402938842773,4055
2015-09-23,23.518800735473633,23.518800735473633,23.149999618530273,23.229999542236328,11.181577682495117,44188
2015-09-24,23.260000228881836,23.45989990234375,23.178600311279297,23.239999771118164,11.186389923095703,12982
2015-09-25,23.260000228881836,23.440000534057617,23.260000228881836,23.389999389648438,11.25859260559082,7415
2015-09-28,23.459999084472656,23.459999084472656,23.049999237060547,23.139999389648438,11.138256072998047,20856
2015-09-29,23.139999389648438,23.36199951171875,23.049999237060547,23.049999237060547,11.09493350982666,13431
2015-09-30,23.09000015258789,23.190000534057617,22.959999084472656,23.010000228881836,11.075684547424316,15307
2015-10-01,23.040000915527344,23.139999389648438,22.959999084472656,22.959999084472656,11.051615715026855,9550
2015-10-02,22.90999984741211,23.270000457763672,22.90999984741211,23.170000076293945,11.15269660949707,8749
2015-10-05,22.920000076293945,23.270000457763672,22.920000076293945,23.269899368286133,11.200779914855957,10911
2015-10-06,23.269899368286133,23.32819938659668,23.170000076293945,23.189899444580078,11.162278175354004,4285
2015-10-07,23.003999710083008,23.329999923706055,22.899999618530273,22.899999618530273,11.022732734680176,14014
2015-10-08,22.969999313354492,23.29990005493164,22.969999313354492,23.030000686645508,11.085309028625488,2400
2015-10-09,23.030099868774414,23.260000228881836,23.030099868774414,23.219999313354492,11.176762580871582,5842
2015-10-12,23.229999542236328,23.239999771118164,23.15999984741211,23.239999771118164,11.186389923095703,2977
2015-10-13,23.150100708007812,23.150100708007812,23.150100708007812,23.150100708007812,11.14311695098877,1000
2015-10-14,23.170000076293945,23.19499969482422,23.020000457763672,23.06999969482422,11.104562759399414,19366
2015-10-15,23.15999984741211,23.219999313354492,23.0,23.020000457763672,11.08049488067627,15700
2015-10-16,23.0,23.149999618530273,22.90999984741211,23.149999618530273,11.143070220947266,14619
2015-10-19,22.979999542236328,22.979999542236328,22.900100708007812,22.950000762939453,11.046801567077637,10089
2015-10-20,23.0,23.0,22.81999969482422,22.949899673461914,11.046753883361816,7990
2015-10-21,23.06999969482422,23.06999969482422,22.59000015258789,22.649999618530273,10.902398109436035,24764
2015-10-22,22.75,22.81999969482422,22.739999771118164,22.739999771118164,10.945722579956055,4507
2015-10-23,22.6299991607666,22.75,22.6299991607666,22.719999313354492,10.936094284057617,2714
2015-10-26,22.739999771118164,23.170000076293945,22.719999313354492,23.049999237060547,11.09493350982666,16648
2015-10-27,23.040000915527344,23.134000778198242,23.040000915527344,23.134000778198242,11.135367393493652,3477
2015-10-28,23.16990089416504,23.16990089416504,23.049999237060547,23.091999053955078,11.115153312683105,4661
2015-10-29,23.148000717163086,23.170000076293945,23.148000717163086,23.170000076293945,11.15269660949707,1833
2015-10-30,23.09000015258789,23.15999984741211,22.675800323486328,23.139999389648438,11.138256072998047,11338
2015-11-02,23.049999237060547,23.219999313354492,23.049999237060547,23.200000762939453,11.16713809967041,15057
2015-11-03,23.200000762939453,23.200000762939453,23.049999237060547,23.18000030517578,11.157511711120605,2504
2015-11-04,23.06999969482422,23.200000762939453,22.780000686645508,23.200000762939453,11.16713809967041,12749
2015-11-05,23.15999984741211,23.290000915527344,22.959999084472656,23.25,11.191205024719238,11558
2015-11-06,23.059999465942383,23.149999618530273,22.969999313354492,23.059999465942383,11.099749565124512,6634
2015-11-09,23.121999740600586,23.15999984741211,22.631099700927734,23.149999618530273,11.143070220947266,9507
2015-11-10,23.239999771118164,23.440000534057617,23.239999771118164,23.350000381469727,11.239336967468262,8942
2015-11-11,23.538999557495117,23.549999237060547,23.39929962158203,23.549999237060547,11.335607528686523,14443
2015-11-12,23.0,23.450000762939453,22.989999771118164,23.440000534057617,11.282659530639648,9732
2015-11-13,23.34000015258789,23.360000610351562,23.11549949645996,23.25,11.191205024719238,6638
2015-11-16,23.250099182128906,23.440000534057617,22.809999465942383,23.008100509643555,11.074769973754883,10049
2015-11-17,23.219999313354492,23.229999542236328,22.979999542236328,22.979999542236328,11.061243057250977,10775
2015-11-18,22.950000762939453,23.049999237060547,22.93000030517578,22.940500259399414,11.042229652404785,12251
2015-11-19,22.950000762939453,23.187400817871094,22.930099487304688,22.959999084472656,11.051615715026855,6924
2015-11-20,23.06999969482422,23.06999969482422,22.889999389648438,22.889999389648438,11.017918586730957,3888
2015-11-23,22.93000030517578,23.387399673461914,22.93000030517578,23.350000381469727,11.239336967468262,11706
2015-11-24,23.030000686645508,23.290000915527344,23.0,23.049999237060547,11.09493350982666,11919
2015-11-25,23.024999618530273,23.280000686645508,22.91189956665039,23.270000457763672,11.200831413269043,5893
2015-11-27,23.270000457763672,23.610000610351562,23.114999771118164,23.59280014038086,11.35621166229248,10693
2015-11-30,23.75,23.979999542236328,23.600099563598633,23.809999465942383,11.460755348205566,27274
2015-12-01,23.89080047607422,23.989599227905273,23.795400619506836,23.850000381469727,11.480010032653809,15113
2015-12-02,23.219999313354492,23.448999404907227,22.889999389648438,23.40999984741211,11.501824378967285,14255
2015-12-03,23.020000457763672,23.110000610351562,22.903499603271484,22.93000030517578,11.265989303588867,13389
2015-12-04,22.920000076293945,22.950000762939453,22.770099639892578,22.770099639892578,11.18742847442627,2700
2015-12-07,22.750099182128906,23.049999237060547,22.360000610351562,22.360000610351562,10.98593807220459,12142
2015-12-08,22.360000610351562,22.360000610351562,21.610000610351562,21.799999237060547,10.710796356201172,20138
2015-12-09,22.09000015258789,22.09000015258789,21.34000015258789,21.40999984741211,10.519182205200195,13394
2015-12-10,21.5,22.1299991607666,21.129600524902344,21.25,10.440571784973145,12121
2015-12-11,21.110000610351562,21.242799758911133,20.329999923706055,20.5,10.072078704833984,11586
2015-12-14,21.0,21.0,18.740100860595703,19.2721004486084,9.468788146972656,64794
2015-12-15,19.299999237060547,20.170000076293945,19.299999237060547,19.895000457763672,9.77483081817627,79922
2015-12-16,20.420000076293945,20.77989959716797,20.219999313354492,20.719999313354492,10.180171012878418,45613
2015-12-17,20.799999237060547,21.110000610351562,20.524200439453125,20.799999237060547,10.219478607177734,27358
2015-12-18,20.709999084472656,21.0,19.420000076293945,20.299999237060547,9.973814010620117,106320
2015-12-21,19.75,20.382999420166016,19.75,20.25,9.949251174926758,9970
2015-12-22,20.059999465942383,20.690000534057617,20.059999465942383,20.549999237060547,10.096644401550293,25048
2015-12-23,20.469999313354492,20.969999313354492,20.469999313354492,20.950000762939453,10.293176651000977,34228
2015-12-24,20.950000762939453,21.270000457763672,20.739999771118164,21.09000015258789,10.361957550048828,7618
2015-12-28,20.700000762939453,21.026199340820312,20.68000030517578,20.940000534057617,10.288262367248535,13869
2015-12-29,21.16629981994629,21.16629981994629,20.450000762939453,21.040000915527344,10.337393760681152,23420
2015-12-30,21.170000076293945,21.25,20.63010025024414,21.18000030517578,10.40617847442627,8759
2015-12-31,21.200000762939453,21.969999313354492,20.740100860595703,21.729999542236328,10.676406860351562,28532
2016-01-04,21.639999389648438,21.65999984741211,21.219999313354492,21.549999237060547,10.587968826293945,6372
2016-01-05,21.550100326538086,21.969999313354492,21.550100326538086,21.75,10.686233520507812,2725
2016-01-06,21.3799991607666,21.56999969482422,21.200000762939453,21.450000762939453,10.538836479187012,16324
2016-01-07,21.3700008392334,21.700000762939453,20.989999771118164,21.489999771118164,10.558488845825195,25721
2016-01-08,21.489999771118164,21.88450050354004,20.872900009155273,21.88450050354004,10.752315521240234,2771
2016-01-11,21.33609962463379,21.5,21.049999237060547,21.309999465942383,10.470051765441895,7015
2016-01-12,21.469999313354492,21.499000549316406,21.06999969482422,21.299999237060547,10.465139389038086,3540
2016-01-13,21.049999237060547,21.31999969482422,20.43000030517578,20.75,10.19490909576416,18161
2016-01-14,20.7273006439209,20.7273006439209,19.450000762939453,20.600000381469727,10.1212158203125,47976
2016-01-15,20.329999923706055,20.739999771118164,20.200000762939453,20.719999313354492,10.180171012878418,11513
2016-01-19,20.40999984741211,20.80739974975586,20.299999237060547,20.789899826049805,10.214512825012207,5166
2016-01-20,20.290000915527344,20.290000915527344,19.049999237060547,19.979999542236328,9.816594123840332,28765
2016-01-21,19.979999542236328,20.459999084472656,19.690000534057617,20.450000762939453,10.047513961791992,16751
2016-01-22,20.399999618530273,20.649999618530273,20.110000610351562,20.549999237060547,10.096644401550293,7355
2016-01-25,20.549999237060547,20.68939971923828,19.914400100708008,20.489999771118164,10.067166328430176,7527
2016-01-26,20.128000259399414,20.649999618530273,20.0,20.610000610351562,10.126126289367676,7330
2016-01-27,20.229999542236328,21.059999465942383,20.229999542236328,21.059999465942383,10.347219467163086,16741
2016-01-28,20.489999771118164,21.280000686645508,20.25,21.280000686645508,10.455313682556152,30887
2016-01-29,21.170000076293945,21.399999618530273,21.049999237060547,21.399999618530273,10.51426887512207,16342
2016-02-01,21.3799991607666,21.399999618530273,20.43000030517578,21.3799991607666,10.50444221496582,19211
2016-02-02,21.173999786376953,21.3799991607666,20.799999237060547,21.229999542236328,10.430743217468262,18558
2016-02-03,21.23200035095215,21.309999465942383,20.78700065612793,21.290000915527344,10.460223197937012,5927
2016-02-04,21.360000610351562,21.396499633789062,20.938199996948242,21.28499984741211,10.457769393920898,4738
2016-02-05,20.98040008544922,21.299999237060547,20.98040008544922,21.100000381469727,10.366872787475586,2170
2016-02-08,20.25,20.600000381469727,19.760000228881836,20.59000015258789,10.116301536560059,8090
2016-02-09,20.600000381469727,20.649999618530273,19.799999237060547,19.889999389648438,9.772374153137207,11662
2016-02-10,20.760000228881836,20.8700008392334,20.200000762939453,20.459999084472656,10.052428245544434,13341
2016-02-11,20.270000457763672,20.399999618530273,19.41010093688965,20.329999923706055,9.988556861877441,13231
2016-02-12,20.309999465942383,20.469999313354492,19.100000381469727,19.399999618530273,9.531627655029297,23817
2016-02-16,20.239999771118164,20.649999618530273,20.149999618530273,20.579999923706055,10.111384391784668,8035
2016-02-17,20.950000762939453,20.950000762939453,20.377300262451172,20.600000381469727,10.1212158203125,4959
2016-02-18,20.600000381469727,20.739999771118164,20.420000076293945,20.579999923706055,10.111384391784668,4113
2016-02-19,20.649999618530273,20.79990005493164,20.5,20.79990005493164,10.219429016113281,9442
2016-02-22,20.559999465942383,20.950000762939453,20.549999237060547,20.950000762939453,10.293176651000977,12508
2016-02-23,20.690000534057617,21.049999237060547,20.690000534057617,20.979999542236328,10.307914733886719,17247
2016-02-24,20.864900588989258,20.989999771118164,20.60099983215332,20.969999313354492,10.30300235748291,3599
2016-02-25,20.548999786376953,21.0,20.5,20.93000030517578,10.283349990844727,5413
2016-02-26,21.219999313354492,21.219999313354492,20.741500854492188,20.940000534057617,10.288262367248535,8670
2016-02-29,20.940000534057617,21.34000015258789,20.774599075317383,21.34000015258789,10.48479175567627,3083
2016-03-01,20.739999771118164,21.399999618530273,20.739999771118164,21.3799991607666,10.50444221496582,27126
2016-03-02,20.940000534057617,21.06999969482422,20.729999542236328,21.06999969482422,10.592117309570312,8416
2016-03-03,20.847000122070312,21.049999237060547,20.81999969482422,21.0,10.556926727294922,10628
2016-03-04,20.850000381469727,21.329999923706055,20.850000381469727,21.31999969482422,10.717793464660645,6458
2016-03-07,21.287099838256836,21.287099838256836,20.770000457763672,21.200000762939453,10.65746784210205,7800
2016-03-08,20.860000610351562,21.18000030517578,20.549999237060547,21.09000015258789,10.602168083190918,3502
2016-03-09,21.0,21.0,20.979999542236328,20.979999542236328,10.546870231628418,4160
2016-03-10,20.984500885009766,20.989999771118164,20.850000381469727,20.899999618530273,10.50665283203125,7786
2016-03-11,21.040000915527344,21.06999969482422,20.889999389648438,21.040000915527344,10.577033996582031,10702
2016-03-14,20.899999618530273,21.100000381469727,20.890100479125977,21.100000381469727,10.607197761535645,9130
2016-03-15,21.099000930786133,21.100000381469727,21.0,21.100000381469727,10.607197761535645,8714
2016-03-16,20.976499557495117,21.350000381469727,20.976499557495117,21.350000381469727,10.732876777648926,7352
2016-03-17,21.389999389648438,21.799999237060547,21.31999969482422,21.790000915527344,10.954070091247559,15154
2016-03-18,21.5,21.780000686645508,21.5,21.75,10.9339599609375,6782
2016-03-21,21.75,21.959999084472656,21.749900817871094,21.889999389648438,11.004338264465332,25010
2016-03-22,21.950000762939453,21.950000762939453,21.86009979248047,21.8700008392334,10.994282722473145,3185
2016-03-23,21.889999389648438,21.989999771118164,21.850000381469727,21.969999313354492,11.044554710388184,7177
2016-03-24,21.87660026550293,21.989999771118164,21.87649917602539,21.969999313354492,11.044554710388184,5598
2016-03-28,21.989999771118164,22.469999313354492,21.989999771118164,22.440000534057617,11.280829429626465,14691
2016-03-29,22.356000900268555,22.420000076293945,22.356000900268555,22.420000076293945,11.270777702331543,5247
2016-03-30,22.420000076293945,22.450000762939453,22.149999618530273,22.31999969482422,11.220505714416504,7131
2016-03-31,22.418500900268555,22.464000701904297,22.209999084472656,22.209999084472656,11.165206909179688,11013
2016-04-01,22.440000534057617,22.440000534057617,22.440000534057617,22.440000534057617,11.280829429626465,773
2016-04-04,22.399999618530273,22.479999542236328,22.299999237060547,22.479900360107422,11.300890922546387,10503
2016-04-05,22.43000030517578,22.479999542236328,22.360000610351562,22.459999084472656,11.290879249572754,10457
2016-04-06,22.42799949645996,22.499900817871094,22.399999618530273,22.469999313354492,11.29590892791748,9930
2016-04-07,22.5,22.5,22.200000762939453,22.280000686645508,11.200397491455078,15188
2016-04-08,22.360000610351562,22.5,22.350000381469727,22.3799991607666,11.250666618347168,14896
2016-04-11,22.5,22.860000610351562,22.43000030517578,22.700000762939453,11.411534309387207,44010
2016-04-12,22.950000762939453,22.950000762939453,22.770000457763672,22.850000381469727,11.486939430236816,11238
2016-04-13,22.959999084472656,23.149900436401367,22.829999923706055,23.079999923706055,11.602561950683594,6840
2016-04-14,23.1299991607666,23.149999618530273,22.937000274658203,23.049999237060547,11.587481498718262,9817
2016-04-15,23.049999237060547,23.06999969482422,22.959999084472656,23.06999969482422,11.59753704071045,17989
2016-04-18,22.950000762939453,23.270000457763672,22.950000762939453,23.1200008392334,11.62267017364502,4334
2016-04-19,23.149999618530273,23.270000457763672,23.010000228881836,23.1200008392334,11.62267017364502,13804
2016-04-20,23.2007999420166,23.309900283813477,23.020000457763672,23.25,11.68802547454834,205137
2016-04-21,23.12969970703125,23.309999465942383,23.12969970703125,23.219999313354492,11.672941207885742,17965
2016-04-22,23.23539924621582,23.23539924621582,23.1200008392334,23.200000762939453,11.662887573242188,8625
2016-04-25,23.239999771118164,23.25,22.850000381469727,22.850000381469727,11.486939430236816,23530
2016-04-26,22.860000610351562,23.049999237060547,22.739999771118164,22.860000610351562,11.49196720123291,50609
2016-04-27,22.947200775146484,23.229999542236328,22.920000076293945,23.229999542236328,11.677970886230469,73242
2016-04-28,23.239999771118164,23.239999771118164,22.850000381469727,23.1299991607666,11.627696990966797,6702
2016-04-29,23.030000686645508,23.209999084472656,22.8799991607666,23.190000534057617,11.65786075592041,15432
2016-05-02,23.219999313354492,23.440000534057617,23.209999084472656,23.40999984741211,11.768457412719727,11221
2016-05-03,23.440000534057617,23.5,23.365999221801758,23.5,11.813703536987305,17029
2016-05-04,23.489999771118164,23.5,23.319000244140625,23.479999542236328,11.803648948669434,9423
2016-05-05,23.5,23.5,23.416400909423828,23.421600341796875,11.774288177490234,8448
2016-05-06,23.219999313354492,23.5,23.219999313354492,23.5,11.813703536987305,16302
2016-05-09,23.5,23.64109992980957,23.479999542236328,23.64109992980957,11.884635925292969,9379
2016-05-10,23.670000076293945,23.760000228881836,23.549999237060547,23.659500122070312,11.89388370513916,12496
2016-05-11,23.739999771118164,23.760000228881836,23.6299991607666,23.68000030517578,11.904190063476562,5114
2016-05-12,23.6299991607666,23.969999313354492,23.559999465942383,23.959999084472656,12.044947624206543,11237
2016-05-13,23.989999771118164,23.989999771118164,23.649999618530273,23.829999923706055,11.979598045349121,22729
2016-05-16,23.989900588989258,24.149900436401367,23.829999923706055,24.149900436401367,12.140414237976074,20224
2016-05-17,24.100000381469727,24.100000381469727,23.825000762939453,23.899900436401367,12.014738082885742,18576
2016-05-18,23.899999618530273,24.06999969482422,23.770000457763672,23.989900588989258,12.059980392456055,14448
2016-05-19,23.950000762939453,23.950000762939453,23.6200008392334,23.860000610351562,11.994680404663086,105468
2016-05-20,23.860000610351562,24.09000015258789,23.75,23.959999084472656,12.044947624206543,10415
2016-05-23,23.760000228881836,24.0,23.760000228881836,24.0,12.065054893493652,14031
2016-05-24,24.139999389648438,24.139999389648438,23.90999984741211,24.049999237060547,12.090195655822754,28908
2016-05-25,24.059999465942383,24.149999618530273,23.950000762939453,24.06999969482422,12.100248336791992,189154
2016-05-26,24.110000610351562,24.329999923706055,24.109899520874023,24.329999923706055,12.230953216552734,24517
2016-05-27,24.049999237060547,24.299999237060547,24.049999237060547,24.299999237060547,12.21586799621582,14649
2016-05-31,24.3700008392334,24.59000015258789,24.36989974975586,24.450000762939453,12.291279792785645,38776
2016-06-01,24.15999984741211,24.239999771118164,24.050100326538086,24.221599578857422,12.422574043273926,16004
2016-06-02,24.229999542236328,24.3700008392334,24.190000534057617,24.34000015258789,12.483297348022461,11536
2016-06-03,24.303699493408203,24.360000610351562,24.229999542236328,24.299999237060547,12.462778091430664,6938
2016-06-06,24.229999542236328,24.459999084472656,24.229999542236328,24.459999084472656,12.544841766357422,21570
2016-06-07,24.469999313354492,24.559999465942383,24.352699279785156,24.559999465942383,12.596126556396484,15267
2016-06-08,24.559999465942383,24.559999465942383,24.299999237060547,24.547000885009766,12.589462280273438,17687
2016-06-09,24.540000915527344,24.600000381469727,24.481800079345703,24.600000381469727,12.616645812988281,16277
2016-06-10,24.313499450683594,24.54990005493164,24.313499450683594,24.540000915527344,12.585869789123535,4171
2016-06-13,24.389999389648438,24.579999923706055,24.389999389648438,24.579999923706055,12.6063814163208,13036
2016-06-14,24.500099182128906,24.576900482177734,24.450000762939453,24.5,12.565356254577637,17638
2016-06-15,24.75,24.75,24.399999618530273,24.5,12.565356254577637,27404
2016-06-16,24.690000534057617,24.690000534057617,24.22010040283203,24.399999618530273,12.514067649841309,20405
2016-06-17,24.5,24.600099563598633,24.3799991607666,24.599899291992188,12.616589546203613,20963
2016-06-20,24.530000686645508,24.600000381469727,24.420000076293945,24.5,12.565356254577637,32244
2016-06-21,24.610000610351562,24.649999618530273,24.5,24.534500122070312,12.583051681518555,23654
2016-06-22,24.700000762939453,24.700000762939453,24.5,24.54990005493164,12.590949058532715,15752
2016-06-23,24.670000076293945,24.670000076293945,24.450000762939453,24.520000457763672,12.575614929199219,20748
2016-06-24,24.280000686645508,24.68000030517578,24.25,24.549999237060547,12.590999603271484,11178
2016-06-27,24.639999389648438,24.690000534057617,24.139999389648438,24.5,12.565356254577637,20965
2016-06-28,24.6299991607666,24.639999389648438,24.300500869750977,24.59000015258789,12.6115140914917,12885
2016-06-29,24.608699798583984,24.610000610351562,24.459999084472656,24.5,12.565356254577637,12464
2016-06-30,24.5,24.5,24.481399536132812,24.5,12.565356254577637,9071
2016-07-01,24.6200008392334,24.6200008392334,24.469999313354492,24.600000381469727,12.616645812988281,10964
2016-07-05,24.469999313354492,24.59000015258789,24.469999313354492,24.569900512695312,12.601205825805664,20897
2016-07-06,24.579999923706055,24.612600326538086,24.510000228881836,24.549999237060547,12.590999603271484,15799
2016-07-07,24.604000091552734,24.649999618530273,24.549999237060547,24.649999618530273,12.642285346984863,9000
2016-07-08,24.510000228881836,24.649999618530273,24.510000228881836,24.649999618530273,12.642285346984863,16682
2016-07-11,24.739999771118164,24.989999771118164,24.52079963684082,24.75,12.693574905395508,20904
2016-07-12,24.940000534057617,25.06999969482422,24.600000381469727,24.709999084472656,12.67305850982666,16164
2016-07-13,24.770000457763672,24.88559913635254,24.75,24.760000228881836,12.698700904846191,6373
2016-07-14,25.190000534057617,25.190000534057617,25.010000228881836,25.190000534057617,12.91923999786377,35740
2016-07-15,25.010000228881836,25.190000534057617,24.770000457763672,25.030000686645508,12.837182998657227,37112
2016-07-18,25.06999969482422,25.20840072631836,24.920000076293945,25.0,12.82179069519043,11507
2016-07-19,25.040000915527344,25.24799919128418,25.0,25.026899337768555,12.835590362548828,16005
2016-07-20,25.040000915527344,25.040000915527344,24.950000762939453,24.950000762939453,12.796148300170898,8000
2016-07-21,24.959999084472656,25.059999465942383,24.709999084472656,24.989999771118164,12.816664695739746,26819
2016-07-22,25.0,25.0,24.829999923706055,24.950000762939453,12.796148300170898,14682
2016-07-25,24.989999771118164,25.18000030517578,24.850099563598633,25.010000228881836,12.826924324035645,13476
2016-07-26,25.15999984741211,25.190000534057617,24.959999084472656,25.18000030517578,12.914109230041504,29653
2016-07-27,25.079999923706055,25.139999389648438,24.8799991607666,25.06999969482422,12.857693672180176,16477
2016-07-28,24.890100479125977,25.239999771118164,24.8700008392334,25.189899444580078,12.919185638427734,17538
2016-07-29,25.200000762939453,25.5,25.190000534057617,25.46500015258789,13.060277938842773,37744
2016-08-01,25.579999923706055,25.65999984741211,25.31279945373535,25.58989906311035,13.124338150024414,18813
2016-08-02,25.6387996673584,25.639999389648438,25.459999084472656,25.49180030822754,13.074023246765137,12855
2016-08-03,25.508800506591797,25.59000015258789,25.389999389648438,25.459999084472656,13.057714462280273,8657
2016-08-04,25.5,25.5,25.299999237060547,25.479999542236328,13.067972183227539,10498
2016-08-05,25.350000381469727,25.479999542236328,25.316299438476562,25.479999542236328,13.067972183227539,9070
2016-08-08,25.380699157714844,25.670000076293945,25.380699157714844,25.670000076293945,13.165414810180664,12103
2016-08-09,25.600000381469727,25.881000518798828,25.600000381469727,25.84000015258789,13.252604484558105,14254
2016-08-10,25.75,25.97260093688965,25.729999542236328,25.730100631713867,13.196240425109863,4915
2016-08-11,25.690000534057617,25.874500274658203,25.68000030517578,25.868000030517578,13.266963958740234,10592
2016-08-12,25.959999084472656,25.959999084472656,25.709999084472656,25.709999084472656,13.185931205749512,12381
2016-08-15,25.993000030517578,25.993000030517578,25.649999618530273,25.777000427246094,13.220294952392578,5442
2016-08-16,25.77989959716797,25.81999969482422,25.649999618530273,25.81999969482422,13.242347717285156,11394
2016-08-17,25.729999542236328,25.948999404907227,25.68000030517578,25.800100326538086,13.232137680053711,16867
2016-08-18,25.920000076293945,25.95560073852539,25.6200008392334,25.6200008392334,13.139774322509766,22933
2016-08-19,25.860000610351562,25.860000610351562,25.709999084472656,25.75,13.206446647644043,5347
2016-08-22,25.760000228881836,25.950000762939453,25.6299991607666,25.850000381469727,13.257735252380371,45268
2016-08-23,25.850000381469727,25.90999984741211,25.710100173950195,25.836000442504883,13.250550270080566,44368
2016-08-24,25.760000228881836,25.895000457763672,25.209999084472656,25.739999771118164,13.201314926147461,16935
2016-08-25,25.790000915527344,25.850000381469727,25.5,25.844999313354492,13.255168914794922,23008
2016-08-26,25.809999465942383,25.864999771118164,25.59000015258789,25.75,13.206446647644043,16672
2016-08-29,25.61520004272461,25.93000030517578,25.61520004272461,25.799999237060547,13.232089042663574,22124
2016-08-30,25.84000015258789,26.18000030517578,25.670000076293945,26.0,13.334661483764648,40346
2016-08-31,25.770000457763672,25.770000457763672,25.600000381469727,25.690000534057617,13.175673484802246,17001
2016-09-01,25.59000015258789,25.649999618530273,25.450000762939453,25.639999389648438,13.402748107910156,15079
2016-09-02,25.829999923706055,25.850000381469727,25.600500106811523,25.850000381469727,13.512516975402832,10843
2016-09-06,25.850000381469727,25.850000381469727,25.416400909423828,25.850000381469727,13.512516975402832,9838
2016-09-07,25.799999237060547,25.979999542236328,25.600000381469727,25.899999618530273,13.53865909576416,15061
2016-09-08,25.81999969482422,26.25,25.559999465942383,26.239999771118164,13.71638011932373,43046
2016-09-09,26.139999389648438,26.139999389648438,25.802499771118164,25.940000534057617,13.559568405151367,3784
2016-09-12,26.1200008392334,26.1200008392334,25.600000381469727,25.600000381469727,13.381839752197266,9524
2016-09-13,25.860000610351562,25.860000610351562,25.350000381469727,25.3799991607666,13.266837120056152,14833
2016-09-14,25.75,25.75,25.489999771118164,25.690000534057617,13.42888069152832,4219
2016-09-15,25.5,25.959999084472656,25.5,25.549999237060547,13.355703353881836,6625
2016-09-16,25.229999542236328,25.888999938964844,25.229999542236328,25.459999084472656,13.308658599853516,14779
2016-09-19,25.329999923706055,25.889999389648438,25.329999923706055,25.781299591064453,13.476601600646973,18610
2016-09-20,25.454200744628906,25.829999923706055,25.436500549316406,25.799999237060547,13.486383438110352,4448
2016-09-21,25.899999618530273,25.979999542236328,25.524799346923828,25.979999542236328,13.58047103881836,6553
2016-09-22,25.8799991607666,26.249900817871094,25.8799991607666,26.038999557495117,13.61131763458252,14719
2016-09-23,25.650100708007812,25.849899291992188,25.640100479125977,25.849899291992188,13.51246452331543,8025
2016-09-26,25.829999923706055,25.950000762939453,25.6299991607666,25.690000534057617,13.42888069152832,7273
2016-09-27,25.790000915527344,25.809099197387695,25.3700008392334,25.40999984741211,13.282517433166504,17253
2016-09-28,25.739999771118164,25.81999969482422,25.459999084472656,25.739999771118164,13.455021858215332,20768
2016-09-29,25.622699737548828,25.6299991607666,25.440099716186523,25.559999465942383,13.36092472076416,7962
2016-09-30,25.4950008392334,25.540000915527344,25.420000076293945,25.450000762939453,13.303430557250977,5106
2016-10-03,25.86709976196289,25.989999771118164,25.420000076293945,25.780000686645508,13.47592830657959,4841
2016-10-04,25.670000076293945,25.670000076293945,25.589000701904297,25.589000701904297,13.376087188720703,1106
2016-10-05,25.5,25.530000686645508,25.280000686645508,25.40999984741211,13.282517433166504,38236
2016-10-06,25.450000762939453,25.58209991455078,25.25,25.58209991455078,13.372483253479004,10565
2016-10-07,25.389999389648438,25.420000076293945,25.049999237060547,25.219999313354492,13.183198928833008,8021
2016-10-10,25.100000381469727,25.399999618530273,25.010099411010742,25.360000610351562,13.25638198852539,6283
2016-10-11,25.299999237060547,25.299999237060547,25.010000228881836,25.059999465942383,13.099565505981445,9777
2016-10-12,25.079999923706055,25.335100173950195,25.079999923706055,25.25,13.19887924194336,4713
2016-10-13,25.1200008392334,25.288000106811523,25.09000015258789,25.287900924682617,13.218695640563965,6183
2016-10-14,25.25,25.440000534057617,25.049999237060547,25.440000534057617,13.298200607299805,5463
2016-10-17,25.139999389648438,25.35300064086914,25.139999389648438,25.239999771118164,13.193655014038086,10887
2016-10-18,25.489999771118164,25.56999969482422,25.3700008392334,25.40999984741211,13.282517433166504,6464
2016-10-19,25.38789939880371,25.530000686645508,25.299999237060547,25.389999389648438,13.272065162658691,5654
2016-10-20,25.299999237060547,25.479999542236328,25.110000610351562,25.399999618530273,13.277287483215332,13120
2016-10-21,25.350000381469727,25.549999237060547,25.16010093688965,25.549999237060547,13.355703353881836,24549
2016-10-24,25.489999771118164,25.489999771118164,25.34000015258789,25.399999618530273,13.277287483215332,8666
2016-10-25,25.389999389648438,25.540000915527344,25.360000610351562,25.399999618530273,13.277287483215332,14111
2016-10-26,25.420000076293945,25.489999771118164,25.260000228881836,25.299999237060547,13.225016593933105,9045
2016-10-27,25.299999237060547,25.441200256347656,25.149999618530273,25.15999984741211,13.151836395263672,13445
2016-10-28,25.31999969482422,25.549999237060547,25.149999618530273,25.200000762939453,13.172747611999512,18545
2016-10-31,25.200000762939453,25.501300811767578,25.200000762939453,25.200000762939453,13.172747611999512,8728
2016-11-01,25.295000076293945,25.46500015258789,25.100000381469727,25.10099983215332,13.12099552154541,6661
2016-11-02,25.190000534057617,25.358699798583984,24.950000762939453,24.950000762939453,13.04206657409668,15220
2016-11-03,25.020000457763672,25.41900062561035,24.950000762939453,25.290000915527344,13.219793319702148,16590
2016-11-04,25.350000381469727,25.350000381469727,24.950000762939453,25.15999984741211,13.151836395263672,19535
2016-11-07,25.31999969482422,25.350000381469727,25.200000762939453,25.299999237060547,13.225016593933105,13567
2016-11-08,25.170499801635742,25.200000762939453,25.15999984741211,25.200000762939453,13.172747611999512,1841
2016-11-09,24.270000457763672,25.31220054626465,24.270000457763672,25.100000381469727,13.120469093322754,18501
2016-11-10,25.170000076293945,25.170000076293945,24.833599090576172,24.969999313354492,13.052518844604492,17038
2016-11-11,24.969999313354492,25.149999618530273,24.84040069580078,25.1200008392334,13.130927085876465,25621
2016-11-14,24.983200073242188,25.049999237060547,24.600000381469727,24.649999618530273,12.88524341583252,21136
2016-11-15,24.600000381469727,25.262500762939453,24.56999969482422,25.0,13.068199157714844,12547
2016-11-16,24.969999313354492,24.969999313354492,24.649999618530273,24.719999313354492,12.92183780670166,6603
2016-11-17,24.950000762939453,25.450000762939453,24.510000228881836,24.75,12.937520027160645,10847
2016-11-18,24.729999542236328,24.75,24.687999725341797,24.709999084472656,12.916608810424805,22715
2016-11-21,24.739900588989258,25.096799850463867,24.639999389648438,24.649999618530273,12.88524341583252,18287
2016-11-22,25.010000228881836,25.049999237060547,24.700000762939453,25.030000686645508,13.083882331848145,10342
2016-11-23,25.010000228881836,25.229999542236328,24.860000610351562,24.969999313354492,13.052518844604492,8035
2016-11-25,24.969999313354492,24.969999313354492,24.969999313354492,24.969999313354492,13.052518844604492,0
2016-11-28,25.000099182128906,25.218900680541992,24.950000762939453,24.950000762939453,13.04206657409668,8949
2016-11-29,24.878999710083008,25.415000915527344,24.850000381469727,24.950000762939453,13.04206657409668,10265
2016-11-30,25.0,25.062400817871094,24.636899948120117,24.700000762939453,12.911384582519531,33415
2016-12-01,24.5,24.5,23.90999984741211,24.069900512695312,12.833697319030762,11983
2016-12-02,23.959999084472656,24.389999389648438,23.959999084472656,24.389999389648438,13.004368782043457,6978
2016-12-05,24.11720085144043,24.34000015258789,24.11720085144043,24.309999465942383,12.961713790893555,11493
2016-12-06,24.299999237060547,24.479000091552734,24.059999465942383,24.209999084472656,12.908395767211914,9080
2016-12-07,24.260000228881836,24.332799911499023,24.17340087890625,24.25909996032715,12.934574127197266,5288
2016-12-08,24.469900131225586,24.469900131225586,24.3799991607666,24.39259910583496,13.005753517150879,1631
2016-12-09,24.399999618530273,24.5,24.399999618530273,24.399999618530273,13.009698867797852,7659
2016-12-12,24.399999618530273,24.440000534057617,24.08989906311035,24.200000762939453,12.903066635131836,8661
2016-12-13,24.349899291992188,24.409900665283203,24.170000076293945,24.200000762939453,12.903066635131836,7317
2016-12-14,24.362300872802734,24.41939926147461,24.149999618530273,24.229999542236328,12.919059753417969,10547
2016-12-15,24.239999771118164,24.25,24.09000015258789,24.25,12.929723739624023,8673
2016-12-16,24.25,24.469999313354492,24.25,24.440000534057617,13.031028747558594,2771
2016-12-19,24.600000381469727,24.600000381469727,24.440000534057617,24.45199966430664,13.03742790222168,18011
2016-12-20,24.399999618530273,24.787599563598633,24.09000015258789,24.149999618530273,12.87640380859375,23807
2016-12-21,24.200000762939453,24.290000915527344,24.09000015258789,24.290000915527344,12.95105266571045,10677
2016-12-22,24.260000228881836,24.463199615478516,24.139999389648438,24.25,12.929723739624023,13602
2016-12-23,24.25,24.290000915527344,24.059999465942383,24.059999465942383,12.82841968536377,28281
2016-12-27,24.18000030517578,24.18000030517578,23.760000228881836,23.889999389648438,12.737776756286621,25328
2016-12-28,24.0,24.16990089416504,23.875600814819336,24.030000686645508,12.812422752380371,8522
2016-12-29,24.1200008392334,24.149900436401367,23.983999252319336,23.989999771118164,12.791096687316895,7419
2016-12-30,24.049999237060547,24.14900016784668,24.04759979248047,24.086200714111328,12.842388153076172,5786
2017-01-03,24.18000030517578,24.360000610351562,23.969999313354492,24.040000915527344,12.817756652832031,16648
2017-01-04,24.27899932861328,24.360000610351562,24.120100021362305,24.299999237060547,12.956384658813477,12362
2017-01-05,24.33060073852539,24.559999465942383,24.219999313354492,24.489999771118164,13.057689666748047,10715
2017-01-06,24.530000686645508,24.559999465942383,24.510000228881836,24.510000228881836,13.068350791931152,12011
2017-01-09,24.760000228881836,24.790000915527344,24.510000228881836,24.559999465942383,13.095012664794922,9707
2017-01-10,24.790000915527344,25.0,24.790000915527344,25.0,13.329611778259277,6911
2017-01-11,25.100000381469727,25.200000762939453,25.0,25.1299991607666,13.39892578125,20732
2017-01-12,25.002500534057617,25.22800064086914,25.0,25.0,13.329611778259277,7151
2017-01-13,24.961000442504883,25.219900131225586,24.961000442504883,25.030000686645508,13.345606803894043,1545
2017-01-17,25.010000228881836,25.209400177001953,24.760000228881836,24.948999404907227,13.302419662475586,9889
2017-01-18,24.920000076293945,25.200000762939453,24.920000076293945,25.079999923706055,13.372269630432129,14656
2017-01-19,25.079999923706055,25.079999923706055,24.6299991607666,24.670000076293945,13.153664588928223,10196
2017-01-20,24.670000076293945,24.733600616455078,24.0,24.079999923706055,12.839082717895508,88327
2017-01-23,24.260000228881836,24.63360023498535,24.244699478149414,24.469999313354492,13.047021865844727,33625
2017-01-24,24.65999984741211,24.77549934387207,24.5,24.700000762939453,13.169658660888672,7962
2017-01-25,24.65369987487793,24.740699768066406,24.510000228881836,24.68000030517578,13.158991813659668,8034
2017-01-26,24.65999984741211,24.799999237060547,24.530000686645508,24.780000686645508,13.212311744689941,11511
2017-01-27,24.843000411987305,24.8799991607666,24.699899673461914,24.829999923706055,13.238971710205078,4398
2017-01-30,24.829999923706055,24.889999389648438,24.600000381469727,24.75,13.196316719055176,12912
2017-01-31,24.510000228881836,24.510000228881836,24.200000762939453,24.399999618530273,13.009698867797852,14811
2017-02-01,24.549999237060547,24.897600173950195,24.549999237060547,24.639999389648438,13.137665748596191,11106
2017-02-02,24.639999389648438,24.8700008392334,24.639999389648438,24.850000381469727,13.24963665008545,5587
2017-02-03,24.90999984741211,25.149999618530273,24.90999984741211,25.100000381469727,13.382926940917969,7493
2017-02-06,25.07200050354004,25.149999618530273,24.950000762939453,24.950000762939453,13.302956581115723,10055
2017-02-07,25.11840057373047,25.25,25.11840057373047,25.25,13.462904930114746,5590
2017-02-08,25.399999618530273,25.479999542236328,25.049999237060547,25.243099212646484,13.459229469299316,15700
2017-02-09,25.118000030517578,25.476200103759766,25.118000030517578,25.280000686645508,13.478901863098145,10132
2017-02-10,25.201000213623047,25.450000762939453,25.201000213623047,25.3700008392334,13.526890754699707,8456
2017-02-13,25.47610092163086,25.6200008392334,25.40999984741211,25.489999771118164,13.59087085723877,11612
2017-02-14,25.469999313354492,25.79990005493164,25.3700008392334,25.670000076293945,13.686845779418945,11555
2017-02-15,25.63990020751953,25.789899826049805,25.049999237060547,25.239999771118164,13.4575777053833,73350
2017-02-16,25.239900588989258,25.319900512695312,25.09000015258789,25.290000915527344,13.484235763549805,6234
2017-02-17,25.270000457763672,25.270000457763672,25.100000381469727,25.239999771118164,13.4575777053833,8565
2017-02-21,25.299999237060547,25.509000778198242,25.149999618530273,25.149999618530273,13.409590721130371,15821
2017-02-22,25.200000762939453,25.270000457763672,25.15999984741211,25.18899917602539,13.430386543273926,5224
2017-02-23,25.18000030517578,25.270000457763672,25.1299991607666,25.25,13.462904930114746,15598
2017-02-24,25.299999237060547,25.34760093688965,25.25,25.270000457763672,13.473570823669434,21743
2017-02-27,25.219999313354492,25.288999557495117,25.210500717163086,25.239999771118164,13.4575777053833,10642
2017-02-28,25.260000228881836,25.309999465942383,25.149999618530273,25.149999618530273,13.409590721130371,65130
2017-03-01,24.670000076293945,24.799999237060547,24.65999984741211,24.75,13.455476760864258,58307
2017-03-02,24.790000915527344,24.90999984741211,24.772899627685547,24.90999984741211,13.542461395263672,11829
2017-03-03,24.969999313354492,25.04829978942871,24.920000076293945,25.0,13.591387748718262,5578
2017-03-06,25.0,25.0,24.899999618530273,24.950300216674805,13.564370155334473,7878
2017-03-07,25.0,25.0,24.739999771118164,24.899999618530273,13.537022590637207,4594
2017-03-08,24.940000534057617,24.940000534057617,24.39349937438965,24.770000457763672,13.466346740722656,21537
2017-03-09,24.5,24.850000381469727,24.350000381469727,24.609899520874023,13.37930679321289,9985
2017-03-10,24.579999923706055,24.670000076293945,24.280000686645508,24.299999237060547,13.210829734802246,12574
2017-03-13,24.440000534057617,24.549999237060547,24.440000534057617,24.479299545288086,13.308307647705078,7583
2017-03-14,24.446699142456055,24.77669906616211,24.446699142456055,24.59670066833496,13.372129440307617,12509
2017-03-15,24.588499069213867,24.760000228881836,24.588499069213867,24.760000228881836,13.46091079711914,6854
2017-03-16,24.84000015258789,24.950000762939453,24.786500930786133,24.899999618530273,13.537022590637207,23710
2017-03-17,24.939899444580078,24.950000762939453,24.889999389648438,24.920000076293945,13.547896385192871,13072
2017-03-20,24.920000076293945,24.920000076293945,24.855899810791016,24.899999618530273,13.537022590637207,11620
2017-03-21,24.94499969482422,24.94499969482422,24.701000213623047,24.701000213623047,13.428834915161133,8706
2017-03-22,24.782899856567383,24.950000762939453,24.782899856567383,24.950000762939453,13.564203262329102,15201
2017-03-23,24.768999099731445,24.999900817871094,24.768999099731445,24.821399688720703,13.494293212890625,9397
2017-03-24,25.0,25.0,24.760000228881836,24.829999923706055,13.498966217041016,8328
2017-03-27,24.940000534057617,24.958999633789062,24.83099937438965,24.88010025024414,13.526205062866211,6114
2017-03-28,24.875600814819336,24.899999618530273,24.850500106811523,24.899999618530273,13.537022590637207,4330
2017-03-29,24.875200271606445,25.0,24.875200271606445,24.90999984741211,13.542461395263672,12876
2017-03-30,24.950000762939453,24.950000762939453,24.88010025024414,24.88010025024414,13.526205062866211,5321
2017-03-31,25.05299949645996,25.05299949645996,24.90999984741211,24.90999984741211,13.542461395263672,3613
2017-04-03,24.998600006103516,25.09000015258789,24.950000762939453,25.08609962463379,13.638197898864746,5891
2017-04-04,25.065000534057617,25.09000015258789,25.05900001525879,25.06760025024414,13.628144264221191,6119
2017-04-05,25.09000015258789,25.138200759887695,25.09000015258789,25.116300582885742,13.654616355895996,1271
2017-04-06,25.1299991607666,25.190000534057617,25.12339973449707,25.190000534057617,13.694681167602539,4076
2017-04-07,25.200000762939453,25.229999542236328,25.150100708007812,25.217300415039062,13.709526062011719,8016
2017-04-10,25.162599563598633,25.329999923706055,25.150100708007812,25.329999923706055,13.770794868469238,6880
2017-04-11,25.27280044555664,25.288400650024414,25.20009994506836,25.288400650024414,13.74817943572998,3061
2017-04-12,25.219999313354492,25.281999588012695,25.219999313354492,25.281999588012695,13.744699478149414,3870
2017-04-13,25.282699584960938,25.309999465942383,25.257299423217773,25.283899307250977,13.745732307434082,1576
2017-04-17,25.280000686645508,25.36039924621582,25.17099952697754,25.25,13.727301597595215,15353
2017-04-18,25.260099411010742,25.454599380493164,25.260099411010742,25.3799991607666,13.797979354858398,2614
2017-04-19,25.229999542236328,25.479999542236328,25.229999542236328,25.32699966430664,13.769165992736816,7956
2017-04-20,25.3700008392334,25.479999542236328,25.3700008392334,25.479999542236328,13.852344512939453,2060
2017-04-21,25.479999542236328,25.559999465942383,25.479900360107422,25.559999465942383,13.89583683013916,8550
2017-04-24,25.42340087890625,25.559999465942383,25.42340087890625,25.559999465942383,13.89583683013916,2252
2017-04-25,25.55900001525879,25.780000686645508,25.55900001525879,25.770000457763672,14.010008811950684,6372
2017-04-26,25.371000289916992,25.77989959716797,25.371000289916992,25.56999969482422,13.901274681091309,6560
2017-04-27,25.749900817871094,25.749900817871094,25.62380027770996,25.673599243164062,13.957594871520996,1851
2017-04-28,25.75,25.829999923706055,25.723100662231445,25.75,13.999134063720703,3279
2017-05-01,25.649999618530273,25.68000030517578,25.649999618530273,25.649999618530273,13.944765090942383,3361
2017-05-02,25.549999237060547,25.549999237060547,25.549999237060547,25.549999237060547,13.890401840209961,906
2017-05-03,25.554399490356445,25.760000228881836,25.405000686645508,25.5,13.8632173538208,10175
2017-05-04,25.424999237060547,25.829999923706055,25.424999237060547,25.5,13.8632173538208,5899
2017-05-05,25.5,25.5,25.5,25.5,13.8632173538208,0
2017-05-08,25.549999237060547,25.700000762939453,25.540000915527344,25.639999389648438,13.939329147338867,12967
2017-05-09,25.739999771118164,25.760000228881836,25.540000915527344,25.540000915527344,13.884964942932129,2992
2017-05-10,25.6299991607666,25.764999389648438,25.59000015258789,25.59760093688965,13.916275978088379,1824
2017-05-11,25.549999237060547,25.6299991607666,25.540000915527344,25.579999923706055,13.906709671020508,2790
2017-05-12,25.530000686645508,25.688400268554688,25.450000762939453,25.450000762939453,13.836037635803223,10095
2017-05-15,25.549999237060547,25.549999237060547,25.450000762939453,25.5,13.8632173538208,12408
2017-05-16,25.496999740600586,25.53660011291504,25.399999618530273,25.459999084472656,13.841468811035156,14384
2017-05-17,25.479999542236328,25.48900032043457,25.450000762939453,25.479999542236328,13.852344512939453,4475
2017-05-18,25.399999618530273,25.450000762939453,25.3799991607666,25.420000076293945,13.819724082946777,12619
2017-05-19,25.43000030517578,25.5,25.420000076293945,25.440000534057617,13.830598831176758,11058
2017-05-22,25.5,25.610000610351562,25.474300384521484,25.59000015258789,13.912147521972656,10751
2017-05-23,25.610000610351562,25.889999389648438,25.56999969482422,25.8799991607666,14.069805145263672,15080
2017-05-24,25.610000610351562,25.799999237060547,25.610000610351562,25.799999237060547,14.026313781738281,8474
2017-05-25,25.6200008392334,25.719999313354492,25.6200008392334,25.719999313354492,13.982821464538574,1268
2017-05-26,25.56760025024414,25.600000381469727,25.529699325561523,25.59000015258789,13.912147521972656,6310
2017-05-30,25.920000076293945,25.920000076293945,25.606599807739258,25.639999389648438,13.939329147338867,6338
2017-05-31,25.660499572753906,25.799999237060547,25.649999618530273,25.799999237060547,14.026313781738281,35036
2017-06-01,25.209999084472656,25.299999237060547,25.209999084472656,25.280000686645508,13.743614196777344,11379
2017-06-02,25.360000610351562,25.3700008392334,25.216400146484375,25.290000915527344,13.749048233032227,12987
2017-06-05,25.34000015258789,25.389999389648438,25.309999465942383,25.389799118041992,13.803305625915527,9081
2017-06-06,25.388099670410156,25.388099670410156,25.280000686645508,25.290000915527344,13.749048233032227,8434
2017-06-07,25.388999938964844,25.388999938964844,25.26099967956543,25.270000457763672,13.738171577453613,4913
2017-06-08,25.299999237060547,25.37929916381836,25.299999237060547,25.299999237060547,13.75448226928711,4771
2017-06-09,25.350000381469727,25.385700225830078,25.260000228881836,25.260000228881836,13.73274040222168,7595
2017-06-12,25.290000915527344,25.290000915527344,25.2406005859375,25.2406005859375,13.722193717956543,18371
2017-06-13,25.288999557495117,25.389999389648438,25.271499633789062,25.389999389648438,13.803414344787598,6263
2017-06-14,25.399999618530273,25.399999618530273,25.299999237060547,25.31999969482422,13.76535701751709,10306
2017-06-15,25.31999969482422,25.31999969482422,25.299999237060547,25.31999969482422,13.76535701751709,9959
2017-06-16,25.280000686645508,25.360000610351562,25.280000686645508,25.346799850463867,13.779928207397461,5560
2017-06-19,25.34000015258789,25.48940086364746,25.323999404907227,25.34000015258789,13.776232719421387,14251
2017-06-20,25.378000259399414,25.489999771118164,25.3700008392334,25.43000030517578,13.825159072875977,7794
2017-06-21,25.43000030517578,25.510000228881836,25.360000610351562,25.3700008392334,13.79254150390625,10748
2017-06-22,25.489900588989258,25.59000015258789,25.209999084472656,25.239999771118164,13.721867561340332,41635
2017-06-23,25.270000457763672,25.356000900268555,25.260000228881836,25.270000457763672,13.738171577453613,16168
2017-06-26,25.31999969482422,25.3799991607666,25.219999313354492,25.219999313354492,13.710989952087402,60347
2017-06-27,25.31999969482422,25.31999969482422,25.229999542236328,25.229999542236328,13.716429710388184,24280
2017-06-28,25.264999389648438,25.264999389648438,25.110000610351562,25.1200008392334,13.923959732055664,31420
2017-06-29,25.139999389648438,25.184999465942383,25.1200008392334,25.18000030517578,13.957216262817383,12746
2017-06-30,25.209999084472656,25.329999923706055,25.209999084472656,25.309999465942383,14.029273986816406,22318
2017-07-03,25.329999923706055,25.34000015258789,25.28890037536621,25.299999237060547,14.02373218536377,8134
2017-07-05,25.309999465942383,25.399999618530273,25.299999237060547,25.399999618530273,14.079160690307617,9933
2017-07-06,25.360000610351562,25.450000762939453,25.350000381469727,25.350000381469727,14.051447868347168,24035
2017-07-07,25.280000686645508,25.389999389648438,25.280000686645508,25.329999923706055,14.040361404418945,12710
2017-07-10,25.290000915527344,25.378999710083008,25.18000030517578,25.219999313354492,13.979387283325195,24796
2017-07-11,25.219999313354492,25.36989974975586,25.200000762939453,25.200000762939453,13.968305587768555,15577
2017-07-12,25.18000030517578,25.389999389648438,25.18000030517578,25.260000228881836,14.00156021118164,43688
2017-07-13,25.299999237060547,25.389999389648438,25.290000915527344,25.3799991607666,14.06807804107666,17674
2017-07-14,25.3799991607666,25.479999542236328,25.3799991607666,25.479999542236328,14.123505592346191,13904
2017-07-17,25.479999542236328,25.479999542236328,25.399999618530273,25.459999084472656,14.112418174743652,15315
2017-07-18,25.440000534057617,25.59000015258789,25.440000534057617,25.579999923706055,14.178936958312988,10459
2017-07-19,25.59000015258789,25.6299991607666,25.459999084472656,25.479999542236328,14.123505592346191,18705
2017-07-20,25.520000457763672,25.66860008239746,25.520000457763672,25.6200008392334,14.201108932495117,19344
2017-07-21,25.6200008392334,25.780000686645508,25.520000457763672,25.520000457763672,14.145681381225586,1221712
2017-07-24,25.559999465942383,25.559999465942383,25.5,25.559999465942383,14.16784954071045,23750
2017-07-25,25.600000381469727,25.61400032043457,25.524999618530273,25.579999923706055,14.178936958312988,9501
2017-07-26,25.6200008392334,25.6200008392334,25.51099967956543,25.6200008392334,14.201108932495117,13976
2017-07-27,25.649999618530273,25.649999618530273,25.420000076293945,25.469999313354492,14.117965698242188,13333
2017-07-28,25.43000030517578,25.60099983215332,25.360000610351562,25.450000762939453,14.106881141662598,11765
2017-07-31,25.450000762939453,25.450000762939453,25.190000534057617,25.25,13.996015548706055,146715
2017-08-01,25.240100860595703,25.31999969482422,25.240100860595703,25.260000228881836,14.00156021118164,16401
2017-08-02,25.31999969482422,25.3799991607666,25.31999969482422,25.31999969482422,14.03481388092041,15450
2017-08-03,25.35740089416504,25.43000030517578,25.329999923706055,25.40999984741211,14.08470344543457,19202
2017-08-04,25.34000015258789,25.3799991607666,25.270000457763672,25.309999465942383,14.029273986816406,17001
2017-08-07,25.309999465942383,25.34000015258789,25.270000457763672,25.290000915527344,14.018190383911133,31163
2017-08-08,25.329999923706055,25.350000381469727,25.299999237060547,25.299999237060547,14.02373218536377,40322
2017-08-09,25.299999237060547,25.31369972229004,25.200000762939453,25.273000717163086,14.008770942687988,35599
2017-08-10,25.309999465942383,25.34000015258789,25.149999618530273,25.299999237060547,14.02373218536377,37059
2017-08-11,25.242900848388672,25.350000381469727,25.242900848388672,25.34000015258789,14.045906066894531,15692
2017-08-14,25.31999969482422,25.600000381469727,25.31999969482422,25.5,14.13459300994873,7603
2017-08-15,25.540000915527344,25.809999465942383,25.5,25.809999465942383,14.306422233581543,30509
2017-08-16,25.790000915527344,25.8700008392334,25.68000030517578,25.799999237060547,14.300882339477539,16148
2017-08-17,25.690000534057617,25.809999465942383,25.579999923706055,25.700000762939453,14.245451927185059,28984
2017-08-18,25.62350082397461,25.700000762939453,25.62350082397461,25.698999404907227,14.244897842407227,3447
2017-08-21,25.6299991607666,25.780000686645508,25.600000381469727,25.75,14.273163795471191,14442
2017-08-22,25.660999298095703,25.84000015258789,25.660999298095703,25.84000015258789,14.323051452636719,13593
2017-08-23,25.84000015258789,25.84000015258789,25.74839973449707,25.770000457763672,14.28425407409668,27335
2017-08-24,25.780000686645508,25.790000915527344,25.760000228881836,25.760000228881836,14.278712272644043,2565
2017-08-25,25.750200271606445,25.889999389648438,25.750200271606445,25.870100021362305,14.339740753173828,7275
2017-08-28,25.8799991607666,25.90999984741211,25.76609992980957,25.889999389648438,14.3507719039917,12495
2017-08-29,25.84000015258789,25.940000534057617,25.84000015258789,25.93000030517578,14.372941017150879,19816
2017-08-30,25.940000534057617,25.940000534057617,25.84040069580078,25.860000610351562,14.334138870239258,19006
2017-08-31,25.510000228881836,25.510000228881836,25.18000030517578,25.209999084472656,14.240591049194336,61279
2017-09-01,25.219999313354492,25.329999923706055,25.209999084472656,25.290000915527344,14.285787582397461,32824
2017-09-05,25.31999969482422,25.450000762939453,25.31999969482422,25.399999618530273,14.347921371459961,19201
2017-09-06,25.384000778198242,25.450000762939453,25.360000610351562,25.450000762939453,14.376168251037598,11738
2017-09-07,25.43000030517578,25.440000534057617,25.395999908447266,25.43000030517578,14.364870071411133,5616
2017-09-08,25.399999618530273,25.43000030517578,25.350000381469727,25.43000030517578,14.364870071411133,9340
2017-09-11,25.449899673461914,25.539899826049805,25.350000381469727,25.429899215698242,14.364811897277832,16481
2017-09-12,25.38010025024414,25.579999923706055,25.38010025024414,25.549999237060547,14.432655334472656,8557
2017-09-13,25.44379997253418,25.66990089416504,25.44379997253418,25.490100860595703,14.398821830749512,7566
2017-09-14,25.420000076293945,25.809999465942383,25.420000076293945,25.709999084472656,14.52303409576416,20076
2017-09-15,25.708999633789062,25.719999313354492,25.48150062561035,25.709999084472656,14.52303409576416,15209
2017-09-18,25.68000030517578,25.690000534057617,25.577899932861328,25.600000381469727,14.460897445678711,12758
2017-09-19,25.600000381469727,25.719999313354492,25.588499069213867,25.668699264526367,14.49970531463623,8121
2017-09-20,25.700000762939453,25.709999084472656,25.549999237060547,25.6200008392334,14.47219467163086,10566
2017-09-21,25.699899673461914,25.700000762939453,25.649999618530273,25.68199920654297,14.507218360900879,6743
2017-09-22,25.662700653076172,25.700000762939453,25.662700653076172,25.700000762939453,14.51738452911377,2838
2017-09-25,25.68160057067871,25.799999237060547,25.650999069213867,25.799999237060547,14.573872566223145,10512
2017-09-26,25.799999237060547,25.889999389648438,25.785400390625,25.889999389648438,14.624714851379395,6748
2017-09-27,25.8799991607666,25.8799991607666,25.711999893188477,25.8700008392334,14.61341667175293,7388
2017-09-28,25.77720069885254,25.854000091552734,25.590099334716797,25.65999984741211,14.494794845581055,9971
2017-09-29,25.65999984741211,25.729999542236328,25.6200008392334,25.65999984741211,14.494794845581055,10812
2017-10-02,25.739999771118164,25.780799865722656,25.690000534057617,25.709999084472656,14.52303409576416,6510
2017-10-03,25.75,25.8799991607666,25.75,25.780000686645508,14.562577247619629,9004
2017-10-04,25.780000686645508,25.940000534057617,25.780000686645508,25.850000381469727,14.602119445800781,5715
2017-10-05,25.93000030517578,25.979999542236328,25.829999923706055,25.829999923706055,14.59082317352295,6752
2017-10-06,25.80500030517578,25.80500030517578,25.700000762939453,25.719999313354492,14.528682708740234,4335
2017-10-09,25.719999313354492,25.929000854492188,25.719999313354492,25.829999923706055,14.59082317352295,4453
2017-10-10,25.90999984741211,25.93000030517578,25.76099967956543,25.90999984741211,14.636007308959961,3363
2017-10-11,25.809999465942383,25.90999984741211,25.809999465942383,25.90999984741211,14.636007308959961,4042
2017-10-12,25.833799362182617,25.93000030517578,25.833799362182617,25.93000030517578,14.647308349609375,7645
2017-10-13,25.989999771118164,25.989999771118164,25.780000686645508,25.880399703979492,14.619288444519043,6566
2017-10-16,25.8799991607666,25.936500549316406,25.838499069213867,25.90999984741211,14.636007308959961,8374
2017-10-17,25.8799991607666,26.040000915527344,25.68000030517578,25.68000030517578,14.50609302520752,13826
2017-10-18,25.8700008392334,26.079999923706055,25.709999084472656,25.81570053100586,14.582743644714355,7521
2017-10-19,26.030000686645508,26.030000686645508,25.719999313354492,26.010000228881836,14.692502975463867,13137
2017-10-20,25.8799991607666,26.019899368286133,25.8799991607666,25.899999618530273,14.630361557006836,8577
2017-10-23,25.959999084472656,25.999000549316406,25.950000762939453,25.959999084472656,14.664258003234863,5016
2017-10-24,25.920000076293945,26.06999969482422,25.899999618530273,26.06999969482422,14.726387977600098,12705
2017-10-25,25.950000762939453,26.042999267578125,25.899999618530273,26.042999267578125,14.711140632629395,13047
2017-10-26,26.06999969482422,26.1299991607666,25.977699279785156,26.1299991607666,14.760281562805176,6758
2017-10-27,26.15999984741211,26.399999618530273,26.139999389648438,26.389999389648438,14.907153129577637,15059
2017-10-30,26.34000015258789,26.440000534057617,25.93000030517578,26.40999984741211,14.918448448181152,56372
2017-10-31,26.299999237060547,26.409900665283203,26.143199920654297,26.3700008392334,14.895857810974121,9427
2017-11-01,26.239999771118164,26.399999618530273,26.209999084472656,26.280000686645508,14.845015525817871,5168
2017-11-02,26.25,26.34000015258789,26.016700744628906,26.149999618530273,14.77158260345459,9550
2017-11-03,25.959999084472656,26.265199661254883,25.950000762939453,25.959999084472656,14.664258003234863,10517
2017-11-06,25.959999084472656,26.05900001525879,25.899999618530273,25.899999618530273,14.630361557006836,19528
2017-11-07,25.829999923706055,26.059999465942383,25.829999923706055,25.899999618530273,14.630361557006836,22221
2017-11-08,25.850000381469727,25.940000534057617,25.700000762939453,25.700000762939453,14.51738452911377,18838
2017-11-09,25.700000762939453,25.819000244140625,25.700000762939453,25.700000762939453,14.51738452911377,6224
2017-11-10,25.69300079345703,25.89859962463379,25.69300079345703,25.89859962463379,14.629571914672852,553
2017-11-13,25.8799991607666,25.899999618530273,25.700000762939453,25.709999084472656,14.52303409576416,7302
2017-11-14,25.68000030517578,25.843799591064453,25.649999618530273,25.670000076293945,14.500439643859863,10622
2017-11-15,25.659000396728516,25.80900001525879,25.659000396728516,25.65999984741211,14.494794845581055,4790
2017-11-16,25.719999313354492,25.81999969482422,25.6200008392334,25.6200008392334,14.47219467163086,9198
2017-11-17,25.770000457763672,25.770000457763672,25.549999237060547,25.559999465942383,14.43830394744873,6442
2017-11-20,25.6299991607666,25.729999542236328,25.6299991607666,25.6299991607666,14.477839469909668,7024
2017-11-21,25.6299991607666,25.703500747680664,25.5,25.6200008392334,14.47219467163086,21017
2017-11-22,25.70009994506836,25.70009994506836,25.600000381469727,25.65999984741211,14.494794845581055,2659
2017-11-24,25.680299758911133,25.680299758911133,25.6200008392334,25.6299991607666,14.477839469909668,2031
2017-11-27,25.6299991607666,25.816099166870117,25.6299991607666,25.780000686645508,14.562577247619629,7245
2017-11-28,25.780099868774414,26.059999465942383,25.760000228881836,26.030000686645508,14.703797340393066,14587
2017-11-29,26.030000686645508,26.3799991607666,26.030000686645508,26.360000610351562,14.890202522277832,18152
2017-11-30,26.149999618530273,26.360000610351562,25.760000228881836,25.760000228881836,14.55128002166748,23096
2017-12-01,25.940000534057617,26.1299991607666,25.8799991607666,26.100000381469727,14.74333667755127,24386
2017-12-04,25.770000457763672,25.979999542236328,25.610000610351562,25.90999984741211,14.912781715393066,10038
2017-12-05,25.950000762939453,25.950000762939453,25.730100631713867,25.850000381469727,14.878252029418945,5868
2017-12-06,25.90999984741211,25.972000122070312,25.649999618530273,25.729999542236328,14.809181213378906,17954
2017-12-07,25.729999542236328,25.829999923706055,25.700000762939453,25.700000762939453,14.791914939880371,11995
2017-12-08,25.773000717163086,25.850000381469727,25.610000610351562,25.610000610351562,14.74011516571045,10794
2017-12-11,25.620500564575195,25.68000030517578,25.59239959716797,25.649999618530273,14.763132095336914,4144
2017-12-12,25.65999984741211,25.732999801635742,25.450000762939453,25.459999084472656,14.653779029846191,7942
2017-12-13,25.438400268554688,25.516199111938477,25.309999465942383,25.399999618530273,14.619247436523438,4477
2017-12-14,25.5,25.709999084472656,25.479999542236328,25.709999084472656,14.797669410705566,4344
2017-12-15,25.647300720214844,25.672000885009766,25.647300720214844,25.649999618530273,14.763132095336914,1644
2017-12-18,25.649999618530273,26.040000915527344,25.58799934387207,25.610000610351562,14.74011516571045,2632
2017-12-19,25.85099983215332,25.85099983215332,25.350000381469727,25.450000762939453,14.648028373718262,10612
2017-12-20,25.520000457763672,25.6299991607666,25.479999542236328,25.56599998474121,14.714787483215332,5061
2017-12-21,25.54330062866211,25.6299991607666,25.54330062866211,25.6299991607666,14.751622200012207,3830
2017-12-22,25.450000762939453,25.809999465942383,25.450000762939453,25.5,14.676801681518555,2679
2017-12-26,25.75,25.75,25.700000762939453,25.713699340820312,14.799798011779785,4818
2017-12-27,25.829999923706055,25.918899536132812,25.639999389648438,25.860000610351562,14.884003639221191,8863
2017-12-28,25.955299377441406,25.955299377441406,25.72319984436035,25.889999389648438,14.90126895904541,6464
2017-12-29,25.889999389648438,25.90999984741211,25.760000228881836,25.760000228881836,14.826448440551758,17783
2018-01-02,25.7903995513916,25.7903995513916,25.65399932861328,25.709999084472656,14.797669410705566,5582
2018-01-03,25.770000457763672,25.77910041809082,25.670000076293945,25.709999084472656,14.797669410705566,8845
2018-01-04,25.6200008392334,25.84000015258789,25.549999237060547,25.84000015258789,14.872493743896484,7674
2018-01-05,25.90999984741211,25.969999313354492,25.839000701904297,25.899999618530273,14.907028198242188,14013
2018-01-08,25.85770034790039,26.0,25.83009910583496,25.920000076293945,14.918535232543945,9922
2018-01-09,25.851600646972656,25.951900482177734,25.799999237060547,25.799999237060547,14.849466323852539,5102
2018-01-10,25.829999923706055,25.838499069213867,25.63010025024414,25.63010025024414,14.751688003540039,5967
2018-01-11,25.588699340820312,25.947399139404297,25.588699340820312,25.700000762939453,14.791914939880371,9006
2018-01-12,25.760099411010742,25.989999771118164,25.760099411010742,25.93000030517578,14.924293518066406,15323
2018-01-16,25.719999313354492,25.979900360107422,25.610000610351562,25.670000076293945,14.774645805358887,26692
2018-01-17,25.700000762939453,25.947999954223633,25.680099487304688,25.680099487304688,14.780460357666016,9896
2018-01-18,25.739999771118164,25.739999771118164,25.68000030517578,25.700000762939453,14.791914939880371,9801
2018-01-19,25.700000762939453,25.739999771118164,25.649999618530273,25.649999618530273,14.763132095336914,15656
2018-01-22,25.68000030517578,25.68000030517578,25.549999237060547,25.549999237060547,14.70557975769043,18248
2018-01-23,25.60110092163086,25.739999771118164,25.60110092163086,25.610000610351562,14.74011516571045,10146
2018-01-24,25.626100540161133,25.739999771118164,25.5,25.5,14.676801681518555,8350
2018-01-25,25.510000228881836,25.670000076293945,25.5,25.670000076293945,14.774645805358887,2219
2018-01-26,25.47599983215332,25.500900268554688,25.309999465942383,25.440000534057617,14.642267227172852,23378
2018-01-29,25.34000015258789,25.439899444580078,25.190000534057617,25.31999969482422,14.573203086853027,17767
2018-01-30,25.239999771118164,25.239999771118164,25.030099868774414,25.049999237060547,14.41779899597168,9109
2018-01-31,25.110200881958008,25.450000762939453,25.010000228881836,25.450000762939453,14.648028373718262,10066
2018-02-01,25.389999389648438,25.389999389648438,25.030000686645508,25.030000686645508,14.406293869018555,7478
2018-02-02,25.0,25.0,24.25,24.450000762939453,14.072463989257812,56233
2018-02-05,24.559999465942383,24.87980079650879,24.390600204467773,24.469999313354492,14.083977699279785,14833
2018-02-06,24.56999969482422,24.690000534057617,24.45159912109375,24.6299991607666,14.176066398620605,6894
2018-02-07,24.799999237060547,24.920000076293945,24.700000762939453,24.700000762939453,14.216357231140137,6263
2018-02-08,24.75,25.049999237060547,24.75,24.829999923706055,14.291178703308105,21106
2018-02-09,24.799999237060547,24.799999237060547,24.5,24.670000076293945,14.199085235595703,22981
2018-02-12,24.950000762939453,24.950000762939453,24.787599563598633,24.950000762939453,14.360244750976562,9094
2018-02-13,24.940000534057617,25.0,24.93000030517578,25.0,14.389020919799805,9837
2018-02-14,24.850000381469727,24.999000549316406,24.793100357055664,24.850000381469727,14.302685737609863,16409
2018-02-15,24.800500869750977,25.010000228881836,24.800500869750977,25.000099182128906,14.389080047607422,17204
2018-02-16,25.049999237060547,25.100000381469727,24.950000762939453,25.020999908447266,14.401107788085938,20225
2018-02-20,25.079700469970703,25.31999969482422,25.049999237060547,25.21500015258789,14.512770652770996,7327
2018-02-21,25.3799991607666,25.450000762939453,25.363000869750977,25.450000762939453,14.648028373718262,7053
2018-02-22,25.41629981994629,25.68000030517578,25.395999908447266,25.68000030517578,14.780403137207031,13583
2018-02-23,25.59000015258789,25.670000076293945,25.44809913635254,25.670000076293945,14.774645805358887,7055
2018-02-26,25.70989990234375,25.70989990234375,25.469200134277344,25.5,14.676801681518555,7307
2018-02-27,25.58370018005371,25.643400192260742,25.58370018005371,25.6200008392334,14.745868682861328,6082
2018-02-28,25.56049919128418,25.709999084472656,25.3700008392334,25.700000762939453,14.791914939880371,16900
2018-03-01,25.600000381469727,25.700000762939453,25.600000381469727,25.600000381469727,14.734363555908203,9725
2018-03-02,25.399999618530273,25.399999618530273,25.0,25.010000228881836,14.672408103942871,7719
2018-03-05,25.010000228881836,25.170000076293945,25.0,25.170000076293945,14.766273498535156,5943
2018-03-06,25.010000228881836,25.280000686645508,25.010000228881836,25.170000076293945,14.766273498535156,4975
2018-03-07,25.065000534057617,25.110000610351562,25.065000534057617,25.110000610351562,14.731078147888184,1329
2018-03-08,25.137699127197266,25.219900131225586,25.09000015258789,25.09000015258789,14.719337463378906,11629
2018-03-09,25.079999923706055,25.079999923706055,24.950000762939453,25.0,14.666539192199707,11466
2018-03-12,25.0,25.0,24.780000686645508,24.8700008392334,14.590274810791016,9944
2018-03-13,24.983699798583984,25.0,24.950000762939453,24.989999771118164,14.660677909851074,5471
2018-03-14,24.933000564575195,25.0,24.933000564575195,25.0,14.666539192199707,3160
2018-03-15,25.0,25.229999542236328,25.0,25.100000381469727,14.725208282470703,6035
2018-03-16,25.165000915527344,25.192800521850586,25.144100189208984,25.192800521850586,14.779648780822754,3920
2018-03-19,25.1200008392334,25.209999084472656,25.1200008392334,25.209999084472656,14.7897367477417,9146
2018-03-20,25.218000411987305,25.239999771118164,25.209999084472656,25.209999084472656,14.7897367477417,5277
2018-03-21,25.15019989013672,25.15019989013672,25.100000381469727,25.144699096679688,14.751429557800293,2212
2018-03-22,25.150100708007812,25.229999542236328,25.139999389648438,25.165000915527344,14.763343811035156,8013
2018-03-23,25.110000610351562,25.130699157714844,25.100000381469727,25.100000381469727,14.725208282470703,6466
2018-03-26,25.110000610351562,25.174800872802734,25.073699951171875,25.09000015258789,14.719337463378906,3202
2018-03-27,25.25,25.25,25.081300735473633,25.229999542236328,14.801472663879395,6805
2018-03-28,25.174999237060547,25.23900032043457,25.125999450683594,25.170000076293945,14.766273498535156,10501
2018-03-29,25.25,25.25,25.149999618530273,25.18000030517578,14.772137641906738,6307
2018-04-02,25.020000457763672,25.15999984741211,25.020000457763672,25.15999984741211,14.760404586791992,2989
2018-04-03,25.15999984741211,25.243999481201172,25.043800354003906,25.100000381469727,14.725208282470703,13358
2018-04-04,25.10099983215332,25.10099983215332,25.10099983215332,25.10099983215332,14.725794792175293,1149
2018-04-05,25.149999618530273,25.229900360107422,25.05500030517578,25.113100051879883,14.732893943786621,4983
2018-04-06,24.97010040283203,25.239999771118164,24.97010040283203,25.197500228881836,14.782408714294434,3778
2018-04-09,25.239999771118164,25.250999450683594,25.079999923706055,25.09000015258789,14.719337463378906,9654
2018-04-10,24.95989990234375,25.1299991607666,24.95989990234375,25.100000381469727,14.725208282470703,11245
2018-04-11,25.174999237060547,25.174999237060547,24.940000534057617,25.010000228881836,14.672408103942871,5025
2018-04-12,25.010000228881836,25.25,25.010000228881836,25.25,14.813207626342773,4892
2018-04-13,25.219999313354492,25.269899368286133,25.040000915527344,25.190000534057617,14.778005599975586,6030
2018-04-16,25.199899673461914,25.199899673461914,25.049999237060547,25.18000030517578,14.772137641906738,3144
2018-04-17,25.1299991607666,25.239900588989258,25.10610008239746,25.149200439453125,14.754070281982422,4614
2018-04-18,25.299999237060547,25.309999465942383,25.170000076293945,25.270000457763672,14.824942588806152,13691
2018-04-19,25.18000030517578,25.25,25.079999923706055,25.109500885009766,14.730779647827148,3785
2018-04-20,25.1200008392334,25.149999618530273,25.059999465942383,25.1299991607666,14.742804527282715,4465
2018-04-23,25.139999389648438,25.229999542236328,25.040000915527344,25.049999237060547,14.695873260498047,13701
2018-04-24,25.06999969482422,25.1299991607666,24.950000762939453,24.989999771118164,14.660677909851074,3349
2018-04-25,24.981000900268555,25.09000015258789,24.959999084472656,25.09000015258789,14.719337463378906,11094
2018-04-26,25.125999450683594,25.139999389648438,25.001800537109375,25.07939910888672,14.71312141418457,3045
2018-04-27,25.139999389648438,25.200000762939453,25.100000381469727,25.110000610351562,14.731078147888184,3133
2018-04-30,25.140199661254883,25.200000762939453,25.100000381469727,25.190000534057617,14.778005599975586,8052
2018-05-01,25.166799545288086,25.270000457763672,25.10379981994629,25.270000457763672,14.824942588806152,7242
2018-05-02,25.235000610351562,25.290000915527344,25.19179916381836,25.280000686645508,14.830805778503418,3269
2018-05-03,25.19499969482422,25.21299934387207,25.1299991607666,25.212200164794922,14.791033744812012,3505
2018-05-04,25.219999313354492,25.259700775146484,25.219999313354492,25.259700775146484,14.81889533996582,1009
2018-05-07,25.219999313354492,25.280000686645508,25.16010093688965,25.280000686645508,14.830805778503418,6566
2018-05-08,25.270000457763672,25.420000076293945,25.270000457763672,25.399999618530273,14.901205062866211,7562
2018-05-09,25.385000228881836,25.43000030517578,25.385000228881836,25.413999557495117,14.909416198730469,2779
2018-05-10,25.42770004272461,25.444000244140625,25.3799991607666,25.390600204467773,14.895689010620117,3686
2018-05-11,25.399999618530273,25.530000686645508,25.399999618530273,25.459999084472656,14.93640422821045,9547
2018-05-14,25.520000457763672,25.579999923706055,25.389999389648438,25.489999771118164,14.954008102416992,10031
2018-05-15,25.440000534057617,25.5,25.399999618530273,25.5,14.959872245788574,9920
2018-05-16,25.56999969482422,25.579999923706055,25.494400024414062,25.520000457763672,14.97160816192627,4821
2018-05-17,25.469200134277344,25.479999542236328,25.459999084472656,25.479999542236328,14.948141098022461,4117
2018-05-18,25.469999313354492,25.539199829101562,25.469999313354492,25.5,14.959872245788574,964
2018-05-21,25.46139907836914,25.565399169921875,25.46139907836914,25.497900009155273,14.95864200592041,3227
2018-05-22,25.540000915527344,25.54159927368164,25.469499588012695,25.520000457763672,14.97160816192627,3200
2018-05-23,25.479999542236328,25.510000228881836,25.424999237060547,25.450000762939453,14.930538177490234,14674
2018-05-24,25.51219940185547,25.540000915527344,25.489999771118164,25.489999771118164,14.954008102416992,4039
2018-05-25,25.489900588989258,25.75,25.3799991607666,25.75,15.106534957885742,14113
2018-05-29,25.719999313354492,25.739999771118164,25.719999313354492,25.739999771118164,15.100669860839844,754
2018-05-30,25.739900588989258,25.739999771118164,25.690000534057617,25.702999114990234,15.078964233398438,3523
2018-05-31,25.59000015258789,25.790000915527344,25.59000015258789,25.790000915527344,15.130005836486816,35715
2018-06-01,25.770000457763672,26.059999465942383,25.760000228881836,26.059999465942383,15.28840160369873,8836
2018-06-04,25.780000686645508,25.780000686645508,25.533000946044922,25.639999389648438,15.326900482177734,3764
2018-06-05,25.510000228881836,25.75,25.510000228881836,25.68000030517578,15.350809097290039,11487
2018-06-06,25.677200317382812,25.739999771118164,25.639999389648438,25.649999618530273,15.332874298095703,9325
2018-06-07,25.701900482177734,25.739999771118164,25.674100875854492,25.739999771118164,15.386675834655762,3311
2018-06-08,25.606000900268555,25.700000762939453,25.606000900268555,25.690000534057617,15.35678768157959,6039
2018-06-11,25.700000762939453,25.8700008392334,25.690000534057617,25.8700008392334,15.464387893676758,4273
2018-06-12,25.649999618530273,25.860000610351562,25.639999389648438,25.775999069213867,15.408191680908203,3621
2018-06-13,25.786300659179688,25.8700008392334,25.786300659179688,25.8700008392334,15.464387893676758,6027
2018-06-14,25.790000915527344,25.81999969482422,25.65999984741211,25.81999969482422,15.434496879577637,3323
2018-06-15,25.799999237060547,25.850000381469727,25.799999237060547,25.81999969482422,15.434496879577637,8740
2018-06-18,25.860000610351562,25.878999710083008,25.719999313354492,25.784500122070312,15.413277626037598,5111
2018-06-19,25.765499114990234,25.84149932861328,25.700000762939453,25.84149932861328,15.447351455688477,2914
2018-06-20,25.889999389648438,25.899999618530273,25.75,25.899999618530273,15.482321739196777,4117
2018-06-21,25.839399337768555,25.864200592041016,25.839399337768555,25.864200592041016,15.460922241210938,4780
2018-06-22,25.858800888061523,25.950000762939453,25.838699340820312,25.936100006103516,15.503900527954102,4555
2018-06-25,25.950000762939453,25.950000762939453,25.850099563598633,25.940000534057617,15.506234169006348,3621
2018-06-26,25.848400115966797,26.033899307250977,25.816600799560547,25.93000030517578,15.500251770019531,10898
2018-06-27,26.020000457763672,26.020000457763672,25.79159927368164,25.87310028076172,15.466241836547852,6355
2018-06-28,25.84309959411621,26.0,25.780099868774414,25.959999084472656,15.518180847167969,13478
2018-06-29,25.803199768066406,25.84000015258789,25.803199768066406,25.84000015258789,15.446451187133789,458
2018-07-02,25.979999542236328,26.0,25.899999618530273,25.959999084472656,15.518180847167969,6981
2018-07-03,25.83009910583496,26.1200008392334,25.83009910583496,25.90999984741211,15.488297462463379,7212
2018-07-05,26.051000595092773,26.1299991607666,25.88170051574707,25.989999771118164,15.536118507385254,7645
2018-07-06,26.06999969482422,26.190000534057617,26.06999969482422,26.190000534057617,15.655670166015625,6157
2018-07-09,26.190000534057617,26.25,26.18079948425293,26.25,15.69154167175293,4186
2018-07-10,26.260000228881836,26.260000228881836,26.190000534057617,26.25,15.69154167175293,8906
2018-07-11,26.0,26.249000549316406,25.989999771118164,26.020000457763672,15.55405330657959,28609
2018-07-12,26.18000030517578,26.18000030517578,26.067399978637695,26.067399978637695,15.582388877868652,3414
2018-07-13,26.059999465942383,26.200000762939453,26.0132999420166,26.068300247192383,15.582927703857422,5119
2018-07-16,25.989999771118164,26.05120086669922,25.989999771118164,26.0,15.542096138000488,2346
2018-07-17,26.0,26.190000534057617,26.0,26.170000076293945,15.643717765808105,3248
2018-07-18,26.04680061340332,26.12220001220703,26.04680061340332,26.09000015258789,15.595897674560547,3910
2018-07-19,26.059999465942383,26.167400360107422,26.059999465942383,26.167400360107422,15.642167091369629,912
2018-07-20,26.059999465942383,26.104999542236328,25.989999771118164,26.030000686645508,15.560029983520508,4877
2018-07-23,25.93000030517578,26.045400619506836,25.899999618530273,25.950000762939453,15.512208938598633,6078
2018-07-24,26.065200805664062,26.08810043334961,26.0,26.059999465942383,15.577960968017578,1192
2018-07-25,26.110000610351562,26.1200008392334,25.836999893188477,25.899999618530273,15.482321739196777,7753
2018-07-26,25.850099563598633,25.99489974975586,25.850099563598633,25.99489974975586,15.539046287536621,1799
2018-07-27,26.108200073242188,26.108200073242188,26.049999237060547,26.059999465942383,15.577960968017578,3555
2018-07-30,25.84000015258789,25.963699340820312,25.84000015258789,25.963699340820312,15.52039623260498,1057
2018-07-31,25.893400192260742,26.059999465942383,25.893400192260742,26.036399841308594,15.563857078552246,4177
2018-08-01,25.890300750732422,26.03969955444336,25.890300750732422,25.959999084472656,15.518180847167969,1539
2018-08-02,26.0492000579834,26.0492000579834,26.0492000579834,26.0492000579834,15.571504592895508,508
2018-08-03,26.082599639892578,26.082599639892578,26.0,26.0,15.542096138000488,3285
2018-08-06,26.020000457763672,26.1200008392334,25.747699737548828,25.850000381469727,15.452433586120605,14115
2018-08-07,25.902700424194336,26.18000030517578,25.902700424194336,26.1200008392334,15.613832473754883,9064
2018-08-08,26.100000381469727,26.270000457763672,26.054000854492188,26.239999771118164,15.685564041137695,7820
2018-08-09,26.238100051879883,26.238100051879883,26.110000610351562,26.15220069885254,15.63308334350586,3215
2018-08-10,26.111900329589844,26.18000030517578,26.020000457763672,26.100000381469727,15.601875305175781,8137
2018-08-13,26.040000915527344,26.135000228881836,25.860000610351562,26.0,15.542096138000488,10517
2018-08-14,26.07430076599121,26.07430076599121,25.940000534057617,26.0,15.542096138000488,6070
2018-08-15,26.100000381469727,26.149999618530273,26.100000381469727,26.149999618530273,15.631763458251953,8495
2018-08-16,26.079200744628906,26.079200744628906,25.969999313354492,25.989999771118164,15.536118507385254,5278
2018-08-17,26.020000457763672,26.239500045776367,26.008800506591797,26.059999465942383,15.577960968017578,3248
2018-08-20,26.200000762939453,26.25,26.1200008392334,26.149999618530273,15.631763458251953,9115
2018-08-21,26.084800720214844,26.22010040283203,26.084800720214844,26.22010040283203,15.673665046691895,1027
2018-08-22,26.02359962463379,26.299999237060547,26.02359962463379,26.290000915527344,15.715449333190918,4927
2018-08-23,26.100000381469727,26.280000686645508,26.100000381469727,26.263099670410156,15.699371337890625,6401
2018-08-24,26.270000457763672,26.309900283813477,26.20009994506836,26.239999771118164,15.685564041137695,3279
2018-08-27,26.200000762939453,26.319900512695312,26.183300018310547,26.309999465942383,15.727409362792969,3839
2018-08-28,26.299999237060547,26.299999237060547,26.21500015258789,26.290000915527344,15.715449333190918,2950
2018-08-29,26.18000030517578,26.299999237060547,26.18000030517578,26.299999237060547,15.721426010131836,2076
2018-08-30,26.251699447631836,26.299999237060547,26.190000534057617,26.299999237060547,15.721426010131836,6307
2018-08-31,26.292800903320312,26.530000686645508,26.287500381469727,26.530000686645508,15.858918190002441,9845
2018-09-04,26.149999618530273,26.3700008392334,25.900100708007812,26.149999618530273,15.9224853515625,12565
2018-09-05,26.200000762939453,26.277000427246094,25.84000015258789,25.850000381469727,15.739819526672363,15243
2018-09-06,25.889999389648438,25.997800827026367,25.780000686645508,25.84000015258789,15.733724594116211,9907
2018-09-07,25.748300552368164,25.84000015258789,25.740699768066406,25.83989906311035,15.733665466308594,7461
2018-09-10,25.843799591064453,25.843799591064453,25.799999237060547,25.81999969482422,15.721550941467285,3012
2018-09-11,25.788999557495117,25.86199951171875,25.768199920654297,25.86199951171875,15.747125625610352,8627
2018-09-12,25.88170051574707,25.959999084472656,25.88170051574707,25.940000534057617,15.7946195602417,1451
2018-09-13,25.896299362182617,25.896299362182617,25.697200775146484,25.725000381469727,15.663705825805664,13340
2018-09-14,25.65999984741211,25.65999984741211,25.65999984741211,25.65999984741211,15.624125480651855,544
2018-09-17,25.65999984741211,25.65999984741211,25.40999984741211,25.65999984741211,15.624125480651855,10753
2018-09-18,25.420000076293945,25.75,25.420000076293945,25.530000686645508,15.544971466064453,16856
2018-09-19,25.584400177001953,25.600000381469727,25.47170066833496,25.472700119018555,15.510082244873047,6455
2018-09-20,25.500900268554688,25.55030059814453,25.480100631713867,25.528600692749023,15.544118881225586,3920
2018-09-21,25.57990074157715,25.59000015258789,25.479999542236328,25.554500579833984,15.559889793395996,9546
2018-09-24,25.662599563598633,25.739999771118164,25.662599563598633,25.68000030517578,15.636305809020996,750
2018-09-25,25.790000915527344,25.790000915527344,25.486299514770508,25.5841007232666,15.57791519165039,1374
2018-09-26,25.643199920654297,25.643199920654297,25.520000457763672,25.552900314331055,15.558917045593262,4645
2018-09-27,25.670000076293945,25.700000762939453,25.510000228881836,25.700000762939453,15.648484230041504,12258
2018-09-28,25.61370086669922,25.790000915527344,25.504600524902344,25.600000381469727,15.587596893310547,7904
2018-10-01,25.65999984741211,25.65999984741211,25.40999984741211,25.450000762939453,15.49626350402832,11103
2018-10-02,25.3799991607666,25.5,25.270000457763672,25.489999771118164,15.520617485046387,17323
2018-10-03,25.371000289916992,25.489999771118164,25.34000015258789,25.3799991607666,15.453638076782227,5430
2018-10-04,25.34000015258789,25.420000076293945,25.308000564575195,25.360000610351562,15.441461563110352,9175
2018-10-05,25.3700008392334,25.43000030517578,25.35689926147461,25.43000030517578,15.484086990356445,7282
2018-10-08,25.350000381469727,25.431699752807617,25.3302001953125,25.350000381469727,15.435371398925781,7322
2018-10-09,25.448999404907227,25.448999404907227,25.3700008392334,25.41950035095215,15.477690696716309,1865
2018-10-10,25.399999618530273,25.399999618530273,25.309999465942383,25.309999465942383,15.411012649536133,1309
2018-10-11,25.31999969482422,25.332500457763672,25.270000457763672,25.324800491333008,15.420027732849121,3032
2018-10-12,25.41990089416504,25.41990089416504,25.299999237060547,25.299999237060547,15.404926300048828,2193
2018-10-15,25.267499923706055,25.38990020751953,25.020000457763672,25.260000228881836,15.380572319030762,18453
2018-10-16,25.31999969482422,25.36709976196289,25.06999969482422,25.19499969482422,15.34099292755127,8500
2018-10-17,25.200000762939453,25.271499633789062,25.200000762939453,25.229299545288086,15.361881256103516,7813
2018-10-18,25.200000762939453,25.29990005493164,25.200000762939453,25.239999771118164,15.36839771270752,9679
2018-10-19,25.110000610351562,25.21269989013672,25.110000610351562,25.152299880981445,15.314997673034668,1034
2018-10-22,25.1830997467041,25.36989974975586,25.100000381469727,25.200700759887695,15.344468116760254,6737
2018-10-23,25.137100219726562,25.31999969482422,25.100000381469727,25.28890037536621,15.39816951751709,4836
2018-10-24,25.120100021362305,25.34239959716797,25.120100021362305,25.34239959716797,15.430746078491211,2188
2018-10-25,25.35540008544922,25.440000534057617,25.25,25.440000534057617,15.490174293518066,34441
2018-10-26,25.25,25.5,25.25,25.5,15.52670669555664,1173
2018-10-29,25.5,25.639999389648438,25.360000610351562,25.549999237060547,15.557149887084961,7910
2018-10-30,25.450000762939453,25.670000076293945,25.388500213623047,25.670000076293945,15.630216598510742,6351
2018-10-31,25.670000076293945,25.75,25.61009979248047,25.75,15.678925514221191,2891
2018-11-01,25.729999542236328,25.75149917602539,25.729999542236328,25.75149917602539,15.679844856262207,1538
2018-11-02,25.68000030517578,25.7947998046875,25.68000030517578,25.690000534057617,15.642398834228516,5973
2018-11-05,25.75,25.850000381469727,25.6299991607666,25.764999389648438,15.688057899475098,7563
2018-11-06,25.75,25.790000915527344,25.651199340820312,25.790000915527344,15.703285217285156,3186
2018-11-07,25.720600128173828,25.815000534057617,25.720600128173828,25.80340003967285,15.711443901062012,2098
2018-11-08,25.80340003967285,25.80340003967285,25.80340003967285,25.80340003967285,15.711443901062012,0
2018-11-09,25.731000900268555,25.787200927734375,25.729999542236328,25.776500701904297,15.695064544677734,2895
2018-11-12,25.729999542236328,25.78969955444336,25.729999542236328,25.78969955444336,15.703102111816406,1702
2018-11-13,25.729999542236328,25.790000915527344,25.639999389648438,25.754199981689453,15.681486129760742,5584
2018-11-14,25.639999389648438,25.700000762939453,25.611900329589844,25.700000762939453,15.648484230041504,1639
2018-11-15,25.639999389648438,25.75,25.579999923706055,25.690000534057617,15.642398834228516,14959
2018-11-16,25.879100799560547,25.879100799560547,25.69099998474121,25.737199783325195,15.671133995056152,1231
2018-11-19,25.700000762939453,25.868799209594727,25.700000762939453,25.801700592041016,15.710409164428711,1613
2018-11-20,25.600000381469727,25.715299606323242,25.600000381469727,25.63599967956543,15.609511375427246,6301
2018-11-21,25.58049964904785,25.58049964904785,25.420000076293945,25.459999084472656,15.502348899841309,2706
2018-11-23,25.657100677490234,25.657100677490234,25.657100677490234,25.657100677490234,15.62236213684082,558
2018-11-26,25.514699935913086,25.599899291992188,25.475099563598633,25.5,15.52670669555664,5833
2018-11-27,25.600000381469727,25.652599334716797,25.600000381469727,25.614999771118164,15.596729278564453,1963
2018-11-28,25.552900314331055,25.674400329589844,25.40999984741211,25.672000885009766,15.63143539428711,2283
2018-11-29,25.604799270629883,25.920000076293945,25.604799270629883,25.849000930786133,15.739212036132812,7483
2018-11-30,25.84000015258789,25.989999771118164,25.84000015258789,25.989999771118164,15.825066566467285,7066
2018-12-03,26.219999313354492,26.219999313354492,25.926000595092773,25.937700271606445,15.793220520019531,3403
2018-12-04,25.565799713134766,25.598400115966797,25.34000015258789,25.40999984741211,15.766345977783203,22491
2018-12-06,25.149999618530273,25.57900047302246,25.149999618530273,25.260000228881836,15.673276901245117,3172
2018-12-07,25.40999984741211,25.469999313354492,25.030000686645508,25.40290069580078,15.761944770812988,7333
2018-12-10,25.389999389648438,25.510000228881836,25.3799991607666,25.450000762939453,15.791169166564941,15662
2018-12-11,25.3799991607666,25.440000534057617,25.149999618530273,25.350000381469727,15.729117393493652,10696
2018-12-12,25.223100662231445,25.260000228881836,25.18000030517578,25.25,15.667070388793945,7687
2018-12-13,25.340999603271484,25.430999755859375,25.25,25.350000381469727,15.729117393493652,25572
2018-12-14,25.540000915527344,25.540000915527344,25.334699630737305,25.360000610351562,15.735325813293457,7835
2018-12-17,25.326000213623047,25.448699951171875,25.190000534057617,25.200000762939453,15.63604736328125,7060
2018-12-18,25.212299346923828,25.342599868774414,25.209999084472656,25.209999084472656,15.642255783081055,13601
2018-12-19,25.200000762939453,25.379899978637695,25.18000030517578,25.283100128173828,15.687609672546387,10214
2018-12-20,25.239999771118164,25.33300018310547,24.934999465942383,25.260000228881836,15.673276901245117,40540
2018-12-21,25.010000228881836,25.375499725341797,25.010000228881836,25.209999084472656,15.642255783081055,26460
2018-12-24,25.25,25.43000030517578,24.799999237060547,25.43000030517578,15.778763771057129,11624
2018-12-26,25.075899124145508,25.677799224853516,25.075000762939453,25.677799224853516,15.932516098022461,26896
2018-12-27,25.649999618530273,25.670000076293945,25.059999465942383,25.059999465942383,15.549180030822754,10928
2018-12-28,25.27680015563965,25.469999313354492,25.229999542236328,25.450000762939453,15.791169166564941,5193
2018-12-31,25.5,25.53580093383789,25.300100326538086,25.5,15.822193145751953,20079
2019-01-02,25.363500595092773,25.59000015258789,25.299999237060547,25.299999237060547,15.698097229003906,26806
2019-01-03,25.615299224853516,25.615299224853516,25.200000762939453,25.600000381469727,15.884239196777344,10462
2019-01-04,25.59000015258789,25.989999771118164,25.479999542236328,25.989999771118164,16.12622833251953,14979
2019-01-07,26.030000686645508,26.030000686645508,25.5,25.610000610351562,15.890447616577148,24164
2019-01-08,25.520000457763672,26.06999969482422,25.219999313354492,26.06999969482422,16.175867080688477,20955
2019-01-09,26.029499053955078,26.190000534057617,25.579999923706055,26.190000534057617,16.250322341918945,39548
2019-01-10,25.860000610351562,25.868900299072266,25.309999465942383,25.790000915527344,16.00213050842285,10744
2019-01-11,25.760000228881836,25.760000228881836,25.3700008392334,25.639999389648438,15.90906047821045,26064
2019-01-14,25.511499404907227,25.649900436401367,25.459999084472656,25.459999084472656,15.79737377166748,4659
2019-01-15,25.549999237060547,25.649999618530273,25.219999313354492,25.3799991607666,15.747737884521484,16439
2019-01-16,25.243799209594727,25.38050079345703,25.229999542236328,25.290000915527344,15.691893577575684,7448
2019-01-17,25.290599822998047,25.350000381469727,25.209999084472656,25.2450008392334,15.663969993591309,7048
2019-01-18,25.26580047607422,25.290000915527344,25.22100067138672,25.290000915527344,15.691893577575684,4339
2019-01-22,25.309999465942383,25.5,25.209999084472656,25.5,15.822193145751953,13452
2019-01-23,25.380699157714844,25.5,25.25,25.280000686645508,15.68569278717041,19393
2019-01-24,25.337799072265625,25.5,25.299999237060547,25.5,15.822193145751953,11274
2019-01-25,25.385000228881836,25.600000381469727,25.299999237060547,25.399999618530273,15.760143280029297,35562
2019-01-28,25.538999557495117,25.59000015258789,25.280000686645508,25.579999923706055,15.871829986572266,27456
2019-01-29,25.59000015258789,25.59000015258789,25.5,25.59000015258789,15.878040313720703,11662
2019-01-30,25.530000686645508,25.75,25.5,25.65999984741211,15.92147159576416,36550
2019-01-31,25.670299530029297,25.73200035095215,25.510000228881836,25.510000228881836,15.828399658203125,60625
2019-02-01,25.5,25.5,25.1200008392334,25.360000610351562,15.735325813293457,25947
2019-02-04,25.40999984741211,25.540000915527344,25.219999313354492,25.520000457763672,15.834606170654297,11689
2019-02-05,25.479999542236328,25.52790069580078,25.36009979248047,25.479999542236328,15.809785842895508,7939
2019-02-06,25.421199798583984,25.540000915527344,25.3700008392334,25.540000915527344,15.847014427185059,7333
2019-02-07,25.530000686645508,25.62820053100586,25.510000228881836,25.540000915527344,15.847014427185059,10272
2019-02-08,25.540000915527344,25.600000381469727,25.450000762939453,25.56999969482422,15.86562728881836,7859
2019-02-11,25.56089973449707,25.65999984741211,25.524999618530273,25.524999618530273,15.8377046585083,3550
2019-02-12,25.611000061035156,25.75,25.600000381469727,25.68000030517578,15.933879852294922,44068
2019-02-13,25.49570083618164,25.699899673461914,25.49570083618164,25.641399383544922,15.909927368164062,7886
2019-02-14,25.610000610351562,25.706199645996094,25.610000610351562,25.63330078125,15.904900550842285,4638
2019-02-15,25.629899978637695,25.629899978637695,25.599000930786133,25.600000381469727,15.884239196777344,1269
2019-02-19,25.7460994720459,25.7460994720459,25.55389976501465,25.66900062561035,15.927056312561035,3059
2019-02-20,25.75,25.75,25.550100326538086,25.709999084472656,15.952495574951172,3743
2019-02-21,25.600000381469727,25.73900032043457,25.600000381469727,25.68939971923828,15.939717292785645,3890
2019-02-22,25.81999969482422,25.940000534057617,25.700000762939453,25.940000534057617,16.095203399658203,9013
2019-02-25,25.790000915527344,26.190000534057617,25.78019905090332,26.190000534057617,16.250322341918945,8815
2019-02-26,26.219999313354492,26.48259925842285,25.549999237060547,26.06999969482422,16.175867080688477,32017
2019-02-27,25.989999771118164,26.190000534057617,25.719999313354492,26.100000381469727,16.194482803344727,17291
2019-02-28,26.170000076293945,26.510000228881836,25.937400817871094,26.510000228881836,16.448877334594727,103972
2019-03-01,26.5,26.8799991607666,26.230100631713867,26.239999771118164,16.281343460083008,67673
2019-03-04,25.760000228881836,26.219999313354492,25.760000228881836,26.200000762939453,16.562271118164062,4148
2019-03-05,25.945100784301758,26.120500564575195,25.889999389648438,26.1200008392334,16.511699676513672,4732
2019-03-06,26.167400360107422,26.48509979248047,26.020000457763672,26.079999923706055,16.486417770385742,12156
2019-03-07,26.1299991607666,26.577999114990234,26.049999237060547,26.350000381469727,16.657102584838867,3206
2019-03-08,26.32069969177246,26.32069969177246,26.170000076293945,26.184999465942383,16.55278968811035,2278
2019-03-11,26.10569953918457,26.350000381469727,26.10569953918457,26.28499984741211,16.61600685119629,5163
2019-03-12,26.225000381469727,26.389999389648438,26.064899444580078,26.389999389648438,16.68238067626953,6180
2019-03-13,26.389999389648438,26.469999313354492,26.273000717163086,26.469999313354492,16.73295021057129,8111
2019-03-14,26.520000457763672,26.520000457763672,26.2012996673584,26.270000457763672,16.606523513793945,11602
2019-03-15,26.436899185180664,26.700000762939453,26.27899932861328,26.700000762939453,16.87835121154785,2401
2019-03-18,26.40999984741211,26.479999542236328,26.149999618530273,26.15999984741211,16.5369873046875,11890
2019-03-19,26.268999099731445,26.350000381469727,26.020000457763672,26.030000686645508,16.454811096191406,10550
2019-03-20,26.263200759887695,26.280000686645508,26.020000457763672,26.260000228881836,16.600202560424805,8935
2019-03-21,26.208599090576172,26.420000076293945,26.184999465942383,26.260000228881836,16.600202560424805,1973
2019-03-22,26.110000610351562,26.290000915527344,26.110000610351562,26.290000915527344,16.619171142578125,3773
2019-03-25,26.170000076293945,26.270000457763672,26.14929962158203,26.25,16.59387969970703,9754
2019-03-26,26.25,26.309999465942383,26.212099075317383,26.309999465942383,16.631813049316406,6935
2019-03-27,26.43000030517578,26.440000534057617,26.299999237060547,26.420000076293945,16.70134735107422,11602
2019-03-28,26.437299728393555,26.530000686645508,26.329999923706055,26.479999542236328,16.739274978637695,16952
2019-03-29,26.610000610351562,26.790000915527344,26.449800491333008,26.670000076293945,16.859386444091797,57139
2019-04-01,26.649999618530273,26.649999618530273,26.55739974975586,26.579999923706055,16.802492141723633,2402
2019-04-02,26.243799209594727,26.5,26.243799209594727,26.360000610351562,16.663421630859375,7819
2019-04-03,26.340700149536133,26.50320053100586,26.340700149536133,26.48900032043457,16.744966506958008,4282
2019-04-04,26.337600708007812,26.59000015258789,26.337600708007812,26.59000015258789,16.808815002441406,7254
2019-04-05,26.550100326538086,26.579999923706055,26.45800018310547,26.579999923706055,16.802492141723633,3273
2019-04-08,26.56570053100586,26.59000015258789,26.420000076293945,26.420000076293945,16.70134735107422,9881
2019-04-09,26.510000228881836,26.510000228881836,26.443899154663086,26.469999313354492,16.73295021057129,5441
2019-04-10,26.450000762939453,26.540000915527344,26.450000762939453,26.530000686645508,16.770883560180664,3793
2019-04-11,26.40999984741211,26.549999237060547,26.399999618530273,26.450000762939453,16.720312118530273,5434
2019-04-12,26.579999923706055,26.579999923706055,26.399999618530273,26.420000076293945,16.70134735107422,2562
2019-04-15,26.5,26.5,26.469999313354492,26.5,16.751920700073242,1550
2019-04-16,26.56999969482422,26.56999969482422,26.479999542236328,26.509599685668945,16.75798988342285,7822
2019-04-17,26.479999542236328,26.549999237060547,26.44099998474121,26.510000228881836,16.758241653442383,9181
2019-04-18,26.490999221801758,26.579299926757812,26.459999084472656,26.489999771118164,16.745594024658203,3733
2019-04-22,26.43000030517578,26.520000457763672,26.3799991607666,26.520000457763672,16.764562606811523,17402
2019-04-23,26.46649932861328,26.56999969482422,26.450000762939453,26.56999969482422,16.796165466308594,8635
2019-04-24,26.56999969482422,26.579999923706055,26.479999542236328,26.559999465942383,16.78984832763672,7700
2019-04-25,26.579999923706055,26.579999923706055,26.43000030517578,26.5,16.751920700073242,7458
2019-04-26,26.389999389648438,26.638500213623047,26.299999237060547,26.329999923706055,16.644454956054688,18970
2019-04-29,26.400699615478516,26.52519989013672,26.360000610351562,26.469999313354492,16.73295021057129,18515
2019-04-30,26.31999969482422,26.549999237060547,26.31999969482422,26.549999237060547,16.783527374267578,59554
2019-05-01,26.270000457763672,26.549999237060547,26.260000228881836,26.520000457763672,16.764562606811523,5224
2019-05-02,26.350000381469727,26.395000457763672,26.330900192260742,26.3799991607666,16.676061630249023,6032
2019-05-03,26.3799991607666,26.40999984741211,26.309999465942383,26.391399383544922,16.683263778686523,6294
2019-05-06,26.309999465942383,26.399999618530273,26.299999237060547,26.350000381469727,16.657102584838867,6350
2019-05-07,26.440000534057617,26.489999771118164,26.270000457763672,26.489999771118164,16.745594024658203,7907
2019-05-08,26.489900588989258,26.489999771118164,26.35930061340332,26.489999771118164,16.745594024658203,2267
2019-05-09,26.489999771118164,26.489999771118164,26.415000915527344,26.479999542236328,16.739274978637695,2718
2019-05-10,26.184499740600586,26.479999542236328,26.184499740600586,26.479999542236328,16.739274978637695,2562
2019-05-13,26.219999313354492,26.399999618530273,26.200000762939453,26.399999618530273,16.688705444335938,8471
2019-05-14,26.26799964904785,26.399999618530273,26.26799964904785,26.399999618530273,16.688705444335938,6313
2019-05-15,26.299999237060547,26.420000076293945,26.299999237060547,26.40999984741211,16.695024490356445,3578
2019-05-16,26.399999618530273,26.440000534057617,26.321800231933594,26.389999389648438,16.68238067626953,4656
2019-05-17,26.440000534057617,26.469999313354492,26.110200881958008,26.450000762939453,16.720312118530273,2661
2019-05-20,26.280000686645508,26.440000534057617,26.270000457763672,26.389999389648438,16.68238067626953,3415
2019-05-21,26.438600540161133,26.469999313354492,26.3799991607666,26.469999313354492,16.73295021057129,55551
2019-05-22,26.450000762939453,26.479999542236328,26.3799991607666,26.479999542236328,16.739274978637695,5500
2019-05-23,26.489999771118164,26.549999237060547,26.399999618530273,26.549999237060547,16.783527374267578,8291
2019-05-24,26.606300354003906,26.65999984741211,26.450000762939453,26.549999237060547,16.783527374267578,6468
2019-05-28,26.5,26.559999465942383,26.489999771118164,26.559999465942383,16.78984832763672,9283
2019-05-29,26.6299991607666,26.639999389648438,26.5,26.6200008392334,16.827775955200195,3356
2019-05-30,26.600000381469727,26.75,26.600000381469727,26.75,16.90995216369629,6236
2019-05-31,26.520000457763672,26.90999984741211,26.470800399780273,26.81999969482422,16.95420265197754,57835
2019-06-03,26.739999771118164,26.79990005493164,26.565000534057617,26.600000381469727,16.815135955810547,8144
2019-06-04,26.350000381469727,26.488000869750977,26.330299377441406,26.330299377441406,16.9533748626709,4126
2019-06-05,26.360000610351562,26.399999618530273,26.329700469970703,26.350000381469727,16.9660587310791,3977
2019-06-06,26.320100784301758,26.320100784301758,26.059999465942383,26.18000030517578,16.856599807739258,12844
2019-06-07,26.110000610351562,26.350000381469727,26.110000610351562,26.350000381469727,16.9660587310791,6662
2019-06-10,26.34000015258789,26.34000015258789,26.31999969482422,26.31999969482422,16.94673728942871,2018
2019-06-11,26.260000228881836,26.350000381469727,26.260000228881836,26.260000228881836,16.90811538696289,1088
2019-06-12,26.31999969482422,26.31999969482422,26.1299991607666,26.249000549316406,16.90102767944336,7678
2019-06-13,26.170000076293945,26.170000076293945,25.93000030517578,26.13450050354004,16.827302932739258,25013
2019-06-14,26.1200008392334,26.200000762939453,26.107999801635742,26.190000534057617,16.863040924072266,7364
2019-06-17,26.190000534057617,26.209999084472656,26.139999389648438,26.139999389648438,16.830842971801758,3757
2019-06-18,26.200000762939453,26.200000762939453,26.110000610351562,26.139999389648438,16.830842971801758,17469
2019-06-19,26.09000015258789,26.25,26.09000015258789,26.229999542236328,16.888792037963867,4745
2019-06-20,26.131200790405273,26.270000457763672,26.09000015258789,26.190000534057617,16.863040924072266,11142
2019-06-21,26.102699279785156,26.260000228881836,26.102699279785156,26.1299991607666,16.824403762817383,5028
2019-06-24,26.1299991607666,26.203899383544922,26.1299991607666,26.170000076293945,16.850160598754883,17826
2019-06-25,26.1299991607666,26.1968994140625,26.1299991607666,26.18000030517578,16.856599807739258,5611
2019-06-26,26.2283992767334,26.2283992767334,26.183900833129883,26.209999084472656,16.875911712646484,4868
2019-06-27,26.229999542236328,26.274999618530273,26.139999389648438,26.25,16.901670455932617,16266
2019-06-28,26.260000228881836,26.280000686645508,26.18549919128418,26.25,16.901670455932617,48314
2019-07-01,26.24959945678711,26.290000915527344,26.209999084472656,26.290000915527344,16.927427291870117,4717
2019-07-02,26.290000915527344,26.409900665283203,26.185199737548828,26.325000762939453,16.949960708618164,12842
2019-07-03,26.283899307250977,26.420000076293945,26.170000076293945,26.40999984741211,17.004688262939453,4985
2019-07-05,26.35759925842285,26.40999984741211,26.256900787353516,26.297700881958008,16.932382583618164,2907
2019-07-08,26.389999389648438,26.40999984741211,26.315000534057617,26.400999069213867,16.9988956451416,2451
2019-07-09,26.389999389648438,26.389999389648438,26.370100021362305,26.370100021362305,16.9789981842041,2163
2019-07-10,26.399999618530273,26.40999984741211,26.231800079345703,26.40999984741211,17.004688262939453,3927
2019-07-11,26.35099983215332,26.459999084472656,26.339000701904297,26.45989990234375,17.036815643310547,7045
2019-07-12,26.405000686645508,26.405000686645508,26.399999618530273,26.399999618530273,16.998254776000977,1397
2019-07-15,26.40999984741211,26.5,26.399999618530273,26.5,17.062639236450195,3228
2019-07-16,26.489999771118164,26.510000228881836,26.350000381469727,26.506999969482422,17.067148208618164,8369
2019-07-17,26.526399612426758,26.719999313354492,26.526399612426758,26.68000030517578,17.17853546142578,6647
2019-07-18,26.68000030517578,26.719999313354492,26.6299991607666,26.719999313354492,17.204286575317383,11519
2019-07-19,26.68470001220703,26.850000381469727,26.68470001220703,26.770000457763672,17.23648452758789,7891
2019-07-22,26.829999923706055,26.93000030517578,26.799999237060547,26.93000030517578,17.33950424194336,7600
2019-07-23,26.950000762939453,26.979999542236328,26.899999618530273,26.979999542236328,17.37169647216797,9546
2019-07-24,26.979999542236328,27.192100524902344,26.92169952392578,27.110000610351562,17.455402374267578,13694
2019-07-25,26.940000534057617,28.200199127197266,26.6299991607666,26.709999084472656,17.197853088378906,20247
2019-07-26,27.09000015258789,27.100000381469727,26.65999984741211,26.75,17.22360610961914,2469
2019-07-29,26.956499099731445,27.009000778198242,26.84000015258789,26.920000076293945,17.333066940307617,5012
2019-07-30,26.920000076293945,26.959999084472656,26.799999237060547,26.940000534057617,17.345945358276367,8500
2019-07-31,26.899999618530273,27.040000915527344,26.899999618530273,27.030000686645508,17.40389060974121,49702
2019-08-01,27.04159927368164,27.1200008392334,26.790000915527344,27.020000457763672,17.3974552154541,6492
2019-08-02,26.559999465942383,26.950000762939453,26.549999237060547,26.799999237060547,17.25579833984375,4362
2019-08-05,26.85810089111328,26.85810089111328,26.66900062561035,26.66900062561035,17.17145347595215,1799
2019-08-06,26.555599212646484,26.600000381469727,26.100000381469727,26.469999313354492,17.04332160949707,17724
2019-08-07,26.5,26.5,26.398799896240234,26.479999542236328,17.049760818481445,2327
2019-08-08,26.38719940185547,26.520000457763672,26.260000228881836,26.3799991607666,16.985368728637695,5511
2019-08-09,26.434600830078125,26.639400482177734,26.3700008392334,26.6299991607666,17.14634132385254,2837
2019-08-12,26.610000610351562,26.6200008392334,26.420000076293945,26.6200008392334,17.139902114868164,7159
2019-08-13,26.518400192260742,26.595800399780273,26.510000228881836,26.530000686645508,17.081951141357422,3562
2019-08-14,26.549999237060547,26.600000381469727,26.466999053955078,26.600000381469727,17.127025604248047,14319
2019-08-15,26.894399642944336,27.010000228881836,26.799999237060547,26.850000381469727,17.287992477416992,5014
2019-08-16,26.799999237060547,27.049999237060547,26.799999237060547,27.049999237060547,17.416767120361328,12501
2019-08-19,26.951000213623047,27.559999465942383,26.951000213623047,27.299999237060547,17.577735900878906,9204
2019-08-20,27.243999481201172,27.540000915527344,27.23699951171875,27.469999313354492,17.68719482421875,6315
2019-08-21,27.229999542236328,27.479999542236328,27.034900665283203,27.479999542236328,17.69363021850586,4410
2019-08-22,27.25,27.479999542236328,27.040000915527344,27.479999542236328,17.69363021850586,9608
2019-08-23,27.314599990844727,27.450000762939453,27.100000381469727,27.3700008392334,17.622806549072266,8147
2019-08-26,27.43000030517578,27.43000030517578,27.100000381469727,27.34000015258789,17.603490829467773,5070
2019-08-27,27.239999771118164,27.360000610351562,27.1299991607666,27.280000686645508,17.564863204956055,13334
2019-08-28,27.40290069580078,27.4950008392334,27.329999923706055,27.479999542236328,17.69363021850586,6021
2019-08-29,27.3700008392334,27.655000686645508,27.360000610351562,27.5,17.706510543823242,9508
2019-08-30,27.450000762939453,27.947500228881836,27.39539909362793,27.639999389648438,17.796653747558594,54184
2019-09-03,27.600000381469727,27.979999542236328,27.600000381469727,27.760000228881836,17.873920440673828,5569
2019-09-04,27.610000610351562,27.610000610351562,27.18000030517578,27.190000534057617,17.817821502685547,5014
2019-09-05,27.299999237060547,27.299999237060547,27.151899337768555,27.18000030517578,17.8112735748291,2388
2019-09-06,27.299999237060547,27.4950008392334,27.09000015258789,27.469999313354492,18.001310348510742,5195
2019-09-09,27.309999465942383,27.400100708007812,27.309999465942383,27.329999923706055,17.909564971923828,6960
2019-09-10,27.34600067138672,27.389999389648438,27.030099868774414,27.030099868774414,17.713041305541992,7200
2019-09-11,27.12470054626465,27.15839958190918,27.100000381469727,27.110000610351562,17.765399932861328,4856
2019-09-12,27.308700561523438,27.308700561523438,27.160999298095703,27.200000762939453,17.82438087463379,3630
2019-09-13,27.1200008392334,27.329999923706055,26.68000030517578,27.057899475097656,17.73125457763672,9751
2019-09-16,27.057899475097656,27.057899475097656,27.057899475097656,27.057899475097656,17.73125457763672,0
2019-09-17,27.09000015258789,27.459999084472656,26.989999771118164,27.459999084472656,17.99475860595703,1486
2019-09-18,27.389999389648438,27.40999984741211,27.00779914855957,27.40999984741211,17.961992263793945,8200
2019-09-19,27.459999084472656,27.969999313354492,27.03019905090332,27.729999542236328,18.171689987182617,12859
2019-09-20,27.729999542236328,28.040000915527344,27.65060043334961,27.969999313354492,18.32896614074707,2395
2019-09-23,27.559999465942383,27.969999313354492,27.339000701904297,27.889999389648438,18.276538848876953,18379
2019-09-24,27.73080062866211,27.889999389648438,27.579999923706055,27.889999389648438,18.276538848876953,6751
2019-09-25,27.793500900268555,28.06999969482422,27.74839973449707,28.06999969482422,18.394498825073242,4554
2019-09-26,28.0216007232666,28.0216007232666,27.844999313354492,28.020000457763672,18.361732482910156,2860
2019-09-27,28.06999969482422,28.06999969482422,27.892900466918945,28.06999969482422,18.394498825073242,6317
2019-09-30,28.049800872802734,28.239999771118164,27.56999969482422,28.06999969482422,18.394498825073242,68891
2019-10-01,28.100000381469727,28.4950008392334,27.790000915527344,27.979999542236328,18.335512161254883,9463
2019-10-02,27.981000900268555,27.981000900268555,27.520000457763672,27.57699966430664,18.071426391601562,8722
2019-10-03,27.58970069885254,27.601900100708008,27.549999237060547,27.57200050354004,18.06814956665039,1484
2019-10-04,27.56999969482422,27.56999969482422,26.610000610351562,27.280000686645508,17.876798629760742,25823
2019-10-07,27.2322998046875,27.260000228881836,26.799999237060547,27.209999084472656,17.830934524536133,20645
2019-10-08,27.239999771118164,27.600000381469727,26.940000534057617,27.510000228881836,18.027523040771484,15290
2019-10-09,26.93000030517578,27.559999465942383,26.93000030517578,27.450000762939453,17.988204956054688,4800
2019-10-10,27.353099822998047,27.56999969482422,27.353099822998047,27.420000076293945,17.968544006347656,3251
2019-10-11,27.360000610351562,27.59000015258789,27.2450008392334,27.420000076293945,17.968544006347656,6818
2019-10-14,27.59000015258789,27.709999084472656,27.579999923706055,27.709999084472656,18.158588409423828,3592
2019-10-15,27.54290008544922,27.825000762939453,27.440000534057617,27.825000762939453,18.23394775390625,9918
2019-10-16,27.489999771118164,27.770000457763672,27.399999618530273,27.770000457763672,18.197898864746094,6294
2019-10-17,28.030000686645508,28.030000686645508,27.520000457763672,27.799999237060547,18.21756362915039,2769
2019-10-18,27.638399124145508,27.770000457763672,27.638399124145508,27.770000457763672,18.197898864746094,1798
2019-10-21,26.870100021362305,27.860000610351562,26.870100021362305,27.809999465942383,18.2241153717041,3978
2019-10-22,27.239999771118164,27.799999237060547,27.080799102783203,27.799999237060547,18.21756362915039,3838
2019-10-23,27.760000228881836,27.969999313354492,27.690000534057617,27.96579933166504,18.326210021972656,7081
2019-10-24,27.8700008392334,28.1299991607666,27.719999313354492,27.969999313354492,18.32896614074707,22194
2019-10-25,28.200000762939453,28.200000762939453,27.490999221801758,28.190000534057617,18.473129272460938,1743
2019-10-28,27.71150016784668,28.024999618530273,27.649999618530273,27.950000762939453,18.31585693359375,9662
2019-10-29,27.843599319458008,27.843599319458008,27.843599319458008,27.843599319458008,18.246131896972656,604
2019-10-30,27.9950008392334,27.9950008392334,27.790000915527344,27.84000015258789,18.243776321411133,8038
2019-10-31,27.84000015258789,28.18000030517578,27.65999984741211,27.84000015258789,18.243776321411133,58485
2019-11-01,27.510000228881836,27.649999618530273,27.510000228881836,27.59000015258789,18.079946517944336,3369
2019-11-04,27.73150062561035,28.002199172973633,27.532400131225586,27.56999969482422,18.06684112548828,2260
2019-11-05,27.520000457763672,27.520000457763672,27.48780059814453,27.5,18.020965576171875,2615
2019-11-06,27.02630043029785,27.5,27.02630043029785,27.489999771118164,18.014415740966797,2373
2019-11-07,27.350000381469727,27.5,27.3262996673584,27.3262996673584,17.907142639160156,1527
2019-11-08,27.092199325561523,27.229000091552734,27.01099967956543,27.1299991607666,17.77850341796875,7576
2019-11-11,27.209999084472656,27.31999969482422,27.049999237060547,27.049999237060547,17.7260799407959,7480
2019-11-12,27.490999221801758,27.71500015258789,27.329999923706055,27.350000381469727,17.92267417907715,5505
2019-11-13,27.428800582885742,27.54990005493164,27.030000686645508,27.299999237060547,17.889907836914062,17001
2019-11-14,27.100000381469727,27.6200008392334,27.100000381469727,27.6200008392334,18.099607467651367,11878
2019-11-15,27.399999618530273,27.469999313354492,27.270000457763672,27.399999618530273,17.95543670654297,2840
2019-11-18,27.399999618530273,27.399999618530273,27.31999969482422,27.31999969482422,17.90301513671875,4098
2019-11-19,27.098100662231445,27.75,27.098100662231445,27.68000030517578,18.138925552368164,9008
2019-11-20,27.700700759887695,27.700700759887695,27.389999389648438,27.68000030517578,18.138925552368164,8096
2019-11-21,27.68000030517578,27.709999084472656,27.56999969482422,27.70989990234375,18.158517837524414,10235
2019-11-22,27.540000915527344,27.617399215698242,27.540000915527344,27.56999969482422,18.06684112548828,3107
2019-11-25,27.690000534057617,27.709999084472656,27.31999969482422,27.31999969482422,17.90301513671875,13288
2019-11-26,27.719900131225586,27.719900131225586,26.799999237060547,27.0,17.693315505981445,7107
2019-11-27,27.299999237060547,27.329999923706055,27.010000228881836,27.010000228881836,17.69986915588379,6758
2019-11-29,27.049999237060547,27.049999237060547,26.93000030517578,27.0,17.693315505981445,12481
2019-12-02,27.229999542236328,27.239999771118164,26.802000045776367,26.851999282836914,17.596328735351562,5062
2019-12-03,27.0,27.0,26.392000198364258,26.639999389648438,17.45740509033203,10080
2019-12-04,26.259899139404297,26.259899139404297,25.950000762939453,26.020000457763672,17.366899490356445,17912
2019-12-05,26.219999313354492,26.219999313354492,25.84000015258789,25.979999542236328,17.340200424194336,20544
2019-12-06,25.899999618530273,25.979999542236328,25.770000457763672,25.860000610351562,17.260107040405273,7167
2019-12-09,25.809999465942383,25.979999542236328,25.799999237060547,25.979999542236328,17.340200424194336,14099
2019-12-10,26.030000686645508,26.170000076293945,26.010000228881836,26.110000610351562,17.42696762084961,8089
2019-12-11,26.1033992767334,26.389999389648438,26.1033992767334,26.350000381469727,17.587154388427734,57399
2019-12-12,26.389999389648438,26.389999389648438,26.1200008392334,26.25,17.520414352416992,47214
2019-12-13,26.280000686645508,26.3799991607666,26.270000457763672,26.3799991607666,17.607177734375,10930
2019-12-16,26.40999984741211,26.510000228881836,26.399999618530273,26.399999618530273,17.620527267456055,8889
2019-12-17,26.530000686645508,26.530000686645508,26.30150032043457,26.530000686645508,17.707294464111328,6409
2019-12-18,26.770000457763672,26.79159927368164,26.489999771118164,26.578699111938477,17.739797592163086,19754
2019-12-19,26.196699142456055,26.75,26.196699142456055,26.75,17.8541316986084,1798
2019-12-20,26.829999923706055,26.829999923706055,26.709999084472656,26.799999237060547,17.88750648498535,3094
2019-12-23,27.010000228881836,27.100000381469727,26.860000610351562,26.99880027770996,18.020193099975586,30347
2019-12-24,26.959999084472656,26.959999084472656,26.920000076293945,26.920000076293945,17.96759796142578,564
2019-12-26,26.979000091552734,27.009599685668945,26.760000228881836,27.009599685668945,18.027400970458984,1948
2019-12-27,27.049999237060547,27.09000015258789,26.84079933166504,27.059999465942383,18.061038970947266,3974
2019-12-30,27.040000915527344,27.100000381469727,26.559999465942383,27.024499893188477,18.037342071533203,5557
2019-12-31,26.969999313354492,27.07900047302246,26.84000015258789,26.889999389648438,17.94757843017578,3107
2020-01-02,26.889999389648438,27.450000762939453,26.889999389648438,27.3700008392334,18.267948150634766,12878
2020-01-03,27.368799209594727,27.399999618530273,27.231700897216797,27.399999618530273,18.2879695892334,6982
2020-01-06,27.469999313354492,27.469999313354492,27.1200008392334,27.295000076293945,18.2178897857666,6506
2020-01-07,26.979999542236328,27.280000686645508,26.979999542236328,27.280000686645508,18.2078800201416,4896
2020-01-08,27.34000015258789,27.469999313354492,27.16900062561035,27.459999084472656,18.328020095825195,48698
2020-01-09,27.479999542236328,27.489999771118164,27.281999588012695,27.324100494384766,18.23731231689453,5447
2020-01-10,27.479999542236328,27.479999542236328,27.244400024414062,27.31999969482422,18.234575271606445,6067
2020-01-13,27.21489906311035,27.43630027770996,27.21489906311035,27.31999969482422,18.234575271606445,1584
2020-01-14,27.219999313354492,27.5403995513916,27.15999984741211,27.25,18.18785285949707,18152
2020-01-15,27.45800018310547,27.459999084472656,27.298999786376953,27.360000610351562,18.26127815246582,2078
2020-01-16,27.149999618530273,27.25,27.149999618530273,27.229999542236328,18.174509048461914,5718
2020-01-17,27.37529945373535,27.404199600219727,27.28179931640625,27.28179931640625,18.20907974243164,3324
2020-01-21,27.09000015258789,27.360000610351562,27.030000686645508,27.316600799560547,18.232309341430664,4022
2020-01-22,26.530000686645508,27.579999923706055,26.530000686645508,27.06999969482422,18.067712783813477,11373
2020-01-23,27.412700653076172,27.412700653076172,26.81130027770996,27.040000915527344,18.047691345214844,2044
2020-01-24,26.809999465942383,27.306699752807617,26.809999465942383,27.306699752807617,18.22570037841797,1667
2020-01-27,26.5,26.979999542236328,26.5,26.957000732421875,17.992294311523438,19362
2020-01-28,27.116100311279297,27.15999984741211,26.919700622558594,26.93320083618164,17.97640609741211,5826
2020-01-29,26.809999465942383,27.170000076293945,26.809999465942383,27.15999984741211,18.127782821655273,1394
2020-01-30,27.049999237060547,27.15999984741211,26.924999237060547,27.114999771118164,18.097753524780273,8493
2020-01-31,27.299999237060547,27.399999618530273,27.070899963378906,27.399999618530273,18.2879695892334,10005
2020-02-03,27.200000762939453,27.559999465942383,27.200000762939453,27.559999465942383,18.394760131835938,2531
2020-02-04,27.559999465942383,27.600000381469727,27.389999389648438,27.600000381469727,18.42146110534668,5131
2020-02-05,27.389999389648438,27.809999465942383,27.389999389648438,27.809999465942383,18.561620712280273,2911
2020-02-06,27.899999618530273,27.899999618530273,26.960599899291992,27.450000762939453,18.32134246826172,6097
2020-02-07,27.02280044555664,27.803499221801758,27.02280044555664,27.53499984741211,18.378080368041992,5331
2020-02-10,27.61280059814453,27.615299224853516,27.328399658203125,27.389999389648438,18.28129768371582,2346
2020-02-11,27.240999221801758,27.549999237060547,27.240999221801758,27.541000366210938,18.382083892822266,5646
2020-02-12,27.469999313354492,27.594900131225586,27.049999237060547,27.46109962463379,18.328754425048828,4126
2020-02-13,27.549999237060547,27.549999237060547,27.469999313354492,27.479999542236328,18.34136390686035,6563
2020-02-14,27.489999771118164,27.489999771118164,27.44860076904297,27.44860076904297,18.32040786743164,1339
2020-02-18,27.139999389648438,27.549999237060547,27.139999389648438,27.32360076904297,18.236980438232422,5914
2020-02-19,27.149999618530273,27.40999984741211,27.149999618530273,27.190000534057617,18.147808074951172,3255
2020-02-20,27.3799991607666,27.52199935913086,27.354999542236328,27.52199935913086,18.369400024414062,3483
2020-02-21,26.899999618530273,27.40999984741211,26.899999618530273,27.209999084472656,18.161155700683594,3881
2020-02-24,27.286100387573242,27.34000015258789,27.163000106811523,27.163000106811523,18.129789352416992,1136
2020-02-25,26.969999313354492,27.394399642944336,26.850000381469727,26.890399932861328,17.947843551635742,15559
2020-02-26,26.760000228881836,26.88409996032715,26.68000030517578,26.850799560546875,17.921409606933594,7029
2020-02-27,26.649999618530273,26.649999618530273,26.459999084472656,26.469999313354492,17.667247772216797,6092
2020-02-28,26.170000076293945,26.190000534057617,25.329999923706055,25.700000762939453,17.153318405151367,24415
2020-03-02,25.75,26.646799087524414,25.566999435424805,26.6200008392334,17.767366409301758,9152
2020-03-03,26.8700008392334,26.8700008392334,26.239700317382812,26.790000915527344,17.88083267211914,8102
2020-03-04,26.399999618530273,26.8700008392334,25.989999771118164,26.489999771118164,18.006174087524414,11368
2020-03-05,25.93000030517578,26.700000762939453,25.93000030517578,26.459999084472656,17.98577880859375,14145
2020-03-06,25.799999237060547,26.559999465942383,25.729999542236328,25.729999542236328,17.489574432373047,13061
2020-03-09,24.389999389648438,25.579999923706055,23.729999542236328,24.700000762939453,16.789451599121094,20361
2020-03-10,25.15399932861328,25.299999237060547,24.959999084472656,25.030000686645508,17.013757705688477,21057
2020-03-11,25.100000381469727,25.100000381469727,21.65999984741211,22.780000686645508,15.484355926513672,32449
2020-03-12,19.010000228881836,22.09000015258789,17.90999984741211,21.5,14.614300727844238,52815
2020-03-13,23.5,24.010000228881836,21.700000762939453,24.0,16.313631057739258,97814
2020-03-16,19.020000457763672,20.295000076293945,17.5,19.26650047302246,13.096109390258789,11656
2020-03-17,18.5,18.8700008392334,16.34000015258789,17.299999237060547,11.75941276550293,29548
2020-03-18,16.15999984741211,16.959999084472656,8.236900329589844,9.859999656677246,6.702184200286865,51204
2020-03-19,5.5,16.530000686645508,5.5,15.140000343322754,10.29118537902832,50500
2020-03-20,15.380000114440918,16.329999923706055,12.579999923706055,14.369999885559082,9.767789840698242,39195
2020-03-23,13.079999923706055,14.390000343322754,7.75,7.769999980926514,5.281539440155029,72405
2020-03-24,6.989999771118164,6.989999771118164,3.8499999046325684,4.9257001876831055,3.3481698036193848,418491
2020-03-25,5.300000190734863,7.510000228881836,5.210000038146973,7.25,4.92807674407959,612834
2020-03-26,7.980000019073486,11.699999809265137,7.980000019073486,11.289999961853027,7.674206256866455,532031
2020-03-27,11.5,12.699999809265137,10.199999809265137,10.670000076293945,7.252769947052002,79031
2020-03-30,10.199999809265137,10.580499649047852,8.745800018310547,9.489999771118164,6.450682163238525,99478
2020-03-31,10.0,10.0,8.274999618530273,9.699999809265137,6.5934271812438965,96256
2020-04-01,8.5,8.579999923706055,6.554999828338623,7.399099826812744,5.029426574707031,115242
2020-04-02,6.739999771118164,7.630000114440918,6.159999847412109,7.130000114440918,4.846508979797363,87788
2020-04-03,7.0,7.002299785614014,4.539999961853027,4.599999904632568,3.126779556274414,100698
2020-04-06,5.019999980926514,6.860000133514404,5.019999980926514,6.840000152587891,4.649386882781982,235522
2020-04-07,7.519999980926514,10.470000267028809,7.519999980926514,10.380000114440918,7.055647373199463,275677
2020-04-08,11.420000076293945,13.4399995803833,11.069999694824219,13.319999694824219,9.05406665802002,173097
2020-04-09,13.859999656677246,16.34000015258789,13.859999656677246,15.180000305175781,10.31837272644043,131912
2020-04-13,15.0,15.850000381469727,13.4399995803833,14.699999809265137,9.992101669311523,127865
2020-04-14,15.350000381469727,15.680000305175781,14.824999809265137,15.029999732971191,10.216412544250488,93587
2020-04-15,14.0,14.109999656677246,12.600000381469727,13.050000190734863,8.870537757873535,49491
2020-04-16,13.050000190734863,13.050000190734863,11.029999732971191,11.345000267028809,7.711589813232422,32047
2020-04-17,13.0,13.520000457763672,11.821999549865723,12.060600280761719,8.198009490966797,72645
2020-04-20,10.850000381469727,12.649999618530273,9.510000228881836,12.279999732971191,8.34714126586914,236265
2020-04-21,12.0,13.989999771118164,12.0,13.0600004196167,8.877335548400879,53340
2020-04-22,13.289999961853027,13.6899995803833,12.779999732971191,13.125,8.921520233154297,35985
2020-04-23,13.270000457763672,13.430000305175781,13.0,13.050000190734863,8.870537757873535,34563
2020-04-24,13.029999732971191,13.029999732971191,12.3774995803833,12.600000381469727,8.564659118652344,24436
2020-04-27,12.869999885559082,13.539999961853027,12.869999885559082,13.289999961853027,9.033675193786621,19829
2020-04-28,13.699999809265137,14.9483003616333,13.699999809265137,14.345999717712402,9.75147533416748,101844
2020-04-29,14.529999732971191,16.315000534057617,14.529999732971191,15.899999618530273,10.807782173156738,54694
2020-04-30,15.369999885559082,17.0,15.300000190734863,15.850000381469727,10.773796081542969,105211
2020-05-01,15.079999923706055,15.489999771118164,14.330499649047852,15.3100004196167,10.406740188598633,18434
2020-05-04,15.017900466918945,15.199999809265137,14.75,14.989999771118164,10.189224243164062,21089
2020-05-05,15.40999984741211,15.699999809265137,15.149999618530273,15.319999694824219,10.413536071777344,34644
2020-05-06,15.600000381469727,15.75,15.359999656677246,15.630000114440918,10.624252319335938,20901
2020-05-07,15.800000190734863,15.805999755859375,15.067000389099121,15.3100004196167,10.406740188598633,43984
2020-05-08,15.399999618530273,15.539999961853027,14.517999649047852,14.739999771118164,10.01928997039795,14591
2020-05-11,14.0,14.739999771118164,14.0,14.399999618530273,9.78818130493164,25151
2020-05-12,15.75,18.100000381469727,15.75,17.900100708007812,12.16732120513916,160101
2020-05-13,18.0,18.0,16.229999542236328,17.5,11.89535903930664,75568
2020-05-14,17.0,18.0,16.5,18.0,12.23522663116455,47637
2020-05-15,17.59000015258789,17.93000030517578,17.56999969482422,17.850000381469727,12.13326358795166,15815
2020-05-18,17.75,18.16360092163086,17.75,18.079999923706055,12.289605140686035,10665
2020-05-19,17.809999465942383,18.343000411987305,17.799999237060547,18.18000030517578,12.357582092285156,19823
2020-05-20,18.190000534057617,18.31999969482422,18.010000228881836,18.100000381469727,12.303199768066406,8873
2020-05-21,18.049999237060547,18.1200008392334,17.8700008392334,17.899999618530273,12.167251586914062,16627
2020-05-22,18.100000381469727,18.309999465942383,18.0,18.0,12.23522663116455,18252
2020-05-26,18.5,18.899999618530273,18.100000381469727,18.469999313354492,12.554701805114746,22986
2020-05-27,18.499900817871094,18.500200271606445,18.200000762939453,18.229999542236328,12.391562461853027,18170
2020-05-28,18.0,18.5,18.0,18.059999465942383,12.276010513305664,40093
2020-05-29,17.950000762939453,18.479999542236328,17.950000762939453,18.479999542236328,12.561497688293457,10854
2020-06-01,18.5,18.510000228881836,17.950000762939453,18.139999389648438,12.330387115478516,18427
2020-06-02,18.20800018310547,18.5,18.110000610351562,18.280000686645508,12.42555046081543,24735
2020-06-03,18.329999923706055,18.90999984741211,18.280000686645508,18.450000762939453,12.541106224060059,29120
2020-06-04,18.200000762939453,19.90999984741211,17.83880043029785,19.18000030517578,13.388834953308105,48872
2020-06-05,20.06999969482422,20.719999313354492,19.5,20.5,14.31027603149414,102764
2020-06-08,20.940000534057617,22.129899978637695,20.850000381469727,21.899999618530273,15.287558555603027,77092
2020-06-09,21.049999237060547,21.832000732421875,20.709999084472656,21.489999771118164,15.001355171203613,70950
2020-06-10,21.170000076293945,21.899999618530273,19.25,21.610000610351562,15.085125923156738,92791
2020-06-11,20.600000381469727,21.040000915527344,20.149999618530273,20.190000534057617,14.093873977661133,65668
2020-06-12,20.770000457763672,21.040000915527344,19.8799991607666,19.8799991607666,13.877474784851074,37668
2020-06-15,19.54800033569336,20.229999542236328,19.54800033569336,20.131399154663086,14.052968978881836,13205
2020-06-16,20.43000030517578,20.5,20.010000228881836,20.16200065612793,14.074329376220703,10787
2020-06-17,19.780000686645508,20.049999237060547,19.729999542236328,19.81999969482422,13.835591316223145,6687
2020-06-18,19.836000442504883,20.266000747680664,19.329999923706055,19.5,13.612213134765625,17660
2020-06-19,19.5,19.770000457763672,19.360000610351562,19.43000030517578,13.563348770141602,10715
2020-06-22,19.3799991607666,20.06999969482422,19.3700008392334,19.90999984741211,13.898419380187988,14869
2020-06-23,20.049999237060547,20.799999237060547,20.03499984741211,20.489999771118164,14.303292274475098,18998
2020-06-24,20.280000686645508,20.639999389648438,19.489999771118164,20.399999618530273,14.240466117858887,26585
2020-06-25,20.25,20.90999984741211,20.050100326538086,20.6200008392334,14.394044876098633,15490
2020-06-26,20.75,20.920000076293945,20.549999237060547,20.639999389648438,14.408004760742188,22830
2020-06-29,21.079999923706055,21.079999923706055,20.049999237060547,20.43000030517578,14.2614107131958,28272
2020-06-30,21.200000762939453,21.200000762939453,20.299999237060547,20.469999313354492,14.289328575134277,62158
2020-07-01,20.5,20.690000534057617,20.5,20.670000076293945,14.428946495056152,13937
2020-07-02,20.760000228881836,20.829999923706055,20.600000381469727,20.600000381469727,14.38007926940918,41870
2020-07-06,21.0,21.229999542236328,20.354999542236328,20.389999389648438,14.23348617553711,30420
2020-07-07,20.200000762939453,20.5,20.1299991607666,20.1299991607666,14.051992416381836,8082
2020-07-08,20.499900817871094,20.5,20.13629913330078,20.3700008392334,14.219529151916504,19043
2020-07-09,20.385000228881836,20.440000534057617,20.059999465942383,20.309999465942383,14.177639961242676,94031
2020-07-10,20.364999771118164,20.489999771118164,20.15999984741211,20.209999084472656,14.10783576965332,10803
2020-07-13,20.290000915527344,20.290000915527344,19.639999389648438,19.780000686645508,13.807671546936035,129536
2020-07-14,19.600000381469727,19.924999237060547,19.329999923706055,19.799999237060547,13.82163143157959,14237
2020-07-15,19.75,20.104999542236328,19.6200008392334,20.030000686645508,13.982185363769531,15538
2020-07-16,19.8799991607666,20.100000381469727,19.649999618530273,20.0,13.96124267578125,10048
2020-07-17,19.860000610351562,20.100000381469727,19.860000610351562,20.09000015258789,14.024070739746094,3907
2020-07-20,20.0,20.100000381469727,20.0,20.049999237060547,13.996147155761719,8118
2020-07-21,20.100000381469727,20.200000762939453,20.0,20.170000076293945,14.079915046691895,13718
2020-07-22,20.0531005859375,20.33060073852539,20.0,20.010000228881836,13.96822452545166,15482
2020-07-23,20.052000045776367,21.579999923706055,20.052000045776367,21.200000762939453,14.798916816711426,55117
2020-07-24,21.489999771118164,21.5,20.600000381469727,21.450000762939453,14.973433494567871,23624
2020-07-27,21.540000915527344,22.68000030517578,21.540000915527344,22.540000915527344,15.734323501586914,33941
2020-07-28,22.5,22.770000457763672,22.350000381469727,22.350000381469727,15.601689338684082,6584
2020-07-29,22.1299991607666,22.1299991607666,21.25,21.905000686645508,15.291053771972656,7582
2020-07-30,22.0,22.0,21.610000610351562,21.65999984741211,15.12002944946289,10006
2020-07-31,21.770000457763672,21.770000457763672,21.103500366210938,21.239999771118164,14.826839447021484,7209
2020-08-03,21.5,22.25,21.3799991607666,21.3799991607666,14.924568176269531,40809
2020-08-04,21.339599609375,21.549999237060547,20.729999542236328,20.860000610351562,14.561578750610352,30418
2020-08-05,20.899999618530273,21.059999465942383,20.860000610351562,20.905000686645508,14.592991828918457,7906
2020-08-06,20.6200008392334,21.489999771118164,20.6200008392334,20.71310043334961,14.45903205871582,2546
2020-08-07,20.739999771118164,21.3700008392334,20.6299991607666,21.309999465942383,14.875704765319824,12942
2020-08-10,20.8799991607666,21.434999465942383,20.8799991607666,21.21190071105957,14.807226181030273,14268
2020-08-11,21.54990005493164,21.54990005493164,21.139999389648438,21.21500015258789,14.809388160705566,5383
2020-08-12,21.200000762939453,21.424999237060547,21.200000762939453,21.239999771118164,14.826839447021484,2478
2020-08-13,21.368900299072266,21.600000381469727,21.368900299072266,21.479999542236328,14.994375228881836,6152
2020-08-14,21.299999237060547,21.440000534057617,21.149999618530273,21.399999618530273,14.938530921936035,11930
2020-08-17,21.329999923706055,21.329999923706055,20.8799991607666,21.0,14.659308433532715,13558
2020-08-18,20.969999313354492,21.049999237060547,20.649999618530273,20.68000030517578,14.435927391052246,40222
2020-08-19,20.719999313354492,20.909900665283203,20.200000762939453,20.690000534057617,14.442906379699707,21168
2020-08-20,20.469999313354492,20.639999389648438,20.39069938659668,20.5,14.31027603149414,15902
2020-08-21,20.270000457763672,21.149999618530273,20.270000457763672,21.059999465942383,14.701192855834961,17090
2020-08-24,21.139999389648438,21.139999389648438,20.83009910583496,21.020000457763672,14.67326545715332,3012
2020-08-25,21.020000457763672,21.094999313354492,20.65999984741211,21.094999313354492,14.72562313079834,8532
2020-08-26,20.875,20.896099090576172,20.53499984741211,20.84000015258789,14.54761791229248,16617
2020-08-27,20.924999237060547,20.989999771118164,20.530000686645508,20.670000076293945,14.428946495056152,9288
2020-08-28,20.207500457763672,21.290000915527344,20.207500457763672,21.290000915527344,14.861746788024902,3317
2020-08-31,21.239999771118164,21.260000228881836,20.639999389648438,20.649999618530273,14.414983749389648,11966
2020-09-01,20.875,21.239999771118164,20.84000015258789,20.84000015258789,14.54761791229248,13964
2020-09-02,20.989999771118164,20.989999771118164,20.649999618530273,20.940000534057617,14.61742115020752,18333
2020-09-03,20.66629981994629,20.899999618530273,20.450000762939453,20.520000457763672,14.66344165802002,13705
2020-09-04,20.166000366210938,20.5,20.0,20.31879997253418,14.51966667175293,10769
2020-09-08,20.25,20.329999923706055,19.68000030517578,19.75,14.11320686340332,38980
2020-09-09,20.079999923706055,20.1200008392334,19.760000228881836,19.84000015258789,14.177519798278809,40991
2020-09-10,19.989999771118164,20.049999237060547,19.729999542236328,19.729999542236328,14.098915100097656,20652
2020-09-11,20.026199340820312,20.026199340820312,19.84000015258789,19.950000762939453,14.256121635437012,22840
2020-09-14,19.940000534057617,20.239999771118164,19.940000534057617,20.15679931640625,14.403900146484375,8165
2020-09-15,20.103599548339844,20.309999465942383,19.75,20.229999542236328,14.456209182739258,16423
2020-09-16,19.90999984741211,20.274999618530273,19.90999984741211,20.050399780273438,14.327865600585938,24512
2020-09-17,20.149999618530273,20.150100708007812,19.8799991607666,19.90920066833496,14.226972579956055,9129
2020-09-18,19.719999313354492,20.04949951171875,19.56999969482422,19.65999984741211,14.048890113830566,8928
2020-09-21,19.780000686645508,19.889999389648438,19.549999237060547,19.68000030517578,14.063183784484863,9899
2020-09-22,19.700000762939453,19.780000686645508,19.34910011291504,19.6200008392334,14.020310401916504,24076
2020-09-23,19.885000228881836,19.885000228881836,19.40999984741211,19.43000030517578,13.88453483581543,48457
2020-09-24,19.43000030517578,19.45669937133789,18.389999389648438,18.530000686645508,13.241402626037598,131041
2020-09-25,18.700000762939453,19.235000610351562,18.318899154663086,19.235000610351562,13.745189666748047,11314
2020-09-28,19.899999618530273,20.190000534057617,19.436899185180664,20.190000534057617,14.42762565612793,24249
2020-09-29,20.010000228881836,20.170000076293945,19.700000762939453,20.06999969482422,14.341876029968262,70461
2020-09-30,20.049999237060547,20.145000457763672,19.850000381469727,19.850000381469727,14.18466567993164,69009
2020-10-01,20.158300399780273,20.309999465942383,19.84000015258789,20.030000686645508,14.313291549682617,14578
2020-10-02,20.0,20.200000762939453,20.0,20.135000228881836,14.388324737548828,2485
2020-10-05,20.15999984741211,20.299999237060547,19.84000015258789,19.999900817871094,14.291784286499023,27816
2020-10-06,19.969999313354492,20.26759910583496,19.959999084472656,20.010000228881836,14.29899787902832,27681
2020-10-07,20.185400009155273,20.360000610351562,20.0,20.049999237060547,14.327585220336914,10065
2020-10-08,20.0,20.259000778198242,20.0,20.210100173950195,14.441988945007324,8393
2020-10-09,20.200000762939453,20.200000762939453,19.969999313354492,20.0,14.291852951049805,25434
2020-10-12,20.020000457763672,20.139999389648438,20.0,20.1299991607666,14.384750366210938,8112
2020-10-13,20.06369972229004,20.25,20.06369972229004,20.25,14.470501899719238,16410
2020-10-14,20.1299991607666,20.25,20.1299991607666,20.25,14.470501899719238,9260
2020-10-15,20.040000915527344,20.270000457763672,20.040000915527344,20.25,14.470501899719238,6595
2020-10-16,20.18000030517578,20.440000534057617,20.18000030517578,20.440000534057617,14.606273651123047,458842
2020-10-19,20.389999389648438,20.450000762939453,20.260000228881836,20.450000762939453,14.613421440124512,17283
2020-10-20,20.57699966430664,20.709999084472656,20.350000381469727,20.350000381469727,14.541961669921875,4609
2020-10-21,20.420000076293945,20.59000015258789,20.25,20.440000534057617,14.606273651123047,18580
2020-10-22,20.75,20.75,20.417699813842773,20.450000762939453,14.613421440124512,10023
2020-10-23,20.36009979248047,20.799999237060547,20.350099563598633,20.670000076293945,14.770628929138184,9002
2020-10-26,20.75,20.75,20.242399215698242,20.5,14.649150848388672,6036
2020-10-27,20.587600708007812,21.0,20.5,20.8700008392334,14.913551330566406,8075
2020-10-28,20.93000030517578,20.93000030517578,20.44499969482422,20.450000762939453,14.613421440124512,5002
2020-10-29,20.5,20.75,20.5,20.600000381469727,14.72060775756836,4690
2020-10-30,20.5,21.09000015258789,20.450000762939453,20.989999771118164,14.999299049377441,26854
2020-11-02,21.09000015258789,21.270000457763672,20.143299102783203,21.139999389648438,15.106491088867188,4538
2020-11-03,21.3799991607666,21.420000076293945,21.209999084472656,21.40999984741211,15.299427032470703,3592
2020-11-04,21.420000076293945,21.799999237060547,21.420000076293945,21.770000457763672,15.556682586669922,7186
2020-11-05,21.65999984741211,21.889999389648438,21.594600677490234,21.6200008392334,15.449494361877441,4526
2020-11-06,20.868000030517578,21.270000457763672,20.790000915527344,21.0,15.006448745727539,13454
2020-11-09,21.75,22.010000228881836,21.25,21.959999084472656,15.69245719909668,11340
2020-11-10,22.5049991607666,22.799999237060547,22.5049991607666,22.6299991607666,16.171228408813477,2996
2020-11-11,22.549999237060547,22.549999237060547,21.850099563598633,22.450000762939453,16.04261016845703,3035
2020-11-12,22.0,22.420000076293945,21.600000381469727,21.829999923706055,15.599555969238281,11851
2020-11-13,22.030000686645508,22.47369956970215,21.618200302124023,21.700000762939453,15.506661415100098,10115
2020-11-16,21.809999465942383,22.200000762939453,21.809999465942383,22.020000457763672,15.735331535339355,40479
2020-11-17,22.020000457763672,22.239999771118164,21.989999771118164,22.094999313354492,15.788924217224121,99055
2020-11-18,22.200000762939453,22.309999465942383,22.0,22.1299991607666,15.813935279846191,358023
2020-11-19,22.0,22.280000686645508,21.899999618530273,22.280000686645508,15.921125411987305,7812
2020-11-20,22.65999984741211,22.690000534057617,22.1200008392334,22.21649932861328,15.875748634338379,3472
2020-11-23,22.34000015258789,22.75,22.170000076293945,22.75,16.256980895996094,15824
2020-11-24,22.850000381469727,22.969999313354492,22.79800033569336,22.850000381469727,16.328445434570312,19516
2020-11-25,22.850000381469727,22.880300521850586,22.20199966430664,22.290000915527344,15.92827033996582,21887
2020-11-27,22.280000686645508,22.68000030517578,22.280000686645508,22.68000030517578,16.20696258544922,2322
2020-11-30,22.600000381469727,22.959999084472656,22.559999465942383,22.959999084472656,16.407047271728516,4012
2020-12-01,22.959999084472656,23.489999771118164,22.90999984741211,23.469999313354492,16.771488189697266,17609
2020-12-02,23.3799991607666,24.0,23.3799991607666,23.989999771118164,17.14307975769043,18125
2020-12-03,23.729999542236328,23.790000915527344,23.4325008392334,23.5,17.138992309570312,8762
2020-12-04,23.299999237060547,23.549999237060547,23.25,23.489999771118164,17.13170051574707,80013
2020-12-07,23.3799991607666,23.40999984741211,23.200000762939453,23.2450008392334,16.953020095825195,14776
2020-12-08,23.399999618530273,23.459999084472656,23.290000915527344,23.375,17.047828674316406,5850
2020-12-09,23.366199493408203,23.3700008392334,23.09000015258789,23.25,16.9566650390625,5863
2020-12-10,23.25,23.36079978942871,23.25,23.290000915527344,16.98583984375,6213
2020-12-11,23.34000015258789,23.34000015258789,23.25,23.34000015258789,17.02230453491211,3021
2020-12-14,23.450000762939453,23.450000762939453,23.299999237060547,23.299999237060547,16.99312973022461,2573
2020-12-15,23.527999877929688,23.700000762939453,23.520000457763672,23.639999389648438,17.241098403930664,5178
2020-12-16,23.520000457763672,23.65999984741211,23.450000762939453,23.65999984741211,17.25568389892578,2641
2020-12-17,23.36949920654297,23.75,23.299999237060547,23.690000534057617,17.277563095092773,3946
2020-12-18,23.649999618530273,23.729999542236328,23.600099563598633,23.719999313354492,17.299442291259766,5560
2020-12-21,23.600000381469727,23.699899673461914,23.43000030517578,23.699899673461914,17.2847843170166,7557
2020-12-22,23.59000015258789,23.600000381469727,23.299999237060547,23.300399780273438,16.993423461914062,2574
2020-12-23,23.350000381469727,23.450000762939453,23.299999237060547,23.450000762939453,17.10253143310547,3640
2020-12-24,23.43000030517578,23.6200008392334,23.43000030517578,23.6200008392334,17.22651481628418,1610
2020-12-28,24.0,24.0,23.639999389648438,23.860000610351562,17.40155029296875,5018
2020-12-29,23.799999237060547,23.93000030517578,23.790000915527344,23.899999618530273,17.430723190307617,4188
2020-12-30,23.88089942932129,24.0,23.603300094604492,23.920000076293945,17.4453067779541,7685
2020-12-31,23.999900817871094,24.34000015258789,23.999900817871094,24.34000015258789,17.75162124633789,8080
2021-01-04,23.9197998046875,23.920000076293945,23.780000686645508,23.920000076293945,17.4453067779541,1480
2021-01-05,23.78499984741211,23.93000030517578,23.78499984741211,23.820100784301758,17.372451782226562,1026
2021-01-06,23.59000015258789,23.670000076293945,23.549999237060547,23.670000076293945,17.262981414794922,2887
2021-01-07,23.709999084472656,23.709999084472656,23.5,23.6299991607666,17.233802795410156,2827
2021-01-08,23.700000762939453,23.700000762939453,23.309999465942383,23.399999618530273,17.066062927246094,7665
2021-01-11,23.3799991607666,23.450000762939453,23.219999313354492,23.450000762939453,17.10253143310547,6830
2021-01-12,23.3700008392334,23.49920082092285,23.3700008392334,23.420000076293945,17.080646514892578,6103
2021-01-13,23.45039939880371,23.709999084472656,23.420000076293945,23.549999237060547,17.175460815429688,9010
2021-01-14,23.673599243164062,24.0,23.673599243164062,23.93000030517578,17.452604293823242,32796
2021-01-15,24.399999618530273,24.399999618530273,23.8700008392334,23.899999618530273,17.430723190307617,3723
2021-01-19,23.979999542236328,24.0,23.690000534057617,23.690000534057617,17.277563095092773,53333
2021-01-20,23.6200008392334,23.809099197387695,23.5,23.68000030517578,17.2702693939209,9566
2021-01-21,23.729999542236328,23.799999237060547,23.700000762939453,23.780000686645508,17.343204498291016,5065
2021-01-22,23.530000686645508,23.780000686645508,23.530000686645508,23.670000076293945,17.262981414794922,4690
2021-01-25,23.75,23.799999237060547,23.719999313354492,23.799999237060547,17.3577880859375,15688
2021-01-26,23.969999313354492,24.183700561523438,23.83009910583496,24.079999923706055,17.561994552612305,53145
2021-01-27,24.530000686645508,24.530000686645508,23.56999969482422,23.56999969482422,17.19004249572754,7124
2021-01-28,23.6299991607666,24.510000228881836,23.56999969482422,24.190000534057617,17.642223358154297,17745
2021-01-29,24.18000030517578,24.309999465942383,23.889999389648438,24.209999084472656,17.65680694580078,14309
2021-02-01,24.22640037536621,24.989999771118164,23.950000762939453,23.950000762939453,17.467187881469727,3253
2021-02-02,24.200000762939453,24.389999389648438,24.049999237060547,24.31999969482422,17.737037658691406,22449
2021-02-03,24.389999389648438,24.47170066833496,24.200000762939453,24.290000915527344,17.715158462524414,14760
2021-02-04,24.32200050354004,24.607999801635742,24.260000228881836,24.260000228881836,17.69327735900879,19094
2021-02-05,24.440000534057617,24.549999237060547,24.40999984741211,24.43000030517578,17.8172607421875,4379
2021-02-08,24.690000534057617,24.690000534057617,24.36440086364746,24.579999923706055,17.926654815673828,8479
2021-02-09,24.579999923706055,24.59000015258789,24.350000381469727,24.350000381469727,17.758913040161133,7067
2021-02-10,24.40999984741211,24.420000076293945,24.270099639892578,24.309999465942383,17.7297420501709,3558
2021-02-11,24.5,24.547800064086914,24.420000076293945,24.450000762939453,17.83184814453125,13762
2021-02-12,24.40999984741211,24.5,24.30500030517578,24.31999969482422,17.737037658691406,2717
2021-02-16,24.329999923706055,24.5,24.260000228881836,24.309999465942383,17.7297420501709,21722
2021-02-17,24.049999237060547,24.549999237060547,24.049999237060547,24.520000457763672,17.882902145385742,12150
2021-02-18,24.5,24.520000457763672,24.299999237060547,24.350000381469727,17.758913040161133,83401
2021-02-19,24.229999542236328,24.34000015258789,24.229999542236328,24.260000228881836,17.69327735900879,395298
2021-02-22,24.26729965209961,24.335500717163086,24.209999084472656,24.25,17.68598175048828,19778
2021-02-23,24.25,24.290000915527344,24.1200008392334,24.219999313354492,17.664104461669922,6793
2021-02-24,24.139999389648438,24.34000015258789,24.118600845336914,24.299999237060547,17.722448348999023,9578
2021-02-25,24.200000762939453,24.209999084472656,24.0,24.117599487304688,17.58942413330078,9046
2021-02-26,24.030000686645508,24.299999237060547,23.959999084472656,24.299999237060547,17.722448348999023,11010
2021-03-01,24.600000381469727,24.600000381469727,24.34000015258789,24.399999618530273,17.795379638671875,3096
2021-03-02,24.399999618530273,24.5,24.370100021362305,24.499900817871094,17.868242263793945,18764
2021-03-03,24.639999389648438,24.860000610351562,24.100000381469727,24.299999237060547,17.722448348999023,50261
2021-03-04,23.850000381469727,23.920000076293945,23.709999084472656,23.770000457763672,17.688514709472656,5539
2021-03-05,23.850000381469727,23.850000381469727,23.309999465942383,23.459999084472656,17.457826614379883,25662
2021-03-08,23.799999237060547,23.799999237060547,23.510000228881836,23.549999237060547,17.524799346923828,3701
2021-03-09,23.540000915527344,23.54990005493164,23.139999389648438,23.31999969482422,17.353649139404297,9041
2021-03-10,23.549999237060547,23.549999237060547,23.3799991607666,23.3799991607666,17.398292541503906,27663
2021-03-11,23.35890007019043,23.549999237060547,23.270000457763672,23.5049991607666,17.49131202697754,8832
2021-03-12,23.670000076293945,23.689899444580078,23.309999465942383,23.670000076293945,17.614103317260742,15022
2021-03-15,23.500099182128906,23.600000381469727,23.448299407958984,23.515600204467773,17.499204635620117,15102
2021-03-16,23.6299991607666,23.929899215698242,23.61009979248047,23.929899215698242,17.807506561279297,26095
2021-03-17,23.770000457763672,23.940000534057617,23.770000457763672,23.889999389648438,17.777814865112305,3718
2021-03-18,23.989999771118164,24.059999465942383,23.79800033569336,24.059999465942383,17.904319763183594,56190
2021-03-19,24.05030059814453,24.149999618530273,24.0,24.149999618530273,17.97129249572754,3667
2021-03-22,24.1697998046875,24.1697998046875,24.01609992980957,24.040000915527344,17.88943862915039,1677
2021-03-23,24.100000381469727,24.1200008392334,24.049999237060547,24.079999923706055,17.919198989868164,3702
2021-03-24,24.149999618530273,24.200000762939453,24.06209945678711,24.1299991607666,17.956409454345703,29847
2021-03-25,24.059999465942383,24.200000762939453,24.049999237060547,24.08370018005371,17.921958923339844,996
2021-03-26,23.983699798583984,24.135000228881836,23.910999298095703,24.100000381469727,17.9340877532959,6792
2021-03-29,24.299999237060547,24.299999237060547,24.056100845336914,24.239999771118164,18.038270950317383,9761
2021-03-30,24.339799880981445,24.40999984741211,24.25,24.260000228881836,18.053150177001953,18590
2021-03-31,24.59000015258789,24.639999389648438,24.260000228881836,24.540000915527344,18.26151466369629,17133
2021-04-01,24.84000015258789,24.84000015258789,24.530000686645508,24.739999771118164,18.410341262817383,8383
2021-04-05,24.809999465942383,24.850000381469727,24.674999237060547,24.829999923706055,18.477319717407227,17699
2021-04-06,24.899999618530273,24.899999618530273,24.700000762939453,24.815000534057617,18.466154098510742,16450
2021-04-07,24.854999542236328,24.950000762939453,24.84000015258789,24.90999984741211,18.536849975585938,18962
2021-04-08,24.825000762939453,24.880800247192383,24.799999237060547,24.8799991607666,18.514524459838867,7345
2021-04-09,24.719999313354492,24.905000686645508,24.639999389648438,24.790000915527344,18.447551727294922,10630
2021-04-12,24.760000228881836,24.798900604248047,24.670000076293945,24.68000030517578,18.365692138671875,3375
2021-04-13,24.709999084472656,24.709999084472656,24.549999237060547,24.68000030517578,18.365692138671875,3262
2021-04-14,24.66469955444336,24.799999237060547,24.629499435424805,24.799999237060547,18.45499038696289,33155
2021-04-15,24.77389907836914,24.77389907836914,24.6200008392334,24.719999313354492,18.39546012878418,42956
2021-04-16,24.600000381469727,24.790000915527344,24.540000915527344,24.790000915527344,18.447551727294922,9240
2021-04-19,24.43000030517578,24.43000030517578,24.42300033569336,24.43000030517578,18.179656982421875,1747
2021-04-20,24.530000686645508,24.549999237060547,24.530000686645508,24.549999237060547,18.268957138061523,1373
2021-04-21,24.399999618530273,24.632200241088867,24.399999618530273,24.539199829101562,18.26091766357422,4968
2021-04-22,24.469999313354492,24.649999618530273,24.469999313354492,24.649999618530273,18.34337043762207,1323
2021-04-23,24.600000381469727,24.649999618530273,24.44849967956543,24.59000015258789,18.298723220825195,5616
2021-04-26,24.639999389648438,24.799999237060547,24.639999389648438,24.700000762939453,18.380578994750977,5966
2021-04-27,24.760000228881836,24.799999237060547,24.700000762939453,24.729999542236328,18.402902603149414,7565
2021-04-28,24.75,24.799999237060547,24.729999542236328,24.799999237060547,18.45499038696289,9928
2021-04-29,24.799999237060547,24.799999237060547,24.700000762939453,24.799999237060547,18.45499038696289,5237
2021-04-30,24.770299911499023,24.770299911499023,24.0,24.68000030517578,18.365692138671875,30101
2021-05-03,24.56999969482422,24.709999084472656,24.56999969482422,24.709999084472656,18.388019561767578,1596
2021-05-04,24.719999313354492,24.790000915527344,24.719999313354492,24.770000457763672,18.432668685913086,4950
2021-05-05,24.68000030517578,24.75,24.670000076293945,24.75,18.417787551879883,10556
2021-05-06,24.700000762939453,24.790000915527344,24.510000228881836,24.67639923095703,18.36301612854004,13656
2021-05-07,24.520000457763672,24.81999969482422,24.520000457763672,24.81999969482422,18.469877243041992,11739
2021-05-10,24.73780059814453,24.820600509643555,24.6299991607666,24.809999465942383,18.462432861328125,6666
2021-05-11,24.700000762939453,24.770000457763672,24.700000762939453,24.770000457763672,18.432668685913086,11344
2021-05-12,24.579999923706055,24.700000762939453,24.5,24.5,18.231748580932617,15158
2021-05-13,24.739900588989258,24.739900588989258,24.5,24.559999465942383,18.276397705078125,21283
2021-05-14,24.56100082397461,24.729999542236328,24.56100082397461,24.729999542236328,18.402902603149414,3259
2021-05-17,24.739999771118164,24.850000381469727,24.739999771118164,24.799999237060547,18.45499038696289,18266
2021-05-18,24.799999237060547,24.850000381469727,24.741100311279297,24.829999923706055,18.477319717407227,40688
2021-05-19,24.809999465942383,24.891000747680664,24.770000457763672,24.809999465942383,18.462432861328125,45688
2021-05-20,24.88409996032715,24.973899841308594,24.850000381469727,24.850099563598633,18.49227523803711,2499
2021-05-21,24.888099670410156,24.989999771118164,24.760000228881836,24.889999389648438,18.52196502685547,27111
2021-05-24,24.887300491333008,24.920000076293945,24.809999465942383,24.850000381469727,18.492202758789062,18288
2021-05-25,24.860000610351562,24.8799991607666,24.704999923706055,24.799999237060547,18.45499038696289,6937
2021-05-26,24.8799991607666,24.9591007232666,24.750999450683594,24.9591007232666,18.573389053344727,11565
2021-05-27,24.959999084472656,25.18000030517578,24.89349937438965,25.049999237060547,18.64103126525879,33662
2021-05-28,25.040000915527344,25.200000762939453,24.950000762939453,25.200000762939453,18.752656936645508,31464
2021-06-01,25.149999618530273,25.149999618530273,24.93000030517578,25.100000381469727,18.678241729736328,24270
2021-06-02,25.079999923706055,25.2549991607666,25.079999923706055,25.239999771118164,18.782419204711914,65296
2021-06-03,24.760000228881836,24.899999618530273,24.690000534057617,24.850000381469727,18.854042053222656,16407
2021-06-04,24.89299964904785,24.989999771118164,24.810100555419922,24.969999313354492,18.945087432861328,4204
2021-06-07,24.969999313354492,24.989999771118164,24.889999389648438,24.989999771118164,18.960262298583984,4666
2021-06-08,24.8799991607666,25.0,24.8799991607666,24.938899993896484,18.921491622924805,6723
2021-06-09,25.049999237060547,25.059999465942383,24.91010093688965,24.950000762939453,18.929912567138672,12399
2021-06-10,24.950000762939453,25.079999923706055,24.950000762939453,24.950000762939453,18.929912567138672,40436
2021-06-11,24.8799991607666,25.033100128173828,24.8799991607666,24.999500274658203,18.967470169067383,5252
2021-06-14,25.0,25.059999465942383,24.860000610351562,25.059999465942383,19.01337242126465,14715
2021-06-15,24.979999542236328,25.011600494384766,24.93269920349121,24.969999313354492,18.945087432861328,7383
2021-06-16,24.985599517822266,25.0,24.913999557495117,24.920000076293945,18.907150268554688,25223
2021-06-17,25.054399490356445,25.054399490356445,24.899999618530273,24.975000381469727,18.94887924194336,31763
2021-06-18,24.9950008392334,25.010000228881836,24.931699752807617,24.975000381469727,18.94887924194336,10976
2021-06-21,24.979999542236328,24.979999542236328,24.700000762939453,24.899999618530273,18.891979217529297,33662
2021-06-22,24.920000076293945,25.0049991607666,24.889999389648438,24.934999465942383,18.918533325195312,31679
2021-06-23,24.940000534057617,25.0,24.940000534057617,24.969999313354492,18.945087432861328,39086
2021-06-24,25.079999923706055,25.079999923706055,24.950000762939453,24.959999084472656,18.9375,16200
2021-06-25,24.940000534057617,25.0,24.909000396728516,24.985000610351562,18.956470489501953,14511
2021-06-28,24.989999771118164,25.049999237060547,24.860000610351562,24.954999923706055,18.933706283569336,26009
2021-06-29,24.94930076599121,25.0,24.915000915527344,24.969999313354492,18.945087432861328,28070
2021-06-30,25.0,25.06999969482422,25.0,25.049999237060547,19.00578498840332,28582
2021-07-01,25.020000457763672,25.049999237060547,24.950000762939453,25.0,18.967851638793945,25850
2021-07-02,25.059999465942383,25.100000381469727,25.0,25.0,18.967851638793945,10473
2021-07-06,25.0,25.100000381469727,24.920000076293945,24.950000762939453,18.929912567138672,36675
2021-07-07,25.18000030517578,25.18000030517578,24.910600662231445,24.930099487304688,18.91481590270996,10571
2021-07-08,24.93000030517578,25.0,24.93000030517578,24.940000534057617,18.92232894897461,108088
2021-07-09,25.0,25.14150047302246,24.9507999420166,24.989999771118164,18.960262298583984,7711
2021-07-12,25.1200008392334,25.1200008392334,25.0,25.0,18.967851638793945,4277
2021-07-13,25.0,25.0,24.8799991607666,25.0,18.967851638793945,12908
2021-07-14,24.889999389648438,24.979999542236328,24.8799991607666,24.954999923706055,18.933706283569336,9910
2021-07-15,25.0,25.029399871826172,24.969999313354492,25.0,18.967851638793945,6523
2021-07-16,25.059999465942383,25.059999465942383,24.940000534057617,24.989999771118164,18.960262298583984,14450
2021-07-19,24.947399139404297,25.25,24.940000534057617,25.0,18.967851638793945,79605
2021-07-20,25.0137996673584,25.030000686645508,24.979999542236328,24.979999542236328,18.952674865722656,2436
2021-07-21,25.100000381469727,25.100000381469727,24.940000534057617,24.999900817871094,18.967771530151367,9114
2021-07-22,24.940000534057617,25.0408992767334,24.940000534057617,25.0,18.967851638793945,7689
2021-07-23,25.013399124145508,25.049999237060547,25.0,25.0,18.967851638793945,6596
2021-07-26,25.14780044555664,25.14780044555664,24.98270034790039,25.010000228881836,18.97543716430664,13260
2021-07-27,25.0,25.179899215698242,24.979999542236328,25.079999923706055,19.028547286987305,48651
2021-07-28,25.0,25.049999237060547,25.0,25.020000457763672,18.983022689819336,5405
2021-07-29,25.1200008392334,25.1200008392334,25.0,25.0,18.967851638793945,12544
2021-07-30,25.059999465942383,25.100000381469727,24.96739959716797,24.969999313354492,18.945087432861328,17205
2021-08-02,24.952199935913086,25.105199813842773,24.952199935913086,25.010000228881836,18.97543716430664,15300
2021-08-03,25.010000228881836,25.030000686645508,24.940000534057617,24.981199264526367,18.953584671020508,18086
2021-08-04,25.0,25.020000457763672,24.959999084472656,25.020000457763672,18.983022689819336,13338
2021-08-05,25.049999237060547,25.125699996948242,24.95199966430664,25.040000915527344,18.998201370239258,25199
2021-08-06,25.100000381469727,25.1200008392334,24.940000534057617,25.030000686645508,18.990612030029297,13386
2021-08-09,25.110000610351562,25.1299991607666,24.969999313354492,24.979999542236328,18.952674865722656,51749
2021-08-10,24.969999313354492,25.135000228881836,24.940000534057617,25.09000015258789,19.036136627197266,76991
2021-08-11,25.0,25.100000381469727,24.899999618530273,24.979999542236328,18.952674865722656,12788
2021-08-12,25.0,25.09000015258789,24.99329948425293,25.09000015258789,19.036136627197266,16418
2021-08-13,25.0,25.219999313354492,25.0,25.219999313354492,19.134767532348633,20981
2021-08-16,25.290000915527344,25.290000915527344,25.0,25.020000457763672,18.983022689819336,43717
2021-08-17,25.0,25.142900466918945,24.969999313354492,25.049999237060547,19.00578498840332,8964
2021-08-18,24.989999771118164,25.010000228881836,24.899999618530273,24.989999771118164,18.960262298583984,24753
2021-08-19,24.989999771118164,25.080400466918945,24.829999923706055,24.979999542236328,18.952674865722656,23508
2021-08-20,24.981700897216797,25.149999618530273,24.981700897216797,25.1200008392334,19.05889892578125,5354
2021-08-23,25.15999984741211,25.170000076293945,25.084999084472656,25.084999084472656,19.032339096069336,4333
2021-08-24,25.149999618530273,25.290000915527344,25.114999771118164,25.235000610351562,19.146148681640625,4796
2021-08-25,25.239999771118164,25.350000381469727,25.190000534057617,25.190000534057617,19.11200523376465,7902
2021-08-26,25.219999313354492,25.299999237060547,25.219999313354492,25.299999237060547,19.195465087890625,1433
2021-08-27,25.262500762939453,25.350000381469727,25.200000762939453,25.350000381469727,19.233402252197266,11399
2021-08-30,25.349599838256836,25.459999084472656,25.209999084472656,25.459999084472656,19.316858291625977,6998
2021-08-31,25.540000915527344,25.56999969482422,25.469999313354492,25.56999969482422,19.40031623840332,15483
2021-09-01,25.42460060119629,25.780000686645508,25.42460060119629,25.770000457763672,19.552061080932617,9241
2021-09-02,25.479999542236328,25.700000762939453,25.225000381469727,25.700000762939453,19.872495651245117,5337
2021-09-03,25.299999237060547,25.959999084472656,25.299999237060547,25.940000534057617,20.058074951171875,19538
2021-09-07,25.899999618530273,25.899999618530273,25.700000762939453,25.732999801635742,19.89801025390625,3114
2021-09-08,25.540000915527344,25.690000534057617,25.4325008392334,25.506799697875977,19.723100662231445,2865
2021-09-09,25.62190055847168,25.639999389648438,25.599000930786133,25.639999389648438,19.82609748840332,1410
2021-09-10,26.0,26.024999618530273,25.790000915527344,25.950000762939453,20.065807342529297,10495
2021-09-13,25.927600860595703,25.950000762939453,25.844999313354492,25.899999618530273,20.027145385742188,1752
2021-09-14,25.79680061340332,25.899999618530273,25.6200008392334,25.899999618530273,20.027145385742188,1680
2021-09-15,25.82349967956543,25.82349967956543,25.82349967956543,25.82349967956543,19.967985153198242,492
2021-09-16,25.78499984741211,26.0049991607666,25.639999389648438,25.899999618530273,20.027145385742188,11742
2021-09-17,25.709999084472656,25.925899505615234,25.709999084472656,25.859899520874023,19.996135711669922,2847
2021-09-20,25.739999771118164,25.8971004486084,25.726499557495117,25.809999465942383,19.957551956176758,3236
2021-09-21,25.899999618530273,25.90999984741211,25.600000381469727,25.600000381469727,19.795167922973633,11347
2021-09-22,25.709999084472656,25.84000015258789,25.520000457763672,25.68000030517578,19.85702896118164,13329
2021-09-23,25.760000228881836,25.760000228881836,25.54010009765625,25.549999237060547,19.75650405883789,2304
2021-09-24,25.639999389648438,25.729999542236328,25.530000686645508,25.530000686645508,19.741039276123047,2367
2021-09-27,25.65999984741211,25.65999984741211,25.520000457763672,25.56839942932129,19.770732879638672,7714
2021-09-28,25.56999969482422,25.56999969482422,25.145000457763672,25.360000610351562,19.609588623046875,21508
2021-09-29,25.3799991607666,25.52680015563965,25.3799991607666,25.450000762939453,19.679180145263672,7297
2021-09-30,25.46500015258789,25.5,25.31999969482422,25.5,19.71784210205078,11037
2021-10-01,25.5,25.510000228881836,25.360000610351562,25.459999084472656,19.68691062927246,11083
2021-10-04,25.31999969482422,25.450000762939453,25.299999237060547,25.299999237060547,19.56319236755371,4265
2021-10-05,25.680200576782227,25.680200576782227,25.299999237060547,25.299999237060547,19.56319236755371,3534
2021-10-06,25.450000762939453,25.450000762939453,25.35890007019043,25.375,19.621187210083008,3412
2021-10-07,25.299999237060547,25.65489959716797,25.299999237060547,25.420000076293945,19.655982971191406,13244
2021-10-08,25.549999237060547,25.549999237060547,25.34000015258789,25.469999313354492,19.694644927978516,6175
2021-10-11,25.469999313354492,25.469999313354492,25.3700008392334,25.459999084472656,19.68691062927246,4932
2021-10-12,25.57390022277832,25.57390022277832,25.469999313354492,25.475000381469727,19.698511123657227,5557
2021-10-13,25.594999313354492,25.6200008392334,25.309999465942383,25.309999465942383,19.570924758911133,8073
2021-10-14,25.450000762939453,25.450000762939453,25.299999237060547,25.450000762939453,19.679180145263672,6714
2021-10-15,25.450000762939453,25.450000762939453,25.200000762939453,25.200000762939453,19.485872268676758,21879
2021-10-18,25.200000762939453,25.466899871826172,25.200000762939453,25.27090072631836,19.540691375732422,2544
2021-10-19,25.6200008392334,25.6200008392334,25.19409942626953,25.395000457763672,19.63665199279785,5378
2021-10-20,25.485000610351562,25.700000762939453,25.290000915527344,25.450000762939453,19.679180145263672,15048
2021-10-21,25.448699951171875,25.448699951171875,25.219999313354492,25.3799991607666,19.625051498413086,5826
2021-10-22,25.420000076293945,25.450000762939453,25.329999923706055,25.399999618530273,19.640518188476562,3358
2021-10-25,25.399999618530273,25.450000762939453,25.26099967956543,25.34000015258789,19.594125747680664,3897
2021-10-26,25.354999542236328,25.354999542236328,25.270099639892578,25.271799087524414,19.541385650634766,1604
2021-10-27,25.44930076599121,25.44930076599121,25.385400772094727,25.399999618530273,19.640518188476562,7610
2021-10-28,25.36400032043457,25.401199340820312,25.360000610351562,25.389999389648438,19.632783889770508,5070
2021-10-29,25.375,25.450000762939453,25.375,25.450000762939453,19.679180145263672,5594
2021-11-01,25.450000762939453,25.450000762939453,25.3799991607666,25.399999618530273,19.640518188476562,6021
2021-11-02,25.34000015258789,25.399999618530273,25.100000381469727,25.180999755859375,19.471176147460938,14755
2021-11-03,25.350000381469727,25.399999618530273,25.200000762939453,25.200000762939453,19.485872268676758,8882
2021-11-04,25.389999389648438,25.449899673461914,25.290000915527344,25.290000915527344,19.555463790893555,7666
2021-11-05,25.399999618530273,25.44540023803711,25.299999237060547,25.299999237060547,19.56319236755371,7928
2021-11-08,25.399999618530273,25.399999618530273,25.375,25.389999389648438,19.632783889770508,5818
2021-11-09,25.420000076293945,25.420000076293945,25.334999084472656,25.360000610351562,19.609588623046875,7860
2021-11-10,25.402599334716797,25.402599334716797,25.263599395751953,25.315000534057617,19.574792861938477,3618
2021-11-11,25.360000610351562,25.3700008392334,25.209999084472656,25.209999084472656,19.493600845336914,8511
2021-11-12,25.34000015258789,25.399900436401367,25.260000228881836,25.260000228881836,19.53226661682129,7328
2021-11-15,25.201000213623047,25.280000686645508,25.150999069213867,25.280000686645508,19.547731399536133,7453
2021-11-16,25.25,25.35759925842285,25.25,25.30500030517578,19.56706428527832,3383
2021-11-17,25.344999313354492,25.346099853515625,25.200000762939453,25.229999542236328,19.509065628051758,9637
2021-11-18,25.25,25.25,25.200000762939453,25.225500106811523,19.505586624145508,1563
2021-11-19,25.31999969482422,25.436199188232422,25.299999237060547,25.299999237060547,19.56319236755371,5875
2021-11-22,25.270000457763672,25.350000381469727,25.270000457763672,25.290000915527344,19.555463790893555,10667
2021-11-23,25.299999237060547,25.308500289916992,25.295000076293945,25.299999237060547,19.56319236755371,2865
2021-11-24,25.25,25.299999237060547,25.25,25.290000915527344,19.555463790893555,4755
2021-11-26,25.25,25.25,25.200000762939453,25.239999771118164,19.516799926757812,12698
2021-11-29,25.197500228881836,25.34440040588379,25.093000411987305,25.2362003326416,19.51386260986328,14021
2021-11-30,25.200000762939453,25.25,25.09000015258789,25.09000015258789,19.400814056396484,28110
2021-12-01,25.209999084472656,25.40999984741211,25.200000762939453,25.299999237060547,19.56319236755371,16138
2021-12-02,24.850000381469727,25.100000381469727,24.700000762939453,24.975000381469727,19.688854217529297,10856
2021-12-03,25.0,25.07900047302246,24.920000076293945,24.960599899291992,19.67750358581543,6912
2021-12-06,24.951000213623047,25.002300262451172,24.639999389648438,24.690000534057617,19.46417999267578,15325
2021-12-07,24.799999237060547,25.0,24.799999237060547,25.0,19.70856475830078,9963
2021-12-08,25.040000915527344,25.040000915527344,24.924800872802734,24.969999313354492,19.68491554260254,7841
2021-12-09,24.927799224853516,24.999000549316406,24.899999618530273,24.989999771118164,19.700679779052734,3184
2021-12-10,24.970500946044922,24.98859977722168,24.760099411010742,24.969999313354492,19.68491554260254,6010
2021-12-13,24.969999313354492,24.99340057373047,24.717899322509766,24.799999237060547,19.55089569091797,20822
2021-12-14,24.80500030517578,24.829999923706055,24.704999923706055,24.729999542236328,19.495712280273438,9967
2021-12-15,24.75,24.850000381469727,24.650100708007812,24.850000381469727,19.590314865112305,6056
2021-12-16,24.849899291992188,24.850000381469727,24.640499114990234,24.850000381469727,19.590314865112305,13291
2021-12-17,24.799999237060547,24.999900817871094,24.799999237060547,24.969999313354492,19.68491554260254,3615
2021-12-20,24.959999084472656,25.0,24.649999618530273,24.649999618530273,19.43264389038086,10622
2021-12-21,24.850000381469727,24.850000381469727,24.649999618530273,24.75,19.5114803314209,8030
2021-12-22,24.709999084472656,24.75,24.709999084472656,24.75,19.5114803314209,1586
2021-12-23,24.75,24.75,24.510000228881836,24.540000915527344,19.345928192138672,28141
2021-12-27,24.700000762939453,24.75,24.674999237060547,24.75,19.5114803314209,12850
2021-12-28,24.670000076293945,24.989999771118164,24.540000915527344,24.979999542236328,19.692798614501953,22623
2021-12-29,24.889999389648438,25.0,24.649999618530273,25.0,19.70856475830078,26167
2021-12-30,25.0,25.039899826049805,24.829999923706055,25.039899826049805,19.740020751953125,8506
2021-12-31,24.999900817871094,25.0,24.639999389648438,24.639999389648438,19.424762725830078,18354
2022-01-03,24.899099349975586,24.899099349975586,24.680099487304688,24.815000534057617,19.562719345092773,7988
2022-01-04,24.825000762939453,24.91990089416504,24.780000686645508,24.860000610351562,19.59819793701172,10251
2022-01-05,24.93000030517578,25.049999237060547,24.844999313354492,24.989999771118164,19.700679779052734,26862
2022-01-06,25.020000457763672,25.030000686645508,24.871000289916992,25.020000457763672,19.72433090209961,12129
2022-01-07,24.959999084472656,25.040000915527344,24.95599937438965,25.040000915527344,19.740100860595703,9838
2022-01-10,24.950000762939453,25.049999237060547,24.950000762939453,25.049999237060547,19.74798011779785,13905
2022-01-11,25.010000228881836,25.25,25.010000228881836,25.149999618530273,19.826814651489258,3672
2022-01-12,25.075000762939453,25.17449951171875,25.049999237060547,25.17449951171875,19.846132278442383,9635
2022-01-13,25.100000381469727,25.34000015258789,25.100000381469727,25.25,19.905654907226562,16535
2022-01-14,25.151100158691406,25.25,25.151100158691406,25.25,19.905654907226562,5022
2022-01-18,25.200000762939453,25.25,25.0,25.09000015258789,19.779518127441406,11257
2022-01-19,25.18160057067871,25.25,25.1299991607666,25.25,19.905654907226562,9196
2022-01-20,25.15999984741211,25.25,25.1200008392334,25.1200008392334,19.80316734313965,12933
2022-01-21,25.149999618530273,25.165000915527344,24.75,24.770000457763672,19.527246475219727,32806
2022-01-24,24.690000534057617,24.899999618530273,24.459999084472656,24.739999771118164,19.50359535217285,33766
2022-01-25,24.700000762939453,24.780000686645508,24.670000076293945,24.75,19.5114803314209,7201
2022-01-26,24.799999237060547,24.93000030517578,24.61009979248047,24.709999084472656,19.479944229125977,15012
2022-01-27,24.73590087890625,24.770000457763672,24.44499969482422,24.56999969482422,19.369577407836914,6493
2022-01-28,24.55500030517578,24.81999969482422,24.41309928894043,24.81999969482422,19.566661834716797,20492
2022-01-31,24.78499984741211,24.78499984741211,24.290000915527344,24.31999969482422,19.172494888305664,16015
2022-02-01,24.40999984741211,24.799999237060547,24.317800521850586,24.331899642944336,19.181873321533203,3927
2022-02-02,24.209999084472656,24.889999389648438,24.1200008392334,24.889999389648438,19.621845245361328,5626
2022-02-03,24.350000381469727,24.454999923706055,24.250099182128906,24.399999618530273,19.235559463500977,9380
2022-02-04,24.399999618530273,24.559999465942383,24.059999465942383,24.559999465942383,19.3616943359375,18529
2022-02-07,24.649999618530273,24.649999618530273,24.1299991607666,24.649999618530273,19.43264389038086,4410
2022-02-08,24.734699249267578,24.899999618530273,24.670000076293945,24.899999618530273,19.629732131958008,10015
2022-02-09,25.020000457763672,25.020000457763672,24.60650062561035,24.790000915527344,19.543014526367188,12393
2022-02-10,24.863800048828125,24.979999542236328,24.61009979248047,24.979999542236328,19.692798614501953,6348
2022-02-11,24.795000076293945,24.86549949645996,24.639999389648438,24.799999237060547,19.55089569091797,6462
2022-02-14,24.860000610351562,24.860000610351562,24.19379997253418,24.200000762939453,19.077892303466797,16011
2022-02-15,24.049999237060547,24.208799362182617,24.010000228881836,24.149999618530273,19.03847312927246,18134
2022-02-16,24.200000762939453,24.204999923706055,24.010099411010742,24.139999389648438,19.030588150024414,5411
2022-02-17,24.309999465942383,24.8843994140625,23.899999618530273,23.899999618530273,18.84139060974121,14471
2022-02-18,24.0,24.09000015258789,23.540300369262695,23.56999969482422,18.581235885620117,6478
2022-02-22,23.549999237060547,23.559200286865234,22.610000610351562,23.060699462890625,18.179733276367188,17811
2022-02-23,23.229999542236328,23.229999542236328,22.09000015258789,22.459999084472656,17.706174850463867,14775
2022-02-24,22.3700008392334,23.15999984741211,21.30299949645996,23.15999984741211,18.258014678955078,26054
2022-02-25,23.0,24.059999465942383,22.801599502563477,23.43000030517578,18.470869064331055,12428
2022-02-28,23.290000915527344,23.865699768066406,23.110000610351562,23.110000610351562,18.218599319458008,23650
2022-03-01,23.559999465942383,23.559999465942383,23.226900100708008,23.34000015258789,18.39991569519043,6833
2022-03-02,23.679800033569336,23.68000030517578,23.399999618530273,23.649999618530273,18.64430046081543,20739
2022-03-03,23.209999084472656,23.219900131225586,23.0,23.049999237060547,18.55126190185547,5767
2022-03-04,23.04210090637207,23.049999237060547,22.860000610351562,22.8799991607666,18.414443969726562,6877
2022-03-07,22.790000915527344,22.790000915527344,22.36009979248047,22.579999923706055,18.172996520996094,9390
2022-03-08,22.399999618530273,22.489999771118164,21.649999618530273,21.975000381469727,17.68607521057129,12659
2022-03-09,21.981399536132812,23.1299991607666,21.981399536132812,22.237899780273438,17.89766502380371,10657
2022-03-10,22.125,22.125,21.65999984741211,21.959999084472656,17.673999786376953,12817
2022-03-11,21.920000076293945,22.069900512695312,21.66010093688965,21.780000686645508,17.529136657714844,7042
2022-03-14,21.799999237060547,21.799999237060547,20.510000228881836,20.712799072265625,16.67022132873535,27817
2022-03-15,20.520000457763672,21.489999771118164,20.520000457763672,21.200000762939453,17.062334060668945,6697
2022-03-16,21.770000457763672,21.979999542236328,21.25,21.5,17.30378532409668,22715
2022-03-17,21.8700008392334,22.939899444580078,21.81760025024414,22.809999465942383,18.358104705810547,27037
2022-03-18,22.799999237060547,23.280000686645508,22.799999237060547,23.280000686645508,18.736373901367188,7433
2022-03-21,23.950000762939453,23.950000762939453,23.309999465942383,23.520000457763672,18.929534912109375,12177
2022-03-22,23.3700008392334,23.719999313354492,23.200000762939453,23.500099182128906,18.913516998291016,6946
2022-03-23,23.260000228881836,23.40999984741211,23.209999084472656,23.2101993560791,18.68019676208496,2801
2022-03-24,23.440000534057617,23.440000534057617,23.0,23.38909912109375,18.82417869567871,6129
2022-03-25,23.15999984741211,23.409900665283203,23.15999984741211,23.299999237060547,18.752470016479492,16138
2022-03-28,23.530000686645508,23.979999542236328,23.399999618530273,23.899999618530273,19.235368728637695,13067
2022-03-29,24.08989906311035,24.21809959411621,23.950000762939453,24.139999389648438,19.428524017333984,8289
2022-03-30,24.110000610351562,24.25,23.49959945678711,23.81999969482422,19.170982360839844,6371
2022-03-31,23.672300338745117,24.1200008392334,23.65999984741211,23.75,19.114641189575195,4270
2022-04-01,23.709999084472656,24.0,23.709999084472656,23.979999542236328,19.299753189086914,12548
2022-04-04,23.979999542236328,24.273099899291992,23.830400466918945,24.0,19.315847396850586,13982
2022-04-05,24.079999923706055,24.299999237060547,23.874900817871094,23.959999084472656,19.28365707397461,14029
2022-04-06,23.8799991607666,23.899999618530273,23.600000381469727,23.645000457763672,19.03013801574707,10034
2022-04-07,23.579999923706055,23.787200927734375,23.39069938659668,23.540000915527344,18.94563102722168,8919
2022-04-08,23.50629997253418,23.50629997253418,22.75,22.8799991607666,18.414443969726562,19216
2022-04-11,22.700000762939453,22.90999984741211,22.469999313354492,22.709999084472656,18.277624130249023,26851
2022-04-12,23.047700881958008,23.079999923706055,22.710100173950195,22.770000457763672,18.325912475585938,6241
2022-04-13,23.239999771118164,23.239999771118164,22.93269920349121,23.020000457763672,18.52712059020996,7485
2022-04-14,22.90999984741211,23.190000534057617,22.799999237060547,22.950000762939453,18.470783233642578,6678
2022-04-18,22.969999313354492,22.986799240112305,22.700000762939453,22.719499588012695,18.285268783569336,9600
2022-04-19,22.75,22.75,22.020099639892578,22.6299991607666,18.21323585510254,7419
2022-04-20,23.290000915527344,23.290000915527344,22.411800384521484,22.424699783325195,18.048006057739258,7083
2022-04-21,22.450000762939453,22.61549949645996,22.190000534057617,22.239999771118164,17.89935302734375,3122
2022-04-22,21.8799991607666,22.06999969482422,21.645000457763672,22.06999969482422,17.76253318786621,5642
2022-04-25,22.0,22.469900131225586,22.0,22.299999237060547,17.94764518737793,9755
2022-04-26,22.489999771118164,22.520000457763672,22.309999465942383,22.462200164794922,18.07818603515625,6007
2022-04-27,22.350000381469727,22.56599998474121,22.299999237060547,22.56599998474121,18.161727905273438,4753
2022-04-28,22.030000686645508,22.39150047302246,20.100000381469727,21.360000610351562,17.19110679626465,20031
2022-04-29,21.360000610351562,21.45439910888672,20.760000228881836,21.399999618530273,17.22330093383789,47448
2022-05-02,21.25,21.350000381469727,20.899999618530273,21.049999237060547,16.941608428955078,9082
2022-05-03,21.059999465942383,21.25,20.90999984741211,21.1299991607666,17.005998611450195,21506
2022-05-04,21.25,21.527000427246094,21.16550064086914,21.350299835205078,17.183298110961914,19848
2022-05-05,22.0,22.1200008392334,21.407899856567383,21.6200008392334,17.400362014770508,24940
2022-05-06,21.389999389648438,21.993900299072266,21.3700008392334,21.800500869750977,17.545635223388672,10851
2022-05-09,21.399999618530273,21.579999923706055,21.030000686645508,21.1299991607666,17.005998611450195,13701
2022-05-10,20.93000030517578,21.23390007019043,20.501699447631836,20.85420036315918,16.78402328491211,5295
2022-05-11,20.920000076293945,21.34000015258789,19.74370002746582,19.850000381469727,15.975815773010254,22861
2022-05-12,19.25,20.0,18.899999618530273,19.489999771118164,15.686079978942871,65841
2022-05-13,19.850000381469727,20.489900588989258,19.533100128173828,20.25,16.297744750976562,34246
2022-05-16,20.34000015258789,20.34000015258789,19.600000381469727,20.100000381469727,16.177026748657227,29878
2022-05-17,20.196199417114258,20.350000381469727,19.940000534057617,20.229999542236328,16.281652450561523,12069
2022-05-18,19.975000381469727,20.06999969482422,19.75,19.950700759887695,16.056865692138672,13721
2022-05-19,19.81999969482422,21.65999984741211,19.81999969482422,20.204999923706055,16.26152992248535,16986
2022-05-20,20.15999984741211,21.043899536132812,20.149999618530273,20.420000076293945,16.434568405151367,7022
2022-05-23,20.43000030517578,20.75,20.135900497436523,20.649999618530273,16.619678497314453,12828
2022-05-24,20.469999313354492,20.80500030517578,20.350000381469727,20.350000381469727,16.378231048583984,10529
2022-05-25,20.350000381469727,21.56999969482422,20.25,20.459999084472656,16.46676254272461,35932
2022-05-26,20.905000686645508,21.170000076293945,20.700000762939453,20.829999923706055,16.76454734802246,20649
2022-05-27,20.950000762939453,22.121599197387695,20.920000076293945,21.56999969482422,17.36012077331543,20103
2022-05-31,21.719999313354492,22.940000534057617,21.465900421142578,22.34000015258789,17.979839324951172,22633
2022-06-01,22.036500930786133,22.600000381469727,21.99850082397461,22.549999237060547,18.14885139465332,14332
2022-06-02,21.959999084472656,21.969499588012695,21.600000381469727,21.78420066833496,17.917400360107422,4625
2022-06-03,21.79990005493164,21.979999542236328,21.59000015258789,21.8799991607666,17.996196746826172,25245
2022-06-06,21.915300369262695,22.200000762939453,21.915300369262695,22.174999237060547,18.238828659057617,11662
2022-06-07,21.90850067138672,22.489299774169922,21.90850067138672,22.25,18.300518035888672,4198
2022-06-08,22.25,22.597299575805664,21.86009979248047,22.15999984741211,18.22649383544922,7826
2022-06-09,21.860000610351562,22.200000762939453,21.5,22.0,18.09489631652832,7247
2022-06-10,21.860000610351562,22.100000381469727,21.563600540161133,22.100000381469727,18.17714500427246,5891
2022-06-13,21.75,21.799999237060547,21.360000610351562,21.510000228881836,17.691871643066406,120305
2022-06-14,21.68000030517578,21.68000030517578,20.850000381469727,20.8700008392334,17.16547966003418,31529
2022-06-15,20.8799991607666,21.530000686645508,20.496000289916992,21.239999771118164,17.469799041748047,20785
2022-06-16,20.989999771118164,21.05150032043457,20.340099334716797,20.340099334716797,16.729637145996094,17512
2022-06-17,20.437400817871094,21.079999923706055,20.350000381469727,20.65999984741211,16.992752075195312,23405
2022-06-21,20.68120002746582,20.770000457763672,20.309999465942383,20.540000915527344,16.89405059814453,6942
2022-06-22,20.8799991607666,20.950000762939453,20.469999313354492,20.600000381469727,16.943403244018555,8518
2022-06-23,20.84000015258789,20.898500442504883,20.56999969482422,20.56999969482422,16.91872787475586,1710
2022-06-24,20.700000762939453,21.712400436401367,20.594999313354492,21.329999923706055,17.543821334838867,8793
2022-06-27,21.8700008392334,21.920000076293945,21.005599975585938,21.170000076293945,17.41222381591797,12252
2022-06-28,21.52680015563965,21.629899978637695,21.0,21.25,17.478025436401367,5322
2022-06-29,21.0,21.128000259399414,20.75,20.84000015258789,17.14080238342285,4265
2022-06-30,20.84000015258789,21.1299991607666,20.679800033569336,20.90999984741211,17.198373794555664,5932
2022-07-01,21.1299991607666,21.38249969482422,20.809999465942383,21.0,17.272403717041016,3525
2022-07-05,21.184999465942383,21.520000457763672,20.799999237060547,20.989999771118164,17.264175415039062,3549
2022-07-06,20.800100326538086,21.15999984741211,20.40999984741211,20.40999984741211,16.787128448486328,6935
2022-07-07,20.861799240112305,21.351499557495117,20.389999389648438,20.670000076293945,17.000974655151367,5045
2022-07-08,21.0,21.079999923706055,20.649999618530273,21.079999923706055,17.338199615478516,1776
2022-07-11,20.84000015258789,20.950000762939453,20.600299835205078,20.65999984741211,16.992752075195312,3479
2022-07-12,20.829999923706055,21.485300064086914,20.6200008392334,20.770000457763672,17.08322525024414,2305
2022-07-13,21.19930076599121,21.19930076599121,20.719999313354492,20.719999313354492,17.04210090637207,357
2022-07-14,20.5,21.0,20.5,20.729999542236328,17.050329208374023,8013
2022-07-15,21.219999313354492,21.31999969482422,21.219999313354492,21.31999969482422,17.535598754882812,397
2022-07-18,21.242900848388672,21.290000915527344,21.09000015258789,21.09000015258789,17.346424102783203,5582
2022-07-19,21.13249969482422,21.13249969482422,20.547300338745117,20.860000610351562,17.15725326538086,7237
2022-07-20,20.629600524902344,21.06999969482422,20.629600524902344,20.73040008544922,17.050655364990234,7817
2022-07-21,20.700000762939453,20.979999542236328,20.459999084472656,20.858999252319336,17.15642547607422,13699
2022-07-22,20.84000015258789,21.100000381469727,20.809999465942383,20.809999465942383,17.116127014160156,10012
2022-07-25,20.8799991607666,20.90999984741211,20.771299362182617,20.889999389648438,17.181926727294922,1632
2022-07-26,20.709999084472656,20.899900436401367,20.5,20.739999771118164,17.058549880981445,8674
2022-07-27,20.549999237060547,21.052400588989258,20.510000228881836,20.90999984741211,17.198373794555664,7630
2022-07-28,21.0,21.469999313354492,21.0,21.209999084472656,17.44512176513672,6916
2022-07-29,21.5,21.999900817871094,21.5,21.610000610351562,17.774120330810547,7671
2022-08-01,21.989999771118164,22.53969955444336,21.809999465942383,21.93000030517578,18.037321090698242,19192
2022-08-02,21.829999923706055,22.25,21.829999923706055,22.1299991607666,18.201818466186523,8810
2022-08-03,22.149999618530273,22.299999237060547,22.0,22.290000915527344,18.333423614501953,5790
2022-08-04,22.540000915527344,22.889999389648438,22.350000381469727,22.889999389648438,18.826913833618164,12242
2022-08-05,22.639999389648438,22.889999389648438,22.450000762939453,22.690000534057617,18.662418365478516,9877
2022-08-08,22.889999389648438,22.889999389648438,22.499300003051758,22.579999923706055,18.571943283081055,5445
2022-08-09,22.600000381469727,22.850000381469727,22.489999771118164,22.7637996673584,18.72311782836914,5560
2022-08-10,22.940000534057617,23.049999237060547,22.510000228881836,22.68000030517578,18.654190063476562,7023
2022-08-11,23.049999237060547,23.049999237060547,22.450000762939453,22.450000762939453,18.46502113342285,11503
2022-08-12,22.93000030517578,23.016700744628906,22.450000762939453,22.485000610351562,18.493804931640625,6899
2022-08-15,22.75,22.979900360107422,22.479999542236328,22.520000457763672,18.52259063720703,3896
2022-08-16,22.489999771118164,22.489999771118164,21.979999542236328,22.31999969482422,18.358095169067383,13334
2022-08-17,22.31999969482422,22.5,22.010000228881836,22.030000686645508,18.119569778442383,16491
2022-08-18,22.010000228881836,22.489999771118164,21.90999984741211,21.90999984741211,18.0208683013916,11003
2022-08-19,22.18000030517578,22.453899383544922,21.809999465942383,22.110000610351562,18.18536949157715,9212
2022-08-22,22.09000015258789,22.25,21.504100799560547,21.604999542236328,17.770009994506836,11001
2022-08-23,21.600000381469727,21.68280029296875,21.290000915527344,21.420000076293945,17.61785125732422,10045
2022-08-24,21.579999923706055,21.90999984741211,21.459999084472656,21.519899368286133,17.700016021728516,4819
2022-08-25,21.549999237060547,21.763900756835938,21.549999237060547,21.610000610351562,17.774120330810547,3750
2022-08-26,21.780000686645508,21.799999237060547,21.450000762939453,21.454999923706055,17.646635055541992,6782
2022-08-29,21.309999465942383,21.350000381469727,21.18000030517578,21.25,17.478025436401367,6663
2022-08-30,21.06999969482422,21.420000076293945,21.010000228881836,21.200000762939453,17.436899185180664,7681
2022-08-31,21.290000915527344,21.290000915527344,20.139999389648438,20.200000762939453,16.614404678344727,138185
2022-09-01,19.780000686645508,20.059999465942383,19.600000381469727,19.799999237060547,16.68552589416504,29768
2022-09-02,19.899999618530273,20.15060043334961,19.850000381469727,20.049999237060547,16.896203994750977,10257
2022-09-06,20.489999771118164,20.5,20.1200008392334,20.426799774169922,17.213735580444336,73229
2022-09-07,20.56999969482422,20.84000015258789,20.31999969482422,20.31999969482422,17.12373161315918,18949
2022-09-08,20.200000762939453,20.709999084472656,20.200000762939453,20.5,17.275421142578125,12592
2022-09-09,20.579999923706055,21.299999237060547,20.579999923706055,20.809999465942383,17.536657333374023,3737
2022-09-12,20.549999237060547,21.399999618530273,20.549999237060547,21.03499984741211,17.726266860961914,11025
2022-09-13,20.809999465942383,21.128400802612305,20.729999542236328,20.799999237060547,17.528230667114258,2363
2022-09-14,20.75,20.920000076293945,20.65999984741211,20.889999389648438,17.604076385498047,3069
2022-09-15,20.756399154663086,20.756399154663086,20.639999389648438,20.639999389648438,17.39339828491211,2115
2022-09-16,20.3700008392334,20.832399368286133,20.0,20.43000030517578,17.2164306640625,11507
2022-09-19,20.399999618530273,20.399999618530273,19.92009925842285,20.09000015258789,16.929912567138672,3437
2022-09-20,20.090099334716797,20.407800674438477,19.934999465942383,20.190000534057617,17.014179229736328,2997
2022-09-21,19.8700008392334,20.06999969482422,19.860000610351562,20.03529930114746,16.88381576538086,6151
2022-09-22,19.850000381469727,19.850000381469727,19.690000534057617,19.690399169921875,16.593164443969727,10376
2022-09-23,19.75,19.75,18.4325008392334,18.610000610351562,15.68271255493164,16121
2022-09-26,18.610000610351562,18.610000610351562,17.334199905395508,17.543899536132812,14.784303665161133,7962
2022-09-27,18.1299991607666,18.450000762939453,17.433000564575195,18.107500076293945,15.259251594543457,30246
2022-09-28,18.059999465942383,18.879899978637695,18.00040054321289,18.668899536132812,15.732345581054688,12872
2022-09-29,17.8700008392334,18.315000534057617,16.75,17.620100021362305,14.848518371582031,35786
2022-09-30,17.08769989013672,17.94860076904297,16.92009925842285,17.059999465942383,14.376519203186035,27049
2022-10-03,17.190000534057617,17.8700008392334,17.190000534057617,17.54319953918457,14.783713340759277,25434
2022-10-04,17.709999084472656,18.486400604248047,17.709999084472656,17.969999313354492,15.143380165100098,15812
2022-10-05,17.75,18.57309913635254,17.299999237060547,17.75,14.957986831665039,14878
2022-10-06,17.75,17.915000915527344,17.649999618530273,17.670000076293945,14.890571594238281,10800
2022-10-07,17.600000381469727,17.600000381469727,17.459999084472656,17.59000015258789,14.823155403137207,2035
2022-10-10,17.649999618530273,17.68000030517578,17.25,17.270000457763672,14.553488731384277,11287
2022-10-11,17.15999984741211,17.354999542236328,17.0,17.0,14.325958251953125,12218
2022-10-12,17.06999969482422,17.230499267578125,16.899999618530273,17.059999465942383,14.376519203186035,7309
2022-10-13,16.860000610351562,17.25,16.860000610351562,17.200000762939453,14.494499206542969,11102
2022-10-14,17.25,17.25,17.149999618530273,17.149999618530273,14.452362060546875,4026
2022-10-17,17.372100830078125,17.399999618530273,17.059999465942383,17.149999618530273,14.452362060546875,7285
2022-10-18,17.360000610351562,17.65999984741211,17.360000610351562,17.659900665283203,14.882061004638672,8667
2022-10-19,17.479999542236328,18.200000762939453,17.45009994506836,17.940000534057617,15.118099212646484,17711
2022-10-20,18.270000457763672,18.299999237060547,17.309999465942383,17.700000762939453,14.915850639343262,14400
2022-10-21,18.190000534057617,18.450300216674805,17.796300888061523,17.796300888061523,14.997002601623535,16799
2022-10-24,17.81999969482422,18.389999389648438,17.81999969482422,18.279800415039062,15.404450416564941,5741
2022-10-25,18.639999389648438,18.924999237060547,18.350000381469727,18.436500549316406,15.536502838134766,6124
2022-10-26,18.504499435424805,18.725000381469727,17.989999771118164,18.639999389648438,15.707992553710938,7912
2022-10-27,18.639999389648438,18.639999389648438,18.200000762939453,18.200000762939453,15.337203979492188,9363
2022-10-28,18.15999984741211,19.18000030517578,18.020000457763672,19.18000030517578,16.16305160522461,3157
2022-10-31,19.149999618530273,19.949899673461914,19.031200408935547,19.200000762939453,16.179906845092773,7229
2022-11-01,19.989999771118164,19.989999771118164,18.639999389648438,18.850000381469727,15.88495922088623,8100
2022-11-02,18.5,19.0,17.968900680541992,18.700000762939453,15.75855541229248,3631
2022-11-03,18.670000076293945,18.670000076293945,18.049999237060547,18.549999237060547,15.632146835327148,4569
2022-11-04,18.25,19.030000686645508,18.176799774169922,18.3700008392334,15.480461120605469,6345
2022-11-07,18.360000610351562,19.209699630737305,18.359899520874023,18.8799991607666,15.910239219665527,5099
2022-11-08,18.68000030517578,19.739999771118164,18.68000030517578,19.0,16.011363983154297,9502
2022-11-09,19.25,19.469999313354492,18.950000762939453,19.0,16.011363983154297,6362
2022-11-10,19.299999237060547,19.75,19.020000457763672,19.75,16.64339256286621,16100
2022-11-11,19.969999313354492,20.104999542236328,19.584999084472656,20.0,16.854068756103516,24202
2022-11-14,19.59830093383789,20.340700149536133,19.116899490356445,20.020000457763672,16.870922088623047,10708
2022-11-15,20.260000228881836,20.299999237060547,20.05500030517578,20.05500030517578,16.90041732788086,1237
2022-11-16,20.0,20.049999237060547,19.600000381469727,20.049999237060547,16.896203994750977,5783
2022-11-17,20.0,20.309999465942383,19.829999923706055,19.93000030517578,16.79507827758789,5680
2022-11-18,19.3799991607666,19.790000915527344,19.18000030517578,19.690000534057617,16.592832565307617,4793
2022-11-21,19.690000534057617,19.81999969482422,19.690000534057617,19.81999969482422,16.702381134033203,5837
2022-11-22,19.541400909423828,19.950000762939453,19.541400909423828,19.850000381469727,16.727663040161133,8599
2022-11-23,19.702999114990234,20.130599975585938,19.638700485229492,20.0,16.854068756103516,8439
2022-11-25,19.969999313354492,20.0,19.75,19.75,16.64339256286621,2589
2022-11-28,20.5,20.5,19.725000381469727,19.920000076293945,16.786653518676758,9726
2022-11-29,19.920000076293945,20.055599212646484,19.5,19.5,16.432716369628906,13761
2022-11-30,19.950000762939453,20.600000381469727,19.81999969482422,20.600000381469727,17.359691619873047,40870
2022-12-01,20.56999969482422,20.769899368286133,19.96430015563965,20.270000457763672,17.08159828186035,22706
2022-12-02,20.010000228881836,20.030000686645508,19.701200485229492,19.96470069885254,17.236223220825195,5591
2022-12-05,19.8700008392334,20.398000717163086,19.170000076293945,19.190000534057617,16.567399978637695,19507
2022-12-06,19.389999389648438,19.459999084472656,18.994800567626953,19.209999084472656,16.58466148376465,23532
2022-12-07,18.96500015258789,19.0935001373291,18.96500015258789,19.020000457763672,16.42062759399414,3665
2022-12-08,19.108699798583984,19.549999237060547,19.0,19.030000686645508,16.429262161254883,6294
2022-12-09,19.0,19.100000381469727,19.0,19.049999237060547,16.446529388427734,2701
2022-12-12,19.0,19.29990005493164,19.0,19.1200008392334,16.5069637298584,5126
2022-12-13,19.31999969482422,19.524999618530273,19.010099411010742,19.040000915527344,16.437898635864258,8999
2022-12-14,19.049999237060547,19.207799911499023,19.010000228881836,19.100000381469727,16.489696502685547,20395
2022-12-15,19.010000228881836,19.349899291992188,19.0,19.049999237060547,16.446529388427734,8743
2022-12-16,19.090099334716797,19.2450008392334,19.049999237060547,19.079999923706055,16.472431182861328,1858
2022-12-19,19.149999618530273,19.329999923706055,19.1299991607666,19.168899536132812,16.549179077148438,1423
2022-12-20,19.24180030822754,19.349899291992188,19.181100845336914,19.280000686645508,16.645097732543945,3480
2022-12-21,19.25,19.350000381469727,19.100000381469727,19.149999618530273,16.53286361694336,54577
2022-12-22,19.149999618530273,19.349899291992188,19.149999618530273,19.216100692749023,16.589929580688477,7129
2022-12-23,19.149999618530273,19.34000015258789,19.149999618530273,19.149999618530273,16.53286361694336,5480
2022-12-27,19.31999969482422,19.78890037536621,19.25,19.329999923706055,16.688264846801758,8448
2022-12-28,19.641000747680664,19.641000747680664,19.23419952392578,19.3700008392334,16.722797393798828,3079
2022-12-29,19.5,19.74139976501465,19.382299423217773,19.459999084472656,16.800495147705078,4799
2022-12-30,19.995500564575195,19.995500564575195,19.31999969482422,19.68000030517578,16.990428924560547,18116
2023-01-03,20.100000381469727,20.100000381469727,19.31999969482422,19.399999618530273,16.748699188232422,21087
2023-01-04,19.969999313354492,20.200000762939453,19.420000076293945,19.899999618530273,17.18036460876465,10106
2023-01-05,20.024999618530273,20.5,19.666799545288086,20.489999771118164,17.689729690551758,11399
2023-01-06,20.559999465942383,20.788400650024414,20.260000228881836,20.559999465942383,17.750165939331055,9351
2023-01-09,20.549999237060547,20.78499984741211,20.030000686645508,20.399999618530273,17.612031936645508,14120
2023-01-10,20.545000076293945,20.8799991607666,20.31089973449707,20.8799991607666,18.026432037353516,11679
2023-01-11,20.940000534057617,21.389999389648438,20.940000534057617,21.100000381469727,18.216365814208984,8616
2023-01-12,21.010000228881836,22.0,21.010000228881836,21.216400146484375,18.316858291625977,18496
2023-01-13,21.270000457763672,21.81999969482422,21.229999542236328,21.559999465942383,18.613500595092773,5195
2023-01-17,21.540000915527344,22.418699264526367,21.25,21.760000228881836,18.786165237426758,16062
2023-01-18,22.15999984741211,22.441600799560547,21.700000762939453,21.760000228881836,18.786165237426758,5708
2023-01-19,21.549999237060547,21.979999542236328,21.460100173950195,21.979999542236328,18.976099014282227,5120
2023-01-20,21.90999984741211,22.059999465942383,21.510000228881836,22.059999465942383,19.045167922973633,16626
2023-01-23,22.1200008392334,22.15999984741211,21.469999313354492,21.770000457763672,18.794801712036133,14134
2023-01-24,22.600000381469727,22.889999389648438,21.809999465942383,21.889999389648438,18.898401260375977,9278
2023-01-25,21.889999389648438,22.1200008392334,21.65999984741211,22.1200008392334,19.096967697143555,3071
2023-01-26,22.190000534057617,22.239999771118164,22.0,22.105499267578125,19.084447860717773,10866
2023-01-27,22.200000762939453,22.600000381469727,22.020000457763672,22.579999923706055,19.494102478027344,6647
2023-01-30,22.59000015258789,23.541799545288086,22.350099563598633,22.82900047302246,19.70907211303711,14392
2023-01-31,22.962400436401367,23.949499130249023,22.600000381469727,22.739999771118164,19.63223648071289,16077
2023-02-01,22.8799991607666,23.0,22.599000930786133,22.950000762939453,19.81353759765625,6623
2023-02-02,23.0,23.770000457763672,23.0,23.770000457763672,20.521469116210938,7375
2023-02-03,23.309999465942383,23.620500564575195,22.399999618530273,22.399999618530273,19.338701248168945,18977
2023-02-06,22.42169952392578,23.1200008392334,22.42169952392578,22.670000076293945,19.57180404663086,4248
2023-02-07,23.010499954223633,23.41990089416504,22.084999084472656,22.514999389648438,19.437986373901367,5633
2023-02-08,22.68000030517578,22.694400787353516,22.110000610351562,22.281299591064453,19.236223220825195,3238
2023-02-09,22.43779945373535,22.79829978942871,22.200000762939453,22.739999771118164,19.63223648071289,5816
2023-02-10,23.056699752807617,23.056699752807617,22.079999923706055,22.59000015258789,19.502737045288086,3984
2023-02-13,22.360000610351562,22.65999984741211,22.1200008392334,22.5,19.425033569335938,4699
2023-02-14,22.295000076293945,22.649999618530273,22.260099411010742,22.59000015258789,19.502737045288086,4990
2023-02-15,22.299999237060547,22.420000076293945,22.290000915527344,22.389999389648438,19.330068588256836,3523
2023-02-16,22.260000228881836,22.329999923706055,22.10110092163086,22.329999923706055,19.27826690673828,2169
2023-02-17,22.110000610351562,22.639999389648438,22.049999237060547,22.549999237060547,19.468198776245117,13881
2023-02-21,22.3799991607666,22.735000610351562,22.350000381469727,22.399999618530273,19.338701248168945,23854
2023-02-22,22.520000457763672,22.8799991607666,22.469999313354492,22.56999969482422,19.48546600341797,10125
2023-02-23,22.540000915527344,22.989999771118164,22.540000915527344,22.81999969482422,19.701303482055664,4826
2023-02-24,22.749000549316406,22.950000762939453,22.697099685668945,22.700000762939453,19.597702026367188,6069
2023-02-27,22.959999084472656,22.969999313354492,22.639999389648438,22.639999389648438,19.545900344848633,9180
2023-02-28,22.799999237060547,23.0,22.670000076293945,22.690000534057617,19.589069366455078,30455
2023-03-01,23.0,23.0,22.050100326538086,22.75,19.640867233276367,11539
2023-03-02,22.3700008392334,22.3700008392334,21.81999969482422,21.950000762939453,19.362472534179688,9717
2023-03-03,21.8700008392334,22.010000228881836,21.670000076293945,21.670000076293945,19.115480422973633,5123
2023-03-06,21.65999984741211,21.65999984741211,20.90999984741211,21.600000381469727,19.053733825683594,12719
2023-03-07,21.350000381469727,21.476999282836914,21.184600830078125,21.3700008392334,18.850845336914062,2365
2023-03-08,21.290000915527344,21.290000915527344,20.549999237060547,20.940000534057617,18.47153663635254,29396
2023-03-09,20.920000076293945,21.399999618530273,20.200000762939453,20.200000762939453,17.818767547607422,13648
2023-03-10,19.84000015258789,20.28689956665039,19.399999618530273,19.399999618530273,17.113075256347656,7215
2023-03-13,19.260000228881836,19.260000228881836,18.11009979248047,18.81999969482422,16.6014461517334,29507
2023-03-14,19.243600845336914,20.110000610351562,19.243600845336914,19.399999618530273,17.113075256347656,11778
2023-03-15,19.239999771118164,19.600000381469727,18.389999389648438,19.5,17.201284408569336,7528
2023-03-16,19.459999084472656,20.700000762939453,19.25,19.94499969482422,17.593830108642578,13279
2023-03-17,19.969999313354492,19.969999313354492,18.399999618530273,18.56999969482422,16.380916595458984,18083
2023-03-20,18.829999923706055,18.899999618530273,18.280000686645508,18.690000534057617,16.486772537231445,17582
2023-03-21,19.227800369262695,19.227800369262695,18.550899505615234,18.780000686645508,16.566162109375,7953
2023-03-22,18.90999984741211,18.90999984741211,18.200000762939453,18.649900436401367,16.451396942138672,9744
2023-03-23,19.079999923706055,19.18000030517578,18.329999923706055,18.329999923706055,16.169208526611328,25101
2023-03-24,18.549999237060547,19.100000381469727,18.549999237060547,18.739999771118164,16.530874252319336,30699
2023-03-27,19.31999969482422,19.649999618530273,18.979999542236328,19.34000015258789,17.060148239135742,12383
2023-03-28,19.139999389648438,19.299999237060547,18.649999618530273,19.299999237060547,17.02486228942871,10816
2023-03-29,19.149999618530273,19.450000762939453,19.149999618530273,19.239999771118164,16.97193717956543,5336
2023-03-30,19.25,19.399999618530273,19.219999313354492,19.399999618530273,17.113075256347656,2460
2023-03-31,19.479999542236328,20.270000457763672,19.34000015258789,20.110000610351562,17.739377975463867,20021
2023-04-03,19.325899124145508,20.020000457763672,19.325899124145508,19.700000762939453,17.37771224975586,13049
2023-04-04,20.0,20.0,19.549999237060547,19.780000686645508,17.448280334472656,4576
2023-04-05,19.65999984741211,20.309999465942383,19.65999984741211,19.739999771118164,17.412992477416992,6704
2023-04-06,19.549999237060547,19.690000534057617,19.549999237060547,19.690000534057617,17.36888885498047,1617
2023-04-10,19.639999389648438,20.045000076293945,19.583499908447266,19.84000015258789,17.50120735168457,21309
2023-04-11,20.020000457763672,20.459999084472656,19.940000534057617,20.389999389648438,17.98636817932129,28083
2023-04-12,20.440000534057617,20.700000762939453,20.360000610351562,20.530000686645508,18.109867095947266,8373
2023-04-13,20.44499969482422,20.885000228881836,20.44499969482422,20.670000076293945,18.233362197875977,24014
2023-04-14,20.299999237060547,20.56999969482422,20.299999237060547,20.459999084472656,18.04811668395996,6845
2023-04-17,20.52750015258789,20.747600555419922,20.399999618530273,20.399999618530273,17.99519157409668,9070
2023-04-18,20.40999984741211,20.510000228881836,20.149999618530273,20.270000457763672,17.880516052246094,10458
2023-04-19,20.450000762939453,20.579999923706055,20.350000381469727,20.469999313354492,18.05694007873535,3888
2023-04-20,20.579999923706055,20.597999572753906,20.299999237060547,20.43000030517578,18.02165412902832,3689
2023-04-21,20.34000015258789,20.598899841308594,20.299999237060547,20.399999618530273,17.99519157409668,2819
2023-04-24,20.299999237060547,20.5,20.200000762939453,20.25,17.862873077392578,8313
2023-04-25,20.06999969482422,20.5,20.06999969482422,20.06999969482422,17.70409393310547,2594
2023-04-26,20.100000381469727,20.235000610351562,20.010000228881836,20.010000228881836,17.651166915893555,3653
2023-04-27,20.110000610351562,20.18000030517578,20.100000381469727,20.110000610351562,17.739377975463867,2596
2023-04-28,20.18000030517578,20.670000076293945,20.06999969482422,20.600000381469727,18.171613693237305,29126
2023-05-01,20.6200008392334,20.6299991607666,20.1200008392334,20.200000762939453,17.818767547607422,10886
2023-05-02,20.329999923706055,20.329999923706055,19.510000228881836,19.979999542236328,17.62470245361328,9960
2023-05-03,19.93000030517578,20.13719940185547,19.6299991607666,19.6299991607666,17.315961837768555,16202
2023-05-04,19.600000381469727,19.791099548339844,17.75,18.190000534057617,16.045711517333984,77560
2023-05-05,18.5,19.0,18.149999618530273,18.5,16.319168090820312,25004
2023-05-08,18.5,18.670000076293945,18.280000686645508,18.610000610351562,16.416202545166016,8877
2023-05-09,18.459999084472656,19.149999618530273,18.459999084472656,18.700000762939453,16.49559211730957,5251
2023-05-10,19.149999618530273,19.420000076293945,18.940000534057617,19.352399826049805,17.071083068847656,11533
2023-05-11,19.510000228881836,19.615999221801758,19.399999618530273,19.4950008392334,17.196874618530273,2616
2023-05-12,19.219999313354492,19.399999618530273,19.08009910583496,19.399999618530273,17.113075256347656,10277
2023-05-15,19.735000610351562,19.735000610351562,19.06999969482422,19.184999465942383,16.923419952392578,9159
2023-05-16,19.209999084472656,19.209999084472656,18.8799991607666,18.8799991607666,16.654373168945312,10987
2023-05-17,18.850000381469727,19.600000381469727,18.715999603271484,19.510000228881836,17.210107803344727,9433
2023-05-18,19.09000015258789,19.801000595092773,19.09000015258789,19.700000762939453,17.37771224975586,9828
2023-05-19,19.850000381469727,19.8700008392334,19.549999237060547,19.690000534057617,17.36888885498047,8888
2023-05-22,19.600000381469727,19.899999618530273,19.346599578857422,19.899999618530273,17.55413246154785,6882
2023-05-23,20.0,20.329999923706055,19.888200759887695,20.329999923706055,17.933443069458008,8410
2023-05-24,20.0,20.290000915527344,20.0,20.06999969482422,17.70409393310547,4284
2023-05-25,19.754199981689453,19.780000686645508,19.59000015258789,19.728300094604492,17.40267562866211,2908
2023-05-26,19.763399124145508,20.259899139404297,19.763399124145508,20.155000686645508,17.77907371520996,5773
2023-05-30,20.0,20.510000228881836,19.78019905090332,20.280000686645508,17.88933753967285,24808
2023-05-31,20.170000076293945,20.6200008392334,20.170000076293945,20.559999465942383,18.13633155822754,16329
2023-06-01,20.65999984741211,20.84000015258789,20.549999237060547,20.670000076293945,18.233362197875977,8132
2023-06-02,20.530000686645508,20.819900512695312,20.170000076293945,20.539899826049805,18.553394317626953,11517
2023-06-05,20.3700008392334,20.3700008392334,19.729999542236328,20.25,18.291534423828125,11282
2023-06-06,20.239999771118164,20.450000762939453,20.239999771118164,20.450000762939453,18.472190856933594,2343
2023-06-07,20.489999771118164,20.710399627685547,19.8700008392334,20.100000381469727,18.156044006347656,15152
2023-06-08,19.780000686645508,20.702699661254883,19.780000686645508,20.020000457763672,18.083778381347656,4460
2023-06-09,19.90999984741211,20.280000686645508,19.90999984741211,19.950000762939453,18.020551681518555,3434
2023-06-12,20.170000076293945,20.31999969482422,19.840099334716797,19.940000534057617,18.011516571044922,4698
2023-06-13,20.31999969482422,20.709999084472656,19.799999237060547,20.149999618530273,18.201208114624023,21139
2023-06-14,20.040000915527344,20.040000915527344,19.809999465942383,19.950000762939453,18.020551681518555,7540
2023-06-15,20.040000915527344,20.049999237060547,19.860000610351562,20.0,18.065715789794922,5054
2023-06-16,20.0,20.0,19.760000228881836,19.760000228881836,17.848926544189453,3834
2023-06-20,19.90999984741211,20.049999237060547,19.799999237060547,20.0,18.065715789794922,6813
2023-06-21,20.0,20.020000457763672,19.831499099731445,19.934999465942383,18.00699806213379,3343
2023-06-22,19.90999984741211,20.219999313354492,19.90999984741211,20.19300079345703,18.240049362182617,4866
2023-06-23,20.139999389648438,20.139999389648438,19.84869956970215,19.989999771118164,18.05668067932129,2793
2023-06-26,20.139999389648438,20.399999618530273,20.139999389648438,20.3700008392334,18.399930953979492,9177
2023-06-27,20.549999237060547,20.928600311279297,20.3799991607666,20.700000762939453,18.698015213012695,9762
2023-06-28,20.90169906616211,21.350000381469727,20.899999618530273,21.1200008392334,19.077392578125,6760
2023-06-29,20.979999542236328,21.297000885009766,20.898700714111328,21.0,18.968997955322266,16649
2023-06-30,21.277799606323242,21.3799991607666,20.510000228881836,21.15999984741211,19.113525390625,9058
2023-07-03,21.399999618530273,21.5,21.399999618530273,21.5,19.420642852783203,585
2023-07-05,21.469999313354492,21.6299991607666,21.469999313354492,21.6299991607666,19.538068771362305,1410
2023-07-06,21.139999389648438,21.3435001373291,20.983299255371094,21.25,19.1948184967041,6204
2023-07-07,21.360000610351562,21.399999618530273,21.360000610351562,21.399999618530273,19.330310821533203,1756
2023-07-10,21.18000030517578,22.059999465942383,20.979999542236328,22.0,19.87228775024414,18991
2023-07-11,22.100000381469727,22.149999618530273,22.06999969482422,22.110000610351562,19.971647262573242,6707
2023-07-12,20.6299991607666,22.433900833129883,20.6299991607666,22.200000762939453,20.052942276000977,1994
2023-07-13,22.489999771118164,22.786399841308594,22.22010040283203,22.22010040283203,20.07110023498535,7663
2023-07-14,22.649999618530273,22.80940055847168,22.579999923706055,22.579999923706055,20.396190643310547,3542
2023-07-17,22.18000030517578,22.3799991607666,22.18000030517578,22.360000610351562,20.19746971130371,2891
2023-07-18,22.202800750732422,22.770000457763672,22.190000534057617,22.43000030517578,20.260698318481445,5238
2023-07-19,22.579999923706055,22.729999542236328,22.389999389648438,22.65999984741211,20.468454360961914,4979
2023-07-20,22.622299194335938,22.780000686645508,22.258899688720703,22.514999389648438,20.33747673034668,1659
2023-07-21,22.530000686645508,22.560100555419922,22.459999084472656,22.459999084472656,20.28779411315918,4054
2023-07-24,22.43600082397461,22.479999542236328,22.100000381469727,22.469999313354492,20.296829223632812,3281
2023-07-25,22.809900283813477,22.809900283813477,22.5,22.639999389648438,20.45038604736328,4559
2023-07-26,22.100099563598633,22.760000228881836,22.100099563598633,22.760000228881836,20.55878257751465,3776
2023-07-27,22.700000762939453,22.700000762939453,22.229999542236328,22.40999984741211,20.242631912231445,4107
2023-07-28,22.489999771118164,22.6299991607666,22.450000762939453,22.487600326538086,20.312728881835938,2186
2023-07-31,22.75,22.8700008392334,22.527000427246094,22.549999237060547,20.369091033935547,9568
2023-08-01,22.420000076293945,22.450000762939453,22.420000076293945,22.450000762939453,20.278764724731445,446
2023-08-02,22.25,22.389999389648438,21.850000381469727,22.219999313354492,20.071008682250977,10099
2023-08-03,22.033599853515625,22.290000915527344,22.033599853515625,22.290000915527344,20.134239196777344,6223
2023-08-04,22.399999618530273,22.68000030517578,22.399999618530273,22.420000076293945,20.251665115356445,7069
2023-08-07,22.31999969482422,22.90999984741211,22.100099563598633,22.65999984741211,20.468454360961914,8903
2023-08-08,22.549999237060547,22.649999618530273,22.140100479125977,22.360000610351562,20.19746971130371,6208
2023-08-09,22.399999618530273,22.752500534057617,22.399999618530273,22.469999313354492,20.296829223632812,5073
2023-08-10,22.694799423217773,22.704999923706055,22.469999313354492,22.700000762939453,20.50458526611328,5277
2023-08-11,22.520000457763672,22.75,21.829999923706055,21.950000762939453,19.82712173461914,24437
2023-08-14,21.920000076293945,22.359899520874023,21.800600051879883,21.809999465942383,19.700660705566406,13463
2023-08-15,21.8700008392334,21.8700008392334,21.579999923706055,21.799999237060547,19.691627502441406,5560
2023-08-16,21.799999237060547,21.860000610351562,21.799999237060547,21.860000610351562,19.745826721191406,893
2023-08-17,22.0,22.0,21.195499420166016,21.600000381469727,19.51097297668457,11316
2023-08-18,22.649999618530273,22.649999618530273,21.600000381469727,22.201000213623047,20.05384635925293,4445
2023-08-21,21.899999618530273,22.149999618530273,21.8799991607666,21.959999084472656,19.836153030395508,7326
2023-08-22,22.100000381469727,22.225000381469727,21.610000610351562,21.610000610351562,19.520004272460938,10869
2023-08-23,21.559999465942383,22.13680076599121,21.559999465942383,21.780000686645508,19.673564910888672,13833
2023-08-24,21.790000915527344,22.384000778198242,21.700000762939453,22.384000778198242,20.219148635864258,6315
2023-08-25,22.100000381469727,22.399999618530273,22.0,22.200000762939453,20.052942276000977,6681
2023-08-28,22.270000457763672,22.309999465942383,21.59000015258789,21.719999313354492,19.619365692138672,37255
2023-08-29,21.739999771118164,21.83989906311035,21.510000228881836,21.510000228881836,19.429676055908203,23588
2023-08-30,21.6200008392334,21.81999969482422,21.6200008392334,21.690000534057617,19.592266082763672,18011
2023-08-31,21.6737003326416,22.43000030517578,21.5,22.43000030517578,20.260698318481445,46220
2023-09-01,22.31999969482422,22.31999969482422,21.634000778198242,21.905000686645508,20.223215103149414,3509
2023-09-05,21.799999237060547,21.829999923706055,21.399999618530273,21.700000762939453,20.033952713012695,9058
2023-09-06,21.610000610351562,21.719999313354492,21.34000015258789,21.34000015258789,19.70159339904785,4438
2023-09-07,21.739999771118164,22.280000686645508,21.739999771118164,21.950000762939453,20.264760971069336,10383
2023-09-08,21.959999084472656,22.25,21.95669937133789,21.959999084472656,20.273990631103516,6901
2023-09-11,22.1200008392334,22.1200008392334,21.760000228881836,21.920000076293945,20.237064361572266,5529
2023-09-12,21.760000228881836,21.940000534057617,21.440000534057617,21.510000228881836,19.85854148864746,8172
2023-09-13,21.59000015258789,22.450000762939453,21.59000015258789,21.99020004272461,20.30187225341797,5259
2023-09-14,21.889999389648438,22.200000762939453,21.8700008392334,21.8700008392334,20.190902709960938,7842
2023-09-15,21.8700008392334,21.90999984741211,21.709999084472656,21.90999984741211,20.227828979492188,3126
2023-09-18,21.790000915527344,21.975500106811523,21.790000915527344,21.84000015258789,20.163204193115234,2319
2023-09-19,21.975000381469727,21.975000381469727,21.940000534057617,21.950000762939453,20.264760971069336,1863
2023-09-20,22.05500030517578,22.239999771118164,21.81999969482422,21.829999923706055,20.153972625732422,2987
2023-09-21,21.799999237060547,21.850000381469727,21.614099502563477,21.614099502563477,19.954648971557617,3488
2023-09-22,21.649999618530273,21.94499969482422,21.5,21.6200008392334,19.960094451904297,8416
2023-09-25,21.6299991607666,21.811500549316406,21.6299991607666,21.811500549316406,20.13689422607422,1284
2023-09-26,21.530000686645508,21.553800582885742,20.719999313354492,20.719999313354492,19.129194259643555,22497
2023-09-27,20.860000610351562,21.506000518798828,20.520000457763672,20.860000610351562,19.258447647094727,12826
2023-09-28,21.049999237060547,21.260000228881836,20.825000762939453,21.010000228881836,19.396930694580078,7303
2023-09-29,21.489999771118164,21.6200008392334,21.100000381469727,21.6200008392334,19.960094451904297,14276
2023-10-02,21.15999984741211,21.56999969482422,21.108999252319336,21.479999542236328,19.830842971801758,3951
2023-10-03,21.1200008392334,21.161399841308594,20.979999542236328,21.0,19.387699127197266,5345
2023-10-04,21.0,21.47559928894043,20.420000076293945,20.534099578857422,18.95756721496582,17521
2023-10-05,20.239999771118164,20.260000228881836,19.809999465942383,20.149999618530273,18.602956771850586,17583
2023-10-06,19.780000686645508,20.25,19.75,20.25,18.69527816772461,7407
2023-10-09,20.5,20.709999084472656,20.166000366210938,20.709999084472656,19.11996078491211,10126
2023-10-10,20.850000381469727,21.790000915527344,20.850000381469727,21.299999237060547,19.66466522216797,7499
2023-10-11,21.93000030517578,21.93000030517578,21.350099563598633,21.670000076293945,20.006256103515625,9716
2023-10-12,21.530000686645508,21.530000686645508,20.89349937438965,21.0,19.387699127197266,17906
2023-10-13,21.010000228881836,21.010000228881836,20.5,20.5,18.926084518432617,11333
2023-10-16,20.989999771118164,21.43549919128418,20.43000030517578,20.860000610351562,19.258447647094727,5556
2023-10-17,20.450000762939453,21.017900466918945,20.450000762939453,21.017900466918945,19.404224395751953,2526
2023-10-18,21.18000030517578,21.18000030517578,20.545000076293945,20.579999923706055,18.999942779541016,9839
2023-10-19,20.56999969482422,20.967199325561523,20.079999923706055,20.079999923706055,18.538331985473633,13235
2023-10-20,20.200000762939453,20.547300338745117,20.0,20.0,18.464473724365234,2687
2023-10-23,19.899999618530273,20.489599227905273,19.68000030517578,20.0,18.464473724365234,2673
2023-10-24,20.5,20.5,19.739999771118164,19.979999542236328,18.446008682250977,7603
2023-10-25,19.950000762939453,20.04400062561035,19.200000762939453,19.75,18.233667373657227,10718
2023-10-26,20.031700134277344,20.52589988708496,19.776100158691406,19.989999771118164,18.455242156982422,13732
2023-10-27,19.950000762939453,20.399900436401367,19.750600814819336,19.799999237060547,18.279827117919922,9372
2023-10-30,20.153900146484375,20.153900146484375,19.633100509643555,19.780000686645508,18.26136589050293,5058
2023-10-31,20.06999969482422,21.0,20.049999237060547,20.850000381469727,19.249216079711914,18294
2023-11-01,20.700000762939453,21.400800704956055,20.700000762939453,21.059999465942383,19.443090438842773,16938
2023-11-02,21.550800323486328,21.84000015258789,21.1200008392334,21.329999923706055,19.692359924316406,10582
2023-11-03,21.579999923706055,22.090299606323242,21.329999923706055,21.790000915527344,20.11704444885254,8192
2023-11-06,21.639999389648438,21.64940071105957,21.25,21.25,19.61850357055664,2524
2023-11-07,21.5,21.784799575805664,21.200000762939453,21.200000762939453,19.572341918945312,5422
2023-11-08,21.440000534057617,22.155000686645508,21.299999237060547,21.8700008392334,20.190902709960938,30312
2023-11-09,21.899999618530273,21.899999618530273,21.440000534057617,21.440000534057617,19.793914794921875,5602
2023-11-10,21.690000534057617,21.929899215698242,21.6299991607666,21.6299991607666,19.969327926635742,5408
2023-11-13,21.799999237060547,21.945499420166016,21.479999542236328,21.649999618530273,19.98779296875,5388
2023-11-14,22.020000457763672,22.540000915527344,22.0,22.540000915527344,20.80946159362793,13545
2023-11-15,22.569900512695312,22.81999969482422,22.28499984741211,22.81999969482422,21.067964553833008,15266
2023-11-16,22.770000457763672,23.030000686645508,22.670000076293945,22.81999969482422,21.067964553833008,17344
2023-11-17,22.68120002746582,23.190000534057617,22.68120002746582,22.860000610351562,21.10489273071289,23206
2023-11-20,22.8700008392334,23.200000762939453,22.8700008392334,23.079999923706055,21.308002471923828,17025
2023-11-21,22.988399505615234,23.25,22.940000534057617,23.190000534057617,21.40955924987793,5370
2023-11-22,22.999900817871094,23.110000610351562,22.479999542236328,22.479999542236328,20.754066467285156,8054
2023-11-24,22.829999923706055,23.0,22.760000228881836,22.799999237060547,21.049501419067383,5762
2023-11-27,23.069000244140625,23.25,22.461000442504883,22.75,21.003339767456055,8711
2023-11-28,22.75,22.98550033569336,22.70549964904785,22.799999237060547,21.049501419067383,16370
2023-11-29,22.829999923706055,23.200000762939453,22.75,22.75,21.003339767456055,5788
2023-11-30,23.249900817871094,23.249900817871094,22.767900466918945,22.850000381469727,21.095661163330078,10865
2023-12-01,22.850000381469727,23.200000762939453,22.556400299072266,23.139999389648438,21.36339569091797,15748
2023-12-04,22.75,22.989999771118164,22.247600555419922,22.520000457763672,21.235530853271484,24626
2023-12-05,22.8799991607666,23.15049934387207,22.700000762939453,22.700000762939453,21.405263900756836,3979
2023-12-06,22.920499801635742,22.920499801635742,22.5,22.5,21.216670989990234,7107
2023-12-07,22.43000030517578,22.719999313354492,21.695499420166016,21.889999389648438,20.641462326049805,20207
2023-12-08,21.899999618530273,22.879499435424805,21.899999618530273,22.040000915527344,20.782909393310547,18660
2023-12-11,22.100000381469727,22.15999984741211,21.780000686645508,21.989999771118164,20.73575782775879,15035
2023-12-12,21.90999984741211,22.5,21.780000686645508,22.31999969482422,21.046937942504883,10577
2023-12-13,22.299999237060547,23.229999542236328,22.229999542236328,23.079999923706055,21.763591766357422,21978
2023-12-14,23.219999313354492,23.36359977722168,23.140100479125977,23.25,21.923892974853516,14475
2023-12-15,22.65959930419922,23.351499557495117,21.860000610351562,22.1299991607666,20.867773056030273,19302
2023-12-18,22.166000366210938,23.07069969177246,22.002099990844727,22.229999542236328,20.96207046508789,16832
2023-12-19,22.829999923706055,23.399900436401367,22.375,22.860000610351562,21.556137084960938,7906
2023-12-20,22.84000015258789,22.84000015258789,22.639999389648438,22.709999084472656,21.414691925048828,669
2023-12-21,22.692100524902344,22.795000076293945,22.546300888061523,22.649999618530273,21.358116149902344,7381
2023-12-22,22.440000534057617,22.81999969482422,22.440000534057617,22.812599182128906,21.51144027709961,3067
2023-12-26,23.25,23.399900436401367,23.112899780273438,23.34000015258789,22.008760452270508,4510
2023-12-27,23.350000381469727,23.399999618530273,23.162399291992188,23.399999618530273,22.065338134765625,6165
2023-12-28,23.399900436401367,23.399900436401367,23.049999237060547,23.200000762939453,21.876745223999023,6928
2023-12-29,23.399900436401367,23.399900436401367,22.5,22.5,21.216670989990234,17747
2024-01-02,22.600000381469727,23.222000122070312,22.510000228881836,22.81999969482422,21.51841926574707,17451
2024-01-03,22.549999237060547,22.81999969482422,22.510000228881836,22.6200008392334,21.32982635498047,8584
2024-01-04,22.90999984741211,23.335899353027344,22.739999771118164,23.010000228881836,21.697582244873047,9009
2024-01-05,22.920000076293945,23.290000915527344,22.8981990814209,23.25,21.923892974853516,5749
2024-01-08,23.0,23.299999237060547,22.809999465942383,23.200000762939453,21.876745223999023,19786
2024-01-09,23.399999618530273,23.399999618530273,22.75,23.049999237060547,21.735300064086914,14474
2024-01-10,23.427499771118164,23.427499771118164,23.031400680541992,23.18000030517578,21.857887268066406,8034
2024-01-11,23.0,23.25,22.75,23.25,21.923892974853516,9290
2024-01-12,23.059999465942383,23.059999465942383,23.059999465942383,23.059999465942383,21.74472999572754,836
2024-01-16,23.149999618530273,23.190000534057617,22.920000076293945,23.15999984741211,21.839027404785156,13850
2024-01-17,23.149999618530273,23.200000762939453,23.010099411010742,23.15999984741211,21.839027404785156,12948
2024-01-18,23.260000228881836,23.34000015258789,23.149999618530273,23.200000762939453,21.876745223999023,26941
2024-01-19,23.277799606323242,23.389400482177734,23.09000015258789,23.200000762939453,21.876745223999023,16666
2024-01-22,23.200000762939453,23.466899871826172,23.200000762939453,23.299999237060547,21.971040725708008,16342
2024-01-23,23.209999084472656,23.402599334716797,23.200000762939453,23.200000762939453,21.876745223999023,20409
2024-01-24,23.3700008392334,23.450000762939453,23.200000762939453,23.450000762939453,22.11248779296875,8250
2024-01-25,23.260000228881836,23.3700008392334,23.209999084472656,23.209999084472656,21.886173248291016,15971
2024-01-26,23.200000762939453,23.6200008392334,23.200000762939453,23.299999237060547,21.971040725708008,9166
2024-01-29,23.299999237060547,23.579999923706055,23.04360008239746,23.100000381469727,21.782447814941406,18897
2024-01-30,23.380199432373047,23.389999389648438,23.010000228881836,23.229999542236328,21.905033111572266,5229
2024-01-31,23.450000762939453,23.450000762939453,23.010000228881836,23.31999969482422,21.989900588989258,11733
2024-02-01,23.190000534057617,24.200000762939453,23.15999984741211,23.81999969482422,22.461381912231445,13031
2024-02-02,23.510000228881836,23.799999237060547,23.510000228881836,23.770000457763672,22.414234161376953,3483
2024-02-05,23.75,23.75,23.18000030517578,23.562599182128906,22.21866226196289,9349
2024-02-06,23.448200225830078,23.67609977722168,23.40250015258789,23.40250015258789,22.06769561767578,2438
2024-02-07,23.469999313354492,23.469999313354492,22.899999618530273,22.899999618530273,21.593856811523438,10328
2024-02-08,23.087900161743164,23.690000534057617,23.020000457763672,23.25,21.923892974853516,13068
2024-02-09,23.420000076293945,23.959999084472656,23.420000076293945,23.760000228881836,22.40480613708496,9352
2024-02-12,24.030000686645508,24.549999237060547,23.919300079345703,24.030000686645508,22.659404754638672,5796
2024-02-13,23.809999465942383,24.13479995727539,23.42289924621582,23.899999618530273,22.536819458007812,8594
2024-02-14,23.989999771118164,23.989999771118164,23.655000686645508,23.81999969482422,22.461381912231445,6642
2024-02-15,23.719999313354492,24.469999313354492,23.719999313354492,24.280000686645508,22.8951473236084,9437
2024-02-16,24.13279914855957,24.450000762939453,24.118200302124023,24.350000381469727,22.961153030395508,8755
2024-02-20,24.1299991607666,24.5,24.018999099731445,24.440000534057617,23.0460205078125,7221
2024-02-21,24.420000076293945,24.635000228881836,24.35059928894043,24.420000076293945,23.02716064453125,5023
2024-02-22,24.700000762939453,24.700000762939453,24.440000534057617,24.549999237060547,23.149744033813477,8659
2024-02-23,24.559999465942383,25.050100326538086,24.440000534057617,25.030000686645508,23.60236930847168,20163
2024-02-26,25.0,25.0,24.600000381469727,24.850000381469727,23.432634353637695,10955
2024-02-27,24.733200073242188,24.790000915527344,24.600000381469727,24.790000915527344,23.376056671142578,20548
2024-02-28,24.700000762939453,24.790000915527344,24.58009910583496,24.780000686645508,23.366628646850586,4765
2024-02-29,24.75,24.75,24.56999969482422,24.56999969482422,23.168603897094727,6863
2024-03-01,24.420000076293945,24.690000534057617,24.420000076293945,24.690000534057617,23.281761169433594,6585
2024-03-04,24.280000686645508,24.280000686645508,23.851900100708008,23.989999771118164,23.07438850402832,5765
2024-03-05,24.190000534057617,24.69499969482422,23.850000381469727,24.59000015258789,23.6514892578125,11873
2024-03-06,24.56999969482422,24.75,24.31999969482422,24.739999771118164,23.79576301574707,4973
2024-03-07,24.6299991607666,24.65999984741211,24.510000228881836,24.510000228881836,23.574541091918945,10588
2024-03-08,24.5,24.57670021057129,24.162399291992188,24.18000030517578,23.257137298583984,9632
2024-03-11,24.454999923706055,24.697500228881836,24.350000381469727,24.386699676513672,23.455947875976562,6432
2024-03-12,24.15999984741211,24.476299285888672,24.0,24.0,23.084007263183594,9509
2024-03-13,24.0,24.0,23.739999771118164,23.739999771118164,22.83392906188965,10889
2024-03-14,23.610000610351562,23.610000610351562,23.239999771118164,23.25,22.36263084411621,14169
2024-03-15,23.25200080871582,23.25200080871582,23.149999618530273,23.239999771118164,22.35301399230957,5877
2024-03-18,23.5,23.5,23.479999542236328,23.5,22.603090286254883,2767
2024-03-19,23.582300186157227,24.068899154663086,23.582300186157227,24.059999465942383,23.14171600341797,6063
2024-03-20,23.799999237060547,24.520000457763672,23.799999237060547,24.100000381469727,23.180191040039062,8651
2024-03-21,24.229999542236328,24.229999542236328,23.149999618530273,23.149999618530273,22.266448974609375,6590
2024-03-22,23.5,23.708099365234375,23.25,23.34000015258789,22.44919776916504,17564
2024-03-25,23.389999389648438,23.93790054321289,23.25,23.450000762939453,22.55500030517578,5529
2024-03-26,23.31999969482422,23.549999237060547,23.190000534057617,23.34000015258789,22.44919776916504,13149
2024-03-27,23.420000076293945,23.420000076293945,23.295000076293945,23.40999984741211,22.516525268554688,6551
2024-03-28,23.64419937133789,23.760000228881836,22.5,22.5,21.64125633239746,64657
2024-04-01,22.850000381469727,23.149999618530273,22.520000457763672,23.0049991607666,22.126981735229492,33230
2024-04-02,23.010000228881836,23.433300018310547,23.0,23.363500595092773,22.471799850463867,8283
2024-04-03,23.270000457763672,23.450000762939453,22.750099182128906,23.239999771118164,22.35301399230957,10773
2024-04-04,23.3700008392334,23.399999618530273,23.0393009185791,23.299999237060547,22.410722732543945,8563
2024-04-05,23.200000762939453,23.559999465942383,23.200000762939453,23.510000228881836,22.612709045410156,4556
2024-04-08,23.56999969482422,23.6299991607666,23.360000610351562,23.6200008392334,22.7185115814209,4845
2024-04-09,23.611099243164062,23.875999450683594,23.399999618530273,23.729999542236328,22.824312210083008,5895
2024-04-10,23.520000457763672,23.75,23.40999984741211,23.56999969482422,22.67041778564453,10855
2024-04-11,23.559999465942383,23.75,23.440000534057617,23.56999969482422,22.67041778564453,8664
2024-04-12,23.6299991607666,23.806800842285156,23.600000381469727,23.6200008392334,22.7185115814209,1453
2024-04-15,23.75,23.75,22.93000030517578,22.93000030517578,22.054845809936523,13101
2024-04-16,23.139999389648438,23.200000762939453,22.90999984741211,23.030000686645508,22.151029586791992,9058
2024-04-17,23.209999084472656,23.350000381469727,23.200000762939453,23.350000381469727,22.458816528320312,4298
2024-04-18,23.399999618530273,23.399999618530273,23.34000015258789,23.360000610351562,22.468433380126953,2401
2024-04-19,23.768400192260742,23.790000915527344,23.253799438476562,23.253799438476562,22.36628532409668,10669
2024-04-22,23.459999084472656,23.7450008392334,23.450000762939453,23.739999771118164,22.83392906188965,7835
2024-04-23,23.579999923706055,23.860000610351562,23.579999923706055,23.860000610351562,22.949350357055664,6434
2024-04-24,23.709999084472656,23.84000015258789,23.690000534057617,23.790000915527344,22.882022857666016,5598
2024-04-25,23.649999618530273,23.799999237060547,23.600000381469727,23.729999542236328,22.824312210083008,7558
2024-04-26,23.739999771118164,23.899999618530273,23.729999542236328,23.899999618530273,22.987823486328125,3236
2024-04-29,23.899999618530273,24.049999237060547,23.899999618530273,24.049999237060547,23.132099151611328,9151
2024-04-30,24.020000457763672,24.280000686645508,23.969999313354492,24.170000076293945,23.24751853942871,20070
2024-05-01,24.170000076293945,24.173799514770508,24.100000381469727,24.170000076293945,23.24751853942871,6972
2024-05-02,24.0,24.399999618530273,24.0,24.399999618530273,23.468740463256836,11747
2024-05-03,24.350099563598633,24.540000915527344,24.350099563598633,24.420000076293945,23.487977981567383,12473
2024-05-06,24.450000762939453,24.450000762939453,24.06999969482422,24.420000076293945,23.487977981567383,15693
2024-05-07,24.309999465942383,24.429500579833984,24.260000228881836,24.360000610351562,23.430267333984375,7018
2024-05-08,24.2450008392334,24.2450008392334,24.149999618530273,24.149999618530273,23.228282928466797,6225
2024-05-09,24.0,24.299999237060547,23.920000076293945,24.299999237060547,23.372556686401367,3862
2024-05-10,24.280000686645508,24.280000686645508,24.0,24.049800872802734,23.131908416748047,3282
2024-05-13,23.899999618530273,24.25,23.899999618530273,24.059999465942383,23.14171600341797,10656
2024-05-14,24.040000915527344,24.27429962158203,23.8700008392334,24.020000457763672,23.103242874145508,7901
2024-05-15,24.0,24.239999771118164,24.0,24.239999771118164,23.314847946166992,8727
2024-05-16,24.239999771118164,24.292999267578125,24.1299991607666,24.229999542236328,23.305227279663086,7503
2024-05-17,24.25,24.360000610351562,24.229999542236328,24.360000610351562,23.430267333984375,2133
2024-05-20,24.360000610351562,24.719900131225586,24.299999237060547,24.719900131225586,23.776430130004883,4790
2024-05-21,24.670000076293945,24.670000076293945,24.49250030517578,24.540000915527344,23.6033992767334,7385
2024-05-22,24.520000457763672,24.520000457763672,24.31999969482422,24.399999618530273,23.468740463256836,14953
2024-05-23,24.229999542236328,24.5,24.200000762939453,24.450000762939453,23.516834259033203,18026
2024-05-24,24.450000762939453,24.670000076293945,24.399999618530273,24.40999984741211,23.47835922241211,7162
2024-05-28,24.54990005493164,24.549999237060547,24.344999313354492,24.524999618530273,23.588970184326172,25608
2024-05-29,24.610000610351562,24.610000610351562,24.51020050048828,24.59000015258789,23.6514892578125,6712
2024-05-30,24.600000381469727,25.049999237060547,24.500099182128906,24.899999618530273,23.949657440185547,14527
2024-05-31,24.790000915527344,24.889999389648438,24.729999542236328,24.799999237060547,23.853473663330078,7047
2024-06-03,24.799999237060547,24.93000030517578,24.749900817871094,24.93000030517578,23.978511810302734,11865
2024-06-04,24.799999237060547,24.799999237060547,24.710100173950195,24.760000228881836,23.815000534057617,31200
2024-06-05,24.479999542236328,24.479999542236328,24.270099639892578,24.3700008392334,23.907609939575195,12636
2024-06-06,24.290000915527344,24.59600067138672,24.199899673461914,24.239999771118164,23.780075073242188,16716
2024-06-07,24.200000762939453,24.375,24.1919002532959,24.34000015258789,23.8781795501709,6406
2024-06-10,24.34000015258789,24.34000015258789,24.299999237060547,24.299999237060547,23.83893585205078,2735
2024-06-11,24.329999923706055,24.3799991607666,24.170000076293945,24.25,23.789886474609375,8505
2024-06-12,24.440000534057617,24.440000534057617,24.1299991607666,24.28219985961914,23.821475982666016,6920
2024-06-13,24.1200008392334,24.420000076293945,24.1200008392334,24.309999465942383,23.84874725341797,4841
2024-06-14,24.389999389648438,24.399999618530273,24.141199111938477,24.399999618530273,23.937040328979492,1791
2024-06-17,24.889999389648438,24.889999389648438,24.651100158691406,24.799999237060547,24.329450607299805,6155
2024-06-18,24.700000762939453,24.700000762939453,24.645000457763672,24.645000457763672,24.177391052246094,857
2024-06-20,24.650100708007812,24.690000534057617,24.510000228881836,24.648399353027344,24.180727005004883,5426
2024-06-21,24.530000686645508,24.600000381469727,24.520000457763672,24.549999237060547,24.08419418334961,1603
2024-06-24,24.61079978942871,24.700000762939453,24.5,24.6299991607666,24.162675857543945,14571
2024-06-25,24.440000534057617,24.929899215698242,24.440000534057617,24.530000686645508,24.064573287963867,11714
2024-06-26,24.549999237060547,24.649999618530273,24.549999237060547,24.6200008392334,24.15286636352539,4073
2024-06-27,24.780000686645508,24.84149932861328,24.575000762939453,24.649999618530273,24.182296752929688,7594
2024-06-28,24.5,24.5,24.100000381469727,24.100000381469727,23.642732620239258,6912
2024-07-01,24.100000381469727,24.5,24.100000381469727,24.260000228881836,23.79969596862793,8822
2024-07-02,24.221599578857422,24.25,24.202899932861328,24.25,23.789886474609375,5148
2024-07-03,24.190000534057617,24.46190071105957,24.190000534057617,24.459999084472656,23.995901107788086,5594
2024-07-05,24.399999618530273,24.579999923706055,24.399999618530273,24.489999771118164,24.025331497192383,7827
2024-07-08,24.495899200439453,24.55139923095703,24.400100708007812,24.400100708007812,23.9371395111084,3356
2024-07-09,24.399999618530273,24.40999984741211,24.399999618530273,24.399999618530273,23.937040328979492,850
2024-07-10,24.530000686645508,24.540000915527344,24.252899169921875,24.252899169921875,23.7927303314209,4918
2024-07-11,24.5,24.5,24.43000030517578,24.43000030517578,23.96647071838379,2816
2024-07-12,24.399999618530273,24.459999084472656,24.260000228881836,24.43000030517578,23.96647071838379,2944
2024-07-15,24.239999771118164,24.520000457763672,24.239999771118164,24.5,24.03514289855957,11681
2024-07-16,24.5,24.530000686645508,24.364999771118164,24.5,24.03514289855957,12672
2024-07-17,24.5,24.530000686645508,24.5,24.530000686645508,24.064573287963867,17830
2024-07-18,24.600000381469727,24.600000381469727,24.448200225830078,24.5,24.03514289855957,7980
2024-07-19,24.5,24.530000686645508,24.5,24.530000686645508,24.064573287963867,12325
2024-07-22,24.5,24.510000228881836,24.31999969482422,24.385000228881836,23.922325134277344,7386
2024-07-23,24.464000701904297,24.520000457763672,24.40999984741211,24.520000457763672,24.054763793945312,7319
2024-07-24,24.472000122070312,24.5,24.30139923095703,24.459999084472656,23.995901107788086,5087
2024-07-25,24.530000686645508,24.540000915527344,24.450000762939453,24.479999542236328,24.015522003173828,26592
2024-07-26,24.52989959716797,24.530000686645508,24.399999618530273,24.489999771118164,24.025331497192383,13377
2024-07-29,24.485000610351562,24.530000686645508,24.479999542236328,24.5,24.03514289855957,3674
2024-07-30,24.5,24.5,24.5,24.5,24.03514289855957,540
2024-07-31,24.68000030517578,24.889999389648438,24.520000457763672,24.84000015258789,24.36869239807129,14489
2024-08-01,24.84000015258789,24.84000015258789,24.610000610351562,24.649999618530273,24.182296752929688,12607
2024-08-02,24.489999771118164,24.649999618530273,24.479999542236328,24.649999618530273,24.182296752929688,11346
2024-08-05,24.440000534057617,24.729999542236328,24.100000381469727,24.489999771118164,24.025331497192383,9697
2024-08-06,24.5,24.559999465942383,24.43000030517578,24.559999465942383,24.094003677368164,6362
2024-08-07,24.639999389648438,24.75,24.639999389648438,24.75,24.280399322509766,2216
2024-08-08,24.65999984741211,24.809999465942383,24.584999084472656,24.75,24.280399322509766,9484
2024-08-09,24.500099182128906,24.6200008392334,24.500099182128906,24.6200008392334,24.15286636352539,738
2024-08-12,24.6200008392334,24.6299991607666,24.520000457763672,24.520000457763672,24.054763793945312,1820
2024-08-13,24.540000915527344,24.68000030517578,24.510000228881836,24.6299991607666,24.162675857543945,9689
2024-08-14,24.690000534057617,24.690000534057617,24.539499282836914,24.649999618530273,24.182296752929688,10207
2024-08-15,24.5,24.729999542236328,24.5,24.6299991607666,24.162675857543945,4944
2024-08-16,24.729999542236328,24.729999542236328,24.639999389648438,24.676799774169922,24.208587646484375,1637
2024-08-19,24.690000534057617,25.0049991607666,24.6200008392334,24.979999542236328,24.50603485107422,15461
2024-08-20,24.959999084472656,24.959999084472656,24.6200008392334,24.899999618530273,24.427553176879883,4786
2024-08-21,24.88789939880371,25.079999923706055,24.88789939880371,25.079999923706055,24.604137420654297,5019
2024-08-22,25.100000381469727,25.540000915527344,25.079999923706055,25.18000030517578,24.702239990234375,16539
2024-08-23,25.149999618530273,25.43000030517578,25.149999618530273,25.329999923706055,24.849393844604492,6174
2024-08-26,25.06999969482422,25.200000762939453,25.0,25.200000762939453,24.721860885620117,6539
2024-08-27,25.149999618530273,25.149999618530273,24.979999542236328,25.100000381469727,24.62375831604004,6964
2024-08-28,24.920000076293945,25.079999923706055,24.920000076293945,24.979999542236328,24.50603485107422,3364
2024-08-29,25.0,25.040000915527344,24.899999618530273,24.985000610351562,24.510940551757812,7383
2024-08-30,25.030000686645508,25.850000381469727,24.962900161743164,25.649999618530273,25.16332244873047,51095
2024-09-03,25.510000228881836,25.700000762939453,25.15999984741211,25.15999984741211,24.682619094848633,15826
2024-09-04,25.229999542236328,25.690000534057617,25.229999542236328,25.530000686645508,25.04560089111328,7665
2024-09-05,24.610000610351562,25.030000686645508,24.610000610351562,24.800100326538086,24.800100326538086,10585
2024-09-06,24.799999237060547,24.834999084472656,24.549999237060547,24.700000762939453,24.700000762939453,14291
2024-09-09,24.690000534057617,24.988399505615234,24.68000030517578,24.860000610351562,24.860000610351562,16817
2024-09-10,24.809999465942383,24.895000457763672,24.610000610351562,24.702299118041992,24.702299118041992,5679
2024-09-11,24.790000915527344,24.969999313354492,24.68000030517578,24.68000030517578,24.68000030517578,6706
2024-09-12,24.770000457763672,24.770000457763672,24.729999542236328,24.744300842285156,24.744300842285156,5256
2024-09-13,24.799999237060547,24.799999237060547,24.700000762939453,24.700000762939453,24.700000762939453,6104
2024-09-16,24.719999313354492,24.75,24.68000030517578,24.68000030517578,24.68000030517578,7270
2024-09-17,24.68000030517578,24.782499313354492,24.649999618530273,24.782499313354492,24.782499313354492,4843
2024-09-18,24.780000686645508,24.799999237060547,24.75,24.75,24.75,3816
2024-09-19,24.711200714111328,24.8799991607666,24.711200714111328,24.860000610351562,24.860000610351562,2391
2024-09-20,24.780000686645508,24.8700008392334,24.780000686645508,24.81999969482422,24.81999969482422,5107
2024-09-23,24.950000762939453,25.0,24.639999389648438,24.979999542236328,24.979999542236328,4354
2024-09-24,24.790000915527344,24.90999984741211,24.790000915527344,24.809999465942383,24.809999465942383,5352
2024-09-25,24.90999984741211,24.90999984741211,24.774999618530273,24.899999618530273,24.899999618530273,3421
2024-09-26,24.770000457763672,24.940000534057617,24.770000457763672,24.940000534057617,24.940000534057617,3114
2024-09-27,24.90999984741211,24.90999984741211,24.600000381469727,24.7367000579834,24.7367000579834,5020
2024-09-30,24.75,24.816999435424805,24.6200008392334,24.6200008392334,24.6200008392334,11326
2024-10-01,24.700000762939453,24.920000076293945,24.6200008392334,24.920000076293945,24.920000076293945,4011
2024-10-02,24.950000762939453,25.200000762939453,24.950000762939453,25.100000381469727,25.100000381469727,8751
2024-10-03,25.0,25.09000015258789,24.8799991607666,25.09000015258789,25.09000015258789,4652
2024-10-04,24.950000762939453,25.100000381469727,24.84000015258789,24.920000076293945,24.920000076293945,3155
2024-10-07,24.899999618530273,24.93000030517578,24.703800201416016,24.8700008392334,24.8700008392334,2353
2024-10-08,24.950000762939453,25.079999923706055,24.950000762939453,24.989999771118164,24.989999771118164,3219
2024-10-09,25.079999923706055,25.219999313354492,24.75,24.75,24.75,9897
2024-10-10,25.06999969482422,25.25,25.0,25.190000534057617,25.190000534057617,2052
2024-10-11,24.912500381469727,25.18000030517578,24.809999465942383,24.899999618530273,24.899999618530273,32603
2024-10-14,24.839799880981445,24.889999389648438,24.770000457763672,24.889999389648438,24.889999389648438,2322
2024-10-15,24.790000915527344,25.0,24.790000915527344,24.979999542236328,24.979999542236328,17808
2024-10-16,24.961599349975586,24.961599349975586,24.860000610351562,24.940000534057617,24.940000534057617,9033
2024-10-17,24.899999618530273,24.9512996673584,24.850000381469727,24.8700008392334,24.8700008392334,7773
2024-10-18,24.850000381469727,24.979999542236328,24.809999465942383,24.8799991607666,24.8799991607666,6666
2024-10-21,24.899999618530273,24.899999618530273,24.6200008392334,24.799999237060547,24.799999237060547,2232
2024-10-22,24.940000534057617,24.979999542236328,24.624000549316406,24.624000549316406,24.624000549316406,2674
2024-10-23,24.649999618530273,24.860000610351562,24.63010025024414,24.700000762939453,24.700000762939453,5984
2024-10-24,24.68000030517578,24.84000015258789,24.61009979248047,24.84000015258789,24.84000015258789,4486
2024-10-25,24.815000534057617,24.850000381469727,24.815000534057617,24.850000381469727,24.850000381469727,800
2024-10-28,24.81999969482422,24.979999542236328,24.700000762939453,24.979999542236328,24.979999542236328,1901
2024-10-29,24.654499053955078,24.97640037536621,24.6299991607666,24.75,24.75,6635
2024-10-30,24.729999542236328,24.90410041809082,24.709999084472656,24.75,24.75,5020
2024-10-31,24.889999389648438,24.969999313354492,24.700000762939453,24.969999313354492,24.969999313354492,6721
2024-11-01,24.899999618530273,24.929899215698242,24.649999618530273,24.690000534057617,24.690000534057617,3403
2024-11-04,24.75,24.8799991607666,24.75,24.8799991607666,24.8799991607666,1358
2024-11-05,25.270000457763672,25.3799991607666,25.25,25.260000228881836,25.260000228881836,54626
2024-11-06,25.270000457763672,25.280000686645508,25.270000457763672,25.270000457763672,25.270000457763672,19470
2024-11-07,25.280000686645508,25.290000915527344,25.280000686645508,25.280000686645508,25.280000686645508,6269
2024-11-08,25.291200637817383,25.300100326538086,25.290000915527344,25.300100326538086,25.300100326538086,2611
