Date,Open,High,Low,Close,Adj Close,Volume
2021-01-12,10.5,15.0600004196167,10.0600004196167,10.100000381469727,10.100000381469727,2943600
2021-01-13,11.109999656677246,11.720000267028809,10.130000114440918,10.149999618530273,10.149999618530273,773000
2021-01-14,10.149999618530273,10.25,8.890000343322754,9.1899995803833,9.1899995803833,690500
2021-01-15,9.0,10.5,8.880000114440918,10.100000381469727,10.100000381469727,996500
2021-01-19,9.699999809265137,9.890000343322754,9.5,9.699999809265137,9.699999809265137,378900
2021-01-20,9.710000038146973,9.710000038146973,9.319999694824219,9.5,9.5,203000
2021-01-21,9.359999656677246,9.479999542236328,9.180000305175781,9.359999656677246,9.359999656677246,82600
2021-01-22,9.039999961853027,9.5,9.039999961853027,9.430000305175781,9.430000305175781,87500
2021-01-25,9.350000381469727,9.390000343322754,8.899999618530273,9.130000114440918,9.130000114440918,116800
2021-01-26,9.0,9.170000076293945,9.0,9.020000457763672,9.020000457763672,95700
2021-01-27,8.880000114440918,9.079999923706055,8.479999542236328,9.079999923706055,9.079999923706055,156900
2021-01-28,9.0,9.350000381469727,9.0,9.350000381469727,9.350000381469727,54700
2021-01-29,9.1899995803833,9.720000267028809,9.130000114440918,9.359999656677246,9.359999656677246,47400
2021-02-01,9.100000381469727,9.489999771118164,8.930000305175781,8.930000305175781,8.930000305175781,121400
2021-02-02,9.34000015258789,9.800000190734863,9.109999656677246,9.800000190734863,9.800000190734863,84100
2021-02-03,9.920000076293945,9.920000076293945,9.380000114440918,9.40999984741211,9.40999984741211,26800
2021-02-04,9.380000114440918,9.430000305175781,9.069999694824219,9.069999694824219,9.069999694824219,46000
2021-02-05,9.199999809265137,9.390000343322754,8.994999885559082,9.15999984741211,9.15999984741211,30800
2021-02-08,9.050000190734863,9.121000289916992,8.90999984741211,8.949999809265137,8.949999809265137,130800
2021-02-09,8.979999542236328,9.020000457763672,8.949999809265137,8.979999542236328,8.979999542236328,33800
2021-02-10,8.989999771118164,9.09000015258789,8.800000190734863,8.920000076293945,8.920000076293945,49000
2021-02-11,8.84000015258789,8.875,8.579999923706055,8.699999809265137,8.699999809265137,58600
2021-02-12,8.630000114440918,9.079999923706055,8.600000381469727,9.069999694824219,9.069999694824219,35100
2021-02-16,9.130000114440918,9.130000114440918,8.8100004196167,8.9399995803833,8.9399995803833,42400
2021-02-17,8.930000305175781,8.9399995803833,8.6899995803833,8.729999542236328,8.729999542236328,34300
2021-02-18,8.680000305175781,8.729999542236328,8.59000015258789,8.670000076293945,8.670000076293945,24600
2021-02-19,8.699999809265137,8.720000267028809,8.5,8.569999694824219,8.569999694824219,28100
2021-02-22,8.800000190734863,8.871000289916992,8.586999893188477,8.630000114440918,8.630000114440918,36500
2021-02-23,8.350000381469727,8.350000381469727,7.679999828338623,7.809999942779541,7.809999942779541,59300
2021-02-24,7.809999942779541,7.965000152587891,7.800000190734863,7.809999942779541,7.809999942779541,10500
2021-02-25,7.699999809265137,7.701000213623047,7.190000057220459,7.25,7.25,45300
2021-02-26,7.239999771118164,7.239999771118164,6.889999866485596,6.949999809265137,6.949999809265137,44300
2021-03-01,6.949999809265137,7.079999923706055,6.940000057220459,7.065000057220459,7.065000057220459,14900
2021-03-02,7.050000190734863,7.070000171661377,6.960000038146973,7.019999980926514,7.019999980926514,5700
2021-03-03,7.119999885559082,7.119999885559082,6.880000114440918,6.900000095367432,6.900000095367432,8600
2021-03-04,6.940000057220459,6.940000057220459,5.570000171661377,5.644999980926514,5.644999980926514,30000
2021-03-05,6.599999904632568,6.697000026702881,5.690000057220459,5.909999847412109,5.909999847412109,36400
2021-03-08,5.989999771118164,6.190000057220459,5.989999771118164,6.010000228881836,6.010000228881836,12300
2021-03-09,6.050000190734863,6.53000020980835,5.96999979019165,6.489999771118164,6.489999771118164,34500
2021-03-10,6.659999847412109,6.900000095367432,6.659999847412109,6.699999809265137,6.699999809265137,12100
2021-03-11,6.980000019073486,6.980000019073486,6.699999809265137,6.699999809265137,6.699999809265137,5900
2021-03-12,6.639999866485596,6.849999904632568,6.599999904632568,6.809999942779541,6.809999942779541,6800
2021-03-15,6.980000019073486,6.980000019073486,6.730000019073486,6.809999942779541,6.809999942779541,11900
2021-03-16,6.900000095367432,7.179999828338623,6.599999904632568,7.0,7.0,75700
2021-03-17,7.090000152587891,10.699999809265137,6.679999828338623,9.289999961853027,9.289999961853027,1524600
2021-03-18,8.770000457763672,10.4399995803833,7.419000148773193,8.0,8.0,868500
2021-03-19,7.650000095367432,7.948999881744385,7.5,7.650000095367432,7.650000095367432,56800
2021-03-22,7.550000190734863,10.168999671936035,7.199999809265137,8.550000190734863,8.550000190734863,2372600
2021-03-23,9.380000114440918,11.369999885559082,8.40999984741211,8.979999542236328,8.979999542236328,1527900
2021-03-24,9.289999961853027,9.34000015258789,7.5229997634887695,7.619999885559082,7.619999885559082,273800
2021-03-25,6.590000152587891,6.994999885559082,6.349999904632568,6.769999980926514,6.769999980926514,243000
2021-03-26,6.989999771118164,7.315000057220459,6.28000020980835,6.320000171661377,6.320000171661377,78300
2021-03-29,6.400000095367432,6.989999771118164,6.400000095367432,6.699999809265137,6.699999809265137,67400
2021-03-30,6.519999980926514,7.010000228881836,6.519999980926514,6.670000076293945,6.670000076293945,57000
2021-03-31,6.699999809265137,6.96999979019165,6.699999809265137,6.849999904632568,6.849999904632568,80300
2021-04-01,7.0,7.269999980926514,6.804999828338623,7.03000020980835,7.03000020980835,37600
2021-04-05,7.170000076293945,7.170000076293945,6.78000020980835,6.940000057220459,6.940000057220459,26600
2021-04-06,6.820000171661377,6.914999961853027,6.519999980926514,6.650000095367432,6.650000095367432,39600
2021-04-07,6.699999809265137,7.03000020980835,6.699999809265137,6.900000095367432,6.900000095367432,28200
2021-04-08,6.96999979019165,7.099999904632568,6.71999979019165,7.090000152587891,7.090000152587891,30500
2021-04-09,6.989999771118164,7.130000114440918,6.800000190734863,6.929999828338623,6.929999828338623,11000
2021-04-12,6.820000171661377,6.872000217437744,6.71999979019165,6.800000190734863,6.800000190734863,95100
2021-04-13,6.809999942779541,6.920000076293945,6.599999904632568,6.659999847412109,6.659999847412109,86500
2021-04-14,6.599999904632568,7.0970001220703125,6.300000190734863,6.489999771118164,6.489999771118164,124200
2021-04-15,6.659999847412109,6.78000020980835,6.309999942779541,6.75,6.75,53500
2021-04-16,6.360000133514404,6.800000190734863,6.159999847412109,6.800000190734863,6.800000190734863,38400
2021-04-19,6.820000171661377,7.0,6.380000114440918,6.820000171661377,6.820000171661377,49400
2021-04-20,6.670000076293945,6.686999797821045,6.070000171661377,6.150000095367432,6.150000095367432,31600
2021-04-21,6.28000020980835,6.510000228881836,6.083000183105469,6.239999771118164,6.239999771118164,47200
2021-04-22,6.110000133514404,6.309999942779541,5.699999809265137,5.900000095367432,5.900000095367432,73800
2021-04-23,6.050000190734863,6.25,5.820000171661377,6.130000114440918,6.130000114440918,64100
2021-04-26,6.139999866485596,6.139999866485596,5.809999942779541,5.896999835968018,5.896999835968018,59800
2021-04-27,5.840000152587891,5.900000095367432,5.710000038146973,5.710000038146973,5.710000038146973,28700
2021-04-28,5.78000020980835,5.889999866485596,5.699999809265137,5.789999961853027,5.789999961853027,52500
2021-04-29,5.883999824523926,5.883999824523926,5.210000038146973,5.210000038146973,5.210000038146973,88200
2021-04-30,5.21999979019165,5.389999866485596,5.199999809265137,5.269999980926514,5.269999980926514,60300
2021-05-03,5.269999980926514,5.289999961853027,4.920000076293945,4.920000076293945,4.920000076293945,76600
2021-05-04,4.900000095367432,4.96999979019165,4.699999809265137,4.699999809265137,4.699999809265137,66200
2021-05-05,4.827000141143799,4.900000095367432,4.699999809265137,4.71999979019165,4.71999979019165,52700
2021-05-06,4.699999809265137,4.880000114440918,4.570000171661377,4.570000171661377,4.570000171661377,28800
2021-05-07,4.550000190734863,5.210000038146973,4.550000190734863,4.980000019073486,4.980000019073486,136700
2021-05-10,5.03000020980835,5.130000114440918,4.679999828338623,4.800000190734863,4.800000190734863,46300
2021-05-11,4.789999961853027,4.880000114440918,4.670000076293945,4.75,4.75,28400
2021-05-12,4.599999904632568,5.079999923706055,4.599999904632568,4.889999866485596,4.889999866485596,43400
2021-05-13,4.940000057220459,5.150000095367432,4.679999828338623,4.800000190734863,4.800000190734863,33700
2021-05-14,4.800000190734863,5.098999977111816,4.650000095367432,4.650000095367432,4.650000095367432,59700
2021-05-17,4.940000057220459,4.940000057220459,4.709000110626221,4.919000148773193,4.919000148773193,15000
2021-05-18,4.815000057220459,5.199999809265137,4.650000095367432,5.070000171661377,5.070000171661377,139900
2021-05-19,4.974999904632568,5.303999900817871,4.840000152587891,5.210000038146973,5.210000038146973,104500
2021-05-20,5.206999778747559,6.03000020980835,5.206999778747559,5.320000171661377,5.320000171661377,116900
2021-05-21,5.369999885559082,6.199999809265137,5.369999885559082,6.199999809265137,6.199999809265137,107000
2021-05-24,6.300000190734863,6.449999809265137,6.139999866485596,6.2870001792907715,6.2870001792907715,104400
2021-05-25,6.400000095367432,6.400000095367432,5.619999885559082,5.940000057220459,5.940000057220459,91000
2021-05-26,6.059999942779541,6.789999961853027,5.75,6.659999847412109,6.659999847412109,139600
2021-05-27,6.829999923706055,6.829999923706055,6.059999942779541,6.25,6.25,108800
2021-05-28,6.130000114440918,6.800000190734863,6.010000228881836,6.659999847412109,6.659999847412109,125500
2021-06-01,6.53000020980835,6.659999847412109,6.159999847412109,6.460000038146973,6.460000038146973,111600
2021-06-02,6.400000095367432,6.550000190734863,6.099999904632568,6.357999801635742,6.357999801635742,66200
2021-06-03,6.210000038146973,6.369999885559082,6.03000020980835,6.320000171661377,6.320000171661377,49900
2021-06-04,6.449999809265137,6.579999923706055,6.199999809265137,6.210000038146973,6.210000038146973,39800
2021-06-07,6.420000076293945,6.46999979019165,6.199999809265137,6.420000076293945,6.420000076293945,20200
2021-06-08,6.51800012588501,6.53000020980835,6.119999885559082,6.159999847412109,6.159999847412109,52000
2021-06-09,6.193999767303467,6.193999767303467,5.809999942779541,5.9019999504089355,5.9019999504089355,51800
2021-06-10,6.199999809265137,6.199999809265137,5.599999904632568,5.789999961853027,5.789999961853027,50100
2021-06-11,5.840000152587891,6.28000020980835,5.699999809265137,6.28000020980835,6.28000020980835,53000
2021-06-14,6.28000020980835,6.28000020980835,5.909999847412109,6.177000045776367,6.177000045776367,45900
2021-06-15,6.110000133514404,6.360000133514404,5.920000076293945,6.090000152587891,6.090000152587891,33600
2021-06-16,5.980000019073486,6.389999866485596,5.78000020980835,5.989999771118164,5.989999771118164,65700
2021-06-17,6.079999923706055,6.079999923706055,5.809999942779541,5.920000076293945,5.920000076293945,18000
2021-06-18,5.880000114440918,5.954999923706055,5.599999904632568,5.769999980926514,5.769999980926514,40900
2021-06-21,5.670000076293945,5.71999979019165,5.03000020980835,5.177000045776367,5.177000045776367,75200
2021-06-22,5.510000228881836,5.510000228881836,5.125,5.150000095367432,5.150000095367432,63100
2021-06-23,5.150000095367432,5.159999847412109,4.84499979019165,5.010000228881836,5.010000228881836,49000
2021-06-24,5.25,5.533999919891357,5.099999904632568,5.099999904632568,5.099999904632568,43600
2021-06-25,5.320000171661377,5.320000171661377,5.0,5.159999847412109,5.159999847412109,59400
2021-06-28,5.295000076293945,5.295000076293945,5.110000133514404,5.130000114440918,5.130000114440918,38700
2021-06-29,5.409999847412109,5.409999847412109,5.110000133514404,5.119999885559082,5.119999885559082,23700
2021-06-30,5.099999904632568,5.442999839782715,5.099999904632568,5.340000152587891,5.340000152587891,57000
2021-07-01,5.46999979019165,5.789999961853027,5.110000133514404,5.150000095367432,5.150000095367432,193000
2021-07-02,5.28000020980835,5.28000020980835,4.880000114440918,5.139999866485596,5.139999866485596,71300
2021-07-06,5.199999809265137,5.199999809265137,4.9670000076293945,5.099999904632568,5.099999904632568,28700
2021-07-07,5.0,5.170000076293945,5.0,5.170000076293945,5.170000076293945,8400
2021-07-08,5.150000095367432,5.375,5.150000095367432,5.230000019073486,5.230000019073486,73600
2021-07-09,5.150000095367432,5.5,5.150000095367432,5.369999885559082,5.369999885559082,69300
2021-07-12,5.260000228881836,5.400000095367432,5.21999979019165,5.349999904632568,5.349999904632568,63600
2021-07-13,5.21999979019165,5.570000171661377,5.199999809265137,5.349999904632568,5.349999904632568,62500
2021-07-14,5.449999809265137,5.5,5.099999904632568,5.179999828338623,5.179999828338623,104400
2021-07-15,5.090000152587891,5.400000095367432,5.090000152587891,5.289999961853027,5.289999961853027,99300
2021-07-16,5.21999979019165,5.396999835968018,5.21999979019165,5.329999923706055,5.329999923706055,9500
2021-07-19,5.380000114440918,5.590000152587891,5.269999980926514,5.440000057220459,5.440000057220459,99000
2021-07-20,5.400000095367432,5.639999866485596,5.300000190734863,5.389999866485596,5.389999866485596,71000
2021-07-21,5.300000190734863,5.5,5.300000190734863,5.480000019073486,5.480000019073486,11500
2021-07-22,5.610000133514404,5.610000133514404,5.25,5.25,5.25,134500
2021-07-23,5.329999923706055,5.440000057220459,5.28000020980835,5.369999885559082,5.369999885559082,36700
2021-07-26,5.309999942779541,5.679999828338623,5.309999942779541,5.590000152587891,5.590000152587891,28800
2021-07-27,5.460000038146973,5.800000190734863,5.400000095367432,5.420000076293945,5.420000076293945,72800
2021-07-28,5.489999771118164,5.849999904632568,5.489999771118164,5.849999904632568,5.849999904632568,32200
2021-07-29,5.840000152587891,6.360000133514404,5.814000129699707,6.28000020980835,6.28000020980835,62500
2021-07-30,6.300000190734863,6.670000076293945,6.269999980926514,6.670000076293945,6.670000076293945,66700
2021-08-02,6.599999904632568,6.659999847412109,6.579999923706055,6.639999866485596,6.639999866485596,19300
2021-08-03,6.650000095367432,6.889999866485596,6.565000057220459,6.800000190734863,6.800000190734863,71900
2021-08-04,6.980000019073486,7.0,6.619999885559082,6.940000057220459,6.940000057220459,67800
2021-08-05,6.980000019073486,6.980000019073486,6.860000133514404,6.940000057220459,6.940000057220459,49200
2021-08-06,6.829999923706055,7.150000095367432,6.380000114440918,6.940000057220459,6.940000057220459,176400
2021-08-09,6.840000152587891,6.840000152587891,5.940000057220459,5.96999979019165,5.96999979019165,69600
2021-08-10,5.949999809265137,6.199999809265137,5.829999923706055,6.099999904632568,6.099999904632568,50000
2021-08-11,6.199999809265137,6.340000152587891,6.139999866485596,6.289999961853027,6.289999961853027,20000
2021-08-12,6.300000190734863,6.5,6.099999904632568,6.380000114440918,6.380000114440918,112400
2021-08-13,6.260000228881836,6.550000190734863,6.210000038146973,6.210000038146973,6.210000038146973,47600
2021-08-16,6.199999809265137,6.21999979019165,6.099999904632568,6.21999979019165,6.21999979019165,12000
2021-08-17,6.099999904632568,6.369999885559082,6.059999942779541,6.119999885559082,6.119999885559082,67400
2021-08-18,6.050000190734863,6.099999904632568,5.949999809265137,6.035999774932861,6.035999774932861,25900
2021-08-19,5.989999771118164,6.139999866485596,5.800000190734863,6.03000020980835,6.03000020980835,38600
2021-08-20,5.929999828338623,6.079999923706055,5.829999923706055,5.999000072479248,5.999000072479248,21000
2021-08-23,5.929999828338623,6.066999912261963,5.869999885559082,6.066999912261963,6.066999912261963,4300
2021-08-24,6.03000020980835,6.14300012588501,5.96999979019165,6.118000030517578,6.118000030517578,19200
2021-08-25,6.050000190734863,6.349999904632568,6.03000020980835,6.079999923706055,6.079999923706055,47200
2021-08-26,6.099999904632568,6.309999942779541,6.099999904632568,6.309999942779541,6.309999942779541,5600
2021-08-27,6.199999809265137,6.53000020980835,6.179999828338623,6.309999942779541,6.309999942779541,97900
2021-08-30,6.389999866485596,6.5,6.21999979019165,6.28000020980835,6.28000020980835,124900
2021-08-31,6.5,6.590000152587891,6.099999904632568,6.579999923706055,6.579999923706055,21000
2021-09-01,6.5,6.550000190734863,6.019999980926514,6.019999980926514,6.019999980926514,115800
2021-09-02,6.010000228881836,6.070000171661377,5.949999809265137,6.070000171661377,6.070000171661377,44600
2021-09-03,5.980000019073486,6.260000228881836,5.980000019073486,6.21999979019165,6.21999979019165,34000
2021-09-07,6.150000095367432,6.210000038146973,6.099999904632568,6.170000076293945,6.170000076293945,5100
2021-09-08,6.210000038146973,6.300000190734863,5.949999809265137,5.949999809265137,5.949999809265137,103100
2021-09-09,6.019999980926514,6.300000190734863,5.974999904632568,6.079999923706055,6.079999923706055,7700
2021-09-10,6.050000190734863,6.119999885559082,5.929999828338623,5.989999771118164,5.989999771118164,19700
2021-09-13,5.949999809265137,6.199999809265137,5.949999809265137,6.179999828338623,6.179999828338623,105900
2021-09-14,6.110000133514404,6.179999828338623,6.050000190734863,6.179999828338623,6.179999828338623,22600
2021-09-15,6.110000133514404,6.170000076293945,6.019999980926514,6.170000076293945,6.170000076293945,5600
2021-09-16,6.079999923706055,6.260000228881836,5.9730000495910645,6.0,6.0,75300
2021-09-17,5.949999809265137,6.130000114440918,5.949999809265137,6.130000114440918,6.130000114440918,7000
2021-09-20,6.010000228881836,6.110000133514404,5.986000061035156,6.03000020980835,6.03000020980835,18500
2021-09-21,6.0,6.21999979019165,5.920000076293945,6.119999885559082,6.119999885559082,15300
2021-09-22,6.079999923706055,6.150000095367432,6.046000003814697,6.079999923706055,6.079999923706055,17300
2021-09-23,6.050000190734863,6.267000198364258,5.909999847412109,5.909999847412109,5.909999847412109,11100
2021-09-24,5.940000057220459,6.264999866485596,5.900000095367432,5.949999809265137,5.949999809265137,27700
2021-09-27,6.0,6.039999961853027,5.869999885559082,5.989999771118164,5.989999771118164,27800
2021-09-28,6.099999904632568,6.099999904632568,5.860000133514404,5.980000019073486,5.980000019073486,7200
2021-09-29,5.9720001220703125,6.099999904632568,5.868000030517578,6.099999904632568,6.099999904632568,6100
2021-09-30,6.03000020980835,6.179999828338623,5.900000095367432,6.041999816894531,6.041999816894531,10500
2021-10-01,6.070000171661377,6.199999809265137,5.900000095367432,6.150000095367432,6.150000095367432,7300
2021-10-04,6.099999904632568,6.099999904632568,5.949999809265137,6.050000190734863,6.050000190734863,5200
2021-10-05,6.0,6.099999904632568,5.800000190734863,5.989999771118164,5.989999771118164,6000
2021-10-06,5.880000114440918,6.0,5.869999885559082,5.980000019073486,5.980000019073486,6600
2021-10-07,5.989999771118164,6.090000152587891,5.880000114440918,5.989999771118164,5.989999771118164,6900
2021-10-08,5.880000114440918,6.099999904632568,5.880000114440918,6.099999904632568,6.099999904632568,6800
2021-10-11,6.190000057220459,6.190000057220459,5.920000076293945,5.920000076293945,5.920000076293945,12400
2021-10-12,5.820000171661377,5.909999847412109,5.75,5.75,5.75,7900
2021-10-13,5.760000228881836,5.849999904632568,5.699999809265137,5.71999979019165,5.71999979019165,4600
2021-10-14,5.664000034332275,5.71999979019165,5.579999923706055,5.71999979019165,5.71999979019165,7400
2021-10-15,5.400000095367432,5.690000057220459,5.389999866485596,5.579999923706055,5.579999923706055,9900
2021-10-18,5.369999885559082,5.519999980926514,5.369999885559082,5.519999980926514,5.519999980926514,5100
2021-10-19,5.400000095367432,5.494999885559082,5.314000129699707,5.489999771118164,5.489999771118164,6000
2021-10-20,5.309999942779541,5.519999980926514,5.309999942779541,5.489999771118164,5.489999771118164,5600
2021-10-21,5.449999809265137,5.492000102996826,5.300000190734863,5.489999771118164,5.489999771118164,5800
2021-10-22,5.449999809265137,5.519999980926514,5.429999828338623,5.511000156402588,5.511000156402588,8700
2021-10-25,5.619999885559082,5.690000057220459,5.460000038146973,5.670000076293945,5.670000076293945,51500
2021-10-26,5.610000133514404,5.710000038146973,5.570000171661377,5.579999923706055,5.579999923706055,44500
2021-10-27,5.440000057220459,5.670000076293945,5.25,5.400000095367432,5.400000095367432,28700
2021-10-28,5.309999942779541,5.460000038146973,5.099999904632568,5.199999809265137,5.199999809265137,29700
2021-10-29,5.110000133514404,5.239999771118164,4.940000057220459,4.940000057220459,4.940000057220459,41800
2021-11-01,4.940000057220459,5.269999980926514,4.940000057220459,5.010000228881836,5.010000228881836,42600
2021-11-02,5.019999980926514,5.099999904632568,4.980000019073486,5.0,5.0,46200
2021-11-03,4.980000019073486,5.059999942779541,4.980000019073486,5.019999980926514,5.019999980926514,27700
2021-11-04,4.960000038146973,5.019999980926514,4.840000152587891,4.849999904632568,4.849999904632568,16200
2021-11-05,4.989999771118164,5.130000114440918,4.940000057220459,5.03000020980835,5.03000020980835,101800
2021-11-08,5.130000114440918,5.150000095367432,5.0,5.059999942779541,5.059999942779541,126000
2021-11-09,5.159999847412109,5.159999847412109,4.90500020980835,5.090000152587891,5.090000152587891,103900
2021-11-10,5.099999904632568,5.099999904632568,4.880000114440918,4.96999979019165,4.96999979019165,107200
2021-11-11,4.860000133514404,5.010000228881836,4.800000190734863,4.849999904632568,4.849999904632568,100700
2021-11-12,4.860000133514404,4.864999771118164,4.5,4.510000228881836,4.510000228881836,86400
2021-11-15,4.510000228881836,4.559999942779541,4.0,4.110000133514404,4.110000133514404,111700
2021-11-16,4.170000076293945,6.25,4.170000076293945,4.849999904632568,4.849999904632568,6030500
2021-11-17,4.739999771118164,4.880000114440918,4.28000020980835,4.519999980926514,4.519999980926514,166800
2021-11-18,4.409999847412109,4.505000114440918,4.079999923706055,4.329999923706055,4.329999923706055,104300
2021-11-19,4.25,4.400000095367432,4.190000057220459,4.400000095367432,4.400000095367432,54200
2021-11-22,4.329999923706055,4.340000152587891,4.052999973297119,4.199999809265137,4.199999809265137,44200
2021-11-23,4.239999771118164,4.239999771118164,4.130000114440918,4.150000095367432,4.150000095367432,54400
2021-11-24,4.070000171661377,4.349999904632568,4.070000171661377,4.269999980926514,4.269999980926514,44800
2021-11-26,4.269999980926514,4.320000171661377,4.199999809265137,4.289999961853027,4.289999961853027,22600
2021-11-29,4.320000171661377,4.5,4.309999942779541,4.449999809265137,4.449999809265137,49900
2021-11-30,4.369999885559082,4.449999809265137,4.0,4.0,4.0,34200
2021-12-01,4.119999885559082,4.199999809265137,3.759999990463257,3.759999990463257,3.759999990463257,34900
2021-12-02,3.680000066757202,3.8299999237060547,3.5199999809265137,3.700000047683716,3.700000047683716,43600
2021-12-03,3.6700000762939453,3.690000057220459,3.0399999618530273,3.0399999618530273,3.0399999618530273,136700
2021-12-06,3.009999990463257,3.3299999237060547,3.009999990463257,3.119999885559082,3.119999885559082,118200
2021-12-07,3.1700000762939453,3.319999933242798,3.1600000858306885,3.2200000286102295,3.2200000286102295,153600
2021-12-08,3.180000066757202,3.450000047683716,3.174999952316284,3.430000066757202,3.430000066757202,138300
2021-12-09,3.430000066757202,3.7300000190734863,3.309999942779541,3.6700000762939453,3.6700000762939453,105400
2021-12-10,3.680000066757202,3.9100000858306885,3.640000104904175,3.700000047683716,3.700000047683716,130800
2021-12-13,3.640000104904175,3.640000104904175,3.4700000286102295,3.5299999713897705,3.5299999713897705,69600
2021-12-14,3.5299999713897705,3.6600000858306885,3.4600000381469727,3.4600000381469727,3.4600000381469727,53000
2021-12-15,3.450000047683716,3.4600000381469727,3.319999933242798,3.4600000381469727,3.4600000381469727,48000
2021-12-16,3.4000000953674316,3.7899999618530273,3.319999933242798,3.7899999618530273,3.7899999618530273,63600
2021-12-17,3.7899999618530273,3.7899999618530273,3.5,3.5799999237060547,3.5799999237060547,57100
2021-12-20,3.5,3.7200000286102295,3.4200000762939453,3.7200000286102295,3.7200000286102295,60100
2021-12-21,3.700000047683716,4.130000114440918,3.609999895095825,4.004000186920166,4.004000186920166,114500
2021-12-22,4.0,4.329999923706055,4.0,4.099999904632568,4.099999904632568,71800
2021-12-23,4.139999866485596,4.539999961853027,4.130000114440918,4.150000095367432,4.150000095367432,87500
2021-12-27,4.090000152587891,4.5,4.090000152587891,4.429999828338623,4.429999828338623,162700
2021-12-28,4.489999771118164,4.75,4.300000190734863,4.695000171661377,4.695000171661377,163900
2021-12-29,4.659999847412109,4.820000171661377,4.489999771118164,4.699999809265137,4.699999809265137,128000
2021-12-30,4.670000076293945,4.75,4.284999847412109,4.610000133514404,4.610000133514404,208700
2021-12-31,4.599999904632568,4.75,4.13100004196167,4.260000228881836,4.260000228881836,199000
2022-01-03,4.320000171661377,4.320000171661377,3.859999895095825,4.045000076293945,4.045000076293945,156000
2022-01-04,3.9240000247955322,4.099999904632568,3.740000009536743,3.880000114440918,3.880000114440918,105900
2022-01-05,3.9700000286102295,4.090000152587891,3.6549999713897705,3.75,3.75,95100
2022-01-06,3.825000047683716,4.019999980926514,3.640000104904175,3.75,3.75,67200
2022-01-07,3.8499999046325684,4.099999904632568,3.549999952316284,4.0,4.0,73400
2022-01-10,3.9000000953674316,3.994999885559082,3.619999885559082,3.809999942779541,3.809999942779541,36300
2022-01-11,3.7300000190734863,4.130000114440918,3.640000104904175,4.119999885559082,4.119999885559082,126000
2022-01-12,4.079999923706055,4.090000152587891,3.671999931335449,4.03000020980835,4.03000020980835,58200
2022-01-13,3.9040000438690186,4.059999942779541,3.7699999809265137,4.0,4.0,5000
2022-01-14,3.8519999980926514,4.400000095367432,3.8499999046325684,4.309999942779541,4.309999942779541,52800
2022-01-18,4.300000190734863,4.440000057220459,4.184999942779541,4.389999866485596,4.389999866485596,50800
2022-01-19,4.25,4.51200008392334,4.199999809265137,4.440000057220459,4.440000057220459,88100
2022-01-20,4.349999904632568,4.6620001792907715,4.300000190734863,4.550000190734863,4.550000190734863,170900
2022-01-21,4.599999904632568,4.659999847412109,3.950000047683716,4.010000228881836,4.010000228881836,184500
2022-01-24,4.0,4.0,3.75,3.799999952316284,3.799999952316284,86500
2022-01-25,3.700000047683716,4.150000095367432,3.700000047683716,4.010000228881836,4.010000228881836,106100
2022-01-26,4.0,4.03000020980835,3.819999933242798,3.9700000286102295,3.9700000286102295,74200
2022-01-27,3.9000000953674316,3.9600000381469727,3.809999942779541,3.809999942779541,3.809999942779541,19900
2022-01-28,3.7699999809265137,4.010000228881836,3.7699999809265137,3.869999885559082,3.869999885559082,31100
2022-01-31,3.927000045776367,4.300000190734863,3.9200000762939453,4.119999885559082,4.119999885559082,67000
2022-02-01,4.199999809265137,4.28000020980835,4.050000190734863,4.28000020980835,4.28000020980835,21200
2022-02-02,4.210000038146973,4.210000038146973,4.0,4.139999866485596,4.139999866485596,15100
2022-02-03,4.0,4.065000057220459,3.818000078201294,3.859999895095825,3.859999895095825,16000
2022-02-04,3.7699999809265137,4.019999980926514,3.75,3.7899999618530273,3.7899999618530273,7300
2022-02-07,3.9100000858306885,3.9800000190734863,3.799999952316284,3.9800000190734863,3.9800000190734863,3900
2022-02-08,3.9800000190734863,4.010000228881836,3.7799999713897705,3.8399999141693115,3.8399999141693115,19400
2022-02-09,3.9200000762939453,3.9200000762939453,3.7200000286102295,3.7200000286102295,3.7200000286102295,13800
2022-02-10,3.690000057220459,4.099999904632568,3.6600000858306885,3.859999895095825,3.859999895095825,20500
2022-02-11,3.880000114440918,3.880000114440918,3.75,3.880000114440918,3.880000114440918,2100
2022-02-14,3.880000114440918,3.940000057220459,3.809999942779541,3.9200000762939453,3.9200000762939453,19900
2022-02-15,3.8949999809265137,4.059999942779541,3.7699999809265137,3.9200000762939453,3.9200000762939453,180400
2022-02-16,3.9100000858306885,3.9200000762939453,3.75,3.75,3.75,165500
2022-02-17,3.7799999713897705,3.7920000553131104,3.5199999809265137,3.549999952316284,3.549999952316284,145000
2022-02-18,3.4800000190734863,3.7799999713897705,3.4600000381469727,3.7300000190734863,3.7300000190734863,156300
2022-02-22,3.740000009536743,3.880000114440918,3.559999942779541,3.6500000953674316,3.6500000953674316,160500
2022-02-23,3.821000099182129,3.86899995803833,3.5399999618530273,3.740000009536743,3.740000009536743,235700
2022-02-24,3.740000009536743,3.9100000858306885,3.549999952316284,3.680000066757202,3.680000066757202,236800
2022-02-25,3.740000009536743,3.809999942779541,3.369999885559082,3.5,3.5,144200
2022-02-28,3.4000000953674316,3.6500000953674316,3.4000000953674316,3.619999885559082,3.619999885559082,141700
2022-03-01,3.740000009536743,3.890000104904175,3.625,3.8399999141693115,3.8399999141693115,125700
2022-03-02,3.950000047683716,3.950000047683716,3.7200000286102295,3.859999895095825,3.859999895095825,194200
2022-03-03,3.880000114440918,3.9600000381469727,3.6600000858306885,3.880000114440918,3.880000114440918,146100
2022-03-04,3.7850000858306885,3.880000114440918,3.6700000762939453,3.7300000190734863,3.7300000190734863,199300
2022-03-07,3.700000047683716,3.9000000953674316,3.6500000953674316,3.7200000286102295,3.7200000286102295,163200
2022-03-08,3.690000057220459,3.75,3.5999999046325684,3.6700000762939453,3.6700000762939453,113500
2022-03-09,3.75,3.9000000953674316,3.7300000190734863,3.7799999713897705,3.7799999713897705,164000
2022-03-10,3.680000066757202,3.9600000381469727,3.6500000953674316,3.809999942779541,3.809999942779541,166500
2022-03-11,3.940000057220459,3.940000057220459,3.700000047683716,3.75,3.75,136200
2022-03-14,3.690000057220459,3.700000047683716,3.109999895095825,3.4100000858306885,3.4100000858306885,187600
2022-03-15,3.5899999141693115,3.7300000190734863,3.4800000190734863,3.559999942779541,3.559999942779541,160600
2022-03-16,3.740000009536743,4.0,3.6760001182556152,3.869999885559082,3.869999885559082,82000
2022-03-17,3.950000047683716,4.0,3.8299999237060547,3.890000104904175,3.890000104904175,156300
2022-03-18,3.9200000762939453,4.090000152587891,3.9000000953674316,4.019999980926514,4.019999980926514,115200
2022-03-21,4.050000190734863,4.25,3.9200000762939453,4.130000114440918,4.130000114440918,152100
2022-03-22,4.199999809265137,4.199999809265137,3.890000104904175,4.070000171661377,4.070000171661377,160600
2022-03-23,4.0,4.190000057220459,3.9100000858306885,3.950000047683716,3.950000047683716,102300
2022-03-24,3.9000000953674316,4.0,3.869999885559082,3.9800000190734863,3.9800000190734863,144000
2022-03-25,3.819999933242798,4.0,3.7200000286102295,3.9700000286102295,3.9700000286102295,157100
2022-03-28,3.9100000858306885,3.9800000190734863,3.7799999713897705,3.799999952316284,3.799999952316284,91800
2022-03-29,3.880000114440918,4.0,3.759999990463257,3.809999942779541,3.809999942779541,81400
2022-03-30,3.890000104904175,3.990000009536743,3.7899999618530273,3.8399999141693115,3.8399999141693115,85500
2022-03-31,3.9000000953674316,3.9100000858306885,3.7799999713897705,3.8499999046325684,3.8499999046325684,84400
2022-04-01,3.8399999141693115,3.9800000190734863,3.7300000190734863,3.75,3.75,76800
2022-04-04,3.75,4.0,3.75,3.8399999141693115,3.8399999141693115,85200
2022-04-05,3.7699999809265137,3.8499999046325684,3.690000057220459,3.7300000190734863,3.7300000190734863,74300
2022-04-06,3.7699999809265137,3.890000104904175,3.5999999046325684,3.7100000381469727,3.7100000381469727,81000
2022-04-07,3.7899999618530273,3.9000000953674316,3.6700000762939453,3.6700000762939453,3.6700000762939453,90300
2022-04-08,3.700000047683716,3.950000047683716,3.5299999713897705,3.630000114440918,3.630000114440918,83400
2022-04-11,3.61299991607666,3.990000009536743,3.61299991607666,3.6500000953674316,3.6500000953674316,78100
2022-04-12,3.75,3.990000009536743,3.7200000286102295,3.7300000190734863,3.7300000190734863,82100
2022-04-13,3.75,3.9600000381469727,3.6500000953674316,3.6600000858306885,3.6600000858306885,81600
2022-04-14,3.680000066757202,3.9000000953674316,3.5399999618530273,3.5799999237060547,3.5799999237060547,79400
2022-04-18,3.700000047683716,3.809999942779541,3.5,3.5399999618530273,3.5399999618530273,77700
2022-04-19,3.7799999713897705,3.8499999046325684,3.549999952316284,3.569999933242798,3.569999933242798,79400
2022-04-20,3.569999933242798,3.7950000762939453,3.5,3.5,3.5,72700
2022-04-21,3.799999952316284,3.799999952316284,3.509999990463257,3.549999952316284,3.549999952316284,42200
2022-04-22,3.700000047683716,3.8499999046325684,3.559999942779541,3.609999895095825,3.609999895095825,52300
2022-04-25,3.6500000953674316,3.869999885559082,3.4700000286102295,3.5199999809265137,3.5199999809265137,36300
2022-04-26,3.4800000190734863,3.700000047683716,3.4800000190734863,3.569999933242798,3.569999933242798,46200
2022-04-27,3.680000066757202,3.869999885559082,3.5,3.559999942779541,3.559999942779541,45200
2022-04-28,3.640000104904175,3.75,3.380000114440918,3.4100000858306885,3.4100000858306885,32800
2022-04-29,3.440000057220459,3.630000114440918,3.259999990463257,3.4000000953674316,3.4000000953674316,43400
2022-05-02,3.4000000953674316,3.569999933242798,3.2699999809265137,3.2799999713897705,3.2799999713897705,33900
2022-05-03,3.3499999046325684,3.6700000762939453,3.25,3.490000009536743,3.490000009536743,52500
2022-05-04,3.5399999618530273,3.690000057220459,3.190000057220459,3.200000047683716,3.200000047683716,85300
2022-05-05,3.4000000953674316,3.549999952316284,3.140000104904175,3.2200000286102295,3.2200000286102295,28400
2022-05-06,3.2200000286102295,3.4200000762939453,3.0199999809265137,3.119999885559082,3.119999885559082,6400
2022-05-09,3.0899999141693115,3.2899999618530273,2.9600000381469727,3.0,3.0,22300
2022-05-10,2.930000066757202,3.309999942779541,2.609999895095825,2.609999895095825,2.609999895095825,53900
2022-05-11,2.5399999618530273,2.7799999713897705,2.5399999618530273,2.5399999618530273,2.5399999618530273,14300
2022-05-12,2.700000047683716,2.700000047683716,1.975000023841858,2.109999895095825,2.109999895095825,13200
2022-05-13,2.0399999618530273,2.380000114440918,2.0399999618530273,2.319999933242798,2.319999933242798,3400
2022-05-16,2.259999990463257,2.4000000953674316,2.259999990463257,2.359999895095825,2.359999895095825,5300
2022-05-17,2.3299999237060547,2.549999952316284,2.2750000953674316,2.5399999618530273,2.5399999618530273,111200
2022-05-18,2.990000009536743,3.0399999618530273,2.6700000762939453,2.690000057220459,2.690000057220459,12100
2022-05-19,2.930000066757202,2.9600000381469727,2.7200000286102295,2.7799999713897705,2.7799999713897705,29700
2022-05-20,2.880000114440918,2.990000009536743,2.450000047683716,2.4800000190734863,2.4800000190734863,37600
2022-05-23,2.5899999141693115,2.7699999809265137,2.4100000858306885,2.5299999713897705,2.5299999713897705,10700
2022-05-24,2.700000047683716,2.740000009536743,2.359999895095825,2.4800000190734863,2.4800000190734863,14400
2022-05-25,2.2699999809265137,2.450000047683716,2.1700000762939453,2.4000000953674316,2.4000000953674316,9300
2022-05-26,2.440000057220459,2.619999885559082,2.4000000953674316,2.4000000953674316,2.4000000953674316,18200
2022-05-27,2.5199999809265137,2.5199999809265137,2.309999942779541,2.4100000858306885,2.4100000858306885,12900
2022-05-31,2.565999984741211,2.619999885559082,2.3299999237060547,2.390000104904175,2.390000104904175,36300
2022-06-01,2.369999885559082,2.619999885559082,2.259999990463257,2.2899999618530273,2.2899999618530273,28800
2022-06-02,2.200000047683716,2.559999942779541,2.200000047683716,2.299999952316284,2.299999952316284,20300
2022-06-03,2.299999952316284,2.430000066757202,2.130000114440918,2.180000066757202,2.180000066757202,11600
2022-06-06,2.509999990463257,2.549999952316284,2.140000104904175,2.1700000762939453,2.1700000762939453,8500
2022-06-07,2.368000030517578,2.509999990463257,2.119999885559082,2.25,2.25,24700
2022-06-08,2.200000047683716,2.440000057220459,2.200000047683716,2.2899999618530273,2.2899999618530273,26900
2022-06-09,2.259999990463257,2.4200000762939453,2.049999952316284,2.140000104904175,2.140000104904175,12800
2022-06-10,2.140000104904175,2.369999885559082,2.0399999618530273,2.1600000858306885,2.1600000858306885,13300
2022-06-13,2.059999942779541,2.390000104904175,2.0199999809265137,2.119999885559082,2.119999885559082,21000
2022-06-14,2.1500000953674316,2.3499999046325684,2.0,2.059999942779541,2.059999942779541,12600
2022-06-15,2.25,2.359999895095825,2.0799999237060547,2.0999999046325684,2.0999999046325684,23000
2022-06-16,2.2799999713897705,2.390000104904175,2.009999990463257,2.049999952316284,2.049999952316284,29400
2022-06-17,2.190000057220459,2.2899999618530273,2.009999990463257,2.109999895095825,2.109999895095825,13700
2022-06-21,2.0399999618530273,2.380000114440918,1.9500000476837158,2.0299999713897705,2.0299999713897705,65500
2022-06-22,2.130000114440918,2.200000047683716,1.9700000286102295,2.009999990463257,2.009999990463257,13000
2022-06-23,2.009999990463257,2.180000066757202,1.9800000190734863,1.9800000190734863,1.9800000190734863,18000
2022-06-24,2.119999885559082,2.180000066757202,1.75,1.940000057220459,1.940000057220459,22000
2022-06-27,1.940000057220459,2.0899999141693115,1.9199999570846558,1.9700000286102295,1.9700000286102295,3500
2022-06-28,1.9600000381469727,1.9600000381469727,1.8799999952316284,1.8799999952316284,1.8799999952316284,2100
2022-06-29,1.8300000429153442,1.940000057220459,1.8300000429153442,1.940000057220459,1.940000057220459,300
2022-06-30,1.840000033378601,1.9919999837875366,1.6100000143051147,1.7699999809265137,1.7699999809265137,14800
2022-07-01,1.690000057220459,1.774999976158142,1.690000057220459,1.75,1.75,500
2022-07-05,1.7999999523162842,1.9529999494552612,1.6399999856948853,1.7699999809265137,1.7699999809265137,19900
2022-07-06,1.8799999952316284,2.0,1.5099999904632568,1.5099999904632568,1.5099999904632568,12000
2022-07-07,1.5399999618530273,1.5499999523162842,1.4600000381469727,1.5499999523162842,1.5499999523162842,3000
2022-07-08,1.590000033378601,1.600000023841858,1.5499999523162842,1.5499999523162842,1.5499999523162842,600
2022-07-11,1.5,1.5,1.350000023841858,1.350000023841858,1.350000023841858,1100
2022-07-12,1.440000057220459,1.440000057220459,1.2200000286102295,1.2269999980926514,1.2269999980926514,23000
2022-07-13,1.2200000286102295,1.2999999523162842,1.2200000286102295,1.2899999618530273,1.2899999618530273,2700
2022-07-14,1.2400000095367432,1.350000023841858,1.1749999523162842,1.2999999523162842,1.2999999523162842,38800
2022-07-15,1.2799999713897705,1.649999976158142,1.25,1.350000023841858,1.350000023841858,90400
2022-07-18,1.5,1.7000000476837158,1.2599999904632568,1.3600000143051147,1.3600000143051147,139000
2022-07-19,1.2949999570846558,1.6200000047683716,1.2949999570846558,1.4700000286102295,1.4700000286102295,99000
2022-07-20,1.6200000047683716,1.6299999952316284,1.440000057220459,1.5,1.5,57200
2022-07-21,1.6299999952316284,1.75,1.4299999475479126,1.4700000286102295,1.4700000286102295,33200
2022-07-22,1.5,1.5,1.3700000047683716,1.409999966621399,1.409999966621399,29100
2022-07-25,1.350000023841858,1.5199999809265137,1.350000023841858,1.4800000190734863,1.4800000190734863,9000
2022-07-26,1.409999966621399,1.5099999904632568,1.409999966621399,1.4900000095367432,1.4900000095367432,4000
2022-07-27,1.5399999618530273,1.684999942779541,1.4500000476837158,1.4800000190734863,1.4800000190734863,21000
2022-07-28,1.4900000095367432,1.590000033378601,1.440000057220459,1.440000057220459,1.440000057220459,3500
2022-07-29,1.440000057220459,1.5099999904632568,1.440000057220459,1.5099999904632568,1.5099999904632568,1100
2022-08-01,1.4199999570846558,1.4700000286102295,1.309999942779541,1.399999976158142,1.399999976158142,25500
2022-08-02,1.4600000381469727,1.527999997138977,1.4299999475479126,1.4600000381469727,1.4600000381469727,7300
2022-08-03,1.4500000476837158,1.4900000095367432,1.340000033378601,1.399999976158142,1.399999976158142,28400
2022-08-04,1.3899999856948853,1.4800000190734863,1.3600000143051147,1.409999966621399,1.409999966621399,6400
2022-08-05,1.5399999618530273,1.5490000247955322,1.3200000524520874,1.4299999475479126,1.4299999475479126,52200
2022-08-08,1.3700000047683716,1.440000057220459,1.3700000047683716,1.4299999475479126,1.4299999475479126,2600
2022-08-09,1.3700000047683716,1.440000057220459,1.3700000047683716,1.4299999475479126,1.4299999475479126,10200
2022-08-10,1.600000023841858,1.600000023841858,1.3300000429153442,1.3600000143051147,1.3600000143051147,12700
2022-08-11,1.4500000476837158,1.4500000476837158,1.3799999952316284,1.3799999952316284,1.3799999952316284,1100
2022-08-12,1.3250000476837158,1.409999966621399,1.159999966621399,1.3270000219345093,1.3270000219345093,29200
2022-08-15,1.440000057220459,1.440000057220459,1.3899999856948853,1.3899999856948853,1.3899999856948853,600
2022-08-16,1.3700000047683716,1.3700000047683716,1.3700000047683716,1.3700000047683716,1.3700000047683716,2100
2022-08-17,1.3700000047683716,1.3700000047683716,1.3300000429153442,1.340000033378601,1.340000033378601,700
2022-08-18,1.2200000286102295,1.2200000286102295,1.2050000429153442,1.2200000286102295,1.2200000286102295,4200
2022-08-19,1.440000057220459,1.4800000190734863,1.1299999952316284,1.2200000286102295,1.2200000286102295,26000
2022-08-22,1.2799999713897705,1.2799999713897705,1.1799999475479126,1.1799999475479126,1.1799999475479126,12800
2022-08-23,1.1299999952316284,1.1699999570846558,1.1100000143051147,1.1200000047683716,1.1200000047683716,16400
2022-08-24,1.100000023841858,1.25,1.100000023841858,1.1699999570846558,1.1699999570846558,33000
2022-08-25,1.2300000190734863,1.2300000190734863,1.0800000429153442,1.100000023841858,1.100000023841858,19400
2022-08-26,1.100000023841858,1.1449999809265137,1.059999942779541,1.059999942779541,1.059999942779541,5400
2022-08-29,1.100000023841858,1.100000023841858,1.0099999904632568,1.034999966621399,1.034999966621399,4200
2022-08-30,1.0199999809265137,1.0240000486373901,0.8399999737739563,0.8399999737739563,0.8399999737739563,14700
2022-08-31,0.8399999737739563,0.8989999890327454,0.8399999737739563,0.8500000238418579,0.8500000238418579,8400
2022-09-01,0.9200000166893005,1.590000033378601,0.6800000071525574,1.1299999952316284,1.1299999952316284,6604900
2022-09-02,0.9160000085830688,0.9160000085830688,0.7139999866485596,0.8199999928474426,0.8199999928474426,680800
2022-09-06,0.75,1.440000057220459,0.6899999976158142,0.7799999713897705,0.7799999713897705,3615200
2022-09-07,0.8500000238418579,0.9300000071525574,0.75,0.7960000038146973,0.7960000038146973,245000
2022-09-08,0.7850000262260437,0.8199999928474426,0.699999988079071,0.7459999918937683,0.7459999918937683,209000
2022-09-09,0.699999988079071,0.7699999809265137,0.699999988079071,0.7350000143051147,0.7350000143051147,123900
2022-09-12,0.6700000166893005,0.7300000190734863,0.6600000262260437,0.6970000267028809,0.6970000267028809,191100
2022-09-13,0.6600000262260437,0.9990000128746033,0.6499999761581421,0.7889999747276306,0.7889999747276306,1283500
2022-09-14,0.75,0.7889999747276306,0.6890000104904175,0.7049999833106995,0.7049999833106995,267500
2022-09-15,0.7279999852180481,0.7400000095367432,0.6209999918937683,0.6299999952316284,0.6299999952316284,132200
2022-09-16,0.6510000228881836,0.7300000190734863,0.6349999904632568,0.7099999785423279,0.7099999785423279,70900
2022-09-19,0.7400000095367432,0.7400000095367432,0.6399999856948853,0.6399999856948853,0.6399999856948853,45200
2022-09-20,0.6449999809265137,0.7049999833106995,0.6209999918937683,0.6660000085830688,0.6660000085830688,92800
2022-09-21,0.6919999718666077,0.7099999785423279,0.6209999918937683,0.6880000233650208,0.6880000233650208,154600
2022-09-22,0.699999988079071,0.7440000176429749,0.6200000047683716,0.6949999928474426,0.6949999928474426,128800
2022-09-23,0.7480000257492065,0.7480000257492065,0.6499999761581421,0.6700000166893005,0.6700000166893005,79400
2022-09-26,0.6399999856948853,0.6899999976158142,0.5600000023841858,0.621999979019165,0.621999979019165,128300
2022-09-27,0.6620000004768372,0.6620000004768372,0.5699999928474426,0.6100000143051147,0.6100000143051147,40800
2022-09-28,0.6000000238418579,0.625,0.5699999928474426,0.6209999918937683,0.6209999918937683,41400
2022-09-29,0.6190000176429749,0.628000020980835,0.5730000138282776,0.6060000061988831,0.6060000061988831,27200
2022-09-30,0.652999997138977,0.6800000071525574,0.47099998593330383,0.47099998593330383,0.47099998593330383,103300
2022-10-03,0.4699999988079071,0.5799999833106995,0.45100000500679016,0.5,0.5,88000
2022-10-04,0.550000011920929,0.550000011920929,0.5099999904632568,0.5299999713897705,0.5299999713897705,14300
2022-10-05,0.5600000023841858,0.578000009059906,0.5099999904632568,0.5600000023841858,0.5600000023841858,47100
2022-10-06,0.5400000214576721,0.6100000143051147,0.5120000243186951,0.5400000214576721,0.5400000214576721,58500
2022-10-07,0.5379999876022339,0.5699999928474426,0.5099999904632568,0.5600000023841858,0.5600000023841858,22300
2022-10-10,0.5320000052452087,0.5600000023841858,0.5009999871253967,0.5600000023841858,0.5600000023841858,3100
2022-10-11,0.6000000238418579,0.6000000238418579,0.5,0.5199999809265137,0.5199999809265137,51900
2022-10-12,0.5099999904632568,0.5699999928474426,0.5,0.5600000023841858,0.5600000023841858,10200
2022-10-13,0.5569999814033508,0.5569999814033508,0.5249999761581421,0.5249999761581421,0.5249999761581421,3400
2022-10-14,0.49000000953674316,0.550000011920929,0.49000000953674316,0.5199999809265137,0.5199999809265137,5600
2022-10-17,0.5199999809265137,0.550000011920929,0.5,0.550000011920929,0.550000011920929,9800
2022-10-18,0.5099999904632568,0.550000011920929,0.5,0.5199999809265137,0.5199999809265137,23400
2022-10-19,0.5400000214576721,0.5400000214576721,0.4880000054836273,0.5199999809265137,0.5199999809265137,17600
2022-10-20,0.5099999904632568,0.5199999809265137,0.49000000953674316,0.5130000114440918,0.5130000114440918,13300
2022-10-21,0.5,0.5199999809265137,0.47999998927116394,0.5099999904632568,0.5099999904632568,9700
2022-10-24,0.4950000047683716,0.5049999952316284,0.46799999475479126,0.5040000081062317,0.5040000081062317,14600
2022-10-25,0.5040000081062317,0.5180000066757202,0.5009999871253967,0.5149999856948853,0.5149999856948853,1600
2022-10-26,0.5099999904632568,0.5139999985694885,0.46000000834465027,0.5120000243186951,0.5120000243186951,68900
2022-10-27,0.46000000834465027,0.5230000019073486,0.45399999618530273,0.5230000019073486,0.5230000019073486,70800
2022-10-28,0.4749999940395355,0.5239999890327454,0.4749999940395355,0.5239999890327454,0.5239999890327454,4900
2022-10-31,0.5450000166893005,0.5450000166893005,0.5,0.5249999761581421,0.5249999761581421,2000
2022-11-01,0.4819999933242798,0.5249999761581421,0.4819999933242798,0.49000000953674316,0.49000000953674316,17300
2022-11-02,0.5239999890327454,0.5239999890327454,0.4740000069141388,0.5189999938011169,0.5189999938011169,3400
2022-11-03,0.5099999904632568,0.5249999761581421,0.5099999904632568,0.5249999761581421,0.5249999761581421,2500
2022-11-04,0.46000000834465027,0.5099999904632568,0.46000000834465027,0.5099999904632568,0.5099999904632568,31200
2022-11-07,0.5099999904632568,0.5189999938011169,0.4480000138282776,0.47999998927116394,0.47999998927116394,32700
2022-11-08,0.44999998807907104,0.5249999761581421,0.44999998807907104,0.4699999988079071,0.4699999988079071,13800
2022-11-09,0.460999995470047,0.5600000023841858,0.460999995470047,0.5199999809265137,0.5199999809265137,25900
2022-11-10,0.4869999885559082,0.5899999737739563,0.4650000035762787,0.5450000166893005,0.5450000166893005,13900
2022-11-11,0.5600000023841858,0.6000000238418579,0.4950000047683716,0.6000000238418579,0.6000000238418579,52600
2022-11-14,0.5699999928474426,0.6000000238418579,0.5,0.6000000238418579,0.6000000238418579,21300
2022-11-15,0.6000000238418579,0.6700000166893005,0.5,0.6700000166893005,0.6700000166893005,17000
2022-11-16,0.699999988079071,0.699999988079071,0.6399999856948853,0.6600000262260437,0.6600000262260437,7200
2022-11-17,0.6200000047683716,0.6800000071525574,0.6200000047683716,0.6499999761581421,0.6499999761581421,5600
2022-11-18,0.699999988079071,0.699999988079071,0.6389999985694885,0.6499999761581421,0.6499999761581421,13500
2022-11-21,0.699999988079071,0.7200000286102295,0.6000000238418579,0.7200000286102295,0.7200000286102295,24700
2022-11-22,0.7799999713897705,0.7799999713897705,0.6299999952316284,0.6930000185966492,0.6930000185966492,6100
2022-11-23,0.6600000262260437,0.6899999976158142,0.6299999952316284,0.6700000166893005,0.6700000166893005,1400
2022-11-25,0.6200000047683716,0.6899999976158142,0.6200000047683716,0.6899999976158142,0.6899999976158142,9100
2022-11-28,0.6489999890327454,0.699999988079071,0.6299999952316284,0.699999988079071,0.699999988079071,4700
2022-11-29,0.6970000267028809,0.6970000267028809,0.6370000243186951,0.6700000166893005,0.6700000166893005,2000
2022-11-30,0.6970000267028809,0.6970000267028809,0.6050000190734863,0.6399999856948853,0.6399999856948853,9300
2022-12-01,0.6399999856948853,0.6800000071525574,0.6399999856948853,0.6800000071525574,0.6800000071525574,1000
2022-12-02,0.6800000071525574,0.6800000071525574,0.6200000047683716,0.6779999732971191,0.6779999732971191,4100
2022-12-05,0.6800000071525574,0.6800000071525574,0.6700000166893005,0.6700000166893005,0.6700000166893005,300
2022-12-06,0.6700000166893005,0.6700000166893005,0.6700000166893005,0.6700000166893005,0.6700000166893005,0
2022-12-07,0.6700000166893005,0.6700000166893005,0.6029999852180481,0.6499999761581421,0.6499999761581421,1900
2022-12-08,0.6399999856948853,0.6399999856948853,0.6299999952316284,0.6299999952316284,0.6299999952316284,600
2022-12-09,0.699999988079071,0.699999988079071,0.6499999761581421,0.6499999761581421,0.6499999761581421,2000
2022-12-12,0.6800000071525574,0.6800000071525574,0.6000000238418579,0.6480000019073486,0.6480000019073486,5100
2022-12-13,0.6800000071525574,0.6800000071525574,0.6399999856948853,0.6499999761581421,0.6499999761581421,1100
2022-12-14,0.6700000166893005,0.6700000166893005,0.6200000047683716,0.6700000166893005,0.6700000166893005,3700
2022-12-15,0.6349999904632568,0.6370000243186951,0.6000000238418579,0.6370000243186951,0.6370000243186951,4300
2022-12-16,0.6370000243186951,0.6370000243186951,0.5509999990463257,0.5509999990463257,0.5509999990463257,8300
2022-12-19,0.4699999988079071,0.5870000123977661,0.4699999988079071,0.550000011920929,0.550000011920929,4000
2022-12-20,0.550000011920929,0.5699999928474426,0.550000011920929,0.5600000023841858,0.5600000023841858,2100
2022-12-21,0.550000011920929,0.6050000190734863,0.5059999823570251,0.578000009059906,0.578000009059906,4200
2022-12-22,0.5600000023841858,0.5600000023841858,0.5,0.550000011920929,0.550000011920929,2700
2022-12-23,0.5400000214576721,0.5400000214576721,0.5009999871253967,0.5199999809265137,0.5199999809265137,1200
2022-12-27,0.5,0.5,0.49000000953674316,0.49399998784065247,0.49399998784065247,12200
2022-12-28,0.49000000953674316,0.5149999856948853,0.49000000953674316,0.5,0.5,1100
2022-12-29,0.5019999742507935,0.5139999985694885,0.5,0.5019999742507935,0.5019999742507935,1700
2022-12-30,0.4650000035762787,0.5299999713897705,0.44999998807907104,0.5299999713897705,0.5299999713897705,7700
2023-01-03,0.44999998807907104,0.4699999988079071,0.44999998807907104,0.4699999988079071,0.4699999988079071,300
2023-01-04,0.33000001311302185,0.5429999828338623,0.33000001311302185,0.47999998927116394,0.47999998927116394,45000
2023-01-05,0.5199999809265137,0.550000011920929,0.382999986410141,0.550000011920929,0.550000011920929,41500
2023-01-06,0.699999988079071,0.699999988079071,0.5099999904632568,0.5600000023841858,0.5600000023841858,12400
2023-01-09,0.5099999904632568,0.5799999833106995,0.5099999904632568,0.5789999961853027,0.5789999961853027,5300
2023-01-10,0.5799999833106995,0.5799999833106995,0.5199999809265137,0.5199999809265137,0.5199999809265137,10300
2023-01-11,0.550000011920929,0.5550000071525574,0.546999990940094,0.550000011920929,0.550000011920929,10400
2023-01-12,0.5099999904632568,0.5400000214576721,0.5099999904632568,0.5400000214576721,0.5400000214576721,2000
2023-01-13,0.550000011920929,0.6100000143051147,0.5099999904632568,0.6000000238418579,0.6000000238418579,17700
2023-01-17,0.5799999833106995,0.5879999995231628,0.5199999809265137,0.5600000023841858,0.5600000023841858,2200
2023-01-18,0.5210000276565552,0.550000011920929,0.5199999809265137,0.5249999761581421,0.5249999761581421,6500
2023-01-19,0.5099999904632568,0.5600000023841858,0.5099999904632568,0.5400000214576721,0.5400000214576721,15200
2023-01-20,0.5649999976158142,0.5649999976158142,0.5099999904632568,0.5350000262260437,0.5350000262260437,3500
2023-01-23,0.5099999904632568,0.5529999732971191,0.5099999904632568,0.5149999856948853,0.5149999856948853,6600
2023-01-24,0.5149999856948853,0.5149999856948853,0.5099999904632568,0.5099999904632568,0.5099999904632568,1300
2023-01-25,0.5,0.5,0.4749999940395355,0.5,0.5,15600
2023-01-26,0.48500001430511475,0.5099999904632568,0.4699999988079071,0.49000000953674316,0.49000000953674316,3300
2023-01-27,0.6000000238418579,0.6000000238418579,0.5,0.5400000214576721,0.5400000214576721,18400
2023-01-30,0.5099999904632568,0.5400000214576721,0.5,0.5249999761581421,0.5249999761581421,15300
2023-01-31,0.5400000214576721,0.5400000214576721,0.47999998927116394,0.49000000953674316,0.49000000953674316,20000
2023-02-01,0.49799999594688416,0.5220000147819519,0.49799999594688416,0.5049999952316284,0.5049999952316284,9100
2023-02-02,0.5600000023841858,0.5600000023841858,0.5099999904632568,0.5540000200271606,0.5540000200271606,53200
2023-02-03,0.5699999928474426,0.6499999761581421,0.5600000023841858,0.6000000238418579,0.6000000238418579,206200
2023-02-06,0.6700000166893005,0.6700000166893005,0.5789999961853027,0.6069999933242798,0.6069999933242798,39200
2023-02-07,0.6299999952316284,0.6299999952316284,0.5400000214576721,0.5400000214576721,0.5400000214576721,71700
2023-02-08,0.6000000238418579,0.6000000238418579,0.5199999809265137,0.5299999713897705,0.5299999713897705,38100
2023-02-09,0.6000000238418579,0.6100000143051147,0.5400000214576721,0.5799999833106995,0.5799999833106995,99400
2023-02-10,0.6200000047683716,0.6200000047683716,0.5640000104904175,0.5899999737739563,0.5899999737739563,33200
2023-02-13,0.6179999709129333,0.6179999709129333,0.5799999833106995,0.5899999737739563,0.5899999737739563,45700
2023-02-14,0.6200000047683716,0.6200000047683716,0.5600000023841858,0.5799999833106995,0.5799999833106995,24000
2023-02-15,0.6200000047683716,0.6200000047683716,0.550000011920929,0.5920000076293945,0.5920000076293945,45900
2023-02-16,0.6399999856948853,0.6740000247955322,0.5920000076293945,0.6499999761581421,0.6499999761581421,29600
2023-02-17,0.6899999976158142,0.7699999809265137,0.6800000071525574,0.7260000109672546,0.7260000109672546,97400
2023-02-21,0.75,1.2899999618530273,0.75,1.0700000524520874,1.0700000524520874,3823200
2023-02-22,0.9800000190734863,1.3200000524520874,0.9399999976158142,1.2999999523162842,1.2999999523162842,645600
2023-02-23,1.3300000429153442,1.399999976158142,1.0199999809265137,1.1200000047683716,1.1200000047683716,376500
2023-02-24,1.0499999523162842,1.1299999952316284,0.9599999785423279,0.9599999785423279,0.9599999785423279,132400
2023-02-27,0.9399999976158142,1.0,0.8399999737739563,0.9200000166893005,0.9200000166893005,159800
2023-02-28,0.843999981880188,0.8899999856948853,0.7799999713897705,0.8399999737739563,0.8399999737739563,52900
2023-03-01,0.8399999737739563,0.9300000071525574,0.8399999737739563,0.9279999732971191,0.9279999732971191,45200
2023-03-02,0.9750000238418579,0.9950000047683716,0.8949999809265137,0.9599999785423279,0.9599999785423279,11500
2023-03-03,0.9800000190734863,1.149999976158142,0.9729999899864197,1.090000033378601,1.090000033378601,58300
2023-03-06,1.0700000524520874,1.149999976158142,1.0700000524520874,1.1200000047683716,1.1200000047683716,27000
2023-03-07,1.149999976158142,1.149999976158142,1.0399999618530273,1.1399999856948853,1.1399999856948853,22800
2023-03-08,1.149999976158142,1.149999976158142,1.1119999885559082,1.1119999885559082,1.1119999885559082,6400
2023-03-09,1.1100000143051147,1.1299999952316284,1.059999942779541,1.090000033378601,1.090000033378601,9000
2023-03-10,1.1399999856948853,1.1399999856948853,1.0,1.0499999523162842,1.0499999523162842,30700
2023-03-13,1.149999976158142,1.149999976158142,1.0089999437332153,1.0499999523162842,1.0499999523162842,21400
2023-03-14,1.0199999809265137,1.0499999523162842,0.8299999833106995,0.8299999833106995,0.8299999833106995,34800
2023-03-15,0.8199999928474426,0.9950000047683716,0.8199999928474426,0.9950000047683716,0.9950000047683716,31600
2023-03-16,1.1399999856948853,1.1399999856948853,0.9110000133514404,1.1100000143051147,1.1100000143051147,66700
2023-03-17,1.0499999523162842,1.1200000047683716,0.9399999976158142,1.1200000047683716,1.1200000047683716,130100
2023-03-20,1.0800000429153442,1.149999976158142,1.0399999618530273,1.149999976158142,1.149999976158142,137700
2023-03-21,1.090000033378601,1.1200000047683716,1.0399999618530273,1.1200000047683716,1.1200000047683716,85300
2023-03-22,1.0700000524520874,1.1399999856948853,1.0199999809265137,1.1399999856948853,1.1399999856948853,85700
2023-03-23,1.1100000143051147,1.1100000143051147,1.0800000429153442,1.1039999723434448,1.1039999723434448,38100
2023-03-24,1.0789999961853027,1.3799999952316284,1.0789999961853027,1.190000057220459,1.190000057220459,180600
2023-03-27,1.1299999952316284,1.2799999713897705,1.1150000095367432,1.1799999475479126,1.1799999475479126,47300
2023-03-28,1.2100000381469727,1.2300000190734863,1.1799999475479126,1.2200000286102295,1.2200000286102295,28000
2023-03-29,1.2100000381469727,1.2269999980926514,1.090000033378601,1.1200000047683716,1.1200000047683716,105200
2023-03-30,1.1200000047683716,1.1200000047683716,1.090000033378601,1.1100000143051147,1.1100000143051147,10800
2023-03-31,1.100000023841858,1.1130000352859497,1.090000033378601,1.100000023841858,1.100000023841858,9900
2023-04-03,1.1399999856948853,1.1399999856948853,1.0800000429153442,1.100000023841858,1.100000023841858,6600
2023-04-04,1.100000023841858,1.100000023841858,1.0,1.0470000505447388,1.0470000505447388,23300
2023-04-05,1.059999942779541,1.059999942779541,0.9750000238418579,1.0099999904632568,1.0099999904632568,7100
2023-04-06,1.0399999618530273,1.0399999618530273,0.949999988079071,0.9800000190734863,0.9800000190734863,7700
2023-04-10,1.059999942779541,1.059999942779541,0.9700000286102295,1.0299999713897705,1.0299999713897705,10900
2023-04-11,0.9800000190734863,1.100000023841858,0.9800000190734863,1.100000023841858,1.100000023841858,17500
2023-04-12,1.059999942779541,1.100000023841858,1.0499999523162842,1.090000033378601,1.090000033378601,11400
2023-04-13,1.090000033378601,1.100000023841858,1.0529999732971191,1.100000023841858,1.100000023841858,10200
2023-04-14,1.100000023841858,1.1100000143051147,1.0199999809265137,1.059999942779541,1.059999942779541,69700
2023-04-17,1.0880000591278076,1.090000033378601,1.0499999523162842,1.0800000429153442,1.0800000429153442,14600
2023-04-18,1.1050000190734863,1.1050000190734863,1.0399999618530273,1.0399999618530273,1.0399999618530273,8200
2023-04-19,1.0800000429153442,1.100000023841858,0.9599999785423279,1.0399999618530273,1.0399999618530273,26700
2023-04-20,0.949999988079071,1.0299999713897705,0.8550000190734863,0.9610000252723694,0.9610000252723694,54700
2023-04-21,0.9399999976158142,0.9399999976158142,0.8299999833106995,0.8970000147819519,0.8970000147819519,23600
2023-04-24,0.8999999761581421,0.8999999761581421,0.800000011920929,0.8740000128746033,0.8740000128746033,22100
2023-04-25,0.828000009059906,0.828000009059906,0.75,0.7570000290870667,0.7570000290870667,15700
2023-04-26,0.7699999809265137,0.8500000238418579,0.6899999976158142,0.722000002861023,0.722000002861023,54000
2023-04-27,0.699999988079071,0.8399999737739563,0.5730000138282776,0.7770000100135803,0.7770000100135803,42300
2023-04-28,0.8650000095367432,0.8650000095367432,0.800000011920929,0.8500000238418579,0.8500000238418579,5600
2023-05-01,0.8149999976158142,0.875,0.7699999809265137,0.8700000047683716,0.8700000047683716,39300
2023-05-02,0.8759999871253967,0.9390000104904175,0.8080000281333923,0.8199999928474426,0.8199999928474426,19600
2023-05-03,1.0700000524520874,1.0700000524520874,0.6809999942779541,0.9200000166893005,0.9200000166893005,2263100
2023-05-04,0.7929999828338623,0.8899999856948853,0.75,0.8889999985694885,0.8889999985694885,115100
2023-05-05,0.800000011920929,0.8489999771118164,0.7110000252723694,0.8140000104904175,0.8140000104904175,76400
2023-05-08,0.8199999928474426,0.8690000176429749,0.7300000190734863,0.8500000238418579,0.8500000238418579,44900
2023-05-09,0.8399999737739563,0.8399999737739563,0.7300000190734863,0.800000011920929,0.800000011920929,51000
2023-05-10,0.7689999938011169,0.800000011920929,0.7400000095367432,0.7889999747276306,0.7889999747276306,36800
2023-05-11,0.7599999904632568,0.7739999890327454,0.6100000143051147,0.6700000166893005,0.6700000166893005,123900
2023-05-12,0.6000000238418579,0.7799999713897705,0.6000000238418579,0.699999988079071,0.699999988079071,42000
2023-05-15,0.75,0.75,0.6800000071525574,0.6990000009536743,0.6990000009536743,7500
2023-05-16,0.7490000128746033,0.7490000128746033,0.6800000071525574,0.7400000095367432,0.7400000095367432,10600
2023-05-17,0.7400000095367432,0.7400000095367432,0.6949999928474426,0.7009999752044678,0.7009999752044678,14100
2023-05-18,0.699999988079071,0.7599999904632568,0.6809999942779541,0.6809999942779541,0.6809999942779541,13500
2023-05-19,0.7400000095367432,0.7400000095367432,0.6819999814033508,0.6850000023841858,0.6850000023841858,17100
2023-05-22,0.6819999814033508,0.7099999785423279,0.6539999842643738,0.6600000262260437,0.6600000262260437,16700
2023-05-23,0.6700000166893005,0.7200000286102295,0.6700000166893005,0.6930000185966492,0.6930000185966492,10600
2023-05-24,0.6899999976158142,0.699999988079071,0.6499999761581421,0.6990000009536743,0.6990000009536743,23400
2023-05-25,0.699999988079071,0.7200000286102295,0.6700000166893005,0.7200000286102295,0.7200000286102295,17000
2023-05-26,0.6600000262260437,0.7200000286102295,0.6299999952316284,0.7200000286102295,0.7200000286102295,19300
2023-05-30,0.6959999799728394,0.7300000190734863,0.6499999761581421,0.6650000214576721,0.6650000214576721,16600
2023-05-31,0.7379999756813049,0.7379999756813049,0.6600000262260437,0.7200000286102295,0.7200000286102295,6100
2023-06-01,0.7250000238418579,0.7250000238418579,0.6959999799728394,0.699999988079071,0.699999988079071,3700
2023-06-02,0.6650000214576721,0.7400000095367432,0.6399999856948853,0.7300000190734863,0.7300000190734863,22900
2023-06-05,0.7300000190734863,0.7300000190734863,0.6650000214576721,0.699999988079071,0.699999988079071,5100
2023-06-06,0.7300000190734863,0.7300000190734863,0.652999997138977,0.718999981880188,0.718999981880188,30200
2023-06-07,0.7289999723434448,0.7289999723434448,0.6489999890327454,0.7200000286102295,0.7200000286102295,16800
2023-06-08,0.7200000286102295,0.7200000286102295,0.6600000262260437,0.7080000042915344,0.7080000042915344,6500
2023-06-09,0.6899999976158142,1.0369999408721924,0.6100000143051147,0.8199999928474426,0.8199999928474426,917700
2023-06-12,0.7200000286102295,0.75,0.6800000071525574,0.6899999976158142,0.6899999976158142,55600
2023-06-13,0.6899999976158142,0.6899999976158142,0.6499999761581421,0.6700000166893005,0.6700000166893005,22100
2023-06-14,0.6800000071525574,0.6800000071525574,0.6100000143051147,0.6100000143051147,0.6100000143051147,20600
2023-06-15,0.6399999856948853,0.6600000262260437,0.6100000143051147,0.6600000262260437,0.6600000262260437,30700
2023-06-16,0.6399999856948853,0.6899999976158142,0.6399999856948853,0.6899999976158142,0.6899999976158142,29300
2023-06-20,0.7400000095367432,0.7400000095367432,0.6399999856948853,0.6800000071525574,0.6800000071525574,3000
2023-06-21,0.6399999856948853,0.6510000228881836,0.5509999990463257,0.6510000228881836,0.6510000228881836,38500
2023-06-22,0.6499999761581421,0.6499999761581421,0.5619999766349792,0.6200000047683716,0.6200000047683716,45200
2023-06-23,0.5699999928474426,0.6899999976158142,0.5699999928474426,0.6899999976158142,0.6899999976158142,6100
2023-06-26,0.6000000238418579,0.6800000071525574,0.5899999737739563,0.6209999918937683,0.6209999918937683,34700
2023-06-27,0.6899999976158142,0.6899999976158142,0.5899999737739563,0.6100000143051147,0.6100000143051147,13600
2023-06-28,0.621999979019165,0.621999979019165,0.5830000042915344,0.6200000047683716,0.6200000047683716,23400
2023-06-29,0.6200000047683716,0.6200000047683716,0.5640000104904175,0.6200000047683716,0.6200000047683716,6800
2023-06-30,0.6290000081062317,0.6290000081062317,0.5619999766349792,0.5950000286102295,0.5950000286102295,24600
2023-07-03,0.6800000071525574,0.6800000071525574,0.5820000171661377,0.6000000238418579,0.6000000238418579,17500
2023-07-05,0.6800000071525574,0.6800000071525574,0.5519999861717224,0.5799999833106995,0.5799999833106995,51400
2023-07-06,0.5699999928474426,0.6100000143051147,0.5699999928474426,0.5899999737739563,0.5899999737739563,5000
2023-07-07,0.5659999847412109,0.6000000238418579,0.5659999847412109,0.6000000238418579,0.6000000238418579,7800
2023-07-10,0.6209999918937683,0.6209999918937683,0.5550000071525574,0.5849999785423279,0.5849999785423279,14700
2023-07-11,0.5699999928474426,0.6200000047683716,0.5559999942779541,0.6100000143051147,0.6100000143051147,3300
2023-07-12,0.6700000166893005,0.6700000166893005,0.5619999766349792,0.6000000238418579,0.6000000238418579,2900
2023-07-13,0.5699999928474426,0.5889999866485596,0.5550000071525574,0.5879999995231628,0.5879999995231628,6400
2023-07-14,0.5609999895095825,0.6000000238418579,0.5210000276565552,0.5820000171661377,0.5820000171661377,25500
2023-07-17,0.5720000267028809,0.5720000267028809,0.47999998927116394,0.5,0.5,47400
2023-07-18,0.47099998593330383,0.5389999747276306,0.42100000381469727,0.46000000834465027,0.46000000834465027,46000
2023-07-19,0.46000000834465027,0.49000000953674316,0.4339999854564667,0.47200000286102295,0.47200000286102295,44100
2023-07-20,0.550000011920929,0.550000011920929,0.453000009059906,0.5,0.5,21900
2023-07-21,0.5180000066757202,0.5389999747276306,0.47200000286102295,0.5,0.5,35000
2023-07-24,0.47600001096725464,0.5009999871253967,0.46000000834465027,0.4959999918937683,0.4959999918937683,19700
2023-07-25,0.5,0.5,0.46399998664855957,0.49000000953674316,0.49000000953674316,6000
2023-07-26,0.5,0.5,0.47699999809265137,0.49000000953674316,0.49000000953674316,1600
2023-07-27,0.4659999907016754,0.492000013589859,0.4659999907016754,0.49000000953674316,0.49000000953674316,7400
2023-07-28,0.4970000088214874,0.4970000088214874,0.47200000286102295,0.49300000071525574,0.49300000071525574,16400
2023-07-31,0.49300000071525574,0.49300000071525574,0.47099998593330383,0.49000000953674316,0.49000000953674316,10100
2023-08-01,0.4970000088214874,0.4970000088214874,0.47999998927116394,0.48500001430511475,0.48500001430511475,4500
2023-08-02,0.47099998593330383,0.4959999918937683,0.4699999988079071,0.4699999988079071,0.4699999988079071,10200
2023-08-03,0.5099999904632568,0.5099999904632568,0.4819999933242798,0.49000000953674316,0.49000000953674316,3100
2023-08-04,0.4699999988079071,0.49799999594688416,0.44999998807907104,0.49799999594688416,0.49799999594688416,7200
2023-08-07,0.5199999809265137,0.5519999861717224,0.48100000619888306,0.5450000166893005,0.5450000166893005,35500
2023-08-08,0.5400000214576721,0.5400000214576721,0.5,0.527999997138977,0.527999997138977,20200
2023-08-09,0.5600000023841858,0.5600000023841858,0.5149999856948853,0.5329999923706055,0.5329999923706055,9300
2023-08-10,0.5299999713897705,0.6790000200271606,0.5299999713897705,0.6309999823570251,0.6309999823570251,239200
2023-08-11,0.6499999761581421,0.6510000228881836,0.5199999809265137,0.5619999766349792,0.5619999766349792,109400
2023-08-14,0.5249999761581421,0.6299999952316284,0.5249999761581421,0.5899999737739563,0.5899999737739563,27600
2023-08-15,0.5989999771118164,0.6620000004768372,0.5400000214576721,0.5860000252723694,0.5860000252723694,23300
2023-08-16,0.5600000023841858,0.6359999775886536,0.5,0.5299999713897705,0.5299999713897705,49200
2023-08-17,0.5799999833106995,0.5799999833106995,0.4620000123977661,0.5299999713897705,0.5299999713897705,25600
2023-08-18,0.5590000152587891,0.5590000152587891,0.5210000276565552,0.5429999828338623,0.5429999828338623,2300
2023-08-21,0.5799999833106995,0.5799999833106995,0.5109999775886536,0.5450000166893005,0.5450000166893005,8000
2023-08-22,0.5799999833106995,0.5799999833106995,0.47999998927116394,0.5299999713897705,0.5299999713897705,5600
2023-08-23,0.5490000247955322,0.5600000023841858,0.5299999713897705,0.5600000023841858,0.5600000023841858,9300
2023-08-24,0.5600000023841858,0.5600000023841858,0.5220000147819519,0.5600000023841858,0.5600000023841858,2600
2023-08-25,0.5799999833106995,0.5799999833106995,0.578000009059906,0.578000009059906,0.578000009059906,2200
2023-08-28,0.5799999833106995,0.5799999833106995,0.5320000052452087,0.5720000267028809,0.5720000267028809,3600
2023-08-29,0.5799999833106995,0.6399999856948853,0.531000018119812,0.6069999933242798,0.6069999933242798,37200
2023-08-30,0.6399999856948853,0.699999988079071,0.6100000143051147,0.6790000200271606,0.6790000200271606,56700
2023-08-31,0.699999988079071,0.699999988079071,0.6159999966621399,0.6589999794960022,0.6589999794960022,30300
2023-09-01,0.6990000009536743,0.7699999809265137,0.6629999876022339,0.7490000128746033,0.7490000128746033,58700
2023-09-05,0.7390000224113464,0.75,0.6899999976158142,0.75,0.75,28300
2023-09-06,0.7300000190734863,0.7599999904632568,0.699999988079071,0.7599999904632568,0.7599999904632568,11800
2023-09-07,0.7200000286102295,0.7390000224113464,0.5600000023841858,0.7239999771118164,0.7239999771118164,25500
2023-09-08,0.7490000128746033,0.75,0.6890000104904175,0.7200000286102295,0.7200000286102295,2400
2023-09-11,0.6700000166893005,0.8209999799728394,0.6700000166893005,0.7609999775886536,0.7609999775886536,149300
2023-09-12,0.7179999947547913,0.7770000100135803,0.7099999785423279,0.7770000100135803,0.7770000100135803,9100
2023-09-13,0.7910000085830688,0.800000011920929,0.7400000095367432,0.800000011920929,0.800000011920929,2000
2023-09-14,0.75,0.7929999828338623,0.75,0.7929999828338623,0.7929999828338623,4900
2023-09-15,0.7400000095367432,0.7699999809265137,0.7400000095367432,0.7549999952316284,0.7549999952316284,3300
2023-09-18,0.7099999785423279,0.7200000286102295,0.6600000262260437,0.7009999752044678,0.7009999752044678,3800
2023-09-19,0.7599999904632568,0.7599999904632568,0.7099999785423279,0.7599999904632568,0.7599999904632568,8800
2023-09-20,0.7300000190734863,0.75,0.6869999766349792,0.7200000286102295,0.7200000286102295,5400
2023-09-21,0.699999988079071,0.7099999785423279,0.6600000262260437,0.699999988079071,0.699999988079071,1900
2023-09-22,0.699999988079071,0.699999988079071,0.6200000047683716,0.6899999976158142,0.6899999976158142,3300
2023-09-25,0.7200000286102295,0.7200000286102295,0.6669999957084656,0.6899999976158142,0.6899999976158142,2000
2023-09-26,0.6949999928474426,0.7799999713897705,0.628000020980835,0.7799999713897705,0.7799999713897705,36500
2023-09-27,0.800000011920929,0.8500000238418579,0.7549999952316284,0.8500000238418579,0.8500000238418579,37000
2023-09-28,0.8399999737739563,0.8999999761581421,0.628000020980835,0.8799999952316284,0.8799999952316284,72700
2023-09-29,0.949999988079071,0.949999988079071,0.8399999737739563,0.8999999761581421,0.8999999761581421,18300
2023-10-02,0.8999999761581421,0.8999999761581421,0.7400000095367432,0.8999999761581421,0.8999999761581421,60000
2023-10-03,0.8799999952316284,0.8999999761581421,0.8100000023841858,0.8999999761581421,0.8999999761581421,8000
2023-10-04,0.8999999761581421,0.8999999761581421,0.7200000286102295,0.8999999761581421,0.8999999761581421,12400
2023-10-05,0.8799999952316284,0.8999999761581421,0.8180000185966492,0.8999999761581421,0.8999999761581421,35600
2023-10-06,0.8799999952316284,0.8999999761581421,0.8799999952316284,0.8999999761581421,0.8999999761581421,40800
2023-10-09,0.8999999761581421,0.9900000095367432,0.8700000047683716,0.9449999928474426,0.9449999928474426,92400
2023-10-10,1.0,1.0,0.9020000100135803,0.9850000143051147,0.9850000143051147,16900
2023-10-11,0.9120000004768372,0.9900000095367432,0.9120000004768372,0.9900000095367432,0.9900000095367432,14500
2023-10-12,0.9900000095367432,1.0190000534057617,0.9300000071525574,1.0190000534057617,1.0190000534057617,17300
2023-10-13,1.0099999904632568,1.0299999713897705,1.0,1.0299999713897705,1.0299999713897705,11200
2023-10-16,0.9700000286102295,1.0299999713897705,0.9399999976158142,1.0299999713897705,1.0299999713897705,10300
2023-10-17,1.0,1.0099999904632568,0.9300000071525574,0.9300000071525574,0.9300000071525574,14700
2023-10-18,1.0199999809265137,1.0299999713897705,0.949999988079071,0.9710000157356262,0.9710000157356262,16100
2023-10-19,0.9300000071525574,0.9900000095367432,0.8550000190734863,0.8799999952316284,0.8799999952316284,35700
2023-10-20,0.9789999723434448,1.0,0.9100000262260437,1.0,1.0,25300
2023-10-23,1.0,1.100000023841858,0.9860000014305115,1.0700000524520874,1.0700000524520874,78100
2023-10-24,1.090000033378601,1.100000023841858,1.0499999523162842,1.0980000495910645,1.0980000495910645,25200
2023-10-25,1.0700000524520874,1.100000023841858,1.059999942779541,1.100000023841858,1.100000023841858,16100
2023-10-26,1.100000023841858,1.100000023841858,0.9990000128746033,1.0800000429153442,1.0800000429153442,51900
2023-10-27,1.100000023841858,1.100000023841858,1.0369999408721924,1.100000023841858,1.100000023841858,16700
2023-10-30,1.090000033378601,1.090000033378601,1.0299999713897705,1.059999942779541,1.059999942779541,48900
2023-10-31,1.0499999523162842,1.090000033378601,1.0399999618530273,1.090000033378601,1.090000033378601,43700
2023-11-01,1.0499999523162842,1.100000023841858,1.0499999523162842,1.0700000524520874,1.0700000524520874,12100
2023-11-02,1.0839999914169312,1.100000023841858,1.0499999523162842,1.100000023841858,1.100000023841858,29400
2023-11-03,1.100000023841858,1.100000023841858,1.0199999809265137,1.090999960899353,1.090999960899353,13800
2023-11-06,1.059999942779541,1.090000033378601,0.9440000057220459,1.0800000429153442,1.0800000429153442,41000
2023-11-07,1.0299999713897705,1.090000033378601,1.0099999904632568,1.090000033378601,1.090000033378601,22700
2023-11-08,1.0499999523162842,1.100000023841858,1.0499999523162842,1.100000023841858,1.100000023841858,12200
2023-11-09,1.0800000429153442,1.100000023841858,1.059999942779541,1.090000033378601,1.090000033378601,15600
2023-11-10,1.100000023841858,1.100000023841858,1.0750000476837158,1.090000033378601,1.090000033378601,19000
2023-11-13,1.059999942779541,1.100000023841858,1.059999942779541,1.100000023841858,1.100000023841858,17400
2023-11-14,1.0800000429153442,1.100000023841858,1.0,1.090000033378601,1.090000033378601,21600
2023-11-15,1.0399999618530273,1.090000033378601,1.0399999618530273,1.090000033378601,1.090000033378601,12800
2023-11-16,1.0700000524520874,1.0800000429153442,1.0,1.0789999961853027,1.0789999961853027,7800
2023-11-17,1.0499999523162842,1.0800000429153442,1.0099999904632568,1.0800000429153442,1.0800000429153442,14300
2023-11-20,1.0199999809265137,1.0499999523162842,1.0199999809265137,1.0499999523162842,1.0499999523162842,3700
2023-11-21,1.0499999523162842,1.0499999523162842,1.0199999809265137,1.0399999618530273,1.0399999618530273,4400
2023-11-22,1.0399999618530273,1.0499999523162842,1.0199999809265137,1.0499999523162842,1.0499999523162842,3600
2023-11-24,1.059999942779541,1.059999942779541,1.0399999618530273,1.0499999523162842,1.0499999523162842,6000
2023-11-27,1.0299999713897705,1.0700000524520874,1.0299999713897705,1.0700000524520874,1.0700000524520874,3900
2023-11-28,1.0700000524520874,1.0700000524520874,1.0399999618530273,1.059999942779541,1.059999942779541,2100
2023-11-29,1.0499999523162842,1.0499999523162842,1.0199999809265137,1.0499999523162842,1.0499999523162842,3100
2023-11-30,1.059999942779541,1.059999942779541,1.0199999809265137,1.0499999523162842,1.0499999523162842,5800
2023-12-01,1.0399999618530273,1.0499999523162842,1.0,1.0499999523162842,1.0499999523162842,4600
2023-12-04,1.0700000524520874,1.0700000524520874,1.034999966621399,1.0499999523162842,1.0499999523162842,1600
2023-12-05,1.0700000524520874,1.0700000524520874,1.0199999809265137,1.059999942779541,1.059999942779541,5100
2023-12-06,1.0299999713897705,1.0700000524520874,0.9200000166893005,1.0700000524520874,1.0700000524520874,11000
2023-12-07,1.0399999618530273,1.0499999523162842,1.0199999809265137,1.0499999523162842,1.0499999523162842,4100
2023-12-08,1.0700000524520874,1.0700000524520874,1.0490000247955322,1.0499999523162842,1.0499999523162842,2200
2023-12-11,1.0299999713897705,1.0499999523162842,1.0299999713897705,1.0479999780654907,1.0479999780654907,2700
2023-12-12,1.031999945640564,1.0490000247955322,0.9350000023841858,1.0199999809265137,1.0199999809265137,19000
2023-12-13,1.0,1.0499999523162842,1.0,1.0499999523162842,1.0499999523162842,15800
2023-12-14,1.0499999523162842,1.0499999523162842,1.0399999618530273,1.0499999523162842,1.0499999523162842,2000
2023-12-15,1.0399999618530273,1.0399999618530273,1.0,1.0299999713897705,1.0299999713897705,14300
2023-12-18,1.0399999618530273,1.0399999618530273,1.0099999904632568,1.0299999713897705,1.0299999713897705,3800
2023-12-19,1.0099999904632568,1.0399999618530273,1.0,1.0399999618530273,1.0399999618530273,10500
2023-12-20,1.0390000343322754,1.0390000343322754,0.9409999847412109,1.0299999713897705,1.0299999713897705,7400
2023-12-21,1.0399999618530273,1.0399999618530273,0.8980000019073486,0.9700000286102295,0.9700000286102295,18800
2023-12-22,0.9900000095367432,1.0399999618530273,0.9900000095367432,1.0390000343322754,1.0390000343322754,3800
2023-12-26,1.0199999809265137,1.0399999618530273,1.0199999809265137,1.0390000343322754,1.0390000343322754,3600
2023-12-27,1.0099999904632568,1.0399999618530273,1.0099999904632568,1.0399999618530273,1.0399999618530273,7100
2023-12-28,1.0099999904632568,1.0299999713897705,1.0099999904632568,1.0290000438690186,1.0290000438690186,3300
2023-12-29,1.0399999618530273,1.0399999618530273,1.0199999809265137,1.0290000438690186,1.0290000438690186,2900
2024-01-02,1.0399999618530273,1.0399999618530273,1.0199999809265137,1.0379999876022339,1.0379999876022339,11700
2024-01-03,1.0199999809265137,1.0299999713897705,1.0,1.0290000438690186,1.0290000438690186,6100
2024-01-04,1.0499999523162842,1.0700000524520874,1.0099999904632568,1.0190000534057617,1.0190000534057617,25400
2024-01-05,1.0,1.0549999475479126,1.0,1.0549999475479126,1.0549999475479126,6300
2024-01-08,1.0,1.0549999475479126,1.0,1.0290000438690186,1.0290000438690186,6700
2024-01-09,1.0700000524520874,1.0700000524520874,1.0199999809265137,1.0299999713897705,1.0299999713897705,3400
2024-01-10,1.0099999904632568,1.0199999809265137,1.0099999904632568,1.0099999904632568,1.0099999904632568,5300
2024-01-11,1.0290000438690186,1.0299999713897705,1.0,1.0199999809265137,1.0199999809265137,10900
2024-01-12,1.0509999990463257,1.0509999990463257,1.0,1.0299999713897705,1.0299999713897705,5600
2024-01-16,1.0,1.0499999523162842,1.0,1.0399999618530273,1.0399999618530273,18400
2024-01-17,1.0499999523162842,1.0700000524520874,1.0099999904632568,1.059999942779541,1.059999942779541,6400
2024-01-18,1.0700000524520874,1.100000023841858,1.0299999713897705,1.0499999523162842,1.0499999523162842,28700
2024-01-19,1.0499999523162842,1.0700000524520874,1.0199999809265137,1.0379999876022339,1.0379999876022339,8600
2024-01-22,1.0700000524520874,1.0700000524520874,1.0099999904632568,1.0299999713897705,1.0299999713897705,4200
2024-01-23,1.0440000295639038,1.0499999523162842,1.0099999904632568,1.0299999713897705,1.0299999713897705,6700
2024-01-24,1.0399999618530273,1.0399999618530273,0.9309999942779541,1.0099999904632568,1.0099999904632568,20400
2024-01-25,0.9900000095367432,1.0399999618530273,0.9900000095367432,1.0149999856948853,1.0149999856948853,5700
2024-01-26,1.0199999809265137,1.0199999809265137,1.0099999904632568,1.0149999856948853,1.0149999856948853,4700
2024-01-29,1.0199999809265137,1.0700000524520874,1.0099999904632568,1.0199999809265137,1.0199999809265137,33400
2024-01-30,1.059999942779541,1.059999942779541,1.0099999904632568,1.0099999904632568,1.0099999904632568,8900
2024-01-31,1.0099999904632568,1.2899999618530273,0.8999999761581421,1.190000057220459,1.190000057220459,357700
2024-02-01,1.2000000476837158,1.3600000143051147,1.100000023841858,1.2699999809265137,1.2699999809265137,106800
2024-02-02,1.2699999809265137,1.7799999713897705,1.2100000381469727,1.6100000143051147,1.6100000143051147,349600
2024-02-05,1.840000033378601,1.840000033378601,1.5800000429153442,1.6299999952316284,1.6299999952316284,108000
2024-02-06,1.7000000476837158,1.9800000190734863,1.6699999570846558,1.8760000467300415,1.8760000467300415,115400
2024-02-07,1.840000033378601,1.9780000448226929,1.7000000476837158,1.8799999952316284,1.8799999952316284,50500
2024-02-08,1.8799999952316284,1.8799999952316284,1.7200000286102295,1.7200000286102295,1.7200000286102295,11100
2024-02-09,1.8200000524520874,1.9199999570846558,1.7599999904632568,1.875,1.875,30300
2024-02-12,1.909999966621399,1.909999966621399,1.659999966621399,1.6799999475479126,1.6799999475479126,24400
2024-02-13,1.6699999570846558,1.6799999475479126,1.5099999904632568,1.5099999904632568,1.5099999904632568,9700
2024-02-14,1.4800000190734863,1.850000023841858,1.4800000190734863,1.7799999713897705,1.7799999713897705,84200
2024-02-15,1.7799999713897705,1.7999999523162842,1.652999997138977,1.7899999618530273,1.7899999618530273,29900
2024-02-16,1.7599999904632568,1.9299999475479126,1.7400000095367432,1.9199999570846558,1.9199999570846558,108700
2024-02-20,1.9700000286102295,2.069999933242798,1.850000023841858,1.9500000476837158,1.9500000476837158,94200
2024-02-21,2.0199999809265137,2.0899999141693115,1.850000023841858,2.049999952316284,2.049999952316284,59500
2024-02-22,2.009999990463257,2.009999990463257,1.850000023841858,1.9800000190734863,1.9800000190734863,34200
2024-02-23,2.0,2.0799999237060547,1.940000057220459,2.0799999237060547,2.0799999237060547,52600
2024-02-26,2.0999999046325684,2.0999999046325684,1.940000057220459,2.0299999713897705,2.0299999713897705,11200
2024-02-27,2.0899999141693115,2.0899999141693115,1.9950000047683716,2.0799999237060547,2.0799999237060547,32000
2024-02-28,2.0199999809265137,2.0799999237060547,2.0199999809265137,2.0799999237060547,2.0799999237060547,10700
2024-02-29,2.0999999046325684,2.0999999046325684,1.899999976158142,2.0799999237060547,2.0799999237060547,16900
2024-03-01,2.0799999237060547,2.309999942779541,1.99399995803833,2.180000066757202,2.180000066757202,27200
2024-03-04,2.3499999046325684,2.3499999046325684,2.0320000648498535,2.0399999618530273,2.0399999618530273,4500
2024-03-05,2.0799999237060547,2.0799999237060547,1.975000023841858,2.0299999713897705,2.0299999713897705,12200
2024-03-06,1.9600000381469727,2.0399999618530273,1.9479999542236328,2.0299999713897705,2.0299999713897705,12800
2024-03-07,2.0799999237060547,2.0799999237060547,1.899999976158142,2.0199999809265137,2.0199999809265137,17400
2024-03-08,2.0799999237060547,2.7300000190734863,1.9800000190734863,2.630000114440918,2.630000114440918,202900
2024-03-11,2.700000047683716,2.7899999618530273,2.200000047683716,2.200000047683716,2.200000047683716,66300
2024-03-12,2.430000066757202,2.430000066757202,2.3399999141693115,2.3499999046325684,2.3499999046325684,2700
2024-03-13,2.4000000953674316,2.450000047683716,2.0199999809265137,2.369999885559082,2.369999885559082,31100
2024-03-14,2.380000114440918,2.559999942779541,2.200000047683716,2.490000009536743,2.490000009536743,29800
2024-03-15,2.369999885559082,2.630000114440918,2.319999933242798,2.5399999618530273,2.5399999618530273,31000
2024-03-18,2.5999999046325684,2.5999999046325684,2.180000066757202,2.2899999618530273,2.2899999618530273,18700
2024-03-19,2.2899999618530273,2.390000104904175,2.2899999618530273,2.390000104904175,2.390000104904175,9300
2024-03-20,2.4000000953674316,2.5299999713897705,2.2200000286102295,2.4700000286102295,2.4700000286102295,32300
2024-03-21,2.430000066757202,2.5199999809265137,2.309999942779541,2.3499999046325684,2.3499999046325684,11800
2024-03-22,2.309999942779541,2.7699999809265137,2.309999942779541,2.619999885559082,2.619999885559082,32100
2024-03-25,2.619999885559082,2.619999885559082,2.200000047683716,2.299999952316284,2.299999952316284,30800
2024-03-26,2.2699999809265137,2.299999952316284,2.180000066757202,2.259999990463257,2.259999990463257,39800
2024-03-27,2.319999933242798,2.319999933242798,2.0,2.0,2.0,11900
2024-03-28,2.009999990463257,2.009999990463257,1.7999999523162842,1.7999999523162842,1.7999999523162842,28900
2024-04-01,1.7899999618530273,2.0899999141693115,1.7899999618530273,1.9199999570846558,1.9199999570846558,22200
2024-04-02,1.840000033378601,2.049999952316284,1.7899999618530273,1.9800000190734863,1.9800000190734863,19000
2024-04-03,1.9299999475479126,2.4600000381469727,1.9299999475479126,2.1700000762939453,2.1700000762939453,64000
2024-04-04,2.1500000953674316,2.1700000762939453,2.0,2.0999999046325684,2.0999999046325684,6700
2024-04-05,2.0299999713897705,2.140000104904175,1.5750000476837158,2.0999999046325684,2.0999999046325684,43600
2024-04-08,2.0299999713897705,2.200000047683716,1.8700000047683716,2.1500000953674316,2.1500000953674316,23400
2024-04-09,1.8949999809265137,2.180000066757202,1.8949999809265137,2.0799999237060547,2.0799999237060547,177100
2024-04-10,1.9600000381469727,2.700000047683716,1.9600000381469727,2.5,2.5,72400
2024-04-11,2.6600000858306885,2.890000104904175,2.440000057220459,2.7899999618530273,2.7899999618530273,67200
2024-04-12,2.759999990463257,2.7799999713897705,2.1500000953674316,2.190000057220459,2.190000057220459,43000
2024-04-15,2.2899999618530273,3.4600000381469727,2.2899999618530273,3.240000009536743,3.240000009536743,518100
2024-04-16,3.1700000762939453,3.5,2.819999933242798,3.2200000286102295,3.2200000286102295,108500
2024-04-17,3.130000114440918,3.3499999046325684,2.8399999141693115,3.1600000858306885,3.1600000858306885,58000
2024-04-18,3.109999895095825,3.2699999809265137,2.809999942779541,2.809999942779541,2.809999942779541,32000
2024-04-19,2.799999952316284,3.069999933242798,2.7200000286102295,2.809999942779541,2.809999942779541,237100
2024-04-22,2.75,3.0,2.75,2.9700000286102295,2.9700000286102295,126700
2024-04-23,2.869999885559082,2.940000057220459,2.759999990463257,2.799999952316284,2.799999952316284,26100
2024-04-24,2.799999952316284,2.859999895095825,2.5,2.5799999237060547,2.5799999237060547,62600
2024-04-25,2.5799999237060547,3.0899999141693115,2.5799999237060547,2.640000104904175,2.640000104904175,95100
2024-04-26,2.5899999141693115,2.859999895095825,2.5,2.5,2.5,14700
2024-04-29,2.430000066757202,2.759999990463257,2.299999952316284,2.430000066757202,2.430000066757202,74200
2024-04-30,2.4200000762939453,2.6700000762939453,2.4200000762939453,2.5299999713897705,2.5299999713897705,72800
2024-05-01,2.494999885559082,2.6600000858306885,2.494999885559082,2.6600000858306885,2.6600000858306885,4700
2024-05-02,2.559999942779541,2.880000114440918,2.5299999713897705,2.740000009536743,2.740000009536743,7000
2024-05-03,2.7699999809265137,4.070000171661377,2.5999999046325684,2.5999999046325684,2.5999999046325684,351800
2024-05-06,2.559999942779541,3.197999954223633,2.559999942779541,2.8499999046325684,2.8499999046325684,55900
2024-05-07,2.8499999046325684,3.130000114440918,2.7699999809265137,2.8399999141693115,2.8399999141693115,39500
2024-05-08,2.759999990463257,2.869999885559082,2.700000047683716,2.700000047683716,2.700000047683716,19900
2024-05-09,2.6600000858306885,2.7300000190734863,2.5899999141693115,2.619999885559082,2.619999885559082,12400
2024-05-10,2.5999999046325684,2.619999885559082,2.25,2.2699999809265137,2.2699999809265137,29000
2024-05-13,2.2799999713897705,2.5,2.200000047683716,2.430000066757202,2.430000066757202,35000
2024-05-14,2.4600000381469727,2.7279999256134033,2.4600000381469727,2.609999895095825,2.609999895095825,27500
2024-05-15,2.700000047683716,3.440000057220459,2.5850000381469727,3.309999942779541,3.309999942779541,285100
2024-05-16,3.25,3.3399999141693115,3.009999990463257,3.0999999046325684,3.0999999046325684,86400
2024-05-17,3.059999942779541,3.809999942779541,2.5799999237060547,2.950000047683716,2.950000047683716,294600
2024-05-20,2.8499999046325684,3.003999948501587,2.825000047683716,2.825000047683716,2.825000047683716,9900
2024-05-21,2.7100000381469727,2.9200000762939453,2.7049999237060547,2.869999885559082,2.869999885559082,23800
2024-05-22,2.9100000858306885,2.930000066757202,2.7899999618530273,2.809999942779541,2.809999942779541,8500
2024-05-23,2.9700000286102295,2.9700000286102295,2.6600000858306885,2.700000047683716,2.700000047683716,379500
2024-05-24,2.5899999141693115,2.759999990463257,2.5899999141693115,2.640000104904175,2.640000104904175,159100
2024-05-28,3.359999895095825,3.880000114440918,2.5399999618530273,2.5399999618530273,2.5399999618530273,1103400
2024-05-29,2.549999952316284,2.9000000953674316,2.5199999809265137,2.700000047683716,2.700000047683716,97100
2024-05-30,2.5799999237060547,3.0,2.4100000858306885,2.809999942779541,2.809999942779541,117700
2024-05-31,2.7100000381469727,3.1500000953674316,2.565999984741211,3.0490000247955322,3.0490000247955322,34700
2024-06-03,2.9200000762939453,3.1500000953674316,2.690000057220459,2.950000047683716,2.950000047683716,44200
2024-06-04,2.759999990463257,2.9700000286102295,2.759999990463257,2.8499999046325684,2.8499999046325684,13300
2024-06-05,2.9200000762939453,2.9800000190734863,2.7100000381469727,2.869999885559082,2.869999885559082,29100
2024-06-06,3.0799999237060547,3.359999895095825,2.75,2.859999895095825,2.859999895095825,117500
2024-06-07,2.7899999618530273,2.859999895095825,2.5999999046325684,2.819999933242798,2.819999933242798,63700
2024-06-10,2.740000009536743,2.990000009536743,2.694999933242798,2.880000114440918,2.880000114440918,904200
2024-06-11,2.9200000762939453,2.9200000762939453,2.6080000400543213,2.7200000286102295,2.7200000286102295,93300
2024-06-12,2.6500000953674316,2.809999942779541,2.430000066757202,2.5399999618530273,2.5399999618530273,112900
2024-06-13,2.569999933242798,2.700000047683716,2.4800000190734863,2.490000009536743,2.490000009536743,47000
2024-06-14,2.4000000953674316,2.5350000858306885,2.4000000953674316,2.509999990463257,2.509999990463257,62500
2024-06-17,2.490000009536743,2.569999933242798,1.9500000476837158,1.9800000190734863,1.9800000190734863,125800
2024-06-18,1.8600000143051147,2.2699999809265137,1.8600000143051147,2.0999999046325684,2.0999999046325684,85100
2024-06-20,2.2899999618530273,2.2899999618530273,1.8899999856948853,2.0799999237060547,2.0799999237060547,56600
2024-06-21,2.0299999713897705,2.0299999713897705,1.7400000095367432,2.009999990463257,2.009999990463257,96700
2024-06-24,1.9199999570846558,2.049999952316284,1.6100000143051147,1.6699999570846558,1.6699999570846558,131800
2024-06-25,1.6399999856948853,1.7000000476837158,0.699999988079071,1.3300000429153442,1.3300000429153442,412700
2024-06-26,1.440000057220459,1.4600000381469727,1.0800000429153442,1.2000000476837158,1.2000000476837158,83600
2024-06-27,1.25,1.2799999713897705,1.2100000381469727,1.2799999713897705,1.2799999713897705,15500
2024-06-28,1.440000057220459,1.4600000381469727,1.2799999713897705,1.340000033378601,1.340000033378601,20800
2024-07-01,1.2599999904632568,1.3799999952316284,1.2300000190734863,1.2999999523162842,1.2999999523162842,10800
2024-07-02,1.3200000524520874,1.4500000476837158,1.2799999713897705,1.4299999475479126,1.4299999475479126,21700
2024-07-03,1.3700000047683716,1.5199999809265137,1.3600000143051147,1.4199999570846558,1.4199999570846558,22100
2024-07-05,1.5399999618530273,1.5399999618530273,1.3300000429153442,1.4299999475479126,1.4299999475479126,29700
2024-07-08,1.399999976158142,1.399999976158142,1.2640000581741333,1.3300000429153442,1.3300000429153442,17300
2024-07-09,1.3200000524520874,1.4520000219345093,1.3200000524520874,1.3799999952316284,1.3799999952316284,186000
2024-07-10,1.3200000524520874,1.3550000190734863,1.1699999570846558,1.184999942779541,1.184999942779541,22700
2024-07-11,1.159999966621399,1.659999966621399,1.159999966621399,1.3700000047683716,1.3700000047683716,169000
2024-07-12,1.340000033378601,1.3600000143051147,1.309999942779541,1.340000033378601,1.340000033378601,5800
2024-07-15,1.4800000190734863,1.4800000190734863,1.2000000476837158,1.25,1.25,22100
2024-07-16,1.25,1.309999942779541,1.100000023841858,1.2599999904632568,1.2599999904632568,27400
2024-07-17,1.2599999904632568,1.350000023841858,1.2300000190734863,1.2300000190734863,1.2300000190734863,11800
2024-07-18,1.2000000476837158,1.340000033378601,1.1799999475479126,1.2000000476837158,1.2000000476837158,14100
2024-07-19,1.1699999570846558,1.3600000143051147,1.1699999570846558,1.2400000095367432,1.2400000095367432,28400
2024-07-22,1.2799999713897705,1.2799999713897705,1.1799999475479126,1.25,1.25,5100
2024-07-23,1.1100000143051147,1.2699999809265137,1.1100000143051147,1.2699999809265137,1.2699999809265137,27500
2024-07-24,1.2549999952316284,1.2699999809265137,1.2549999952316284,1.2699999809265137,1.2699999809265137,2000
2024-07-25,1.350000023841858,1.350000023841858,1.2000000476837158,1.2599999904632568,1.2599999904632568,3300
2024-07-26,1.2799999713897705,1.2799999713897705,1.2000000476837158,1.2599999904632568,1.2599999904632568,2700
2024-07-29,1.2100000381469727,1.2699999809265137,1.1699999570846558,1.2599999904632568,1.2599999904632568,6900
2024-07-30,1.2100000381469727,1.2599999904632568,1.2000000476837158,1.2599999904632568,1.2599999904632568,2800
2024-07-31,1.2100000381469727,1.2799999713897705,1.149999976158142,1.2300000190734863,1.2300000190734863,4300
2024-08-01,1.2899999618530273,1.2899999618530273,1.159999966621399,1.25,1.25,6100
2024-08-02,1.2000000476837158,1.2599999904632568,1.149999976158142,1.2599999904632568,1.2599999904632568,5600
2024-08-05,1.149999976158142,1.25600004196167,1.100000023841858,1.2400000095367432,1.2400000095367432,14300
2024-08-06,1.25,1.2599999904632568,1.0700000524520874,1.2400000095367432,1.2400000095367432,21900
2024-08-07,1.0299999713897705,1.1799999475479126,1.0199999809265137,1.1799999475479126,1.1799999475479126,19300
2024-08-08,1.1799999475479126,1.2999999523162842,1.1699999570846558,1.2000000476837158,1.2000000476837158,15800
2024-08-09,1.149999976158142,1.2899999618530273,1.149999976158142,1.2599999904632568,1.2599999904632568,7900
2024-08-12,1.2549999952316284,1.3200000524520874,1.2100000381469727,1.3200000524520874,1.3200000524520874,5100
2024-08-13,1.2549999952316284,1.309999942779541,1.2350000143051147,1.309999942779541,1.309999942779541,7000
2024-08-14,1.2599999904632568,1.2599999904632568,1.059999942779541,1.090000033378601,1.090000033378601,13100
2024-08-15,1.1399999856948853,1.3029999732971191,1.090000033378601,1.2699999809265137,1.2699999809265137,36500
2024-08-16,1.159999966621399,1.2200000286102295,1.0800000429153442,1.2200000286102295,1.2200000286102295,9700
2024-08-19,1.2400000095367432,1.2899999618530273,1.2400000095367432,1.2899999618530273,1.2899999618530273,4400
2024-08-20,1.25,1.340000033378601,1.1950000524520874,1.25,1.25,13600
2024-08-21,1.1799999475479126,1.3200000524520874,1.1799999475479126,1.2799999713897705,1.2799999713897705,8000
2024-08-22,1.184999942779541,1.2999999523162842,1.184999942779541,1.2999999523162842,1.2999999523162842,6700
2024-08-23,1.2100000381469727,1.3200000524520874,1.2100000381469727,1.2400000095367432,1.2400000095367432,18000
2024-08-26,1.2999999523162842,1.3200000524520874,1.2599999904632568,1.2699999809265137,1.2699999809265137,32300
2024-08-27,1.2549999952316284,1.3200000524520874,1.2200000286102295,1.309999942779541,1.309999942779541,14200
2024-08-28,1.2899999618530273,1.3300000429153442,1.2599999904632568,1.3300000429153442,1.3300000429153442,13100
2024-08-29,1.3300000429153442,1.3300000429153442,1.2699999809265137,1.2699999809265137,1.2699999809265137,11800
2024-08-30,1.2400000095367432,1.309999942779541,1.2400000095367432,1.2699999809265137,1.2699999809265137,42900
2024-09-03,1.2000000476837158,1.2999999523162842,1.2000000476837158,1.2599999904632568,1.2599999904632568,36500
2024-09-04,1.309999942779541,1.3109999895095825,1.2400000095367432,1.2699999809265137,1.2699999809265137,37800
2024-09-05,1.2899999618530273,1.309999942779541,1.2400000095367432,1.24399995803833,1.24399995803833,14600
2024-09-06,1.2000000476837158,1.2699999809265137,1.1690000295639038,1.2000000476837158,1.2000000476837158,35300
2024-09-09,1.2300000190734863,1.350000023841858,1.1399999856948853,1.350000023841858,1.350000023841858,66900
2024-09-10,1.3300000429153442,1.75,1.2599999904632568,1.6299999952316284,1.6299999952316284,3437000
2024-09-11,1.4500000476837158,1.7000000476837158,1.309999942779541,1.3899999856948853,1.3899999856948853,1522300
2024-09-12,1.3899999856948853,1.600000023841858,0.75,0.9599999785423279,0.9599999785423279,1979200
2024-09-13,0.949999988079071,1.0,0.4749999940395355,0.6299999952316284,0.6299999952316284,1356700
2024-09-16,0.6629999876022339,0.7089999914169312,0.5600000023841858,0.6880000233650208,0.6880000233650208,168400
2024-09-17,0.6980000138282776,0.8889999985694885,0.6980000138282776,0.8080000281333923,0.8080000281333923,107800
2024-09-18,0.7599999904632568,0.8080000281333923,0.7170000076293945,0.7200000286102295,0.7200000286102295,51300
2024-09-19,0.7300000190734863,0.75,0.6970000267028809,0.6970000267028809,0.6970000267028809,70100
2024-09-20,0.6759999990463257,0.7260000109672546,0.6460000276565552,0.7239999771118164,0.7239999771118164,38800
2024-09-23,0.75,0.7599999904632568,0.699999988079071,0.7480000257492065,0.7480000257492065,32800
2024-09-24,0.7400000095367432,0.7990000247955322,0.7400000095367432,0.7710000276565552,0.7710000276565552,23800
2024-09-25,0.7400000095367432,0.7400000095367432,0.6949999928474426,0.7289999723434448,0.7289999723434448,61900
2024-09-26,0.7900000214576721,0.8500000238418579,0.7049999833106995,0.7080000042915344,0.7080000042915344,62000
2024-09-27,0.7049999833106995,0.8920000195503235,0.7049999833106995,0.7599999904632568,0.7599999904632568,71800
2024-09-30,0.7599999904632568,0.847000002861023,0.746999979019165,0.7699999809265137,0.7699999809265137,44400
2024-10-01,0.828000009059906,0.828000009059906,0.7570000290870667,0.7789999842643738,0.7789999842643738,26600
2024-10-02,0.8180000185966492,0.8489999771118164,0.7509999871253967,0.8130000233650208,0.8130000233650208,75200
2024-10-03,0.7699999809265137,0.8149999976158142,0.7149999737739563,0.7300000190734863,0.7300000190734863,54400
2024-10-04,0.8100000023841858,0.8100000023841858,0.7200000286102295,0.7429999709129333,0.7429999709129333,24700
2024-10-07,0.7200000286102295,0.75,0.7200000286102295,0.7300000190734863,0.7300000190734863,55000
2024-10-08,0.699999988079071,0.7789999842643738,0.699999988079071,0.7590000033378601,0.7590000033378601,24100
2024-10-09,0.75,0.7599999904632568,0.7110000252723694,0.7599999904632568,0.7599999904632568,14200
2024-10-10,0.7699999809265137,0.8799999952316284,0.7099999785423279,0.7400000095367432,0.7400000095367432,1319700
2024-10-11,0.800000011920929,0.8180000185966492,0.7160000205039978,0.7799999713897705,0.7799999713897705,3375200
2024-10-14,0.7670000195503235,0.8600000143051147,0.7509999871253967,0.8600000143051147,0.8600000143051147,195700
2024-10-15,0.8550000190734863,0.9200000166893005,0.8500000238418579,0.8500000238418579,0.8500000238418579,57500
2024-10-16,0.8199999928474426,0.8999999761581421,0.8100000023841858,0.8610000014305115,0.8610000014305115,48000
2024-10-17,0.8199999928474426,0.949999988079071,0.8199999928474426,0.9449999928474426,0.9449999928474426,614500
2024-10-18,0.8999999761581421,0.949999988079071,0.7200000286102295,0.7699999809265137,0.7699999809265137,900100
2024-10-21,0.8169999718666077,0.8169999718666077,0.5640000104904175,0.671999990940094,0.671999990940094,967300
2024-10-22,0.6700000166893005,0.7450000047683716,0.6110000014305115,0.675000011920929,0.675000011920929,594900
2024-10-23,0.675000011920929,0.675000011920929,0.5019999742507935,0.5799999833106995,0.5799999833106995,715600
2024-10-24,0.5799999833106995,0.6069999933242798,0.4699999988079071,0.5099999904632568,0.5099999904632568,284900
2024-10-25,0.5350000262260437,0.5680000185966492,0.4749999940395355,0.5680000185966492,0.5680000185966492,177900
2024-10-28,0.6290000081062317,1.0,0.6100000143051147,0.7300000190734863,0.7300000190734863,5141800
2024-10-29,0.8199999928474426,0.9800000190734863,0.7200000286102295,0.9629999995231628,0.9629999995231628,2833500
2024-10-30,0.9509999752044678,0.9599999785423279,0.7509999871253967,0.7900000214576721,0.7900000214576721,1485600
2024-10-31,0.7979999780654907,0.800000011920929,0.6499999761581421,0.699999988079071,0.699999988079071,389700
2024-11-01,0.6499999761581421,0.7400000095367432,0.5649999976158142,0.5979999899864197,0.5979999899864197,662300
