Date,Open,High,Low,Close,Adj Close,Volume
2007-01-19,21.5,22.450000762939453,20.100000381469727,22.3700008392334,2.732524871826172,1402200
2007-01-22,22.639999389648438,23.100000381469727,22.0,23.100000381469727,2.821695327758789,318900
2007-01-23,23.200000762939453,24.5,23.100000381469727,24.200000762939453,2.956061601638794,387300
2007-01-24,24.049999237060547,25.09000015258789,23.299999237060547,23.299999237060547,2.8461263179779053,229100
2007-01-25,23.5,24.239999771118164,23.450000762939453,23.8799991607666,2.916973829269409,198800
2007-01-26,24.18000030517578,24.440000534057617,23.6200008392334,24.100000381469727,2.9438464641571045,85900
2007-01-29,23.979999542236328,23.979999542236328,23.350000381469727,23.950000762939453,2.925525665283203,66000
2007-01-30,23.989999771118164,24.200000762939453,23.34000015258789,23.799999237060547,2.9072015285491943,91300
2007-01-31,23.700000762939453,23.799999237060547,23.1200008392334,23.790000915527344,2.905979633331299,58900
2007-02-01,23.799999237060547,24.209999084472656,23.520000457763672,24.079999923706055,2.94140362739563,50400
2007-02-02,24.0,24.489999771118164,23.799999237060547,24.299999237060547,2.9682776927948,36700
2007-02-05,24.469999313354492,24.75,24.25,24.700000762939453,3.0171375274658203,45400
2007-02-06,24.899999618530273,24.950000762939453,24.399999618530273,24.700000762939453,3.0171375274658203,50200
2007-02-07,24.600000381469727,24.600000381469727,23.510000228881836,24.350000381469727,2.9743850231170654,58800
2007-02-08,24.34000015258789,24.34000015258789,23.649999618530273,24.200000762939453,2.956061601638794,33400
2007-02-09,24.450000762939453,24.790000915527344,24.200000762939453,24.700000762939453,3.0171375274658203,56100
2007-02-12,24.75,25.0,24.200000762939453,24.6299991607666,3.00858736038208,65500
2007-02-13,23.700000762939453,24.049999237060547,23.700000762939453,24.0,3.0572476387023926,36100
2007-02-14,24.0,24.399999618530273,23.649999618530273,24.270000457763672,3.091641664505005,66600
2007-02-15,24.25,24.329999923706055,23.1299991607666,23.809999465942383,3.0330445766448975,60000
2007-02-16,23.979999542236328,24.18000030517578,23.899999618530273,24.149999618530273,3.0763556957244873,59900
2007-02-20,24.399999618530273,24.399999618530273,23.5,23.770000457763672,3.0279502868652344,38200
2007-02-21,23.65999984741211,23.65999984741211,23.25,23.389999389648438,2.9795429706573486,67600
2007-02-22,23.5,23.799999237060547,23.25,23.450000762939453,2.9871864318847656,54500
2007-02-23,23.399999618530273,23.399999618530273,22.950000762939453,23.110000610351562,2.943873882293701,41400
2007-02-26,23.15999984741211,23.56999969482422,23.100000381469727,23.209999084472656,2.956613779067993,40000
2007-02-27,23.0,23.5,22.600000381469727,22.790000915527344,2.9031124114990234,84800
2007-02-28,22.790000915527344,23.149999618530273,22.059999465942383,22.700000762939453,2.8916471004486084,61400
2007-03-01,22.700000762939453,24.0,20.520000457763672,23.899999618530273,3.044509172439575,282400
2007-03-02,24.0,24.25,23.770000457763672,23.889999389648438,3.043236494064331,81800
2007-03-05,23.709999084472656,24.0,23.0,23.5,2.993555784225464,93500
2007-03-06,23.739999771118164,24.530000686645508,23.559999465942383,24.139999389648438,3.0750820636749268,96300
2007-03-07,24.389999389648438,24.700000762939453,24.110000610351562,24.25,3.0890941619873047,88200
2007-03-08,24.399999618530273,24.799999237060547,24.25,24.600000381469727,3.1336796283721924,41200
2007-03-09,24.670000076293945,24.799999237060547,24.31999969482422,24.600000381469727,3.1336796283721924,30300
2007-03-12,24.579999923706055,24.700000762939453,24.399999618530273,24.479999542236328,3.1183924674987793,25300
2007-03-13,24.610000610351562,24.610000610351562,23.75,23.959999084472656,3.052152633666992,41800
2007-03-14,24.0,24.5,23.510000228881836,24.299999237060547,3.095463514328003,48700
2007-03-15,24.299999237060547,25.0,24.299999237060547,24.899999618530273,3.1718945503234863,49300
2007-03-16,25.0,25.0,24.399999618530273,24.989999771118164,3.1833598613739014,25600
2007-03-19,24.75,24.850000381469727,24.040000915527344,24.420000076293945,3.110751152038574,99400
2007-03-20,24.25,24.299999237060547,23.25,24.0,3.0572476387023926,173400
2007-03-21,23.899999618530273,24.0,23.1299991607666,23.860000610351562,3.039414405822754,138700
2007-03-22,23.549999237060547,24.200000762939453,23.5,23.950000762939453,3.0508787631988525,91900
2007-03-23,23.989999771118164,24.0,23.299999237060547,23.780000686645508,3.029223918914795,80200
2007-03-26,24.0,24.200000762939453,23.350000381469727,23.790000915527344,3.0304973125457764,163500
2007-03-27,23.780000686645508,23.799999237060547,22.799999237060547,23.399999618530273,2.98081636428833,228200
2007-03-28,23.59000015258789,23.8799991607666,23.31999969482422,23.399999618530273,2.98081636428833,139600
2007-03-29,23.350000381469727,23.989999771118164,23.350000381469727,23.760000228881836,3.0266757011413574,87400
2007-03-30,23.799999237060547,23.989999771118164,23.540000915527344,23.84000015258789,3.0368666648864746,62300
2007-04-02,23.850000381469727,24.200000762939453,23.610000610351562,23.850000381469727,3.038140058517456,55400
2007-04-03,23.809999465942383,24.079999923706055,23.670000076293945,23.700000762939453,3.0190324783325195,56300
2007-04-04,23.81999969482422,24.079999923706055,23.6200008392334,23.719999313354492,3.0215799808502197,39300
2007-04-05,23.889999389648438,24.030000686645508,23.649999618530273,24.0,3.0572476387023926,53200
2007-04-09,24.149999618530273,24.420000076293945,23.799999237060547,23.889999389648438,3.043236494064331,65200
2007-04-10,23.520000457763672,23.889999389648438,23.459999084472656,23.65999984741211,3.0139377117156982,136000
2007-04-11,23.8700008392334,24.139999389648438,23.690000534057617,24.079999923706055,3.0674402713775635,109700
2007-04-12,23.510000228881836,23.979999542236328,23.510000228881836,23.729999542236328,3.091278314590454,76600
2007-04-13,23.530000686645508,23.899999618530273,23.530000686645508,23.600000381469727,3.0743441581726074,50100
2007-04-16,23.799999237060547,23.899999618530273,23.549999237060547,23.579999923706055,3.0717384815216064,67000
2007-04-17,23.75,23.75,23.389999389648438,23.530000686645508,3.0652241706848145,57700
2007-04-18,23.450000762939453,23.670000076293945,23.389999389648438,23.549999237060547,3.0678298473358154,40100
2007-04-19,23.5,23.829999923706055,23.290000915527344,23.34000015258789,3.0404748916625977,58300
2007-04-20,23.350000381469727,23.809999465942383,23.299999237060547,23.540000915527344,3.0665273666381836,33500
2007-04-23,23.799999237060547,23.799999237060547,23.600000381469727,23.770000457763672,3.096489667892456,42500
2007-04-24,23.829999923706055,23.8799991607666,23.56999969482422,23.75,3.0938827991485596,50600
2007-04-25,23.639999389648438,24.0,23.5,23.899999618530273,3.1134238243103027,80000
2007-04-26,23.799999237060547,23.899999618530273,23.299999237060547,23.43000030517578,3.0521976947784424,88200
2007-04-27,23.399999618530273,23.690000534057617,23.290000915527344,23.399999618530273,3.048290491104126,27100
2007-04-30,23.350000381469727,23.399999618530273,22.850000381469727,23.059999465942383,3.003997802734375,99700
2007-05-01,23.0,23.5,22.799999237060547,23.239999771118164,3.0274455547332764,49900
2007-05-02,23.200000762939453,23.34000015258789,21.809999465942383,23.290000915527344,3.033958911895752,56400
2007-05-03,23.290000915527344,23.399999618530273,22.920000076293945,23.049999237060547,3.002694845199585,24000
2007-05-04,23.010000228881836,23.200000762939453,22.920000076293945,22.969999313354492,2.9922733306884766,15100
2007-05-07,22.920000076293945,23.0,22.360000610351562,22.600000381469727,2.9440739154815674,83200
2007-05-08,22.549999237060547,22.549999237060547,21.889999389648438,22.329999923706055,2.9089012145996094,89100
2007-05-09,22.329999923706055,22.5,22.049999237060547,22.299999237060547,2.9049954414367676,38600
2007-05-10,22.270000457763672,22.899999618530273,22.100000381469727,22.899999618530273,2.983154296875,55800
2007-05-11,22.799999237060547,23.06999969482422,22.75,22.8799991607666,2.9805500507354736,19700
2007-05-14,22.790000915527344,22.790000915527344,22.25,22.3700008392334,2.9141125679016113,30300
2007-05-15,22.350000381469727,22.5,22.100000381469727,22.420000076293945,2.920625925064087,48500
2007-05-16,22.5,23.0,22.350000381469727,22.969999313354492,2.9922733306884766,38400
2007-05-17,22.850000381469727,23.389999389648438,22.40999984741211,23.299999237060547,3.0352628231048584,41500
2007-05-18,23.0,23.600000381469727,23.0,23.450000762939453,3.0548038482666016,39900
2007-05-21,23.579999923706055,23.600000381469727,23.0,23.079999923706055,3.006603717803955,36700
2007-05-22,23.0,23.049999237060547,22.479999542236328,22.979999542236328,2.993577003479004,35100
2007-05-23,22.950000762939453,23.0,22.469999313354492,22.59000015258789,2.9427719116210938,99100
2007-05-24,22.549999237060547,22.799999237060547,22.40999984741211,22.420000076293945,2.920625925064087,36600
2007-05-25,22.5,22.799999237060547,22.5,22.780000686645508,2.9675228595733643,21500
2007-05-29,22.59000015258789,22.940000534057617,22.579999923706055,22.729999542236328,2.961010217666626,25500
2007-05-30,22.6299991607666,22.950000762939453,22.549999237060547,22.549999237060547,2.9375598430633545,44500
2007-05-31,22.549999237060547,22.799999237060547,22.5,22.700000762939453,2.9571011066436768,11900
2007-06-01,22.760000228881836,23.040000915527344,22.700000762939453,22.920000076293945,2.9857606887817383,19600
2007-06-04,22.93000030517578,23.690000534057617,22.90999984741211,23.649999618530273,3.0808563232421875,49600
2007-06-05,23.700000762939453,23.799999237060547,23.600000381469727,23.729999542236328,3.091278314590454,29100
2007-06-06,23.68000030517578,23.989999771118164,23.440000534057617,23.809999465942383,3.101698398590088,21900
2007-06-07,23.850000381469727,23.850000381469727,22.760000228881836,23.25,3.028750419616699,77100
2007-06-08,23.200000762939453,23.239999771118164,22.760000228881836,23.149999618530273,3.0157222747802734,41200
2007-06-11,23.200000762939453,23.809999465942383,22.860000610351562,23.34000015258789,3.0404748916625977,33400
2007-06-12,23.420000076293945,23.75,23.049999237060547,23.579999923706055,3.0717384815216064,62400
2007-06-13,23.670000076293945,23.670000076293945,23.149999618530273,23.5,3.0613162517547607,34600
2007-06-14,23.59000015258789,23.600000381469727,23.18000030517578,23.270000457763672,3.0313546657562256,48700
2007-06-15,23.25,23.729999542236328,23.030000686645508,23.559999465942383,3.0691323280334473,43400
2007-06-18,23.600000381469727,23.989999771118164,23.600000381469727,23.799999237060547,3.1003973484039307,45800
2007-06-19,23.93000030517578,24.260000228881836,23.5,23.989999771118164,3.1251471042633057,56000
2007-06-20,23.920000076293945,24.200000762939453,23.489999771118164,23.489999771118164,3.0600130558013916,44900
2007-06-21,22.700000762939453,23.950000762939453,22.700000762939453,23.479999542236328,3.058711051940918,57000
2007-06-22,23.549999237060547,24.09000015258789,23.31999969482422,23.450000762939453,3.0548038482666016,40800
2007-06-25,23.600000381469727,24.200000762939453,23.600000381469727,24.09000015258789,3.138174057006836,49100
2007-06-26,24.110000610351562,24.110000610351562,23.479999542236328,23.479999542236328,3.058711051940918,28200
2007-06-27,23.479999542236328,23.93000030517578,23.25,23.709999084472656,3.088671922683716,29900
2007-06-28,23.829999923706055,24.229999542236328,23.719999313354492,24.229999542236328,3.1564135551452637,33000
2007-06-29,24.299999237060547,24.950000762939453,24.200000762939453,24.899999618530273,3.243692398071289,35600
2007-07-02,24.799999237060547,25.489999771118164,24.700000762939453,24.979999542236328,3.2541141510009766,71600
2007-07-03,24.989999771118164,25.049999237060547,24.709999084472656,24.780000686645508,3.228060722351074,12500
2007-07-05,25.100000381469727,25.100000381469727,24.700000762939453,24.850000381469727,3.2371792793273926,24100
2007-07-06,25.0,25.170000076293945,24.719999313354492,24.84000015258789,3.235875368118286,21700
2007-07-09,24.90999984741211,25.299999237060547,24.799999237060547,24.979999542236328,3.2541141510009766,41400
2007-07-10,24.989999771118164,25.25,24.75,24.989999771118164,3.2554168701171875,61500
2007-07-11,25.0,25.0,24.75,24.84000015258789,3.235875368118286,49600
2007-07-12,24.18000030517578,25.0,24.149999618530273,24.530000686645508,3.282308340072632,36200
2007-07-13,24.75,25.489999771118164,24.639999389648438,25.030000686645508,3.3492109775543213,35400
2007-07-16,25.25,25.469999313354492,25.0,25.049999237060547,3.3518877029418945,50600
2007-07-17,25.100000381469727,25.399999618530273,24.959999084472656,24.959999084472656,3.339846134185791,36000
2007-07-18,25.0,25.219999313354492,24.40999984741211,25.149999618530273,3.3652684688568115,44700
2007-07-19,25.190000534057617,26.09000015258789,25.049999237060547,26.010000228881836,3.480344533920288,53500
2007-07-20,26.040000915527344,27.34000015258789,26.0,26.75,3.5793607234954834,81900
2007-07-23,27.0,27.100000381469727,26.0,26.579999923706055,3.556614875793457,64400
2007-07-24,26.850000381469727,27.530000686645508,25.020000457763672,25.06999969482422,3.3545644283294678,99100
2007-07-25,25.100000381469727,25.950000762939453,24.969999313354492,25.829999923706055,3.4562582969665527,53900
2007-07-26,26.25,26.270000457763672,25.200000762939453,26.059999465942383,3.487032175064087,61800
2007-07-27,25.989999771118164,26.25,25.5,25.549999237060547,3.4187934398651123,41700
2007-07-30,25.5,25.709999084472656,24.700000762939453,25.170000076293945,3.367945909500122,63700
2007-07-31,25.1200008392334,25.739999771118164,24.90999984741211,25.25,3.3786487579345703,31200
2007-08-01,24.799999237060547,25.739999771118164,24.65999984741211,24.799999237060547,3.3184359073638916,20600
2007-08-02,24.850000381469727,25.56999969482422,24.850000381469727,25.270000457763672,3.38132643699646,14200
2007-08-03,25.299999237060547,25.5,24.760000228881836,24.760000228881836,3.313082695007324,18100
2007-08-06,24.780000686645508,24.780000686645508,21.5,23.639999389648438,3.1632182598114014,188400
2007-08-07,23.5,23.799999237060547,22.309999465942383,23.65999984741211,3.1658947467803955,81400
2007-08-08,23.809999465942383,24.75,23.809999465942383,24.149999618530273,3.2314608097076416,40700
2007-08-09,23.200000762939453,24.110000610351562,23.200000762939453,23.260000228881836,3.1123714447021484,28700
2007-08-10,23.0,23.100000381469727,22.75,23.0,3.0775811672210693,45400
2007-08-13,23.0,24.399999618530273,23.0,23.950000762939453,3.204700231552124,35200
2007-08-14,24.209999084472656,24.450000762939453,22.940000534057617,23.030000686645508,3.0815954208374023,30300
2007-08-15,22.950000762939453,23.729999542236328,22.75,22.75,3.0441293716430664,41300
2007-08-16,22.25,22.75,21.549999237060547,22.450000762939453,3.003986120223999,91200
2007-08-17,24.059999465942383,24.299999237060547,22.489999771118164,23.600000381469727,3.157867193222046,132000
2007-08-20,23.75,24.34000015258789,23.020000457763672,23.850000381469727,3.191317319869995,52100
2007-08-21,23.700000762939453,23.979999542236328,23.270000457763672,23.700000762939453,3.1712472438812256,21900
2007-08-22,23.700000762939453,24.200000762939453,23.549999237060547,23.799999237060547,3.1846277713775635,32700
2007-08-23,24.049999237060547,24.049999237060547,23.360000610351562,23.90999984741211,3.1993463039398193,16700
2007-08-24,24.049999237060547,24.200000762939453,23.799999237060547,23.989999771118164,3.2100510597229004,12300
2007-08-27,24.1299991607666,24.200000762939453,23.65999984741211,23.93000030517578,3.2020232677459717,18300
2007-08-28,23.860000610351562,24.200000762939453,23.719999313354492,23.81999969482422,3.187303066253662,12800
2007-08-29,23.790000915527344,24.100000381469727,23.729999542236328,24.0,3.21138858795166,19900
2007-08-30,24.0,24.450000762939453,23.65999984741211,24.43000030517578,3.2689268589019775,14000
2007-08-31,24.65999984741211,24.84000015258789,24.350000381469727,24.549999237060547,3.284984827041626,21000
2007-09-04,24.549999237060547,24.8799991607666,24.510000228881836,24.700000762939453,3.3050553798675537,11400
2007-09-05,24.5,24.899999618530273,23.899999618530273,24.479999542236328,3.2756171226501465,17400
2007-09-06,24.399999618530273,25.0,24.389999389648438,24.90999984741211,3.3331542015075684,12300
2007-09-07,24.989999771118164,25.020000457763672,24.440000534057617,24.59000015258789,3.2903363704681396,10300
2007-09-10,25.059999465942383,25.059999465942383,24.049999237060547,24.40999984741211,3.2662501335144043,12200
2007-09-11,24.40999984741211,24.690000534057617,24.049999237060547,24.299999237060547,3.2515313625335693,7300
2007-09-12,24.299999237060547,24.969999313354492,24.25,24.260000228881836,3.2461795806884766,110600
2007-09-13,24.200000762939453,24.329999923706055,24.100000381469727,24.139999389648438,3.2301223278045654,26600
2007-09-14,24.0,24.09000015258789,23.979999542236328,24.0,3.21138858795166,18500
2007-09-17,24.350000381469727,24.350000381469727,23.93000030517578,23.979999542236328,3.208714246749878,11500
2007-09-18,24.059999465942383,24.100000381469727,23.799999237060547,24.0,3.21138858795166,52000
2007-09-19,24.100000381469727,24.600000381469727,23.899999618530273,24.09000015258789,3.223431348800659,66400
2007-09-20,24.0,24.100000381469727,24.0,24.0,3.21138858795166,40100
2007-09-21,24.0,24.100000381469727,23.549999237060547,23.81999969482422,3.187303066253662,47300
2007-09-24,23.889999389648438,24.040000915527344,23.8799991607666,23.940000534057617,3.2033610343933105,21500
2007-09-25,23.899999618530273,23.899999618530273,23.81999969482422,23.899999618530273,3.1980087757110596,12400
2007-09-26,23.860000610351562,23.93000030517578,23.81999969482422,23.899999618530273,3.1980087757110596,38900
2007-09-27,23.899999618530273,24.0,23.81999969482422,23.899999618530273,3.1980087757110596,59700
2007-09-28,23.899999618530273,24.649999618530273,23.8700008392334,24.6299991607666,3.295687198638916,230800
2007-10-01,24.700000762939453,25.049999237060547,24.700000762939453,24.899999618530273,3.331815242767334,38900
2007-10-02,24.84000015258789,24.940000534057617,24.719999313354492,24.799999237060547,3.3184359073638916,13400
2007-10-03,24.75,25.049999237060547,24.399999618530273,24.399999618530273,3.2649121284484863,24000
2007-10-04,24.549999237060547,24.700000762939453,24.360000610351562,24.420000076293945,3.2675890922546387,22100
2007-10-05,24.34000015258789,25.0,23.149999618530273,23.459999084472656,3.139133930206299,104200
2007-10-08,24.0,24.5,24.0,24.100000381469727,3.2247700691223145,65700
2007-10-09,24.219999313354492,24.219999313354492,23.8700008392334,23.93000030517578,3.2020232677459717,44900
2007-10-10,23.899999618530273,24.280000686645508,23.780000686645508,24.200000762939453,3.2381508350372314,49400
2007-10-11,24.0,24.219999313354492,23.809999465942383,23.920000076293945,3.2895851135253906,49000
2007-10-12,23.989999771118164,24.0,23.780000686645508,24.0,3.3005857467651367,20900
2007-10-15,24.0,24.079999923706055,23.75,23.8700008392334,3.374668836593628,44900
2007-10-16,23.899999618530273,23.969999313354492,23.579999923706055,23.770000457763672,3.3605315685272217,37900
2007-10-17,23.75,24.0,23.600000381469727,23.93000030517578,3.3831512928009033,27000
2007-10-18,23.649999618530273,23.899999618530273,23.510000228881836,23.600000381469727,3.3364975452423096,74800
2007-10-19,23.600000381469727,23.649999618530273,23.299999237060547,23.350000381469727,3.301151990890503,27600
2007-10-22,23.219999313354492,23.5,23.200000762939453,23.399999618530273,3.3082218170166016,17900
2007-10-23,23.5,23.5,23.09000015258789,23.09000015258789,3.2643933296203613,29100
2007-10-24,23.899999618530273,23.950000762939453,23.25,23.739999771118164,3.3562910556793213,30700
2007-10-25,23.850000381469727,23.93000030517578,23.399999618530273,23.93000030517578,3.3831512928009033,18400
2007-10-26,24.0,24.5,23.950000762939453,24.149999618530273,3.4142544269561768,41400
2007-10-29,24.25,24.5,24.15999984741211,24.34000015258789,3.441117525100708,20200
2007-10-30,24.469999313354492,24.469999313354492,24.040000915527344,24.110000610351562,3.408600091934204,19600
2007-10-31,24.100000381469727,24.530000686645508,24.100000381469727,24.389999389648438,3.4481844902038574,36000
2007-11-01,24.399999618530273,24.399999618530273,23.979999542236328,23.979999542236328,3.3902194499969482,19800
2007-11-02,24.0,24.200000762939453,23.950000762939453,23.989999771118164,3.3916332721710205,10500
2007-11-05,23.649999618530273,24.049999237060547,23.649999618530273,24.049999237060547,3.4001176357269287,6800
2007-11-06,24.200000762939453,24.860000610351562,24.0,24.709999084472656,3.493425130844116,29900
2007-11-07,24.75,24.75,23.799999237060547,24.030000686645508,3.3972885608673096,29900
2007-11-08,24.219999313354492,24.239999771118164,23.5,23.920000076293945,3.3817389011383057,27200
2007-11-09,23.799999237060547,24.020000457763672,23.799999237060547,24.0,3.3930468559265137,9100
2007-11-12,24.020000457763672,24.020000457763672,23.329999923706055,23.350000381469727,3.301151990890503,29600
2007-11-13,23.549999237060547,23.65999984741211,23.459999084472656,23.59000015258789,3.3350837230682373,20000
2007-11-14,23.8700008392334,23.8799991607666,23.5,23.799999237060547,3.3647727966308594,15900
2007-11-15,23.899999618530273,23.90999984741211,23.690000534057617,23.690000534057617,3.3492205142974854,20200
2007-11-16,23.8700008392334,23.8700008392334,23.530000686645508,23.709999084472656,3.35204815864563,16400
2007-11-19,23.75,23.860000610351562,23.649999618530273,23.690000534057617,3.3492205142974854,12300
2007-11-20,23.649999618530273,24.0,23.649999618530273,23.760000228881836,3.359118700027466,21200
2007-11-21,23.899999618530273,23.989999771118164,23.649999618530273,23.649999618530273,3.3435661792755127,13900
2007-11-23,23.700000762939453,23.84000015258789,23.549999237060547,23.729999542236328,3.3548755645751953,8700
2007-11-26,23.729999542236328,23.729999542236328,23.209999084472656,23.209999084472656,3.281360387802124,25100
2007-11-27,23.190000534057617,23.65999984741211,23.149999618530273,23.5,3.322359085083008,43100
2007-11-28,23.5,23.8700008392334,23.5,23.579999923706055,3.333670139312744,9500
2007-11-29,23.610000610351562,23.75,23.520000457763672,23.56999969482422,3.3322560787200928,16700
2007-11-30,23.540000915527344,23.6299991607666,23.3700008392334,23.59000015258789,3.3350837230682373,11100
2007-12-03,23.5,23.700000762939453,23.190000534057617,23.450000762939453,3.3152897357940674,23400
2007-12-04,23.440000534057617,23.549999237060547,23.25,23.549999237060547,3.3294286727905273,3800
2007-12-05,23.610000610351562,23.809999465942383,23.25,23.639999389648438,3.3421518802642822,25200
2007-12-06,23.729999542236328,24.0,23.260000228881836,23.829999923706055,3.369014263153076,16700
2007-12-07,24.0,24.399999618530273,23.850000381469727,24.299999237060547,3.4354612827301025,22400
2007-12-10,24.399999618530273,24.549999237060547,24.0,24.040000915527344,3.3987035751342773,18600
2007-12-11,24.0,24.200000762939453,23.600000381469727,23.780000686645508,3.361945867538452,23400
2007-12-12,24.170000076293945,24.170000076293945,23.450000762939453,23.719999313354492,3.353461265563965,29600
2007-12-13,23.809999465942383,24.34000015258789,23.770000457763672,24.010000228881836,3.3944625854492188,11400
2007-12-14,23.989999771118164,23.989999771118164,23.809999465942383,23.899999618530273,3.3789100646972656,5200
2007-12-17,23.729999542236328,23.799999237060547,23.579999923706055,23.75,3.35770320892334,10400
2007-12-18,23.989999771118164,24.0,23.559999465942383,23.799999237060547,3.3647727966308594,2100
2007-12-19,23.649999618530273,23.850000381469727,23.5,23.84000015258789,3.3704278469085693,33400
2007-12-20,23.700000762939453,23.81999969482422,23.450000762939453,23.81999969482422,3.3675994873046875,14100
2007-12-21,23.850000381469727,23.850000381469727,23.5,23.5,3.322359085083008,27500
2007-12-24,23.350000381469727,23.790000915527344,23.350000381469727,23.75,3.35770320892334,7800
2007-12-26,23.790000915527344,24.43000030517578,23.719999313354492,24.299999237060547,3.4354612827301025,14100
2007-12-27,24.389999389648438,24.489999771118164,23.760000228881836,24.020000457763672,3.395875930786133,11100
2007-12-28,24.100000381469727,24.600000381469727,24.100000381469727,24.3700008392334,3.4453580379486084,15000
2007-12-31,24.25,24.649999618530273,24.25,24.639999389648438,3.4835290908813477,11600
2008-01-02,24.649999618530273,25.299999237060547,24.649999618530273,25.049999237060547,3.541494369506836,34800
2008-01-03,25.0,25.18000030517578,23.790000915527344,24.84000015258789,3.511803388595581,23100
2008-01-04,24.84000015258789,24.90999984741211,24.34000015258789,24.899999618530273,3.5202865600585938,14700
2008-01-07,25.0,25.100000381469727,24.899999618530273,25.0,3.5344250202178955,16900
2008-01-08,25.0,25.139999389648438,25.0,25.0,3.5344250202178955,23400
2008-01-09,24.299999237060547,24.399999618530273,23.59000015258789,24.09000015258789,3.405771017074585,75300
2008-01-10,23.700000762939453,24.049999237060547,23.600000381469727,24.049999237060547,3.4001176357269287,49200
2008-01-11,23.729999542236328,23.729999542236328,23.270000457763672,23.540000915527344,3.418560743331909,60700
2008-01-14,23.530000686645508,23.610000610351562,23.260000228881836,23.40999984741211,3.399681329727173,33800
2008-01-15,23.5,23.709999084472656,23.0,23.040000915527344,3.3459482192993164,51400
2008-01-16,22.899999618530273,23.549999237060547,22.360000610351562,22.450000762939453,3.2602663040161133,76000
2008-01-17,22.6200008392334,22.719999313354492,21.799999237060547,22.0,3.1949164867401123,43400
2008-01-18,22.030000686645508,23.8700008392334,21.59000015258789,21.850000381469727,3.1731319427490234,54900
2008-01-22,21.610000610351562,21.610000610351562,20.399999618530273,21.399999618530273,3.1077818870544434,72000
2008-01-23,21.0,21.399999618530273,19.25,20.350000381469727,2.9552958011627197,189400
2008-01-24,20.5,21.020000457763672,20.5,20.899999618530273,3.035170793533325,83600
2008-01-25,21.260000228881836,22.0,21.15999984741211,21.559999465942383,3.1310172080993652,43300
2008-01-28,20.75,21.700000762939453,20.6200008392334,21.15999984741211,3.0729281902313232,43400
2008-01-29,21.15999984741211,21.65999984741211,21.15999984741211,21.420000076293945,3.1106860637664795,20500
2008-01-30,21.700000762939453,21.700000762939453,21.299999237060547,21.59000015258789,3.1353759765625,20900
2008-01-31,21.420000076293945,21.530000686645508,20.760000228881836,21.530000686645508,3.1266603469848633,25800
2008-02-01,21.760000228881836,21.760000228881836,21.15999984741211,21.489999771118164,3.120851993560791,22100
2008-02-04,21.649999618530273,21.700000762939453,20.760000228881836,21.600000381469727,3.1368277072906494,13400
2008-02-05,21.5,21.5,20.799999237060547,20.969999313354492,3.0453357696533203,32300
2008-02-06,21.100000381469727,21.200000762939453,20.299999237060547,20.520000457763672,2.9799840450286865,848900
2008-02-07,20.510000228881836,21.170000076293945,20.510000228881836,21.170000076293945,3.07438063621521,23000
2008-02-08,20.540000915527344,22.40999984741211,20.540000915527344,21.90999984741211,3.181845188140869,138100
2008-02-11,21.610000610351562,22.75,21.510000228881836,22.690000534057617,3.2951202392578125,60000
2008-02-12,22.690000534057617,22.989999771118164,22.5,22.65999984741211,3.290764331817627,53900
2008-02-13,22.549999237060547,22.600000381469727,22.260000228881836,22.5,3.267528533935547,32800
2008-02-14,22.600000381469727,23.0,22.18000030517578,22.510000228881836,3.2689807415008545,80400
2008-02-15,22.549999237060547,23.0,22.5,23.0,3.3401379585266113,44400
2008-02-19,23.0,23.780000686645508,23.0,23.549999237060547,3.420012950897217,114000
2008-02-20,23.549999237060547,24.0,23.15999984741211,23.8799991607666,3.4679362773895264,51900
2008-02-21,23.8799991607666,24.0,23.389999389648438,23.600000381469727,3.4272735118865967,47000
2008-02-22,23.350000381469727,23.65999984741211,23.0,23.649999618530273,3.4345338344573975,33000
2008-02-25,23.399999618530273,23.989999771118164,23.299999237060547,23.979999542236328,3.4824581146240234,76400
2008-02-26,24.0,24.989999771118164,23.899999618530273,24.0,3.4853618144989014,76000
2008-02-27,24.110000610351562,24.190000534057617,23.75,24.09000015258789,3.49843168258667,115100
2008-02-28,24.100000381469727,24.579999923706055,23.850000381469727,24.200000762939453,3.5144076347351074,73900
2008-02-29,24.100000381469727,24.100000381469727,23.75,23.889999389648438,3.4693894386291504,62700
2008-03-03,23.790000915527344,24.3799991607666,23.790000915527344,24.0,3.4853618144989014,59300
2008-03-04,23.950000762939453,24.1200008392334,23.65999984741211,24.0,3.4853618144989014,56700
2008-03-05,23.790000915527344,23.899999618530273,23.75,23.75,3.4490575790405273,25000
2008-03-06,23.459999084472656,24.0,23.25,23.25,3.3764445781707764,104500
2008-03-07,23.0,23.8799991607666,23.0,23.59000015258789,3.4258220195770264,14400
2008-03-10,23.489999771118164,23.799999237060547,23.43000030517578,23.43000030517578,3.4025864601135254,14300
2008-03-11,23.920000076293945,23.93000030517578,23.399999618530273,23.40999984741211,3.399681329727173,22100
2008-03-12,22.739999771118164,24.0,22.739999771118164,23.399999618530273,3.398228406906128,20300
2008-03-13,23.25,23.389999389648438,22.549999237060547,22.75,3.3038337230682373,65100
2008-03-14,22.649999618530273,22.959999084472656,22.0,22.75,3.3038337230682373,51200
2008-03-17,22.649999618530273,22.649999618530273,22.0,22.299999237060547,3.238483190536499,33900
2008-03-18,21.31999969482422,22.979999542236328,21.31999969482422,22.600000381469727,3.2820494174957275,30200
2008-03-19,22.389999389648438,22.489999771118164,21.440000534057617,21.440000534057617,3.113591432571411,25900
2008-03-20,21.420000076293945,21.75,20.559999465942383,21.75,3.1586101055145264,58300
2008-03-24,21.75,21.75,20.979999542236328,21.290000915527344,3.091808557510376,54200
2008-03-25,21.739999771118164,21.950000762939453,21.100000381469727,21.950000762939453,3.1876559257507324,22000
2008-03-26,22.049999237060547,22.049999237060547,21.34000015258789,21.760000228881836,3.160062313079834,34900
2008-03-27,22.0,22.0,21.469999313354492,21.5,3.1223044395446777,20300
2008-03-28,21.81999969482422,22.0,21.270000457763672,21.5,3.1223044395446777,16500
2008-03-31,21.270000457763672,21.989999771118164,21.270000457763672,21.700000762939453,3.1513493061065674,22800
2008-04-01,21.5,21.700000762939453,21.5,21.549999237060547,3.129565477371216,8100
2008-04-02,21.559999465942383,22.0,21.479999542236328,21.600000381469727,3.1368277072906494,29200
2008-04-03,21.5,21.75,21.5,21.6200008392334,3.139730930328369,10400
2008-04-04,21.81999969482422,22.149999618530273,21.5,21.600000381469727,3.1368277072906494,29300
2008-04-07,21.600000381469727,22.15999984741211,21.600000381469727,21.850000381469727,3.1731319427490234,35100
2008-04-08,22.100000381469727,22.18000030517578,21.700000762939453,22.0,3.1949164867401123,38100
2008-04-09,22.0,23.040000915527344,22.0,23.040000915527344,3.3459482192993164,44900
2008-04-10,22.969999313354492,23.6200008392334,22.510000228881836,23.3799991607666,3.395324468612671,46900
2008-04-11,22.440000534057617,23.43000030517578,22.3700008392334,23.399999618530273,3.475832223892212,48300
2008-04-14,23.25,24.200000762939453,23.25,23.5,3.490687370300293,100500
2008-04-15,24.889999389648438,24.889999389648438,22.75,22.75,3.3792824745178223,75300
2008-04-16,22.850000381469727,23.0,22.149999618530273,22.739999771118164,3.3777966499328613,119500
2008-04-17,22.75,22.809999465942383,22.0,22.34000015258789,3.3183798789978027,175500
2008-04-18,22.0,22.719999313354492,22.0,22.549999237060547,3.349573850631714,99000
2008-04-21,22.549999237060547,22.649999618530273,22.450000762939453,22.600000381469727,3.3570008277893066,98400
2008-04-22,23.0,23.100000381469727,22.600000381469727,22.93000030517578,3.406020164489746,41000
2008-04-23,22.690000534057617,23.0,22.399999618530273,22.709999084472656,3.373340129852295,33000
2008-04-24,23.450000762939453,23.450000762939453,22.25,22.469999313354492,3.3376924991607666,29200
2008-04-25,22.469999313354492,23.15999984741211,22.469999313354492,22.969999313354492,3.4119606018066406,40500
2008-04-28,22.860000610351562,23.200000762939453,22.68000030517578,22.68000030517578,3.368884325027466,30700
2008-04-29,22.5,23.09000015258789,22.299999237060547,22.299999237060547,3.312439203262329,31500
2008-04-30,22.299999237060547,22.309999465942383,21.770000457763672,21.850000381469727,3.245595693588257,67300
2008-05-01,22.200000762939453,22.25,21.860000610351562,21.950000762939453,3.260451316833496,40500
2008-05-02,22.059999465942383,22.200000762939453,22.0,22.139999389648438,3.2886719703674316,29200
2008-05-05,22.139999389648438,22.25,22.100000381469727,22.239999771118164,3.3035266399383545,51500
2008-05-06,22.25,23.049999237060547,22.100000381469727,22.899999618530273,3.4015634059906006,43500
2008-05-07,22.899999618530273,22.899999618530273,22.25,22.6200008392334,3.3599724769592285,42700
2008-05-08,22.280000686645508,22.889999389648438,22.280000686645508,22.8700008392334,3.3971071243286133,20500
2008-05-09,22.8700008392334,23.0,22.639999389648438,22.90999984741211,3.403048515319824,66500
2008-05-12,22.799999237060547,23.200000762939453,22.799999237060547,22.84000015258789,3.392650842666626,35700
2008-05-13,22.809999465942383,22.979999542236328,22.600000381469727,22.75,3.3792824745178223,38100
2008-05-14,22.610000610351562,23.0,22.610000610351562,22.8799991607666,3.398592233657837,23200
2008-05-15,22.709999084472656,23.030000686645508,22.700000762939453,22.700000762939453,3.371854066848755,21800
2008-05-16,22.670000076293945,23.549999237060547,22.670000076293945,23.450000762939453,3.483259677886963,46600
2008-05-19,23.549999237060547,23.549999237060547,22.889999389648438,23.350000381469727,3.4684054851531982,31200
2008-05-20,23.399999618530273,23.899999618530273,23.100000381469727,23.700000762939453,3.5203945636749268,39700
2008-05-21,23.760000228881836,24.100000381469727,23.75,23.81999969482422,3.5382184982299805,84100
2008-05-22,23.889999389648438,24.09000015258789,23.030000686645508,23.459999084472656,3.4847452640533447,41500
2008-05-23,23.440000534057617,23.700000762939453,23.270000457763672,23.690000534057617,3.5189082622528076,33100
2008-05-27,23.850000381469727,23.850000381469727,23.690000534057617,23.719999313354492,3.5233659744262695,42800
2008-05-28,23.760000228881836,23.770000457763672,23.65999984741211,23.709999084472656,3.5218799114227295,18300
2008-05-29,23.489999771118164,23.899999618530273,23.43000030517578,23.81999969482422,3.5382184982299805,28300
2008-05-30,23.899999618530273,24.0,23.520000457763672,23.920000076293945,3.5530734062194824,33000
2008-06-02,23.729999542236328,24.100000381469727,23.709999084472656,24.0,3.5649573802948,23000
2008-06-03,24.0,24.489999771118164,23.8700008392334,24.25,3.60209321975708,99900
2008-06-04,24.34000015258789,24.3799991607666,23.940000534057617,24.190000534057617,3.5931785106658936,64200
2008-06-05,24.040000915527344,24.399999618530273,24.040000915527344,24.34000015258789,3.6154611110687256,20600
2008-06-06,24.299999237060547,25.450000762939453,24.299999237060547,25.0,3.7134976387023926,80700
2008-06-09,25.0,25.270000457763672,24.770000457763672,24.770000457763672,3.679333209991455,41900
2008-06-10,24.3799991607666,24.989999771118164,24.3799991607666,24.780000686645508,3.6808180809020996,38200
2008-06-11,24.6299991607666,25.43000030517578,24.559999465942383,25.31999969482422,3.7610299587249756,36700
2008-06-12,25.399999618530273,25.399999618530273,25.0,25.25,3.750631809234619,50600
2008-06-13,25.450000762939453,25.899999618530273,25.329999923706055,25.899999618530273,3.8471827507019043,58700
2008-06-16,25.850000381469727,26.3700008392334,25.600000381469727,26.09000015258789,3.8754048347473145,73900
2008-06-17,26.0,26.440000534057617,25.809999465942383,26.260000228881836,3.900657892227173,26000
2008-06-18,26.459999084472656,26.459999084472656,25.600000381469727,26.25,3.899171829223633,28600
2008-06-19,26.239999771118164,26.489999771118164,25.799999237060547,26.149999618530273,3.8843166828155518,39200
2008-06-20,26.1299991607666,26.5,26.1299991607666,26.15999984741211,3.8858039379119873,82600
2008-06-23,26.170000076293945,26.860000610351562,25.860000610351562,26.770000457763672,3.976412534713745,21300
2008-06-24,27.450000762939453,27.450000762939453,26.459999084472656,26.600000381469727,3.951160192489624,236400
2008-06-25,26.5,26.899999618530273,26.190000534057617,26.799999237060547,3.9808692932128906,89000
2008-06-26,27.100000381469727,27.1299991607666,26.809999465942383,27.100000381469727,4.025431156158447,62700
2008-06-27,26.760000228881836,27.790000915527344,26.760000228881836,27.700000762939453,4.1145548820495605,148500
2008-06-30,28.489999771118164,28.75,27.760000228881836,28.75,4.270520210266113,50600
2008-07-01,27.760000228881836,28.920000076293945,27.760000228881836,28.84000015258789,4.283889293670654,61700
2008-07-02,29.030000686645508,29.5,28.09000015258789,28.940000534057617,4.298745155334473,75300
2008-07-03,29.5,29.5,27.510000228881836,28.719999313354492,4.266066074371338,145500
2008-07-07,28.030000686645508,28.670000076293945,27.1200008392334,28.209999084472656,4.190310478210449,176000
2008-07-08,28.93000030517578,28.93000030517578,26.649999618530273,28.0,4.159116744995117,273600
2008-07-09,27.450000762939453,28.25,25.940000534057617,26.0,3.86203670501709,265300
2008-07-10,26.100000381469727,26.920000076293945,25.290000915527344,26.920000076293945,3.998692512512207,256400
2008-07-11,26.270000457763672,27.510000228881836,26.270000457763672,27.40999984741211,4.171900749206543,106700
2008-07-14,27.68000030517578,28.350000381469727,26.559999465942383,27.790000915527344,4.229736804962158,39100
2008-07-15,27.790000915527344,27.799999237060547,26.799999237060547,26.950000762939453,4.101888179779053,56200
2008-07-16,26.59000015258789,26.700000762939453,25.760000228881836,25.979999542236328,3.9542505741119385,94400
2008-07-17,25.559999465942383,26.209999084472656,25.559999465942383,26.0,3.9572927951812744,73600
2008-07-18,26.25,26.3700008392334,25.68000030517578,25.979999542236328,3.9542505741119385,24600
2008-07-21,26.25,26.989999771118164,25.75,26.450000762939453,4.025785446166992,195500
2008-07-22,26.940000534057617,26.940000534057617,25.65999984741211,25.790000915527344,3.92533278465271,37200
2008-07-23,25.350000381469727,25.40999984741211,23.799999237060547,24.350000381469727,3.706157684326172,164000
2008-07-24,24.350000381469727,24.899999618530273,23.899999618530273,24.209999084472656,3.6848490238189697,40900
2008-07-25,21.0,21.079999923706055,18.0,19.989999771118164,3.0425500869750977,846600
2008-07-28,19.90999984741211,20.100000381469727,19.549999237060547,19.700000762939453,2.998410701751709,257500
2008-07-29,20.809999465942383,20.809999465942383,19.1299991607666,19.200000762939453,2.922309398651123,95600
2008-07-30,19.200000762939453,20.100000381469727,18.6200008392334,19.809999465942383,3.015153169631958,92700
2008-07-31,19.799999237060547,19.959999084472656,19.0,19.170000076293945,2.9177427291870117,72200
2008-08-01,19.18000030517578,19.5,19.100000381469727,19.100000381469727,2.9070887565612793,77900
2008-08-04,19.100000381469727,19.489999771118164,17.1200008392334,17.559999465942383,2.6726958751678467,204000
2008-08-05,17.520000457763672,17.520000457763672,16.40999984741211,16.780000686645508,2.5539770126342773,146400
2008-08-06,16.799999237060547,18.0,16.5,18.0,2.7396650314331055,139800
2008-08-07,18.200000762939453,18.280000686645508,17.540000915527344,17.889999389648438,2.7229228019714355,58700
2008-08-08,17.850000381469727,17.850000381469727,17.010000228881836,17.3700008392334,2.6437771320343018,106100
2008-08-11,17.360000610351562,17.579999923706055,16.59000015258789,16.719999313354492,2.544844150543213,71000
2008-08-12,16.8799991607666,17.40999984741211,16.850000381469727,17.030000686645508,2.5920276641845703,42700
2008-08-13,17.170000076293945,17.709999084472656,16.8799991607666,17.450000762939453,2.6559529304504395,44000
2008-08-14,17.3799991607666,17.899999618530273,17.239999771118164,17.649999618530273,2.6863932609558105,36600
2008-08-15,17.510000228881836,17.549999237060547,16.860000610351562,17.09000015258789,2.6011598110198975,46300
2008-08-18,16.959999084472656,17.15999984741211,16.600000381469727,16.649999618530273,2.5341906547546387,49300
2008-08-19,16.639999389648438,17.0,16.5,16.969999313354492,2.5828959941864014,27300
2008-08-20,17.040000915527344,17.18000030517578,16.799999237060547,17.0,2.5874619483947754,20700
2008-08-21,17.010000228881836,17.649999618530273,17.010000228881836,17.3799991607666,2.6452980041503906,40800
2008-08-22,17.399999618530273,17.549999237060547,17.079999923706055,17.100000381469727,2.602681875228882,15800
2008-08-25,17.889999389648438,17.889999389648438,16.75,17.06999969482422,2.598115921020508,24300
2008-08-26,17.790000915527344,17.790000915527344,16.81999969482422,17.399999618530273,2.648343563079834,19100
2008-08-27,17.40999984741211,18.40999984741211,17.200000762939453,18.280000686645508,2.7822818756103516,34900
2008-08-28,18.299999237060547,18.299999237060547,17.65999984741211,17.829999923706055,2.713789701461792,21900
2008-08-29,17.68000030517578,18.5,17.56999969482422,18.450000762939453,2.808157205581665,33300
2008-09-02,18.020000457763672,18.020000457763672,16.8700008392334,16.93000030517578,2.576808214187622,43800
2008-09-03,16.850000381469727,16.899999618530273,16.59000015258789,16.81999969482422,2.5600645542144775,29000
2008-09-04,17.0,17.049999237060547,16.639999389648438,16.84000015258789,2.5631091594696045,17800
2008-09-05,16.989999771118164,17.600000381469727,16.5,16.799999237060547,2.5570216178894043,41300
2008-09-08,17.229999542236328,17.399999618530273,16.6200008392334,16.780000686645508,2.5539770126342773,65200
2008-09-09,16.959999084472656,16.959999084472656,16.299999237060547,16.469999313354492,2.50679349899292,38000
2008-09-10,16.219999313354492,16.950000762939453,15.899999618530273,16.15999984741211,2.4596104621887207,64500
2008-09-11,16.06999969482422,16.110000610351562,15.760000228881836,16.010000228881836,2.4367787837982178,51100
2008-09-12,16.049999237060547,16.350000381469727,15.899999618530273,16.290000915527344,2.4793970584869385,27200
2008-09-15,15.5,16.239999771118164,14.579999923706055,15.050000190734863,2.2906646728515625,34300
2008-09-16,14.579999923706055,14.779999732971191,13.5,14.649999618530273,2.229783058166504,64700
2008-09-17,14.649999618530273,14.649999618530273,13.770000457763672,14.15999984741211,2.155203104019165,127900
2008-09-18,14.350000381469727,14.399999618530273,13.25,13.529999732971191,2.0593152046203613,75200
2008-09-19,14.260000228881836,15.819999694824219,14.260000228881836,15.779999732971191,2.401773452758789,69700
2008-09-22,15.829999923706055,17.229999542236328,15.789999961853027,16.6299991607666,2.5311455726623535,37800
2008-09-23,16.5,16.5,15.930000305175781,16.0,2.43525767326355,22600
2008-09-24,16.299999237060547,16.75,16.25,16.399999618530273,2.4961390495300293,20100
2008-09-25,16.299999237060547,16.350000381469727,15.75,15.8100004196167,2.406338930130005,44200
2008-09-26,15.140000343322754,15.779999732971191,14.699999809265137,15.779999732971191,2.401773452758789,34200
2008-09-29,15.020000457763672,15.020000457763672,13.539999961853027,13.899999618530273,2.1156299114227295,63200
2008-09-30,13.800000190734863,14.920000076293945,13.800000190734863,14.670000076293945,2.232827663421631,22300
2008-10-01,14.819999694824219,15.170000076293945,14.699999809265137,14.8100004196167,2.2541356086730957,59800
2008-10-02,15.380000114440918,15.380000114440918,14.100000381469727,14.100000381469727,2.146070957183838,27900
2008-10-03,14.020000457763672,14.3100004196167,13.920000076293945,14.100000381469727,2.146070957183838,26800
2008-10-06,13.510000228881836,13.510000228881836,12.0600004196167,12.710000038146973,1.9345078468322754,73800
2008-10-07,13.239999771118164,13.239999771118164,11.75,11.989999771118164,1.8249210119247437,84500
2008-10-08,11.75,14.3100004196167,10.100000381469727,13.489999771118164,2.053227663040161,155800
2008-10-09,13.300000190734863,13.300000190734863,11.949999809265137,11.949999809265137,1.8188329935073853,101400
2008-10-10,12.0,12.0,9.0600004196167,9.90999984741211,1.5083374977111816,229500
2008-10-13,11.0,11.149999618530273,10.800000190734863,10.869999885559082,1.6544538736343384,73600
2008-10-14,11.359999656677246,11.65999984741211,11.0,11.0600004196167,1.6833726167678833,34000
2008-10-15,11.020000457763672,11.119999885559082,10.600000381469727,10.800000190734863,1.6437994241714478,27300
2008-10-16,10.600000381469727,10.65999984741211,10.100000381469727,10.600000381469727,1.6133581399917603,28100
2008-10-17,10.5,11.430000305175781,10.5,11.100000381469727,1.6894606351852417,19300
2008-10-20,11.59000015258789,12.09000015258789,11.210000038146973,11.550000190734863,1.7579513788223267,38800
2008-10-21,11.5,11.75,10.59000015258789,11.069999694824219,1.6848931312561035,89800
2008-10-22,11.149999618530273,11.149999618530273,10.670000076293945,10.899999618530273,1.6590200662612915,21700
2008-10-23,11.350000381469727,13.050000190734863,10.609999656677246,11.460000038146973,1.744253396987915,34100
2008-10-24,10.899999618530273,10.949999809265137,10.050000190734863,10.899999618530273,1.6590200662612915,44000
2008-10-27,10.300000190734863,11.25,10.149999618530273,10.9399995803833,1.665107250213623,87600
2008-10-28,11.859999656677246,11.859999656677246,10.5,11.100000381469727,1.6894606351852417,24200
2008-10-29,11.149999618530273,11.8100004196167,10.25,10.65999984741211,1.6224905252456665,107600
2008-10-30,10.899999618530273,11.010000228881836,10.8100004196167,10.949999809265137,1.6666291952133179,8400
2008-10-31,11.039999961853027,11.449999809265137,10.760000228881836,11.449999809265137,1.7427316904067993,11000
2008-11-03,11.470000267028809,11.470000267028809,11.0,11.229999542236328,1.7092463970184326,16800
2008-11-04,11.300000190734863,12.09000015258789,11.239999771118164,11.930000305175781,1.8157891035079956,38700
2008-11-05,11.930000305175781,12.100000381469727,11.25,12.100000381469727,1.8416640758514404,13500
2008-11-06,12.029999732971191,12.029999732971191,10.899999618530273,11.75,1.788392186164856,15400
2008-11-07,11.5600004196167,11.829999923706055,11.010000228881836,11.279999732971191,1.7168575525283813,51000
2008-11-10,11.59000015258789,11.59000015258789,10.699999809265137,10.8100004196167,1.6453214883804321,24000
2008-11-11,10.75,10.75,10.109999656677246,10.350000381469727,1.575307011604309,45300
2008-11-12,10.350000381469727,10.350000381469727,10.069999694824219,10.079999923706055,1.5342127084732056,31300
2008-11-13,10.399999618530273,11.210000038146973,9.960000038146973,11.149999618530273,1.6970707178115845,76400
2008-11-14,11.010000228881836,11.119999885559082,10.40999984741211,10.979999542236328,1.6711955070495605,32700
2008-11-17,10.850000381469727,11.25,10.550000190734863,10.65999984741211,1.6224905252456665,12400
2008-11-18,10.5,10.65999984741211,10.069999694824219,10.229999542236328,1.557043194770813,27300
2008-11-19,10.3100004196167,10.369999885559082,9.850000381469727,9.850000381469727,1.4992053508758545,26500
2008-11-20,9.359999656677246,9.4399995803833,9.199999809265137,9.199999809265137,1.4002732038497925,64400
2008-11-21,9.199999809265137,9.199999809265137,9.0,9.010000228881836,1.371354341506958,33800
2008-11-24,9.350000381469727,9.350000381469727,9.020000457763672,9.289999961853027,1.4139715433120728,34800
2008-11-25,9.289999961853027,9.289999961853027,8.960000038146973,9.180000305175781,1.3972290754318237,15600
2008-11-26,9.300000190734863,9.770000457763672,9.300000190734863,9.5600004196167,1.4550665616989136,8500
2008-11-28,10.0,10.149999618530273,10.0,10.109999656677246,1.538778305053711,3400
2008-12-01,10.199999809265137,10.479999542236328,9.5,9.609999656677246,1.4626766443252563,33200
2008-12-02,9.850000381469727,9.850000381469727,9.010000228881836,9.039999961853027,1.375920295715332,9000
2008-12-03,9.050000190734863,9.399999618530273,8.880000114440918,8.979999542236328,1.3667887449264526,23600
2008-12-04,9.029999732971191,9.050000190734863,8.210000038146973,8.34000015258789,1.2693777084350586,46200
2008-12-05,8.5,8.539999961853027,8.0,8.25,1.2556796073913574,57100
2008-12-08,8.550000190734863,8.800000190734863,8.399999618530273,8.449999809265137,1.2861206531524658,35200
2008-12-09,8.529999732971191,8.529999732971191,8.109999656677246,8.229999542236328,1.2526359558105469,31600
2008-12-10,8.449999809265137,8.449999809265137,8.25,8.359999656677246,1.2724220752716064,29800
2008-12-11,8.359999656677246,8.960000038146973,8.25,8.600000381469727,1.3089509010314941,44400
2008-12-12,8.460000038146973,8.800000190734863,8.289999961853027,8.800000190734863,1.3393917083740234,19800
2008-12-15,8.720000267028809,8.970000267028809,8.569999694824219,8.649999618530273,1.3165613412857056,11300
2008-12-16,8.5,8.739999771118164,8.390000343322754,8.5,1.2937309741973877,19100
2008-12-17,8.5,8.729999542236328,8.369999885559082,8.5,1.2937309741973877,18700
2008-12-18,8.5,8.5,8.170000076293945,8.170000076293945,1.2435040473937988,103400
2008-12-19,8.149999618530273,8.149999618530273,7.420000076293945,7.449999809265137,1.1339168548583984,75600
2008-12-22,8.220000267028809,8.220000267028809,7.0,7.119999885559082,1.0836894512176514,70000
2008-12-23,7.690000057220459,7.690000057220459,7.099999904632568,7.119999885559082,1.0836894512176514,35300
2008-12-24,7.119999885559082,7.119999885559082,6.789999961853027,6.940000057220459,1.0562931299209595,14600
2008-12-26,6.800000190734863,7.46999979019165,6.800000190734863,7.269999980926514,1.1065202951431274,20100
2008-12-29,7.159999847412109,7.730000019073486,7.150000095367432,7.5,1.1415270566940308,37700
2008-12-30,7.599999904632568,7.800000190734863,7.269999980926514,7.699999809265137,1.17196786403656,50700
2008-12-31,7.5,8.069999694824219,7.5,7.849999904632568,1.1947983503341675,31100
2009-01-02,7.829999923706055,9.170000076293945,7.829999923706055,9.0,1.3698325157165527,29900
2009-01-05,9.010000228881836,9.979999542236328,9.010000228881836,9.680000305175781,1.4733315706253052,24800
2009-01-06,9.699999809265137,10.1899995803833,9.479999542236328,10.010000228881836,1.523558497428894,30700
2009-01-07,10.8100004196167,10.8100004196167,9.600000381469727,9.760000228881836,1.4855073690414429,53900
2009-01-08,9.760000228881836,11.489999771118164,9.75,11.34000015258789,1.7259891033172607,105900
2009-01-09,11.270000457763672,11.270000457763672,10.84000015258789,10.90999984741211,1.6605411767959595,43400
2009-01-12,10.899999618530273,10.9399995803833,10.199999809265137,10.239999771118164,1.5585647821426392,32400
2009-01-13,10.020000457763672,10.149999618530273,9.960000038146973,9.970000267028809,1.5301713943481445,20900
2009-01-14,9.789999961853027,10.100000381469727,9.789999961853027,10.100000381469727,1.5501244068145752,20300
2009-01-15,10.149999618530273,10.430000305175781,10.020000457763672,10.300000190734863,1.5808191299438477,27300
2009-01-16,10.239999771118164,10.770000457763672,10.239999771118164,10.65999984741211,1.6360712051391602,14200
2009-01-20,10.289999961853027,10.5,9.930000305175781,10.479999542236328,1.608445405960083,31200
2009-01-21,10.65999984741211,10.65999984741211,10.050000190734863,10.510000228881836,1.613049864768982,9300
2009-01-22,10.300000190734863,10.420000076293945,9.869999885559082,10.420000076293945,1.599236249923706,11700
2009-01-23,10.199999809265137,10.399999618530273,10.069999694824219,10.25,1.5731457471847534,14600
2009-01-26,10.640000343322754,10.75,10.260000228881836,10.600000381469727,1.6268622875213623,23200
2009-01-27,10.6899995803833,10.6899995803833,10.520000457763672,10.520000457763672,1.6145844459533691,3000
2009-01-28,10.670000076293945,11.0,10.649999618530273,10.670000076293945,1.6376054286956787,12800
2009-01-29,10.770000457763672,10.770000457763672,10.5,10.640000343322754,1.633001446723938,16800
2009-01-30,10.800000190734863,10.979999542236328,10.649999618530273,10.710000038146973,1.643744945526123,20500
2009-02-02,10.699999809265137,10.829999923706055,10.5,10.649999618530273,1.6345363855361938,11600
2009-02-03,10.649999618530273,10.75,10.5,10.5600004196167,1.620723009109497,6000
2009-02-04,10.510000228881836,10.5600004196167,10.010000228881836,10.5,1.6115145683288574,14400
2009-02-05,10.5,11.079999923706055,10.5,10.8100004196167,1.6590932607650757,5400
2009-02-06,10.770000457763672,10.890000343322754,10.550000190734863,10.649999618530273,1.6345363855361938,8600
2009-02-09,10.510000228881836,10.6899995803833,10.25,10.600000381469727,1.6268622875213623,14300
2009-02-10,10.140000343322754,10.600000381469727,10.029999732971191,10.539999961853027,1.617654800415039,20600
2009-02-11,10.779999732971191,10.779999732971191,10.25,10.75,1.6498838663101196,8500
2009-02-12,10.399999618530273,10.569999694824219,10.369999885559082,10.539999961853027,1.617654800415039,10800
2009-02-13,10.529999732971191,10.760000228881836,10.529999732971191,10.600000381469727,1.6268622875213623,12100
2009-02-17,10.220000267028809,10.470000267028809,10.170000076293945,10.430000305175781,1.6007715463638306,12500
2009-02-18,10.300000190734863,10.739999771118164,10.300000190734863,10.420000076293945,1.599236249923706,7100
2009-02-19,10.479999542236328,10.479999542236328,10.149999618530273,10.199999809265137,1.5654711723327637,26600
2009-02-20,10.0,10.25,8.75,9.5600004196167,1.4672456979751587,72000
2009-02-23,9.479999542236328,9.65999984741211,9.25,9.25,1.4196674823760986,13400
2009-02-24,9.050000190734863,9.220000267028809,8.859999656677246,9.0,1.3812984228134155,40900
2009-02-25,9.0,9.09000015258789,8.890000343322754,9.039999961853027,1.387437105178833,19900
2009-02-26,9.010000228881836,9.550000190734863,9.010000228881836,9.130000114440918,1.4012506008148193,29900
2009-02-27,9.079999923706055,9.529999732971191,9.010000228881836,9.4399995803833,1.4488282203674316,46100
2009-03-02,9.09000015258789,9.279999732971191,8.420000076293945,8.989999771118164,1.3797632455825806,44500
2009-03-03,8.899999618530273,9.34000015258789,8.800000190734863,9.149999618530273,1.4043208360671997,27300
2009-03-04,9.3100004196167,9.670000076293945,9.079999923706055,9.5,1.4580368995666504,10400
2009-03-05,9.430000305175781,9.430000305175781,8.949999809265137,9.399999618530273,1.4426897764205933,15200
2009-03-06,9.359999656677246,9.5,9.100000381469727,9.100000381469727,1.396646499633789,24200
2009-03-09,9.180000305175781,9.380000114440918,8.970000267028809,9.34000015258789,1.433480143547058,60100
2009-03-10,9.270000457763672,9.40999984741211,9.010000228881836,9.40999984741211,1.444224238395691,40300
2009-03-11,9.399999618530273,9.529999732971191,9.3100004196167,9.479999542236328,1.4549671411514282,29700
2009-03-12,9.5600004196167,10.850000381469727,9.5600004196167,10.619999885559082,1.6299322843551636,18500
2009-03-13,10.479999542236328,10.800000190734863,10.260000228881836,10.550000190734863,1.6191891431808472,12400
2009-03-16,10.550000190734863,11.1899995803833,10.520000457763672,11.010000228881836,1.689788818359375,17500
2009-03-17,10.989999771118164,11.1899995803833,10.989999771118164,11.149999618530273,1.7112754583358765,16300
2009-03-18,11.119999885559082,11.75,10.850000381469727,11.069999694824219,1.6989961862564087,44100
2009-03-19,11.109999656677246,12.390000343322754,10.800000190734863,12.170000076293945,1.8678228855133057,45800
2009-03-20,12.039999961853027,12.15999984741211,11.350000381469727,11.729999542236328,1.8002924919128418,28700
2009-03-23,11.699999809265137,12.149999618530273,11.649999618530273,12.069999694824219,1.852474331855774,53700
2009-03-24,12.0,12.75,11.789999961853027,12.5,1.918470025062561,24400
2009-03-25,12.399999618530273,12.75,12.0600004196167,12.5,1.918470025062561,16600
2009-03-26,12.5,12.600000381469727,12.09000015258789,12.399999618530273,1.9031225442886353,29300
2009-03-27,12.470000267028809,12.470000267028809,12.010000228881836,12.229999542236328,1.8770310878753662,13900
2009-03-30,12.0,12.0,11.149999618530273,11.380000114440918,1.746575117111206,23500
2009-03-31,11.420000076293945,11.710000038146973,11.399999618530273,11.399999618530273,1.7496445178985596,8800
2009-04-01,11.399999618530273,11.399999618530273,10.710000038146973,11.300000190734863,1.7342965602874756,13900
2009-04-02,11.390000343322754,12.239999771118164,11.390000343322754,12.020000457763672,1.8448007106781006,27900
2009-04-03,12.0,12.100000381469727,11.75,11.970000267028809,1.8371267318725586,48700
2009-04-06,11.899999618530273,12.720000267028809,11.800000190734863,12.5,1.918470025062561,33800
2009-04-07,12.5,12.90999984741211,12.359999656677246,12.40999984741211,1.9046571254730225,32000
2009-04-08,12.350000381469727,12.350000381469727,11.899999618530273,12.050000190734863,1.8494051694869995,36300
2009-04-09,12.25,12.25,11.899999618530273,12.0,1.8417309522628784,22700
2009-04-13,11.890000343322754,11.949999809265137,11.270000457763672,11.300000190734863,1.7970433235168457,23400
2009-04-14,11.380000114440918,11.380000114440918,10.710000038146973,11.0,1.7493348121643066,39500
2009-04-15,11.100000381469727,11.300000190734863,10.850000381469727,11.300000190734863,1.7970433235168457,11600
2009-04-16,11.300000190734863,11.460000038146973,11.0600004196167,11.220000267028809,1.7843210697174072,7300
2009-04-17,11.25,11.25,11.09000015258789,11.130000114440918,1.7700085639953613,20700
2009-04-20,10.949999809265137,11.09000015258789,10.270000457763672,10.770000457763672,1.7127580642700195,18300
2009-04-21,10.710000038146973,11.100000381469727,10.670000076293945,10.90999984741211,1.735021710395813,15100
2009-04-22,11.0,11.489999771118164,10.989999771118164,11.470000267028809,1.8240792751312256,28400
2009-04-23,11.470000267028809,11.649999618530273,11.010000228881836,11.640000343322754,1.8511136770248413,6900
2009-04-24,11.5,11.550000190734863,11.09000015258789,11.449999809265137,1.8208980560302734,20700
2009-04-27,11.6899995803833,11.729999542236328,11.350000381469727,11.399999618530273,1.8129469156265259,13600
2009-04-28,11.170000076293945,11.600000381469727,11.050000190734863,11.329999923706055,1.8018145561218262,17500
2009-04-29,10.829999923706055,11.520000457763672,10.829999923706055,11.369999885559082,1.8081763982772827,16400
2009-04-30,11.380000114440918,11.390000343322754,11.09000015258789,11.149999618530273,1.7731895446777344,8200
2009-05-01,11.09000015258789,11.479999542236328,11.0,11.350000381469727,1.8049944639205933,12000
2009-05-04,11.470000267028809,11.600000381469727,11.34000015258789,11.5,1.828849196434021,12100
2009-05-05,11.489999771118164,11.5,11.15999984741211,11.270000457763672,1.7922728061676025,12900
2009-05-06,11.300000190734863,11.600000381469727,11.119999885559082,11.600000381469727,1.8447535037994385,34600
2009-05-07,11.649999618530273,11.960000038146973,11.649999618530273,11.880000114440918,1.889280915260315,19800
2009-05-08,11.789999961853027,12.829999923706055,11.789999961853027,12.720000267028809,2.022867202758789,23900
2009-05-11,12.600000381469727,12.949999809265137,12.449999809265137,12.949999809265137,2.0594441890716553,22000
2009-05-12,12.859999656677246,13.25,12.59000015258789,12.930000305175781,2.0562634468078613,19800
2009-05-13,12.890000343322754,12.989999771118164,12.5,12.529999732971191,1.9926509857177734,17900
2009-05-14,12.600000381469727,12.649999618530273,12.460000038146973,12.649999618530273,2.011734962463379,18400
2009-05-15,12.6899995803833,13.050000190734863,12.640000343322754,12.850000381469727,2.0435407161712646,49200
2009-05-18,12.920000076293945,12.920000076293945,12.260000228881836,12.699999809265137,2.0196869373321533,36200
2009-05-19,12.819999694824219,13.359999656677246,12.819999694824219,13.100000381469727,2.083298921585083,25900
2009-05-20,13.1899995803833,13.649999618530273,13.1899995803833,13.359999656677246,2.1246461868286133,33000
2009-05-21,13.0,13.34000015258789,12.829999923706055,12.979999542236328,2.0642147064208984,20700
2009-05-22,13.029999732971191,13.619999885559082,12.960000038146973,13.130000114440918,2.088069200515747,28900
2009-05-26,13.119999885559082,13.699999809265137,13.100000381469727,13.699999809265137,2.1787164211273193,40000
2009-05-27,13.699999809265137,13.949999809265137,13.65999984741211,13.84000015258789,2.2009806632995605,33200
2009-05-28,13.800000190734863,13.899999618530273,13.550000190734863,13.859999656677246,2.204160451889038,22200
2009-05-29,13.850000381469727,14.699999809265137,13.850000381469727,14.699999809265137,2.3377466201782227,27800
2009-06-01,14.739999771118164,14.84000015258789,14.119999885559082,14.569999694824219,2.3170735836029053,32500
2009-06-02,13.979999542236328,14.510000228881836,13.979999542236328,14.319999694824219,2.277315378189087,7400
2009-06-03,14.25,14.270000457763672,13.949999809265137,14.199999809265137,2.2582318782806396,25500
2009-06-04,14.300000190734863,14.5600004196167,14.039999961853027,14.199999809265137,2.2582318782806396,13300
2009-06-05,14.399999618530273,14.399999618530273,13.960000038146973,14.010000228881836,2.2280166149139404,11400
2009-06-08,13.9399995803833,13.979999542236328,13.279999732971191,13.729999542236328,2.1834871768951416,46100
2009-06-09,14.0,14.050000190734863,13.800000190734863,13.859999656677246,2.204160451889038,25500
2009-06-10,13.949999809265137,14.479999542236328,13.949999809265137,14.149999618530273,2.250279664993286,22500
2009-06-11,14.25,14.489999771118164,14.010000228881836,14.489999771118164,2.3043501377105713,23800
2009-06-12,14.619999885559082,14.619999885559082,14.390000343322754,14.520000457763672,2.3091208934783936,11500
2009-06-15,14.369999885559082,14.369999885559082,13.65999984741211,13.869999885559082,2.205752372741699,20800
2009-06-16,14.119999885559082,14.15999984741211,13.710000038146973,13.800000190734863,2.194619655609131,11400
2009-06-17,13.770000457763672,14.100000381469727,13.75,14.100000381469727,2.24232816696167,18000
2009-06-18,13.880000114440918,14.0,13.8100004196167,13.899999618530273,2.2105226516723633,23300
2009-06-19,13.880000114440918,14.1899995803833,13.880000114440918,14.149999618530273,2.250279664993286,7700
2009-06-22,13.710000038146973,13.800000190734863,13.420000076293945,13.460000038146973,2.1405489444732666,20000
2009-06-23,13.630000114440918,13.699999809265137,12.979999542236328,13.699999809265137,2.1787164211273193,31200
2009-06-24,13.75,14.220000267028809,13.75,13.899999618530273,2.2105226516723633,13400
2009-06-25,14.0,14.449999809265137,14.0,14.180000305175781,2.2550506591796875,25400
2009-06-26,13.819999694824219,14.149999618530273,13.8100004196167,13.920000076293945,2.213703155517578,5600
2009-06-29,14.149999618530273,14.149999618530273,13.640000343322754,14.0,2.2264256477355957,7000
2009-06-30,14.180000305175781,14.449999809265137,13.970000267028809,14.4399995803833,2.2963998317718506,31200
2009-07-01,14.430000305175781,14.630000114440918,14.430000305175781,14.539999961853027,2.312303066253662,25700
2009-07-02,14.40999984741211,14.40999984741211,14.260000228881836,14.350000381469727,2.2820866107940674,7200
2009-07-06,14.579999923706055,14.579999923706055,13.829999923706055,13.899999618530273,2.2105226516723633,21200
2009-07-07,14.329999923706055,14.449999809265137,14.0,14.109999656677246,2.2439193725585938,37300
2009-07-08,14.180000305175781,14.529999732971191,13.670000076293945,13.850000381469727,2.2025718688964844,52200
2009-07-09,14.470000267028809,14.470000267028809,13.899999618530273,13.989999771118164,2.2248353958129883,20600
2009-07-10,14.09000015258789,14.199999809265137,13.600000381469727,13.979999542236328,2.2232439517974854,23400
2009-07-13,13.569999694824219,13.699999809265137,13.329999923706055,13.5,2.220121145248413,39800
2009-07-14,13.380000114440918,13.529999732971191,13.149999618530273,13.399999618530273,2.203674554824829,18000
2009-07-15,13.34000015258789,13.970000267028809,13.34000015258789,13.90999984741211,2.2875468730926514,14400
2009-07-16,13.720000267028809,13.859999656677246,13.600000381469727,13.75,2.2612342834472656,7900
2009-07-17,13.5600004196167,13.739999771118164,13.520000457763672,13.720000267028809,2.256300210952759,5600
2009-07-20,13.75,13.75,13.600000381469727,13.75,2.2612342834472656,18900
2009-07-21,13.75,13.800000190734863,13.449999809265137,13.529999732971191,2.2250540256500244,8500
2009-07-22,13.520000457763672,13.850000381469727,13.5,13.850000381469727,2.277679920196533,13700
2009-07-23,13.800000190734863,13.800000190734863,13.699999809265137,13.710000038146973,2.2546558380126953,9800
2009-07-24,13.829999923706055,13.850000381469727,13.8100004196167,13.850000381469727,2.277679920196533,8000
2009-07-27,14.0,14.0600004196167,13.600000381469727,13.720000267028809,2.256300210952759,21300
2009-07-28,13.800000190734863,13.970000267028809,13.59000015258789,13.720000267028809,2.256300210952759,5200
2009-07-29,13.529999732971191,13.65999984741211,13.529999732971191,13.65999984741211,2.2464334964752197,300
2009-07-30,13.59000015258789,13.75,13.449999809265137,13.739999771118164,2.2595889568328857,18400
2009-07-31,13.699999809265137,13.75,13.510000228881836,13.75,2.2612342834472656,11000
2009-08-03,13.75,14.15999984741211,13.75,14.050000190734863,2.310570240020752,31300
2009-08-04,13.859999656677246,14.0,13.8100004196167,13.899999618530273,2.2859017848968506,8900
2009-08-05,13.859999656677246,14.130000114440918,13.75,14.010000228881836,2.30399227142334,10800
2009-08-06,14.109999656677246,14.140000343322754,13.779999732971191,14.079999923706055,2.3155040740966797,9300
2009-08-07,14.020000457763672,14.199999809265137,13.960000038146973,14.199999809265137,2.335237741470337,11100
2009-08-10,14.199999809265137,14.5,14.199999809265137,14.5,2.3845741748809814,13200
2009-08-11,14.199999809265137,14.489999771118164,14.199999809265137,14.489999771118164,2.3829290866851807,6300
2009-08-12,14.489999771118164,14.5,14.119999885559082,14.5,2.3845741748809814,12300
2009-08-13,14.770000457763672,14.770000457763672,14.289999961853027,14.649999618530273,2.4092414379119873,2500
2009-08-14,14.449999809265137,14.699999809265137,14.449999809265137,14.680000305175781,2.414175271987915,1900
2009-08-17,14.460000038146973,14.5600004196167,14.329999923706055,14.34000015258789,2.3582608699798584,4400
2009-08-18,14.350000381469727,14.489999771118164,14.109999656677246,14.229999542236328,2.340172052383423,105000
2009-08-19,14.199999809265137,14.5,14.199999809265137,14.359999656677246,2.361551284790039,17500
2009-08-20,14.489999771118164,14.720000267028809,14.390000343322754,14.420000076293945,2.3714170455932617,6300
2009-08-21,14.670000076293945,14.970000267028809,14.670000076293945,14.9399995803833,2.4569344520568848,16300
2009-08-24,15.0,15.0,14.699999809265137,14.949999809265137,2.458578109741211,10800
2009-08-25,14.329999923706055,14.970000267028809,14.180000305175781,14.789999961853027,2.432265043258667,5600
2009-08-26,14.970000267028809,14.970000267028809,14.579999923706055,14.8100004196167,2.4355547428131104,7900
2009-08-27,14.649999618530273,14.930000305175781,14.649999618530273,14.899999618530273,2.450354814529419,9000
2009-08-28,14.899999618530273,15.449999809265137,14.850000381469727,15.329999923706055,2.5210702419281006,16400
2009-08-31,15.539999961853027,15.539999961853027,15.0,15.350000381469727,2.524360179901123,11300
2009-09-01,15.5,15.75,14.329999923706055,14.989999771118164,2.465155601501465,27500
2009-09-02,14.510000228881836,15.210000038146973,14.510000228881836,14.850000381469727,2.4421329498291016,10900
2009-09-03,14.84000015258789,14.9399995803833,14.579999923706055,14.6899995803833,2.4158196449279785,4400
2009-09-04,14.34000015258789,14.699999809265137,14.34000015258789,14.699999809265137,2.4174647331237793,9800
2009-09-08,14.90999984741211,14.90999984741211,14.59000015258789,14.75,2.425687789916992,30200
2009-09-09,14.850000381469727,15.0,14.75,14.9399995803833,2.4569344520568848,34200
2009-09-10,14.9399995803833,16.450000762939453,14.9399995803833,15.5600004196167,2.5588948726654053,37900
2009-09-11,15.6899995803833,15.850000381469727,15.40999984741211,15.680000305175781,2.5786292552948,22200
2009-09-14,15.800000190734863,16.0,15.5,15.989999771118164,2.6296088695526123,29300
2009-09-15,16.15999984741211,16.350000381469727,15.850000381469727,16.030000686645508,2.63618803024292,18600
2009-09-16,16.229999542236328,16.34000015258789,16.200000762939453,16.34000015258789,2.6871678829193115,20400
2009-09-17,16.229999542236328,16.610000610351562,16.229999542236328,16.389999389648438,2.6953911781311035,23400
2009-09-18,16.389999389648438,16.399999618530273,15.949999809265137,16.040000915527344,2.6378321647644043,31200
2009-09-21,16.049999237060547,16.079999923706055,15.529999732971191,16.0,2.6312549114227295,20300
2009-09-22,16.229999542236328,16.75,16.010000228881836,16.6299991607666,2.734858989715576,13300
2009-09-23,16.760000228881836,16.959999084472656,16.149999618530273,16.15999984741211,2.6575655937194824,21600
2009-09-24,16.25,16.420000076293945,16.139999389648438,16.149999618530273,2.655921697616577,10500
2009-09-25,16.139999389648438,16.469999313354492,16.049999237060547,16.170000076293945,2.6592109203338623,14600
2009-09-28,16.15999984741211,16.850000381469727,16.1299991607666,16.420000076293945,2.7003235816955566,18400
2009-09-29,16.6200008392334,16.780000686645508,16.43000030517578,16.709999084472656,2.7480151653289795,11200
2009-09-30,16.790000915527344,16.799999237060547,16.299999237060547,16.799999237060547,2.762816905975342,28700
2009-10-01,16.600000381469727,16.700000762939453,16.420000076293945,16.5,2.7134809494018555,14400
2009-10-02,16.329999923706055,16.329999923706055,16.049999237060547,16.270000457763672,2.6756560802459717,26500
2009-10-05,16.459999084472656,16.75,16.3799991607666,16.559999465942383,2.7233476638793945,16100
2009-10-06,16.90999984741211,16.940000534057617,16.68000030517578,16.850000381469727,2.7710397243499756,16700
2009-10-07,16.989999771118164,17.530000686645508,16.799999237060547,17.469999313354492,2.872999906539917,58800
2009-10-08,17.530000686645508,18.229999542236328,17.520000457763672,18.0,2.9601597785949707,51000
2009-10-09,18.010000228881836,18.25,17.75,17.969999313354492,2.9552276134490967,97500
2009-10-12,18.5,19.5,18.5,18.829999923706055,3.096656560897827,89800
2009-10-13,18.860000610351562,18.860000610351562,17.399999618530273,17.600000381469727,2.9888219833374023,90500
2009-10-14,17.549999237060547,18.440000534057617,17.549999237060547,18.3799991607666,3.1212809085845947,56000
2009-10-15,18.350000381469727,18.559999465942383,18.290000915527344,18.399999618530273,3.1246774196624756,32600
2009-10-16,18.399999618530273,18.399999618530273,17.799999237060547,18.0,3.0567495822906494,57300
2009-10-19,18.0,18.440000534057617,18.0,18.299999237060547,3.1076958179473877,29700
2009-10-20,18.450000762939453,18.790000915527344,18.450000762939453,18.700000762939453,3.175623893737793,70900
2009-10-21,18.700000762939453,18.959999084472656,18.510000228881836,18.850000381469727,3.201096296310425,39600
2009-10-22,18.770000457763672,18.989999771118164,18.75,18.889999389648438,3.2078890800476074,19600
2009-10-23,18.979999542236328,19.459999084472656,18.979999542236328,19.299999237060547,3.277514696121216,26900
2009-10-26,18.969999313354492,19.700000762939453,18.440000534057617,18.5,3.141658306121826,77300
2009-10-27,18.450000762939453,18.969999313354492,18.309999465942383,18.670000076293945,3.1705284118652344,53900
2009-10-28,18.700000762939453,18.84000015258789,18.25,18.25,3.099205255508423,61900
2009-10-29,19.1200008392334,19.610000610351562,18.420000076293945,19.010000228881836,3.228266954421997,54400
2009-10-30,19.299999237060547,19.31999969482422,18.520000457763672,18.829999923706055,3.1976993083953857,99600
2009-11-02,18.75,19.790000915527344,18.670000076293945,19.049999237060547,3.2350594997406006,83300
2009-11-03,19.239999771118164,19.34000015258789,18.920000076293945,19.229999542236328,3.265627384185791,21300
2009-11-04,19.65999984741211,20.239999771118164,19.5,19.530000686645508,3.316572666168213,85900
2009-11-05,19.899999618530273,20.0,19.530000686645508,19.670000076293945,3.3403472900390625,27800
2009-11-06,19.700000762939453,19.739999771118164,19.110000610351562,19.389999389648438,3.292797565460205,56100
2009-11-09,19.5,19.700000762939453,19.260000228881836,19.420000076293945,3.2978928089141846,72500
2009-11-10,19.639999389648438,19.700000762939453,19.34000015258789,19.59000015258789,3.32676362991333,17800
2009-11-11,19.65999984741211,19.75,19.389999389648438,19.719999313354492,3.3488385677337646,28500
2009-11-12,19.8700008392334,19.8799991607666,19.649999618530273,19.719999313354492,3.3488385677337646,25900
2009-11-13,19.760000228881836,19.899999618530273,19.5,19.75,3.3539328575134277,29500
2009-11-16,19.75,19.75,19.530000686645508,19.709999084472656,3.3471407890319824,29500
2009-11-17,19.75,19.93000030517578,19.68000030517578,19.739999771118164,3.352235794067383,23900
2009-11-18,19.799999237060547,19.799999237060547,19.510000228881836,19.739999771118164,3.352235794067383,20500
2009-11-19,19.84000015258789,19.84000015258789,19.40999984741211,19.5,3.3114781379699707,14900
2009-11-20,19.770000457763672,19.899999618530273,19.5,19.649999618530273,3.336951732635498,21100
2009-11-23,19.899999618530273,19.899999618530273,19.399999618530273,19.68000030517578,3.3420467376708984,18900
2009-11-24,19.639999389648438,19.639999389648438,19.079999923706055,19.139999389648438,3.2503435611724854,39800
2009-11-25,19.15999984741211,19.469999313354492,19.09000015258789,19.25,3.2690229415893555,26200
2009-11-27,18.81999969482422,19.0,18.399999618530273,19.0,3.226569175720215,49300
2009-11-30,18.989999771118164,19.3700008392334,18.649999618530273,18.760000228881836,3.185811996459961,43500
2009-12-01,18.989999771118164,19.020000457763672,18.780000686645508,18.989999771118164,3.224870443344116,25400
2009-12-02,18.829999923706055,19.110000610351562,18.829999923706055,19.0,3.226569175720215,40000
2009-12-03,19.239999771118164,19.5,18.989999771118164,19.299999237060547,3.277514696121216,49400
2009-12-04,19.5,19.5,19.0,19.149999618530273,3.252042531967163,38100
2009-12-07,19.299999237060547,19.299999237060547,18.8700008392334,18.959999084472656,3.219775676727295,44400
2009-12-08,19.1299991607666,19.1299991607666,18.8799991607666,19.020000457763672,3.2299654483795166,17000
2009-12-09,19.290000915527344,19.290000915527344,18.5,18.959999084472656,3.219775676727295,62800
2009-12-10,19.239999771118164,19.239999771118164,18.559999465942383,18.709999084472656,3.177320957183838,34000
2009-12-11,19.079999923706055,19.079999923706055,18.5,18.709999084472656,3.177320957183838,30000
2009-12-14,19.190000534057617,19.190000534057617,18.68000030517578,18.84000015258789,3.199398994445801,25300
2009-12-15,19.059999465942383,19.100000381469727,18.850000381469727,18.920000076293945,3.2129833698272705,29300
2009-12-16,19.06999969482422,19.229999542236328,18.899999618530273,19.010000228881836,3.228266954421997,46800
2009-12-17,19.110000610351562,19.110000610351562,18.8799991607666,18.989999771118164,3.224870443344116,15900
2009-12-18,18.989999771118164,19.0,18.940000534057617,18.950000762939453,3.218078136444092,13600
2009-12-21,19.0,19.190000534057617,18.959999084472656,19.170000076293945,3.255437135696411,44800
2009-12-22,19.170000076293945,19.59000015258789,19.1299991607666,19.360000610351562,3.2877039909362793,58200
2009-12-23,19.540000915527344,19.729999542236328,19.479999542236328,19.559999465942383,3.321667194366455,54100
2009-12-24,19.559999465942383,19.969999313354492,19.559999465942383,19.969999313354492,3.3912932872772217,25100
2009-12-28,20.0,20.600000381469727,19.969999313354492,20.5,3.481297492980957,66000
2009-12-29,20.610000610351562,20.639999389648438,20.229999542236328,20.399999618530273,3.464315414428711,29900
2009-12-30,20.520000457763672,20.68000030517578,20.09000015258789,20.610000610351562,3.499978542327881,36500
2009-12-31,20.649999618530273,20.709999084472656,20.200000762939453,20.200000762939453,3.4303529262542725,52400
2010-01-04,20.75,21.200000762939453,20.520000457763672,21.149999618530273,3.5916802883148193,86400
2010-01-05,21.139999389648438,21.56999969482422,21.139999389648438,21.56999969482422,3.6630051136016846,65300
2010-01-06,21.75,22.239999771118164,21.75,22.190000534057617,3.7682926654815674,62500
2010-01-07,22.200000762939453,22.25,21.149999618530273,21.8799991607666,3.7156474590301514,116100
2010-01-08,22.15999984741211,22.6299991607666,21.56999969482422,22.43000030517578,3.8090500831604004,127100
2010-01-11,22.5,22.979999542236328,22.489999771118164,22.8799991607666,3.8854665756225586,82800
2010-01-12,22.799999237060547,22.93000030517578,22.639999389648438,22.709999084472656,3.8565986156463623,102700
2010-01-13,22.649999618530273,22.649999618530273,21.93000030517578,22.469999313354492,3.914966344833374,148900
2010-01-14,22.6299991607666,22.8799991607666,22.5,22.8799991607666,3.9864001274108887,36000
2010-01-15,22.899999618530273,22.899999618530273,22.5,22.700000762939453,3.9550395011901855,74800
2010-01-19,22.799999237060547,23.06999969482422,22.5,22.8700008392334,3.984659194946289,61500
2010-01-20,22.850000381469727,22.899999618530273,22.5,22.899999618530273,3.9898858070373535,36800
2010-01-21,22.93000030517578,22.969999313354492,22.68000030517578,22.799999237060547,3.9724624156951904,55100
2010-01-22,22.520000457763672,22.799999237060547,22.299999237060547,22.510000228881836,3.921936273574829,52000
2010-01-25,22.510000228881836,22.510000228881836,22.1200008392334,22.389999389648438,3.9010276794433594,31500
2010-01-26,22.200000762939453,22.790000915527344,22.200000762939453,22.43000030517578,3.9079980850219727,38700
2010-01-27,22.530000686645508,22.530000686645508,21.93000030517578,22.030000686645508,3.838304281234741,35100
2010-01-28,22.309999465942383,22.309999465942383,21.100000381469727,21.8700008392334,3.810426712036133,71600
2010-01-29,22.389999389648438,22.5,21.0,21.459999084472656,3.738992691040039,88100
2010-02-01,21.450000762939453,21.84000015258789,21.030000686645508,21.649999618530273,3.7720985412597656,51700
2010-02-02,21.850000381469727,22.5,21.59000015258789,22.43000030517578,3.9079980850219727,76100
2010-02-03,22.309999465942383,22.81999969482422,21.739999771118164,22.450000762939453,3.9114813804626465,43400
2010-02-04,22.40999984741211,22.450000762939453,21.290000915527344,21.420000076293945,3.7320239543914795,64800
2010-02-05,21.3700008392334,21.450000762939453,19.770000457763672,21.200000762939453,3.6936938762664795,125400
2010-02-08,21.459999084472656,21.649999618530273,20.709999084472656,21.059999465942383,3.6693007946014404,40600
2010-02-09,21.579999923706055,22.0,21.34000015258789,21.549999237060547,3.754673480987549,39900
2010-02-10,21.309999465942383,21.799999237060547,21.299999237060547,21.639999389648438,3.770353317260742,12200
2010-02-11,21.75,22.59000015258789,21.600000381469727,22.420000076293945,3.906254529953003,30300
2010-02-12,22.3700008392334,22.549999237060547,21.8799991607666,22.049999237060547,3.841789960861206,26300
2010-02-16,22.049999237060547,22.59000015258789,22.0,22.3700008392334,3.8975439071655273,59500
2010-02-17,22.469999313354492,22.920000076293945,22.3700008392334,22.56999969482422,3.932389974594116,74300
2010-02-18,22.920000076293945,23.299999237060547,22.770000457763672,23.170000076293945,4.036929130554199,110600
2010-02-19,23.34000015258789,23.469999313354492,23.149999618530273,23.34000015258789,4.066547393798828,70100
2010-02-22,23.280000686645508,23.459999084472656,23.100000381469727,23.139999389648438,4.031700134277344,71200
2010-02-23,23.1200008392334,23.329999923706055,23.0,23.0,4.007307529449463,43000
2010-02-24,23.31999969482422,23.329999923706055,23.020000457763672,23.15999984741211,4.035183429718018,41200
2010-02-25,23.06999969482422,23.110000610351562,22.760000228881836,23.020000457763672,4.010794162750244,54900
2010-02-26,23.049999237060547,23.459999084472656,22.940000534057617,23.43000030517578,4.082228660583496,30100
2010-03-01,23.489999771118164,23.59000015258789,23.389999389648438,23.5,4.094423294067383,60400
2010-03-02,23.600000381469727,23.809999465942383,23.469999313354492,23.700000762939453,4.129270076751709,52400
2010-03-03,23.899999618530273,24.040000915527344,23.709999084472656,23.84000015258789,4.153661251068115,51900
2010-03-04,23.84000015258789,23.989999771118164,23.510000228881836,23.649999618530273,4.12055778503418,39300
2010-03-05,23.799999237060547,24.270000457763672,23.700000762939453,24.219999313354492,4.219869136810303,95900
2010-03-08,24.450000762939453,24.780000686645508,24.219999313354492,24.649999618530273,4.294790267944336,134100
2010-03-09,24.690000534057617,24.809999465942383,24.489999771118164,24.639999389648438,4.2930474281311035,40300
2010-03-10,24.780000686645508,25.020000457763672,24.65999984741211,24.90999984741211,4.340087413787842,58800
2010-03-11,24.799999237060547,25.020000457763672,24.799999237060547,24.90999984741211,4.340087413787842,30500
2010-03-12,25.030000686645508,25.030000686645508,24.860000610351562,25.010000228881836,4.357513904571533,24100
2010-03-15,25.139999389648438,25.139999389648438,24.450000762939453,24.709999084472656,4.305243968963623,48600
2010-03-16,24.959999084472656,24.959999084472656,24.350000381469727,24.600000381469727,4.286076545715332,47400
2010-03-17,24.670000076293945,24.799999237060547,24.440000534057617,24.700000762939453,4.303502082824707,42700
2010-03-18,24.8700008392334,24.8700008392334,24.299999237060547,24.5,4.268655300140381,68600
2010-03-19,23.579999923706055,24.610000610351562,23.15999984741211,23.579999923706055,4.108362674713135,128900
2010-03-22,23.270000457763672,23.739999771118164,22.639999389648438,23.739999771118164,4.136239528656006,124000
2010-03-23,23.850000381469727,24.75,23.610000610351562,24.459999084472656,4.261685371398926,49500
2010-03-24,24.5,24.5,24.040000915527344,24.270000457763672,4.22858190536499,41700
2010-03-25,24.299999237060547,24.440000534057617,24.059999465942383,24.170000076293945,4.2111592292785645,52100
2010-03-26,24.170000076293945,24.43000030517578,23.780000686645508,24.239999771118164,4.223355770111084,49200
2010-03-29,24.440000534057617,24.479999542236328,24.1299991607666,24.299999237060547,4.233807563781738,44700
2010-03-30,24.420000076293945,24.469999313354492,24.299999237060547,24.450000762939453,4.25994348526001,40600
2010-03-31,24.469999313354492,25.260000228881836,24.299999237060547,25.260000228881836,4.401069641113281,83300
2010-04-01,25.200000762939453,25.239999771118164,24.719999313354492,25.059999465942383,4.36622428894043,90700
2010-04-05,25.3700008392334,25.850000381469727,25.059999465942383,25.670000076293945,4.47250509262085,130700
2010-04-06,25.649999618530273,26.010000228881836,25.600000381469727,25.969999313354492,4.524774074554443,90300
2010-04-07,25.709999084472656,26.459999084472656,25.709999084472656,26.360000610351562,4.592723369598389,147500
2010-04-08,26.489999771118164,26.84000015258789,26.100000381469727,26.600000381469727,4.634540557861328,157700
2010-04-09,26.889999389648438,27.139999389648438,26.6200008392334,27.010000228881836,4.7059736251831055,137400
2010-04-12,27.600000381469727,27.729999542236328,27.1200008392334,27.399999618530273,4.773924350738525,192100
2010-04-13,26.979999542236328,26.979999542236328,25.81999969482422,26.459999084472656,4.714237689971924,117900
2010-04-14,26.729999542236328,26.729999542236328,26.229999542236328,26.290000915527344,4.6839518547058105,83700
2010-04-15,26.459999084472656,26.459999084472656,26.030000686645508,26.170000076293945,4.662572860717773,44500
2010-04-16,26.110000610351562,26.170000076293945,25.25,25.639999389648438,4.568142414093018,73200
2010-04-19,25.3700008392334,25.790000915527344,24.850000381469727,25.450000762939453,4.5342936515808105,110800
2010-04-20,25.479999542236328,26.489999771118164,25.34000015258789,26.489999771118164,4.719583988189697,54300
2010-04-21,26.5,26.670000076293945,26.0,26.329999923706055,4.691077709197998,40100
2010-04-22,26.350000381469727,26.520000457763672,26.110000610351562,26.25,4.676823616027832,28300
2010-04-23,26.31999969482422,26.579999923706055,26.049999237060547,26.530000686645508,4.726709365844727,53400
2010-04-26,26.600000381469727,26.799999237060547,26.440000534057617,26.68000030517578,4.753433704376221,43500
2010-04-27,26.75,26.979999542236328,26.270000457763672,26.360000610351562,4.696423053741455,66800
2010-04-28,26.670000076293945,26.670000076293945,25.940000534057617,26.450000762939453,4.712456703186035,36900
2010-04-29,26.530000686645508,26.639999389648438,26.239999771118164,26.25,4.676823616027832,31500
2010-04-30,26.110000610351562,26.290000915527344,25.81999969482422,26.200000762939453,4.6679158210754395,59500
2010-05-03,26.389999389648438,26.450000762939453,26.110000610351562,26.440000534057617,4.71067476272583,41300
2010-05-04,26.450000762939453,26.5,25.920000076293945,26.18000030517578,4.664352893829346,41500
2010-05-05,25.75,25.81999969482422,22.299999237060547,25.229999542236328,4.4950947761535645,276600
2010-05-06,25.200000762939453,25.229999542236328,22.639999389648438,24.5,4.365035533905029,176000
2010-05-07,24.549999237060547,24.739999771118164,23.229999542236328,24.739999771118164,4.407794952392578,90300
2010-05-10,25.920000076293945,26.0,24.75,25.299999237060547,4.507567882537842,95200
2010-05-11,25.0,25.799999237060547,24.34000015258789,25.5,4.54319953918457,46800
2010-05-12,25.6200008392334,25.850000381469727,25.6200008392334,25.799999237060547,4.596649646759033,44300
2010-05-13,25.709999084472656,25.850000381469727,25.350000381469727,25.530000686645508,4.548546314239502,42000
2010-05-14,25.260000228881836,25.329999923706055,24.18000030517578,24.90999984741211,4.438082218170166,58900
2010-05-17,24.899999618530273,24.899999618530273,23.5,24.100000381469727,4.293769836425781,56800
2010-05-18,24.149999618530273,24.34000015258789,23.799999237060547,24.229999542236328,4.316930770874023,87600
2010-05-19,24.149999618530273,24.149999618530273,22.5,23.389999389648438,4.167272567749023,80000
2010-05-20,22.799999237060547,23.0,21.549999237060547,22.049999237060547,3.928532838821411,139100
2010-05-21,22.049999237060547,22.989999771118164,21.549999237060547,22.459999084472656,4.001579761505127,78200
2010-05-24,22.59000015258789,23.040000915527344,22.579999923706055,22.809999465942383,4.063938617706299,29300
2010-05-25,22.600000381469727,22.600000381469727,21.360000610351562,22.1200008392334,3.941004753112793,106800
2010-05-26,22.43000030517578,23.40999984741211,22.43000030517578,23.010000228881836,4.099569320678711,53100
2010-05-27,23.68000030517578,24.559999465942383,23.469999313354492,24.479999542236328,4.361472129821777,91500
2010-05-28,24.200000762939453,24.860000610351562,23.81999969482422,24.850000381469727,4.427393913269043,67100
2010-06-01,24.84000015258789,24.850000381469727,24.219999313354492,24.479999542236328,4.361472129821777,28800
2010-06-02,24.350000381469727,25.700000762939453,24.229999542236328,25.700000762939453,4.57883358001709,41600
2010-06-03,25.719999313354492,26.549999237060547,25.450000762939453,26.450000762939453,4.712456703186035,72300
2010-06-04,26.25,26.690000534057617,25.5,25.8700008392334,4.609121322631836,78200
2010-06-07,25.8700008392334,25.8700008392334,25.31999969482422,25.56999969482422,4.555673599243164,50000
2010-06-08,25.90999984741211,25.90999984741211,25.010000228881836,25.59000015258789,4.559235572814941,54300
2010-06-09,25.75,26.43000030517578,25.579999923706055,25.899999618530273,4.614466667175293,64500
2010-06-10,26.110000610351562,26.559999465942383,25.670000076293945,26.559999465942383,4.732054233551025,42200
2010-06-11,26.559999465942383,26.68000030517578,25.93000030517578,26.6200008392334,4.742746353149414,62400
2010-06-14,26.600000381469727,27.18000030517578,26.25,26.540000915527344,4.728490829467773,90600
2010-06-15,26.610000610351562,27.209999084472656,26.549999237060547,27.209999084472656,4.847861289978027,62500
2010-06-16,26.809999465942383,27.600000381469727,26.6200008392334,27.59000015258789,4.9155659675598145,83000
2010-06-17,27.81999969482422,27.81999969482422,27.540000915527344,27.649999618530273,4.9262542724609375,39000
2010-06-18,27.81999969482422,27.979999542236328,27.5,27.719999313354492,4.938726902008057,75100
2010-06-21,28.399999618530273,28.399999618530273,27.649999618530273,27.68000030517578,4.931601047515869,46300
2010-06-22,27.959999084472656,28.1200008392334,27.31999969482422,27.329999923706055,4.8692402839660645,57000
2010-06-23,27.329999923706055,27.329999923706055,26.0,26.8799991607666,4.78906774520874,67100
2010-06-24,26.829999923706055,27.010000228881836,26.43000030517578,26.780000686645508,4.771252155303955,40900
2010-06-25,27.100000381469727,27.100000381469727,26.510000228881836,27.0,4.81044864654541,20900
2010-06-28,27.0,27.239999771118164,26.850000381469727,27.18000030517578,4.842517375946045,28200
2010-06-29,26.860000610351562,27.18000030517578,26.049999237060547,26.3700008392334,4.6982035636901855,62000
2010-06-30,26.43000030517578,26.600000381469727,25.059999465942383,25.780000686645508,4.593087673187256,171300
2010-07-01,25.719999313354492,26.18000030517578,24.6200008392334,25.489999771118164,4.54141902923584,84500
2010-07-02,25.770000457763672,26.989999771118164,25.260000228881836,25.719999313354492,4.5823974609375,81700
2010-07-06,26.229999542236328,26.75,26.1200008392334,26.329999923706055,4.691077709197998,34700
2010-07-07,26.15999984741211,27.239999771118164,26.15999984741211,27.149999618530273,4.837172031402588,74000
2010-07-08,27.3700008392334,27.989999771118164,26.670000076293945,27.719999313354492,4.938726902008057,206500
2010-07-09,27.959999084472656,27.959999084472656,27.649999618530273,27.8700008392334,4.965450286865234,110700
2010-07-12,27.899999618530273,28.100000381469727,27.559999465942383,27.959999084472656,4.981484889984131,232200
2010-07-13,27.610000610351562,27.610000610351562,26.809999465942383,27.350000381469727,5.046995639801025,108200
2010-07-14,27.350000381469727,27.389999389648438,27.0,27.18000030517578,5.015624523162842,67800
2010-07-15,27.3799991607666,27.3799991607666,26.34000015258789,26.8700008392334,4.958417892456055,71100
2010-07-16,26.510000228881836,26.600000381469727,26.059999465942383,26.239999771118164,4.842161655426025,75300
2010-07-19,26.670000076293945,26.700000762939453,26.260000228881836,26.459999084472656,4.8827595710754395,53200
2010-07-20,26.459999084472656,27.25,26.290000915527344,27.219999313354492,5.023006916046143,95100
2010-07-21,27.709999084472656,27.709999084472656,26.959999084472656,27.34000015258789,5.045151233673096,68300
2010-07-22,27.399999618530273,27.579999923706055,27.280000686645508,27.440000534057617,5.06360387802124,94500
2010-07-23,27.5,27.8700008392334,27.299999237060547,27.850000381469727,5.139261722564697,90600
2010-07-26,27.899999618530273,28.049999237060547,27.56999969482422,28.020000457763672,5.170631408691406,88900
2010-07-27,28.350000381469727,28.350000381469727,27.399999618530273,27.760000228881836,5.122653961181641,63700
2010-07-28,27.760000228881836,27.760000228881836,27.100000381469727,27.59000015258789,5.09128475189209,52300
2010-07-29,27.690000534057617,27.989999771118164,27.350000381469727,27.729999542236328,5.1171183586120605,35800
2010-07-30,27.75,28.5,27.549999237060547,28.5,5.259208679199219,59400
2010-08-02,28.579999923706055,29.139999389648438,28.299999237060547,28.549999237060547,5.268436431884766,87500
2010-08-03,28.719999313354492,28.850000381469727,28.40999984741211,28.6200008392334,5.281353950500488,63100
2010-08-04,29.049999237060547,29.170000076293945,28.68000030517578,28.920000076293945,5.336712837219238,62500
2010-08-05,28.940000534057617,28.959999084472656,28.329999923706055,28.770000457763672,5.309032440185547,37200
2010-08-06,28.399999618530273,28.68000030517578,28.350000381469727,28.540000915527344,5.266589641571045,45900
2010-08-09,28.600000381469727,28.950000762939453,28.299999237060547,28.799999237060547,5.3145670890808105,83500
2010-08-10,28.700000762939453,28.969999313354492,28.520000457763672,28.670000076293945,5.290579795837402,52200
2010-08-11,28.270000457763672,28.270000457763672,27.3700008392334,27.780000686645508,5.126344203948975,106900
2010-08-12,27.729999542236328,28.149999618530273,27.399999618530273,27.950000762939453,5.157714366912842,54800
2010-08-13,28.0,28.100000381469727,27.8799991607666,27.989999771118164,5.165097236633301,31200
2010-08-16,28.100000381469727,28.100000381469727,27.6200008392334,27.75,5.120807647705078,57400
2010-08-17,28.100000381469727,28.100000381469727,27.93000030517578,27.959999084472656,5.159560203552246,97200
2010-08-18,28.100000381469727,28.100000381469727,27.8799991607666,27.950000762939453,5.157714366912842,32800
2010-08-19,27.950000762939453,27.989999771118164,27.65999984741211,27.709999084472656,5.113426685333252,31200
2010-08-20,27.600000381469727,27.700000762939453,27.420000076293945,27.520000457763672,5.078366756439209,39100
2010-08-23,27.75,28.0,27.510000228881836,27.68000030517578,5.107890605926514,57400
2010-08-24,27.549999237060547,28.40999984741211,27.170000076293945,27.719999313354492,5.115272521972656,130800
2010-08-25,27.709999084472656,27.799999237060547,27.0,27.459999084472656,5.067294120788574,130000
2010-08-26,27.68000030517578,28.100000381469727,27.610000610351562,27.639999389648438,5.100511074066162,97700
2010-08-27,27.93000030517578,28.059999465942383,27.649999618530273,27.81999969482422,5.133726119995117,123900
2010-08-30,27.81999969482422,27.979999542236328,27.549999237060547,27.65999984741211,5.104201316833496,96800
2010-08-31,27.59000015258789,27.59000015258789,27.149999618530273,27.290000915527344,5.035923957824707,112500
2010-09-01,27.84000015258789,27.950000762939453,27.43000030517578,27.75,5.120807647705078,98300
2010-09-02,27.93000030517578,27.950000762939453,27.31999969482422,27.799999237060547,5.130034446716309,99100
2010-09-03,28.09000015258789,28.09000015258789,27.540000915527344,27.989999771118164,5.165097236633301,101100
2010-09-07,28.1299991607666,28.139999389648438,27.780000686645508,27.93000030517578,5.154025077819824,112400
2010-09-08,27.93000030517578,28.1299991607666,27.760000228881836,27.8700008392334,5.142951965332031,122400
2010-09-09,28.260000228881836,28.350000381469727,27.780000686645508,27.90999984741211,5.150333404541016,126100
2010-09-10,27.950000762939453,28.950000762939453,27.950000762939453,28.3799991607666,5.237065315246582,183600
2010-09-13,28.790000915527344,28.940000534057617,28.5,28.510000228881836,5.261054039001465,169700
2010-09-14,28.540000915527344,28.600000381469727,27.59000015258789,28.25,5.213074684143066,208700
2010-09-15,28.110000610351562,28.600000381469727,27.809999465942383,28.450000762939453,5.249982833862305,145400
2010-09-16,28.299999237060547,28.940000534057617,28.299999237060547,28.860000610351562,5.32564115524292,119300
2010-09-17,28.93000030517578,29.18000030517578,28.600000381469727,29.0,5.351476669311523,139900
2010-09-20,29.200000762939453,29.75,29.200000762939453,29.75,5.489876747131348,233400
2010-09-21,29.920000076293945,30.350000381469727,29.709999084472656,30.209999084472656,5.574760437011719,205500
2010-09-22,30.34000015258789,30.75,29.920000076293945,30.329999923706055,5.596904277801514,200400
2010-09-23,30.260000228881836,30.600000381469727,30.059999465942383,30.420000076293945,5.613512992858887,253400
2010-09-24,30.5,31.190000534057617,30.40999984741211,31.139999389648438,5.746377468109131,241600
2010-09-27,31.139999389648438,31.3799991607666,30.5,30.5,5.628276348114014,204800
2010-09-28,30.399999618530273,30.979999542236328,29.799999237060547,29.989999771118164,5.534162998199463,207700
2010-09-29,30.020000457763672,30.200000762939453,29.790000915527344,29.979999542236328,5.532320499420166,134600
2010-09-30,30.209999084472656,30.209999084472656,29.93000030517578,29.979999542236328,5.532320499420166,110600
2010-10-01,30.020000457763672,30.299999237060547,29.950000762939453,30.25,5.5821428298950195,153500
2010-10-04,30.3799991607666,30.600000381469727,30.18000030517578,30.56999969482422,5.64119291305542,188800
2010-10-05,30.75,31.25,30.709999084472656,31.18000030517578,5.753758430480957,147400
2010-10-06,31.329999923706055,31.549999237060547,31.25,31.5,5.812811851501465,144000
2010-10-07,31.100000381469727,31.100000381469727,30.420000076293945,31.0,5.720541000366211,236200
2010-10-08,30.979999542236328,31.030000686645508,30.520000457763672,30.75,5.674409866333008,165400
2010-10-11,30.75,31.520000457763672,30.75,31.280000686645508,5.772212028503418,119600
2010-10-12,31.049999237060547,31.25,30.959999084472656,31.200000762939453,5.757450580596924,114700
2010-10-13,30.59000015258789,30.8700008392334,30.299999237060547,30.309999465942383,5.704751014709473,118800
2010-10-14,30.229999542236328,30.229999542236328,28.799999237060547,29.389999389648438,5.531594276428223,209300
2010-10-15,29.280000686645508,29.280000686645508,28.219999313354492,29.06999969482422,5.471364974975586,267400
2010-10-18,28.8700008392334,29.149999618530273,28.760000228881836,29.020000457763672,5.4619550704956055,82200
2010-10-19,29.020000457763672,29.040000915527344,28.350000381469727,28.3700008392334,5.339616775512695,110800
2010-10-20,28.40999984741211,28.829999923706055,28.3700008392334,28.649999618530273,5.392315864562988,91400
2010-10-21,28.850000381469727,29.0,28.299999237060547,28.559999465942383,5.375376224517822,70000
2010-10-22,28.559999465942383,28.56999969482422,28.34000015258789,28.420000076293945,5.349026679992676,54200
2010-10-25,28.40999984741211,28.979999542236328,27.809999465942383,27.90999984741211,5.253037452697754,181800
2010-10-26,28.469999313354492,29.190000534057617,28.1299991607666,29.149999618530273,5.486423969268799,155400
2010-10-27,29.059999465942383,29.200000762939453,28.75,29.1200008392334,5.480776309967041,71100
2010-10-28,29.200000762939453,29.329999923706055,29.1299991607666,29.190000534057617,5.493950843811035,64100
2010-10-29,29.190000534057617,29.729999542236328,29.190000534057617,29.280000686645508,5.510890007019043,63800
2010-11-01,29.450000762939453,29.549999237060547,29.350000381469727,29.399999618530273,5.533474922180176,86600
2010-11-02,29.639999389648438,30.100000381469727,29.5,30.010000228881836,5.648287296295166,133400
2010-11-03,30.010000228881836,30.5,29.950000762939453,30.479999542236328,5.736745834350586,90100
2010-11-04,30.549999237060547,30.950000762939453,30.549999237060547,30.790000915527344,5.795092582702637,106500
2010-11-05,30.790000915527344,30.790000915527344,30.299999237060547,30.719999313354492,5.781917095184326,71600
2010-11-08,30.850000381469727,30.899999618530273,30.600000381469727,30.84000015258789,5.804502964019775,101200
2010-11-09,30.899999618530273,31.0,30.8700008392334,31.0,5.834615707397461,104400
2010-11-10,31.049999237060547,31.219999313354492,30.90999984741211,31.209999084472656,5.874142169952393,120700
2010-11-11,31.25,31.510000228881836,31.110000610351562,31.5,5.928726673126221,86000
2010-11-12,31.350000381469727,31.399999618530273,30.510000228881836,30.770000457763672,5.791327953338623,118600
2010-11-15,30.65999984741211,31.239999771118164,30.56999969482422,31.06999969482422,5.847792148590088,57300
2010-11-16,31.0,31.059999465942383,29.90999984741211,29.979999542236328,5.642641067504883,114200
2010-11-17,30.170000076293945,30.75,29.920000076293945,30.450000762939453,5.731100082397461,92700
2010-11-18,30.81999969482422,31.239999771118164,30.729999542236328,31.100000381469727,5.853437900543213,61700
2010-11-19,31.1200008392334,31.559999465942383,30.809999465942383,31.469999313354492,5.923079013824463,60500
2010-11-22,31.649999618530273,32.2400016784668,31.469999313354492,31.809999465942383,5.987070560455322,76700
2010-11-23,31.649999618530273,32.0,31.59000015258789,31.760000228881836,5.977659702301025,62200
2010-11-24,31.959999084472656,32.119998931884766,31.850000381469727,31.959999084472656,6.0153021812438965,75100
2010-11-26,31.959999084472656,31.969999313354492,31.65999984741211,31.790000915527344,5.983304977416992,14400
2010-11-29,32.0,32.2400016784668,31.670000076293945,32.08000183105469,6.037888050079346,72300
2010-11-30,31.799999237060547,32.5,31.770000457763672,32.09000015258789,6.039769649505615,45500
2010-12-01,32.369998931884766,32.5,31.649999618530273,32.2599983215332,6.07176399230957,68400
2010-12-02,32.2400016784668,32.2599983215332,32.0099983215332,32.15999984741211,6.052945613861084,40100
2010-12-03,32.15999984741211,32.47999954223633,32.060001373291016,32.47999954223633,6.1131744384765625,50400
2010-12-06,32.4900016784668,33.77000045776367,32.43000030517578,33.45000076293945,6.29573917388916,71100
2010-12-07,34.0,35.0,33.810001373291016,33.810001373291016,6.363495826721191,106400
2010-12-08,34.25,34.5,33.61000061035156,33.97999954223633,6.395491600036621,123600
2010-12-09,33.900001525878906,34.099998474121094,33.529998779296875,33.970001220703125,6.393610954284668,77800
2010-12-10,34.09000015258789,35.630001068115234,34.02000045776367,35.119998931884766,6.610057830810547,211300
2010-12-13,35.43000030517578,35.86000061035156,35.04999923706055,35.099998474121094,6.606291770935059,103500
2010-12-14,35.099998474121094,35.75,35.029998779296875,35.29999923706055,6.643932819366455,69300
2010-12-15,35.61000061035156,36.70000076293945,35.5099983215332,35.79999923706055,6.738043308258057,196800
2010-12-16,35.849998474121094,36.279998779296875,35.0099983215332,35.0099983215332,6.589351654052734,110100
2010-12-17,35.02000045776367,35.61000061035156,34.79999923706055,35.47999954223633,6.677814483642578,82500
2010-12-20,35.790000915527344,36.63999938964844,35.790000915527344,36.380001068115234,6.84720516204834,95900
2010-12-21,36.70000076293945,37.5,36.70000076293945,37.5,7.058004379272461,100700
2010-12-22,37.5,37.5,36.75,37.0,6.963897705078125,101300
2010-12-23,37.0,37.0,35.470001220703125,36.5099983215332,6.871673583984375,136500
2010-12-27,36.4900016784668,37.0,36.029998779296875,36.84000015258789,6.933783531188965,62400
2010-12-28,37.0,38.040000915527344,36.869998931884766,37.68000030517578,7.091882705688477,110800
2010-12-29,37.720001220703125,39.08000183105469,37.68000030517578,38.689998626708984,7.281979084014893,139000
2010-12-30,39.060001373291016,40.0,38.79999923706055,39.56999969482422,7.447604656219482,145900
2010-12-31,39.849998474121094,40.0,39.56999969482422,39.869998931884766,7.50407075881958,98500
2011-01-03,40.04999923706055,40.9900016784668,39.869998931884766,39.95000076293945,7.519128799438477,209300
2011-01-04,40.34000015258789,40.34000015258789,39.15999984741211,39.77000045776367,7.485250949859619,144000
2011-01-05,39.84000015258789,39.84000015258789,39.349998474121094,39.79999923706055,7.490894794464111,111900
2011-01-06,40.0,40.93000030517578,39.790000915527344,40.599998474121094,7.6414642333984375,110300
2011-01-07,40.70000076293945,41.099998474121094,40.54999923706055,40.81999969482422,7.682873725891113,62800
2011-01-10,41.09000015258789,41.70000076293945,41.0,41.66999816894531,7.842853546142578,175700
2011-01-11,42.20000076293945,43.72999954223633,42.150001525878906,43.380001068115234,8.164698600769043,232900
2011-01-12,43.380001068115234,43.5,41.150001525878906,41.650001525878906,7.839090824127197,316700
2011-01-13,41.0,41.439998626708984,37.41999816894531,38.29999923706055,7.32732629776001,829900
2011-01-14,38.279998779296875,39.529998779296875,35.0,39.38999938964844,7.535858154296875,955900
2011-01-18,39.599998474121094,40.849998474121094,39.45000076293945,39.869998931884766,7.627687454223633,269800
2011-01-19,39.7599983215332,40.18000030517578,37.619998931884766,38.97999954223633,7.457422256469727,290800
2011-01-20,38.56999969482422,38.58000183105469,36.349998474121094,37.02000045776367,7.082444667816162,316200
2011-01-21,37.38999938964844,37.79999923706055,36.5099983215332,36.83000183105469,7.04609489440918,172400
2011-01-24,36.52000045776367,37.79999923706055,36.459999084472656,36.72999954223633,7.026965141296387,149800
2011-01-25,37.400001525878906,37.400001525878906,34.11000061035156,35.540000915527344,6.799300193786621,465200
2011-01-26,35.529998779296875,36.599998474121094,34.540000915527344,36.599998474121094,7.002091884613037,151100
2011-01-27,36.720001220703125,37.75,35.66999816894531,36.34000015258789,6.95235013961792,219100
2011-01-28,36.27000045776367,37.5,35.779998779296875,37.0,7.078619003295898,124100
2011-01-31,37.720001220703125,38.97999954223633,37.599998474121094,38.650001525878906,7.394282341003418,202400
2011-02-01,39.15999984741211,39.790000915527344,37.849998474121094,37.849998474121094,7.2412333488464355,153500
2011-02-02,37.88999938964844,38.0099983215332,37.290000915527344,37.790000915527344,7.229755878448486,66900
2011-02-03,38.41999816894531,38.5099983215332,37.84000015258789,38.20000076293945,7.308194160461426,50800
2011-02-04,38.369998931884766,38.810001373291016,38.0099983215332,38.5,7.365590572357178,62200
2011-02-07,38.9900016784668,39.29999923706055,37.630001068115234,38.08000183105469,7.285238265991211,100000
2011-02-08,38.130001068115234,38.130001068115234,37.0099983215332,37.06999969482422,7.092010498046875,127200
2011-02-09,37.099998474121094,37.400001525878906,36.599998474121094,36.7599983215332,7.0327019691467285,134200
2011-02-10,36.47999954223633,37.189998626708984,36.099998474121094,36.869998931884766,7.053746700286865,76700
2011-02-11,36.970001220703125,37.97999954223633,36.560001373291016,37.060001373291016,7.090097904205322,71600
2011-02-14,37.04999923706055,37.9900016784668,37.0,37.5099983215332,7.1761860847473145,85400
2011-02-15,38.099998474121094,38.18000030517578,37.5,37.95000076293945,7.260364055633545,52200
2011-02-16,38.0099983215332,38.060001373291016,37.29999923706055,37.5099983215332,7.1761860847473145,57600
2011-02-17,37.5099983215332,37.900001525878906,37.459999084472656,37.54999923706055,7.183836936950684,46100
2011-02-18,37.59000015258789,37.849998474121094,37.560001373291016,37.66999816894531,7.206796169281006,45600
2011-02-22,37.97999954223633,38.689998626708984,37.779998779296875,37.97999954223633,7.266106128692627,103400
2011-02-23,38.47999954223633,39.779998779296875,38.400001525878906,39.400001525878906,7.537774562835693,142900
2011-02-24,40.2400016784668,40.720001220703125,39.06999969482422,39.099998474121094,7.480376243591309,90200
2011-02-25,39.689998626708984,39.689998626708984,38.38999938964844,38.849998474121094,7.432550430297852,70200
2011-02-28,38.63999938964844,38.63999938964844,37.470001220703125,37.97999954223633,7.266106128692627,189000
2011-03-01,38.0,39.380001068115234,38.0,39.150001525878906,7.489943027496338,123900
2011-03-02,39.150001525878906,40.380001068115234,38.849998474121094,38.849998474121094,7.432550430297852,145400
2011-03-03,39.060001373291016,40.099998474121094,38.84000015258789,39.79999923706055,7.614295959472656,71700
2011-03-04,40.029998779296875,40.41999816894531,39.849998474121094,40.04999923706055,7.662125110626221,50700
2011-03-07,40.0,40.20000076293945,39.0,39.099998474121094,7.480376243591309,61700
2011-03-08,38.400001525878906,39.099998474121094,37.88999938964844,38.790000915527344,7.421070098876953,67700
2011-03-09,39.7400016784668,39.7400016784668,38.5099983215332,38.599998474121094,7.384720325469971,69100
2011-03-10,38.11000061035156,38.38999938964844,36.560001373291016,37.08000183105469,7.093923091888428,136900
2011-03-11,36.689998626708984,37.41999816894531,36.59000015258789,37.06999969482422,7.092010498046875,51200
2011-03-14,37.0,37.25,35.790000915527344,37.189998626708984,7.114966869354248,132400
2011-03-15,36.04999923706055,37.0,35.04999923706055,36.97999954223633,7.0747904777526855,115100
2011-03-16,37.06999969482422,38.279998779296875,36.9900016784668,37.439998626708984,7.162797927856445,61000
2011-03-17,37.779998779296875,38.9900016784668,37.779998779296875,38.540000915527344,7.3732404708862305,55300
2011-03-18,38.880001068115234,38.880001068115234,38.119998931884766,38.36000061035156,7.338807582855225,49600
2011-03-21,38.75,39.79999923706055,38.7400016784668,39.369998931884766,7.532033443450928,65700
2011-03-22,39.75,39.75,39.2400016784668,39.29999923706055,7.518639087677002,33500
2011-03-23,39.43000030517578,39.59000015258789,38.849998474121094,39.150001525878906,7.489943027496338,58900
2011-03-24,39.0099983215332,39.279998779296875,38.58000183105469,38.81999969482422,7.4268083572387695,80700
2011-03-25,38.83000183105469,39.33000183105469,38.599998474121094,38.939998626708984,7.449770450592041,39700
2011-03-28,39.189998626708984,39.20000076293945,38.5099983215332,39.02000045776367,7.465071201324463,47800
2011-03-29,39.040000915527344,39.20000076293945,38.650001525878906,38.880001068115234,7.438290119171143,35200
2011-03-30,39.11000061035156,39.11000061035156,38.04999923706055,38.79999923706055,7.422982692718506,81200
2011-03-31,38.86000061035156,39.20000076293945,38.79999923706055,38.97999954223633,7.457422256469727,54600
2011-04-01,39.0,39.869998931884766,38.810001373291016,39.81999969482422,7.6181230545043945,121200
2011-04-04,39.95000076293945,40.06999969482422,39.2599983215332,39.959999084472656,7.6449055671691895,109100
2011-04-05,40.0,40.36000061035156,39.75,40.029998779296875,7.658298015594482,97700
2011-04-06,40.400001525878906,40.400001525878906,39.560001373291016,40.400001525878906,7.7290849685668945,137300
2011-04-07,40.400001525878906,40.58000183105469,40.02000045776367,40.56999969482422,7.761608123779297,128500
2011-04-08,41.77000045776367,41.849998474121094,41.02000045776367,41.689998626708984,7.9758758544921875,270600
2011-04-11,42.0,42.2400016784668,41.43000030517578,41.439998626708984,7.928050994873047,256000
2011-04-12,41.11000061035156,41.33000183105469,39.599998474121094,41.33000183105469,7.907006740570068,319300
2011-04-13,40.689998626708984,40.689998626708984,39.75,40.189998626708984,7.844547271728516,121400
2011-04-14,40.18000030517578,40.349998474121094,39.849998474121094,39.86000061035156,7.780134201049805,116100
2011-04-15,39.689998626708984,40.31999969482422,39.689998626708984,40.25,7.856258392333984,134800
2011-04-18,40.02000045776367,40.189998626708984,39.75,40.119998931884766,7.830883026123047,65200
2011-04-19,40.060001373291016,40.619998931884766,40.060001373291016,40.45000076293945,7.895294666290283,84100
2011-04-20,40.79999923706055,41.380001068115234,40.56999969482422,41.349998474121094,8.070960998535156,165800
2011-04-21,41.45000076293945,41.880001068115234,41.0,41.27000045776367,8.055350303649902,128000
2011-04-25,41.5,41.86000061035156,40.95000076293945,41.09000015258789,8.02021598815918,104000
2011-04-26,41.189998626708984,41.93000030517578,41.11000061035156,41.18000030517578,8.037786483764648,87800
2011-04-27,41.4900016784668,41.869998931884766,41.18000030517578,41.5,8.100241661071777,53400
2011-04-28,41.599998474121094,41.650001525878906,41.209999084472656,41.38999938964844,8.07877254486084,94000
2011-04-29,41.380001068115234,41.79999923706055,41.380001068115234,41.5099983215332,8.102193832397461,65000
2011-05-02,41.709999084472656,41.90999984741211,40.0099983215332,40.90999984741211,7.985078811645508,175000
2011-05-03,40.90999984741211,41.040000915527344,39.279998779296875,40.029998779296875,7.813317775726318,132000
2011-05-04,40.150001525878906,40.34000015258789,37.83000183105469,38.83000183105469,7.579092979431152,268000
2011-05-05,39.529998779296875,39.529998779296875,37.0,37.34000015258789,7.288266181945801,242700
2011-05-06,37.290000915527344,38.880001068115234,37.22999954223633,38.119998931884766,7.440511703491211,150000
2011-05-09,38.650001525878906,39.83000183105469,38.650001525878906,38.95000076293945,7.602515697479248,123000
2011-05-10,38.93000030517578,40.86000061035156,38.91999816894531,39.63999938964844,7.737193584442139,120600
2011-05-11,39.599998474121094,39.599998474121094,38.5099983215332,38.970001220703125,7.606420040130615,76600
2011-05-12,38.849998474121094,38.849998474121094,38.13999938964844,38.779998779296875,7.569332599639893,66000
2011-05-13,38.95000076293945,39.0,38.54999923706055,38.54999923706055,7.524441242218018,50500
2011-05-16,38.470001220703125,38.65999984741211,37.97999954223633,38.04999923706055,7.426846981048584,69300
2011-05-17,37.0,37.95000076293945,36.400001525878906,37.709999084472656,7.3604841232299805,232900
2011-05-18,37.75,38.81999969482422,37.75,38.31999969482422,7.479551315307617,75000
2011-05-19,38.619998931884766,38.9900016784668,38.20000076293945,38.41999816894531,7.499065399169922,39600
2011-05-20,38.5,38.869998931884766,38.150001525878906,38.72999954223633,7.559574604034424,75900
2011-05-23,38.56999969482422,38.59000015258789,38.099998474121094,38.290000915527344,7.47369384765625,75200
2011-05-24,38.459999084472656,39.380001068115234,38.459999084472656,38.849998474121094,7.582998752593994,52500
2011-05-25,38.790000915527344,39.5,38.779998779296875,39.189998626708984,7.649360656738281,52600
2011-05-26,39.5,39.75,39.0,39.47999954223633,7.705966472625732,59100
2011-05-27,39.77000045776367,39.970001220703125,39.58000183105469,39.81999969482422,7.772326946258545,44200
2011-05-31,40.31999969482422,40.31999969482422,39.880001068115234,40.040000915527344,7.815269470214844,38500
2011-06-01,39.900001525878906,40.18000030517578,38.95000076293945,39.86000061035156,7.780134201049805,84300
2011-06-02,39.790000915527344,40.22999954223633,39.5,39.66999816894531,7.743052005767822,81400
2011-06-03,39.38999938964844,40.220001220703125,39.04999923706055,40.029998779296875,7.813317775726318,52100
2011-06-06,40.220001220703125,40.220001220703125,39.849998474121094,40.0099983215332,7.809412479400635,51900
2011-06-07,40.11000061035156,40.209999084472656,39.20000076293945,39.20000076293945,7.651312351226807,31900
2011-06-08,39.20000076293945,39.5099983215332,38.22999954223633,38.81999969482422,7.577139377593994,63800
2011-06-09,38.95000076293945,39.9900016784668,38.95000076293945,39.95000076293945,7.797703266143799,81500
2011-06-10,40.040000915527344,40.189998626708984,39.2599983215332,40.0,7.807462692260742,80500
2011-06-13,39.939998626708984,39.939998626708984,38.709999084472656,39.189998626708984,7.649360656738281,92000
2011-06-14,39.349998474121094,39.83000183105469,39.25,39.59000015258789,7.7274346351623535,39500
2011-06-15,39.38999938964844,40.150001525878906,39.20000076293945,39.689998626708984,7.746953010559082,116900
2011-06-16,39.619998931884766,40.02000045776367,38.869998931884766,38.900001525878906,7.5927557945251465,59400
2011-06-17,38.90999984741211,39.18000030517578,38.4900016784668,38.4900016784668,7.512730121612549,51100
2011-06-20,38.720001220703125,38.79999923706055,38.400001525878906,38.75,7.563479900360107,34900
2011-06-21,38.9900016784668,39.939998626708984,38.9900016784668,39.849998474121094,7.7781829833984375,57900
2011-06-22,39.849998474121094,41.0,39.849998474121094,40.650001525878906,7.934336185455322,60700
2011-06-23,39.900001525878906,40.83000183105469,39.5099983215332,40.810001373291016,7.965562343597412,83500
2011-06-24,41.0,41.0,40.25,40.81999969482422,7.967515468597412,79700
2011-06-27,40.900001525878906,40.900001525878906,39.7599983215332,39.84000015258789,7.7762322425842285,64600
2011-06-28,40.0,40.20000076293945,39.75,40.20000076293945,7.846498012542725,42100
2011-06-29,40.86000061035156,41.45000076293945,40.4900016784668,41.290000915527344,8.059248924255371,71100
2011-06-30,41.619998931884766,42.2400016784668,41.540000915527344,41.84000015258789,8.166608810424805,99000
2011-07-01,42.029998779296875,42.029998779296875,41.54999923706055,41.84000015258789,8.166608810424805,42200
2011-07-05,42.63999938964844,42.90999984741211,41.93000030517578,42.869998931884766,8.367646217346191,155600
2011-07-06,42.970001220703125,43.13999938964844,42.439998626708984,43.130001068115234,8.418392181396484,69500
2011-07-07,43.5,44.380001068115234,43.5,44.16999816894531,8.621389389038086,114100
2011-07-08,44.04999923706055,44.18000030517578,43.369998931884766,43.720001220703125,8.533554077148438,90300
2011-07-11,43.75,44.279998779296875,42.849998474121094,43.720001220703125,8.533554077148438,174800
2011-07-12,43.75,44.779998779296875,43.72999954223633,44.65999984741211,8.717029571533203,150100
2011-07-13,44.869998931884766,45.689998626708984,44.5,44.52000045776367,8.689703941345215,175500
2011-07-14,44.189998626708984,44.459999084472656,43.43000030517578,44.11000061035156,8.81358814239502,120500
2011-07-15,44.66999816894531,45.099998474121094,44.5,45.04999923706055,9.001407623291016,72500
2011-07-18,45.150001525878906,46.7599983215332,45.099998474121094,45.9900016784668,9.189228057861328,85900
2011-07-19,46.099998474121094,46.4900016784668,44.0,44.959999084472656,8.983423233032227,177100
2011-07-20,44.97999954223633,44.97999954223633,44.0,44.61000061035156,8.913492202758789,104000
2011-07-21,44.90999984741211,45.0,44.5099983215332,44.650001525878906,8.92148494720459,55800
2011-07-22,44.56999969482422,45.41999816894531,44.56999969482422,45.16999816894531,9.025384902954102,39500
2011-07-25,45.20000076293945,45.5,45.0,45.349998474121094,9.061348915100098,50400
2011-07-26,45.29999923706055,45.47999954223633,44.70000076293945,44.91999816894531,8.975432395935059,63100
2011-07-27,44.439998626708984,44.54999923706055,42.2599983215332,43.47999954223633,8.68770694732666,160400
2011-07-28,43.290000915527344,43.7400016784668,42.400001525878906,43.130001068115234,8.617769241333008,75600
2011-07-29,43.029998779296875,43.529998779296875,41.2599983215332,43.529998779296875,8.697696685791016,133700
2011-08-01,44.790000915527344,44.849998474121094,44.13999938964844,44.58000183105469,8.90749740600586,72000
2011-08-02,44.93000030517578,45.22999954223633,43.38999938964844,43.5099983215332,8.693702697753906,102500
2011-08-03,43.630001068115234,43.91999816894531,40.5099983215332,41.599998474121094,8.312067031860352,270700
2011-08-04,40.91999816894531,40.91999816894531,38.54999923706055,39.0,7.792564868927002,285900
2011-08-05,39.25,39.540000915527344,37.689998626708984,38.790000915527344,7.7506022453308105,197400
2011-08-08,37.13999938964844,37.5,34.56999969482422,34.70000076293945,6.933383464813232,296900
2011-08-09,34.72999954223633,39.0,34.72999954223633,37.22999954223633,7.43889856338501,212100
2011-08-10,37.0099983215332,39.18000030517578,37.0099983215332,37.95000076293945,7.582760810852051,136500
2011-08-11,38.0,40.7400016784668,38.0,39.95000076293945,7.982382297515869,156400
2011-08-12,40.900001525878906,42.630001068115234,40.040000915527344,40.91999816894531,8.17619514465332,125700
2011-08-15,41.939998626708984,43.459999084472656,41.790000915527344,42.29999923706055,8.451932907104492,108300
2011-08-16,42.29999923706055,42.689998626708984,41.5,41.630001068115234,8.318058967590332,57700
2011-08-17,42.02000045776367,42.540000915527344,41.61000061035156,42.0099983215332,8.393985748291016,29900
2011-08-18,41.38999938964844,41.7400016784668,40.0,40.09000015258789,8.010354042053223,105500
2011-08-19,39.349998474121094,40.540000915527344,38.720001220703125,39.04999923706055,7.802552700042725,94000
2011-08-22,39.880001068115234,39.880001068115234,37.5,37.630001068115234,7.51882266998291,129700
2011-08-23,37.779998779296875,39.31999969482422,37.779998779296875,38.9900016784668,7.790565490722656,56400
2011-08-24,39.150001525878906,39.95000076293945,38.400001525878906,39.060001373291016,7.804547309875488,36000
2011-08-25,39.599998474121094,39.599998474121094,38.810001373291016,39.0099983215332,7.794561862945557,23500
2011-08-26,38.86000061035156,39.95000076293945,38.52000045776367,39.939998626708984,7.980381965637207,42300
2011-08-29,41.02000045776367,41.439998626708984,41.02000045776367,41.25,8.242133140563965,40900
2011-08-30,41.45000076293945,41.83000183105469,40.720001220703125,41.619998931884766,8.316061019897461,35800
2011-08-31,42.04999923706055,42.470001220703125,41.0,41.439998626708984,8.280096054077148,54100
2011-09-01,41.31999969482422,41.7400016784668,40.5099983215332,40.599998474121094,8.112255096435547,36000
2011-09-02,39.75,40.25,39.650001525878906,40.0,7.99237060546875,41000
2011-09-06,38.5,39.880001068115234,38.5,39.70000076293945,7.932427406311035,50600
2011-09-07,40.38999938964844,40.56999969482422,39.9900016784668,40.16999816894531,8.026341438293457,25700
2011-09-08,40.04999923706055,40.41999816894531,39.900001525878906,40.41999816894531,8.076289176940918,39400
2011-09-09,40.099998474121094,40.849998474121094,39.5099983215332,40.15999984741211,8.024340629577637,30300
2011-09-12,39.34000015258789,40.619998931884766,39.029998779296875,39.66999816894531,7.9264349937438965,93800
2011-09-13,39.95000076293945,40.040000915527344,39.31999969482422,39.77000045776367,7.946414947509766,32100
2011-09-14,40.0,40.16999816894531,39.369998931884766,39.77000045776367,7.946414947509766,30700
2011-09-15,40.279998779296875,40.290000915527344,39.65999984741211,40.150001525878906,8.022343635559082,17900
2011-09-16,40.150001525878906,40.2599983215332,39.72999954223633,39.869998931884766,7.96639347076416,32200
2011-09-19,39.279998779296875,40.09000015258789,39.279998779296875,39.599998474121094,7.912446022033691,33400
2011-09-20,39.83000183105469,40.5,39.349998474121094,39.400001525878906,7.872485637664795,53300
2011-09-21,39.4900016784668,39.4900016784668,39.099998474121094,39.16999816894531,7.826530933380127,49600
2011-09-22,38.5,39.0,37.5099983215332,38.25,7.642704010009766,115600
2011-09-23,37.9900016784668,39.279998779296875,37.5,37.70000076293945,7.532809257507324,72100
2011-09-26,37.900001525878906,37.900001525878906,37.099998474121094,37.400001525878906,7.472867965698242,72500
2011-09-27,37.93000030517578,38.91999816894531,37.599998474121094,37.68000030517578,7.528814315795898,71200
2011-09-28,37.68000030517578,37.91999816894531,37.0,37.02000045776367,7.396938800811768,51600
2011-09-29,37.939998626708984,37.939998626708984,37.150001525878906,37.2599983215332,7.444891929626465,39900
2011-09-30,37.11000061035156,37.709999084472656,37.0,37.119998931884766,7.416918754577637,60000
2011-10-03,36.959999084472656,37.09000015258789,35.150001525878906,35.310001373291016,7.055264472961426,147100
2011-10-04,34.5099983215332,34.7400016784668,32.7400016784668,34.61000061035156,6.915396690368652,220500
2011-10-05,34.52000045776367,36.20000076293945,34.45000076293945,35.54999923706055,7.103219985961914,72800
2011-10-06,35.56999969482422,36.52000045776367,35.56999969482422,36.099998474121094,7.213115692138672,59000
2011-10-07,36.5,36.91999816894531,35.959999084472656,36.400001525878906,7.273057460784912,55100
2011-10-10,36.97999954223633,38.720001220703125,36.97999954223633,38.20000076293945,7.632713317871094,121400
2011-10-11,38.0,38.7400016784668,38.0,38.58000183105469,7.70864200592041,68500
2011-10-12,38.58000183105469,38.900001525878906,38.310001373291016,38.61000061035156,7.714637279510498,102600
2011-10-13,37.75,38.20000076293945,37.22999954223633,38.060001373291016,7.791407585144043,39400
2011-10-14,38.20000076293945,38.900001525878906,38.060001373291016,38.66999816894531,7.9162797927856445,41000
2011-10-17,38.5,38.5,37.06999969482422,37.15999984741211,7.607161998748779,51300
2011-10-18,37.29999923706055,37.56999969482422,36.36000061035156,37.2400016784668,7.623538970947266,41500
2011-10-19,36.84000015258789,37.79999923706055,36.099998474121094,36.529998779296875,7.478192329406738,74000
2011-10-20,36.810001373291016,37.279998779296875,36.099998474121094,36.7400016784668,7.521182537078857,47500
2011-10-21,36.540000915527344,37.70000076293945,36.540000915527344,37.5,7.676764011383057,85500
2011-10-24,37.75,37.9900016784668,37.4900016784668,37.72999954223633,7.723846912384033,73700
2011-10-25,37.97999954223633,37.97999954223633,37.09000015258789,37.119998931884766,7.598971366882324,49400
2011-10-26,37.119998931884766,37.83000183105469,37.119998931884766,37.47999954223633,7.672669410705566,49300
2011-10-27,37.650001525878906,37.9900016784668,37.40999984741211,37.5,7.676764011383057,74200
2011-10-28,37.5,37.630001068115234,37.31999969482422,37.400001525878906,7.656293869018555,75600
2011-10-31,37.29999923706055,37.380001068115234,36.36000061035156,36.54999923706055,7.482285022735596,78000
2011-11-01,35.90999984741211,36.0,34.06999969482422,34.939998626708984,7.152698040008545,162400
2011-11-02,35.099998474121094,36.09000015258789,35.099998474121094,36.029998779296875,7.375836372375488,59700
2011-11-03,36.45000076293945,36.81999969482422,35.970001220703125,36.349998474121094,7.441342830657959,39600
2011-11-04,36.209999084472656,36.4900016784668,36.02000045776367,36.2400016784668,7.418824672698975,23300
2011-11-07,36.02000045776367,37.0,36.02000045776367,36.7599983215332,7.525276184082031,47900
2011-11-08,36.79999923706055,37.77000045776367,36.79999923706055,37.52000045776367,7.680856704711914,71500
2011-11-09,37.0,37.5,36.66999816894531,37.130001068115234,7.601020336151123,46200
2011-11-10,37.79999923706055,37.810001373291016,37.060001373291016,37.720001220703125,7.721803188323975,36700
2011-11-11,37.83000183105469,38.63999938964844,37.83000183105469,38.27000045776367,7.8343939781188965,60800
2011-11-14,37.31999969482422,38.2400016784668,37.31999969482422,38.0,7.779123306274414,34700
2011-11-15,38.25,38.59000015258789,37.91999816894531,38.36000061035156,7.852817058563232,21300
2011-11-16,39.11000061035156,39.11000061035156,38.0099983215332,38.31999969482422,7.844630241394043,50300
2011-11-17,38.13999938964844,38.16999816894531,36.91999816894531,37.09000015258789,7.592831611633301,46700
2011-11-18,37.25,37.59000015258789,36.61000061035156,36.81999969482422,7.537559986114502,34000
2011-11-21,36.66999816894531,36.70000076293945,35.79999923706055,36.33000183105469,7.437249660491943,50500
2011-11-22,36.4900016784668,36.52000045776367,36.029998779296875,36.439998626708984,7.459766387939453,23600
2011-11-23,36.2400016784668,36.5,35.70000076293945,35.7599983215332,7.320560932159424,29600
2011-11-25,35.849998474121094,36.16999816894531,35.59000015258789,35.779998779296875,7.324656963348389,10000
2011-11-28,36.93000030517578,37.400001525878906,36.619998931884766,36.810001373291016,7.535512447357178,33900
2011-11-29,36.689998626708984,37.38999938964844,36.68000030517578,37.119998931884766,7.598971366882324,36800
2011-11-30,37.81999969482422,38.02000045776367,36.95000076293945,36.959999084472656,7.566220760345459,72200
2011-12-01,36.959999084472656,37.95000076293945,36.709999084472656,36.90999984741211,7.555983066558838,50900
2011-12-02,37.040000915527344,37.70000076293945,36.93000030517578,36.970001220703125,7.568267822265625,39100
2011-12-05,37.63999938964844,37.849998474121094,37.45000076293945,37.63999938964844,7.705422401428223,43200
2011-12-06,37.70000076293945,38.5,37.540000915527344,38.38999938964844,7.858957767486572,58300
2011-12-07,38.5099983215332,38.720001220703125,37.869998931884766,38.130001068115234,7.805736064910889,47500
2011-12-08,38.36000061035156,38.70000076293945,37.939998626708984,37.95000076293945,7.768884181976318,25400
2011-12-09,38.0099983215332,38.72999954223633,38.0,38.63999938964844,7.910138130187988,30600
2011-12-12,38.25,38.400001525878906,37.61000061035156,37.79999923706055,7.738178730010986,29800
2011-12-13,38.0,38.56999969482422,37.58000183105469,37.599998474121094,7.697235107421875,54600
2011-12-14,36.900001525878906,37.40999984741211,36.529998779296875,36.79999923706055,7.533466339111328,62300
2011-12-15,37.0,37.22999954223633,36.25,36.59000015258789,7.490477085113525,50100
2011-12-16,36.56999969482422,37.0,36.4900016784668,37.0,7.574407577514648,25600
2011-12-19,37.0,37.31999969482422,36.75,36.83000183105469,7.539606094360352,27000
2011-12-20,37.209999084472656,37.72999954223633,37.02000045776367,37.650001525878906,7.707473278045654,26200
2011-12-21,37.849998474121094,38.380001068115234,37.5,38.18000030517578,7.815969944000244,31500
2011-12-22,38.5,39.2400016784668,38.31999969482422,39.18000030517578,8.020682334899902,69000
2011-12-23,38.869998931884766,39.5,38.65999984741211,39.13999938964844,8.012494087219238,60900
2011-12-27,39.0,39.150001525878906,38.790000915527344,39.0,7.983838081359863,34800
2011-12-28,39.0,39.15999984741211,38.29999923706055,38.54999923706055,7.8917131423950195,35000
2011-12-29,39.0,39.83000183105469,38.79999923706055,39.33000183105469,8.051392555236816,48000
2011-12-30,39.060001373291016,39.970001220703125,39.060001373291016,39.63999938964844,8.114850044250488,32100
2012-01-03,40.099998474121094,41.529998779296875,40.040000915527344,40.65999984741211,8.323660850524902,89200
2012-01-04,40.900001525878906,41.880001068115234,40.349998474121094,41.68000030517578,8.532469749450684,78000
2012-01-05,41.68000030517578,41.68000030517578,40.70000076293945,41.02000045776367,8.397356033325195,74400
2012-01-06,41.5,41.689998626708984,41.060001373291016,41.279998779296875,8.450579643249512,52300
2012-01-09,41.16999816894531,41.54999923706055,40.779998779296875,41.22999954223633,8.440343856811523,114500
2012-01-10,41.25,42.25,41.25,42.20000076293945,8.638917922973633,163000
2012-01-11,42.20000076293945,42.88999938964844,42.06999969482422,42.5099983215332,8.702380180358887,147700
2012-01-12,41.720001220703125,41.83000183105469,40.5,40.66999816894531,8.491499900817871,92600
2012-01-13,41.77000045776367,41.77000045776367,40.540000915527344,40.88999938964844,8.537436485290527,48000
2012-01-17,41.20000076293945,41.58000183105469,40.84000015258789,41.150001525878906,8.591723442077637,59500
2012-01-18,40.70000076293945,41.5,40.599998474121094,41.43000030517578,8.650182723999023,67600
2012-01-19,41.400001525878906,41.400001525878906,41.15999984741211,41.2599983215332,8.614688873291016,28300
2012-01-20,41.13999938964844,41.400001525878906,40.52000045776367,41.06999969482422,8.575017929077148,56600
2012-01-23,40.95000076293945,41.939998626708984,40.75,41.79999923706055,8.727436065673828,81400
2012-01-24,41.79999923706055,41.970001220703125,41.279998779296875,41.939998626708984,8.756664276123047,40900
2012-01-25,41.900001525878906,42.470001220703125,41.689998626708984,42.2599983215332,8.823476791381836,52900
2012-01-26,42.59000015258789,43.099998474121094,41.88999938964844,42.029998779296875,8.775456428527832,56100
2012-01-27,41.66999816894531,42.0,40.810001373291016,41.0,8.560401916503906,59000
2012-01-30,41.0,41.45000076293945,40.54999923706055,41.22999954223633,8.608421325683594,33900
2012-01-31,41.529998779296875,41.81999969482422,41.25,41.310001373291016,8.625127792358398,16700
2012-02-01,41.810001373291016,41.810001373291016,41.209999084472656,41.54999923706055,8.6752347946167,20400
2012-02-02,41.470001220703125,41.97999954223633,41.36000061035156,41.63999938964844,8.6940279006958,34400
2012-02-03,41.880001068115234,42.0,41.38999938964844,41.439998626708984,8.652268409729004,30200
2012-02-06,41.720001220703125,41.77000045776367,41.36000061035156,41.4900016784668,8.662710189819336,28400
2012-02-07,41.33000183105469,41.45000076293945,40.61000061035156,40.7599983215332,8.510292053222656,61600
2012-02-08,40.68000030517578,41.060001373291016,40.02000045776367,40.040000915527344,8.359962463378906,57900
2012-02-09,40.20000076293945,40.45000076293945,39.880001068115234,40.279998779296875,8.410075187683105,53600
2012-02-10,40.18000030517578,40.18000030517578,39.400001525878906,39.65999984741211,8.280622482299805,69300
2012-02-13,39.70000076293945,39.970001220703125,39.369998931884766,39.599998474121094,8.268095970153809,106100
2012-02-14,39.52000045776367,39.689998626708984,38.209999084472656,38.52000045776367,8.04259967803955,130400
2012-02-15,38.470001220703125,38.70000076293945,38.0,38.209999084472656,7.97787618637085,97000
2012-02-16,38.029998779296875,38.79999923706055,38.029998779296875,38.599998474121094,8.059306144714355,73700
2012-02-17,38.54999923706055,39.38999938964844,38.439998626708984,39.04999923706055,8.153263092041016,63600
2012-02-21,39.54999923706055,41.2400016784668,39.54999923706055,41.0099983215332,8.56248950958252,100800
2012-02-22,41.029998779296875,41.25,40.02000045776367,40.72999954223633,8.5040283203125,64200
2012-02-23,40.880001068115234,41.25,40.77000045776367,41.0,8.560401916503906,36200
2012-02-24,41.33000183105469,41.43000030517578,41.0,41.13999938964844,8.589629173278809,34700
2012-02-27,41.0,41.369998931884766,40.959999084472656,41.13999938964844,8.589629173278809,30700
2012-02-28,41.380001068115234,41.380001068115234,40.54999923706055,40.95000076293945,8.549964904785156,44100
2012-02-29,40.95000076293945,41.95000076293945,40.599998474121094,41.95000076293945,8.758750915527344,51600
2012-03-01,41.95000076293945,42.20000076293945,41.209999084472656,42.130001068115234,8.796338081359863,41000
2012-03-02,42.0099983215332,42.47999954223633,41.90999984741211,42.470001220703125,8.867324829101562,62800
2012-03-05,42.5,42.849998474121094,41.790000915527344,42.849998474121094,8.946662902832031,43800
2012-03-06,42.349998474121094,42.59000015258789,42.0099983215332,42.56999969482422,8.888203620910645,46700
2012-03-07,42.5,43.56999969482422,42.5,43.56999969482422,9.096992492675781,40800
2012-03-08,43.619998931884766,43.619998931884766,42.65999984741211,43.5099983215332,9.084467887878418,41300
2012-03-09,43.720001220703125,44.380001068115234,43.29999923706055,44.029998779296875,9.193037033081055,60200
2012-03-12,44.20000076293945,44.20000076293945,43.0,43.66999816894531,9.117873191833496,54600
2012-03-13,43.630001068115234,43.75,41.65999984741211,42.040000915527344,8.777546882629395,168800
2012-03-14,41.90999984741211,42.34000015258789,40.599998474121094,40.97999954223633,8.55622673034668,74800
2012-03-15,40.95000076293945,41.380001068115234,40.58000183105469,40.900001525878906,8.539523124694824,39200
2012-03-16,40.900001525878906,40.900001525878906,40.099998474121094,40.63999938964844,8.485236167907715,42300
2012-03-19,40.63999938964844,41.95000076293945,40.63999938964844,41.88999938964844,8.746224403381348,51200
2012-03-20,41.54999923706055,42.400001525878906,41.0,42.29999923706055,8.831829071044922,55100
2012-03-21,42.209999084472656,42.47999954223633,41.849998474121094,42.36000061035156,8.844354629516602,44400
2012-03-22,41.88999938964844,42.119998931884766,40.88999938964844,41.06999969482422,8.575017929077148,43300
2012-03-23,41.099998474121094,42.2400016784668,41.06999969482422,42.09000015258789,8.787984848022461,24000
2012-03-26,42.5,42.779998779296875,41.68000030517578,42.02000045776367,8.773368835449219,44500
2012-03-27,41.95000076293945,42.599998474121094,41.7599983215332,42.41999816894531,8.856884002685547,38000
2012-03-28,42.5,42.5099983215332,41.5099983215332,41.779998779296875,8.723258018493652,58200
2012-03-29,41.77000045776367,41.77000045776367,40.90999984741211,41.029998779296875,8.56666374206543,54200
2012-03-30,41.099998474121094,41.400001525878906,40.59000015258789,41.369998931884766,8.637656211853027,46600
2012-04-02,41.540000915527344,43.209999084472656,41.5099983215332,43.0099983215332,8.980072975158691,60300
2012-04-03,43.099998474121094,43.209999084472656,42.81999969482422,43.099998474121094,8.998862266540527,51800
2012-04-04,42.849998474121094,43.060001373291016,42.099998474121094,42.9900016784668,8.975896835327148,51300
2012-04-05,43.060001373291016,43.209999084472656,42.470001220703125,43.0,8.977985382080078,35500
2012-04-09,43.099998474121094,43.15999984741211,42.20000076293945,43.0,8.977985382080078,110200
2012-04-10,43.150001525878906,43.43000030517578,42.5,42.72999954223633,8.921610832214355,111200
2012-04-11,42.9900016784668,43.43000030517578,42.75,43.209999084472656,9.021829605102539,121800
2012-04-12,42.29999923706055,42.95000076293945,41.5,42.779998779296875,9.147992134094238,58200
2012-04-13,42.29999923706055,42.75,41.79999923706055,42.54999923706055,9.098810195922852,54100
2012-04-16,42.380001068115234,42.63999938964844,41.58000183105469,41.849998474121094,8.949124336242676,70200
2012-04-17,42.189998626708984,42.189998626708984,41.13999938964844,41.15999984741211,8.80157470703125,66300
2012-04-18,41.0099983215332,41.150001525878906,40.5099983215332,40.61000061035156,8.683964729309082,58100
2012-04-19,40.86000061035156,40.86000061035156,40.13999938964844,40.40999984741211,8.64119815826416,45100
2012-04-20,40.709999084472656,41.09000015258789,40.40999984741211,40.720001220703125,8.707489013671875,53100
2012-04-23,40.5,40.869998931884766,40.25,40.619998931884766,8.686103820800781,34100
2012-04-24,40.900001525878906,40.9900016784668,40.400001525878906,40.66999816894531,8.696793556213379,38900
2012-04-25,40.939998626708984,40.959999084472656,40.400001525878906,40.959999084472656,8.758806228637695,42600
2012-04-26,41.0,41.709999084472656,40.709999084472656,41.5,8.874283790588379,39600
2012-04-27,41.33000183105469,41.33000183105469,40.779998779296875,41.0,8.76736068725586,25300
2012-04-30,40.849998474121094,41.040000915527344,40.79999923706055,40.959999084472656,8.758806228637695,23000
2012-05-01,41.119998931884766,41.33000183105469,40.79999923706055,41.0,8.76736068725586,88000
2012-05-02,40.810001373291016,41.099998474121094,40.779998779296875,40.93000030517578,8.75239372253418,34000
2012-05-03,41.09000015258789,41.34000015258789,40.58000183105469,40.93000030517578,8.75239372253418,53000
2012-05-04,40.849998474121094,41.2599983215332,40.2400016784668,41.08000183105469,8.784468650817871,43300
2012-05-07,41.08000183105469,41.08000183105469,40.22999954223633,40.31999969482422,8.621949195861816,64000
2012-05-08,40.11000061035156,40.310001373291016,39.099998474121094,39.20000076293945,8.382452964782715,67600
2012-05-09,39.0,39.0,38.099998474121094,38.38999938964844,8.20924186706543,79000
2012-05-10,38.56999969482422,39.70000076293945,38.5,39.65999984741211,8.480817794799805,43600
2012-05-11,39.45000076293945,39.70000076293945,39.0,39.029998779296875,8.346101760864258,31000
2012-05-14,38.529998779296875,38.540000915527344,38.0,38.0,8.125850677490234,59800
2012-05-15,38.060001373291016,38.27000045776367,37.08000183105469,37.279998779296875,7.97188138961792,122000
2012-05-16,37.099998474121094,37.290000915527344,35.959999084472656,35.959999084472656,7.689615726470947,130300
2012-05-17,36.099998474121094,36.189998626708984,35.2400016784668,35.38999938964844,7.567729949951172,92800
2012-05-18,35.91999816894531,35.95000076293945,34.25,34.599998474121094,7.39879846572876,93900
2012-05-21,34.959999084472656,36.5,34.5,36.5,7.805089473724365,76900
2012-05-22,36.86000061035156,37.79999923706055,36.86000061035156,37.349998474121094,7.986852645874023,75000
2012-05-23,37.18000030517578,37.18000030517578,36.18000030517578,36.720001220703125,7.85213565826416,53000
2012-05-24,36.790000915527344,36.95000076293945,35.70000076293945,36.06999969482422,7.713140964508057,78100
2012-05-25,36.310001373291016,36.61000061035156,35.59000015258789,36.130001068115234,7.72597074508667,75900
2012-05-29,36.650001525878906,37.43000030517578,36.599998474121094,36.97999954223633,7.90773344039917,59200
2012-05-30,36.95000076293945,36.95000076293945,35.880001068115234,36.119998931884766,7.72382926940918,51200
2012-05-31,36.560001373291016,36.599998474121094,35.5,35.709999084472656,7.6361565589904785,38800
2012-06-01,35.349998474121094,35.59000015258789,32.900001525878906,33.099998474121094,7.078041076660156,186200
2012-06-04,32.79999923706055,32.939998626708984,31.299999237060547,32.29999923706055,6.906970977783203,159400
2012-06-05,32.0,33.22999954223633,31.5,33.099998474121094,7.078041076660156,91800
2012-06-06,33.52000045776367,34.9900016784668,33.52000045776367,34.959999084472656,7.475780010223389,66500
2012-06-07,35.689998626708984,35.689998626708984,34.16999816894531,34.5,7.377413272857666,55500
2012-06-08,34.2400016784668,34.459999084472656,33.5,34.279998779296875,7.3303680419921875,32900
2012-06-11,34.709999084472656,34.900001525878906,33.61000061035156,33.75,7.217035293579102,58400
2012-06-12,34.029998779296875,34.150001525878906,33.5099983215332,33.880001068115234,7.24483585357666,48100
2012-06-13,33.970001220703125,33.970001220703125,32.880001068115234,33.08000183105469,7.073763847351074,87100
2012-06-14,33.08000183105469,33.45000076293945,32.5099983215332,32.560001373291016,6.9625701904296875,52400
2012-06-15,33.34000015258789,33.34000015258789,32.560001373291016,32.970001220703125,7.05024528503418,60500
2012-06-18,33.0,33.0,32.5099983215332,32.90999984741211,7.037411689758301,58200
2012-06-19,33.560001373291016,34.25,32.880001068115234,34.15999984741211,7.304710388183594,65900
2012-06-20,33.849998474121094,34.65999984741211,33.81999969482422,33.93000030517578,7.255527019500732,59400
2012-06-21,33.79999923706055,33.88999938964844,32.25,32.400001525878906,6.928353309631348,167900
2012-06-22,32.939998626708984,33.09000015258789,32.2599983215332,32.349998474121094,6.917663097381592,83800
2012-06-25,32.040000915527344,32.2400016784668,31.40999984741211,31.520000457763672,6.740177631378174,80400
2012-06-26,31.8799991607666,32.15999984741211,31.559999465942383,31.920000076293945,6.825709819793701,48500
2012-06-27,32.04999923706055,33.18000030517578,32.04999923706055,33.11000061035156,7.0801801681518555,40900
2012-06-28,33.04999923706055,34.0,32.5099983215332,33.150001525878906,7.088733673095703,61800
2012-06-29,34.11000061035156,34.11000061035156,33.5,33.720001220703125,7.210621356964111,52100
2012-07-02,33.70000076293945,34.459999084472656,33.61000061035156,34.369998931884766,7.349613666534424,46800
2012-07-03,34.5,36.54999923706055,34.5,36.310001373291016,7.76446008682251,65800
2012-07-05,36.58000183105469,37.5,36.400001525878906,36.7599983215332,7.860689163208008,129400
2012-07-06,37.2400016784668,37.5,36.290000915527344,36.70000076293945,7.8478569984436035,143400
2012-07-09,36.880001068115234,37.31999969482422,36.77000045776367,37.189998626708984,7.952638149261475,129700
2012-07-10,37.22999954223633,37.560001373291016,37.0,37.349998474121094,7.986852645874023,108500
2012-07-11,37.79999923706055,38.16999816894531,37.38999938964844,37.70000076293945,8.061695098876953,115100
2012-07-12,35.470001220703125,36.13999938964844,34.560001373291016,35.869998931884766,7.868651866912842,119500
2012-07-13,35.790000915527344,36.43000030517578,35.630001068115234,36.11000061035156,7.921301364898682,63300
2012-07-16,35.97999954223633,36.7400016784668,35.88999938964844,36.56999969482422,8.022211074829102,40100
2012-07-17,36.36000061035156,36.83000183105469,36.0,36.66999816894531,8.044148445129395,46700
2012-07-18,36.810001373291016,36.88999938964844,36.25,36.63999938964844,8.037564277648926,38500
2012-07-19,36.58000183105469,36.95000076293945,36.459999084472656,36.90999984741211,8.096794128417969,29600
2012-07-20,36.83000183105469,37.29999923706055,36.720001220703125,36.9900016784668,8.114343643188477,53500
2012-07-23,36.439998626708984,36.83000183105469,36.099998474121094,36.59000015258789,8.026598930358887,29800
2012-07-24,36.599998474121094,36.63999938964844,35.790000915527344,35.93000030517578,7.881814956665039,54500
2012-07-25,36.599998474121094,36.599998474121094,35.380001068115234,35.95000076293945,7.886202812194824,50400
2012-07-26,36.54999923706055,36.599998474121094,36.0,36.349998474121094,7.973948001861572,54600
2012-07-27,36.61000061035156,36.61000061035156,35.709999084472656,36.16999816894531,7.93446159362793,39100
2012-07-30,36.220001220703125,36.599998474121094,35.790000915527344,36.459999084472656,7.998080730438232,35100
2012-07-31,36.220001220703125,36.4900016784668,35.099998474121094,35.099998474121094,7.699741363525391,74000
2012-08-01,35.720001220703125,36.0,33.06999969482422,34.09000015258789,7.478181838989258,104300
2012-08-02,33.95000076293945,34.2400016784668,33.119998931884766,33.400001525878906,7.3268208503723145,72700
2012-08-03,33.869998931884766,34.75,33.68000030517578,34.72999954223633,7.618577480316162,58200
2012-08-06,34.75,35.4900016784668,34.45000076293945,34.66999816894531,7.6054158210754395,50300
2012-08-07,34.88999938964844,35.72999954223633,34.720001220703125,35.33000183105469,7.750195503234863,51300
2012-08-08,35.56999969482422,35.66999816894531,35.099998474121094,35.099998474121094,7.699741363525391,33000
2012-08-09,35.0,35.7599983215332,34.7599983215332,35.58000183105469,7.8050384521484375,53400
2012-08-10,35.130001068115234,35.900001525878906,35.04999923706055,35.63999938964844,7.818197727203369,43100
2012-08-13,35.63999938964844,35.97999954223633,35.310001373291016,35.52000045776367,7.791873455047607,62200
2012-08-14,35.900001525878906,35.95000076293945,35.40999984741211,35.560001373291016,7.800650596618652,34900
2012-08-15,35.58000183105469,36.380001068115234,35.459999084472656,35.86000061035156,7.866459369659424,47500
2012-08-16,35.90999984741211,36.400001525878906,35.86000061035156,36.27000045776367,7.9564008712768555,48400
2012-08-17,36.43000030517578,36.45000076293945,36.040000915527344,36.27000045776367,7.9564008712768555,29500
2012-08-20,36.40999984741211,36.45000076293945,36.16999816894531,36.400001525878906,7.984918594360352,54700
2012-08-21,36.45000076293945,36.470001220703125,35.5,35.52000045776367,7.791873455047607,65100
2012-08-22,35.650001525878906,35.849998474121094,35.04999923706055,35.15999984741211,7.7129034996032715,47700
2012-08-23,35.439998626708984,35.439998626708984,34.25,34.29999923706055,7.5242509841918945,68000
2012-08-24,34.15999984741211,34.70000076293945,34.15999984741211,34.459999084472656,7.559347629547119,52800
2012-08-27,34.5099983215332,34.66999816894531,34.0,34.0,7.458438396453857,56300
2012-08-28,34.22999954223633,34.22999954223633,33.849998474121094,34.08000183105469,7.47598934173584,37800
2012-08-29,34.279998779296875,34.33000183105469,33.849998474121094,34.08000183105469,7.47598934173584,50800
2012-08-30,34.130001068115234,34.22999954223633,33.540000915527344,33.540000915527344,7.357532024383545,106800
2012-08-31,33.849998474121094,33.880001068115234,33.5,33.720001220703125,7.397019863128662,54900
2012-09-04,33.86000061035156,33.869998931884766,32.5,32.5099983215332,7.131582736968994,138800
2012-09-05,32.630001068115234,33.0,31.68000030517578,32.880001068115234,7.21274995803833,169900
2012-09-06,33.02000045776367,33.77000045776367,32.970001220703125,33.20000076293945,7.282944202423096,47600
2012-09-07,33.36000061035156,33.47999954223633,32.9900016784668,33.45000076293945,7.337788105010986,45800
2012-09-10,33.650001525878906,34.900001525878906,33.61000061035156,34.779998779296875,7.629543781280518,92800
2012-09-11,35.0,35.369998931884766,34.810001373291016,34.95000076293945,7.666835784912109,77600
2012-09-12,35.20000076293945,35.279998779296875,34.81999969482422,35.11000061035156,7.701935768127441,46700
2012-09-13,34.95000076293945,35.68000030517578,34.95000076293945,35.43000030517578,7.772132873535156,43200
2012-09-14,35.75,35.959999084472656,35.650001525878906,35.88999938964844,7.873039722442627,42900
2012-09-17,35.9900016784668,36.630001068115234,35.93000030517578,36.16999816894531,7.93446159362793,64700
2012-09-18,36.40999984741211,36.560001373291016,36.150001525878906,36.41999816894531,7.98930549621582,46000
2012-09-19,36.47999954223633,36.59000015258789,35.54999923706055,35.61000061035156,7.811616897583008,86400
2012-09-20,35.5,35.52000045776367,35.0,35.15999984741211,7.7129034996032715,41800
2012-09-21,35.150001525878906,35.689998626708984,35.029998779296875,35.119998931884766,7.704129695892334,54600
2012-09-24,35.0,35.720001220703125,35.0,35.56999969482422,7.802844047546387,49700
2012-09-25,35.5,35.95000076293945,35.5,35.7599983215332,7.844523906707764,48700
2012-09-26,35.880001068115234,35.88999938964844,35.060001373291016,35.13999938964844,7.7085185050964355,48200
2012-09-27,35.4900016784668,35.52000045776367,35.20000076293945,35.52000045776367,7.791873455047607,42300
2012-09-28,35.65999984741211,35.970001220703125,35.380001068115234,35.84000015258789,7.862074375152588,24000
2012-10-01,35.959999084472656,36.0,35.70000076293945,35.779998779296875,7.848909854888916,40300
2012-10-02,35.91999816894531,36.279998779296875,35.86000061035156,36.209999084472656,7.9432373046875,53400
2012-10-03,36.400001525878906,36.41999816894531,36.0,36.22999954223633,7.947627544403076,46400
2012-10-04,36.25,36.900001525878906,36.25,36.900001525878906,8.094600677490234,55800
2012-10-05,36.939998626708984,36.939998626708984,34.18000030517578,34.709999084472656,7.614189147949219,191100
2012-10-08,34.529998779296875,35.58000183105469,34.209999084472656,35.25,7.732646465301514,114600
2012-10-09,35.7400016784668,35.79999923706055,35.310001373291016,35.540000915527344,7.796262264251709,70500
2012-10-10,35.70000076293945,35.70000076293945,34.560001373291016,34.81999969482422,7.63831901550293,134300
2012-10-11,33.959999084472656,34.31999969482422,33.54999923706055,33.790000915527344,7.575545310974121,84300
2012-10-12,33.95000076293945,33.95000076293945,32.900001525878906,33.150001525878906,7.4320597648620605,72400
2012-10-15,33.45000076293945,33.63999938964844,33.150001525878906,33.18000030517578,7.438786029815674,96200
2012-10-16,33.43000030517578,33.43000030517578,32.75,32.779998779296875,7.3491082191467285,91800
2012-10-17,32.779998779296875,33.349998474121094,32.779998779296875,33.27000045776367,7.458963394165039,59200
2012-10-18,33.33000183105469,33.59000015258789,33.20000076293945,33.29999923706055,7.4656877517700195,42400
2012-10-19,33.4900016784668,33.4900016784668,32.75,32.88999938964844,7.373771667480469,79800
2012-10-22,32.939998626708984,32.939998626708984,32.11000061035156,32.220001220703125,7.2235589027404785,149200
2012-10-23,32.209999084472656,32.209999084472656,31.18000030517578,31.25,7.006087779998779,140200
2012-10-24,31.59000015258789,31.649999618530273,30.139999389648438,30.510000228881836,6.840184688568115,141400
2012-10-25,31.0,31.190000534057617,30.139999389648438,30.760000228881836,6.896234512329102,90900
2012-10-26,30.940000534057617,31.780000686645508,30.940000534057617,31.649999618530273,7.095768928527832,76500
2012-10-31,31.600000381469727,31.600000381469727,30.149999618530273,30.299999237060547,6.793103218078613,196800
2012-11-01,30.149999618530273,30.399999618530273,29.299999237060547,29.420000076293945,6.595812797546387,190000
2012-11-02,29.290000915527344,29.420000076293945,28.350000381469727,28.469999313354492,6.382826805114746,236900
2012-11-05,28.25,28.350000381469727,27.270000457763672,27.600000381469727,6.187779426574707,197200
2012-11-06,27.520000457763672,28.420000076293945,27.459999084472656,28.3799991607666,6.362650394439697,121800
2012-11-07,28.309999465942383,28.399999618530273,27.600000381469727,27.6299991607666,6.19450569152832,105400
2012-11-08,27.6200008392334,28.0,26.75,26.770000457763672,6.001698970794678,99200
2012-11-09,26.530000686645508,26.530000686645508,25.020000457763672,25.719999313354492,5.766292095184326,342800
2012-11-12,25.719999313354492,25.940000534057617,25.25,25.700000762939453,5.761809825897217,83700
2012-11-13,25.209999084472656,25.579999923706055,25.049999237060547,25.489999771118164,5.714725971221924,99600
2012-11-14,25.479999542236328,25.65999984741211,24.81999969482422,24.889999389648438,5.580210208892822,192700
2012-11-15,24.860000610351562,24.899999618530273,22.520000457763672,22.65999984741211,5.080255508422852,266200
2012-11-16,22.43000030517578,25.950000762939453,22.15999984741211,25.68000030517578,5.757325172424316,336200
2012-11-19,26.770000457763672,28.0,26.600000381469727,26.979999542236328,6.048779010772705,162800
2012-11-20,27.25,27.25,26.030000686645508,26.399999618530273,5.918745517730713,108300
2012-11-21,26.700000762939453,26.809999465942383,26.06999969482422,26.700000762939453,5.9860029220581055,52500
2012-11-23,27.0,27.219999313354492,26.719999313354492,27.09000015258789,6.073439598083496,15400
2012-11-26,27.139999389648438,27.93000030517578,27.010000228881836,27.600000381469727,6.187779426574707,76100
2012-11-27,27.6200008392334,27.889999389648438,27.34000015258789,27.65999984741211,6.201228618621826,76600
2012-11-28,27.530000686645508,27.8799991607666,27.100000381469727,27.399999618530273,6.142940044403076,79900
2012-11-29,27.399999618530273,27.600000381469727,26.610000610351562,26.81999969482422,6.0129075050354,70700
2012-11-30,26.899999618530273,27.229999542236328,26.639999389648438,27.15999984741211,6.089132308959961,42000
2012-12-03,27.15999984741211,27.40999984741211,26.700000762939453,26.75,5.997213840484619,59700
2012-12-04,26.739999771118164,26.969999313354492,25.299999237060547,25.5,5.716969966888428,74400
2012-12-05,25.100000381469727,25.489999771118164,24.8799991607666,25.040000915527344,5.613839149475098,84900
2012-12-06,24.84000015258789,24.959999084472656,24.299999237060547,24.5,5.492773532867432,93700
2012-12-07,24.56999969482422,24.969999313354492,24.219999313354492,24.899999618530273,5.582451343536377,83900
2012-12-10,24.8700008392334,25.59000015258789,24.8700008392334,25.110000610351562,5.6295342445373535,56500
2012-12-11,25.25,25.399999618530273,24.68000030517578,24.84000015258789,5.569000244140625,92700
2012-12-12,24.920000076293945,25.09000015258789,24.690000534057617,25.010000228881836,5.607113838195801,55900
2012-12-13,25.0,25.049999237060547,24.1299991607666,24.440000534057617,5.479322910308838,65700
2012-12-14,24.399999618530273,24.739999771118164,24.0,24.049999237060547,5.391886234283447,60400
2012-12-17,24.010000228881836,24.270000457763672,23.299999237060547,23.3799991607666,5.2416768074035645,114000
2012-12-18,23.329999923706055,24.290000915527344,23.25,23.889999389648438,5.356016635894775,90600
2012-12-19,23.889999389648438,24.5,23.299999237060547,24.34000015258789,5.456904411315918,91500
2012-12-20,24.299999237060547,24.389999389648438,24.0,24.15999984741211,5.416548252105713,61000
2012-12-21,23.65999984741211,24.049999237060547,23.510000228881836,23.780000686645508,5.33135461807251,56600
2012-12-24,23.600000381469727,23.75,23.25,23.309999465942383,5.225982666015625,49500
2012-12-26,23.299999237060547,23.299999237060547,22.549999237060547,22.75,5.100433826446533,132200
2012-12-27,22.649999618530273,22.959999084472656,22.579999923706055,22.649999618530273,5.0780134201049805,91300
2012-12-28,22.719999313354492,23.690000534057617,22.600000381469727,23.389999389648438,5.243918418884277,134300
2012-12-31,23.399999618530273,24.0,23.0,23.760000228881836,5.326868534088135,134700
2013-01-02,24.040000915527344,25.399999618530273,24.040000915527344,25.260000228881836,5.663161754608154,164900
2013-01-03,25.5,26.8700008392334,25.329999923706055,26.809999465942383,6.010664939880371,142400
2013-01-04,26.809999465942383,29.280000686645508,26.75,28.1200008392334,6.304359436035156,295100
2013-01-07,27.989999771118164,27.989999771118164,27.049999237060547,27.690000534057617,6.207957744598389,151400
2013-01-08,27.549999237060547,27.600000381469727,26.600000381469727,26.670000076293945,5.979277610778809,114400
2013-01-09,27.0,27.739999771118164,26.700000762939453,27.59000015258789,6.185534954071045,104300
2013-01-10,27.920000076293945,27.920000076293945,27.200000762939453,27.260000228881836,6.11155366897583,91300
2013-01-11,27.010000228881836,27.010000228881836,26.100000381469727,26.18000030517578,6.019581317901611,106400
2013-01-14,26.299999237060547,26.5,26.100000381469727,26.309999465942383,6.049472808837891,62900
2013-01-15,26.229999542236328,26.399999618530273,26.110000610351562,26.18000030517578,6.019581317901611,54700
2013-01-16,26.190000534057617,26.5,26.190000534057617,26.200000762939453,6.024178504943848,29600
2013-01-17,26.459999084472656,26.459999084472656,25.6299991607666,26.09000015258789,5.9988861083984375,119600
2013-01-18,26.010000228881836,26.290000915527344,25.829999923706055,26.110000610351562,6.003483295440674,59700
2013-01-22,26.290000915527344,26.969999313354492,26.25,26.8799991607666,6.180531024932861,107800
2013-01-23,26.969999313354492,26.969999313354492,26.15999984741211,26.209999084472656,6.026478290557861,70000
2013-01-24,26.200000762939453,26.5,26.0,26.190000534057617,6.02187967300415,67300
2013-01-25,26.469999313354492,26.600000381469727,26.15999984741211,26.290000915527344,6.0448713302612305,56900
2013-01-28,26.25,26.459999084472656,26.049999237060547,26.299999237060547,6.047171115875244,72500
2013-01-29,26.43000030517578,26.649999618530273,26.290000915527344,26.420000076293945,6.074764728546143,46600
2013-01-30,26.559999465942383,26.700000762939453,26.100000381469727,26.229999542236328,6.031077861785889,42000
2013-01-31,26.25,26.309999465942383,26.049999237060547,26.149999618530273,6.01268196105957,41100
2013-02-01,26.260000228881836,26.309999465942383,25.600000381469727,26.020000457763672,5.982789993286133,76800
2013-02-04,26.020000457763672,26.170000076293945,25.850000381469727,25.969999313354492,5.97129487991333,47000
2013-02-05,25.969999313354492,26.260000228881836,25.739999771118164,26.229999542236328,6.031077861785889,50300
2013-02-06,26.149999618530273,26.520000457763672,26.1200008392334,26.420000076293945,6.074764728546143,63800
2013-02-07,26.350000381469727,26.40999984741211,26.1299991607666,26.270000457763672,6.040274620056152,33400
2013-02-08,26.43000030517578,26.889999389648438,26.360000610351562,26.860000610351562,6.175933837890625,73300
2013-02-11,26.989999771118164,26.989999771118164,26.510000228881836,26.700000762939453,6.139142990112305,33500
2013-02-12,26.84000015258789,26.84000015258789,26.65999984741211,26.719999313354492,6.143742561340332,29200
2013-02-13,26.700000762939453,26.850000381469727,26.260000228881836,26.31999969482422,6.051769733428955,45700
2013-02-14,26.399999618530273,26.84000015258789,26.399999618530273,26.84000015258789,6.171334266662598,33100
2013-02-15,26.979999542236328,26.989999771118164,26.43000030517578,26.530000686645508,6.100055694580078,37300
2013-02-19,26.5,26.84000015258789,26.25,26.280000686645508,6.042575836181641,43000
2013-02-20,26.280000686645508,26.3799991607666,25.280000686645508,25.34000015258789,5.826438903808594,72800
2013-02-21,25.31999969482422,25.700000762939453,25.25,25.40999984741211,5.842532634735107,53900
2013-02-22,25.399999618530273,26.299999237060547,25.260000228881836,26.139999389648438,6.010383605957031,56100
2013-02-25,26.469999313354492,26.549999237060547,26.110000610351562,26.18000030517578,6.019581317901611,36000
2013-02-26,26.18000030517578,26.450000762939453,26.100000381469727,26.350000381469727,6.0586676597595215,16300
2013-02-27,26.299999237060547,26.6299991607666,26.299999237060547,26.540000915527344,6.102354049682617,19600
2013-02-28,26.549999237060547,26.700000762939453,26.440000534057617,26.440000534057617,6.0793609619140625,34700
2013-03-01,26.31999969482422,26.489999771118164,26.25,26.280000686645508,6.042575836181641,33600
2013-03-04,26.15999984741211,26.3799991607666,26.010000228881836,26.06999969482422,5.994287490844727,35700
2013-03-05,26.030000686645508,26.3700008392334,26.010000228881836,26.100000381469727,6.001186370849609,49600
2013-03-06,26.149999618530273,26.610000610351562,26.100000381469727,26.5,6.093156337738037,35400
2013-03-07,26.6299991607666,27.450000762939453,26.510000228881836,27.329999923706055,6.284000873565674,67700
2013-03-08,27.299999237060547,27.389999389648438,27.010000228881836,27.1200008392334,6.235714912414551,37200
2013-03-11,27.1200008392334,27.59000015258789,27.1200008392334,27.559999465942383,6.33688497543335,42100
2013-03-12,27.59000015258789,27.950000762939453,27.40999984741211,27.8799991607666,6.410463333129883,44500
2013-03-13,27.969999313354492,28.100000381469727,27.510000228881836,27.670000076293945,6.362176895141602,28200
2013-03-14,27.770000457763672,27.93000030517578,27.559999465942383,27.709999084472656,6.371373176574707,29100
2013-03-15,27.75,27.90999984741211,27.549999237060547,27.649999618530273,6.357578754425049,27900
2013-03-18,27.610000610351562,27.760000228881836,27.399999618530273,27.530000686645508,6.3299880027771,42100
2013-03-19,28.0,28.0,27.559999465942383,27.8700008392334,6.408163070678711,74700
2013-03-20,27.860000610351562,28.0,27.600000381469727,27.75,6.380571365356445,34100
2013-03-21,27.75,27.75,27.549999237060547,27.68000030517578,6.364477157592773,20100
2013-03-22,27.649999618530273,28.100000381469727,27.649999618530273,28.059999465942383,6.451850414276123,37700
2013-03-25,28.0,28.239999771118164,27.850000381469727,28.200000762939453,6.484038829803467,39900
2013-03-26,28.0,28.43000030517578,27.760000228881836,28.3799991607666,6.525427341461182,59100
2013-03-27,28.010000228881836,28.479999542236328,28.010000228881836,28.299999237060547,6.5070319175720215,34200
2013-03-28,28.149999618530273,28.479999542236328,28.030000686645508,28.34000015258789,6.516231060028076,37900
2013-04-01,28.450000762939453,28.979999542236328,28.399999618530273,28.780000686645508,6.6173996925354,56600
2013-04-02,29.0,29.25,28.809999465942383,28.950000762939453,6.656486988067627,80300
2013-04-03,29.1200008392334,29.1200008392334,27.799999237060547,27.979999542236328,6.433454513549805,45600
2013-04-04,28.0,28.1200008392334,27.15999984741211,27.290000915527344,6.274802207946777,54600
2013-04-05,27.100000381469727,27.3700008392334,26.299999237060547,27.239999771118164,6.263306617736816,66600
2013-04-08,27.65999984741211,28.5,27.59000015258789,28.15999984741211,6.474842071533203,109400
2013-04-09,29.0,29.889999389648438,28.350000381469727,29.420000076293945,6.764554500579834,175600
2013-04-10,29.600000381469727,30.0,29.329999923706055,29.549999237060547,6.794445037841797,153700
2013-04-11,29.030000686645508,29.030000686645508,28.15999984741211,28.219999313354492,6.685470104217529,99000
2013-04-12,28.15999984741211,28.450000762939453,27.25,27.68000030517578,6.5575408935546875,77000
2013-04-15,28.049999237060547,28.200000762939453,26.149999618530273,26.3700008392334,6.247194766998291,123700
2013-04-16,26.479999542236328,27.829999923706055,26.420000076293945,27.56999969482422,6.531479358673096,99200
2013-04-17,27.600000381469727,27.610000610351562,26.770000457763672,26.8799991607666,6.368016242980957,37100
2013-04-18,27.100000381469727,27.18000030517578,26.510000228881836,26.950000762939453,6.3846001625061035,26700
2013-04-19,27.059999465942383,27.280000686645508,26.729999542236328,27.100000381469727,6.420135498046875,40100
2013-04-22,27.100000381469727,28.0,27.0,27.59000015258789,6.536218166351318,53000
2013-04-23,27.940000534057617,27.940000534057617,27.65999984741211,27.850000381469727,6.597814559936523,40800
2013-04-24,27.850000381469727,28.350000381469727,27.770000457763672,28.350000381469727,6.716268062591553,53300
2013-04-25,28.549999237060547,28.940000534057617,27.850000381469727,28.0,6.6333489418029785,90800
2013-04-26,28.110000610351562,28.110000610351562,27.299999237060547,27.670000076293945,6.555172443389893,66300
2013-04-29,27.709999084472656,27.899999618530273,27.299999237060547,27.31999969482422,6.472256183624268,94800
2013-04-30,27.299999237060547,27.31999969482422,26.940000534057617,27.209999084472656,6.446195125579834,66800
2013-05-01,27.09000015258789,27.290000915527344,26.469999313354492,27.110000610351562,6.4225053787231445,49900
2013-05-02,26.940000534057617,27.5,26.940000534057617,27.239999771118164,6.453303813934326,57600
2013-05-03,27.350000381469727,27.829999923706055,27.270000457763672,27.360000610351562,6.48173189163208,47900
2013-05-06,27.31999969482422,27.75,27.030000686645508,27.110000610351562,6.4225053787231445,56000
2013-05-07,27.280000686645508,27.68000030517578,27.040000915527344,27.290000915527344,6.465147495269775,56600
2013-05-08,27.3700008392334,27.829999923706055,27.350000381469727,27.829999923706055,6.593074798583984,46000
2013-05-09,28.0,28.3799991607666,27.899999618530273,28.049999237060547,6.645195960998535,41200
2013-05-10,28.34000015258789,28.34000015258789,27.770000457763672,27.8700008392334,6.602552890777588,27000
2013-05-13,27.84000015258789,28.209999084472656,27.600000381469727,27.979999542236328,6.6286115646362305,63500
2013-05-14,27.979999542236328,28.149999618530273,27.729999542236328,28.049999237060547,6.645195960998535,58900
2013-05-15,28.139999389648438,28.139999389648438,27.700000762939453,27.93000030517578,6.616766929626465,38300
2013-05-16,27.93000030517578,27.989999771118164,27.280000686645508,27.940000534057617,6.619134426116943,70300
2013-05-17,27.950000762939453,28.0,27.700000762939453,27.989999771118164,6.630979537963867,35600
2013-05-20,28.0,28.34000015258789,27.950000762939453,28.200000762939453,6.680731296539307,33100
2013-05-21,28.170000076293945,28.200000762939453,27.90999984741211,27.93000030517578,6.616766929626465,31000
2013-05-22,28.020000457763672,28.489999771118164,27.610000610351562,27.809999465942383,6.588337421417236,63800
2013-05-23,27.75,28.229999542236328,27.5,27.770000457763672,6.578860282897949,42400
2013-05-24,27.739999771118164,28.0,27.709999084472656,27.790000915527344,6.583601951599121,17000
2013-05-28,28.049999237060547,28.25,27.93000030517578,28.190000534057617,6.67836332321167,42900
2013-05-29,28.200000762939453,28.31999969482422,28.020000457763672,28.25,6.692577838897705,23600
2013-05-30,28.299999237060547,28.309999465942383,27.6299991607666,27.670000076293945,6.555172443389893,51500
2013-05-31,27.719999313354492,27.899999618530273,27.420000076293945,27.420000076293945,6.495945453643799,63400
2013-06-03,27.389999389648438,27.700000762939453,27.25,27.40999984741211,6.493575572967529,31600
2013-06-04,27.56999969482422,27.829999923706055,27.420000076293945,27.739999771118164,6.5717549324035645,23100
2013-06-05,27.670000076293945,28.280000686645508,27.489999771118164,27.959999084472656,6.623872756958008,75000
2013-06-06,28.06999969482422,28.25,27.610000610351562,28.100000381469727,6.657040596008301,28700
2013-06-07,28.170000076293945,28.459999084472656,28.040000915527344,28.459999084472656,6.742326259613037,29200
2013-06-10,28.5,29.329999923706055,28.5,28.610000610351562,6.777860641479492,78100
2013-06-11,28.389999389648438,28.809999465942383,28.360000610351562,28.3700008392334,6.721006393432617,17300
2013-06-12,28.760000228881836,28.760000228881836,28.100000381469727,28.170000076293945,6.673623561859131,27000
2013-06-13,28.030000686645508,28.68000030517578,28.020000457763672,28.610000610351562,6.777860641479492,33100
2013-06-14,28.780000686645508,28.8700008392334,28.200000762939453,28.440000534057617,6.737588882446289,37500
2013-06-17,28.850000381469727,29.579999923706055,28.690000534057617,29.479999542236328,6.983969688415527,61700
2013-06-18,29.600000381469727,30.139999389648438,29.209999084472656,30.049999237060547,7.119006156921387,72600
2013-06-19,30.020000457763672,32.31999969482422,30.020000457763672,31.790000915527344,7.531219959259033,276100
2013-06-20,31.5,31.850000381469727,29.360000610351562,29.719999313354492,7.040826797485352,172400
2013-06-21,29.899999618530273,30.56999969482422,29.5,30.0,7.107158660888672,49200
2013-06-24,30.0,30.079999923706055,28.5,29.489999771118164,6.986338138580322,48700
2013-06-25,29.700000762939453,30.040000915527344,29.309999465942383,29.979999542236328,7.102422714233398,33400
2013-06-26,30.149999618530273,30.979999542236328,30.139999389648438,30.920000076293945,7.3251142501831055,43300
2013-06-27,31.0,31.5,30.950000762939453,31.139999389648438,7.377232551574707,65400
2013-06-28,31.200000762939453,31.489999771118164,31.139999389648438,31.399999618530273,7.43882942199707,48300
2013-07-01,31.81999969482422,32.599998474121094,31.389999389648438,31.81999969482422,7.538329124450684,82100
2013-07-02,32.29999923706055,32.5,30.6299991607666,31.079999923706055,7.363020420074463,86000
2013-07-03,31.100000381469727,31.190000534057617,30.25,30.389999389648438,7.199554443359375,48200
2013-07-05,30.5,31.329999923706055,30.3700008392334,31.290000915527344,7.412768840789795,46000
2013-07-08,31.399999618530273,31.479999542236328,30.799999237060547,31.190000534057617,7.3890790939331055,140600
2013-07-09,31.5,32.0,31.209999084472656,31.920000076293945,7.562017917633057,61300
2013-07-10,32.04999923706055,32.04999923706055,31.1200008392334,31.479999542236328,7.45778226852417,73000
2013-07-11,30.309999465942383,30.579999923706055,29.959999084472656,30.139999389648438,7.3003411293029785,70400
2013-07-12,29.780000686645508,30.049999237060547,29.31999969482422,29.530000686645508,7.152591705322266,129900
2013-07-15,29.549999237060547,29.920000076293945,29.100000381469727,29.25,7.084770202636719,40200
2013-07-16,29.09000015258789,29.1299991607666,27.790000915527344,28.520000457763672,6.907954216003418,118400
2013-07-17,28.31999969482422,28.489999771118164,28.010000228881836,28.170000076293945,6.823178291320801,53500
2013-07-18,28.200000762939453,28.399999618530273,28.049999237060547,28.350000381469727,6.866779327392578,40200
2013-07-19,28.079999923706055,28.299999237060547,27.59000015258789,27.950000762939453,6.769892692565918,57100
2013-07-22,27.959999084472656,28.200000762939453,27.799999237060547,28.0,6.782004356384277,30800
2013-07-23,28.200000762939453,28.200000762939453,27.65999984741211,27.8799991607666,6.75293493270874,40100
2013-07-24,27.850000381469727,27.850000381469727,27.299999237060547,27.329999923706055,6.619718551635742,27900
2013-07-25,27.5,27.739999771118164,27.360000610351562,27.5,6.660896301269531,41900
2013-07-26,27.530000686645508,28.1200008392334,27.530000686645508,27.969999313354492,6.774734973907471,46400
2013-07-29,28.049999237060547,28.110000610351562,27.75,27.8799991607666,6.75293493270874,23500
2013-07-30,28.079999923706055,28.09000015258789,27.75,27.760000228881836,6.72387170791626,20300
2013-07-31,27.790000915527344,27.899999618530273,27.719999313354492,27.75,6.7214484214782715,50400
2013-08-01,28.1200008392334,28.270000457763672,27.860000610351562,28.229999542236328,6.837713241577148,39400
2013-08-02,28.149999618530273,28.34000015258789,27.989999771118164,28.1299991607666,6.813490867614746,28500
2013-08-05,28.100000381469727,28.350000381469727,27.93000030517578,28.309999465942383,6.857089996337891,52000
2013-08-06,28.059999465942383,28.31999969482422,27.979999542236328,28.0,6.782004356384277,28100
2013-08-07,27.850000381469727,28.1200008392334,27.5,27.65999984741211,6.699650287628174,50300
2013-08-08,27.979999542236328,28.040000915527344,27.65999984741211,27.780000686645508,6.728716850280762,30300
2013-08-09,27.559999465942383,27.6299991607666,27.299999237060547,27.459999084472656,6.651205539703369,21500
2013-08-12,27.200000762939453,27.34000015258789,26.760000228881836,26.809999465942383,6.493767261505127,42800
2013-08-13,26.75,26.799999237060547,26.65999984741211,26.709999084472656,6.469545841217041,18900
2013-08-14,26.809999465942383,28.0,26.6200008392334,26.770000457763672,6.484077453613281,29400
2013-08-15,26.6200008392334,26.920000076293945,26.200000762939453,26.530000686645508,6.425946235656738,73100
2013-08-16,26.350000381469727,26.93000030517578,26.209999084472656,26.719999313354492,6.47196626663208,40100
2013-08-19,26.510000228881836,26.950000762939453,26.40999984741211,26.489999771118164,6.416256904602051,34000
2013-08-20,26.489999771118164,26.940000534057617,26.360000610351562,26.700000762939453,6.467123985290527,42700
2013-08-21,26.770000457763672,27.0,26.280000686645508,26.899999618530273,6.515564918518066,42500
2013-08-22,26.690000534057617,27.579999923706055,26.690000534057617,27.309999465942383,6.6148762702941895,27300
2013-08-23,27.59000015258789,27.81999969482422,27.31999969482422,27.469999313354492,6.653629302978516,27700
2013-08-26,27.68000030517578,27.84000015258789,27.280000686645508,27.40999984741211,6.639098167419434,46700
2013-08-27,27.020000457763672,28.43000030517578,27.020000457763672,28.030000686645508,6.789270401000977,81900
2013-08-28,28.18000030517578,28.360000610351562,27.84000015258789,28.209999084472656,6.832867622375488,49600
2013-08-29,28.110000610351562,29.0,28.049999237060547,28.829999923706055,6.983038902282715,56700
2013-08-30,28.600000381469727,28.829999923706055,28.149999618530273,28.209999084472656,6.832867622375488,36300
2013-09-03,28.100000381469727,28.649999618530273,27.270000457763672,27.440000534057617,6.646364212036133,57300
2013-09-04,27.450000762939453,27.700000762939453,27.299999237060547,27.299999237060547,6.612452030181885,47200
2013-09-05,27.299999237060547,27.56999969482422,27.299999237060547,27.329999923706055,6.619718551635742,35300
2013-09-06,27.450000762939453,27.510000228881836,27.299999237060547,27.309999465942383,6.6148762702941895,30000
2013-09-09,27.06999969482422,27.489999771118164,27.06999969482422,27.260000228881836,6.602764129638672,35200
2013-09-10,27.260000228881836,27.469999313354492,26.65999984741211,26.8799991607666,6.510721683502197,57700
2013-09-11,26.989999771118164,27.389999389648438,26.8700008392334,27.34000015258789,6.622140407562256,25300
2013-09-12,27.489999771118164,28.270000457763672,27.280000686645508,27.760000228881836,6.72387170791626,31200
2013-09-13,27.799999237060547,28.520000457763672,27.700000762939453,28.520000457763672,6.907954216003418,45400
2013-09-16,28.440000534057617,28.75,28.170000076293945,28.729999542236328,6.958819389343262,44600
2013-09-17,28.459999084472656,28.959999084472656,28.389999389648438,28.690000534057617,6.949130058288574,24600
2013-09-18,28.520000457763672,29.280000686645508,28.520000457763672,29.049999237060547,7.036327362060547,31500
2013-09-19,29.25,29.479999542236328,28.959999084472656,29.139999389648438,7.058126926422119,40800
2013-09-20,29.200000762939453,29.209999084472656,28.549999237060547,28.850000381469727,6.987885475158691,27500
2013-09-23,28.850000381469727,29.5,28.850000381469727,29.399999618530273,7.121102333068848,57600
2013-09-24,29.3799991607666,29.450000762939453,29.010000228881836,29.309999465942383,7.09930419921875,52800
2013-09-25,29.1200008392334,29.360000610351562,29.010000228881836,29.209999084472656,7.075084209442139,24500
2013-09-26,29.350000381469727,29.5,29.09000015258789,29.5,7.145323276519775,27400
2013-09-27,29.5,29.540000915527344,28.8799991607666,29.450000762939453,7.133212566375732,45000
2013-09-30,29.1200008392334,29.270000457763672,28.100000381469727,29.270000457763672,7.089616775512695,42000
2013-10-01,29.100000381469727,29.649999618530273,28.899999618530273,29.43000030517578,7.128367900848389,26500
2013-10-02,29.510000228881836,29.8799991607666,29.399999618530273,29.639999389648438,7.179231643676758,37900
2013-10-03,29.649999618530273,29.850000381469727,29.0,29.010000228881836,7.026638984680176,21400
2013-10-04,29.040000915527344,29.56999969482422,29.040000915527344,29.190000534057617,7.070239067077637,27200
2013-10-07,29.639999389648438,30.219999313354492,29.510000228881836,29.739999771118164,7.203455924987793,91500
2013-10-08,29.690000534057617,30.100000381469727,29.25,30.030000686645508,7.273698806762695,196400
2013-10-09,30.100000381469727,30.56999969482422,29.34000015258789,29.5,7.145323276519775,99700
2013-10-10,28.75,28.84000015258789,27.760000228881836,28.489999771118164,7.137811183929443,68400
2013-10-11,28.34000015258789,28.600000381469727,28.049999237060547,28.3799991607666,7.110250949859619,37200
2013-10-14,28.049999237060547,28.239999771118164,27.920000076293945,28.010000228881836,7.017548561096191,34700
2013-10-15,27.530000686645508,27.700000762939453,27.139999389648438,27.139999389648438,6.799582004547119,82000
2013-10-16,27.010000228881836,27.270000457763672,26.75,26.770000457763672,6.706884860992432,98000
2013-10-17,26.489999771118164,27.899999618530273,26.25,27.719999313354492,6.9448933601379395,52900
2013-10-18,27.540000915527344,27.899999618530273,27.450000762939453,27.770000457763672,6.957420349121094,20900
2013-10-21,27.760000228881836,27.950000762939453,27.25,27.479999542236328,6.884765625,27500
2013-10-22,27.739999771118164,27.739999771118164,27.280000686645508,27.40999984741211,6.867228031158447,26100
2013-10-23,27.270000457763672,27.290000915527344,26.760000228881836,27.030000686645508,6.772024154663086,44200
2013-10-24,27.190000534057617,27.93000030517578,27.0,27.420000076293945,6.869732856750488,60800
2013-10-25,27.989999771118164,27.989999771118164,27.010000228881836,27.15999984741211,6.804593563079834,40400
2013-10-28,27.09000015258789,27.360000610351562,26.600000381469727,26.600000381469727,6.664291858673096,45300
2013-10-29,27.049999237060547,27.190000534057617,26.690000534057617,27.1299991607666,6.797078609466553,35200
2013-10-30,27.219999313354492,27.299999237060547,26.860000610351562,27.059999465942383,6.779539108276367,40700
2013-10-31,27.059999465942383,27.459999084472656,27.0,27.170000076293945,6.807098388671875,34900
2013-11-01,27.200000762939453,27.34000015258789,26.81999969482422,27.31999969482422,6.844679355621338,28500
2013-11-04,27.200000762939453,27.469999313354492,27.049999237060547,27.149999618530273,6.802087783813477,31800
2013-11-05,27.110000610351562,27.299999237060547,27.049999237060547,27.280000686645508,6.834658622741699,13900
2013-11-06,27.290000915527344,27.5,27.110000610351562,27.40999984741211,6.867228031158447,16300
2013-11-07,27.190000534057617,27.43000030517578,27.040000915527344,27.139999389648438,6.799582004547119,25700
2013-11-08,27.139999389648438,27.34000015258789,27.040000915527344,27.200000762939453,6.814613342285156,18800
2013-11-11,27.1200008392334,27.350000381469727,27.110000610351562,27.15999984741211,6.804593563079834,28000
2013-11-12,27.139999389648438,27.229999542236328,27.100000381469727,27.110000610351562,6.792065620422363,20700
2013-11-13,27.200000762939453,27.5,27.100000381469727,27.389999389648438,6.862217903137207,25900
2013-11-14,27.270000457763672,27.790000915527344,27.270000457763672,27.739999771118164,6.949904441833496,17800
2013-11-15,27.899999618530273,27.899999618530273,27.469999313354492,27.600000381469727,6.914830207824707,23300
2013-11-18,27.75,27.75,27.100000381469727,27.149999618530273,6.802087783813477,31800
2013-11-19,27.190000534057617,27.389999389648438,27.049999237060547,27.110000610351562,6.792065620422363,19100
2013-11-20,27.049999237060547,27.329999923706055,27.040000915527344,27.1200008392334,6.794571399688721,21800
2013-11-21,27.34000015258789,27.34000015258789,27.040000915527344,27.200000762939453,6.814613342285156,35700
2013-11-22,27.110000610351562,27.399999618530273,27.100000381469727,27.389999389648438,6.862217903137207,19500
2013-11-25,27.25,27.31999969482422,26.959999084472656,27.0,6.764508247375488,49700
2013-11-26,27.0,27.239999771118164,26.84000015258789,26.920000076293945,6.74446439743042,15100
2013-11-27,26.920000076293945,26.969999313354492,26.479999542236328,26.479999542236328,6.634228706359863,53400
2013-11-29,26.770000457763672,26.860000610351562,26.540000915527344,26.610000610351562,6.666800022125244,8700
2013-12-02,26.600000381469727,27.100000381469727,26.559999465942383,26.760000228881836,6.704379081726074,45600
2013-12-03,26.649999618530273,27.209999084472656,26.0,26.1200008392334,6.544034004211426,58000
2013-12-04,26.200000762939453,27.350000381469727,26.200000762939453,27.0,6.764508247375488,48600
2013-12-05,26.75,26.969999313354492,26.399999618530273,26.5,6.639237880706787,28800
2013-12-06,27.0,27.0,26.1299991607666,26.350000381469727,6.601658344268799,30000
2013-12-09,26.15999984741211,26.3799991607666,26.100000381469727,26.100000381469727,6.5390238761901855,31500
2013-12-10,26.100000381469727,26.1299991607666,26.010000228881836,26.079999923706055,6.534012794494629,34000
2013-12-11,26.010000228881836,26.110000610351562,25.280000686645508,25.350000381469727,6.351121425628662,54700
2013-12-12,25.190000534057617,25.25,24.049999237060547,25.049999237060547,6.275959491729736,118400
2013-12-13,25.209999084472656,25.260000228881836,24.510000228881836,24.510000228881836,6.14066743850708,41500
2013-12-16,24.399999618530273,24.510000228881836,24.09000015258789,24.100000381469727,6.037948131561279,67500
2013-12-17,24.100000381469727,24.700000762939453,24.100000381469727,24.600000381469727,6.163219451904297,39500
2013-12-18,24.440000534057617,24.979999542236328,24.280000686645508,24.979999542236328,6.258423328399658,28500
2013-12-19,24.809999465942383,24.8700008392334,24.649999618530273,24.790000915527344,6.210819244384766,21500
2013-12-20,24.649999618530273,24.959999084472656,24.40999984741211,24.700000762939453,6.1882710456848145,38800
2013-12-23,24.709999084472656,24.899999618530273,24.229999542236328,24.270000457763672,6.080539703369141,73600
2013-12-24,24.5,24.530000686645508,23.860000610351562,23.860000610351562,5.977822303771973,74300
2013-12-26,23.739999771118164,24.06999969482422,23.5,23.739999771118164,5.947755336761475,92400
2013-12-27,23.649999618530273,24.100000381469727,23.6299991607666,23.829999923706055,5.9703049659729,57900
2013-12-30,24.1200008392334,24.93000030517578,23.84000015258789,24.579999923706055,6.158207893371582,115100
2013-12-31,24.280000686645508,24.399999618530273,23.75,23.760000228881836,5.952766418457031,143400
2014-01-02,23.690000534057617,23.920000076293945,23.110000610351562,23.389999389648438,5.8600687980651855,103300
2014-01-03,23.280000686645508,23.90999984741211,23.229999542236328,23.459999084472656,5.877607345581055,63300
2014-01-06,23.65999984741211,24.5,23.540000915527344,24.450000762939453,6.125638484954834,82000
2014-01-07,24.719999313354492,24.899999618530273,24.5,24.850000381469727,6.225851058959961,61900
2014-01-08,25.799999237060547,25.799999237060547,25.020000457763672,25.270000457763672,6.331077575683594,101000
2014-01-09,25.450000762939453,25.530000686645508,24.600000381469727,25.010000228881836,6.265939712524414,99000
2014-01-10,25.149999618530273,25.3799991607666,24.90999984741211,25.260000228881836,6.328573226928711,169700
2014-01-13,24.299999237060547,24.799999237060547,24.040000915527344,24.260000228881836,6.28453254699707,124800
2014-01-14,24.270000457763672,24.440000534057617,24.200000762939453,24.329999923706055,6.302667140960693,41200
2014-01-15,24.350000381469727,24.350000381469727,23.719999313354492,23.719999313354492,6.144647121429443,58400
2014-01-16,23.729999542236328,24.700000762939453,23.469999313354492,24.510000228881836,6.349294662475586,164400
2014-01-17,24.8700008392334,25.0,23.84000015258789,23.899999618530273,6.1912760734558105,123600
2014-01-21,23.84000015258789,24.549999237060547,23.84000015258789,24.360000610351562,6.310439586639404,62200
2014-01-22,24.5,24.639999389648438,24.399999618530273,24.5,6.346704959869385,24200
2014-01-23,24.610000610351562,24.610000610351562,24.25,24.420000076293945,6.325982093811035,37000
2014-01-24,24.540000915527344,24.540000915527344,24.040000915527344,24.270000457763672,6.2871246337890625,51000
2014-01-27,24.139999389648438,24.440000534057617,23.969999313354492,23.969999313354492,6.209410190582275,53000
2014-01-28,23.920000076293945,24.149999618530273,23.90999984741211,24.06999969482422,6.23531436920166,50500
2014-01-29,24.06999969482422,24.229999542236328,23.420000076293945,23.440000534057617,6.072115421295166,68500
2014-01-30,23.469999313354492,24.0,23.469999313354492,23.860000610351562,6.180914878845215,23600
2014-01-31,23.860000610351562,23.860000610351562,23.5,23.559999465942383,6.103198528289795,35400
2014-02-03,23.75,23.940000534057617,23.559999465942383,23.610000610351562,6.116153717041016,21000
2014-02-04,23.829999923706055,23.959999084472656,23.260000228881836,23.549999237060547,6.100609302520752,42000
2014-02-05,23.540000915527344,23.549999237060547,23.25,23.290000915527344,6.033257961273193,39900
2014-02-06,23.290000915527344,23.290000915527344,22.760000228881836,23.079999923706055,5.978855609893799,109800
2014-02-07,23.0,23.6299991607666,22.899999618530273,23.389999389648438,6.059162139892578,60600
2014-02-10,23.170000076293945,23.649999618530273,23.059999465942383,23.469999313354492,6.079885959625244,46600
2014-02-11,23.309999465942383,23.639999389648438,23.309999465942383,23.559999465942383,6.103198528289795,22100
2014-02-12,23.600000381469727,23.639999389648438,23.459999084472656,23.6200008392334,6.118743419647217,38400
2014-02-13,23.6299991607666,23.93000030517578,23.5,23.639999389648438,6.123923301696777,67600
2014-02-14,23.770000457763672,23.770000457763672,23.5,23.530000686645508,6.095428943634033,25600
2014-02-18,23.68000030517578,23.950000762939453,23.540000915527344,23.65999984741211,6.129104137420654,49100
2014-02-19,23.549999237060547,23.93000030517578,23.329999923706055,23.459999084472656,6.077295780181885,42100
2014-02-20,23.360000610351562,23.809999465942383,23.329999923706055,23.739999771118164,6.1498284339904785,33700
2014-02-21,23.729999542236328,23.940000534057617,23.6200008392334,23.850000381469727,6.178325176239014,37600
2014-02-24,23.850000381469727,24.34000015258789,23.770000457763672,24.040000915527344,6.227541923522949,57700
2014-02-25,23.899999618530273,23.90999984741211,23.579999923706055,23.649999618530273,6.126513957977295,33200
2014-02-26,23.649999618530273,23.8799991607666,23.200000762939453,23.219999313354492,6.015122890472412,53900
2014-02-27,23.200000762939453,23.440000534057617,23.149999618530273,23.34000015258789,6.046209335327148,24300
2014-02-28,23.200000762939453,23.709999084472656,23.100000381469727,23.549999237060547,6.100609302520752,32300
2014-03-03,23.690000534057617,24.420000076293945,23.649999618530273,24.200000762939453,6.268991470336914,60200
2014-03-04,24.200000762939453,24.399999618530273,24.100000381469727,24.25,6.281944274902344,30600
2014-03-05,24.34000015258789,24.950000762939453,24.1299991607666,24.760000228881836,6.414058685302734,90700
2014-03-06,24.760000228881836,24.899999618530273,24.200000762939453,24.459999084472656,6.336342811584473,37400
2014-03-07,24.3700008392334,24.520000457763672,24.079999923706055,24.31999969482422,6.300075531005859,21500
2014-03-10,24.290000915527344,24.440000534057617,24.079999923706055,24.389999389648438,6.318210124969482,10800
2014-03-11,24.709999084472656,24.709999084472656,24.079999923706055,24.079999923706055,6.237903594970703,18100
2014-03-12,24.0,24.299999237060547,24.0,24.010000228881836,6.219771862030029,19300
2014-03-13,23.979999542236328,23.979999542236328,23.75,23.770000457763672,6.157599925994873,22600
2014-03-14,23.700000762939453,24.280000686645508,23.700000762939453,24.190000534057617,6.266400337219238,33600
2014-03-17,24.200000762939453,24.469999313354492,24.190000534057617,24.350000381469727,6.307848930358887,13800
2014-03-18,24.280000686645508,24.469999313354492,24.280000686645508,24.43000030517578,6.328571319580078,16200
2014-03-19,24.18000030517578,24.709999084472656,24.09000015258789,24.34000015258789,6.305259704589844,43300
2014-03-20,24.350000381469727,24.459999084472656,24.15999984741211,24.459999084472656,6.336342811584473,13000
2014-03-21,24.290000915527344,24.420000076293945,24.15999984741211,24.299999237060547,6.294897079467773,25900
2014-03-24,24.31999969482422,24.389999389648438,24.049999237060547,24.1299991607666,6.250857353210449,35700
2014-03-25,24.15999984741211,24.299999237060547,24.010000228881836,24.190000534057617,6.266400337219238,17100
2014-03-26,24.200000762939453,24.489999771118164,24.010000228881836,24.3700008392334,6.313028812408447,32000
2014-03-27,24.239999771118164,24.530000686645508,24.209999084472656,24.450000762939453,6.333754539489746,21600
2014-03-28,24.549999237060547,24.8799991607666,24.549999237060547,24.84000015258789,6.434782028198242,46300
2014-03-31,24.850000381469727,25.209999084472656,24.84000015258789,25.149999618530273,6.51508903503418,69600
2014-04-01,25.25,25.3799991607666,24.90999984741211,25.3799991607666,6.574668884277344,40200
2014-04-02,25.3799991607666,25.3799991607666,25.010000228881836,25.290000915527344,6.55135440826416,36800
2014-04-03,25.239999771118164,25.299999237060547,25.100000381469727,25.15999984741211,6.517678260803223,18700
2014-04-04,25.239999771118164,25.299999237060547,25.030000686645508,25.149999618530273,6.51508903503418,34800
2014-04-07,25.260000228881836,25.75,25.260000228881836,25.700000762939453,6.657565116882324,77500
2014-04-08,25.899999618530273,26.56999969482422,25.65999984741211,26.549999237060547,6.877758502960205,111500
2014-04-09,26.610000610351562,26.639999389648438,26.260000228881836,26.350000381469727,6.8259477615356445,114900
2014-04-10,26.399999618530273,26.510000228881836,26.030000686645508,26.459999084472656,6.854439735412598,80600
2014-04-11,25.440000534057617,25.450000762939453,24.6200008392334,25.18000030517578,6.74725866317749,55400
2014-04-14,25.200000762939453,25.420000076293945,25.0,25.1200008392334,6.731180191040039,37300
2014-04-15,25.100000381469727,25.270000457763672,24.84000015258789,24.84000015258789,6.656148910522461,46800
2014-04-16,25.200000762939453,25.200000762939453,24.709999084472656,24.780000686645508,6.640073299407959,37900
2014-04-17,24.65999984741211,25.110000610351562,24.5,24.940000534057617,6.682945728302002,26300
2014-04-21,25.010000228881836,25.139999389648438,24.670000076293945,24.979999542236328,6.693665504455566,36600
2014-04-22,25.239999771118164,25.450000762939453,25.06999969482422,25.18000030517578,6.74725866317749,43200
2014-04-23,25.280000686645508,25.350000381469727,25.0,25.020000457763672,6.704383373260498,26000
2014-04-24,25.149999618530273,25.290000915527344,25.049999237060547,25.260000228881836,6.7686944007873535,24200
2014-04-25,25.34000015258789,25.399999618530273,25.149999618530273,25.389999389648438,6.803529262542725,29000
2014-04-28,25.440000534057617,25.760000228881836,25.25,25.5,6.833004951477051,61400
2014-04-29,25.549999237060547,25.700000762939453,25.3700008392334,25.450000762939453,6.819605827331543,29300
2014-04-30,25.31999969482422,25.68000030517578,25.209999084472656,25.450000762939453,6.819605827331543,32500
2014-05-01,25.559999465942383,25.600000381469727,25.31999969482422,25.600000381469727,6.859801292419434,22600
2014-05-02,25.600000381469727,25.649999618530273,25.350000381469727,25.40999984741211,6.808888912200928,42500
2014-05-05,25.350000381469727,25.350000381469727,24.979999542236328,24.989999771118164,6.696344375610352,52000
2014-05-06,24.979999542236328,25.079999923706055,24.799999237060547,24.899999618530273,6.672229290008545,32000
2014-05-07,24.81999969482422,25.0,24.75,24.889999389648438,6.669550895690918,25400
2014-05-08,25.34000015258789,25.34000015258789,24.510000228881836,24.559999465942383,6.581121921539307,28100
2014-05-09,24.639999389648438,24.639999389648438,23.90999984741211,24.09000015258789,6.455180644989014,64600
2014-05-12,24.15999984741211,24.56999969482422,24.1200008392334,24.479999542236328,6.559685707092285,37700
2014-05-13,24.3799991607666,24.649999618530273,24.190000534057617,24.299999237060547,6.5114521980285645,29800
2014-05-14,24.329999923706055,24.639999389648438,24.31999969482422,24.459999084472656,6.554325103759766,25800
2014-05-15,24.350000381469727,24.450000762939453,24.260000228881836,24.350000381469727,6.524850845336914,21300
2014-05-16,24.309999465942383,24.479999542236328,24.309999465942383,24.31999969482422,6.516811370849609,16000
2014-05-19,24.360000610351562,24.93000030517578,24.360000610351562,24.649999618530273,6.605238437652588,37200
2014-05-20,24.719999313354492,24.899999618530273,24.610000610351562,24.790000915527344,6.642752647399902,16200
2014-05-21,24.8700008392334,24.8700008392334,24.68000030517578,24.829999923706055,6.653470993041992,28300
2014-05-22,24.729999542236328,24.8799991607666,24.729999542236328,24.829999923706055,6.653470993041992,30200
2014-05-23,24.899999618530273,25.059999465942383,24.81999969482422,25.030000686645508,6.707064151763916,19500
2014-05-27,25.049999237060547,25.690000534057617,25.010000228881836,25.260000228881836,6.7686944007873535,77500
2014-05-28,25.40999984741211,25.649999618530273,25.139999389648438,25.229999542236328,6.760654449462891,29400
2014-05-29,25.209999084472656,25.6299991607666,25.209999084472656,25.3799991607666,6.800849437713623,21000
2014-05-30,25.450000762939453,25.489999771118164,25.0,25.329999923706055,6.787449836730957,24900
2014-06-02,25.59000015258789,26.100000381469727,25.399999618530273,25.520000457763672,6.8383660316467285,54800
2014-06-03,25.450000762939453,25.709999084472656,25.299999237060547,25.520000457763672,6.8383660316467285,33300
2014-06-04,25.520000457763672,25.799999237060547,25.520000457763672,25.739999771118164,6.8973164558410645,18200
2014-06-05,25.75,25.959999084472656,25.610000610351562,25.860000610351562,6.929470062255859,23700
2014-06-06,25.899999618530273,26.200000762939453,25.889999389648438,26.18000030517578,7.015219688415527,46800
2014-06-09,26.25,26.5,26.209999084472656,26.5,7.10096549987793,39800
2014-06-10,26.5,26.790000915527344,26.0,26.600000381469727,7.1277618408203125,53200
2014-06-11,26.690000534057617,26.850000381469727,26.100000381469727,26.719999313354492,7.159916877746582,33800
2014-06-12,26.719999313354492,26.75,26.6200008392334,26.6299991607666,7.135802745819092,24100
2014-06-13,26.700000762939453,27.43000030517578,26.649999618530273,27.149999618530273,7.275140285491943,89900
2014-06-16,27.989999771118164,28.0,27.469999313354492,27.670000076293945,7.4144792556762695,63800
2014-06-17,27.649999618530273,27.850000381469727,27.510000228881836,27.84000015258789,7.460035800933838,48000
2014-06-18,27.850000381469727,27.899999618530273,27.5,27.84000015258789,7.460035800933838,42300
2014-06-19,27.850000381469727,28.0,27.75,27.90999984741211,7.47878885269165,34100
2014-06-20,27.950000762939453,27.950000762939453,27.6200008392334,27.809999465942383,7.451995372772217,18300
2014-06-23,27.799999237060547,27.90999984741211,27.6200008392334,27.670000076293945,7.4144792556762695,28900
2014-06-24,27.649999618530273,27.989999771118164,27.649999618530273,27.780000686645508,7.443957805633545,36200
2014-06-25,27.790000915527344,27.899999618530273,27.639999389648438,27.8799991607666,7.4707512855529785,23400
2014-06-26,27.950000762939453,27.979999542236328,27.84000015258789,27.979999542236328,7.497547626495361,26500
2014-06-27,27.979999542236328,28.450000762939453,27.969999313354492,28.389999389648438,7.607412338256836,44400
2014-06-30,28.450000762939453,28.969999313354492,28.43000030517578,28.809999465942383,7.719956398010254,57100
2014-07-01,28.899999618530273,28.899999618530273,28.610000610351562,28.899999618530273,7.744072914123535,48800
2014-07-02,28.899999618530273,28.899999618530273,28.6200008392334,28.75,7.703877925872803,34700
2014-07-03,28.709999084472656,28.729999542236328,28.0,28.360000610351562,7.599372386932373,43300
2014-07-07,28.360000610351562,28.950000762939453,28.299999237060547,28.93000030517578,7.752111434936523,91200
2014-07-08,28.979999542236328,29.149999618530273,28.389999389648438,28.709999084472656,7.693161964416504,103700
2014-07-09,28.709999084472656,28.989999771118164,28.510000228881836,28.899999618530273,7.744072914123535,96700
2014-07-10,28.8799991607666,29.079999923706055,28.75,28.979999542236328,7.7655110359191895,104400
2014-07-11,27.459999084472656,27.8799991607666,26.709999084472656,27.25,7.506567001342773,116100
2014-07-14,27.350000381469727,27.93000030517578,27.350000381469727,27.360000610351562,7.536869525909424,55400
2014-07-15,27.399999618530273,27.760000228881836,26.84000015258789,26.84000015258789,7.3936238288879395,53000
2014-07-16,27.09000015258789,27.190000534057617,26.309999465942383,26.65999984741211,7.344040393829346,69800
2014-07-17,26.75,27.15999984741211,26.350000381469727,26.489999771118164,7.2972092628479,43700
2014-07-18,26.5,26.90999984741211,26.260000228881836,26.389999389648438,7.269661903381348,32300
2014-07-21,26.43000030517578,26.56999969482422,26.270000457763672,26.510000228881836,7.3027215003967285,33900
2014-07-22,26.739999771118164,26.989999771118164,26.600000381469727,26.860000610351562,7.399135589599609,34600
2014-07-23,26.959999084472656,26.979999542236328,26.6200008392334,26.770000457763672,7.374340534210205,23500
2014-07-24,26.8700008392334,26.899999618530273,26.600000381469727,26.65999984741211,7.344040393829346,29500
2014-07-25,26.75,26.829999923706055,26.0,26.56999969482422,7.319246292114258,67600
2014-07-28,26.719999313354492,26.899999618530273,26.190000534057617,26.899999618530273,7.410152435302734,50300
2014-07-29,26.780000686645508,27.1200008392334,26.540000915527344,27.06999969482422,7.456981658935547,41800
2014-07-30,27.229999542236328,27.5,26.90999984741211,27.420000076293945,7.553399562835693,34700
2014-07-31,26.989999771118164,27.399999618530273,26.649999618530273,26.889999389648438,7.407397747039795,36200
2014-08-01,26.969999313354492,27.040000915527344,26.25,26.6200008392334,7.33302116394043,35200
2014-08-04,26.760000228881836,26.899999618530273,26.5,26.8799991607666,7.40464448928833,26600
2014-08-05,26.6299991607666,26.770000457763672,26.100000381469727,26.280000686645508,7.239359378814697,26900
2014-08-06,26.15999984741211,26.579999923706055,26.079999923706055,26.280000686645508,7.239359378814697,23900
2014-08-07,26.209999084472656,26.360000610351562,26.059999465942383,26.200000762939453,7.217322826385498,28500
2014-08-08,26.200000762939453,26.959999084472656,26.200000762939453,26.959999084472656,7.426678657531738,56800
2014-08-11,26.950000762939453,27.0,26.670000076293945,26.889999389648438,7.407397747039795,25700
2014-08-12,26.81999969482422,26.920000076293945,26.639999389648438,26.829999923706055,7.390868663787842,17800
2014-08-13,26.799999237060547,27.110000610351562,26.600000381469727,26.65999984741211,7.344040393829346,30200
2014-08-14,26.610000610351562,26.90999984741211,26.3700008392334,26.510000228881836,7.3027215003967285,26200
2014-08-15,26.5,26.700000762939453,26.450000762939453,26.600000381469727,7.327511310577393,23700
2014-08-18,26.850000381469727,27.030000686645508,26.5,26.530000686645508,7.308230876922607,57000
2014-08-19,26.540000915527344,26.93000030517578,26.540000915527344,26.889999389648438,7.407397747039795,23400
2014-08-20,26.950000762939453,26.950000762939453,26.649999618530273,26.790000915527344,7.379851341247559,18400
2014-08-21,26.690000534057617,26.969999313354492,26.649999618530273,26.899999618530273,7.410152435302734,26800
2014-08-22,26.899999618530273,26.899999618530273,26.540000915527344,26.690000534057617,7.352303981781006,23600
2014-08-25,26.780000686645508,27.0,26.6299991607666,26.8700008392334,7.401886940002441,29800
2014-08-26,26.8799991607666,27.25,26.809999465942383,27.110000610351562,7.468000888824463,95400
2014-08-27,27.1200008392334,27.229999542236328,27.059999465942383,27.209999084472656,7.495548725128174,16300
2014-08-28,27.229999542236328,27.5,27.1200008392334,27.489999771118164,7.57267951965332,40500
2014-08-29,27.59000015258789,27.8700008392334,27.559999465942383,27.829999923706055,7.66633939743042,21400
2014-09-02,27.670000076293945,27.829999923706055,27.549999237060547,27.729999542236328,7.638791561126709,26300
2014-09-03,27.670000076293945,27.719999313354492,27.309999465942383,27.6299991607666,7.611247539520264,15200
2014-09-04,27.530000686645508,27.829999923706055,27.459999084472656,27.670000076293945,7.622264385223389,39200
2014-09-05,27.68000030517578,27.75,27.540000915527344,27.6200008392334,7.60849142074585,21100
2014-09-08,27.799999237060547,27.799999237060547,27.0,27.1200008392334,7.470755100250244,45600
2014-09-09,26.989999771118164,27.209999084472656,26.84000015258789,26.969999313354492,7.429434776306152,28300
2014-09-10,26.780000686645508,26.8700008392334,26.350000381469727,26.729999542236328,7.3633246421813965,42900
2014-09-11,26.56999969482422,26.649999618530273,26.209999084472656,26.270000457763672,7.236607551574707,32000
2014-09-12,26.309999465942383,26.309999465942383,25.559999465942383,25.690000534057617,7.076833724975586,76400
2014-09-15,25.649999618530273,25.959999084472656,24.899999618530273,25.729999542236328,7.087851524353027,81100
2014-09-16,25.65999984741211,26.329999923706055,25.360000610351562,26.280000686645508,7.239359378814697,31200
2014-09-17,26.18000030517578,26.799999237060547,26.18000030517578,26.3700008392334,7.264153003692627,94900
2014-09-18,26.639999389648438,26.790000915527344,25.729999542236328,26.200000762939453,7.217322826385498,25000
2014-09-19,26.479999542236328,26.479999542236328,25.950000762939453,26.010000228881836,7.164982318878174,28600
2014-09-22,26.170000076293945,26.170000076293945,25.3700008392334,25.399999618530273,6.996947765350342,26700
2014-09-23,25.3700008392334,25.84000015258789,25.3700008392334,25.450000762939453,7.010721683502197,24600
2014-09-24,25.5,25.739999771118164,25.25,25.450000762939453,7.010721683502197,35100
2014-09-25,25.68000030517578,25.739999771118164,25.290000915527344,25.520000457763672,7.03000545501709,33400
2014-09-26,25.34000015258789,25.760000228881836,25.34000015258789,25.709999084472656,7.082342624664307,23000
2014-09-29,25.59000015258789,26.440000534057617,25.43000030517578,26.40999984741211,7.275172233581543,24500
2014-09-30,26.799999237060547,26.799999237060547,26.010000228881836,26.149999618530273,7.203550338745117,39700
2014-10-01,26.25,26.459999084472656,25.950000762939453,25.959999084472656,7.151208877563477,36700
2014-10-02,26.020000457763672,26.209999084472656,25.549999237060547,26.190000534057617,7.214568138122559,30700
2014-10-03,26.290000915527344,26.3799991607666,25.979999542236328,26.290000915527344,7.242115497589111,20300
2014-10-06,26.6200008392334,27.0,26.450000762939453,26.739999771118164,7.366077423095703,94700
2014-10-07,26.75,26.84000015258789,25.68000030517578,25.809999465942383,7.109889507293701,103600
2014-10-08,25.899999618530273,26.149999618530273,25.100000381469727,25.799999237060547,7.107132911682129,166000
2014-10-09,25.139999389648438,25.139999389648438,24.139999389648438,24.149999618530273,6.89168119430542,62800
2014-10-10,24.100000381469727,24.100000381469727,22.5,23.1200008392334,6.597748756408691,171700
2014-10-13,23.059999465942383,23.399999618530273,22.31999969482422,22.559999465942383,6.437943458557129,89200
2014-10-14,22.360000610351562,22.559999465942383,21.0,21.110000610351562,6.024157524108887,130400
2014-10-15,21.09000015258789,21.600000381469727,20.0,20.360000610351562,5.8101301193237305,210000
2014-10-16,19.8700008392334,23.219999313354492,19.760000228881836,22.809999465942383,6.509284973144531,127900
2014-10-17,23.200000762939453,23.5,22.399999618530273,22.559999465942383,6.437943458557129,79900
2014-10-20,22.770000457763672,23.5,22.56999969482422,23.5,6.7061896324157715,40300
2014-10-21,24.020000457763672,24.020000457763672,23.770000457763672,23.969999313354492,6.84031343460083,45100
2014-10-22,23.940000534057617,23.940000534057617,22.850000381469727,22.889999389648438,6.5321149826049805,93500
2014-10-23,22.790000915527344,24.049999237060547,22.6200008392334,23.6200008392334,6.74043607711792,94100
2014-10-24,23.84000015258789,23.920000076293945,23.1200008392334,23.549999237060547,6.720458984375,41300
2014-10-27,23.299999237060547,23.59000015258789,23.049999237060547,23.420000076293945,6.683361530303955,78800
2014-10-28,23.360000610351562,23.84000015258789,23.25,23.780000686645508,6.786093711853027,52100
2014-10-29,24.049999237060547,24.170000076293945,23.420000076293945,23.579999923706055,6.729020595550537,28600
2014-10-30,23.5,23.56999969482422,21.079999923706055,23.3799991607666,6.671948432922363,25400
2014-10-31,23.56999969482422,23.56999969482422,23.09000015258789,23.229999542236328,6.629141330718994,27000
2014-11-03,23.0,23.440000534057617,22.739999771118164,22.799999237060547,6.506430149078369,42000
2014-11-04,22.68000030517578,22.68000030517578,21.299999237060547,21.399999618530273,6.1069135665893555,112800
2014-11-05,21.25,21.860000610351562,21.110000610351562,21.639999389648438,6.175403118133545,46000
2014-11-06,21.799999237060547,21.959999084472656,21.520000457763672,21.790000915527344,6.218207359313965,25400
2014-11-07,22.5,22.829999923706055,22.1200008392334,22.809999465942383,6.509284973144531,44400
2014-11-10,23.309999465942383,23.84000015258789,22.93000030517578,23.450000762939453,6.691921710968018,62400
2014-11-11,23.43000030517578,23.43000030517578,22.649999618530273,23.209999084472656,6.623432636260986,20900
2014-11-12,22.950000762939453,23.280000686645508,22.649999618530273,23.079999923706055,6.5863356590271,37500
2014-11-13,23.040000915527344,23.040000915527344,22.15999984741211,22.280000686645508,6.3580403327941895,37900
2014-11-14,22.280000686645508,22.700000762939453,22.079999923706055,22.579999923706055,6.443650245666504,22400
2014-11-17,22.360000610351562,22.5,22.0,22.450000762939453,6.406551837921143,29300
2014-11-18,22.389999389648438,22.540000915527344,21.899999618530273,21.950000762939453,6.2638678550720215,52900
2014-11-19,21.579999923706055,22.110000610351562,21.530000686645508,21.809999465942383,6.2239155769348145,38600
2014-11-20,21.700000762939453,22.329999923706055,21.6200008392334,22.15999984741211,6.323794841766357,25200
2014-11-21,22.329999923706055,22.420000076293945,21.950000762939453,21.950000762939453,6.2638678550720215,25000
2014-11-24,22.0,22.149999618530273,21.799999237060547,22.059999465942383,6.295258045196533,32100
2014-11-25,22.059999465942383,22.059999465942383,21.5,21.520000457763672,6.1411566734313965,40100
2014-11-26,21.610000610351562,21.610000610351562,20.540000915527344,20.639999389648438,5.890032768249512,83200
2014-11-28,20.0,20.139999389648438,18.540000915527344,18.75,5.350683689117432,135000
2014-12-01,18.389999389648438,18.420000076293945,16.5,17.139999389648438,4.891238212585449,198400
2014-12-02,17.079999923706055,17.899999618530273,16.790000915527344,17.6299991607666,5.031068801879883,108900
2014-12-03,17.690000534057617,18.389999389648438,17.5,18.389999389648438,5.247950077056885,85200
2014-12-04,18.1299991607666,18.360000610351562,17.799999237060547,17.889999389648438,5.105266571044922,39700
2014-12-05,17.989999771118164,18.010000228881836,17.260000228881836,17.299999237060547,4.936898231506348,63500
2014-12-08,17.040000915527344,17.09000015258789,14.949999809265137,15.399999618530273,4.394693374633789,210800
2014-12-09,15.050000190734863,16.3700008392334,15.050000190734863,15.880000114440918,4.531672954559326,100300
2014-12-10,15.640000343322754,15.920000076293945,15.039999961853027,15.59000015258789,4.448916912078857,64200
2014-12-11,15.260000228881836,16.5,15.260000228881836,16.0,4.565917015075684,60800
2014-12-12,15.460000038146973,15.960000038146973,15.260000228881836,15.40999984741211,4.397548675537109,60800
2014-12-15,15.449999809265137,15.6899995803833,13.819999694824219,14.010000228881836,3.9980311393737793,129600
2014-12-16,13.729999542236328,14.630000114440918,13.079999923706055,14.449999809265137,4.123593807220459,88500
2014-12-17,14.390000343322754,15.75,14.390000343322754,15.430000305175781,4.403256893157959,184200
2014-12-18,15.880000114440918,17.989999771118164,14.649999618530273,15.130000114440918,4.317645072937012,261300
2014-12-19,15.300000190734863,16.540000915527344,15.210000038146973,16.40999984741211,4.682919502258301,64600
2014-12-22,16.690000534057617,16.690000534057617,15.1899995803833,15.210000038146973,4.340475082397461,84800
2014-12-23,15.220000267028809,15.399999618530273,14.779999732971191,14.9399995803833,4.263424873352051,166600
2014-12-24,14.760000228881836,14.869999885559082,14.029999732971191,14.34000015258789,4.092203140258789,45600
2014-12-26,14.34000015258789,15.270000457763672,14.34000015258789,14.989999771118164,4.277693748474121,60400
2014-12-29,14.859999656677246,16.0,14.75,14.930000305175781,4.260571002960205,234800
2014-12-30,14.930000305175781,15.229999542236328,13.75,14.069999694824219,4.015152454376221,101900
2014-12-31,13.8100004196167,14.600000381469727,13.539999961853027,14.569999694824219,4.157837390899658,93100
2015-01-02,14.550000190734863,15.489999771118164,14.300000190734863,15.180000305175781,4.33191442489624,77600
2015-01-05,14.979999542236328,15.180000305175781,14.720000267028809,15.010000228881836,4.2834014892578125,74300
2015-01-06,14.960000038146973,15.390000343322754,14.5,15.09000015258789,4.306230068206787,151100
2015-01-07,15.199999809265137,16.0,15.170000076293945,15.579999923706055,4.446061611175537,182000
2015-01-08,16.049999237060547,16.450000762939453,15.75,15.930000305175781,4.5459418296813965,130600
2015-01-09,16.059999465942383,16.3700008392334,15.569999694824219,16.110000610351562,4.597308158874512,74300
2015-01-12,15.920000076293945,16.15999984741211,15.569999694824219,15.979999542236328,4.56020975112915,113400
2015-01-13,15.010000228881836,15.710000038146973,14.90999984741211,15.180000305175781,4.503838062286377,209900
2015-01-14,15.0,15.319999694824219,14.199999809265137,14.9399995803833,4.4326300621032715,69900
2015-01-15,15.09000015258789,15.119999885559082,14.380000114440918,14.739999771118164,4.373291492462158,63600
2015-01-16,14.699999809265137,15.350000381469727,14.460000038146973,15.180000305175781,4.503838062286377,72400
2015-01-20,15.100000381469727,15.140000343322754,14.579999923706055,14.779999732971191,4.385158538818359,71000
2015-01-21,14.859999656677246,15.229999542236328,14.649999618530273,15.140000343322754,4.491969108581543,43400
2015-01-22,15.149999618530273,15.149999618530273,14.600000381469727,14.739999771118164,4.373291492462158,97800
2015-01-23,14.729999542236328,15.210000038146973,14.5600004196167,14.699999809265137,4.361423015594482,138900
2015-01-26,14.90999984741211,15.180000305175781,14.460000038146973,15.020000457763672,4.456366539001465,79800
2015-01-27,14.930000305175781,15.5,14.760000228881836,15.4399995803833,4.580978870391846,53000
2015-01-28,15.5,15.5,14.5600004196167,14.760000228881836,4.37922477722168,78200
2015-01-29,14.819999694824219,14.949999809265137,14.119999885559082,14.529999732971191,4.3109846115112305,45200
2015-01-30,14.5,15.140000343322754,14.5,14.800000190734863,4.391092300415039,58700
2015-02-02,15.010000228881836,15.350000381469727,15.010000228881836,15.229999542236328,4.518673896789551,52500
2015-02-03,15.5,16.309999465942383,15.479999542236328,16.110000610351562,4.779764652252197,97100
2015-02-04,16.049999237060547,16.170000076293945,15.739999771118164,15.770000457763672,4.678887367248535,52800
2015-02-05,15.960000038146973,16.219999313354492,15.899999618530273,16.0,4.747128009796143,18100
2015-02-06,15.979999542236328,16.440000534057617,15.770000457763672,15.859999656677246,4.70559024810791,35900
2015-02-09,15.960000038146973,15.960000038146973,15.510000228881836,15.819999694824219,4.693723678588867,80100
2015-02-10,15.699999809265137,15.699999809265137,15.039999961853027,15.220000267028809,4.515705585479736,58400
2015-02-11,15.0,15.489999771118164,14.800000190734863,15.489999771118164,4.5958123207092285,36900
2015-02-12,15.680000305175781,15.680000305175781,14.9399995803833,14.960000038146973,4.438564777374268,40100
2015-02-13,15.149999618530273,15.399999618530273,15.020000457763672,15.210000038146973,4.512738227844238,38100
2015-02-17,15.479999542236328,15.789999961853027,15.079999923706055,15.789999961853027,4.684822082519531,40600
2015-02-18,15.619999885559082,15.619999885559082,15.180000305175781,15.199999809265137,4.509771823883057,41900
2015-02-19,14.899999618530273,15.289999961853027,14.899999618530273,15.199999809265137,4.509771823883057,28800
2015-02-20,15.119999885559082,15.260000228881836,14.760000228881836,14.880000114440918,4.414828300476074,61300
2015-02-23,14.850000381469727,15.359999656677246,14.829999923706055,15.300000190734863,4.539441108703613,40800
2015-02-24,15.3100004196167,15.5,15.109999656677246,15.130000114440918,4.489002704620361,36600
2015-02-25,15.130000114440918,15.5600004196167,14.899999618530273,15.289999961853027,4.536473751068115,45600
2015-02-26,15.449999809265137,15.449999809265137,15.0600004196167,15.4399995803833,4.580978870391846,21100
2015-02-27,15.420000076293945,15.489999771118164,15.3100004196167,15.390000343322754,4.56614351272583,14900
2015-03-02,15.359999656677246,15.949999809265137,15.350000381469727,15.600000381469727,4.628450870513916,55600
2015-03-03,15.6899995803833,15.800000190734863,15.4399995803833,15.539999961853027,4.610647201538086,25000
2015-03-04,15.510000228881836,15.600000381469727,15.210000038146973,15.380000114440918,4.56317663192749,31400
2015-03-05,15.270000457763672,15.619999885559082,15.25,15.369999885559082,4.560210227966309,44100
2015-03-06,15.3100004196167,15.569999694824219,15.300000190734863,15.350000381469727,4.554274559020996,23300
2015-03-09,15.529999732971191,15.960000038146973,15.300000190734863,15.3100004196167,4.542408466339111,63700
2015-03-10,15.300000190734863,15.880000114440918,15.229999542236328,15.289999961853027,4.536473751068115,51400
2015-03-11,15.529999732971191,15.6899995803833,15.350000381469727,15.539999961853027,4.610647201538086,27500
2015-03-12,15.739999771118164,15.739999771118164,15.260000228881836,15.3100004196167,4.542408466339111,24900
2015-03-13,15.199999809265137,15.40999984741211,15.199999809265137,15.359999656677246,4.5572428703308105,16300
2015-03-16,15.239999771118164,15.489999771118164,15.149999618530273,15.34000015258789,4.551308631896973,56600
2015-03-17,15.260000228881836,15.630000114440918,15.260000228881836,15.369999885559082,4.560210227966309,57500
2015-03-18,15.300000190734863,15.609999656677246,15.220000267028809,15.380000114440918,4.56317663192749,37800
2015-03-19,15.5,15.600000381469727,15.25,15.25,4.524605751037598,26100
2015-03-20,15.270000457763672,15.399999618530273,15.149999618530273,15.149999618530273,4.494936466217041,32100
2015-03-23,15.119999885559082,15.539999961853027,15.119999885559082,15.319999694824219,4.545374393463135,22100
2015-03-24,15.420000076293945,15.529999732971191,15.369999885559082,15.399999618530273,4.5691094398498535,20800
2015-03-25,15.520000457763672,15.9399995803833,15.399999618530273,15.819999694824219,4.693723678588867,53100
2015-03-26,15.619999885559082,16.1299991607666,15.579999923706055,16.06999969482422,4.7678961753845215,37800
2015-03-27,16.149999618530273,16.450000762939453,16.09000015258789,16.360000610351562,4.85393762588501,36600
2015-03-30,16.450000762939453,17.100000381469727,16.3700008392334,16.40999984741211,4.8687744140625,63200
2015-03-31,16.1299991607666,16.1299991607666,15.329999923706055,15.329999923706055,4.548340797424316,89400
2015-04-01,15.100000381469727,15.100000381469727,11.020000457763672,11.59000015258789,3.4387001991271973,815300
2015-04-02,11.430000305175781,12.25,11.0,12.0,3.5603456497192383,276400
2015-04-06,12.170000076293945,13.149999618530273,12.170000076293945,12.239999771118164,3.6315529346466064,165100
2015-04-07,12.25,12.960000038146973,12.229999542236328,12.75,3.782867670059204,79500
2015-04-08,12.899999618530273,12.949999809265137,12.6899995803833,12.819999694824219,3.803635835647583,49200
2015-04-09,12.819999694824219,12.899999618530273,12.539999961853027,12.600000381469727,3.73836350440979,82300
2015-04-10,12.75,12.800000190734863,12.399999618530273,12.75,3.782867670059204,57500
2015-04-13,11.84000015258789,12.300000190734863,11.5,12.010000228881836,3.636033535003662,147800
2015-04-14,11.90999984741211,12.449999809265137,11.90999984741211,12.3100004196167,3.7268576622009277,43100
2015-04-15,12.3100004196167,13.109999656677246,12.300000190734863,12.869999885559082,3.8963987827301025,98400
2015-04-16,13.0,13.0,12.510000228881836,12.770000457763672,3.866123676300049,74900
2015-04-17,12.699999809265137,12.699999809265137,12.4399995803833,12.449999809265137,3.7692439556121826,45000
2015-04-20,12.579999923706055,12.619999885559082,12.020000457763672,12.199999809265137,3.6935555934906006,77300
2015-04-21,12.329999923706055,12.34000015258789,11.720000267028809,11.960000038146973,3.620896339416504,77100
2015-04-22,11.960000038146973,12.050000190734863,11.619999885559082,11.850000381469727,3.5875935554504395,87600
2015-04-23,11.84000015258789,12.020000457763672,11.800000190734863,11.90999984741211,3.605757713317871,40300
2015-04-24,12.020000457763672,12.020000457763672,11.619999885559082,11.760000228881836,3.56034517288208,41200
2015-04-27,11.720000267028809,11.850000381469727,11.350000381469727,11.479999542236328,3.4755747318267822,72400
2015-04-28,11.4399995803833,11.600000381469727,11.350000381469727,11.399999618530273,3.451355457305908,61100
2015-04-29,11.3100004196167,11.680000305175781,11.289999961853027,11.489999771118164,3.4786036014556885,43200
2015-04-30,11.520000457763672,11.640000343322754,11.279999732971191,11.449999809265137,3.4664926528930664,49800
2015-05-01,11.390000343322754,11.579999923706055,11.199999809265137,11.550000190734863,3.496767044067383,38300
2015-05-04,11.680000305175781,11.699999809265137,11.449999809265137,11.460000038146973,3.4695208072662354,37500
2015-05-05,11.699999809265137,12.170000076293945,11.579999923706055,12.170000076293945,3.684473752975464,75100
2015-05-06,12.239999771118164,12.470000267028809,12.100000381469727,12.170000076293945,3.684473752975464,35700
2015-05-07,12.149999618530273,12.149999618530273,11.819999694824219,12.020000457763672,3.639061450958252,29200
2015-05-08,12.029999732971191,12.119999885559082,11.609999656677246,11.75,3.5573182106018066,26500
2015-05-11,11.760000228881836,11.949999809265137,11.65999984741211,11.800000190734863,3.572455406188965,42000
2015-05-12,11.670000076293945,12.300000190734863,11.670000076293945,12.130000114440918,3.67236328125,39400
2015-05-13,12.109999656677246,12.260000228881836,12.0,12.0,3.6330058574676514,25500
2015-05-14,12.0600004196167,12.109999656677246,11.720000267028809,11.729999542236328,3.551262617111206,28000
2015-05-15,11.630000114440918,11.84000015258789,11.520000457763672,11.529999732971191,3.490713119506836,32600
2015-05-18,11.5,11.579999923706055,11.140000343322754,11.199999809265137,3.3908050060272217,74500
2015-05-19,11.109999656677246,11.40999984741211,11.109999656677246,11.229999542236328,3.399888277053833,34500
2015-05-20,11.239999771118164,11.420000076293945,11.0,11.0,3.3302557468414307,57000
2015-05-21,11.069999694824219,11.399999618530273,11.010000228881836,11.380000114440918,3.445300579071045,25900
2015-05-22,11.279999732971191,11.520000457763672,11.229999542236328,11.460000038146973,3.4695208072662354,17600
2015-05-26,11.319999694824219,11.380000114440918,11.010000228881836,11.0600004196167,3.3484201431274414,17200
2015-05-27,11.319999694824219,11.350000381469727,11.100000381469727,11.109999656677246,3.3635573387145996,24700
2015-05-28,11.100000381469727,11.119999885559082,10.739999771118164,10.800000190734863,3.269705295562744,60100
2015-05-29,10.800000190734863,11.449999809265137,10.800000190734863,11.390000343322754,3.4483284950256348,38500
2015-06-01,11.3100004196167,11.4399995803833,11.109999656677246,11.4399995803833,3.463465452194214,10300
2015-06-02,11.489999771118164,11.800000190734863,11.300000190734863,11.739999771118164,3.554290771484375,16500
2015-06-03,11.739999771118164,11.75,11.300000190734863,11.4399995803833,3.463465452194214,37000
2015-06-04,11.449999809265137,11.59000015258789,11.020000457763672,11.109999656677246,3.3635573387145996,42200
2015-06-05,11.09000015258789,11.270000457763672,11.0,11.0,3.3302557468414307,20500
2015-06-08,11.0,11.119999885559082,10.800000190734863,10.930000305175781,3.3090624809265137,17300
2015-06-09,10.9399995803833,11.25,10.9399995803833,11.180000305175781,3.3847501277923584,28500
2015-06-10,11.25,11.550000190734863,11.229999542236328,11.430000305175781,3.4604380130767822,43600
2015-06-11,11.34000015258789,11.470000267028809,11.130000114440918,11.15999984741211,3.3786964416503906,22400
2015-06-12,11.100000381469727,11.220000267028809,11.100000381469727,11.130000114440918,3.3696134090423584,11100
2015-06-15,11.140000343322754,11.220000267028809,11.130000114440918,11.210000038146973,3.3938324451446533,17700
2015-06-16,11.180000305175781,11.319999694824219,11.15999984741211,11.319999694824219,3.427135944366455,41600
2015-06-17,11.34000015258789,11.4399995803833,11.210000038146973,11.210000038146973,3.3938324451446533,19500
2015-06-18,11.220000267028809,11.289999961853027,11.079999923706055,11.100000381469727,3.360530376434326,20600
2015-06-19,11.069999694824219,11.069999694824219,11.0,11.050000190734863,3.3453924655914307,18000
2015-06-22,11.0600004196167,11.149999618530273,11.020000457763672,11.0600004196167,3.3484201431274414,22600
2015-06-23,11.010000228881836,11.119999885559082,11.010000228881836,11.100000381469727,3.360530376434326,21100
2015-06-24,11.100000381469727,11.4399995803833,11.100000381469727,11.300000190734863,3.4210805892944336,37900
2015-06-25,11.300000190734863,11.300000190734863,11.050000190734863,11.109999656677246,3.3635573387145996,18200
2015-06-26,11.0600004196167,11.069999694824219,11.0,11.039999961853027,3.3423657417297363,9300
2015-06-29,10.989999771118164,11.0,10.5600004196167,10.649999618530273,3.2242918014526367,66200
2015-06-30,10.579999923706055,10.600000381469727,10.25,10.489999771118164,3.175852060317993,74800
2015-07-01,10.430000305175781,10.460000038146973,10.1899995803833,10.25,3.10319185256958,51500
2015-07-02,10.260000228881836,10.430000305175781,10.260000228881836,10.380000114440918,3.142550230026245,19000
2015-07-06,10.329999923706055,10.430000305175781,10.329999923706055,10.359999656677246,3.1364943981170654,23900
2015-07-07,10.329999923706055,10.329999923706055,10.0,10.0,3.027505397796631,53500
2015-07-08,9.880000114440918,9.949999809265137,9.15999984741211,9.279999732971191,2.8095242977142334,94900
2015-07-09,9.359999656677246,9.489999771118164,8.859999656677246,9.020000457763672,2.730809450149536,114200
2015-07-10,8.930000305175781,9.760000228881836,8.880000114440918,9.510000228881836,2.879157066345215,98200
2015-07-13,9.289999961853027,9.420000076293945,9.25,9.25,2.8004422187805176,39400
2015-07-14,9.119999885559082,9.350000381469727,9.029999732971191,9.239999771118164,2.859236001968384,68200
2015-07-15,9.119999885559082,9.199999809265137,8.489999771118164,8.619999885559082,2.667382001876831,107100
2015-07-16,8.619999885559082,8.739999771118164,8.300000190734863,8.319999694824219,2.574549913406372,70800
2015-07-17,8.300000190734863,8.529999732971191,7.880000114440918,8.390000343322754,2.5962109565734863,113300
2015-07-20,8.289999961853027,8.289999961853027,7.380000114440918,7.550000190734863,2.336280584335327,159100
2015-07-21,7.159999847412109,7.96999979019165,7.159999847412109,7.820000171661377,2.4198293685913086,82500
2015-07-22,7.849999904632568,7.849999904632568,6.389999866485596,6.539999961853027,2.023745536804199,290800
2015-07-23,6.5,6.71999979019165,6.210000038146973,6.21999979019165,1.9247233867645264,148100
2015-07-24,6.269999980926514,6.329999923706055,5.869999885559082,5.920000076293945,1.8318915367126465,123600
2015-07-27,6.070000171661377,6.570000171661377,5.800000190734863,6.449999809265137,1.9958951473236084,107600
2015-07-28,6.340000152587891,6.53000020980835,6.260000228881836,6.519999980926514,2.0175559520721436,84100
2015-07-29,6.570000171661377,6.800000190734863,6.550000190734863,6.75,2.0887279510498047,54900
2015-07-30,6.800000190734863,6.840000152587891,6.679999828338623,6.78000020980835,2.098011016845703,76200
2015-07-31,6.889999866485596,6.889999866485596,6.5,6.519999980926514,2.0175559520721436,72200
2015-08-03,6.510000228881836,6.510000228881836,5.909999847412109,5.909999847412109,1.828797459602356,56800
2015-08-04,5.949999809265137,6.119999885559082,5.710000038146973,6.019999980926514,1.8628352880477905,72400
2015-08-05,6.039999961853027,6.269999980926514,5.619999885559082,5.639999866485596,1.7452478408813477,79100
2015-08-06,5.659999847412109,5.659999847412109,5.409999847412109,5.449999809265137,1.686453938484192,50300
2015-08-07,5.5,5.829999923706055,5.340000152587891,5.590000152587891,1.72977614402771,45100
2015-08-10,5.599999904632568,6.130000114440918,5.550000190734863,6.119999885559082,1.8937797546386719,38200
2015-08-11,6.03000020980835,6.050000190734863,5.639999866485596,5.699999809265137,1.763814091682434,49700
2015-08-12,5.889999866485596,6.179999828338623,5.710000038146973,5.71999979019165,1.770002841949463,23100
2015-08-13,5.619999885559082,5.900000095367432,5.559999942779541,5.75,1.7792868614196777,127500
2015-08-14,5.800000190734863,6.03000020980835,5.769999980926514,5.929999828338623,1.8349859714508057,26000
2015-08-17,5.849999904632568,5.940000057220459,5.849999904632568,5.880000114440918,1.8195137977600098,29400
2015-08-18,5.809999942779541,6.039999961853027,5.809999942779541,6.010000228881836,1.8597415685653687,51700
2015-08-19,5.949999809265137,6.0,5.75,5.75,1.7792868614196777,29400
2015-08-20,5.75,6.0,5.75,5.980000019073486,1.8504579067230225,41600
2015-08-21,6.130000114440918,6.130000114440918,5.869999885559082,6.059999942779541,1.8752129077911377,61000
2015-08-24,5.820000171661377,6.53000020980835,5.820000171661377,6.400000095367432,1.9804232120513916,134900
2015-08-25,6.699999809265137,6.699999809265137,5.940000057220459,5.940000057220459,1.8380800485610962,103300
2015-08-26,5.869999885559082,6.480000019073486,5.860000133514404,6.010000228881836,1.8597415685653687,123900
2015-08-27,6.210000038146973,6.679999828338623,6.210000038146973,6.570000171661377,2.0330281257629395,55400
2015-08-28,6.75,7.46999979019165,6.590000152587891,7.460000038146973,2.3084306716918945,135500
2015-08-31,7.440000057220459,7.980000019073486,7.25,7.630000114440918,2.361035108566284,114000
2015-09-01,7.550000190734863,7.659999847412109,7.25,7.519999980926514,2.3269970417022705,128100
2015-09-02,7.699999809265137,7.849999904632568,7.079999923706055,7.269999980926514,2.24963641166687,42500
2015-09-03,7.119999885559082,7.519999980926514,7.119999885559082,7.360000133514404,2.277486801147461,16300
2015-09-04,7.309999942779541,7.429999828338623,7.170000076293945,7.340000152587891,2.2712974548339844,21200
2015-09-08,7.300000190734863,7.400000095367432,7.199999809265137,7.329999923706055,2.2682037353515625,13500
2015-09-09,7.260000228881836,7.289999961853027,7.03000020980835,7.03000020980835,2.175370693206787,19300
2015-09-10,7.139999866485596,7.159999847412109,7.050000190734863,7.110000133514404,2.2001264095306396,12000
2015-09-11,7.010000228881836,7.210000038146973,6.179999828338623,6.179999828338623,1.9123461246490479,106100
2015-09-14,6.139999866485596,6.269999980926514,5.960000038146973,5.960000038146973,1.8442689180374146,40900
2015-09-15,6.159999847412109,6.360000133514404,6.0,6.139999866485596,1.8999682664871216,30600
2015-09-16,6.260000228881836,6.329999923706055,6.079999923706055,6.289999961853027,1.9463847875595093,35500
2015-09-17,6.329999923706055,6.760000228881836,6.320000171661377,6.369999885559082,1.971139669418335,43500
2015-09-18,6.300000190734863,6.75,6.260000228881836,6.449999809265137,1.9958951473236084,29500
2015-09-21,6.5,6.539999961853027,6.400000095367432,6.510000228881836,2.0144612789154053,21600
2015-09-22,6.400000095367432,6.650000095367432,6.389999866485596,6.559999942779541,2.0299341678619385,20200
2015-09-23,6.510000228881836,6.619999885559082,6.360000133514404,6.409999847412109,1.9835174083709717,23000
2015-09-24,6.269999980926514,6.519999980926514,6.269999980926514,6.5,2.011367082595825,25800
2015-09-25,6.550000190734863,6.599999904632568,6.059999942779541,6.190000057220459,1.9154400825500488,11400
2015-09-28,6.159999847412109,6.159999847412109,5.769999980926514,5.769999980926514,1.785475492477417,28800
2015-09-29,5.869999885559082,5.940000057220459,5.75,5.78000020980835,1.7885699272155762,19100
2015-09-30,5.75,5.909999847412109,5.75,5.809999942779541,1.7978531122207642,25000
2015-10-01,5.920000076293945,6.0,5.820000171661377,5.820000171661377,1.8009474277496338,15400
2015-10-02,5.840000152587891,6.5,5.820000171661377,6.150000095367432,1.9030628204345703,49100
2015-10-05,6.25,6.5,6.170000076293945,6.230000019073486,1.9278178215026855,46600
2015-10-06,6.369999885559082,6.579999923706055,6.349999904632568,6.400000095367432,1.9804232120513916,54600
2015-10-07,6.46999979019165,7.0,6.460000038146973,6.519999980926514,2.0175559520721436,61700
2015-10-08,6.570000171661377,6.789999961853027,6.5,6.71999979019165,2.07944393157959,30800
2015-10-09,6.900000095367432,7.5,6.880000114440918,7.5,2.3208086490631104,151100
2015-10-12,7.380000114440918,7.5,7.03000020980835,7.260000228881836,2.2465426921844482,60100
2015-10-13,7.170000076293945,7.170000076293945,6.989999771118164,7.010000228881836,2.2337963581085205,39900
2015-10-14,7.010000228881836,7.139999866485596,6.949999809265137,7.130000114440918,2.2720351219177246,17800
2015-10-15,7.099999904632568,7.199999809265137,6.960000038146973,7.179999828338623,2.2879674434661865,19600
2015-10-16,7.119999885559082,7.239999771118164,7.050000190734863,7.239999771118164,2.3070878982543945,17000
2015-10-19,7.170000076293945,7.190000057220459,7.070000171661377,7.099999904632568,2.2624757289886475,11700
2015-10-20,7.179999828338623,7.269999980926514,7.130000114440918,7.159999847412109,2.281595230102539,26900
2015-10-21,7.070000171661377,7.269999980926514,7.070000171661377,7.159999847412109,2.281595230102539,40800
2015-10-22,7.190000057220459,7.25,7.130000114440918,7.170000076293945,2.2847816944122314,13400
2015-10-23,7.239999771118164,7.239999771118164,7.119999885559082,7.119999885559082,2.2688486576080322,28100
2015-10-26,7.170000076293945,7.21999979019165,6.710000038146973,6.760000228881836,2.1541316509246826,56000
2015-10-27,6.679999828338623,6.710000038146973,6.260000228881836,6.329999923706055,2.017108917236328,33600
2015-10-28,6.400000095367432,6.670000076293945,6.309999942779541,6.409999847412109,2.0426008701324463,24200
2015-10-29,6.380000114440918,6.659999847412109,6.28000020980835,6.289999961853027,2.004361867904663,16600
2015-10-30,6.28000020980835,6.539999961853027,6.239999771118164,6.539999961853027,2.08402681350708,23800
2015-11-02,6.539999961853027,6.909999847412109,6.5,6.860000133514404,2.185997247695923,30800
2015-11-03,6.800000190734863,7.369999885559082,6.800000190734863,7.199999809265137,2.2943410873413086,49600
2015-11-04,7.159999847412109,7.239999771118164,7.0,7.050000190734863,2.2465426921844482,12200
2015-11-05,7.050000190734863,7.179999828338623,7.010000228881836,7.130000114440918,2.2720351219177246,15700
2015-11-06,7.0,7.090000152587891,6.800000190734863,6.820000171661377,2.173251152038574,31800
2015-11-09,6.880000114440918,6.940000057220459,6.619999885559082,6.659999847412109,2.1222660541534424,15100
2015-11-10,6.539999961853027,6.619999885559082,6.5,6.550000190734863,2.0872132778167725,27300
2015-11-11,6.510000228881836,6.539999961853027,6.28000020980835,6.28000020980835,2.0011751651763916,20800
2015-11-12,6.28000020980835,6.289999961853027,6.159999847412109,6.199999809265137,1.9756832122802734,21700
2015-11-13,6.230000019073486,6.239999771118164,6.059999942779541,6.210000038146973,1.978869080543518,19800
2015-11-16,6.170000076293945,6.739999771118164,6.170000076293945,6.670000076293945,2.1254522800445557,31800
2015-11-17,6.639999866485596,6.639999866485596,6.360000133514404,6.53000020980835,2.0808398723602295,38800
2015-11-18,6.690000057220459,6.690000057220459,6.380000114440918,6.659999847412109,2.1222660541534424,34100
2015-11-19,6.539999961853027,6.699999809265137,6.420000076293945,6.590000152587891,2.099959373474121,22100
2015-11-20,6.690000057220459,6.690000057220459,6.429999828338623,6.46999979019165,2.061720371246338,24800
2015-11-23,6.519999980926514,6.519999980926514,6.380000114440918,6.460000038146973,2.0585341453552246,19500
2015-11-24,6.550000190734863,6.570000171661377,6.440000057220459,6.489999771118164,2.0680930614471436,23000
2015-11-25,6.400000095367432,6.46999979019165,6.210000038146973,6.420000076293945,2.0457875728607178,25500
2015-11-27,6.329999923706055,6.690000057220459,6.21999979019165,6.5,2.071280002593994,51500
2015-11-30,6.5,6.889999866485596,6.5,6.599999904632568,2.1031463146209717,25300
2015-12-01,6.579999923706055,6.610000133514404,6.300000190734863,6.389999866485596,2.0362274646759033,18400
2015-12-02,6.269999980926514,6.269999980926514,6.070000171661377,6.130000114440918,1.9533770084381104,29300
2015-12-03,6.070000171661377,6.130000114440918,5.940000057220459,5.989999771118164,1.9087647199630737,29900
2015-12-04,6.0,6.03000020980835,5.789999961853027,5.869999885559082,1.8705250024795532,50000
2015-12-07,5.789999961853027,5.840000152587891,5.369999885559082,5.519999980926514,1.7589952945709229,70200
2015-12-08,5.449999809265137,5.590000152587891,5.28000020980835,5.349999904632568,1.7048227787017822,26100
2015-12-09,5.389999866485596,5.659999847412109,5.360000133514404,5.619999885559082,1.790860652923584,38500
2015-12-10,5.539999961853027,5.739999771118164,5.400000095367432,5.639999866485596,1.7972333431243896,35100
2015-12-11,5.489999771118164,5.579999923706055,5.400000095367432,5.400000095367432,1.72075617313385,16800
2015-12-14,5.5,5.53000020980835,5.269999980926514,5.289999961853027,1.685703158378601,46200
2015-12-15,5.300000190734863,5.420000076293945,5.210000038146973,5.21999979019165,1.6633977890014648,45700
2015-12-16,5.210000038146973,5.300000190734863,5.190000057220459,5.210000038146973,1.6602104902267456,16800
2015-12-17,5.190000057220459,5.239999771118164,5.0,5.03000020980835,1.6028523445129395,23000
2015-12-18,4.96999979019165,5.070000171661377,4.960000038146973,4.960000038146973,1.5805461406707764,33400
2015-12-21,5.0,5.0,4.809999942779541,4.860000133514404,1.548680305480957,85000
2015-12-22,4.909999847412109,5.269999980926514,4.849999904632568,5.230000019073486,1.6665842533111572,51900
2015-12-23,5.300000190734863,5.900000095367432,5.300000190734863,5.900000095367432,1.8800852298736572,47700
2015-12-24,5.900000095367432,6.019999980926514,5.739999771118164,5.78000020980835,1.8418464660644531,36700
2015-12-28,5.659999847412109,5.71999979019165,4.900000095367432,5.050000190734863,1.6092253923416138,153400
2015-12-29,5.059999942779541,5.239999771118164,4.880000114440918,4.929999828338623,1.570986270904541,66900
2015-12-30,4.849999904632568,4.929999828338623,4.570000171661377,4.579999923706055,1.459455132484436,63000
2015-12-31,4.5,4.889999866485596,4.5,4.869999885559082,1.5518667697906494,91000
2016-01-04,4.800000190734863,5.130000114440918,4.690000057220459,5.070000171661377,1.615598440170288,70100
2016-01-05,5.079999923706055,5.079999923706055,4.849999904632568,5.0,1.5932929515838623,14700
2016-01-06,4.800000190734863,4.800000190734863,4.309999942779541,4.579999923706055,1.459455132484436,154700
2016-01-07,4.349999904632568,4.659999847412109,4.349999904632568,4.380000114440918,1.3957242965698242,40400
2016-01-08,4.380000114440918,4.949999809265137,4.380000114440918,4.869999885559082,1.5518667697906494,48400
2016-01-11,4.860000133514404,4.860000133514404,4.579999923706055,4.699999809265137,1.4976946115493774,22000
2016-01-12,4.699999809265137,4.699999809265137,4.019999980926514,4.090000152587891,1.3033133745193481,115900
2016-01-13,4.050000190734863,4.150000095367432,3.930000066757202,4.03000020980835,1.3163793087005615,39000
2016-01-14,4.099999904632568,4.260000228881836,4.050000190734863,4.239999771118164,1.3849745988845825,20900
2016-01-15,4.019999980926514,4.28000020980835,4.010000228881836,4.170000076293945,1.3621093034744263,37800
2016-01-19,4.079999923706055,4.199999809265137,3.6600000858306885,3.7799999713897705,1.2347177267074585,67600
2016-01-20,3.3499999046325684,3.7699999809265137,3.259999990463257,3.6700000762939453,1.198786973953247,89700
2016-01-21,3.619999885559082,3.809999942779541,3.569999933242798,3.75,1.2249184846878052,41400
2016-01-22,3.9700000286102295,4.079999923706055,3.7799999713897705,3.9700000286102295,1.2967804670333862,44400
2016-01-25,4.0,4.130000114440918,3.8399999141693115,3.950000047683716,1.2902477979660034,24100
2016-01-26,3.950000047683716,4.400000095367432,3.859999895095825,4.400000095367432,1.4372378587722778,53400
2016-01-27,4.400000095367432,4.5,4.25,4.5,1.4699020385742188,26700
2016-01-28,4.5,4.710000038146973,4.5,4.579999923706055,1.4960331916809082,36300
2016-01-29,4.579999923706055,4.869999885559082,4.550000190734863,4.630000114440918,1.5123658180236816,38300
2016-02-01,4.630000114440918,4.639999866485596,4.400000095367432,4.619999885559082,1.5090997219085693,12600
2016-02-02,4.429999828338623,4.5,4.369999885559082,4.46999979019165,1.460102915763855,13300
2016-02-03,4.570000171661377,4.75,4.46999979019165,4.75,1.5515633821487427,17800
2016-02-04,4.789999961853027,5.099999904632568,4.75,4.920000076293945,1.6070935726165771,49200
2016-02-05,4.920000076293945,4.980000019073486,4.769999980926514,4.820000171661377,1.574428915977478,7900
2016-02-08,4.75,4.960000038146973,4.650000095367432,4.889999866485596,1.597293496131897,23800
2016-02-09,4.800000190734863,4.800000190734863,4.309999942779541,4.340000152587891,1.417639136314392,15700
2016-02-10,4.309999942779541,4.599999904632568,4.300000190734863,4.429999828338623,1.4470371007919312,8800
2016-02-11,4.380000114440918,4.380000114440918,4.25,4.329999923706055,1.414372205734253,15300
2016-02-12,4.400000095367432,4.610000133514404,4.400000095367432,4.590000152587891,1.4993005990982056,15000
2016-02-16,4.699999809265137,4.71999979019165,4.440000057220459,4.539999961853027,1.4829679727554321,26700
2016-02-17,4.630000114440918,4.900000095367432,4.570000171661377,4.849999904632568,1.5842281579971313,17200
2016-02-18,4.849999904632568,4.849999904632568,4.599999904632568,4.659999847412109,1.5221654176712036,7500
2016-02-19,4.590000152587891,4.590000152587891,4.320000171661377,4.400000095367432,1.4372378587722778,13100
2016-02-22,4.409999847412109,4.659999847412109,4.409999847412109,4.650000095367432,1.5188989639282227,10400
2016-02-23,4.5,4.570000171661377,4.449999809265137,4.53000020980835,1.4797015190124512,12400
2016-02-24,4.409999847412109,4.739999771118164,4.409999847412109,4.739999771118164,1.5482970476150513,43000
2016-02-25,4.650000095367432,4.869999885559082,4.610000133514404,4.869999885559082,1.590760588645935,21300
2016-02-26,4.869999885559082,4.940000057220459,4.739999771118164,4.820000171661377,1.574428915977478,46100
2016-02-29,4.96999979019165,5.130000114440918,4.860000133514404,5.110000133514404,1.6691559553146362,84500
2016-03-01,5.090000152587891,5.090000152587891,4.590000152587891,5.050000190734863,1.6495569944381714,74800
2016-03-02,5.050000190734863,5.230000019073486,4.949999809265137,5.190000057220459,1.6952874660491943,28500
2016-03-03,5.159999847412109,5.309999942779541,5.019999980926514,5.150000095367432,1.6822211742401123,46000
2016-03-04,5.159999847412109,5.389999866485596,5.139999866485596,5.349999904632568,1.7475502490997314,81300
2016-03-07,5.420000076293945,5.78000020980835,5.420000076293945,5.710000038146973,1.8651419878005981,88000
2016-03-08,5.690000057220459,5.690000057220459,5.150000095367432,5.210000038146973,1.7018197774887085,41800
2016-03-09,5.260000228881836,5.380000114440918,5.230000019073486,5.239999771118164,1.7116197347640991,11800
2016-03-10,5.239999771118164,5.25,5.090000152587891,5.239999771118164,1.7116197347640991,24800
2016-03-11,5.239999771118164,5.380000114440918,5.239999771118164,5.380000114440918,1.757349967956543,28100
2016-03-14,5.25,5.340000152587891,5.119999885559082,5.340000152587891,1.7442841529846191,23500
2016-03-15,5.28000020980835,5.320000171661377,5.03000020980835,5.099999904632568,1.665889024734497,19700
2016-03-16,5.099999904632568,5.349999904632568,5.099999904632568,5.289999961853027,1.7279516458511353,30900
2016-03-17,5.320000171661377,5.46999979019165,5.320000171661377,5.380000114440918,1.757349967956543,24500
2016-03-18,5.420000076293945,5.579999923706055,5.210000038146973,5.210000038146973,1.7018197774887085,28700
2016-03-21,5.309999942779541,5.309999942779541,5.099999904632568,5.239999771118164,1.7116197347640991,41000
2016-03-22,5.139999866485596,5.170000076293945,5.070000171661377,5.119999885559082,1.6724220514297485,14700
2016-03-23,5.050000190734863,5.110000133514404,4.800000190734863,4.880000114440918,1.5940274000167847,31100
2016-03-24,4.800000190734863,4.940000057220459,4.71999979019165,4.809999942779541,1.5711623430252075,25900
2016-03-28,4.829999923706055,4.889999866485596,4.75,4.75,1.5515633821487427,21300
2016-03-29,4.71999979019165,4.809999942779541,4.639999866485596,4.679999828338623,1.528698205947876,16200
2016-03-30,4.730000019073486,4.789999961853027,4.690000057220459,4.690000057220459,1.531964659690857,4800
2016-03-31,4.699999809265137,4.769999980926514,4.650000095367432,4.690000057220459,1.531964659690857,24600
2016-04-01,4.679999828338623,4.75,4.480000019073486,4.599999904632568,1.5025666952133179,42700
2016-04-04,4.539999961853027,4.590000152587891,4.309999942779541,4.309999942779541,1.4078397750854492,34900
2016-04-05,4.25,4.300000190734863,3.9000000953674316,3.9200000762939453,1.280448317527771,60300
2016-04-06,3.9700000286102295,4.300000190734863,3.930000066757202,4.239999771118164,1.3849745988845825,54400
2016-04-07,4.28000020980835,4.300000190734863,4.070000171661377,4.110000133514404,1.342510461807251,57600
2016-04-08,4.289999961853027,4.380000114440918,4.050000190734863,4.349999904632568,1.420905351638794,98500
2016-04-11,4.420000076293945,4.539999961853027,4.340000152587891,4.539999961853027,1.4829679727554321,76100
2016-04-12,4.539999961853027,4.96999979019165,4.539999961853027,4.889999866485596,1.597293496131897,51500
2016-04-13,4.840000152587891,4.96999979019165,4.679999828338623,4.920000076293945,1.6170135736465454,29000
2016-04-14,4.960000038146973,4.960000038146973,4.789999961853027,4.789999961853027,1.5742878913879395,15700
2016-04-15,4.75,4.909999847412109,4.710000038146973,4.880000114440918,1.6038676500320435,13200
2016-04-18,4.630000114440918,4.860000133514404,4.539999961853027,4.809999942779541,1.5808608531951904,21800
2016-04-19,4.820000171661377,4.940000057220459,4.820000171661377,4.940000057220459,1.6235864162445068,42800
2016-04-20,4.920000076293945,4.989999771118164,4.820000171661377,4.920000076293945,1.6170135736465454,38800
2016-04-21,4.889999866485596,4.889999866485596,4.710000038146973,4.829999923706055,1.5874334573745728,18500
2016-04-22,4.829999923706055,5.340000152587891,4.809999942779541,5.289999961853027,1.7386177778244019,71300
2016-04-25,5.389999866485596,5.460000038146973,5.079999923706055,5.130000114440918,1.6860322952270508,36500
2016-04-26,5.179999828338623,5.230000019073486,5.0,5.019999980926514,1.6498796939849854,47000
2016-04-27,5.050000190734863,5.269999980926514,5.050000190734863,5.230000019073486,1.718898057937622,25200
2016-04-28,5.21999979019165,5.289999961853027,5.130000114440918,5.25,1.7254717350006104,36900
2016-04-29,5.289999961853027,5.420000076293945,5.199999809265137,5.389999866485596,1.7714837789535522,42100
2016-05-02,5.389999866485596,5.389999866485596,5.090000152587891,5.170000076293945,1.6991785764694214,24200
2016-05-03,5.070000171661377,5.130000114440918,4.960000038146973,5.110000133514404,1.6794592142105103,26600
2016-05-04,5.139999866485596,5.199999809265137,5.03000020980835,5.079999923706055,1.6695992946624756,9500
2016-05-05,5.25,5.340000152587891,5.050000190734863,5.090000152587891,1.6728858947753906,32600
2016-05-06,4.989999771118164,5.289999961853027,4.960000038146973,5.019999980926514,1.6498796939849854,25600
2016-05-09,4.960000038146973,5.019999980926514,4.960000038146973,4.989999771118164,1.6400197744369507,9400
2016-05-10,4.980000019073486,5.190000057220459,4.980000019073486,5.150000095367432,1.6926052570343018,30400
2016-05-11,5.110000133514404,5.389999866485596,5.059999942779541,5.309999942779541,1.745191216468811,41600
2016-05-12,5.340000152587891,5.420000076293945,5.260000228881836,5.360000133514404,1.7616242170333862,58700
2016-05-13,5.25,5.699999809265137,5.179999828338623,5.179999828338623,1.7024650573730469,74600
2016-05-16,5.289999961853027,5.369999885559082,5.170000076293945,5.190000057220459,1.705751895904541,21600
2016-05-17,5.210000038146973,5.329999923706055,5.210000038146973,5.239999771118164,1.7221851348876953,9300
2016-05-18,5.239999771118164,5.460000038146973,5.239999771118164,5.440000057220459,1.7879173755645752,39200
2016-05-19,5.329999923706055,5.329999923706055,5.0,5.159999847412109,1.6958919763565063,13800
2016-05-20,5.190000057220459,5.320000171661377,5.130000114440918,5.210000038146973,1.7123249769210815,11200
2016-05-23,5.150000095367432,5.159999847412109,5.070000171661377,5.130000114440918,1.6860322952270508,27600
2016-05-24,5.150000095367432,5.179999828338623,5.050000190734863,5.150000095367432,1.6926052570343018,11000
2016-05-25,5.199999809265137,5.559999942779541,5.199999809265137,5.519999980926514,1.8142105340957642,76400
2016-05-26,5.550000190734863,6.190000057220459,5.550000190734863,5.630000114440918,1.8503631353378296,54100
2016-05-27,5.559999942779541,5.679999828338623,5.460000038146973,5.610000133514404,1.8437896966934204,30700
2016-05-31,5.619999885559082,5.75,5.400000095367432,5.46999979019165,1.7977769374847412,16500
2016-06-01,5.400000095367432,5.480000019073486,5.210000038146973,5.480000019073486,1.8010642528533936,15000
2016-06-02,5.480000019073486,5.539999961853027,5.369999885559082,5.5,1.8076367378234863,13900
2016-06-03,5.519999980926514,5.550000190734863,5.429999828338623,5.550000190734863,1.8240700960159302,11700
2016-06-06,5.550000190734863,5.619999885559082,5.440000057220459,5.619999885559082,1.8470762968063354,30300
2016-06-07,5.599999904632568,5.889999866485596,5.599999904632568,5.829999923706055,1.9160956144332886,75800
2016-06-08,5.880000114440918,6.0,5.710000038146973,5.78000020980835,1.899661898612976,87100
2016-06-09,5.78000020980835,5.949999809265137,5.659999847412109,5.900000095367432,1.9391013383865356,82300
2016-06-10,5.929999828338623,5.949999809265137,5.760000228881836,5.880000114440918,1.9325282573699951,46500
2016-06-13,5.800000190734863,5.900000095367432,5.800000190734863,5.849999904632568,1.922668218612671,9100
2016-06-14,5.849999904632568,5.900000095367432,5.809999942779541,5.869999885559082,1.9292412996292114,11100
2016-06-15,5.849999904632568,6.0,5.800000190734863,5.820000171661377,1.9128080606460571,34800
2016-06-16,5.739999771118164,5.940000057220459,5.539999961853027,5.940000057220459,1.9522473812103271,119400
2016-06-17,6.0,6.329999923706055,5.840000152587891,6.059999942779541,1.9916870594024658,53800
2016-06-20,6.090000152587891,6.239999771118164,6.0,6.050000190734863,1.9884004592895508,40100
2016-06-21,6.039999961853027,6.25,5.940000057220459,6.179999828338623,2.0311267375946045,12700
2016-06-22,6.260000228881836,6.369999885559082,6.039999961853027,6.039999961853027,1.9851137399673462,6200
2016-06-23,6.139999866485596,6.150000095367432,6.0,6.110000133514404,2.00812029838562,29600
2016-06-24,5.920000076293945,6.300000190734863,5.900000095367432,6.199999809265137,2.0376999378204346,32600
2016-06-27,6.179999828338623,6.179999828338623,5.510000228881836,5.630000114440918,1.8503631353378296,176500
2016-06-28,5.730000019073486,6.28000020980835,5.730000019073486,6.119999885559082,2.0114071369171143,104600
2016-06-29,6.210000038146973,6.5,6.210000038146973,6.409999847412109,2.1067183017730713,40900
2016-06-30,6.409999847412109,6.429999828338623,6.21999979019165,6.309999942779541,2.073852300643921,32900
2016-07-01,6.360000133514404,6.449999809265137,6.260000228881836,6.340000152587891,2.083712100982666,49200
2016-07-05,6.269999980926514,6.309999942779541,5.900000095367432,6.059999942779541,1.9916870594024658,14100
2016-07-06,6.050000190734863,6.480000019073486,6.050000190734863,6.340000152587891,2.083712100982666,25600
2016-07-07,6.460000038146973,6.489999771118164,6.050000190734863,6.139999866485596,2.0179800987243652,26800
2016-07-08,6.099999904632568,6.400000095367432,6.0,6.070000171661377,1.9949737787246704,116300
2016-07-11,6.079999923706055,6.230000019073486,5.96999979019165,6.130000114440918,2.0146937370300293,32700
2016-07-12,6.179999828338623,6.369999885559082,6.019999980926514,6.190000057220459,2.0344133377075195,36700
2016-07-13,6.010000228881836,6.090000152587891,5.940000057220459,6.019999980926514,2.014336347579956,17400
2016-07-14,6.059999942779541,6.110000133514404,5.980000019073486,5.989999771118164,2.004298448562622,17700
2016-07-15,6.019999980926514,6.25,5.989999771118164,6.070000171661377,2.031067132949829,84800
2016-07-18,6.070000171661377,6.130000114440918,5.889999866485596,5.909999847412109,1.9775300025939941,44100
2016-07-19,5.940000057220459,5.940000057220459,5.639999866485596,5.840000152587891,1.9541070461273193,74900
2016-07-20,5.880000114440918,6.03000020980835,5.699999809265137,6.019999980926514,2.014336347579956,23200
2016-07-21,5.949999809265137,6.110000133514404,5.949999809265137,6.019999980926514,2.014336347579956,6900
2016-07-22,6.059999942779541,6.210000038146973,5.929999828338623,5.96999979019165,1.9976065158843994,119700
2016-07-25,5.980000019073486,6.150000095367432,5.929999828338623,6.010000228881836,2.010990619659424,66300
2016-07-26,6.019999980926514,6.190000057220459,6.010000228881836,6.139999866485596,2.0544893741607666,21600
2016-07-27,6.079999923706055,6.119999885559082,5.929999828338623,5.940000057220459,1.9875684976577759,24000
2016-07-28,5.929999828338623,6.0,5.889999866485596,5.909999847412109,1.9775300025939941,34600
2016-07-29,5.900000095367432,6.0,5.869999885559082,5.949999809265137,1.9909133911132812,33800
2016-08-01,5.900000095367432,5.949999809265137,5.800000190734863,5.860000133514404,1.9607990980148315,71800
2016-08-02,5.909999847412109,5.909999847412109,5.710000038146973,5.769999980926514,1.9306849241256714,46900
2016-08-03,5.78000020980835,5.860000133514404,5.730000019073486,5.860000133514404,1.9607990980148315,14500
2016-08-04,5.809999942779541,5.909999847412109,5.78000020980835,5.889999866485596,1.9708374738693237,19500
2016-08-05,5.849999904632568,5.960000038146973,5.849999904632568,5.940000057220459,1.9875684976577759,5800
2016-08-08,5.889999866485596,6.199999809265137,5.880000114440918,6.119999885559082,2.047797441482544,23100
2016-08-09,6.099999904632568,6.25,6.019999980926514,6.079999923706055,2.0344133377075195,26000
2016-08-10,6.039999961853027,6.099999904632568,6.0,6.010000228881836,2.010990619659424,2900
2016-08-11,6.0,6.130000114440918,5.980000019073486,6.110000133514404,2.0444514751434326,10600
2016-08-12,6.119999885559082,6.190000057220459,6.059999942779541,6.179999828338623,2.067873954772949,7700
2016-08-15,6.199999809265137,6.199999809265137,6.119999885559082,6.190000057220459,2.0712201595306396,24800
2016-08-16,6.21999979019165,6.230000019073486,6.170000076293945,6.199999809265137,2.074566125869751,20000
2016-08-17,6.150000095367432,6.21999979019165,6.099999904632568,6.159999847412109,2.0611817836761475,8600
2016-08-18,6.170000076293945,6.210000038146973,5.960000038146973,6.110000133514404,2.0444514751434326,21700
2016-08-19,6.239999771118164,6.239999771118164,6.170000076293945,6.199999809265137,2.074566125869751,8900
2016-08-22,6.139999866485596,6.139999866485596,6.079999923706055,6.079999923706055,2.0344133377075195,5600
2016-08-23,6.03000020980835,6.179999828338623,5.900000095367432,6.150000095367432,2.0578362941741943,18000
2016-08-24,6.139999866485596,6.159999847412109,6.019999980926514,6.039999961853027,2.021028995513916,19600
2016-08-25,6.0,6.110000133514404,5.989999771118164,6.079999923706055,2.0344133377075195,15700
2016-08-26,6.050000190734863,6.139999866485596,6.019999980926514,6.03000020980835,2.017683267593384,9100
2016-08-29,6.019999980926514,6.090000152587891,6.019999980926514,6.019999980926514,2.014336347579956,13500
2016-08-30,6.050000190734863,6.139999866485596,6.039999961853027,6.059999942779541,2.0277211666107178,9900
2016-08-31,6.03000020980835,6.130000114440918,6.03000020980835,6.059999942779541,2.0277211666107178,16300
2016-09-01,6.0,6.050000190734863,5.949999809265137,6.019999980926514,2.014336347579956,19900
2016-09-02,6.0,6.119999885559082,6.0,6.070000171661377,2.031067132949829,14700
2016-09-06,6.070000171661377,6.119999885559082,6.0,6.119999885559082,2.047797441482544,15200
2016-09-07,6.070000171661377,6.119999885559082,6.039999961853027,6.070000171661377,2.031067132949829,26400
2016-09-08,6.050000190734863,6.119999885559082,6.050000190734863,6.119999885559082,2.047797441482544,15000
2016-09-09,6.059999942779541,6.059999942779541,6.050000190734863,6.050000190734863,2.0243749618530273,3900
2016-09-12,6.050000190734863,6.079999923706055,6.010000228881836,6.039999961853027,2.021028995513916,5300
2016-09-13,6.0,6.010000228881836,5.5,5.590000152587891,1.8704559803009033,43300
2016-09-14,5.659999847412109,5.71999979019165,5.429999828338623,5.590000152587891,1.8704559803009033,42400
2016-09-15,5.599999904632568,5.690000057220459,5.230000019073486,5.25,1.7566893100738525,33800
2016-09-16,5.239999771118164,5.320000171661377,5.139999866485596,5.139999866485596,1.719882607460022,14400
2016-09-19,5.239999771118164,5.429999828338623,5.210000038146973,5.300000190734863,1.7734194993972778,30800
2016-09-20,5.300000190734863,5.360000133514404,5.230000019073486,5.28000020980835,1.766727328300476,6100
2016-09-21,5.340000152587891,5.590000152587891,5.289999961853027,5.53000020980835,1.8503787517547607,65900
2016-09-22,5.78000020980835,5.860000133514404,5.739999771118164,5.860000133514404,1.9607990980148315,42900
2016-09-23,5.760000228881836,5.840000152587891,5.539999961853027,5.570000171661377,1.8637639284133911,18900
2016-09-26,5.25,5.489999771118164,5.25,5.480000019073486,1.833648681640625,39800
2016-09-27,5.300000190734863,5.429999828338623,5.269999980926514,5.309999942779541,1.7767658233642578,20100
2016-09-28,5.369999885559082,5.590000152587891,5.230000019073486,5.590000152587891,1.8704559803009033,19700
2016-09-29,5.590000152587891,5.829999923706055,5.570000171661377,5.610000133514404,1.8771477937698364,60500
2016-09-30,5.599999904632568,5.760000228881836,5.570000171661377,5.71999979019165,1.913954496383667,39700
2016-10-03,5.760000228881836,5.849999904632568,5.710000038146973,5.800000190734863,1.9407234191894531,43700
2016-10-04,5.800000190734863,5.889999866485596,5.739999771118164,5.889999866485596,1.9708374738693237,56300
2016-10-05,6.0,6.190000057220459,6.0,6.090000152587891,2.03775954246521,52600
2016-10-06,6.119999885559082,6.409999847412109,6.090000152587891,6.380000114440918,2.134795904159546,103300
2016-10-07,6.420000076293945,6.760000228881836,6.230000019073486,6.269999980926514,2.0979888439178467,229000
2016-10-10,6.46999979019165,6.610000133514404,6.320000171661377,6.360000133514404,2.1281039714813232,69700
2016-10-11,6.360000133514404,6.449999809265137,6.289999961853027,6.329999923706055,2.118065118789673,51400
2016-10-12,6.139999866485596,6.420000076293945,6.019999980926514,6.25,2.1455278396606445,31300
2016-10-13,6.199999809265137,6.349999904632568,6.170000076293945,6.190000057220459,2.1249306201934814,21800
2016-10-14,6.260000228881836,6.289999961853027,6.210000038146973,6.269999980926514,2.1523938179016113,16600
2016-10-17,6.190000057220459,6.210000038146973,5.949999809265137,5.96999979019165,2.049408435821533,40100
2016-10-18,6.099999904632568,6.110000133514404,6.0,6.010000228881836,2.0631394386291504,55500
2016-10-19,6.050000190734863,6.53000020980835,6.050000190734863,6.190000057220459,2.1249306201934814,60300
2016-10-20,6.190000057220459,6.25,6.150000095367432,6.21999979019165,2.1352291107177734,48600
2016-10-21,6.159999847412109,6.230000019073486,6.150000095367432,6.21999979019165,2.1352291107177734,7900
2016-10-24,6.170000076293945,6.210000038146973,6.070000171661377,6.110000133514404,2.0974678993225098,10800
2016-10-25,6.159999847412109,6.21999979019165,6.099999904632568,6.099999904632568,2.0940353870391846,14700
2016-10-26,6.119999885559082,6.210000038146973,6.050000190734863,6.119999885559082,2.100900888442993,31800
2016-10-27,6.150000095367432,6.150000095367432,6.019999980926514,6.070000171661377,2.0837364196777344,7600
2016-10-28,6.099999904632568,6.179999828338623,5.699999809265137,5.739999771118164,1.9704524278640747,37500
2016-10-31,5.75,5.75,5.420000076293945,5.440000057220459,1.8674676418304443,29600
2016-11-01,5.449999809265137,5.900000095367432,5.440000057220459,5.699999809265137,1.9567216634750366,124800
2016-11-02,5.590000152587891,5.949999809265137,5.440000057220459,5.460000038146973,1.874333143234253,45900
2016-11-03,5.460000038146973,5.659999847412109,5.409999847412109,5.570000171661377,1.9120949506759644,47900
2016-11-04,5.5,5.869999885559082,5.429999828338623,5.53000020980835,1.8983627557754517,87700
2016-11-07,5.559999942779541,5.849999904632568,5.460000038146973,5.460000038146973,1.874333143234253,50900
2016-11-08,5.5,5.78000020980835,5.460000038146973,5.460000038146973,1.874333143234253,54400
2016-11-09,5.489999771118164,5.619999885559082,5.400000095367432,5.449999809265137,1.870900273323059,17300
2016-11-10,5.53000020980835,5.639999866485596,5.5,5.590000152587891,1.9189605712890625,10600
2016-11-11,5.559999942779541,5.710000038146973,5.510000228881836,5.579999923706055,1.9155272245407104,29200
2016-11-14,5.550000190734863,5.659999847412109,5.210000038146973,5.329999923706055,1.8297061920166016,75100
2016-11-15,5.400000095367432,5.599999904632568,5.300000190734863,5.590000152587891,1.9189605712890625,28000
2016-11-16,5.570000171661377,6.0,5.480000019073486,5.690000057220459,1.9532885551452637,33000
2016-11-17,5.699999809265137,5.900000095367432,5.400000095367432,5.5,1.8880645036697388,59400
2016-11-18,5.429999828338623,5.550000190734863,5.150000095367432,5.170000076293945,1.7747811079025269,63600
2016-11-21,5.289999961853027,5.699999809265137,5.289999961853027,5.559999942779541,1.9086613655090332,23000
2016-11-22,5.570000171661377,5.690000057220459,5.5,5.610000133514404,1.9258257150650024,46700
2016-11-23,5.539999961853027,5.699999809265137,5.5,5.699999809265137,1.9567216634750366,17800
2016-11-25,5.650000095367432,5.659999847412109,5.570000171661377,5.570000171661377,1.9120949506759644,9500
2016-11-28,5.630000114440918,5.630000114440918,5.320000171661377,5.320000171661377,1.8262735605239868,9300
2016-11-29,5.309999942779541,5.309999942779541,5.170000076293945,5.230000019073486,1.7953776121139526,22600
2016-11-30,5.289999961853027,5.699999809265137,5.25,5.519999980926514,1.8949304819107056,52100
2016-12-01,5.75,5.840000152587891,5.650000095367432,5.800000190734863,1.9910502433776855,33000
2016-12-02,5.809999942779541,5.940000057220459,5.630000114440918,5.639999866485596,1.9361244440078735,14400
2016-12-05,5.670000076293945,6.0,5.670000076293945,5.949999809265137,2.042541742324829,28600
2016-12-06,5.920000076293945,5.920000076293945,5.730000019073486,5.820000171661377,1.9979153871536255,15000
2016-12-07,5.710000038146973,5.900000095367432,5.690000057220459,5.829999923706055,2.0013489723205566,18300
2016-12-08,5.920000076293945,5.929999828338623,5.829999923706055,5.880000114440918,2.018512487411499,15200
2016-12-09,5.949999809265137,5.949999809265137,5.679999828338623,5.789999961853027,1.9876171350479126,16500
2016-12-12,5.880000114440918,6.019999980926514,5.880000114440918,5.900000095367432,2.0253782272338867,43700
2016-12-13,5.880000114440918,6.119999885559082,5.869999885559082,5.920000076293945,2.0322444438934326,20000
2016-12-14,5.900000095367432,5.989999771118164,5.900000095367432,5.909999847412109,2.028811454772949,22200
2016-12-15,5.789999961853027,5.980000019073486,5.789999961853027,5.909999847412109,2.028811454772949,6600
2016-12-16,6.130000114440918,6.460000038146973,6.019999980926514,6.389999866485596,2.193586826324463,57700
2016-12-19,6.409999847412109,6.5,6.28000020980835,6.409999847412109,2.200453758239746,27300
2016-12-20,6.5,6.550000190734863,6.389999866485596,6.420000076293945,2.2038862705230713,16000
2016-12-21,6.400000095367432,6.400000095367432,6.130000114440918,6.360000133514404,2.1832897663116455,26000
2016-12-22,6.269999980926514,6.449999809265137,6.269999980926514,6.440000057220459,2.210752248764038,20900
2016-12-23,6.400000095367432,6.420000076293945,6.179999828338623,6.309999942779541,2.1661250591278076,34000
2016-12-27,6.320000171661377,6.489999771118164,6.199999809265137,6.440000057220459,2.210752248764038,93300
2016-12-28,6.46999979019165,6.550000190734863,6.320000171661377,6.429999828338623,2.2073190212249756,35600
2016-12-29,6.380000114440918,6.400000095367432,6.199999809265137,6.260000228881836,2.148960828781128,41700
2016-12-30,6.25,6.389999866485596,6.139999866485596,6.230000019073486,2.1386616230010986,45200
2017-01-03,6.260000228881836,6.449999809265137,6.260000228881836,6.409999847412109,2.200453758239746,12800
2017-01-04,6.429999828338623,6.449999809265137,6.21999979019165,6.380000114440918,2.190155506134033,15900
2017-01-05,6.369999885559082,6.449999809265137,6.340000152587891,6.380000114440918,2.190155506134033,12800
2017-01-06,6.420000076293945,6.460000038146973,6.360000133514404,6.440000057220459,2.210752248764038,34500
2017-01-09,6.440000057220459,6.5,6.400000095367432,6.440000057220459,2.210752248764038,23400
2017-01-10,6.400000095367432,6.510000228881836,6.360000133514404,6.5,2.231349468231201,36500
2017-01-11,6.460000038146973,7.099999904632568,6.360000133514404,7.03000020980835,2.458681106567383,99000
2017-01-12,7.03000020980835,7.21999979019165,7.03000020980835,7.179999828338623,2.511141777038574,79100
2017-01-13,7.159999847412109,7.159999847412109,6.989999771118164,7.090000152587891,2.4796652793884277,24200
2017-01-17,7.150000095367432,7.25,7.010000228881836,7.179999828338623,2.511141777038574,37900
2017-01-18,7.090000152587891,7.090000152587891,6.440000057220459,6.800000190734863,2.3782401084899902,43900
2017-01-19,6.690000057220459,6.78000020980835,6.579999923706055,6.760000228881836,2.364250898361206,25000
2017-01-20,6.900000095367432,6.980000019073486,6.869999885559082,6.900000095367432,2.4132137298583984,15000
2017-01-23,6.820000171661377,6.889999866485596,6.710000038146973,6.849999904632568,2.3957273960113525,17100
2017-01-24,6.849999904632568,6.989999771118164,6.650000095367432,6.909999847412109,2.416712760925293,35000
2017-01-25,6.980000019073486,6.980000019073486,6.75,6.889999866485596,2.409716844558716,27800
2017-01-26,6.96999979019165,7.349999904632568,6.849999904632568,7.099999904632568,2.4831626415252686,72300
2017-01-27,7.050000190734863,7.059999942779541,6.880000114440918,7.059999942779541,2.469172716140747,19200
2017-01-30,7.010000228881836,7.010000228881836,6.789999961853027,6.860000133514404,2.3992245197296143,31100
2017-01-31,6.829999923706055,7.039999961853027,6.78000020980835,7.03000020980835,2.458681106567383,18200
2017-02-01,7.0,7.110000133514404,6.880000114440918,7.070000171661377,2.472669839859009,20500
2017-02-02,7.050000190734863,7.050000190734863,6.909999847412109,7.039999961853027,2.4621779918670654,22700
2017-02-03,7.0,7.0,6.900000095367432,6.989999771118164,2.4446911811828613,11000
2017-02-06,6.940000057220459,6.940000057220459,6.659999847412109,6.710000038146973,2.3467636108398438,11700
2017-02-07,6.650000095367432,6.860000133514404,6.5,6.670000076293945,2.3327736854553223,28600
2017-02-08,6.579999923706055,6.630000114440918,6.480000019073486,6.590000152587891,2.3047947883605957,14600
2017-02-09,6.579999923706055,6.619999885559082,6.480000019073486,6.539999961853027,2.2873079776763916,6000
2017-02-10,6.599999904632568,6.699999809265137,6.599999904632568,6.650000095367432,2.3257789611816406,6400
2017-02-13,6.570000171661377,6.599999904632568,6.420000076293945,6.420000076293945,2.2453386783599854,13100
2017-02-14,6.420000076293945,6.440000057220459,6.21999979019165,6.309999942779541,2.206866979598999,22400
2017-02-15,6.239999771118164,6.480000019073486,6.139999866485596,6.460000038146973,2.2593283653259277,32000
2017-02-16,6.519999980926514,6.559999942779541,6.269999980926514,6.400000095367432,2.2383437156677246,21400
2017-02-17,6.309999942779541,6.369999885559082,6.25,6.28000020980835,2.1963744163513184,7300
2017-02-21,6.300000190734863,6.480000019073486,6.25,6.289999961853027,2.1998722553253174,27500
2017-02-22,6.269999980926514,6.269999980926514,6.130000114440918,6.159999847412109,2.1544060707092285,29800
2017-02-23,6.25,6.360000133514404,6.090000152587891,6.28000020980835,2.1963744163513184,36300
2017-02-24,6.28000020980835,6.28000020980835,6.010000228881836,6.150000095367432,2.1509087085723877,25500
2017-02-27,6.25,6.440000057220459,6.21999979019165,6.309999942779541,2.206866979598999,26800
2017-02-28,6.300000190734863,6.440000057220459,6.300000190734863,6.409999847412109,2.2418410778045654,17500
2017-03-01,6.440000057220459,6.75,6.440000057220459,6.650000095367432,2.3257789611816406,32900
2017-03-02,6.639999866485596,6.639999866485596,6.510000228881836,6.539999961853027,2.2873079776763916,8700
2017-03-03,6.5,6.630000114440918,6.5,6.630000114440918,2.318784236907959,36400
2017-03-06,6.579999923706055,6.650000095367432,6.550000190734863,6.619999885559082,2.315286874771118,18300
2017-03-07,6.710000038146973,6.849999904632568,6.710000038146973,6.829999923706055,2.3887321949005127,34700
2017-03-08,6.820000171661377,6.820000171661377,6.550000190734863,6.590000152587891,2.3047947883605957,40400
2017-03-09,6.510000228881836,6.599999904632568,6.510000228881836,6.550000190734863,2.290804624557495,55700
2017-03-10,6.570000171661377,6.619999885559082,6.550000190734863,6.550000190734863,2.290804624557495,18600
2017-03-13,6.550000190734863,6.570000171661377,6.550000190734863,6.550000190734863,2.290804624557495,31700
2017-03-14,6.510000228881836,6.510000228881836,6.050000190734863,6.179999828338623,2.161400556564331,63400
2017-03-15,6.329999923706055,6.46999979019165,6.170000076293945,6.460000038146973,2.2593283653259277,31300
2017-03-16,6.539999961853027,6.539999961853027,6.179999828338623,6.340000152587891,2.2173595428466797,21700
2017-03-17,6.28000020980835,6.289999961853027,6.159999847412109,6.210000038146973,2.1718926429748535,8700
2017-03-20,6.21999979019165,6.230000019073486,6.170000076293945,6.210000038146973,2.1718926429748535,3100
2017-03-21,6.21999979019165,6.260000228881836,6.179999828338623,6.190000057220459,2.1648976802825928,13100
2017-03-22,6.190000057220459,6.199999809265137,5.929999828338623,5.96999979019165,2.0879552364349365,41700
2017-03-23,5.929999828338623,6.03000020980835,5.929999828338623,6.0,2.098446846008301,7800
2017-03-24,5.960000038146973,6.090000152587891,5.960000038146973,5.989999771118164,2.094949960708618,5900
2017-03-27,5.849999904632568,5.849999904632568,5.610000133514404,5.71999979019165,2.0005195140838623,20300
2017-03-28,5.710000038146973,5.849999904632568,5.710000038146973,5.78000020980835,2.0215044021606445,8100
2017-03-29,5.989999771118164,6.300000190734863,5.900000095367432,6.210000038146973,2.1718926429748535,73900
2017-03-30,6.289999961853027,6.289999961853027,6.130000114440918,6.150000095367432,2.1509087085723877,6100
2017-03-31,6.099999904632568,6.119999885559082,6.0,6.099999904632568,2.1334216594696045,17900
2017-04-03,6.039999961853027,6.090000152587891,5.849999904632568,5.860000133514404,2.049483299255371,7700
2017-04-04,5.96999979019165,6.099999904632568,5.940000057220459,6.099999904632568,2.1334216594696045,15200
2017-04-05,6.300000190734863,7.039999961853027,6.300000190734863,6.849999904632568,2.3957273960113525,160100
2017-04-06,6.889999866485596,7.099999904632568,6.860000133514404,7.099999904632568,2.4831626415252686,69800
2017-04-07,7.059999942779541,7.199999809265137,7.03000020980835,7.150000095367432,2.500650405883789,44300
2017-04-10,7.25,7.349999904632568,7.170000076293945,7.210000038146973,2.521634340286255,83700
2017-04-11,7.090000152587891,7.090000152587891,6.75,6.840000152587891,2.478156805038452,42300
2017-04-12,6.840000152587891,6.989999771118164,6.760000228881836,6.980000019073486,2.5288805961608887,29600
2017-04-13,7.0,7.019999980926514,6.920000076293945,7.0,2.5361266136169434,13100
2017-04-17,7.0,7.0,6.900000095367432,6.949999809265137,2.5180113315582275,40400
2017-04-18,6.900000095367432,7.039999961853027,6.889999866485596,7.019999980926514,2.54337215423584,40900
2017-04-19,7.0,7.090000152587891,7.0,7.03000020980835,2.5469961166381836,11300
2017-04-20,7.110000133514404,7.170000076293945,7.03000020980835,7.070000171661377,2.5614871978759766,36700
2017-04-21,7.039999961853027,7.050000190734863,6.860000133514404,6.920000076293945,2.5071423053741455,11500
2017-04-24,6.869999885559082,6.949999809265137,6.630000114440918,6.75,2.4455504417419434,17000
2017-04-25,6.880000114440918,6.989999771118164,6.800000190734863,6.900000095367432,2.4998958110809326,19900
2017-04-26,6.920000076293945,7.099999904632568,6.900000095367432,6.980000019073486,2.5288805961608887,28400
2017-04-27,6.949999809265137,6.949999809265137,6.670000076293945,6.789999961853027,2.460042953491211,15500
2017-04-28,6.71999979019165,6.900000095367432,6.650000095367432,6.769999980926514,2.452796220779419,31400
2017-05-01,6.699999809265137,6.739999771118164,6.25,6.420000076293945,2.3259902000427246,54800
2017-05-02,6.420000076293945,6.53000020980835,6.309999942779541,6.320000171661377,2.289760112762451,14100
2017-05-03,6.420000076293945,6.519999980926514,6.300000190734863,6.320000171661377,2.289760112762451,13700
2017-05-04,6.309999942779541,6.309999942779541,6.130000114440918,6.130000114440918,2.220921754837036,12900
2017-05-05,6.190000057220459,6.309999942779541,6.170000076293945,6.309999942779541,2.2861363887786865,17700
2017-05-08,6.300000190734863,6.420000076293945,6.210000038146973,6.300000190734863,2.2825140953063965,11700
2017-05-09,6.25,6.269999980926514,6.099999904632568,6.150000095367432,2.228168249130249,12600
2017-05-10,6.269999980926514,6.46999979019165,6.25,6.449999809265137,2.3368589878082275,7900
2017-05-11,6.5,6.630000114440918,6.260000228881836,6.289999961853027,2.278890609741211,12400
2017-05-12,6.269999980926514,6.349999904632568,6.199999809265137,6.28000020980835,2.2752673625946045,6300
2017-05-15,6.349999904632568,6.539999961853027,6.25,6.260000228881836,2.268022060394287,12400
2017-05-16,6.260000228881836,6.340000152587891,6.139999866485596,6.150000095367432,2.228168249130249,13300
2017-05-17,6.099999904632568,6.269999980926514,6.019999980926514,6.119999885559082,2.217299222946167,15300
2017-05-18,6.130000114440918,6.179999828338623,6.059999942779541,6.099999904632568,2.2100532054901123,6100
2017-05-19,6.230000019073486,6.349999904632568,6.110000133514404,6.179999828338623,2.239037275314331,13900
2017-05-22,6.300000190734863,6.300000190734863,6.150000095367432,6.179999828338623,2.239037275314331,18200
2017-05-23,6.150000095367432,6.409999847412109,6.150000095367432,6.309999942779541,2.2861363887786865,18900
2017-05-24,6.289999961853027,6.409999847412109,6.110000133514404,6.199999809265137,2.2462832927703857,8000
2017-05-25,6.199999809265137,6.309999942779541,6.150000095367432,6.150000095367432,2.228168249130249,15100
2017-05-26,6.110000133514404,6.199999809265137,6.110000133514404,6.179999828338623,2.239037275314331,9800
2017-05-30,6.099999904632568,6.289999961853027,6.050000190734863,6.139999866485596,2.2245450019836426,19500
2017-05-31,6.130000114440918,6.130000114440918,6.039999961853027,6.059999942779541,2.1955604553222656,11400
2017-06-01,6.010000228881836,6.090000152587891,5.920000076293945,5.940000057220459,2.1520841121673584,30400
2017-06-02,5.940000057220459,6.090000152587891,5.869999885559082,6.039999961853027,2.188314437866211,22900
2017-06-05,5.989999771118164,6.099999904632568,5.949999809265137,6.039999961853027,2.188314437866211,8500
2017-06-06,6.019999980926514,6.210000038146973,6.019999980926514,6.210000038146973,2.249906063079834,12000
2017-06-07,6.099999904632568,6.239999771118164,6.019999980926514,6.050000190734863,2.1919376850128174,20300
2017-06-08,6.03000020980835,6.110000133514404,6.03000020980835,6.079999923706055,2.2028071880340576,8000
2017-06-09,6.130000114440918,6.230000019073486,6.130000114440918,6.179999828338623,2.239037275314331,16000
2017-06-12,6.079999923706055,6.179999828338623,6.03000020980835,6.059999942779541,2.1955604553222656,26300
2017-06-13,6.03000020980835,6.150000095367432,6.03000020980835,6.059999942779541,2.1955604553222656,8200
2017-06-14,6.179999828338623,6.230000019073486,6.150000095367432,6.190000057220459,2.2426600456237793,18700
2017-06-15,6.190000057220459,6.25,6.150000095367432,6.150000095367432,2.228168249130249,7400
2017-06-16,6.21999979019165,6.239999771118164,6.079999923706055,6.230000019073486,2.257152557373047,19300
2017-06-19,6.230000019073486,6.230000019073486,6.090000152587891,6.150000095367432,2.228168249130249,4100
2017-06-20,6.150000095367432,6.150000095367432,5.889999866485596,5.889999866485596,2.1339685916900635,75500
2017-06-21,5.900000095367432,5.920000076293945,5.71999979019165,5.71999979019165,2.0723772048950195,40500
2017-06-22,5.789999961853027,5.860000133514404,5.639999866485596,5.699999809265137,2.065131187438965,14600
2017-06-23,5.690000057220459,5.75,5.650000095367432,5.75,2.0832467079162598,11800
2017-06-26,5.840000152587891,5.849999904632568,5.610000133514404,5.78000020980835,2.094115734100342,16100
2017-06-27,5.789999961853027,6.0,5.760000228881836,5.849999904632568,2.119476556777954,12000
2017-06-28,5.860000133514404,5.940000057220459,5.849999904632568,5.869999885559082,2.126722812652588,10500
2017-06-29,5.929999828338623,5.949999809265137,5.800000190734863,5.800000190734863,2.1013617515563965,26700
2017-06-30,5.800000190734863,5.829999923706055,5.78000020980835,5.809999942779541,2.104985237121582,9600
2017-07-03,5.789999961853027,5.929999828338623,5.789999961853027,5.900000095367432,2.137592077255249,2900
2017-07-05,6.28000020980835,6.289999961853027,5.889999866485596,5.96999979019165,2.1629533767700195,79500
2017-07-06,6.150000095367432,6.5,5.980000019073486,6.0,2.1738221645355225,91300
2017-07-07,6.03000020980835,6.059999942779541,5.949999809265137,6.050000190734863,2.1919376850128174,51000
2017-07-10,6.099999904632568,6.480000019073486,6.019999980926514,6.119999885559082,2.217299222946167,88100
2017-07-11,6.269999980926514,6.269999980926514,6.039999961853027,6.110000133514404,2.2136762142181396,76100
2017-07-12,5.96999979019165,5.989999771118164,5.71999979019165,5.739999771118164,2.1591334342956543,72800
2017-07-13,5.710000038146973,5.75,5.570000171661377,5.679999828338623,2.136563777923584,6600
2017-07-14,5.670000076293945,5.71999979019165,5.610000133514404,5.659999847412109,2.1290411949157715,15100
2017-07-17,5.659999847412109,5.949999809265137,5.639999866485596,5.800000190734863,2.1817026138305664,53300
2017-07-18,5.78000020980835,5.840000152587891,5.659999847412109,5.670000076293945,2.1328024864196777,13600
2017-07-19,5.590000152587891,5.730000019073486,5.460000038146973,5.599999904632568,2.1064720153808594,33300
2017-07-20,5.75,5.849999904632568,5.550000190734863,5.730000019073486,2.1553714275360107,30300
2017-07-21,5.630000114440918,5.679999828338623,5.440000057220459,5.460000038146973,2.053809881210327,27300
2017-07-24,5.460000038146973,5.590000152587891,5.170000076293945,5.21999979019165,1.9635329246520996,65400
2017-07-25,5.320000171661377,5.5,5.320000171661377,5.440000057220459,2.0462868213653564,57400
2017-07-26,5.570000171661377,5.579999923706055,5.360000133514404,5.489999771118164,2.0650947093963623,38500
2017-07-27,5.389999866485596,5.550000190734863,5.369999885559082,5.409999847412109,2.0350019931793213,30500
2017-07-28,5.46999979019165,5.46999979019165,5.300000190734863,5.300000190734863,1.993625283241272,13200
2017-07-31,5.329999923706055,5.340000152587891,5.179999828338623,5.340000152587891,2.008671760559082,18000
2017-08-01,5.360000133514404,5.440000057220459,5.179999828338623,5.420000076293945,2.0387635231018066,27600
2017-08-02,5.329999923706055,5.329999923706055,5.210000038146973,5.269999980926514,1.9823399782180786,8400
2017-08-03,5.239999771118164,5.300000190734863,5.150000095367432,5.179999828338623,1.9484862089157104,21100
2017-08-04,5.199999809265137,5.230000019073486,5.130000114440918,5.179999828338623,1.9484862089157104,29500
2017-08-07,5.239999771118164,5.239999771118164,4.949999809265137,5.139999866485596,1.9334402084350586,63500
2017-08-08,5.110000133514404,5.170000076293945,5.0,5.059999942779541,1.9033472537994385,18200
2017-08-09,5.010000228881836,5.119999885559082,4.989999771118164,5.019999980926514,1.8883014917373657,21700
2017-08-10,5.039999961853027,5.079999923706055,4.860000133514404,4.909999847412109,1.8469244241714478,46500
2017-08-11,4.909999847412109,5.0,4.909999847412109,4.980000019073486,1.8732550144195557,8300
2017-08-14,4.929999828338623,4.989999771118164,4.869999885559082,4.869999885559082,1.8318777084350586,22300
2017-08-15,4.869999885559082,4.980000019073486,4.860000133514404,4.920000076293945,1.850685715675354,4600
2017-08-16,4.949999809265137,5.03000020980835,4.860000133514404,4.929999828338623,1.854447364807129,10500
2017-08-17,4.949999809265137,5.019999980926514,4.949999809265137,4.96999979019165,1.8694934844970703,6100
2017-08-18,4.96999979019165,5.099999904632568,4.849999904632568,5.039999961853027,1.8958244323730469,23000
2017-08-21,5.010000228881836,5.03000020980835,4.849999904632568,4.860000133514404,1.8281168937683105,14600
2017-08-22,4.889999866485596,4.900000095367432,4.800000190734863,4.809999942779541,1.8093088865280151,21500
2017-08-23,4.869999885559082,4.929999828338623,4.869999885559082,4.929999828338623,1.854447364807129,7100
2017-08-24,4.929999828338623,4.929999828338623,4.820000171661377,4.920000076293945,1.850685715675354,13700
2017-08-25,4.949999809265137,4.949999809265137,4.880000114440918,4.889999866485596,1.8394010066986084,16900
2017-08-28,4.900000095367432,4.920000076293945,4.809999942779541,4.920000076293945,1.850685715675354,9400
2017-08-29,4.929999828338623,4.929999828338623,4.829999923706055,4.869999885559082,1.8318777084350586,8000
2017-08-30,4.889999866485596,5.0,4.849999904632568,5.0,1.8807787895202637,13500
2017-08-31,5.0,5.119999885559082,5.0,5.099999904632568,1.9183940887451172,14700
2017-09-01,5.099999904632568,5.110000133514404,4.929999828338623,4.989999771118164,1.8770166635513306,20900
2017-09-05,5.0,5.119999885559082,5.0,5.03000020980835,1.892062783241272,12600
2017-09-06,5.110000133514404,5.139999866485596,5.050000190734863,5.050000190734863,1.8995860815048218,13200
2017-09-07,5.019999980926514,5.099999904632568,4.940000057220459,5.039999961853027,1.8958244323730469,15400
2017-09-08,5.0,5.130000114440918,4.989999771118164,4.989999771118164,1.8770166635513306,28700
2017-09-11,5.070000171661377,5.159999847412109,5.059999942779541,5.099999904632568,1.9183940887451172,34100
2017-09-12,5.139999866485596,5.159999847412109,5.090000152587891,5.099999904632568,1.9183940887451172,12200
2017-09-13,5.119999885559082,5.199999809265137,5.099999904632568,5.099999904632568,1.9183940887451172,24200
2017-09-14,5.150000095367432,5.25,5.139999866485596,5.179999828338623,1.9484862089157104,36300
2017-09-15,5.170000076293945,5.230000019073486,5.090000152587891,5.150000095367432,1.9372011423110962,9900
2017-09-18,5.199999809265137,5.239999771118164,5.150000095367432,5.239999771118164,1.971055507659912,10400
2017-09-19,5.25,5.420000076293945,5.21999979019165,5.25,1.974817156791687,48500
2017-09-20,5.389999866485596,5.5,5.300000190734863,5.460000038146973,2.053809881210327,67800
2017-09-21,5.400000095367432,5.489999771118164,5.349999904632568,5.449999809265137,2.050048351287842,22500
2017-09-22,5.429999828338623,5.53000020980835,5.269999980926514,5.5,2.0688560009002686,25800
2017-09-25,5.550000190734863,5.590000152587891,5.369999885559082,5.400000095367432,2.031240701675415,31500
2017-09-26,5.420000076293945,5.599999904632568,5.369999885559082,5.480000019073486,2.061333179473877,29300
2017-09-27,5.480000019073486,5.650000095367432,5.480000019073486,5.559999942779541,2.0914254188537598,36700
2017-09-28,5.630000114440918,5.639999866485596,5.320000171661377,5.610000133514404,2.1102325916290283,33600
2017-09-29,5.690000057220459,5.75,5.639999866485596,5.75,2.1628949642181396,36900
2017-10-02,5.860000133514404,6.25,5.820000171661377,6.110000133514404,2.298311233520508,256200
2017-10-03,6.190000057220459,6.409999847412109,6.130000114440918,6.25,2.3509724140167236,128300
2017-10-04,6.090000152587891,6.099999904632568,5.699999809265137,5.900000095367432,2.219318389892578,186700
2017-10-05,5.920000076293945,6.139999866485596,5.920000076293945,5.940000057220459,2.2343645095825195,57000
2017-10-06,5.960000038146973,5.960000038146973,5.75,5.840000152587891,2.196749210357666,51300
2017-10-09,5.889999866485596,5.96999979019165,5.809999942779541,5.809999942779541,2.18546462059021,20200
2017-10-10,5.900000095367432,5.980000019073486,5.760000228881836,5.829999923706055,2.1929874420166016,55100
2017-10-11,5.840000152587891,5.840000152587891,5.610000133514404,5.769999980926514,2.170417547225952,63900
2017-10-12,5.699999809265137,5.699999809265137,5.360000133514404,5.510000228881836,2.1185126304626465,31500
2017-10-13,5.420000076293945,5.5,5.400000095367432,5.429999828338623,2.136216402053833,26300
2017-10-16,5.420000076293945,5.539999961853027,5.349999904632568,5.440000057220459,2.140150547027588,43900
2017-10-17,5.489999771118164,5.579999923706055,5.309999942779541,5.489999771118164,2.159820795059204,32900
2017-10-18,5.460000038146973,5.539999961853027,5.25,5.360000133514404,2.108677625656128,18100
2017-10-19,5.300000190734863,5.360000133514404,5.260000228881836,5.260000228881836,2.069336175918579,4800
2017-10-20,5.25,5.28000020980835,5.150000095367432,5.230000019073486,2.0575335025787354,26200
2017-10-23,5.28000020980835,5.389999866485596,5.199999809265137,5.340000152587891,2.100809335708618,46200
2017-10-24,5.309999942779541,5.590000152587891,5.260000228881836,5.449999809265137,2.1440839767456055,76300
2017-10-25,5.5,5.75,5.460000038146973,5.630000114440918,2.214898109436035,49800
2017-10-26,5.639999866485596,5.639999866485596,5.309999942779541,5.460000038146973,2.1480183601379395,93800
2017-10-27,5.389999866485596,5.630000114440918,5.360000133514404,5.579999923706055,2.19522762298584,33500
2017-10-30,5.579999923706055,5.820000171661377,5.579999923706055,5.78000020980835,2.273909568786621,42200
2017-10-31,5.730000019073486,5.940000057220459,5.610000133514404,5.889999866485596,2.3171846866607666,30600
2017-11-01,5.940000057220459,5.940000057220459,5.679999828338623,5.920000076293945,2.3289873600006104,29900
2017-11-02,5.800000190734863,5.869999885559082,5.670000076293945,5.730000019073486,2.2542388439178467,8400
2017-11-03,5.599999904632568,5.800000190734863,5.570000171661377,5.760000228881836,2.2660417556762695,30000
2017-11-06,5.699999809265137,5.889999866485596,5.579999923706055,5.849999904632568,2.301448345184326,36000
2017-11-07,5.869999885559082,5.980000019073486,5.800000190734863,5.909999847412109,2.325052499771118,17200
2017-11-08,5.909999847412109,5.949999809265137,5.670000076293945,5.829999923706055,2.2935800552368164,20300
2017-11-09,5.75,5.869999885559082,5.650000095367432,5.849999904632568,2.301448345184326,17000
2017-11-10,5.829999923706055,5.900000095367432,5.800000190734863,5.900000095367432,2.3211188316345215,15100
2017-11-13,5.900000095367432,5.900000095367432,5.619999885559082,5.630000114440918,2.214898109436035,35800
2017-11-14,5.659999847412109,5.820000171661377,5.5,5.820000171661377,2.2896459102630615,87700
2017-11-15,5.539999961853027,5.699999809265137,5.489999771118164,5.579999923706055,2.19522762298584,42200
2017-11-16,5.639999866485596,5.639999866485596,5.460000038146973,5.489999771118164,2.159820795059204,17900
2017-11-17,5.46999979019165,5.610000133514404,5.460000038146973,5.610000133514404,2.2070295810699463,14900
2017-11-20,5.650000095367432,5.670000076293945,5.539999961853027,5.670000076293945,2.2306344509124756,14600
2017-11-21,5.650000095367432,5.670000076293945,5.53000020980835,5.630000114440918,2.214898109436035,6000
2017-11-22,5.679999828338623,5.849999904632568,5.670000076293945,5.840000152587891,2.2975142002105713,27000
2017-11-24,5.730000019073486,6.010000228881836,5.730000019073486,5.869999885559082,2.3093159198760986,51000
2017-11-27,5.800000190734863,6.050000190734863,5.699999809265137,5.920000076293945,2.3289873600006104,91800
2017-11-28,5.789999961853027,5.949999809265137,5.690000057220459,5.849999904632568,2.301448345184326,13300
2017-11-29,5.699999809265137,5.849999904632568,5.699999809265137,5.800000190734863,2.28177809715271,10800
2017-11-30,5.769999980926514,6.0,5.769999980926514,6.0,2.3604588508605957,57000
2017-12-01,5.880000114440918,6.900000095367432,5.849999904632568,6.849999904632568,2.6948583126068115,191100
2017-12-04,6.71999979019165,6.980000019073486,6.670000076293945,6.980000019073486,2.746001720428467,82600
2017-12-05,6.690000057220459,6.960000038146973,6.630000114440918,6.820000171661377,2.683056116104126,38500
2017-12-06,6.710000038146973,6.769999980926514,6.420000076293945,6.690000057220459,2.6319119930267334,35600
2017-12-07,6.449999809265137,6.650000095367432,6.449999809265137,6.599999904632568,2.5965054035186768,21200
2017-12-08,6.599999904632568,6.849999904632568,6.599999904632568,6.78000020980835,2.6673190593719482,40900
2017-12-11,6.849999904632568,6.869999885559082,6.679999828338623,6.869999885559082,2.702726364135742,17900
2017-12-12,6.880000114440918,6.880000114440918,6.639999866485596,6.840000152587891,2.6909234523773193,16200
2017-12-13,6.849999904632568,7.349999904632568,6.710000038146973,7.349999904632568,2.891563653945923,121600
2017-12-14,7.269999980926514,7.409999847412109,7.110000133514404,7.349999904632568,2.891563653945923,101700
2017-12-15,7.309999942779541,7.539999961853027,7.179999828338623,7.46999979019165,2.938771963119507,60000
2017-12-18,7.300000190734863,7.480000019073486,7.179999828338623,7.179999828338623,2.82468318939209,73500
2017-12-19,7.179999828338623,7.320000171661377,7.159999847412109,7.25,2.8522226810455322,26600
2017-12-20,7.349999904632568,7.449999809265137,7.309999942779541,7.400000095367432,2.91123366355896,30600
2017-12-21,7.409999847412109,8.079999923706055,7.360000133514404,8.079999923706055,3.1787519454956055,65100
2017-12-22,8.050000190734863,8.050000190734863,7.539999961853027,7.880000114440918,3.1000702381134033,47400
2017-12-26,7.949999809265137,8.989999771118164,7.949999809265137,8.880000114440918,3.493480920791626,91500
2017-12-27,8.9399995803833,8.960000038146973,8.300000190734863,8.359999656677246,3.2889068126678467,107700
2017-12-28,8.390000343322754,8.84000015258789,8.390000343322754,8.84000015258789,3.4777448177337646,38000
2017-12-29,8.75,8.770000457763672,8.25,8.399999618530273,3.304642677307129,69500
2018-01-02,8.5,9.25,8.420000076293945,9.25,3.639042377471924,76600
2018-01-03,9.199999809265137,9.739999771118164,9.020000457763672,9.109999656677246,3.5839641094207764,94800
2018-01-04,9.0600004196167,9.300000190734863,8.90999984741211,9.119999885559082,3.5878987312316895,42600
2018-01-05,8.949999809265137,9.449999809265137,8.800000190734863,9.329999923706055,3.6705148220062256,59900
2018-01-08,9.34000015258789,9.449999809265137,8.850000381469727,9.380000114440918,3.690185308456421,70300
2018-01-09,9.449999809265137,9.800000190734863,9.25,9.699999809265137,3.816077470779419,115600
2018-01-10,9.6899995803833,9.720000267028809,8.920000076293945,9.300000190734863,3.658712148666382,156300
2018-01-11,8.970000267028809,9.350000381469727,8.970000267028809,9.319999694824219,3.755418062210083,44700
2018-01-12,9.229999542236328,9.40999984741211,8.920000076293945,9.0600004196167,3.65065336227417,28700
2018-01-16,9.149999618530273,9.149999618530273,8.3100004196167,8.420000076293945,3.392770528793335,42900
2018-01-17,8.449999809265137,8.699999809265137,8.210000038146973,8.260000228881836,3.3283002376556396,32000
2018-01-18,8.199999809265137,8.380000114440918,8.0,8.300000190734863,3.3444175720214844,31200
2018-01-19,8.430000305175781,8.430000305175781,8.09000015258789,8.369999885559082,3.3726236820220947,18100
2018-01-22,8.289999961853027,8.529999732971191,8.25,8.390000343322754,3.3806824684143066,18500
2018-01-23,8.489999771118164,8.729999542236328,8.350000381469727,8.460000038146973,3.408888816833496,52700
2018-01-24,8.720000267028809,8.779999732971191,8.5,8.75,3.5257420539855957,23900
2018-01-25,8.850000381469727,8.850000381469727,8.300000190734863,8.3100004196167,3.348446846008301,81500
2018-01-26,8.319999694824219,8.4399995803833,7.949999809265137,8.4399995803833,3.400829315185547,49400
2018-01-29,8.300000190734863,8.479999542236328,7.860000133514404,8.390000343322754,3.3806824684143066,31700
2018-01-30,8.069999694824219,8.279999732971191,8.0,8.15999984741211,3.288005828857422,38700
2018-01-31,8.170000076293945,8.260000228881836,7.960000038146973,7.96999979019165,3.211446762084961,27200
2018-02-01,7.980000019073486,8.649999618530273,7.980000019073486,8.640000343322754,3.4814181327819824,99000
2018-02-02,8.579999923706055,8.84000015258789,8.050000190734863,8.079999923706055,3.255770444869995,76400
2018-02-05,8.09000015258789,8.100000381469727,7.5,7.5,3.022064447402954,48900
2018-02-06,7.400000095367432,7.860000133514404,7.21999979019165,7.409999847412109,2.985799551010132,58600
2018-02-07,7.309999942779541,7.650000095367432,7.099999904632568,7.130000114440918,2.872976064682007,36800
2018-02-08,7.119999885559082,7.21999979019165,7.110000133514404,7.159999847412109,2.885064125061035,12400
2018-02-09,7.090000152587891,7.099999904632568,6.25,6.559999942779541,2.643298387527466,79500
2018-02-12,6.670000076293945,6.929999828338623,6.539999961853027,6.900000095367432,2.7802987098693848,27300
2018-02-13,6.860000133514404,6.920000076293945,6.559999942779541,6.659999847412109,2.6835927963256836,26000
2018-02-14,6.610000133514404,7.269999980926514,6.570000171661377,6.769999980926514,2.727916955947876,84700
2018-02-15,6.869999885559082,7.289999961853027,6.800000190734863,6.909999847412109,2.7843286991119385,57100
2018-02-16,6.909999847412109,7.25,6.800000190734863,7.25,2.9213292598724365,44700
2018-02-20,7.260000228881836,7.590000152587891,6.96999979019165,7.320000171661377,2.9495351314544678,94800
2018-02-21,7.340000152587891,7.75,7.210000038146973,7.5,3.022064447402954,96400
2018-02-22,7.550000190734863,8.0,7.519999980926514,8.0,3.2235352993011475,29500
2018-02-23,7.909999847412109,8.149999618530273,7.619999885559082,7.619999885559082,3.0704171657562256,29800
2018-02-26,7.699999809265137,7.769999980926514,7.53000020980835,7.679999828338623,3.0945937633514404,8700
2018-02-27,7.789999961853027,7.920000076293945,7.369999885559082,7.429999828338623,2.9938583374023438,22000
2018-02-28,7.440000057220459,7.840000152587891,7.409999847412109,7.599999904632568,3.0623583793640137,30100
2018-03-01,7.550000190734863,7.739999771118164,7.349999904632568,7.53000020980835,3.034151792526245,8200
2018-03-02,7.590000152587891,7.800000190734863,7.519999980926514,7.800000190734863,3.142946720123291,5900
2018-03-05,7.699999809265137,7.949999809265137,7.699999809265137,7.949999809265137,3.20338773727417,8500
2018-03-06,7.96999979019165,7.989999771118164,7.760000228881836,7.800000190734863,3.142946720123291,20500
2018-03-07,7.900000095367432,7.980000019073486,7.75,7.800000190734863,3.142946720123291,4000
2018-03-08,7.730000019073486,7.829999923706055,7.519999980926514,7.519999980926514,3.030122995376587,13900
2018-03-09,7.590000152587891,7.940000057220459,7.590000152587891,7.760000228881836,3.126828908920288,5200
2018-03-12,7.75,7.900000095367432,7.75,7.900000095367432,3.183241605758667,5000
2018-03-13,7.880000114440918,7.889999866485596,7.679999828338623,7.800000190734863,3.142946720123291,13300
2018-03-14,7.78000020980835,7.78000020980835,7.610000133514404,7.690000057220459,3.098623037338257,3600
2018-03-15,7.659999847412109,7.880000114440918,7.579999923706055,7.75,3.1227993965148926,10000
2018-03-16,7.760000228881836,7.929999828338623,7.679999828338623,7.860000133514404,3.167123317718506,7700
2018-03-19,7.659999847412109,7.760000228881836,7.619999885559082,7.650000095367432,3.082505941390991,22900
2018-03-20,7.71999979019165,7.829999923706055,7.679999828338623,7.739999771118164,3.1187703609466553,9900
2018-03-21,7.730000019073486,7.900000095367432,7.730000019073486,7.800000190734863,3.142946720123291,39900
2018-03-22,7.699999809265137,7.880000114440918,7.659999847412109,7.699999809265137,3.1026523113250732,12400
2018-03-23,7.659999847412109,7.909999847412109,7.659999847412109,7.840000152587891,3.159064769744873,14200
2018-03-26,7.860000133514404,8.25,7.840000152587891,7.869999885559082,3.171152353286743,39800
2018-03-27,8.050000190734863,8.050000190734863,7.869999885559082,7.869999885559082,3.171152353286743,8100
2018-03-28,7.929999828338623,7.949999809265137,7.710000038146973,7.769999980926514,3.1308586597442627,6900
2018-03-29,7.75,8.0,7.75,7.860000133514404,3.167123317718506,9100
2018-04-02,7.78000020980835,8.25,7.78000020980835,8.25,3.3242709636688232,32100
2018-04-03,8.329999923706055,8.420000076293945,8.09000015258789,8.289999961853027,3.340388298034668,25700
2018-04-04,8.470000267028809,8.779999732971191,8.229999542236328,8.6899995803833,3.501565456390381,21400
2018-04-05,8.619999885559082,8.680000305175781,8.300000190734863,8.470000267028809,3.4129178524017334,16100
2018-04-06,8.800000190734863,9.510000228881836,8.800000190734863,9.470000267028809,3.8158600330352783,109500
2018-04-09,9.470000267028809,9.739999771118164,9.15999984741211,9.300000190734863,3.74735951423645,58100
2018-04-10,9.399999618530273,9.739999771118164,9.09000015258789,9.220000267028809,3.7151238918304443,55300
2018-04-11,9.239999771118164,9.449999809265137,9.09000015258789,9.109999656677246,3.670799732208252,58500
2018-04-12,9.260000228881836,9.260000228881836,8.829999923706055,9.079999923706055,3.65871262550354,70900
2018-04-13,9.0,9.0,8.489999771118164,8.579999923706055,3.602036476135254,25000
2018-04-16,8.699999809265137,8.699999809265137,8.069999694824219,8.119999885559082,3.4089207649230957,38600
2018-04-17,8.069999694824219,8.699999809265137,8.069999694824219,8.640000343322754,3.6272265911102295,74000
2018-04-18,8.460000038146973,8.800000190734863,8.289999961853027,8.5,3.568450927734375,52800
2018-04-19,8.600000381469727,8.600000381469727,8.109999656677246,8.109999656677246,3.4047226905822754,18200
2018-04-20,8.119999885559082,8.229999542236328,7.949999809265137,8.210000038146973,3.446704864501953,62100
2018-04-23,8.25,8.75,8.25,8.680000305175781,3.6440186500549316,19500
2018-04-24,8.729999542236328,8.729999542236328,8.220000267028809,8.5,3.568450927734375,13900
2018-04-25,8.600000381469727,8.880000114440918,8.329999923706055,8.819999694824219,3.7027933597564697,40900
2018-04-26,9.029999732971191,9.260000228881836,8.84000015258789,9.09000015258789,3.8161442279815674,71500
2018-04-27,9.100000381469727,9.100000381469727,8.5600004196167,8.729999542236328,3.6650102138519287,21200
2018-04-30,8.65999984741211,9.050000190734863,8.65999984741211,8.6899995803833,3.64821720123291,12300
2018-05-01,8.8100004196167,8.869999885559082,8.649999618530273,8.789999961853027,3.6901986598968506,25700
2018-05-02,8.699999809265137,8.920000076293945,8.699999809265137,8.760000228881836,3.6776046752929688,12800
2018-05-03,8.75,8.819999694824219,8.579999923706055,8.630000114440918,3.6230275630950928,34600
2018-05-04,8.649999618530273,8.84000015258789,8.619999885559082,8.739999771118164,3.669207811355591,10200
2018-05-07,9.140000343322754,9.25,8.760000228881836,8.760000228881836,3.6776046752929688,33100
2018-05-08,8.800000190734863,8.979999542236328,8.449999809265137,8.979999542236328,3.7699649333953857,30000
2018-05-09,9.010000228881836,9.100000381469727,8.680000305175781,8.84000015258789,3.7111902236938477,42600
2018-05-10,8.569999694824219,8.869999885559082,8.520000457763672,8.65999984741211,3.635622262954712,25900
2018-05-11,8.75,8.989999771118164,8.75,8.829999923706055,3.70699143409729,14500
2018-05-14,8.850000381469727,8.9399995803833,8.729999542236328,8.770000457763672,3.681802988052368,14600
2018-05-15,8.800000190734863,8.930000305175781,8.699999809265137,8.779999732971191,3.6860008239746094,8400
2018-05-16,8.779999732971191,9.15999984741211,8.779999732971191,9.130000114440918,3.8329367637634277,59400
2018-05-17,9.149999618530273,9.5,9.130000114440918,9.390000343322754,3.942089796066284,58300
2018-05-18,9.40999984741211,10.0,9.399999618530273,9.819999694824219,4.122611045837402,69800
2018-05-21,9.899999618530273,10.479999542236328,9.800000190734863,10.210000038146973,4.286340713500977,69000
2018-05-22,10.5,10.5,9.859999656677246,9.869999885559082,4.14360237121582,37900
2018-05-23,9.829999923706055,10.119999885559082,9.600000381469727,9.930000305175781,4.1687912940979,18800
2018-05-24,9.899999618530273,10.25,9.75,9.90999984741211,4.160394668579102,16800
2018-05-25,9.819999694824219,9.9399995803833,9.5600004196167,9.829999923706055,4.126809597015381,43600
2018-05-29,9.600000381469727,10.149999618530273,9.600000381469727,9.760000228881836,4.0974225997924805,21600
2018-05-30,9.899999618530273,10.25,9.800000190734863,10.199999809265137,4.282141208648682,22700
2018-05-31,10.199999809265137,10.600000381469727,10.010000228881836,10.119999885559082,4.248556137084961,33200
2018-06-01,10.3100004196167,10.34000015258789,10.069999694824219,10.199999809265137,4.282141208648682,28800
2018-06-04,10.270000457763672,10.34000015258789,9.800000190734863,9.8100004196167,4.118412971496582,22400
2018-06-05,9.869999885559082,9.880000114440918,9.59000015258789,9.859999656677246,4.139403820037842,18200
2018-06-06,9.800000190734863,9.899999618530273,9.649999618530273,9.789999961853027,4.110016345977783,20100
2018-06-07,9.880000114440918,10.279999732971191,9.880000114440918,10.0600004196167,4.223367214202881,15600
2018-06-08,10.199999809265137,10.199999809265137,9.84000015258789,10.079999923706055,4.231762886047363,12500
2018-06-11,10.050000190734863,10.25,10.050000190734863,10.1899995803833,4.277944087982178,8800
2018-06-12,10.079999923706055,10.399999618530273,10.0600004196167,10.100000381469727,4.240159511566162,25200
2018-06-13,10.100000381469727,10.25,9.880000114440918,9.890000343322754,4.151999473571777,7100
2018-06-14,10.0600004196167,10.25,9.880000114440918,10.0,4.198179244995117,43800
2018-06-15,9.989999771118164,10.149999618530273,9.720000267028809,9.869999885559082,4.14360237121582,18600
2018-06-18,9.869999885559082,9.90999984741211,9.720000267028809,9.779999732971191,4.105817794799805,19200
2018-06-19,9.699999809265137,9.989999771118164,9.699999809265137,9.9399995803833,4.172989368438721,29600
2018-06-20,9.920000076293945,10.09000015258789,9.90999984741211,10.010000228881836,4.2023773193359375,26400
2018-06-21,10.029999732971191,10.140000343322754,9.75,9.75,4.093224048614502,27500
2018-06-22,9.920000076293945,10.220000267028809,9.920000076293945,10.149999618530273,4.2611517906188965,27800
2018-06-25,10.15999984741211,10.170000076293945,9.859999656677246,9.960000038146973,4.181385040283203,11200
2018-06-26,10.0,10.300000190734863,9.760000228881836,10.15999984741211,4.2653489112854,26500
2018-06-27,10.239999771118164,10.449999809265137,9.9399995803833,10.149999618530273,4.2611517906188965,73600
2018-06-28,10.180000305175781,10.369999885559082,9.979999542236328,10.34000015258789,4.340917110443115,23200
2018-06-29,10.350000381469727,10.380000114440918,9.899999618530273,10.239999771118164,4.2989349365234375,44500
2018-07-02,9.970000267028809,10.350000381469727,9.960000038146973,10.0600004196167,4.223367214202881,19000
2018-07-03,10.210000038146973,10.270000457763672,10.029999732971191,10.199999809265137,4.282141208648682,14900
2018-07-05,10.220000267028809,10.430000305175781,10.149999618530273,10.199999809265137,4.282141208648682,30500
2018-07-06,10.3100004196167,11.239999771118164,10.3100004196167,10.979999542236328,4.60960054397583,201500
2018-07-09,11.25,11.899999618530273,10.979999542236328,11.479999542236328,4.8195085525512695,153700
2018-07-10,11.670000076293945,11.859999656677246,11.399999618530273,11.550000190734863,4.848896503448486,74300
2018-07-11,11.649999618530273,11.819999694824219,11.329999923706055,11.390000343322754,4.78172492980957,81200
2018-07-12,11.449999809265137,12.210000038146973,11.329999923706055,11.90999984741211,5.000030517578125,148600
2018-07-13,11.329999923706055,11.680000305175781,10.979999542236328,11.350000381469727,4.939107418060303,61700
2018-07-16,11.300000190734863,11.300000190734863,10.5600004196167,10.979999542236328,4.778097629547119,72800
2018-07-17,10.979999542236328,11.300000190734863,10.600000381469727,10.850000381469727,4.721525192260742,58900
2018-07-18,10.699999809265137,10.899999618530273,10.390000343322754,10.770000457763672,4.686712741851807,22600
2018-07-19,10.84000015258789,10.90999984741211,10.619999885559082,10.779999732971191,4.691062927246094,18400
2018-07-20,10.949999809265137,10.949999809265137,10.760000228881836,10.880000114440918,4.734581470489502,12600
2018-07-23,10.920000076293945,11.25,10.880000114440918,11.109999656677246,4.834668159484863,32800
2018-07-24,11.15999984741211,11.180000305175781,10.850000381469727,10.970000267028809,4.773745059967041,33100
2018-07-25,11.100000381469727,11.130000114440918,10.720000267028809,10.9399995803833,4.760690689086914,30800
2018-07-26,10.970000267028809,11.0600004196167,10.710000038146973,10.970000267028809,4.773745059967041,30800
2018-07-27,10.670000076293945,10.850000381469727,10.40999984741211,10.479999542236328,4.560515403747559,47900
2018-07-30,10.569999694824219,10.899999618530273,10.510000228881836,10.609999656677246,4.617086887359619,36600
2018-07-31,10.710000038146973,10.84000015258789,10.59000015258789,10.649999618530273,4.63449239730835,14900
2018-08-01,10.720000267028809,10.720000267028809,10.5,10.579999923706055,4.604032039642334,8800
2018-08-02,10.619999885559082,10.619999885559082,9.800000190734863,10.100000381469727,4.395152568817139,107800
2018-08-03,10.020000457763672,10.239999771118164,9.890000343322754,9.979999542236328,4.342933654785156,20300
2018-08-06,9.989999771118164,10.039999961853027,9.8100004196167,9.819999694824219,4.273306846618652,32100
2018-08-07,9.920000076293945,10.119999885559082,9.5,10.010000228881836,4.355989456176758,68500
2018-08-08,9.960000038146973,10.079999923706055,9.899999618530273,9.930000305175781,4.3211750984191895,16800
2018-08-09,9.9399995803833,10.039999961853027,9.670000076293945,9.699999809265137,4.22108793258667,30500
2018-08-10,9.8100004196167,10.380000114440918,9.770000457763672,10.300000190734863,4.482184886932373,43400
2018-08-13,10.380000114440918,10.380000114440918,9.949999809265137,9.989999771118164,4.347284317016602,16900
2018-08-14,9.970000267028809,10.130000114440918,9.720000267028809,9.720000267028809,4.229791164398193,29900
2018-08-15,9.5,9.630000114440918,9.09000015258789,9.149999618530273,3.981748104095459,77300
2018-08-16,9.149999618530273,9.40999984741211,9.149999618530273,9.3100004196167,4.051373481750488,31600
2018-08-17,9.270000457763672,9.90999984741211,9.270000457763672,9.609999656677246,4.181922912597656,39400
2018-08-20,9.609999656677246,9.649999618530273,9.199999809265137,9.5,4.134054660797119,44200
2018-08-21,9.6899995803833,10.079999923706055,9.5600004196167,9.890000343322754,4.303769588470459,33200
2018-08-22,10.010000228881836,10.149999618530273,9.890000343322754,10.0600004196167,4.37774658203125,12100
2018-08-23,10.020000457763672,10.109999656677246,9.6899995803833,10.020000457763672,4.360340595245361,7900
2018-08-24,9.920000076293945,10.149999618530273,9.920000076293945,10.050000190734863,4.37339448928833,8400
2018-08-27,10.039999961853027,10.140000343322754,9.6899995803833,9.75,4.24284553527832,14400
2018-08-28,9.739999771118164,9.819999694824219,9.5,9.5,4.134054660797119,16300
2018-08-29,9.5,10.4399995803833,9.5,10.140000343322754,4.412558555603027,39100
2018-08-30,10.220000267028809,10.5,9.930000305175781,10.420000076293945,4.534404277801514,18900
2018-08-31,10.3100004196167,10.3100004196167,10.050000190734863,10.25,4.460428237915039,10600
2018-09-04,10.270000457763672,10.34000015258789,10.100000381469727,10.130000114440918,4.40820837020874,22400
2018-09-05,10.180000305175781,10.449999809265137,10.130000114440918,10.300000190734863,4.482184886932373,30500
2018-09-06,10.350000381469727,10.4399995803833,10.199999809265137,10.369999885559082,4.5126471519470215,64000
2018-09-07,10.3100004196167,10.4399995803833,10.220000267028809,10.380000114440918,4.517000198364258,9400
2018-09-10,10.470000267028809,10.920000076293945,10.350000381469727,10.680000305175781,4.647547721862793,92000
2018-09-11,10.600000381469727,11.09000015258789,10.600000381469727,10.989999771118164,4.782449722290039,17900
2018-09-12,10.949999809265137,11.239999771118164,10.850000381469727,11.130000114440918,4.84337043762207,8100
2018-09-13,11.020000457763672,11.4399995803833,10.989999771118164,11.350000381469727,4.939107418060303,106300
2018-09-14,11.329999923706055,11.40999984741211,11.050000190734863,11.170000076293945,4.860778331756592,11200
2018-09-17,11.260000228881836,11.649999618530273,11.15999984741211,11.489999771118164,5.000030040740967,116700
2018-09-18,11.609999656677246,11.699999809265137,11.319999694824219,11.630000114440918,5.060953617095947,37700
2018-09-19,11.5,11.539999961853027,11.25,11.3100004196167,4.921700477600098,14300
2018-09-20,11.25,11.699999809265137,11.25,11.510000228881836,5.008733749389648,126400
2018-09-21,11.600000381469727,11.600000381469727,11.25,11.40999984741211,4.965217590332031,30400
2018-09-24,11.680000305175781,11.989999771118164,11.520000457763672,11.600000381469727,5.047898292541504,90400
2018-09-25,11.850000381469727,11.850000381469727,11.350000381469727,11.470000267028809,4.991328716278076,20200
2018-09-26,11.300000190734863,11.600000381469727,11.300000190734863,11.420000076293945,4.969568729400635,19000
2018-09-27,11.369999885559082,11.479999542236328,11.25,11.369999885559082,4.947811126708984,22500
2018-09-28,11.529999732971191,11.699999809265137,11.460000038146973,11.670000076293945,5.078360557556152,13000
2018-10-01,11.619999885559082,12.149999618530273,11.619999885559082,11.949999809265137,5.2002058029174805,100000
2018-10-02,12.0600004196167,12.149999618530273,11.75,11.819999694824219,5.143634796142578,27500
2018-10-03,12.020000457763672,12.5,11.920000076293945,12.479999542236328,5.430842876434326,34000
2018-10-04,12.479999542236328,12.630000114440918,11.75,11.90999984741211,5.182799339294434,87500
2018-10-05,12.069999694824219,12.550000190734863,11.949999809265137,12.430000305175781,5.409083843231201,119600
2018-10-08,12.430000305175781,12.430000305175781,12.0,12.220000267028809,5.317700386047363,111300
2018-10-09,12.09000015258789,12.430000305175781,11.899999618530273,11.949999809265137,5.2002058029174805,97600
2018-10-10,11.949999809265137,12.09000015258789,11.399999618530273,11.59000015258789,5.043546676635742,75800
2018-10-11,11.789999961853027,11.829999923706055,10.859999656677246,11.09000015258789,4.825963973999023,99400
2018-10-12,10.6899995803833,11.069999694824219,10.6899995803833,10.829999923706055,4.896037578582764,80800
2018-10-15,10.800000190734863,10.899999618530273,10.5600004196167,10.630000114440918,4.8056206703186035,22000
2018-10-16,10.579999923706055,10.789999961853027,10.5,10.630000114440918,4.8056206703186035,53100
2018-10-17,10.520000457763672,10.720000267028809,10.510000228881836,10.550000190734863,4.7694549560546875,19000
2018-10-18,10.5600004196167,10.59000015258789,10.399999618530273,10.4399995803833,4.7197265625,19500
2018-10-19,10.5,10.630000114440918,10.470000267028809,10.479999542236328,4.737809181213379,17300
2018-10-22,10.520000457763672,10.520000457763672,10.25,10.260000228881836,4.638350963592529,11500
2018-10-23,10.199999809265137,10.399999618530273,10.140000343322754,10.350000381469727,4.679039001464844,39900
2018-10-24,10.289999961853027,10.399999618530273,10.130000114440918,10.399999618530273,4.701642036437988,13500
2018-10-25,10.4399995803833,10.970000267028809,10.199999809265137,10.609999656677246,4.7965803146362305,42400
2018-10-26,10.460000038146973,10.949999809265137,10.359999656677246,10.729999542236328,4.850828647613525,39400
2018-10-29,10.729999542236328,10.729999542236328,10.279999732971191,10.470000267028809,4.7332892417907715,28300
2018-10-30,10.470000267028809,10.470000267028809,9.8100004196167,10.3100004196167,4.660955905914307,47200
2018-10-31,10.3100004196167,10.470000267028809,10.0,10.130000114440918,4.5795817375183105,18500
2018-11-01,10.119999885559082,10.369999885559082,10.020000457763672,10.100000381469727,4.566018581390381,16800
2018-11-02,10.140000343322754,10.220000267028809,9.779999732971191,9.800000190734863,4.430394172668457,14400
2018-11-05,9.850000381469727,10.039999961853027,9.850000381469727,10.0,4.520811080932617,9500
2018-11-06,9.890000343322754,9.979999542236328,9.289999961853027,9.329999923706055,4.217916011810303,65200
2018-11-07,9.470000267028809,9.8100004196167,9.460000038146973,9.710000038146973,4.389707088470459,28300
2018-11-08,9.609999656677246,9.670000076293945,9.210000038146973,9.350000381469727,4.22695779800415,42800
2018-11-09,9.329999923706055,9.329999923706055,8.899999618530273,8.949999809265137,4.046125411987305,49900
2018-11-12,8.930000305175781,9.220000267028809,8.800000190734863,8.800000190734863,3.9783129692077637,39800
2018-11-13,8.800000190734863,9.039999961853027,7.900000095367432,7.909999847412109,3.575960636138916,99300
2018-11-14,7.960000038146973,8.479999542236328,7.960000038146973,8.199999809265137,3.707063913345337,34700
2018-11-15,8.220000267028809,8.470000267028809,7.940000057220459,7.940000057220459,3.5895235538482666,51000
2018-11-16,8.010000228881836,8.479999542236328,8.010000228881836,8.0600004196167,3.6437742710113525,32700
2018-11-19,8.180000305175781,8.40999984741211,8.050000190734863,8.100000381469727,3.6618568897247314,44000
2018-11-20,8.100000381469727,8.100000381469727,7.71999979019165,7.71999979019165,3.4900660514831543,27800
2018-11-21,7.699999809265137,8.09000015258789,7.650000095367432,7.889999866485596,3.5669193267822266,56400
2018-11-23,7.730000019073486,8.140000343322754,7.710000038146973,8.140000343322754,3.6799402236938477,18200
2018-11-26,8.109999656677246,8.350000381469727,7.840000152587891,8.010000228881836,3.6211695671081543,40200
2018-11-27,8.09000015258789,8.239999771118164,8.0600004196167,8.149999618530273,3.684460163116455,19600
2018-11-28,8.25,8.350000381469727,8.109999656677246,8.149999618530273,3.684460163116455,30500
2018-11-29,8.15999984741211,8.489999771118164,8.15999984741211,8.199999809265137,3.707063913345337,23800
2018-11-30,8.15999984741211,8.15999984741211,7.75,7.75,3.5036280155181885,77600
2018-12-03,8.199999809265137,8.199999809265137,7.769999980926514,7.800000190734863,3.5262327194213867,56700
2018-12-04,7.75,7.820000171661377,7.5,7.690000057220459,3.4765028953552246,29500
2018-12-06,7.650000095367432,7.739999771118164,7.5,7.679999828338623,3.4719817638397217,30600
2018-12-07,7.800000190734863,7.840000152587891,7.71999979019165,7.75,3.5036280155181885,49400
2018-12-10,7.730000019073486,7.78000020980835,7.079999923706055,7.289999961853027,3.295670747756958,67100
2018-12-11,7.349999904632568,7.550000190734863,7.300000190734863,7.349999904632568,3.322796106338501,21200
2018-12-12,7.400000095367432,7.650000095367432,7.380000114440918,7.590000152587891,3.431295156478882,45400
2018-12-13,7.599999904632568,7.599999904632568,7.429999828338623,7.46999979019165,3.377044916152954,17800
2018-12-14,7.460000038146973,7.619999885559082,7.400000095367432,7.579999923706055,3.426774024963379,19700
2018-12-17,7.579999923706055,7.590000152587891,6.809999942779541,6.809999942779541,3.078671932220459,65300
2018-12-18,6.75,6.75,6.170000076293945,6.179999828338623,2.79386043548584,79100
2018-12-19,6.449999809265137,6.71999979019165,6.25,6.25,2.8255064487457275,67000
2018-12-20,6.300000190734863,6.75,5.900000095367432,6.170000076293945,2.7893404960632324,69700
2018-12-21,6.139999866485596,6.300000190734863,5.989999771118164,6.0,2.7124860286712646,64300
2018-12-24,5.900000095367432,5.920000076293945,5.559999942779541,5.650000095367432,2.554257869720459,11200
2018-12-26,5.869999885559082,6.670000076293945,5.78000020980835,6.670000076293945,3.0153799057006836,98000
2018-12-27,6.5,6.679999828338623,6.309999942779541,6.679999828338623,3.0199012756347656,21700
2018-12-28,6.75,6.75,6.519999980926514,6.75,3.051547050476074,22900
2018-12-31,6.800000190734863,7.199999809265137,6.800000190734863,7.0,3.164567470550537,50300
2019-01-02,6.929999828338623,7.5,6.849999904632568,7.400000095367432,3.3453991413116455,41600
2019-01-03,7.429999828338623,7.460000038146973,7.170000076293945,7.380000114440918,3.3363585472106934,19300
2019-01-04,7.409999847412109,7.929999828338623,7.300000190734863,7.690000057220459,3.4765028953552246,64900
2019-01-07,7.940000057220459,8.25,7.849999904632568,8.25,3.7296693325042725,89100
2019-01-08,8.25,8.300000190734863,7.75,7.75,3.5036280155181885,74300
2019-01-09,7.920000076293945,7.940000057220459,7.699999809265137,7.710000038146973,3.4855449199676514,112900
2019-01-10,7.710000038146973,7.880000114440918,7.400000095367432,7.730000019073486,3.494586706161499,121000
2019-01-11,7.619999885559082,8.0,7.619999885559082,7.940000057220459,3.5895235538482666,193800
2019-01-14,7.400000095367432,7.559999942779541,7.159999847412109,7.199999809265137,3.389451742172241,62500
2019-01-15,7.239999771118164,7.5,7.210000038146973,7.260000228881836,3.4176971912384033,39400
2019-01-16,7.21999979019165,7.440000057220459,7.21999979019165,7.340000152587891,3.4553582668304443,32100
2019-01-17,7.25,7.25,6.869999885559082,7.199999809265137,3.389451742172241,66700
2019-01-18,7.050000190734863,7.190000057220459,6.849999904632568,7.099999904632568,3.3423757553100586,61000
2019-01-22,7.050000190734863,7.050000190734863,6.849999904632568,6.880000114440918,3.2388100624084473,23900
2019-01-23,6.900000095367432,7.320000171661377,6.900000095367432,6.96999979019165,3.2811782360076904,69900
2019-01-24,7.010000228881836,7.300000190734863,7.0,7.239999771118164,3.4082822799682617,7800
2019-01-25,7.309999942779541,7.349999904632568,7.130000114440918,7.21999979019165,3.398866653442383,38800
2019-01-28,7.190000057220459,7.260000228881836,7.050000190734863,7.239999771118164,3.4082822799682617,29400
2019-01-29,7.389999866485596,7.389999866485596,7.159999847412109,7.28000020980835,3.427111864089966,22000
2019-01-30,7.320000171661377,7.340000152587891,7.210000038146973,7.269999980926514,3.422405242919922,27100
2019-01-31,7.349999904632568,7.349999904632568,7.039999961853027,7.059999942779541,3.3235456943511963,33500
2019-02-01,7.179999828338623,7.380000114440918,7.179999828338623,7.380000114440918,3.4741878509521484,14400
2019-02-04,7.349999904632568,7.349999904632568,7.039999961853027,7.289999961853027,3.43182110786438,26200
2019-02-05,7.199999809265137,7.340000152587891,7.159999847412109,7.289999961853027,3.43182110786438,18500
2019-02-06,7.340000152587891,7.380000114440918,7.230000019073486,7.380000114440918,3.4741878509521484,6100
2019-02-07,7.269999980926514,7.269999980926514,7.159999847412109,7.269999980926514,3.422405242919922,12300
2019-02-08,7.199999809265137,7.239999771118164,7.150000095367432,7.230000019073486,3.403574228286743,11500
2019-02-11,7.119999885559082,7.389999866485596,7.119999885559082,7.329999923706055,3.450650215148926,15100
2019-02-12,7.400000095367432,7.5,7.25,7.380000114440918,3.4741878509521484,40900
2019-02-13,7.400000095367432,7.489999771118164,7.400000095367432,7.489999771118164,3.5259716510772705,17600
2019-02-14,7.480000019073486,7.860000133514404,7.480000019073486,7.630000114440918,3.5918776988983154,86800
2019-02-15,7.769999980926514,7.869999885559082,7.699999809265137,7.760000228881836,3.653075933456421,44200
2019-02-19,7.860000133514404,8.289999961853027,7.739999771118164,7.980000019073486,3.7566425800323486,167800
2019-02-20,8.0,8.100000381469727,7.860000133514404,8.100000381469727,3.813133478164673,38100
2019-02-21,8.199999809265137,8.210000038146973,7.940000057220459,8.010000228881836,3.7707643508911133,47800
2019-02-22,8.0,8.210000038146973,7.989999771118164,8.100000381469727,3.813133478164673,53100
2019-02-25,8.100000381469727,8.149999618530273,7.949999809265137,8.050000190734863,3.789595127105713,35900
2019-02-26,7.960000038146973,8.09000015258789,7.949999809265137,7.949999809265137,3.7425196170806885,23500
2019-02-27,8.0,8.130000114440918,7.949999809265137,7.980000019073486,3.7566425800323486,7700
2019-02-28,7.949999809265137,7.989999771118164,7.849999904632568,7.849999904632568,3.695444345474243,20300
2019-03-01,7.889999866485596,8.15999984741211,7.849999904632568,7.900000095367432,3.718981981277466,51200
2019-03-04,8.0600004196167,8.140000343322754,7.929999828338623,8.0600004196167,3.7943029403686523,19700
2019-03-05,8.119999885559082,8.180000305175781,8.029999732971191,8.140000343322754,3.8319642543792725,24000
2019-03-06,8.050000190734863,8.130000114440918,7.579999923706055,7.639999866485596,3.5965850353240967,68500
2019-03-07,7.659999847412109,7.699999809265137,7.21999979019165,7.650000095367432,3.601292848587036,38000
2019-03-08,7.539999961853027,7.860000133514404,7.309999942779541,7.71999979019165,3.6342451572418213,14500
2019-03-11,7.909999847412109,7.909999847412109,7.78000020980835,7.789999961853027,3.667198419570923,12500
2019-03-12,7.829999923706055,7.980000019073486,7.829999923706055,7.929999828338623,3.7331044673919678,9500
2019-03-13,8.0,8.130000114440918,7.980000019073486,8.029999732971191,3.780179977416992,40600
2019-03-14,8.0600004196167,8.100000381469727,8.0,8.039999961853027,3.784888744354248,22000
2019-03-15,8.039999961853027,8.079999923706055,8.0,8.0,3.766056776046753,9200
2019-03-18,8.119999885559082,8.140000343322754,8.020000457763672,8.079999923706055,3.8037185668945312,16200
2019-03-19,8.079999923706055,8.119999885559082,7.96999979019165,7.96999979019165,3.751934289932251,47300
2019-03-20,8.050000190734863,8.180000305175781,7.989999771118164,8.09000015258789,3.8084263801574707,70100
2019-03-21,8.069999694824219,8.180000305175781,8.029999732971191,8.050000190734863,3.789595127105713,38500
2019-03-22,8.029999732971191,8.100000381469727,7.829999923706055,7.949999809265137,3.7425196170806885,24700
2019-03-25,7.949999809265137,7.949999809265137,7.800000190734863,7.909999847412109,3.723689079284668,23000
2019-03-26,7.929999828338623,8.199999809265137,7.929999828338623,8.0600004196167,3.7943029403686523,29500
2019-03-27,8.109999656677246,8.25,8.0,8.220000267028809,3.8696248531341553,18000
2019-03-28,8.300000190734863,8.380000114440918,8.0600004196167,8.180000305175781,3.850794553756714,28800
2019-03-29,8.300000190734863,8.359999656677246,8.15999984741211,8.1899995803833,3.8555009365081787,38100
2019-04-01,8.300000190734863,8.5,8.25,8.4399995803833,3.9731900691986084,43200
2019-04-02,8.470000267028809,8.699999809265137,8.460000038146973,8.640000343322754,4.0673418045043945,69900
2019-04-03,8.649999618530273,8.670000076293945,8.399999618530273,8.399999618530273,3.9543607234954834,28800
2019-04-04,8.5,8.609999656677246,8.420000076293945,8.609999656677246,4.053219318389893,22400
2019-04-05,8.5,8.800000190734863,8.5,8.6899995803833,4.090879440307617,28300
2019-04-08,8.359999656677246,8.710000038146973,8.329999923706055,8.600000381469727,4.048511981964111,78400
2019-04-09,8.550000190734863,8.739999771118164,8.510000228881836,8.600000381469727,4.048511981964111,45100
2019-04-10,8.600000381469727,8.600000381469727,8.40999984741211,8.59000015258789,4.043804168701172,52100
2019-04-11,8.5,8.640000343322754,8.420000076293945,8.569999694824219,4.034389495849609,83900
2019-04-12,8.449999809265137,8.619999885559082,8.300000190734863,8.510000228881836,4.10923433303833,50000
2019-04-15,8.550000190734863,8.670000076293945,8.5,8.550000190734863,4.128548622131348,39200
2019-04-16,8.640000343322754,8.760000228881836,8.5,8.670000076293945,4.186492919921875,81200
2019-04-17,8.6899995803833,8.729999542236328,8.449999809265137,8.5,4.104405403137207,20100
2019-04-18,8.449999809265137,8.510000228881836,8.3100004196167,8.479999542236328,4.094748020172119,22600
2019-04-22,8.529999732971191,8.789999961853027,8.430000305175781,8.699999809265137,4.200980186462402,96000
2019-04-23,8.800000190734863,9.100000381469727,8.800000190734863,8.949999809265137,4.32169771194458,77100
2019-04-24,9.020000457763672,9.020000457763672,8.609999656677246,8.90999984741211,4.302381992340088,67900
2019-04-25,9.010000228881836,9.0600004196167,8.760000228881836,8.90999984741211,4.302381992340088,53700
2019-04-26,8.779999732971191,8.8100004196167,8.0,8.630000114440918,4.167179584503174,73500
2019-04-29,8.720000267028809,8.75,8.5,8.729999542236328,4.215465545654297,33400
2019-04-30,8.65999984741211,8.75,8.430000305175781,8.520000457763672,4.114063739776611,36200
2019-05-01,8.479999542236328,8.880000114440918,8.460000038146973,8.75,4.225123882293701,54400
2019-05-02,8.65999984741211,8.65999984741211,8.25,8.3100004196167,4.012659549713135,26700
2019-05-03,8.300000190734863,8.550000190734863,8.260000228881836,8.449999809265137,4.080262184143066,24300
2019-05-06,8.279999732971191,8.600000381469727,8.279999732971191,8.550000190734863,4.128548622131348,35300
2019-05-07,8.550000190734863,8.569999694824219,8.359999656677246,8.449999809265137,4.080262184143066,24800
2019-05-08,8.460000038146973,8.630000114440918,8.350000381469727,8.350000381469727,4.031974792480469,23700
2019-05-09,8.359999656677246,8.359999656677246,8.010000228881836,8.079999923706055,3.9016003608703613,40900
2019-05-10,8.050000190734863,8.270000457763672,8.029999732971191,8.270000457763672,3.993345022201538,18200
2019-05-13,8.229999542236328,8.289999961853027,8.069999694824219,8.109999656677246,3.9160852432250977,33100
2019-05-14,8.020000457763672,8.470000267028809,8.020000457763672,8.1899995803833,3.9547154903411865,17000
2019-05-15,8.220000267028809,8.510000228881836,8.220000267028809,8.510000228881836,4.10923433303833,16100
2019-05-16,8.579999923706055,8.579999923706055,8.420000076293945,8.479999542236328,4.094748020172119,18100
2019-05-17,8.5,8.5,8.300000190734863,8.470000267028809,4.0899200439453125,15300
2019-05-20,8.380000114440918,8.390000343322754,8.199999809265137,8.329999923706055,4.022317409515381,15700
2019-05-21,8.420000076293945,8.630000114440918,8.300000190734863,8.489999771118164,4.099576473236084,23000
2019-05-22,8.350000381469727,8.470000267028809,8.289999961853027,8.3100004196167,4.012659549713135,25300
2019-05-23,8.279999732971191,8.329999923706055,7.800000190734863,8.119999885559082,3.9209141731262207,49100
2019-05-24,8.109999656677246,8.119999885559082,8.010000228881836,8.020000457763672,3.8726277351379395,13800
2019-05-28,8.029999732971191,8.069999694824219,7.809999942779541,7.829999923706055,3.780881643295288,15900
2019-05-29,7.760000228881836,7.869999885559082,7.650000095367432,7.840000152587891,3.785710573196411,24100
2019-05-30,7.840000152587891,7.929999828338623,7.699999809265137,7.800000190734863,3.766395092010498,14000
2019-05-31,7.820000171661377,7.949999809265137,7.75,7.949999809265137,3.838826894760132,6000
2019-06-03,8.050000190734863,8.199999809265137,7.849999904632568,8.199999809265137,3.959543466567993,11400
2019-06-04,8.170000076293945,8.170000076293945,8.0,8.039999961853027,3.8822851181030273,13500
2019-06-05,8.020000457763672,8.100000381469727,7.809999942779541,7.949999809265137,3.838826894760132,38900
2019-06-06,7.900000095367432,7.900000095367432,7.619999885559082,7.639999866485596,3.689136505126953,14500
2019-06-07,7.659999847412109,7.829999923706055,7.369999885559082,7.369999885559082,3.558760643005371,42500
2019-06-10,7.320000171661377,7.730000019073486,7.320000171661377,7.579999923706055,3.660163640975952,28500
2019-06-11,7.679999828338623,7.679999828338623,7.380000114440918,7.570000171661377,3.655334711074829,16800
2019-06-12,7.449999809265137,7.510000228881836,7.400000095367432,7.460000038146973,3.602219343185425,10600
2019-06-13,7.619999885559082,8.0,7.550000190734863,7.659999847412109,3.698793649673462,31200
2019-06-14,7.650000095367432,7.78000020980835,7.579999923706055,7.579999923706055,3.660163640975952,11700
2019-06-17,7.449999809265137,7.550000190734863,7.400000095367432,7.480000019073486,3.611876964569092,22800
2019-06-18,7.449999809265137,7.75,7.449999809265137,7.53000020980835,3.6360204219818115,14800
2019-06-19,7.559999942779541,7.730000019073486,7.5,7.610000133514404,3.674650192260742,12800
2019-06-20,7.639999866485596,7.989999771118164,7.639999866485596,7.769999980926514,3.7519092559814453,22200
2019-06-21,7.760000228881836,7.940000057220459,7.659999847412109,7.940000057220459,3.833997964859009,12500
2019-06-24,7.949999809265137,7.949999809265137,7.840000152587891,7.949999809265137,3.838826894760132,19300
2019-06-25,7.889999866485596,7.949999809265137,7.630000114440918,7.949999809265137,3.838826894760132,29500
2019-06-26,8.0,8.09000015258789,7.869999885559082,8.029999732971191,3.877455711364746,22900
2019-06-27,8.029999732971191,8.100000381469727,7.889999866485596,8.09000015258789,3.906428813934326,29000
2019-06-28,8.100000381469727,8.100000381469727,7.96999979019165,8.010000228881836,3.8677988052368164,9500
2019-07-01,8.100000381469727,8.100000381469727,7.920000076293945,8.0,3.8629696369171143,15500
2019-07-02,7.829999923706055,7.880000114440918,7.579999923706055,7.829999923706055,3.780881643295288,36800
2019-07-03,7.75,7.909999847412109,7.75,7.75,3.7422521114349365,11100
2019-07-05,7.840000152587891,7.880000114440918,7.840000152587891,7.880000114440918,3.805025339126587,1900
2019-07-08,8.010000228881836,8.1899995803833,8.0,8.170000076293945,3.945058584213257,76700
2019-07-09,8.170000076293945,8.390000343322754,8.100000381469727,8.100000381469727,3.911257743835449,111900
2019-07-10,8.220000267028809,8.350000381469727,8.170000076293945,8.289999961853027,4.003002643585205,39400
2019-07-11,8.399999618530273,8.5,8.34000015258789,8.5,4.104405403137207,91300
2019-07-12,8.229999542236328,8.229999542236328,7.849999904632568,7.880000114440918,3.9466402530670166,51500
2019-07-15,7.929999828338623,7.929999828338623,7.539999961853027,7.659999847412109,3.8364546298980713,84500
2019-07-16,7.769999980926514,7.869999885559082,7.630000114440918,7.829999923706055,3.921597719192505,16100
2019-07-17,7.769999980926514,7.789999961853027,7.570000171661377,7.639999866485596,3.8264379501342773,29100
2019-07-18,7.630000114440918,7.690000057220459,7.380000114440918,7.690000057220459,3.8514790534973145,23400
2019-07-19,7.639999866485596,7.769999980926514,7.550000190734863,7.75,3.881530523300171,14100
2019-07-22,7.730000019073486,7.940000057220459,7.730000019073486,7.920000076293945,3.9666731357574463,42800
2019-07-23,7.809999942779541,8.0,7.800000190734863,7.980000019073486,3.996725082397461,61200
2019-07-24,7.900000095367432,7.900000095367432,7.699999809265137,7.809999942779541,3.9115805625915527,23800
2019-07-25,7.909999847412109,7.909999847412109,7.639999866485596,7.75,3.881530523300171,29800
2019-07-26,7.840000152587891,7.900000095367432,7.730000019073486,7.900000095367432,3.9566569328308105,32100
2019-07-29,7.900000095367432,7.900000095367432,7.690000057220459,7.769999980926514,3.891547203063965,23400
2019-07-30,7.710000038146973,7.949999809265137,7.590000152587891,7.880000114440918,3.9466402530670166,14800
2019-07-31,7.960000038146973,8.109999656677246,7.829999923706055,8.100000381469727,4.056826114654541,31900
2019-08-01,8.010000228881836,8.010000228881836,7.519999980926514,7.590000152587891,3.801395893096924,57400
2019-08-02,7.679999828338623,7.800000190734863,7.380000114440918,7.579999923706055,3.796386957168579,37400
2019-08-05,7.400000095367432,7.449999809265137,7.119999885559082,7.179999828338623,3.5960497856140137,33000
2019-08-06,7.300000190734863,7.46999979019165,7.199999809265137,7.389999866485596,3.7012267112731934,34100
2019-08-07,7.28000020980835,7.440000057220459,7.150000095367432,7.440000057220459,3.7262685298919678,34800
2019-08-08,7.340000152587891,7.489999771118164,7.150000095367432,7.269999980926514,3.6411266326904297,24600
2019-08-09,7.179999828338623,7.320000171661377,7.150000095367432,7.230000019073486,3.6210923194885254,19700
2019-08-12,7.150000095367432,7.179999828338623,7.039999961853027,7.059999942779541,3.535949230194092,12100
2019-08-13,7.059999942779541,7.199999809265137,7.050000190734863,7.099999904632568,3.555982828140259,21700
2019-08-14,7.070000171661377,7.099999904632568,6.800000190734863,6.929999828338623,3.4708399772644043,34000
2019-08-15,6.849999904632568,6.880000114440918,6.710000038146973,6.730000019073486,3.370671033859253,48900
2019-08-16,6.710000038146973,6.980000019073486,6.710000038146973,6.900000095367432,3.4558141231536865,23000
2019-08-19,7.099999904632568,7.300000190734863,6.710000038146973,7.230000019073486,3.6210923194885254,31700
2019-08-20,7.059999942779541,7.210000038146973,7.059999942779541,7.079999923706055,3.5459651947021484,15500
2019-08-21,7.130000114440918,7.28000020980835,7.130000114440918,7.190000057220459,3.601058006286621,12700
2019-08-22,7.230000019073486,7.480000019073486,7.230000019073486,7.369999885559082,3.6912097930908203,18900
2019-08-23,7.360000133514404,7.420000076293945,7.170000076293945,7.199999809265137,3.606067419052124,10800
2019-08-26,7.21999979019165,7.329999923706055,6.949999809265137,7.019999980926514,3.515916347503662,20800
2019-08-27,7.019999980926514,7.070000171661377,6.849999904632568,6.929999828338623,3.4708399772644043,19000
2019-08-28,7.099999904632568,7.239999771118164,7.0,7.190000057220459,3.601058006286621,12200
2019-08-29,7.230000019073486,7.360000133514404,7.190000057220459,7.320000171661377,3.666168212890625,8500
2019-08-30,7.400000095367432,7.449999809265137,7.21999979019165,7.239999771118164,3.62610125541687,19000
2019-09-03,7.119999885559082,7.449999809265137,7.119999885559082,7.349999904632568,3.6811931133270264,20000
2019-09-04,7.389999866485596,7.5,7.199999809265137,7.440000057220459,3.7262685298919678,9400
2019-09-05,7.5,7.699999809265137,7.5,7.570000171661377,3.7913784980773926,20600
2019-09-06,7.610000133514404,7.639999866485596,7.46999979019165,7.5,3.7563202381134033,9500
2019-09-09,7.5,7.670000076293945,7.349999904632568,7.619999885559082,3.816420793533325,20600
2019-09-10,7.690000057220459,7.789999961853027,7.510000228881836,7.739999771118164,3.8765220642089844,27800
2019-09-11,7.849999904632568,7.949999809265137,7.739999771118164,7.940000057220459,3.9766907691955566,21600
2019-09-12,7.900000095367432,7.900000095367432,7.550000190734863,7.550000190734863,3.7813620567321777,27700
2019-09-13,7.550000190734863,7.710000038146973,7.449999809265137,7.639999866485596,3.8264379501342773,33800
2019-09-16,7.949999809265137,8.119999885559082,7.829999923706055,7.869999885559082,3.941631317138672,86400
2019-09-17,7.900000095367432,7.96999979019165,7.730000019073486,7.820000171661377,3.9165897369384766,22200
2019-09-18,7.71999979019165,7.840000152587891,7.610000133514404,7.75,3.881530523300171,18900
2019-09-19,7.860000133514404,7.860000133514404,7.5,7.559999942779541,3.7863707542419434,34600
2019-09-20,7.650000095367432,7.670000076293945,7.5,7.510000228881836,3.76132869720459,21300
2019-09-23,7.510000228881836,7.599999904632568,7.460000038146973,7.579999923706055,3.796386957168579,25300
2019-09-24,7.630000114440918,7.630000114440918,7.380000114440918,7.489999771118164,3.7513115406036377,28400
2019-09-25,7.360000133514404,7.5,7.340000152587891,7.349999904632568,3.6811931133270264,13900
2019-09-26,7.429999828338623,7.519999980926514,7.309999942779541,7.5,3.7563202381134033,24100
2019-09-27,7.460000038146973,7.610000133514404,7.460000038146973,7.610000133514404,3.811412811279297,11300
2019-09-30,7.579999923706055,7.71999979019165,7.570000171661377,7.590000152587891,3.801395893096924,17700
2019-10-01,7.559999942779541,7.559999942779541,7.329999923706055,7.400000095367432,3.706235885620117,24100
2019-10-02,7.440000057220459,7.440000057220459,7.329999923706055,7.389999866485596,3.7012267112731934,17300
2019-10-03,7.300000190734863,7.449999809265137,7.28000020980835,7.320000171661377,3.666168212890625,20900
2019-10-04,7.349999904632568,7.369999885559082,7.199999809265137,7.340000152587891,3.676185131072998,23100
2019-10-07,7.210000038146973,7.349999904632568,7.059999942779541,7.059999942779541,3.535949230194092,37700
2019-10-08,7.079999923706055,7.099999904632568,6.769999980926514,6.949999809265137,3.4808568954467773,60900
2019-10-09,7.0,7.150000095367432,6.920000076293945,7.130000114440918,3.5710086822509766,40000
2019-10-10,7.150000095367432,7.300000190734863,6.860000133514404,7.159999847412109,3.5860328674316406,89300
2019-10-11,7.070000171661377,7.099999904632568,7.0,7.050000190734863,3.640249490737915,25300
2019-10-14,7.010000228881836,7.079999923706055,6.769999980926514,6.869999885559082,3.547307252883911,25900
2019-10-15,6.809999942779541,6.829999923706055,6.570000171661377,6.590000152587891,3.4027295112609863,40700
2019-10-16,6.590000152587891,6.730000019073486,6.570000171661377,6.590000152587891,3.4027295112609863,23400
2019-10-17,6.639999866485596,6.659999847412109,6.579999923706055,6.639999866485596,3.428546667098999,36700
2019-10-18,6.679999828338623,6.75,6.420000076293945,6.510000228881836,3.3614213466644287,35800
2019-10-21,6.5,6.510000228881836,6.159999847412109,6.320000171661377,3.2633163928985596,20600
2019-10-22,6.369999885559082,6.5,6.269999980926514,6.400000095367432,3.304624080657959,16000
2019-10-23,6.400000095367432,6.989999771118164,6.360000133514404,6.880000114440918,3.552471160888672,35800
2019-10-24,6.78000020980835,6.909999847412109,6.639999866485596,6.650000095367432,3.433710813522339,14200
2019-10-25,6.769999980926514,6.829999923706055,6.690000057220459,6.829999923706055,3.526653289794922,22000
2019-10-28,6.800000190734863,6.920000076293945,6.71999979019165,6.800000190734863,3.5111634731292725,29700
2019-10-29,6.760000228881836,7.0,6.71999979019165,6.789999961853027,3.506000518798828,19300
2019-10-30,6.800000190734863,6.849999904632568,6.510000228881836,6.639999866485596,3.428546667098999,34900
2019-10-31,6.579999923706055,6.610000133514404,6.28000020980835,6.389999866485596,3.2994601726531982,33400
2019-11-01,6.489999771118164,6.579999923706055,6.420000076293945,6.539999961853027,3.3769125938415527,43800
2019-11-04,6.570000171661377,6.630000114440918,6.199999809265137,6.25,3.2271714210510254,105700
2019-11-05,6.199999809265137,6.480000019073486,6.110000133514404,6.260000228881836,3.2323358058929443,47400
2019-11-06,6.199999809265137,6.289999961853027,5.940000057220459,6.099999904632568,3.1497199535369873,48200
2019-11-07,6.260000228881836,6.309999942779541,6.199999809265137,6.199999809265137,3.2013542652130127,16900
2019-11-08,6.190000057220459,6.25,6.010000228881836,6.070000171661377,3.1342291831970215,29900
2019-11-11,6.039999961853027,6.079999923706055,5.920000076293945,6.059999942779541,3.1290652751922607,45400
2019-11-12,6.059999942779541,6.059999942779541,5.960000038146973,6.010000228881836,3.1032485961914062,19700
2019-11-13,6.039999961853027,6.039999961853027,6.0,6.0,3.0980846881866455,17000
2019-11-14,5.920000076293945,6.039999961853027,5.889999866485596,5.909999847412109,3.0516135692596436,22700
2019-11-15,5.889999866485596,5.949999809265137,5.599999904632568,5.650000095367432,2.917363166809082,55700
2019-11-18,5.659999847412109,5.78000020980835,5.210000038146973,5.300000190734863,2.7366418838500977,85100
2019-11-19,5.25,5.28000020980835,4.880000114440918,4.909999847412109,2.535266160964966,127000
2019-11-20,4.849999904632568,5.269999980926514,4.659999847412109,5.260000228881836,2.7159876823425293,34900
2019-11-21,5.46999979019165,5.559999942779541,5.409999847412109,5.449999809265137,2.814093589782715,29100
2019-11-22,5.5,5.71999979019165,5.5,5.710000038146973,2.9483437538146973,18100
2019-11-25,5.820000171661377,6.5,5.769999980926514,6.349999904632568,3.278806447982788,104200
2019-11-26,6.360000133514404,6.360000133514404,6.110000133514404,6.190000057220459,3.1961910724639893,40400
2019-11-27,6.0,6.190000057220459,6.0,6.110000133514404,3.15488338470459,20400
2019-11-29,6.110000133514404,6.199999809265137,6.079999923706055,6.179999828338623,3.1910276412963867,7600
2019-12-02,6.150000095367432,6.21999979019165,6.0,6.0,3.0980846881866455,24700
2019-12-03,5.949999809265137,6.039999961853027,5.889999866485596,5.960000038146973,3.077430486679077,10100
2019-12-04,5.960000038146973,6.159999847412109,5.920000076293945,5.989999771118164,3.092921495437622,42000
2019-12-05,6.099999904632568,6.369999885559082,6.099999904632568,6.360000133514404,3.283970355987549,36000
2019-12-06,6.360000133514404,6.46999979019165,6.329999923706055,6.329999923706055,3.268479585647583,22300
2019-12-09,6.329999923706055,6.409999847412109,6.21999979019165,6.349999904632568,3.278806447982788,10000
2019-12-10,6.300000190734863,6.449999809265137,6.159999847412109,6.210000038146973,3.2065176963806152,21400
2019-12-11,6.150000095367432,6.320000171661377,6.130000114440918,6.239999771118164,3.22200870513916,19400
2019-12-12,6.260000228881836,6.440000057220459,6.179999828338623,6.380000114440918,3.294297456741333,19400
2019-12-13,6.349999904632568,6.400000095367432,6.119999885559082,6.170000076293945,3.185864210128784,19400
2019-12-16,6.21999979019165,6.300000190734863,6.199999809265137,6.28000020980835,3.242661952972412,30400
2019-12-17,6.320000171661377,6.400000095367432,6.309999942779541,6.309999942779541,3.2581522464752197,17700
2019-12-18,6.25,6.460000038146973,6.25,6.420000076293945,3.314951181411743,29600
2019-12-19,6.360000133514404,6.440000057220459,6.300000190734863,6.380000114440918,3.294297456741333,34200
2019-12-20,6.300000190734863,6.380000114440918,6.21999979019165,6.300000190734863,3.2529900074005127,19200
2019-12-23,6.25,6.429999828338623,6.25,6.369999885559082,3.2891335487365723,15700
2019-12-24,6.300000190734863,6.420000076293945,6.300000190734863,6.389999866485596,3.2994601726531982,7000
2019-12-26,6.420000076293945,6.5,6.300000190734863,6.369999885559082,3.2891335487365723,48900
2019-12-27,6.420000076293945,6.420000076293945,6.300000190734863,6.360000133514404,3.283970355987549,47100
2019-12-30,6.420000076293945,6.489999771118164,6.380000114440918,6.380000114440918,3.294297456741333,29000
2019-12-31,6.349999904632568,6.449999809265137,6.260000228881836,6.269999980926514,3.2374987602233887,52000
2020-01-02,6.269999980926514,6.329999923706055,6.21999979019165,6.260000228881836,3.2323358058929443,24100
2020-01-03,6.349999904632568,6.480000019073486,6.300000190734863,6.429999828338623,3.3201141357421875,37400
2020-01-06,6.5,6.5,6.269999980926514,6.349999904632568,3.278806447982788,104900
2020-01-07,6.260000228881836,6.349999904632568,6.150000095367432,6.150000095367432,3.175537347793579,61000
2020-01-08,6.059999942779541,6.360000133514404,6.059999942779541,6.289999961853027,3.247825860977173,47900
2020-01-09,6.380000114440918,6.389999866485596,6.25,6.369999885559082,3.2891335487365723,39600
2020-01-10,6.449999809265137,6.449999809265137,6.340000152587891,6.389999866485596,3.2994601726531982,69500
2020-01-13,6.389999866485596,6.429999828338623,6.239999771118164,6.300000190734863,3.2529900074005127,137700
2020-01-14,6.199999809265137,6.349999904632568,6.119999885559082,6.210000038146973,3.30622935295105,63800
2020-01-15,6.199999809265137,6.239999771118164,6.110000133514404,6.150000095367432,3.2742860317230225,47000
2020-01-16,6.150000095367432,6.159999847412109,6.050000190734863,6.159999847412109,3.2796101570129395,43200
2020-01-17,6.099999904632568,6.179999828338623,5.989999771118164,6.0,3.194425106048584,82900
2020-01-21,6.0,6.019999980926514,5.610000133514404,5.699999809265137,3.034703016281128,109600
2020-01-22,5.75,5.889999866485596,5.75,5.800000190734863,3.087944507598877,33000
2020-01-23,5.769999980926514,5.860000133514404,5.699999809265137,5.78000020980835,3.0772957801818848,28300
2020-01-24,5.829999923706055,5.889999866485596,5.650000095367432,5.769999980926514,3.0719716548919678,36200
2020-01-27,5.630000114440918,5.960000038146973,5.599999904632568,5.599999904632568,2.9814629554748535,71100
2020-01-28,5.599999904632568,5.699999809265137,5.539999961853027,5.630000114440918,2.9974353313446045,22700
2020-01-29,5.730000019073486,5.730000019073486,5.539999961853027,5.559999942779541,2.9601664543151855,28200
2020-01-30,5.539999961853027,5.570000171661377,5.320000171661377,5.480000019073486,2.917574882507324,50000
2020-01-31,5.420000076293945,5.579999923706055,5.349999904632568,5.409999847412109,2.8803064823150635,16800
2020-02-03,5.429999828338623,5.429999828338623,5.349999904632568,5.349999904632568,2.848362445831299,22800
2020-02-04,5.369999885559082,5.460000038146973,5.349999904632568,5.360000133514404,2.853686571121216,39900
2020-02-05,5.369999885559082,5.550000190734863,5.360000133514404,5.420000076293945,2.8856301307678223,23100
2020-02-06,5.380000114440918,5.429999828338623,5.369999885559082,5.369999885559082,2.8590099811553955,9000
2020-02-07,5.369999885559082,5.409999847412109,5.349999904632568,5.409999847412109,2.8803064823150635,14000
2020-02-10,5.400000095367432,5.420000076293945,5.0,5.230000019073486,2.784473419189453,102400
2020-02-11,5.170000076293945,5.260000228881836,5.110000133514404,5.159999847412109,2.7472054958343506,16200
2020-02-12,5.210000038146973,5.309999942779541,5.159999847412109,5.210000038146973,2.773825168609619,31200
2020-02-13,5.150000095367432,5.28000020980835,5.150000095367432,5.28000020980835,2.811093807220459,13100
2020-02-14,5.260000228881836,5.309999942779541,5.199999809265137,5.28000020980835,2.811093807220459,14300
2020-02-18,5.260000228881836,5.260000228881836,5.159999847412109,5.159999847412109,2.7472054958343506,11600
2020-02-19,5.179999828338623,5.269999980926514,5.150000095367432,5.190000057220459,2.7631776332855225,18300
2020-02-20,5.239999771118164,5.269999980926514,5.0,5.079999923706055,2.7046127319335938,65600
2020-02-21,5.050000190734863,5.050000190734863,5.0,5.050000190734863,2.688640832901001,15700
2020-02-24,5.050000190734863,5.050000190734863,4.710000038146973,4.940000057220459,2.6300766468048096,57700
2020-02-25,4.929999828338623,4.940000057220459,4.610000133514404,4.769999980926514,2.539567470550537,53800
2020-02-26,4.769999980926514,4.860000133514404,4.670000076293945,4.860000133514404,2.587484359741211,22500
2020-02-27,4.860000133514404,4.860000133514404,4.369999885559082,4.699999809265137,2.5022990703582764,122800
2020-02-28,4.5,4.559999942779541,4.360000133514404,4.559999942779541,2.4277632236480713,68100
2020-03-02,4.559999942779541,4.760000228881836,4.5,4.670000076293945,2.486327648162842,32300
2020-03-03,4.769999980926514,5.0,4.71999979019165,5.0,2.6620209217071533,23100
2020-03-04,5.059999942779541,5.159999847412109,4.78000020980835,4.820000171661377,2.566188097000122,46400
2020-03-05,4.800000190734863,4.840000152587891,4.579999923706055,4.639999866485596,2.4703545570373535,45000
2020-03-06,4.650000095367432,4.650000095367432,4.320000171661377,4.46999979019165,2.3798463344573975,56200
2020-03-09,3.109999895095825,3.9000000953674316,3.109999895095825,3.430000066757202,1.8261464834213257,123900
2020-03-10,3.9000000953674316,4.119999885559082,3.700000047683716,4.039999961853027,2.1509127616882324,60200
2020-03-11,3.990000009536743,3.990000009536743,3.5,3.549999952316284,1.890034794807434,29500
2020-03-12,3.490000009536743,3.630000114440918,3.200000047683716,3.630000114440918,1.932626724243164,38900
2020-03-13,3.680000066757202,3.7699999809265137,3.2899999618530273,3.299999952316284,1.7569336891174316,55800
2020-03-16,3.0899999141693115,3.0899999141693115,1.7599999904632568,2.5,1.3310104608535767,98600
2020-03-17,2.5999999046325684,2.5999999046325684,2.0,2.299999952316284,1.2245293855667114,137900
2020-03-18,2.299999952316284,2.299999952316284,2.0199999809265137,2.200000047683716,1.1712892055511475,54300
2020-03-19,2.200000047683716,2.299999952316284,2.0999999046325684,2.140000104904175,1.1393446922302246,103800
2020-03-20,2.200000047683716,2.4000000953674316,2.1500000953674316,2.1700000762939453,1.155316948890686,80100
2020-03-23,2.0999999046325684,2.130000114440918,1.7999999523162842,1.840000033378601,0.9796234369277954,72600
2020-03-24,2.0,2.140000104904175,1.9900000095367432,2.0399999618530273,1.0861046314239502,32800
2020-03-25,2.119999885559082,2.7899999618530273,2.0399999618530273,2.509999990463257,1.3363345861434937,212000
2020-03-26,2.549999952316284,2.569999933242798,2.4000000953674316,2.4200000762939453,1.2884180545806885,83500
2020-03-27,2.450000047683716,2.700000047683716,2.319999933242798,2.700000047683716,1.4374911785125732,44700
2020-03-30,2.5999999046325684,2.700000047683716,2.4000000953674316,2.4200000762939453,1.2884180545806885,23900
2020-03-31,2.630000114440918,2.630000114440918,2.369999885559082,2.4000000953674316,1.2777702808380127,26600
2020-04-01,2.309999942779541,2.380000114440918,2.0999999046325684,2.1500000953674316,1.1446689367294312,31000
2020-04-02,2.200000047683716,3.5399999618530273,2.200000047683716,2.9600000381469727,1.5759165287017822,194400
2020-04-03,3.0899999141693115,3.25,2.5,2.7699999809265137,1.4747594594955444,107400
2020-04-06,3.0,3.0,2.799999952316284,3.0,1.597212553024292,41900
2020-04-07,3.0,3.8499999046325684,3.0,3.5299999713897705,1.8793864250183105,135700
2020-04-08,3.869999885559082,4.099999904632568,3.759999990463257,4.099999904632568,2.182856559753418,86900
2020-04-09,4.150000095367432,4.5,4.039999961853027,4.159999847412109,2.21480131149292,149000
2020-04-13,4.21999979019165,4.460000038146973,4.099999904632568,4.449999809265137,2.3691983222961426,215200
2020-04-14,4.230000019073486,4.230000019073486,3.549999952316284,3.630000114440918,2.0259573459625244,96500
2020-04-15,3.640000104904175,3.640000104904175,3.009999990463257,3.2899999618530273,1.836198329925537,88100
2020-04-16,3.440000057220459,3.440000057220459,2.9000000953674316,2.9800000190734863,1.6631824970245361,48500
2020-04-17,2.9800000190734863,3.1500000953674316,2.8499999046325684,3.1500000953674316,1.7580628395080566,35700
2020-04-20,2.9800000190734863,3.1700000762939453,2.869999885559082,2.9600000381469727,1.652020812034607,86600
2020-04-21,2.940000057220459,2.990000009536743,2.7699999809265137,2.7799999713897705,1.551559567451477,41200
2020-04-22,2.799999952316284,3.75,2.799999952316284,3.4100000858306885,1.9031727313995361,176200
2020-04-23,3.309999942779541,3.390000104904175,3.1500000953674316,3.319999933242798,1.852941632270813,49800
2020-04-24,3.569999933242798,3.619999885559082,3.1700000762939453,3.2300000190734863,1.802712082862854,64100
2020-04-27,3.390000104904175,3.4000000953674316,3.1500000953674316,3.240000009536743,1.8082929849624634,69600
2020-04-28,3.299999952316284,3.3399999141693115,3.1600000858306885,3.240000009536743,1.8082929849624634,66600
2020-04-29,3.319999933242798,3.390000104904175,3.2100000381469727,3.240000009536743,1.8082929849624634,39500
2020-04-30,3.2100000381469727,3.3399999141693115,3.2100000381469727,3.25,1.8138738870620728,14300
2020-05-01,3.3399999141693115,3.3399999141693115,3.0199999809265137,3.0899999141693115,1.7245755195617676,20800
2020-05-04,3.109999895095825,3.2699999809265137,3.109999895095825,3.1500000953674316,1.7580628395080566,20700
2020-05-05,3.4700000286102295,3.5,3.319999933242798,3.380000114440918,1.886428952217102,65700
2020-05-06,3.5,3.5,3.180000066757202,3.200000047683716,1.7859681844711304,30300
2020-05-07,3.2699999809265137,3.3499999046325684,3.0999999046325684,3.130000114440918,1.7469004392623901,28300
2020-05-08,3.200000047683716,3.4700000286102295,3.200000047683716,3.2899999618530273,1.836198329925537,21800
2020-05-11,3.450000047683716,3.4600000381469727,3.0,3.049999952316284,1.7022510766983032,31700
2020-05-12,3.049999952316284,3.2100000381469727,3.049999952316284,3.1700000762939453,1.7692248821258545,30800
2020-05-13,3.2300000190734863,3.2300000190734863,3.009999990463257,3.190000057220459,1.780387282371521,34300
2020-05-14,3.1500000953674316,3.180000066757202,3.009999990463257,3.180000066757202,1.774806022644043,14200
2020-05-15,3.2100000381469727,3.299999952316284,3.109999895095825,3.299999952316284,1.8417797088623047,17600
2020-05-18,3.309999942779541,3.5299999713897705,3.309999942779541,3.5299999713897705,1.9701459407806396,41200
2020-05-19,3.5199999809265137,3.680000066757202,3.380000114440918,3.5999999046325684,2.009213924407959,24600
2020-05-20,3.509999990463257,3.549999952316284,3.4000000953674316,3.440000057220459,1.919915795326233,20800
2020-05-21,3.390000104904175,3.450000047683716,3.309999942779541,3.359999895095825,1.8752665519714355,31300
2020-05-22,3.380000114440918,3.5,3.3499999046325684,3.369999885559082,1.8808478116989136,11300
2020-05-26,3.4000000953674316,3.690000057220459,3.4000000953674316,3.690000057220459,2.0594444274902344,39400
2020-05-27,3.700000047683716,3.75,3.5299999713897705,3.700000047683716,2.065025568008423,39500
2020-05-28,3.7699999809265137,3.8499999046325684,3.5,3.549999952316284,1.9813085794448853,29600
2020-05-29,3.5,3.5199999809265137,3.25,3.509999990463257,1.9589836597442627,30600
2020-06-01,3.450000047683716,3.569999933242798,3.359999895095825,3.5299999713897705,1.9701459407806396,22000
2020-06-02,3.5899999141693115,3.5899999141693115,3.390000104904175,3.490000009536743,1.9478216171264648,22000
2020-06-03,3.5899999141693115,3.5899999141693115,3.4800000190734863,3.569999933242798,1.992470622062683,37900
2020-06-04,3.5299999713897705,3.5299999713897705,3.359999895095825,3.490000009536743,1.9478216171264648,22100
2020-06-05,3.5899999141693115,3.9700000286102295,3.549999952316284,3.9100000858306885,2.1822304725646973,81700
2020-06-08,4.010000228881836,4.429999828338623,4.010000228881836,4.340000152587891,2.4222192764282227,114300
2020-06-09,4.369999885559082,4.75,4.139999866485596,4.75,2.6510465145111084,52000
2020-06-10,4.630000114440918,4.630000114440918,4.110000133514404,4.389999866485596,2.450124979019165,23100
2020-06-11,4.050000190734863,4.28000020980835,4.010000228881836,4.070000171661377,2.271528482437134,43900
2020-06-12,4.210000038146973,4.210000038146973,4.010000228881836,4.039999961853027,2.2547848224639893,15800
2020-06-15,4.010000228881836,4.369999885559082,3.8499999046325684,4.300000190734863,2.3998947143554688,19900
2020-06-16,4.489999771118164,4.489999771118164,4.070000171661377,4.349999904632568,2.4278006553649902,30300
2020-06-17,4.449999809265137,4.449999809265137,4.119999885559082,4.119999885559082,2.299433946609497,29900
2020-06-18,4.289999961853027,4.289999961853027,4.059999942779541,4.190000057220459,2.3385021686553955,22100
2020-06-19,4.190000057220459,4.28000020980835,4.039999961853027,4.190000057220459,2.3385021686553955,11800
2020-06-22,4.340000152587891,4.440000057220459,4.079999923706055,4.179999828338623,2.332921028137207,36300
2020-06-23,4.269999980926514,4.309999942779541,4.079999923706055,4.28000020980835,2.3887321949005127,13200
2020-06-24,4.320000171661377,4.320000171661377,4.0,4.179999828338623,2.332921028137207,20800
2020-06-25,4.110000133514404,4.349999904632568,4.110000133514404,4.289999961853027,2.394313097000122,8500
2020-06-26,4.190000057220459,4.239999771118164,4.110000133514404,4.159999847412109,2.32175874710083,19000
2020-06-29,4.110000133514404,4.159999847412109,3.9700000286102295,4.110000133514404,2.2938528060913086,30800
2020-06-30,4.0,4.199999809265137,3.930000066757202,4.190000057220459,2.3385021686553955,19200
2020-07-01,4.179999828338623,4.179999828338623,3.950000047683716,3.990000009536743,2.226879119873047,16500
2020-07-02,4.090000152587891,4.090000152587891,3.7699999809265137,3.9800000190734863,2.2212982177734375,20800
2020-07-06,4.110000133514404,4.110000133514404,3.7799999713897705,3.9200000762939453,2.1878111362457275,39500
2020-07-07,3.740000009536743,3.75,3.319999933242798,3.359999895095825,1.8752665519714355,167000
2020-07-08,3.25,3.490000009536743,2.9100000858306885,2.950000047683716,1.6464390754699707,169100
2020-07-09,2.859999895095825,2.9600000381469727,2.7100000381469727,2.799999952316284,1.562722086906433,107800
2020-07-10,2.799999952316284,2.930000066757202,2.640000104904175,2.880000114440918,1.6073713302612305,62500
2020-07-13,2.890000104904175,2.9100000858306885,2.5999999046325684,2.700000047683716,1.5069106817245483,50800
2020-07-14,2.7799999713897705,2.7799999713897705,2.5999999046325684,2.690000057220459,1.5013294219970703,75300
2020-07-15,2.690000057220459,3.069999933242798,2.6500000953674316,3.0399999618530273,1.6966696977615356,91500
2020-07-16,3.0199999809265137,3.180000066757202,2.9800000190734863,3.0899999141693115,1.7245755195617676,42000
2020-07-17,3.0999999046325684,3.359999895095825,3.0999999046325684,3.25,1.8138738870620728,89700
2020-07-20,3.1600000858306885,3.3399999141693115,3.109999895095825,3.299999952316284,1.8417797088623047,33400
2020-07-21,3.200000047683716,3.390000104904175,3.1700000762939453,3.3399999141693115,1.8641042709350586,54500
2020-07-22,3.319999933242798,3.4100000858306885,3.2100000381469727,3.380000114440918,1.886428952217102,18000
2020-07-23,3.309999942779541,3.4000000953674316,3.309999942779541,3.369999885559082,1.8808478116989136,15400
2020-07-24,3.380000114440918,3.4800000190734863,3.369999885559082,3.4000000953674316,1.897591471672058,14700
2020-07-27,3.4600000381469727,3.4600000381469727,3.3299999237060547,3.4000000953674316,1.897591471672058,21500
2020-07-28,3.4000000953674316,3.440000057220459,3.309999942779541,3.309999942779541,1.8473607301712036,11600
2020-07-29,3.359999895095825,3.4200000762939453,3.309999942779541,3.4200000762939453,1.908753514289856,8300
2020-07-30,3.299999952316284,3.319999933242798,3.180000066757202,3.2200000286102295,1.7971304655075073,10100
2020-07-31,3.2200000286102295,3.3499999046325684,3.1600000858306885,3.2899999618530273,1.836198329925537,11000
2020-08-03,3.2100000381469727,3.299999952316284,3.200000047683716,3.2699999809265137,1.8250362873077393,10300
2020-08-04,3.299999952316284,3.359999895095825,3.1500000953674316,3.240000009536743,1.8082929849624634,24000
2020-08-05,3.369999885559082,3.369999885559082,3.049999952316284,3.069999933242798,1.7134132385253906,62200
2020-08-06,3.049999952316284,3.059999942779541,3.0,3.0299999713897705,1.691088318824768,27100
2020-08-07,3.0,3.2100000381469727,3.0,3.1600000858306885,1.763643741607666,23900
2020-08-10,3.25,3.25,3.0899999141693115,3.190000057220459,1.780387282371521,31800
2020-08-11,3.200000047683716,3.240000009536743,3.200000047683716,3.200000047683716,1.7859681844711304,15400
2020-08-12,3.200000047683716,3.2200000286102295,3.180000066757202,3.2100000381469727,1.7915494441986084,6100
2020-08-13,3.180000066757202,3.2200000286102295,3.0999999046325684,3.0999999046325684,1.7301565408706665,10100
2020-08-14,3.2300000190734863,3.2300000190734863,3.0799999237060547,3.0799999237060547,1.7189947366714478,13100
2020-08-17,3.059999942779541,3.0899999141693115,3.009999990463257,3.0199999809265137,1.6855072975158691,11600
2020-08-18,3.009999990463257,3.119999885559082,3.0,3.0,1.6743452548980713,15000
2020-08-19,3.0,3.0299999713897705,2.9100000858306885,2.9800000190734863,1.6631824970245361,60500
2020-08-20,2.950000047683716,2.9700000286102295,2.859999895095825,2.859999895095825,1.596208930015564,37500
2020-08-21,2.859999895095825,2.930000066757202,2.7699999809265137,2.809999942779541,1.568303108215332,54300
2020-08-24,2.7899999618530273,2.8399999141693115,2.759999990463257,2.799999952316284,1.562722086906433,43200
2020-08-25,2.759999990463257,2.8299999237060547,2.759999990463257,2.809999942779541,1.568303108215332,25000
2020-08-26,2.809999942779541,2.809999942779541,2.759999990463257,2.7699999809265137,1.5459786653518677,13300
2020-08-27,2.759999990463257,2.9800000190734863,2.759999990463257,2.8399999141693115,1.585046648979187,34100
2020-08-28,2.809999942779541,2.9000000953674316,2.809999942779541,2.819999933242798,1.5738840103149414,11600
2020-08-31,2.880000114440918,2.890000104904175,2.680000066757202,2.7300000190734863,1.5236543416976929,77000
2020-09-01,2.680000066757202,2.690000057220459,2.6600000858306885,2.6600000858306885,1.484586238861084,17100
2020-09-02,2.6600000858306885,2.819999933242798,2.6600000858306885,2.799999952316284,1.562722086906433,37100
2020-09-03,2.8399999141693115,2.869999885559082,2.7300000190734863,2.8399999141693115,1.585046648979187,18800
2020-09-04,2.8299999237060547,2.8299999237060547,2.740000009536743,2.7899999618530273,1.5571409463882446,18100
2020-09-08,2.75,2.869999885559082,2.6600000858306885,2.7799999713897705,1.551559567451477,19200
2020-09-09,2.7699999809265137,2.7699999809265137,2.6600000858306885,2.6600000858306885,1.484586238861084,35500
2020-09-10,2.6600000858306885,2.6600000858306885,2.5999999046325684,2.5999999046325684,1.4510990381240845,20700
2020-09-11,2.619999885559082,2.630000114440918,2.5299999713897705,2.559999942779541,1.4287744760513306,15300
2020-09-14,2.569999933242798,2.5999999046325684,2.5399999618530273,2.5799999237060547,1.439936876296997,38500
2020-09-15,2.569999933242798,2.609999895095825,2.4600000381469727,2.5,1.3952877521514893,39400
2020-09-16,2.5199999809265137,2.569999933242798,2.450000047683716,2.4600000381469727,1.3729630708694458,49500
2020-09-17,2.4000000953674316,2.559999942779541,2.4000000953674316,2.559999942779541,1.4287744760513306,6800
2020-09-18,2.5799999237060547,2.680000066757202,2.5799999237060547,2.6600000858306885,1.484586238861084,18200
2020-09-21,2.5,2.5,2.450000047683716,2.4700000286102295,1.3785443305969238,15300
2020-09-22,2.4700000286102295,2.4800000190734863,2.380000114440918,2.380000114440918,1.3283138275146484,12200
2020-09-23,2.4000000953674316,2.440000057220459,2.359999895095825,2.359999895095825,1.3171515464782715,42400
2020-09-24,2.4000000953674316,2.440000057220459,2.359999895095825,2.359999895095825,1.3171515464782715,12100
2020-09-25,2.440000057220459,2.440000057220459,2.359999895095825,2.4100000858306885,1.3450573682785034,9000
2020-09-28,2.359999895095825,2.4200000762939453,2.359999895095825,2.359999895095825,1.3171515464782715,12600
2020-09-29,2.359999895095825,2.4000000953674316,2.359999895095825,2.359999895095825,1.3171515464782715,16500
2020-09-30,2.3499999046325684,2.3499999046325684,2.259999990463257,2.2799999713897705,1.2725025415420532,10100
2020-10-01,2.259999990463257,2.299999952316284,2.259999990463257,2.2699999809265137,1.2669212818145752,25800
2020-10-02,2.259999990463257,2.3499999046325684,2.259999990463257,2.309999942779541,1.2892457246780396,9300
2020-10-05,2.299999952316284,2.3299999237060547,2.25,2.2799999713897705,1.2725025415420532,28700
2020-10-06,2.4000000953674316,2.690000057220459,2.4000000953674316,2.680000066757202,1.495748519897461,145700
2020-10-07,2.569999933242798,2.680000066757202,2.450000047683716,2.5999999046325684,1.4510990381240845,81800
2020-10-08,2.690000057220459,2.799999952316284,2.5299999713897705,2.7300000190734863,1.5236543416976929,113100
2020-10-09,2.8399999141693115,2.990000009536743,2.7799999713897705,2.859999895095825,1.596208930015564,128800
2020-10-12,2.990000009536743,3.0899999141693115,2.859999895095825,3.0899999141693115,1.7245755195617676,96700
2020-10-13,3.0899999141693115,3.0899999141693115,2.9200000762939453,3.0,1.6743452548980713,102700
2020-10-14,2.859999895095825,2.990000009536743,2.8499999046325684,2.880000114440918,1.6599359512329102,76400
2020-10-15,2.859999895095825,2.859999895095825,2.5899999141693115,2.6600000858306885,1.5331352949142456,112300
2020-10-16,2.6700000762939453,2.680000066757202,2.559999942779541,2.559999942779541,1.4754985570907593,52400
2020-10-19,2.559999942779541,2.5999999046325684,2.509999990463257,2.5299999713897705,1.4582074880599976,31300
2020-10-20,2.509999990463257,2.6700000762939453,2.509999990463257,2.640000104904175,1.5216079950332642,35600
2020-10-21,2.6700000762939453,2.7200000286102295,2.5799999237060547,2.700000047683716,1.5561896562576294,39100
2020-10-22,2.6500000953674316,2.6600000858306885,2.549999952316284,2.5999999046325684,1.4985530376434326,14000
2020-10-23,2.6600000858306885,2.7899999618530273,2.6500000953674316,2.740000009536743,1.57924485206604,46300
2020-10-26,2.609999895095825,2.740000009536743,2.559999942779541,2.6600000858306885,1.5331352949142456,41600
2020-10-27,2.630000114440918,2.7100000381469727,2.609999895095825,2.6700000762939453,1.5388989448547363,17500
2020-10-28,2.640000104904175,2.640000104904175,2.4600000381469727,2.490000009536743,1.4351531267166138,78600
2020-10-29,2.490000009536743,2.6500000953674316,2.4600000381469727,2.559999942779541,1.4754985570907593,39500
2020-10-30,2.5399999618530273,2.5999999046325684,2.5399999618530273,2.559999942779541,1.4754985570907593,7100
2020-11-02,2.6500000953674316,2.6500000953674316,2.509999990463257,2.630000114440918,1.5158443450927734,22800
2020-11-03,2.7300000190734863,2.7300000190734863,2.509999990463257,2.569999933242798,1.4812623262405396,17800
2020-11-04,2.549999952316284,2.559999942779541,2.4600000381469727,2.509999990463257,1.4466805458068848,25900
2020-11-05,2.4800000190734863,2.5199999809265137,2.4700000286102295,2.509999990463257,1.4466805458068848,7800
2020-11-06,2.4700000286102295,2.509999990463257,2.450000047683716,2.4700000286102295,1.4236254692077637,27000
2020-11-09,2.509999990463257,2.619999885559082,2.4800000190734863,2.569999933242798,1.4812623262405396,80800
2020-11-10,2.640000104904175,2.690000057220459,2.5299999713897705,2.6700000762939453,1.5388989448547363,44700
2020-11-11,2.690000057220459,2.690000057220459,2.5999999046325684,2.640000104904175,1.5216079950332642,24800
2020-11-12,2.6600000858306885,2.690000057220459,2.549999952316284,2.6600000858306885,1.5331352949142456,63100
2020-11-13,2.619999885559082,2.690000057220459,2.5299999713897705,2.619999885559082,1.5100805759429932,77600
2020-11-16,2.7300000190734863,2.740000009536743,2.680000066757202,2.7300000190734863,1.5734810829162598,61700
2020-11-17,2.7300000190734863,2.740000009536743,2.6500000953674316,2.7200000286102295,1.56771719455719,26500
2020-11-18,2.740000009536743,2.7799999713897705,2.6700000762939453,2.6700000762939453,1.5388989448547363,40500
2020-11-19,2.700000047683716,2.700000047683716,2.609999895095825,2.690000057220459,1.5504264831542969,38700
2020-11-20,2.6500000953674316,2.7200000286102295,2.6500000953674316,2.700000047683716,1.5561896562576294,20400
2020-11-23,2.7100000381469727,2.759999990463257,2.7100000381469727,2.759999990463257,1.590772032737732,38100
2020-11-24,2.7899999618530273,2.809999942779541,2.7300000190734863,2.759999990463257,1.590772032737732,92000
2020-11-25,2.799999952316284,2.809999942779541,2.7300000190734863,2.7899999618530273,1.6080628633499146,98700
2020-11-27,2.890000104904175,2.890000104904175,2.819999933242798,2.880000114440918,1.6599359512329102,72100
2020-11-30,2.9000000953674316,2.950000047683716,2.8499999046325684,2.9000000953674316,1.6714633703231812,42600
2020-12-01,2.990000009536743,2.990000009536743,2.799999952316284,2.8399999141693115,1.6368813514709473,70600
2020-12-02,2.8399999141693115,2.8499999046325684,2.619999885559082,2.640000104904175,1.5216079950332642,120800
2020-12-03,2.6500000953674316,2.740000009536743,2.630000114440918,2.6600000858306885,1.5331352949142456,82600
2020-12-04,2.7899999618530273,2.809999942779541,2.690000057220459,2.7899999618530273,1.6080628633499146,59100
2020-12-07,2.75,2.809999942779541,2.7200000286102295,2.75,1.5850082635879517,43300
2020-12-08,2.75,2.890000104904175,2.740000009536743,2.890000104904175,1.6656997203826904,67200
2020-12-09,2.9000000953674316,3.0199999809265137,2.819999933242798,2.8399999141693115,1.6368813514709473,171400
2020-12-10,2.8399999141693115,3.0899999141693115,2.8399999141693115,3.0299999713897705,1.7463905811309814,158200
2020-12-11,3.0899999141693115,3.0899999141693115,2.950000047683716,2.9700000286102295,1.711808681488037,24800
2020-12-14,2.9800000190734863,3.0899999141693115,2.950000047683716,3.059999942779541,1.7636821269989014,65700
2020-12-15,3.0799999237060547,3.2799999713897705,3.059999942779541,3.190000057220459,1.8386096954345703,101500
2020-12-16,3.25,3.2899999618530273,3.0899999141693115,3.130000114440918,1.8040274381637573,58200
2020-12-17,3.109999895095825,3.130000114440918,2.9700000286102295,3.0399999618530273,1.7521543502807617,81000
2020-12-18,2.9600000381469727,3.0799999237060547,2.9600000381469727,2.9800000190734863,1.7175724506378174,54900
2020-12-21,2.9800000190734863,3.0,2.9100000858306885,2.9600000381469727,1.706045389175415,77200
2020-12-22,2.9600000381469727,3.009999990463257,2.859999895095825,2.930000066757202,1.6887540817260742,61100
2020-12-23,2.859999895095825,3.0,2.859999895095825,2.990000009536743,1.7233363389968872,19500
2020-12-24,2.930000066757202,3.069999933242798,2.930000066757202,3.0,1.729099988937378,15900
2020-12-28,3.049999952316284,3.059999942779541,2.9600000381469727,2.9700000286102295,1.711808681488037,44100
2020-12-29,2.9700000286102295,2.9800000190734863,2.809999942779541,2.9000000953674316,1.6714633703231812,67800
2020-12-30,2.9000000953674316,3.0399999618530273,2.9000000953674316,3.0299999713897705,1.7463905811309814,76900
2020-12-31,3.0299999713897705,3.140000104904175,3.0,3.119999885559082,1.7982640266418457,106700
2021-01-04,3.140000104904175,3.190000057220459,2.9600000381469727,3.1500000953674316,1.8155548572540283,124600
2021-01-05,3.190000057220459,3.490000009536743,3.1700000762939453,3.430000066757202,1.9769372940063477,142800
2021-01-06,3.490000009536743,3.7300000190734863,3.450000047683716,3.4600000381469727,1.9942288398742676,159400
2021-01-07,3.6600000858306885,3.7699999809265137,3.509999990463257,3.740000009536743,2.155611276626587,129300
2021-01-08,3.799999952316284,3.890000104904175,3.690000057220459,3.819999933242798,2.201720952987671,118100
2021-01-11,3.809999942779541,4.409999847412109,3.809999942779541,4.349999904632568,2.507194757461548,357500
2021-01-12,4.5,4.579999923706055,4.349999904632568,4.53000020980835,2.610941171646118,224200
2021-01-13,4.610000133514404,4.610000133514404,4.210000038146973,4.360000133514404,2.512958526611328,207200
2021-01-14,4.300000190734863,4.300000190734863,3.9700000286102295,4.059999942779541,2.4006145000457764,144500
2021-01-15,4.099999904632568,4.099999904632568,3.819999933242798,3.9600000381469727,2.3414862155914307,83700
2021-01-19,3.859999895095825,3.9600000381469727,3.740000009536743,3.8299999237060547,2.2646186351776123,85800
2021-01-20,3.75,3.859999895095825,3.5399999618530273,3.5799999237060547,2.116798162460327,94300
2021-01-21,3.450000047683716,3.7899999618530273,3.450000047683716,3.680000066757202,2.1759262084960938,92900
2021-01-22,3.5799999237060547,3.7699999809265137,3.5799999237060547,3.759999990463257,2.223229169845581,30300
2021-01-25,3.759999990463257,3.940000057220459,3.680000066757202,3.8399999141693115,2.2705318927764893,106700
2021-01-26,3.930000066757202,3.950000047683716,3.690000057220459,3.7699999809265137,2.229142189025879,65900
2021-01-27,3.75,3.869999885559082,3.700000047683716,3.7100000381469727,2.1936652660369873,37500
2021-01-28,3.7200000286102295,3.9700000286102295,3.609999895095825,3.890000104904175,2.300096035003662,138600
2021-01-29,3.9000000953674316,3.9000000953674316,3.5999999046325684,3.75,2.217316150665283,58700
2021-02-01,3.7799999713897705,3.8399999141693115,3.619999885559082,3.75,2.217316150665283,34800
2021-02-02,3.8399999141693115,3.8499999046325684,3.700000047683716,3.7799999713897705,2.2350547313690186,52500
2021-02-03,3.8499999046325684,4.050000190734863,3.8299999237060547,3.990000009536743,2.359224796295166,65100
2021-02-04,3.940000057220459,4.0,3.9100000858306885,3.9800000190734863,2.3533120155334473,45500
2021-02-05,3.950000047683716,4.090000152587891,3.950000047683716,4.090000152587891,2.4183530807495117,38200
2021-02-08,4.150000095367432,4.21999979019165,3.990000009536743,4.059999942779541,2.4006145000457764,80700
2021-02-09,4.119999885559082,4.190000057220459,4.0,4.070000171661377,2.406527519226074,32600
2021-02-10,4.110000133514404,4.349999904632568,4.039999961853027,4.199999809265137,2.4833943843841553,156800
2021-02-11,4.199999809265137,4.320000171661377,3.8499999046325684,3.9000000953674316,2.306008815765381,241100
2021-02-12,3.859999895095825,4.050000190734863,3.8499999046325684,4.010000228881836,2.3710503578186035,31200
2021-02-16,4.119999885559082,4.159999847412109,4.010000228881836,4.150000095367432,2.4538300037384033,60200
2021-02-17,4.099999904632568,4.190000057220459,4.079999923706055,4.159999847412109,2.459742546081543,21100
2021-02-18,4.090000152587891,4.329999923706055,4.090000152587891,4.119999885559082,2.436091661453247,51700
2021-02-19,4.139999866485596,4.239999771118164,4.139999866485596,4.230000019073486,2.5011327266693115,64400
2021-02-22,4.230000019073486,4.420000076293945,4.179999828338623,4.400000095367432,2.6016509532928467,66400
2021-02-23,4.400000095367432,4.400000095367432,4.150000095367432,4.260000228881836,2.5188710689544678,44900
2021-02-24,4.329999923706055,4.420000076293945,4.300000190734863,4.380000114440918,2.5898258686065674,31800
2021-02-25,4.420000076293945,4.420000076293945,4.28000020980835,4.320000171661377,2.5543484687805176,35600
2021-02-26,4.309999942779541,4.309999942779541,3.950000047683716,4.139999866485596,2.4479169845581055,114300
2021-03-01,4.139999866485596,4.320000171661377,4.090000152587891,4.190000057220459,2.4774813652038574,54500
2021-03-02,4.170000076293945,4.199999809265137,4.090000152587891,4.099999904632568,2.4242656230926514,43000
2021-03-03,4.139999866485596,4.260000228881836,4.119999885559082,4.21999979019165,2.495220184326172,31400
2021-03-04,4.199999809265137,4.300000190734863,4.059999942779541,4.150000095367432,2.4538300037384033,62900
2021-03-05,4.260000228881836,4.28000020980835,4.019999980926514,4.21999979019165,2.495220184326172,59800
2021-03-08,4.260000228881836,4.349999904632568,4.210000038146973,4.230000019073486,2.5011327266693115,38600
2021-03-09,4.260000228881836,4.420000076293945,4.239999771118164,4.329999923706055,2.5602614879608154,45900
2021-03-10,4.329999923706055,4.440000057220459,4.329999923706055,4.409999847412109,2.6075637340545654,35400
2021-03-11,4.449999809265137,4.5,4.420000076293945,4.480000019073486,2.648954153060913,55900
2021-03-12,4.420000076293945,4.5,4.349999904632568,4.409999847412109,2.6075637340545654,39400
2021-03-15,4.449999809265137,4.5,4.329999923706055,4.460000038146973,2.6371283531188965,48600
2021-03-16,4.46999979019165,4.480000019073486,4.360000133514404,4.369999885559082,2.5839123725891113,30500
2021-03-17,4.389999866485596,4.5,4.389999866485596,4.400000095367432,2.6016509532928467,42700
2021-03-18,4.46999979019165,4.46999979019165,4.230000019073486,4.28000020980835,2.5306968688964844,47300
2021-03-19,4.28000020980835,4.28000020980835,4.170000076293945,4.269999980926514,2.5247840881347656,78900
2021-03-22,4.320000171661377,4.340000152587891,4.21999979019165,4.340000152587891,2.566174030303955,15600
2021-03-23,4.340000152587891,4.389999866485596,4.159999847412109,4.199999809265137,2.4833943843841553,20700
2021-03-24,4.21999979019165,4.420000076293945,4.199999809265137,4.309999942779541,2.548435688018799,46100
2021-03-25,4.349999904632568,4.349999904632568,4.21999979019165,4.230000019073486,2.5011327266693115,11900
2021-03-26,4.199999809265137,4.340000152587891,4.199999809265137,4.340000152587891,2.566174030303955,19900
2021-03-29,4.400000095367432,4.400000095367432,4.25,4.329999923706055,2.5602614879608154,30700
2021-03-30,4.260000228881836,4.340000152587891,4.25,4.28000020980835,2.5306968688964844,12000
2021-03-31,4.340000152587891,4.400000095367432,4.260000228881836,4.340000152587891,2.566174030303955,55300
2021-04-01,4.320000171661377,4.5,4.320000171661377,4.429999828338623,2.6193900108337402,50300
2021-04-05,4.5,4.5,4.349999904632568,4.460000038146973,2.6371283531188965,76000
2021-04-06,5.039999961853027,5.409999847412109,4.909999847412109,5.199999809265137,3.0746781826019287,510000
2021-04-07,5.25,5.25,4.900000095367432,5.050000190734863,2.9859862327575684,238800
2021-04-08,5.099999904632568,5.260000228881836,5.050000190734863,5.260000228881836,3.1101558208465576,266500
2021-04-09,5.46999979019165,5.480000019073486,5.21999979019165,5.440000057220459,3.2165868282318115,343300
2021-04-12,5.449999809265137,5.599999904632568,5.420000076293945,5.579999923706055,3.2993664741516113,455200
2021-04-13,5.599999904632568,5.699999809265137,5.440000057220459,5.599999904632568,3.311192274093628,694200
2021-04-14,5.230000019073486,5.320000171661377,5.099999904632568,5.139999866485596,3.157611846923828,211200
2021-04-15,5.150000095367432,5.150000095367432,4.929999828338623,4.960000038146973,3.04703426361084,118200
2021-04-16,4.96999979019165,4.989999771118164,4.869999885559082,4.869999885559082,2.991745710372925,98300
2021-04-19,4.869999885559082,4.889999866485596,4.679999828338623,4.869999885559082,2.991745710372925,136100
2021-04-20,4.880000114440918,4.909999847412109,4.739999771118164,4.889999866485596,3.0040314197540283,46800
2021-04-21,4.889999866485596,5.119999885559082,4.889999866485596,5.050000190734863,3.102323532104492,121400
2021-04-22,5.070000171661377,5.090000152587891,5.0,5.059999942779541,3.108466863632202,46800
2021-04-23,5.119999885559082,5.25,5.0,5.21999979019165,3.2067577838897705,107400
2021-04-26,5.21999979019165,5.5,5.199999809265137,5.230000019073486,3.2129008769989014,74700
2021-04-27,5.239999771118164,5.329999923706055,5.019999980926514,5.070000171661377,3.114609479904175,93900
2021-04-28,5.139999866485596,5.150000095367432,5.039999961853027,5.139999866485596,3.157611846923828,31900
2021-04-29,5.110000133514404,5.21999979019165,5.110000133514404,5.119999885559082,3.145325183868408,20300
2021-04-30,5.199999809265137,5.340000152587891,5.03000020980835,5.110000133514404,3.1391828060150146,68700
2021-05-03,5.190000057220459,5.449999809265137,5.170000076293945,5.449999809265137,3.3480515480041504,71200
2021-05-04,5.309999942779541,5.460000038146973,5.289999961853027,5.449999809265137,3.3480515480041504,45300
2021-05-05,5.420000076293945,5.539999961853027,5.349999904632568,5.53000020980835,3.3971970081329346,86500
2021-05-06,5.539999961853027,5.539999961853027,5.400000095367432,5.5,3.3787682056427,71600
2021-05-07,5.53000020980835,5.539999961853027,5.400000095367432,5.519999980926514,3.391054391860962,39400
2021-05-10,5.449999809265137,5.519999980926514,5.400000095367432,5.46999979019165,3.360337972640991,35700
2021-05-11,5.409999847412109,5.579999923706055,5.409999847412109,5.53000020980835,3.3971970081329346,60700
2021-05-12,5.489999771118164,5.579999923706055,5.46999979019165,5.53000020980835,3.3971970081329346,25700
2021-05-13,5.539999961853027,5.699999809265137,5.53000020980835,5.639999866485596,3.4647724628448486,87200
2021-05-14,5.639999866485596,5.920000076293945,5.619999885559082,5.889999866485596,3.6183531284332275,119700
2021-05-17,5.940000057220459,6.139999866485596,5.889999866485596,6.099999904632568,3.7473602294921875,95300
2021-05-18,6.139999866485596,6.190000057220459,6.099999904632568,6.150000095367432,3.7780768871307373,61800
2021-05-19,6.0,6.150000095367432,5.860000133514404,6.050000190734863,3.716644048690796,61400
2021-05-20,6.059999942779541,6.179999828338623,6.010000228881836,6.099999904632568,3.7473602294921875,38100
2021-05-21,6.130000114440918,6.710000038146973,6.119999885559082,6.449999809265137,3.962372064590454,257300
2021-05-24,6.579999923706055,6.78000020980835,6.460000038146973,6.550000190734863,4.023805618286133,75400
2021-05-25,6.53000020980835,6.659999847412109,6.159999847412109,6.170000076293945,3.7903640270233154,161400
2021-05-26,6.25,6.360000133514404,6.210000038146973,6.360000133514404,3.9070847034454346,49600
2021-05-27,6.440000057220459,6.460000038146973,6.349999904632568,6.449999809265137,3.962372064590454,27200
2021-05-28,6.539999961853027,6.539999961853027,6.429999828338623,6.480000019073486,3.9808030128479004,36300
2021-06-01,6.510000228881836,6.590000152587891,6.110000133514404,6.210000038146973,3.814936399459839,221200
2021-06-02,6.260000228881836,6.340000152587891,6.090000152587891,6.309999942779541,3.8763680458068848,62100
2021-06-03,6.329999923706055,6.440000057220459,6.300000190734863,6.400000095367432,3.9316563606262207,51100
2021-06-04,6.440000057220459,6.440000057220459,6.260000228881836,6.400000095367432,3.9316563606262207,39000
2021-06-07,6.300000190734863,6.440000057220459,6.300000190734863,6.400000095367432,3.9316563606262207,35900
2021-06-08,6.409999847412109,6.570000171661377,6.360000133514404,6.559999942779541,4.029949188232422,94700
2021-06-09,6.559999942779541,6.960000038146973,6.510000228881836,6.860000133514404,4.214244365692139,92100
2021-06-10,6.940000057220459,6.940000057220459,6.699999809265137,6.909999847412109,4.244960784912109,29100
2021-06-11,7.0,7.0,6.889999866485596,6.900000095367432,4.2388176918029785,36500
2021-06-14,6.900000095367432,7.349999904632568,6.900000095367432,7.199999809265137,4.423113822937012,69800
2021-06-15,7.28000020980835,7.630000114440918,7.28000020980835,7.599999904632568,4.668842315673828,130000
2021-06-16,7.710000038146973,7.75,7.269999980926514,7.489999771118164,4.6012678146362305,108300
2021-06-17,7.519999980926514,7.590000152587891,7.0,7.199999809265137,4.423113822937012,107700
2021-06-18,7.110000133514404,7.230000019073486,7.050000190734863,7.190000057220459,4.416970729827881,40600
2021-06-21,7.25,7.619999885559082,7.25,7.559999942779541,4.644269943237305,88000
2021-06-22,7.550000190734863,7.590000152587891,7.400000095367432,7.46999979019165,4.5889811515808105,27000
2021-06-23,7.46999979019165,7.760000228881836,7.420000076293945,7.610000133514404,4.674985885620117,105000
2021-06-24,7.730000019073486,7.789999961853027,7.400000095367432,7.769999980926514,4.773277282714844,70500
2021-06-25,7.800000190734863,7.929999828338623,7.599999904632568,7.78000020980835,4.779420852661133,87300
2021-06-28,7.869999885559082,7.889999866485596,7.489999771118164,7.699999809265137,4.7302751541137695,108200
2021-06-29,7.820000171661377,8.079999923706055,7.710000038146973,8.069999694824219,4.957573890686035,92500
2021-06-30,8.140000343322754,8.600000381469727,8.100000381469727,8.479999542236328,5.209444999694824,195800
2021-07-01,8.649999618530273,8.949999809265137,8.479999542236328,8.949999809265137,5.4981770515441895,134800
2021-07-02,9.199999809265137,9.380000114440918,8.960000038146973,9.319999694824219,5.725475311279297,182700
2021-07-06,9.770000457763672,9.90999984741211,9.0,9.220000267028809,5.66404390335083,371400
2021-07-07,9.59000015258789,10.0,9.350000381469727,9.649999618530273,5.928202152252197,338600
2021-07-08,9.600000381469727,9.930000305175781,9.350000381469727,9.739999771118164,5.98349142074585,272800
2021-07-09,10.0600004196167,10.25,9.399999618530273,9.789999961853027,6.014205455780029,329600
2021-07-12,9.770000457763672,10.0,9.5,9.819999694824219,6.032636642456055,228500
2021-07-13,9.960000038146973,10.0,9.550000190734863,9.920000076293945,6.09406852722168,152800
2021-07-14,9.949999809265137,10.0,8.510000228881836,8.710000038146973,5.3507399559021,375800
2021-07-15,8.399999618530273,8.399999618530273,7.150000095367432,7.550000190734863,4.803576946258545,733700
2021-07-16,7.800000190734863,8.239999771118164,7.639999866485596,7.920000076293945,5.0389838218688965,213600
2021-07-19,7.150000095367432,7.489999771118164,6.409999847412109,6.429999828338623,4.090993881225586,470000
2021-07-20,6.559999942779541,7.230000019073486,6.550000190734863,7.130000114440918,4.536357879638672,207100
2021-07-21,7.150000095367432,7.449999809265137,7.150000095367432,7.28000020980835,4.63179349899292,133800
2021-07-22,7.300000190734863,7.369999885559082,7.039999961853027,7.099999904632568,4.517271041870117,55300
2021-07-23,7.179999828338623,7.480000019073486,7.110000133514404,7.329999923706055,4.663605690002441,65500
2021-07-26,7.360000133514404,7.579999923706055,7.309999942779541,7.510000228881836,4.778127670288086,71500
2021-07-27,7.489999771118164,7.489999771118164,7.099999904632568,7.329999923706055,4.663605690002441,48900
2021-07-28,7.230000019073486,7.230000019073486,7.099999904632568,7.170000076293945,4.561807632446289,60500
2021-07-29,7.210000038146973,7.300000190734863,7.139999866485596,7.170000076293945,4.561807632446289,57300
2021-07-30,7.199999809265137,7.400000095367432,7.199999809265137,7.300000190734863,4.644518852233887,41400
2021-08-02,7.150000095367432,7.309999942779541,6.570000171661377,6.639999866485596,4.224603176116943,223200
2021-08-03,6.639999866485596,6.949999809265137,6.550000190734863,6.78000020980835,4.313675880432129,56900
2021-08-04,6.78000020980835,6.78000020980835,6.320000171661377,6.320000171661377,4.021007537841797,107700
2021-08-05,6.380000114440918,6.659999847412109,6.380000114440918,6.429999828338623,4.090993881225586,64500
2021-08-06,6.670000076293945,6.690000057220459,6.489999771118164,6.639999866485596,4.224603176116943,43300
2021-08-09,6.489999771118164,6.550000190734863,6.309999942779541,6.340000152587891,4.033731937408447,114500
2021-08-10,6.460000038146973,6.699999809265137,6.400000095367432,6.579999923706055,4.186429023742676,43900
2021-08-11,6.46999979019165,6.650000095367432,6.400000095367432,6.5,4.1355299949646,58000
2021-08-12,6.539999961853027,6.650000095367432,6.329999923706055,6.400000095367432,4.071906089782715,31800
2021-08-13,6.460000038146973,6.659999847412109,6.300000190734863,6.400000095367432,4.071906089782715,36800
2021-08-16,6.199999809265137,6.380000114440918,6.139999866485596,6.230000019073486,3.9637467861175537,59600
2021-08-17,6.110000133514404,6.230000019073486,5.559999942779541,5.730000019073486,3.6456289291381836,237200
2021-08-18,5.840000152587891,6.090000152587891,5.769999980926514,5.96999979019165,3.7983248233795166,47200
2021-08-19,5.820000171661377,5.989999771118164,5.75,5.849999904632568,3.7219769954681396,33000
2021-08-20,5.849999904632568,5.980000019073486,5.78000020980835,5.809999942779541,3.6965274810791016,72600
2021-08-23,5.849999904632568,6.260000228881836,5.849999904632568,6.050000190734863,3.8492236137390137,135000
2021-08-24,6.179999828338623,6.400000095367432,6.179999828338623,6.340000152587891,4.033731937408447,54500
2021-08-25,6.309999942779541,6.420000076293945,6.289999961853027,6.340000152587891,4.033731937408447,40500
2021-08-26,6.349999904632568,6.409999847412109,6.25,6.360000133514404,4.046456813812256,25000
2021-08-27,6.400000095367432,6.639999866485596,6.300000190734863,6.539999961853027,4.160979270935059,88300
2021-08-30,6.650000095367432,6.75,6.53000020980835,6.670000076293945,4.243690013885498,63600
2021-08-31,6.75,6.880000114440918,6.610000133514404,6.880000114440918,4.3772993087768555,35900
2021-09-01,6.920000076293945,6.920000076293945,6.800000190734863,6.860000133514404,4.364574432373047,20700
2021-09-02,6.900000095367432,7.0,6.800000190734863,6.900000095367432,4.390023708343506,17700
2021-09-03,6.960000038146973,7.199999809265137,6.960000038146973,7.099999904632568,4.517271041870117,54300
2021-09-07,7.110000133514404,7.139999866485596,6.960000038146973,7.079999923706055,4.504546642303467,75900
2021-09-08,7.090000152587891,7.25,7.0,7.119999885559082,4.529995918273926,25700
2021-09-09,7.03000020980835,7.079999923706055,6.840000152587891,7.010000228881836,4.460010528564453,49700
2021-09-10,7.019999980926514,7.110000133514404,6.909999847412109,6.909999847412109,4.39638614654541,35600
2021-09-13,6.980000019073486,7.239999771118164,6.980000019073486,7.21999979019165,4.593618869781494,33500
2021-09-14,7.25,7.380000114440918,7.130000114440918,7.28000020980835,4.63179349899292,41300
2021-09-15,7.400000095367432,7.679999828338623,7.329999923706055,7.650000095367432,4.8672003746032715,76900
2021-09-16,7.650000095367432,7.940000057220459,7.639999866485596,7.940000057220459,5.051709175109863,60900
2021-09-17,7.920000076293945,8.100000381469727,7.659999847412109,7.829999923706055,4.981723308563232,74000
2021-09-20,7.5,7.53000020980835,7.039999961853027,7.289999961853027,4.638155937194824,159200
2021-09-21,7.389999866485596,7.769999980926514,7.360000133514404,7.690000057220459,4.8926496505737305,57200
2021-09-22,7.730000019073486,7.96999979019165,7.71999979019165,7.909999847412109,5.032621383666992,59400
2021-09-23,7.949999809265137,8.09000015258789,7.820000171661377,8.0600004196167,5.128057479858398,39800
2021-09-24,8.010000228881836,8.069999694824219,7.75,7.880000114440918,5.013535022735596,88700
2021-09-27,8.079999923706055,8.359999656677246,8.020000457763672,8.279999732971191,5.268028259277344,73700
2021-09-28,8.460000038146973,8.5600004196167,8.020000457763672,8.109999656677246,5.159869194030762,118900
2021-09-29,8.149999618530273,8.520000457763672,8.149999618530273,8.319999694824219,5.293478012084961,63100
2021-09-30,8.4399995803833,8.710000038146973,8.220000267028809,8.670000076293945,5.51616096496582,57700
2021-10-01,8.670000076293945,8.789999961853027,8.600000381469727,8.739999771118164,5.560696601867676,58400
2021-10-04,8.989999771118164,9.100000381469727,8.800000190734863,8.920000076293945,5.675219535827637,153900
2021-10-05,9.0,9.079999923706055,8.800000190734863,9.050000190734863,5.757929801940918,86400
2021-10-06,9.1899995803833,9.350000381469727,8.90999984741211,9.0,5.726119041442871,323500
2021-10-07,9.109999656677246,9.5,9.039999961853027,9.180000305175781,5.840639591217041,150600
2021-10-08,9.34000015258789,9.489999771118164,9.220000267028809,9.40999984741211,5.986974716186523,278500
2021-10-11,9.510000228881836,9.680000305175781,8.920000076293945,9.010000228881836,5.732481002807617,459000
2021-10-12,9.050000190734863,9.1899995803833,8.600000381469727,8.930000305175781,5.681581497192383,404400
2021-10-13,8.949999809265137,9.149999618530273,8.609999656677246,8.829999923706055,5.617958068847656,417600
2021-10-14,8.210000038146973,8.40999984741211,8.020000457763672,8.079999923706055,5.362444877624512,204900
2021-10-15,8.119999885559082,8.319999694824219,7.929999828338623,8.0,5.309352397918701,93300
2021-10-18,8.0,8.199999809265137,7.760000228881836,7.840000152587891,5.203165531158447,139000
2021-10-19,7.900000095367432,8.100000381469727,7.710000038146973,7.96999979019165,5.28944206237793,85700
2021-10-20,7.940000057220459,8.09000015258789,7.880000114440918,8.029999732971191,5.329262733459473,87400
2021-10-21,8.010000228881836,8.5,7.960000038146973,8.34000015258789,5.534999847412109,98500
2021-10-22,8.40999984741211,8.420000076293945,8.100000381469727,8.420000076293945,5.588093280792236,37300
2021-10-25,8.630000114440918,8.949999809265137,8.420000076293945,8.770000457763672,5.820377826690674,157800
2021-10-26,8.75,8.84000015258789,8.489999771118164,8.680000305175781,5.760646343231201,75700
2021-10-27,8.550000190734863,8.739999771118164,8.460000038146973,8.65999984741211,5.747374057769775,85400
2021-10-28,8.579999923706055,8.65999984741211,8.359999656677246,8.359999656677246,5.548273086547852,84600
2021-10-29,8.369999885559082,8.579999923706055,8.199999809265137,8.40999984741211,5.581456661224365,30900
2021-11-01,8.4399995803833,8.550000190734863,8.3100004196167,8.359999656677246,5.548273086547852,42700
2021-11-02,8.59000015258789,8.640000343322754,8.25,8.520000457763672,5.654460430145264,56500
2021-11-03,8.470000267028809,8.65999984741211,8.399999618530273,8.420000076293945,5.588093280792236,41500
2021-11-04,8.350000381469727,8.520000457763672,8.319999694824219,8.420000076293945,5.588093280792236,48700
2021-11-05,8.5,8.59000015258789,8.4399995803833,8.5600004196167,5.681006908416748,36700
2021-11-08,8.600000381469727,8.699999809265137,8.510000228881836,8.5600004196167,5.681006908416748,60300
2021-11-09,8.649999618530273,8.699999809265137,8.5,8.699999809265137,5.77392053604126,33900
2021-11-10,8.75,8.75,8.5,8.640000343322754,5.734100818634033,27700
2021-11-11,8.550000190734863,8.65999984741211,8.550000190734863,8.600000381469727,5.707554340362549,20600
2021-11-12,8.630000114440918,8.699999809265137,8.5600004196167,8.640000343322754,5.734100818634033,26400
2021-11-15,8.600000381469727,8.65999984741211,8.470000267028809,8.59000015258789,5.7009172439575195,54900
2021-11-16,8.649999618530273,8.649999618530273,8.5,8.550000190734863,5.674369812011719,19400
2021-11-17,8.489999771118164,8.569999694824219,8.319999694824219,8.350000381469727,5.541636943817139,59600
2021-11-18,8.420000076293945,8.550000190734863,8.399999618530273,8.470000267028809,5.621276378631592,54100
2021-11-19,8.34000015258789,8.430000305175781,8.220000267028809,8.270000457763672,5.488543510437012,74700
2021-11-22,8.270000457763672,8.380000114440918,8.039999961853027,8.229999542236328,5.461995601654053,88400
2021-11-23,8.229999542236328,8.5,8.229999542236328,8.399999618530273,5.574820041656494,53600
2021-11-24,8.329999923706055,8.460000038146973,8.319999694824219,8.369999885559082,5.554909706115723,17600
2021-11-26,8.199999809265137,8.359999656677246,8.039999961853027,8.350000381469727,5.541636943817139,133900
2021-11-29,8.369999885559082,8.399999618530273,8.15999984741211,8.15999984741211,5.415539741516113,44200
2021-11-30,8.050000190734863,8.220000267028809,8.039999961853027,8.220000267028809,5.455359935760498,45700
2021-12-01,8.300000190734863,8.359999656677246,7.909999847412109,7.909999847412109,5.249621868133545,106200
2021-12-02,7.909999847412109,8.170000076293945,7.53000020980835,8.079999923706055,5.362444877624512,105700
2021-12-03,8.170000076293945,8.170000076293945,7.800000190734863,7.949999809265137,5.276168346405029,47300
2021-12-06,8.0600004196167,8.220000267028809,7.900000095367432,8.130000114440918,5.3956298828125,48000
2021-12-07,8.25,8.470000267028809,8.25,8.34000015258789,5.534999847412109,54600
2021-12-08,8.390000343322754,8.609999656677246,8.3100004196167,8.569999694824219,5.687643527984619,79900
2021-12-09,8.609999656677246,8.609999656677246,8.380000114440918,8.479999542236328,5.627913475036621,27200
2021-12-10,8.470000267028809,8.479999542236328,8.350000381469727,8.460000038146973,5.614640235900879,22200
2021-12-13,8.5600004196167,8.5600004196167,8.350000381469727,8.470000267028809,5.621276378631592,44700
2021-12-14,8.470000267028809,8.470000267028809,8.350000381469727,8.390000343322754,5.568183422088623,18000
2021-12-15,8.329999923706055,8.609999656677246,8.25,8.510000228881836,5.647823810577393,42200
2021-12-16,8.460000038146973,8.649999618530273,8.449999809265137,8.449999809265137,5.60800313949585,65500
2021-12-17,8.300000190734863,8.470000267028809,8.279999732971191,8.40999984741211,5.581456661224365,59700
2021-12-20,8.239999771118164,8.369999885559082,8.069999694824219,8.279999732971191,5.495179176330566,110000
2021-12-21,8.350000381469727,8.579999923706055,8.350000381469727,8.390000343322754,5.568183422088623,43300
2021-12-22,8.449999809265137,8.600000381469727,8.289999961853027,8.600000381469727,5.707554340362549,30300
2021-12-23,8.65999984741211,8.6899995803833,8.460000038146973,8.569999694824219,5.687643527984619,65200
2021-12-27,8.6899995803833,8.84000015258789,8.600000381469727,8.800000190734863,5.840287208557129,101000
2021-12-28,8.84000015258789,8.84000015258789,8.510000228881836,8.699999809265137,5.77392053604126,36200
2021-12-29,8.699999809265137,8.760000228881836,8.5600004196167,8.65999984741211,5.747374057769775,53200
2021-12-30,8.65999984741211,8.890000343322754,8.649999618530273,8.880000114440918,5.893381118774414,91200
2021-12-31,8.880000114440918,8.890000343322754,8.739999771118164,8.829999923706055,5.8601975440979,59100
2022-01-03,8.890000343322754,8.890000343322754,8.710000038146973,8.819999694824219,5.853560447692871,78000
2022-01-04,8.829999923706055,8.970000267028809,8.779999732971191,8.90999984741211,5.913290500640869,145800
2022-01-05,9.050000190734863,9.399999618530273,9.050000190734863,9.279999732971191,6.158848285675049,308300
2022-01-06,9.329999923706055,9.4399995803833,9.25,9.329999923706055,6.192032814025879,178000
2022-01-07,9.449999809265137,9.5,9.300000190734863,9.479999542236328,6.291581630706787,194400
2022-01-10,9.6899995803833,9.779999732971191,9.489999771118164,9.779999732971191,6.490682125091553,365800
2022-01-11,9.779999732971191,10.170000076293945,9.699999809265137,10.069999694824219,6.6831464767456055,391000
2022-01-12,10.050000190734863,10.199999809265137,10.0,10.15999984741211,6.7428765296936035,303400
2022-01-13,9.890000343322754,9.890000343322754,9.260000228881836,9.300000190734863,6.431667804718018,269100
2022-01-14,9.170000076293945,9.239999771118164,8.850000381469727,9.109999656677246,6.300267696380615,171500
2022-01-18,9.149999618530273,9.289999961853027,8.829999923706055,8.9399995803833,6.182699680328369,136600
2022-01-19,8.9399995803833,9.109999656677246,8.8100004196167,8.960000038146973,6.196531772613525,76800
2022-01-20,8.899999618530273,9.039999961853027,8.649999618530273,8.6899995803833,6.009805679321289,62700
2022-01-21,8.59000015258789,8.890000343322754,8.199999809265137,8.770000457763672,6.065132141113281,149100
2022-01-24,8.619999885559082,8.729999542236328,8.199999809265137,8.720000267028809,6.030553817749023,133700
2022-01-25,8.649999618530273,9.1899995803833,8.59000015258789,9.050000190734863,6.258773326873779,107600
2022-01-26,9.170000076293945,9.449999809265137,8.979999542236328,9.010000228881836,6.231110572814941,133100
2022-01-27,9.0600004196167,9.25,8.949999809265137,9.069999694824219,6.272604942321777,71900
2022-01-28,9.079999923706055,9.25,9.010000228881836,9.15999984741211,6.334846019744873,45400
2022-01-31,9.25,9.649999618530273,9.1899995803833,9.529999732971191,6.590729236602783,100200
2022-02-01,9.529999732971191,9.850000381469727,9.529999732971191,9.699999809265137,6.708296775817871,66000
2022-02-02,9.699999809265137,9.710000038146973,9.529999732971191,9.600000381469727,6.63914155960083,59900
2022-02-03,9.59000015258789,9.600000381469727,9.3100004196167,9.40999984741211,6.5077409744262695,54900
2022-02-04,9.420000076293945,9.59000015258789,9.210000038146973,9.539999961853027,6.5976457595825195,78000
2022-02-07,9.59000015258789,9.789999961853027,9.510000228881836,9.640000343322754,6.666804313659668,54300
2022-02-08,9.619999885559082,9.619999885559082,9.359999656677246,9.4399995803833,6.528487682342529,47600
2022-02-09,9.350000381469727,9.479999542236328,9.109999656677246,9.180000305175781,6.348677635192871,88400
2022-02-10,9.25,9.569999694824219,9.220000267028809,9.350000381469727,6.466246128082275,58800
2022-02-11,9.350000381469727,9.800000190734863,9.350000381469727,9.550000190734863,6.604562282562256,41800
2022-02-14,9.579999923706055,9.579999923706055,9.350000381469727,9.529999732971191,6.590729236602783,46100
2022-02-15,9.470000267028809,9.59000015258789,9.380000114440918,9.5,6.569983005523682,38100
2022-02-16,9.510000228881836,9.859999656677246,9.510000228881836,9.770000457763672,6.756709575653076,82900
2022-02-17,9.800000190734863,9.890000343322754,9.550000190734863,9.630000114440918,6.65988826751709,48600
2022-02-18,9.550000190734863,9.850000381469727,9.550000190734863,9.779999732971191,6.7636237144470215,49500
2022-02-22,9.899999618530273,10.359999656677246,9.829999923706055,10.3100004196167,7.130160808563232,388200
2022-02-23,10.479999542236328,10.5,10.079999923706055,10.350000381469727,7.157824516296387,109700
2022-02-24,10.649999618530273,11.149999618530273,10.100000381469727,10.25,7.08866548538208,361800
2022-02-25,10.260000228881836,10.460000038146973,9.550000190734863,10.4399995803833,7.220065116882324,161600
2022-02-28,10.869999885559082,11.100000381469727,10.5,10.699999809265137,7.399875164031982,121100
2022-03-01,10.699999809265137,11.199999809265137,10.699999809265137,10.920000076293945,7.552023410797119,149100
2022-03-02,11.100000381469727,11.489999771118164,11.050000190734863,11.350000381469727,7.849400997161865,151400
2022-03-03,11.359999656677246,11.869999885559082,11.029999732971191,11.529999732971191,7.973884105682373,102300
2022-03-04,11.640000343322754,12.289999961853027,11.529999732971191,11.880000114440918,8.215936660766602,125100
2022-03-07,12.729999542236328,13.680000305175781,12.199999809265137,13.300000190734863,9.197977066040039,264100
2022-03-08,13.920000076293945,15.140000343322754,13.779999732971191,14.579999923706055,10.0831937789917,385000
2022-03-09,13.239999771118164,13.489999771118164,11.359999656677246,11.680000305175781,8.077620506286621,465900
2022-03-10,11.890000343322754,12.350000381469727,11.8100004196167,12.25,8.471820831298828,100800
2022-03-11,12.300000190734863,12.479999542236328,11.90999984741211,12.079999923706055,8.354251861572266,55900
2022-03-14,11.859999656677246,11.859999656677246,9.699999809265137,9.800000190734863,6.7774553298950195,313700
2022-03-15,9.5,9.989999771118164,9.239999771118164,9.720000267028809,6.72213077545166,179200
2022-03-16,9.890000343322754,10.449999809265137,9.850000381469727,10.010000228881836,6.92268705368042,137500
2022-03-17,10.449999809265137,11.300000190734863,10.449999809265137,10.890000343322754,7.531275749206543,121400
2022-03-18,10.90999984741211,11.329999923706055,10.699999809265137,10.699999809265137,7.399875164031982,42200
2022-03-21,11.229999542236328,12.079999923706055,11.1899995803833,12.0,8.298925399780273,133200
2022-03-22,12.020000457763672,12.020000457763672,11.399999618530273,11.850000381469727,8.195188522338867,87100
2022-03-23,12.029999732971191,12.59000015258789,12.0,12.380000114440918,8.561725616455078,113500
2022-03-24,12.4399995803833,12.489999771118164,12.130000114440918,12.220000267028809,8.45107364654541,49500
2022-03-25,12.289999961853027,12.680000305175781,12.109999656677246,12.220000267028809,8.45107364654541,82300
2022-03-28,12.0600004196167,12.09000015258789,11.489999771118164,11.59000015258789,8.015380859375,120400
2022-03-29,11.25,11.699999809265137,11.0,11.649999618530273,8.056872367858887,78600
2022-03-30,11.899999618530273,12.100000381469727,11.739999771118164,11.84000015258789,8.188273429870605,49600
2022-03-31,11.630000114440918,12.010000228881836,11.600000381469727,11.779999732971191,8.146778106689453,59600
2022-04-01,11.779999732971191,12.199999809265137,11.600000381469727,12.029999732971191,8.319672584533691,72800
2022-04-04,12.239999771118164,12.470000267028809,11.899999618530273,12.029999732971191,8.319672584533691,64900
2022-04-05,12.020000457763672,12.170000076293945,11.75,11.850000381469727,8.195188522338867,62900
2022-04-06,11.859999656677246,12.149999618530273,11.470000267028809,11.479999542236328,7.939304828643799,88400
2022-04-07,11.329999923706055,11.859999656677246,11.289999961853027,11.5600004196167,7.994630336761475,186300
2022-04-08,11.569999694824219,11.84000015258789,11.569999694824219,11.640000343322754,8.049958229064941,119900
2022-04-11,11.890000343322754,11.890000343322754,11.069999694824219,11.380000114440918,7.870148181915283,171600
2022-04-12,11.649999618530273,11.819999694824219,11.449999809265137,11.479999542236328,7.939304828643799,120700
2022-04-13,11.699999809265137,11.869999885559082,11.479999542236328,11.5600004196167,7.994630336761475,215000
2022-04-14,10.859999656677246,11.229999542236328,10.75,11.0,7.897705078125,102900
2022-04-18,11.0,11.40999984741211,11.0,11.220000267028809,8.055659294128418,96500
2022-04-19,11.1899995803833,11.359999656677246,11.079999923706055,11.199999809265137,8.041299819946289,130200
2022-04-20,11.359999656677246,11.479999542236328,11.130000114440918,11.319999694824219,8.127455711364746,72100
2022-04-21,11.4399995803833,11.800000190734863,11.149999618530273,11.229999542236328,8.062838554382324,93900
2022-04-22,11.25,11.420000076293945,10.630000114440918,10.800000190734863,7.754110813140869,95700
2022-04-25,10.739999771118164,10.920000076293945,9.930000305175781,10.800000190734863,7.754110813140869,166200
2022-04-26,10.680000305175781,11.279999732971191,10.619999885559082,11.100000381469727,7.969502925872803,63700
2022-04-27,10.890000343322754,11.119999885559082,10.710000038146973,10.770000457763672,7.732570648193359,51900
2022-04-28,10.800000190734863,11.109999656677246,10.800000190734863,11.020000457763672,7.912065029144287,32300
2022-04-29,11.050000190734863,11.050000190734863,10.649999618530273,10.789999961853027,7.7469305992126465,21800
2022-05-02,10.789999961853027,10.789999961853027,10.390000343322754,10.520000457763672,7.553078651428223,35600
2022-05-03,10.520000457763672,10.899999618530273,10.520000457763672,10.649999618530273,7.646414279937744,20800
2022-05-04,10.829999923706055,10.899999618530273,10.359999656677246,10.699999809265137,7.682312965393066,74900
2022-05-05,10.920000076293945,10.920000076293945,10.1899995803833,10.350000381469727,7.431023597717285,45200
2022-05-06,10.470000267028809,10.979999542236328,10.329999923706055,10.960000038146973,7.8689866065979,102500
2022-05-09,10.960000038146973,10.960000038146973,9.90999984741211,10.0,7.179732322692871,154600
2022-05-10,10.0,10.289999961853027,9.680000305175781,9.699999809265137,6.964338779449463,57200
2022-05-11,9.859999656677246,10.319999694824219,9.859999656677246,10.0,7.179732322692871,30900
2022-05-12,10.09000015258789,10.390000343322754,9.869999885559082,9.869999885559082,7.086395263671875,70700
2022-05-13,9.979999542236328,10.479999542236328,9.850000381469727,10.1899995803833,7.316147327423096,43600
2022-05-16,10.5,10.949999809265137,10.239999771118164,10.949999809265137,7.861806869506836,65100
2022-05-17,10.979999542236328,11.170000076293945,10.75,10.8100004196167,7.76129150390625,88800
2022-05-18,10.800000190734863,10.8100004196167,10.279999732971191,10.399999618530273,7.466920375823975,55100
2022-05-19,10.420000076293945,10.75,10.25,10.75,7.718212127685547,39700
2022-05-20,10.880000114440918,10.899999618530273,10.319999694824219,10.369999885559082,7.4453816413879395,73100
2022-05-23,10.550000190734863,10.850000381469727,10.350000381469727,10.770000457763672,7.732570648193359,38500
2022-05-24,10.770000457763672,10.9399995803833,10.710000038146973,10.899999618530273,7.825908184051514,50200
2022-05-25,11.0,11.5,10.949999809265137,11.5,8.256691932678223,112300
2022-05-26,11.510000228881836,11.710000038146973,11.220000267028809,11.430000305175781,8.206433296203613,160700
2022-05-27,11.539999961853027,11.800000190734863,11.430000305175781,11.710000038146973,8.407466888427734,60800
2022-05-31,11.930000305175781,12.149999618530273,11.5,11.779999732971191,8.457724571228027,83600
2022-06-01,11.819999694824219,12.239999771118164,11.819999694824219,12.079999923706055,8.673116683959961,85400
2022-06-02,12.149999618530273,12.25,11.8100004196167,11.979999542236328,8.601319313049316,66000
2022-06-03,12.0,12.180000305175781,11.550000190734863,11.8100004196167,8.479264259338379,158200
2022-06-06,11.970000267028809,11.979999542236328,11.550000190734863,11.779999732971191,8.457724571228027,57300
2022-06-07,11.65999984741211,12.170000076293945,11.65999984741211,12.010000228881836,8.622858047485352,71500
2022-06-08,12.119999885559082,12.670000076293945,12.079999923706055,12.40999984741211,8.91004753112793,136600
2022-06-09,12.279999732971191,12.430000305175781,12.0,12.270000457763672,8.809532165527344,40300
2022-06-10,12.149999618530273,12.399999618530273,12.010000228881836,12.359999656677246,8.874147415161133,47600
2022-06-13,12.100000381469727,12.100000381469727,11.100000381469727,11.229999542236328,8.062838554382324,145600
2022-06-14,11.300000190734863,11.720000267028809,11.15999984741211,11.1899995803833,8.0341215133667,50400
2022-06-15,11.149999618530273,11.430000305175781,10.850000381469727,10.890000343322754,7.818728446960449,52400
2022-06-16,10.619999885559082,10.800000190734863,10.270000457763672,10.300000190734863,7.395124912261963,101900
2022-06-17,10.289999961853027,10.470000267028809,9.319999694824219,9.319999694824219,6.691510200500488,148800
2022-06-21,9.329999923706055,10.699999809265137,9.329999923706055,10.550000190734863,7.574617385864258,148200
2022-06-22,9.920000076293945,10.40999984741211,9.699999809265137,10.40999984741211,7.474099636077881,70100
2022-06-23,10.479999542236328,10.550000190734863,9.800000190734863,9.949999809265137,7.143834590911865,90700
2022-06-24,10.0600004196167,10.5600004196167,10.039999961853027,10.550000190734863,7.574617385864258,33600
2022-06-27,10.600000381469727,11.289999961853027,10.569999694824219,11.289999961853027,8.105916976928711,55500
2022-06-28,11.479999542236328,11.960000038146973,11.3100004196167,11.649999618530273,8.364386558532715,79000
2022-06-29,12.0,12.0,11.260000228881836,11.720000267028809,8.414647102355957,62800
2022-06-30,11.609999656677246,11.710000038146973,11.09000015258789,11.25,8.07719898223877,53200
2022-07-01,11.300000190734863,11.920000076293945,11.210000038146973,11.869999885559082,8.52234172821045,69500
2022-07-05,11.869999885559082,11.869999885559082,11.199999809265137,11.550000190734863,8.292590141296387,126400
2022-07-06,12.0,12.1899995803833,11.300000190734863,11.9399995803833,8.572600364685059,150000
2022-07-07,12.0600004196167,12.59000015258789,12.0600004196167,12.34000015258789,8.859790802001953,172100
2022-07-08,12.640000343322754,12.65999984741211,12.300000190734863,12.649999618530273,9.08236026763916,189600
2022-07-11,12.800000190734863,12.800000190734863,12.399999618530273,12.539999961853027,9.00338363647461,172900
2022-07-12,12.369999885559082,12.5,12.029999732971191,12.380000114440918,8.888507843017578,214700
2022-07-13,12.350000381469727,12.640000343322754,11.300000190734863,11.399999618530273,8.184893608093262,239300
2022-07-14,10.59000015258789,10.649999618530273,9.9399995803833,10.609999656677246,8.116048812866211,175800
2022-07-15,10.720000267028809,11.0,10.5,10.84000015258789,8.291987419128418,64800
2022-07-18,11.0,11.300000190734863,10.829999923706055,10.829999923706055,8.284337043762207,72000
2022-07-19,10.770000457763672,11.109999656677246,10.75,10.75,8.22314167022705,58600
2022-07-20,10.789999961853027,10.890000343322754,10.529999732971191,10.8100004196167,8.269037246704102,51800
2022-07-21,10.800000190734863,11.119999885559082,10.619999885559082,10.859999656677246,8.30728530883789,86000
2022-07-22,10.989999771118164,11.010000228881836,10.699999809265137,10.989999771118164,8.406728744506836,45200
2022-07-25,11.369999885559082,11.84000015258789,11.0600004196167,11.300000190734863,8.643860816955566,181100
2022-07-26,11.40999984741211,11.710000038146973,11.239999771118164,11.449999809265137,8.7586030960083,95200
2022-07-27,11.489999771118164,11.869999885559082,11.380000114440918,11.739999771118164,8.980435371398926,77600
2022-07-28,11.760000228881836,12.09000015258789,11.630000114440918,11.859999656677246,9.072229385375977,51100
2022-07-29,12.220000267028809,12.300000190734863,11.850000381469727,11.850000381469727,9.064579010009766,93100
2022-08-01,11.8100004196167,11.84000015258789,11.529999732971191,11.65999984741211,8.91923999786377,55100
2022-08-02,11.5600004196167,11.670000076293945,11.3100004196167,11.3100004196167,8.651511192321777,36300
2022-08-03,11.350000381469727,11.4399995803833,11.0,11.029999732971191,8.437325477600098,40900
2022-08-04,11.1899995803833,11.1899995803833,10.640000343322754,10.8100004196167,8.269037246704102,69500
2022-08-05,10.579999923706055,11.270000457763672,10.579999923706055,11.029999732971191,8.437325477600098,39500
2022-08-08,11.100000381469727,11.300000190734863,11.039999961853027,11.199999809265137,8.567365646362305,16600
2022-08-09,11.300000190734863,11.380000114440918,11.199999809265137,11.3100004196167,8.651511192321777,11200
2022-08-10,11.470000267028809,11.550000190734863,11.270000457763672,11.279999732971191,8.628561019897461,38500
2022-08-11,11.550000190734863,11.9399995803833,11.420000076293945,11.649999618530273,8.911589622497559,44100
2022-08-12,11.90999984741211,11.920000076293945,11.649999618530273,11.869999885559082,9.079876899719238,49400
2022-08-15,11.390000343322754,11.760000228881836,11.149999618530273,11.430000305175781,8.743303298950195,64200
2022-08-16,11.4399995803833,11.789999961853027,11.3100004196167,11.539999961853027,8.827446937561035,67900
2022-08-17,11.649999618530273,11.920000076293945,11.600000381469727,11.880000114440918,9.087528228759766,45700
2022-08-18,11.989999771118164,12.140000343322754,11.600000381469727,12.020000457763672,9.194620132446289,63400
2022-08-19,12.050000190734863,12.069999694824219,11.84000015258789,12.0,9.1793212890625,48500
2022-08-22,12.149999618530273,12.180000305175781,11.850000381469727,12.149999618530273,9.294061660766602,49700
2022-08-23,12.25,12.630000114440918,12.220000267028809,12.460000038146973,9.531194686889648,89600
2022-08-24,12.489999771118164,12.5600004196167,12.34000015258789,12.5,9.561793327331543,26400
2022-08-25,12.619999885559082,12.649999618530273,12.050000190734863,12.140000343322754,9.286413192749023,55200
2022-08-26,12.140000343322754,12.380000114440918,12.069999694824219,12.220000267028809,9.34760856628418,28400
2022-08-29,12.09000015258789,12.829999923706055,12.079999923706055,12.789999961853027,9.783625602722168,61000
2022-08-30,12.739999771118164,12.739999771118164,12.050000190734863,12.130000114440918,9.278762817382812,66900
2022-08-31,12.100000381469727,12.300000190734863,12.050000190734863,12.1899995803833,9.324660301208496,28000
2022-09-01,12.1899995803833,12.239999771118164,12.010000228881836,12.079999923706055,9.240517616271973,41300
2022-09-02,12.119999885559082,12.369999885559082,12.020000457763672,12.069999694824219,9.232868194580078,23300
2022-09-06,12.34000015258789,12.739999771118164,12.149999618530273,12.680000305175781,9.699482917785645,44100
2022-09-07,12.649999618530273,12.699999809265137,12.0,12.1899995803833,9.324660301208496,101000
2022-09-08,12.1899995803833,12.319999694824219,12.100000381469727,12.1899995803833,9.324660301208496,30400
2022-09-09,12.34000015258789,12.520000457763672,12.319999694824219,12.329999923706055,9.431753158569336,38500
2022-09-12,12.550000190734863,13.220000267028809,12.5,12.819999694824219,9.806574821472168,111200
2022-09-13,12.789999961853027,13.25,12.649999618530273,13.149999618530273,10.059005737304688,63500
2022-09-14,13.270000457763672,13.989999771118164,13.270000457763672,13.979999542236328,10.693909645080566,125600
2022-09-15,14.0,14.369999885559082,13.760000228881836,14.34000015258789,10.96928882598877,147300
2022-09-16,14.220000267028809,14.220000267028809,12.59000015258789,12.869999885559082,9.844822883605957,152100
2022-09-19,12.819999694824219,13.720000267028809,12.819999694824219,13.539999961853027,10.357333183288574,66200
2022-09-20,13.460000038146973,13.460000038146973,13.010000228881836,13.079999923706055,10.005459785461426,40200
2022-09-21,13.210000038146973,13.619999885559082,13.109999656677246,13.319999694824219,10.189045906066895,74200
2022-09-22,13.329999923706055,13.619999885559082,13.329999923706055,13.59000015258789,10.395580291748047,42700
2022-09-23,13.210000038146973,13.239999771118164,11.199999809265137,11.319999694824219,8.659159660339355,356800
2022-09-26,11.0600004196167,11.850000381469727,11.029999732971191,11.25,8.605612754821777,87600
2022-09-27,11.390000343322754,12.140000343322754,11.390000343322754,12.020000457763672,9.194620132446289,79700
2022-09-28,12.399999618530273,12.600000381469727,12.199999809265137,12.539999961853027,9.592390060424805,80300
2022-09-29,12.3100004196167,12.489999771118164,12.0,12.100000381469727,9.255816459655762,52300
2022-09-30,12.100000381469727,12.5600004196167,11.800000190734863,12.460000038146973,9.531194686889648,46600
2022-10-03,12.800000190734863,13.109999656677246,12.729999542236328,12.84000015258789,9.821873664855957,68900
2022-10-04,13.119999885559082,13.850000381469727,13.119999885559082,13.6899995803833,10.472074508666992,111000
2022-10-05,13.800000190734863,14.489999771118164,13.600000381469727,14.239999771118164,10.892794609069824,170000
2022-10-06,14.460000038146973,15.069999694824219,14.4399995803833,14.699999809265137,11.244668960571289,203900
2022-10-07,14.960000038146973,14.989999771118164,14.279999732971191,14.600000381469727,11.168173789978027,157900
2022-10-10,15.130000114440918,15.130000114440918,12.770000457763672,13.229999542236328,10.120201110839844,297300
2022-10-11,13.229999542236328,13.899999618530273,13.079999923706055,13.760000228881836,10.52562141418457,144500
2022-10-12,13.920000076293945,14.1899995803833,13.600000381469727,13.779999732971191,10.540919303894043,173400
2022-10-13,13.680000305175781,14.460000038146973,13.630000114440918,14.369999885559082,10.992237091064453,191100
2022-10-14,13.649999618530273,13.859999656677246,13.079999923706055,13.710000038146973,11.012317657470703,111400
2022-10-17,13.619999885559082,14.0,13.039999961853027,13.319999694824219,10.699056625366211,110500
2022-10-18,13.220000267028809,13.319999694824219,12.300000190734863,12.40999984741211,9.96811580657959,131400
2022-10-19,12.220000267028809,13.0,12.220000267028809,12.6899995803833,10.193020820617676,67500
2022-10-20,12.699999809265137,13.0,12.449999809265137,12.489999771118164,10.032373428344727,36400
2022-10-21,12.760000228881836,13.5,12.329999923706055,13.390000343322754,10.755284309387207,106300
2022-10-24,13.25,13.4399995803833,12.800000190734863,12.90999984741211,10.369729995727539,80300
2022-10-25,13.149999618530273,13.449999809265137,12.850000381469727,13.0,10.442022323608398,68600
2022-10-26,13.0,13.619999885559082,13.0,13.470000267028809,10.81954288482666,87400
2022-10-27,13.550000190734863,13.699999809265137,12.970000267028809,13.199999809265137,10.602668762207031,93200
2022-10-28,13.09000015258789,13.229999542236328,12.680000305175781,12.699999809265137,10.201053619384766,47600
2022-10-31,12.520000457763672,13.100000381469727,12.520000457763672,12.65999984741211,10.168923377990723,49000
2022-11-01,12.720000267028809,13.0600004196167,12.720000267028809,12.960000038146973,10.409893989562988,48400
2022-11-02,13.0600004196167,13.460000038146973,12.699999809265137,13.0,10.442022323608398,61900
2022-11-03,13.050000190734863,13.430000305175781,13.050000190734863,13.350000381469727,10.72315502166748,56800
2022-11-04,13.40999984741211,13.9399995803833,13.40999984741211,13.609999656677246,10.931994438171387,88000
2022-11-07,13.619999885559082,14.199999809265137,13.619999885559082,13.869999885559082,11.140833854675293,120300
2022-11-08,13.6899995803833,13.819999694824219,13.0,13.300000190734863,10.682991981506348,149800
2022-11-09,13.15999984741211,13.229999542236328,12.649999618530273,12.880000114440918,10.345635414123535,124700
2022-11-10,12.899999618530273,13.260000228881836,12.800000190734863,13.0,10.442022323608398,51100
2022-11-11,13.1899995803833,13.319999694824219,13.0,13.050000190734863,10.482184410095215,69800
2022-11-14,13.050000190734863,13.619999885559082,13.050000190734863,13.5,10.84363842010498,79400
2022-11-15,13.619999885559082,13.899999618530273,13.40999984741211,13.789999961853027,11.076576232910156,52400
2022-11-16,13.779999732971191,13.779999732971191,12.989999771118164,13.079999923706055,10.506280899047852,94400
2022-11-17,13.0,13.25,12.90999984741211,13.079999923706055,10.506280899047852,32600
2022-11-18,12.75,13.1899995803833,12.680000305175781,13.109999656677246,10.530378341674805,47900
2022-11-21,12.8100004196167,12.989999771118164,12.59000015258789,12.869999885559082,10.337603569030762,43600
2022-11-22,12.899999618530273,13.550000190734863,12.899999618530273,13.210000038146973,10.610701560974121,71800
2022-11-23,13.210000038146973,13.350000381469727,12.930000305175781,13.079999923706055,10.506280899047852,54500
2022-11-25,13.210000038146973,13.300000190734863,13.050000190734863,13.100000381469727,10.522346496582031,18300
2022-11-28,12.989999771118164,13.260000228881836,12.899999618530273,13.119999885559082,10.538411140441895,38300
2022-11-29,13.329999923706055,13.5,13.239999771118164,13.329999923706055,10.7070894241333,51200
2022-11-30,13.430000305175781,13.600000381469727,13.09000015258789,13.5600004196167,10.891833305358887,59600
2022-12-01,13.75,14.1899995803833,13.579999923706055,14.15999984741211,11.373772621154785,92800
2022-12-02,13.819999694824219,14.470000267028809,13.770000457763672,14.029999732971191,11.269350051879883,64500
2022-12-05,14.239999771118164,14.329999923706055,13.600000381469727,13.779999732971191,11.068543434143066,34400
2022-12-06,13.699999809265137,13.75,12.899999618530273,12.899999618530273,10.361699104309082,78700
2022-12-07,13.260000228881836,13.399999618530273,12.800000190734863,13.260000228881836,10.650862693786621,50500
2022-12-08,13.40999984741211,13.789999961853027,13.34000015258789,13.579999923706055,10.90789794921875,55400
2022-12-09,13.6899995803833,14.119999885559082,13.390000343322754,13.390000343322754,10.755284309387207,80200
2022-12-12,13.390000343322754,13.720000267028809,13.319999694824219,13.369999885559082,10.739218711853027,48000
2022-12-13,13.760000228881836,14.100000381469727,13.539999961853027,13.729999542236328,11.02838134765625,49200
2022-12-14,13.710000038146973,13.850000381469727,13.350000381469727,13.520000457763672,10.859703063964844,35900
2022-12-15,13.59000015258789,13.890000343322754,13.359999656677246,13.649999618530273,10.96412467956543,36900
2022-12-16,13.5,13.75,13.40999984741211,13.600000381469727,10.923962593078613,37100
2022-12-19,13.869999885559082,14.09000015258789,13.529999732971191,13.729999542236328,11.02838134765625,48600
2022-12-20,13.760000228881836,14.180000305175781,13.65999984741211,14.09000015258789,11.317546844482422,30100
2022-12-21,14.210000038146973,14.779999732971191,14.09000015258789,14.510000228881836,11.654903411865234,81800
2022-12-22,14.510000228881836,14.550000190734863,13.75,14.020000457763672,11.261320114135742,77900
2022-12-23,14.25,15.050000190734863,13.989999771118164,14.880000114440918,11.952099800109863,96400
2022-12-27,14.989999771118164,14.989999771118164,14.510000228881836,14.539999961853027,11.679000854492188,47600
2022-12-28,14.550000190734863,15.34000015258789,14.279999732971191,15.0,12.048487663269043,135700
2022-12-29,15.0,15.699999809265137,15.0,15.369999885559082,12.345684051513672,80900
2022-12-30,15.489999771118164,16.40999984741211,15.449999809265137,16.329999923706055,13.11678695678711,149600
2023-01-03,16.18000030517578,16.299999237060547,15.5,15.75,12.650912284851074,121200
2023-01-04,15.550000190734863,16.25,14.520000457763672,14.539999961853027,11.679000854492188,242100
2023-01-05,14.670000076293945,15.949999809265137,14.40999984741211,15.829999923706055,12.715171813964844,101100
2023-01-06,15.619999885559082,15.710000038146973,14.710000038146973,14.8100004196167,11.895872116088867,121900
2023-01-09,14.9399995803833,15.289999961853027,14.649999618530273,14.729999542236328,11.83161449432373,118900
2023-01-10,14.890000343322754,15.5,14.609999656677246,15.399999618530273,12.369779586791992,185700
2023-01-11,15.510000228881836,15.949999809265137,15.350000381469727,15.640000343322754,12.562556266784668,165200
2023-01-12,15.859999656677246,16.100000381469727,15.600000381469727,15.829999923706055,12.715171813964844,221000
2023-01-13,15.5,15.5,15.0,15.15999984741211,12.500777244567871,72900
2023-01-17,15.140000343322754,15.489999771118164,15.119999885559082,15.34000015258789,12.649203300476074,80300
2023-01-18,15.510000228881836,15.699999809265137,14.859999656677246,14.949999809265137,12.327613830566406,83400
2023-01-19,15.109999656677246,15.550000190734863,14.949999809265137,15.460000038146973,12.748154640197754,63500
2023-01-20,15.460000038146973,15.899999618530273,15.239999771118164,15.710000038146973,12.954301834106445,99600
2023-01-23,15.869999885559082,15.949999809265137,15.699999809265137,15.779999732971191,13.012022018432617,103500
2023-01-24,15.779999732971191,15.9399995803833,15.140000343322754,15.520000457763672,12.797630310058594,72500
2023-01-25,15.489999771118164,15.75,15.210000038146973,15.739999771118164,12.979039192199707,63700
2023-01-26,15.979999542236328,15.979999542236328,15.4399995803833,15.529999732971191,12.805874824523926,70500
2023-01-27,15.550000190734863,15.720000267028809,15.430000305175781,15.65999984741211,12.913070678710938,44100
2023-01-30,15.430000305175781,15.640000343322754,15.319999694824219,15.430000305175781,12.723416328430176,52400
2023-01-31,15.350000381469727,15.510000228881836,15.220000267028809,15.220000267028809,12.550252914428711,53500
2023-02-01,15.220000267028809,15.25,14.550000190734863,14.59000015258789,12.030762672424316,122400
2023-02-02,14.59000015258789,14.729999542236328,13.09000015258789,13.300000190734863,10.967041015625,222800
2023-02-03,13.40999984741211,13.899999618530273,13.390000343322754,13.65999984741211,11.26389217376709,97200
2023-02-06,13.65999984741211,13.789999961853027,13.359999656677246,13.460000038146973,11.098976135253906,58900
2023-02-07,13.319999694824219,13.979999542236328,13.319999694824219,13.859999656677246,11.428810119628906,93600
2023-02-08,13.979999542236328,14.220000267028809,13.619999885559082,13.680000305175781,11.28038501739502,43200
2023-02-09,13.960000038146973,14.039999961853027,13.75,13.880000114440918,11.44530200958252,27600
2023-02-10,13.90999984741211,14.289999961853027,13.899999618530273,14.050000190734863,11.585482597351074,36800
2023-02-13,14.239999771118164,14.489999771118164,13.920000076293945,14.350000381469727,11.832860946655273,38600
2023-02-14,14.100000381469727,14.390000343322754,14.010000228881836,14.050000190734863,11.585482597351074,38200
2023-02-15,14.0,14.119999885559082,13.619999885559082,13.739999771118164,11.329859733581543,44100
2023-02-16,13.739999771118164,14.0600004196167,13.699999809265137,13.899999618530273,11.46179485321045,33200
2023-02-17,13.850000381469727,13.930000305175781,13.5,13.619999885559082,11.230908393859863,43200
2023-02-21,13.5,13.850000381469727,13.220000267028809,13.25,10.925811767578125,72700
2023-02-22,13.220000267028809,13.380000114440918,13.100000381469727,13.380000114440918,11.033008575439453,47200
2023-02-23,13.600000381469727,13.770000457763672,13.449999809265137,13.640000343322754,11.24740219116211,25300
2023-02-24,13.180000305175781,13.819999694824219,13.180000305175781,13.5600004196167,11.18143367767334,61700
2023-02-27,13.5600004196167,13.819999694824219,13.199999809265137,13.25,10.925811767578125,44300
2023-02-28,13.25,13.390000343322754,12.699999809265137,12.699999809265137,10.47228717803955,98500
2023-03-01,12.65999984741211,12.850000381469727,12.579999923706055,12.609999656677246,10.398075103759766,36000
2023-03-02,12.420000076293945,12.770000457763672,12.220000267028809,12.539999961853027,10.340351104736328,56300
2023-03-03,12.359999656677246,12.800000190734863,12.359999656677246,12.529999732971191,10.332106590270996,53300
2023-03-06,12.539999961853027,12.770000457763672,12.300000190734863,12.550000190734863,10.34859848022461,58600
2023-03-07,12.550000190734863,12.710000038146973,12.40999984741211,12.449999809265137,10.266139030456543,31600
2023-03-08,12.40999984741211,12.600000381469727,12.25,12.279999732971191,10.125957489013672,24000
2023-03-09,12.3100004196167,12.609999656677246,11.100000381469727,11.279999732971191,9.301368713378906,96000
2023-03-10,11.279999732971191,11.699999809265137,10.5600004196167,10.8100004196167,8.913813591003418,105400
2023-03-13,10.510000228881836,10.710000038146973,9.699999809265137,9.75,8.039748191833496,165300
2023-03-14,9.770000457763672,10.100000381469727,9.770000457763672,9.869999885559082,8.138697624206543,97200
2023-03-15,9.550000190734863,9.699999809265137,8.380000114440918,8.949999809265137,7.380075931549072,263500
2023-03-16,8.84000015258789,9.920000076293945,8.779999732971191,9.630000114440918,7.940797328948975,159400
2023-03-17,9.75,10.220000267028809,9.0,9.109999656677246,7.5120110511779785,73500
2023-03-20,9.149999618530273,9.699999809265137,9.149999618530273,9.350000381469727,7.709912300109863,79400
2023-03-21,9.449999809265137,10.729999542236328,9.449999809265137,10.489999771118164,8.649944305419922,115000
2023-03-22,10.729999542236328,11.15999984741211,10.630000114440918,10.720000267028809,8.839600563049316,55900
2023-03-23,10.880000114440918,11.180000305175781,10.600000381469727,10.65999984741211,8.79012393951416,60100
2023-03-24,10.550000190734863,10.930000305175781,10.550000190734863,10.829999923706055,8.930304527282715,26200
2023-03-27,11.170000076293945,11.699999809265137,10.859999656677246,11.489999771118164,9.474534034729004,82000
2023-03-28,11.489999771118164,11.789999961853027,11.300000190734863,11.720000267028809,9.664190292358398,28000
2023-03-29,11.850000381469727,12.029999732971191,11.569999694824219,12.020000457763672,9.911564826965332,64000
2023-03-30,12.029999732971191,12.029999732971191,11.479999542236328,11.640000343322754,9.598222732543945,62000
2023-03-31,11.6899995803833,11.970000267028809,11.550000190734863,11.859999656677246,9.779632568359375,41500
2023-04-03,12.25,13.229999542236328,12.119999885559082,12.979999542236328,10.70317268371582,127700
2023-04-04,13.420000076293945,13.420000076293945,12.579999923706055,12.920000076293945,10.653696060180664,60400
2023-04-05,12.90999984741211,13.5,12.710000038146973,13.4399995803833,11.082483291625977,68500
2023-04-06,13.489999771118164,13.930000305175781,13.130000114440918,13.460000038146973,11.098976135253906,96600
2023-04-10,13.680000305175781,13.850000381469727,12.789999961853027,12.930000305175781,10.661942481994629,158600
2023-04-11,13.25,13.25,12.520000457763672,12.970000267028809,10.694926261901855,128700
2023-04-12,13.300000190734863,13.550000190734863,12.859999656677246,13.300000190734863,10.967041015625,149900
2023-04-13,13.420000076293945,13.739999771118164,13.100000381469727,13.399999618530273,11.049498558044434,164400
2023-04-14,13.119999885559082,13.119999885559082,12.649999618530273,12.819999694824219,10.850601196289062,66800
2023-04-17,12.489999771118164,12.579999923706055,11.989999771118164,11.989999771118164,10.148103713989258,111600
2023-04-18,11.949999809265137,12.359999656677246,11.949999809265137,12.020000457763672,10.173495292663574,40400
2023-04-19,11.880000114440918,11.899999618530273,11.279999732971191,11.550000190734863,9.775697708129883,79700
2023-04-20,11.210000038146973,12.09000015258789,11.199999809265137,11.979999542236328,10.139640808105469,76700
2023-04-21,12.25,12.550000190734863,12.050000190734863,12.449999809265137,10.537440299987793,96700
2023-04-24,12.449999809265137,12.649999618530273,12.260000228881836,12.619999885559082,10.681324005126953,55100
2023-04-25,12.579999923706055,12.600000381469727,12.079999923706055,12.130000114440918,10.26659870147705,62300
2023-04-26,12.279999732971191,12.279999732971191,11.819999694824219,11.869999885559082,10.046539306640625,49200
2023-04-27,11.890000343322754,12.25,11.630000114440918,11.779999732971191,9.970364570617676,43800
2023-04-28,11.800000190734863,12.119999885559082,11.609999656677246,11.609999656677246,9.8264799118042,26400
2023-05-01,11.5,11.699999809265137,11.3100004196167,11.3100004196167,9.572566032409668,16500
2023-05-02,11.25,11.300000190734863,10.699999809265137,10.899999618530273,9.225549697875977,46200
2023-05-03,10.899999618530273,10.960000038146973,10.680000305175781,10.680000305175781,9.039345741271973,30500
2023-05-04,10.649999618530273,10.789999961853027,10.25,10.449999809265137,8.84467887878418,55900
2023-05-05,10.569999694824219,10.970000267028809,10.569999694824219,10.760000228881836,9.107056617736816,38900
2023-05-08,10.829999923706055,11.220000267028809,10.829999923706055,11.0,9.310188293457031,27600
2023-05-09,10.989999771118164,11.239999771118164,10.949999809265137,11.020000457763672,9.327116012573242,26100
2023-05-10,11.0600004196167,11.199999809265137,10.75,10.880000114440918,9.208621978759766,23800
2023-05-11,10.760000228881836,10.970000267028809,10.680000305175781,10.800000190734863,9.140911102294922,14600
2023-05-12,10.829999923706055,10.859999656677246,10.5,10.600000381469727,8.971636772155762,13900
2023-05-15,10.630000114440918,11.229999542236328,10.630000114440918,11.079999923706055,9.377898216247559,57200
2023-05-16,11.119999885559082,11.600000381469727,10.970000267028809,11.470000267028809,9.707986831665039,32900
2023-05-17,11.90999984741211,11.970000267028809,11.579999923706055,11.949999809265137,10.114249229431152,38900
2023-05-18,11.75,11.899999618530273,11.359999656677246,11.619999885559082,9.834942817687988,20100
2023-05-19,11.649999618530273,11.930000305175781,11.619999885559082,11.899999618530273,10.071929931640625,26300
2023-05-22,11.779999732971191,12.510000228881836,11.779999732971191,12.239999771118164,10.359699249267578,93700
2023-05-23,12.420000076293945,12.470000267028809,11.970000267028809,12.1899995803833,10.317380905151367,40400
2023-05-24,12.1899995803833,12.1899995803833,11.59000015258789,11.8100004196167,9.995756149291992,31800
2023-05-25,11.75,12.319999694824219,11.5600004196167,11.760000228881836,9.953436851501465,49200
2023-05-26,11.5600004196167,12.25,11.5600004196167,11.989999771118164,10.148103713989258,22600
2023-05-30,11.670000076293945,12.010000228881836,11.630000114440918,11.770000457763672,9.961899757385254,30300
2023-05-31,11.800000190734863,11.899999618530273,11.609999656677246,11.6899995803833,9.894189834594727,11800
2023-06-01,11.649999618530273,12.0600004196167,11.649999618530273,11.920000076293945,10.088858604431152,13200
2023-06-02,12.0,12.199999809265137,11.819999694824219,11.869999885559082,10.046539306640625,24100
2023-06-05,12.25,12.25,11.850000381469727,12.039999961853027,10.190423011779785,20000
2023-06-06,11.899999618530273,12.350000381469727,11.899999618530273,12.140000343322754,10.275062561035156,25600
2023-06-07,12.079999923706055,12.399999618530273,11.949999809265137,12.1899995803833,10.317380905151367,31500
2023-06-08,12.25,12.380000114440918,11.970000267028809,12.199999809265137,10.325844764709473,27800
2023-06-09,12.279999732971191,12.359999656677246,12.119999885559082,12.329999923706055,10.435873985290527,25900
2023-06-12,12.260000228881836,12.380000114440918,12.180000305175781,12.229999542236328,10.351235389709473,17100
2023-06-13,12.239999771118164,12.699999809265137,12.09000015258789,12.529999732971191,10.60515022277832,98200
2023-06-14,12.40999984741211,12.510000228881836,11.970000267028809,12.010000228881836,10.165032386779785,61400
2023-06-15,11.800000190734863,12.380000114440918,11.800000190734863,12.289999961853027,10.402018547058105,25400
2023-06-16,12.279999732971191,12.649999618530273,12.130000114440918,12.5,10.579758644104004,30400
2023-06-20,12.0600004196167,12.4399995803833,12.0,12.170000076293945,10.30045223236084,37800
2023-06-21,12.069999694824219,12.359999656677246,12.069999694824219,12.279999732971191,10.393553733825684,9800
2023-06-22,12.239999771118164,12.470000267028809,12.029999732971191,12.130000114440918,10.26659870147705,29700
2023-06-23,12.220000267028809,12.34000015258789,12.0600004196167,12.100000381469727,10.241206169128418,28200
2023-06-26,12.050000190734863,12.350000381469727,12.050000190734863,12.1899995803833,10.317380905151367,32800
2023-06-27,12.329999923706055,12.40999984741211,12.119999885559082,12.3100004196167,10.418946266174316,11900
2023-06-28,12.4399995803833,12.770000457763672,12.390000343322754,12.720000267028809,10.765963554382324,36900
2023-06-29,12.789999961853027,12.800000190734863,12.579999923706055,12.789999961853027,10.825209617614746,39200
2023-06-30,12.699999809265137,12.930000305175781,12.359999656677246,12.770000457763672,10.808281898498535,47700
2023-07-03,12.859999656677246,13.09000015258789,12.75,12.9399995803833,10.952165603637695,28900
2023-07-05,12.920000076293945,13.449999809265137,12.920000076293945,13.4399995803833,11.37535572052002,52400
2023-07-06,13.239999771118164,13.550000190734863,13.130000114440918,13.199999809265137,11.172224998474121,56800
2023-07-07,13.239999771118164,13.59000015258789,13.239999771118164,13.399999618530273,11.341501235961914,69200
2023-07-10,13.59000015258789,13.649999618530273,13.319999694824219,13.649999618530273,11.553096771240234,96300
2023-07-11,13.59000015258789,13.800000190734863,13.300000190734863,13.470000267028809,11.400748252868652,100600
2023-07-12,13.539999961853027,13.75,13.25,13.25,11.214544296264648,143300
2023-07-13,13.470000267028809,13.850000381469727,13.380000114440918,13.670000076293945,11.570024490356445,131300
2023-07-14,13.0600004196167,13.3100004196167,12.569999694824219,12.970000267028809,11.244901657104492,121300
2023-07-17,12.6899995803833,12.9399995803833,12.449999809265137,12.449999809265137,10.794066429138184,70700
2023-07-18,12.210000038146973,12.420000076293945,12.039999961853027,12.1899995803833,10.568647384643555,77300
2023-07-19,12.199999809265137,12.449999809265137,11.579999923706055,11.600000381469727,10.057121276855469,95900
2023-07-20,11.6899995803833,11.779999732971191,11.239999771118164,11.40999984741211,9.892391204833984,80700
2023-07-21,11.5600004196167,11.789999961853027,11.279999732971191,11.289999961853027,9.788352966308594,80500
2023-07-24,11.359999656677246,11.75,11.25,11.350000381469727,9.840373039245605,74000
2023-07-25,11.4399995803833,11.979999542236328,11.369999885559082,11.970000267028809,10.377908706665039,67000
2023-07-26,12.020000457763672,12.199999809265137,11.869999885559082,11.920000076293945,10.334558486938477,44800
2023-07-27,11.920000076293945,12.25,11.859999656677246,11.869999885559082,10.29120922088623,59300
2023-07-28,12.0,12.1899995803833,11.869999885559082,11.949999809265137,10.36056900024414,28900
2023-07-31,12.130000114440918,12.380000114440918,12.039999961853027,12.329999923706055,10.69002628326416,54200
2023-08-01,12.5,12.75,12.350000381469727,12.579999923706055,10.906774520874023,74800
2023-08-02,12.800000190734863,12.800000190734863,12.079999923706055,12.319999694824219,10.681356430053711,44800
2023-08-03,12.1899995803833,12.34000015258789,12.010000228881836,12.010000228881836,10.412588119506836,28700
2023-08-04,12.289999961853027,12.729999542236328,12.079999923706055,12.170000076293945,10.55130672454834,80300
2023-08-07,12.149999618530273,12.460000038146973,12.050000190734863,12.050000190734863,10.447267532348633,22100
2023-08-08,12.050000190734863,12.40999984741211,12.050000190734863,12.180000305175781,10.559977531433105,42700
2023-08-09,12.300000190734863,12.640000343322754,12.199999809265137,12.369999885559082,10.72470474243164,41300
2023-08-10,12.59000015258789,12.619999885559082,12.239999771118164,12.260000228881836,10.6293363571167,34200
2023-08-11,12.4399995803833,12.479999542236328,12.260000228881836,12.359999656677246,10.716034889221191,24800
2023-08-14,12.399999618530273,12.420000076293945,12.260000228881836,12.420000076293945,10.768054962158203,25200
2023-08-15,12.25,12.5,12.25,12.380000114440918,10.733375549316406,17000
2023-08-16,12.270000457763672,12.5,12.25,12.460000038146973,10.802736282348633,13300
2023-08-17,12.460000038146973,12.720000267028809,12.270000457763672,12.609999656677246,10.932784080505371,25700
2023-08-18,12.699999809265137,12.729999542236328,12.430000305175781,12.680000305175781,10.993473052978516,16800
2023-08-21,12.729999542236328,12.770000457763672,12.609999656677246,12.75,11.054162979125977,19400
2023-08-22,12.880000114440918,12.899999618530273,12.4399995803833,12.640000343322754,10.958793640136719,49300
2023-08-23,12.640000343322754,12.640000343322754,12.170000076293945,12.199999809265137,10.577317237854004,39400
2023-08-24,12.149999618530273,12.260000228881836,11.920000076293945,12.15999984741211,10.54263687133789,35800
2023-08-25,12.5,12.5,12.229999542236328,12.420000076293945,10.768054962158203,27100
2023-08-28,12.350000381469727,12.569999694824219,12.350000381469727,12.520000457763672,10.854755401611328,26700
2023-08-29,12.5,12.649999618530273,12.40999984741211,12.569999694824219,10.898103713989258,31000
2023-08-30,12.619999885559082,12.899999618530273,12.59000015258789,12.8100004196167,11.106183052062988,13200
2023-08-31,12.75,12.890000343322754,12.699999809265137,12.699999809265137,11.01081371307373,22500
2023-09-01,12.819999694824219,12.829999923706055,12.65999984741211,12.75,11.054162979125977,11500
2023-09-05,12.800000190734863,13.029999732971191,12.65999984741211,12.90999984741211,11.192880630493164,38600
2023-09-06,12.859999656677246,12.90999984741211,12.460000038146973,12.5600004196167,10.889433860778809,33200
2023-09-07,12.600000381469727,12.949999809265137,12.600000381469727,12.739999771118164,11.045493125915527,14100
2023-09-08,12.930000305175781,12.949999809265137,12.760000228881836,12.84000015258789,11.132192611694336,20400
2023-09-11,12.819999694824219,12.949999809265137,12.569999694824219,12.8100004196167,11.106183052062988,37600
2023-09-12,12.770000457763672,13.25,12.710000038146973,13.25,11.487659454345703,66500
2023-09-13,13.0600004196167,13.239999771118164,13.0,13.140000343322754,11.392291069030762,35500
2023-09-14,13.109999656677246,13.350000381469727,13.100000381469727,13.270000457763672,11.505000114440918,25800
2023-09-15,13.220000267028809,13.350000381469727,13.199999809265137,13.239999771118164,11.478988647460938,21000
2023-09-18,13.350000381469727,13.550000190734863,13.050000190734863,13.479999542236328,11.687067985534668,58700
2023-09-19,13.550000190734863,13.640000343322754,13.350000381469727,13.550000190734863,11.747756958007812,36900
2023-09-20,13.380000114440918,13.619999885559082,13.220000267028809,13.430000305175781,11.643718719482422,47700
2023-09-21,13.470000267028809,13.5,13.079999923706055,13.289999961853027,11.5223388671875,52500
2023-09-22,13.279999732971191,13.40999984741211,13.079999923706055,13.319999694824219,11.54835033416748,11000
2023-09-25,13.260000228881836,13.550000190734863,13.09000015258789,13.550000190734863,11.747756958007812,16200
2023-09-26,13.399999618530273,13.600000381469727,13.399999618530273,13.529999732971191,11.730417251586914,16200
2023-09-27,13.550000190734863,13.800000190734863,13.5,13.739999771118164,11.91248607635498,41700
2023-09-28,13.630000114440918,13.729999542236328,13.399999618530273,13.640000343322754,11.825787544250488,30200
2023-09-29,13.760000228881836,13.789999961853027,13.529999732971191,13.630000114440918,11.817117691040039,13300
2023-10-02,13.729999542236328,13.729999542236328,13.460000038146973,13.5,11.704407691955566,24500
2023-10-03,13.479999542236328,13.479999542236328,12.800000190734863,12.920000076293945,11.20155143737793,55000
2023-10-04,12.989999771118164,13.039999961853027,12.210000038146973,12.4399995803833,10.785394668579102,75000
2023-10-05,12.199999809265137,12.8100004196167,12.199999809265137,12.600000381469727,10.924114227294922,44700
2023-10-06,12.710000038146973,13.4399995803833,12.710000038146973,13.390000343322754,11.609039306640625,69100
2023-10-09,13.739999771118164,13.949999809265137,13.5,13.670000076293945,11.851797103881836,78800
2023-10-10,13.770000457763672,13.850000381469727,13.25,13.5,11.704407691955566,61100
2023-10-11,13.5,13.5,13.140000343322754,13.3100004196167,11.539679527282715,86900
2023-10-12,13.5,13.5,12.920000076293945,13.069999694824219,11.3316011428833,136100
2023-10-13,12.850000381469727,12.899999618530273,12.300000190734863,12.399999618530273,11.072643280029297,71000
2023-10-16,12.40999984741211,12.420000076293945,11.720000267028809,11.970000267028809,10.68867301940918,100400
2023-10-17,11.90999984741211,12.09000015258789,11.8100004196167,11.859999656677246,10.590447425842285,36600
2023-10-18,11.930000305175781,12.420000076293945,11.859999656677246,12.220000267028809,10.911911964416504,37600
2023-10-19,12.25,12.300000190734863,12.130000114440918,12.180000305175781,10.87619400024414,19700
2023-10-20,12.239999771118164,12.350000381469727,11.899999618530273,11.979999542236328,10.697602272033691,33800
2023-10-23,11.949999809265137,12.350000381469727,11.90999984741211,12.270000457763672,10.956560134887695,38700
2023-10-24,12.0600004196167,12.34000015258789,12.029999732971191,12.329999923706055,11.010137557983398,50700
2023-10-25,12.399999618530273,12.399999618530273,12.020000457763672,12.140000343322754,10.840475082397461,44300
2023-10-26,12.079999923706055,12.369999885559082,12.010000228881836,12.239999771118164,10.929770469665527,44400
2023-10-27,12.0600004196167,12.170000076293945,11.90999984741211,11.9399995803833,10.661884307861328,32400
2023-10-30,12.050000190734863,12.180000305175781,11.75,11.920000076293945,10.644024848937988,31600
2023-10-31,12.140000343322754,12.180000305175781,11.819999694824219,12.15999984741211,10.858333587646484,23100
2023-11-01,12.199999809265137,12.399999618530273,12.15999984741211,12.270000457763672,10.956560134887695,36100
2023-11-02,12.380000114440918,12.380000114440918,12.0600004196167,12.180000305175781,10.87619400024414,22800
2023-11-03,12.270000457763672,12.270000457763672,11.9399995803833,12.039999961853027,10.751179695129395,9800
2023-11-06,12.119999885559082,12.229999542236328,11.90999984741211,12.09000015258789,10.795827865600586,17100
2023-11-07,12.029999732971191,12.100000381469727,11.779999732971191,12.039999961853027,10.751179695129395,43200
2023-11-08,11.989999771118164,12.100000381469727,11.859999656677246,12.079999923706055,10.786898612976074,23900
2023-11-09,12.1899995803833,12.1899995803833,11.880000114440918,12.100000381469727,10.804757118225098,13800
2023-11-10,12.229999542236328,12.229999542236328,11.9399995803833,11.949999809265137,10.67081356048584,17600
2023-11-13,11.859999656677246,12.079999923706055,11.819999694824219,11.850000381469727,10.58151912689209,25100
2023-11-14,11.869999885559082,12.100000381469727,11.869999885559082,12.039999961853027,10.751179695129395,19800
2023-11-15,11.920000076293945,12.140000343322754,11.90999984741211,11.960000038146973,10.679743766784668,20300
2023-11-16,11.819999694824219,11.989999771118164,11.800000190734863,11.960000038146973,10.679743766784668,17700
2023-11-17,11.84000015258789,12.100000381469727,11.84000015258789,11.859999656677246,10.590447425842285,27500
2023-11-20,11.859999656677246,12.119999885559082,11.819999694824219,11.859999656677246,10.590447425842285,25600
2023-11-21,11.970000267028809,12.050000190734863,11.859999656677246,11.949999809265137,10.67081356048584,17700
2023-11-22,11.930000305175781,12.010000228881836,11.859999656677246,11.930000305175781,10.652955055236816,21400
2023-11-24,11.899999618530273,12.079999923706055,11.899999618530273,12.020000457763672,10.733321189880371,5700
2023-11-27,11.899999618530273,12.100000381469727,11.899999618530273,11.920000076293945,10.644024848937988,21100
2023-11-28,11.899999618530273,12.029999732971191,11.800000190734863,11.84000015258789,10.572589874267578,23100
2023-11-29,11.850000381469727,12.109999656677246,11.800000190734863,11.899999618530273,10.626165390014648,24300
2023-11-30,11.869999885559082,12.119999885559082,11.869999885559082,11.979999542236328,10.697602272033691,23800
2023-12-01,12.010000228881836,12.199999809265137,12.010000228881836,12.170000076293945,10.867263793945312,13100
2023-12-04,12.0600004196167,12.149999618530273,12.0,12.050000190734863,10.760109901428223,26400
2023-12-05,12.050000190734863,12.350000381469727,12.050000190734863,12.279999732971191,10.96548843383789,42800
2023-12-06,12.15999984741211,12.199999809265137,12.010000228881836,12.010000228881836,10.724390983581543,27200
2023-12-07,11.90999984741211,12.0600004196167,11.699999809265137,11.760000228881836,10.501152038574219,61200
2023-12-08,11.880000114440918,12.09000015258789,11.880000114440918,12.079999923706055,10.786898612976074,21300
2023-12-11,11.960000038146973,12.079999923706055,11.850000381469727,11.930000305175781,10.652955055236816,18600
2023-12-12,11.989999771118164,12.0,11.619999885559082,11.65999984741211,10.411856651306152,44900
2023-12-13,11.609999656677246,11.960000038146973,11.569999694824219,11.880000114440918,10.608306884765625,13600
2023-12-14,11.899999618530273,12.220000267028809,11.899999618530273,12.100000381469727,10.804757118225098,32400
2023-12-15,11.930000305175781,12.15999984741211,11.65999984741211,11.75,10.492222785949707,51300
2023-12-18,11.8100004196167,12.229999542236328,11.8100004196167,12.0600004196167,10.769039154052734,27900
2023-12-19,12.010000228881836,12.380000114440918,12.010000228881836,12.220000267028809,10.911911964416504,34000
2023-12-20,12.130000114440918,12.489999771118164,12.09000015258789,12.100000381469727,10.804757118225098,31700
2023-12-21,12.010000228881836,12.1899995803833,11.920000076293945,12.079999923706055,10.786898612976074,26400
2023-12-22,11.930000305175781,12.229999542236328,11.779999732971191,11.960000038146973,10.679743766784668,49400
2023-12-26,11.90999984741211,12.279999732971191,11.899999618530273,11.90999984741211,10.635095596313477,31100
2023-12-27,11.899999618530273,12.079999923706055,11.770000457763672,11.770000457763672,10.510082244873047,38500
2023-12-28,11.75,11.90999984741211,11.720000267028809,11.890000343322754,10.617236137390137,50300
2023-12-29,12.0,12.050000190734863,11.819999694824219,12.020000457763672,10.733321189880371,32400
2024-01-02,12.050000190734863,12.3100004196167,12.050000190734863,12.180000305175781,10.87619400024414,28900
2024-01-03,12.119999885559082,12.430000305175781,12.09000015258789,12.380000114440918,11.054784774780273,35400
2024-01-04,12.449999809265137,12.449999809265137,12.09000015258789,12.25,10.938700675964355,26400
2024-01-05,12.210000038146973,12.279999732971191,12.079999923706055,12.149999618530273,10.849404335021973,23600
2024-01-08,12.430000305175781,12.720000267028809,12.300000190734863,12.5600004196167,11.215516090393066,147300
2024-01-09,12.720000267028809,12.729999542236328,12.350000381469727,12.489999771118164,11.153009414672852,78200
2024-01-10,12.5,12.600000381469727,12.149999618530273,12.350000381469727,11.027996063232422,143600
2024-01-11,12.449999809265137,12.520000457763672,12.25,12.390000343322754,11.063714981079102,178000
2024-01-12,12.180000305175781,12.180000305175781,11.529999732971191,11.600000381469727,10.762187957763672,112700
2024-01-16,11.75,11.9399995803833,11.619999885559082,11.630000114440918,10.790019989013672,49400
2024-01-17,11.640000343322754,11.770000457763672,11.100000381469727,11.109999656677246,10.307577133178711,81800
2024-01-18,11.15999984741211,11.529999732971191,11.109999656677246,11.5,10.66940975189209,42100
2024-01-19,11.520000457763672,11.529999732971191,11.119999885559082,11.1899995803833,10.381799697875977,31100
2024-01-22,11.140000343322754,11.3100004196167,11.100000381469727,11.229999542236328,10.418910026550293,41500
2024-01-23,11.229999542236328,12.0,11.220000267028809,11.6899995803833,10.845686912536621,52200
2024-01-24,11.680000305175781,12.0,11.619999885559082,12.0,11.133296966552734,30700
2024-01-25,12.09000015258789,12.199999809265137,11.829999923706055,12.020000457763672,11.15185260772705,49000
2024-01-26,11.770000457763672,12.25,11.770000457763672,12.010000228881836,11.14257526397705,54600
2024-01-29,12.020000457763672,12.020000457763672,11.829999923706055,11.850000381469727,10.994131088256836,32100
2024-01-30,11.770000457763672,11.920000076293945,11.5600004196167,11.600000381469727,10.762187957763672,36400
2024-01-31,11.539999961853027,11.670000076293945,11.4399995803833,11.460000038146973,10.632298469543457,34600
2024-02-01,11.479999542236328,11.550000190734863,11.399999618530273,11.399999618530273,10.576631546020508,25400
2024-02-02,11.359999656677246,11.539999961853027,11.359999656677246,11.380000114440918,10.558076858520508,14900
2024-02-05,11.260000228881836,11.609999656677246,11.25,11.470000267028809,10.641576766967773,50700
2024-02-06,11.390000343322754,11.819999694824219,11.369999885559082,11.75,10.901352882385254,26300
2024-02-07,11.649999618530273,11.779999732971191,11.399999618530273,11.520000457763672,10.687965393066406,27500
2024-02-08,11.529999732971191,11.989999771118164,11.5,11.859999656677246,11.003408432006836,31400
2024-02-09,11.640000343322754,11.970000267028809,11.40999984741211,11.40999984741211,10.585909843444824,33400
2024-02-12,11.300000190734863,11.529999732971191,11.300000190734863,11.300000190734863,10.483854293823242,34000
2024-02-13,11.380000114440918,11.510000228881836,11.149999618530273,11.199999809265137,10.391077041625977,20800
2024-02-14,11.1899995803833,11.6899995803833,11.1899995803833,11.460000038146973,10.632298469543457,19400
2024-02-15,11.630000114440918,11.819999694824219,11.550000190734863,11.699999809265137,10.854964256286621,17000
2024-02-16,11.520000457763672,11.699999809265137,11.300000190734863,11.399999618530273,10.576631546020508,50700
2024-02-20,11.510000228881836,11.5600004196167,11.300000190734863,11.300000190734863,10.483854293823242,56300
2024-02-21,11.25,11.479999542236328,11.25,11.40999984741211,10.585909843444824,15000
2024-02-22,11.329999923706055,11.5,11.319999694824219,11.369999885559082,10.548798561096191,26700
2024-02-23,11.390000343322754,11.479999542236328,11.369999885559082,11.420000076293945,10.595187187194824,30800
2024-02-26,11.109999656677246,11.289999961853027,10.90999984741211,10.90999984741211,10.122021675109863,119900
2024-02-27,10.970000267028809,11.079999923706055,10.890000343322754,10.930000305175781,10.140578269958496,31500
2024-02-28,11.039999961853027,11.039999961853027,10.65999984741211,10.800000190734863,10.019967079162598,60300
2024-02-29,11.079999923706055,11.079999923706055,10.449999809265137,10.5600004196167,9.797301292419434,64300
2024-03-01,10.5600004196167,10.5600004196167,10.020000457763672,10.1899995803833,9.454024314880371,110300
2024-03-04,10.119999885559082,10.300000190734863,8.890000343322754,9.069999694824219,8.4149169921875,224000
2024-03-05,8.850000381469727,9.550000190734863,8.850000381469727,9.5,8.813859939575195,112300
2024-03-06,9.550000190734863,9.84000015258789,9.550000190734863,9.670000076293945,8.97158145904541,81800
2024-03-07,9.800000190734863,9.819999694824219,9.569999694824219,9.609999656677246,8.915915489196777,45700
2024-03-08,9.539999961853027,9.75,9.460000038146973,9.470000267028809,8.786026954650879,49500
2024-03-11,9.600000381469727,9.600000381469727,9.220000267028809,9.319999694824219,8.64686107635498,96400
2024-03-12,9.350000381469727,9.470000267028809,9.329999923706055,9.449999809265137,8.767471313476562,33600
2024-03-13,9.5,9.649999618530273,9.5,9.609999656677246,8.915915489196777,35300
2024-03-14,9.600000381469727,9.680000305175781,9.460000038146973,9.550000190734863,8.860248565673828,25000
2024-03-15,9.550000190734863,9.9399995803833,9.550000190734863,9.6899995803833,8.990137100219727,50800
2024-03-18,9.880000114440918,9.890000343322754,9.699999809265137,9.84000015258789,9.129303932189941,76800
2024-03-19,9.880000114440918,10.039999961853027,9.770000457763672,9.970000267028809,9.24991512298584,42500
2024-03-20,9.890000343322754,10.420000076293945,9.890000343322754,10.319999694824219,9.57463550567627,56300
2024-03-21,10.40999984741211,10.460000038146973,10.289999961853027,10.380000114440918,9.630301475524902,36500
2024-03-22,10.449999809265137,10.449999809265137,10.029999732971191,10.119999885559082,9.389080047607422,45400
2024-03-25,10.170000076293945,10.770000457763672,10.069999694824219,10.649999618530273,9.880800247192383,50300
2024-03-26,10.779999732971191,10.779999732971191,10.399999618530273,10.40999984741211,9.658134460449219,29400
2024-03-27,10.569999694824219,10.779999732971191,10.420000076293945,10.600000381469727,9.834412574768066,30000
2024-03-28,10.649999618530273,10.789999961853027,10.569999694824219,10.6899995803833,9.917912483215332,31100
2024-04-01,10.670000076293945,11.0,10.65999984741211,10.949999809265137,10.159133911132812,56200
2024-04-02,10.970000267028809,11.229999542236328,10.960000038146973,11.1899995803833,10.381799697875977,40600
2024-04-03,11.25,11.630000114440918,11.229999542236328,11.229999542236328,10.418910026550293,63400
2024-04-04,11.270000457763672,11.510000228881836,11.1899995803833,11.300000190734863,10.483854293823242,80700
2024-04-05,11.350000381469727,11.4399995803833,11.130000114440918,11.180000305175781,10.37252140045166,32700
2024-04-08,11.329999923706055,11.390000343322754,10.819999694824219,10.899999618530273,10.112744331359863,69000
2024-04-09,11.130000114440918,11.15999984741211,9.84000015258789,10.600000381469727,9.834412574768066,172900
2024-04-10,10.649999618530273,10.649999618530273,10.100000381469727,10.399999618530273,9.648857116699219,80000
2024-04-11,10.489999771118164,10.489999771118164,10.140000343322754,10.239999771118164,9.500412940979004,96200
2024-04-12,9.890000343322754,10.149999618530273,9.670000076293945,9.8100004196167,9.404546737670898,117900
2024-04-15,9.75,9.949999809265137,9.75,9.930000305175781,9.519587516784668,65800
2024-04-16,9.930000305175781,9.989999771118164,9.75,9.930000305175781,9.519587516784668,26200
2024-04-17,9.819999694824219,9.899999618530273,9.460000038146973,9.529999732971191,9.13611888885498,61600
2024-04-18,9.5600004196167,9.869999885559082,9.550000190734863,9.630000114440918,9.231986045837402,32600
2024-04-19,9.789999961853027,9.800000190734863,9.619999885559082,9.789999961853027,9.38537311553955,42100
2024-04-22,9.8100004196167,9.8100004196167,9.430000305175781,9.5,9.107358932495117,54700
2024-04-23,9.5,9.680000305175781,9.399999618530273,9.550000190734863,9.155292510986328,61100
2024-04-24,9.550000190734863,9.899999618530273,9.399999618530273,9.899999618530273,9.490826606750488,36800
2024-04-25,9.9399995803833,10.100000381469727,9.779999732971191,9.890000343322754,9.481240272521973,64800
2024-04-26,9.90999984741211,9.989999771118164,9.710000038146973,9.729999542236328,9.327852249145508,40600
2024-04-29,9.800000190734863,10.149999618530273,9.800000190734863,10.119999885559082,9.701733589172363,34500
2024-04-30,10.1899995803833,10.1899995803833,9.819999694824219,9.9399995803833,9.529172897338867,26600
2024-05-01,9.9399995803833,10.020000457763672,9.65999984741211,9.6899995803833,9.289505958557129,44700
2024-05-02,9.6899995803833,10.020000457763672,9.680000305175781,9.979999542236328,9.567520141601562,16200
2024-05-03,9.899999618530273,9.960000038146973,9.819999694824219,9.880000114440918,9.47165298461914,27600
2024-05-06,9.880000114440918,9.979999542236328,9.859999656677246,9.869999885559082,9.462066650390625,42500
2024-05-07,9.8100004196167,10.0600004196167,9.8100004196167,9.930000305175781,9.519587516784668,26800
2024-05-08,10.0600004196167,10.149999618530273,9.979999542236328,10.050000190734863,9.634627342224121,37500
2024-05-09,9.920000076293945,10.100000381469727,9.800000190734863,10.050000190734863,9.634627342224121,45600
2024-05-10,9.960000038146973,9.989999771118164,9.520000457763672,9.5600004196167,9.16487979888916,67800
2024-05-13,9.579999923706055,9.739999771118164,9.529999732971191,9.600000381469727,9.203226089477539,36000
2024-05-14,9.550000190734863,9.65999984741211,9.529999732971191,9.609999656677246,9.212812423706055,37200
2024-05-15,9.59000015258789,9.800000190734863,9.59000015258789,9.65999984741211,9.260746002197266,21500
2024-05-16,9.65999984741211,9.699999809265137,9.470000267028809,9.479999542236328,9.08818531036377,89900
2024-05-17,9.470000267028809,9.59000015258789,9.460000038146973,9.489999771118164,9.097771644592285,29300
2024-05-20,9.600000381469727,9.600000381469727,9.34000015258789,9.420000076293945,9.030665397644043,59600
2024-05-21,9.34000015258789,9.489999771118164,9.34000015258789,9.430000305175781,9.040252685546875,27200
2024-05-22,9.359999656677246,9.4399995803833,9.229999542236328,9.319999694824219,8.934798240661621,40300
2024-05-23,9.369999885559082,9.449999809265137,8.989999771118164,9.039999961853027,8.66637134552002,78500
2024-05-24,9.0,9.479999542236328,9.0,9.350000381469727,8.9635591506958,104100
2024-05-28,9.390000343322754,9.5,9.180000305175781,9.289999961853027,8.906038284301758,88800
2024-05-29,9.180000305175781,9.279999732971191,9.119999885559082,9.1899995803833,8.810171127319336,25700
2024-05-30,9.199999809265137,9.3100004196167,9.100000381469727,9.119999885559082,8.743064880371094,26600
2024-05-31,9.069999694824219,9.180000305175781,9.069999694824219,9.109999656677246,8.733477592468262,20300
2024-06-03,9.100000381469727,9.289999961853027,9.100000381469727,9.229999542236328,8.848517417907715,74800
2024-06-04,9.270000457763672,9.270000457763672,8.850000381469727,8.960000038146973,8.589677810668945,60500
2024-06-05,9.0,9.069999694824219,8.670000076293945,8.789999961853027,8.426703453063965,102300
2024-06-06,8.619999885559082,8.8100004196167,8.420000076293945,8.649999618530273,8.292490005493164,134200
2024-06-07,8.649999618530273,8.989999771118164,8.600000381469727,8.760000228881836,8.397943496704102,70600
2024-06-10,8.789999961853027,8.949999809265137,8.789999961853027,8.869999885559082,8.503396987915039,45100
2024-06-11,9.109999656677246,9.149999618530273,8.960000038146973,9.100000381469727,8.723891258239746,52200
2024-06-12,9.239999771118164,9.239999771118164,9.029999732971191,9.1899995803833,8.810171127319336,47800
2024-06-13,9.0600004196167,9.1899995803833,9.050000190734863,9.180000305175781,8.80058479309082,41000
2024-06-14,9.199999809265137,9.199999809265137,9.020000457763672,9.0600004196167,8.685544967651367,15500
2024-06-17,9.039999961853027,9.199999809265137,9.029999732971191,9.170000076293945,8.790998458862305,21800
2024-06-18,9.199999809265137,9.289999961853027,9.109999656677246,9.239999771118164,8.858104705810547,62300
2024-06-20,9.1899995803833,9.430000305175781,9.1899995803833,9.369999885559082,8.982731819152832,74800
2024-06-21,9.399999618530273,9.489999771118164,9.0,9.199999809265137,8.819758415222168,54300
2024-06-24,9.270000457763672,9.600000381469727,9.170000076293945,9.579999923706055,9.184052467346191,79600
2024-06-25,9.5,9.5,9.300000190734863,9.40999984741211,9.021078109741211,31200
2024-06-26,9.350000381469727,9.40999984741211,9.239999771118164,9.319999694824219,8.934798240661621,37100
2024-06-27,9.420000076293945,9.420000076293945,9.1899995803833,9.25,8.867691993713379,24100
2024-06-28,9.25,9.460000038146973,9.25,9.420000076293945,9.030665397644043,18200
2024-07-01,9.489999771118164,9.5,9.399999618530273,9.470000267028809,9.078598976135254,33600
2024-07-02,9.5,9.5,9.380000114440918,9.399999618530273,9.011491775512695,18200
2024-07-03,9.359999656677246,9.380000114440918,9.170000076293945,9.199999809265137,8.819758415222168,23800
2024-07-05,9.1899995803833,9.390000343322754,9.140000343322754,9.350000381469727,8.9635591506958,38500
2024-07-08,9.5,9.75,9.350000381469727,9.5600004196167,9.16487979888916,184700
2024-07-09,9.5600004196167,9.640000343322754,9.1899995803833,9.25,8.867691993713379,87000
2024-07-10,9.3100004196167,9.579999923706055,9.300000190734863,9.479999542236328,9.08818531036377,113100
2024-07-11,9.75,9.800000190734863,9.5,9.75,9.347025871276855,174500
2024-07-12,9.90999984741211,10.069999694824219,9.75,9.920000076293945,9.510000228881836,371300
2024-07-15,9.5600004196167,9.569999694824219,9.220000267028809,9.380000114440918,9.380000114440918,157500
2024-07-16,9.329999923706055,9.470000267028809,9.170000076293945,9.430000305175781,9.430000305175781,117600
2024-07-17,9.260000228881836,9.470000267028809,9.239999771118164,9.380000114440918,9.380000114440918,49100
2024-07-18,9.359999656677246,9.510000228881836,9.279999732971191,9.3100004196167,9.3100004196167,95300
2024-07-19,9.300000190734863,9.300000190734863,9.140000343322754,9.1899995803833,9.1899995803833,45000
2024-07-22,9.15999984741211,9.279999732971191,9.130000114440918,9.15999984741211,9.15999984741211,78500
2024-07-23,9.170000076293945,9.170000076293945,8.930000305175781,8.949999809265137,8.949999809265137,51600
2024-07-24,9.130000114440918,9.40999984741211,9.079999923706055,9.289999961853027,9.289999961853027,135000
2024-07-25,9.380000114440918,9.399999618530273,9.170000076293945,9.25,9.25,65600
2024-07-26,9.34000015258789,9.399999618530273,9.15999984741211,9.210000038146973,9.210000038146973,88900
2024-07-29,9.199999809265137,9.300000190734863,8.9399995803833,9.140000343322754,9.140000343322754,104900
2024-07-30,9.180000305175781,9.25,9.0,9.199999809265137,9.199999809265137,49800
2024-07-31,9.260000228881836,9.300000190734863,9.15999984741211,9.25,9.25,30600
2024-08-01,9.25,9.25,9.0,9.050000190734863,9.050000190734863,29400
2024-08-02,8.949999809265137,9.079999923706055,8.949999809265137,8.979999542236328,8.979999542236328,69400
2024-08-05,8.920000076293945,9.050000190734863,8.800000190734863,8.970000267028809,8.970000267028809,62600
2024-08-06,8.949999809265137,9.130000114440918,8.949999809265137,8.979999542236328,8.979999542236328,30100
2024-08-07,9.079999923706055,9.079999923706055,9.0,9.010000228881836,9.010000228881836,13500
2024-08-08,9.09000015258789,9.140000343322754,9.029999732971191,9.069999694824219,9.069999694824219,24000
2024-08-09,9.010000228881836,9.149999618530273,9.010000228881836,9.130000114440918,9.130000114440918,17000
2024-08-12,9.149999618530273,9.229999542236328,9.020000457763672,9.15999984741211,9.15999984741211,36600
2024-08-13,9.100000381469727,9.210000038146973,9.100000381469727,9.15999984741211,9.15999984741211,21000
2024-08-14,9.199999809265137,9.239999771118164,9.109999656677246,9.210000038146973,9.210000038146973,18100
2024-08-15,9.260000228881836,9.350000381469727,9.210000038146973,9.239999771118164,9.239999771118164,19300
2024-08-16,9.289999961853027,9.399999618530273,9.289999961853027,9.390000343322754,9.390000343322754,56400
2024-08-19,9.369999885559082,9.550000190734863,9.369999885559082,9.430000305175781,9.430000305175781,61000
2024-08-20,9.479999542236328,9.5,9.380000114440918,9.40999984741211,9.40999984741211,24800
2024-08-21,9.479999542236328,9.479999542236328,9.380000114440918,9.430000305175781,9.430000305175781,19800
2024-08-22,9.420000076293945,9.430000305175781,9.319999694824219,9.319999694824219,9.319999694824219,26900
2024-08-23,9.449999809265137,9.449999809265137,9.270000457763672,9.279999732971191,9.279999732971191,20400
2024-08-26,9.399999618530273,9.449999809265137,9.319999694824219,9.380000114440918,9.380000114440918,19800
2024-08-27,9.329999923706055,9.380000114440918,9.100000381469727,9.25,9.25,57400
2024-08-28,9.199999809265137,9.300000190734863,9.199999809265137,9.25,9.25,6500
2024-08-29,9.25,9.319999694824219,9.220000267028809,9.260000228881836,9.260000228881836,19200
2024-08-30,9.270000457763672,9.289999961853027,9.220000267028809,9.239999771118164,9.239999771118164,25500
2024-09-03,9.350000381469727,9.350000381469727,9.050000190734863,9.109999656677246,9.109999656677246,48900
2024-09-04,9.149999618530273,9.149999618530273,9.0,9.020000457763672,9.020000457763672,28900
2024-09-05,9.020000457763672,9.319999694824219,9.0,9.180000305175781,9.180000305175781,63300
2024-09-06,9.25,9.359999656677246,9.140000343322754,9.1899995803833,9.1899995803833,29600
2024-09-09,9.170000076293945,9.279999732971191,9.069999694824219,9.119999885559082,9.119999885559082,39600
2024-09-10,9.130000114440918,9.130000114440918,9.010000228881836,9.020000457763672,9.020000457763672,29500
2024-09-11,9.050000190734863,9.050000190734863,9.0,9.029999732971191,9.029999732971191,25300
2024-09-12,9.100000381469727,9.220000267028809,9.039999961853027,9.119999885559082,9.119999885559082,30100
2024-09-13,9.199999809265137,9.300000190734863,9.149999618530273,9.170000076293945,9.170000076293945,31800
