Date,Open,High,Low,Close,Adj Close,Volume
2018-10-19,8.5,10.199999809265137,7.510000228881836,8.649999618530273,8.649999618530273,3414100
2018-10-22,8.699999809265137,8.9399995803833,7.900000095367432,8.300000190734863,8.300000190734863,697500
2018-10-23,7.900000095367432,7.980000019073486,7.599999904632568,7.699999809265137,7.699999809265137,349200
2018-10-24,7.869999885559082,7.869999885559082,7.139999866485596,7.199999809265137,7.199999809265137,469700
2018-10-25,7.159999847412109,7.400000095367432,6.320000171661377,6.559999942779541,6.559999942779541,512500
2018-10-26,6.510000228881836,7.75,6.320000171661377,7.480000019073486,7.480000019073486,670900
2018-10-29,7.429999828338623,7.429999828338623,7.050000190734863,7.230000019073486,7.230000019073486,135400
2018-10-30,7.210000038146973,7.210000038146973,6.800000190734863,6.989999771118164,6.989999771118164,97000
2018-10-31,7.199999809265137,7.78000020980835,7.019999980926514,7.730000019073486,7.730000019073486,101000
2018-11-01,7.699999809265137,8.199999809265137,7.429999828338623,8.199999809265137,8.199999809265137,207600
2018-11-02,8.3100004196167,9.359999656677246,7.800000190734863,9.199999809265137,9.199999809265137,411200
2018-11-05,8.800000190734863,9.350000381469727,8.5600004196167,8.640000343322754,8.640000343322754,225700
2018-11-06,8.609999656677246,9.09000015258789,7.840000152587891,9.09000015258789,9.09000015258789,646600
2018-11-07,9.180000305175781,9.180000305175781,8.649999618530273,8.90999984741211,8.90999984741211,410400
2018-11-08,8.880000114440918,9.149999618530273,8.569999694824219,9.119999885559082,9.119999885559082,248600
2018-11-09,9.100000381469727,9.100000381469727,8.649999618530273,8.710000038146973,8.710000038146973,218200
2018-11-12,8.550000190734863,8.550000190734863,8.029999732971191,8.199999809265137,8.199999809265137,312000
2018-11-13,8.399999618530273,8.4399995803833,8.300000190734863,8.3100004196167,8.3100004196167,218800
2018-11-14,8.15999984741211,8.420000076293945,8.050000190734863,8.329999923706055,8.329999923706055,157600
2018-11-15,8.300000190734863,8.369999885559082,7.699999809265137,8.130000114440918,8.130000114440918,320700
2018-11-16,7.880000114440918,8.020000457763672,7.699999809265137,7.75,7.75,164500
2018-11-19,7.769999980926514,8.0,7.659999847412109,7.679999828338623,7.679999828338623,205200
2018-11-20,7.949999809265137,8.0,7.699999809265137,7.809999942779541,7.809999942779541,300300
2018-11-21,7.809999942779541,8.380000114440918,7.809999942779541,8.130000114440918,8.130000114440918,205300
2018-11-23,8.220000267028809,8.289999961853027,8.020000457763672,8.149999618530273,8.149999618530273,74100
2018-11-26,8.199999809265137,8.300000190734863,8.050000190734863,8.119999885559082,8.119999885559082,80800
2018-11-27,8.050000190734863,8.25,7.539999961853027,7.800000190734863,7.800000190734863,140400
2018-11-28,7.880000114440918,8.020000457763672,7.880000114440918,8.0,8.0,286500
2018-11-29,8.489999771118164,8.5,7.760000228881836,8.149999618530273,8.149999618530273,228100
2018-11-30,7.980000019073486,8.199999809265137,7.909999847412109,8.010000228881836,8.010000228881836,192500
2018-12-03,8.15999984741211,8.460000038146973,8.039999961853027,8.199999809265137,8.199999809265137,153400
2018-12-04,8.199999809265137,8.220000267028809,7.849999904632568,8.0,8.0,105600
2018-12-06,7.78000020980835,7.949999809265137,7.710000038146973,7.849999904632568,7.849999904632568,117800
2018-12-07,7.679999828338623,7.980000019073486,7.5,7.670000076293945,7.670000076293945,150100
2018-12-10,7.559999942779541,7.679999828338623,7.099999904632568,7.130000114440918,7.130000114440918,452100
2018-12-11,7.139999866485596,7.510000228881836,7.099999904632568,7.150000095367432,7.150000095367432,378900
2018-12-12,7.230000019073486,7.320000171661377,7.0,7.0,7.0,163300
2018-12-13,7.010000228881836,7.190000057220459,7.0,7.010000228881836,7.010000228881836,105200
2018-12-14,7.139999866485596,7.269999980926514,6.860000133514404,7.130000114440918,7.130000114440918,125900
2018-12-17,7.139999866485596,7.139999866485596,6.800000190734863,7.019999980926514,7.019999980926514,128600
2018-12-18,7.0,7.010000228881836,6.619999885559082,6.909999847412109,6.909999847412109,166000
2018-12-19,6.900000095367432,6.900000095367432,6.5,6.510000228881836,6.510000228881836,105100
2018-12-20,6.599999904632568,6.75,6.269999980926514,6.489999771118164,6.489999771118164,148600
2018-12-21,6.210000038146973,6.75,6.210000038146973,6.679999828338623,6.679999828338623,170300
2018-12-24,6.679999828338623,6.679999828338623,6.170000076293945,6.429999828338623,6.429999828338623,127100
2018-12-26,6.460000038146973,6.670000076293945,6.210000038146973,6.389999866485596,6.389999866485596,130400
2018-12-27,6.449999809265137,6.559999942779541,6.039999961853027,6.119999885559082,6.119999885559082,191400
2018-12-28,6.289999961853027,7.090000152587891,6.25,6.809999942779541,6.809999942779541,458600
2018-12-31,6.949999809265137,7.239999771118164,6.929999828338623,7.0,7.0,69700
2019-01-02,6.949999809265137,7.070000171661377,6.71999979019165,7.010000228881836,7.010000228881836,104000
2019-01-03,6.989999771118164,7.059999942779541,6.760000228881836,6.809999942779541,6.809999942779541,126100
2019-01-04,6.860000133514404,7.039999961853027,6.829999923706055,6.909999847412109,6.909999847412109,81600
2019-01-07,6.960000038146973,7.019999980926514,6.900000095367432,6.96999979019165,6.96999979019165,62900
2019-01-08,6.980000019073486,7.110000133514404,6.96999979019165,7.019999980926514,7.019999980926514,96500
2019-01-09,7.0,7.150000095367432,6.920000076293945,7.099999904632568,7.099999904632568,42300
2019-01-10,7.099999904632568,7.840000152587891,7.059999942779541,7.329999923706055,7.329999923706055,75200
2019-01-11,7.690000057220459,7.78000020980835,7.489999771118164,7.739999771118164,7.739999771118164,86200
2019-01-14,7.849999904632568,8.100000381469727,7.739999771118164,7.909999847412109,7.909999847412109,106000
2019-01-15,7.880000114440918,8.180000305175781,7.610000133514404,7.849999904632568,7.849999904632568,223400
2019-01-16,7.849999904632568,8.199999809265137,7.809999942779541,7.849999904632568,7.849999904632568,80400
2019-01-17,7.800000190734863,7.949999809265137,7.800000190734863,7.860000133514404,7.860000133514404,41000
2019-01-18,7.800000190734863,8.079999923706055,7.519999980926514,7.829999923706055,7.829999923706055,144500
2019-01-22,7.829999923706055,7.860000133514404,7.730000019073486,7.730000019073486,7.730000019073486,51200
2019-01-23,7.730000019073486,8.0,7.570000171661377,7.639999866485596,7.639999866485596,42900
2019-01-24,7.599999904632568,7.860000133514404,7.510000228881836,7.510000228881836,7.510000228881836,37500
2019-01-25,7.559999942779541,7.849999904632568,7.559999942779541,7.610000133514404,7.610000133514404,39100
2019-01-28,7.510000228881836,7.690000057220459,7.489999771118164,7.539999961853027,7.539999961853027,76400
2019-01-29,7.619999885559082,7.730000019073486,7.550000190734863,7.570000171661377,7.570000171661377,23800
2019-01-30,7.659999847412109,7.659999847412109,7.53000020980835,7.559999942779541,7.559999942779541,48000
2019-01-31,7.489999771118164,7.679999828338623,7.449999809265137,7.53000020980835,7.53000020980835,62600
2019-02-01,7.550000190734863,8.09000015258789,7.550000190734863,7.769999980926514,7.769999980926514,92400
2019-02-04,7.800000190734863,8.079999923706055,7.699999809265137,8.0,8.0,44200
2019-02-05,7.989999771118164,8.359999656677246,7.989999771118164,8.140000343322754,8.140000343322754,111200
2019-02-06,8.050000190734863,8.050000190734863,7.769999980926514,7.800000190734863,7.800000190734863,94700
2019-02-07,7.800000190734863,7.960000038146973,7.550000190734863,7.650000095367432,7.650000095367432,59200
2019-02-08,7.650000095367432,7.96999979019165,7.599999904632568,7.650000095367432,7.650000095367432,36300
2019-02-11,7.769999980926514,7.769999980926514,7.349999904632568,7.559999942779541,7.559999942779541,78500
2019-02-12,7.519999980926514,7.75,7.5,7.619999885559082,7.619999885559082,39700
2019-02-13,7.579999923706055,7.699999809265137,7.409999847412109,7.670000076293945,7.670000076293945,38200
2019-02-14,7.53000020980835,7.539999961853027,7.349999904632568,7.429999828338623,7.429999828338623,43000
2019-02-15,7.5,7.590000152587891,7.420000076293945,7.550000190734863,7.550000190734863,50500
2019-02-19,7.650000095367432,8.180000305175781,7.480000019073486,7.519999980926514,7.519999980926514,88100
2019-02-20,7.539999961853027,7.699999809265137,7.519999980926514,7.650000095367432,7.650000095367432,83300
2019-02-21,7.559999942779541,7.630000114440918,7.5,7.539999961853027,7.539999961853027,27600
2019-02-22,7.539999961853027,7.650000095367432,7.440000057220459,7.590000152587891,7.590000152587891,29000
2019-02-25,7.679999828338623,8.4399995803833,7.679999828338623,8.359999656677246,8.359999656677246,206900
2019-02-26,8.600000381469727,8.899999618530273,8.180000305175781,8.180000305175781,8.180000305175781,157600
2019-02-27,8.180000305175781,8.449999809265137,8.180000305175781,8.40999984741211,8.40999984741211,42400
2019-02-28,8.449999809265137,8.489999771118164,8.149999618530273,8.279999732971191,8.279999732971191,26600
2019-03-01,8.350000381469727,8.489999771118164,8.149999618530273,8.180000305175781,8.180000305175781,35100
2019-03-04,8.329999923706055,8.489999771118164,8.0,8.0600004196167,8.0600004196167,43200
2019-03-05,8.170000076293945,8.390000343322754,8.0,8.329999923706055,8.329999923706055,33300
2019-03-06,8.229999542236328,8.229999542236328,8.020000457763672,8.170000076293945,8.170000076293945,40400
2019-03-07,8.069999694824219,8.210000038146973,7.460000038146973,7.579999923706055,7.579999923706055,86100
2019-03-08,7.420000076293945,7.420000076293945,7.159999847412109,7.239999771118164,7.239999771118164,89000
2019-03-11,7.21999979019165,7.300000190734863,7.039999961853027,7.199999809265137,7.199999809265137,41100
2019-03-12,7.199999809265137,7.300000190734863,7.150000095367432,7.300000190734863,7.300000190734863,29000
2019-03-13,7.25,8.220000267028809,7.25,7.800000190734863,7.800000190734863,128600
2019-03-14,7.900000095367432,8.850000381469727,7.900000095367432,8.25,8.25,270600
2019-03-15,8.40999984741211,8.619999885559082,8.149999618530273,8.149999618530273,8.149999618530273,55100
2019-03-18,8.0,8.449999809265137,7.300000190734863,8.180000305175781,8.180000305175781,128600
2019-03-19,8.34000015258789,8.430000305175781,7.900000095367432,7.900000095367432,7.900000095367432,46800
2019-03-20,7.989999771118164,8.210000038146973,7.800000190734863,8.180000305175781,8.180000305175781,42100
2019-03-21,8.1899995803833,8.1899995803833,7.849999904632568,7.96999979019165,7.96999979019165,64400
2019-03-22,8.0,8.050000190734863,7.829999923706055,7.889999866485596,7.889999866485596,38400
2019-03-25,7.789999961853027,8.09000015258789,7.769999980926514,7.929999828338623,7.929999828338623,39300
2019-03-26,7.960000038146973,8.020000457763672,7.900000095367432,7.989999771118164,7.989999771118164,20100
2019-03-27,8.050000190734863,8.130000114440918,7.960000038146973,8.100000381469727,8.100000381469727,14800
2019-03-28,7.949999809265137,8.1899995803833,7.949999809265137,8.180000305175781,8.180000305175781,21000
2019-03-29,8.3100004196167,8.3100004196167,8.0,8.109999656677246,8.109999656677246,25700
2019-04-01,8.25,8.399999618530273,8.199999809265137,8.34000015258789,8.34000015258789,27800
2019-04-02,8.260000228881836,9.180000305175781,8.260000228881836,9.0600004196167,9.0600004196167,221100
2019-04-03,9.199999809265137,10.199999809265137,9.079999923706055,9.5,9.5,467900
2019-04-04,9.520000457763672,9.800000190734863,9.34000015258789,9.699999809265137,9.699999809265137,56700
2019-04-05,9.859999656677246,10.869999885559082,9.75,10.550000190734863,10.550000190734863,292600
2019-04-08,10.899999618530273,13.600000381469727,10.550000190734863,13.4399995803833,13.4399995803833,870600
2019-04-09,13.149999618530273,13.170000076293945,11.5,12.470000267028809,12.470000267028809,347000
2019-04-10,11.260000228881836,12.140000343322754,11.100000381469727,11.989999771118164,11.989999771118164,304600
2019-04-11,12.109999656677246,12.119999885559082,11.520000457763672,11.850000381469727,11.850000381469727,174400
2019-04-12,11.970000267028809,12.239999771118164,11.760000228881836,11.760000228881836,11.760000228881836,116500
2019-04-15,12.0,12.0,10.609999656677246,10.850000381469727,10.850000381469727,176900
2019-04-16,10.899999618530273,11.34000015258789,10.5,10.5,10.5,218100
2019-04-17,10.819999694824219,11.609999656677246,10.819999694824219,11.489999771118164,11.489999771118164,305900
2019-04-18,11.609999656677246,11.869999885559082,9.220000267028809,9.300000190734863,9.300000190734863,605700
2019-04-22,9.550000190734863,10.390000343322754,8.90999984741211,9.199999809265137,9.199999809265137,549900
2019-04-23,9.319999694824219,10.0600004196167,9.319999694824219,9.880000114440918,9.880000114440918,379000
2019-04-24,9.880000114440918,10.569999694824219,9.65999984741211,10.510000228881836,10.510000228881836,146000
2019-04-25,10.640000343322754,10.710000038146973,9.84000015258789,9.979999542236328,9.979999542236328,211500
2019-04-26,10.149999618530273,10.149999618530273,9.520000457763672,9.670000076293945,9.670000076293945,112700
2019-04-29,9.40999984741211,9.8100004196167,9.279999732971191,9.300000190734863,9.300000190734863,434900
2019-04-30,9.3100004196167,9.359999656677246,8.510000228881836,8.609999656677246,8.609999656677246,353400
2019-05-01,8.75,9.0,8.510000228881836,8.600000381469727,8.600000381469727,152500
2019-05-02,8.65999984741211,8.970000267028809,8.510000228881836,8.789999961853027,8.789999961853027,140300
2019-05-03,8.869999885559082,8.880000114440918,8.640000343322754,8.789999961853027,8.789999961853027,105300
2019-05-06,8.720000267028809,9.130000114440918,8.510000228881836,8.930000305175781,8.930000305175781,199400
2019-05-07,9.430000305175781,9.430000305175781,8.710000038146973,8.930000305175781,8.930000305175781,169500
2019-05-08,9.0,9.0600004196167,8.270000457763672,8.3100004196167,8.3100004196167,256700
2019-05-09,8.300000190734863,8.539999961853027,8.0,8.4399995803833,8.4399995803833,134100
2019-05-10,8.449999809265137,8.880000114440918,8.449999809265137,8.5600004196167,8.5600004196167,79900
2019-05-13,8.65999984741211,9.510000228881836,8.649999618530273,8.859999656677246,8.859999656677246,390400
2019-05-14,9.029999732971191,9.050000190734863,8.300000190734863,8.5600004196167,8.5600004196167,182600
2019-05-15,8.510000228881836,9.079999923706055,8.510000228881836,9.0,9.0,194100
2019-05-16,8.90999984741211,9.220000267028809,8.619999885559082,8.760000228881836,8.760000228881836,183600
2019-05-17,8.5600004196167,8.789999961853027,8.199999809265137,8.380000114440918,8.380000114440918,160300
2019-05-20,8.199999809265137,8.600000381469727,8.199999809265137,8.539999961853027,8.539999961853027,61100
2019-05-21,8.5,8.6899995803833,8.279999732971191,8.5600004196167,8.5600004196167,60900
2019-05-22,8.520000457763672,8.520000457763672,8.210000038146973,8.279999732971191,8.279999732971191,82200
2019-05-23,8.289999961853027,8.289999961853027,7.800000190734863,7.840000152587891,7.840000152587891,142200
2019-05-24,7.940000057220459,8.029999732971191,7.599999904632568,7.800000190734863,7.800000190734863,65100
2019-05-28,7.889999866485596,7.889999866485596,7.300000190734863,7.639999866485596,7.639999866485596,179000
2019-05-29,7.630000114440918,7.800000190734863,7.5,7.659999847412109,7.659999847412109,102800
2019-05-30,7.570000171661377,7.690000057220459,7.320000171661377,7.630000114440918,7.630000114440918,52600
2019-05-31,7.599999904632568,7.699999809265137,7.440000057220459,7.579999923706055,7.579999923706055,97600
2019-06-03,7.380000114440918,7.610000133514404,7.079999923706055,7.199999809265137,7.199999809265137,121500
2019-06-04,7.199999809265137,7.320000171661377,6.889999866485596,7.119999885559082,7.119999885559082,105800
2019-06-05,7.210000038146973,7.210000038146973,7.03000020980835,7.130000114440918,7.130000114440918,126300
2019-06-06,7.050000190734863,7.110000133514404,6.340000152587891,6.760000228881836,6.760000228881836,289700
2019-06-07,6.78000020980835,6.849999904632568,6.579999923706055,6.760000228881836,6.760000228881836,121200
2019-06-10,7.050000190734863,7.170000076293945,6.360000133514404,6.630000114440918,6.630000114440918,242800
2019-06-11,6.460000038146973,6.610000133514404,6.179999828338623,6.440000057220459,6.440000057220459,168000
2019-06-12,6.440000057220459,6.550000190734863,6.119999885559082,6.179999828338623,6.179999828338623,496700
2019-06-13,6.150000095367432,6.309999942779541,6.059999942779541,6.059999942779541,6.059999942779541,139500
2019-06-14,6.159999847412109,6.239999771118164,5.78000020980835,5.860000133514404,5.860000133514404,214300
2019-06-17,5.900000095367432,6.28000020980835,5.659999847412109,6.28000020980835,6.28000020980835,230500
2019-06-18,6.449999809265137,6.679999828338623,6.079999923706055,6.199999809265137,6.199999809265137,386300
2019-06-19,6.28000020980835,6.599999904632568,6.170000076293945,6.519999980926514,6.519999980926514,273900
2019-06-20,6.599999904632568,6.659999847412109,6.150000095367432,6.199999809265137,6.199999809265137,137800
2019-06-21,6.050000190734863,6.25,6.050000190734863,6.179999828338623,6.179999828338623,119500
2019-06-24,6.159999847412109,6.260000228881836,5.949999809265137,6.130000114440918,6.130000114440918,221400
2019-06-25,6.090000152587891,6.170000076293945,6.03000020980835,6.119999885559082,6.119999885559082,218100
2019-06-26,6.150000095367432,6.349999904632568,6.139999866485596,6.329999923706055,6.329999923706055,131500
2019-06-27,6.429999828338623,6.449999809265137,6.0,6.139999866485596,6.139999866485596,232000
2019-06-28,6.139999866485596,6.139999866485596,5.909999847412109,5.909999847412109,5.909999847412109,218600
2019-07-01,6.170000076293945,6.980000019073486,6.110000133514404,6.949999809265137,6.949999809265137,399200
2019-07-02,7.130000114440918,7.130000114440918,6.519999980926514,6.53000020980835,6.53000020980835,192600
2019-07-03,6.53000020980835,6.570000171661377,6.300000190734863,6.570000171661377,6.570000171661377,282600
2019-07-05,6.570000171661377,6.579999923706055,5.909999847412109,6.039999961853027,6.039999961853027,675000
2019-07-08,6.099999904632568,6.099999904632568,5.900000095367432,6.03000020980835,6.03000020980835,251500
2019-07-09,5.960000038146973,6.070000171661377,5.949999809265137,5.989999771118164,5.989999771118164,111600
2019-07-10,6.099999904632568,6.170000076293945,5.900000095367432,5.900000095367432,5.900000095367432,159100
2019-07-11,5.96999979019165,6.0,5.900000095367432,5.960000038146973,5.960000038146973,153700
2019-07-12,5.920000076293945,6.230000019073486,5.920000076293945,5.949999809265137,5.949999809265137,122800
2019-07-15,5.900000095367432,6.059999942779541,5.800000190734863,5.800000190734863,5.800000190734863,426100
2019-07-16,5.800000190734863,5.949999809265137,5.699999809265137,5.789999961853027,5.789999961853027,228800
2019-07-17,5.860000133514404,5.860000133514404,5.659999847412109,5.699999809265137,5.699999809265137,154300
2019-07-18,5.679999828338623,5.71999979019165,5.5,5.579999923706055,5.579999923706055,269800
2019-07-19,5.579999923706055,6.179999828338623,5.579999923706055,6.0,6.0,197300
2019-07-22,6.0,6.0,5.5,5.5,5.5,371400
2019-07-23,5.519999980926514,5.800000190734863,5.340000152587891,5.690000057220459,5.690000057220459,552300
2019-07-24,5.599999904632568,5.690000057220459,5.329999923706055,5.639999866485596,5.639999866485596,678600
2019-07-25,5.940000057220459,6.0,5.809999942779541,5.929999828338623,5.929999828338623,244000
2019-07-26,6.159999847412109,6.489999771118164,6.059999942779541,6.380000114440918,6.380000114440918,356300
2019-07-29,6.940000057220459,6.940000057220459,6.519999980926514,6.590000152587891,6.590000152587891,518400
2019-07-30,6.659999847412109,6.699999809265137,6.599999904632568,6.650000095367432,6.650000095367432,81700
2019-07-31,6.650000095367432,6.690000057220459,6.420000076293945,6.579999923706055,6.579999923706055,175700
2019-08-01,6.949999809265137,7.579999923706055,6.75,6.849999904632568,6.849999904632568,682800
2019-08-02,7.099999904632568,7.429999828338623,6.920000076293945,7.139999866485596,7.139999866485596,317300
2019-08-05,7.199999809265137,7.300000190734863,7.099999904632568,7.260000228881836,7.260000228881836,364500
2019-08-06,7.360000133514404,7.949999809265137,7.360000133514404,7.75,7.75,510700
2019-08-07,7.889999866485596,8.1899995803833,7.519999980926514,8.170000076293945,8.170000076293945,500600
2019-08-08,8.199999809265137,8.4399995803833,7.579999923706055,8.329999923706055,8.329999923706055,443400
2019-08-09,8.300000190734863,8.300000190734863,7.840000152587891,8.130000114440918,8.130000114440918,230300
2019-08-12,8.079999923706055,8.15999984741211,7.639999866485596,7.989999771118164,7.989999771118164,156000
2019-08-13,7.800000190734863,7.880000114440918,7.389999866485596,7.550000190734863,7.550000190734863,318600
2019-08-14,7.400000095367432,7.489999771118164,7.099999904632568,7.159999847412109,7.159999847412109,179600
2019-08-15,7.070000171661377,7.449999809265137,7.070000171661377,7.179999828338623,7.179999828338623,168800
2019-08-16,7.260000228881836,7.420000076293945,7.25,7.380000114440918,7.380000114440918,124600
2019-08-19,7.46999979019165,7.730000019073486,7.389999866485596,7.699999809265137,7.699999809265137,207700
2019-08-20,7.75,8.399999618530273,7.75,8.229999542236328,8.229999542236328,267800
2019-08-21,8.399999618530273,8.800000190734863,8.109999656677246,8.720000267028809,8.720000267028809,359400
2019-08-22,8.949999809265137,9.100000381469727,8.75,8.9399995803833,8.9399995803833,405900
2019-08-23,9.199999809265137,9.300000190734863,8.0,8.609999656677246,8.609999656677246,599100
2019-08-26,8.520000457763672,8.600000381469727,8.140000343322754,8.329999923706055,8.329999923706055,222900
2019-08-27,8.15999984741211,8.15999984741211,7.400000095367432,7.809999942779541,7.809999942779541,329000
2019-08-28,7.619999885559082,7.690000057220459,7.5,7.670000076293945,7.670000076293945,112600
2019-08-29,7.630000114440918,8.029999732971191,7.630000114440918,7.980000019073486,7.980000019073486,106800
2019-08-30,8.279999732971191,8.279999732971191,7.849999904632568,7.889999866485596,7.889999866485596,118700
2019-09-03,7.670000076293945,7.840000152587891,7.550000190734863,7.599999904632568,7.599999904632568,106900
2019-09-04,7.599999904632568,8.050000190734863,7.550000190734863,7.860000133514404,7.860000133514404,127400
2019-09-05,7.849999904632568,8.279999732971191,7.849999904632568,8.220000267028809,8.220000267028809,208100
2019-09-06,8.15999984741211,8.220000267028809,7.949999809265137,8.050000190734863,8.050000190734863,130000
2019-09-09,8.1899995803833,8.1899995803833,7.989999771118164,8.1899995803833,8.1899995803833,171500
2019-09-10,8.09000015258789,8.470000267028809,8.0600004196167,8.449999809265137,8.449999809265137,226000
2019-09-11,8.399999618530273,8.550000190734863,8.220000267028809,8.399999618530273,8.399999618530273,140900
2019-09-12,8.289999961853027,8.600000381469727,8.050000190734863,8.430000305175781,8.430000305175781,403200
2019-09-13,8.489999771118164,8.640000343322754,8.25,8.579999923706055,8.579999923706055,227800
2019-09-16,8.579999923706055,8.630000114440918,8.399999618530273,8.550000190734863,8.550000190734863,135000
2019-09-17,8.479999542236328,8.649999618530273,8.329999923706055,8.520000457763672,8.520000457763672,129300
2019-09-18,8.4399995803833,8.6899995803833,8.3100004196167,8.40999984741211,8.40999984741211,227400
2019-09-19,8.300000190734863,8.449999809265137,8.0600004196167,8.289999961853027,8.289999961853027,121100
2019-09-20,8.199999809265137,8.399999618530273,8.199999809265137,8.399999618530273,8.399999618530273,132200
2019-09-23,8.270000457763672,8.350000381469727,8.020000457763672,8.079999923706055,8.079999923706055,166900
2019-09-24,8.069999694824219,8.15999984741211,8.0600004196167,8.069999694824219,8.069999694824219,127200
2019-09-25,8.050000190734863,8.300000190734863,7.889999866485596,8.180000305175781,8.180000305175781,125600
2019-09-26,8.229999542236328,8.25,8.050000190734863,8.15999984741211,8.15999984741211,36000
2019-09-27,8.079999923706055,8.489999771118164,8.0,8.229999542236328,8.229999542236328,134400
2019-09-30,8.180000305175781,8.5,8.180000305175781,8.4399995803833,8.4399995803833,63200
2019-10-01,8.470000267028809,8.9399995803833,8.399999618530273,8.399999618530273,8.399999618530273,132700
2019-10-02,8.399999618530273,8.8100004196167,8.399999618530273,8.5,8.5,82400
2019-10-03,8.430000305175781,8.59000015258789,8.369999885559082,8.529999732971191,8.529999732971191,29700
2019-10-04,8.579999923706055,8.699999809265137,8.529999732971191,8.5600004196167,8.5600004196167,41400
2019-10-07,8.470000267028809,9.0,8.470000267028809,9.0,9.0,167800
2019-10-08,8.899999618530273,9.0,8.699999809265137,8.970000267028809,8.970000267028809,89500
2019-10-09,9.0,9.0,8.800000190734863,8.9399995803833,8.9399995803833,62100
2019-10-10,8.989999771118164,9.0,8.869999885559082,8.970000267028809,8.970000267028809,57400
2019-10-11,9.010000228881836,9.329999923706055,8.9399995803833,9.180000305175781,9.180000305175781,242300
2019-10-14,9.180000305175781,9.390000343322754,8.899999618530273,8.949999809265137,8.949999809265137,138700
2019-10-15,8.949999809265137,9.100000381469727,8.920000076293945,9.100000381469727,9.100000381469727,82300
2019-10-16,8.989999771118164,9.119999885559082,8.989999771118164,9.109999656677246,9.109999656677246,100900
2019-10-17,9.210000038146973,9.630000114440918,9.140000343322754,9.550000190734863,9.550000190734863,104700
2019-10-18,9.399999618530273,9.539999961853027,9.010000228881836,9.130000114440918,9.130000114440918,87200
2019-10-21,9.229999542236328,9.260000228881836,9.050000190734863,9.130000114440918,9.130000114440918,59700
2019-10-22,9.199999809265137,9.449999809265137,9.050000190734863,9.40999984741211,9.40999984741211,46500
2019-10-23,9.260000228881836,9.479999542236328,9.149999618530273,9.399999618530273,9.399999618530273,48800
2019-10-24,9.550000190734863,9.619999885559082,9.289999961853027,9.5,9.5,93800
2019-10-25,9.5,9.520000457763672,9.140000343322754,9.369999885559082,9.369999885559082,68500
2019-10-28,9.4399995803833,9.520000457763672,9.399999618530273,9.479999542236328,9.479999542236328,42200
2019-10-29,9.470000267028809,9.479999542236328,9.199999809265137,9.399999618530273,9.399999618530273,107900
2019-10-30,9.399999618530273,9.630000114440918,9.25,9.5,9.5,137900
2019-10-31,9.420000076293945,9.470000267028809,9.220000267028809,9.390000343322754,9.390000343322754,164100
2019-11-01,9.40999984741211,9.40999984741211,9.149999618530273,9.210000038146973,9.210000038146973,74100
2019-11-04,9.199999809265137,9.289999961853027,9.109999656677246,9.220000267028809,9.220000267028809,55000
2019-11-05,9.149999618530273,9.289999961853027,9.149999618530273,9.229999542236328,9.229999542236328,60400
2019-11-06,9.270000457763672,9.5,9.229999542236328,9.470000267028809,9.470000267028809,92500
2019-11-07,9.449999809265137,10.079999923706055,9.380000114440918,9.970000267028809,9.970000267028809,286000
2019-11-08,9.9399995803833,9.960000038146973,9.510000228881836,9.720000267028809,9.720000267028809,101500
2019-11-11,9.5600004196167,9.619999885559082,9.359999656677246,9.579999923706055,9.579999923706055,173900
2019-11-12,9.640000343322754,9.6899995803833,9.5,9.65999984741211,9.65999984741211,214700
2019-11-13,9.649999618530273,9.8100004196167,9.539999961853027,9.65999984741211,9.65999984741211,192600
2019-11-14,9.670000076293945,9.770000457763672,9.609999656677246,9.670000076293945,9.670000076293945,146800
2019-11-15,9.649999618530273,9.850000381469727,8.300000190734863,8.970000267028809,8.970000267028809,514400
2019-11-18,9.199999809265137,9.210000038146973,8.850000381469727,8.979999542236328,8.979999542236328,136700
2019-11-19,9.09000015258789,9.09000015258789,8.899999618530273,8.970000267028809,8.970000267028809,76500
2019-11-20,8.949999809265137,8.949999809265137,8.619999885559082,8.770000457763672,8.770000457763672,116800
2019-11-21,8.949999809265137,8.949999809265137,8.760000228881836,8.880000114440918,8.880000114440918,58600
2019-11-22,9.020000457763672,9.1899995803833,8.84000015258789,8.930000305175781,8.930000305175781,148000
2019-11-25,9.930000305175781,10.0,8.770000457763672,9.0,9.0,1162700
2019-11-26,9.029999732971191,9.079999923706055,8.550000190734863,8.899999618530273,8.899999618530273,436300
2019-11-27,8.649999618530273,8.850000381469727,8.600000381469727,8.720000267028809,8.720000267028809,227200
2019-11-29,8.720000267028809,9.020000457763672,8.649999618530273,8.979999542236328,8.979999542236328,203800
2019-12-02,9.0,9.029999732971191,8.600000381469727,8.65999984741211,8.65999984741211,155800
2019-12-03,8.5,8.529999732971191,8.220000267028809,8.40999984741211,8.40999984741211,160000
2019-12-04,8.40999984741211,8.550000190734863,8.369999885559082,8.430000305175781,8.430000305175781,241200
2019-12-05,8.609999656677246,8.800000190734863,8.449999809265137,8.489999771118164,8.489999771118164,228600
2019-12-06,8.5,8.600000381469727,8.449999809265137,8.5,8.5,154600
2019-12-09,8.649999618530273,8.649999618530273,8.399999618530273,8.5,8.5,173800
2019-12-10,8.5,8.539999961853027,8.369999885559082,8.5,8.5,141100
2019-12-11,8.5,8.569999694824219,8.430000305175781,8.489999771118164,8.489999771118164,107300
2019-12-12,8.489999771118164,8.550000190734863,8.420000076293945,8.479999542236328,8.479999542236328,161400
2019-12-13,8.449999809265137,8.550000190734863,8.329999923706055,8.390000343322754,8.390000343322754,113600
2019-12-16,8.420000076293945,8.420000076293945,8.319999694824219,8.359999656677246,8.359999656677246,110500
2019-12-17,8.420000076293945,8.430000305175781,8.329999923706055,8.40999984741211,8.40999984741211,116400
2019-12-18,8.380000114440918,8.5,8.300000190734863,8.5,8.5,112100
2019-12-19,8.5,8.600000381469727,8.300000190734863,8.449999809265137,8.449999809265137,191600
2019-12-20,8.40999984741211,8.539999961853027,8.40999984741211,8.5,8.5,88700
2019-12-23,8.510000228881836,8.550000190734863,8.430000305175781,8.5,8.5,54400
2019-12-24,8.4399995803833,8.600000381469727,8.4399995803833,8.569999694824219,8.569999694824219,58100
2019-12-26,8.449999809265137,8.569999694824219,8.399999618530273,8.550000190734863,8.550000190734863,78400
2019-12-27,8.5,8.600000381469727,8.460000038146973,8.460000038146973,8.460000038146973,65400
2019-12-30,8.449999809265137,8.59000015258789,8.399999618530273,8.489999771118164,8.489999771118164,100200
2019-12-31,8.5,8.550000190734863,8.479999542236328,8.529999732971191,8.529999732971191,39100
2020-01-02,8.65999984741211,8.90999984741211,8.5,8.729999542236328,8.729999542236328,176000
2020-01-03,8.579999923706055,8.699999809265137,8.449999809265137,8.579999923706055,8.579999923706055,161900
2020-01-06,8.5,8.670000076293945,8.399999618530273,8.5,8.5,103300
2020-01-07,8.550000190734863,8.649999618530273,8.399999618530273,8.479999542236328,8.479999542236328,101300
2020-01-08,8.260000228881836,8.300000190734863,7.539999961853027,8.270000457763672,8.270000457763672,299000
2020-01-09,8.279999732971191,8.489999771118164,8.0600004196167,8.100000381469727,8.100000381469727,117900
2020-01-10,8.069999694824219,8.260000228881836,7.940000057220459,8.09000015258789,8.09000015258789,206600
2020-01-13,8.0600004196167,8.479999542236328,8.0600004196167,8.390000343322754,8.390000343322754,117600
2020-01-14,8.5,8.59000015258789,8.479999542236328,8.5,8.5,99200
2020-01-15,8.460000038146973,8.579999923706055,8.460000038146973,8.520000457763672,8.520000457763672,67400
2020-01-16,8.520000457763672,8.720000267028809,8.5,8.640000343322754,8.640000343322754,121600
2020-01-17,8.640000343322754,9.15999984741211,8.550000190734863,9.100000381469727,9.100000381469727,210700
2020-01-21,9.100000381469727,9.220000267028809,8.710000038146973,9.170000076293945,9.170000076293945,338500
2020-01-22,9.220000267028809,9.369999885559082,9.0600004196167,9.34000015258789,9.34000015258789,152500
2020-01-23,9.199999809265137,9.359999656677246,9.0,9.329999923706055,9.329999923706055,96100
2020-01-24,9.289999961853027,9.390000343322754,9.109999656677246,9.319999694824219,9.319999694824219,114900
2020-01-27,8.3100004196167,9.039999961853027,8.100000381469727,8.979999542236328,8.979999542236328,437500
2020-01-28,8.949999809265137,9.130000114440918,8.899999618530273,9.029999732971191,9.029999732971191,473700
2020-01-29,9.079999923706055,9.100000381469727,8.800000190734863,8.890000343322754,8.890000343322754,405100
2020-01-30,8.779999732971191,8.779999732971191,8.600000381469727,8.630000114440918,8.630000114440918,228200
2020-01-31,8.600000381469727,8.819999694824219,8.600000381469727,8.760000228881836,8.760000228881836,153200
2020-02-03,8.699999809265137,8.979999542236328,8.600000381469727,8.8100004196167,8.8100004196167,87900
2020-02-04,8.899999618530273,9.130000114440918,8.5600004196167,8.920000076293945,8.920000076293945,334500
2020-02-05,8.960000038146973,9.079999923706055,8.84000015258789,8.960000038146973,8.960000038146973,108200
2020-02-06,9.09000015258789,10.029999732971191,9.069999694824219,9.979999542236328,9.979999542236328,528200
2020-02-07,9.699999809265137,10.100000381469727,9.600000381469727,9.789999961853027,9.789999961853027,269000
2020-02-10,9.75,9.899999618530273,9.25,9.289999961853027,9.289999961853027,198600
2020-02-11,9.300000190734863,9.670000076293945,9.260000228881836,9.479999542236328,9.479999542236328,348900
2020-02-12,9.5,9.850000381469727,9.5,9.6899995803833,9.6899995803833,130200
2020-02-13,9.59000015258789,9.859999656677246,9.520000457763672,9.6899995803833,9.6899995803833,129600
2020-02-14,9.5600004196167,9.699999809265137,9.199999809265137,9.359999656677246,9.359999656677246,168900
2020-02-18,9.359999656677246,9.640000343322754,9.350000381469727,9.4399995803833,9.4399995803833,124700
2020-02-19,9.5,9.770000457763672,9.350000381469727,9.600000381469727,9.600000381469727,78400
2020-02-20,9.600000381469727,10.0,9.510000228881836,9.970000267028809,9.970000267028809,209000
2020-02-21,9.880000114440918,9.880000114440918,9.220000267028809,9.380000114440918,9.380000114440918,220500
2020-02-24,9.0,9.100000381469727,8.770000457763672,8.880000114440918,8.880000114440918,175700
2020-02-25,8.970000267028809,9.109999656677246,8.619999885559082,8.630000114440918,8.630000114440918,128600
2020-02-26,8.59000015258789,9.0,8.59000015258789,8.649999618530273,8.649999618530273,460300
2020-02-27,8.600000381469727,8.859999656677246,8.300000190734863,8.600000381469727,8.600000381469727,222800
2020-02-28,8.390000343322754,8.65999984741211,8.359999656677246,8.520000457763672,8.520000457763672,218200
2020-03-02,8.600000381469727,8.800000190734863,8.350000381469727,8.800000190734863,8.800000190734863,169800
2020-03-03,8.979999542236328,8.979999542236328,8.529999732971191,8.789999961853027,8.789999961853027,144500
2020-03-04,8.819999694824219,8.880000114440918,8.630000114440918,8.760000228881836,8.760000228881836,83000
2020-03-05,8.649999618530273,8.770000457763672,8.430000305175781,8.630000114440918,8.630000114440918,155500
2020-03-06,8.430000305175781,8.680000305175781,8.34000015258789,8.619999885559082,8.619999885559082,195000
2020-03-09,8.289999961853027,8.489999771118164,7.900000095367432,8.130000114440918,8.130000114440918,317800
2020-03-10,8.399999618530273,8.5,8.220000267028809,8.359999656677246,8.359999656677246,163700
2020-03-11,8.170000076293945,8.25,7.739999771118164,7.929999828338623,7.929999828338623,461200
2020-03-12,7.429999828338623,7.440000057220459,6.900000095367432,7.130000114440918,7.130000114440918,325000
2020-03-13,7.590000152587891,7.699999809265137,7.130000114440918,7.369999885559082,7.369999885559082,131400
2020-03-16,6.800000190734863,7.0,6.400000095367432,6.550000190734863,6.550000190734863,238800
2020-03-17,6.800000190734863,7.699999809265137,6.5,7.550000190734863,7.550000190734863,209600
2020-03-18,6.909999847412109,7.300000190734863,6.559999942779541,6.869999885559082,6.869999885559082,149100
2020-03-19,6.809999942779541,7.139999866485596,6.519999980926514,6.730000019073486,6.730000019073486,186700
2020-03-20,6.809999942779541,6.980000019073486,6.5,6.570000171661377,6.570000171661377,235900
2020-03-23,6.579999923706055,6.579999923706055,6.159999847412109,6.170000076293945,6.170000076293945,175500
2020-03-24,6.409999847412109,6.690000057220459,6.079999923706055,6.300000190734863,6.300000190734863,529700
2020-03-25,6.400000095367432,6.900000095367432,6.25,6.769999980926514,6.769999980926514,193100
2020-03-26,6.889999866485596,7.369999885559082,6.760000228881836,7.239999771118164,7.239999771118164,142100
2020-03-27,6.960000038146973,7.130000114440918,6.840000152587891,6.889999866485596,6.889999866485596,69300
2020-03-30,6.840000152587891,7.179999828338623,6.599999904632568,6.909999847412109,6.909999847412109,88100
2020-03-31,7.099999904632568,7.239999771118164,6.880000114440918,6.96999979019165,6.96999979019165,95200
2020-04-01,6.960000038146973,7.170000076293945,6.78000020980835,6.909999847412109,6.909999847412109,95800
2020-04-02,6.829999923706055,6.989999771118164,6.5,6.610000133514404,6.610000133514404,381700
2020-04-03,6.639999866485596,6.639999866485596,6.320000171661377,6.46999979019165,6.46999979019165,149200
2020-04-06,6.630000114440918,7.150000095367432,6.510000228881836,6.909999847412109,6.909999847412109,93400
2020-04-07,7.230000019073486,7.480000019073486,6.900000095367432,6.989999771118164,6.989999771118164,98300
2020-04-08,6.920000076293945,6.989999771118164,6.789999961853027,6.960000038146973,6.960000038146973,53400
2020-04-09,6.940000057220459,7.21999979019165,6.860000133514404,6.989999771118164,6.989999771118164,123800
2020-04-13,6.920000076293945,7.199999809265137,6.25,6.360000133514404,6.360000133514404,251100
2020-04-14,6.699999809265137,6.880000114440918,6.519999980926514,6.619999885559082,6.619999885559082,124600
2020-04-15,6.510000228881836,6.820000171661377,6.260000228881836,6.690000057220459,6.690000057220459,139700
2020-04-16,6.860000133514404,7.0,6.619999885559082,7.0,7.0,99000
2020-04-17,7.300000190734863,7.320000171661377,6.909999847412109,7.079999923706055,7.079999923706055,171800
2020-04-20,7.010000228881836,7.659999847412109,7.010000228881836,7.460000038146973,7.460000038146973,113600
2020-04-21,7.199999809265137,7.400000095367432,7.050000190734863,7.130000114440918,7.130000114440918,77300
2020-04-22,7.420000076293945,7.619999885559082,7.210000038146973,7.599999904632568,7.599999904632568,101900
2020-04-23,7.800000190734863,8.199999809265137,7.75,8.0,8.0,165500
2020-04-24,8.09000015258789,8.229999542236328,7.849999904632568,8.039999961853027,8.039999961853027,83800
2020-04-27,8.229999542236328,8.800000190734863,8.210000038146973,8.479999542236328,8.479999542236328,129200
2020-04-28,8.6899995803833,8.979999542236328,8.550000190734863,8.84000015258789,8.84000015258789,207000
2020-04-29,8.84000015258789,9.050000190734863,8.630000114440918,8.8100004196167,8.8100004196167,227400
2020-04-30,8.520000457763672,8.8100004196167,8.220000267028809,8.460000038146973,8.460000038146973,180600
2020-05-01,8.5,8.600000381469727,8.3100004196167,8.510000228881836,8.510000228881836,131900
2020-05-04,8.5,8.5,8.239999771118164,8.350000381469727,8.350000381469727,62800
2020-05-05,8.5,8.670000076293945,8.4399995803833,8.529999732971191,8.529999732971191,139300
2020-05-06,8.539999961853027,8.779999732971191,8.369999885559082,8.5600004196167,8.5600004196167,102700
2020-05-07,8.739999771118164,8.979999542236328,8.680000305175781,8.899999618530273,8.899999618530273,88300
2020-05-08,9.0,9.0600004196167,8.859999656677246,8.9399995803833,8.9399995803833,81100
2020-05-11,8.890000343322754,9.020000457763672,8.579999923706055,8.930000305175781,8.930000305175781,151600
2020-05-12,8.989999771118164,9.399999618530273,8.760000228881836,9.270000457763672,9.270000457763672,144900
2020-05-13,9.270000457763672,9.279999732971191,8.869999885559082,9.0,9.0,185200
2020-05-14,8.800000190734863,8.930000305175781,8.579999923706055,8.859999656677246,8.859999656677246,167200
2020-05-15,8.770000457763672,9.170000076293945,8.75,9.0600004196167,9.0600004196167,147200
2020-05-18,9.0600004196167,9.5,8.420000076293945,9.319999694824219,9.319999694824219,337200
2020-05-19,9.420000076293945,10.65999984741211,9.329999923706055,10.600000381469727,10.600000381469727,550700
2020-05-20,10.319999694824219,10.75,9.0,9.9399995803833,9.9399995803833,867300
2020-05-21,9.6899995803833,10.149999618530273,9.680000305175781,10.050000190734863,10.050000190734863,264100
2020-05-22,10.0,10.289999961853027,9.760000228881836,10.09000015258789,10.09000015258789,173400
2020-05-26,10.069999694824219,10.84000015258789,9.819999694824219,10.489999771118164,10.489999771118164,393200
2020-05-27,10.5,10.59000015258789,10.1899995803833,10.479999542236328,10.479999542236328,152400
2020-05-28,10.479999542236328,10.880000114440918,10.40999984741211,10.729999542236328,10.729999542236328,263400
2020-05-29,10.529999732971191,10.800000190734863,10.270000457763672,10.649999618530273,10.649999618530273,1089800
2020-06-01,10.600000381469727,10.920000076293945,10.25,10.569999694824219,10.569999694824219,260900
2020-06-02,10.699999809265137,10.949999809265137,10.579999923706055,10.680000305175781,10.680000305175781,234100
2020-06-03,10.630000114440918,11.0,10.630000114440918,11.0,11.0,199600
2020-06-04,11.100000381469727,11.880000114440918,10.890000343322754,11.75,11.75,584400
2020-06-05,11.800000190734863,12.380000114440918,11.680000305175781,11.770000457763672,11.770000457763672,295200
2020-06-08,11.539999961853027,12.079999923706055,11.359999656677246,11.550000190734863,11.550000190734863,372100
2020-06-09,11.369999885559082,11.880000114440918,11.140000343322754,11.789999961853027,11.789999961853027,200200
2020-06-10,11.850000381469727,11.890000343322754,11.399999618530273,11.619999885559082,11.619999885559082,150300
2020-06-11,11.380000114440918,11.930000305175781,11.210000038146973,11.699999809265137,11.699999809265137,254400
2020-06-12,11.949999809265137,11.949999809265137,11.430000305175781,11.630000114440918,11.630000114440918,129200
2020-06-15,11.489999771118164,12.0,11.25,11.899999618530273,11.899999618530273,169400
2020-06-16,12.050000190734863,12.770000457763672,11.949999809265137,12.649999618530273,12.649999618530273,360900
2020-06-17,13.0,13.270000457763672,12.539999961853027,13.0,13.0,345800
2020-06-18,12.970000267028809,14.470000267028809,12.899999618530273,14.350000381469727,14.350000381469727,649800
2020-06-19,17.0,19.989999771118164,15.670000076293945,16.0,16.0,4725800
2020-06-22,17.040000915527344,17.5,15.0,15.420000076293945,15.420000076293945,2013000
2020-06-23,15.850000381469727,16.0,14.859999656677246,16.0,16.0,1112700
2020-06-24,15.699999809265137,15.720000267028809,14.0,14.800000190734863,14.800000190734863,1536100
2020-06-25,14.649999618530273,16.06999969482422,14.5,15.890000343322754,15.890000343322754,947700
2020-06-26,16.0,16.09000015258789,15.039999961853027,15.09000015258789,15.09000015258789,754300
2020-06-29,15.5600004196167,15.5600004196167,14.619999885559082,15.529999732971191,15.529999732971191,555200
2020-06-30,15.539999961853027,16.190000534057617,15.350000381469727,16.0,16.0,783900
2020-07-01,16.100000381469727,16.75,15.760000228881836,16.329999923706055,16.329999923706055,722800
2020-07-02,17.469999313354492,18.6299991607666,16.56999969482422,18.25,18.25,1385600
2020-07-06,20.8799991607666,22.59000015258789,20.610000610351562,22.110000610351562,22.110000610351562,2880000
2020-07-07,21.270000457763672,23.799999237060547,21.229999542236328,22.5,22.5,2478300
2020-07-08,24.450000762939453,25.8799991607666,21.8799991607666,22.93000030517578,22.93000030517578,3040300
2020-07-09,24.59000015258789,24.700000762939453,22.09000015258789,22.540000915527344,22.540000915527344,1666200
2020-07-10,22.790000915527344,22.959999084472656,21.520000457763672,22.5,22.5,1411800
2020-07-13,22.68000030517578,23.799999237060547,21.06999969482422,21.190000534057617,21.190000534057617,1668600
2020-07-14,21.0,22.209999084472656,20.559999465942383,21.389999389648438,21.389999389648438,2017300
2020-07-15,20.979999542236328,21.0,18.290000915527344,19.110000610351562,19.110000610351562,2190700
2020-07-16,18.209999084472656,18.899999618530273,17.610000610351562,18.309999465942383,18.309999465942383,1355700
2020-07-17,18.649999618530273,20.299999237060547,18.420000076293945,20.010000228881836,20.010000228881836,1309200
2020-07-20,20.450000762939453,20.780000686645508,18.90999984741211,19.540000915527344,19.540000915527344,1258200
2020-07-21,20.209999084472656,20.520000457763672,19.81999969482422,20.3799991607666,20.3799991607666,867400
2020-07-22,20.0,20.489999771118164,19.6299991607666,20.43000030517578,20.43000030517578,832400
2020-07-23,20.200000762939453,20.799999237060547,19.450000762939453,19.65999984741211,19.65999984741211,828800
2020-07-24,18.3700008392334,19.56999969482422,18.25,18.940000534057617,18.940000534057617,681000
2020-07-27,19.079999923706055,19.3799991607666,18.1200008392334,18.219999313354492,18.219999313354492,789000
2020-07-28,18.59000015258789,18.93000030517578,18.059999465942383,18.43000030517578,18.43000030517578,706700
2020-07-29,18.899999618530273,20.549999237060547,18.670000076293945,20.469999313354492,20.469999313354492,1113400
2020-07-30,20.450000762939453,20.780000686645508,19.510000228881836,19.899999618530273,19.899999618530273,724800
2020-07-31,20.139999389648438,22.049999237060547,20.1200008392334,21.020000457763672,21.020000457763672,1117100
2020-08-03,21.100000381469727,22.190000534057617,21.100000381469727,22.100000381469727,22.100000381469727,792100
2020-08-04,22.5,22.739999771118164,21.350000381469727,22.3700008392334,22.3700008392334,522700
2020-08-05,22.6200008392334,22.6299991607666,21.260000228881836,21.760000228881836,21.760000228881836,503600
2020-08-06,21.979999542236328,22.3799991607666,21.809999465942383,22.200000762939453,22.200000762939453,388100
2020-08-07,21.25,22.170000076293945,21.25,21.81999969482422,21.81999969482422,415900
2020-08-10,21.950000762939453,22.700000762939453,21.360000610351562,21.559999465942383,21.559999465942383,655000
2020-08-11,21.40999984741211,21.610000610351562,20.34000015258789,20.420000076293945,20.420000076293945,646000
2020-08-12,20.559999465942383,21.399999618530273,20.420000076293945,21.170000076293945,21.170000076293945,435400
2020-08-13,21.010000228881836,21.8799991607666,20.540000915527344,20.920000076293945,20.920000076293945,671100
2020-08-14,21.010000228881836,21.309999465942383,19.809999465942383,20.81999969482422,20.81999969482422,780100
2020-08-17,20.0,20.68000030517578,19.0,20.43000030517578,20.43000030517578,1121600
2020-08-18,19.93000030517578,20.65999984741211,19.3799991607666,20.139999389648438,20.139999389648438,853600
2020-08-19,20.239999771118164,20.31999969482422,19.0,19.440000534057617,19.440000534057617,701700
2020-08-20,19.219999313354492,20.0,19.059999465942383,19.75,19.75,444200
2020-08-21,19.780000686645508,20.260000228881836,19.219999313354492,20.18000030517578,20.18000030517578,815900
2020-08-24,20.670000076293945,21.010000228881836,20.360000610351562,20.68000030517578,20.68000030517578,784000
2020-08-25,20.969999313354492,21.889999389648438,20.770000457763672,21.8700008392334,21.8700008392334,1031800
2020-08-26,22.25,22.420000076293945,20.68000030517578,21.920000076293945,21.920000076293945,1128800
2020-08-27,21.989999771118164,22.0,20.399999618530273,20.75,20.75,800600
2020-08-28,20.65999984741211,20.969999313354492,20.209999084472656,20.40999984741211,20.40999984741211,437700
2020-08-31,20.079999923706055,20.81999969482422,19.610000610351562,20.670000076293945,20.670000076293945,792200
2020-09-01,20.469999313354492,21.540000915527344,20.139999389648438,21.360000610351562,21.360000610351562,900400
2020-09-02,21.610000610351562,21.6299991607666,19.81999969482422,20.8700008392334,20.8700008392334,958400
2020-09-03,20.389999389648438,20.389999389648438,18.799999237060547,19.729999542236328,19.729999542236328,756600
2020-09-04,19.440000534057617,20.010000228881836,18.0,19.309999465942383,19.309999465942383,691000
2020-09-08,18.8799991607666,19.06999969482422,18.0,18.18000030517578,18.18000030517578,670200
2020-09-09,18.399999618530273,18.940000534057617,18.209999084472656,18.280000686645508,18.280000686645508,424200
2020-09-10,18.229999542236328,18.760000228881836,17.889999389648438,18.010000228881836,18.010000228881836,684500
2020-09-11,18.549999237060547,18.690000534057617,17.989999771118164,18.420000076293945,18.420000076293945,301400
2020-09-14,18.540000915527344,19.190000534057617,18.309999465942383,19.020000457763672,19.020000457763672,518700
2020-09-15,19.450000762939453,20.59000015258789,19.260000228881836,20.280000686645508,20.280000686645508,704600
2020-09-16,20.5,20.639999389648438,19.950000762939453,20.09000015258789,20.09000015258789,460300
2020-09-17,19.329999923706055,19.6200008392334,18.809999465942383,19.440000534057617,19.440000534057617,1312300
2020-09-18,19.639999389648438,19.75,19.100000381469727,19.530000686645508,19.530000686645508,410600
2020-09-21,18.709999084472656,19.850000381469727,18.690000534057617,19.850000381469727,19.850000381469727,465600
2020-09-22,19.899999618530273,19.899999618530273,19.350000381469727,19.5,19.5,326900
2020-09-23,19.65999984741211,19.65999984741211,18.81999969482422,19.06999969482422,19.06999969482422,834900
2020-09-24,18.6299991607666,18.940000534057617,17.90999984741211,18.510000228881836,18.510000228881836,727100
2020-09-25,18.3799991607666,18.8799991607666,18.219999313354492,18.639999389648438,18.639999389648438,818200
2020-09-28,18.979999542236328,19.030000686645508,17.700000762939453,18.010000228881836,18.010000228881836,763500
2020-09-29,18.299999237060547,19.280000686645508,18.209999084472656,18.81999969482422,18.81999969482422,460600
2020-09-30,19.0,19.239999771118164,18.65999984741211,19.200000762939453,19.200000762939453,358500
2020-10-01,19.440000534057617,21.489999771118164,19.34000015258789,21.440000534057617,21.440000534057617,786600
2020-10-02,20.719999313354492,21.739999771118164,20.540000915527344,21.5,21.5,785200
2020-10-05,21.729999542236328,23.34000015258789,21.639999389648438,23.020000457763672,23.020000457763672,1083500
2020-10-06,23.1299991607666,23.84000015258789,22.510000228881836,23.6299991607666,23.6299991607666,1559200
2020-10-07,23.56999969482422,23.600000381469727,22.559999465942383,22.6299991607666,22.6299991607666,864100
2020-10-08,23.239999771118164,23.309999465942383,22.799999237060547,23.049999237060547,23.049999237060547,869400
2020-10-09,23.729999542236328,27.100000381469727,23.5,27.049999237060547,27.049999237060547,3735500
2020-10-12,28.139999389648438,28.479999542236328,26.520000457763672,27.489999771118164,27.489999771118164,1907100
2020-10-13,27.260000228881836,28.489999771118164,26.049999237060547,27.3700008392334,27.3700008392334,1301600
2020-10-14,28.850000381469727,29.639999389648438,28.020000457763672,29.18000030517578,29.18000030517578,2306000
2020-10-15,28.649999618530273,29.780000686645508,28.420000076293945,29.489999771118164,29.489999771118164,1336400
2020-10-16,30.65999984741211,33.439998626708984,30.5,31.899999618530273,31.899999618530273,3201400
2020-10-19,33.349998474121094,33.5099983215332,29.8700008392334,30.530000686645508,30.530000686645508,2462400
2020-10-20,30.799999237060547,32.41999816894531,30.690000534057617,32.02000045776367,32.02000045776367,1404600
2020-10-21,32.22999954223633,32.54999923706055,30.350000381469727,30.719999313354492,30.719999313354492,1298400
2020-10-22,30.25,30.34000015258789,27.520000457763672,27.649999618530273,27.649999618530273,2025900
2020-10-23,28.299999237060547,28.5,27.010000228881836,27.350000381469727,27.350000381469727,1278800
2020-10-26,26.770000457763672,27.549999237060547,26.010000228881836,26.489999771118164,26.489999771118164,917900
2020-10-27,27.65999984741211,28.639999389648438,27.020000457763672,27.780000686645508,27.780000686645508,919900
2020-10-28,26.739999771118164,27.799999237060547,26.309999465942383,27.34000015258789,27.34000015258789,569200
2020-10-29,28.40999984741211,28.5,27.610000610351562,27.950000762939453,27.950000762939453,989100
2020-10-30,27.920000076293945,27.950000762939453,25.700000762939453,26.270000457763672,26.270000457763672,794500
2020-11-02,27.5,29.799999237060547,27.149999618530273,28.690000534057617,28.690000534057617,1738100
2020-11-03,29.25,29.360000610351562,27.1200008392334,29.030000686645508,29.030000686645508,1595900
2020-11-04,30.299999237060547,32.40999984741211,30.100000381469727,31.959999084472656,31.959999084472656,2304900
2020-11-05,33.68000030517578,34.02000045776367,30.799999237060547,31.739999771118164,31.739999771118164,2052600
2020-11-06,32.95000076293945,33.900001525878906,30.309999465942383,31.239999771118164,31.239999771118164,1786500
2020-11-09,31.489999771118164,31.489999771118164,27.75,27.889999389648438,27.889999389648438,2554800
2020-11-10,28.989999771118164,29.799999237060547,27.420000076293945,29.170000076293945,29.170000076293945,1539400
2020-11-11,28.34000015258789,29.600000381469727,27.920000076293945,29.200000762939453,29.200000762939453,701700
2020-11-12,29.68000030517578,32.86000061035156,29.520000457763672,31.860000610351562,31.860000610351562,2761100
2020-11-13,34.939998626708984,37.439998626708984,31.969999313354492,32.709999084472656,32.709999084472656,4609200
2020-11-16,33.18000030517578,34.939998626708984,32.45000076293945,32.97999954223633,32.97999954223633,1901900
2020-11-17,34.349998474121094,34.900001525878906,32.81999969482422,34.0,34.0,2212000
2020-11-18,34.540000915527344,34.70000076293945,31.610000610351562,31.889999389648438,31.889999389648438,2346100
2020-11-19,32.0,35.88999938964844,31.899999618530273,35.88999938964844,35.88999938964844,2875800
2020-11-20,36.400001525878906,37.279998779296875,34.65999984741211,35.72999954223633,35.72999954223633,3259100
2020-11-23,32.849998474121094,33.0,30.5,32.47999954223633,32.47999954223633,12592100
2020-11-24,34.869998931884766,36.720001220703125,32.5,33.099998474121094,33.099998474121094,6678500
2020-11-25,31.950000762939453,32.0,30.010000228881836,31.0,31.0,4854100
2020-11-27,31.700000762939453,32.709999084472656,30.770000457763672,31.579999923706055,31.579999923706055,1753200
2020-11-30,31.1200008392334,31.799999237060547,28.5,29.81999969482422,29.81999969482422,3802400
2020-12-01,30.059999465942383,30.299999237060547,27.799999237060547,28.239999771118164,28.239999771118164,2491900
2020-12-02,26.690000534057617,29.770000457763672,26.309999465942383,29.59000015258789,29.59000015258789,2289500
2020-12-03,29.690000534057617,30.18000030517578,28.670000076293945,29.15999984741211,29.15999984741211,1501300
2020-12-04,28.729999542236328,28.979999542236328,27.450000762939453,28.100000381469727,28.100000381469727,1584900
2020-12-07,27.729999542236328,29.75,27.579999923706055,29.450000762939453,29.450000762939453,1459700
2020-12-08,29.600000381469727,29.75,27.979999542236328,28.739999771118164,28.739999771118164,1809900
2020-12-09,28.739999771118164,29.229999542236328,27.200000762939453,27.559999465942383,27.559999465942383,1573200
2020-12-10,27.93000030517578,28.3700008392334,27.139999389648438,28.31999969482422,28.31999969482422,1084600
2020-12-11,28.729999542236328,30.25,28.579999923706055,29.15999984741211,29.15999984741211,2327000
2020-12-14,29.219999313354492,29.389999389648438,27.799999237060547,28.43000030517578,28.43000030517578,1468400
2020-12-15,28.829999923706055,29.18000030517578,27.809999465942383,29.18000030517578,29.18000030517578,1187800
2020-12-16,29.239999771118164,29.780000686645508,28.149999618530273,28.809999465942383,28.809999465942383,1076300
2020-12-17,28.93000030517578,29.239999771118164,28.200000762939453,28.75,28.75,1227300
2020-12-18,28.719999313354492,30.09000015258789,28.600000381469727,29.809999465942383,29.809999465942383,1772200
2020-12-21,29.0,30.18000030517578,28.809999465942383,29.780000686645508,29.780000686645508,1574300
2020-12-22,30.040000915527344,31.81999969482422,28.899999618530273,30.06999969482422,30.06999969482422,2600300
2020-12-23,30.579999923706055,30.719999313354492,29.079999923706055,29.459999084472656,29.459999084472656,1058200
2020-12-24,29.280000686645508,29.280000686645508,27.1200008392334,28.309999465942383,28.309999465942383,1623300
2020-12-28,28.0,28.200000762939453,26.90999984741211,27.040000915527344,27.040000915527344,1477600
2020-12-29,27.31999969482422,27.649999618530273,26.450000762939453,27.239999771118164,27.239999771118164,1299300
2020-12-30,27.84000015258789,28.850000381469727,27.84000015258789,28.68000030517578,28.68000030517578,1052000
2020-12-31,29.1200008392334,29.290000915527344,27.809999465942383,28.049999237060547,28.049999237060547,972400
2021-01-04,29.100000381469727,30.59000015258789,28.510000228881836,28.770000457763672,28.770000457763672,1479300
2021-01-05,28.799999237060547,29.280000686645508,28.049999237060547,28.899999618530273,28.899999618530273,858000
2021-01-06,29.1299991607666,29.979999542236328,28.56999969482422,28.93000030517578,28.93000030517578,1062500
2021-01-07,30.8799991607666,33.650001525878906,30.709999084472656,33.54999923706055,33.54999923706055,3195500
2021-01-08,33.619998931884766,36.13999938964844,33.5,35.43000030517578,35.43000030517578,2837900
2021-01-11,34.400001525878906,36.93000030517578,34.400001525878906,36.540000915527344,36.540000915527344,1855600
2021-01-12,38.59000015258789,41.5099983215332,36.619998931884766,41.43000030517578,41.43000030517578,3863500
2021-01-13,40.400001525878906,41.2599983215332,38.060001373291016,39.27000045776367,39.27000045776367,2741800
2021-01-14,40.45000076293945,41.5,38.959999084472656,39.220001220703125,39.220001220703125,1722700
2021-01-15,39.099998474121094,40.38999938964844,36.880001068115234,37.9900016784668,37.9900016784668,1820400
2021-01-19,39.5,44.93000030517578,39.45000076293945,44.40999984741211,44.40999984741211,3250400
2021-01-20,46.16999816894531,48.15999984741211,42.150001525878906,43.630001068115234,43.630001068115234,2433900
2021-01-21,44.61000061035156,47.36000061035156,43.29999923706055,46.93000030517578,46.93000030517578,1657000
2021-01-22,45.5,47.630001068115234,45.40999984741211,46.04999923706055,46.04999923706055,1484700
2021-01-25,48.68000030517578,53.0,47.0,49.16999816894531,49.16999816894531,3467700
2021-01-26,49.130001068115234,49.84000015258789,46.290000915527344,47.84000015258789,47.84000015258789,1995100
2021-01-27,45.779998779296875,47.38999938964844,43.0,45.15999984741211,45.15999984741211,1651800
2021-01-28,45.81999969482422,46.5,44.0,44.5,44.5,1179800
2021-01-29,44.0099983215332,46.40999984741211,43.150001525878906,43.72999954223633,43.72999954223633,1096200
2021-02-01,44.709999084472656,47.0,43.400001525878906,46.959999084472656,46.959999084472656,1089400
2021-02-02,47.220001220703125,49.59000015258789,46.43000030517578,48.63999938964844,48.63999938964844,1576900
2021-02-03,49.689998626708984,49.97999954223633,47.90999984741211,48.900001525878906,48.900001525878906,1102000
2021-02-04,48.650001525878906,49.70000076293945,46.38999938964844,46.9900016784668,46.9900016784668,1055300
2021-02-05,47.130001068115234,47.22999954223633,43.869998931884766,45.84000015258789,45.84000015258789,1481600
2021-02-08,45.79999923706055,46.790000915527344,44.119998931884766,45.47999954223633,45.47999954223633,1147600
2021-02-09,46.36000061035156,47.56999969482422,43.2400016784668,43.900001525878906,43.900001525878906,2111700
2021-02-10,44.790000915527344,46.970001220703125,43.279998779296875,45.150001525878906,45.150001525878906,1460100
2021-02-11,45.7599983215332,49.16999816894531,44.7599983215332,47.619998931884766,47.619998931884766,1819400
2021-02-12,46.900001525878906,49.439998626708984,46.31999969482422,49.0099983215332,49.0099983215332,901300
2021-02-16,50.880001068115234,53.380001068115234,48.599998474121094,49.43000030517578,49.43000030517578,1784400
2021-02-17,47.529998779296875,47.529998779296875,44.0,45.66999816894531,45.66999816894531,2287300
2021-02-18,43.11000061035156,44.349998474121094,41.11000061035156,43.68000030517578,43.68000030517578,1440600
2021-02-19,44.95000076293945,45.790000915527344,42.95000076293945,44.189998626708984,44.189998626708984,854700
2021-02-22,42.66999816894531,43.540000915527344,39.5,40.18000030517578,40.18000030517578,1692000
2021-02-23,36.5,39.279998779296875,34.0,38.7599983215332,38.7599983215332,2500200
2021-02-24,39.52000045776367,40.13999938964844,37.349998474121094,39.15999984741211,39.15999984741211,936100
2021-02-25,39.61000061035156,39.91999816894531,36.65999984741211,37.279998779296875,37.279998779296875,1308100
2021-02-26,36.0099983215332,37.810001373291016,35.400001525878906,37.380001068115234,37.380001068115234,1545100
2021-03-01,38.97999954223633,41.06999969482422,38.02000045776367,40.310001373291016,40.310001373291016,1132500
2021-03-02,39.25,41.189998626708984,38.099998474121094,38.290000915527344,38.290000915527344,1060000
2021-03-03,38.70000076293945,39.310001373291016,35.86000061035156,36.310001373291016,36.310001373291016,1213300
2021-03-04,34.560001373291016,36.599998474121094,32.15999984741211,33.540000915527344,33.540000915527344,1964500
2021-03-05,34.65999984741211,35.0,30.030000686645508,33.54999923706055,33.54999923706055,2701500
2021-03-08,32.0099983215332,33.25,30.520000457763672,30.760000228881836,30.760000228881836,2828900
2021-03-09,32.7599983215332,38.97999954223633,32.7599983215332,38.5,38.5,2945700
2021-03-10,39.540000915527344,40.29999923706055,35.459999084472656,35.63999938964844,35.63999938964844,1933500
2021-03-11,37.72999954223633,40.09000015258789,37.0099983215332,40.02000045776367,40.02000045776367,1570500
2021-03-12,37.7599983215332,42.0,37.0099983215332,41.63999938964844,41.63999938964844,1493400
2021-03-15,41.61000061035156,43.58000183105469,41.61000061035156,42.470001220703125,42.470001220703125,1229100
2021-03-16,42.31999969482422,43.91999816894531,40.599998474121094,41.040000915527344,41.040000915527344,982400
2021-03-17,39.150001525878906,42.529998779296875,38.52000045776367,42.439998626708984,42.439998626708984,672100
2021-03-18,41.380001068115234,41.72999954223633,38.56999969482422,39.02000045776367,39.02000045776367,1480000
2021-03-19,38.599998474121094,40.34000015258789,37.75,40.06999969482422,40.06999969482422,2677400
2021-03-22,40.29999923706055,42.0,39.790000915527344,40.040000915527344,40.040000915527344,1124100
2021-03-23,39.25,40.290000915527344,38.349998474121094,38.7400016784668,38.7400016784668,721800
2021-03-24,38.25,38.97999954223633,32.560001373291016,33.310001373291016,33.310001373291016,1604200
2021-03-25,31.729999542236328,34.689998626708984,31.549999237060547,34.63999938964844,34.63999938964844,1848600
2021-03-26,34.720001220703125,35.18000030517578,32.5,34.029998779296875,34.029998779296875,925900
2021-03-29,33.72999954223633,34.130001068115234,32.220001220703125,33.27000045776367,33.27000045776367,961700
2021-03-30,32.9900016784668,35.54999923706055,32.380001068115234,35.220001220703125,35.220001220703125,782600
2021-03-31,35.61000061035156,37.0099983215332,35.61000061035156,36.650001525878906,36.650001525878906,999000
2021-04-01,38.369998931884766,39.38999938964844,37.15999984741211,37.29999923706055,37.29999923706055,452800
2021-04-05,38.150001525878906,38.36000061035156,36.099998474121094,36.65999984741211,36.65999984741211,614300
2021-04-06,36.0099983215332,38.689998626708984,35.900001525878906,38.189998626708984,38.189998626708984,626000
2021-04-07,38.380001068115234,38.380001068115234,35.91999816894531,36.529998779296875,36.529998779296875,593700
2021-04-08,37.06999969482422,37.470001220703125,36.27000045776367,36.810001373291016,36.810001373291016,361600
2021-04-09,36.45000076293945,37.470001220703125,35.130001068115234,36.400001525878906,36.400001525878906,809700
2021-04-12,36.400001525878906,36.400001525878906,33.61000061035156,34.029998779296875,34.029998779296875,681200
2021-04-13,34.470001220703125,34.54999923706055,33.18000030517578,33.650001525878906,33.650001525878906,670700
2021-04-14,34.20000076293945,35.40999984741211,33.97999954223633,34.72999954223633,34.72999954223633,785100
2021-04-15,35.22999954223633,35.22999954223633,33.13999938964844,34.380001068115234,34.380001068115234,780800
2021-04-16,33.77000045776367,35.43000030517578,33.20000076293945,34.060001373291016,34.060001373291016,467300
2021-04-19,33.560001373291016,33.779998779296875,32.13999938964844,33.5099983215332,33.5099983215332,568500
2021-04-20,33.880001068115234,34.900001525878906,33.5,33.93000030517578,33.93000030517578,656500
2021-04-21,33.439998626708984,35.70000076293945,33.150001525878906,35.560001373291016,35.560001373291016,443600
2021-04-22,36.25,37.72999954223633,35.45000076293945,36.880001068115234,36.880001068115234,824600
2021-04-23,36.650001525878906,38.029998779296875,36.5,37.709999084472656,37.709999084472656,457700
2021-04-26,38.209999084472656,38.540000915527344,36.90999984741211,38.22999954223633,38.22999954223633,749300
2021-04-27,38.0099983215332,38.27000045776367,37.040000915527344,37.93000030517578,37.93000030517578,604800
2021-04-28,37.72999954223633,38.099998474121094,37.09000015258789,37.630001068115234,37.630001068115234,348500
2021-04-29,37.91999816894531,37.970001220703125,36.5,37.2400016784668,37.2400016784668,345300
2021-04-30,35.72999954223633,37.529998779296875,35.70000076293945,37.36000061035156,37.36000061035156,466200
2021-05-03,36.93000030517578,37.36000061035156,35.18000030517578,35.56999969482422,35.56999969482422,505800
2021-05-04,35.0,35.310001373291016,33.61000061035156,33.7400016784668,33.7400016784668,782100
2021-05-05,33.81999969482422,34.47999954223633,33.18000030517578,33.619998931884766,33.619998931884766,385200
2021-05-06,33.060001373291016,33.31999969482422,31.610000610351562,31.969999313354492,31.969999313354492,591600
2021-05-07,32.099998474121094,32.7400016784668,30.850000381469727,31.420000076293945,31.420000076293945,1019100
2021-05-10,31.020000457763672,31.020000457763672,28.940000534057617,29.350000381469727,29.350000381469727,1034000
2021-05-11,27.200000762939453,29.610000610351562,27.100000381469727,29.459999084472656,29.459999084472656,773900
2021-05-12,28.399999618530273,29.479999542236328,27.799999237060547,27.799999237060547,27.799999237060547,638500
2021-05-13,28.260000228881836,28.8700008392334,26.0,26.709999084472656,26.709999084472656,720200
2021-05-14,27.670000076293945,29.43000030517578,27.350000381469727,29.209999084472656,29.209999084472656,958700
2021-05-17,30.0,30.0,27.6299991607666,28.850000381469727,28.850000381469727,750800
2021-05-18,28.850000381469727,31.1299991607666,28.850000381469727,30.200000762939453,30.200000762939453,614100
2021-05-19,29.459999084472656,30.799999237060547,29.399999618530273,30.280000686645508,30.280000686645508,554200
2021-05-20,30.729999542236328,31.149999618530273,30.0,30.989999771118164,30.989999771118164,653100
2021-05-21,31.139999389648438,31.200000762939453,30.18000030517578,30.450000762939453,30.450000762939453,559200
2021-05-24,30.799999237060547,31.25,30.299999237060547,31.020000457763672,31.020000457763672,580000
2021-05-25,31.3799991607666,31.770000457763672,30.899999618530273,31.440000534057617,31.440000534057617,519600
2021-05-26,31.479999542236328,34.099998474121094,31.479999542236328,33.84000015258789,33.84000015258789,760600
2021-05-27,33.47999954223633,33.88999938964844,32.02000045776367,33.130001068115234,33.130001068115234,873300
2021-05-28,33.29999923706055,34.220001220703125,32.9900016784668,33.31999969482422,33.31999969482422,422300
2021-06-01,34.0,34.959999084472656,33.47999954223633,34.0,34.0,801200
2021-06-02,34.349998474121094,34.54999923706055,33.40999984741211,34.36000061035156,34.36000061035156,480700
2021-06-03,33.9900016784668,34.150001525878906,33.060001373291016,33.439998626708984,33.439998626708984,654700
2021-06-04,33.97999954223633,34.4900016784668,33.58000183105469,33.7400016784668,33.7400016784668,398100
2021-06-07,33.54999923706055,33.7400016784668,33.0,33.439998626708984,33.439998626708984,443700
2021-06-08,33.75,34.189998626708984,33.08000183105469,33.97999954223633,33.97999954223633,599700
2021-06-09,34.20000076293945,35.4900016784668,33.66999816894531,33.970001220703125,33.970001220703125,726500
2021-06-10,34.16999816894531,34.47999954223633,33.0099983215332,33.13999938964844,33.13999938964844,432400
2021-06-11,33.52000045776367,34.619998931884766,33.11000061035156,34.18000030517578,34.18000030517578,433100
2021-06-14,34.869998931884766,35.349998474121094,34.16999816894531,34.439998626708984,34.439998626708984,518100
2021-06-15,34.619998931884766,34.63999938964844,33.380001068115234,33.79999923706055,33.79999923706055,445800
2021-06-16,33.400001525878906,33.7599983215332,31.3700008392334,31.989999771118164,31.989999771118164,799300
2021-06-17,31.989999771118164,32.349998474121094,31.229999542236328,32.20000076293945,32.20000076293945,638200
2021-06-18,32.31999969482422,32.849998474121094,31.670000076293945,31.950000762939453,31.950000762939453,1151600
2021-06-21,32.0,32.43000030517578,30.25,30.540000915527344,30.540000915527344,613500
2021-06-22,30.0,30.0,28.649999618530273,28.8700008392334,28.8700008392334,1233200
2021-06-23,29.540000915527344,31.0,29.540000915527344,30.940000534057617,30.940000534057617,806400
2021-06-24,31.600000381469727,31.690000534057617,30.510000228881836,30.829999923706055,30.829999923706055,799800
2021-06-25,31.0,31.540000915527344,30.610000610351562,31.190000534057617,31.190000534057617,348400
2021-06-28,31.350000381469727,32.709999084472656,31.350000381469727,32.22999954223633,32.22999954223633,832000
2021-06-29,31.649999618530273,33.08000183105469,31.399999618530273,32.97999954223633,32.97999954223633,527000
2021-06-30,32.650001525878906,33.0,32.150001525878906,32.650001525878906,32.650001525878906,617900
2021-07-01,32.75,33.16999816894531,31.559999465942383,32.16999816894531,32.16999816894531,469600
2021-07-02,31.809999465942383,32.099998474121094,30.299999237060547,31.209999084472656,31.209999084472656,509400
2021-07-06,30.65999984741211,31.25,29.899999618530273,30.920000076293945,30.920000076293945,615100
2021-07-07,31.770000457763672,31.8799991607666,30.260000228881836,30.479999542236328,30.479999542236328,558600
2021-07-08,29.59000015258789,30.549999237060547,28.799999237060547,30.290000915527344,30.290000915527344,605200
2021-07-09,31.40999984741211,33.95000076293945,30.969999313354492,33.86000061035156,33.86000061035156,1225700
2021-07-12,34.0,34.439998626708984,32.310001373291016,32.439998626708984,32.439998626708984,600800
2021-07-13,32.58000183105469,33.08000183105469,31.809999465942383,32.150001525878906,32.150001525878906,287500
2021-07-14,31.959999084472656,32.150001525878906,30.200000762939453,30.34000015258789,30.34000015258789,461100
2021-07-15,30.18000030517578,30.420000076293945,28.56999969482422,28.799999237060547,28.799999237060547,885100
2021-07-16,29.0,29.399999618530273,28.0,28.0,28.0,558600
2021-07-19,27.350000381469727,27.719999313354492,26.600000381469727,27.530000686645508,27.530000686645508,752400
2021-07-20,28.100000381469727,28.6200008392334,27.40999984741211,28.350000381469727,28.350000381469727,553800
2021-07-21,28.549999237060547,30.309999465942383,28.549999237060547,30.170000076293945,30.170000076293945,696100
2021-07-22,30.0,30.139999389648438,28.40999984741211,28.600000381469727,28.600000381469727,523900
2021-07-23,28.100000381469727,28.360000610351562,26.690000534057617,27.899999618530273,27.899999618530273,535600
2021-07-26,26.739999771118164,27.860000610351562,26.06999969482422,26.649999618530273,26.649999618530273,794000
2021-07-27,25.15999984741211,25.229999542236328,22.3799991607666,23.1200008392334,23.1200008392334,2956000
2021-07-28,24.770000457763672,25.649999618530273,24.200000762939453,25.0,25.0,1187900
2021-07-29,25.799999237060547,25.90999984741211,24.399999618530273,24.860000610351562,24.860000610351562,843700
2021-07-30,24.389999389648438,25.75,24.0,25.600000381469727,25.600000381469727,654300
2021-08-02,25.6200008392334,26.15999984741211,24.8799991607666,26.040000915527344,26.040000915527344,599400
2021-08-03,26.0,26.31999969482422,25.15999984741211,25.510000228881836,25.510000228881836,403600
2021-08-04,25.8799991607666,26.81999969482422,25.270000457763672,25.350000381469727,25.350000381469727,429300
2021-08-05,25.549999237060547,25.549999237060547,24.520000457763672,24.729999542236328,24.729999542236328,537900
2021-08-06,24.920000076293945,24.920000076293945,23.270000457763672,23.549999237060547,23.549999237060547,824200
2021-08-09,23.6200008392334,24.290000915527344,23.020000457763672,23.959999084472656,23.959999084472656,752200
2021-08-10,24.3799991607666,24.6200008392334,23.31999969482422,23.899999618530273,23.899999618530273,479300
2021-08-11,24.200000762939453,24.3799991607666,22.8700008392334,23.25,23.25,584400
2021-08-12,23.31999969482422,23.489999771118164,22.110000610351562,22.489999771118164,22.489999771118164,718800
2021-08-13,22.489999771118164,22.489999771118164,21.079999923706055,21.270000457763672,21.270000457763672,1084100
2021-08-16,21.790000915527344,24.0,21.510000228881836,22.25,22.25,2068700
2021-08-17,22.239999771118164,24.959999084472656,22.110000610351562,24.329999923706055,24.329999923706055,2068100
2021-08-18,24.3700008392334,26.479999542236328,23.770000457763672,26.1299991607666,26.1299991607666,1520200
2021-08-19,25.459999084472656,26.1200008392334,24.799999237060547,25.06999969482422,25.06999969482422,1070200
2021-08-20,24.950000762939453,26.270000457763672,24.670000076293945,24.93000030517578,24.93000030517578,807900
2021-08-23,25.1200008392334,26.020000457763672,24.59000015258789,25.06999969482422,25.06999969482422,691500
2021-08-24,25.690000534057617,27.579999923706055,25.350000381469727,27.06999969482422,27.06999969482422,1451300
2021-08-25,27.059999465942383,27.540000915527344,25.780000686645508,26.260000228881836,26.260000228881836,615200
2021-08-26,26.200000762939453,26.889999389648438,25.739999771118164,26.020000457763672,26.020000457763672,506900
2021-08-27,26.200000762939453,26.510000228881836,25.15999984741211,25.520000457763672,25.520000457763672,468300
2021-08-30,25.450000762939453,25.889999389648438,24.510000228881836,25.8799991607666,25.8799991607666,526300
2021-08-31,26.110000610351562,26.899999618530273,25.31999969482422,26.889999389648438,26.889999389648438,659200
2021-09-01,27.059999465942383,29.3799991607666,26.889999389648438,28.540000915527344,28.540000915527344,1132100
2021-09-02,28.59000015258789,29.229999542236328,28.110000610351562,28.399999618530273,28.399999618530273,486700
2021-09-03,28.5,29.31999969482422,28.31999969482422,29.149999618530273,29.149999618530273,569200
2021-09-07,29.5,30.100000381469727,28.860000610351562,29.209999084472656,29.209999084472656,1029100
2021-09-08,29.059999465942383,29.1200008392334,27.709999084472656,28.06999969482422,28.06999969482422,496500
2021-09-09,27.3700008392334,29.18000030517578,27.309999465942383,28.719999313354492,28.719999313354492,380700
2021-09-10,29.020000457763672,29.559999465942383,27.940000534057617,27.979999542236328,27.979999542236328,242400
2021-09-13,28.139999389648438,28.329999923706055,27.06999969482422,27.75,27.75,243600
2021-09-14,27.760000228881836,27.760000228881836,26.329999923706055,26.5,26.5,387500
2021-09-15,26.600000381469727,26.989999771118164,25.940000534057617,26.860000610351562,26.860000610351562,396300
2021-09-16,26.489999771118164,26.979999542236328,26.0,26.229999542236328,26.229999542236328,511200
2021-09-17,26.260000228881836,26.549999237060547,26.010000228881836,26.420000076293945,26.420000076293945,563300
2021-09-20,25.469999313354492,25.469999313354492,23.760000228881836,23.989999771118164,23.989999771118164,568000
2021-09-21,24.65999984741211,25.600000381469727,24.639999389648438,25.329999923706055,25.329999923706055,431200
2021-09-22,25.020000457763672,25.809999465942383,24.950000762939453,25.309999465942383,25.309999465942383,465500
2021-09-23,25.600000381469727,25.600000381469727,24.489999771118164,24.979999542236328,24.979999542236328,291600
2021-09-24,24.600000381469727,24.709999084472656,24.010000228881836,24.190000534057617,24.190000534057617,303900
2021-09-27,24.31999969482422,24.389999389648438,23.5,24.190000534057617,24.190000534057617,323000
2021-09-28,23.969999313354492,24.059999465942383,22.81999969482422,23.350000381469727,23.350000381469727,460200
2021-09-29,23.520000457763672,23.719999313354492,23.030000686645508,23.139999389648438,23.139999389648438,293900
2021-09-30,23.450000762939453,23.670000076293945,23.100000381469727,23.170000076293945,23.170000076293945,651400
2021-10-01,23.43000030517578,23.43000030517578,22.260000228881836,22.899999618530273,22.899999618530273,394700
2021-10-04,22.520000457763672,22.850000381469727,21.760000228881836,22.639999389648438,22.639999389648438,484200
2021-10-05,22.809999465942383,24.100000381469727,22.709999084472656,23.979999542236328,23.979999542236328,750500
2021-10-06,23.670000076293945,25.15999984741211,23.489999771118164,24.3700008392334,24.3700008392334,703000
2021-10-07,25.299999237060547,25.65999984741211,25.0,25.209999084472656,25.209999084472656,376000
2021-10-08,25.270000457763672,25.270000457763672,24.739999771118164,25.1299991607666,25.1299991607666,256900
2021-10-11,24.90999984741211,25.290000915527344,24.649999618530273,24.719999313354492,24.719999313354492,522100
2021-10-12,24.8700008392334,25.290000915527344,24.65999984741211,24.899999618530273,24.899999618530273,252600
2021-10-13,25.290000915527344,25.530000686645508,25.020000457763672,25.1299991607666,25.1299991607666,270100
2021-10-14,25.190000534057617,25.239999771118164,24.479999542236328,25.0,25.0,347200
2021-10-15,24.790000915527344,25.1299991607666,24.18000030517578,24.270000457763672,24.270000457763672,422500
2021-10-18,24.450000762939453,25.010000228881836,23.700000762939453,24.780000686645508,24.780000686645508,380300
2021-10-19,25.149999618530273,25.68000030517578,24.360000610351562,25.280000686645508,25.280000686645508,388000
2021-10-20,25.790000915527344,26.760000228881836,25.389999389648438,25.75,25.75,687400
2021-10-21,25.389999389648438,25.860000610351562,24.950000762939453,25.190000534057617,25.190000534057617,466000
2021-10-22,25.290000915527344,25.790000915527344,24.149999618530273,24.229999542236328,24.229999542236328,374700
2021-10-25,24.360000610351562,25.350000381469727,24.200000762939453,25.079999923706055,25.079999923706055,415000
2021-10-26,25.260000228881836,25.84000015258789,24.899999618530273,25.530000686645508,25.530000686645508,785800
2021-10-27,25.299999237060547,26.100000381469727,24.739999771118164,24.790000915527344,24.790000915527344,429100
2021-10-28,25.0,25.760000228881836,25.0,25.709999084472656,25.709999084472656,548600
2021-10-29,25.290000915527344,26.399999618530273,25.290000915527344,26.18000030517578,26.18000030517578,493200
2021-11-01,26.420000076293945,27.299999237060547,26.420000076293945,26.969999313354492,26.969999313354492,469200
2021-11-02,26.68000030517578,27.040000915527344,25.90999984741211,26.299999237060547,26.299999237060547,457500
2021-11-03,26.5,27.170000076293945,26.350000381469727,26.84000015258789,26.84000015258789,395200
2021-11-04,27.260000228881836,27.809999465942383,26.65999984741211,26.940000534057617,26.940000534057617,638600
2021-11-05,26.780000686645508,26.850000381469727,25.700000762939453,26.149999618530273,26.149999618530273,395300
2021-11-08,26.270000457763672,26.969999313354492,25.809999465942383,26.610000610351562,26.610000610351562,487200
2021-11-09,26.5,27.399999618530273,25.770000457763672,25.979999542236328,25.979999542236328,421900
2021-11-10,25.780000686645508,26.5,25.020000457763672,25.200000762939453,25.200000762939453,402100
2021-11-11,25.530000686645508,26.5,25.450000762939453,26.0,26.0,313300
2021-11-12,26.110000610351562,26.479999542236328,26.100000381469727,26.299999237060547,26.299999237060547,315400
2021-11-15,26.479999542236328,26.56999969482422,25.280000686645508,25.549999237060547,25.549999237060547,535300
2021-11-16,25.549999237060547,26.360000610351562,25.18000030517578,26.170000076293945,26.170000076293945,479400
2021-11-17,26.18000030517578,26.59000015258789,24.399999618530273,25.1299991607666,25.1299991607666,713300
2021-11-18,25.219999313354492,25.8799991607666,23.59000015258789,23.84000015258789,23.84000015258789,476500
2021-11-19,23.760000228881836,24.510000228881836,23.760000228881836,24.059999465942383,24.059999465942383,352200
2021-11-22,21.809999465942383,21.899999618530273,19.649999618530273,20.010000228881836,20.010000228881836,3269100
2021-11-23,20.18000030517578,20.639999389648438,19.15999984741211,20.350000381469727,20.350000381469727,1423700
2021-11-24,20.270000457763672,21.25,20.06999969482422,21.0,21.0,564900
2021-11-26,20.0,20.5,19.579999923706055,19.770000457763672,19.770000457763672,630700
2021-11-29,20.610000610351562,21.09000015258789,19.8799991607666,20.8700008392334,20.8700008392334,654000
2021-11-30,20.719999313354492,20.969999313354492,20.0,20.34000015258789,20.34000015258789,593500
2021-12-01,20.799999237060547,21.219999313354492,20.34000015258789,20.420000076293945,20.420000076293945,1072500
2021-12-02,20.389999389648438,20.610000610351562,19.309999465942383,20.190000534057617,20.190000534057617,615400
2021-12-03,20.0,20.0,18.540000915527344,18.850000381469727,18.850000381469727,1251800
2021-12-06,18.510000228881836,19.239999771118164,17.639999389648438,19.06999969482422,19.06999969482422,564500
2021-12-07,19.459999084472656,20.170000076293945,19.209999084472656,19.399999618530273,19.399999618530273,410200
2021-12-08,19.610000610351562,20.3799991607666,19.260000228881836,20.260000228881836,20.260000228881836,386800
2021-12-09,19.75,20.06999969482422,19.020000457763672,19.079999923706055,19.079999923706055,436600
2021-12-10,19.149999618530273,19.510000228881836,18.520000457763672,18.579999923706055,18.579999923706055,372800
2021-12-13,18.5,18.899999618530273,17.68000030517578,17.81999969482422,17.81999969482422,611700
2021-12-14,17.3799991607666,17.559999465942383,16.899999618530273,17.06999969482422,17.06999969482422,1077200
2021-12-15,16.899999618530273,17.170000076293945,16.030000686645508,16.579999923706055,16.579999923706055,1231300
2021-12-16,16.950000762939453,16.969999313354492,15.930000305175781,15.949999809265137,15.949999809265137,714900
2021-12-17,15.609999656677246,15.699999809265137,14.930000305175781,15.34000015258789,15.34000015258789,2639500
2021-12-20,14.670000076293945,15.119999885559082,14.470000267028809,14.84000015258789,14.84000015258789,887300
2021-12-21,15.100000381469727,15.949999809265137,14.989999771118164,15.890000343322754,15.890000343322754,2259000
2021-12-22,15.829999923706055,16.18000030517578,15.460000038146973,15.899999618530273,15.899999618530273,767900
2021-12-23,15.829999923706055,16.170000076293945,15.300000190734863,15.979999542236328,15.979999542236328,786400
2021-12-27,15.8100004196167,16.290000915527344,15.699999809265137,15.859999656677246,15.859999656677246,594900
2021-12-28,15.890000343322754,16.270000457763672,15.5600004196167,15.569999694824219,15.569999694824219,719300
2021-12-29,15.5,15.800000190734863,15.170000076293945,15.40999984741211,15.40999984741211,395400
2021-12-30,15.210000038146973,16.479999542236328,15.149999618530273,16.06999969482422,16.06999969482422,691100
2021-12-31,16.100000381469727,16.209999084472656,15.84000015258789,16.110000610351562,16.110000610351562,726000
2022-01-03,16.43000030517578,16.75,16.06999969482422,16.649999618530273,16.649999618530273,411100
2022-01-04,16.700000762939453,16.829999923706055,15.40999984741211,15.800000190734863,15.800000190734863,830700
2022-01-05,15.670000076293945,16.59000015258789,15.670000076293945,16.18000030517578,16.18000030517578,833400
2022-01-06,16.15999984741211,16.5,15.8100004196167,16.34000015258789,16.34000015258789,547500
2022-01-07,16.25,16.809999465942383,16.049999237060547,16.459999084472656,16.459999084472656,650500
2022-01-10,16.43000030517578,16.549999237060547,15.600000381469727,15.949999809265137,15.949999809265137,506200
2022-01-11,15.970000267028809,16.459999084472656,15.699999809265137,16.010000228881836,16.010000228881836,496100
2022-01-12,16.420000076293945,16.84000015258789,15.979999542236328,16.280000686645508,16.280000686645508,683300
2022-01-13,15.979999542236328,16.209999084472656,14.6899995803833,14.710000038146973,14.710000038146973,691700
2022-01-14,14.739999771118164,15.050000190734863,14.40999984741211,14.800000190734863,14.800000190734863,662300
2022-01-18,14.550000190734863,15.149999618530273,14.550000190734863,14.90999984741211,14.90999984741211,527100
2022-01-19,15.079999923706055,15.3100004196167,14.729999542236328,15.100000381469727,15.100000381469727,481000
2022-01-20,15.65999984741211,16.149999618530273,15.270000457763672,15.289999961853027,15.289999961853027,595100
2022-01-21,15.109999656677246,15.1899995803833,14.199999809265137,14.289999961853027,14.289999961853027,532100
2022-01-24,13.770000457763672,13.819999694824219,12.859999656677246,13.65999984741211,13.65999984741211,1574700
2022-01-25,13.460000038146973,13.720000267028809,13.210000038146973,13.390000343322754,13.390000343322754,348700
2022-01-26,13.710000038146973,14.229999542236328,13.510000228881836,13.539999961853027,13.539999961853027,529200
2022-01-27,13.640000343322754,13.670000076293945,12.229999542236328,12.350000381469727,12.350000381469727,526100
2022-01-28,12.130000114440918,12.880000114440918,11.899999618530273,12.729999542236328,12.729999542236328,521100
2022-01-31,12.970000267028809,14.100000381469727,12.819999694824219,14.050000190734863,14.050000190734863,371900
2022-02-01,14.289999961853027,14.3100004196167,13.670000076293945,14.180000305175781,14.180000305175781,274000
2022-02-02,14.239999771118164,15.0,13.449999809265137,13.720000267028809,13.720000267028809,386100
2022-02-03,13.319999694824219,13.619999885559082,12.989999771118164,13.229999542236328,13.229999542236328,172900
2022-02-04,13.300000190734863,13.770000457763672,13.100000381469727,13.5600004196167,13.5600004196167,206300
2022-02-07,13.59000015258789,14.170000076293945,13.260000228881836,13.3100004196167,13.3100004196167,287900
2022-02-08,13.229999542236328,13.859999656677246,13.1899995803833,13.579999923706055,13.579999923706055,273100
2022-02-09,13.949999809265137,14.199999809265137,13.8100004196167,14.170000076293945,14.170000076293945,184200
2022-02-10,13.859999656677246,14.34000015258789,13.569999694824219,13.8100004196167,13.8100004196167,228400
2022-02-11,13.710000038146973,14.0,13.350000381469727,13.5,13.5,296900
2022-02-14,13.5,13.770000457763672,13.210000038146973,13.34000015258789,13.34000015258789,178600
2022-02-15,13.699999809265137,14.130000114440918,13.619999885559082,14.029999732971191,14.029999732971191,214800
2022-02-16,13.920000076293945,13.989999771118164,13.550000190734863,13.720000267028809,13.720000267028809,306000
2022-02-17,13.4399995803833,13.880000114440918,13.069999694824219,13.140000343322754,13.140000343322754,342700
2022-02-18,13.09000015258789,13.25,12.760000228881836,13.069999694824219,13.069999694824219,313800
2022-02-22,13.010000228881836,13.149999618530273,12.670000076293945,12.800000190734863,12.800000190734863,342200
2022-02-23,12.949999809265137,13.260000228881836,12.239999771118164,12.239999771118164,12.239999771118164,291900
2022-02-24,11.479999542236328,12.25,11.420000076293945,12.239999771118164,12.239999771118164,781300
2022-02-25,12.329999923706055,12.380000114440918,11.710000038146973,12.119999885559082,12.119999885559082,356900
2022-02-28,11.800000190734863,12.510000228881836,11.779999732971191,12.4399995803833,12.4399995803833,480700
2022-03-01,12.420000076293945,12.449999809265137,11.850000381469727,11.949999809265137,11.949999809265137,402000
2022-03-02,12.079999923706055,12.199999809265137,11.609999656677246,12.020000457763672,12.020000457763672,378900
2022-03-03,11.960000038146973,12.050000190734863,10.90999984741211,10.960000038146973,10.960000038146973,519300
2022-03-04,10.9399995803833,11.15999984741211,10.319999694824219,10.4399995803833,10.4399995803833,618700
2022-03-07,9.399999618530273,9.729999542236328,8.510000228881836,8.680000305175781,8.680000305175781,1916400
2022-03-08,8.819999694824219,9.569999694824219,8.65999984741211,9.329999923706055,9.329999923706055,1224700
2022-03-09,9.520000457763672,10.359999656677246,9.460000038146973,10.25,10.25,1004400
2022-03-10,9.90999984741211,9.90999984741211,9.380000114440918,9.4399995803833,9.4399995803833,594200
2022-03-11,9.5,9.609999656677246,8.350000381469727,8.350000381469727,8.350000381469727,751800
2022-03-14,8.0,8.460000038146973,7.690000057220459,7.699999809265137,7.699999809265137,910600
2022-03-15,7.579999923706055,8.369999885559082,7.489999771118164,8.329999923706055,8.329999923706055,1079800
2022-03-16,9.670000076293945,9.850000381469727,8.960000038146973,9.670000076293945,9.670000076293945,1324100
2022-03-17,9.399999618530273,9.609999656677246,9.020000457763672,9.039999961853027,9.039999961853027,1212800
2022-03-18,9.1899995803833,10.710000038146973,9.010000228881836,10.380000114440918,10.380000114440918,1444800
2022-03-21,10.1899995803833,10.289999961853027,9.770000457763672,9.9399995803833,9.9399995803833,513300
2022-03-22,10.430000305175781,10.850000381469727,10.210000038146973,10.59000015258789,10.59000015258789,681400
2022-03-23,10.4399995803833,10.899999618530273,10.270000457763672,10.460000038146973,10.460000038146973,609300
2022-03-24,10.510000228881836,10.600000381469727,9.869999885559082,10.130000114440918,10.130000114440918,688300
2022-03-25,9.949999809265137,10.029999732971191,9.710000038146973,9.829999923706055,9.829999923706055,284400
2022-03-28,10.0600004196167,10.1899995803833,9.729999542236328,9.9399995803833,9.9399995803833,341500
2022-03-29,10.40999984741211,10.649999618530273,10.239999771118164,10.449999809265137,10.449999809265137,729800
2022-03-30,10.420000076293945,10.960000038146973,10.210000038146973,10.25,10.25,502000
2022-03-31,10.25,10.279999732971191,9.630000114440918,9.65999984741211,9.65999984741211,445500
2022-04-01,10.199999809265137,10.420000076293945,9.609999656677246,9.84000015258789,9.84000015258789,549500
2022-04-04,10.3100004196167,11.079999923706055,10.170000076293945,10.930000305175781,10.930000305175781,717300
2022-04-05,10.850000381469727,10.979999542236328,10.399999618530273,10.4399995803833,10.4399995803833,409000
2022-04-06,10.239999771118164,10.420000076293945,10.020000457763672,10.350000381469727,10.350000381469727,485900
2022-04-07,10.329999923706055,10.390000343322754,9.520000457763672,9.930000305175781,9.930000305175781,428200
2022-04-08,9.930000305175781,9.930000305175781,9.520000457763672,9.539999961853027,9.539999961853027,190400
2022-04-11,9.3100004196167,9.489999771118164,9.050000190734863,9.34000015258789,9.34000015258789,286000
2022-04-12,9.470000267028809,9.579999923706055,8.920000076293945,9.0,9.0,154500
2022-04-13,9.100000381469727,9.470000267028809,8.859999656677246,9.359999656677246,9.359999656677246,231200
2022-04-14,9.239999771118164,9.270000457763672,8.899999618530273,8.930000305175781,8.930000305175781,166800
2022-04-18,8.859999656677246,8.859999656677246,8.260000228881836,8.329999923706055,8.329999923706055,312800
2022-04-19,8.300000190734863,8.829999923706055,8.1899995803833,8.739999771118164,8.739999771118164,266500
2022-04-20,8.6899995803833,8.729999542236328,8.460000038146973,8.529999732971191,8.529999732971191,259700
2022-04-21,8.619999885559082,8.739999771118164,8.300000190734863,8.449999809265137,8.449999809265137,492300
2022-04-22,8.550000190734863,8.859999656677246,8.479999542236328,8.539999961853027,8.539999961853027,269100
2022-04-25,8.380000114440918,8.6899995803833,8.319999694824219,8.649999618530273,8.649999618530273,355300
2022-04-26,8.739999771118164,9.020000457763672,8.539999961853027,8.949999809265137,8.949999809265137,551400
2022-04-27,8.989999771118164,9.020000457763672,8.619999885559082,8.770000457763672,8.770000457763672,462800
2022-04-28,8.970000267028809,9.109999656677246,8.680000305175781,9.050000190734863,9.050000190734863,303500
2022-04-29,9.550000190734863,9.850000381469727,9.449999809265137,9.550000190734863,9.550000190734863,504500
2022-05-02,9.5,9.5600004196167,9.180000305175781,9.449999809265137,9.449999809265137,251400
2022-05-03,9.489999771118164,9.739999771118164,9.399999618530273,9.65999984741211,9.65999984741211,299500
2022-05-04,9.619999885559082,9.989999771118164,9.460000038146973,9.970000267028809,9.970000267028809,296300
2022-05-05,9.600000381469727,9.609999656677246,8.880000114440918,9.010000228881836,9.010000228881836,346400
2022-05-06,8.84000015258789,8.84000015258789,8.180000305175781,8.279999732971191,8.279999732971191,433400
2022-05-09,8.029999732971191,8.100000381469727,7.510000228881836,7.550000190734863,7.550000190734863,412000
2022-05-10,7.760000228881836,7.989999771118164,7.480000019073486,7.920000076293945,7.920000076293945,320200
2022-05-11,8.0,8.020000457763672,7.130000114440918,7.179999828338623,7.179999828338623,307500
2022-05-12,7.070000171661377,7.5,6.699999809265137,7.25,7.25,378800
2022-05-13,7.519999980926514,7.829999923706055,7.360000133514404,7.670000076293945,7.670000076293945,193300
2022-05-16,7.650000095367432,7.710000038146973,7.269999980926514,7.320000171661377,7.320000171661377,470100
2022-05-17,7.659999847412109,8.350000381469727,7.659999847412109,8.329999923706055,8.329999923706055,618400
2022-05-18,8.199999809265137,8.579999923706055,7.889999866485596,7.960000038146973,7.960000038146973,406000
2022-05-19,7.869999885559082,8.350000381469727,7.789999961853027,8.140000343322754,8.140000343322754,242200
2022-05-20,8.369999885559082,8.640000343322754,7.639999866485596,7.809999942779541,7.809999942779541,534000
2022-05-23,7.699999809265137,7.789999961853027,7.269999980926514,7.440000057220459,7.440000057220459,432100
2022-05-24,7.28000020980835,7.349999904632568,6.840000152587891,6.929999828338623,6.929999828338623,424500
2022-05-25,6.800000190734863,7.28000020980835,6.670000076293945,7.159999847412109,7.159999847412109,296900
2022-05-26,7.150000095367432,7.480000019073486,7.070000171661377,7.389999866485596,7.389999866485596,283900
2022-05-27,7.5,7.800000190734863,7.429999828338623,7.730000019073486,7.730000019073486,369900
2022-05-31,8.0,8.119999885559082,7.630000114440918,7.829999923706055,7.829999923706055,361900
2022-06-01,7.869999885559082,7.949999809265137,7.349999904632568,7.369999885559082,7.369999885559082,365000
2022-06-02,7.369999885559082,7.820000171661377,7.159999847412109,7.809999942779541,7.809999942779541,335400
2022-06-03,7.659999847412109,7.670000076293945,7.429999828338623,7.510000228881836,7.510000228881836,154300
2022-06-06,7.860000133514404,8.149999618530273,7.650000095367432,7.940000057220459,7.940000057220459,426700
2022-06-07,7.71999979019165,8.199999809265137,7.579999923706055,8.149999618530273,8.149999618530273,356800
2022-06-08,8.4399995803833,9.25,8.399999618530273,9.020000457763672,9.020000457763672,734800
2022-06-09,8.640000343322754,8.789999961853027,8.359999656677246,8.369999885559082,8.369999885559082,410700
2022-06-10,8.399999618530273,8.550000190734863,7.949999809265137,8.050000190734863,8.050000190734863,477700
2022-06-13,7.46999979019165,7.699999809265137,7.210000038146973,7.320000171661377,7.320000171661377,438600
2022-06-14,7.449999809265137,7.800000190734863,7.349999904632568,7.630000114440918,7.630000114440918,266000
2022-06-15,7.699999809265137,8.029999732971191,7.570000171661377,7.769999980926514,7.769999980926514,468500
2022-06-16,7.420000076293945,7.429999828338623,6.980000019073486,7.329999923706055,7.329999923706055,392400
2022-06-17,7.650000095367432,8.079999923706055,7.510000228881836,7.75,7.75,984600
2022-06-21,8.0600004196167,8.65999984741211,7.96999979019165,8.109999656677246,8.109999656677246,570300
2022-06-22,7.820000171661377,8.0600004196167,7.659999847412109,7.690000057220459,7.690000057220459,464200
2022-06-23,7.849999904632568,8.84000015258789,7.800000190734863,8.779999732971191,8.779999732971191,702900
2022-06-24,9.600000381469727,9.600000381469727,8.699999809265137,9.270000457763672,9.270000457763672,962100
2022-06-27,9.390000343322754,9.489999771118164,8.779999732971191,8.930000305175781,8.930000305175781,416300
2022-06-28,9.020000457763672,9.369999885559082,8.579999923706055,8.630000114440918,8.630000114440918,903000
2022-06-29,8.300000190734863,8.720000267028809,8.300000190734863,8.609999656677246,8.609999656677246,257400
2022-06-30,8.4399995803833,8.640000343322754,8.229999542236328,8.600000381469727,8.600000381469727,361000
2022-07-01,8.470000267028809,9.050000190734863,8.380000114440918,8.529999732971191,8.529999732971191,284500
2022-07-05,7.900000095367432,8.25,7.739999771118164,8.109999656677246,8.109999656677246,631900
2022-07-06,8.100000381469727,8.100000381469727,7.230000019073486,7.400000095367432,7.400000095367432,1202100
2022-07-07,7.510000228881836,7.889999866485596,7.400000095367432,7.579999923706055,7.579999923706055,884200
2022-07-08,7.409999847412109,7.5,6.880000114440918,7.28000020980835,7.28000020980835,2642000
2022-07-11,7.0,7.099999904632568,6.789999961853027,6.849999904632568,6.849999904632568,891300
2022-07-12,6.909999847412109,6.980000019073486,6.610000133514404,6.730000019073486,6.730000019073486,710900
2022-07-13,6.619999885559082,6.619999885559082,6.150000095367432,6.360000133514404,6.360000133514404,710800
2022-07-14,6.400000095367432,6.949999809265137,6.070000171661377,6.940000057220459,6.940000057220459,1156800
2022-07-15,7.0,7.25,6.78000020980835,7.179999828338623,7.179999828338623,1213400
2022-07-18,7.25,7.940000057220459,7.190000057220459,7.590000152587891,7.590000152587891,938000
2022-07-19,7.659999847412109,7.699999809265137,7.019999980926514,7.079999923706055,7.079999923706055,823900
2022-07-20,7.03000020980835,7.309999942779541,6.940000057220459,7.019999980926514,7.019999980926514,494500
2022-07-21,7.03000020980835,7.300000190734863,6.949999809265137,7.28000020980835,7.28000020980835,443000
2022-07-22,7.150000095367432,7.210000038146973,6.590000152587891,6.639999866485596,6.639999866485596,805200
2022-07-25,6.75,6.78000020980835,6.409999847412109,6.480000019073486,6.480000019073486,368400
2022-07-26,6.579999923706055,6.579999923706055,6.28000020980835,6.389999866485596,6.389999866485596,276500
2022-07-27,6.5,6.590000152587891,6.269999980926514,6.559999942779541,6.559999942779541,401600
2022-07-28,6.570000171661377,6.639999866485596,6.340000152587891,6.590000152587891,6.590000152587891,291900
2022-07-29,6.420000076293945,6.559999942779541,6.309999942779541,6.480000019073486,6.480000019073486,348100
2022-08-01,6.460000038146973,6.460000038146973,6.079999923706055,6.190000057220459,6.190000057220459,674000
2022-08-02,6.110000133514404,6.360000133514404,6.079999923706055,6.210000038146973,6.210000038146973,376400
2022-08-03,6.329999923706055,6.599999904632568,6.230000019073486,6.570000171661377,6.570000171661377,542600
2022-08-04,6.739999771118164,6.940000057220459,6.539999961853027,6.610000133514404,6.610000133514404,508100
2022-08-05,6.590000152587891,6.590000152587891,6.139999866485596,6.269999980926514,6.269999980926514,804900
2022-08-08,6.289999961853027,6.440000057220459,6.21999979019165,6.380000114440918,6.380000114440918,367300
2022-08-09,6.349999904632568,6.380000114440918,6.179999828338623,6.260000228881836,6.260000228881836,326300
2022-08-10,6.309999942779541,6.599999904632568,6.239999771118164,6.579999923706055,6.579999923706055,406400
2022-08-11,6.789999961853027,7.139999866485596,6.599999904632568,7.059999942779541,7.059999942779541,868700
2022-08-12,6.989999771118164,7.320000171661377,6.940000057220459,7.300000190734863,7.300000190734863,780900
2022-08-15,6.989999771118164,7.5,6.75,6.809999942779541,6.809999942779541,1446100
2022-08-16,6.789999961853027,6.809999942779541,6.400000095367432,6.760000228881836,6.760000228881836,810000
2022-08-17,6.559999942779541,6.730000019073486,6.25,6.28000020980835,6.28000020980835,635400
2022-08-18,6.340000152587891,6.389999866485596,6.039999961853027,6.230000019073486,6.230000019073486,589600
2022-08-19,6.150000095367432,6.190000057220459,6.070000171661377,6.139999866485596,6.139999866485596,246700
2022-08-22,6.059999942779541,6.079999923706055,5.909999847412109,6.0,6.0,490300
2022-08-23,6.050000190734863,6.199999809265137,5.929999828338623,6.110000133514404,6.110000133514404,389200
2022-08-24,6.019999980926514,6.239999771118164,5.980000019073486,6.090000152587891,6.090000152587891,335100
2022-08-25,6.28000020980835,6.46999979019165,6.199999809265137,6.380000114440918,6.380000114440918,943500
2022-08-26,6.659999847412109,6.670000076293945,6.119999885559082,6.139999866485596,6.139999866485596,674400
2022-08-29,6.039999961853027,6.25,5.949999809265137,5.960000038146973,5.960000038146973,664300
2022-08-30,6.039999961853027,6.070000171661377,5.78000020980835,5.800000190734863,5.800000190734863,738900
2022-08-31,5.940000057220459,6.070000171661377,5.730000019073486,6.010000228881836,6.010000228881836,611300
2022-09-01,5.940000057220459,5.960000038146973,5.71999979019165,5.949999809265137,5.949999809265137,541100
2022-09-02,5.920000076293945,5.920000076293945,5.369999885559082,5.400000095367432,5.400000095367432,849500
2022-09-06,5.400000095367432,5.440000057220459,5.059999942779541,5.110000133514404,5.110000133514404,681100
2022-09-07,5.099999904632568,5.349999904632568,5.039999961853027,5.170000076293945,5.170000076293945,551400
2022-09-08,5.119999885559082,5.210000038146973,4.880000114440918,5.150000095367432,5.150000095367432,802800
2022-09-09,5.289999961853027,5.539999961853027,5.269999980926514,5.389999866485596,5.389999866485596,568600
2022-09-12,5.480000019073486,5.590000152587891,5.309999942779541,5.440000057220459,5.440000057220459,593300
2022-09-13,5.21999979019165,5.400000095367432,5.190000057220459,5.260000228881836,5.260000228881836,442600
2022-09-14,5.260000228881836,5.329999923706055,5.019999980926514,5.170000076293945,5.170000076293945,385600
2022-09-15,5.090000152587891,5.309999942779541,5.050000190734863,5.099999904632568,5.099999904632568,311500
2022-09-16,5.050000190734863,5.130000114440918,4.880000114440918,4.980000019073486,4.980000019073486,1006800
2022-09-19,4.849999904632568,5.03000020980835,4.849999904632568,5.0,5.0,350900
2022-09-20,4.960000038146973,5.090000152587891,4.920000076293945,5.019999980926514,5.019999980926514,172600
2022-09-21,4.980000019073486,4.980000019073486,4.75,4.75,4.75,391500
2022-09-22,4.78000020980835,4.800000190734863,4.650000095367432,4.71999979019165,4.71999979019165,356000
2022-09-23,4.599999904632568,4.630000114440918,4.5,4.550000190734863,4.550000190734863,274600
2022-09-26,4.5,4.730000019073486,4.5,4.579999923706055,4.579999923706055,214700
2022-09-27,4.599999904632568,4.730000019073486,4.46999979019165,4.539999961853027,4.539999961853027,202400
2022-09-28,4.5,4.539999961853027,4.369999885559082,4.429999828338623,4.429999828338623,270300
2022-09-29,4.329999923706055,4.349999904632568,4.070000171661377,4.130000114440918,4.130000114440918,312000
2022-09-30,4.099999904632568,4.239999771118164,4.050000190734863,4.099999904632568,4.099999904632568,329100
2022-10-03,4.130000114440918,4.130000114440918,3.950000047683716,3.990000009536743,3.990000009536743,211100
2022-10-04,4.099999904632568,4.239999771118164,4.079999923706055,4.119999885559082,4.119999885559082,353800
2022-10-05,4.170000076293945,4.230000019073486,3.9700000286102295,4.079999923706055,4.079999923706055,223900
2022-10-06,4.03000020980835,4.199999809265137,3.9200000762939453,3.9200000762939453,3.9200000762939453,204200
2022-10-07,3.880000114440918,3.880000114440918,3.5,3.5199999809265137,3.5199999809265137,706000
2022-10-10,3.5299999713897705,3.5999999046325684,3.3499999046325684,3.5799999237060547,3.5799999237060547,551300
2022-10-11,3.4600000381469727,3.549999952316284,3.3299999237060547,3.4100000858306885,3.4100000858306885,761000
2022-10-12,3.4600000381469727,3.5,3.3499999046325684,3.450000047683716,3.450000047683716,334600
2022-10-13,3.25,3.4100000858306885,3.1600000858306885,3.3399999141693115,3.3399999141693115,745000
2022-10-14,3.390000104904175,3.440000057220459,3.1500000953674316,3.2200000286102295,3.2200000286102295,552700
2022-10-17,3.2300000190734863,3.4700000286102295,3.2300000190734863,3.3499999046325684,3.3499999046325684,348900
2022-10-18,3.4100000858306885,3.5,3.3399999141693115,3.390000104904175,3.390000104904175,294800
2022-10-19,3.3399999141693115,3.3399999141693115,3.0399999618530273,3.049999952316284,3.049999952316284,505700
2022-10-20,3.069999933242798,3.25,3.0,3.0899999141693115,3.0899999141693115,307400
2022-10-21,3.059999942779541,3.1700000762939453,3.009999990463257,3.1500000953674316,3.1500000953674316,238300
2022-10-24,2.9700000286102295,2.9700000286102295,2.6600000858306885,2.680000066757202,2.680000066757202,1541500
2022-10-25,2.7300000190734863,2.890000104904175,2.7100000381469727,2.809999942779541,2.809999942779541,615000
2022-10-26,2.859999895095825,2.9100000858306885,2.809999942779541,2.8499999046325684,2.8499999046325684,803900
2022-10-27,2.759999990463257,2.880000114440918,2.7200000286102295,2.7200000286102295,2.7200000286102295,402700
2022-10-28,2.7200000286102295,2.809999942779541,2.6500000953674316,2.700000047683716,2.700000047683716,548800
2022-10-31,2.680000066757202,2.680000066757202,2.569999933242798,2.619999885559082,2.619999885559082,548500
2022-11-01,2.740000009536743,2.7799999713897705,2.680000066757202,2.680000066757202,2.680000066757202,586900
2022-11-02,2.700000047683716,2.890000104904175,2.6500000953674316,2.7799999713897705,2.7799999713897705,824500
2022-11-03,2.690000057220459,2.8499999046325684,2.6500000953674316,2.7799999713897705,2.7799999713897705,754900
2022-11-04,2.990000009536743,3.180000066757202,2.9600000381469727,3.130000114440918,3.130000114440918,1381500
2022-11-07,3.3299999237060547,3.4200000762939453,3.0,3.0199999809265137,3.0199999809265137,1156800
2022-11-08,3.0199999809265137,3.0399999618530273,2.9600000381469727,2.990000009536743,2.990000009536743,645000
2022-11-09,2.950000047683716,3.049999952316284,2.819999933242798,2.8399999141693115,2.8399999141693115,621500
2022-11-10,3.059999942779541,3.069999933242798,2.950000047683716,3.0,3.0,827300
2022-11-11,3.1600000858306885,3.2799999713897705,3.0899999141693115,3.2200000286102295,3.2200000286102295,1433800
2022-11-14,3.359999895095825,3.5,3.2300000190734863,3.3499999046325684,3.3499999046325684,1328000
2022-11-15,3.640000104904175,3.75,3.5299999713897705,3.680000066757202,3.680000066757202,1429300
2022-11-16,3.9000000953674316,4.03000020980835,3.630000114440918,3.6500000953674316,3.6500000953674316,1937900
2022-11-17,3.559999942779541,3.869999885559082,3.440000057220459,3.7200000286102295,3.7200000286102295,1301200
2022-11-18,3.680000066757202,3.7899999618530273,3.450000047683716,3.5299999713897705,3.5299999713897705,1056000
2022-11-21,3.3299999237060547,3.3399999141693115,2.9000000953674316,3.0399999618530273,3.0399999618530273,1789700
2022-11-22,3.009999990463257,3.059999942779541,2.880000114440918,3.0399999618530273,3.0399999618530273,915100
2022-11-23,3.0199999809265137,3.2100000381469727,2.9000000953674316,3.1700000762939453,3.1700000762939453,945400
2022-11-25,3.069999933242798,3.2799999713897705,3.059999942779541,3.2699999809265137,3.2699999809265137,341100
2022-11-28,3.2300000190734863,3.299999952316284,3.1600000858306885,3.259999990463257,3.259999990463257,864700
2022-11-29,3.380000114440918,3.509999990463257,3.2799999713897705,3.4600000381469727,3.4600000381469727,724200
2022-11-30,3.5999999046325684,4.059999942779541,3.5899999141693115,3.8299999237060547,3.8299999237060547,2643800
2022-12-01,3.819999933242798,3.930000066757202,3.700000047683716,3.859999895095825,3.859999895095825,636200
2022-12-02,3.8299999237060547,4.28000020980835,3.7799999713897705,4.260000228881836,4.260000228881836,1138400
2022-12-05,4.579999923706055,4.800000190734863,4.28000020980835,4.400000095367432,4.400000095367432,2630400
2022-12-06,4.46999979019165,5.25,4.349999904632568,5.050000190734863,5.050000190734863,3146500
2022-12-07,4.679999828338623,4.730000019073486,4.300000190734863,4.610000133514404,4.610000133514404,1653200
2022-12-08,4.940000057220459,5.519999980926514,4.880000114440918,5.519999980926514,5.519999980926514,2457600
2022-12-09,5.599999904632568,5.989999771118164,5.269999980926514,5.809999942779541,5.809999942779541,2575000
2022-12-12,5.730000019073486,5.730000019073486,5.110000133514404,5.409999847412109,5.409999847412109,1782200
2022-12-13,5.690000057220459,5.96999979019165,5.449999809265137,5.639999866485596,5.639999866485596,1077800
2022-12-14,5.519999980926514,5.730000019073486,5.360000133514404,5.440000057220459,5.440000057220459,1155600
2022-12-15,5.400000095367432,5.710000038146973,5.21999979019165,5.260000228881836,5.260000228881836,730400
2022-12-16,5.329999923706055,5.53000020980835,4.929999828338623,4.929999828338623,4.929999828338623,1658200
2022-12-19,4.949999809265137,5.079999923706055,4.760000228881836,4.940000057220459,4.940000057220459,929800
2022-12-20,4.860000133514404,5.0,4.690000057220459,4.78000020980835,4.78000020980835,663200
2022-12-21,4.880000114440918,5.550000190734863,4.789999961853027,5.519999980926514,5.519999980926514,1075200
2022-12-22,5.550000190734863,5.590000152587891,5.099999904632568,5.28000020980835,5.28000020980835,861600
2022-12-23,5.360000133514404,5.369999885559082,4.96999979019165,5.0,5.0,502200
2022-12-27,5.130000114440918,5.130000114440918,4.800000190734863,4.909999847412109,4.909999847412109,498800
2022-12-28,4.889999866485596,4.929999828338623,4.619999885559082,4.670000076293945,4.670000076293945,495700
2022-12-29,4.78000020980835,5.449999809265137,4.75,5.210000038146973,5.210000038146973,1106000
2022-12-30,4.900000095367432,5.289999961853027,4.900000095367432,5.230000019073486,5.230000019073486,525200
2023-01-03,5.449999809265137,5.789999961853027,5.329999923706055,5.53000020980835,5.53000020980835,989600
2023-01-04,5.739999771118164,6.059999942779541,5.579999923706055,5.920000076293945,5.920000076293945,1310700
2023-01-05,5.769999980926514,6.190000057220459,5.630000114440918,6.070000171661377,6.070000171661377,1240200
2023-01-06,5.699999809265137,5.820000171661377,5.010000228881836,5.25,5.25,2825700
2023-01-09,5.300000190734863,5.360000133514404,4.929999828338623,5.039999961853027,5.039999961853027,1197200
2023-01-10,5.179999828338623,5.230000019073486,5.03000020980835,5.139999866485596,5.139999866485596,1318800
2023-01-11,5.150000095367432,5.340000152587891,5.050000190734863,5.230000019073486,5.230000019073486,685000
2023-01-12,5.170000076293945,5.329999923706055,5.059999942779541,5.130000114440918,5.130000114440918,1185200
2023-01-13,5.150000095367432,5.53000020980835,5.139999866485596,5.429999828338623,5.429999828338623,1162400
2023-01-17,5.300000190734863,5.429999828338623,4.960000038146973,5.010000228881836,5.010000228881836,990700
2023-01-18,5.050000190734863,5.079999923706055,4.550000190734863,4.610000133514404,4.610000133514404,1616800
2023-01-19,4.639999866485596,4.809999942779541,4.539999961853027,4.690000057220459,4.690000057220459,774200
2023-01-20,4.840000152587891,5.260000228881836,4.699999809265137,5.130000114440918,5.130000114440918,2014900
2023-01-23,5.199999809265137,5.730000019073486,5.110000133514404,5.670000076293945,5.670000076293945,1272700
2023-01-24,5.449999809265137,5.670000076293945,5.420000076293945,5.480000019073486,5.480000019073486,438800
2023-01-25,5.429999828338623,5.579999923706055,5.269999980926514,5.559999942779541,5.559999942779541,409800
2023-01-26,5.800000190734863,5.940000057220459,5.53000020980835,5.769999980926514,5.769999980926514,879700
2023-01-27,5.75,5.989999771118164,5.710000038146973,5.75,5.75,799000
2023-01-30,5.559999942779541,5.670000076293945,5.380000114440918,5.5,5.5,421900
2023-01-31,5.539999961853027,5.610000133514404,5.360000133514404,5.389999866485596,5.389999866485596,491700
2023-02-01,5.489999771118164,5.679999828338623,5.309999942779541,5.590000152587891,5.590000152587891,580900
2023-02-02,5.380000114440918,5.75,5.340000152587891,5.389999866485596,5.389999866485596,901200
2023-02-03,5.230000019073486,5.400000095367432,5.090000152587891,5.210000038146973,5.210000038146973,622700
2023-02-06,5.090000152587891,5.139999866485596,4.980000019073486,5.079999923706055,5.079999923706055,428700
2023-02-07,4.900000095367432,4.96999979019165,4.570000171661377,4.679999828338623,4.679999828338623,1971100
2023-02-08,4.75,4.980000019073486,4.679999828338623,4.690000057220459,4.690000057220459,698500
2023-02-09,4.820000171661377,4.880000114440918,4.570000171661377,4.570000171661377,4.570000171661377,513000
2023-02-10,4.550000190734863,4.699999809265137,4.360000133514404,4.659999847412109,4.659999847412109,685800
2023-02-13,4.699999809265137,4.71999979019165,4.5,4.670000076293945,4.670000076293945,336600
2023-02-14,4.5,4.710000038146973,4.460000038146973,4.699999809265137,4.699999809265137,496000
2023-02-15,4.769999980926514,4.96999979019165,4.710000038146973,4.949999809265137,4.949999809265137,353400
2023-02-16,4.880000114440918,4.989999771118164,4.760000228881836,4.760000228881836,4.760000228881836,256800
2023-02-17,4.690000057220459,4.71999979019165,4.550000190734863,4.679999828338623,4.679999828338623,263600
2023-02-21,4.639999866485596,4.639999866485596,4.449999809265137,4.480000019073486,4.480000019073486,279800
2023-02-22,4.539999961853027,4.769999980926514,4.539999961853027,4.769999980926514,4.769999980926514,287000
2023-02-23,4.829999923706055,4.880000114440918,4.590000152587891,4.619999885559082,4.619999885559082,202000
2023-02-24,4.550000190734863,4.570000171661377,4.199999809265137,4.360000133514404,4.360000133514404,720500
2023-02-27,4.429999828338623,4.480000019073486,4.190000057220459,4.230000019073486,4.230000019073486,501200
2023-02-28,4.150000095367432,4.320000171661377,4.150000095367432,4.199999809265137,4.199999809265137,349100
2023-03-01,4.389999866485596,4.389999866485596,3.8499999046325684,4.199999809265137,4.199999809265137,1140600
2023-03-02,4.119999885559082,4.460000038146973,4.079999923706055,4.389999866485596,4.389999866485596,509300
2023-03-03,4.400000095367432,4.480000019073486,4.329999923706055,4.400000095367432,4.400000095367432,392900
2023-03-06,4.380000114440918,4.420000076293945,4.039999961853027,4.139999866485596,4.139999866485596,571800
2023-03-07,4.059999942779541,4.130000114440918,3.950000047683716,4.0,4.0,343300
2023-03-08,3.930000066757202,3.940000057220459,3.7899999618530273,3.940000057220459,3.940000057220459,456400
2023-03-09,3.859999895095825,3.950000047683716,3.7699999809265137,3.7899999618530273,3.7899999618530273,307300
2023-03-10,3.7699999809265137,3.819999933242798,3.569999933242798,3.5999999046325684,3.5999999046325684,403200
2023-03-13,3.559999942779541,3.569999933242798,3.4600000381469727,3.5199999809265137,3.5199999809265137,386500
2023-03-14,3.5999999046325684,3.799999952316284,3.5399999618530273,3.690000057220459,3.690000057220459,870500
2023-03-15,3.5899999141693115,3.8499999046325684,3.5399999618530273,3.7899999618530273,3.7899999618530273,463400
2023-03-16,3.7899999618530273,3.890000104904175,3.5999999046325684,3.8399999141693115,3.8399999141693115,400800
2023-03-17,3.819999933242798,3.990000009536743,3.799999952316284,3.9800000190734863,3.9800000190734863,585500
2023-03-20,3.509999990463257,3.7899999618530273,3.2300000190734863,3.619999885559082,3.619999885559082,1130900
2023-03-21,3.6500000953674316,3.7899999618530273,3.5999999046325684,3.7300000190734863,3.7300000190734863,410400
2023-03-22,3.7300000190734863,4.090000152587891,3.700000047683716,3.930000066757202,3.930000066757202,688000
2023-03-23,4.050000190734863,4.139999866485596,3.7100000381469727,3.809999942779541,3.809999942779541,937700
2023-03-24,3.7799999713897705,3.9600000381469727,3.7799999713897705,3.8399999141693115,3.8399999141693115,841600
2023-03-27,3.7799999713897705,3.880000114440918,3.7200000286102295,3.799999952316284,3.799999952316284,517800
2023-03-28,3.880000114440918,3.9000000953674316,3.809999942779541,3.880000114440918,3.880000114440918,511200
2023-03-29,3.880000114440918,4.010000228881836,3.869999885559082,3.9600000381469727,3.9600000381469727,1010300
2023-03-30,4.0,4.179999828338623,3.940000057220459,4.010000228881836,4.010000228881836,1299900
2023-03-31,4.050000190734863,4.170000076293945,3.9000000953674316,4.139999866485596,4.139999866485596,808000
2023-04-03,4.090000152587891,4.099999904632568,3.8399999141693115,3.9000000953674316,3.9000000953674316,384900
2023-04-04,3.869999885559082,3.9000000953674316,3.690000057220459,3.7300000190734863,3.7300000190734863,286500
2023-04-05,3.700000047683716,3.700000047683716,3.5399999618530273,3.619999885559082,3.619999885559082,398000
2023-04-06,3.5999999046325684,3.700000047683716,3.549999952316284,3.6700000762939453,3.6700000762939453,205700
2023-04-10,3.609999895095825,3.7300000190734863,3.5999999046325684,3.7100000381469727,3.7100000381469727,442800
2023-04-11,3.7200000286102295,3.8299999237060547,3.690000057220459,3.740000009536743,3.740000009536743,403500
2023-04-12,3.7200000286102295,3.7899999618530273,3.6600000858306885,3.700000047683716,3.700000047683716,519300
2023-04-13,3.7899999618530273,3.8299999237060547,3.700000047683716,3.759999990463257,3.759999990463257,373700
2023-04-14,3.799999952316284,3.819999933242798,3.6500000953674316,3.7300000190734863,3.7300000190734863,646800
2023-04-17,3.7899999618530273,3.8399999141693115,3.700000047683716,3.7799999713897705,3.7799999713897705,387000
2023-04-18,3.7899999618530273,3.8299999237060547,3.7200000286102295,3.7699999809265137,3.7699999809265137,299300
2023-04-19,3.6700000762939453,3.75,3.609999895095825,3.690000057220459,3.690000057220459,652800
2023-04-20,3.6500000953674316,3.7200000286102295,3.6500000953674316,3.700000047683716,3.700000047683716,400400
2023-04-21,3.6500000953674316,3.7100000381469727,3.619999885559082,3.7100000381469727,3.7100000381469727,378300
2023-04-24,3.6700000762939453,3.7200000286102295,3.640000104904175,3.680000066757202,3.680000066757202,397900
2023-04-25,3.630000114440918,3.700000047683716,3.619999885559082,3.6700000762939453,3.6700000762939453,275700
2023-04-26,3.690000057220459,3.740000009536743,3.640000104904175,3.690000057220459,3.690000057220459,309500
2023-04-27,3.700000047683716,3.7100000381469727,3.5999999046325684,3.6600000858306885,3.6600000858306885,293900
2023-04-28,3.6600000858306885,3.740000009536743,3.5999999046325684,3.7200000286102295,3.7200000286102295,210400
2023-05-01,3.680000066757202,3.7300000190734863,3.630000114440918,3.640000104904175,3.640000104904175,112700
2023-05-02,3.609999895095825,3.609999895095825,3.319999933242798,3.359999895095825,3.359999895095825,496100
2023-05-03,3.3299999237060547,3.490000009536743,3.2799999713897705,3.4200000762939453,3.4200000762939453,270400
2023-05-04,3.4100000858306885,3.619999885559082,3.369999885559082,3.5799999237060547,3.5799999237060547,210300
2023-05-05,3.549999952316284,3.6600000858306885,3.549999952316284,3.5899999141693115,3.5899999141693115,225400
2023-05-08,3.5799999237060547,3.7200000286102295,3.5799999237060547,3.700000047683716,3.700000047683716,163100
2023-05-09,3.5999999046325684,3.690000057220459,3.5899999141693115,3.5999999046325684,3.5999999046325684,172300
2023-05-10,3.619999885559082,3.75,3.619999885559082,3.6600000858306885,3.6600000858306885,277200
2023-05-11,3.630000114440918,3.690000057220459,3.559999942779541,3.609999895095825,3.609999895095825,270000
2023-05-12,3.559999942779541,3.5799999237060547,3.3299999237060547,3.3499999046325684,3.3499999046325684,353100
2023-05-15,3.4200000762939453,3.490000009536743,3.3499999046325684,3.430000066757202,3.430000066757202,299200
2023-05-16,3.359999895095825,3.549999952316284,3.359999895095825,3.509999990463257,3.509999990463257,366000
2023-05-17,3.4800000190734863,3.75,3.4800000190734863,3.740000009536743,3.740000009536743,607500
2023-05-18,3.690000057220459,3.9800000190734863,3.690000057220459,3.9200000762939453,3.9200000762939453,675900
2023-05-19,3.9100000858306885,4.079999923706055,3.869999885559082,4.070000171661377,4.070000171661377,944400
2023-05-22,4.079999923706055,4.610000133514404,3.9200000762939453,4.449999809265137,4.449999809265137,1691500
2023-05-23,4.25,4.449999809265137,4.110000133514404,4.400000095367432,4.400000095367432,720400
2023-05-24,4.340000152587891,4.460000038146973,4.039999961853027,4.119999885559082,4.119999885559082,804600
2023-05-25,4.199999809265137,4.199999809265137,3.7899999618530273,4.010000228881836,4.010000228881836,738300
2023-05-26,4.010000228881836,4.070000171661377,3.9600000381469727,3.9700000286102295,3.9700000286102295,521600
2023-05-30,3.950000047683716,4.010000228881836,3.5199999809265137,3.6600000858306885,3.6600000858306885,870700
2023-05-31,3.6500000953674316,3.6500000953674316,3.4200000762939453,3.509999990463257,3.509999990463257,710400
2023-06-01,3.4800000190734863,3.559999942779541,3.4000000953674316,3.4800000190734863,3.4800000190734863,688900
2023-06-02,3.569999933242798,3.7699999809265137,3.569999933242798,3.740000009536743,3.740000009536743,269500
2023-06-05,3.7899999618530273,3.7899999618530273,3.680000066757202,3.7699999809265137,3.7699999809265137,276300
2023-06-06,3.740000009536743,4.079999923706055,3.740000009536743,4.059999942779541,4.059999942779541,394400
2023-06-07,4.059999942779541,4.130000114440918,4.039999961853027,4.110000133514404,4.110000133514404,204300
2023-06-08,4.099999904632568,4.400000095367432,4.099999904632568,4.349999904632568,4.349999904632568,514300
2023-06-09,4.349999904632568,4.489999771118164,4.300000190734863,4.329999923706055,4.329999923706055,305100
2023-06-12,4.320000171661377,4.559999942779541,4.320000171661377,4.420000076293945,4.420000076293945,428600
2023-06-13,4.409999847412109,4.550000190734863,4.409999847412109,4.5,4.5,299300
2023-06-14,4.5,4.730000019073486,4.420000076293945,4.579999923706055,4.579999923706055,425600
2023-06-15,4.610000133514404,4.820000171661377,4.579999923706055,4.619999885559082,4.619999885559082,586100
2023-06-16,4.630000114440918,4.630000114440918,4.289999961853027,4.289999961853027,4.289999961853027,1522400
2023-06-20,4.199999809265137,4.25,4.039999961853027,4.150000095367432,4.150000095367432,355000
2023-06-21,4.150000095367432,4.309999942779541,4.039999961853027,4.079999923706055,4.079999923706055,366800
2023-06-22,4.03000020980835,4.079999923706055,3.9700000286102295,4.039999961853027,4.039999961853027,399200
2023-06-23,3.9800000190734863,4.0,3.869999885559082,3.890000104904175,3.890000104904175,188300
2023-06-26,3.9000000953674316,4.199999809265137,3.880000114440918,4.119999885559082,4.119999885559082,331400
2023-06-27,4.130000114440918,4.260000228881836,4.070000171661377,4.110000133514404,4.110000133514404,212500
2023-06-28,4.079999923706055,4.260000228881836,4.039999961853027,4.210000038146973,4.210000038146973,154600
2023-06-29,4.190000057220459,4.199999809265137,4.0,4.059999942779541,4.059999942779541,169600
2023-06-30,4.199999809265137,4.199999809265137,3.9700000286102295,3.9800000190734863,3.9800000190734863,181000
2023-07-03,4.070000171661377,4.28000020980835,4.070000171661377,4.170000076293945,4.170000076293945,210300
2023-07-05,4.170000076293945,4.550000190734863,4.130000114440918,4.429999828338623,4.429999828338623,424400
2023-07-06,4.28000020980835,4.349999904632568,4.070000171661377,4.159999847412109,4.159999847412109,439600
2023-07-07,4.199999809265137,4.320000171661377,4.170000076293945,4.210000038146973,4.210000038146973,235600
2023-07-10,4.239999771118164,4.300000190734863,4.159999847412109,4.25,4.25,178800
2023-07-11,4.260000228881836,4.449999809265137,4.260000228881836,4.289999961853027,4.289999961853027,272800
2023-07-12,4.429999828338623,4.429999828338623,4.309999942779541,4.400000095367432,4.400000095367432,278900
2023-07-13,4.400000095367432,4.400000095367432,4.110000133514404,4.139999866485596,4.139999866485596,761900
2023-07-14,4.099999904632568,4.170000076293945,3.990000009536743,4.010000228881836,4.010000228881836,441500
2023-07-17,3.930000066757202,4.010000228881836,3.7799999713897705,3.9700000286102295,3.9700000286102295,780100
2023-07-18,4.0,4.099999904632568,3.75,3.8399999141693115,3.8399999141693115,879000
2023-07-19,3.9200000762939453,4.019999980926514,3.8499999046325684,3.859999895095825,3.859999895095825,417600
2023-07-20,3.869999885559082,3.869999885559082,3.7100000381469727,3.7699999809265137,3.7699999809265137,335900
2023-07-21,3.75,3.7799999713897705,3.640000104904175,3.7300000190734863,3.7300000190734863,193300
2023-07-24,3.700000047683716,3.9200000762939453,3.700000047683716,3.8499999046325684,3.8499999046325684,287300
2023-07-25,3.9700000286102295,4.019999980926514,3.859999895095825,3.869999885559082,3.869999885559082,209000
2023-07-26,3.799999952316284,4.070000171661377,3.799999952316284,4.039999961853027,4.039999961853027,552900
2023-07-27,3.990000009536743,4.050000190734863,3.859999895095825,3.880000114440918,3.880000114440918,254100
2023-07-28,3.940000057220459,4.329999923706055,3.940000057220459,4.289999961853027,4.289999961853027,682500
2023-07-31,4.230000019073486,4.5,4.210000038146973,4.389999866485596,4.389999866485596,457400
2023-08-01,4.300000190734863,4.300000190734863,4.119999885559082,4.150000095367432,4.150000095367432,391100
2023-08-02,4.050000190734863,4.050000190734863,3.890000104904175,4.0,4.0,491200
2023-08-03,4.03000020980835,4.21999979019165,4.03000020980835,4.139999866485596,4.139999866485596,254900
2023-08-04,4.099999904632568,4.289999961853027,4.099999904632568,4.139999866485596,4.139999866485596,261000
2023-08-07,4.159999847412109,4.159999847412109,3.8499999046325684,3.940000057220459,3.940000057220459,282000
2023-08-08,3.8299999237060547,3.880000114440918,3.7200000286102295,3.8399999141693115,3.8399999141693115,286800
2023-08-09,3.930000066757202,3.930000066757202,3.759999990463257,3.7799999713897705,3.7799999713897705,387300
2023-08-10,3.8399999141693115,3.9200000762939453,3.75,3.7699999809265137,3.7699999809265137,208400
2023-08-11,3.7699999809265137,3.7799999713897705,3.549999952316284,3.6700000762939453,3.6700000762939453,502700
2023-08-14,3.509999990463257,3.549999952316284,3.299999952316284,3.4600000381469727,3.4600000381469727,652900
2023-08-15,3.430000066757202,3.430000066757202,3.140000104904175,3.2799999713897705,3.2799999713897705,608500
2023-08-16,3.25,3.2899999618530273,3.0999999046325684,3.1600000858306885,3.1600000858306885,820400
2023-08-17,3.2799999713897705,3.2799999713897705,3.1700000762939453,3.190000057220459,3.190000057220459,213300
2023-08-18,3.109999895095825,3.200000047683716,3.009999990463257,3.009999990463257,3.009999990463257,513200
2023-08-21,3.009999990463257,3.180000066757202,2.8499999046325684,3.069999933242798,3.069999933242798,561300
2023-08-22,3.0799999237060547,3.1600000858306885,3.049999952316284,3.1600000858306885,3.1600000858306885,293700
2023-08-23,3.1600000858306885,3.190000057220459,3.009999990463257,3.009999990463257,3.009999990463257,274200
2023-08-24,3.059999942779541,3.059999942779541,2.940000057220459,2.9800000190734863,2.9800000190734863,255800
2023-08-25,3.009999990463257,3.0399999618530273,2.940000057220459,3.0,3.0,236100
2023-08-28,3.069999933242798,3.0899999141693115,3.0,3.069999933242798,3.069999933242798,232500
2023-08-29,3.0899999141693115,3.2799999713897705,3.059999942779541,3.2699999809265137,3.2699999809265137,359800
2023-08-30,3.190000057220459,3.2799999713897705,3.119999885559082,3.140000104904175,3.140000104904175,323800
2023-08-31,3.109999895095825,3.140000104904175,3.069999933242798,3.0999999046325684,3.0999999046325684,135200
2023-09-01,3.109999895095825,3.2899999618530273,3.109999895095825,3.2699999809265137,3.2699999809265137,280200
2023-09-05,3.1600000858306885,3.319999933242798,3.119999885559082,3.2200000286102295,3.2200000286102295,226500
2023-09-06,3.2200000286102295,3.240000009536743,3.140000104904175,3.140000104904175,3.140000104904175,153100
2023-09-07,3.140000104904175,3.1600000858306885,2.859999895095825,2.950000047683716,2.950000047683716,585200
2023-09-08,2.9200000762939453,3.0,2.9000000953674316,2.9700000286102295,2.9700000286102295,275700
2023-09-11,3.0,3.1600000858306885,3.0,3.119999885559082,3.119999885559082,248200
2023-09-12,3.109999895095825,3.1700000762939453,2.9700000286102295,3.009999990463257,3.009999990463257,281000
2023-09-13,2.9700000286102295,3.009999990463257,2.940000057220459,2.940000057220459,2.940000057220459,187300
2023-09-14,2.950000047683716,3.009999990463257,2.930000066757202,2.9800000190734863,2.9800000190734863,143900
2023-09-15,2.9800000190734863,3.0299999713897705,2.9200000762939453,2.9200000762939453,2.9200000762939453,162900
2023-09-18,2.880000114440918,2.890000104904175,2.8399999141693115,2.869999885559082,2.869999885559082,194800
2023-09-19,2.8499999046325684,2.9600000381469727,2.819999933242798,2.880000114440918,2.880000114440918,182900
2023-09-20,2.880000114440918,2.890000104904175,2.7799999713897705,2.7799999713897705,2.7799999713897705,206300
2023-09-21,2.7300000190734863,2.759999990463257,2.700000047683716,2.7100000381469727,2.7100000381469727,163400
2023-09-22,2.7799999713897705,2.9100000858306885,2.759999990463257,2.8399999141693115,2.8399999141693115,238800
2023-09-25,2.7300000190734863,2.8299999237060547,2.7100000381469727,2.7899999618530273,2.7899999618530273,99600
2023-09-26,2.7300000190734863,2.869999885559082,2.7300000190734863,2.819999933242798,2.819999933242798,158000
2023-09-27,2.8499999046325684,2.8499999046325684,2.740000009536743,2.7799999713897705,2.7799999713897705,98200
2023-09-28,2.799999952316284,2.890000104904175,2.799999952316284,2.859999895095825,2.859999895095825,149300
2023-09-29,2.9000000953674316,2.990000009536743,2.8299999237060547,2.8299999237060547,2.8299999237060547,184600
2023-10-02,2.7899999618530273,2.8499999046325684,2.7300000190734863,2.7699999809265137,2.7699999809265137,107200
2023-10-03,2.740000009536743,2.759999990463257,2.5,2.569999933242798,2.569999933242798,484600
2023-10-04,2.609999895095825,2.640000104904175,2.450000047683716,2.630000114440918,2.630000114440918,408700
2023-10-05,2.609999895095825,2.640000104904175,2.549999952316284,2.5799999237060547,2.5799999237060547,102900
2023-10-06,2.5999999046325684,2.630000114440918,2.569999933242798,2.5799999237060547,2.5799999237060547,141200
2023-10-09,2.549999952316284,2.569999933242798,2.4000000953674316,2.430000066757202,2.430000066757202,217500
2023-10-10,2.4600000381469727,2.640000104904175,2.4600000381469727,2.5799999237060547,2.5799999237060547,203700
2023-10-11,2.630000114440918,2.7200000286102295,2.549999952316284,2.559999942779541,2.559999942779541,116300
2023-10-12,2.559999942779541,2.559999942779541,2.4200000762939453,2.440000057220459,2.440000057220459,218000
2023-10-13,2.4200000762939453,2.4200000762939453,2.2699999809265137,2.309999942779541,2.309999942779541,366800
2023-10-16,2.3299999237060547,2.369999885559082,2.2799999713897705,2.3499999046325684,2.3499999046325684,183200
2023-10-17,2.309999942779541,2.4200000762939453,2.309999942779541,2.380000114440918,2.380000114440918,91400
2023-10-18,2.3499999046325684,2.369999885559082,2.1500000953674316,2.190000057220459,2.190000057220459,381400
2023-10-19,2.1700000762939453,2.1700000762939453,2.009999990463257,2.069999933242798,2.069999933242798,388300
2023-10-20,2.069999933242798,2.109999895095825,2.009999990463257,2.0199999809265137,2.0199999809265137,183300
2023-10-23,2.009999990463257,2.0399999618530273,1.940000057220459,1.9900000095367432,1.9900000095367432,302500
2023-10-24,2.0299999713897705,2.2699999809265137,2.0299999713897705,2.1500000953674316,2.1500000953674316,276500
2023-10-25,2.140000104904175,2.1700000762939453,2.0299999713897705,2.069999933242798,2.069999933242798,152600
2023-10-26,2.0399999618530273,2.0799999237060547,1.9700000286102295,1.9700000286102295,1.9700000286102295,317300
2023-10-27,2.049999952316284,2.0799999237060547,1.9600000381469727,1.9700000286102295,1.9700000286102295,263900
2023-10-30,2.0,2.0399999618530273,1.9600000381469727,2.0299999713897705,2.0299999713897705,121400
2023-10-31,1.9800000190734863,2.190000057220459,1.9800000190734863,2.1600000858306885,2.1600000858306885,320700
2023-11-01,2.1600000858306885,2.190000057220459,2.0899999141693115,2.1600000858306885,2.1600000858306885,185800
2023-11-02,2.1700000762939453,2.450000047683716,2.1700000762939453,2.380000114440918,2.380000114440918,347800
2023-11-03,2.4000000953674316,2.559999942779541,2.3299999237060547,2.4100000858306885,2.4100000858306885,422200
2023-11-06,2.440000057220459,2.450000047683716,2.2200000286102295,2.25,2.25,253700
2023-11-07,2.2899999618530273,2.4800000190734863,2.2699999809265137,2.440000057220459,2.440000057220459,810200
2023-11-08,2.440000057220459,2.450000047683716,2.2100000381469727,2.2100000381469727,2.2100000381469727,1065000
2023-11-09,2.2899999618530273,2.4800000190734863,2.190000057220459,2.2100000381469727,2.2100000381469727,675400
2023-11-10,2.200000047683716,2.2100000381469727,2.109999895095825,2.180000066757202,2.180000066757202,314700
2023-11-13,2.2100000381469727,2.3499999046325684,2.200000047683716,2.299999952316284,2.299999952316284,154400
2023-11-14,2.380000114440918,2.4200000762939453,2.309999942779541,2.359999895095825,2.359999895095825,212600
2023-11-15,2.4200000762939453,2.490000009536743,2.4000000953674316,2.440000057220459,2.440000057220459,338300
2023-11-16,2.3499999046325684,2.369999885559082,2.240000009536743,2.309999942779541,2.309999942779541,307200
2023-11-17,2.2799999713897705,2.4100000858306885,2.2799999713897705,2.359999895095825,2.359999895095825,286400
2023-11-20,2.200000047683716,2.4700000286102295,2.109999895095825,2.4100000858306885,2.4100000858306885,573800
2023-11-21,2.299999952316284,2.6500000953674316,2.299999952316284,2.569999933242798,2.569999933242798,662100
2023-11-22,2.559999942779541,2.5899999141693115,2.380000114440918,2.390000104904175,2.390000104904175,338000
2023-11-24,2.390000104904175,2.490000009536743,2.3499999046325684,2.359999895095825,2.359999895095825,151300
2023-11-27,2.4600000381469727,2.7100000381469727,2.450000047683716,2.490000009536743,2.490000009536743,580100
2023-11-28,2.4700000286102295,2.509999990463257,2.4000000953674316,2.5,2.5,316000
2023-11-29,2.5,2.5,2.4100000858306885,2.450000047683716,2.450000047683716,172300
2023-11-30,2.450000047683716,2.4800000190734863,2.309999942779541,2.3399999141693115,2.3399999141693115,272800
2023-12-01,2.309999942779541,2.359999895095825,2.240000009536743,2.3399999141693115,2.3399999141693115,289100
2023-12-04,2.3399999141693115,2.3399999141693115,2.200000047683716,2.309999942779541,2.309999942779541,420500
2023-12-05,2.240000009536743,2.3399999141693115,2.240000009536743,2.2899999618530273,2.2899999618530273,159900
2023-12-06,2.2799999713897705,2.4800000190734863,2.2699999809265137,2.3299999237060547,2.3299999237060547,278400
2023-12-07,2.3299999237060547,2.380000114440918,2.1700000762939453,2.200000047683716,2.200000047683716,282800
2023-12-08,2.180000066757202,2.240000009536743,2.140000104904175,2.1600000858306885,2.1600000858306885,330700
2023-12-11,2.130000114440918,2.1600000858306885,2.009999990463257,2.0299999713897705,2.0299999713897705,1033400
2023-12-12,2.0,2.0199999809265137,1.940000057220459,1.9600000381469727,1.9600000381469727,697400
2023-12-13,1.9700000286102295,2.0999999046325684,1.9600000381469727,2.0799999237060547,2.0799999237060547,693000
2023-12-14,2.109999895095825,2.2100000381469727,2.0299999713897705,2.180000066757202,2.180000066757202,633000
2023-12-15,2.200000047683716,2.2200000286102295,2.0799999237060547,2.1600000858306885,2.1600000858306885,1848300
2023-12-18,2.1500000953674316,2.25,2.140000104904175,2.180000066757202,2.180000066757202,400900
2023-12-19,2.180000066757202,2.2899999618530273,2.1700000762939453,2.240000009536743,2.240000009536743,358600
2023-12-20,2.2300000190734863,2.25,2.130000114440918,2.140000104904175,2.140000104904175,326100
2023-12-21,2.1500000953674316,2.190000057220459,2.059999942779541,2.190000057220459,2.190000057220459,479600
2023-12-22,2.069999933242798,2.200000047683716,2.069999933242798,2.130000114440918,2.130000114440918,302200
2023-12-26,2.1700000762939453,2.2899999618530273,2.109999895095825,2.2300000190734863,2.2300000190734863,401600
2023-12-27,2.2200000286102295,2.2899999618530273,2.190000057220459,2.2100000381469727,2.2100000381469727,294600
2023-12-28,2.2699999809265137,2.4200000762939453,2.2699999809265137,2.299999952316284,2.299999952316284,512000
2023-12-29,2.25,2.299999952316284,2.1700000762939453,2.190000057220459,2.190000057220459,427800
2024-01-02,2.119999885559082,2.2300000190734863,2.109999895095825,2.140000104904175,2.140000104904175,228000
2024-01-03,2.119999885559082,2.130000114440918,2.069999933242798,2.0999999046325684,2.0999999046325684,193700
2024-01-04,2.0999999046325684,2.119999885559082,2.0799999237060547,2.119999885559082,2.119999885559082,153500
2024-01-05,2.0999999046325684,2.130000114440918,2.049999952316284,2.0799999237060547,2.0799999237060547,266700
2024-01-08,2.0899999141693115,2.1500000953674316,2.0,2.130000114440918,2.130000114440918,410700
2024-01-09,2.0999999046325684,2.109999895095825,2.0399999618530273,2.059999942779541,2.059999942779541,270300
2024-01-10,2.059999942779541,2.0799999237060547,2.009999990463257,2.0399999618530273,2.0399999618530273,190400
2024-01-11,2.049999952316284,2.049999952316284,1.9800000190734863,2.009999990463257,2.009999990463257,335900
2024-01-12,2.009999990463257,2.0799999237060547,1.9700000286102295,1.9800000190734863,1.9800000190734863,462400
2024-01-16,1.9700000286102295,1.9800000190734863,1.8200000524520874,1.8899999856948853,1.8899999856948853,1019800
2024-01-17,1.850000023841858,1.850000023841858,1.7599999904632568,1.7899999618530273,1.7899999618530273,403700
2024-01-18,1.850000023841858,1.9299999475479126,1.809999942779541,1.8300000429153442,1.8300000429153442,498300
2024-01-19,1.8200000524520874,1.8200000524520874,1.75,1.7699999809265137,1.7699999809265137,271500
2024-01-22,1.7599999904632568,1.8300000429153442,1.7100000381469727,1.7400000095367432,1.7400000095367432,245000
2024-01-23,1.8200000524520874,2.0299999713897705,1.8200000524520874,1.8899999856948853,1.8899999856948853,264400
2024-01-24,1.9500000476837158,1.9700000286102295,1.850000023841858,1.8700000047683716,1.8700000047683716,208500
2024-01-25,1.8700000047683716,1.9199999570846558,1.840000033378601,1.909999966621399,1.909999966621399,153500
2024-01-26,1.899999976158142,1.940000057220459,1.899999976158142,1.9299999475479126,1.9299999475479126,90800
2024-01-29,1.909999966621399,1.909999966621399,1.809999942779541,1.8700000047683716,1.8700000047683716,242400
2024-01-30,1.8700000047683716,1.8899999856948853,1.809999942779541,1.8200000524520874,1.8200000524520874,211500
2024-01-31,1.809999942779541,1.8700000047683716,1.75,1.7599999904632568,1.7599999904632568,171600
2024-02-01,1.75,1.840000033378601,1.7300000190734863,1.75,1.75,168000
2024-02-02,1.7300000190734863,1.7400000095367432,1.6699999570846558,1.690000057220459,1.690000057220459,194200
2024-02-05,1.7000000476837158,1.7200000286102295,1.5700000524520874,1.6299999952316284,1.6299999952316284,543000
2024-02-06,1.7100000381469727,1.7799999713897705,1.6799999475479126,1.7599999904632568,1.7599999904632568,257100
2024-02-07,1.7000000476837158,1.75,1.6699999570846558,1.7100000381469727,1.7100000381469727,233200
2024-02-08,1.6799999475479126,1.690000057220459,1.6200000047683716,1.690000057220459,1.690000057220459,173300
2024-02-09,1.690000057220459,1.7000000476837158,1.6200000047683716,1.690000057220459,1.690000057220459,241600
2024-02-12,1.690000057220459,1.840000033378601,1.690000057220459,1.809999942779541,1.809999942779541,251700
2024-02-13,1.7599999904632568,1.7599999904632568,1.6699999570846558,1.7000000476837158,1.7000000476837158,251700
2024-02-14,1.7200000286102295,1.8200000524520874,1.7200000286102295,1.7899999618530273,1.7899999618530273,196600
2024-02-15,1.840000033378601,1.9199999570846558,1.8200000524520874,1.899999976158142,1.899999976158142,277300
2024-02-16,2.0199999809265137,2.0199999809265137,1.8899999856948853,1.9299999475479126,1.9299999475479126,427300
2024-02-20,1.9299999475479126,1.9299999475479126,1.8200000524520874,1.909999966621399,1.909999966621399,268300
2024-02-21,1.9199999570846558,1.9700000286102295,1.8200000524520874,1.8300000429153442,1.8300000429153442,195800
2024-02-22,1.840000033378601,1.840000033378601,1.7300000190734863,1.75,1.75,299900
2024-02-23,1.7899999618530273,1.7899999618530273,1.6799999475479126,1.7100000381469727,1.7100000381469727,322900
2024-02-26,1.7300000190734863,1.809999942779541,1.7200000286102295,1.75,1.75,362100
2024-02-27,1.7599999904632568,1.8300000429153442,1.7599999904632568,1.8200000524520874,1.8200000524520874,287700
2024-02-28,1.7699999809265137,1.8600000143051147,1.6799999475479126,1.7999999523162842,1.7999999523162842,315000
2024-02-29,1.840000033378601,1.899999976158142,1.7999999523162842,1.840000033378601,1.840000033378601,183000
2024-03-01,1.850000023841858,1.8600000143051147,1.7599999904632568,1.809999942779541,1.809999942779541,188200
2024-03-04,1.7699999809265137,1.7899999618530273,1.7000000476837158,1.7000000476837158,1.7000000476837158,381500
2024-03-05,1.690000057220459,1.690000057220459,1.6299999952316284,1.6399999856948853,1.6399999856948853,211500
2024-03-06,1.6699999570846558,1.7599999904632568,1.659999966621399,1.7300000190734863,1.7300000190734863,211700
2024-03-07,1.7200000286102295,1.7699999809265137,1.7100000381469727,1.75,1.75,192200
2024-03-08,1.7100000381469727,1.809999942779541,1.7100000381469727,1.7300000190734863,1.7300000190734863,218800
2024-03-11,1.7799999713897705,2.0,1.7799999713897705,1.8700000047683716,1.8700000047683716,705700
2024-03-12,1.909999966621399,1.909999966621399,1.840000033378601,1.8899999856948853,1.8899999856948853,348800
2024-03-13,1.8700000047683716,1.9900000095367432,1.850000023841858,1.9700000286102295,1.9700000286102295,399700
2024-03-14,1.9700000286102295,1.9700000286102295,1.8200000524520874,1.8799999952316284,1.8799999952316284,360400
2024-03-15,1.8799999952316284,1.9199999570846558,1.7400000095367432,1.7799999713897705,1.7799999713897705,2224000
2024-03-18,1.6200000047683716,1.7599999904632568,1.600000023841858,1.7200000286102295,1.7200000286102295,705500
2024-03-19,1.6799999475479126,1.7799999713897705,1.659999966621399,1.75,1.75,366000
2024-03-20,1.7300000190734863,1.7999999523162842,1.6699999570846558,1.7100000381469727,1.7100000381469727,576800
2024-03-21,1.7100000381469727,1.75,1.690000057220459,1.7400000095367432,1.7400000095367432,225800
2024-03-22,1.7100000381469727,1.7400000095367432,1.6699999570846558,1.6799999475479126,1.6799999475479126,220900
2024-03-25,1.6699999570846558,1.7300000190734863,1.659999966621399,1.7300000190734863,1.7300000190734863,298700
2024-03-26,1.7100000381469727,1.75,1.6699999570846558,1.7000000476837158,1.7000000476837158,567500
2024-03-27,1.690000057220459,1.7200000286102295,1.659999966621399,1.7000000476837158,1.7000000476837158,151700
2024-03-28,1.6799999475479126,1.7699999809265137,1.6799999475479126,1.6799999475479126,1.6799999475479126,172500
2024-04-01,1.690000057220459,1.7899999618530273,1.690000057220459,1.7599999904632568,1.7599999904632568,143600
2024-04-02,1.7400000095367432,1.75,1.649999976158142,1.6799999475479126,1.6799999475479126,320000
2024-04-03,1.659999966621399,1.690000057220459,1.6100000143051147,1.6399999856948853,1.6399999856948853,569200
2024-04-04,1.7000000476837158,2.0799999237060547,1.690000057220459,1.9199999570846558,1.9199999570846558,1788100
2024-04-05,1.9299999475479126,2.009999990463257,1.850000023841858,1.9199999570846558,1.9199999570846558,390000
2024-04-08,1.9199999570846558,1.940000057220459,1.7899999618530273,1.7999999523162842,1.7999999523162842,338600
2024-04-09,1.840000033378601,2.2899999618530273,1.840000033378601,2.2699999809265137,2.2699999809265137,1831200
2024-04-10,2.240000009536743,2.380000114440918,2.140000104904175,2.200000047683716,2.200000047683716,964100
2024-04-11,2.2200000286102295,2.440000057220459,2.130000114440918,2.390000104904175,2.390000104904175,792600
2024-04-12,2.369999885559082,2.380000114440918,2.1500000953674316,2.200000047683716,2.200000047683716,614600
2024-04-15,2.1600000858306885,2.4000000953674316,2.130000114440918,2.2799999713897705,2.2799999713897705,932000
2024-04-16,2.259999990463257,2.2799999713897705,2.1600000858306885,2.180000066757202,2.180000066757202,531700
2024-04-17,2.2100000381469727,2.259999990463257,2.0399999618530273,2.049999952316284,2.049999952316284,636400
2024-04-18,2.049999952316284,2.0899999141693115,2.0,2.0299999713897705,2.0299999713897705,252700
2024-04-19,2.0,2.0299999713897705,1.9199999570846558,1.9199999570846558,1.9199999570846558,290900
2024-04-22,1.8700000047683716,2.109999895095825,1.8600000143051147,2.059999942779541,2.059999942779541,299000
2024-04-23,2.059999942779541,2.190000057220459,2.049999952316284,2.059999942779541,2.059999942779541,308100
2024-04-24,2.0999999046325684,2.130000114440918,2.0399999618530273,2.0799999237060547,2.0799999237060547,620700
2024-04-25,2.049999952316284,2.0999999046325684,2.0199999809265137,2.049999952316284,2.049999952316284,151700
2024-04-26,2.119999885559082,2.2699999809265137,2.119999885559082,2.259999990463257,2.259999990463257,447700
2024-04-29,2.2799999713897705,2.3399999141693115,2.1700000762939453,2.2899999618530273,2.2899999618530273,506300
2024-04-30,2.25,2.3299999237060547,2.2100000381469727,2.2699999809265137,2.2699999809265137,447900
2024-05-01,2.259999990463257,2.3299999237060547,2.200000047683716,2.2799999713897705,2.2799999713897705,101200
2024-05-02,2.369999885559082,2.430000066757202,2.2799999713897705,2.380000114440918,2.380000114440918,333100
2024-05-03,2.4100000858306885,2.4100000858306885,2.2699999809265137,2.2899999618530273,2.2899999618530273,211600
2024-05-06,2.309999942779541,2.380000114440918,2.299999952316284,2.3499999046325684,2.3499999046325684,233700
2024-05-07,2.2899999618530273,2.359999895095825,2.259999990463257,2.3299999237060547,2.3299999237060547,569700
2024-05-08,2.299999952316284,2.380000114440918,2.2300000190734863,2.359999895095825,2.359999895095825,180800
2024-05-09,2.380000114440918,2.5399999618530273,2.369999885559082,2.4200000762939453,2.4200000762939453,513300
2024-05-10,2.4600000381469727,2.4600000381469727,2.2799999713897705,2.319999933242798,2.319999933242798,302100
2024-05-13,2.319999933242798,2.5,2.319999933242798,2.440000057220459,2.440000057220459,442100
2024-05-14,2.450000047683716,2.5,2.319999933242798,2.369999885559082,2.369999885559082,387600
2024-05-15,2.4200000762939453,2.430000066757202,2.2799999713897705,2.319999933242798,2.319999933242798,210200
2024-05-16,2.359999895095825,2.5,2.359999895095825,2.4700000286102295,2.4700000286102295,886500
2024-05-17,2.509999990463257,2.5299999713897705,2.369999885559082,2.390000104904175,2.390000104904175,290100
2024-05-20,2.390000104904175,2.4000000953674316,2.049999952316284,2.130000114440918,2.130000114440918,1156600
2024-05-21,2.069999933242798,2.2300000190734863,2.049999952316284,2.069999933242798,2.069999933242798,272300
2024-05-22,2.059999942779541,2.1500000953674316,2.0399999618530273,2.130000114440918,2.130000114440918,252600
2024-05-23,2.0999999046325684,2.119999885559082,1.9700000286102295,1.9900000095367432,1.9900000095367432,393700
2024-05-24,2.0,2.0399999618530273,1.9800000190734863,2.009999990463257,2.009999990463257,181800
2024-05-28,2.049999952316284,2.109999895095825,2.009999990463257,2.069999933242798,2.069999933242798,148600
2024-05-29,1.9900000095367432,2.0399999618530273,1.9700000286102295,1.9800000190734863,1.9800000190734863,178900
2024-05-30,1.9900000095367432,2.069999933242798,1.9800000190734863,2.0199999809265137,2.0199999809265137,126300
2024-05-31,2.0199999809265137,2.049999952316284,1.9700000286102295,2.049999952316284,2.049999952316284,143400
2024-06-03,2.0399999618530273,2.0399999618530273,1.9700000286102295,1.9700000286102295,1.9700000286102295,173400
2024-06-04,2.0,2.0,1.9299999475479126,1.9600000381469727,1.9600000381469727,160400
2024-06-05,1.9700000286102295,2.0399999618530273,1.9500000476837158,1.9900000095367432,1.9900000095367432,157200
2024-06-06,1.9900000095367432,2.0299999713897705,1.9600000381469727,2.009999990463257,2.009999990463257,134000
2024-06-07,1.9800000190734863,2.009999990463257,1.899999976158142,1.9199999570846558,1.9199999570846558,178600
2024-06-10,1.9199999570846558,1.9700000286102295,1.909999966621399,1.9199999570846558,1.9199999570846558,90100
2024-06-11,1.899999976158142,1.940000057220459,1.7999999523162842,1.809999942779541,1.809999942779541,337800
2024-06-12,1.8200000524520874,1.8899999856948853,1.75,1.7599999904632568,1.7599999904632568,196800
2024-06-13,1.7699999809265137,1.840000033378601,1.7599999904632568,1.7999999523162842,1.7999999523162842,185900
2024-06-14,1.7799999713897705,1.8300000429153442,1.7799999713897705,1.7999999523162842,1.7999999523162842,126800
2024-06-17,1.7999999523162842,1.8600000143051147,1.7799999713897705,1.7999999523162842,1.7999999523162842,114000
2024-06-18,1.7999999523162842,1.8300000429153442,1.7699999809265137,1.7799999713897705,1.7799999713897705,106400
2024-06-20,1.7899999618530273,1.809999942779541,1.75,1.7899999618530273,1.7899999618530273,157300
2024-06-21,1.7699999809265137,1.850000023841858,1.7699999809265137,1.840000033378601,1.840000033378601,173100
2024-06-24,1.8300000429153442,1.850000023841858,1.7599999904632568,1.7699999809265137,1.7699999809265137,122800
2024-06-25,1.809999942779541,1.8200000524520874,1.7200000286102295,1.75,1.75,97300
2024-06-26,1.75,1.7699999809265137,1.7100000381469727,1.7400000095367432,1.7400000095367432,79300
2024-06-27,1.7200000286102295,1.75,1.690000057220459,1.690000057220459,1.690000057220459,130900
2024-06-28,1.690000057220459,1.7400000095367432,1.649999976158142,1.7400000095367432,1.7400000095367432,169100
2024-07-01,1.7699999809265137,1.7799999713897705,1.690000057220459,1.7000000476837158,1.7000000476837158,136700
2024-07-02,1.690000057220459,1.7799999713897705,1.690000057220459,1.7699999809265137,1.7699999809265137,187100
2024-07-03,1.7699999809265137,1.840000033378601,1.7300000190734863,1.8200000524520874,1.8200000524520874,234000
2024-07-05,1.940000057220459,1.9900000095367432,1.8200000524520874,1.909999966621399,1.909999966621399,547100
2024-07-08,1.9500000476837158,2.309999942779541,1.909999966621399,2.2100000381469727,2.2100000381469727,1321700
2024-07-09,2.299999952316284,2.4600000381469727,2.25,2.2799999713897705,2.2799999713897705,1418200
2024-07-10,2.2300000190734863,2.319999933242798,2.1500000953674316,2.180000066757202,2.180000066757202,387100
2024-07-11,2.190000057220459,2.369999885559082,2.190000057220459,2.319999933242798,2.319999933242798,521400
2024-07-12,2.2899999618530273,2.3399999141693115,2.190000057220459,2.240000009536743,2.240000009536743,338100
2024-07-15,2.2200000286102295,2.2200000286102295,2.069999933242798,2.130000114440918,2.130000114440918,589300
2024-07-16,2.0899999141693115,2.240000009536743,2.0899999141693115,2.1700000762939453,2.1700000762939453,261700
2024-07-17,2.1700000762939453,2.190000057220459,2.0999999046325684,2.1500000953674316,2.1500000953674316,144300
2024-07-18,2.130000114440918,2.190000057220459,2.069999933242798,2.069999933242798,2.069999933242798,337400
2024-07-19,2.049999952316284,2.0799999237060547,1.9199999570846558,2.049999952316284,2.049999952316284,294600
2024-07-22,2.049999952316284,2.0899999141693115,2.0,2.0299999713897705,2.0299999713897705,103600
2024-07-23,2.0,2.009999990463257,1.9299999475479126,1.9700000286102295,1.9700000286102295,243000
2024-07-24,1.940000057220459,2.0,1.8799999952316284,1.899999976158142,1.899999976158142,136800
2024-07-25,1.8899999856948853,1.9900000095367432,1.8899999856948853,1.9600000381469727,1.9600000381469727,132000
2024-07-26,1.9600000381469727,2.0799999237060547,1.9500000476837158,2.0399999618530273,2.0399999618530273,186000
2024-07-29,2.049999952316284,2.109999895095825,2.0,2.0199999809265137,2.0199999809265137,149700
2024-07-30,2.0,2.0199999809265137,1.940000057220459,1.9500000476837158,1.9500000476837158,154000
2024-07-31,1.9800000190734863,2.049999952316284,1.9700000286102295,1.9800000190734863,1.9800000190734863,343700
2024-08-01,2.009999990463257,2.0199999809265137,1.8899999856948853,1.940000057220459,1.940000057220459,338700
2024-08-02,1.909999966621399,1.9500000476837158,1.8600000143051147,1.909999966621399,1.909999966621399,293100
2024-08-05,1.7699999809265137,1.909999966621399,1.7699999809265137,1.8300000429153442,1.8300000429153442,259100
2024-08-06,1.8200000524520874,1.8700000047683716,1.809999942779541,1.840000033378601,1.840000033378601,188100
2024-08-07,1.809999942779541,1.8700000047683716,1.7799999713897705,1.7999999523162842,1.7999999523162842,135100
2024-08-08,1.7999999523162842,1.8899999856948853,1.7899999618530273,1.840000033378601,1.840000033378601,185900
2024-08-09,1.840000033378601,1.899999976158142,1.8200000524520874,1.8300000429153442,1.8300000429153442,188900
2024-08-12,2.009999990463257,2.009999990463257,1.75,1.7999999523162842,1.7999999523162842,372700
2024-08-13,1.809999942779541,1.8600000143051147,1.7999999523162842,1.850000023841858,1.850000023841858,158800
2024-08-14,1.8600000143051147,1.8700000047683716,1.7999999523162842,1.809999942779541,1.809999942779541,132600
2024-08-15,1.8300000429153442,1.8799999952316284,1.8300000429153442,1.840000033378601,1.840000033378601,203700
2024-08-16,1.8200000524520874,1.8799999952316284,1.8200000524520874,1.8300000429153442,1.8300000429153442,94600
2024-08-19,1.8300000429153442,1.899999976158142,1.8300000429153442,1.8700000047683716,1.8700000047683716,160400
2024-08-20,1.8700000047683716,1.8700000047683716,1.7899999618530273,1.8200000524520874,1.8200000524520874,158900
2024-08-21,1.8300000429153442,1.850000023841858,1.809999942779541,1.8200000524520874,1.8200000524520874,100500
2024-08-22,1.8300000429153442,1.850000023841858,1.7999999523162842,1.809999942779541,1.809999942779541,180700
2024-08-23,1.8200000524520874,1.850000023841858,1.8200000524520874,1.840000033378601,1.840000033378601,113200
2024-08-26,1.8700000047683716,1.9600000381469727,1.850000023841858,1.940000057220459,1.940000057220459,218200
2024-08-27,1.940000057220459,1.9600000381469727,1.8600000143051147,1.8899999856948853,1.8899999856948853,172500
2024-08-28,1.8700000047683716,1.8799999952316284,1.7999999523162842,1.8300000429153442,1.8300000429153442,154600
2024-08-29,1.8700000047683716,1.8899999856948853,1.809999942779541,1.8600000143051147,1.8600000143051147,134300
2024-08-30,1.8899999856948853,1.909999966621399,1.8600000143051147,1.8799999952316284,1.8799999952316284,124100
2024-09-03,1.8799999952316284,1.9199999570846558,1.8200000524520874,1.8200000524520874,1.8200000524520874,108200
2024-09-04,1.840000033378601,1.8600000143051147,1.7999999523162842,1.840000033378601,1.840000033378601,112500
2024-09-05,1.8300000429153442,1.8600000143051147,1.8200000524520874,1.8200000524520874,1.8200000524520874,86400
2024-09-06,1.8200000524520874,1.840000033378601,1.7599999904632568,1.809999942779541,1.809999942779541,240500
2024-09-09,1.7799999713897705,1.8799999952316284,1.7799999713897705,1.7899999618530273,1.7899999618530273,183700
2024-09-10,1.7699999809265137,1.840000033378601,1.7699999809265137,1.7899999618530273,1.7899999618530273,76000
2024-09-11,1.7899999618530273,1.8200000524520874,1.7599999904632568,1.809999942779541,1.809999942779541,93300
2024-09-12,1.7999999523162842,1.7999999523162842,1.7799999713897705,1.7899999618530273,1.7899999618530273,55600
2024-09-13,1.7999999523162842,1.809999942779541,1.7799999713897705,1.7899999618530273,1.7899999618530273,89800
2024-09-16,1.8700000047683716,1.8700000047683716,1.7999999523162842,1.809999942779541,1.809999942779541,79900
2024-09-17,1.8300000429153442,1.9700000286102295,1.8300000429153442,1.899999976158142,1.899999976158142,339100
2024-09-18,1.909999966621399,1.909999966621399,1.809999942779541,1.8600000143051147,1.8600000143051147,255700
2024-09-19,1.909999966621399,1.9299999475479126,1.8700000047683716,1.9199999570846558,1.9199999570846558,183800
2024-09-20,1.9299999475479126,1.9299999475479126,1.8799999952316284,1.8799999952316284,1.8799999952316284,78300
2024-09-23,1.8600000143051147,1.940000057220459,1.8600000143051147,1.8799999952316284,1.8799999952316284,115100
2024-09-24,1.9600000381469727,2.1500000953674316,1.9600000381469727,2.0999999046325684,2.0999999046325684,807600
2024-09-25,2.0799999237060547,2.0899999141693115,1.9700000286102295,2.0,2.0,323700
2024-09-26,2.0999999046325684,2.190000057220459,2.049999952316284,2.1700000762939453,2.1700000762939453,1523700
2024-09-27,2.2100000381469727,2.2899999618530273,2.130000114440918,2.2200000286102295,2.2200000286102295,1122700
2024-09-30,2.3499999046325684,2.440000057220459,2.2699999809265137,2.299999952316284,2.299999952316284,1693100
2024-10-01,2.2699999809265137,2.5,2.2200000286102295,2.490000009536743,2.490000009536743,810900
2024-10-02,2.6500000953674316,2.8299999237060547,2.6500000953674316,2.759999990463257,2.759999990463257,2169400
2024-10-03,2.630000114440918,2.890000104904175,2.5999999046325684,2.740000009536743,2.740000009536743,900600
2024-10-04,2.8399999141693115,2.869999885559082,2.6700000762939453,2.799999952316284,2.799999952316284,985200
2024-10-07,3.119999885559082,3.5,3.0999999046325684,3.369999885559082,3.369999885559082,4286900
2024-10-08,2.9600000381469727,3.200000047683716,2.809999942779541,2.9000000953674316,2.9000000953674316,2143300
2024-10-09,2.75,2.809999942779541,2.569999933242798,2.690000057220459,2.690000057220459,1406100
2024-10-10,2.7100000381469727,2.7200000286102295,2.5299999713897705,2.6500000953674316,2.6500000953674316,973300
2024-10-11,2.569999933242798,2.740000009536743,2.5399999618530273,2.6500000953674316,2.6500000953674316,692600
2024-10-14,2.609999895095825,2.6700000762939453,2.5,2.5199999809265137,2.5199999809265137,585200
2024-10-15,2.4200000762939453,2.490000009536743,2.3499999046325684,2.380000114440918,2.380000114440918,676500
2024-10-16,2.4200000762939453,2.430000066757202,2.3299999237060547,2.4100000858306885,2.4100000858306885,311400
2024-10-17,2.3399999141693115,2.3499999046325684,2.259999990463257,2.2899999618530273,2.2899999618530273,351500
2024-10-18,2.430000066757202,2.509999990463257,2.359999895095825,2.4000000953674316,2.4000000953674316,489000
2024-10-21,2.369999885559082,2.690000057220459,2.369999885559082,2.5799999237060547,2.5799999237060547,789400
2024-10-22,2.5799999237060547,2.809999942779541,2.5399999618530273,2.619999885559082,2.619999885559082,554600
2024-10-23,2.630000114440918,2.680000066757202,2.4100000858306885,2.4100000858306885,2.4100000858306885,428700
2024-10-24,2.390000104904175,2.440000057220459,2.359999895095825,2.4000000953674316,2.4000000953674316,235100
2024-10-25,2.4200000762939453,2.430000066757202,2.1700000762939453,2.2699999809265137,2.2699999809265137,1263700
2024-10-28,2.2899999618530273,2.5399999618530273,2.2899999618530273,2.5199999809265137,2.5199999809265137,621500
2024-10-29,2.5199999809265137,2.549999952316284,2.369999885559082,2.380000114440918,2.380000114440918,314800
2024-10-30,2.369999885559082,2.390000104904175,2.2799999713897705,2.3399999141693115,2.3399999141693115,319900
2024-10-31,2.309999942779541,2.309999942779541,2.180000066757202,2.299999952316284,2.299999952316284,374300
2024-11-01,2.3399999141693115,2.3399999141693115,2.2200000286102295,2.309999942779541,2.309999942779541,271600
2024-11-04,2.299999952316284,2.3399999141693115,2.2300000190734863,2.240000009536743,2.240000009536743,236100
2024-11-05,2.2799999713897705,2.3399999141693115,2.2699999809265137,2.2799999713897705,2.2799999713897705,313900
