Date,Open,High,Low,Close,Adj Close,Volume
2013-05-23,18.100000381469727,20.0,18.100000381469727,20.0,16.21689224243164,1800
2013-05-24,20.0,20.100000381469727,19.989999771118164,20.0,16.21689224243164,5500
2013-05-28,20.309999465942383,21.309999465942383,17.149999618530273,20.059999465942383,16.26555633544922,18200
2013-05-29,19.270000457763672,20.0,18.219999313354492,18.219999313354492,14.773594856262207,7100
2013-05-30,18.190000534057617,18.190000534057617,14.0600004196167,16.739999771118164,13.573542594909668,87000
2013-05-31,16.06999969482422,17.510000228881836,16.06999969482422,16.350000381469727,13.257318496704102,53200
2013-06-03,16.329999923706055,16.75,13.680000305175781,15.5,12.568099975585938,136200
2013-06-04,15.479999542236328,15.479999542236328,12.819999694824219,13.279999732971191,10.768021583557129,189200
2013-06-05,13.289999961853027,13.289999961853027,12.449999809265137,12.460000038146973,10.103128433227539,148800
2013-06-06,12.460000038146973,13.069999694824219,12.359999656677246,12.869999885559082,10.43557357788086,139800
2013-06-07,12.90999984741211,14.109999656677246,12.699999809265137,13.6899995803833,11.100468635559082,47000
2013-06-10,13.699999809265137,14.3100004196167,13.449999809265137,14.170000076293945,11.489673614501953,43200
2013-06-11,13.529999732971191,14.649999618530273,13.430000305175781,13.6899995803833,11.100468635559082,36200
2013-06-12,14.430000305175781,14.430000305175781,12.600000381469727,14.140000343322754,11.465348243713379,38100
2013-06-13,13.9399995803833,14.649999618530273,13.800000190734863,14.430000305175781,11.700494766235352,50700
2013-06-14,14.449999809265137,14.670000076293945,14.0,14.34000015258789,11.627518653869629,17900
2013-06-17,14.510000228881836,14.609999656677246,13.350000381469727,13.5600004196167,10.995058059692383,54800
2013-06-18,13.539999961853027,15.970000267028809,13.5,15.470000267028809,12.543771743774414,51600
2013-06-19,15.420000076293945,16.889999389648438,14.34000015258789,16.65999984741211,13.50867748260498,59000
2013-06-20,16.5,18.621000289916992,16.5,18.399999618530273,14.91955280303955,102700
2013-06-21,18.360000610351562,18.655000686645508,16.739999771118164,16.850000381469727,13.662739753723145,208800
2013-06-24,16.75,16.75,16.014999389648438,16.09000015258789,13.046494483947754,57000
2013-06-25,16.219999313354492,16.665000915527344,15.9350004196167,16.149999618530273,13.095147132873535,15600
2013-06-26,16.149999618530273,17.239999771118164,16.149999618530273,16.729999542236328,13.565439224243164,30700
2013-06-27,16.709999084472656,17.469999313354492,16.709999084472656,17.31999969482422,14.043834686279297,8400
2013-06-28,17.34000015258789,18.0,16.84000015258789,18.0,14.595209121704102,418600
2013-07-01,17.600000381469727,17.93000030517578,16.450000762939453,17.18000030517578,13.930323600769043,15100
2013-07-02,17.100000381469727,17.100000381469727,16.420000076293945,16.799999237060547,13.622193336486816,11300
2013-07-03,16.799999237060547,16.799999237060547,16.600000381469727,16.790000915527344,13.61408805847168,29200
2013-07-05,17.989999771118164,17.989999771118164,17.110000610351562,17.25,13.987079620361328,11800
2013-07-08,17.110000610351562,17.26099967956543,16.760000228881836,16.920000076293945,13.71949577331543,10600
2013-07-09,16.959999084472656,17.440000534057617,16.219999313354492,17.079999923706055,13.849231719970703,14700
2013-07-10,17.020000457763672,17.3439998626709,17.020000457763672,17.110000610351562,13.873562812805176,8200
2013-07-11,17.190000534057617,17.389999389648438,17.06999969482422,17.18000030517578,13.930323600769043,13500
2013-07-12,17.110000610351562,17.3799991607666,16.940000534057617,17.139999389648438,13.8978853225708,8400
2013-07-15,17.139999389648438,17.780000686645508,16.8700008392334,17.579999923706055,14.254655838012695,16200
2013-07-16,17.65999984741211,18.25,17.65999984741211,17.809999465942383,14.441149711608887,20500
2013-07-17,17.959999084472656,18.43000030517578,17.670000076293945,18.0,14.595209121704102,13600
2013-07-18,18.100000381469727,18.454999923706055,17.799999237060547,18.030000686645508,14.61954116821289,9500
2013-07-19,18.030000686645508,18.25,17.709999084472656,18.100000381469727,14.676295280456543,26800
2013-07-22,17.799999237060547,18.030000686645508,17.649999618530273,17.889999389648438,14.506020545959473,15600
2013-07-23,18.06999969482422,18.450000762939453,17.920000076293945,18.09000015258789,14.668185234069824,56100
2013-07-24,18.0,18.309999465942383,17.799999237060547,17.979999542236328,14.57899284362793,23100
2013-07-25,17.920000076293945,18.0,17.829999923706055,17.959999084472656,14.562774658203125,34300
2013-07-26,17.790000915527344,18.1200008392334,17.790000915527344,17.950000762939453,14.554668426513672,24300
2013-07-29,17.899999618530273,18.190000534057617,17.8700008392334,17.899999618530273,14.51412582397461,3900
2013-07-30,18.049999237060547,18.1299991607666,17.850000381469727,18.0,14.595209121704102,8000
2013-07-31,18.0,18.059999465942383,17.799999237060547,17.979999542236328,14.57899284362793,15900
2013-08-01,18.0,18.0,17.799999237060547,17.989999771118164,14.587105751037598,13000
2013-08-02,17.93000030517578,17.95199966430664,16.8799991607666,17.610000610351562,14.278984069824219,29500
2013-08-05,17.459999084472656,17.81999969482422,16.06999969482422,17.799999237060547,14.433039665222168,19100
2013-08-06,17.780000686645508,18.5,17.68000030517578,18.209999084472656,14.765490531921387,20700
2013-08-07,18.020000457763672,18.190000534057617,17.450000762939453,17.969999313354492,14.57088565826416,9800
2013-08-08,18.0,18.010000228881836,17.110000610351562,17.540000915527344,14.222225189208984,8700
2013-08-09,17.479999542236328,17.969999313354492,17.479999542236328,17.75,14.392496109008789,1000
2013-08-12,17.5,17.5,16.430999755859375,17.40999984741211,14.116815567016602,5200
2013-08-13,17.59000015258789,17.700000762939453,17.31999969482422,17.510000228881836,14.197894096374512,5500
2013-08-14,17.360000610351562,17.729999542236328,17.139999389648438,17.360000610351562,14.076271057128906,12700
2013-08-15,17.18000030517578,17.75,16.709999084472656,17.1200008392334,13.881668090820312,23500
2013-08-16,17.0,17.25,16.190000534057617,16.31999969482422,13.232988357543945,20800
2013-08-19,16.65999984741211,16.65999984741211,15.949999809265137,16.229999542236328,13.160017013549805,7900
2013-08-20,15.770000457763672,16.639999389648438,15.6850004196167,16.360000610351562,13.265423774719238,10500
2013-08-21,16.280000686645508,16.940000534057617,16.27199935913086,16.329999923706055,13.241100311279297,8800
2013-08-22,16.280000686645508,16.760000228881836,16.030000686645508,16.760000228881836,13.589762687683105,7200
2013-08-23,16.729999542236328,17.09000015258789,16.309999465942383,16.610000610351562,13.46813678741455,9600
2013-08-26,15.600000381469727,17.100000381469727,15.550000190734863,16.6299991607666,13.484354972839355,13800
2013-08-27,16.479999542236328,16.770000457763672,15.390000343322754,16.5,13.378942489624023,18200
2013-08-28,16.479999542236328,16.969999313354492,16.040000915527344,16.399999618530273,13.297857284545898,7700
2013-08-29,16.329999923706055,16.84000015258789,16.270000457763672,16.540000915527344,13.411380767822266,17700
2013-08-30,16.549999237060547,16.860000610351562,16.290000915527344,16.389999389648438,13.289751052856445,32000
2013-09-03,16.520000457763672,17.06999969482422,16.25,16.6200008392334,13.476245880126953,6000
2013-09-04,16.670000076293945,16.950000762939453,16.25,16.8799991607666,13.687058448791504,25800
2013-09-05,16.84000015258789,16.93000030517578,16.399999618530273,16.520000457763672,13.395159721374512,10600
2013-09-06,16.56999969482422,16.950000762939453,15.359999656677246,16.079999923706055,13.038387298583984,35700
2013-09-09,16.209999084472656,16.799999237060547,15.960000038146973,16.530000686645508,13.40326976776123,17000
2013-09-10,16.610000610351562,16.899999618530273,15.970000267028809,16.299999237060547,13.216773986816406,12000
2013-09-11,16.079999923706055,16.40999984741211,15.930000305175781,15.930000305175781,12.916763305664062,5700
2013-09-12,15.649999618530273,16.239999771118164,15.649999618530273,15.930000305175781,12.916763305664062,19200
2013-09-13,16.0,17.280000686645508,15.84000015258789,17.149999618530273,13.905991554260254,17000
2013-09-16,17.200000762939453,17.510000228881836,16.0,16.149999618530273,13.095147132873535,14800
2013-09-17,16.200000762939453,16.639999389648438,15.789999961853027,16.079999923706055,13.038387298583984,8700
2013-09-18,16.1200008392334,16.899999618530273,16.030000686645508,16.8700008392334,13.678954124450684,4900
2013-09-19,16.84000015258789,16.84000015258789,16.260000228881836,16.6200008392334,13.476245880126953,6300
2013-09-20,16.610000610351562,17.010000228881836,16.0,16.81999969482422,13.638410568237305,20800
2013-09-23,16.459999084472656,17.420000076293945,16.459999084472656,17.270000457763672,14.003294944763184,12100
2013-09-24,17.15999984741211,17.709999084472656,16.799999237060547,17.43000030517578,14.13302993774414,12700
2013-09-25,17.450000762939453,17.549999237060547,17.030000686645508,17.549999237060547,14.230331420898438,6200
2013-09-26,17.520000457763672,18.010000228881836,17.329999923706055,17.770000457763672,14.40871810913086,10600
2013-09-27,17.65999984741211,18.6299991607666,17.34000015258789,18.020000457763672,14.611427307128906,9100
2013-09-30,18.0,18.84000015258789,18.0,18.829999923706055,15.268216133117676,27900
2013-10-01,18.65999984741211,18.850000381469727,18.280000686645508,18.639999389648438,15.114151000976562,10300
2013-10-02,18.56999969482422,18.59000015258789,18.18000030517578,18.280000686645508,14.822249412536621,10000
2013-10-03,18.530000686645508,18.530000686645508,17.8799991607666,18.0,14.595209121704102,7400
2013-10-04,17.90999984741211,18.5,17.75,18.049999237060547,14.635751724243164,24600
2013-10-07,17.899999618530273,18.049999237060547,17.43000030517578,17.600000381469727,14.2708740234375,11200
2013-10-08,17.719999313354492,17.878000259399414,17.049999237060547,17.229999542236328,13.970857620239258,13300
2013-10-09,17.31999969482422,18.0,17.31999969482422,17.850000381469727,14.47358512878418,14500
2013-10-10,18.0,18.030000686645508,17.530000686645508,17.989999771118164,14.587105751037598,11200
2013-10-11,18.0,18.010000228881836,17.5,18.0,14.595209121704102,29400
2013-10-14,17.899999618530273,18.0,17.389999389648438,17.989999771118164,14.587105751037598,18000
2013-10-15,17.899999618530273,18.0,17.399999618530273,17.790000915527344,14.42493724822998,10000
2013-10-16,17.899999618530273,18.0,17.700000762939453,17.959999084472656,14.562774658203125,16300
2013-10-17,17.81999969482422,17.93000030517578,17.459999084472656,17.829999923706055,14.457367897033691,7500
2013-10-18,17.979999542236328,18.0,17.475000381469727,17.989999771118164,14.587105751037598,24800
2013-10-21,17.899999618530273,18.635000228881836,17.559999465942383,18.09000015258789,14.668185234069824,19700
2013-10-22,18.079999923706055,18.440000534057617,18.0,18.399999618530273,14.91955280303955,10900
2013-10-23,18.40999984741211,18.40999984741211,17.920000076293945,18.329999923706055,14.862786293029785,11300
2013-10-24,18.1200008392334,18.90999984741211,18.1200008392334,18.600000381469727,15.081719398498535,14300
2013-10-25,18.670000076293945,18.92300033569336,17.899999618530273,18.670000076293945,15.138474464416504,13600
2013-10-28,18.700000762939453,18.969999313354492,18.469999313354492,18.600000381469727,15.081719398498535,12000
2013-10-29,18.579999923706055,18.979999542236328,18.579999923706055,18.760000228881836,15.211453437805176,15700
2013-10-30,18.649999618530273,18.790000915527344,17.600000381469727,17.899999618530273,14.51412582397461,19200
2013-10-31,18.100000381469727,18.100000381469727,17.34000015258789,17.540000915527344,14.222225189208984,11600
2013-11-01,17.489999771118164,17.610000610351562,16.114999771118164,16.959999084472656,13.751927375793457,52200
2013-11-04,16.81999969482422,17.229999542236328,16.540000915527344,16.639999389648438,13.492462158203125,15400
2013-11-05,16.860000610351562,16.860000610351562,15.989999771118164,16.709999084472656,13.549220085144043,11300
2013-11-06,16.850000381469727,17.040000915527344,16.799999237060547,16.799999237060547,13.622193336486816,6500
2013-11-07,16.610000610351562,16.920000076293945,16.040000915527344,16.139999389648438,13.08703899383545,16600
2013-11-08,16.1299991607666,17.051000595092773,16.1299991607666,16.959999084472656,13.751927375793457,10400
2013-11-11,16.899999618530273,16.90999984741211,16.3799991607666,16.3799991607666,13.28164291381836,9900
2013-11-12,16.3799991607666,16.68000030517578,15.989999771118164,16.440000534057617,13.330293655395508,10200
2013-11-13,16.299999237060547,16.40999984741211,15.960000038146973,16.40999984741211,13.30596923828125,10000
2013-11-14,16.309999465942383,16.6299991607666,15.779999732971191,16.030000686645508,12.997847557067871,8600
2013-11-15,15.979999542236328,16.600000381469727,15.777000427246094,16.600000381469727,13.460027694702148,13600
2013-11-18,16.59000015258789,16.850000381469727,16.049999237060547,16.350000381469727,13.257318496704102,11900
2013-11-19,16.31999969482422,16.860000610351562,16.010000228881836,16.860000610351562,13.670845031738281,14600
2013-11-20,16.850000381469727,17.09000015258789,16.639999389648438,17.09000015258789,13.857342720031738,10100
2013-11-21,16.760000228881836,17.600000381469727,16.739999771118164,17.479999542236328,14.173574447631836,11500
2013-11-22,17.43000030517578,17.700000762939453,16.850000381469727,17.299999237060547,14.027618408203125,13900
2013-11-25,17.020000457763672,17.610000610351562,16.809999465942383,17.459999084472656,14.157357215881348,12700
2013-11-26,17.450000762939453,18.200000762939453,15.6899995803833,18.0,14.595209121704102,11900
2013-11-27,18.030000686645508,19.0,17.700000762939453,18.670000076293945,15.138474464416504,29400
2013-11-29,18.8799991607666,18.8799991607666,17.979999542236328,18.309999465942383,14.84657096862793,8500
2013-12-02,18.290000915527344,18.6200008392334,17.43000030517578,18.049999237060547,14.635751724243164,13600
2013-12-03,17.969999313354492,18.25,17.520999908447266,17.780000686645508,14.416821479797363,56700
2013-12-04,17.940000534057617,18.0,17.079999923706055,17.190000534057617,13.938431739807129,22000
2013-12-05,17.139999389648438,17.5,16.350000381469727,16.75,13.58165454864502,9200
2013-12-06,16.850000381469727,17.299999237060547,16.408000946044922,17.229999542236328,13.970857620239258,5800
2013-12-09,17.290000915527344,17.450000762939453,17.0,17.40999984741211,14.116815567016602,10100
2013-12-10,17.56999969482422,17.56999969482422,16.479999542236328,16.829999923706055,13.64651870727539,42500
2013-12-11,16.899999618530273,16.899999618530273,16.280000686645508,16.56999969482422,13.435700416564941,7800
2013-12-12,16.049999237060547,16.540000915527344,15.90999984741211,16.15999984741211,13.103253364562988,56400
2013-12-13,16.200000762939453,16.559999465942383,15.899999618530273,16.540000915527344,13.411380767822266,75000
2013-12-16,16.600000381469727,17.25,16.190000534057617,17.0049991607666,13.788421630859375,17800
2013-12-17,16.950000762939453,17.5,16.440000534057617,17.479999542236328,14.173574447631836,17300
2013-12-18,17.020000457763672,18.0,16.947999954223633,17.989999771118164,14.587105751037598,18700
2013-12-19,17.93000030517578,17.93000030517578,17.329999923706055,17.329999923706055,14.051944732666016,10700
2013-12-20,17.299999237060547,17.93000030517578,17.149999618530273,17.579999923706055,14.254655838012695,66100
2013-12-23,17.68000030517578,17.989999771118164,17.520999908447266,17.81999969482422,14.449260711669922,7900
2013-12-24,17.950000762939453,18.200000762939453,17.93000030517578,18.0,14.595209121704102,3500
2013-12-26,18.1200008392334,18.190000534057617,18.1200008392334,18.149999618530273,14.716840744018555,3500
2013-12-27,18.229999542236328,18.260000228881836,17.690000534057617,18.15999984741211,14.724945068359375,5900
2013-12-30,18.350000381469727,18.450000762939453,18.030000686645508,18.309999465942383,14.84657096862793,6700
2013-12-31,18.360000610351562,19.0,18.360000610351562,18.81999969482422,15.260104179382324,19300
2014-01-02,18.450000762939453,19.0,18.450000762939453,18.510000228881836,15.008739471435547,8900
2014-01-03,18.540000915527344,18.540000915527344,18.020000457763672,18.209999084472656,14.765490531921387,4500
2014-01-06,18.209999084472656,18.850000381469727,18.200000762939453,18.799999237060547,15.24388313293457,9300
2014-01-07,18.790000915527344,19.0,18.3799991607666,18.59000015258789,15.073612213134766,9200
2014-01-08,18.450000762939453,18.5,16.969999313354492,17.729999542236328,14.376282691955566,13300
2014-01-09,17.81999969482422,17.81999969482422,17.0,17.34000015258789,14.060050964355469,4000
2014-01-10,17.360000610351562,17.489999771118164,16.809999465942383,17.489999771118164,14.181684494018555,10600
2014-01-13,17.40999984741211,17.909000396728516,16.25,16.649999618530273,13.500571250915527,12600
2014-01-14,16.700000762939453,17.128999710083008,16.579999923706055,16.969999313354492,13.760041236877441,7300
2014-01-15,16.950000762939453,17.079999923706055,16.42300033569336,16.950000762939453,13.74382495880127,11900
2014-01-16,16.84000015258789,17.010000228881836,16.31999969482422,16.31999969482422,13.232988357543945,12200
2014-01-17,16.34000015258789,18.969999313354492,16.0,16.0,12.973522186279297,18500
2014-01-21,16.149999618530273,16.3799991607666,13.800000190734863,16.09000015258789,13.046494483947754,11600
2014-01-22,15.979999542236328,16.709999084472656,15.979999542236328,16.459999084472656,13.346508979797363,12700
2014-01-23,16.299999237060547,16.299999237060547,15.5649995803833,15.84000015258789,12.843786239624023,20100
2014-01-24,15.699999809265137,16.445999145507812,15.670000076293945,15.800000190734863,12.81135368347168,15800
2014-01-27,15.550000190734863,15.949999809265137,15.21500015258789,15.649999618530273,12.689724922180176,15300
2014-01-28,15.619999885559082,15.800000190734863,15.5,15.59000015258789,12.641073226928711,22700
2014-01-29,15.430000305175781,15.579999923706055,14.850000381469727,14.850000381469727,12.041049003601074,12000
2014-01-30,15.020000457763672,15.680000305175781,14.890000343322754,15.510000228881836,12.576210021972656,27600
2014-01-31,15.229999542236328,15.380000114440918,15.0,15.0,12.162675857543945,12700
2014-02-03,15.050000190734863,15.600000381469727,13.75,14.329999923706055,11.619409561157227,41200
2014-02-04,14.949999809265137,14.970000267028809,14.369999885559082,14.729999542236328,11.943746566772461,13400
2014-02-05,14.729999542236328,15.010000228881836,14.210000038146973,14.319999694824219,11.611300468444824,16600
2014-02-06,14.40999984741211,14.539999961853027,14.100000381469727,14.279999732971191,11.578868865966797,11800
2014-02-07,14.369999885559082,14.59000015258789,13.960000038146973,14.15999984741211,11.481562614440918,21600
2014-02-10,14.220000267028809,14.529999732971191,13.640000343322754,14.079999923706055,11.41669750213623,25000
2014-02-11,14.329999923706055,14.739999771118164,14.25,14.640000343322754,11.870772361755371,14500
2014-02-12,14.802000045776367,15.220000267028809,14.369999885559082,15.010000228881836,12.170785903930664,15400
2014-02-13,14.819999694824219,15.399999618530273,14.116000175476074,15.3100004196167,12.41403865814209,16100
2014-02-14,15.34000015258789,15.970000267028809,15.15999984741211,15.34000015258789,12.438364028930664,13300
2014-02-18,15.199999809265137,15.845000267028809,15.100000381469727,15.65999984741211,12.697834014892578,52600
2014-02-19,15.600000381469727,16.43000030517578,15.460000038146973,16.06999969482422,13.030277252197266,21300
2014-02-20,16.15999984741211,16.5,15.609999656677246,16.290000915527344,13.20866584777832,14200
2014-02-21,16.389999389648438,17.100000381469727,16.389999389648438,16.760000228881836,13.589762687683105,30200
2014-02-24,16.687999725341797,17.239999771118164,16.549999237060547,17.030000686645508,13.80869197845459,11200
2014-02-25,16.950000762939453,16.959999084472656,16.270000457763672,16.75,13.58165454864502,17400
2014-02-26,16.829999923706055,17.450000762939453,16.760000228881836,17.100000381469727,13.865450859069824,14300
2014-02-27,17.110000610351562,17.1200008392334,16.950000762939453,17.1200008392334,13.881668090820312,6800
2014-02-28,17.170000076293945,18.020000457763672,16.25,17.5,14.189788818359375,21800
2014-03-03,17.399999618530273,17.799999237060547,16.799999237060547,17.799999237060547,14.433039665222168,15300
2014-03-04,18.0,19.450000762939453,17.780000686645508,19.1200008392334,15.503358840942383,45600
2014-03-05,19.010000228881836,19.010000228881836,18.47800064086914,18.709999084472656,15.17090892791748,16200
2014-03-06,18.75,19.59000015258789,18.5,19.079999923706055,15.470918655395508,13300
2014-03-07,19.139999389648438,19.18000030517578,18.649999618530273,18.790000915527344,15.235780715942383,14100
2014-03-10,18.700000762939453,18.8799991607666,18.5,18.799999237060547,15.24388313293457,9500
2014-03-11,18.799999237060547,18.93000030517578,18.350000381469727,18.540000915527344,15.033069610595703,22900
2014-03-12,18.520000457763672,19.079999923706055,15.899999618530273,18.8799991607666,15.308755874633789,14400
2014-03-13,18.899999618530273,18.899999618530273,18.290000915527344,18.5,15.000632286071777,63800
2014-03-14,18.3799991607666,18.81999969482422,17.950000762939453,18.0,14.595209121704102,13400
2014-03-17,17.510000228881836,18.100000381469727,17.510000228881836,17.90999984741211,14.522238731384277,9900
2014-03-18,17.510000228881836,18.058000564575195,17.510000228881836,17.915000915527344,14.526287078857422,7700
2014-03-19,17.559999465942383,17.780000686645508,16.88800048828125,17.540000915527344,14.222225189208984,10100
2014-03-20,17.440000534057617,17.649999618530273,17.0,17.5,14.189788818359375,18000
2014-03-21,17.56999969482422,17.610000610351562,16.899999618530273,17.010000228881836,13.792474746704102,23600
2014-03-24,16.979999542236328,17.049999237060547,16.344999313354492,16.639999389648438,13.492462158203125,19600
2014-03-25,16.540000915527344,17.649999618530273,16.540000915527344,17.6299991607666,14.295195579528809,17500
2014-03-26,17.780000686645508,17.950000762939453,16.040000915527344,16.950000762939453,13.74382495880127,35100
2014-03-27,17.040000915527344,17.56999969482422,16.2450008392334,16.43000030517578,13.322185516357422,12400
2014-03-28,16.399999618530273,17.100000381469727,16.350000381469727,16.450000762939453,13.338400840759277,7500
2014-03-31,16.600000381469727,17.18000030517578,16.440000534057617,16.59000015258789,13.45191764831543,27000
2014-04-01,16.65999984741211,17.200000762939453,16.43000030517578,16.75,13.58165454864502,15000
2014-04-02,16.780000686645508,16.780000686645508,16.5,16.6299991607666,13.484354972839355,6100
2014-04-03,16.700000762939453,16.81999969482422,16.229999542236328,16.469999313354492,13.35461711883545,10700
2014-04-04,16.65999984741211,17.0,16.200000762939453,16.219999313354492,13.151905059814453,17600
2014-04-07,16.219999313354492,16.719999313354492,16.059999465942383,16.139999389648438,13.08703899383545,13200
2014-04-08,16.639999389648438,16.639999389648438,16.209999084472656,16.260000228881836,13.184340476989746,13700
2014-04-09,16.3799991607666,16.6200008392334,16.209999084472656,16.360000610351562,13.265423774719238,11500
2014-04-10,16.209999084472656,16.420000076293945,15.460000038146973,15.520000457763672,12.584315299987793,26200
2014-04-11,15.350000381469727,16.270000457763672,15.270000457763672,15.539999961853027,12.600529670715332,14900
2014-04-14,15.729999542236328,16.5,15.65999984741211,15.800000190734863,12.81135368347168,11400
2014-04-15,15.930000305175781,16.149999618530273,15.770000457763672,16.010000228881836,12.981629371643066,7200
2014-04-16,16.190000534057617,16.209999084472656,15.819999694824219,15.979999542236328,12.957303047180176,14800
2014-04-17,15.979999542236328,16.239999771118164,15.859999656677246,16.149999618530273,13.095147132873535,14000
2014-04-21,16.15999984741211,16.690000534057617,16.15999984741211,16.40999984741211,13.30596923828125,7400
2014-04-22,16.489999771118164,16.739999771118164,16.350000381469727,16.559999465942383,13.427593231201172,7500
2014-04-23,16.459999084472656,16.56999969482422,16.06999969482422,16.149999618530273,13.095147132873535,16600
2014-04-24,16.31999969482422,16.31999969482422,15.859999656677246,16.049999237060547,13.014062881469727,11000
2014-04-25,15.9399995803833,16.049999237060547,15.800000190734863,15.930000305175781,12.916763305664062,11900
2014-04-28,16.110000610351562,16.329999923706055,15.930000305175781,16.06999969482422,13.030277252197266,8300
2014-04-29,16.209999084472656,16.209999084472656,15.899999618530273,15.949999809265137,12.932978630065918,8700
2014-04-30,15.84000015258789,15.899999618530273,15.75,15.760000228881836,12.778918266296387,10400
2014-05-01,15.789999961853027,15.960000038146973,14.760000228881836,15.289999961853027,12.397819519042969,28800
2014-05-02,15.319999694824219,16.030000686645508,15.319999694824219,15.5600004196167,12.616748809814453,17200
2014-05-05,15.369999885559082,15.729999542236328,15.0,15.279999732971191,12.389711380004883,10300
2014-05-06,15.119999885559082,15.3100004196167,14.550000190734863,14.550000190734863,11.797798156738281,29300
2014-05-07,14.770000457763672,15.25,14.649999618530273,15.0,12.162675857543945,13500
2014-05-08,15.039999961853027,15.529999732971191,14.770000457763672,14.949999809265137,12.1221342086792,18900
2014-05-09,14.869999885559082,15.59000015258789,14.869999885559082,15.59000015258789,12.641073226928711,21200
2014-05-12,15.619999885559082,16.520000457763672,15.619999885559082,16.520000457763672,13.395159721374512,23500
2014-05-13,16.399999618530273,16.469999313354492,15.5,15.5,12.568099975585938,31200
2014-05-14,15.539999961853027,15.710000038146973,14.739999771118164,14.850000381469727,12.041049003601074,25600
2014-05-15,14.829999923706055,15.069999694824219,14.479999542236328,14.5,11.757251739501953,17500
2014-05-16,14.479999542236328,15.380000114440918,14.0,14.880000114440918,12.065374374389648,40500
2014-05-19,14.8100004196167,14.8100004196167,14.220000267028809,14.710000038146973,11.927528381347656,10900
2014-05-20,14.600000381469727,14.600000381469727,14.0,14.369999885559082,11.651844024658203,27500
2014-05-21,14.399999618530273,14.5,14.039999961853027,14.130000114440918,11.45724105834961,22200
2014-05-22,14.149999618530273,14.460000038146973,14.0600004196167,14.319999694824219,11.611300468444824,10800
2014-05-23,14.229999542236328,14.5,14.180000305175781,14.319999694824219,11.611300468444824,22100
2014-05-27,14.5,15.359999656677246,14.15999984741211,15.34000015258789,12.438364028930664,21400
2014-05-28,15.220000267028809,15.520000457763672,15.0600004196167,15.0600004196167,12.211324691772461,7000
2014-05-29,15.140000343322754,15.4399995803833,15.010000228881836,15.079999923706055,12.227542877197266,6000
2014-05-30,15.149999618530273,15.989999771118164,14.930000305175781,15.050000190734863,12.203218460083008,22000
2014-06-02,15.170000076293945,15.489999771118164,14.670000076293945,15.010000228881836,12.170785903930664,11400
2014-06-03,14.979999542236328,15.109999656677246,14.279999732971191,14.319999694824219,11.611300468444824,9600
2014-06-04,14.300000190734863,14.609999656677246,13.039999961853027,13.039999961853027,10.573418617248535,45900
2014-06-05,13.149999618530273,14.260000228881836,13.149999618530273,14.029999732971191,11.376157760620117,32900
2014-06-06,14.170000076293945,14.699999809265137,13.579999923706055,13.850000381469727,11.230205535888672,17300
2014-06-09,13.899999618530273,14.4399995803833,13.59000015258789,13.710000038146973,11.11668586730957,17700
2014-06-10,13.720000267028809,14.170000076293945,13.380000114440918,14.0,11.35183334350586,26900
2014-06-11,13.84000015258789,13.880000114440918,13.300000190734863,13.65999984741211,11.076141357421875,19700
2014-06-12,13.5600004196167,13.800000190734863,13.279999732971191,13.520000457763672,10.962624549865723,12900
2014-06-13,13.619999885559082,14.199999809265137,13.279999732971191,13.319999694824219,10.800456047058105,12500
2014-06-16,13.449999809265137,14.0,13.039999961853027,13.619999885559082,11.043707847595215,59000
2014-06-17,13.59000015258789,14.300000190734863,13.359999656677246,14.050000190734863,11.392373085021973,26900
2014-06-18,13.850000381469727,14.380000114440918,13.739999771118164,14.1899995803833,11.505889892578125,8000
2014-06-19,14.34000015258789,14.850000381469727,14.180000305175781,14.6899995803833,11.911312103271484,27600
2014-06-20,14.829999923706055,15.350000381469727,14.649999618530273,14.789999961853027,11.992400169372559,39800
2014-06-23,14.789999961853027,14.789999961853027,13.949999809265137,14.039999961853027,11.384263038635254,16500
2014-06-24,14.220000267028809,14.979999542236328,13.970000267028809,14.149999618530273,11.473458290100098,14200
2014-06-25,14.130000114440918,14.720000267028809,14.010000228881836,14.539999961853027,11.789685249328613,12600
2014-06-26,14.520000457763672,14.520000457763672,14.0,14.119999885559082,11.449131965637207,16900
2014-06-27,13.979999542236328,15.248000144958496,13.600000381469727,13.760000228881836,11.157225608825684,156800
2014-06-30,13.979999542236328,14.380000114440918,13.350000381469727,13.989999771118164,11.343721389770508,15400
2014-07-01,13.989999771118164,14.380000114440918,13.819999694824219,14.0,11.35183334350586,27300
2014-07-02,13.949999809265137,14.010000228881836,13.720000267028809,13.770000457763672,11.165334701538086,11100
2014-07-03,13.800000190734863,13.960000038146973,13.649999618530273,13.949999809265137,11.31128978729248,6300
2014-07-07,13.729999542236328,13.850000381469727,13.609999656677246,13.609999656677246,11.035600662231445,18000
2014-07-08,13.529999732971191,14.050000190734863,13.380000114440918,13.8100004196167,11.197769165039062,21700
2014-07-09,13.930000305175781,13.930000305175781,13.600000381469727,13.75,11.149120330810547,9000
2014-07-10,13.449999809265137,13.880000114440918,13.40999984741211,13.5600004196167,10.995058059692383,17700
2014-07-11,13.600000381469727,14.020000457763672,13.5,13.8100004196167,11.197769165039062,17400
2014-07-14,13.960000038146973,13.989999771118164,13.779999732971191,13.779999732971191,11.173444747924805,7600
2014-07-15,13.699999809265137,14.229999542236328,13.59000015258789,13.760000228881836,11.157225608825684,18900
2014-07-16,13.890000343322754,14.220000267028809,13.600000381469727,13.6899995803833,11.100468635559082,15300
2014-07-17,13.619999885559082,14.199999809265137,13.180000305175781,13.34000015258789,10.816671371459961,26400
2014-07-18,13.229999542236328,14.020000457763672,12.770000457763672,13.979999542236328,11.335615158081055,23000
2014-07-21,13.789999961853027,14.220000267028809,13.630000114440918,13.800000190734863,11.189659118652344,16000
2014-07-22,13.859999656677246,14.430000305175781,13.859999656677246,14.34000015258789,11.627518653869629,14800
2014-07-23,14.4399995803833,14.720000267028809,14.279999732971191,14.350000381469727,11.635626792907715,12600
2014-07-24,14.289999961853027,14.800000190734863,13.649999618530273,13.65999984741211,11.076141357421875,10700
2014-07-25,13.510000228881836,14.25,13.399999618530273,13.40999984741211,10.873433113098145,22400
2014-07-28,13.5,13.6899995803833,13.420000076293945,13.5,10.946407318115234,5000
2014-07-29,13.579999923706055,13.649999618530273,13.479999542236328,13.539999961853027,10.978845596313477,8200
2014-07-30,13.550000190734863,13.859999656677246,13.15999984741211,13.520000457763672,10.962624549865723,8900
2014-07-31,13.329999923706055,13.430000305175781,13.050000190734863,13.210000038146973,10.711260795593262,21600
2014-08-01,13.229999542236328,13.430000305175781,13.0600004196167,13.220000267028809,10.719371795654297,13400
2014-08-04,13.229999542236328,13.680000305175781,13.100000381469727,13.279999732971191,10.768021583557129,18800
2014-08-05,13.25,13.59000015258789,13.100000381469727,13.220000267028809,10.719371795654297,13000
2014-08-06,13.100000381469727,14.270000457763672,13.0,14.0600004196167,11.400484085083008,13900
2014-08-07,14.039999961853027,14.039999961853027,13.359999656677246,13.720000267028809,11.124794960021973,12300
2014-08-08,13.710000038146973,13.979999542236328,13.4399995803833,13.949999809265137,11.31128978729248,9100
2014-08-11,14.010000228881836,14.130000114440918,13.850000381469727,13.989999771118164,11.343721389770508,7000
2014-08-12,13.880000114440918,13.970000267028809,13.670000076293945,13.8100004196167,11.197769165039062,4200
2014-08-13,13.899999618530273,13.899999618530273,13.390000343322754,13.619999885559082,11.043707847595215,7100
2014-08-14,13.520000457763672,13.850000381469727,12.989999771118164,13.529999732971191,10.970735549926758,8700
2014-08-15,13.770000457763672,13.770000457763672,12.699999809265137,12.989999771118164,10.532876014709473,23700
2014-08-18,13.100000381469727,14.0,13.100000381469727,13.8100004196167,11.197769165039062,32800
2014-08-19,13.819999694824219,14.119999885559082,13.40999984741211,14.010000228881836,11.359940528869629,17900
2014-08-20,13.949999809265137,13.949999809265137,13.3100004196167,13.600000381469727,11.027496337890625,9600
2014-08-21,13.640000343322754,14.0,13.420000076293945,13.800000190734863,11.189659118652344,9500
2014-08-22,13.729999542236328,14.029999732971191,13.270000457763672,13.569999694824219,11.003167152404785,13700
2014-08-25,13.6899995803833,13.859999656677246,13.350000381469727,13.5,10.946407318115234,14000
2014-08-26,13.380000114440918,13.649999618530273,13.15999984741211,13.649999618530273,11.068033218383789,13100
2014-08-27,13.609999656677246,13.90999984741211,13.260000228881836,13.770000457763672,11.165334701538086,8300
2014-08-28,13.8100004196167,13.8100004196167,13.460000038146973,13.510000228881836,10.954516410827637,14600
2014-08-29,13.539999961853027,14.0,13.539999961853027,13.989999771118164,11.343721389770508,7500
2014-09-02,13.979999542236328,14.470000267028809,13.670000076293945,14.15999984741211,11.481562614440918,34500
2014-09-03,14.279999732971191,14.460000038146973,13.920000076293945,14.210000038146973,11.522107124328613,17200
2014-09-04,14.899999618530273,14.949999809265137,13.899999618530273,14.270000457763672,11.570758819580078,11800
2014-09-05,14.1899995803833,14.600000381469727,13.819999694824219,13.869999885559082,11.246420860290527,11000
2014-09-08,13.880000114440918,14.479999542236328,13.5,14.350000381469727,11.635626792907715,19800
2014-09-09,14.279999732971191,14.390000343322754,14.010000228881836,14.050000190734863,11.392373085021973,10200
2014-09-10,15.010000228881836,15.010000228881836,13.869999885559082,14.300000190734863,11.595085144042969,14900
2014-09-11,14.229999542236328,14.510000228881836,13.949999809265137,14.430000305175781,11.700494766235352,12300
2014-09-12,14.449999809265137,14.640000343322754,14.300000190734863,14.3100004196167,11.603193283081055,12800
2014-09-15,14.399999618530273,14.5,14.210000038146973,14.300000190734863,11.595085144042969,10600
2014-09-16,14.25,14.869999885559082,13.859999656677246,14.199999809265137,11.513998031616211,25100
2014-09-17,13.859999656677246,14.699999809265137,13.859999656677246,14.359999656677246,11.643732070922852,10300
2014-09-18,14.479999542236328,14.829999923706055,13.930000305175781,14.020000457763672,11.368048667907715,22400
2014-09-19,14.020000457763672,14.5,13.15999984741211,13.15999984741211,10.6707181930542,23600
2014-09-22,13.100000381469727,13.550000190734863,13.039999961853027,13.069999694824219,10.597745895385742,13800
2014-09-23,13.010000228881836,13.380000114440918,13.0,13.039999961853027,10.573418617248535,12700
2014-09-24,13.130000114440918,13.449999809265137,13.130000114440918,13.390000343322754,10.85721492767334,7100
2014-09-25,13.609999656677246,13.609999656677246,13.300000190734863,13.40999984741211,10.873433113098145,14900
2014-09-26,13.420000076293945,14.229999542236328,13.329999923706055,13.970000267028809,11.327507972717285,15900
2014-09-29,13.760000228881836,14.050000190734863,13.279999732971191,13.5600004196167,10.995058059692383,37800
2014-09-30,13.270000457763672,13.34000015258789,12.859999656677246,13.010000228881836,10.549095153808594,19000
2014-10-01,12.920000076293945,13.479999542236328,12.40999984741211,12.550000190734863,10.176106452941895,22200
2014-10-02,12.600000381469727,13.380000114440918,12.600000381469727,13.319999694824219,10.800456047058105,14700
2014-10-03,13.5,13.779999732971191,13.100000381469727,13.539999961853027,10.978845596313477,17200
2014-10-06,13.489999771118164,13.989999771118164,13.449999809265137,13.479999542236328,10.930191993713379,8300
2014-10-07,13.4399995803833,13.4399995803833,12.84000015258789,13.069999694824219,10.597745895385742,4700
2014-10-08,13.100000381469727,13.779999732971191,13.100000381469727,13.640000343322754,11.059924125671387,9400
2014-10-09,13.430000305175781,13.600000381469727,13.420000076293945,13.430000305175781,10.889650344848633,9400
2014-10-10,13.329999923706055,13.520000457763672,12.8100004196167,13.470000267028809,10.922083854675293,7600
2014-10-13,13.529999732971191,14.300000190734863,12.819999694824219,14.170000076293945,11.489673614501953,11600
2014-10-14,14.329999923706055,15.319999694824219,13.600000381469727,14.380000114440918,11.659951210021973,11500
2014-10-15,14.149999618530273,15.789999961853027,14.029999732971191,15.029999732971191,12.18700122833252,24800
2014-10-16,14.800000190734863,15.800000190734863,14.770000457763672,14.819999694824219,12.016722679138184,13700
2014-10-17,15.069999694824219,15.069999694824219,14.279999732971191,14.640000343322754,11.870772361755371,18400
2014-10-20,14.640000343322754,14.739999771118164,14.100000381469727,14.739999771118164,11.95185661315918,18000
2014-10-21,14.760000228881836,15.050000190734863,14.680000305175781,15.0,12.162675857543945,13400
2014-10-22,14.970000267028809,16.100000381469727,13.789999961853027,13.989999771118164,11.343721389770508,16400
2014-10-23,14.550000190734863,14.550000190734863,13.539999961853027,14.0600004196167,11.400484085083008,23300
2014-10-24,14.100000381469727,14.210000038146973,13.6899995803833,14.180000305175781,11.497785568237305,11000
2014-10-27,14.149999618530273,14.640000343322754,13.90999984741211,14.569999694824219,11.814010620117188,18000
2014-10-28,14.520000457763672,15.4399995803833,14.270000457763672,15.039999961853027,12.195110321044922,24600
2014-10-29,15.930000305175781,15.930000305175781,14.850000381469727,15.149999618530273,12.28430461883545,10100
2014-10-30,15.079999923706055,16.139999389648438,14.5600004196167,16.1299991607666,13.078930854797363,19700
2014-10-31,16.549999237060547,16.549999237060547,15.460000038146973,15.890000343322754,12.884330749511719,26200
2014-11-03,15.970000267028809,16.270000457763672,15.470000267028809,15.529999732971191,12.592422485351562,12200
2014-11-04,15.550000190734863,16.600000381469727,14.569999694824219,16.200000762939453,13.135688781738281,6200
2014-11-05,16.110000610351562,17.739999771118164,15.430000305175781,16.579999923706055,13.443812370300293,6800
2014-11-06,17.219999313354492,17.219999313354492,16.350000381469727,17.010000228881836,13.792474746704102,17200
2014-11-07,16.920000076293945,17.270000457763672,16.049999237060547,17.049999237060547,13.824910163879395,7500
2014-11-10,16.989999771118164,17.329999923706055,16.309999465942383,17.15999984741211,13.914103507995605,19400
2014-11-11,17.3799991607666,17.690000534057617,17.190000534057617,17.690000534057617,14.343847274780273,7900
2014-11-12,17.530000686645508,17.950000762939453,16.43000030517578,17.950000762939453,14.554668426513672,6500
2014-11-13,17.989999771118164,18.399999618530273,17.489999771118164,17.969999313354492,14.57088565826416,15800
2014-11-14,17.93000030517578,17.93000030517578,16.0,17.260000228881836,13.995183944702148,9000
2014-11-17,17.239999771118164,17.239999771118164,16.110000610351562,16.290000915527344,13.20866584777832,13500
2014-11-18,16.149999618530273,16.209999084472656,15.420000076293945,15.529999732971191,12.592422485351562,26000
2014-11-19,15.40999984741211,15.40999984741211,13.899999618530273,14.039999961853027,11.384263038635254,22600
2014-11-20,13.899999618530273,14.449999809265137,13.109999656677246,14.279999732971191,11.578868865966797,11300
2014-11-21,14.470000267028809,14.680000305175781,13.8100004196167,14.09000015258789,11.424809455871582,21600
2014-11-24,14.140000343322754,15.149999618530273,14.140000343322754,15.149999618530273,12.28430461883545,4600
2014-11-25,15.119999885559082,15.829999923706055,15.100000381469727,15.140000343322754,12.276192665100098,11000
2014-11-26,15.0,15.0,14.609999656677246,14.859999656677246,12.04915714263916,5600
2014-11-28,14.819999694824219,14.880000114440918,14.130000114440918,14.15999984741211,11.481562614440918,3800
2014-12-01,14.039999961853027,14.53499984741211,13.75,13.819999694824219,11.205878257751465,11600
2014-12-02,13.260000228881836,14.0,13.260000228881836,13.9399995803833,11.303180694580078,5200
2014-12-03,14.529999732971191,14.619999885559082,13.829999923706055,13.850000381469727,11.230205535888672,10400
2014-12-04,13.800000190734863,13.949999809265137,13.649999618530273,13.649999618530273,11.068033218383789,5000
2014-12-05,13.630000114440918,14.319999694824219,13.630000114440918,14.260000228881836,11.562650680541992,9900
2014-12-08,14.170000076293945,15.880000114440918,14.170000076293945,14.859999656677246,12.04915714263916,4200
2014-12-09,14.75,15.170000076293945,13.621000289916992,14.970000267028809,12.138351440429688,13000
2014-12-10,14.84000015258789,14.875,14.050000190734863,14.15999984741211,11.481562614440918,14300
2014-12-11,14.086000442504883,14.449999809265137,13.9399995803833,14.100000381469727,11.432917594909668,13400
2014-12-12,13.859999656677246,13.890000343322754,13.079999923706055,13.130000114440918,10.646397590637207,10400
2014-12-15,13.130000114440918,13.539999961853027,12.920000076293945,13.369999885559082,10.840997695922852,73400
2014-12-16,13.430000305175781,14.850000381469727,13.430000305175781,14.0,11.35183334350586,27000
2014-12-17,14.0,14.460000038146973,13.760000228881836,14.0,11.35183334350586,12500
2014-12-18,14.0,14.1899995803833,13.800000190734863,13.960000038146973,11.319397926330566,7100
2014-12-19,13.880000114440918,14.5,13.430000305175781,13.789999961853027,11.181550025939941,27900
2014-12-22,13.9399995803833,14.329999923706055,13.9399995803833,14.199999809265137,11.513998031616211,6300
2014-12-23,14.270000457763672,14.520000457763672,14.210000038146973,14.210000038146973,11.522107124328613,18300
2014-12-24,14.300000190734863,14.300000190734863,13.789999961853027,14.029999732971191,11.376157760620117,10700
2014-12-26,13.989999771118164,14.109999656677246,13.899999618530273,13.989999771118164,11.343721389770508,7200
2014-12-29,14.0,14.0,13.850000381469727,13.989999771118164,11.39258098602295,8100
2014-12-30,14.0,14.0,13.899999618530273,13.960000038146973,11.368154525756836,5400
2014-12-31,13.850000381469727,14.0,13.850000381469727,13.989999771118164,11.39258098602295,10500
2015-01-02,13.989999771118164,14.0,13.84000015258789,13.850000381469727,11.278576850891113,4100
2015-01-05,13.6899995803833,13.850000381469727,13.119999885559082,13.170000076293945,10.724825859069824,7500
2015-01-06,13.210000038146973,13.4399995803833,13.0,13.079999923706055,10.651535034179688,10800
2015-01-07,13.220000267028809,13.510000228881836,13.020000457763672,13.510000228881836,11.001701354980469,4300
2015-01-08,13.569999694824219,14.0,13.569999694824219,13.989999771118164,11.39258098602295,8000
2015-01-09,13.779999732971191,13.779999732971191,13.26099967956543,13.350000381469727,10.871404647827148,6500
2015-01-12,13.199999809265137,13.579999923706055,13.130000114440918,13.15999984741211,10.716680526733398,4400
2015-01-13,13.289999961853027,13.65999984741211,13.210000038146973,13.220000267028809,10.765542984008789,6200
2015-01-14,13.140000343322754,13.430000305175781,13.0,13.260000228881836,10.798116683959961,2500
2015-01-15,13.229999542236328,13.526000022888184,13.100000381469727,13.109999656677246,10.6759672164917,6100
2015-01-16,13.039999961853027,13.699999809265137,13.039999961853027,13.390000343322754,10.90398120880127,11800
2015-01-20,13.40999984741211,14.970000267028809,13.40999984741211,14.3100004196167,11.653172492980957,16900
2015-01-21,14.199999809265137,14.510000228881836,13.720000267028809,13.90999984741211,11.327435493469238,12100
2015-01-22,14.069999694824219,14.569999694824219,13.510000228881836,14.270000457763672,11.620595932006836,14100
2015-01-23,14.319999694824219,14.390000343322754,14.09000015258789,14.09000015258789,11.474019050598145,2400
2015-01-26,13.920000076293945,14.260000228881836,13.840999603271484,14.130000114440918,11.506590843200684,4300
2015-01-27,13.949999809265137,14.015999794006348,13.800000190734863,13.800000190734863,11.2378568649292,6600
2015-01-28,13.90999984741211,13.949999809265137,13.600000381469727,13.609999656677246,11.083134651184082,8200
2015-01-29,13.609999656677246,14.1899995803833,13.399999618530273,14.130000114440918,11.506590843200684,7500
2015-01-30,13.970000267028809,14.390000343322754,13.6899995803833,13.850000381469727,11.278576850891113,16300
2015-02-02,13.979999542236328,14.239999771118164,13.800000190734863,14.1899995803833,11.555450439453125,5600
2015-02-03,14.119999885559082,14.65999984741211,13.520000457763672,14.579999923706055,11.873040199279785,6200
2015-02-04,14.989999771118164,15.029999732971191,14.720000267028809,14.760000228881836,12.019620895385742,9700
2015-02-05,14.760000228881836,14.760000228881836,14.630000114440918,14.699999809265137,11.970763206481934,4400
2015-02-06,14.739999771118164,15.008000373840332,14.539999961853027,14.539999961853027,11.840466499328613,6300
2015-02-09,14.979999542236328,14.979999542236328,14.289999961853027,14.359999656677246,11.69388484954834,3700
2015-02-10,14.880000114440918,16.670000076293945,14.270000457763672,14.920000076293945,12.149918556213379,17600
2015-02-11,14.920000076293945,14.920000076293945,14.180000305175781,14.1899995803833,11.555450439453125,9000
2015-02-12,14.010000228881836,15.170000076293945,14.0,14.84000015258789,12.084770202636719,6300
2015-02-13,14.890000343322754,15.199999809265137,14.569999694824219,14.600000381469727,11.889328956604004,9000
2015-02-17,14.699999809265137,15.142000198364258,14.010000228881836,14.140000343322754,11.51473331451416,6300
2015-02-18,14.843000411987305,14.895000457763672,14.119999885559082,14.119999885559082,11.498445510864258,2100
2015-02-19,14.079999923706055,14.260000228881836,14.0,14.0,11.40073013305664,8600
2015-02-20,14.039999961853027,14.09000015258789,13.960000038146973,14.039999961853027,11.433298110961914,9700
2015-02-23,14.0,14.220000267028809,13.899999618530273,13.930000305175781,11.343722343444824,53500
2015-02-24,14.0,14.239999771118164,13.949999809265137,14.0,11.40073013305664,13900
2015-02-25,14.0,14.0,13.670000076293945,13.800000190734863,11.2378568649292,9400
2015-02-26,13.739999771118164,14.039999961853027,13.739999771118164,13.970000267028809,11.376297950744629,8600
2015-02-27,13.949999809265137,14.0,13.880000114440918,13.899999618530273,11.319293022155762,12000
2015-03-02,13.994999885559082,14.210000038146973,13.75,14.15999984741211,11.531018257141113,10500
2015-03-03,13.829999923706055,14.130000114440918,13.75,13.8100004196167,11.246001243591309,5400
2015-03-04,13.75,13.920000076293945,13.649999618530273,13.729999542236328,11.180854797363281,3300
2015-03-05,14.029999732971191,14.079999923706055,13.649999618530273,13.699999809265137,11.156424522399902,4200
2015-03-06,13.640000343322754,13.831999778747559,13.479999542236328,13.479999542236328,10.977270126342773,6400
2015-03-09,13.25,14.109999656677246,13.25,13.9399995803833,11.351866722106934,8800
2015-03-10,13.720000267028809,13.930000305175781,13.359999656677246,13.779999732971191,11.221570014953613,5700
2015-03-11,14.210000038146973,14.210000038146973,13.630000114440918,13.9399995803833,11.351866722106934,8800
2015-03-12,14.079999923706055,14.5,14.050000190734863,14.5,11.807896614074707,10200
2015-03-13,14.569999694824219,15.079999923706055,14.420000076293945,14.510000228881836,11.816039085388184,8200
2015-03-16,14.989999771118164,15.020000457763672,14.819999694824219,14.920000076293945,12.149918556213379,4500
2015-03-17,15.520000457763672,15.640000343322754,14.930000305175781,15.380000114440918,12.524513244628906,4100
2015-03-18,15.09000015258789,15.75,14.819999694824219,15.739999771118164,12.817673683166504,9300
2015-03-19,15.59000015258789,15.609999656677246,14.529999732971191,14.850000381469727,12.092913627624512,11200
2015-03-20,14.869999885559082,15.739999771118164,14.869999885559082,15.279999732971191,12.443077087402344,27800
2015-03-23,15.3100004196167,15.65999984741211,14.960000038146973,15.020000457763672,12.23134994506836,21400
2015-03-24,15.039999961853027,15.1899995803833,14.880000114440918,14.9399995803833,12.166203498840332,9700
2015-03-25,14.819999694824219,14.819999694824219,14.100000381469727,14.170000076293945,11.539162635803223,13300
2015-03-26,14.399999618530273,14.529999732971191,14.010000228881836,14.329999923706055,11.669458389282227,6000
2015-03-27,14.270000457763672,14.460000038146973,14.0,14.4399995803833,11.808477401733398,10000
2015-03-30,14.0,14.420000076293945,13.25,14.260000228881836,11.661279678344727,7000
2015-03-31,14.197999954223633,14.539999961853027,14.197999954223633,14.399999618530273,11.775766372680664,3800
2015-04-01,14.270000457763672,14.670000076293945,14.09000015258789,14.3100004196167,11.702168464660645,4100
2015-04-02,14.119999885559082,14.5,14.045000076293945,14.34000015258789,11.726703643798828,10700
2015-04-06,14.109999656677246,14.289999961853027,13.850000381469727,14.140000343322754,11.563148498535156,20000
2015-04-07,14.050000190734863,14.199999809265137,13.65999984741211,14.15999984741211,11.579501152038574,5700
2015-04-08,13.819999694824219,14.550000190734863,13.819999694824219,14.279999732971191,11.677635192871094,6800
2015-04-09,14.0,14.40999984741211,13.901000022888184,14.369999885559082,11.751235008239746,2600
2015-04-10,14.460000038146973,15.0,14.0600004196167,14.399999618530273,11.775766372680664,4700
2015-04-13,14.720999717712402,14.720999717712402,14.494999885559082,14.569999694824219,11.91478443145752,3500
2015-04-14,14.5,14.510000228881836,14.0,14.25,11.653100967407227,6100
2015-04-15,14.25,14.25,14.039999961853027,14.100000381469727,11.530442237854004,17900
2015-04-16,14.010000228881836,14.348999977111816,13.979999542236328,14.050000190734863,11.48954963684082,20500
2015-04-17,13.880000114440918,13.970000267028809,13.550000190734863,13.619999885559082,11.137911796569824,14600
2015-04-20,13.600000381469727,14.220000267028809,13.5600004196167,14.170000076293945,11.587678909301758,4600
2015-04-21,14.3100004196167,14.529999732971191,13.90999984741211,14.0600004196167,11.497729301452637,33400
2015-04-22,14.220000267028809,14.760000228881836,13.789999961853027,14.680000305175781,12.004737854003906,8700
2015-04-23,13.289999961853027,15.029999732971191,13.289999961853027,14.829999923706055,12.127403259277344,26600
2015-04-24,14.760000228881836,15.100000381469727,14.760000228881836,15.100000381469727,12.348203659057617,10200
2015-04-27,15.210000038146973,15.210000038146973,14.470000267028809,14.600000381469727,11.93932056427002,15600
2015-04-28,14.699999809265137,15.25,14.699999809265137,14.819999694824219,12.119227409362793,17000
2015-04-29,14.75,15.069999694824219,14.710000038146973,14.899999618530273,12.184650421142578,22000
2015-04-30,14.899999618530273,15.210000038146973,14.359999656677246,14.420000076293945,11.792121887207031,16000
2015-05-01,14.550000190734863,14.614999771118164,13.899999618530273,14.479999542236328,11.841188430786133,14200
2015-05-04,14.800000190734863,14.800000190734863,14.220000267028809,14.399999618530273,11.775766372680664,6400
2015-05-05,14.369999885559082,15.145000457763672,14.0,14.020000457763672,11.465019226074219,14700
2015-05-06,14.180000305175781,14.399999618530273,14.0,14.0600004196167,11.497729301452637,9300
2015-05-07,13.9399995803833,14.449999809265137,13.9399995803833,14.210000038146973,11.620391845703125,7400
2015-05-08,14.279999732971191,14.65999984741211,14.0600004196167,14.25,11.653100967407227,10700
2015-05-11,14.4399995803833,14.4399995803833,14.15999984741211,14.390000343322754,11.767586708068848,3300
2015-05-12,14.1899995803833,14.270000457763672,13.9399995803833,14.020000457763672,11.465019226074219,12800
2015-05-13,14.140000343322754,14.229999542236328,13.649999618530273,13.760000228881836,11.252399444580078,35900
2015-05-14,13.850000381469727,14.25,13.710000038146973,14.029999732971191,11.47319507598877,178700
2015-05-15,14.0,14.489999771118164,14.0,14.170000076293945,11.587678909301758,16500
2015-05-18,13.720000267028809,14.899999618530273,13.491000175476074,14.8100004196167,12.111050605773926,19900
2015-05-19,14.680000305175781,15.0,14.260000228881836,14.899999618530273,12.184650421142578,11900
2015-05-20,14.720000267028809,14.75,14.350000381469727,14.430000305175781,11.800300598144531,18500
2015-05-21,14.779999732971191,14.779999732971191,14.119999885559082,14.420000076293945,11.792121887207031,27100
2015-05-22,14.350000381469727,14.59000015258789,13.970000267028809,14.5600004196167,11.906609535217285,7600
2015-05-26,14.539999961853027,14.539999961853027,13.680000305175781,13.699999809265137,11.203333854675293,9900
2015-05-27,13.600000381469727,13.930000305175781,13.59000015258789,13.90999984741211,11.375062942504883,5700
2015-05-28,13.529999732971191,13.960000038146973,13.529999732971191,13.8100004196167,11.293286323547363,9800
2015-05-29,13.75,14.0,13.470000267028809,13.979999542236328,11.4323091506958,14000
2015-06-01,13.970000267028809,13.970000267028809,13.430000305175781,13.649999618530273,11.162444114685059,4000
2015-06-02,13.550000190734863,13.930000305175781,13.550000190734863,13.699999809265137,11.203333854675293,7300
2015-06-03,13.699999809265137,13.829999923706055,13.600000381469727,13.670000076293945,11.178802490234375,9500
2015-06-04,13.550000190734863,13.59000015258789,13.390000343322754,13.399999618530273,10.958003997802734,5100
2015-06-05,13.4399995803833,13.600000381469727,13.40999984741211,13.479999542236328,11.02342700958252,4600
2015-06-08,13.539999961853027,13.656999588012695,13.395000457763672,13.5,11.03978157043457,5200
2015-06-09,13.529999732971191,13.579999923706055,13.399999618530273,13.470000267028809,11.015249252319336,7500
2015-06-10,13.479999542236328,13.800000190734863,13.399999618530273,13.800000190734863,11.285106658935547,8000
2015-06-11,13.649999618530273,13.744999885559082,13.489999771118164,13.550000190734863,11.080672264099121,4200
2015-06-12,13.470000267028809,13.609999656677246,13.470000267028809,13.550000190734863,11.080672264099121,4800
2015-06-15,13.40999984741211,13.829999923706055,13.399999618530273,13.569999694824219,11.097024917602539,16800
2015-06-16,13.489999771118164,13.920000076293945,13.489999771118164,13.819999694824219,11.30146598815918,7200
2015-06-17,13.515000343322754,13.850000381469727,13.510000228881836,13.739999771118164,11.236042976379395,13500
2015-06-18,13.760000228881836,14.470000267028809,13.760000228881836,14.319999694824219,11.710346221923828,29000
2015-06-19,14.09000015258789,14.489999771118164,13.859999656677246,14.479999542236328,11.841188430786133,42100
2015-06-22,14.5,14.5,14.050000190734863,14.470000267028809,11.83301067352295,11700
2015-06-23,14.470000267028809,14.5,14.170000076293945,14.489999771118164,11.849366188049316,9300
2015-06-24,14.279999732971191,14.829999923706055,14.220000267028809,14.569999694824219,11.91478443145752,17300
2015-06-25,14.260000228881836,14.569999694824219,14.199999809265137,14.25,11.653100967407227,12800
2015-06-26,14.270000457763672,14.4399995803833,14.149999618530273,14.399999618530273,11.825557708740234,54600
2015-06-29,14.170000076293945,14.5,14.170000076293945,14.1899995803833,11.65310287475586,16700
2015-06-30,14.399999618530273,14.489999771118164,14.130000114440918,14.210000038146973,11.669526100158691,7000
2015-07-01,14.270000457763672,14.630000114440918,13.770000457763672,14.260000228881836,11.710587501525879,11200
2015-07-02,14.239999771118164,14.383000373840332,14.140000343322754,14.140000343322754,11.612041473388672,3800
2015-07-06,14.119999885559082,14.65999984741211,14.119999885559082,14.319999694824219,11.75986099243164,6900
2015-07-07,14.15999984741211,14.380000114440918,13.75,14.199999809265137,11.661314964294434,10500
2015-07-08,14.0,14.460000038146973,14.0,14.079999923706055,11.56276798248291,8200
2015-07-09,14.270000457763672,14.270000457763672,13.819999694824219,14.09000015258789,11.5709810256958,12500
2015-07-10,14.210000038146973,14.279999732971191,13.899999618530273,14.270000457763672,11.718799591064453,9100
2015-07-13,14.270000457763672,14.5,14.079999923706055,14.430000305175781,11.850197792053223,5800
2015-07-14,14.163999557495117,14.960000038146973,14.163999557495117,14.529999732971191,11.932316780090332,5600
2015-07-15,14.329999923706055,15.100000381469727,14.15999984741211,14.609999656677246,11.998013496398926,68100
2015-07-16,14.710000038146973,14.960000038146973,14.550000190734863,14.859999656677246,12.203319549560547,20000
2015-07-17,14.920000076293945,15.199999809265137,14.59000015258789,15.109999656677246,12.408622741699219,19800
2015-07-20,14.8100004196167,15.055000305175781,14.699999809265137,14.75,12.112987518310547,11200
2015-07-21,14.859999656677246,14.949999809265137,14.119999885559082,14.199999809265137,11.661314964294434,10900
2015-07-22,13.949999809265137,14.210000038146973,13.949999809265137,14.109999656677246,11.587406158447266,2300
2015-07-23,14.09000015258789,14.470000267028809,12.829999923706055,13.100000381469727,10.757973670959473,24200
2015-07-24,13.15999984741211,13.6899995803833,12.399999618530273,13.34000015258789,10.955063819885254,51800
2015-07-27,13.380000114440918,13.979999542236328,13.380000114440918,13.829999923706055,11.357462882995605,9200
2015-07-28,14.890000343322754,15.210000038146973,13.779999732971191,14.279999732971191,11.72701358795166,15800
2015-07-29,14.5,14.59000015258789,14.15999984741211,14.470000267028809,11.883045196533203,11200
2015-07-30,14.319999694824219,15.039999961853027,13.210000038146973,14.15999984741211,11.628461837768555,14000
2015-07-31,14.25,14.9399995803833,13.505000114440918,14.800000190734863,12.154047966003418,9700
2015-08-03,14.25,14.5,13.930000305175781,13.930000305175781,11.43958568572998,6000
2015-08-04,14.0600004196167,14.0600004196167,13.430000305175781,13.449999809265137,11.045401573181152,2600
2015-08-05,12.100000381469727,13.25,12.100000381469727,13.15999984741211,10.807243347167969,5900
2015-08-06,13.09000015258789,14.170000076293945,12.899999618530273,13.369999885559082,10.979703903198242,6900
2015-08-07,13.229999542236328,13.229999542236328,12.800000190734863,12.850000381469727,10.5526704788208,2300
2015-08-10,12.920000076293945,13.680000305175781,12.869999885559082,13.180000305175781,10.823670387268066,8400
2015-08-11,13.149999618530273,13.390000343322754,12.869999885559082,13.149999618530273,10.799036026000977,2200
2015-08-12,12.84000015258789,14.579999923706055,12.800000190734863,12.930000305175781,10.618365287780762,3400
2015-08-13,13.0,13.09000015258789,12.949999809265137,12.949999809265137,10.63478946685791,5200
2015-08-14,12.869999885559082,13.899999618530273,12.869999885559082,13.260000228881836,10.889370918273926,3500
2015-08-17,13.399999618530273,13.9399995803833,13.399999618530273,13.9399995803833,11.447798728942871,2200
2015-08-18,13.859999656677246,13.859999656677246,13.59000015258789,13.75,11.291766166687012,2600
2015-08-19,13.579999923706055,13.579999923706055,12.970000267028809,13.09000015258789,10.749761581420898,8500
2015-08-20,13.020000457763672,13.239999771118164,12.859999656677246,12.859999656677246,10.560880661010742,13800
2015-08-21,12.5600004196167,13.050000190734863,12.355999946594238,12.720000267028809,10.445911407470703,14200
2015-08-24,12.119999885559082,12.119999885559082,11.899999618530273,11.989999771118164,9.846421241760254,13000
2015-08-25,12.619999885559082,12.770000457763672,12.300000190734863,12.380000114440918,10.166696548461914,5200
2015-08-26,12.670000076293945,12.670000076293945,10.720000267028809,12.020000457763672,9.871057510375977,114000
2015-08-27,11.970000267028809,12.989999771118164,11.970000267028809,12.960000038146973,10.64300537109375,5000
2015-08-28,12.65999984741211,14.270000457763672,11.949999809265137,13.140000343322754,10.790821075439453,10800
2015-08-31,13.180000305175781,13.180000305175781,12.75,12.75,10.470545768737793,1900
2015-09-01,12.5600004196167,13.170000076293945,12.0600004196167,12.819999694824219,10.528034210205078,9500
2015-09-02,13.020000457763672,13.4399995803833,12.21500015258789,13.34000015258789,10.955063819885254,4700
2015-09-03,13.010000228881836,13.010000228881836,12.449999809265137,12.449999809265137,10.224181175231934,2900
2015-09-04,12.279999732971191,13.461000442504883,12.279999732971191,12.359999656677246,10.150270462036133,5500
2015-09-08,12.40999984741211,13.40999984741211,12.279999732971191,12.460000038146973,10.23239517211914,7700
2015-09-09,12.300000190734863,12.59000015258789,12.25,12.59000015258789,10.339149475097656,3700
2015-09-10,13.0,13.0600004196167,12.229999542236328,12.5,10.265242576599121,10200
2015-09-11,12.380000114440918,12.619999885559082,12.369999885559082,12.40999984741211,10.191333770751953,10100
2015-09-14,12.380000114440918,12.510000228881836,12.020000457763672,12.279999732971191,10.084574699401855,5300
2015-09-15,12.399999618530273,12.420000076293945,12.319999694824219,12.399999618530273,10.183119773864746,3700
2015-09-16,12.069999694824219,12.479999542236328,12.069999694824219,12.430000305175781,10.207754135131836,3100
2015-09-17,12.270000457763672,13.020000457763672,12.170000076293945,12.84000015258789,10.544454574584961,7300
2015-09-18,12.609999656677246,13.199999809265137,12.079999923706055,12.720000267028809,10.445911407470703,23400
2015-09-21,12.970000267028809,13.390000343322754,12.170000076293945,12.430000305175781,10.207754135131836,3200
2015-09-22,12.979999542236328,13.430000305175781,12.720000267028809,12.729999542236328,10.454120635986328,3300
2015-09-23,12.970000267028809,13.279999732971191,12.960000038146973,13.010000228881836,10.684062004089355,10400
2015-09-24,13.229999542236328,13.279999732971191,12.739999771118164,12.920000076293945,10.610154151916504,12900
2015-09-25,12.960000038146973,13.0,11.949999809265137,12.010000228881836,9.862846374511719,20700
2015-09-28,11.890000343322754,12.289999961853027,11.890000343322754,11.920000076293945,9.838088035583496,6100
2015-09-29,11.890000343322754,12.1899995803833,11.59000015258789,11.710000038146973,9.664761543273926,21400
2015-09-30,11.539999961853027,12.0,11.199999809265137,11.9399995803833,9.854592323303223,14400
2015-10-01,12.0,12.0,11.600000381469727,11.600000381469727,9.57397747039795,5800
2015-10-02,11.539999961853027,11.949999809265137,11.319999694824219,11.949999809265137,9.862845420837402,5600
2015-10-05,12.020000457763672,12.513999938964844,11.8100004196167,12.359999656677246,10.201234817504883,16900
2015-10-06,12.1899995803833,13.109999656677246,11.949999809265137,13.0,10.729454040527344,12600
2015-10-07,13.079999923706055,13.390000343322754,12.020000457763672,13.039999961853027,10.762469291687012,12800
2015-10-08,13.630000114440918,14.050000190734863,12.699999809265137,13.819999694824219,11.406235694885254,4700
2015-10-09,13.850000381469727,13.850000381469727,12.470000267028809,13.210000038146973,10.902772903442383,4700
2015-10-12,13.029999732971191,14.180000305175781,13.029999732971191,14.0,11.554798126220703,6600
2015-10-13,13.970000267028809,13.970000267028809,13.5,13.609999656677246,11.23291301727295,4000
2015-10-14,13.5,13.520000457763672,13.390000343322754,13.520000457763672,11.158632278442383,2700
2015-10-15,13.619999885559082,14.479999542236328,13.335000038146973,14.1899995803833,11.711610794067383,5400
2015-10-16,14.25,14.3100004196167,13.579999923706055,14.260000228881836,11.769386291503906,14100
2015-10-19,14.0,14.15999984741211,13.399999618530273,13.819999694824219,11.406235694885254,61100
2015-10-20,14.329999923706055,14.329999923706055,13.819999694824219,14.0600004196167,11.604318618774414,5300
2015-10-21,14.0,14.170000076293945,13.850000381469727,14.0600004196167,11.604318618774414,6500
2015-10-22,13.989999771118164,14.600000381469727,13.930000305175781,14.539999961853027,12.000482559204102,9500
2015-10-23,14.65999984741211,14.899999618530273,14.0,14.890000343322754,12.289350509643555,8800
2015-10-26,14.920000076293945,15.34000015258789,14.460000038146973,15.1899995803833,12.536953926086426,23200
2015-10-27,15.149999618530273,15.229999542236328,14.699999809265137,14.729999542236328,12.157296180725098,10300
2015-10-28,14.779999732971191,15.130000114440918,13.640000343322754,14.979999542236328,12.363633155822754,7000
2015-10-29,14.880000114440918,15.4350004196167,14.699999809265137,15.279999732971191,12.611237525939941,19000
2015-10-30,15.0,15.5,14.675000190734863,15.329999923706055,12.652502059936523,10500
2015-11-02,15.470000267028809,15.970000267028809,15.359999656677246,15.710000038146973,12.966133117675781,6700
2015-11-03,16.0,16.0,15.399999618530273,15.6899995803833,12.949625968933105,5200
2015-11-04,15.819999694824219,15.819999694824219,15.010000228881836,15.800000190734863,13.04041576385498,5800
2015-11-05,15.010000228881836,15.699999809265137,15.010000228881836,15.430000305175781,12.735034942626953,10000
2015-11-06,15.210000038146973,16.049999237060547,15.010000228881836,16.040000915527344,13.23849868774414,16500
2015-11-09,15.989999771118164,15.989999771118164,15.470000267028809,15.59000015258789,12.867093086242676,9700
2015-11-10,15.600000381469727,15.720000267028809,15.255000114440918,15.720000267028809,12.974387168884277,7900
2015-11-11,15.75,15.850000381469727,15.239999771118164,15.609999656677246,12.883594512939453,8200
2015-11-12,15.760000228881836,15.949999809265137,15.529999732971191,15.529999732971191,12.817570686340332,14400
2015-11-13,15.40999984741211,15.579999923706055,15.300000190734863,15.300000190734863,12.627741813659668,11300
2015-11-16,15.520000457763672,15.600000381469727,15.079999923706055,15.420000076293945,12.72678279876709,17800
2015-11-17,15.75,15.800000190734863,15.260000228881836,15.369999885559082,12.685519218444824,8100
2015-11-18,15.489999771118164,15.9399995803833,15.40999984741211,15.600000381469727,12.875348091125488,20800
2015-11-19,15.40999984741211,15.5,15.180000305175781,15.1899995803833,12.536953926086426,7500
2015-11-20,15.300000190734863,15.5,15.300000190734863,15.420000076293945,12.72678279876709,6000
2015-11-23,15.520000457763672,15.529999732971191,15.220000267028809,15.420000076293945,12.72678279876709,3000
2015-11-24,15.229999542236328,15.364999771118164,15.069999694824219,15.199999809265137,12.545207023620605,6100
2015-11-25,15.260000228881836,15.539999961853027,15.260000228881836,15.430000305175781,12.735034942626953,7900
2015-11-27,15.449999809265137,15.8100004196167,15.380000114440918,15.710000038146973,12.966133117675781,4200
2015-11-30,15.920000076293945,15.920000076293945,15.289999961853027,15.460000038146973,12.759798049926758,8600
2015-12-01,15.520000457763672,15.859999656677246,14.510000228881836,15.199999809265137,12.545207023620605,12200
2015-12-02,15.050000190734863,15.630000114440918,15.050000190734863,15.130000114440918,12.487433433532715,8400
2015-12-03,15.1899995803833,15.640000343322754,15.15999984741211,15.170000076293945,12.520448684692383,10400
2015-12-04,15.140000343322754,16.0,15.100000381469727,15.819999694824219,13.056918144226074,30000
2015-12-07,15.920000076293945,16.200000762939453,15.420000076293945,15.859999656677246,13.089934349060059,22900
2015-12-08,15.789999961853027,16.010000228881836,15.380000114440918,15.710000038146973,12.966133117675781,13200
2015-12-09,15.770000457763672,16.010000228881836,15.300000190734863,15.479999542236328,12.776300430297852,9100
2015-12-10,15.65999984741211,16.889999389648438,15.65999984741211,16.389999389648438,13.527364730834961,16900
2015-12-11,16.1200008392334,16.649999618530273,16.030000686645508,16.270000457763672,13.428325653076172,21200
2015-12-14,16.030000686645508,16.969999313354492,16.030000686645508,16.959999084472656,13.997808456420898,20200
2015-12-15,16.969999313354492,16.969999313354492,16.709999084472656,16.950000762939453,13.989558219909668,11700
2015-12-16,16.969999313354492,17.0,16.674999237060547,16.899999618530273,13.948287963867188,12100
2015-12-17,16.969999313354492,16.989999771118164,16.610000610351562,16.700000762939453,13.783220291137695,9200
2015-12-18,16.59000015258789,16.979999542236328,16.18000030517578,16.739999771118164,13.816234588623047,76200
2015-12-21,16.81999969482422,16.93000030517578,16.40999984741211,16.420000076293945,13.552128791809082,19700
2015-12-22,15.800000190734863,16.56999969482422,15.800000190734863,16.43000030517578,13.560379028320312,13000
2015-12-23,16.270000457763672,16.440000534057617,15.869999885559082,16.420000076293945,13.552128791809082,12200
2015-12-24,16.5,16.739999771118164,16.479999542236328,16.739999771118164,13.816234588623047,4800
2015-12-28,16.739999771118164,17.420000076293945,16.5,16.520000457763672,13.634658813476562,16300
2015-12-29,16.34000015258789,16.709999084472656,16.1299991607666,16.1299991607666,13.677057266235352,5000
2015-12-30,16.229999542236328,16.59000015258789,16.079999923706055,16.139999389648438,13.685534477233887,6900
2015-12-31,16.200000762939453,16.75,15.819999694824219,16.040000915527344,13.600744247436523,10000
2016-01-04,15.859999656677246,15.859999656677246,15.0,15.229999542236328,12.913921356201172,14100
2016-01-05,15.279999732971191,15.914999961853027,14.850000381469727,15.390000343322754,13.049592971801758,12800
2016-01-06,15.180000305175781,15.430000305175781,14.960000038146973,15.289999961853027,12.96479606628418,17100
2016-01-07,15.140000343322754,15.140000343322754,14.279999732971191,14.289999961853027,12.116870880126953,17300
2016-01-08,14.390000343322754,14.520000457763672,13.595999717712402,13.609999656677246,11.540283203125,41700
2016-01-11,13.680000305175781,14.78499984741211,13.569999694824219,14.420000076293945,12.227104187011719,29700
2016-01-12,14.520000457763672,14.689000129699707,13.90999984741211,14.260000228881836,12.091432571411133,20000
2016-01-13,14.229999542236328,14.699999809265137,13.489999771118164,14.0,11.8709716796875,21900
2016-01-14,14.199999809265137,14.65999984741211,14.0,14.149999618530273,11.998162269592285,11600
2016-01-15,13.779999732971191,14.180000305175781,13.699999809265137,14.029999732971191,11.89641284942627,14700
2016-01-19,14.380000114440918,14.380000114440918,13.739999771118164,14.239999771118164,12.074475288391113,12100
2016-01-20,13.789999961853027,14.489999771118164,13.789999961853027,14.420000076293945,12.227104187011719,19400
2016-01-21,14.399999618530273,15.229999542236328,14.399999618530273,14.800000190734863,12.549314498901367,12700
2016-01-22,14.880000114440918,15.399999618530273,13.819999694824219,14.649999618530273,12.422123908996582,12000
2016-01-25,14.539999961853027,15.300000190734863,14.0600004196167,14.0600004196167,11.92185115814209,17800
2016-01-26,14.220000267028809,14.890000343322754,14.199999809265137,14.800000190734863,12.549314498901367,8300
2016-01-27,14.600000381469727,15.039999961853027,14.350000381469727,14.619999885559082,12.396687507629395,9700
2016-01-28,15.050000190734863,15.079999923706055,14.550000190734863,14.869999885559082,12.608667373657227,5900
2016-01-29,15.529999732971191,15.529999732971191,15.039999961853027,15.09000015258789,12.795210838317871,16200
2016-02-01,15.3100004196167,15.5,15.0,15.180000305175781,12.871525764465332,22100
2016-02-02,14.779999732971191,15.520000457763672,13.835000038146973,14.579999923706055,12.362770080566406,12200
2016-02-03,14.65999984741211,15.029999732971191,14.0600004196167,14.600000381469727,12.379730224609375,3600
2016-02-04,14.470000267028809,14.75,13.979999542236328,14.460000038146973,12.261021614074707,7400
2016-02-05,14.25,14.8100004196167,13.989999771118164,13.989999771118164,11.862492561340332,19600
2016-02-08,13.979999542236328,14.59000015258789,13.979999542236328,14.279999732971191,12.108392715454102,8400
2016-02-09,14.600000381469727,14.600000381469727,14.25,14.25,12.082955360412598,9600
2016-02-10,15.0,15.0,14.131999969482422,14.550000190734863,12.337334632873535,12700
2016-02-11,14.4399995803833,14.800000190734863,13.5600004196167,14.399999618530273,12.210142135620117,75700
2016-02-12,14.470000267028809,15.180000305175781,13.975000381469727,15.0600004196167,12.769777297973633,10600
2016-02-16,15.0600004196167,15.0600004196167,14.59000015258789,14.699999809265137,12.464523315429688,10700
2016-02-17,14.770000457763672,14.880000114440918,14.300000190734863,14.539999961853027,12.328853607177734,8300
2016-02-18,14.380000114440918,14.800000190734863,14.380000114440918,14.739999771118164,12.498438835144043,8500
2016-02-19,14.710000038146973,14.920000076293945,14.390000343322754,14.449999809265137,12.252540588378906,10700
2016-02-22,14.430000305175781,14.800000190734863,14.25,14.399999618530273,12.210142135620117,13300
2016-02-23,14.645000457763672,14.75,14.270000457763672,14.710000038146973,12.473002433776855,20400
2016-02-24,14.520000457763672,14.890000343322754,14.239999771118164,14.760000228881836,12.515398025512695,3700
2016-02-25,14.800000190734863,15.130000114440918,14.73900032043457,14.9399995803833,12.668023109436035,19300
2016-02-26,14.800000190734863,14.899999618530273,14.25,14.789999961853027,12.540833473205566,8000
2016-02-29,14.729999542236328,15.479999542236328,14.729999542236328,14.970000267028809,12.693463325500488,10600
2016-03-01,14.899999618530273,14.970000267028809,14.529999732971191,14.869999885559082,12.608667373657227,10700
2016-03-02,14.739999771118164,14.819999694824219,14.630000114440918,14.779999732971191,12.532355308532715,6600
2016-03-03,14.670000076293945,14.869999885559082,14.670000076293945,14.770000457763672,12.52387809753418,10300
2016-03-04,14.800000190734863,14.920000076293945,14.40999984741211,14.800000190734863,12.549314498901367,7200
2016-03-07,14.84000015258789,14.9399995803833,14.479999542236328,14.859999656677246,12.600191116333008,8800
2016-03-08,14.859999656677246,14.970000267028809,14.59000015258789,14.600000381469727,12.379730224609375,9200
2016-03-09,14.779999732971191,14.800000190734863,14.029999732971191,14.59000015258789,12.371246337890625,2900
2016-03-10,14.59000015258789,14.739999771118164,14.5600004196167,14.600000381469727,12.379730224609375,3600
2016-03-11,14.449999809265137,14.859999656677246,14.449999809265137,14.859999656677246,12.600191116333008,9200
2016-03-14,14.789999961853027,14.789999961853027,14.619999885559082,14.680000305175781,12.447561264038086,2700
2016-03-15,14.529999732971191,14.800000190734863,14.520000457763672,14.520000457763672,12.311897277832031,5800
2016-03-16,14.779999732971191,14.850000381469727,14.489999771118164,14.600000381469727,12.379730224609375,3000
2016-03-17,14.539999961853027,14.579999923706055,14.109999656677246,14.579999923706055,12.362770080566406,3700
2016-03-18,14.800000190734863,14.8100004196167,14.25,14.779999732971191,12.532355308532715,25700
2016-03-21,14.779999732971191,14.899999618530273,14.6899995803833,14.739999771118164,12.498438835144043,16200
2016-03-22,14.699999809265137,14.885000228881836,14.699999809265137,14.800000190734863,12.549314498901367,2100
2016-03-23,14.600000381469727,14.673999786376953,14.600000381469727,14.609999656677246,12.388208389282227,44100
2016-03-24,14.350000381469727,14.760000228881836,14.350000381469727,14.399999618530273,12.210142135620117,3500
2016-03-28,14.40999984741211,15.0600004196167,14.40999984741211,14.850000381469727,12.591710090637207,36000
2016-03-29,14.729999542236328,15.3100004196167,14.710000038146973,15.279999732971191,13.026494979858398,12500
2016-03-30,15.3100004196167,15.649999618530273,15.199999809265137,15.460000038146973,13.179951667785645,6200
2016-03-31,15.899999618530273,16.100000381469727,15.289999961853027,15.550000190734863,13.256677627563477,19100
2016-04-01,15.90999984741211,15.949999809265137,15.074999809265137,15.720000267028809,13.401604652404785,7600
2016-04-04,15.899999618530273,15.930000305175781,15.25,15.449999809265137,13.171422958374023,12500
2016-04-05,15.489999771118164,15.970000267028809,15.300000190734863,15.300000190734863,13.04354476928711,10000
2016-04-06,15.34000015258789,16.665000915527344,15.34000015258789,15.720000267028809,13.401604652404785,9100
2016-04-07,15.65999984741211,15.800000190734863,15.350000381469727,15.380000114440918,13.111747741699219,6700
2016-04-08,15.399999618530273,15.449999809265137,15.119999885559082,15.119999885559082,12.890091896057129,4600
2016-04-11,15.489999771118164,15.899999618530273,14.899999618530273,14.899999618530273,12.70253849029541,8000
2016-04-12,14.869999885559082,15.449999809265137,14.5,14.949999809265137,12.745163917541504,51400
2016-04-13,14.880000114440918,15.4399995803833,14.640000343322754,14.949999809265137,12.745163917541504,28300
2016-04-14,14.9399995803833,15.039999961853027,14.569999694824219,14.619999885559082,12.463833808898926,14900
2016-04-15,14.539999961853027,15.289999961853027,14.40999984741211,14.420000076293945,12.293329238891602,65100
2016-04-18,14.600000381469727,14.710000038146973,14.369999885559082,14.449999809265137,12.318904876708984,25300
2016-04-19,14.529999732971191,14.899999618530273,14.380000114440918,14.5600004196167,12.41268253326416,9900
2016-04-20,13.550000190734863,14.600000381469727,13.550000190734863,14.300000190734863,12.191024780273438,8200
2016-04-21,14.390000343322754,14.739999771118164,13.930000305175781,14.319999694824219,12.208078384399414,90800
2016-04-22,14.4399995803833,14.699999809265137,14.300000190734863,14.539999961853027,12.395630836486816,22200
2016-04-25,14.510000228881836,15.0,14.350000381469727,14.479999542236328,12.344477653503418,30800
2016-04-26,14.710000038146973,14.75,14.460000038146973,14.539999961853027,12.395630836486816,22500
2016-04-27,14.760000228881836,14.829999923706055,13.725000381469727,14.40999984741211,12.284802436828613,24300
2016-04-28,14.489999771118164,14.739999771118164,13.8149995803833,14.229999542236328,12.131348609924316,10800
2016-04-29,14.170000076293945,14.5,14.100000381469727,14.390000343322754,12.267753601074219,6300
2016-05-02,14.15999984741211,14.489999771118164,14.00100040435791,14.489999771118164,12.353006362915039,7000
2016-05-03,14.25,14.430000305175781,14.220000267028809,14.229999542236328,12.131348609924316,7700
2016-05-04,14.510000228881836,14.510000228881836,14.079999923706055,14.09000015258789,12.011996269226074,36700
2016-05-05,14.380000114440918,14.380000114440918,14.140000343322754,14.210000038146973,12.114298820495605,5200
2016-05-06,14.107999801635742,14.305000305175781,14.107999801635742,14.25,12.148401260375977,14000
2016-05-09,14.34000015258789,14.555999755859375,14.34000015258789,14.5,12.361530303955078,17000
2016-05-10,14.59000015258789,14.600000381469727,14.399999618530273,14.569999694824219,12.421205520629883,13400
2016-05-11,14.449999809265137,14.699999809265137,14.138999938964844,14.1899995803833,12.097250938415527,8900
2016-05-12,14.279999732971191,14.279999732971191,14.0,14.0,11.935270309448242,4200
2016-05-13,14.010000228881836,14.420000076293945,14.010000228881836,14.369999885559082,12.250702857971191,10200
2016-05-16,14.96500015258789,14.96500015258789,14.270000457763672,14.380000114440918,12.259227752685547,13800
2016-05-17,14.229999542236328,14.479999542236328,13.5600004196167,13.699999809265137,11.679513931274414,15800
2016-05-18,13.59000015258789,14.279999732971191,13.25,13.680000305175781,11.662466049194336,8300
2016-05-19,14.039999961853027,14.25,13.510000228881836,13.84000015258789,11.798868179321289,16500
2016-05-20,13.920000076293945,14.305000305175781,13.90999984741211,14.069999694824219,11.99494457244873,21700
2016-05-23,14.170000076293945,14.515000343322754,13.819999694824219,14.170000076293945,12.08019733428955,24900
2016-05-24,14.0,14.430000305175781,13.619999885559082,13.989999771118164,11.92674446105957,32200
2016-05-25,14.029999732971191,14.25,13.869999885559082,13.9399995803833,11.884119033813477,10300
2016-05-26,14.0600004196167,14.270000457763672,13.890000343322754,13.890000343322754,11.841492652893066,8500
2016-05-27,13.899999618530273,14.029999732971191,13.3100004196167,14.0,11.935270309448242,7000
2016-05-31,14.050000190734863,14.539999961853027,13.40999984741211,13.699999809265137,11.679513931274414,75100
2016-06-01,13.829999923706055,14.095000267028809,12.850000381469727,13.850000381469727,11.807394027709961,20900
2016-06-02,14.140000343322754,14.539999961853027,13.760000228881836,13.770000457763672,11.739190101623535,22900
2016-06-03,13.770000457763672,14.204999923706055,13.621000289916992,13.710000038146973,11.688039779663086,14600
2016-06-06,13.819999694824219,13.880000114440918,13.420000076293945,13.739999771118164,11.713615417480469,58900
2016-06-07,13.75,13.75,13.380000114440918,13.399999618530273,11.423758506774902,149300
2016-06-08,13.550000190734863,13.75,13.220000267028809,13.350000381469727,11.381131172180176,24200
2016-06-09,13.270000457763672,13.5600004196167,13.15999984741211,13.289999961853027,11.329983711242676,17700
2016-06-10,13.449999809265137,13.520000457763672,13.069999694824219,13.130000114440918,11.19357681274414,21600
2016-06-13,13.239999771118164,13.239999771118164,12.710000038146973,12.729999542236328,10.852570533752441,16800
2016-06-14,12.6899995803833,13.09000015258789,12.529999732971191,13.020000457763672,11.099803924560547,11100
2016-06-15,13.369999885559082,13.680000305175781,12.600000381469727,13.029999732971191,11.108325958251953,22400
2016-06-16,12.8149995803833,13.0,12.5600004196167,12.899999618530273,10.997498512268066,18300
2016-06-17,12.930000305175781,13.489999771118164,12.640000343322754,13.239999771118164,11.287355422973633,34300
2016-06-20,13.039999961853027,13.899999618530273,13.039999961853027,13.5,11.509012222290039,23000
2016-06-21,13.199999809265137,13.982999801635742,13.039999961853027,13.369999885559082,11.398184776306152,15800
2016-06-22,13.279999732971191,13.649999618530273,13.210000038146973,13.520000457763672,11.526062965393066,19600
2016-06-23,13.710000038146973,13.760000228881836,13.319999694824219,13.5600004196167,11.560159683227539,16500
2016-06-24,13.100000381469727,13.760000228881836,13.0,13.670000076293945,11.653937339782715,101700
2016-06-27,13.380000114440918,13.96500015258789,13.289999961853027,13.520000457763672,11.526062965393066,31500
2016-06-28,13.880000114440918,13.880000114440918,13.420000076293945,13.59000015258789,11.654698371887207,14700
2016-06-29,13.569999694824219,13.75,13.4399995803833,13.600000381469727,11.663274765014648,13700
2016-06-30,13.670000076293945,13.729999542236328,13.369999885559082,13.699999809265137,11.749034881591797,11400
2016-07-01,13.640000343322754,13.770000457763672,13.510000228881836,13.680000305175781,11.731884956359863,7300
2016-07-05,13.5,13.890000343322754,13.489999771118164,13.75,11.791914939880371,16200
2016-07-06,13.609999656677246,14.40999984741211,13.550000190734863,14.170000076293945,12.15210247039795,21800
2016-07-07,14.279999732971191,14.279999732971191,13.8100004196167,14.0,12.00631332397461,6600
2016-07-08,14.140000343322754,14.604999542236328,14.029999732971191,14.579999923706055,12.503718376159668,13800
2016-07-11,14.505000114440918,14.649999618530273,13.62399959564209,14.5600004196167,12.486567497253418,33400
2016-07-12,14.579999923706055,15.079999923706055,14.25,14.989999771118164,12.855327606201172,114200
2016-07-13,15.0,15.359999656677246,14.600000381469727,15.180000305175781,13.018274307250977,23800
2016-07-14,15.180000305175781,15.34000015258789,15.0,15.3100004196167,13.1297607421875,12000
2016-07-15,15.40999984741211,15.960000038146973,14.984999656677246,15.5600004196167,13.344159126281738,22500
2016-07-18,15.699999809265137,15.789999961853027,15.333999633789062,15.550000190734863,13.335585594177246,14400
2016-07-19,15.640000343322754,15.640000343322754,14.704999923706055,15.229999542236328,13.061152458190918,14100
2016-07-20,16.299999237060547,17.139999389648438,15.430000305175781,15.59000015258789,13.369888305664062,12700
2016-07-21,15.600000381469727,15.859999656677246,14.984999656677246,15.140000343322754,12.983967781066895,13800
2016-07-22,15.109999656677246,15.765000343322754,14.75,15.399999618530273,13.206944465637207,5100
2016-07-25,15.180000305175781,15.680000305175781,15.170000076293945,15.550000190734863,13.335585594177246,14300
2016-07-26,15.300000190734863,15.829999923706055,15.270000457763672,15.800000190734863,13.549983978271484,4700
2016-07-27,15.510000228881836,15.930000305175781,15.199999809265137,15.510000228881836,13.30128002166748,9700
2016-07-28,15.569999694824219,15.920000076293945,15.270000457763672,15.829999923706055,13.57570743560791,6500
2016-07-29,15.699999809265137,15.699999809265137,13.260000228881836,15.020000457763672,12.881059646606445,17400
2016-08-01,15.029999732971191,15.760000228881836,15.0,15.670000076293945,13.438495635986328,10000
2016-08-02,15.220000267028809,15.800000190734863,15.220000267028809,15.579999923706055,13.361313819885254,14500
2016-08-03,15.640000343322754,15.90999984741211,15.329999923706055,15.710000038146973,13.472798347473145,10600
2016-08-04,15.800000190734863,16.049999237060547,15.579999923706055,15.890000343322754,13.627164840698242,9600
2016-08-05,15.970000267028809,16.25,15.630000114440918,16.030000686645508,13.747230529785156,11900
2016-08-08,15.970000267028809,16.229999542236328,15.600000381469727,15.850000381469727,13.592864990234375,27200
2016-08-09,15.949999809265137,16.18000030517578,15.730999946594238,16.0,13.721501350402832,10500
2016-08-10,16.049999237060547,16.100000381469727,15.470000267028809,15.899999618530273,13.635741233825684,5500
2016-08-11,15.979999542236328,15.979999542236328,15.210000038146973,15.800000190734863,13.549983978271484,3200
2016-08-12,15.75,15.930000305175781,15.5,15.720000267028809,13.481375694274902,12900
2016-08-15,15.510000228881836,15.949999809265137,14.649999618530273,15.859999656677246,13.6014404296875,9300
2016-08-16,16.100000381469727,16.100000381469727,15.581999778747559,15.949999809265137,13.678622245788574,12600
2016-08-17,16.059999465942383,16.190000534057617,15.899999618530273,15.899999618530273,13.635741233825684,2200
2016-08-18,16.049999237060547,16.25,15.760000228881836,16.149999618530273,13.850140571594238,18200
2016-08-19,16.25,16.639999389648438,16.06999969482422,16.399999618530273,14.064538955688477,17900
2016-08-22,16.4950008392334,16.954999923706055,16.041000366210938,16.690000534057617,14.313239097595215,10100
2016-08-23,16.739999771118164,17.0,16.739999771118164,16.860000610351562,14.459031105041504,6400
2016-08-24,16.84000015258789,17.0,16.84000015258789,16.84000015258789,14.441883087158203,4600
2016-08-25,16.600000381469727,16.950000762939453,16.600000381469727,16.75,14.364694595336914,5000
2016-08-26,16.780000686645508,16.989999771118164,16.479999542236328,16.489999771118164,14.1417236328125,4200
2016-08-29,16.600000381469727,16.715999603271484,16.290000915527344,16.549999237060547,14.1931734085083,4900
2016-08-30,16.479999542236328,16.639999389648438,16.079999923706055,16.079999923706055,13.79011058807373,7100
2016-08-31,16.200000762939453,16.299999237060547,15.8100004196167,15.829999923706055,13.57570743560791,10400
2016-09-01,15.800000190734863,16.020000457763672,15.6899995803833,16.020000457763672,13.738652229309082,8900
2016-09-02,15.899999618530273,16.40999984741211,15.899999618530273,16.350000381469727,14.021658897399902,4000
2016-09-06,16.139999389648438,16.469999313354492,15.850000381469727,15.979999542236328,13.70434856414795,5000
2016-09-07,16.1299991607666,16.610000610351562,16.1299991607666,16.25,13.93589973449707,8900
2016-09-08,16.3700008392334,16.3700008392334,15.710000038146973,15.960000038146973,13.687195777893066,8100
2016-09-09,15.90999984741211,15.9399995803833,15.319999694824219,15.600000381469727,13.378462791442871,9700
2016-09-12,15.649999618530273,15.850000381469727,15.479999542236328,15.850000381469727,13.592864990234375,8300
2016-09-13,16.270000457763672,16.270000457763672,15.399999618530273,15.5,13.292702674865723,4200
2016-09-14,15.569999694824219,15.6899995803833,15.3100004196167,15.510000228881836,13.30128002166748,7200
2016-09-15,15.529999732971191,15.970000267028809,15.149999618530273,15.6899995803833,13.455645561218262,15800
2016-09-16,15.819999694824219,16.43000030517578,15.649999618530273,16.40999984741211,14.073116302490234,24400
2016-09-19,16.40999984741211,16.40999984741211,15.859999656677246,15.979999542236328,13.70434856414795,7400
2016-09-20,16.100000381469727,16.3799991607666,15.75,16.34000015258789,14.013082504272461,11300
2016-09-21,15.989999771118164,16.09000015258789,15.899999618530273,15.970000267028809,13.69577407836914,7300
2016-09-22,16.0,16.049999237060547,15.720000267028809,15.949999809265137,13.678622245788574,11100
2016-09-23,15.829999923706055,16.049999237060547,15.789999961853027,15.789999961853027,13.541406631469727,8900
2016-09-26,15.59000015258789,16.0,15.449999809265137,15.6899995803833,13.455645561218262,11400
2016-09-27,15.960000038146973,16.0,15.630000114440918,15.680000305175781,13.44707202911377,9200
2016-09-28,15.710000038146973,15.829999923706055,15.25,15.630000114440918,13.472931861877441,13900
2016-09-29,15.65999984741211,16.010000228881836,15.52299976348877,15.649999618530273,13.4901704788208,3400
2016-09-30,15.75,16.579999923706055,15.75,16.290000915527344,14.041845321655273,9600
2016-10-03,16.06999969482422,16.06999969482422,15.8100004196167,15.90999984741211,13.714288711547852,7800
2016-10-04,15.550000190734863,16.030000686645508,15.109999656677246,15.550000190734863,13.403971672058105,8200
2016-10-05,15.600000381469727,15.859999656677246,15.520000457763672,15.5600004196167,13.412591934204102,7700
2016-10-06,15.579999923706055,15.800000190734863,15.279999732971191,15.630000114440918,13.472931861877441,6600
2016-10-07,15.90999984741211,15.979999542236328,15.619999885559082,15.6899995803833,13.524649620056152,5700
2016-10-10,15.6899995803833,16.010000228881836,15.6899995803833,15.850000381469727,13.66257095336914,5500
2016-10-11,15.970000267028809,16.024999618530273,15.539999961853027,15.579999923706055,13.42983341217041,7100
2016-10-12,15.630000114440918,15.989999771118164,15.630000114440918,15.760000228881836,13.584988594055176,4300
2016-10-13,15.789999961853027,15.789999961853027,15.3100004196167,15.529999732971191,13.386733055114746,4200
2016-10-14,15.836000442504883,15.836000442504883,15.58899974822998,15.609999656677246,13.455686569213867,4700
2016-10-17,15.649999618530273,16.299999237060547,15.649999618530273,16.100000381469727,13.878067016601562,21500
2016-10-18,16.25,16.5,16.149999618530273,16.299999237060547,14.050466537475586,9100
2016-10-19,16.200000762939453,16.299999237060547,16.0,16.149999618530273,13.921165466308594,2800
2016-10-20,16.350000381469727,16.399999618530273,16.299999237060547,16.299999237060547,14.050466537475586,1600
2016-10-21,16.149999618530273,16.200000762939453,15.800000190734863,16.200000762939453,13.96426773071289,2100
2016-10-24,16.399999618530273,16.5,15.75,16.0,13.791866302490234,6700
2016-10-25,16.399999618530273,16.399999618530273,15.800000190734863,15.800000190734863,13.619470596313477,2900
2016-10-26,16.200000762939453,16.299999237060547,15.600000381469727,15.699999809265137,13.533269882202148,4800
2016-10-27,15.75,15.75,15.449999809265137,15.5,13.360870361328125,11100
2016-10-28,15.449999809265137,15.800000190734863,15.399999618530273,15.699999809265137,13.533269882202148,5900
2016-10-31,15.600000381469727,15.600000381469727,15.324000358581543,15.350000381469727,13.231573104858398,10200
2016-11-01,15.449999809265137,15.449999809265137,15.149999618530273,15.199999809265137,13.102274894714355,4600
2016-11-02,15.399999618530273,15.725000381469727,14.449999809265137,14.649999618530273,12.628178596496582,10300
2016-11-03,14.850000381469727,15.300000190734863,14.350000381469727,14.600000381469727,12.585081100463867,17000
2016-11-04,15.600000381469727,15.600000381469727,15.074999809265137,15.199999809265137,13.102274894714355,7700
2016-11-07,15.449999809265137,16.299999237060547,15.100000381469727,15.449999809265137,13.317770004272461,6300
2016-11-08,15.25,16.200000762939453,15.25,16.200000762939453,13.96426773071289,1700
2016-11-09,15.649999618530273,16.399999618530273,15.649999618530273,16.399999618530273,14.136664390563965,15900
2016-11-10,16.5,16.725000381469727,16.049999237060547,16.700000762939453,14.39526081085205,17100
2016-11-11,16.700000762939453,16.700000762939453,15.149999618530273,16.0,13.791866302490234,31700
2016-11-14,16.0,16.049999237060547,15.300000190734863,15.949999809265137,13.748767852783203,16400
2016-11-15,16.125,16.274999618530273,15.850000381469727,15.949999809265137,13.748767852783203,23400
2016-11-16,15.899999618530273,16.049999237060547,15.899999618530273,16.049999237060547,13.834966659545898,28200
2016-11-17,16.0,16.072999954223633,15.949999809265137,16.0,13.791866302490234,8000
2016-11-18,16.0,16.049999237060547,15.800000190734863,16.0,13.791866302490234,13700
2016-11-21,16.049999237060547,16.049999237060547,15.800000190734863,15.899999618530273,13.705668449401855,22300
2016-11-22,16.049999237060547,16.049999237060547,15.949999809265137,16.049999237060547,13.834966659545898,16100
2016-11-23,15.949999809265137,16.049999237060547,15.949999809265137,16.0,13.791866302490234,7900
2016-11-25,16.0,16.0,15.949999809265137,16.0,13.791866302490234,5600
2016-11-28,16.0,16.049999237060547,15.75,16.0,13.791866302490234,14300
2016-11-29,16.0,16.049999237060547,15.77400016784668,15.949999809265137,13.748767852783203,7900
2016-11-30,16.0,16.100000381469727,15.944999694824219,16.0,13.791866302490234,90200
2016-12-01,15.949999809265137,16.5,15.899999618530273,16.149999618530273,13.921165466308594,9700
2016-12-02,16.0,16.399999618530273,16.0,16.299999237060547,14.050466537475586,6800
2016-12-05,16.899999618530273,17.0,16.899999618530273,17.0,14.653858184814453,7700
2016-12-06,16.899999618530273,17.600000381469727,16.75,17.450000762939453,15.041759490966797,20900
2016-12-07,17.5,17.950000762939453,17.0,17.799999237060547,15.343452453613281,18800
2016-12-08,17.799999237060547,18.200000762939453,17.799999237060547,18.0,15.515851020812988,30000
2016-12-09,18.142000198364258,18.149999618530273,18.049999237060547,18.100000381469727,15.60205078125,14100
2016-12-12,18.149999618530273,18.450000762939453,18.0,18.149999618530273,15.645151138305664,8500
2016-12-13,18.200000762939453,20.0,17.25,18.5,15.946846961975098,8400
2016-12-14,17.700000762939453,18.5,17.700000762939453,18.399999618530273,15.860645294189453,11100
2016-12-15,17.700000762939453,18.350000381469727,17.600000381469727,18.149999618530273,15.645151138305664,21500
2016-12-16,18.0,18.0,16.299999237060547,17.899999618530273,15.429647445678711,70400
2016-12-19,17.850000381469727,18.0,16.75,18.0,15.515851020812988,10400
2016-12-20,18.0,18.0,17.899999618530273,18.0,15.515851020812988,12200
2016-12-21,17.899999618530273,18.450000762939453,17.899999618530273,18.149999618530273,15.645151138305664,25600
2016-12-22,19.0,19.0,17.799999237060547,18.0,15.515851020812988,5700
2016-12-23,18.049999237060547,18.100000381469727,17.950000762939453,17.950000762939453,15.472756385803223,4800
2016-12-27,16.600000381469727,18.299999237060547,16.600000381469727,18.200000762939453,15.688250541687012,2600
2016-12-28,18.100000381469727,18.25,17.75,18.0,15.60157585144043,7200
2016-12-29,18.5,18.899999618530273,18.450000762939453,18.75,16.25164031982422,4900
2016-12-30,18.649999618530273,19.049999237060547,18.649999618530273,19.0,16.468326568603516,19700
2017-01-03,19.149999618530273,19.886999130249023,18.600000381469727,18.799999237060547,16.294979095458984,9300
2017-01-04,18.950000762939453,19.399999618530273,18.75,19.200000762939453,16.641677856445312,11300
2017-01-05,18.700000762939453,19.700000762939453,18.700000762939453,19.600000381469727,16.988380432128906,23000
2017-01-06,19.700000762939453,19.75,19.350000381469727,19.399999618530273,16.815031051635742,5500
2017-01-09,19.5,19.5,18.833999633789062,19.0,16.468326568603516,7000
2017-01-10,19.174999237060547,19.25,19.0,19.200000762939453,16.641677856445312,8800
2017-01-11,19.149999618530273,19.149999618530273,18.649999618530273,18.75,16.25164031982422,5900
2017-01-12,18.75,18.799999237060547,18.549999237060547,18.600000381469727,16.121627807617188,4200
2017-01-13,18.700000762939453,18.700000762939453,18.200000762939453,18.549999237060547,16.078290939331055,17900
2017-01-17,18.450000762939453,18.549999237060547,18.100000381469727,18.25,15.818259239196777,12100
2017-01-18,18.399999618530273,18.549999237060547,17.899999618530273,18.450000762939453,15.991615295410156,3600
2017-01-19,18.149999618530273,18.5,18.149999618530273,18.350000381469727,15.904943466186523,10700
2017-01-20,18.299999237060547,18.5,17.950000762939453,18.149999618530273,15.731584548950195,21500
2017-01-23,16.700000762939453,17.950000762939453,16.700000762939453,17.5,15.168198585510254,14000
2017-01-24,17.100000381469727,18.450000762939453,17.100000381469727,18.399999618530273,15.948278427124023,4700
2017-01-25,18.5,18.649999618530273,18.200000762939453,18.350000381469727,15.904943466186523,7600
2017-01-26,18.25,18.25,17.899999618530273,18.049999237060547,15.644913673400879,2600
2017-01-27,18.200000762939453,18.200000762939453,17.600000381469727,17.700000762939453,15.341545104980469,3600
2017-01-30,17.600000381469727,17.799999237060547,17.200000762939453,17.200000762939453,14.908169746398926,9600
2017-01-31,17.200000762939453,17.549999237060547,16.5,17.450000762939453,15.124859809875488,92400
2017-02-01,16.549999237060547,17.899999618530273,16.549999237060547,17.850000381469727,15.471565246582031,6100
2017-02-02,17.950000762939453,18.0,17.649999618530273,17.799999237060547,15.428223609924316,5900
2017-02-03,18.0,18.149999618530273,17.850000381469727,18.100000381469727,15.688250541687012,10800
2017-02-06,17.950000762939453,18.450000762939453,17.950000762939453,18.049999237060547,15.644913673400879,4600
2017-02-07,18.600000381469727,18.600000381469727,17.875,18.0,15.60157585144043,6100
2017-02-08,18.100000381469727,18.100000381469727,17.5,17.850000381469727,15.471565246582031,2900
2017-02-09,18.101999282836914,18.25,17.725000381469727,18.200000762939453,15.774922370910645,5500
2017-02-10,18.200000762939453,18.700000762939453,18.100000381469727,18.299999237060547,15.861599922180176,5400
2017-02-13,18.399999618530273,18.549999237060547,18.200000762939453,18.399999618530273,15.948278427124023,3800
2017-02-14,18.299999237060547,18.299999237060547,17.700000762939453,17.950000762939453,15.55823802947998,13400
2017-02-15,17.899999618530273,18.003000259399414,17.149999618530273,17.850000381469727,15.471565246582031,3400
2017-02-16,17.700000762939453,17.700000762939453,17.200000762939453,17.25,14.951508522033691,2600
2017-02-17,17.649999618530273,17.98200035095215,17.350000381469727,17.5,15.168198585510254,1033900
2017-02-21,17.700000762939453,18.0,17.600000381469727,17.899999618530273,15.514899253845215,4900
2017-02-22,18.100000381469727,18.700000762939453,18.100000381469727,18.600000381469727,16.121627807617188,7400
2017-02-23,18.649999618530273,18.700000762939453,18.649999618530273,18.649999618530273,16.164960861206055,3900
2017-02-24,18.437999725341797,18.850000381469727,18.437999725341797,18.700000762939453,16.208301544189453,4100
2017-02-27,18.700000762939453,19.5,18.600000381469727,19.0,16.468326568603516,11200
2017-02-28,18.799999237060547,19.899999618530273,18.549999237060547,18.649999618530273,16.164960861206055,11500
2017-03-01,19.0,19.200000762939453,18.649999618530273,18.799999237060547,16.294979095458984,7100
2017-03-02,18.424999237060547,20.149999618530273,18.424999237060547,19.799999237060547,17.161727905273438,19600
2017-03-03,19.600000381469727,19.600000381469727,18.549999237060547,18.950000762939453,16.42499351501465,18800
2017-03-06,18.549999237060547,18.850000381469727,18.399999618530273,18.75,16.25164031982422,14300
2017-03-07,18.75,18.75,18.149999618530273,18.649999618530273,16.164960861206055,12800
2017-03-08,18.600000381469727,18.75,17.549999237060547,17.549999237060547,15.211533546447754,10000
2017-03-09,17.774999618530273,17.774999618530273,16.899999618530273,17.049999237060547,14.778153419494629,8600
2017-03-10,17.350000381469727,18.0,17.049999237060547,17.75,15.384886741638184,19100
2017-03-13,18.325000762939453,18.399999618530273,17.600000381469727,17.899999618530273,15.514899253845215,11600
2017-03-14,18.299999237060547,18.299999237060547,17.850000381469727,17.850000381469727,15.471565246582031,14100
2017-03-15,17.950000762939453,18.549999237060547,17.950000762939453,18.399999618530273,15.948278427124023,42800
2017-03-16,18.5,18.700000762939453,18.299999237060547,18.5,16.034950256347656,8500
2017-03-17,18.350000381469727,19.600000381469727,18.100000381469727,19.049999237060547,16.511661529541016,38100
2017-03-20,19.149999618530273,19.5,19.024999618530273,19.25,16.685016632080078,14300
2017-03-21,19.299999237060547,19.799999237060547,19.075000762939453,19.399999618530273,16.815031051635742,37000
2017-03-22,19.358999252319336,19.450000762939453,18.950000762939453,19.100000381469727,16.555002212524414,11700
2017-03-23,19.0,19.100000381469727,18.850000381469727,19.0,16.468326568603516,5400
2017-03-24,19.049999237060547,19.649999618530273,19.0,19.149999618530273,16.598342895507812,5600
2017-03-27,19.149999618530273,20.924999237060547,19.149999618530273,20.0,17.335081100463867,21300
2017-03-28,19.399999618530273,20.100000381469727,19.399999618530273,19.950000762939453,17.291744232177734,9200
2017-03-29,20.0,20.399999618530273,19.25,19.25,16.769067764282227,16200
2017-03-30,18.812000274658203,19.909000396728516,18.812000274658203,19.350000381469727,16.856191635131836,13900
2017-03-31,19.200000762939453,20.0,19.200000762939453,19.700000762939453,17.16107177734375,8400
2017-04-03,19.399999618530273,20.0,19.399999618530273,19.799999237060547,17.248184204101562,8300
2017-04-04,19.149999618530273,20.5,19.149999618530273,20.149999618530273,17.553081512451172,14600
2017-04-05,20.799999237060547,20.899999618530273,20.274999618530273,20.299999237060547,17.68375015258789,22700
2017-04-06,20.399999618530273,21.200000762939453,20.399999618530273,20.850000381469727,18.162864685058594,21300
2017-04-07,21.0,21.25,20.899999618530273,21.100000381469727,18.380643844604492,3200
2017-04-10,21.5,21.700000762939453,21.121999740600586,21.299999237060547,18.554868698120117,20200
2017-04-11,21.149999618530273,21.799999237060547,21.149999618530273,21.649999618530273,18.85975456237793,11000
2017-04-12,21.850000381469727,22.0,21.450000762939453,21.450000762939453,18.685535430908203,8200
2017-04-13,20.674999237060547,21.64900016784668,20.19300079345703,20.600000381469727,17.945083618164062,8800
2017-04-17,20.899999618530273,21.350000381469727,20.600000381469727,21.350000381469727,18.598426818847656,7200
2017-04-18,21.5,22.0,21.450000762939453,21.899999618530273,19.07754135131836,10000
2017-04-19,21.950000762939453,22.350000381469727,21.576000213623047,22.100000381469727,19.251766204833984,13600
2017-04-20,22.450000762939453,22.549999237060547,22.149999618530273,22.549999237060547,19.643770217895508,14100
2017-04-21,22.549999237060547,23.350000381469727,22.43000030517578,22.950000762939453,19.992216110229492,11700
2017-04-24,23.299999237060547,23.450000762939453,23.0,23.25,20.253551483154297,5100
2017-04-25,23.299999237060547,24.149999618530273,23.25,23.950000762939453,20.86334228515625,28600
2017-04-26,23.950000762939453,24.850000381469727,23.5,24.549999237060547,21.38600730895996,16800
2017-04-27,24.700000762939453,25.25,24.674999237060547,24.850000381469727,21.647350311279297,41800
2017-04-28,25.0,25.0,24.600000381469727,24.799999237060547,21.603788375854492,27800
2017-05-01,24.850000381469727,25.100000381469727,24.799999237060547,24.850000381469727,21.647350311279297,21700
2017-05-02,24.850000381469727,25.25,24.850000381469727,25.0,21.77801513671875,10200
2017-05-03,24.899999618530273,25.225000381469727,24.899999618530273,25.049999237060547,21.82157325744629,33200
2017-05-04,25.0,25.0,24.450000762939453,24.5,21.342453002929688,7100
2017-05-05,24.549999237060547,24.600000381469727,23.899999618530273,24.0,20.906892776489258,14500
2017-05-08,24.25,24.274999618530273,23.600000381469727,24.0,20.906892776489258,31100
2017-05-09,24.0,24.350000381469727,23.899999618530273,24.350000381469727,21.2117862701416,24600
2017-05-10,24.25,24.549999237060547,24.0,24.149999618530273,21.03756332397461,17100
2017-05-11,24.299999237060547,24.350000381469727,23.950000762939453,24.200000762939453,21.081117630004883,15600
2017-05-12,24.899999618530273,24.899999618530273,24.149999618530273,24.25,21.12467384338379,11500
2017-05-15,24.674999237060547,24.899999618530273,23.950000762939453,24.600000381469727,21.4295654296875,39100
2017-05-16,24.600000381469727,25.0,24.280000686645508,24.75,21.56024169921875,27900
2017-05-17,24.5,24.600000381469727,24.100000381469727,24.25,21.12467384338379,31100
2017-05-18,24.549999237060547,24.549999237060547,23.450000762939453,23.600000381469727,20.558446884155273,27700
2017-05-19,23.549999237060547,24.0,23.450000762939453,23.700000762939453,20.645557403564453,17700
2017-05-22,23.299999237060547,24.200000762939453,23.299999237060547,23.899999618530273,20.81978416442871,16500
2017-05-23,22.75,24.0,22.75,23.850000381469727,20.776226043701172,9300
2017-05-24,23.850000381469727,24.399999618530273,23.350000381469727,24.149999618530273,21.03756332397461,25700
2017-05-25,24.5,24.700000762939453,24.350000381469727,24.700000762939453,21.51668357849121,14800
2017-05-26,24.600000381469727,24.700000762939453,24.149999618530273,24.149999618530273,21.03756332397461,12900
2017-05-30,24.350000381469727,24.549999237060547,24.0,24.149999618530273,21.03756332397461,13200
2017-05-31,24.149999618530273,24.299999237060547,23.950000762939453,24.0,20.906892776489258,18100
2017-06-01,24.0,24.700000762939453,23.25,24.100000381469727,20.994009017944336,23100
2017-06-02,24.100000381469727,24.649999618530273,24.100000381469727,24.350000381469727,21.2117862701416,21200
2017-06-05,24.399999618530273,24.700000762939453,24.25,24.549999237060547,21.38600730895996,10000
2017-06-06,24.299999237060547,25.75,24.299999237060547,25.600000381469727,22.300687789916992,19500
2017-06-07,25.700000762939453,27.25,25.700000762939453,26.149999618530273,22.779804229736328,26300
2017-06-08,25.899999618530273,26.549999237060547,25.850000381469727,25.950000762939453,22.60557746887207,25000
2017-06-09,25.899999618530273,26.948999404907227,25.899999618530273,26.350000381469727,22.954030990600586,25800
2017-06-12,26.450000762939453,27.549999237060547,26.450000762939453,27.350000381469727,23.825151443481445,34200
2017-06-13,27.600000381469727,28.149999618530273,27.5,28.149999618530273,24.52204704284668,36000
2017-06-14,28.75,28.75,27.549999237060547,27.950000762939453,24.347824096679688,61200
2017-06-15,27.549999237060547,27.799999237060547,27.5,27.5,23.955810546875,27700
2017-06-16,27.149999618530273,27.649999618530273,27.149999618530273,27.5,23.955810546875,65900
2017-06-19,27.450000762939453,27.5,27.25,27.450000762939453,23.912256240844727,37700
2017-06-20,27.409000396728516,27.5,27.100000381469727,27.200000762939453,23.69447898864746,14100
2017-06-21,27.5,27.5,27.100000381469727,27.100000381469727,23.60736656188965,18000
2017-06-22,27.200000762939453,27.299999237060547,26.899999618530273,27.0,23.520252227783203,11000
2017-06-23,27.049999237060547,27.100000381469727,26.399999618530273,27.100000381469727,23.60736656188965,148300
2017-06-26,26.850000381469727,27.75,26.700000762939453,27.049999237060547,23.56380844116211,41800
2017-06-27,27.25,27.25,26.75,26.950000762939453,23.476701736450195,20600
2017-06-28,26.899999618530273,27.350000381469727,26.899999618530273,27.25,23.826444625854492,20700
2017-06-29,27.200000762939453,27.200000762939453,26.700000762939453,26.950000762939453,23.564136505126953,18100
2017-06-30,26.899999618530273,27.049999237060547,26.75,26.899999618530273,23.52042007446289,11000
2017-07-03,26.950000762939453,27.25,26.899999618530273,27.100000381469727,23.695289611816406,7300
2017-07-05,27.100000381469727,27.399999618530273,26.799999237060547,27.350000381469727,23.91388702392578,13700
2017-07-06,27.049999237060547,27.350000381469727,26.899999618530273,27.200000762939453,23.782732009887695,15000
2017-07-07,27.049999237060547,28.200000762939453,27.049999237060547,27.75,24.263628005981445,25500
2017-07-10,27.799999237060547,28.378000259399414,27.350000381469727,27.450000762939453,24.001317977905273,18100
2017-07-11,27.5,27.899999618530273,26.700000762939453,27.700000762939453,24.219913482666016,9400
2017-07-12,27.700000762939453,28.25,27.700000762939453,28.149999618530273,24.61337661743164,11700
2017-07-13,28.100000381469727,28.25,27.850000381469727,28.149999618530273,24.61337661743164,16700
2017-07-14,28.049999237060547,28.450000762939453,28.049999237060547,28.200000762939453,24.657094955444336,11400
2017-07-17,28.149999618530273,28.75,28.0,28.299999237060547,24.74452781677246,27200
2017-07-18,28.25,28.5,28.25,28.5,24.919404983520508,13200
2017-07-19,28.66200065612793,28.850000381469727,28.399999618530273,28.549999237060547,24.963117599487305,40000
2017-07-20,28.549999237060547,28.899999618530273,28.25,28.549999237060547,24.963117599487305,40200
2017-07-21,28.75,28.950000762939453,28.5,28.600000381469727,25.0068359375,44500
2017-07-24,29.350000381469727,29.549999237060547,28.444000244140625,29.25,25.575172424316406,20800
2017-07-25,29.450000762939453,29.825000762939453,28.850000381469727,29.0,25.356582641601562,15600
2017-07-26,28.899999618530273,29.75,28.899999618530273,29.700000762939453,25.968639373779297,15100
2017-07-27,29.649999618530273,29.950000762939453,28.75,29.149999618530273,25.487735748291016,12100
2017-07-28,29.700000762939453,29.700000762939453,29.149999618530273,29.25,25.575172424316406,24100
2017-07-31,29.450000762939453,29.850000381469727,29.299999237060547,29.399999618530273,25.706327438354492,18200
2017-08-01,29.549999237060547,29.950000762939453,28.950000762939453,29.700000762939453,25.968639373779297,18800
2017-08-02,30.850000381469727,32.599998474121094,29.350000381469727,29.649999618530273,25.9249210357666,21900
2017-08-03,29.549999237060547,30.0,29.149999618530273,29.799999237060547,26.056074142456055,12400
2017-08-04,29.899999618530273,30.049999237060547,29.450000762939453,29.899999618530273,26.14350700378418,19800
2017-08-07,29.950000762939453,30.450000762939453,29.75,29.950000762939453,26.187236785888672,15900
2017-08-08,29.950000762939453,30.399999618530273,29.850000381469727,30.200000762939453,26.40582275390625,13200
2017-08-09,30.0,31.0,30.0,30.600000381469727,26.755569458007812,18000
2017-08-10,30.409000396728516,30.409000396728516,30.0,30.149999618530273,26.362106323242188,17800
2017-08-11,30.200000762939453,30.950000762939453,30.049999237060547,30.799999237060547,26.93044090270996,19100
2017-08-14,31.200000762939453,32.01499938964844,30.920000076293945,31.149999618530273,27.236465454101562,20800
2017-08-15,31.149999618530273,31.25,31.049999237060547,31.200000762939453,27.280189514160156,10800
2017-08-16,31.399999618530273,31.399999618530273,30.25,30.350000381469727,26.536977767944336,16600
2017-08-17,30.299999237060547,30.375999450683594,29.81100082397461,30.049999237060547,26.27466583251953,28000
2017-08-18,29.950000762939453,30.200000762939453,29.75,30.149999618530273,26.362106323242188,13900
2017-08-21,30.200000762939453,30.399999618530273,29.899999618530273,29.950000762939453,26.187236785888672,18100
2017-08-22,30.0,30.25,30.0,30.25,26.449541091918945,6900
2017-08-23,29.950000762939453,30.149999618530273,29.899999618530273,30.0,26.2309513092041,8900
2017-08-24,30.0,30.25,29.899999618530273,30.0,26.2309513092041,11700
2017-08-25,30.399999618530273,30.450000762939453,29.799999237060547,30.350000381469727,26.536977767944336,9300
2017-08-28,30.649999618530273,31.649999618530273,30.049999237060547,31.350000381469727,27.411340713500977,41700
2017-08-29,31.5,32.54999923706055,31.5,32.349998474121094,28.28570556640625,35900
2017-08-30,32.75,32.900001525878906,32.5,32.599998474121094,28.50429916381836,22200
2017-08-31,32.849998474121094,33.150001525878906,32.25,32.29999923706055,28.241985321044922,32200
2017-09-01,32.400001525878906,33.0,32.0,32.95000076293945,28.810331344604492,42500
2017-09-05,33.0,33.45000076293945,32.900001525878906,33.099998474121094,28.94147300720215,33300
2017-09-06,33.099998474121094,33.70000076293945,33.099998474121094,33.650001525878906,29.422382354736328,32600
2017-09-07,33.70000076293945,33.70000076293945,33.0,33.150001525878906,28.98520278930664,14200
2017-09-08,33.20000076293945,33.39400100708008,32.5,32.5,28.4168643951416,17700
2017-09-11,33.099998474121094,33.650001525878906,33.04999923706055,33.20000076293945,29.028921127319336,23500
2017-09-12,33.20000076293945,33.58599853515625,33.0,33.25,29.072635650634766,23700
2017-09-13,33.29999923706055,33.599998474121094,33.150001525878906,33.45000076293945,29.24750328063965,20400
2017-09-14,33.5,34.5,33.45000076293945,34.349998474121094,30.034435272216797,27500
2017-09-15,34.45000076293945,34.45000076293945,33.5099983215332,34.25,29.947006225585938,100500
2017-09-18,35.849998474121094,41.99399948120117,35.5,37.599998474121094,32.87612533569336,123100
2017-09-19,37.900001525878906,39.0,37.0,37.5,32.788692474365234,41800
2017-09-20,37.54999923706055,38.0,36.400001525878906,37.25,32.570098876953125,46700
2017-09-21,37.04999923706055,37.849998474121094,36.599998474121094,36.900001525878906,32.264068603515625,35900
2017-09-22,36.70000076293945,37.5,36.70000076293945,37.45000076293945,32.744964599609375,11600
2017-09-25,37.150001525878906,38.04999923706055,37.04999923706055,37.20000076293945,32.52638244628906,50800
2017-09-26,37.400001525878906,41.150001525878906,37.400001525878906,37.75,33.00727844238281,31100
2017-09-27,38.04999923706055,38.099998474121094,37.29999923706055,37.849998474121094,33.09471130371094,34800
2017-09-28,37.75,38.20000076293945,35.0,37.900001525878906,33.22623062133789,27600
2017-09-29,37.900001525878906,37.95000076293945,37.349998474121094,37.70000076293945,33.05088806152344,23300
2017-10-02,37.95000076293945,38.29999923706055,37.823001861572266,38.29999923706055,33.57689666748047,43900
2017-10-03,38.54999923706055,38.79999923706055,38.29999923706055,38.54999923706055,33.79606246948242,20700
2017-10-04,38.70000076293945,39.0,37.54999923706055,37.849998474121094,33.18238067626953,32400
2017-10-05,37.900001525878906,38.0,37.20000076293945,37.849998474121094,33.18238067626953,30200
2017-10-06,37.849998474121094,38.20000076293945,37.349998474121094,37.70000076293945,33.05088806152344,14700
2017-10-09,37.900001525878906,37.95000076293945,37.5,37.5,32.875553131103516,12500
2017-10-10,37.79999923706055,37.79999923706055,37.25,37.45000076293945,32.83170700073242,21400
2017-10-11,37.599998474121094,37.599998474121094,36.900001525878906,37.150001525878906,32.56871032714844,30400
2017-10-12,36.900001525878906,37.5,36.900001525878906,36.900001525878906,32.34953689575195,27700
2017-10-13,37.099998474121094,37.349998474121094,36.29999923706055,36.54999923706055,32.042694091796875,22000
2017-10-16,36.70000076293945,37.0,36.04999923706055,36.5,31.998865127563477,63800
2017-10-17,36.525001525878906,37.70000076293945,36.42499923706055,36.900001525878906,32.34953689575195,82400
2017-10-18,37.20000076293945,37.900001525878906,36.849998474121094,37.54999923706055,32.919376373291016,104900
2017-10-19,37.5,37.650001525878906,36.849998474121094,37.29999923706055,32.7002067565918,134100
2017-10-20,37.54999923706055,38.25,37.25,37.70000076293945,33.05088806152344,37500
2017-10-23,37.900001525878906,38.0,36.76100158691406,36.95000076293945,32.39337158203125,22400
2017-10-24,37.0,37.599998474121094,37.0,37.45000076293945,32.83170700073242,28700
2017-10-25,37.5,38.0,37.07500076293945,37.900001525878906,33.22623062133789,40100
2017-10-26,38.0,38.099998474121094,37.650001525878906,37.75,33.0947151184082,55600
2017-10-27,38.0,38.0,37.79999923706055,38.0,33.31388473510742,27400
2017-10-30,37.95000076293945,38.0,35.900001525878906,35.900001525878906,31.472858428955078,16200
2017-10-31,36.0,37.79999923706055,36.0,37.54999923706055,32.919376373291016,27600
2017-11-01,37.45000076293945,37.45000076293945,35.95000076293945,36.29999923706055,31.82352638244629,32800
2017-11-02,36.29999923706055,37.349998474121094,36.29999923706055,37.349998474121094,32.744049072265625,14600
2017-11-03,37.29999923706055,37.79999923706055,37.17499923706055,37.45000076293945,32.83170700073242,19100
2017-11-06,37.29999923706055,37.650001525878906,36.349998474121094,36.599998474121094,32.0865364074707,19400
2017-11-07,37.20000076293945,37.20000076293945,34.400001525878906,34.45000076293945,30.201671600341797,42600
2017-11-08,35.599998474121094,35.599998474121094,32.599998474121094,32.900001525878906,28.842815399169922,44100
2017-11-09,32.349998474121094,33.0,31.604999542236328,33.0,28.930477142333984,46100
2017-11-10,32.95000076293945,33.0,32.349998474121094,32.400001525878906,28.404478073120117,14600
2017-11-13,32.400001525878906,32.75,31.700000762939453,32.45000076293945,28.448307037353516,26100
2017-11-14,32.349998474121094,32.5,32.04999923706055,32.349998474121094,28.36063575744629,11600
2017-11-15,32.20000076293945,32.21699905395508,31.399999618530273,31.399999618530273,27.527790069580078,16300
2017-11-16,31.600000381469727,32.900001525878906,31.424999237060547,32.75,28.711315155029297,16000
2017-11-17,32.650001525878906,33.150001525878906,32.45000076293945,32.650001525878906,28.623640060424805,16000
2017-11-20,32.70000076293945,33.66400146484375,32.599998474121094,33.5,29.368818283081055,14700
2017-11-21,33.45000076293945,34.45000076293945,33.45000076293945,34.150001525878906,29.93866539001465,18000
2017-11-22,34.29999923706055,34.70000076293945,33.400001525878906,33.400001525878906,29.281150817871094,13900
2017-11-24,33.650001525878906,33.650001525878906,32.849998474121094,33.25,29.149648666381836,18800
2017-11-27,33.25,34.0,33.20000076293945,33.75,29.587989807128906,15100
2017-11-28,33.849998474121094,34.400001525878906,33.650001525878906,34.099998474121094,29.89482307434082,15800
2017-11-29,34.20000076293945,34.599998474121094,33.95000076293945,34.25,30.026334762573242,14100
2017-11-30,34.400001525878906,34.54999923706055,33.79999923706055,33.95000076293945,29.76332664489746,50000
2017-12-01,34.150001525878906,35.70000076293945,33.650001525878906,35.599998474121094,31.20984649658203,33000
2017-12-04,35.70000076293945,36.119998931884766,34.900001525878906,35.04999923706055,30.727672576904297,20800
2017-12-05,35.20000076293945,35.957000732421875,34.650001525878906,34.70000076293945,30.42083740234375,22400
2017-12-06,34.650001525878906,34.849998474121094,33.650001525878906,33.79999923706055,29.631818771362305,18400
2017-12-07,33.75,34.20000076293945,33.599998474121094,33.79999923706055,29.631818771362305,17300
2017-12-08,34.150001525878906,34.95000076293945,33.54999923706055,33.599998474121094,29.45647621154785,16700
2017-12-11,33.70000076293945,35.5,33.70000076293945,34.099998474121094,29.89482307434082,21600
2017-12-12,34.349998474121094,34.54999923706055,33.29999923706055,33.599998474121094,29.45647621154785,16700
2017-12-13,33.5,34.20000076293945,32.45000076293945,33.650001525878906,29.500324249267578,73200
2017-12-14,33.75,35.63199996948242,33.099998474121094,33.599998474121094,29.45647621154785,46200
2017-12-15,33.599998474121094,34.599998474121094,33.599998474121094,34.29999923706055,30.07015609741211,72300
2017-12-18,34.650001525878906,35.150001525878906,34.5,34.95000076293945,30.64000701904297,20200
2017-12-19,35.0,35.45000076293945,34.900001525878906,35.04999923706055,30.727672576904297,12200
2017-12-20,35.150001525878906,35.57500076293945,34.75,34.95000076293945,30.64000701904297,13500
2017-12-21,34.95000076293945,35.558998107910156,34.900001525878906,35.20000076293945,30.859172821044922,15400
2017-12-22,35.900001525878906,36.29999923706055,35.5,36.099998474121094,31.648193359375,27600
2017-12-26,36.150001525878906,37.400001525878906,36.150001525878906,37.150001525878906,32.56871032714844,32300
2017-12-27,37.20000076293945,37.67499923706055,36.95000076293945,37.099998474121094,32.524871826171875,25600
2017-12-28,37.25,37.70000076293945,37.25,37.400001525878906,32.87648391723633,31900
2017-12-29,37.45000076293945,38.150001525878906,37.150001525878906,37.29999923706055,32.7885856628418,85200
2018-01-02,37.599998474121094,37.79999923706055,36.79999923706055,36.79999923706055,32.34906005859375,35200
2018-01-03,36.75,37.20000076293945,36.650001525878906,36.849998474121094,32.39301681518555,41000
2018-01-04,37.20000076293945,37.400001525878906,36.849998474121094,37.20000076293945,32.700687408447266,16800
2018-01-05,37.20000076293945,37.20000076293945,36.400001525878906,36.5,32.085350036621094,14400
2018-01-08,36.349998474121094,37.04999923706055,36.150001525878906,36.599998474121094,32.173255920410156,17400
2018-01-09,36.650001525878906,37.150001525878906,36.5,36.650001525878906,32.217201232910156,20200
2018-01-10,36.29999923706055,36.900001525878906,36.0,36.04999923706055,31.689773559570312,19800
2018-01-11,36.29999923706055,37.0,36.0,36.45000076293945,32.0413932800293,37200
2018-01-12,37.25,37.349998474121094,36.474998474121094,36.849998474121094,32.39301681518555,15700
2018-01-16,36.95000076293945,39.75,36.0,36.099998474121094,31.73373031616211,20300
2018-01-17,36.099998474121094,36.85100173950195,35.7400016784668,36.54999923706055,32.129295349121094,12400
2018-01-18,36.599998474121094,37.20000076293945,36.20000076293945,36.5,32.085350036621094,12300
2018-01-19,36.349998474121094,37.95000076293945,36.20000076293945,37.349998474121094,32.83254623413086,27600
2018-01-22,37.29999923706055,37.62699890136719,37.04999923706055,37.5,32.96440505981445,8900
2018-01-23,37.5,38.20000076293945,37.5,38.04999923706055,33.447872161865234,10600
2018-01-24,38.150001525878906,38.349998474121094,37.70000076293945,37.849998474121094,33.272064208984375,18800
2018-01-25,38.04999923706055,38.45000076293945,37.849998474121094,38.45000076293945,33.79949951171875,13900
2018-01-26,38.5,38.650001525878906,37.95000076293945,38.150001525878906,33.53578567504883,12200
2018-01-29,38.099998474121094,38.099998474121094,36.650001525878906,36.70000076293945,32.261165618896484,16600
2018-01-30,36.349998474121094,37.400001525878906,36.349998474121094,37.0,32.52488327026367,19900
2018-01-31,37.150001525878906,38.07500076293945,37.099998474121094,37.650001525878906,33.09625244140625,15100
2018-02-01,37.54999923706055,38.25,37.04999923706055,37.29999923706055,32.7885856628418,14700
2018-02-02,37.849998474121094,37.900001525878906,37.04999923706055,37.400001525878906,32.87648391723633,15100
2018-02-05,37.099998474121094,38.54999923706055,36.0,36.0,31.645830154418945,31700
2018-02-06,35.849998474121094,39.349998474121094,35.5,36.0,31.645830154418945,25600
2018-02-07,35.79999923706055,36.0,33.016998291015625,34.75,30.547014236450195,19100
2018-02-08,34.650001525878906,35.29999923706055,34.0,34.45000076293945,30.28329849243164,18300
2018-02-09,34.75299835205078,36.04999923706055,34.0,35.04999923706055,30.810720443725586,17300
2018-02-12,35.099998474121094,35.900001525878906,34.70000076293945,35.0,30.76677703857422,13900
2018-02-13,34.599998474121094,36.650001525878906,34.599998474121094,35.29999923706055,31.030485153198242,7700
2018-02-14,34.599998474121094,35.79999923706055,31.200000762939453,32.400001525878906,28.481246948242188,42900
2018-02-15,32.79999923706055,33.849998474121094,32.525001525878906,32.54999923706055,28.61309814453125,17700
2018-02-16,32.599998474121094,33.5,32.099998474121094,32.25,28.349382400512695,19300
2018-02-20,32.150001525878906,32.599998474121094,30.75,30.75,27.030805587768555,26700
2018-02-21,31.600000381469727,31.600000381469727,28.75,29.149999618530273,25.62432289123535,28600
2018-02-22,29.600000381469727,30.399999618530273,29.25,29.899999618530273,26.283607482910156,38800
2018-02-23,31.937999725341797,31.937999725341797,30.049999237060547,30.5,26.811044692993164,26100
2018-02-26,30.450000762939453,30.75,29.75,30.25,26.59128189086914,29000
2018-02-27,30.350000381469727,30.5,29.600000381469727,29.850000381469727,26.23966407775879,18500
2018-02-28,29.850000381469727,30.850000381469727,28.149999618530273,28.299999237060547,24.877132415771484,23100
2018-03-01,28.299999237060547,29.652000427246094,26.350000381469727,29.350000381469727,25.800140380859375,48900
2018-03-02,29.450000762939453,30.899999618530273,29.350000381469727,30.649999618530273,26.942901611328125,37300
2018-03-05,30.600000381469727,31.197999954223633,30.299999237060547,30.399999618530273,26.7231388092041,25900
2018-03-06,30.5,31.288999557495117,29.649999618530273,31.100000381469727,27.33847427368164,28000
2018-03-07,31.049999237060547,31.100000381469727,30.25,30.700000762939453,26.98685646057129,21600
2018-03-08,30.899999618530273,31.98699951171875,30.28499984741211,30.5,26.811044692993164,15400
2018-03-09,30.75,31.5,30.69300079345703,31.450000762939453,27.646146774291992,13400
2018-03-12,31.5,31.75,31.049999237060547,31.5,27.690093994140625,9700
2018-03-13,31.5,31.75,31.049999237060547,31.399999618530273,27.602190017700195,9300
2018-03-14,31.5,32.150001525878906,31.25,31.850000381469727,27.997766494750977,15700
2018-03-15,31.850000381469727,31.850000381469727,31.350000381469727,31.600000381469727,27.778005599975586,11000
2018-03-16,31.600000381469727,32.25,31.250999450683594,31.5,27.690093994140625,30300
2018-03-19,31.450000762939453,31.850000381469727,31.325000762939453,31.600000381469727,27.778005599975586,15100
2018-03-20,31.549999237060547,31.700000762939453,31.049999237060547,31.049999237060547,27.294519424438477,9900
2018-03-21,31.149999618530273,31.25,30.93000030517578,31.200000762939453,27.426382064819336,10500
2018-03-22,30.950000762939453,31.200000762939453,30.799999237060547,30.799999237060547,27.07476043701172,8900
2018-03-23,30.799999237060547,31.0,28.950000762939453,28.950000762939453,25.448518753051758,25000
2018-03-26,29.25,29.350000381469727,28.5,28.649999618530273,25.184799194335938,22100
2018-03-27,28.700000762939453,29.149999618530273,28.5,28.950000762939453,25.448518753051758,15500
2018-03-28,28.799999237060547,29.299999237060547,28.700000762939453,29.049999237060547,25.624935150146484,19300
2018-03-29,29.200000762939453,29.825000762939453,29.0,29.25,25.801353454589844,62600
2018-04-02,29.25,29.25,28.350000381469727,28.450000762939453,25.095678329467773,28700
2018-04-03,28.700000762939453,29.950000762939453,28.700000762939453,29.850000381469727,26.330612182617188,11300
2018-04-04,29.549999237060547,31.049999237060547,29.524999618530273,30.850000381469727,27.212711334228516,21100
2018-04-05,30.899999618530273,31.200000762939453,30.5,31.100000381469727,27.433231353759766,13000
2018-04-06,31.450000762939453,31.5,30.950000762939453,31.200000762939453,27.52144432067871,16400
2018-04-09,31.350000381469727,32.25,31.200000762939453,31.700000762939453,27.962491989135742,31400
2018-04-10,32.0,32.45000076293945,31.299999237060547,31.950000762939453,28.18301773071289,20600
2018-04-11,31.75,32.650001525878906,31.75,32.54999923706055,28.7122745513916,111200
2018-04-12,32.75,33.5,32.650001525878906,33.20000076293945,29.285640716552734,12600
2018-04-13,33.25,33.29999923706055,32.54999923706055,32.650001525878906,28.800485610961914,5800
2018-04-16,32.849998474121094,33.400001525878906,32.75,33.04999923706055,29.1533203125,10800
2018-04-17,33.25,34.54999923706055,33.25,33.54999923706055,29.594375610351562,38000
2018-04-18,34.099998474121094,34.54999923706055,33.04999923706055,33.95000076293945,29.947214126586914,25600
2018-04-19,34.75,35.29999923706055,33.20000076293945,35.0,30.873411178588867,80200
2018-04-20,34.150001525878906,34.70000076293945,33.95000076293945,34.349998474121094,30.300050735473633,31900
2018-04-23,33.900001525878906,34.79999923706055,33.75,34.099998474121094,30.07952880859375,30400
2018-04-24,34.849998474121094,35.599998474121094,34.0,34.099998474121094,30.07952880859375,29700
2018-04-25,34.150001525878906,34.25,33.974998474121094,34.150001525878906,30.123634338378906,23900
2018-04-26,34.29999923706055,34.400001525878906,34.099998474121094,34.25,30.21184730529785,12400
2018-04-27,34.349998474121094,34.349998474121094,33.45000076293945,33.45000076293945,29.50616455078125,10800
2018-04-30,33.54999923706055,33.54999923706055,32.29999923706055,32.70000076293945,28.84459114074707,36100
2018-05-01,32.5,35.04999923706055,32.45000076293945,35.04999923706055,30.91752052307129,55600
2018-05-02,33.95000076293945,35.45000076293945,33.95000076293945,35.099998474121094,30.961626052856445,14100
2018-05-03,34.900001525878906,34.900001525878906,33.0,34.599998474121094,30.520572662353516,45700
2018-05-04,34.5,34.650001525878906,33.75,34.5,30.432361602783203,26000
2018-05-07,34.5,34.70000076293945,32.1150016784668,34.29999923706055,30.255956649780273,26000
2018-05-08,34.20000076293945,34.20000076293945,33.04999923706055,33.599998474121094,29.638477325439453,18700
2018-05-09,33.650001525878906,33.650001525878906,32.650001525878906,33.45000076293945,29.50616455078125,78400
2018-05-10,33.5,34.5,33.400001525878906,34.150001525878906,30.123634338378906,78300
2018-05-11,34.04999923706055,34.400001525878906,33.5,34.349998474121094,30.300050735473633,19400
2018-05-14,34.349998474121094,34.79999923706055,33.70000076293945,34.45000076293945,30.38827133178711,60600
2018-05-15,34.25,34.599998474121094,34.150001525878906,34.5,30.432361602783203,19000
2018-05-16,34.54999923706055,34.900001525878906,33.775001525878906,34.650001525878906,30.564687728881836,24300
2018-05-17,34.70000076293945,34.900001525878906,34.099998474121094,34.849998474121094,30.7410945892334,55000
2018-05-18,34.900001525878906,34.95000076293945,33.73400115966797,34.5,30.432361602783203,48900
2018-05-21,34.54999923706055,34.95000076293945,34.04999923706055,34.75,30.652881622314453,36500
2018-05-22,34.75,34.75,33.849998474121094,34.099998474121094,30.07952880859375,22200
2018-05-23,34.099998474121094,34.650001525878906,32.974998474121094,34.54999923706055,30.476476669311523,28500
2018-05-24,34.5,34.849998474121094,34.400001525878906,34.599998474121094,30.520572662353516,20200
2018-05-25,34.400001525878906,34.650001525878906,33.29999923706055,34.650001525878906,30.564687728881836,13400
2018-05-29,34.349998474121094,34.5,33.150001525878906,34.20000076293945,30.167739868164062,16500
2018-05-30,34.5,35.0,34.5,34.900001525878906,30.78520393371582,24200
2018-05-31,34.79999923706055,35.0,34.40800094604492,34.45000076293945,30.38827133178711,25300
2018-06-01,34.650001525878906,36.25,34.650001525878906,36.150001525878906,31.8878231048584,32200
2018-06-04,36.150001525878906,37.04999923706055,36.150001525878906,36.900001525878906,32.549400329589844,14900
2018-06-05,37.70000076293945,37.70000076293945,36.150001525878906,37.45000076293945,33.03455352783203,19000
2018-06-06,38.0,38.5,37.150001525878906,37.95000076293945,33.475608825683594,20200
2018-06-07,37.95000076293945,38.0,36.70000076293945,37.25,32.85814666748047,14200
2018-06-08,37.150001525878906,38.20000076293945,36.79999923706055,37.29999923706055,32.90224075317383,16300
2018-06-11,37.79999923706055,37.95000076293945,36.974998474121094,37.20000076293945,32.81402587890625,17200
2018-06-12,37.25,37.42499923706055,36.775001525878906,37.150001525878906,32.76993179321289,29500
2018-06-13,37.04999923706055,38.45000076293945,36.5,36.54999923706055,32.24066925048828,12600
2018-06-14,36.70000076293945,37.5,36.70000076293945,37.29999923706055,32.90224075317383,20000
2018-06-15,37.04999923706055,37.95000076293945,36.599998474121094,36.79999923706055,32.4611930847168,45800
2018-06-18,36.70000076293945,38.04999923706055,36.650001525878906,37.54999923706055,33.12276077270508,15800
2018-06-19,37.54999923706055,38.20000076293945,37.43600082397461,37.900001525878906,33.4315071105957,17800
2018-06-20,38.04999923706055,38.95000076293945,38.04999923706055,38.349998474121094,33.82844543457031,25400
2018-06-21,38.25,38.25,36.849998474121094,37.04999923706055,32.68171691894531,19400
2018-06-22,37.20000076293945,38.20000076293945,36.900001525878906,38.0,33.51970291137695,142300
2018-06-25,37.599998474121094,38.625,37.400001525878906,37.900001525878906,33.4315071105957,25700
2018-06-26,37.95000076293945,38.53300094604492,37.400001525878906,37.95000076293945,33.475608825683594,29700
2018-06-27,37.95000076293945,38.150001525878906,37.07500076293945,37.29999923706055,32.90224075317383,13900
2018-06-28,37.20000076293945,37.900001525878906,36.472999572753906,37.849998474121094,33.540245056152344,13000
2018-06-29,37.900001525878906,38.0,37.17300033569336,37.400001525878906,33.14151382446289,24800
2018-07-02,37.0,38.0,37.0,38.0,33.67318344116211,22000
2018-07-03,38.0,38.099998474121094,37.70000076293945,37.95000076293945,33.62887191772461,13700
2018-07-05,38.0,38.20000076293945,37.650001525878906,37.849998474121094,33.540245056152344,36000
2018-07-06,37.95000076293945,38.0,37.8489990234375,37.95000076293945,33.62887191772461,30500
2018-07-09,38.0,38.0,37.79999923706055,37.79999923706055,33.49595260620117,25000
2018-07-10,37.900001525878906,37.900001525878906,36.75,36.75,32.56550598144531,17000
2018-07-11,36.79999923706055,36.900001525878906,36.04999923706055,36.099998474121094,31.989521026611328,20300
2018-07-12,36.25,36.25,35.5,35.79999923706055,31.723678588867188,36800
2018-07-13,35.849998474121094,36.29999923706055,35.599998474121094,35.79999923706055,31.723678588867188,44400
2018-07-16,35.75,36.0,35.54999923706055,35.79999923706055,31.723678588867188,70500
2018-07-17,35.79999923706055,36.349998474121094,35.599998474121094,35.900001525878906,31.812294006347656,43400
2018-07-18,35.79999923706055,36.20000076293945,35.599998474121094,36.04999923706055,31.945213317871094,68100
2018-07-19,36.0,36.54999923706055,35.696998596191406,36.04999923706055,31.945213317871094,49500
2018-07-20,36.0,36.650001525878906,35.849998474121094,36.400001525878906,32.2553596496582,44600
2018-07-23,36.45000076293945,37.400001525878906,36.150001525878906,36.900001525878906,32.698429107666016,50300
2018-07-24,37.04999923706055,37.400001525878906,36.0,36.20000076293945,32.0781364440918,30900
2018-07-25,35.900001525878906,36.099998474121094,35.5,35.79999923706055,31.723678588867188,40300
2018-07-26,35.849998474121094,36.20000076293945,35.349998474121094,35.95000076293945,31.856595993041992,58100
2018-07-27,35.95000076293945,37.5,35.849998474121094,36.75,32.56550598144531,34000
2018-07-30,36.95000076293945,37.79999923706055,36.4630012512207,37.45000076293945,33.1858024597168,92000
2018-07-31,37.5,38.0,36.95000076293945,37.95000076293945,33.62887191772461,35900
2018-08-01,37.900001525878906,38.025001525878906,37.400001525878906,37.95000076293945,33.62887191772461,31200
2018-08-02,37.849998474121094,38.0,37.79999923706055,38.0,33.67318344116211,31500
2018-08-03,37.849998474121094,38.0,36.79999923706055,37.45000076293945,33.1858024597168,17700
2018-08-06,37.5,38.0,36.900001525878906,38.0,33.67318344116211,39700
2018-08-07,38.0,38.04999923706055,37.54999923706055,38.0,33.67318344116211,41300
2018-08-08,38.0,38.32500076293945,37.650001525878906,37.900001525878906,33.58457946777344,32400
2018-08-09,37.849998474121094,38.0,37.83300018310547,37.900001525878906,33.58457946777344,13400
2018-08-10,37.79999923706055,38.0,37.5,37.900001525878906,33.58457946777344,17800
2018-08-13,37.849998474121094,38.07500076293945,37.67499923706055,38.0,33.67318344116211,98500
2018-08-14,38.0,38.07500076293945,37.650001525878906,37.900001525878906,33.58457946777344,23400
2018-08-15,37.900001525878906,38.0,37.20000076293945,37.5,33.2301139831543,19600
2018-08-16,37.650001525878906,38.0,37.45000076293945,37.900001525878906,33.58457946777344,10300
2018-08-17,37.849998474121094,38.0,37.75,37.900001525878906,33.58457946777344,18900
2018-08-20,37.900001525878906,38.099998474121094,37.599998474121094,37.95000076293945,33.62887191772461,26300
2018-08-21,38.0,38.349998474121094,37.900001525878906,37.900001525878906,33.58457946777344,43200
2018-08-22,37.900001525878906,40.0,37.900001525878906,39.70000076293945,35.179603576660156,210300
2018-08-23,40.0,42.849998474121094,38.599998474121094,40.0,35.4454460144043,36400
2018-08-24,40.0,40.0,39.92499923706055,40.0,35.4454460144043,29200
2018-08-27,40.0,40.04999923706055,39.099998474121094,39.70000076293945,35.179603576660156,25400
2018-08-28,39.79999923706055,39.79999923706055,38.29999923706055,38.400001525878906,34.02763748168945,13800
2018-08-29,38.349998474121094,39.099998474121094,37.900001525878906,38.79999923706055,34.38208770751953,10700
2018-08-30,38.75,38.94900131225586,38.29999923706055,38.54999923706055,34.16055679321289,12100
2018-08-31,38.400001525878906,39.525001525878906,37.900001525878906,39.150001525878906,34.69223403930664,72100
2018-09-04,38.95000076293945,39.150001525878906,38.5,38.849998474121094,34.42639923095703,16900
2018-09-05,38.400001525878906,39.27000045776367,38.224998474121094,38.900001525878906,34.470703125,14500
2018-09-06,38.5,38.95000076293945,38.20000076293945,38.900001525878906,34.470703125,12400
2018-09-07,38.79999923706055,38.95000076293945,37.900001525878906,38.099998474121094,33.76179504394531,15900
2018-09-10,38.349998474121094,39.849998474121094,38.099998474121094,38.70000076293945,34.29347229003906,17000
2018-09-11,38.599998474121094,39.099998474121094,37.5,38.20000076293945,33.85041427612305,24600
2018-09-12,38.150001525878906,38.92499923706055,37.599998474121094,38.54999923706055,34.16055679321289,27100
2018-09-13,38.75,39.42499923706055,38.29999923706055,38.70000076293945,34.29347229003906,19700
2018-09-14,38.900001525878906,39.900001525878906,38.25,39.04999923706055,34.6036262512207,30600
2018-09-17,38.900001525878906,39.95000076293945,38.900001525878906,39.849998474121094,35.312522888183594,34900
2018-09-18,37.52000045776367,40.0,37.52000045776367,39.5,35.00238037109375,23600
2018-09-19,39.400001525878906,39.75,37.650001525878906,38.150001525878906,33.80609893798828,22200
2018-09-20,38.150001525878906,38.650001525878906,38.150001525878906,38.25,33.894710540771484,13900
2018-09-21,38.20000076293945,38.20000076293945,37.025001525878906,37.70000076293945,33.4073371887207,60600
2018-09-24,37.45000076293945,39.29999923706055,37.45000076293945,38.79999923706055,34.38208770751953,29700
2018-09-25,38.95000076293945,39.349998474121094,38.31100082397461,38.650001525878906,34.249176025390625,18700
2018-09-26,38.599998474121094,39.20000076293945,38.20000076293945,38.54999923706055,34.16055679321289,17900
2018-09-27,38.45000076293945,39.82400131225586,38.0,39.099998474121094,34.8013916015625,25500
2018-09-28,38.599998474121094,39.650001525878906,38.262001037597656,38.599998474121094,34.356361389160156,22200
2018-10-01,38.5,39.38999938964844,37.97999954223633,38.20000076293945,34.00034713745117,22000
2018-10-02,38.22999954223633,38.22999954223633,37.15999984741211,37.81999969482422,33.66211700439453,27100
2018-10-03,37.9900016784668,38.2400016784668,36.83000183105469,38.119998931884766,33.92913818359375,34000
2018-10-04,37.310001373291016,39.14099884033203,37.310001373291016,37.900001525878906,33.73332977294922,16700
2018-10-05,38.060001373291016,38.939998626708984,37.35499954223633,38.29999923706055,34.08935546875,10400
2018-10-08,38.22999954223633,38.96799850463867,35.58000183105469,36.70000076293945,32.665260314941406,32900
2018-10-09,36.540000915527344,37.540000915527344,36.540000915527344,37.150001525878906,33.06578063964844,58800
2018-10-10,37.040000915527344,38.0,36.56999969482422,36.66999816894531,32.638553619384766,35400
2018-10-11,36.54999923706055,37.70000076293945,36.31700134277344,37.0,32.932273864746094,32400
2018-10-12,37.310001373291016,37.970001220703125,36.20500183105469,36.40999984741211,32.40713119506836,32200
2018-10-15,36.630001068115234,37.72999954223633,35.650001525878906,37.220001220703125,33.128082275390625,19800
2018-10-16,36.345001220703125,38.45000076293945,36.27000045776367,38.09000015258789,33.90243911743164,19800
2018-10-17,38.06999969482422,38.529998779296875,36.63999938964844,38.130001068115234,33.93803405761719,27300
2018-10-18,38.099998474121094,38.5,36.849998474121094,38.11000061035156,33.92023468017578,25500
2018-10-19,37.970001220703125,38.5,36.54999923706055,37.470001220703125,33.3505973815918,24100
2018-10-22,37.470001220703125,38.47999954223633,37.20000076293945,37.599998474121094,33.46630859375,20300
2018-10-23,37.33000183105469,38.0,36.18000030517578,37.72999954223633,33.58201217651367,17700
2018-10-24,37.79999923706055,37.9900016784668,35.95000076293945,36.20000076293945,32.22022247314453,12200
2018-10-25,36.40999984741211,37.34000015258789,36.04999923706055,37.099998474121094,33.02127456665039,18400
2018-10-26,36.75,37.099998474121094,36.52000045776367,36.93000030517578,32.86996841430664,14700
2018-10-29,37.349998474121094,37.90999984741211,36.380001068115234,36.9900016784668,32.923370361328125,17400
2018-10-30,37.02000045776367,37.77000045776367,36.77000045776367,37.619998931884766,33.48410415649414,26200
2018-10-31,38.04999923706055,38.25,35.875,38.04999923706055,33.8668327331543,58100
2018-11-01,38.2599983215332,39.599998474121094,37.709999084472656,38.04999923706055,33.8668327331543,13700
2018-11-02,37.97999954223633,38.84000015258789,37.64799880981445,38.02000045776367,33.84013366699219,21200
2018-11-05,38.06999969482422,38.56999969482422,37.18000030517578,37.689998626708984,33.54640579223633,14600
2018-11-06,37.41999816894531,39.189998626708984,37.41999816894531,38.5,34.26736068725586,21400
2018-11-07,39.54999923706055,39.54999923706055,38.21200180053711,39.0,34.71238708496094,12200
2018-11-08,38.869998931884766,39.290000915527344,36.30500030517578,38.900001525878906,34.623382568359375,11400
2018-11-09,38.01499938964844,39.81999969482422,38.01499938964844,38.61000061035156,34.36526107788086,16800
2018-11-12,38.720001220703125,40.0099983215332,38.720001220703125,39.04999923706055,34.75688934326172,31900
2018-11-13,39.0,39.720001220703125,38.275001525878906,39.0,34.71238708496094,14800
2018-11-14,39.33000183105469,39.47999954223633,38.1349983215332,38.97999954223633,34.69458770751953,12800
2018-11-15,38.84000015258789,39.25,38.20800018310547,39.08000183105469,34.783599853515625,22800
2018-11-16,38.900001525878906,39.0,38.005001068115234,38.369998931884766,34.15165328979492,17400
2018-11-19,38.65999984741211,39.154998779296875,37.84000015258789,38.70000076293945,34.445369720458984,25300
2018-11-20,38.70000076293945,39.27000045776367,37.44300079345703,38.97999954223633,34.69458770751953,21900
2018-11-21,39.06999969482422,40.34000015258789,38.38100051879883,39.790000915527344,35.41554641723633,15400
2018-11-23,39.45000076293945,39.88999938964844,37.9900016784668,39.29999923706055,34.97940444946289,7100
2018-11-26,39.5,39.70000076293945,38.119998931884766,39.150001525878906,34.84590530395508,14400
2018-11-27,39.099998474121094,39.470001220703125,38.66999816894531,39.0,34.71238708496094,7500
2018-11-28,39.099998474121094,40.0,36.37300109863281,40.0,35.602455139160156,15100
2018-11-29,39.97999954223633,40.064998626708984,39.275001525878906,39.5,35.15742111206055,14500
2018-11-30,39.470001220703125,40.0,38.709999084472656,39.869998931884766,35.48674774169922,16900
2018-12-03,40.0,40.0,39.0,39.18000030517578,34.87260055541992,12200
2018-12-04,39.130001068115234,39.619998931884766,38.619998931884766,39.400001525878906,35.06842041015625,29900
2018-12-06,39.29999923706055,39.86000061035156,38.61000061035156,39.4900016784668,35.14852523803711,24900
2018-12-07,39.810001373291016,39.97999954223633,38.5099983215332,38.88999938964844,34.614479064941406,20300
2018-12-10,38.7599983215332,39.83000183105469,37.75,39.40999984741211,35.07731246948242,55200
2018-12-11,38.959999084472656,40.0,38.959999084472656,39.790000915527344,35.41554641723633,9200
2018-12-12,40.0,40.060001373291016,39.380001068115234,40.0,35.602455139160156,13600
2018-12-13,40.0,40.0,39.43000030517578,39.439998626708984,35.104026794433594,14100
2018-12-14,39.439998626708984,40.0,39.0099983215332,39.33000183105469,35.00609588623047,14500
2018-12-17,39.33000183105469,40.125,39.279998779296875,39.29999923706055,34.97940444946289,23900
2018-12-18,39.72999954223633,39.97999954223633,39.31999969482422,39.380001068115234,35.050621032714844,18400
2018-12-19,39.529998779296875,39.97999954223633,38.02000045776367,38.06999969482422,33.8846321105957,21800
2018-12-20,38.0099983215332,38.90599822998047,37.08000183105469,38.31999969482422,34.10715103149414,19700
2018-12-21,38.599998474121094,40.34000015258789,38.22999954223633,38.97999954223633,34.69458770751953,81900
2018-12-24,38.869998931884766,39.97999954223633,37.099998474121094,37.099998474121094,33.02127456665039,16700
2018-12-26,37.77000045776367,39.470001220703125,37.77000045776367,39.41999816894531,35.086219787597656,29100
2018-12-27,38.9900016784668,39.47999954223633,37.869998931884766,38.86000061035156,34.58778762817383,15500
2018-12-28,38.36000061035156,39.0,35.720001220703125,38.66999816894531,35.040855407714844,10600
2018-12-31,38.88999938964844,38.90999984741211,37.54800033569336,38.13999938964844,34.56060028076172,21400
2019-01-02,37.70000076293945,38.801998138427734,37.310001373291016,38.29999923706055,34.705596923828125,46000
2019-01-03,38.13999938964844,38.9900016784668,37.03499984741211,37.20000076293945,33.70882034301758,10200
2019-01-04,37.95000076293945,39.0,36.720001220703125,38.08000183105469,34.506221771240234,43000
2019-01-07,38.16999816894531,39.29999923706055,37.18000030517578,38.349998474121094,34.750892639160156,40500
2019-01-08,38.16999816894531,38.88999938964844,37.20399856567383,38.58000183105469,34.95930862426758,9200
2019-01-09,38.58000183105469,39.415000915527344,38.099998474121094,38.72999954223633,35.0952262878418,17100
2019-01-10,38.529998779296875,39.94499969482422,38.5,38.880001068115234,35.23114776611328,7900
2019-01-11,38.380001068115234,38.900001525878906,38.0,38.4900016784668,34.877750396728516,13000
2019-01-14,38.15999984741211,38.470001220703125,37.68000030517578,38.0099983215332,34.44279861450195,21700
2019-01-15,38.380001068115234,40.04999923706055,38.380001068115234,38.86000061035156,35.2130241394043,9300
2019-01-16,38.599998474121094,39.38999938964844,38.05799865722656,38.9900016784668,35.33082962036133,48800
2019-01-17,39.150001525878906,39.91999816894531,39.0,39.5099983215332,35.80202102661133,12300
2019-01-18,39.790000915527344,40.2400016784668,38.939998626708984,39.15999984741211,35.4848747253418,180000
2019-01-22,39.06999969482422,40.349998474121094,39.06999969482422,39.689998626708984,35.96512985229492,36500
2019-01-23,39.7400016784668,40.29999923706055,39.097999572753906,40.0,36.24604415893555,39000
2019-01-24,39.95000076293945,40.29999923706055,39.04999923706055,39.900001525878906,36.15542221069336,20200
2019-01-25,40.0,40.27000045776367,39.689998626708984,40.0,36.24604415893555,11200
2019-01-28,39.63999938964844,40.0,39.5099983215332,39.59000015258789,35.87451934814453,10700
2019-01-29,39.599998474121094,40.150001525878906,39.0,39.31999969482422,35.62986755371094,24300
2019-01-30,39.380001068115234,39.5,38.82699966430664,39.22999954223633,35.548301696777344,15800
2019-01-31,39.04999923706055,40.06999969482422,38.79999923706055,39.97999954223633,36.2279167175293,32000
2019-02-01,39.9900016784668,40.099998474121094,39.689998626708984,39.970001220703125,36.21885681152344,11000
2019-02-04,39.93000030517578,39.93000030517578,39.02000045776367,39.22999954223633,35.548301696777344,15800
2019-02-05,39.38999938964844,40.0,39.38999938964844,39.70000076293945,35.97419738769531,7000
2019-02-06,39.709999084472656,39.7599983215332,38.94499969482422,39.060001373291016,35.39427185058594,19900
2019-02-07,39.04999923706055,39.83000183105469,38.869998931884766,39.029998779296875,35.3670768737793,9300
2019-02-08,38.97999954223633,39.630001068115234,38.89400100708008,39.0099983215332,35.34894943237305,11400
2019-02-11,39.119998931884766,39.4900016784668,38.599998474121094,38.93000030517578,35.27645492553711,19100
2019-02-12,38.9900016784668,40.20000076293945,36.5099983215332,39.939998626708984,36.191673278808594,23700
2019-02-13,38.86000061035156,40.04499816894531,37.880001068115234,39.16999816894531,35.49393081665039,17300
2019-02-14,38.869998931884766,40.0,38.597999572753906,39.599998474121094,35.88357925415039,14900
2019-02-15,39.65999984741211,40.31999969482422,39.61000061035156,39.9900016784668,36.23698806762695,28100
2019-02-19,40.0,40.349998474121094,39.5,40.0,36.24604415893555,92700
2019-02-20,39.79999923706055,40.21200180053711,39.79999923706055,39.880001068115234,36.13730239868164,20800
2019-02-21,39.810001373291016,40.0,39.5099983215332,39.56999969482422,35.85639190673828,11400
2019-02-22,39.619998931884766,40.119998931884766,39.57500076293945,39.61000061035156,35.89263153076172,22200
2019-02-25,39.7400016784668,39.81999969482422,38.560001373291016,38.7599983215332,35.12240982055664,13000
2019-02-26,38.68000030517578,40.07500076293945,38.470001220703125,39.06999969482422,35.40331268310547,16900
2019-02-27,39.25,39.68000030517578,38.71799850463867,39.59000015258789,35.87451934814453,17500
2019-02-28,39.220001220703125,39.58000183105469,38.74300003051758,38.93000030517578,35.27645492553711,13400
2019-03-01,39.15999984741211,39.43000030517578,38.74300003051758,39.130001068115234,35.45768737792969,10800
2019-03-04,39.13999938964844,39.5,38.5099983215332,38.52000045776367,34.904937744140625,13500
2019-03-05,38.56999969482422,38.965999603271484,37.56999969482422,38.36000061035156,34.759952545166016,20300
2019-03-06,38.33000183105469,39.20600128173828,37.63999938964844,38.43000030517578,34.82337951660156,32600
2019-03-07,38.125,39.63999938964844,38.0,39.189998626708984,35.512054443359375,36300
2019-03-08,39.099998474121094,39.810001373291016,39.099998474121094,39.2599983215332,35.57548522949219,11800
2019-03-11,39.349998474121094,40.0,39.06999969482422,40.0,36.24604415893555,18900
2019-03-12,39.9900016784668,40.0099983215332,39.2400016784668,39.310001373291016,35.62080001831055,21300
2019-03-13,39.54999923706055,40.07500076293945,39.400001525878906,39.779998779296875,36.046688079833984,16000
2019-03-14,39.77000045776367,40.0,38.5099983215332,39.0,35.339881896972656,37500
2019-03-15,39.04999923706055,39.92499923706055,38.599998474121094,39.630001068115234,35.910762786865234,66300
2019-03-18,39.439998626708984,40.07500076293945,39.150001525878906,39.70000076293945,35.97419738769531,42200
2019-03-19,39.75,40.04999923706055,38.52000045776367,39.56999969482422,35.85639190673828,17300
2019-03-20,39.439998626708984,40.150001525878906,39.06999969482422,39.560001373291016,35.84733581542969,41600
2019-03-21,39.36000061035156,40.099998474121094,39.36000061035156,39.599998474121094,35.88357925415039,18800
2019-03-22,39.61000061035156,39.95000076293945,38.27000045776367,38.310001373291016,34.71464920043945,28000
2019-03-25,38.58000183105469,39.150001525878906,37.58000183105469,38.88999938964844,35.240211486816406,20700
2019-03-26,38.900001525878906,40.0,38.88999938964844,39.400001525878906,35.70235061645508,15800
2019-03-27,39.369998931884766,39.369998931884766,38.130001068115234,38.84000015258789,35.194908142089844,19500
2019-03-28,38.599998474121094,39.20000076293945,37.82500076293945,38.689998626708984,35.2313232421875,14100
2019-03-29,38.75,39.0,38.34000015258789,38.599998474121094,35.14936828613281,21100
2019-04-01,38.599998474121094,38.65999984741211,37.95899963378906,38.56999969482422,35.12206268310547,34200
2019-04-02,38.560001373291016,39.25,38.3849983215332,38.79999923706055,35.33149337768555,33000
2019-04-03,38.90999984741211,39.54999923706055,38.56999969482422,38.959999084472656,35.47718811035156,26700
2019-04-04,39.834999084472656,39.834999084472656,38.5,38.75,35.28596878051758,28900
2019-04-05,38.7400016784668,39.93000030517578,38.4900016784668,39.86000061035156,36.2967414855957,43100
2019-04-08,39.52000045776367,39.89500045776367,39.099998474121094,39.540000915527344,36.005340576171875,17400
2019-04-09,39.45000076293945,39.93000030517578,38.5,38.959999084472656,35.47718811035156,41600
2019-04-10,39.15999984741211,40.04499816894531,38.86600112915039,39.95000076293945,36.37868881225586,28600
2019-04-11,40.0,40.0,39.209999084472656,39.650001525878906,36.105506896972656,24000
2019-04-12,39.95000076293945,40.04999923706055,39.349998474121094,39.88999938964844,36.32404708862305,25000
2019-04-15,39.93000030517578,40.02000045776367,39.5,39.75,36.19657516479492,10300
2019-04-16,40.04999923706055,40.09700012207031,39.150001525878906,39.279998779296875,35.768585205078125,26400
2019-04-17,39.34000015258789,39.90999984741211,38.7400016784668,39.13999938964844,35.6411018371582,18700
2019-04-18,38.90999984741211,39.15999984741211,38.68000030517578,38.9900016784668,35.504512786865234,15700
2019-04-22,38.88999938964844,38.88999938964844,38.22100067138672,38.52000045776367,35.07652282714844,8800
2019-04-23,38.75,40.09000015258789,38.75,39.86000061035156,36.2967414855957,43200
2019-04-24,39.79999923706055,40.08000183105469,39.220001220703125,39.310001373291016,35.795902252197266,30800
2019-04-25,39.29999923706055,40.060001373291016,38.599998474121094,39.04999923706055,35.559146881103516,22000
2019-04-26,39.0,40.060001373291016,38.95399856567383,39.290000915527344,35.77769088745117,10500
2019-04-29,39.36000061035156,40.04999923706055,39.178001403808594,39.58000183105469,36.04177474975586,15300
2019-04-30,39.56999969482422,39.75,39.0,39.58000183105469,36.04177474975586,28300
2019-05-01,39.6150016784668,40.040000915527344,39.119998931884766,39.709999084472656,36.16014862060547,23700
2019-05-02,39.709999084472656,40.0,39.38999938964844,39.619998931884766,36.07819366455078,9400
2019-05-03,39.72999954223633,40.130001068115234,39.72999954223633,40.0,36.424217224121094,43300
2019-05-06,39.650001525878906,40.04999923706055,39.650001525878906,39.88999938964844,36.32404708862305,26100
2019-05-07,39.689998626708984,40.130001068115234,39.689998626708984,39.95000076293945,36.37868881225586,37000
2019-05-08,40.0,43.040000915527344,39.974998474121094,42.7400016784668,38.91928482055664,247400
2019-05-09,42.13999938964844,47.34000015258789,42.13999938964844,46.0,41.88785171508789,46800
2019-05-10,45.349998474121094,46.03499984741211,44.060001373291016,45.130001068115234,41.09563064575195,43400
2019-05-13,44.810001373291016,47.43000030517578,44.810001373291016,46.95000076293945,42.752933502197266,30400
2019-05-14,46.599998474121094,47.880001068115234,45.560001373291016,47.880001068115234,43.59980010986328,49300
2019-05-15,47.0,48.70000076293945,46.97999954223633,48.689998626708984,44.3373908996582,21500
2019-05-16,48.45000076293945,51.290000915527344,47.209999084472656,48.06999969482422,43.7728157043457,47200
2019-05-17,47.93000030517578,49.70000076293945,47.5099983215332,48.22999954223633,43.91850662231445,43200
2019-05-20,48.439998626708984,50.31999969482422,48.439998626708984,50.20000076293945,45.71240997314453,19400
2019-05-21,50.380001068115234,50.75,49.060001373291016,49.52000045776367,45.09320068359375,86600
2019-05-22,49.5099983215332,49.560001373291016,48.68000030517578,49.560001373291016,45.12961196899414,34000
2019-05-23,49.189998626708984,51.70000076293945,49.189998626708984,51.5,46.89618682861328,17500
2019-05-24,51.119998931884766,53.08000183105469,50.474998474121094,51.290000915527344,46.704959869384766,29700
2019-05-28,51.34000015258789,52.439998626708984,51.34000015258789,51.88999938964844,47.25131607055664,83600
2019-05-29,51.459999084472656,52.26499938964844,50.189998626708984,50.619998931884766,46.09485626220703,23500
2019-05-30,50.66999816894531,51.91999816894531,50.66999816894531,51.58000183105469,46.96903991699219,28100
2019-05-31,51.22999954223633,51.400001525878906,49.86000061035156,50.9900016784668,46.4317741394043,23800
2019-06-03,51.060001373291016,51.56999969482422,50.130001068115234,50.150001525878906,45.66686248779297,23200
2019-06-04,50.33000183105469,51.36000061035156,49.619998931884766,50.58000183105469,46.058433532714844,25000
2019-06-05,50.650001525878906,51.369998931884766,50.349998474121094,50.54999923706055,46.03110885620117,14600
2019-06-06,50.599998474121094,52.90999984741211,49.970001220703125,50.459999084472656,45.94916534423828,29100
2019-06-07,50.63999938964844,54.31999969482422,50.20000076293945,51.279998779296875,46.69584655761719,26800
2019-06-10,51.29999923706055,53.185001373291016,51.0,51.459999084472656,46.85975646972656,21000
2019-06-11,51.54999923706055,51.880001068115234,50.529998779296875,50.66999816894531,46.14037322998047,18600
2019-06-12,50.70000076293945,51.7400016784668,50.22999954223633,50.7400016784668,46.204124450683594,23600
2019-06-13,50.81999969482422,52.04999923706055,50.40999984741211,51.0,46.44089126586914,28300
2019-06-14,50.9900016784668,51.9900016784668,50.84299850463867,51.97999954223633,47.33327865600586,51700
2019-06-17,52.189998626708984,54.9900016784668,52.099998474121094,53.38999938964844,48.617225646972656,65600
2019-06-18,53.5099983215332,55.7400016784668,53.5099983215332,54.16999816894531,49.32749938964844,23700
2019-06-19,53.619998931884766,54.939998626708984,53.54999923706055,54.130001068115234,49.291080474853516,33300
2019-06-20,54.70000076293945,55.869998931884766,54.560001373291016,55.189998626708984,50.256324768066406,30300
2019-06-21,55.25,58.34000015258789,54.20000076293945,57.59000015258789,52.441768646240234,88300
2019-06-24,57.459999084472656,57.459999084472656,52.9640007019043,54.70000076293945,49.810123443603516,43100
2019-06-25,54.81999969482422,58.189998626708984,52.84000015258789,54.439998626708984,49.5733642578125,29400
2019-06-26,54.5,57.36000061035156,53.650001525878906,54.099998474121094,49.26375198364258,27400
2019-06-27,53.7400016784668,55.439998626708984,53.31999969482422,55.279998779296875,50.51569366455078,89700
2019-06-28,55.31999969482422,58.709999084472656,55.099998474121094,57.59000015258789,52.6265983581543,220300
2019-07-01,57.86000061035156,58.22999954223633,55.61000061035156,55.7599983215332,50.954315185546875,40900
2019-07-02,55.72999954223633,56.332000732421875,54.2400016784668,55.58000183105469,50.78983688354492,27400
2019-07-03,56.5099983215332,57.375,55.90999984741211,56.0,51.17363357543945,32100
2019-07-05,55.90999984741211,56.81999969482422,55.5,56.33000183105469,51.475196838378906,32400
2019-07-08,56.27000045776367,57.724998474121094,55.70000076293945,57.220001220703125,52.288490295410156,27900
2019-07-09,57.349998474121094,58.54999923706055,56.529998779296875,56.529998779296875,51.657955169677734,42500
2019-07-10,57.5099983215332,58.54999923706055,56.5099983215332,58.06999969482422,53.065223693847656,36600
2019-07-11,58.27000045776367,60.02000045776367,57.41999816894531,57.529998779296875,52.571773529052734,30700
2019-07-12,57.56999969482422,58.599998474121094,57.099998474121094,57.439998626708984,52.489524841308594,35700
2019-07-15,57.630001068115234,58.310001373291016,56.66999816894531,56.869998931884766,51.96864700317383,28900
2019-07-16,56.810001373291016,57.9900016784668,56.5,56.86000061035156,51.959510803222656,47300
2019-07-17,57.09000015258789,57.97999954223633,56.709999084472656,57.47999954223633,52.52608108520508,35200
2019-07-18,57.599998474121094,58.54999923706055,57.599998474121094,58.2400016784668,53.2205810546875,31600
2019-07-19,57.88999938964844,59.650001525878906,57.88999938964844,58.95000076293945,53.869388580322266,44800
2019-07-22,59.4900016784668,61.52000045776367,59.40999984741211,61.290000915527344,56.00771713256836,53400
2019-07-23,61.75,63.849998474121094,61.13999938964844,62.529998779296875,57.14084243774414,52000
2019-07-24,62.369998931884766,65.2300033569336,61.70000076293945,65.08000183105469,59.47108840942383,57100
2019-07-25,65.1500015258789,66.86000061035156,64.41999816894531,64.80000305175781,59.2152099609375,72300
2019-07-26,65.0199966430664,67.19999694824219,65.0199966430664,65.33999633789062,59.70867156982422,34600
2019-07-29,66.08999633789062,68.86000061035156,66.08999633789062,67.13999938964844,61.35353469848633,58500
2019-07-30,67.05999755859375,68.30000305175781,65.88999938964844,67.18000030517578,61.39010238647461,61500
2019-07-31,67.43000030517578,68.80000305175781,67.13400268554688,67.41999816894531,61.60939407348633,54100
2019-08-01,67.62999725341797,68.4800033569336,66.18000030517578,66.66000366210938,60.91490936279297,59300
2019-08-02,66.3499984741211,67.18199920654297,65.1500015258789,65.29000091552734,59.662967681884766,27400
2019-08-05,64.58000183105469,64.81999969482422,61.439998626708984,62.470001220703125,57.086021423339844,42100
2019-08-06,63.86000061035156,65.73699951171875,61.715999603271484,64.86000061035156,59.27003860473633,50700
2019-08-07,63.38999938964844,65.91000366210938,60.020999908447266,64.33999633789062,58.79484939575195,31800
2019-08-08,64.55999755859375,65.92900085449219,64.0,64.73999786376953,59.160377502441406,29600
2019-08-09,64.66999816894531,66.90499877929688,63.689998626708984,64.08999633789062,58.56639862060547,33800
2019-08-12,63.939998626708984,65.25,62.900001525878906,63.2599983215332,57.80793380737305,34200
2019-08-13,63.31999969482422,65.52999877929688,63.0,65.0,59.3979606628418,48300
2019-08-14,64.4000015258789,65.37000274658203,63.33000183105469,64.51000213623047,58.95018768310547,51000
2019-08-15,64.7699966430664,65.2300033569336,63.47999954223633,64.0199966430664,58.50242233276367,30800
2019-08-16,63.9900016784668,65.2699966430664,63.9900016784668,64.88999938964844,59.297447204589844,28000
2019-08-19,65.79000091552734,66.01000213623047,63.95000076293945,64.37000274658203,58.822265625,41700
2019-08-20,63.86000061035156,64.79499816894531,63.547000885009766,64.06999969482422,58.54812240600586,19400
2019-08-21,64.75,65.13999938964844,64.0,64.55000305175781,58.986759185791016,38900
2019-08-22,64.95500183105469,64.95500183105469,63.54999923706055,64.5199966430664,58.959327697753906,15700
2019-08-23,63.86000061035156,64.79000091552734,62.08000183105469,62.08000183105469,56.729637145996094,21600
2019-08-26,62.349998474121094,63.275001525878906,61.88999938964844,63.08000183105469,57.6434440612793,17200
2019-08-27,63.33000183105469,63.9900016784668,61.2599983215332,63.2599983215332,57.80793380737305,26100
2019-08-28,63.04999923706055,64.44999694824219,62.29899978637695,63.91999816894531,58.41105270385742,267600
2019-08-29,64.4800033569336,65.19599914550781,64.26000213623047,64.7300033569336,59.151241302490234,19700
2019-08-30,65.05000305175781,65.05000305175781,63.56999969482422,64.02999877929688,58.51156997680664,19000
2019-09-03,63.79999923706055,65.25499725341797,63.61800003051758,64.05000305175781,58.52983856201172,63700
2019-09-04,64.76000213623047,65.12000274658203,64.33499908447266,64.80999755859375,59.22433853149414,14900
2019-09-05,64.75,64.75,62.900001525878906,63.09000015258789,57.65258026123047,32100
2019-09-06,63.279998779296875,63.279998779296875,61.81999969482422,62.11000061035156,56.75704574584961,37400
2019-09-09,62.20000076293945,62.20000076293945,60.25,61.33000183105469,56.04426956176758,22200
2019-09-10,61.11000061035156,62.119998931884766,60.470001220703125,61.040000915527344,55.779258728027344,18800
2019-09-11,61.20000076293945,61.970001220703125,60.47999954223633,61.27000045776367,55.98943328857422,33300
2019-09-12,61.58000183105469,61.9900016784668,60.724998474121094,61.72999954223633,56.4098014831543,45200
2019-09-13,61.91999816894531,61.9900016784668,60.900001525878906,61.54999923706055,56.24530029296875,108300
2019-09-16,61.75,62.266998291015625,61.099998474121094,61.45000076293945,56.1539306640625,56200
2019-09-17,61.439998626708984,62.900001525878906,61.369998931884766,62.560001373291016,57.16825866699219,33300
2019-09-18,62.65999984741211,63.689998626708984,60.5,62.790000915527344,57.37844467163086,531600
2019-09-19,63.0,63.5,62.56999969482422,63.16999816894531,57.725685119628906,98500
2019-09-20,63.209999084472656,63.41999816894531,62.20000076293945,62.68000030517578,57.27791976928711,155500
2019-09-23,62.81999969482422,63.209999084472656,62.58000183105469,63.060001373291016,57.62516784667969,24100
2019-09-24,63.130001068115234,63.349998474121094,61.5,61.619998931884766,56.30928039550781,39700
2019-09-25,61.900001525878906,61.900001525878906,60.36000061035156,60.61000061035156,55.386329650878906,42900
2019-09-26,60.52000045776367,60.619998931884766,59.119998931884766,59.290000915527344,54.180084228515625,29500
2019-09-27,59.2400016784668,59.525001525878906,57.4900016784668,57.650001525878906,52.85079574584961,24400
2019-09-30,57.45000076293945,58.7599983215332,57.45000076293945,57.75,52.942466735839844,56600
2019-10-01,57.959999084472656,58.720001220703125,56.130001068115234,56.209999084472656,51.530670166015625,24700
2019-10-02,56.04999923706055,57.845001220703125,54.380001068115234,57.310001373291016,52.53910446166992,63300
2019-10-03,57.369998931884766,58.66999816894531,56.34000015258789,58.380001068115234,53.52002716064453,34400
2019-10-04,58.5,59.86000061035156,58.5,59.630001068115234,54.66596603393555,31200
2019-10-07,59.4900016784668,60.310001373291016,58.80400085449219,59.63999938964844,54.675132751464844,131200
2019-10-08,59.54999923706055,59.79999923706055,57.58000183105469,57.9900016784668,53.16249084472656,32700
2019-10-09,58.5,59.540000915527344,57.95000076293945,58.68000030517578,53.7950553894043,21900
2019-10-10,58.54999923706055,59.189998626708984,57.38999938964844,57.83000183105469,53.01581573486328,20000
2019-10-11,58.369998931884766,59.22999954223633,57.790000915527344,58.18000030517578,53.336673736572266,35500
2019-10-14,58.13999938964844,58.290000915527344,57.279998779296875,57.7400016784668,52.93330001831055,22800
2019-10-15,58.04999923706055,59.0099983215332,56.5,57.400001525878906,52.621604919433594,66200
2019-10-16,57.400001525878906,57.65999984741211,55.119998931884766,55.77000045776367,51.12730026245117,68900
2019-10-17,55.790000915527344,57.06999969482422,55.40999984741211,56.0,51.338157653808594,56800
2019-10-18,55.720001220703125,58.43000030517578,55.720001220703125,57.08000183105469,52.328243255615234,51000
2019-10-21,57.43000030517578,58.790000915527344,57.400001525878906,57.95000076293945,53.125823974609375,24400
2019-10-22,58.38999938964844,59.959999084472656,57.0,57.20000076293945,52.438255310058594,21200
2019-10-23,57.20000076293945,57.459999084472656,55.40999984741211,56.880001068115234,52.144893646240234,18900
2019-10-24,57.11000061035156,57.20800018310547,55.724998474121094,56.209999084472656,51.530670166015625,30000
2019-10-25,56.16999816894531,56.5,55.189998626708984,56.209999084472656,51.530670166015625,17000
2019-10-28,56.38999938964844,57.68000030517578,56.38999938964844,56.84000015258789,52.10822677612305,33200
2019-10-29,57.0,57.834999084472656,56.47999954223633,57.119998931884766,52.36491012573242,42900
2019-10-30,57.150001525878906,57.61000061035156,56.0,57.459999084472656,52.67660903930664,21400
2019-10-31,57.529998779296875,58.040000915527344,56.56999969482422,57.43000030517578,52.649105072021484,47800
2019-11-01,57.779998779296875,59.38999938964844,57.650001525878906,58.77000045776367,53.87755584716797,27100
2019-11-04,58.95000076293945,59.540000915527344,58.0,59.189998626708984,54.262596130371094,19700
2019-11-05,59.2599983215332,59.599998474121094,58.0099983215332,58.79999923706055,53.90504837036133,23200
2019-11-06,59.279998779296875,61.0,56.70000076293945,58.959999084472656,54.05173873901367,44100
2019-11-07,59.25,60.75,58.619998931884766,60.0099983215332,55.01433563232422,15700
2019-11-08,59.88999938964844,60.18199920654297,58.970001220703125,59.29999923706055,54.363426208496094,31200
2019-11-11,59.099998474121094,60.619998931884766,58.599998474121094,60.619998931884766,55.573543548583984,27100
2019-11-12,60.38999938964844,61.79999923706055,59.939998626708984,61.27000045776367,56.169437408447266,26000
2019-11-13,60.9900016784668,61.95000076293945,60.380001068115234,61.43000030517578,56.31612014770508,23200
2019-11-14,61.52000045776367,62.15800094604492,61.125,61.34000015258789,56.233612060546875,33400
2019-11-15,61.599998474121094,62.11000061035156,61.380001068115234,61.650001525878906,56.51780319213867,23400
2019-11-18,61.4900016784668,62.25600051879883,61.11800003051758,61.540000915527344,56.416961669921875,14200
2019-11-19,61.75,62.279998779296875,61.5,62.0,56.83866882324219,23200
2019-11-20,61.849998474121094,63.18000030517578,61.849998474121094,62.93000030517578,57.69124984741211,46900
2019-11-21,63.20000076293945,63.935001373291016,63.029998779296875,63.709999084472656,58.40631866455078,34000
2019-11-22,63.90999984741211,64.37000274658203,62.619998931884766,62.88999938964844,57.654579162597656,26000
2019-11-25,63.11000061035156,64.2699966430664,62.650001525878906,63.79999923706055,58.48882293701172,32600
2019-11-26,64.0,64.76000213623047,62.779998779296875,63.20000076293945,57.93877029418945,21600
2019-11-27,63.2400016784668,64.44999694824219,63.04999923706055,63.869998931884766,58.55299758911133,23700
2019-11-29,63.959999084472656,64.61000061035156,63.40999984741211,64.51000213623047,59.13970947265625,16900
2019-12-02,64.63999938964844,64.63999938964844,63.400001525878906,63.40999984741211,58.131290435791016,19300
2019-12-03,62.83000183105469,63.709999084472656,62.599998474121094,63.709999084472656,58.40631866455078,38600
2019-12-04,63.63999938964844,64.28500366210938,63.33000183105469,63.88999938964844,58.57133483886719,36200
2019-12-05,64.0,64.54000091552734,63.5099983215332,63.61000061035156,58.31464385986328,19200
2019-12-06,63.79999923706055,64.19999694824219,63.150001525878906,63.56999969482422,58.27797317504883,29300
2019-12-09,63.380001068115234,63.709999084472656,62.13999938964844,62.349998474121094,57.15953826904297,27400
2019-12-10,62.619998931884766,63.779998779296875,61.060001373291016,63.68000030517578,58.378807067871094,25200
2019-12-11,63.83000183105469,64.22000122070312,63.25,63.84000015258789,58.52549362182617,19200
2019-12-12,63.84000015258789,64.41500091552734,63.310001373291016,63.95000076293945,58.62632751464844,23700
2019-12-13,63.68000030517578,64.79000091552734,62.790000915527344,64.77999877929688,59.38724136352539,33100
2019-12-16,64.94999694824219,65.53500366210938,62.97999954223633,63.84000015258789,58.52549362182617,40800
2019-12-17,63.95000076293945,64.4000015258789,63.518001556396484,64.16000366210938,58.8188591003418,46900
2019-12-18,64.37999725341797,65.47000122070312,63.849998474121094,65.22000122070312,59.79061508178711,35900
2019-12-19,65.19999694824219,65.47000122070312,64.72000122070312,65.12999725341797,59.70810317993164,26700
2019-12-20,65.04000091552734,66.66999816894531,64.88099670410156,65.83000183105469,60.349822998046875,84400
2019-12-23,65.91000366210938,68.16500091552734,64.81999969482422,67.12000274658203,61.53245162963867,41900
2019-12-24,67.33000183105469,67.68000030517578,66.6500015258789,67.47000122070312,61.85331344604492,15700
2019-12-26,67.55000305175781,67.83999633789062,67.02999877929688,67.2699966430664,61.66994094848633,8400
2019-12-27,67.18000030517578,67.77999877929688,66.37999725341797,66.63999938964844,61.09239959716797,18200
2019-12-30,66.62999725341797,66.74700164794922,65.19999694824219,65.7300033569336,60.448638916015625,33300
2019-12-31,65.6500015258789,66.5199966430664,65.25199890136719,65.94000244140625,60.64176559448242,47100
2020-01-02,66.27999877929688,66.77999877929688,64.50499725341797,65.80000305175781,60.51301574707031,29800
2020-01-03,65.16999816894531,67.25,64.97000122070312,66.80000305175781,61.43266296386719,24100
2020-01-06,66.2300033569336,68.48999786376953,65.83000183105469,68.30000305175781,62.812164306640625,35900
2020-01-07,68.0199966430664,68.25,66.62000274658203,66.62000274658203,61.26715087890625,20400
2020-01-08,66.73999786376953,68.19999694824219,66.7239990234375,67.62000274658203,62.18679428100586,26800
2020-01-09,67.91999816894531,69.0530014038086,67.45999908447266,67.72000122070312,62.27873611450195,19900
2020-01-10,67.7699966430664,68.22200012207031,66.69200134277344,67.5999984741211,62.16838073730469,22200
2020-01-13,67.62999725341797,68.98500061035156,66.61499786376953,68.5,62.99607467651367,15800
2020-01-14,68.5,69.63999938964844,66.7699966430664,66.8499984741211,61.47865676879883,36200
2020-01-15,66.68000030517578,67.5199966430664,66.5,67.08999633789062,61.69934844970703,22500
2020-01-16,67.47000122070312,67.81999969482422,66.5,66.80999755859375,61.44186019897461,39200
2020-01-17,67.30999755859375,68.12000274658203,66.38999938964844,66.6500015258789,61.29472732543945,35300
2020-01-21,66.62999725341797,69.98999786376953,66.62999725341797,69.43000030517578,63.85135269165039,30300
2020-01-22,70.0,70.43000030517578,69.01000213623047,69.5999984741211,64.0076904296875,36900
2020-01-23,69.0,70.18399810791016,68.76000213623047,69.98999786376953,64.36634826660156,25900
2020-01-24,70.1500015258789,71.35299682617188,68.97000122070312,69.1500015258789,63.59385299682617,18300
2020-01-27,68.2300033569336,70.23999786376953,68.18000030517578,69.76000213623047,64.15484619140625,18100
2020-01-28,69.33000183105469,70.3499984741211,68.58499908447266,70.3499984741211,64.69743347167969,25600
2020-01-29,70.25,70.25,68.72000122070312,69.33999633789062,63.768577575683594,10400
2020-01-30,68.52999877929688,69.69999694824219,66.947998046875,69.2300033569336,63.66740798950195,12600
2020-01-31,69.16000366210938,70.57499694824219,65.76499938964844,67.66999816894531,62.23277282714844,56100
2020-02-03,68.06999969482422,69.7300033569336,68.0,69.52999877929688,63.94332504272461,21100
2020-02-04,69.7300033569336,70.58999633789062,68.70999908447266,68.72000122070312,63.19841766357422,40200
2020-02-05,69.04000091552734,69.87000274658203,68.2699966430664,69.69000244140625,64.0904541015625,11400
2020-02-06,69.7300033569336,70.09500122070312,69.33999633789062,69.52999877929688,63.94332504272461,22600
2020-02-07,69.2699966430664,70.25,67.43299865722656,67.83999633789062,62.38911819458008,22800
2020-02-10,67.88999938964844,68.6449966430664,67.0,67.72000122070312,62.27873611450195,28400
2020-02-11,67.80999755859375,69.16999816894531,66.29499816894531,67.87999725341797,62.4259033203125,31300
2020-02-12,68.30999755859375,68.86599731445312,66.94200134277344,67.94999694824219,62.490264892578125,20800
2020-02-13,67.87000274658203,69.62799835205078,67.20999908447266,69.3499984741211,63.77778625488281,20500
2020-02-14,69.16000366210938,70.12000274658203,68.08999633789062,68.91999816894531,63.382328033447266,33700
2020-02-18,68.69999694824219,69.0,67.90499877929688,68.80999755859375,63.281158447265625,23300
2020-02-19,68.95999908447266,69.0,68.33000183105469,68.73999786376953,63.2167854309082,16400
2020-02-20,68.48999786376953,68.80999755859375,67.10600280761719,67.58999633789062,62.159175872802734,22500
2020-02-21,67.5999984741211,68.12000274658203,66.44999694824219,67.79000091552734,62.343116760253906,27100
2020-02-24,66.93000030517578,67.41000366210938,66.20999908447266,66.22000122070312,60.89927291870117,37800
2020-02-25,66.44999694824219,66.97000122070312,62.75,66.66999816894531,61.313114166259766,49300
2020-02-26,66.69999694824219,67.08999633789062,62.72999954223633,63.119998931884766,58.0483512878418,25700
2020-02-27,62.63999938964844,62.70000076293945,56.810001373291016,58.529998779296875,53.82716369628906,55500
2020-02-28,57.93000030517578,58.39500045776367,53.0,54.9900016784668,50.571598052978516,56100
2020-03-02,55.77000045776367,56.959999084472656,55.20000076293945,56.310001373291016,51.78553771972656,55600
2020-03-03,55.9900016784668,56.814998626708984,53.04999923706055,53.77000045776367,49.449623107910156,28700
2020-03-04,54.54999923706055,57.5,52.619998931884766,56.880001068115234,52.30974197387695,33200
2020-03-05,55.5,55.650001525878906,53.0,54.0,49.66114044189453,26000
2020-03-06,52.83000183105469,55.27000045776367,52.4900016784668,54.52000045776367,50.13935470581055,49600
2020-03-09,52.13999938964844,55.0,51.13999938964844,52.5,48.28166580200195,32700
2020-03-10,53.45000076293945,54.33000183105469,52.099998474121094,54.33000183105469,49.96463394165039,35200
2020-03-11,52.95000076293945,54.25,50.0,52.18000030517578,47.987369537353516,41700
2020-03-12,49.54999923706055,49.599998474121094,43.08000183105469,43.31999969482422,39.839271545410156,50300
2020-03-13,45.2400016784668,48.13999938964844,43.779998779296875,46.0,42.30393600463867,75400
2020-03-16,43.0,43.0099983215332,35.0099983215332,36.5,33.56724548339844,45700
2020-03-17,36.900001525878906,41.95000076293945,35.029998779296875,41.95000076293945,38.579349517822266,69600
2020-03-18,38.79999923706055,38.79999923706055,35.0,35.0099983215332,32.19696807861328,51300
2020-03-19,34.7400016784668,45.10100173950195,34.0,41.77000045776367,38.41381072998047,57100
2020-03-20,41.65999984741211,45.810001373291016,34.0,39.38999938964844,36.22504425048828,61500
2020-03-23,39.66999816894531,41.724998474121094,34.643001556396484,40.619998931884766,37.3562126159668,37500
2020-03-24,42.75,45.9900016784668,40.650001525878906,45.31999969482422,41.67858123779297,43100
2020-03-25,44.86000061035156,49.349998474121094,40.099998474121094,41.75,38.395416259765625,38400
2020-03-26,42.2400016784668,45.310001373291016,41.380001068115234,45.310001373291016,41.66937255859375,37600
2020-03-27,43.029998779296875,45.650001525878906,41.61800003051758,42.189998626708984,38.8000602722168,30500
2020-03-30,42.5,44.83000183105469,41.529998779296875,44.83000183105469,41.43417739868164,43100
2020-03-31,44.47999954223633,46.560001373291016,43.18199920654297,45.47999954223633,42.034942626953125,67200
2020-04-01,43.2400016784668,45.0,42.790000915527344,44.599998474121094,41.221595764160156,46600
2020-04-02,43.84000015258789,45.0099983215332,42.54999923706055,44.810001373291016,41.41570281982422,30100
2020-04-03,43.83000183105469,44.27000045776367,40.119998931884766,42.290000915527344,39.086578369140625,69700
2020-04-06,43.79999923706055,47.57500076293945,43.79999923706055,47.099998474121094,43.532230377197266,48800
2020-04-07,46.599998474121094,46.599998474121094,44.61000061035156,45.599998474121094,42.14585494995117,63600
2020-04-08,46.400001525878906,48.0,44.525001525878906,47.45000076293945,43.855716705322266,36400
2020-04-09,48.529998779296875,49.0,45.935001373291016,47.279998779296875,43.69859313964844,41500
2020-04-13,46.66999816894531,47.834999084472656,45.68000030517578,47.65999984741211,44.049808502197266,27600
2020-04-14,48.4900016784668,49.599998474121094,47.09700012207031,49.5,45.75044250488281,52700
2020-04-15,47.630001068115234,48.459999084472656,46.20000076293945,47.7599983215332,44.14223861694336,53700
2020-04-16,48.72999954223633,49.470001220703125,47.77000045776367,49.2599983215332,45.52861022949219,43800
2020-04-17,50.4900016784668,54.78499984741211,50.25,54.150001525878906,50.048194885253906,36200
2020-04-20,52.369998931884766,53.84000015258789,50.95500183105469,51.34000015258789,47.4510612487793,26800
2020-04-21,49.15999984741211,52.439998626708984,49.15999984741211,50.150001525878906,46.3511962890625,31200
2020-04-22,51.33000183105469,52.810001373291016,50.0099983215332,52.29999923706055,48.338340759277344,30600
2020-04-23,52.04999923706055,52.20100021362305,48.869998931884766,51.0,47.13680648803711,29500
2020-04-24,50.61000061035156,52.2599983215332,49.29499816894531,51.349998474121094,47.46030044555664,34200
2020-04-27,52.150001525878906,54.61000061035156,51.400001525878906,53.63999938964844,49.57683563232422,36300
2020-04-28,54.0,54.369998931884766,52.40999984741211,53.2599983215332,49.22561264038086,90000
2020-04-29,55.2400016784668,58.29999923706055,55.2400016784668,55.709999084472656,51.49003219604492,49200
2020-04-30,54.52000045776367,54.52000045776367,51.0,51.59000015258789,47.6821174621582,38200
2020-05-01,50.04999923706055,53.08000183105469,49.45000076293945,53.08000183105469,49.059261322021484,51000
2020-05-04,52.029998779296875,54.06999969482422,50.650001525878906,52.029998779296875,48.088783264160156,33700
2020-05-05,53.40999984741211,56.5099983215332,52.36600112915039,53.060001373291016,49.04076385498047,37400
2020-05-06,51.900001525878906,54.974998474121094,51.900001525878906,54.400001525878906,50.279266357421875,31100
2020-05-07,55.869998931884766,55.869998931884766,52.5,53.70000076293945,49.63228225708008,44200
2020-05-08,55.16999816894531,58.09000015258789,55.16999816894531,57.400001525878906,53.05202102661133,48400
2020-05-11,56.61000061035156,57.810001373291016,54.65999984741211,56.27000045776367,52.00761413574219,64400
2020-05-12,55.900001525878906,57.06999969482422,50.66999816894531,51.33000183105469,47.441810607910156,47500
2020-05-13,50.58000183105469,52.470001220703125,49.5,50.20000076293945,46.39740753173828,38300
2020-05-14,48.95000076293945,49.619998931884766,46.071998596191406,49.189998626708984,45.46392059326172,39800
2020-05-15,48.689998626708984,50.43000030517578,47.685001373291016,50.0,46.212554931640625,41900
2020-05-18,52.119998931884766,54.47999954223633,52.0,54.11000061035156,50.011226654052734,43300
2020-05-19,53.400001525878906,54.220001220703125,51.637001037597656,51.939998626708984,48.00560760498047,39000
2020-05-20,52.75,53.9900016784668,52.150001525878906,52.599998474121094,48.61560821533203,34600
2020-05-21,52.189998626708984,53.630001068115234,51.34000015258789,52.849998474121094,48.846683502197266,17800
2020-05-22,52.869998931884766,53.22999954223633,51.470001220703125,52.560001373291016,48.57864761352539,23700
2020-05-26,54.56999969482422,55.040000915527344,53.30699920654297,54.040000915527344,49.946533203125,34600
2020-05-27,55.119998931884766,56.31999969482422,53.84000015258789,56.06999969482422,51.8227653503418,29100
2020-05-28,56.099998474121094,57.279998779296875,54.43000030517578,54.43000030517578,50.30699157714844,30300
2020-05-29,54.040000915527344,57.525001525878906,54.040000915527344,56.720001220703125,52.423526763916016,65700
2020-06-01,57.25,57.25,55.150001525878906,55.150001525878906,50.97245788574219,36600
2020-06-02,55.65999984741211,56.22999954223633,54.68000030517578,55.400001525878906,51.20351028442383,44000
2020-06-03,56.4900016784668,58.95000076293945,56.45000076293945,57.34000015258789,52.9965705871582,60400
2020-06-04,56.86000061035156,58.720001220703125,56.86000061035156,58.63999938964844,54.19809341430664,46700
2020-06-05,59.4900016784668,59.5099983215332,56.83000183105469,57.220001220703125,52.88564682006836,55000
2020-06-08,57.75,59.68000030517578,57.349998474121094,59.20000076293945,54.71566390991211,30100
2020-06-09,58.290000915527344,59.79999923706055,57.970001220703125,58.25,53.8376350402832,30400
2020-06-10,57.75,58.709999084472656,54.73500061035156,55.27000045776367,51.08336639404297,47800
2020-06-11,53.349998474121094,54.290000915527344,51.31999969482422,51.650001525878906,47.737579345703125,35600
2020-06-12,53.689998626708984,54.48500061035156,51.16999816894531,53.310001373291016,49.27183532714844,46000
2020-06-15,51.47999954223633,54.1349983215332,51.09000015258789,53.810001373291016,49.73395919799805,31400
2020-06-16,55.81999969482422,55.90999984741211,50.2400016784668,55.5099983215332,51.305179595947266,29100
2020-06-17,55.63999938964844,56.654998779296875,54.119998931884766,54.47999954223633,50.353206634521484,17800
2020-06-18,54.290000915527344,55.869998931884766,53.79999923706055,54.779998779296875,50.6304817199707,18600
2020-06-19,55.5,56.650001525878906,53.33000183105469,54.959999084472656,50.79684066772461,72400
2020-06-22,54.47999954223633,55.88999938964844,54.17499923706055,55.709999084472656,51.49003219604492,25800
2020-06-23,56.72999954223633,58.0,55.849998474121094,57.290000915527344,52.95035934448242,36000
2020-06-24,56.41999816894531,56.41999816894531,53.88999938964844,54.09000015258789,49.99274444580078,40200
2020-06-25,53.869998931884766,55.52000045776367,53.540000915527344,55.52000045776367,51.31442642211914,50800
2020-06-26,54.86000061035156,55.72999954223633,52.18000030517578,52.540000915527344,48.56015396118164,223400
2020-06-29,52.72999954223633,56.38999938964844,52.72999954223633,56.15999984741211,51.905948638916016,51700
2020-06-30,56.130001068115234,58.43000030517578,56.130001068115234,58.209999084472656,53.800662994384766,57700
2020-07-01,58.66999816894531,58.66999816894531,56.97999954223633,57.81999969482422,53.44020080566406,33200
2020-07-02,58.84000015258789,59.540000915527344,58.20000076293945,58.349998474121094,53.93006134033203,28000
2020-07-06,59.61000061035156,59.61000061035156,57.81399917602539,58.04999923706055,53.65278244018555,17800
2020-07-07,57.54999923706055,58.38999938964844,56.66999816894531,56.720001220703125,52.423526763916016,25900
2020-07-08,56.58000183105469,57.375,54.70000076293945,55.56999969482422,51.36064147949219,33200
2020-07-09,55.18000030517578,55.29999923706055,53.61000061035156,54.43000030517578,50.30699157714844,34700
2020-07-10,54.68000030517578,56.86000061035156,53.91999816894531,56.400001525878906,52.12776565551758,25600
2020-07-13,57.27000045776367,58.02000045776367,56.06999969482422,56.29999923706055,52.035343170166016,27100
2020-07-14,55.880001068115234,57.900001525878906,55.880001068115234,57.599998474121094,53.236873626708984,20900
2020-07-15,59.0,60.0,58.42499923706055,59.97999954223633,55.43658447265625,51300
2020-07-16,59.68000030517578,59.900001525878906,58.40999984741211,59.0,54.53082275390625,21700
2020-07-17,58.7599983215332,60.0,58.529998779296875,59.849998474121094,55.316436767578125,33300
2020-07-20,59.459999084472656,60.0,58.93000030517578,59.290000915527344,54.79885482788086,22100
2020-07-21,59.7599983215332,59.95000076293945,57.959999084472656,59.95000076293945,55.40885543823242,21600
2020-07-22,59.59000015258789,59.900001525878906,59.15999984741211,59.40999984741211,54.90976333618164,25000
2020-07-23,59.349998474121094,60.619998931884766,58.619998931884766,58.939998626708984,54.47536849975586,93900
2020-07-24,58.25,59.880001068115234,58.09000015258789,58.41999816894531,53.994754791259766,23400
2020-07-27,58.349998474121094,59.13999938964844,58.189998626708984,59.08000183105469,54.604766845703125,14500
2020-07-28,58.31999969482422,59.39799880981445,57.41999816894531,57.650001525878906,53.283084869384766,25000
2020-07-29,57.81999969482422,59.029998779296875,57.81999969482422,58.5099983215332,54.07793045043945,25200
2020-07-30,57.5,58.66999816894531,57.459999084472656,57.97999954223633,53.588077545166016,23400
2020-07-31,57.630001068115234,57.70000076293945,56.220001220703125,57.189998626708984,52.85792541503906,38500
2020-08-03,57.400001525878906,58.400001525878906,57.2599983215332,57.84000015258789,53.45868682861328,26600
2020-08-04,57.349998474121094,57.560001373291016,55.970001220703125,57.45000076293945,53.09822463989258,28300
2020-08-05,58.400001525878906,58.400001525878906,55.04999923706055,55.439998626708984,51.2404899597168,33600
2020-08-06,55.439998626708984,56.459999084472656,54.68000030517578,56.25,51.9891242980957,19100
2020-08-07,55.70000076293945,57.27000045776367,55.70000076293945,57.27000045776367,52.93186950683594,15700
2020-08-10,57.5,58.5099983215332,56.86000061035156,57.9900016784668,53.597328186035156,23000
2020-08-11,58.31999969482422,59.70000076293945,58.220001220703125,58.619998931884766,54.17959976196289,23200
2020-08-12,59.189998626708984,59.75,57.119998931884766,57.20000076293945,52.86717224121094,107300
2020-08-13,57.72999954223633,57.72999954223633,56.65999984741211,57.029998779296875,52.71004867553711,32000
2020-08-14,56.9900016784668,56.9900016784668,55.279998779296875,55.650001525878906,51.43458557128906,13400
2020-08-17,55.459999084472656,56.150001525878906,55.44499969482422,55.54999923706055,51.34215545654297,18000
2020-08-18,55.54999923706055,56.0,54.619998931884766,55.29999923706055,51.1110954284668,22400
2020-08-19,55.130001068115234,56.869998931884766,54.803001403808594,56.63999938964844,52.34959411621094,19200
2020-08-20,55.97999954223633,56.654998779296875,55.39500045776367,56.0,51.75806427001953,20000
2020-08-21,56.08000183105469,56.08000183105469,54.849998474121094,55.220001220703125,51.037147521972656,21900
2020-08-24,55.869998931884766,56.029998779296875,55.209999084472656,55.849998474121094,51.61943054199219,16300
2020-08-25,55.90999984741211,55.915000915527344,54.66999816894531,55.439998626708984,51.2404899597168,17900
2020-08-26,55.209999084472656,55.720001220703125,55.02000045776367,55.18000030517578,51.000179290771484,22600
2020-08-27,55.310001373291016,57.189998626708984,55.2400016784668,56.40999984741211,52.13700866699219,28900
2020-08-28,56.90999984741211,57.13999938964844,55.65999984741211,57.130001068115234,52.80247116088867,29000
2020-08-31,56.7400016784668,56.90999984741211,55.630001068115234,56.0,51.75806427001953,36500
2020-09-01,55.689998626708984,57.5,55.44499969482422,57.0,52.68231964111328,29700
2020-09-02,57.06999969482422,58.5,56.91999816894531,58.459999084472656,54.03171920776367,40700
2020-09-03,58.130001068115234,58.400001525878906,55.95000076293945,56.119998931884766,51.86897659301758,24500
2020-09-04,57.0,57.0,54.279998779296875,55.13999938964844,50.96321105957031,27100
2020-09-08,54.349998474121094,55.0,54.220001220703125,54.75,50.60275650024414,26600
2020-09-09,55.25,55.56999969482422,54.220001220703125,54.470001220703125,50.34395980834961,23700
2020-09-10,55.0,55.0,52.36000061035156,52.40999984741211,48.44000244140625,33000
2020-09-11,52.900001525878906,52.959999084472656,51.0,51.630001068115234,47.719093322753906,28500
2020-09-14,52.06999969482422,54.31999969482422,52.06999969482422,53.04999923706055,49.03152084350586,21000
2020-09-15,53.36000061035156,53.36000061035156,51.9900016784668,52.52000045776367,48.54167556762695,16200
2020-09-16,52.529998779296875,52.529998779296875,51.0,51.20000076293945,47.321659088134766,27400
2020-09-17,51.0,51.09000015258789,50.099998474121094,50.4900016784668,46.66543197631836,16500
2020-09-18,51.349998474121094,51.349998474121094,49.279998779296875,50.029998779296875,46.24028396606445,77500
2020-09-21,49.0,49.04999923706055,47.0,47.68000030517578,44.068302154541016,34400
2020-09-22,47.84000015258789,49.650001525878906,47.34000015258789,48.380001068115234,44.715274810791016,27500
2020-09-23,48.400001525878906,49.689998626708984,46.22999954223633,46.5099983215332,42.98692321777344,33000
2020-09-24,46.470001220703125,47.81999969482422,46.029998779296875,46.7400016784668,43.19950866699219,23700
2020-09-25,46.209999084472656,47.33000183105469,46.04999923706055,46.95000076293945,43.39360046386719,25100
2020-09-28,47.61000061035156,49.00600051879883,47.61000061035156,48.52000045776367,44.844661712646484,24400
2020-09-29,48.400001525878906,49.36000061035156,48.310001373291016,49.20000076293945,45.47315979003906,50500
2020-09-30,49.11000061035156,50.0099983215332,48.880001068115234,49.209999084472656,45.48240280151367,51500
2020-10-01,49.4900016784668,51.31999969482422,49.20000076293945,50.79999923706055,46.95195770263672,38300
2020-10-02,49.83000183105469,52.4900016784668,49.83000183105469,51.310001373291016,47.4233283996582,20200
2020-10-05,51.119998931884766,52.13999938964844,50.27000045776367,51.68000030517578,47.76530456542969,22300
2020-10-06,52.279998779296875,53.46500015258789,51.28499984741211,51.459999084472656,47.56195831298828,21200
2020-10-07,51.720001220703125,52.849998474121094,50.33000183105469,52.16999816894531,48.21818161010742,59500
2020-10-08,52.88999938964844,54.0,52.400001525878906,53.630001068115234,49.56759262084961,22600
2020-10-09,54.119998931884766,54.119998931884766,52.689998626708984,52.93000030517578,48.92061996459961,17300
2020-10-12,53.040000915527344,53.459999084472656,52.25,53.099998474121094,49.077735900878906,17200
2020-10-13,52.529998779296875,53.66999816894531,52.5099983215332,53.38999938964844,49.34577178955078,15900
2020-10-14,53.400001525878906,53.400001525878906,52.540000915527344,52.540000915527344,48.56015396118164,10500
2020-10-15,52.58000183105469,53.7599983215332,51.939998626708984,52.70000076293945,48.70803451538086,21500
2020-10-16,52.7400016784668,54.0,52.29999923706055,53.689998626708984,49.623046875,17200
2020-10-19,54.02299880981445,54.029998779296875,52.68000030517578,53.150001525878906,49.12395095825195,15400
2020-10-20,53.2400016784668,54.150001525878906,52.83000183105469,52.83000183105469,48.828182220458984,11700
2020-10-21,52.689998626708984,53.90999984741211,52.40999984741211,53.2400016784668,49.20713806152344,11800
2020-10-22,54.09000015258789,54.09000015258789,52.356998443603516,53.18000030517578,49.15167236328125,27000
2020-10-23,53.58000183105469,53.95000076293945,53.040000915527344,53.650001525878906,49.58607864379883,12700
2020-10-26,53.099998474121094,53.099998474121094,51.97999954223633,52.95000076293945,48.939109802246094,14300
2020-10-27,52.59000015258789,52.98699951171875,51.630001068115234,51.79999923706055,47.8762092590332,15100
2020-10-28,50.470001220703125,52.02000045776367,50.02799987792969,51.18000030517578,47.30318069458008,18500
2020-10-29,50.61000061035156,51.95399856567383,50.18000030517578,51.529998779296875,47.62665939331055,14300
2020-10-30,51.34000015258789,52.150001525878906,51.209999084472656,51.79999923706055,47.8762092590332,23800
2020-11-02,52.90999984741211,53.72999954223633,52.38999938964844,53.33000183105469,49.29031753540039,14400
2020-11-03,54.47999954223633,55.459999084472656,53.630001068115234,55.2400016784668,51.055633544921875,27800
2020-11-04,54.619998931884766,54.7599983215332,53.290000915527344,54.29999923706055,50.18684387207031,15500
2020-11-05,54.43000030517578,55.40999984741211,54.29999923706055,55.0,50.83381652832031,20800
2020-11-06,54.689998626708984,54.689998626708984,53.27000045776367,53.27000045776367,49.23485565185547,15000
2020-11-09,54.380001068115234,59.150001525878906,53.41999816894531,56.22999954223633,51.97064971923828,48100
2020-11-10,57.2599983215332,59.20000076293945,57.2599983215332,58.70000076293945,54.25354766845703,36900
2020-11-11,58.689998626708984,59.0,58.154998779296875,58.97999954223633,54.5123291015625,40100
2020-11-12,58.599998474121094,58.88999938964844,56.0,56.70000076293945,52.4050407409668,40900
2020-11-13,57.25,57.43600082397461,55.52799987792969,55.900001525878906,51.6656379699707,29500
2020-11-16,57.08000183105469,57.08000183105469,54.525001525878906,55.470001220703125,51.268211364746094,100700
2020-11-17,55.209999084472656,56.58000183105469,55.209999084472656,56.0,51.75806427001953,47000
2020-11-18,57.119998931884766,57.119998931884766,55.31999969482422,55.33000183105469,51.13882064819336,19900
2020-11-19,54.97999954223633,55.45000076293945,54.23500061035156,55.130001068115234,50.953975677490234,31900
2020-11-20,54.59000015258789,55.58000183105469,54.152000427246094,54.7400016784668,50.593509674072266,27800
2020-11-23,54.86000061035156,55.11899948120117,53.86000061035156,54.029998779296875,49.937286376953125,26500
2020-11-24,55.34000015258789,55.775001525878906,53.86000061035156,55.59000015258789,51.37913131713867,28900
2020-11-25,55.08000183105469,55.08000183105469,53.41999816894531,53.45000076293945,49.401222229003906,28400
2020-11-27,53.380001068115234,54.81999969482422,52.7599983215332,53.380001068115234,49.33652877807617,21000
2020-11-30,52.869998931884766,53.172000885009766,50.97999954223633,51.310001373291016,47.4233283996582,35800
2020-12-01,51.9900016784668,51.9900016784668,50.11000061035156,50.59000015258789,46.757869720458984,38000
2020-12-02,50.5,50.5,48.4900016784668,48.5,44.82617950439453,35500
2020-12-03,48.40999984741211,50.630001068115234,48.18000030517578,49.189998626708984,45.46392059326172,36500
2020-12-04,49.349998474121094,51.36000061035156,48.90399932861328,50.0,46.212554931640625,45500
2020-12-07,50.02000045776367,50.880001068115234,48.5099983215332,48.83000183105469,45.13117980957031,77800
2020-12-08,48.83000183105469,48.900001525878906,46.849998474121094,47.29999923706055,43.71707534790039,77000
2020-12-09,47.79999923706055,48.380001068115234,46.560001373291016,47.18000030517578,43.60617446899414,32500
2020-12-10,49.255001068115234,49.255001068115234,46.869998931884766,47.33000183105469,43.744815826416016,20500
2020-12-11,46.79999923706055,47.959999084472656,46.79999923706055,47.43000030517578,43.83723068237305,34400
2020-12-14,47.529998779296875,48.33000183105469,47.43000030517578,47.43000030517578,43.83723068237305,42700
2020-12-15,47.599998474121094,48.46500015258789,47.2400016784668,47.54999923706055,43.948150634765625,31100
2020-12-16,48.02000045776367,48.189998626708984,47.2599983215332,47.560001373291016,43.9573860168457,25200
2020-12-17,47.88999938964844,47.90999984741211,47.11000061035156,47.83000183105469,44.20693588256836,56100
2020-12-18,48.060001373291016,49.2599983215332,47.33000183105469,47.400001525878906,43.809505462646484,95400
2020-12-21,47.0,47.25,45.5,45.869998931884766,42.39540100097656,49400
2020-12-22,47.07500076293945,47.07500076293945,45.27799987792969,45.529998779296875,42.081153869628906,20500
2020-12-23,45.439998626708984,46.70000076293945,44.15999984741211,44.630001068115234,41.24932098388672,29300
2020-12-24,44.84000015258789,44.84000015258789,44.099998474121094,44.400001525878906,41.03676223754883,8900
2020-12-28,44.9900016784668,44.9900016784668,44.400001525878906,44.63999938964844,41.25857925415039,17900
2020-12-29,44.61000061035156,44.61000061035156,43.29499816894531,43.810001373291016,40.491455078125,33000
2020-12-30,43.939998626708984,44.64099884033203,42.790000915527344,43.13999938964844,39.8721923828125,31000
2020-12-31,43.310001373291016,43.310001373291016,42.42499923706055,42.75,39.511741638183594,47900
2021-01-04,42.75,44.12699890136719,42.540000915527344,42.91999816894531,39.66885757446289,39700
2021-01-05,44.11000061035156,44.11000061035156,42.7599983215332,43.04999923706055,39.78901672363281,60400
2021-01-06,43.099998474121094,45.27000045776367,42.40999984741211,45.06999969482422,41.65599822998047,85700
2021-01-07,44.970001220703125,45.06999969482422,44.220001220703125,44.72999954223633,41.34175109863281,13900
2021-01-08,44.84000015258789,45.41999816894531,44.41999816894531,45.20000076293945,41.776161193847656,33000
2021-01-11,45.2400016784668,45.279998779296875,44.369998931884766,45.099998474121094,41.68372344970703,24200
2021-01-12,45.02000045776367,46.11000061035156,44.939998626708984,45.90999984741211,42.432373046875,23600
2021-01-13,45.75,45.75,44.84000015258789,45.2400016784668,41.81312561035156,24600
2021-01-14,45.59000015258789,46.82500076293945,45.13600158691406,46.52000045776367,42.99616622924805,29300
2021-01-15,46.189998626708984,46.96500015258789,45.560001373291016,46.619998931884766,43.08858871459961,35000
2021-01-19,47.060001373291016,48.72999954223633,47.060001373291016,47.36000061035156,43.77254104614258,29300
2021-01-20,47.33000183105469,48.130001068115234,47.14500045776367,47.58000183105469,43.975868225097656,27600
2021-01-21,47.459999084472656,47.689998626708984,46.689998626708984,47.5,43.90193176269531,37200
2021-01-22,47.40999984741211,48.36000061035156,47.40999984741211,48.310001373291016,44.650577545166016,33000
2021-01-25,48.099998474121094,48.099998474121094,47.13999938964844,47.970001220703125,44.33632278442383,33500
2021-01-26,48.40999984741211,48.9900016784668,47.22999954223633,48.119998931884766,44.474971771240234,31400
2021-01-27,47.31999969482422,47.91999816894531,46.20000076293945,46.66999816894531,43.134803771972656,44700
2021-01-28,47.15999984741211,47.15999984741211,45.38999938964844,45.4900016784668,42.044189453125,36200
2021-01-29,45.540000915527344,46.56999969482422,45.0,45.29999923706055,41.86857986450195,49100
2021-02-01,45.68000030517578,47.2400016784668,44.4900016784668,46.310001373291016,42.802066802978516,47100
2021-02-02,46.91999816894531,48.16999816894531,46.619998931884766,47.59000015258789,43.985111236572266,41700
2021-02-03,47.290000915527344,48.97999954223633,47.2599983215332,48.97999954223633,45.26982116699219,32900
2021-02-04,48.474998474121094,49.970001220703125,47.650001525878906,49.81999969482422,46.04619216918945,22700
2021-02-05,49.880001068115234,50.81999969482422,49.599998474121094,50.279998779296875,46.471351623535156,37300
2021-02-08,50.04999923706055,51.63999938964844,49.849998474121094,51.349998474121094,47.46030044555664,31000
2021-02-09,51.310001373291016,52.31999969482422,51.0989990234375,52.31999969482422,48.3568229675293,19200
2021-02-10,52.529998779296875,52.529998779296875,49.900001525878906,51.0,47.13680648803711,51100
2021-02-11,50.869998931884766,51.9900016784668,50.0,51.630001068115234,47.719093322753906,34800
2021-02-12,50.65999984741211,51.349998474121094,49.310001373291016,49.349998474121094,45.611785888671875,40200
2021-02-16,50.060001373291016,50.060001373291016,47.15999984741211,47.279998779296875,43.69859313964844,34800
2021-02-17,46.86000061035156,48.0,45.56999969482422,47.540000915527344,43.93890380859375,60600
2021-02-18,47.099998474121094,49.220001220703125,45.6150016784668,48.68000030517578,44.992549896240234,50300
2021-02-19,48.689998626708984,49.9900016784668,48.529998779296875,49.31999969482422,45.58406448364258,44600
2021-02-22,48.959999084472656,50.33000183105469,48.560001373291016,49.65999984741211,45.89830780029297,47400
2021-02-23,49.38999938964844,51.91999816894531,49.38999938964844,51.61000061035156,47.700599670410156,43400
2021-02-24,51.939998626708984,53.619998931884766,51.45000076293945,53.369998931884766,49.32728576660156,41000
2021-02-25,53.0,54.77000045776367,52.95000076293945,53.439998626708984,49.39198303222656,43700
2021-02-26,53.349998474121094,54.15999984741211,51.65999984741211,51.66999816894531,47.75605392456055,73200
2021-03-01,52.709999084472656,53.900001525878906,52.02000045776367,53.900001525878906,49.81714630126953,42400
2021-03-02,53.650001525878906,54.939998626708984,53.310001373291016,54.130001068115234,50.02971267700195,100600
2021-03-03,54.2599983215332,54.2599983215332,52.720001220703125,52.86000061035156,48.855918884277344,49900
2021-03-04,52.529998779296875,53.81999969482422,50.97999954223633,51.279998779296875,47.395599365234375,44100
2021-03-05,50.5,53.400001525878906,50.5,52.77000045776367,48.772735595703125,28800
2021-03-08,52.9900016784668,53.08000183105469,51.630001068115234,51.77000045776367,47.848480224609375,31900
2021-03-09,52.310001373291016,52.310001373291016,50.08000183105469,50.25,46.443626403808594,32600
2021-03-10,50.939998626708984,51.720001220703125,50.70000076293945,51.060001373291016,47.192264556884766,28000
2021-03-11,51.63999938964844,51.63999938964844,50.35499954223633,51.5,47.59893798828125,30300
2021-03-12,51.36000061035156,52.7400016784668,49.709999084472656,52.560001373291016,48.57864761352539,36500
2021-03-15,52.25,52.25,51.06999969482422,51.33000183105469,47.441810607910156,18200
2021-03-16,51.099998474121094,51.36000061035156,49.31999969482422,49.4900016784668,45.7411994934082,23100
2021-03-17,49.47999954223633,50.869998931884766,49.43299865722656,50.349998474121094,46.536048889160156,26000
2021-03-18,50.150001525878906,50.150001525878906,48.40999984741211,48.40999984741211,44.74300765991211,35200
2021-03-19,48.02000045776367,48.4900016784668,47.27000045776367,47.86000061035156,44.23466873168945,109300
2021-03-22,47.75,47.75,45.939998626708984,46.130001068115234,42.635711669921875,26500
2021-03-23,45.68000030517578,45.900001525878906,44.91999816894531,45.54999923706055,42.09963607788086,26700
2021-03-24,45.790000915527344,47.150001525878906,44.95500183105469,45.369998931884766,41.93327713012695,23300
2021-03-25,45.310001373291016,46.220001220703125,44.790000915527344,46.099998474121094,42.607975006103516,24000
2021-03-26,46.220001220703125,46.88999938964844,45.470001220703125,46.880001068115234,43.32889938354492,24700
2021-03-29,46.45000076293945,46.939998626708984,45.66999816894531,45.869998931884766,42.39540100097656,19100
2021-03-30,45.11000061035156,46.689998626708984,45.11000061035156,46.47999954223633,42.95919418334961,28600
2021-03-31,46.70000076293945,47.76499938964844,46.28499984741211,46.83000183105469,43.282684326171875,53000
2021-04-01,46.790000915527344,48.189998626708984,46.724998474121094,47.93000030517578,44.299354553222656,20300
2021-04-05,47.560001373291016,49.02399826049805,47.15999984741211,47.689998626708984,44.07752990722656,37100
2021-04-06,47.869998931884766,48.970001220703125,47.65999984741211,48.29999923706055,44.641326904296875,26200
2021-04-07,48.400001525878906,48.709999084472656,46.790000915527344,46.939998626708984,43.38434982299805,22400
2021-04-08,47.09000015258789,48.36000061035156,46.91999816894531,47.29999923706055,43.71707534790039,22000
2021-04-09,47.290000915527344,48.06999969482422,46.79999923706055,47.040000915527344,43.476776123046875,13200
2021-04-12,46.959999084472656,47.31999969482422,46.51499938964844,46.900001525878906,43.34738540649414,15100
2021-04-13,46.529998779296875,46.9900016784668,46.0099983215332,46.0099983215332,42.52479553222656,16100
2021-04-14,46.849998474121094,46.900001525878906,46.209999084472656,46.310001373291016,42.802066802978516,14500
2021-04-15,46.77000045776367,47.22999954223633,46.380001068115234,47.11000061035156,43.54146957397461,11600
2021-04-16,47.470001220703125,47.48500061035156,46.41999816894531,47.29999923706055,43.82871627807617,17400
2021-04-19,47.04999923706055,47.61000061035156,46.58000183105469,47.13999938964844,43.68046188354492,18100
2021-04-20,47.18000030517578,47.97999954223633,46.65999984741211,47.56999969482422,44.07890701293945,26200
2021-04-21,47.66999816894531,48.3849983215332,47.040000915527344,48.040000915527344,44.5144157409668,20800
2021-04-22,48.40999984741211,48.40999984741211,47.71500015258789,48.290000915527344,44.74606704711914,19200
2021-04-23,48.72999954223633,49.57899856567383,48.29999923706055,48.5099983215332,44.949920654296875,38500
2021-04-26,48.900001525878906,49.439998626708984,48.7400016784668,48.959999084472656,45.366886138916016,13900
2021-04-27,48.810001373291016,49.584999084472656,48.810001373291016,49.4900016784668,45.858009338378906,24000
2021-04-28,49.150001525878906,50.34000015258789,48.720001220703125,50.290000915527344,46.59928894042969,67000
2021-04-29,49.63999938964844,50.7400016784668,49.470001220703125,50.439998626708984,46.73828125,63800
2021-04-30,49.83000183105469,51.84000015258789,49.83000183105469,51.29999923706055,47.535160064697266,61300
2021-05-03,51.2400016784668,52.13999938964844,51.2400016784668,51.54999923706055,47.76683044433594,27100
2021-05-04,50.9900016784668,52.130001068115234,50.66999816894531,50.93000030517578,47.19232177734375,33600
2021-05-05,49.75,51.130001068115234,46.119998931884766,46.279998779296875,42.883567810058594,35000
2021-05-06,46.472999572753906,48.349998474121094,46.472999572753906,47.959999084472656,44.44028854370117,25200
2021-05-07,47.810001373291016,49.29999923706055,46.650001525878906,48.91999816894531,45.329833984375,29800
2021-05-10,48.56999969482422,49.11000061035156,47.439998626708984,47.869998931884766,44.35689163208008,44100
2021-05-11,47.060001373291016,48.5099983215332,46.95000076293945,47.95000076293945,44.4310188293457,43200
2021-05-12,47.9900016784668,48.77000045776367,47.15999984741211,48.5,44.940650939941406,34700
2021-05-13,47.94300079345703,49.810001373291016,47.94300079345703,49.290000915527344,45.67267990112305,24300
2021-05-14,48.87900161743164,49.11000061035156,48.01599884033203,49.060001373291016,45.45954895019531,40000
2021-05-17,49.290000915527344,49.290000915527344,48.13600158691406,48.970001220703125,45.376163482666016,43300
2021-05-18,48.880001068115234,49.540000915527344,48.0099983215332,49.040000915527344,45.4410285949707,27500
2021-05-19,48.45000076293945,49.61000061035156,48.08000183105469,49.099998474121094,45.49662399291992,27900
2021-05-20,48.939998626708984,49.939998626708984,48.939998626708984,49.5099983215332,45.876529693603516,24600
2021-05-21,49.93000030517578,51.380001068115234,49.84000015258789,50.720001220703125,46.99773406982422,41400
2021-05-24,51.060001373291016,51.29999923706055,49.06999969482422,49.79999923706055,46.14524841308594,62000
2021-05-25,49.79999923706055,50.66999816894531,49.540000915527344,49.7400016784668,46.08964920043945,48700
2021-05-26,50.15999984741211,50.81999969482422,48.2599983215332,50.04999923706055,46.37689971923828,25000
2021-05-27,50.20000076293945,50.939998626708984,49.11000061035156,49.209999084472656,45.598548889160156,94000
2021-05-28,49.33000183105469,49.75,47.720001220703125,47.83000183105469,44.319828033447266,31700
2021-06-01,47.79999923706055,48.810001373291016,47.15999984741211,48.689998626708984,45.11671447753906,45400
2021-06-02,48.369998931884766,48.494998931884766,47.0,47.61000061035156,44.115966796875,38200
2021-06-03,47.400001525878906,48.165000915527344,47.060001373291016,47.95000076293945,44.4310188293457,48500
2021-06-04,47.900001525878906,48.90999984741211,47.900001525878906,48.779998779296875,45.20010757446289,46200
2021-06-07,48.66999816894531,48.84000015258789,46.61000061035156,46.79999923706055,43.365413665771484,57100
2021-06-08,46.95000076293945,47.0099983215332,45.584999084472656,45.689998626708984,42.33687210083008,50200
2021-06-09,45.70000076293945,45.79999923706055,44.63999938964844,44.86000061035156,41.56779479980469,27300
2021-06-10,45.060001373291016,45.119998931884766,44.15999984741211,44.16999816894531,40.92842102050781,20700
2021-06-11,44.34000015258789,44.790000915527344,43.66999816894531,44.38999938964844,41.13227844238281,48700
2021-06-14,44.72999954223633,44.95000076293945,44.02000045776367,44.25,41.0025520324707,51400
2021-06-15,44.400001525878906,45.209999084472656,44.27000045776367,44.93000030517578,41.632652282714844,26100
2021-06-16,45.02000045776367,45.40999984741211,44.1349983215332,44.25,41.0025520324707,57500
2021-06-17,44.31999969482422,44.76499938964844,44.09000015258789,44.56999969482422,41.299068450927734,49700
2021-06-18,43.90999984741211,44.279998779296875,43.43000030517578,43.540000915527344,40.34465408325195,86300
2021-06-21,43.599998474121094,44.59000015258789,43.599998474121094,44.40999984741211,41.150821685791016,56800
2021-06-22,44.279998779296875,45.09000015258789,44.0099983215332,45.0099983215332,41.706783294677734,56900
2021-06-23,44.65999984741211,45.220001220703125,44.29999923706055,44.599998474121094,41.32686233520508,29300
2021-06-24,44.29499816894531,45.4900016784668,44.099998474121094,45.4900016784668,42.15156173706055,35100
2021-06-25,45.33000183105469,47.060001373291016,45.029998779296875,46.220001220703125,42.8279914855957,99900
2021-06-28,46.369998931884766,47.0099983215332,46.10300064086914,46.939998626708984,43.49513626098633,30800
2021-06-29,46.77000045776367,46.904998779296875,46.09000015258789,46.31999969482422,43.03065490722656,21200
2021-06-30,46.150001525878906,46.68000030517578,45.75,45.900001525878906,42.640472412109375,33300
2021-07-01,45.900001525878906,47.8650016784668,45.900001525878906,47.5099983215332,44.136138916015625,29600
2021-07-02,47.5099983215332,48.290000915527344,46.560001373291016,47.029998779296875,43.690223693847656,14400
2021-07-06,46.86000061035156,47.4900016784668,46.584999084472656,47.369998931884766,44.006080627441406,15800
2021-07-07,47.439998626708984,48.0,46.638999938964844,47.189998626708984,43.8388671875,35900
2021-07-08,46.810001373291016,47.540000915527344,46.7400016784668,47.25,43.89460372924805,39600
2021-07-09,47.5099983215332,48.119998931884766,47.41999816894531,47.88999938964844,44.48915481567383,18200
2021-07-12,47.619998931884766,48.65999984741211,47.619998931884766,48.56999969482422,45.12086486816406,20500
2021-07-13,48.15999984741211,49.65999984741211,48.15999984741211,48.81999969482422,45.353111267089844,18900
2021-07-14,48.790000915527344,49.75,48.790000915527344,49.630001068115234,46.10559844970703,21900
2021-07-15,49.630001068115234,49.90999984741211,49.25,49.75,46.217071533203125,20900
2021-07-16,50.0,51.0,49.810001373291016,50.61000061035156,47.01599884033203,38400
2021-07-19,50.0,50.72999954223633,49.59600067138672,50.0099983215332,46.45860290527344,37900
2021-07-20,50.0,51.52000045776367,49.40999984741211,51.11000061035156,47.480491638183594,65100
2021-07-21,51.439998626708984,51.90599822998047,50.61000061035156,51.400001525878906,47.749900817871094,26300
2021-07-22,51.4900016784668,51.97999954223633,50.66999816894531,51.04999923706055,47.42475509643555,27800
2021-07-23,51.2400016784668,52.4900016784668,50.58000183105469,52.25,48.53953170776367,20600
2021-07-26,52.33000183105469,52.8120002746582,51.31999969482422,52.04999923706055,48.35373306274414,21900
2021-07-27,52.755001068115234,52.755001068115234,51.77000045776367,52.2599983215332,48.548828125,25600
2021-07-28,52.88999938964844,52.88999938964844,50.939998626708984,51.779998779296875,48.10291290283203,18900
2021-07-29,51.90999984741211,52.959999084472656,51.595001220703125,52.54999923706055,48.8182258605957,21300
2021-07-30,52.33000183105469,52.95000076293945,52.22999954223633,52.779998779296875,49.03189468383789,13100
2021-08-02,52.68000030517578,53.5,52.119998931884766,53.40999984741211,49.61716079711914,34700
2021-08-03,53.2400016784668,53.54999923706055,53.02000045776367,53.5099983215332,49.710060119628906,25200
2021-08-04,53.029998779296875,53.45000076293945,52.439998626708984,52.959999084472656,49.19911575317383,24800
2021-08-05,53.02000045776367,53.68000030517578,52.5,53.16999816894531,49.394203186035156,20800
2021-08-06,53.22999954223633,53.630001068115234,52.516998291015625,53.31999969482422,49.53355407714844,16600
2021-08-09,53.38999938964844,53.5,52.88999938964844,52.88999938964844,49.13408660888672,13800
2021-08-10,53.119998931884766,53.81999969482422,52.915000915527344,53.81999969482422,49.998046875,25600
2021-08-11,53.63999938964844,54.0,52.439998626708984,53.040000915527344,49.27342987060547,23600
2021-08-12,52.9900016784668,52.9900016784668,51.7400016784668,52.0099983215332,48.31657028198242,22300
2021-08-13,52.85499954223633,52.85499954223633,52.0,52.209999084472656,48.50237274169922,12100
2021-08-16,52.31999969482422,53.209999084472656,52.09000015258789,52.83000183105469,49.078346252441406,10400
2021-08-17,52.439998626708984,53.22999954223633,52.2599983215332,52.45000076293945,48.72533416748047,14000
2021-08-18,52.540000915527344,52.880001068115234,51.970001220703125,52.31999969482422,48.60456085205078,15800
2021-08-19,52.29999923706055,52.83000183105469,51.18000030517578,52.68000030517578,48.93899917602539,17000
2021-08-20,52.560001373291016,54.13999938964844,52.560001373291016,53.86000061035156,50.03520202636719,31600
2021-08-23,53.689998626708984,54.970001220703125,53.650001525878906,54.5,50.62975311279297,23300
2021-08-24,54.150001525878906,54.150001525878906,52.869998931884766,53.099998474121094,49.32917404174805,9500
2021-08-25,52.779998779296875,53.29999923706055,52.5,52.560001373291016,48.8275260925293,14000
2021-08-26,52.75,52.75,52.0,52.16999816894531,48.4652214050293,11500
2021-08-27,52.81999969482422,54.5,52.81999969482422,54.5,50.62975311279297,18700
2021-08-30,54.790000915527344,55.61000061035156,53.779998779296875,53.779998779296875,49.96088409423828,17600
2021-08-31,53.66999816894531,54.02000045776367,53.63999938964844,54.0,50.16526412963867,13900
2021-09-01,54.38999938964844,54.38999938964844,53.279998779296875,53.869998931884766,50.044490814208984,19200
2021-09-02,54.150001525878906,55.66999816894531,53.459999084472656,54.25,50.39751052856445,38000
2021-09-03,54.209999084472656,55.14500045776367,53.04999923706055,53.349998474121094,49.56142044067383,13500
2021-09-07,53.349998474121094,54.974998474121094,51.099998474121094,51.189998626708984,47.554813385009766,17000
2021-09-08,51.25,53.05699920654297,50.33000183105469,50.95000076293945,47.33185958862305,26900
2021-09-09,50.650001525878906,51.0,49.689998626708984,49.689998626708984,46.16132354736328,20600
2021-09-10,50.09000015258789,50.36000061035156,48.334999084472656,48.9900016784668,45.511043548583984,23400
2021-09-13,49.13999938964844,50.25,48.06999969482422,48.06999969482422,44.656375885009766,16200
2021-09-14,48.02000045776367,48.32699966430664,47.060001373291016,47.459999084472656,44.089691162109375,23600
2021-09-15,47.41999816894531,49.154998779296875,46.38999938964844,47.75,44.35909652709961,45900
2021-09-16,47.83000183105469,48.619998931884766,47.29999923706055,47.959999084472656,44.5541877746582,12800
2021-09-17,48.040000915527344,48.130001068115234,46.720001220703125,47.83000183105469,44.433414459228516,96800
2021-09-20,46.959999084472656,47.45000076293945,45.81999969482422,46.290000915527344,43.002769470214844,25300
2021-09-21,46.540000915527344,47.189998626708984,46.29999923706055,46.529998779296875,43.225738525390625,19400
2021-09-22,46.709999084472656,46.7140007019043,45.86000061035156,45.88999938964844,42.63117980957031,11000
2021-09-23,46.04999923706055,46.470001220703125,45.5,45.779998779296875,42.52899169921875,15700
2021-09-24,45.349998474121094,45.630001068115234,44.7400016784668,45.15999984741211,41.953025817871094,25300
2021-09-27,45.79899978637695,45.79899978637695,44.34000015258789,44.689998626708984,41.51639938354492,25200
2021-09-28,44.689998626708984,44.689998626708984,43.34000015258789,43.66999816894531,40.56883239746094,22500
2021-09-29,43.7599983215332,43.7599983215332,42.84000015258789,43.18000030517578,40.224159240722656,23300
2021-09-30,43.29999923706055,43.29999923706055,42.16999816894531,42.16999816894531,39.28329849243164,17500
2021-10-01,42.369998931884766,42.869998931884766,41.185001373291016,42.599998474121094,39.68385696411133,21200
2021-10-04,42.45000076293945,43.130001068115234,41.63999938964844,42.150001525878906,39.26467514038086,24000
2021-10-05,42.689998626708984,44.284000396728516,42.415000915527344,42.93000030517578,39.99127960205078,13900
2021-10-06,42.650001525878906,42.650001525878906,41.5,41.619998931884766,38.77094650268555,12300
2021-10-07,41.810001373291016,42.900001525878906,41.810001373291016,42.40999984741211,39.50687026977539,35100
2021-10-08,42.13399887084961,43.33000183105469,42.13399887084961,42.7400016784668,39.81428146362305,19600
2021-10-11,42.61000061035156,43.720001220703125,42.47999954223633,43.5,40.52225875854492,16600
2021-10-12,43.91999816894531,44.599998474121094,43.849998474121094,44.150001525878906,41.12776184082031,22000
2021-10-13,44.25,44.56999969482422,43.19499969482422,43.40999984741211,40.43841552734375,15400
2021-10-14,43.709999084472656,43.709999084472656,42.93000030517578,43.5,40.52225875854492,14200
2021-10-15,43.9900016784668,44.33700180053711,42.880001068115234,42.880001068115234,39.944698333740234,33100
2021-10-18,42.939998626708984,43.61000061035156,42.54999923706055,42.65999984741211,39.73976135253906,9500
2021-10-19,42.61000061035156,43.40999984741211,42.61000061035156,43.40999984741211,40.43841552734375,8200
2021-10-20,43.25,43.849998474121094,43.25,43.81999969482422,40.820350646972656,5800
2021-10-21,43.709999084472656,44.220001220703125,43.45000076293945,43.599998474121094,40.61540985107422,8000
2021-10-22,43.540000915527344,43.599998474121094,43.08000183105469,43.31999969482422,40.35457229614258,7700
2021-10-25,43.369998931884766,43.79999923706055,43.0,43.56999969482422,40.587467193603516,9700
2021-10-26,43.7599983215332,44.849998474121094,43.5099983215332,44.15999984741211,41.1370849609375,17100
2021-10-27,43.959999084472656,44.189998626708984,42.75,42.75,39.82360076904297,13300
2021-10-28,43.45000076293945,43.689998626708984,42.849998474121094,43.209999084472656,40.25210952758789,9600
2021-10-29,42.86000061035156,43.529998779296875,42.86000061035156,43.29999923706055,40.33594512939453,11700
2021-11-01,43.630001068115234,46.08000183105469,43.630001068115234,45.91999816894531,42.776588439941406,27800
2021-11-02,46.119998931884766,47.33000183105469,44.757999420166016,47.18000030517578,43.950347900390625,25600
2021-11-03,46.880001068115234,52.36000061035156,46.880001068115234,48.9900016784668,45.636451721191406,113200
2021-11-04,49.4900016784668,51.970001220703125,47.369998931884766,48.29999923706055,44.99367904663086,26600
2021-11-05,48.630001068115234,49.900001525878906,47.65999984741211,49.0,45.64575958251953,41300
2021-11-08,49.025001525878906,49.305999755859375,48.104000091552734,48.52000045776367,45.19861602783203,21700
2021-11-09,48.43000030517578,49.150001525878906,47.154998779296875,48.720001220703125,45.38492965698242,26600
2021-11-10,48.70000076293945,49.29999923706055,48.349998474121094,48.349998474121094,45.040252685546875,23000
2021-11-11,48.63999938964844,49.202999114990234,48.167999267578125,48.5,45.17998504638672,13900
2021-11-12,47.51499938964844,48.54999923706055,47.51499938964844,47.71500015258789,44.448726654052734,20700
2021-11-15,47.93000030517578,47.93000030517578,46.20000076293945,46.40999984741211,43.233055114746094,23000
2021-11-16,46.2599983215332,46.900001525878906,45.81999969482422,45.880001068115234,42.73933792114258,21400
2021-11-17,45.95000076293945,45.95000076293945,44.75,45.20000076293945,42.10588455200195,27300
2021-11-18,44.369998931884766,44.709999084472656,43.064998626708984,44.15999984741211,41.1370849609375,39300
2021-11-19,43.709999084472656,43.83000183105469,42.41999816894531,42.540000915527344,39.62797164916992,29500
2021-11-22,42.880001068115234,43.415000915527344,41.720001220703125,41.720001220703125,38.86410903930664,41000
2021-11-23,43.20500183105469,43.20500183105469,40.80500030517578,42.41999816894531,39.51618194580078,31300
2021-11-24,41.880001068115234,43.310001373291016,41.880001068115234,43.11000061035156,40.15895462036133,36100
2021-11-26,42.369998931884766,42.395999908447266,41.150001525878906,41.22999954223633,38.40764236450195,31600
2021-11-29,41.459999084472656,41.89500045776367,40.630001068115234,40.650001525878906,37.867347717285156,41100
2021-11-30,40.25,40.54999923706055,39.27000045776367,40.04999923706055,37.30842208862305,100200
2021-12-01,40.77000045776367,42.849998474121094,40.77000045776367,41.83000183105469,38.96656799316406,89600
2021-12-02,42.53499984741211,42.53499984741211,41.619998931884766,42.20000076293945,39.311248779296875,34700
2021-12-03,42.29399871826172,42.880001068115234,41.68000030517578,42.0,39.124935150146484,190000
2021-12-06,42.54999923706055,43.4900016784668,42.54999923706055,42.9900016784668,40.04716873168945,53100
2021-12-07,43.380001068115234,44.04999923706055,42.79999923706055,43.06999969482422,40.12168884277344,45000
2021-12-08,43.02000045776367,43.6150016784668,41.52000045776367,41.63999938964844,38.78957748413086,45100
2021-12-09,41.43000030517578,42.13999938964844,41.43000030517578,41.77000045776367,38.910682678222656,51900
2021-12-10,42.20000076293945,43.494998931884766,41.720001220703125,42.41999816894531,39.51618194580078,115100
2021-12-13,42.58000183105469,43.689998626708984,42.01499938964844,42.54999923706055,39.63728332519531,79700
2021-12-14,42.31999969482422,42.95000076293945,41.560001373291016,41.689998626708984,38.836151123046875,73700
2021-12-15,41.650001525878906,42.470001220703125,41.577999114990234,42.31999969482422,39.42302703857422,52500
2021-12-16,42.7599983215332,42.8849983215332,41.849998474121094,42.22999954223633,39.339195251464844,50200
2021-12-17,42.41999816894531,42.83000183105469,41.540000915527344,42.06999969482422,39.19015121459961,158700
2021-12-20,41.72999954223633,41.76100158691406,40.084999084472656,40.70000076293945,37.9139289855957,55300
2021-12-21,41.02000045776367,41.27000045776367,39.66999816894531,40.06999969482422,37.327064514160156,54700
2021-12-22,40.18000030517578,40.61000061035156,39.814998626708984,40.5099983215332,37.736934661865234,58400
2021-12-23,40.810001373291016,41.689998626708984,40.630001068115234,41.5099983215332,38.66847610473633,40800
2021-12-27,41.79999923706055,42.560001373291016,41.60499954223633,42.5,39.5907096862793,21800
2021-12-28,42.400001525878906,42.959999084472656,42.15999984741211,42.43000030517578,39.525508880615234,31500
2021-12-29,42.5,43.224998474121094,41.959999084472656,42.16999816894531,39.39471435546875,21000
2021-12-30,42.04999923706055,42.4900016784668,41.66999816894531,41.880001068115234,39.123802185058594,15300
2021-12-31,42.040000915527344,42.18000030517578,41.2599983215332,41.52000045776367,38.78749084472656,35000
2022-01-03,42.05500030517578,42.5,41.59000015258789,42.25,39.469451904296875,45900
2022-01-04,42.560001373291016,42.95500183105469,41.59000015258789,41.66999816894531,38.92762756347656,26500
2022-01-05,41.59000015258789,42.119998931884766,41.53499984741211,41.540000915527344,38.806175231933594,50500
2022-01-06,41.58000183105469,42.459999084472656,41.290000915527344,41.310001373291016,38.591312408447266,33100
2022-01-07,41.27000045776367,42.34000015258789,40.75,40.7599983215332,38.0775032043457,43800
2022-01-10,40.79999923706055,41.0,40.27000045776367,40.83000183105469,38.14290237426758,35000
2022-01-11,40.72999954223633,40.72999954223633,39.7599983215332,39.880001068115234,37.25542449951172,19800
2022-01-12,40.060001373291016,40.060001373291016,38.63999938964844,38.66999816894531,36.125057220458984,43300
2022-01-13,38.709999084472656,39.21500015258789,38.409000396728516,38.65999984741211,36.1157112121582,27100
2022-01-14,38.380001068115234,38.380001068115234,37.599998474121094,38.209999084472656,35.69533157348633,19900
2022-01-18,37.83000183105469,38.09000015258789,36.77000045776367,37.540000915527344,35.069419860839844,68100
2022-01-19,37.790000915527344,37.880001068115234,36.94499969482422,37.63999938964844,35.162837982177734,58200
2022-01-20,37.88999938964844,38.61899948120117,37.52000045776367,37.77000045776367,35.28428649902344,61200
2022-01-21,37.7599983215332,40.834999084472656,37.470001220703125,38.880001068115234,36.32124328613281,60900
2022-01-24,38.81999969482422,40.689998626708984,38.540000915527344,40.58000183105469,37.909358978271484,63500
2022-01-25,40.130001068115234,40.599998474121094,38.500999450683594,39.099998474121094,36.526756286621094,85400
2022-01-26,39.099998474121094,40.0099983215332,37.40999984741211,37.88999938964844,35.396385192871094,66400
2022-01-27,38.040000915527344,40.58000183105469,37.82500076293945,39.20000076293945,36.620182037353516,75300
2022-01-28,38.95000076293945,39.7599983215332,38.5099983215332,39.7599983215332,37.14332580566406,46700
2022-01-31,39.459999084472656,41.689998626708984,39.400001525878906,41.599998474121094,38.86223602294922,79000
2022-02-01,41.36000061035156,41.380001068115234,38.900001525878906,39.15999984741211,36.58280563354492,72800
2022-02-02,39.40999984741211,40.65999984741211,39.40999984741211,39.650001525878906,37.04056930541992,99700
2022-02-03,39.650001525878906,39.84000015258789,38.78499984741211,39.45000076293945,36.853721618652344,92300
2022-02-04,39.58000183105469,40.61000061035156,39.25,40.04999923706055,37.41423797607422,82100
2022-02-07,40.0,40.63199996948242,39.439998626708984,39.650001525878906,37.04056930541992,26200
2022-02-08,39.650001525878906,39.939998626708984,39.54999923706055,39.900001525878906,37.27410888671875,32900
2022-02-09,39.882999420166016,40.45500183105469,38.849998474121094,39.04999923706055,36.48005294799805,79800
2022-02-10,39.494998931884766,39.494998931884766,36.29999923706055,37.029998779296875,34.59299087524414,66700
2022-02-11,36.9900016784668,38.2400016784668,36.9900016784668,37.849998474121094,35.3590202331543,68300
2022-02-14,38.119998931884766,38.90999984741211,37.720001220703125,38.119998931884766,35.61125183105469,45700
2022-02-15,38.59000015258789,40.36000061035156,38.33000183105469,40.13999938964844,37.498313903808594,67200
2022-02-16,40.36000061035156,40.36000061035156,39.470001220703125,40.2400016784668,37.59172439575195,47100
2022-02-17,40.0099983215332,40.077999114990234,39.529998779296875,39.56999969482422,36.9658317565918,29000
2022-02-18,39.689998626708984,39.90999984741211,38.88999938964844,39.150001525878906,36.57347106933594,50800
2022-02-22,39.0,40.04999923706055,38.650001525878906,39.540000915527344,36.937808990478516,53300
2022-02-23,39.900001525878906,39.95500183105469,39.2400016784668,39.459999084472656,36.863059997558594,30600
2022-02-24,38.86000061035156,40.630001068115234,38.86000061035156,40.5,37.83462142944336,42000
2022-02-25,40.66999816894531,41.9900016784668,40.529998779296875,41.95000076293945,39.18918991088867,33000
2022-02-28,41.4900016784668,41.5,38.720001220703125,39.779998779296875,37.16200637817383,104500
2022-03-01,39.540000915527344,39.849998474121094,38.97999954223633,39.040000915527344,36.4707145690918,30700
2022-03-02,39.209999084472656,39.689998626708984,39.10499954223633,39.18000030517578,36.60149383544922,24700
2022-03-03,39.40999984741211,39.65999984741211,38.13999938964844,38.27000045776367,35.751380920410156,24800
2022-03-04,37.88999938964844,37.88999938964844,36.83000183105469,37.130001068115234,34.686405181884766,28400
2022-03-07,36.939998626708984,36.9900016784668,36.290000915527344,36.33000183105469,33.93906021118164,37000
2022-03-08,36.650001525878906,38.47999954223633,36.41999816894531,37.689998626708984,35.20954895019531,246000
2022-03-09,38.40999984741211,38.83000183105469,37.880001068115234,38.41999816894531,35.89150619506836,35900
2022-03-10,37.93000030517578,38.11000061035156,37.54499816894531,37.790000915527344,35.3029670715332,30300
2022-03-11,37.86000061035156,38.20000076293945,36.790000915527344,36.900001525878906,34.47154235839844,32000
2022-03-14,37.189998626708984,37.459999084472656,36.4900016784668,36.56999969482422,34.163265228271484,32900
2022-03-15,36.630001068115234,37.369998931884766,36.49700164794922,37.189998626708984,34.742462158203125,37900
2022-03-16,37.130001068115234,38.375,36.99399948120117,38.31999969482422,35.798091888427734,25700
2022-03-17,37.939998626708984,39.220001220703125,37.939998626708984,38.959999084472656,36.395965576171875,19900
2022-03-18,38.939998626708984,40.2599983215332,38.43000030517578,40.16999816894531,37.526336669921875,85300
2022-03-21,40.099998474121094,40.29999923706055,39.119998931884766,39.310001373291016,36.72293472290039,38900
2022-03-22,39.689998626708984,40.130001068115234,39.5,39.869998931884766,37.2460823059082,26900
2022-03-23,39.5,39.5,38.599998474121094,38.599998474121094,36.05965805053711,19700
2022-03-24,38.599998474121094,38.709999084472656,38.025001525878906,38.38999938964844,35.86347961425781,30500
2022-03-25,38.68000030517578,38.68000030517578,38.150001525878906,38.22999954223633,35.714012145996094,21500
2022-03-28,38.119998931884766,38.810001373291016,38.119998931884766,38.54999923706055,36.01295852661133,23600
2022-03-29,38.900001525878906,39.93000030517578,38.599998474121094,39.7400016784668,37.1246337890625,29200
2022-03-30,39.349998474121094,39.619998931884766,38.77399826049805,38.86000061035156,36.52312088012695,18500
2022-03-31,38.939998626708984,39.869998931884766,38.720001220703125,39.650001525878906,37.265621185302734,32800
2022-04-01,39.66999816894531,40.15999984741211,39.43000030517578,39.95000076293945,37.54758071899414,33000
2022-04-04,40.34000015258789,40.38999938964844,39.7400016784668,40.06999969482422,37.66036605834961,23400
2022-04-05,40.33000183105469,40.64400100708008,40.119998931884766,40.15999984741211,37.74494552612305,26500
2022-04-06,39.810001373291016,41.15999984741211,39.810001373291016,40.900001525878906,38.440452575683594,45000
2022-04-07,40.939998626708984,41.27000045776367,40.029998779296875,40.189998626708984,37.77313995361328,24000
2022-04-08,41.470001220703125,41.470001220703125,39.439998626708984,39.599998474121094,37.218624114990234,31800
2022-04-11,39.2599983215332,39.63399887084961,39.220001220703125,39.369998931884766,37.00245666503906,22700
2022-04-12,39.7400016784668,40.189998626708984,39.599998474121094,39.779998779296875,37.38780975341797,24100
2022-04-13,39.63999938964844,39.9900016784668,39.2400016784668,39.36000061035156,36.99305725097656,23600
2022-04-14,39.540000915527344,39.540000915527344,38.86000061035156,38.970001220703125,36.62651443481445,20400
2022-04-18,39.16999816894531,39.70800018310547,38.65999984741211,39.099998474121094,36.74869155883789,23300
2022-04-19,39.310001373291016,40.25400161743164,39.310001373291016,39.689998626708984,37.30320739746094,20300
2022-04-20,40.11000061035156,40.40999984741211,39.630001068115234,39.720001220703125,37.33141326904297,19500
2022-04-21,39.90999984741211,39.90999984741211,38.130001068115234,38.290000915527344,35.987403869628906,26900
2022-04-22,38.0,38.16999816894531,37.16999816894531,37.369998931884766,35.12273025512695,17400
2022-04-25,37.33000183105469,37.33000183105469,36.59000015258789,37.2599983215332,35.019344329833984,17200
2022-04-26,36.869998931884766,36.869998931884766,35.790000915527344,36.0,33.83510971069336,28500
2022-04-27,36.0,36.29999923706055,35.02000045776367,35.06999969482422,32.961036682128906,31300
2022-04-28,35.529998779296875,35.529998779296875,34.47999954223633,35.33000183105469,33.205406188964844,22400
2022-04-29,34.584999084472656,34.970001220703125,34.0099983215332,34.29999923706055,32.23733901977539,27700
2022-05-02,34.119998931884766,35.25,34.08000183105469,34.54999923706055,32.47230911254883,36900
2022-05-03,34.560001373291016,34.619998931884766,33.5099983215332,33.720001220703125,31.692222595214844,33400
2022-05-04,33.70000076293945,33.7599983215332,32.0099983215332,32.720001220703125,30.752357482910156,40100
2022-05-05,32.25,32.810001373291016,30.93000030517578,31.8700008392334,29.953474044799805,31200
2022-05-06,31.559999465942383,33.792999267578125,31.31999969482422,33.31999969482422,31.31627655029297,66200
2022-05-09,33.13999938964844,33.314998626708984,32.15599822998047,33.18000030517578,31.184696197509766,52500
2022-05-10,33.38999938964844,33.779998779296875,32.3120002746582,33.18000030517578,31.184696197509766,30900
2022-05-11,33.099998474121094,33.70000076293945,32.448001861572266,32.47999954223633,30.526790618896484,33200
2022-05-12,32.41999816894531,33.060001373291016,32.029998779296875,32.90999984741211,30.930932998657227,39200
2022-05-13,33.11000061035156,34.06999969482422,32.641998291015625,33.41999816894531,31.410261154174805,30200
2022-05-16,33.13999938964844,33.89500045776367,32.91999816894531,33.22999954223633,31.231689453125,33900
2022-05-17,33.31999969482422,33.72999954223633,33.26599884033203,33.470001220703125,31.457256317138672,22600
2022-05-18,33.09000015258789,33.59000015258789,32.279998779296875,32.459999084472656,30.507991790771484,27700
2022-05-19,32.150001525878906,32.880001068115234,31.770000457763672,31.93000030517578,30.00986671447754,32300
2022-05-20,32.34000015258789,32.65999984741211,31.670000076293945,32.560001373291016,30.601980209350586,31400
2022-05-23,33.040000915527344,33.38999938964844,32.525001525878906,32.689998626708984,30.724163055419922,52500
2022-05-24,32.63999938964844,33.06999969482422,32.0,33.0099983215332,31.024921417236328,68200
2022-05-25,33.040000915527344,33.290000915527344,32.45000076293945,32.45000076293945,30.498592376708984,36800
2022-05-26,32.80500030517578,34.279998779296875,32.61000061035156,33.939998626708984,31.89900016784668,49100
2022-05-27,33.47800064086914,35.31999969482422,33.47800064086914,34.7599983215332,32.669681549072266,36100
2022-05-31,34.75,36.2599983215332,34.402000427246094,35.88999938964844,33.73173141479492,128700
2022-06-01,35.79999923706055,36.8849983215332,35.34000015258789,35.369998931884766,33.24299621582031,50800
2022-06-02,35.59000015258789,36.3650016784668,34.849998474121094,36.290000915527344,34.1076774597168,38500
2022-06-03,35.939998626708984,36.459999084472656,35.66999816894531,36.2400016784668,34.06068420410156,34000
2022-06-06,36.380001068115234,37.31999969482422,36.209999084472656,36.91999816894531,34.69978713989258,37800
2022-06-07,36.72999954223633,36.904998779296875,34.90999984741211,35.11000061035156,32.998634338378906,47000
2022-06-08,34.970001220703125,37.369998931884766,34.560001373291016,36.790000915527344,34.577606201171875,58200
2022-06-09,36.709999084472656,37.737998962402344,35.099998474121094,35.099998474121094,32.98923873901367,279700
2022-06-10,34.709999084472656,36.93000030517578,34.50299835205078,36.619998931884766,34.41783142089844,41000
2022-06-13,35.91999816894531,36.650001525878906,35.316001892089844,36.130001068115234,33.95729064941406,46100
2022-06-14,36.31999969482422,36.31999969482422,34.369998931884766,34.630001068115234,32.54750061035156,58700
2022-06-15,34.97999954223633,36.54999923706055,34.888999938964844,36.119998931884766,33.947898864746094,47200
2022-06-16,35.86000061035156,35.939998626708984,35.22999954223633,35.540000915527344,33.402774810791016,50500
2022-06-17,35.689998626708984,36.63999938964844,35.689998626708984,36.38999938964844,34.20166015625,85100
2022-06-21,36.880001068115234,37.3380012512207,36.0880012512207,36.86000061035156,34.643394470214844,59200
2022-06-22,36.56999969482422,37.779998779296875,36.505001068115234,37.02000045776367,34.79377365112305,38700
2022-06-23,36.97999954223633,38.34000015258789,36.869998931884766,38.34000015258789,36.03439712524414,24400
2022-06-24,38.27000045776367,39.060001373291016,37.560001373291016,38.900001525878906,36.56071853637695,90300
2022-06-27,39.189998626708984,40.0,38.959999084472656,39.54999923706055,37.171634674072266,43100
2022-06-28,39.560001373291016,40.20000076293945,39.11000061035156,39.349998474121094,36.98365783691406,34400
2022-06-29,39.40999984741211,39.40999984741211,37.810001373291016,38.36000061035156,36.274436950683594,37900
2022-06-30,37.880001068115234,38.38999938964844,37.63999938964844,38.279998779296875,36.198787689208984,30900
2022-07-01,37.9900016784668,38.959999084472656,37.13999938964844,38.86000061035156,36.74724578857422,22200
2022-07-05,38.349998474121094,38.79999923706055,38.04999923706055,38.61000061035156,36.510841369628906,27300
2022-07-06,38.439998626708984,39.0099983215332,37.150001525878906,37.25,35.22477722167969,48900
2022-07-07,37.529998779296875,37.72999954223633,36.5099983215332,37.2599983215332,35.2342414855957,77900
2022-07-08,37.060001373291016,38.0099983215332,37.060001373291016,37.61000061035156,35.56521224975586,26500
2022-07-11,37.41999816894531,37.779998779296875,36.93299865722656,36.9900016784668,34.978919982910156,26100
2022-07-12,36.97999954223633,36.97999954223633,36.189998626708984,36.47999954223633,34.49664306640625,17500
2022-07-13,36.130001068115234,36.55500030517578,35.900001525878906,36.29999923706055,34.32643127441406,21200
2022-07-14,35.959999084472656,36.16999816894531,35.45000076293945,36.119998931884766,34.156219482421875,19200
2022-07-15,36.52000045776367,37.44499969482422,36.13999938964844,37.33000183105469,35.30043029785156,38600
2022-07-18,37.77899932861328,37.779998779296875,36.41999816894531,36.63999938964844,34.647945404052734,22200
2022-07-19,36.900001525878906,37.7599983215332,36.900001525878906,37.5099983215332,35.47065353393555,18700
2022-07-20,37.470001220703125,38.34000015258789,37.060001373291016,37.849998474121094,35.79216384887695,29200
2022-07-21,37.86000061035156,38.33000183105469,37.5,38.33000183105469,36.246070861816406,26000
2022-07-22,38.22999954223633,38.59000015258789,37.61000061035156,37.709999084472656,35.65977478027344,22000
2022-07-25,37.63999938964844,38.67499923706055,37.540000915527344,38.2599983215332,36.17987060546875,19400
2022-07-26,37.209999084472656,38.95000076293945,37.209999084472656,38.7400016784668,36.6337776184082,19700
2022-07-27,38.869998931884766,39.2599983215332,38.36000061035156,38.7400016784668,36.6337776184082,31500
2022-07-28,38.68000030517578,38.970001220703125,38.189998626708984,38.25,36.17041778564453,19000
2022-07-29,38.459999084472656,38.4640007019043,37.599998474121094,37.900001525878906,35.839447021484375,21900
2022-08-01,37.95000076293945,38.880001068115234,35.900001525878906,38.709999084472656,36.605403900146484,49800
2022-08-02,38.97999954223633,39.380001068115234,38.198001861572266,38.5,36.406822204589844,21000
2022-08-03,38.400001525878906,38.5,37.130001068115234,37.13999938964844,35.120765686035156,25600
2022-08-04,37.0,37.0,35.630001068115234,35.630001068115234,33.6928596496582,24500
2022-08-05,35.93000030517578,36.43000030517578,35.619998931884766,35.83000183105469,33.88198471069336,13700
2022-08-08,35.90999984741211,36.54999923706055,35.47999954223633,35.869998931884766,33.9198112487793,25700
2022-08-09,36.025001525878906,36.029998779296875,34.41999816894531,34.540000915527344,32.66212463378906,16200
2022-08-10,34.959999084472656,35.60499954223633,34.959999084472656,35.5,33.56992721557617,12100
2022-08-11,35.439998626708984,36.415000915527344,35.27000045776367,35.43000030517578,33.503726959228516,21900
2022-08-12,35.150001525878906,36.08000183105469,34.63999938964844,36.040000915527344,34.080570220947266,21100
2022-08-15,36.0,36.31999969482422,35.83000183105469,36.220001220703125,34.25078201293945,51100
2022-08-16,35.7599983215332,36.4900016784668,35.54999923706055,36.13999938964844,34.17512512207031,30100
2022-08-17,35.9900016784668,36.34000015258789,35.65999984741211,35.88999938964844,33.93872833251953,18100
2022-08-18,35.79999923706055,36.43000030517578,35.13999938964844,36.150001525878906,34.18458938598633,28300
2022-08-19,35.72999954223633,36.59000015258789,35.558998107910156,36.20000076293945,34.231868743896484,29000
2022-08-22,36.06999969482422,36.06999969482422,35.15999984741211,35.65999984741211,33.72123336791992,27400
2022-08-23,35.65999984741211,36.209999084472656,34.98500061035156,35.43000030517578,33.503726959228516,23300
2022-08-24,35.09000015258789,35.900001525878906,34.970001220703125,35.11000061035156,33.20112991333008,21000
2022-08-25,35.15999984741211,35.2599983215332,34.70500183105469,35.029998779296875,33.1254768371582,23600
2022-08-26,34.86000061035156,34.869998931884766,33.75,33.81999969482422,31.981260299682617,28700
2022-08-29,33.279998779296875,34.59000015258789,33.099998474121094,34.220001220703125,32.359519958496094,29100
2022-08-30,34.15999984741211,35.0,33.95800018310547,34.099998474121094,32.24604034423828,26000
2022-08-31,34.22999954223633,34.37900161743164,33.79999923706055,34.11000061035156,32.25550079345703,20500
2022-09-01,33.395999908447266,33.9900016784668,33.33000183105469,33.75,31.915069580078125,17000
2022-09-02,34.119998931884766,34.2400016784668,33.46500015258789,33.58000183105469,31.75431251525879,24000
2022-09-06,33.678001403808594,33.790000915527344,33.220001220703125,33.66999816894531,31.83942413330078,21800
2022-09-07,33.84000015258789,35.43000030517578,33.790000915527344,35.18000030517578,33.2673225402832,34800
2022-09-08,34.81999969482422,36.06999969482422,34.81999969482422,36.06999969482422,34.10894012451172,21100
2022-09-09,34.68000030517578,36.654998779296875,34.68000030517578,36.45000076293945,34.46827697753906,28800
2022-09-12,36.68000030517578,37.310001373291016,35.720001220703125,37.25,35.22477722167969,27200
2022-09-13,36.619998931884766,38.220001220703125,36.619998931884766,38.0,35.93400573730469,44400
2022-09-14,37.79999923706055,38.790000915527344,37.72999954223633,38.65999984741211,36.558128356933594,163000
2022-09-15,38.380001068115234,39.880001068115234,37.95199966430664,39.709999084472656,37.5510368347168,55000
2022-09-16,39.75,41.0,39.09000015258789,39.88999938964844,37.721248626708984,183700
2022-09-19,39.93000030517578,39.93000030517578,37.83000183105469,38.2599983215332,36.17987060546875,77300
2022-09-20,37.86000061035156,38.380001068115234,37.31100082397461,38.2599983215332,36.17987060546875,39200
2022-09-21,38.2599983215332,38.91999816894531,37.630001068115234,38.439998626708984,36.35008239746094,30600
2022-09-22,38.599998474121094,39.06999969482422,38.0,38.75,36.64323425292969,53700
2022-09-23,38.56999969482422,39.40999984741211,38.310001373291016,39.2400016784668,37.106597900390625,37100
2022-09-26,39.2400016784668,40.77000045776367,39.2400016784668,39.52000045776367,37.371360778808594,40300
2022-09-27,39.720001220703125,40.84000015258789,39.5,39.70000076293945,37.54158401489258,36100
2022-09-28,39.84000015258789,40.93000030517578,39.83000183105469,40.65999984741211,38.44938278198242,40700
2022-09-29,40.13999938964844,40.97999954223633,39.81399917602539,40.349998474121094,38.38279724121094,30500
2022-09-30,40.16999816894531,41.0,39.790000915527344,39.79999923706055,37.859615325927734,49200
2022-10-03,39.91999816894531,40.70500183105469,39.20000076293945,40.63999938964844,38.65866470336914,72600
2022-10-04,40.900001525878906,41.130001068115234,40.16999816894531,40.540000915527344,38.56353759765625,56800
2022-10-05,40.189998626708984,40.25,38.7599983215332,39.0099983215332,37.108131408691406,80200
2022-10-06,38.91999816894531,39.9900016784668,38.7400016784668,39.54999923706055,37.62179946899414,38800
2022-10-07,39.553001403808594,39.970001220703125,39.07500076293945,39.16999816894531,37.26033020019531,67900
2022-10-10,39.209999084472656,39.75699996948242,39.040000915527344,39.45000076293945,37.526676177978516,21400
2022-10-11,38.63999938964844,40.43000030517578,38.63999938964844,40.0099983215332,38.05937576293945,24400
2022-10-12,40.0,40.61000061035156,39.404998779296875,40.0099983215332,38.05937576293945,50800
2022-10-13,39.56999969482422,41.310001373291016,39.029998779296875,41.119998931884766,39.115264892578125,66600
2022-10-14,41.52000045776367,41.86000061035156,39.709999084472656,40.119998931884766,38.16401290893555,33600
2022-10-17,40.380001068115234,40.93000030517578,40.04999923706055,40.7400016784668,38.75379180908203,57300
2022-10-18,41.27000045776367,41.650001525878906,40.119998931884766,40.369998931884766,38.401824951171875,53300
2022-10-19,40.369998931884766,41.209999084472656,40.0099983215332,41.209999084472656,39.20086669921875,41400
2022-10-20,40.72999954223633,40.81999969482422,40.150001525878906,40.27000045776367,38.306705474853516,26300
2022-10-21,40.47999954223633,40.78499984741211,40.02000045776367,40.63999938964844,38.65866470336914,38100
2022-10-24,41.395999908447266,41.395999908447266,40.40999984741211,40.709999084472656,38.725250244140625,37000
2022-10-25,40.79999923706055,40.880001068115234,40.279998779296875,40.29999923706055,38.335235595703125,30300
2022-10-26,40.459999084472656,40.84000015258789,40.25,40.45000076293945,38.477928161621094,46700
2022-10-27,40.790000915527344,40.900001525878906,40.20000076293945,40.27000045776367,38.306705474853516,58600
2022-10-28,40.56999969482422,41.47999954223633,40.33000183105469,41.150001525878906,39.143795013427734,59400
2022-10-31,41.349998474121094,41.40599822998047,40.33000183105469,40.72999954223633,38.7442741394043,139400
2022-11-01,41.13999938964844,41.13999938964844,39.650001525878906,40.56999969482422,38.59207534790039,52300
2022-11-02,38.0,39.70000076293945,35.08000183105469,35.22999954223633,33.51241683959961,73700
2022-11-03,34.849998474121094,36.80500030517578,34.689998626708984,36.02000045776367,34.26390838623047,62400
2022-11-04,36.31999969482422,37.81999969482422,36.20000076293945,37.349998474121094,35.5290641784668,41100
2022-11-07,37.54999923706055,37.974998474121094,37.150001525878906,37.7400016784668,35.90005111694336,32000
2022-11-08,38.0099983215332,38.18000030517578,37.439998626708984,37.84000015258789,35.99517059326172,28200
2022-11-09,37.86000061035156,38.400001525878906,37.13999938964844,38.36000061035156,36.48982620239258,34700
2022-11-10,38.77000045776367,40.380001068115234,38.27000045776367,40.380001068115234,38.411338806152344,45800
2022-11-11,40.209999084472656,40.619998931884766,39.220001220703125,39.33000183105469,37.41252899169922,38600
2022-11-14,39.15999984741211,39.15999984741211,36.75,36.75,34.958309173583984,41500
2022-11-15,37.279998779296875,37.47999954223633,36.72999954223633,36.9900016784668,35.186614990234375,43000
2022-11-16,36.77000045776367,37.54999923706055,36.630001068115234,37.4900016784668,35.66223907470703,29800
2022-11-17,36.926998138427734,37.540000915527344,36.7599983215332,37.529998779296875,35.700279235839844,36700
2022-11-18,38.029998779296875,38.11899948120117,36.93000030517578,37.099998474121094,35.29125213623047,38700
2022-11-21,37.15999984741211,37.71500015258789,36.91999816894531,37.029998779296875,35.224666595458984,26200
2022-11-22,37.310001373291016,37.310001373291016,36.63999938964844,36.810001373291016,35.01538848876953,28000
2022-11-23,36.869998931884766,37.349998474121094,36.58000183105469,37.279998779296875,35.462467193603516,33400
2022-11-25,37.369998931884766,37.77000045776367,37.369998931884766,37.77000045776367,35.9285888671875,11400
2022-11-28,37.619998931884766,38.0,36.7400016784668,36.97999954223633,35.177101135253906,28400
2022-11-29,36.959999084472656,37.40999984741211,36.849998474121094,37.0,35.196128845214844,27800
2022-11-30,37.22999954223633,38.90999984741211,37.06999969482422,38.7400016784668,36.85129928588867,90500
2022-12-01,38.599998474121094,39.44499969482422,38.220001220703125,39.31999969482422,37.40301513671875,49900
2022-12-02,39.02000045776367,39.810001373291016,38.900001525878906,39.470001220703125,37.54570770263672,28100
2022-12-05,39.20000076293945,39.86000061035156,38.880001068115234,39.79999923706055,37.859615325927734,32200
2022-12-06,39.68000030517578,39.93000030517578,38.84000015258789,39.209999084472656,37.298377990722656,28300
2022-12-07,39.130001068115234,39.709999084472656,38.40999984741211,38.470001220703125,36.594459533691406,22600
2022-12-08,38.4900016784668,39.150001525878906,38.31999969482422,39.060001373291016,37.155696868896484,25100
2022-12-09,38.72999954223633,38.79999923706055,38.34000015258789,38.529998779296875,36.65153121948242,20700
2022-12-12,38.599998474121094,38.685001373291016,37.79999923706055,38.130001068115234,36.27103042602539,34600
2022-12-13,38.310001373291016,38.880001068115234,37.150001525878906,37.7400016784668,35.90005111694336,112400
2022-12-14,37.560001373291016,37.7400016784668,37.099998474121094,37.290000915527344,35.47199249267578,40200
2022-12-15,37.040000915527344,37.459999084472656,36.61000061035156,37.33000183105469,35.51003646850586,38400
2022-12-16,37.34000015258789,38.77000045776367,36.66999816894531,37.880001068115234,36.03322219848633,98900
2022-12-19,37.880001068115234,38.73500061035156,37.2599983215332,37.5,35.67174530029297,45600
2022-12-20,37.33000183105469,38.744998931884766,37.2599983215332,38.130001068115234,36.27103042602539,37500
2022-12-21,38.45000076293945,39.45000076293945,37.619998931884766,38.5099983215332,36.632503509521484,36700
2022-12-22,38.56999969482422,39.36000061035156,37.29999923706055,37.72999954223633,35.890533447265625,37000
2022-12-23,37.689998626708984,39.970001220703125,37.0,37.290000915527344,35.47199249267578,28400
2022-12-27,37.400001525878906,37.86000061035156,37.0099983215332,37.47999954223633,35.6527214050293,18900
2022-12-28,37.33000183105469,37.869998931884766,36.7400016784668,37.11000061035156,35.30076217651367,33700
2022-12-29,37.06999969482422,37.439998626708984,36.81999969482422,37.119998931884766,35.42481994628906,30500
2022-12-30,37.02000045776367,37.41999816894531,36.61000061035156,37.29999923706055,35.59660339355469,35000
2023-01-03,37.2599983215332,39.470001220703125,37.189998626708984,38.93000030517578,37.15217208862305,63300
2023-01-04,38.849998474121094,39.18000030517578,38.106998443603516,38.36000061035156,36.60819625854492,34600
2023-01-05,38.369998931884766,39.0,37.2400016784668,38.16999816894531,36.42687225341797,40500
2023-01-06,38.630001068115234,40.36000061035156,38.20000076293945,40.18000030517578,38.3450813293457,46800
2023-01-09,40.08000183105469,41.709999084472656,40.029998779296875,40.470001220703125,38.62183380126953,48800
2023-01-10,40.439998626708984,42.11000061035156,40.439998626708984,42.11000061035156,40.186946868896484,33800
2023-01-11,41.970001220703125,42.54999923706055,41.61000061035156,41.790000915527344,39.88155746459961,30000
2023-01-12,41.939998626708984,42.27000045776367,41.61000061035156,41.959999084472656,40.04378890991211,38100
2023-01-13,42.185001373291016,42.75,41.959999084472656,42.36000061035156,40.42552947998047,32000
2023-01-17,42.189998626708984,43.0,42.189998626708984,42.68000030517578,40.73091506958008,32000
2023-01-18,43.0,43.415000915527344,42.650001525878906,43.18000030517578,41.208072662353516,29400
2023-01-19,43.209999084472656,43.790000915527344,43.0629997253418,43.540000915527344,41.551639556884766,24600
2023-01-20,43.880001068115234,44.79999923706055,43.58000183105469,44.720001220703125,42.67774963378906,32600
2023-01-23,44.599998474121094,44.720001220703125,43.689998626708984,44.310001373291016,42.286468505859375,34800
2023-01-24,43.93000030517578,44.439998626708984,43.709999084472656,43.97999954223633,41.97154998779297,23000
2023-01-25,43.619998931884766,44.65999984741211,43.619998931884766,44.65999984741211,42.62049102783203,14300
2023-01-26,45.34000015258789,45.34000015258789,44.599998474121094,45.18000030517578,43.11674499511719,19500
2023-01-27,45.01900100708008,45.40999984741211,45.0,45.279998779296875,43.21217346191406,12200
2023-01-30,44.959999084472656,46.43000030517578,44.685001373291016,46.25,44.137882232666016,39400
2023-01-31,44.26499938964844,46.81999969482422,44.244998931884766,46.41999816894531,44.30011749267578,39300
2023-02-01,46.06999969482422,47.38999938964844,45.90999984741211,47.16999816894531,45.015869140625,55800
2023-02-02,47.189998626708984,47.599998474121094,45.790000915527344,46.09000015258789,43.98518753051758,39600
2023-02-03,45.68000030517578,47.2400016784668,45.31999969482422,46.34000015258789,44.22377014160156,31700
2023-02-06,46.38999938964844,46.7599983215332,45.619998931884766,46.20000076293945,44.09016036987305,39600
2023-02-07,46.31999969482422,47.029998779296875,45.900001525878906,46.56999969482422,44.443260192871094,37600
2023-02-08,46.47999954223633,47.0,45.220001220703125,45.220001220703125,43.15491485595703,28700
2023-02-09,45.220001220703125,46.5,44.16999816894531,44.59000015258789,42.55369186401367,33000
2023-02-10,44.20000076293945,45.09000015258789,44.099998474121094,44.11000061035156,42.09560775756836,18200
2023-02-13,44.59000015258789,45.459999084472656,44.02000045776367,44.56999969482422,42.534603118896484,33800
2023-02-14,44.119998931884766,44.79999923706055,43.93000030517578,44.290000915527344,42.26738739013672,31100
2023-02-15,44.349998474121094,46.856998443603516,44.0,46.689998626708984,44.55778121948242,38700
2023-02-16,46.599998474121094,47.150001525878906,45.599998474121094,46.15999984741211,44.0519905090332,29100
2023-02-17,46.52000045776367,47.33000183105469,46.130001068115234,46.91999816894531,44.77727508544922,42500
2023-02-21,46.439998626708984,47.11000061035156,46.439998626708984,46.66999816894531,44.5386962890625,31300
2023-02-22,46.970001220703125,47.369998931884766,46.380001068115234,46.529998779296875,44.405094146728516,40500
2023-02-23,46.40999984741211,46.68000030517578,46.13999938964844,46.369998931884766,44.25239181518555,19700
2023-02-24,45.959999084472656,46.185001373291016,45.09000015258789,45.47999954223633,43.40304183959961,37200
2023-02-27,45.7400016784668,45.7400016784668,44.79999923706055,45.0,42.94496536254883,26700
2023-02-28,45.130001068115234,45.79999923706055,44.86000061035156,45.15999984741211,43.097660064697266,58900
2023-03-01,44.91999816894531,45.279998779296875,44.11000061035156,44.75,42.706382751464844,42000
2023-03-02,44.31999969482422,45.85499954223633,44.31999969482422,45.400001525878906,43.32669448852539,45300
2023-03-03,45.0,45.810001373291016,44.84000015258789,45.79999923706055,43.708431243896484,30700
2023-03-06,45.400001525878906,45.70000076293945,44.81999969482422,45.09000015258789,43.030853271484375,33500
2023-03-07,45.22999954223633,45.22999954223633,44.15999984741211,44.630001068115234,42.591861724853516,21500
2023-03-08,44.88999938964844,45.150001525878906,44.2599983215332,44.779998779296875,42.73501205444336,30100
2023-03-09,44.720001220703125,44.95000076293945,44.029998779296875,44.5099983215332,42.47734069824219,38800
2023-03-10,44.290000915527344,44.66999816894531,43.369998931884766,43.619998931884766,41.62798309326172,33500
2023-03-13,43.06999969482422,45.01499938964844,42.1349983215332,42.439998626708984,40.50187301635742,37500
2023-03-14,43.119998931884766,43.2400016784668,41.78099822998047,42.310001373291016,40.37781524658203,93300
2023-03-15,41.689998626708984,43.25,41.61000061035156,43.2400016784668,41.265342712402344,72700
2023-03-16,42.70000076293945,44.0099983215332,42.15999984741211,43.75,41.752044677734375,51300
2023-03-17,43.380001068115234,43.380001068115234,41.98500061035156,42.540000915527344,40.59730911254883,236800
2023-03-20,42.869998931884766,43.68000030517578,42.5099983215332,43.310001373291016,41.3321418762207,37700
2023-03-21,43.880001068115234,44.65999984741211,42.90999984741211,44.650001525878906,42.61094665527344,37500
2023-03-22,44.83000183105469,44.83000183105469,43.38999938964844,43.38999938964844,41.40848922729492,27500
2023-03-23,43.630001068115234,44.08000183105469,42.83000183105469,43.400001525878906,41.418033599853516,45300
2023-03-24,43.02000045776367,45.20000076293945,42.56999969482422,45.040000915527344,42.98313522338867,44500
2023-03-27,45.45000076293945,45.58000183105469,44.54999923706055,45.064998626708984,43.00699234008789,39400
2023-03-28,44.83000183105469,45.45000076293945,44.279998779296875,44.61000061035156,42.57277297973633,32200
2023-03-29,44.81999969482422,45.220001220703125,44.13999938964844,44.75,42.706382751464844,53200
2023-03-30,43.915000915527344,44.709999084472656,42.5,42.65999984741211,40.821292877197266,62900
2023-03-31,43.130001068115234,44.099998474121094,42.65999984741211,43.5099983215332,41.6346549987793,71500
2023-04-03,43.04999923706055,44.939998626708984,42.869998931884766,44.68000030517578,42.75422668457031,65700
2023-04-04,45.029998779296875,45.57500076293945,43.91999816894531,44.060001373291016,42.160953521728516,33000
2023-04-05,43.91999816894531,44.380001068115234,43.63999938964844,43.70000076293945,41.81645965576172,22200
2023-04-06,43.880001068115234,44.393001556396484,42.9900016784668,43.5,41.62508773803711,45300
2023-04-10,43.5,45.61000061035156,42.849998474121094,45.45000076293945,43.49104309082031,149900
2023-04-11,45.45000076293945,45.9900016784668,44.560001373291016,45.0099983215332,43.06999969482422,31400
2023-04-12,44.70000076293945,45.209999084472656,44.18000030517578,44.52000045776367,42.60111999511719,30600
2023-04-13,44.7599983215332,45.119998931884766,44.290000915527344,45.09000015258789,43.14655303955078,22800
2023-04-14,45.20000076293945,45.41999816894531,44.209999084472656,44.38999938964844,42.476722717285156,25900
2023-04-17,44.58000183105469,44.900001525878906,44.18000030517578,44.5,42.58198547363281,21200
2023-04-18,44.7400016784668,44.75,43.63999938964844,43.84000015258789,41.9504280090332,22900
2023-04-19,43.86000061035156,44.5,43.52000045776367,44.29999923706055,42.39060592651367,20100
2023-04-20,43.91999816894531,44.82099914550781,43.70000076293945,44.45000076293945,42.53413391113281,26200
2023-04-21,44.38999938964844,45.05500030517578,44.119998931884766,44.939998626708984,43.003021240234375,56900
2023-04-24,44.959999084472656,45.349998474121094,44.369998931884766,44.54999923706055,42.62983322143555,22300
2023-04-25,44.220001220703125,44.869998931884766,43.79999923706055,44.13999938964844,42.23750305175781,22900
2023-04-26,43.869998931884766,44.2400016784668,42.93000030517578,43.2400016784668,41.37629318237305,38100
2023-04-27,43.27000045776367,44.04999923706055,42.970001220703125,43.88999938964844,41.9982795715332,33100
2023-04-28,44.20000076293945,44.20000076293945,43.2599983215332,43.529998779296875,41.65378952026367,27800
2023-05-01,43.40999984741211,44.459999084472656,42.790000915527344,44.45000076293945,42.53413391113281,24600
2023-05-02,44.209999084472656,44.7400016784668,43.59000015258789,44.150001525878906,42.247074127197266,47800
2023-05-03,43.869998931884766,43.869998931884766,40.61000061035156,40.779998779296875,39.02232360839844,71600
2023-05-04,40.29999923706055,41.529998779296875,39.88999938964844,41.060001373291016,39.29025650024414,36500
2023-05-05,41.66999816894531,42.400001525878906,41.66999816894531,42.13999938964844,40.323699951171875,26000
2023-05-08,42.06999969482422,42.7400016784668,41.77000045776367,42.619998931884766,40.78301239013672,24400
2023-05-09,42.630001068115234,43.630001068115234,42.58000183105469,43.34000015258789,41.471981048583984,23000
2023-05-10,43.599998474121094,44.27000045776367,43.599998474121094,44.0099983215332,42.113101959228516,22200
2023-05-11,43.650001525878906,44.13999938964844,42.86000061035156,43.150001525878906,41.29016876220703,24100
2023-05-12,42.56999969482422,42.56999969482422,42.209999084472656,42.45000076293945,40.62034606933594,12200
2023-05-15,42.209999084472656,42.220001220703125,41.56999969482422,41.72999954223633,39.931373596191406,17100
2023-05-16,41.5099983215332,41.88999938964844,41.380001068115234,41.470001220703125,39.68258285522461,28100
2023-05-17,41.5099983215332,41.79999923706055,40.834999084472656,41.59000015258789,39.79740905761719,43800
2023-05-18,41.34000015258789,42.5099983215332,41.18000030517578,42.2400016784668,40.41939926147461,32600
2023-05-19,42.790000915527344,43.150001525878906,42.2400016784668,43.130001068115234,41.271034240722656,24000
2023-05-22,43.43000030517578,43.810001373291016,43.0880012512207,43.810001373291016,41.92172622680664,34600
2023-05-23,43.900001525878906,45.0,43.209999084472656,44.810001373291016,42.878623962402344,99500
2023-05-24,44.939998626708984,44.939998626708984,43.560001373291016,43.58000183105469,41.701637268066406,25200
2023-05-25,43.540000915527344,44.16999816894531,43.33000183105469,43.47999954223633,41.60594940185547,17400
2023-05-26,43.29999923706055,43.689998626708984,42.77000045776367,43.310001373291016,41.443275451660156,15600
2023-05-30,43.18000030517578,43.88999938964844,43.15999984741211,43.81999969482422,41.93128967285156,25300
2023-05-31,43.66999816894531,45.400001525878906,43.560001373291016,44.900001525878906,42.964744567871094,60200
2023-06-01,44.79999923706055,45.0,43.70000076293945,43.91999816894531,42.02698516845703,31300
2023-06-02,44.41999816894531,45.70000076293945,44.119998931884766,45.70000076293945,43.73025894165039,48100
2023-06-05,45.33000183105469,45.599998474121094,44.66999816894531,44.66999816894531,42.74465560913086,24600
2023-06-06,44.41999816894531,45.93000030517578,44.319000244140625,45.81999969482422,43.845088958740234,63100
2023-06-07,45.75,46.959999084472656,45.20500183105469,46.70000076293945,44.68716049194336,64500
2023-06-08,46.540000915527344,46.540000915527344,44.52000045776367,45.060001373291016,43.11784744262695,40700
2023-06-09,44.7400016784668,45.189998626708984,44.731998443603516,45.0,43.060428619384766,22600
2023-06-12,45.22999954223633,45.22999954223633,44.65399932861328,44.95000076293945,43.01258850097656,27500
2023-06-13,44.880001068115234,45.15999984741211,44.15999984741211,44.689998626708984,42.763797760009766,28500
2023-06-14,44.70000076293945,45.1349983215332,44.67499923706055,44.88999938964844,42.955169677734375,35300
2023-06-15,44.65999984741211,45.29499816894531,44.57500076293945,44.83000183105469,42.897762298583984,44300
2023-06-16,45.34000015258789,45.34000015258789,44.7599983215332,45.20000076293945,43.25181579589844,123100
2023-06-20,45.20000076293945,45.20899963378906,44.25,44.650001525878906,42.72551727294922,53900
2023-06-21,44.790000915527344,45.08000183105469,44.40999984741211,44.86000061035156,42.92646408081055,27300
2023-06-22,44.9900016784668,44.9900016784668,43.95000076293945,44.029998779296875,42.13224411010742,25300
2023-06-23,43.59000015258789,45.31999969482422,43.59000015258789,44.560001373291016,42.639404296875,146500
2023-06-26,44.29999923706055,45.52000045776367,43.88999938964844,44.22999954223633,42.3236198425293,41300
2023-06-27,44.31999969482422,44.650001525878906,43.3849983215332,43.880001068115234,41.988712310791016,50300
2023-06-28,43.97999954223633,44.150001525878906,43.400001525878906,43.41999816894531,41.548526763916016,32000
2023-06-29,43.38999938964844,44.029998779296875,43.38999938964844,43.75,41.98033142089844,22400
2023-06-30,44.08000183105469,44.119998931884766,43.40999984741211,43.5099983215332,41.75003433227539,31800
2023-07-03,43.599998474121094,44.185001373291016,43.40999984741211,44.130001068115234,42.3449592590332,15400
2023-07-05,44.04999923706055,44.459999084472656,43.48099899291992,44.400001525878906,42.60403823852539,31100
2023-07-06,44.189998626708984,44.189998626708984,42.34000015258789,42.720001220703125,40.99199676513672,24900
2023-07-07,42.4900016784668,42.790000915527344,41.689998626708984,41.880001068115234,40.185970306396484,64200
2023-07-10,41.72999954223633,42.775001525878906,41.72999954223633,42.04999923706055,40.34909439086914,42000
2023-07-11,42.13999938964844,42.52000045776367,41.869998931884766,42.09000015258789,40.387474060058594,20400
2023-07-12,42.45000076293945,43.15999984741211,42.380001068115234,42.619998931884766,40.89603805541992,23300
2023-07-13,42.56999969482422,42.56999969482422,42.08000183105469,42.310001373291016,40.59858322143555,14000
2023-07-14,42.2599983215332,42.65999984741211,42.04999923706055,42.56999969482422,40.84806442260742,13500
2023-07-17,42.665000915527344,43.04999923706055,42.470001220703125,43.0099983215332,41.270259857177734,16300
2023-07-18,42.84000015258789,43.72999954223633,42.84000015258789,43.63999938964844,41.87478256225586,24200
2023-07-19,43.7599983215332,45.400001525878906,43.7599983215332,44.90999984741211,43.09341049194336,25600
2023-07-20,45.119998931884766,45.119998931884766,44.51499938964844,44.59000015258789,42.786354064941406,14500
2023-07-21,44.72999954223633,45.0,43.79999923706055,43.900001525878906,42.124267578125,27100
2023-07-24,43.77000045776367,44.029998779296875,43.08000183105469,43.54999923706055,41.78841781616211,19300
2023-07-25,43.34000015258789,43.439998626708984,43.13999938964844,43.369998931884766,41.615699768066406,14300
2023-07-26,43.349998474121094,43.869998931884766,43.349998474121094,43.75,41.98033142089844,16200
2023-07-27,43.84000015258789,43.84000015258789,43.099998474121094,43.220001220703125,41.471771240234375,16000
2023-07-28,43.380001068115234,43.709999084472656,42.91999816894531,43.220001220703125,41.471771240234375,12000
2023-07-31,43.209999084472656,43.529998779296875,42.89500045776367,42.90999984741211,41.17430877685547,13900
2023-08-01,43.13999938964844,43.255001068115234,42.391998291015625,42.86000061035156,41.1263313293457,23500
2023-08-02,42.470001220703125,44.2400016784668,42.25600051879883,43.84000015258789,42.066688537597656,25400
2023-08-03,43.52000045776367,44.06999969482422,42.65999984741211,42.7400016784668,41.01118850708008,21300
2023-08-04,42.779998779296875,43.0,42.599998474121094,42.720001220703125,40.99199676513672,14500
2023-08-07,42.959999084472656,43.599998474121094,42.959999084472656,43.290000915527344,41.538936614990234,14500
2023-08-08,43.11000061035156,43.75,42.7400016784668,43.709999084472656,41.94194793701172,13200
2023-08-09,43.849998474121094,44.22999954223633,43.470001220703125,43.91999816894531,42.143455505371094,12900
2023-08-10,43.52000045776367,43.84000015258789,43.029998779296875,43.25,41.50056076049805,12700
2023-08-11,43.0099983215332,43.8129997253418,42.88999938964844,43.130001068115234,41.38541030883789,19100
2023-08-14,42.630001068115234,42.9900016784668,42.2599983215332,42.58000183105469,40.85765838623047,15800
2023-08-15,42.220001220703125,43.2599983215332,42.220001220703125,43.13999938964844,41.39500427246094,11500
2023-08-16,43.07500076293945,43.5,42.70500183105469,43.150001525878906,41.404598236083984,17500
2023-08-17,42.95000076293945,42.95000076293945,42.529998779296875,42.56999969482422,40.84806442260742,13500
2023-08-18,42.310001373291016,43.07500076293945,42.27199935913086,42.880001068115234,41.1455192565918,16300
2023-08-21,42.77000045776367,42.77000045776367,42.2599983215332,42.40999984741211,40.69453048706055,12600
2023-08-22,42.5099983215332,42.5099983215332,41.86000061035156,42.08000183105469,40.37788391113281,12900
2023-08-23,42.20000076293945,42.310001373291016,41.8380012512207,41.95500183105469,40.257938385009766,15500
2023-08-24,41.779998779296875,42.290000915527344,41.45000076293945,42.2599983215332,40.550601959228516,17600
2023-08-25,42.02000045776367,42.59000015258789,41.4900016784668,42.5099983215332,40.79048538208008,26700
2023-08-28,42.09000015258789,42.25,42.0,42.0099983215332,40.31071090698242,17200
2023-08-29,41.9900016784668,43.060001373291016,41.9900016784668,42.97999954223633,41.241477966308594,18100
2023-08-30,42.79999923706055,43.48500061035156,42.79999923706055,43.2400016784668,41.490962982177734,16900
2023-08-31,43.4900016784668,43.54899978637695,41.41999816894531,41.79999923706055,40.10920333862305,163000
2023-09-01,41.959999084472656,42.33000183105469,41.959999084472656,42.040000915527344,40.33950424194336,24900
2023-09-05,41.939998626708984,42.31999969482422,41.30500030517578,42.06999969482422,40.368289947509766,30900
2023-09-06,40.61800003051758,42.52000045776367,40.61800003051758,42.52000045776367,40.800079345703125,20800
2023-09-07,42.81999969482422,43.900001525878906,42.81999969482422,43.900001525878906,42.124267578125,41400
2023-09-08,43.7599983215332,44.619998931884766,43.43000030517578,44.18000030517578,42.39293670654297,19700
2023-09-11,44.52000045776367,45.459999084472656,44.52000045776367,45.349998474121094,43.51560974121094,19900
2023-09-12,45.79999923706055,45.82099914550781,45.470001220703125,45.61000061035156,43.76509475708008,19000
2023-09-13,45.790000915527344,45.790000915527344,44.72999954223633,44.849998474121094,43.03583526611328,29900
2023-09-14,44.97999954223633,46.34000015258789,44.97999954223633,46.150001525878906,44.28325653076172,42600
2023-09-15,45.220001220703125,46.189998626708984,43.67499923706055,45.70000076293945,44.82269287109375,143500
2023-09-18,45.720001220703125,46.20000076293945,44.869998931884766,46.04999923706055,45.16597366333008,44700
2023-09-19,46.09000015258789,46.16999816894531,45.63999938964844,45.970001220703125,45.08751678466797,30300
2023-09-20,46.08000183105469,46.92499923706055,46.08000183105469,46.58000183105469,45.6858024597168,52700
2023-09-21,46.209999084472656,47.0,46.06999969482422,46.779998779296875,45.881961822509766,33100
2023-09-22,47.02000045776367,47.25,46.209999084472656,46.529998779296875,45.63676071166992,30100
2023-09-25,45.88999938964844,47.08000183105469,45.810001373291016,45.939998626708984,45.058082580566406,40200
2023-09-26,45.810001373291016,45.810001373291016,45.08000183105469,45.34000015258789,44.469608306884766,30600
2023-09-27,45.33000183105469,45.65299987792969,44.60499954223633,44.869998931884766,44.00862503051758,20800
2023-09-28,44.6349983215332,44.75,44.150001525878906,44.54999923706055,43.81194305419922,35500
2023-09-29,44.529998779296875,44.529998779296875,43.83000183105469,44.369998931884766,43.634918212890625,40000
2023-10-02,44.130001068115234,44.439998626708984,43.88999938964844,44.29999923706055,43.56608200073242,29000
2023-10-03,44.310001373291016,44.650001525878906,43.80500030517578,44.54999923706055,43.81194305419922,39500
2023-10-04,44.41999816894531,46.29999923706055,44.310001373291016,46.15999984741211,45.395267486572266,32000
2023-10-05,46.0,46.869998931884766,45.04999923706055,46.38999938964844,45.6214599609375,32800
2023-10-06,46.459999084472656,46.84000015258789,45.41999816894531,45.65999984741211,44.90354919433594,78000
2023-10-09,45.279998779296875,45.4900016784668,44.689998626708984,45.25,44.50034713745117,20000
2023-10-10,45.16999816894531,45.380001068115234,44.849998474121094,44.849998474121094,44.10696792602539,28400
2023-10-11,44.8380012512207,45.470001220703125,44.599998474121094,44.93000030517578,44.185646057128906,41400
2023-10-12,44.599998474121094,44.599998474121094,42.70000076293945,42.970001220703125,42.258121490478516,44000
2023-10-13,43.02000045776367,43.67499923706055,41.90999984741211,42.11000061035156,41.4123649597168,35200
2023-10-16,42.47999954223633,42.97999954223633,42.150001525878906,42.279998779296875,41.57954406738281,23500
2023-10-17,42.2400016784668,42.81999969482422,42.130001068115234,42.130001068115234,41.43203353881836,37500
2023-10-18,42.09000015258789,42.459999084472656,41.630001068115234,42.29999923706055,41.59921646118164,22800
2023-10-19,42.33000183105469,43.18000030517578,42.0,43.099998474121094,42.385963439941406,26800
2023-10-20,43.150001525878906,43.150001525878906,42.40999984741211,42.439998626708984,41.73689651489258,62300
2023-10-23,42.16999816894531,42.75,41.86000061035156,41.93000030517578,41.235347747802734,32400
2023-10-24,42.15999984741211,42.5,41.584999084472656,41.7400016784668,41.04849624633789,29700
2023-10-25,41.43000030517578,42.47999954223633,41.2599983215332,42.2599983215332,41.559879302978516,32000
2023-10-26,42.459999084472656,42.65999984741211,41.6349983215332,42.11000061035156,41.4123649597168,25600
2023-10-27,41.9900016784668,42.349998474121094,41.54999923706055,42.06999969482422,41.37303161621094,22800
2023-10-30,42.33000183105469,42.83000183105469,42.209999084472656,42.58000183105469,41.87458038330078,30600
2023-10-31,42.56999969482422,43.97999954223633,42.060001373291016,42.2599983215332,41.559879302978516,51800
2023-11-01,42.060001373291016,42.56999969482422,42.0099983215332,42.400001525878906,41.69756317138672,24600
2023-11-02,42.689998626708984,42.70500183105469,41.849998474121094,41.93000030517578,41.235347747802734,41500
2023-11-03,42.16999816894531,42.560001373291016,41.63999938964844,41.65999984741211,40.96982192993164,60200
2023-11-06,41.4900016784668,42.189998626708984,40.93000030517578,41.93000030517578,41.235347747802734,50100
2023-11-07,41.959999084472656,43.4900016784668,41.31999969482422,41.4900016784668,40.80263900756836,43400
2023-11-08,41.77000045776367,41.77000045776367,40.849998474121094,41.119998931884766,40.43876647949219,44400
2023-11-09,41.33000183105469,42.0,39.994998931884766,40.5099983215332,39.838871002197266,35200
2023-11-10,40.439998626708984,42.189998626708984,39.810001373291016,41.810001373291016,41.11733627319336,48900
2023-11-13,41.38999938964844,42.209999084472656,41.38999938964844,41.779998779296875,41.08782958984375,32600
2023-11-14,42.689998626708984,42.689998626708984,41.630001068115234,42.349998474121094,41.64838790893555,93000
2023-11-15,42.45000076293945,42.5,41.0,41.18000030517578,40.497772216796875,45800
2023-11-16,41.15999984741211,41.84000015258789,41.099998474121094,41.369998931884766,40.68462371826172,35900
2023-11-17,41.470001220703125,42.27000045776367,40.91999816894531,41.2599983215332,40.576446533203125,42900
2023-11-20,41.470001220703125,42.099998474121094,40.91999816894531,41.97999954223633,41.28451919555664,48300
2023-11-21,41.90999984741211,42.380001068115234,41.7599983215332,41.84000015258789,41.1468391418457,30400
2023-11-22,42.0,42.20000076293945,41.630001068115234,41.7400016784668,41.04849624633789,57400
2023-11-24,41.86000061035156,42.189998626708984,41.42499923706055,41.540000915527344,40.851810455322266,44700
2023-11-27,41.560001373291016,41.744998931884766,41.06999969482422,41.5,40.812469482421875,60700
2023-11-28,41.43000030517578,41.599998474121094,41.2400016784668,41.400001525878906,40.714134216308594,30500
2023-11-29,41.65999984741211,41.97999954223633,41.369998931884766,41.5099983215332,40.82230758666992,37600
2023-11-30,41.59000015258789,41.900001525878906,41.349998474121094,41.43000030517578,40.74363327026367,61800
2023-12-01,41.29999923706055,41.54499816894531,41.04499816894531,41.5,40.812469482421875,110400
2023-12-04,41.56999969482422,41.599998474121094,41.18000030517578,41.5,40.812469482421875,99500
2023-12-05,41.5,41.599998474121094,41.40999984741211,41.5,40.812469482421875,122400
2023-12-06,41.599998474121094,41.599998474121094,41.04499816894531,41.34000015258789,40.655120849609375,78500
2023-12-07,41.34000015258789,41.59000015258789,41.33000183105469,41.459999084472656,40.77313232421875,80100
2023-12-08,41.310001373291016,41.54999923706055,41.28499984741211,41.5,40.812469482421875,107200
2023-12-11,41.54999923706055,41.65999984741211,41.2599983215332,41.54999923706055,40.86164093017578,137800
2023-12-12,41.54999923706055,41.560001373291016,41.31999969482422,41.5,40.812469482421875,131600
2023-12-13,41.650001525878906,41.650001525878906,41.0,41.31999969482422,40.63545227050781,214000
2023-12-14,41.599998474121094,41.810001373291016,40.619998931884766,40.720001220703125,40.045387268066406,103100
2023-12-15,41.0,41.0,39.0,39.04999923706055,38.40306091308594,147600
2023-12-18,39.130001068115234,39.93000030517578,38.630001068115234,39.869998931884766,39.20947265625,111900
2023-12-19,39.90999984741211,40.18000030517578,39.26499938964844,39.52000045776367,38.865272521972656,56900
2023-12-20,39.66999816894531,40.0099983215332,38.90999984741211,39.529998779296875,38.87510681152344,60900
2023-12-21,39.45000076293945,39.86000061035156,38.63199996948242,39.459999084472656,38.80626678466797,37600
2023-12-22,39.70000076293945,40.13999938964844,39.529998779296875,39.90999984741211,39.248809814453125,45600
2023-12-26,40.09000015258789,40.09000015258789,39.47999954223633,39.560001373291016,38.90461730957031,45200
2023-12-27,39.63999938964844,39.66999816894531,39.224998474121094,39.380001068115234,38.72758865356445,39700
2023-12-28,39.150001525878906,39.77000045776367,39.0099983215332,39.40999984741211,38.87555694580078,51900
2023-12-29,39.54999923706055,39.86000061035156,39.31999969482422,39.560001373291016,39.023529052734375,53900
2024-01-02,39.619998931884766,41.36000061035156,39.4900016784668,41.20000076293945,40.64128494262695,358300
2024-01-03,41.59000015258789,42.18000030517578,40.88199996948242,41.02000045776367,40.46372604370117,479500
2024-01-04,41.25,41.38999938964844,40.22999954223633,40.290000915527344,39.74362564086914,77900
2024-01-05,40.20000076293945,40.2400016784668,38.064998626708984,38.130001068115234,37.612918853759766,100500
2024-01-08,37.900001525878906,38.779998779296875,37.650001525878906,38.599998474121094,38.0765380859375,68800
2024-01-09,38.38999938964844,38.625,37.90999984741211,38.18000030517578,37.662235260009766,72600
2024-01-10,38.16999816894531,39.10499954223633,38.16999816894531,39.08000183105469,38.5500373840332,91900
2024-01-11,39.11000061035156,39.779998779296875,38.900001525878906,39.279998779296875,38.74732208251953,100600
2024-01-12,39.75,39.79999923706055,39.04999923706055,39.18000030517578,38.648677825927734,79200
2024-01-16,39.0099983215332,39.790000915527344,38.91999816894531,39.709999084472656,39.17148971557617,73700
2024-01-17,39.709999084472656,40.349998474121094,39.38999938964844,39.599998474121094,39.06298065185547,71700
2024-01-18,39.4900016784668,39.584999084472656,38.86000061035156,39.540000915527344,39.0037956237793,43500
2024-01-19,39.75,39.75,39.0099983215332,39.290000915527344,38.75718688964844,45100
2024-01-22,39.52000045776367,40.18000030517578,39.52000045776367,40.18000030517578,39.63511657714844,52400
2024-01-23,40.400001525878906,40.459999084472656,39.45000076293945,39.939998626708984,39.39836883544922,50000
2024-01-24,40.16999816894531,40.16999816894531,39.77000045776367,40.060001373291016,39.51674270629883,46000
2024-01-25,40.279998779296875,40.29999923706055,39.93000030517578,40.099998474121094,39.55620193481445,52000
2024-01-26,40.310001373291016,40.33000183105469,39.79999923706055,40.099998474121094,39.55620193481445,46500
2024-01-29,39.970001220703125,40.18000030517578,39.84000015258789,40.060001373291016,39.51674270629883,65100
2024-01-30,40.11000061035156,40.5099983215332,39.310001373291016,39.560001373291016,39.023529052734375,41300
2024-01-31,39.7400016784668,40.18000030517578,39.400001525878906,39.400001525878906,38.865692138671875,56900
2024-02-01,39.400001525878906,39.720001220703125,38.4900016784668,38.83000183105469,38.30342483520508,69400
2024-02-02,38.470001220703125,39.040000915527344,36.810001373291016,37.0099983215332,36.50810241699219,55300
2024-02-05,36.83000183105469,37.27000045776367,36.20500183105469,36.869998931884766,36.369998931884766,90900
2024-02-06,36.869998931884766,37.650001525878906,36.65999984741211,37.54999923706055,37.04077911376953,42500
2024-02-07,37.560001373291016,37.7400016784668,37.15999984741211,37.34000015258789,36.8336296081543,44300
2024-02-08,37.22999954223633,38.08000183105469,36.79999923706055,37.970001220703125,37.4550895690918,93900
2024-02-09,37.97999954223633,38.72100067138672,37.784000396728516,38.470001220703125,37.948307037353516,50800
2024-02-12,38.38999938964844,39.08000183105469,38.27000045776367,38.9900016784668,38.46125411987305,47400
2024-02-13,38.68000030517578,39.0,37.25,37.540000915527344,37.030914306640625,150000
2024-02-14,38.13999938964844,39.93000030517578,37.119998931884766,39.84000015258789,39.29972839355469,59600
2024-02-15,39.880001068115234,40.04499816894531,39.2599983215332,39.380001068115234,38.84596252441406,86800
2024-02-16,39.54999923706055,40.09299850463867,38.65999984741211,39.22999954223633,38.697998046875,81600
2024-02-20,38.90999984741211,39.349998474121094,38.44599914550781,39.04999923706055,38.520442962646484,84600
2024-02-21,39.0,39.68000030517578,39.0,39.599998474121094,39.06298065185547,26900
2024-02-22,39.43000030517578,40.02000045776367,38.869998931884766,39.66999816894531,39.13203048706055,81300
2024-02-23,39.790000915527344,40.119998931884766,39.43000030517578,40.0,39.457557678222656,44000
2024-02-26,39.7400016784668,40.650001525878906,39.7400016784668,40.560001373291016,40.00996398925781,140900
2024-02-27,40.630001068115234,42.0,40.4900016784668,40.880001068115234,40.325626373291016,126900
2024-02-28,40.68000030517578,41.470001220703125,40.36000061035156,40.95000076293945,40.394676208496094,66000
2024-02-29,41.31999969482422,41.5,39.83000183105469,40.31999969482422,39.773216247558594,123600
2024-03-01,40.4900016784668,40.7599983215332,40.31999969482422,40.560001373291016,40.00996398925781,61000
2024-03-04,40.40999984741211,40.86000061035156,40.02000045776367,40.209999084472656,39.664710998535156,85700
2024-03-05,40.20000076293945,40.439998626708984,39.470001220703125,39.650001525878906,39.1123046875,50600
2024-03-06,39.66999816894531,40.599998474121094,39.16999816894531,40.33000183105469,39.783084869384766,77800
2024-03-07,40.29999923706055,40.724998474121094,40.07500076293945,40.41999816894531,39.87186050415039,44300
2024-03-08,40.68000030517578,40.77000045776367,40.2599983215332,40.459999084472656,39.911319732666016,72200
2024-03-11,40.22999954223633,40.619998931884766,40.13999938964844,40.2400016784668,39.694305419921875,41400
2024-03-12,40.130001068115234,40.44499969482422,39.93000030517578,40.09000015258789,39.54633712768555,25100
2024-03-13,39.97999954223633,40.400001525878906,39.810001373291016,40.06999969482422,39.526607513427734,38400
2024-03-14,39.90999984741211,40.005001068115234,39.310001373291016,39.66999816894531,39.13203048706055,35400
2024-03-15,39.40999984741211,39.86000061035156,39.40999984741211,39.70000076293945,39.16162872314453,85200
2024-03-18,39.61000061035156,40.44499969482422,39.5,39.77000045776367,39.230674743652344,47500
2024-03-19,39.869998931884766,40.0,39.654998779296875,39.88999938964844,39.34904861450195,49500
2024-03-20,39.900001525878906,40.58000183105469,39.650001525878906,40.31999969482422,39.773216247558594,79200
2024-03-21,40.279998779296875,40.689998626708984,40.119998931884766,40.400001525878906,39.852134704589844,84300
2024-03-22,40.400001525878906,40.650001525878906,39.77000045776367,39.97999954223633,39.437828063964844,52600
2024-03-25,40.0,40.04999923706055,39.2400016784668,39.47999954223633,38.944610595703125,41800
2024-03-26,39.65999984741211,40.1349983215332,39.54999923706055,39.70000076293945,39.16162872314453,86700
2024-03-27,39.849998474121094,39.849998474121094,39.29999923706055,39.400001525878906,38.98352813720703,55600
2024-03-28,39.25,39.84000015258789,39.25,39.61000061035156,39.19131088256836,61800
2024-04-01,39.970001220703125,39.97999954223633,38.97999954223633,39.34000015258789,38.924163818359375,49700
2024-04-02,38.970001220703125,39.459999084472656,36.43000030517578,36.58000183105469,36.19334030151367,59000
2024-04-03,36.31999969482422,36.63999938964844,36.084999084472656,36.2599983215332,35.8767204284668,49100
2024-04-04,36.619998931884766,37.32500076293945,36.5,37.09000015258789,36.69794464111328,55900
2024-04-05,36.959999084472656,37.38999938964844,36.527000427246094,37.0,36.6088981628418,31900
2024-04-08,37.18000030517578,37.75,36.965999603271484,37.27000045776367,36.87604522705078,31200
2024-04-09,37.27000045776367,37.61000061035156,36.779998779296875,36.90999984741211,36.51984786987305,40200
2024-04-10,36.5099983215332,36.7599983215332,35.040000915527344,35.40999984741211,35.03570556640625,53200
2024-04-11,35.32099914550781,35.327999114990234,34.685001373291016,34.75,34.38268280029297,51900
2024-04-12,34.790000915527344,35.0,33.88399887084961,34.099998474121094,33.73954772949219,47900
2024-04-15,34.0099983215332,34.34000015258789,33.68000030517578,34.220001220703125,33.85828399658203,40300
2024-04-16,33.9900016784668,34.90999984741211,33.939998626708984,34.36000061035156,33.996803283691406,35100
2024-04-17,35.84000015258789,35.84000015258789,33.25,33.31999969482422,32.967796325683594,41900
2024-04-18,33.15999984741211,33.52000045776367,32.689998626708984,32.869998931884766,32.522552490234375,55600
2024-04-19,32.66999816894531,34.369998931884766,32.08000183105469,34.029998779296875,33.670291900634766,68400
2024-04-22,33.869998931884766,34.54999923706055,33.6150016784668,33.689998626708984,33.333885192871094,39700
2024-04-23,33.560001373291016,34.64500045776367,33.560001373291016,34.2400016784668,33.878074645996094,74200
2024-04-24,34.0099983215332,34.27000045776367,33.641998291015625,34.27000045776367,33.907752990722656,42800
2024-04-25,34.20000076293945,34.314998626708984,33.47999954223633,33.59000015258789,33.23494338989258,43200
2024-04-26,33.47999954223633,33.869998931884766,33.36199951171875,33.810001373291016,33.45261764526367,39900
2024-04-29,33.849998474121094,34.529998779296875,33.849998474121094,34.29999923706055,33.937435150146484,55200
2024-04-30,34.150001525878906,34.5,33.619998931884766,34.25,33.88796615600586,49000
2024-05-01,34.380001068115234,34.86000061035156,33.784000396728516,34.63999938964844,34.273841857910156,47800
2024-05-02,34.81999969482422,35.130001068115234,34.106998443603516,34.970001220703125,34.60035705566406,59400
2024-05-03,35.08000183105469,35.19499969482422,34.470001220703125,34.869998931884766,34.501407623291016,55600
2024-05-06,34.93000030517578,35.46099853515625,34.75,35.150001525878906,34.7784538269043,43500
2024-05-07,35.349998474121094,35.810001373291016,35.060001373291016,35.630001068115234,35.253379821777344,61100
2024-05-08,35.7400016784668,35.7400016784668,29.6200008392334,29.760000228881836,29.44542694091797,135000
2024-05-09,29.579999923706055,29.790000915527344,28.610000610351562,28.75,28.446102142333984,68900
2024-05-10,28.799999237060547,31.579999923706055,28.510000228881836,31.059999465942383,30.7316837310791,150000
2024-05-13,31.649999618530273,32.09000015258789,29.270000457763672,29.530000686645508,29.217857360839844,99500
2024-05-14,30.059999465942383,31.6299991607666,30.059999465942383,31.290000915527344,30.95925521850586,127700
2024-05-15,31.559999465942383,32.119998931884766,30.43000030517578,31.559999465942383,31.226398468017578,111400
2024-05-16,31.700000762939453,32.43000030517578,31.059999465942383,31.84000015258789,31.503440856933594,61500
2024-05-17,32.09000015258789,32.47999954223633,30.579999923706055,31.0,30.672319412231445,61500
2024-05-20,31.020000457763672,31.5049991607666,30.579999923706055,31.360000610351562,31.028512954711914,48400
2024-05-21,31.290000915527344,31.607999801635742,30.75,31.149999618530273,30.82073402404785,67300
2024-05-22,31.280000686645508,31.389999389648438,31.0,31.139999389648438,30.81083869934082,57100
2024-05-23,31.110000610351562,31.729999542236328,30.1299991607666,30.25,29.930246353149414,36600
2024-05-24,30.440000534057617,30.719999313354492,30.163000106811523,30.34000015258789,30.019296646118164,37200
2024-05-28,30.450000762939453,30.790000915527344,29.089000701904297,30.1200008392334,29.80162239074707,74200
2024-05-29,29.8700008392334,30.450000762939453,28.479999542236328,28.59000015258789,28.28779411315918,61400
2024-05-30,28.68000030517578,29.649999618530273,28.190000534057617,28.290000915527344,27.990966796875,55300
2024-05-31,28.25,28.709999084472656,27.450000762939453,28.079999923706055,27.783184051513672,117500
2024-06-03,28.31999969482422,28.760000228881836,27.1200008392334,27.889999389648438,27.595191955566406,118900
2024-06-04,27.770000457763672,28.260000228881836,27.31999969482422,27.950000762939453,27.654560089111328,58700
2024-06-05,27.940000534057617,27.940000534057617,27.190000534057617,27.229999542236328,26.942169189453125,58000
2024-06-06,27.06999969482422,27.35300064086914,26.739999771118164,26.829999923706055,26.546396255493164,47100
2024-06-07,26.649999618530273,27.010000228881836,25.6299991607666,25.690000534057617,25.41844940185547,59200
2024-06-10,25.420000076293945,25.68000030517578,24.25,25.670000076293945,25.39866065979004,85200
2024-06-11,25.510000228881836,26.020000457763672,25.260000228881836,25.770000457763672,25.497602462768555,59200
2024-06-12,26.09000015258789,26.270000457763672,25.139999389648438,25.350000381469727,25.082040786743164,172800
2024-06-13,25.219999313354492,25.719999313354492,24.840999603271484,25.25,24.98309898376465,119100
2024-06-14,25.049999237060547,25.329999923706055,24.780000686645508,25.290000915527344,25.02267837524414,178800
2024-06-17,25.100000381469727,25.575000762939453,24.850000381469727,25.25,24.98309898376465,119100
2024-06-18,25.209999084472656,25.729999542236328,25.059999465942383,25.1200008392334,24.854475021362305,93400
2024-06-20,25.030000686645508,25.450000762939453,24.8700008392334,25.049999237060547,24.78521156311035,214300
2024-06-21,25.1200008392334,25.9950008392334,24.93000030517578,25.3700008392334,25.101831436157227,330900
2024-06-24,25.360000610351562,25.524999618530273,24.834999084472656,24.8700008392334,24.60711669921875,108700
2024-06-25,24.8700008392334,24.8799991607666,23.450000762939453,23.450000762939453,23.202125549316406,67200
2024-06-26,23.31999969482422,23.31999969482422,22.940000534057617,23.0,22.756881713867188,222700
2024-06-27,23.110000610351562,23.299999237060547,22.75,22.989999771118164,22.74698829650879,415000
2024-06-28,23.010000228881836,23.389999389648438,22.850000381469727,22.950000762939453,22.826557159423828,459600
2024-07-01,23.030000686645508,23.299999237060547,22.469999313354492,22.899999618530273,22.776824951171875,162800
2024-07-02,22.829999923706055,22.920000076293945,22.510000228881836,22.889999389648438,22.766878128051758,160000
2024-07-03,22.850000381469727,23.270000457763672,22.709999084472656,22.950000762939453,22.826557159423828,126900
2024-07-05,22.90999984741211,23.0049991607666,21.731000900268555,22.989999771118164,22.86634063720703,312600
2024-07-08,22.969999313354492,23.219999313354492,22.700000762939453,23.0,22.87628746032715,146000
2024-07-09,22.899999618530273,22.899999618530273,21.8799991607666,22.09000015258789,21.97118377685547,130100
2024-07-10,22.149999618530273,22.530000686645508,21.809999465942383,22.399999618530273,22.27951431274414,110100
2024-07-11,22.56999969482422,23.100000381469727,22.510000228881836,22.940000534057617,22.81661033630371,173200
2024-07-12,22.950000762939453,23.691999435424805,22.704999923706055,23.520000457763672,23.393491744995117,119800
2024-07-15,23.440000534057617,23.989999771118164,23.239999771118164,23.489999771118164,23.363651275634766,97500
2024-07-16,23.65999984741211,24.959999084472656,23.43000030517578,24.6299991607666,24.497520446777344,95000
2024-07-17,24.450000762939453,25.0,24.43000030517578,24.56999969482422,24.437843322753906,80800
2024-07-18,24.420000076293945,24.860000610351562,23.829999923706055,23.93000030517578,23.801286697387695,62400
2024-07-19,23.979999542236328,24.049999237060547,23.329999923706055,23.530000686645508,23.403438568115234,97700
2024-07-22,23.709999084472656,24.3799991607666,23.389999389648438,24.309999465942383,24.179241180419922,73100
2024-07-23,24.200000762939453,24.65999984741211,24.100000381469727,24.579999923706055,24.447790145874023,79400
2024-07-24,24.56999969482422,25.209999084472656,24.56999969482422,24.920000076293945,24.785961151123047,79400
2024-07-25,24.989999771118164,25.8799991607666,24.989999771118164,25.209999084472656,25.074399948120117,85600
2024-07-26,25.479999542236328,25.639999389648438,24.389999389648438,24.65999984741211,24.527359008789062,98500
2024-07-29,24.6299991607666,25.010000228881836,23.84000015258789,23.959999084472656,23.83112335205078,73200
2024-07-30,23.979999542236328,24.94499969482422,23.489999771118164,24.860000610351562,24.72628402709961,110500
2024-07-31,24.850000381469727,25.979999542236328,24.06999969482422,25.489999771118164,25.352893829345703,226500
2024-08-01,26.59000015258789,27.06999969482422,25.756000518798828,26.170000076293945,26.029237747192383,186100
2024-08-02,25.34000015258789,26.020000457763672,24.850000381469727,24.979999542236328,24.845638275146484,69100
2024-08-05,24.479999542236328,24.479999542236328,23.02400016784668,23.34000015258789,23.214458465576172,91500
2024-08-06,23.1200008392334,23.290000915527344,22.639999389648438,22.790000915527344,22.667417526245117,103600
2024-08-07,22.600000381469727,22.600000381469727,20.510000228881836,20.614999771118164,20.50411605834961,108700
2024-08-08,20.760000228881836,21.450000762939453,20.6200008392334,21.049999237060547,20.93677520751953,89100
2024-08-09,20.969999313354492,21.475000381469727,20.780000686645508,21.18000030517578,21.066078186035156,80500
2024-08-12,21.360000610351562,21.360000610351562,20.84000015258789,20.850000381469727,20.737852096557617,80300
2024-08-13,20.950000762939453,21.65999984741211,20.40999984741211,21.6299991607666,21.513656616210938,96300
2024-08-14,21.739999771118164,21.780000686645508,21.139999389648438,21.170000076293945,21.05613136291504,83700
2024-08-15,21.3700008392334,21.700000762939453,21.139999389648438,21.229999542236328,21.115808486938477,141700
2024-08-16,21.15999984741211,21.520000457763672,21.010000228881836,21.020000457763672,20.906938552856445,115700
2024-08-19,21.149999618530273,21.5,20.959999084472656,21.405000686645508,21.289867401123047,88400
2024-08-20,21.469999313354492,21.469999313354492,20.84000015258789,20.84000015258789,20.727907180786133,78000
2024-08-21,20.889999389648438,21.479999542236328,20.65999984741211,21.219999313354492,21.10586166381836,90600
2024-08-22,21.190000534057617,21.399999618530273,20.579999923706055,20.690000534057617,20.57871437072754,70500
2024-08-23,20.719999313354492,22.06999969482422,20.700000762939453,21.8799991607666,21.762311935424805,99300
2024-08-26,22.1299991607666,22.350000381469727,21.940000534057617,22.010000228881836,21.891613006591797,53000
2024-08-27,21.850000381469727,22.1299991607666,21.770000457763672,22.059999465942383,21.941343307495117,67700
2024-08-28,22.049999237060547,22.350000381469727,21.969999313354492,22.110000610351562,21.99107551574707,60900
2024-08-29,22.219999313354492,22.729999542236328,21.959999084472656,22.280000686645508,22.1601619720459,63200
2024-08-30,22.260000228881836,22.84000015258789,22.219999313354492,22.799999237060547,22.6773624420166,76400
2024-09-03,22.559999465942383,22.989999771118164,22.170000076293945,22.170000076293945,22.050752639770508,75500
2024-09-04,22.239999771118164,22.600000381469727,22.184999465942383,22.260000228881836,22.140268325805664,76500
2024-09-05,22.270000457763672,22.270000457763672,21.600000381469727,21.649999618530273,21.53354835510254,81800
2024-09-06,21.729999542236328,22.09000015258789,21.6200008392334,21.709999084472656,21.593225479125977,88000
2024-09-09,21.690000534057617,21.920000076293945,21.079999923706055,21.1200008392334,21.00640106201172,80100
2024-09-10,21.260000228881836,21.75,20.979999542236328,21.639999389648438,21.523603439331055,69100
2024-09-11,21.479999542236328,21.66900062561035,21.049999237060547,21.399999618530273,21.284893035888672,68100
2024-09-12,21.579999923706055,21.860000610351562,21.360000610351562,21.649999618530273,21.53354835510254,51800
2024-09-13,21.84000015258789,22.1299991607666,21.469999313354492,21.899999618530273,21.782203674316406,53400
2024-09-16,22.059999465942383,22.200000762939453,21.639999389648438,22.190000534057617,22.070646286010742,98600
2024-09-17,22.40999984741211,22.6299991607666,21.969999313354492,22.06999969482422,21.951290130615234,49800
2024-09-18,21.950000762939453,22.579999923706055,21.75,21.81999969482422,21.702634811401367,51800
2024-09-19,22.239999771118164,22.389999389648438,21.75,21.950000762939453,21.83193588256836,67300
2024-09-20,21.950000762939453,22.18000030517578,21.510000228881836,21.639999389648438,21.523603439331055,160900
2024-09-23,21.649999618530273,22.235000610351562,21.496999740600586,22.0,21.88166618347168,54100
2024-09-24,22.1299991607666,22.290000915527344,21.84000015258789,22.25,22.130321502685547,68000
2024-09-25,22.219999313354492,22.219999313354492,21.84000015258789,21.93000030517578,21.812044143676758,58700
2024-09-26,22.1299991607666,22.413000106811523,22.1299991607666,22.309999465942383,22.189998626708984,51300
2024-09-27,22.350000381469727,22.56999969482422,22.18000030517578,22.389999389648438,22.389999389648438,41600
