Date,Open,High,Low,Close,Adj Close,Volume
2018-05-31,125.0,141.0,120.0,131.0,131.0,19192
2018-06-01,131.25,133.5,122.5,124.5,124.5,7052
2018-06-04,123.75,124.125,113.75,118.5,118.5,3904
2018-06-05,116.25,122.5,106.2750015258789,115.75,115.75,4692
2018-06-06,109.75,116.6500015258789,109.5,110.25,110.25,1840
2018-06-07,112.7750015258789,113.69999694824219,101.25,107.57499694824219,107.57499694824219,1084
2018-06-08,112.0,131.0,109.3499984741211,123.5,123.5,21340
2018-06-11,125.0,135.0,113.2249984741211,115.5,115.5,21444
2018-06-12,114.75,115.0999984741211,102.5,108.75,108.75,5668
2018-06-13,107.25,115.0,102.75,104.5,104.5,2928
2018-06-14,108.75,114.75,105.0,113.75,113.75,5152
2018-06-15,125.0,139.0,114.25,117.5,117.5,55000
2018-06-18,115.0,128.0,114.19999694824219,123.25,123.25,10400
2018-06-19,123.25,123.7249984741211,115.0,115.0,115.0,4820
2018-06-20,133.0,134.5,116.25,119.25,119.25,50736
2018-06-21,120.75,123.92500305175781,108.75,111.25,111.25,7064
2018-06-22,113.5,119.42500305175781,105.9000015258789,108.75,108.75,3944
2018-06-25,107.5,107.5,94.5,104.2750015258789,104.2750015258789,4836
2018-06-26,103.75,106.25,100.0,101.5,101.5,2160
2018-06-27,100.25,105.0,83.0,86.25,86.25,8820
2018-06-28,86.75,91.7750015258789,76.25,85.0,85.0,5068
2018-06-29,84.5,98.25,81.25,93.75,93.75,4344
2018-07-02,93.75,97.0250015258789,89.7750015258789,90.8499984741211,90.8499984741211,1196
2018-07-03,90.75,97.0,89.25,92.0,92.0,1624
2018-07-05,89.7249984741211,92.25,87.0,87.0,87.0,2240
2018-07-06,87.75,89.75,80.25,85.0,85.0,2796
2018-07-09,84.5,85.75,82.75,83.25,83.25,908
2018-07-10,81.5,88.75,81.5,87.25,87.25,1728
2018-07-11,97.5,98.7249984741211,87.5,90.0,90.0,15048
2018-07-12,91.5,91.80000305175781,80.25,82.5,82.5,4712
2018-07-13,83.0,85.25,79.25,79.25,79.25,2624
2018-07-16,78.75,82.4000015258789,69.75,74.5,74.5,2740
2018-07-17,75.5,79.75,73.75,73.75,73.75,2352
2018-07-18,73.75,77.5,73.0,73.0,73.0,1004
2018-07-19,72.5,76.07499694824219,70.25,74.9000015258789,74.9000015258789,3208
2018-07-20,73.75,75.7750015258789,70.30000305175781,75.0,75.0,1416
2018-07-23,75.0,77.5,74.5,77.3499984741211,77.3499984741211,3352
2018-07-24,77.5,89.17500305175781,68.0,73.3499984741211,73.3499984741211,16020
2018-07-25,71.75,73.7249984741211,65.75,68.75,68.75,2752
2018-07-26,69.75,70.75,61.17499923706055,66.0,66.0,1932
2018-07-27,65.5,71.2249984741211,62.75,66.25,66.25,3076
2018-07-30,66.75,69.5,65.25,66.0,66.0,1852
2018-07-31,68.0,77.5,67.5,75.0,75.0,26160
2018-08-01,75.0,75.0,60.5,74.5,74.5,9312
2018-08-02,74.25,74.25,66.25,71.9000015258789,71.9000015258789,1644
2018-08-03,70.1500015258789,72.0,63.25,65.75,65.75,3632
2018-08-06,66.5,70.0,62.79999923706055,66.0,66.0,876
2018-08-07,66.0,67.92500305175781,63.57500076293945,63.75,63.75,716
2018-08-08,62.0,62.525001525878906,55.5,60.75,60.75,2988
2018-08-09,71.0,77.5,59.0,61.900001525878906,61.900001525878906,14928
2018-08-10,60.75,64.25,58.5,58.5,58.5,1672
2018-08-13,57.0,62.5,55.5,56.5,56.5,3184
2018-08-14,57.0,64.9749984741211,56.400001525878906,61.75,61.75,3304
2018-08-15,65.0,65.0,55.5,56.5,56.5,2208
2018-08-16,57.0,58.92499923706055,56.375,57.75,57.75,1244
2018-08-17,58.0,62.474998474121094,58.0,61.25,61.25,2040
2018-08-20,61.25,61.25,58.5,60.0,60.0,500
2018-08-21,59.75,61.5,55.75,55.75,55.75,732
2018-08-22,55.5,58.5,55.5,58.125,58.125,1260
2018-08-23,57.5,59.349998474121094,56.25,57.0,57.0,924
2018-08-24,54.5,57.0,52.5,52.5,52.5,1324
2018-08-27,53.75,56.25,52.79999923706055,56.25,56.25,1544
2018-08-28,56.25,56.57500076293945,54.0,56.25,56.25,560
2018-08-29,56.25,57.5,54.0,56.5,56.5,1588
2018-08-30,55.75,56.75,55.25,56.75,56.75,1448
2018-08-31,56.75,57.57500076293945,55.0,57.5,57.5,2352
2018-09-04,57.5,57.5,48.75,52.25,52.25,4896
2018-09-05,52.0,53.599998474121094,52.0,52.0,52.0,756
2018-09-06,52.0,58.5,52.0,58.224998474121094,58.224998474121094,1280
2018-09-07,56.25,57.5,54.75,56.150001525878906,56.150001525878906,916
2018-09-10,56.25,57.25,55.0,55.25,55.25,784
2018-09-11,54.75,57.5,52.75,57.25,57.25,444
2018-09-12,57.5,61.0,55.0,55.75,55.75,1376
2018-09-13,55.25,60.5,55.0,56.5,56.5,1060
2018-09-14,56.5,60.0,55.25,56.125,56.125,684
2018-09-17,56.974998474121094,66.4000015258789,56.0,60.0,60.0,4488
2018-09-18,60.0,62.95000076293945,58.75,60.25,60.25,1600
2018-09-19,60.875,62.5,55.5,55.75,55.75,2528
2018-09-20,56.75,67.9749984741211,56.75,63.0,63.0,4740
2018-09-21,63.75,67.5,62.5,66.0,66.0,5208
2018-09-24,66.80000305175781,69.5,64.0,67.75,67.75,4568
2018-09-25,67.75,70.0,67.5,68.5,68.5,3280
2018-09-26,68.0,68.75,64.0,64.0,64.0,2444
2018-09-27,65.0,68.75,65.0,67.0,67.0,2168
2018-09-28,67.0,68.75,65.8499984741211,67.0,67.0,676
2018-10-01,67.25,77.5,67.25,72.5,72.5,4420
2018-10-02,72.0,75.19999694824219,64.25,64.25,64.25,1568
2018-10-03,65.25,77.25,65.25,74.75,74.75,9752
2018-10-04,73.25,77.69999694824219,70.6500015258789,76.5,76.5,3264
2018-10-05,76.5,80.0,70.5,74.4000015258789,74.4000015258789,1960
2018-10-08,71.25,73.44999694824219,70.0,72.5,72.5,824
2018-10-09,74.0,75.4000015258789,65.0,67.25,67.25,3384
2018-10-10,66.25,67.75,58.75,58.75,58.75,1260
2018-10-11,58.5,63.25,56.25,60.25,60.25,1104
2018-10-12,62.45000076293945,63.75,59.0,59.75,59.75,1124
2018-10-15,59.25,60.0,53.0,59.5,59.5,2576
2018-10-16,59.5,61.25,54.5,56.75,56.75,980
2018-10-17,54.75,62.5,54.25,56.75,56.75,1556
2018-10-18,58.5,61.625,56.25,61.0,61.0,836
2018-10-19,60.5,63.25,59.29999923706055,60.75,60.75,540
2018-10-22,61.5,62.775001525878906,53.75,58.0,58.0,3188
2018-10-23,56.25,56.25,46.0,51.5,51.5,3080
2018-10-24,52.5,56.25,51.0,51.25,51.25,1756
2018-10-25,53.75,53.75,49.0,53.0,53.0,1768
2018-10-26,55.025001525878906,58.0,50.0,52.0,52.0,212
2018-10-29,52.75,55.0,48.75,50.0,50.0,940
2018-10-30,49.17499923706055,52.5,44.5,44.5,44.5,752
2018-10-31,48.5,48.5,40.95000076293945,45.25,45.25,2584
2018-11-01,45.25,46.0,41.0,45.5,45.5,960
2018-11-02,47.5,52.5,45.5,50.0,50.0,332
2018-11-05,50.0,61.95000076293945,49.25,57.25,57.25,3140
2018-11-06,58.75,60.0,55.25,60.0,60.0,3856
2018-11-07,60.0,60.25,52.349998474121094,56.0,56.0,1144
2018-11-08,53.75,54.75,50.25,50.25,50.25,1336
2018-11-09,50.0,53.0,49.375,51.75,51.75,584
2018-11-12,51.25,56.0,48.75,56.0,56.0,616
2018-11-13,52.5,57.0,49.0,49.0,49.0,960
2018-11-14,49.0,54.0,48.900001525878906,49.5,49.5,468
2018-11-15,49.25,51.0,44.75,46.5,46.5,1408
2018-11-16,45.75,50.75,45.75,48.75,48.75,656
2018-11-19,45.25,49.474998474121094,45.25,48.75,48.75,1172
2018-11-20,46.25,50.525001525878906,44.25,46.0,46.0,404
2018-11-21,48.0,50.0,46.5,49.375,49.375,1072
2018-11-23,48.75,49.70000076293945,47.5,47.5,47.5,276
2018-11-26,48.75,50.0,44.25,44.75,44.75,820
2018-11-27,45.0,49.25,42.224998474121094,49.25,49.25,2444
2018-11-28,43.75,47.0,43.75,46.75,46.75,2776
2018-11-29,46.25,47.25,45.0,47.0,47.0,952
2018-11-30,46.25,47.5,43.75,46.25,46.25,3532
2018-12-03,47.25,48.75,44.75,48.75,48.75,500
2018-12-04,46.5,47.75,45.5,46.75,46.75,672
2018-12-06,45.0,46.32500076293945,44.5,46.32500076293945,46.32500076293945,236
2018-12-07,49.5,49.5,46.25,46.5,46.5,184
2018-12-10,45.375,46.75,45.0,46.5,46.5,584
2018-12-11,45.0,46.125,45.0,45.5,45.5,344
2018-12-12,46.5,46.5,43.025001525878906,45.0,45.0,1040
2018-12-13,45.5,45.5,43.75,45.0,45.0,852
2018-12-14,45.0,46.0,41.45000076293945,43.0,43.0,408
2018-12-17,43.75,44.375,38.75,39.75,39.75,1548
2018-12-18,40.0,43.75,37.5,43.0,43.0,4412
2018-12-19,43.75,43.75,42.5,42.5,42.5,3564
2018-12-20,41.75,43.75,40.5,41.25,41.25,612
2018-12-21,41.25,43.25,41.25,41.25,41.25,1164
2018-12-24,41.25,42.0,35.5,40.0,40.0,844
2018-12-26,36.45000076293945,37.5,36.099998474121094,37.0,37.0,696
2018-12-27,36.5,40.5,33.275001525878906,37.0,37.0,872
2018-12-28,36.75,39.25,36.125,38.25,38.25,952
2018-12-31,37.5,37.75,34.0,36.875,36.875,1856
2019-01-02,35.224998474121094,39.75,34.875,39.75,39.75,180
2019-01-03,39.5,39.5,33.25,37.5,37.5,792
2019-01-04,37.5,38.5,35.5,38.0,38.0,168
2019-01-07,38.0,41.5,38.0,39.25,39.25,804
2019-01-08,40.0,40.0,37.5,37.70000076293945,37.70000076293945,820
2019-01-09,37.67499923706055,37.79999923706055,36.25,37.5,37.5,788
2019-01-10,34.75,42.0,34.75,37.5,37.5,676
2019-01-11,36.25,37.5,36.25,36.42499923706055,36.42499923706055,144
2019-01-14,36.525001525878906,37.75,35.5,37.75,37.75,1300
2019-01-15,37.25,37.57500076293945,36.25,36.25,36.25,1884
2019-01-16,37.32500076293945,50.025001525878906,37.275001525878906,43.5,43.5,22968
2019-01-17,43.5,43.5,37.75,39.29999923706055,39.29999923706055,4324
2019-01-18,40.25,40.25,36.75,39.5,39.5,1352
2019-01-22,37.75,41.75,37.75,38.75,38.75,532
2019-01-23,39.25,39.79999923706055,38.25,39.25,39.25,436
2019-01-24,39.0,43.5,39.0,40.400001525878906,40.400001525878906,1272
2019-01-25,41.75,41.75,39.5,41.5,41.5,452
2019-01-28,40.25,42.0,38.75,42.0,42.0,912
2019-01-29,40.5,43.0,39.0,42.5,42.5,600
2019-01-30,42.25,45.0,42.25,45.0,45.0,3040
2019-01-31,47.5,51.25,43.25,47.5,47.5,7624
2019-02-01,43.5,43.75,42.349998474121094,42.5,42.5,980
2019-02-04,43.0,43.75,41.54999923706055,43.0,43.0,632
2019-02-05,42.75,42.75,37.75,40.0,40.0,972
2019-02-06,39.75,40.45000076293945,39.75,40.45000076293945,40.45000076293945,192
2019-02-07,40.25,40.5,39.0,39.75,39.75,208
2019-02-08,40.0,40.25,39.5,39.5,39.5,276
2019-02-11,38.75,39.0,38.25,38.25,38.25,392
2019-02-12,38.0,38.17499923706055,37.5,38.17499923706055,38.17499923706055,496
2019-02-13,38.0,38.75,37.75,38.75,38.75,472
2019-02-14,38.25,42.099998474121094,37.75,39.5,39.5,2492
2019-02-15,40.0,40.0,38.75,39.75,39.75,656
2019-02-19,40.75,42.5,36.25,38.75,38.75,4864
2019-02-20,40.0,40.0,37.25,37.5,37.5,1164
2019-02-21,37.5,38.5,35.75,36.75,36.75,3868
2019-02-22,37.5,39.95000076293945,35.5,36.25,36.25,4012
2019-02-25,36.0,38.75,35.5,36.25,36.25,1132
2019-02-26,36.5,38.75,34.25,36.0,36.0,1812
2019-02-27,34.75,35.375,33.17499923706055,33.75,33.75,2276
2019-02-28,33.25,35.75,32.75,33.0,33.0,1656
2019-03-01,33.75,33.79999923706055,32.75,33.75,33.75,484
2019-03-04,34.25,35.0,32.75,32.75,32.75,988
2019-03-05,34.0,34.5,33.5,33.5,33.5,264
2019-03-06,33.5,34.625,33.0,34.5,34.5,520
2019-03-07,34.5,35.70000076293945,33.0,33.75,33.75,704
2019-03-08,35.0,36.04999923706055,34.099998474121094,35.25,35.25,232
2019-03-11,35.75,39.25,34.25,36.25,36.25,436
2019-03-12,35.5,40.79999923706055,34.875,37.5,37.5,5532
2019-03-13,36.25,44.5,33.5,43.5,43.5,9256
2019-03-14,71.75,86.25,50.0,52.25,52.25,179356
2019-03-15,50.0,62.25,47.75,58.75,58.75,24304
2019-03-18,68.75,70.0,54.0,57.5,57.5,25260
2019-03-19,56.5,62.5,55.275001525878906,59.75,59.75,10136
2019-03-20,59.25,62.25,58.0,60.0,60.0,3648
2019-03-21,61.25,65.0,59.25,62.0,62.0,7160
2019-03-22,60.5,61.900001525878906,57.54999923706055,60.5,60.5,2976
2019-03-25,60.349998474121094,61.125,53.25,54.5,54.5,4176
2019-03-26,54.75,55.775001525878906,50.5,50.5,50.5,6848
2019-03-27,50.25,50.25,45.0,46.25,46.25,3604
2019-03-28,45.75,47.5,37.75,38.0,38.0,10172
2019-03-29,38.400001525878906,42.5,37.95000076293945,39.0,39.0,4916
2019-04-01,39.0,43.0,39.0,42.0,42.0,5428
2019-04-02,43.775001525878906,47.75,41.5,45.5,45.5,8676
2019-04-03,46.0,47.0,41.75,47.0,47.0,2928
2019-04-04,44.099998474121094,46.5,44.0,45.099998474121094,45.099998474121094,684
2019-04-05,45.0,55.0,43.400001525878906,51.099998474121094,51.099998474121094,8204
2019-04-08,51.5,54.75,49.75,52.0,52.0,1128
2019-04-09,52.25,52.25,48.5,49.5,49.5,2604
2019-04-10,48.75,52.75,48.75,51.25,51.25,2688
2019-04-11,54.0,62.5,54.0,54.625,54.625,19388
2019-04-12,54.5,58.75,50.25,54.150001525878906,54.150001525878906,4016
2019-04-15,54.5,58.150001525878906,51.75,56.25,56.25,2344
2019-04-16,57.0,60.0,55.650001525878906,56.5,56.5,3760
2019-04-17,56.5,59.5,55.5,56.82500076293945,56.82500076293945,1120
2019-04-18,57.0,59.5,57.0,59.5,59.5,1712
2019-04-22,58.5,64.75,57.25,57.25,57.25,3044
2019-04-23,58.0,58.42499923706055,53.625,54.75,54.75,1056
2019-04-24,56.0,56.0,51.25,51.25,51.25,3588
2019-04-25,51.75,56.75,51.75,55.75,55.75,1732
2019-04-26,56.25,57.0,53.75,55.67499923706055,55.67499923706055,776
2019-04-29,54.5,56.25,54.5,56.25,56.25,664
2019-04-30,56.25,58.17499923706055,54.5,54.5,54.5,884
2019-05-01,54.0,62.0,54.0,59.5,59.5,2880
2019-05-02,58.5,60.724998474121094,54.5,58.75,58.75,1236
2019-05-03,57.0,58.650001525878906,55.525001525878906,56.5,56.5,1848
2019-05-06,59.25,59.95000076293945,55.0,55.75,55.75,1604
2019-05-07,55.75,59.224998474121094,54.125,54.57500076293945,54.57500076293945,1512
2019-05-08,54.875,55.0,51.875,55.0,55.0,824
2019-05-09,53.75,55.95000076293945,52.25,53.92499923706055,53.92499923706055,100
2019-05-10,53.5,53.75,49.75,51.0,51.0,2112
2019-05-13,49.5,53.25,49.400001525878906,50.0,50.0,1748
2019-05-14,49.75,50.0,49.5,50.0,50.0,660
2019-05-15,50.0,51.0,49.75,50.0,50.0,1492
2019-05-16,49.525001525878906,49.75,47.5,47.875,47.875,1680
2019-05-17,48.0,50.0,48.0,48.0,48.0,948
2019-05-20,47.75,48.875,46.0,47.25,47.25,1272
2019-05-21,49.04999923706055,53.0,47.5,48.75,48.75,3264
2019-05-22,47.75,51.25,47.75,48.75,48.75,692
2019-05-23,46.57500076293945,48.5,46.25,47.5,47.5,436
2019-05-24,47.5,47.5,46.0,47.5,47.5,504
2019-05-28,46.5,47.5,44.275001525878906,45.75,45.75,2532
2019-05-29,44.25,46.5,44.17499923706055,45.0,45.0,1656
2019-05-30,45.5,46.25,43.75,43.75,43.75,2184
2019-05-31,43.75,49.5,43.75,47.5,47.5,6200
2019-06-03,47.5,47.5,44.0,45.25,45.25,1484
2019-06-04,45.0,46.75,43.25,43.25,43.25,1624
2019-06-05,45.0,45.25,40.45000076293945,45.25,45.25,2224
2019-06-06,46.25,50.75,43.525001525878906,45.5,45.5,4568
2019-06-07,49.5,52.5,40.5,41.75,41.75,13972
2019-06-10,38.75,40.25,30.5,31.75,31.75,13152
2019-06-11,32.0,32.82500076293945,28.25,28.575000762939453,28.575000762939453,14468
2019-06-12,30.5,30.75,26.5,28.75,28.75,250852
2019-06-13,30.0,30.0,25.75,27.0,27.0,15008
2019-06-14,29.25,29.25,25.875,27.5,27.5,8316
2019-06-17,27.25,27.5,26.0,26.625,26.625,5240
2019-06-18,26.5,28.0,25.25,26.0,26.0,3920
2019-06-19,25.75,29.25,25.75,27.75,27.75,32068
2019-06-20,28.5,28.75,26.5,27.0,27.0,30548
2019-06-21,27.0,28.25,26.0,27.25,27.25,15368
2019-06-24,26.25,27.25,23.5,24.25,24.25,19384
2019-06-25,25.0,25.0,23.5,23.625,23.625,9132
2019-06-26,23.5,25.5,21.75,25.0,25.0,6948
2019-06-27,25.5,28.0,23.899999618530273,26.5,26.5,12936
2019-06-28,26.25,27.649999618530273,25.75,26.0,26.0,3676
2019-07-01,26.075000762939453,26.325000762939453,25.0,25.125,25.125,2232
2019-07-02,25.0,26.25,24.5,24.524999618530273,24.524999618530273,1056
2019-07-03,24.5,25.649999618530273,24.5,25.5,25.5,1612
2019-07-05,24.0,24.75,23.5,24.25,24.25,4168
2019-07-08,23.625,24.575000762939453,23.024999618530273,24.350000381469727,24.350000381469727,2352
2019-07-09,23.75,24.25,22.875,23.125,23.125,4740
2019-07-10,22.75,24.5,22.75,23.875,23.875,1988
2019-07-11,24.0,25.325000762939453,23.25,25.0,25.0,4032
2019-07-12,25.0,26.25,24.5,25.0,25.0,4340
2019-07-15,25.75,25.75,24.75,24.75,24.75,1164
2019-07-16,25.0,25.25,24.75,25.0,25.0,1188
2019-07-17,24.924999237060547,25.25,23.299999237060547,24.5,24.5,5148
2019-07-18,23.0,24.225000381469727,22.875,24.225000381469727,24.225000381469727,356
2019-07-19,25.0,27.5,24.25,24.5,24.5,8592
2019-07-22,24.5,27.0,24.0,26.25,26.25,15440
2019-07-23,27.0,28.75,25.549999237060547,27.149999618530273,27.149999618530273,8644
2019-07-24,27.25,28.174999237060547,25.5,27.125,27.125,5248
2019-07-25,27.5,28.75,23.774999618530273,25.850000381469727,25.850000381469727,10440
2019-07-26,26.25,27.0,25.25,26.25,26.25,5536
2019-07-29,27.0,28.25,25.5,27.0,27.0,5056
2019-07-30,26.5,28.0,26.5,27.25,27.25,5064
2019-07-31,28.0,29.0,27.5,28.0,28.0,6536
2019-08-01,28.0,29.5,28.0,28.75,28.75,8164
2019-08-02,28.75,30.0,28.25,28.5,28.5,2464
2019-08-05,29.0,29.25,28.25,28.25,28.25,2964
2019-08-06,29.25,29.25,25.0,26.75,26.75,5792
2019-08-07,26.5,28.5,25.5,26.75,26.75,592
2019-08-08,26.5,28.5,25.5,25.5,25.5,3364
2019-08-09,25.5,26.0,24.375,25.5,25.5,2300
2019-08-12,25.075000762939453,25.75,24.5,24.950000762939453,24.950000762939453,2092
2019-08-13,24.625,26.25,23.75,23.75,23.75,3168
2019-08-14,24.950000762939453,26.5,23.75,25.0,25.0,8036
2019-08-15,25.0,25.5,24.25,24.375,24.375,2484
2019-08-16,23.774999618530273,25.0,23.774999618530273,24.975000381469727,24.975000381469727,1512
2019-08-19,24.924999237060547,26.649999618530273,24.75,25.75,25.75,3300
2019-08-20,26.5,27.25,25.0,25.0,25.0,3512
2019-08-21,25.75,26.0,24.75,25.0,25.0,2220
2019-08-22,25.0,26.0,25.0,26.0,26.0,624
2019-08-23,25.75,25.75,24.75,24.875,24.875,1052
2019-08-26,24.875,26.0,24.875,25.75,25.75,236
2019-08-27,25.5,25.75,24.75,25.75,25.75,1860
2019-08-28,25.25,25.5,24.899999618530273,25.5,25.5,1344
2019-08-29,25.25,27.0,24.5,26.0,26.0,2428
2019-08-30,26.5,26.5,24.0,24.0,24.0,3244
2019-09-03,24.0,26.25,24.0,24.875,24.875,1368
2019-09-04,26.174999237060547,26.25,24.25,25.0,25.0,3404
2019-09-05,24.600000381469727,25.75,24.5,25.200000762939453,25.200000762939453,1544
2019-09-06,25.25,26.125,24.100000381469727,24.5,24.5,2344
2019-09-09,25.5,25.875,24.149999618530273,24.25,24.25,1228
2019-09-10,24.25,25.75,23.5,25.0,25.0,2164
2019-09-11,23.75,25.0,23.375,24.25,24.25,2596
2019-09-12,23.899999618530273,24.25,23.5,24.25,24.25,1768
2019-09-13,24.0,25.25,23.5,24.0,24.0,3376
2019-09-16,24.375,24.75,23.5,23.524999618530273,23.524999618530273,3000
2019-09-17,23.524999618530273,23.75,23.0,23.5,23.5,2268
2019-09-18,23.5,23.600000381469727,22.75,23.024999618530273,23.024999618530273,2328
2019-09-19,23.075000762939453,23.75,22.75,23.0,23.0,3352
2019-09-20,23.5,23.75,22.75,23.75,23.75,2792
2019-09-23,23.850000381469727,23.850000381469727,21.75,21.899999618530273,21.899999618530273,2508
2019-09-24,21.75,21.75,19.575000762939453,20.424999237060547,20.424999237060547,2832
2019-09-25,21.399999618530273,21.875,19.774999618530273,21.5,21.5,1256
2019-09-26,21.5,21.799999237060547,20.075000762939453,20.274999618530273,20.274999618530273,880
2019-09-27,20.075000762939453,21.25,20.075000762939453,20.75,20.75,536
2019-09-30,20.75,21.674999237060547,20.75,21.350000381469727,21.350000381469727,696
2019-10-01,21.25,21.674999237060547,20.450000762939453,20.799999237060547,20.799999237060547,1464
2019-10-02,20.149999618530273,22.5,20.149999618530273,20.774999618530273,20.774999618530273,276
2019-10-03,20.149999618530273,21.25,20.0,20.5,20.5,548
2019-10-04,21.350000381469727,21.5,20.0,20.25,20.25,1440
2019-10-07,20.25,20.25,18.0,18.75,18.75,1172
2019-10-08,19.0,19.0,17.5,17.75,17.75,1412
2019-10-09,17.725000381469727,18.450000762939453,16.5,16.5,16.5,1204
2019-10-10,16.975000381469727,18.575000762939453,16.049999237060547,17.5,17.5,296
2019-10-11,16.950000762939453,16.950000762939453,16.25,16.5,16.5,1548
2019-10-14,16.25,16.5,14.574999809265137,15.725000381469727,15.725000381469727,388
2019-10-15,15.0,16.100000381469727,14.5,15.324999809265137,15.324999809265137,708
2019-10-16,16.225000381469727,18.75,15.800000190734863,15.875,15.875,2100
2019-10-17,17.25,18.100000381469727,16.674999237060547,16.725000381469727,16.725000381469727,612
2019-10-18,18.0,19.125,17.5,17.5,17.5,848
2019-10-21,18.375,19.125,17.549999237060547,18.25,18.25,632
2019-10-22,18.25,20.0,18.0,18.5,18.5,2364
2019-10-23,18.25,20.0,18.25,18.825000762939453,18.825000762939453,1104
2019-10-24,19.25,20.75,19.25,19.25,19.25,984
2019-10-25,20.225000381469727,20.25,19.25,19.5,19.5,1948
2019-10-28,20.25,20.875,19.5,20.0,20.0,888
2019-10-29,21.0,21.0,18.25,18.25,18.25,792
2019-10-30,18.25,18.25,17.5,17.5,17.5,152
2019-10-31,17.75,18.649999618530273,17.5,17.5,17.5,1172
2019-11-01,18.725000381469727,18.725000381469727,17.549999237060547,18.225000381469727,18.225000381469727,112
2019-11-04,18.5,19.5,18.5,18.75,18.75,588
2019-11-05,18.75,19.399999618530273,17.5,18.75,18.75,340
2019-11-06,18.774999618530273,19.0,15.75,15.75,15.75,1268
2019-11-07,16.5,18.25,14.75,14.875,14.875,1072
2019-11-08,14.25,14.625,12.5,14.25,14.25,3652
2019-11-11,14.574999809265137,14.574999809265137,10.925000190734863,11.949999809265137,11.949999809265137,3424
2019-11-12,11.75,15.0,11.75,14.75,14.75,2880
2019-11-13,15.0,15.0,12.25,13.0,13.0,4660
2019-11-14,12.25,13.0,11.25,13.0,13.0,2464
2019-11-15,13.324999809265137,15.0,13.0,13.75,13.75,952
2019-11-18,14.0,14.75,12.550000190734863,13.725000381469727,13.725000381469727,2248
2019-11-19,15.25,15.25,12.850000381469727,14.5,14.5,1220
2019-11-20,14.524999618530273,14.75,13.375,13.550000190734863,13.550000190734863,3040
2019-11-21,13.5,13.75,12.850000381469727,13.0,13.0,964
2019-11-22,13.149999618530273,13.550000190734863,12.5,12.75,12.75,212
2019-11-25,13.300000190734863,13.699999809265137,13.25,13.600000381469727,13.600000381469727,140
2019-11-26,13.449999809265137,13.449999809265137,12.5,12.75,12.75,1164
2019-11-27,12.5,13.324999809265137,11.675000190734863,12.0,12.0,6064
2019-11-29,12.75,12.875,12.375,12.375,12.375,296
2019-12-02,12.5,13.199999809265137,12.425000190734863,12.475000381469727,12.475000381469727,2188
2019-12-03,12.25,12.5,12.25,12.399999618530273,12.399999618530273,1844
2019-12-04,12.25,13.5,11.524999618530273,12.5,12.5,3168
2019-12-05,12.0,12.75,12.0,12.75,12.75,272
2019-12-06,13.0,15.75,12.524999618530273,13.0,13.0,3784
2019-12-09,13.649999618530273,13.75,11.25,11.75,11.75,2276
2019-12-10,11.350000381469727,11.574999809265137,11.0,11.25,11.25,988
2019-12-11,10.25,11.75,10.25,11.449999809265137,11.449999809265137,1768
2019-12-12,11.0,11.25,9.550000190734863,11.25,11.25,5828
2019-12-13,11.699999809265137,11.699999809265137,9.5,10.875,10.875,3460
2019-12-16,11.75,12.0,10.25,11.75,11.75,1416
2019-12-17,11.0,12.149999618530273,10.25,11.5,11.5,3764
2019-12-18,10.75,11.0,9.5,10.625,10.625,3580
2019-12-19,10.024999618530273,10.75,9.550000190734863,10.75,10.75,1420
2019-12-20,10.5,10.75,9.75,10.75,10.75,1348
2019-12-23,10.5,10.75,9.875,10.0,10.0,1136
2019-12-24,10.449999809265137,11.199999809265137,10.274999618530273,10.574999809265137,10.574999809265137,1916
2019-12-26,10.975000381469727,10.975000381469727,9.5,9.75,9.75,4220
2019-12-27,9.75,12.75,9.75,12.0,12.0,10660
2019-12-30,11.25,13.75,11.074999809265137,13.324999809265137,13.324999809265137,5032
2019-12-31,12.75,14.25,12.300000190734863,13.75,13.75,3388
2020-01-02,14.225000381469727,14.225000381469727,12.5,13.75,13.75,1708
2020-01-03,13.75,14.125,12.5,13.75,13.75,916
2020-01-06,13.75,14.175000190734863,12.824999809265137,14.0,14.0,1508
2020-01-07,13.75,14.600000381469727,12.875,13.350000381469727,13.350000381469727,972
2020-01-08,15.024999618530273,21.25,13.774999618530273,18.024999618530273,18.024999618530273,34628
2020-01-09,17.0,17.75,15.25,15.600000381469727,15.600000381469727,9388
2020-01-10,15.675000190734863,15.75,13.0,13.25,13.25,8304
2020-01-13,13.5,14.75,12.75,13.5,13.5,3848
2020-01-14,13.5,14.25,13.25,13.524999618530273,13.524999618530273,2536
2020-01-15,13.875,13.875,13.0,13.625,13.625,1088
2020-01-16,13.75,14.5,12.850000381469727,13.875,13.875,3460
2020-01-17,15.25,15.25,12.75,14.949999809265137,14.949999809265137,3504
2020-01-21,15.699999809265137,16.0,14.5,14.75,14.75,1788
2020-01-22,14.75,14.75,13.25,14.5,14.5,1704
2020-01-23,13.5,14.75,12.75,13.725000381469727,13.725000381469727,4336
2020-01-24,14.25,14.25,11.175000190734863,11.25,11.25,4892
2020-01-27,11.649999618530273,12.649999618530273,10.625,11.5,11.5,1324
2020-01-28,11.5,12.524999618530273,11.5,12.149999618530273,12.149999618530273,1468
2020-01-29,12.175000190734863,13.0,12.0,12.625,12.625,1352
2020-01-30,13.75,15.449999809265137,12.774999618530273,15.25,15.25,11364
2020-01-31,14.0,16.375,13.5,15.25,15.25,4772
2020-02-03,15.875,16.5,14.0,14.125,14.125,2756
2020-02-04,15.0,15.75,13.25,14.125,14.125,2828
2020-02-05,14.75,16.5,14.25,14.574999809265137,14.574999809265137,2180
2020-02-06,16.0,16.0,14.449999809265137,14.75,14.75,812
2020-02-07,14.625,15.425000190734863,14.074999809265137,14.199999809265137,14.199999809265137,976
2020-02-10,14.175000190734863,14.5,13.524999618530273,14.199999809265137,14.199999809265137,452
2020-02-11,14.600000381469727,15.399999618530273,14.25,15.0,15.0,4268
2020-02-12,14.399999618530273,18.875,14.399999618530273,18.799999237060547,18.799999237060547,7692
2020-02-13,19.5,19.5,16.649999618530273,17.75,17.75,3940
2020-02-14,17.75,19.0,17.75,17.774999618530273,17.774999618530273,2428
2020-02-18,16.950000762939453,18.0,16.524999618530273,17.5,17.5,2256
2020-02-19,17.5,18.100000381469727,17.25,18.0,18.0,2796
2020-02-20,17.25,18.100000381469727,17.049999237060547,17.399999618530273,17.399999618530273,3360
2020-02-21,17.75,18.5,17.5,17.674999237060547,17.674999237060547,2672
2020-02-24,17.5,17.975000381469727,16.5,17.274999618530273,17.274999618530273,312
2020-02-25,18.0,19.0,16.5,17.5,17.5,4648
2020-02-26,17.125,18.75,17.0,17.850000381469727,17.850000381469727,544
2020-02-27,18.0,18.0,16.5,16.549999237060547,16.549999237060547,2968
2020-02-28,16.700000762939453,17.299999237060547,16.5,17.200000762939453,17.200000762939453,1376
2020-03-02,17.25,19.424999237060547,17.25,17.875,17.875,2888
2020-03-03,17.0,19.25,17.0,17.375,17.375,4236
2020-03-04,17.5,19.149999618530273,13.75,17.0,17.0,3780
2020-03-05,17.75,17.875,15.0,15.399999618530273,15.399999618530273,3600
2020-03-06,15.199999809265137,15.375,13.0,13.75,13.75,2944
2020-03-09,11.324999809265137,13.75,11.324999809265137,13.5,13.5,3492
2020-03-10,12.0,17.5,11.25,16.924999237060547,16.924999237060547,16068
2020-03-11,16.899999618530273,16.899999618530273,11.25,12.5,12.5,6660
2020-03-12,12.0,12.0,8.5,8.774999618530273,8.774999618530273,9412
2020-03-13,9.25,13.850000381469727,8.75,9.074999809265137,9.074999809265137,4760
2020-03-16,10.0,10.0,7.550000190734863,8.300000190734863,8.300000190734863,3760
2020-03-17,8.75,9.75,8.300000190734863,9.5,9.5,2524
2020-03-18,11.25,12.25,8.675000190734863,8.75,8.75,6856
2020-03-19,9.0,9.375,8.0,8.074999809265137,8.074999809265137,4272
2020-03-20,7.5,8.75,6.800000190734863,7.974999904632568,7.974999904632568,6000
2020-03-23,7.525000095367432,7.75,6.800000190734863,7.25,7.25,2432
2020-03-24,6.849999904632568,8.0,5.275000095367432,7.0,7.0,5112
2020-03-25,7.5,8.0,6.625,6.75,6.75,4356
2020-03-26,6.300000190734863,7.5,6.300000190734863,6.75,6.75,6012
2020-03-27,7.25,10.625,7.0,8.375,8.375,17224
2020-03-30,8.274999618530273,10.0,7.75,7.775000095367432,7.775000095367432,9420
2020-03-31,7.25,8.449999809265137,7.25,7.375,7.375,2972
2020-04-01,7.5,7.75,6.25,6.875,6.875,3524
2020-04-02,7.849999904632568,8.25,6.775000095367432,7.125,7.125,4140
2020-04-03,7.5,8.25,6.25,7.324999809265137,7.324999809265137,3724
2020-04-06,7.474999904632568,7.75,6.875,6.875,6.875,1644
2020-04-07,7.0,7.300000190734863,6.5,6.75,6.75,3436
2020-04-08,6.5,7.5,6.25,7.025000095367432,7.025000095367432,5544
2020-04-09,7.0,7.775000095367432,7.0,7.75,7.75,3004
2020-04-13,7.75,8.25,7.125,7.25,7.25,3696
2020-04-14,7.25,8.75,7.25,8.375,8.375,4944
2020-04-15,8.0,11.25,8.0,10.0,10.0,6148
2020-04-16,10.0,10.949999809265137,9.0,10.0,10.0,4292
2020-04-17,10.125,11.050000190734863,9.125,10.375,10.375,4360
2020-04-20,12.25,12.25,9.75,10.199999809265137,10.199999809265137,5672
2020-04-21,9.850000381469727,11.050000190734863,9.175000190734863,9.25,9.25,2260
2020-04-22,9.375,11.25,9.375,10.199999809265137,10.199999809265137,3304
2020-04-23,11.5,12.25,10.25,10.5,10.5,5840
2020-04-24,12.25,12.25,10.5,11.425000190734863,11.425000190734863,1428
2020-04-27,11.25,12.5,10.5,11.625,11.625,4104
2020-04-28,11.350000381469727,12.0,9.5,10.399999618530273,10.399999618530273,13408
2020-04-29,10.399999618530273,10.625,10.25,10.449999809265137,10.449999809265137,2192
2020-04-30,10.0,10.625,9.5,10.0,10.0,3172
2020-05-01,10.449999809265137,10.449999809265137,9.0,9.425000190734863,9.425000190734863,2872
2020-05-04,9.0,9.949999809265137,7.775000095367432,9.725000381469727,9.725000381469727,3500
2020-05-05,10.199999809265137,10.25,8.774999618530273,9.949999809265137,9.949999809265137,2448
2020-05-06,9.5,10.449999809265137,9.0,9.0,9.0,2796
2020-05-07,9.25,9.75,8.925000190734863,9.375,9.375,776
2020-05-08,9.375,9.600000381469727,8.875,9.5,9.5,1764
2020-05-11,9.399999618530273,9.800000190734863,9.0,9.5,9.5,2292
2020-05-12,9.75,10.050000190734863,7.625,8.050000190734863,8.050000190734863,61732
2020-05-13,8.125,8.199999809265137,7.525000095367432,7.824999809265137,7.824999809265137,13504
2020-05-14,7.5,9.75,7.0,8.550000190734863,8.550000190734863,54768
2020-05-15,9.725000381469727,9.725000381469727,8.25,8.524999618530273,8.524999618530273,57132
2020-05-18,8.524999618530273,9.5,8.274999618530273,9.100000381469727,9.100000381469727,26396
2020-05-19,9.0,9.5,8.5,9.125,9.125,13104
2020-05-20,9.375,10.0,8.524999618530273,9.75,9.75,27680
2020-05-21,9.75,9.75,8.75,9.050000190734863,9.050000190734863,19980
2020-05-22,9.050000190734863,9.175000190734863,8.5,8.875,8.875,15084
2020-05-26,8.625,9.125,8.5,8.875,8.875,8180
2020-05-27,8.850000381469727,9.0,8.600000381469727,8.75,8.75,6160
2020-05-28,8.725000381469727,9.75,8.125,8.5,8.5,60972
2020-05-29,8.524999618530273,8.975000381469727,8.100000381469727,8.149999618530273,8.149999618530273,10544
2020-06-01,12.375,12.5,8.625,9.024999618530273,9.024999618530273,325212
2020-06-02,9.0,9.0,8.175000190734863,8.274999618530273,8.274999618530273,91592
2020-06-03,8.25,8.25,7.675000190734863,7.974999904632568,7.974999904632568,83788
2020-06-04,8.274999618530273,9.375,8.050000190734863,8.975000381469727,8.975000381469727,94800
2020-06-05,9.5,9.75,8.75,9.274999618530273,9.274999618530273,56996
2020-06-08,9.600000381469727,11.25,9.600000381469727,10.75,10.75,95076
2020-06-09,10.25,11.25,10.25,11.25,11.25,42876
2020-06-10,11.25,12.25,9.25,11.75,11.75,84456
2020-06-11,10.550000190734863,11.725000381469727,9.625,10.5,10.5,97168
2020-06-12,10.699999809265137,11.0,10.0,10.725000381469727,10.725000381469727,56912
2020-06-15,10.324999809265137,11.25,9.875,10.550000190734863,10.550000190734863,52144
2020-06-16,10.800000190734863,12.0,10.625,11.0,11.0,103792
2020-06-17,10.75,16.0,10.25,13.0,13.0,361036
2020-06-18,12.0,13.050000190734863,11.0,11.225000381469727,11.225000381469727,81768
2020-06-19,11.350000381469727,12.25,11.350000381469727,11.524999618530273,11.524999618530273,38948
2020-06-22,11.699999809265137,13.649999618530273,11.0,11.5,11.5,95524
2020-06-23,11.5,12.0,10.5,10.925000190734863,10.925000190734863,44864
2020-06-24,11.25,11.300000190734863,10.274999618530273,10.475000381469727,10.475000381469727,43080
2020-06-25,10.625,10.75,9.5,9.975000381469727,9.975000381469727,58664
2020-06-26,10.125,10.199999809265137,9.375,9.625,9.625,32544
2020-06-29,9.625,10.850000381469727,9.25,9.75,9.75,77948
2020-06-30,9.475000381469727,9.975000381469727,9.25,9.649999618530273,9.649999618530273,12624
2020-07-01,9.949999809265137,9.949999809265137,8.774999618530273,9.75,9.75,22344
2020-07-02,9.75,10.625,9.449999809265137,10.475000381469727,10.475000381469727,26148
2020-07-06,10.375,10.475000381469727,9.5,10.050000190734863,10.050000190734863,26004
2020-07-07,9.774999618530273,10.5,9.625,10.25,10.25,23640
2020-07-08,10.024999618530273,10.425000190734863,9.75,9.975000381469727,9.975000381469727,27688
2020-07-09,10.0,10.375,9.649999618530273,10.100000381469727,10.100000381469727,31492
2020-07-10,9.875,10.725000381469727,9.625,9.875,9.875,63820
2020-07-13,10.024999618530273,10.300000190734863,9.399999618530273,9.449999809265137,9.449999809265137,25596
2020-07-14,8.899999618530273,9.449999809265137,8.899999618530273,9.375,9.375,23648
2020-07-15,9.75,10.475000381469727,9.0,9.75,9.75,55368
2020-07-16,9.975000381469727,9.975000381469727,9.0,9.300000190734863,9.300000190734863,139888
2020-07-17,9.75,10.375,8.550000190734863,9.975000381469727,9.975000381469727,200828
2020-07-20,10.475000381469727,11.75,9.975000381469727,10.925000190734863,10.925000190734863,79004
2020-07-21,11.5,11.5,10.75,11.0,11.0,37668
2020-07-22,9.75,10.0,8.375,8.675000190734863,8.675000190734863,608264
2020-07-23,8.875,9.0,8.25,8.850000381469727,8.850000381469727,453444
2020-07-24,8.324999809265137,8.625,8.0,8.050000190734863,8.050000190734863,193520
2020-07-27,8.25,8.25,7.75,7.875,7.875,162656
2020-07-28,7.974999904632568,8.0,7.25,8.0,8.0,131100
2020-07-29,7.75,8.324999809265137,7.574999809265137,7.800000190734863,7.800000190734863,135652
2020-07-30,7.650000095367432,8.175000190734863,7.625,8.024999618530273,8.024999618530273,107048
2020-07-31,8.149999618530273,8.574999809265137,8.0,8.25,8.25,177404
2020-08-03,8.350000381469727,8.375,7.875,8.100000381469727,8.100000381469727,88404
2020-08-04,8.175000190734863,8.25,8.024999618530273,8.199999809265137,8.199999809265137,55828
2020-08-05,8.324999809265137,8.350000381469727,8.050000190734863,8.074999809265137,8.074999809265137,44916
2020-08-06,8.25,8.25,8.0,8.100000381469727,8.100000381469727,41968
2020-08-07,8.149999618530273,9.350000381469727,7.800000190734863,9.074999809265137,9.074999809265137,633088
2020-08-10,10.75,11.5,9.774999618530273,10.350000381469727,10.350000381469727,469896
2020-08-11,9.725000381469727,10.550000190734863,9.100000381469727,9.725000381469727,9.725000381469727,172820
2020-08-12,9.574999809265137,10.25,8.774999618530273,8.925000190734863,8.925000190734863,139884
2020-08-13,8.324999809265137,8.550000190734863,8.0,8.100000381469727,8.100000381469727,165784
2020-08-14,8.100000381469727,8.375,7.824999809265137,7.925000190734863,7.925000190734863,86968
2020-08-17,7.949999809265137,8.0,7.75,7.775000095367432,7.775000095367432,75884
2020-08-18,8.0,8.75,7.875,7.875,7.875,98252
2020-08-19,8.100000381469727,8.25,7.5,7.525000095367432,7.525000095367432,89476
2020-08-20,7.599999904632568,7.625,6.775000095367432,7.025000095367432,7.025000095367432,131500
2020-08-21,8.024999618530273,20.25,8.0,11.5,11.5,18677492
2020-08-24,10.0,10.75,8.625,9.875,9.875,992968
2020-08-25,9.5,15.0,8.824999809265137,11.0,11.0,1685708
2020-08-26,10.225000381469727,10.975000381469727,9.824999809265137,10.199999809265137,10.199999809265137,231116
2020-08-27,9.975000381469727,11.25,9.550000190734863,11.25,11.25,271956
2020-08-28,10.875,11.225000381469727,10.5,11.125,11.125,164396
2020-08-31,10.850000381469727,10.875,10.0,10.25,10.25,134288
2020-09-01,10.75,10.75,10.0,10.225000381469727,10.225000381469727,79676
2020-09-02,10.0,10.100000381469727,9.25,10.0,10.0,103616
2020-09-03,10.25,10.375,9.375,9.699999809265137,9.699999809265137,90704
2020-09-04,9.5,9.75,9.050000190734863,9.449999809265137,9.449999809265137,66620
2020-09-08,9.5,9.5,8.975000381469727,9.074999809265137,9.074999809265137,70668
2020-09-09,9.0,12.699999809265137,8.975000381469727,10.225000381469727,10.225000381469727,483284
2020-09-10,10.125,10.524999618530273,9.899999618530273,10.25,10.25,88868
2020-09-11,10.100000381469727,14.475000381469727,10.100000381469727,14.100000381469727,14.100000381469727,348520
2020-09-14,13.75,14.0,11.625,11.75,11.75,219588
2020-09-15,12.324999809265137,13.5,10.25,10.875,10.875,300392
2020-09-16,10.649999618530273,10.875,10.300000190734863,10.600000381469727,10.600000381469727,88804
2020-09-17,10.100000381469727,10.899999618530273,10.024999618530273,10.5,10.5,69160
2020-09-18,10.350000381469727,11.850000381469727,10.350000381469727,10.524999618530273,10.524999618530273,136224
2020-09-21,10.699999809265137,11.125,10.375,10.649999618530273,10.649999618530273,75256
2020-09-22,10.350000381469727,11.100000381469727,10.350000381469727,10.5,10.5,50400
2020-09-23,10.675000190734863,11.0,10.25,10.425000190734863,10.425000190734863,92476
2020-09-24,10.550000190734863,10.875,10.25,10.375,10.375,66372
2020-09-25,10.625,10.699999809265137,10.125,10.625,10.625,46764
2020-09-28,10.199999809265137,10.699999809265137,10.199999809265137,10.649999618530273,10.649999618530273,45280
2020-09-29,10.524999618530273,11.75,10.399999618530273,11.100000381469727,11.100000381469727,128388
2020-09-30,11.5,11.75,10.75,10.824999809265137,10.824999809265137,73144
2020-10-01,10.675000190734863,11.25,10.550000190734863,10.975000381469727,10.975000381469727,45708
2020-10-02,11.225000381469727,11.625,10.574999809265137,10.774999618530273,10.774999618530273,79476
2020-10-05,10.649999618530273,11.0,10.375,10.5,10.5,46136
2020-10-06,10.5,10.5,10.0,10.225000381469727,10.225000381469727,75220
2020-10-07,9.25,9.975000381469727,8.625,9.975000381469727,9.975000381469727,280348
2020-10-08,9.5,10.0,9.475000381469727,10.0,10.0,164640
2020-10-09,9.899999618530273,9.975000381469727,9.5,9.725000381469727,9.725000381469727,73488
2020-10-12,9.5,9.725000381469727,9.375,9.399999618530273,9.399999618530273,42928
2020-10-13,9.475000381469727,9.625,9.25,9.5,9.5,49700
2020-10-14,9.625,10.125,9.375,10.0,10.0,117868
2020-10-15,9.725000381469727,10.074999809265137,9.524999618530273,9.75,9.75,67972
2020-10-16,9.550000190734863,9.75,9.550000190734863,9.649999618530273,9.649999618530273,26908
2020-10-19,9.649999618530273,9.875,9.5,9.625,9.625,32392
2020-10-20,9.524999618530273,9.524999618530273,9.25,9.274999618530273,9.274999618530273,33492
2020-10-21,9.274999618530273,11.25,9.0,9.699999809265137,9.699999809265137,576012
2020-10-22,9.0,9.5,8.774999618530273,9.375,9.375,118104
2020-10-23,9.199999809265137,9.25,8.875,9.024999618530273,9.024999618530273,48796
2020-10-26,9.0,9.100000381469727,8.300000190734863,8.475000381469727,8.475000381469727,73240
2020-10-27,8.75,9.125,8.5,8.699999809265137,8.699999809265137,66732
2020-10-28,9.175000190734863,9.475000381469727,8.625,9.0,9.0,93408
2020-10-29,9.125,9.175000190734863,8.25,8.75,8.75,53896
2020-10-30,8.0,8.75,7.900000095367432,8.350000381469727,8.350000381469727,58732
2020-11-02,8.324999809265137,8.324999809265137,7.900000095367432,7.900000095367432,7.900000095367432,49116
2020-11-03,7.974999904632568,8.0,7.474999904632568,7.474999904632568,7.474999904632568,145756
2020-11-04,7.5,7.949999809265137,7.474999904632568,7.699999809265137,7.699999809265137,77484
2020-11-05,7.599999904632568,8.75,7.474999904632568,8.25,8.25,97480
2020-11-06,8.350000381469727,8.75,7.800000190734863,8.175000190734863,8.175000190734863,39344
2020-11-09,8.399999618530273,8.5,8.0,8.350000381469727,8.350000381469727,35332
2020-11-10,8.0,8.350000381469727,8.0,8.25,8.25,17428
2020-11-11,8.25,8.75,8.100000381469727,8.550000190734863,8.550000190734863,28348
2020-11-12,8.75,8.75,8.274999618530273,8.75,8.75,27184
2020-11-13,8.25,8.675000190734863,8.25,8.5,8.5,28532
2020-11-16,8.75,8.75,8.074999809265137,8.25,8.25,39664
2020-11-17,8.324999809265137,8.75,8.199999809265137,8.425000190734863,8.425000190734863,46232
2020-11-18,8.225000381469727,8.350000381469727,8.050000190734863,8.25,8.25,45588
2020-11-19,8.324999809265137,8.574999809265137,8.074999809265137,8.449999809265137,8.449999809265137,71648
2020-11-20,8.475000381469727,9.350000381469727,8.324999809265137,9.225000381469727,9.225000381469727,153592
2020-11-23,9.475000381469727,9.850000381469727,9.125,9.300000190734863,9.300000190734863,116792
2020-11-24,9.699999809265137,9.699999809265137,8.375,9.0,9.0,82464
2020-11-25,9.199999809265137,9.225000381469727,8.524999618530273,9.0,9.0,38344
2020-11-27,7.574999809265137,8.25,7.5,7.574999809265137,7.574999809265137,331948
2020-11-30,7.449999809265137,7.449999809265137,6.829999923706055,7.389999866485596,7.389999866485596,268500
2020-12-01,7.510000228881836,8.899999618530273,7.400000095367432,8.020000457763672,8.020000457763672,396700
2020-12-02,8.020000457763672,8.269000053405762,7.599999904632568,7.639999866485596,7.639999866485596,179800
2020-12-03,7.710000038146973,7.809999942779541,7.340000152587891,7.400000095367432,7.400000095367432,105300
2020-12-04,7.369999885559082,7.5229997634887695,7.260000228881836,7.380000114440918,7.380000114440918,61900
2020-12-07,7.400000095367432,7.96999979019165,7.400000095367432,7.920000076293945,7.920000076293945,124200
2020-12-08,7.900000095367432,8.133999824523926,7.590000152587891,7.650000095367432,7.650000095367432,100500
2020-12-09,7.710000038146973,8.399999618530273,7.710000038146973,7.96999979019165,7.96999979019165,168900
2020-12-10,7.949999809265137,8.279999732971191,7.949999809265137,8.130000114440918,8.130000114440918,57400
2020-12-11,8.1899995803833,17.68000030517578,8.03499984741211,11.539999961853027,11.539999961853027,19704800
2020-12-14,13.222000122070312,13.786999702453613,11.54800033569336,12.100000381469727,12.100000381469727,2762700
2020-12-15,11.670000076293945,11.819999694824219,9.770000457763672,10.739999771118164,10.739999771118164,1758400
2020-12-16,11.170000076293945,11.52400016784668,10.159000396728516,10.359999656677246,10.359999656677246,892600
2020-12-17,9.5,9.920000076293945,8.699999809265137,9.0,9.0,727200
2020-12-18,9.100000381469727,9.229999542236328,8.649999618530273,8.819999694824219,8.819999694824219,351500
2020-12-21,7.75,8.15999984741211,7.650000095367432,7.789999961853027,7.789999961853027,457700
2020-12-22,7.710000038146973,8.680000305175781,7.702000141143799,8.550000190734863,8.550000190734863,451700
2020-12-23,8.390000343322754,8.5,7.909999847412109,8.170000076293945,8.170000076293945,406200
2020-12-24,8.260000228881836,8.399999618530273,7.900000095367432,7.929999828338623,7.929999828338623,87700
2020-12-28,8.050000190734863,8.345999717712402,7.940000057220459,8.09000015258789,8.09000015258789,226600
2020-12-29,8.149999618530273,8.34000015258789,7.949999809265137,7.949999809265137,7.949999809265137,299700
2020-12-30,7.96999979019165,8.239999771118164,7.96999979019165,8.020000457763672,8.020000457763672,80000
2020-12-31,7.989999771118164,8.75,7.989999771118164,8.649999618530273,8.649999618530273,165200
2021-01-04,8.619999885559082,8.979999542236328,8.210000038146973,8.399999618530273,8.399999618530273,166000
2021-01-05,8.479999542236328,8.682000160217285,8.300000190734863,8.630000114440918,8.630000114440918,326600
2021-01-06,8.550000190734863,9.182000160217285,8.550000190734863,8.859999656677246,8.859999656677246,228400
2021-01-07,9.069999694824219,9.369999885559082,8.8100004196167,9.100000381469727,9.100000381469727,209100
2021-01-08,9.100000381469727,9.4399995803833,8.800000190734863,9.3100004196167,9.3100004196167,199600
2021-01-11,9.609999656677246,9.739999771118164,9.15999984741211,9.260000228881836,9.260000228881836,184600
2021-01-12,9.40999984741211,9.619999885559082,8.449999809265137,8.539999961853027,8.539999961853027,322900
2021-01-13,9.180000305175781,9.300000190734863,8.699999809265137,9.0,9.0,309600
2021-01-14,8.880000114440918,9.25,8.831000328063965,9.09000015258789,9.09000015258789,154800
2021-01-15,9.050000190734863,9.050000190734863,8.260000228881836,8.539999961853027,8.539999961853027,286400
2021-01-19,8.65999984741211,8.979999542236328,8.399999618530273,8.819999694824219,8.819999694824219,244600
2021-01-20,8.899999618530273,8.946000099182129,8.520000457763672,8.770000457763672,8.770000457763672,263300
2021-01-21,8.739999771118164,8.84000015258789,8.529999732971191,8.739999771118164,8.739999771118164,113800
2021-01-22,8.729999542236328,8.779999732971191,8.5600004196167,8.739999771118164,8.739999771118164,97100
2021-01-25,8.609999656677246,9.199999809265137,8.5,9.09000015258789,9.09000015258789,214800
2021-01-26,9.010000228881836,10.321999549865723,8.930999755859375,9.890000343322754,9.890000343322754,388900
2021-01-27,9.25,10.369999885559082,9.149999618530273,9.5,9.5,289900
2021-01-28,9.880000114440918,11.0,9.3100004196167,9.739999771118164,9.739999771118164,778600
2021-01-29,9.470000267028809,9.567999839782715,8.699999809265137,9.3100004196167,9.3100004196167,263300
2021-02-01,9.180000305175781,9.3100004196167,8.8100004196167,8.90999984741211,8.90999984741211,184200
2021-02-02,8.869999885559082,9.420000076293945,8.800000190734863,9.100000381469727,9.100000381469727,318000
2021-02-03,9.0,9.399999618530273,8.970000267028809,8.989999771118164,8.989999771118164,224100
2021-02-04,9.210000038146973,9.979999542236328,9.079999923706055,9.90999984741211,9.90999984741211,239700
2021-02-05,9.930000305175781,9.930000305175781,9.569999694824219,9.760000228881836,9.760000228881836,101700
2021-02-08,9.699999809265137,9.859999656677246,8.800000190734863,8.90999984741211,8.90999984741211,521500
2021-02-09,7.25,7.699999809265137,6.960000038146973,7.699999809265137,7.699999809265137,5823700
2021-02-10,7.949999809265137,8.0,7.110000133514404,7.599999904632568,7.599999904632568,3245900
2021-02-11,7.699999809265137,7.75,7.260000228881836,7.679999828338623,7.679999828338623,2495900
2021-02-12,7.550000190734863,7.739999771118164,7.349999904632568,7.53000020980835,7.53000020980835,1424800
2021-02-16,7.650000095367432,8.4399995803833,7.619999885559082,8.390000343322754,8.390000343322754,2810500
2021-02-17,8.270000457763672,8.390000343322754,7.840000152587891,8.130000114440918,8.130000114440918,1153300
2021-02-18,8.0,8.289999961853027,7.769999980926514,8.199999809265137,8.199999809265137,534400
2021-02-19,8.180000305175781,8.369999885559082,8.050000190734863,8.069999694824219,8.069999694824219,449900
2021-02-22,8.09000015258789,8.15999984741211,7.900000095367432,8.0,8.0,330800
2021-02-23,7.559999942779541,7.730000019073486,7.0,7.489999771118164,7.489999771118164,738200
2021-02-24,7.869999885559082,8.369999885559082,7.53000020980835,7.889999866485596,7.889999866485596,1109200
2021-02-25,7.920000076293945,7.934999942779541,7.260000228881836,7.369999885559082,7.369999885559082,637500
2021-02-26,7.5,7.5,6.880000114440918,7.130000114440918,7.130000114440918,822800
2021-03-01,7.389999866485596,7.389999866485596,7.110000133514404,7.199999809265137,7.199999809265137,437000
2021-03-02,7.210000038146973,7.650000095367432,7.130000114440918,7.309999942779541,7.309999942779541,696800
2021-03-03,7.429999828338623,7.429999828338623,7.010000228881836,7.210000038146973,7.210000038146973,352800
2021-03-04,7.099999904632568,7.199999809265137,6.0,6.190000057220459,6.190000057220459,719500
2021-03-05,6.25,6.46999979019165,5.550000190734863,6.400000095367432,6.400000095367432,483000
2021-03-08,6.309999942779541,6.599999904632568,6.0,6.239999771118164,6.239999771118164,285400
2021-03-09,6.409999847412109,6.690000057220459,6.199999809265137,6.519999980926514,6.519999980926514,209400
2021-03-10,6.699999809265137,6.769999980926514,6.380000114440918,6.690000057220459,6.690000057220459,231300
2021-03-11,6.769999980926514,7.099999904632568,6.570000171661377,6.920000076293945,6.920000076293945,247100
2021-03-12,6.800000190734863,6.920000076293945,6.699999809265137,6.849999904632568,6.849999904632568,104900
2021-03-15,6.860000133514404,7.300000190734863,6.814000129699707,7.110000133514404,7.110000133514404,307200
2021-03-16,7.25,7.590000152587891,7.03000020980835,7.059999942779541,7.059999942779541,392000
2021-03-17,6.869999885559082,7.289999961853027,6.809999942779541,7.170000076293945,7.170000076293945,216900
2021-03-18,7.199999809265137,7.590000152587891,7.050000190734863,7.199999809265137,7.199999809265137,550100
2021-03-19,7.28000020980835,7.369999885559082,6.920000076293945,6.929999828338623,6.929999828338623,312800
2021-03-22,7.090000152587891,7.590000152587891,7.090000152587891,7.320000171661377,7.320000171661377,366200
2021-03-23,7.300000190734863,7.300000190734863,6.860000133514404,6.929999828338623,6.929999828338623,179600
2021-03-24,7.050000190734863,7.25,6.820000171661377,6.889999866485596,6.889999866485596,215600
2021-03-25,6.800000190734863,6.900000095367432,6.460000038146973,6.679999828338623,6.679999828338623,249700
2021-03-26,6.800000190734863,6.986999988555908,6.360000133514404,6.579999923706055,6.579999923706055,195700
2021-03-29,6.539999961853027,6.78000020980835,6.320000171661377,6.550000190734863,6.550000190734863,141400
2021-03-30,6.440000057220459,6.539999961853027,5.960000038146973,6.380000114440918,6.380000114440918,223500
2021-03-31,6.409999847412109,6.659999847412109,6.4019999504089355,6.659999847412109,6.659999847412109,105800
2021-04-01,6.739999771118164,6.880000114440918,6.579999923706055,6.809999942779541,6.809999942779541,94700
2021-04-05,7.199999809265137,7.929999828338623,6.630000114440918,7.150000095367432,7.150000095367432,3518700
2021-04-06,7.0,7.0,6.619999885559082,6.800000190734863,6.800000190734863,308600
2021-04-07,6.690000057220459,7.449999809265137,6.65500020980835,6.920000076293945,6.920000076293945,1195400
2021-04-08,7.019999980926514,7.059999942779541,6.570000171661377,6.730000019073486,6.730000019073486,290800
2021-04-09,6.809999942779541,7.059999942779541,6.630000114440918,6.949999809265137,6.949999809265137,596600
2021-04-12,6.880000114440918,6.942999839782715,6.400000095367432,6.550000190734863,6.550000190734863,283000
2021-04-13,6.5,6.590000152587891,6.21999979019165,6.349999904632568,6.349999904632568,243300
2021-04-14,6.369999885559082,6.440000057220459,6.25,6.349999904632568,6.349999904632568,108900
2021-04-15,6.400000095367432,6.400000095367432,5.849999904632568,5.889999866485596,5.889999866485596,285600
2021-04-16,5.96999979019165,6.099999904632568,5.650000095367432,6.059999942779541,6.059999942779541,424900
2021-04-19,6.059999942779541,6.125,5.739999771118164,5.96999979019165,5.96999979019165,159600
2021-04-20,5.900000095367432,6.0,5.659999847412109,5.820000171661377,5.820000171661377,89400
2021-04-21,5.849999904632568,6.179999828338623,5.849999904632568,6.179999828338623,6.179999828338623,110500
2021-04-22,6.159999847412109,6.289999961853027,6.010000228881836,6.130000114440918,6.130000114440918,69900
2021-04-23,6.130000114440918,6.46999979019165,6.021999835968018,6.380000114440918,6.380000114440918,541900
2021-04-26,6.320000171661377,6.590000152587891,6.199999809265137,6.510000228881836,6.510000228881836,151300
2021-04-27,6.539999961853027,6.650000095367432,6.420000076293945,6.53000020980835,6.53000020980835,60600
2021-04-28,6.53000020980835,6.610000133514404,6.300000190734863,6.550000190734863,6.550000190734863,79800
2021-04-29,6.539999961853027,6.593999862670898,6.210000038146973,6.269999980926514,6.269999980926514,79200
2021-04-30,6.210000038146973,6.489999771118164,6.150000095367432,6.199999809265137,6.199999809265137,85000
2021-05-03,6.269999980926514,6.369999885559082,6.03000020980835,6.230000019073486,6.230000019073486,75300
2021-05-04,6.119999885559082,6.289999961853027,5.960000038146973,6.199999809265137,6.199999809265137,82300
2021-05-05,6.269999980926514,6.269999980926514,5.860000133514404,5.980000019073486,5.980000019073486,127600
2021-05-06,5.840000152587891,5.940000057220459,5.369999885559082,5.570000171661377,5.570000171661377,259000
2021-05-07,5.610000133514404,5.699999809265137,5.465000152587891,5.570000171661377,5.570000171661377,113600
2021-05-10,5.5,5.5,5.210000038146973,5.289999961853027,5.289999961853027,142700
2021-05-11,5.050000190734863,5.519999980926514,5.010000228881836,5.349999904632568,5.349999904632568,100700
2021-05-12,5.340000152587891,5.349999904632568,5.150000095367432,5.21999979019165,5.21999979019165,115200
2021-05-13,5.150000095367432,5.400000095367432,4.989999771118164,5.019999980926514,5.019999980926514,189600
2021-05-14,5.130000114440918,5.300000190734863,5.03000020980835,5.119999885559082,5.119999885559082,72200
2021-05-17,5.099999904632568,5.27400016784668,5.099999904632568,5.239999771118164,5.239999771118164,27500
2021-05-18,5.329999923706055,5.599999904632568,5.199999809265137,5.570000171661377,5.570000171661377,118100
2021-05-19,5.480000019073486,5.510000228881836,5.300000190734863,5.409999847412109,5.409999847412109,48100
2021-05-20,5.449999809265137,5.869999885559082,5.409999847412109,5.829999923706055,5.829999923706055,114400
2021-05-21,5.909999847412109,6.0920000076293945,5.861000061035156,6.03000020980835,6.03000020980835,86200
2021-05-24,6.130000114440918,6.130000114440918,5.599999904632568,5.75,5.75,91600
2021-05-25,5.760000228881836,5.760000228881836,5.400000095367432,5.5,5.5,68600
2021-05-26,5.5,5.849999904632568,5.5,5.619999885559082,5.619999885559082,152900
2021-05-27,5.670000076293945,5.900000095367432,5.63100004196167,5.769999980926514,5.769999980926514,41100
2021-05-28,5.849999904632568,6.03000020980835,5.849999904632568,5.909999847412109,5.909999847412109,55900
2021-06-01,5.949999809265137,6.0,5.840000152587891,5.940000057220459,5.940000057220459,30900
2021-06-02,5.920000076293945,6.119999885559082,5.849999904632568,6.059999942779541,6.059999942779541,45500
2021-06-03,5.949999809265137,6.119999885559082,5.929999828338623,6.090000152587891,6.090000152587891,47100
2021-06-04,6.090000152587891,6.25,6.050000190734863,6.139999866485596,6.139999866485596,57700
2021-06-07,6.091000080108643,6.671000003814697,6.091000080108643,6.5,6.5,150000
2021-06-08,6.460000038146973,6.585000038146973,6.320000171661377,6.480000019073486,6.480000019073486,52400
2021-06-09,6.5,6.590000152587891,6.360000133514404,6.369999885559082,6.369999885559082,45100
2021-06-10,6.389999866485596,6.460000038146973,6.199999809265137,6.284999847412109,6.284999847412109,36500
2021-06-11,6.289999961853027,6.409999847412109,6.289999961853027,6.300000190734863,6.300000190734863,36700
2021-06-14,6.380000114440918,6.489999771118164,6.369999885559082,6.409999847412109,6.409999847412109,55800
2021-06-15,6.409999847412109,6.420000076293945,6.21999979019165,6.329999923706055,6.329999923706055,38000
2021-06-16,6.21999979019165,6.329999923706055,6.139999866485596,6.25,6.25,82300
2021-06-17,6.190000057220459,6.21999979019165,6.019999980926514,6.070000171661377,6.070000171661377,96700
2021-06-18,6.010000228881836,6.090000152587891,5.980000019073486,6.019999980926514,6.019999980926514,84100
2021-06-21,6.079999923706055,6.079999923706055,5.900000095367432,5.940000057220459,5.940000057220459,64400
2021-06-22,5.949999809265137,6.110000133514404,5.909999847412109,6.090000152587891,6.090000152587891,49900
2021-06-23,6.179999828338623,6.309999942779541,6.130000114440918,6.269999980926514,6.269999980926514,37300
2021-06-24,6.239999771118164,6.550000190734863,6.239999771118164,6.510000228881836,6.510000228881836,38700
2021-06-25,6.570000171661377,6.739999771118164,6.510000228881836,6.739999771118164,6.739999771118164,86800
2021-06-28,6.690000057220459,6.869999885559082,6.668000221252441,6.71999979019165,6.71999979019165,40200
2021-06-29,6.789999961853027,6.800000190734863,6.679999828338623,6.789999961853027,6.789999961853027,41000
2021-06-30,6.730000019073486,6.989999771118164,6.679999828338623,6.869999885559082,6.869999885559082,161800
2021-07-01,6.829999923706055,6.840000152587891,6.510000228881836,6.599999904632568,6.599999904632568,90700
2021-07-02,6.638999938964844,6.650000095367432,6.369999885559082,6.5,6.5,39200
2021-07-06,6.550000190734863,6.639999866485596,6.300000190734863,6.5,6.5,49500
2021-07-07,6.5,6.579999923706055,6.050000190734863,6.429999828338623,6.429999828338623,136700
2021-07-08,6.199999809265137,6.489999771118164,6.122000217437744,6.239999771118164,6.239999771118164,98800
2021-07-09,6.260000228881836,6.409999847412109,6.050000190734863,6.349999904632568,6.349999904632568,50100
2021-07-12,6.329999923706055,6.367000102996826,6.204999923706055,6.329999923706055,6.329999923706055,38500
2021-07-13,6.329999923706055,6.329999923706055,5.900000095367432,5.940000057220459,5.940000057220459,92200
2021-07-14,5.949999809265137,6.320000171661377,5.507999897003174,5.900000095367432,5.900000095367432,202100
2021-07-15,5.760000228881836,6.019999980926514,5.625,5.650000095367432,5.650000095367432,115900
2021-07-16,5.699999809265137,5.9079999923706055,5.539999961853027,5.730000019073486,5.730000019073486,115600
2021-07-19,5.579999923706055,5.71999979019165,5.360000133514404,5.659999847412109,5.659999847412109,88500
2021-07-20,5.650000095367432,5.880000114440918,5.599999904632568,5.789999961853027,5.789999961853027,103400
2021-07-21,5.869999885559082,6.473999977111816,5.800000190734863,6.329999923706055,6.329999923706055,200700
2021-07-22,6.300000190734863,6.459000110626221,6.110000133514404,6.230000019073486,6.230000019073486,43000
2021-07-23,6.295000076293945,6.295000076293945,6.099999904632568,6.170000076293945,6.170000076293945,40400
2021-07-26,6.38700008392334,6.38700008392334,6.190000057220459,6.269999980926514,6.269999980926514,56300
2021-07-27,6.190000057220459,6.190000057220459,5.900000095367432,5.940000057220459,5.940000057220459,82600
2021-07-28,5.989999771118164,6.300000190734863,5.960000038146973,6.21999979019165,6.21999979019165,25300
2021-07-29,6.25,6.389999866485596,6.139999866485596,6.239999771118164,6.239999771118164,31600
2021-07-30,6.190000057220459,6.239999771118164,6.099999904632568,6.159999847412109,6.159999847412109,25100
2021-08-02,6.269999980926514,6.623000144958496,6.156000137329102,6.570000171661377,6.570000171661377,94300
2021-08-03,8.350000381469727,8.600000381469727,6.619999885559082,7.0,7.0,35492800
2021-08-04,6.820000171661377,6.820000171661377,5.949999809265137,6.010000228881836,6.010000228881836,1572100
2021-08-05,5.909999847412109,6.079999923706055,5.703000068664551,6.0,6.0,411600
2021-08-06,5.900000095367432,6.369999885559082,5.869999885559082,6.329999923706055,6.329999923706055,382800
2021-08-09,6.059999942779541,6.28000020980835,6.0,6.059999942779541,6.059999942779541,185200
2021-08-10,6.019999980926514,6.179999828338623,5.880000114440918,6.0,6.0,233900
2021-08-11,6.0,6.440000057220459,5.986999988555908,6.440000057220459,6.440000057220459,376900
2021-08-12,6.440000057220459,7.119999885559082,6.260000228881836,6.78000020980835,6.78000020980835,401700
2021-08-13,6.400000095367432,6.980000019073486,6.320000171661377,6.889999866485596,6.889999866485596,378400
2021-08-16,6.860000133514404,7.090000152587891,6.75,6.949999809265137,6.949999809265137,223500
2021-08-17,6.909999847412109,7.090000152587891,6.769999980926514,7.070000171661377,7.070000171661377,262600
2021-08-18,7.21999979019165,7.570000171661377,6.940000057220459,7.460000038146973,7.460000038146973,533700
2021-08-19,7.03000020980835,7.210000038146973,6.760000228881836,6.820000171661377,6.820000171661377,597700
2021-08-20,6.949999809265137,7.5,6.829999923706055,7.489999771118164,7.489999771118164,227000
2021-08-23,7.480000019073486,7.480000019073486,7.195000171661377,7.360000133514404,7.360000133514404,221500
2021-08-24,7.289999961853027,7.78000020980835,7.269999980926514,7.610000133514404,7.610000133514404,364800
2021-08-25,7.570000171661377,7.769999980926514,7.25,7.699999809265137,7.699999809265137,121500
2021-08-26,7.75,7.889999866485596,7.409999847412109,7.449999809265137,7.449999809265137,227900
2021-08-27,7.480000019073486,7.78000020980835,7.429999828338623,7.659999847412109,7.659999847412109,111000
2021-08-30,7.690000057220459,7.800000190734863,7.605000019073486,7.690000057220459,7.690000057220459,112700
2021-08-31,7.71999979019165,7.979000091552734,7.619999885559082,7.880000114440918,7.880000114440918,204100
2021-09-01,7.849999904632568,7.920000076293945,7.6620001792907715,7.760000228881836,7.760000228881836,89400
2021-09-02,7.78000020980835,8.0,7.670000076293945,7.940000057220459,7.940000057220459,156200
2021-09-03,7.960000038146973,8.149999618530273,7.809999942779541,8.09000015258789,8.09000015258789,316500
2021-09-07,8.15999984741211,8.3100004196167,7.599999904632568,8.140000343322754,8.140000343322754,420600
2021-09-08,8.0600004196167,8.350000381469727,8.020000457763672,8.270000457763672,8.270000457763672,247800
2021-09-09,8.319999694824219,9.300000190734863,8.319999694824219,9.100000381469727,9.100000381469727,695700
2021-09-10,9.010000228881836,9.100000381469727,8.539999961853027,8.65999984741211,8.65999984741211,290400
2021-09-13,8.670000076293945,8.680000305175781,8.300000190734863,8.539999961853027,8.539999961853027,116000
2021-09-14,8.539999961853027,8.539999961853027,8.15999984741211,8.180000305175781,8.180000305175781,228500
2021-09-15,8.289999961853027,8.649999618530273,8.107000350952148,8.600000381469727,8.600000381469727,388800
2021-09-16,8.630000114440918,8.779999732971191,8.319999694824219,8.59000015258789,8.59000015258789,267500
2021-09-17,8.630000114440918,9.4399995803833,8.600000381469727,9.430000305175781,9.430000305175781,404300
2021-09-20,9.220000267028809,9.289999961853027,8.829999923706055,8.989999771118164,8.989999771118164,204900
2021-09-21,9.09000015258789,9.710000038146973,9.079999923706055,9.600000381469727,9.600000381469727,222700
2021-09-22,9.359999656677246,9.729999542236328,9.229999542236328,9.40999984741211,9.40999984741211,419100
2021-09-23,9.350000381469727,9.779999732971191,8.949999809265137,9.670000076293945,9.670000076293945,277100
2021-09-24,9.609999656677246,10.300000190734863,9.489999771118164,9.949999809265137,9.949999809265137,248400
2021-09-27,10.09000015258789,10.680000305175781,9.989999771118164,10.59000015258789,10.59000015258789,257300
2021-09-28,10.539999961853027,10.583999633789062,10.180000305175781,10.5600004196167,10.5600004196167,179300
2021-09-29,10.59000015258789,11.380000114440918,10.5,10.59000015258789,10.59000015258789,350400
2021-09-30,10.710000038146973,10.75,10.260000228881836,10.380000114440918,10.380000114440918,221600
2021-10-01,10.380000114440918,10.699999809265137,10.020000457763672,10.239999771118164,10.239999771118164,80700
2021-10-04,10.0600004196167,10.109000205993652,9.699999809265137,9.699999809265137,9.699999809265137,109400
2021-10-05,9.640000343322754,9.989999771118164,9.600000381469727,9.819999694824219,9.819999694824219,89600
2021-10-06,9.649999618530273,9.770999908447266,9.25,9.539999961853027,9.539999961853027,90700
2021-10-07,9.640000343322754,9.84000015258789,9.449999809265137,9.720000267028809,9.720000267028809,67800
2021-10-08,9.670000076293945,9.800000190734863,9.345000267028809,9.350000381469727,9.350000381469727,46600
2021-10-11,9.300000190734863,9.555000305175781,9.104000091552734,9.399999618530273,9.399999618530273,71800
2021-10-12,9.329999923706055,9.84000015258789,9.329999923706055,9.75,9.75,43600
2021-10-13,9.760000228881836,9.979999542236328,9.649999618530273,9.760000228881836,9.760000228881836,57900
2021-10-14,9.890000343322754,10.25,9.779999732971191,10.210000038146973,10.210000038146973,84600
2021-10-15,10.34000015258789,10.399999618530273,9.989999771118164,10.0,10.0,96600
2021-10-18,9.920000076293945,10.109999656677246,9.670000076293945,9.75,9.75,41700
2021-10-19,9.680000305175781,9.859999656677246,9.569999694824219,9.6899995803833,9.6899995803833,67600
2021-10-20,9.789999961853027,9.918000221252441,9.699999809265137,9.770000457763672,9.770000457763672,35600
2021-10-21,9.789999961853027,9.930000305175781,9.609999656677246,9.739999771118164,9.739999771118164,85500
2021-10-22,9.65999984741211,10.104999542236328,9.600000381469727,9.899999618530273,9.899999618530273,139800
2021-10-25,10.0,10.067999839782715,9.880000114440918,9.880000114440918,9.880000114440918,54100
2021-10-26,9.880000114440918,9.880000114440918,9.451000213623047,9.529999732971191,9.529999732971191,134900
2021-10-27,9.46500015258789,9.569999694824219,8.920000076293945,9.15999984741211,9.15999984741211,157000
2021-10-28,9.4399995803833,9.4399995803833,8.75,9.0,9.0,82700
2021-10-29,9.09000015258789,9.09000015258789,8.710000038146973,8.819999694824219,8.819999694824219,36900
2021-11-01,8.710000038146973,9.092000007629395,8.710000038146973,8.779999732971191,8.779999732971191,49900
2021-11-02,8.8100004196167,8.989999771118164,8.680000305175781,8.899999618530273,8.899999618530273,42000
2021-11-03,8.880000114440918,9.020000457763672,8.720000267028809,8.949999809265137,8.949999809265137,26000
2021-11-04,9.0,9.100000381469727,8.897000312805176,9.039999961853027,9.039999961853027,27100
2021-11-05,9.069999694824219,9.069999694824219,8.300000190734863,8.630000114440918,8.630000114440918,88600
2021-11-08,8.550000190734863,8.729999542236328,8.40999984741211,8.40999984741211,8.40999984741211,51300
2021-11-09,8.399999618530273,8.550000190734863,8.210000038146973,8.449999809265137,8.449999809265137,82400
2021-11-10,8.449999809265137,8.5,8.09000015258789,8.25,8.25,67900
2021-11-11,8.329999923706055,8.34000015258789,7.949999809265137,8.0,8.0,110800
2021-11-12,8.0,8.197999954223633,7.699999809265137,7.849999904632568,7.849999904632568,121900
2021-11-15,7.769999980926514,8.0,7.699999809265137,7.949999809265137,7.949999809265137,49100
2021-11-16,8.020000457763672,8.0600004196167,7.659999847412109,7.849999904632568,7.849999904632568,43800
2021-11-17,7.849999904632568,7.849999904632568,7.150000095367432,7.340000152587891,7.340000152587891,153400
2021-11-18,7.400000095367432,7.510000228881836,7.110000133514404,7.150000095367432,7.150000095367432,57600
2021-11-19,7.179999828338623,7.5,7.150000095367432,7.400000095367432,7.400000095367432,55700
2021-11-22,7.53000020980835,7.659999847412109,7.25,7.420000076293945,7.420000076293945,80600
2021-11-23,7.400000095367432,7.400000095367432,7.031000137329102,7.260000228881836,7.260000228881836,39400
2021-11-24,7.150000095367432,7.289999961853027,7.03000020980835,7.21999979019165,7.21999979019165,63400
2021-11-26,7.090000152587891,7.25,6.800000190734863,7.199999809265137,7.199999809265137,75800
2021-11-29,7.360000133514404,7.389999866485596,6.900000095367432,7.050000190734863,7.050000190734863,58500
2021-11-30,6.949999809265137,7.150000095367432,6.650000095367432,6.699999809265137,6.699999809265137,91600
2021-12-01,6.809999942779541,7.168000221252441,6.480000019073486,6.539999961853027,6.539999961853027,45800
2021-12-02,6.489999771118164,6.679999828338623,6.150000095367432,6.329999923706055,6.329999923706055,162700
2021-12-03,6.429999828338623,6.460000038146973,6.019999980926514,6.230000019073486,6.230000019073486,143800
2021-12-06,6.25,6.639999866485596,6.25,6.639999866485596,6.639999866485596,58800
2021-12-07,6.619999885559082,7.150000095367432,6.619999885559082,7.079999923706055,7.079999923706055,44400
2021-12-08,7.159999847412109,7.199999809265137,6.900000095367432,7.070000171661377,7.070000171661377,49800
2021-12-09,6.992000102996826,7.079999923706055,6.75,6.889999866485596,6.889999866485596,244600
2021-12-10,7.170000076293945,7.28000020980835,6.849999904632568,7.25,7.25,43400
2021-12-13,7.139999866485596,7.289999961853027,6.75,6.920000076293945,6.920000076293945,62800
2021-12-14,6.800000190734863,6.869999885559082,6.179999828338623,6.320000171661377,6.320000171661377,88200
2021-12-15,6.380000114440918,6.800000190734863,6.070000171661377,6.380000114440918,6.380000114440918,74200
2021-12-16,6.46999979019165,6.730000019073486,6.400000095367432,6.409999847412109,6.409999847412109,37000
2021-12-17,6.440000057220459,6.869999885559082,6.369999885559082,6.710000038146973,6.710000038146973,62400
2021-12-20,6.519999980926514,6.829999923706055,6.5,6.699999809265137,6.699999809265137,48500
2021-12-21,6.820000171661377,6.820000171661377,6.546000003814697,6.710000038146973,6.710000038146973,25100
2021-12-22,6.505000114440918,7.010000228881836,6.409999847412109,6.809999942779541,6.809999942779541,36500
2021-12-23,6.760000228881836,6.940000057220459,6.5,6.789999961853027,6.789999961853027,34500
2021-12-27,6.710000038146973,6.789999961853027,6.53000020980835,6.690000057220459,6.690000057220459,20900
2021-12-28,6.610000133514404,6.769999980926514,6.440000057220459,6.53000020980835,6.53000020980835,56100
2021-12-29,6.559999942779541,6.679999828338623,6.460000038146973,6.489999771118164,6.489999771118164,37900
2021-12-30,6.489999771118164,6.570000171661377,6.295000076293945,6.329999923706055,6.329999923706055,66800
2021-12-31,6.300000190734863,6.769999980926514,6.300000190734863,6.590000152587891,6.590000152587891,27600
2022-01-03,6.739999771118164,7.119999885559082,6.539999961853027,7.0,7.0,53000
2022-01-04,7.119999885559082,7.119999885559082,6.699999809265137,6.960000038146973,6.960000038146973,43100
2022-01-05,6.920000076293945,7.054999828338623,6.650000095367432,6.889999866485596,6.889999866485596,68100
2022-01-06,6.829999923706055,6.849999904632568,6.53000020980835,6.650000095367432,6.650000095367432,9200
2022-01-07,6.800000190734863,6.8379998207092285,6.5,6.539999961853027,6.539999961853027,26200
2022-01-10,6.570000171661377,6.670000076293945,6.341000080108643,6.670000076293945,6.670000076293945,22400
2022-01-11,6.710000038146973,6.960000038146973,6.489999771118164,6.940000057220459,6.940000057220459,29700
2022-01-12,6.940000057220459,7.013000011444092,6.579999923706055,6.630000114440918,6.630000114440918,22600
2022-01-13,6.619999885559082,6.670000076293945,6.480000019073486,6.5,6.5,32900
2022-01-14,6.493000030517578,6.559999942779541,6.349999904632568,6.400000095367432,6.400000095367432,47300
2022-01-18,6.650000095367432,6.650000095367432,6.21999979019165,6.400000095367432,6.400000095367432,41400
2022-01-19,6.478000164031982,6.5,6.260000228881836,6.300000190734863,6.300000190734863,26200
2022-01-20,6.53000020980835,6.690000057220459,6.019999980926514,6.21999979019165,6.21999979019165,21800
2022-01-21,6.21999979019165,6.21999979019165,5.78000020980835,5.800000190734863,5.800000190734863,83400
2022-01-24,5.610000133514404,5.78000020980835,5.199999809265137,5.389999866485596,5.389999866485596,241500
2022-01-25,5.519999980926514,5.960000038146973,5.519999980926514,5.909999847412109,5.909999847412109,36700
2022-01-26,5.949999809265137,6.059999942779541,5.409999847412109,5.869999885559082,5.869999885559082,30300
2022-01-27,5.699999809265137,5.889999866485596,5.389999866485596,5.550000190734863,5.550000190734863,38100
2022-01-28,5.584000110626221,5.590000152587891,5.199999809265137,5.309999942779541,5.309999942779541,60100
2022-01-31,5.690000057220459,5.699999809265137,5.5,5.510000228881836,5.510000228881836,15400
2022-02-01,5.590000152587891,5.702000141143799,5.150000095367432,5.5,5.5,74400
2022-02-02,5.460000038146973,5.53000020980835,5.309999942779541,5.400000095367432,5.400000095367432,33500
2022-02-03,5.409999847412109,5.630000114440918,5.300000190734863,5.550000190734863,5.550000190734863,34700
2022-02-04,5.460000038146973,5.5,5.059999942779541,5.324999809265137,5.324999809265137,150400
2022-02-07,5.425000190734863,5.449999809265137,5.269999980926514,5.349999904632568,5.349999904632568,15300
2022-02-08,5.349999904632568,5.460000038146973,5.150000095367432,5.309999942779541,5.309999942779541,42700
2022-02-09,5.329999923706055,5.489999771118164,5.195000171661377,5.489999771118164,5.489999771118164,76400
2022-02-10,5.425000190734863,5.5,5.340000152587891,5.420000076293945,5.420000076293945,29400
2022-02-11,5.480000019073486,5.480000019073486,5.068999767303467,5.300000190734863,5.300000190734863,52100
2022-02-14,5.300000190734863,5.300000190734863,5.210000038146973,5.210000038146973,5.210000038146973,14900
2022-02-15,5.25,5.28000020980835,5.133999824523926,5.239999771118164,5.239999771118164,46800
2022-02-16,5.151000022888184,5.300000190734863,5.061999797821045,5.150000095367432,5.150000095367432,81200
2022-02-17,5.239999771118164,5.239999771118164,4.728000164031982,4.9029998779296875,4.9029998779296875,95100
2022-02-18,5.449999809265137,5.449999809265137,4.760000228881836,4.889999866485596,4.889999866485596,38100
2022-02-22,4.900000095367432,4.940000057220459,4.559999942779541,4.559999942779541,4.559999942779541,102500
2022-02-23,4.664999961853027,4.664999961853027,4.360000133514404,4.420000076293945,4.420000076293945,113900
2022-02-24,4.239999771118164,4.570000171661377,4.079999923706055,4.539999961853027,4.539999961853027,60800
2022-02-25,4.860000133514404,5.099999904632568,4.690000057220459,5.0370001792907715,5.0370001792907715,78400
2022-02-28,5.25,5.25,4.949999809265137,5.039999961853027,5.039999961853027,32200
2022-03-01,5.039999961853027,5.260000228881836,4.960000038146973,5.239999771118164,5.239999771118164,30300
2022-03-02,5.300000190734863,5.300000190734863,5.110000133514404,5.289999961853027,5.289999961853027,27800
2022-03-03,5.329999923706055,5.329999923706055,5.008999824523926,5.230000019073486,5.230000019073486,33300
2022-03-04,5.019999980926514,5.099999904632568,4.860000133514404,4.909999847412109,4.909999847412109,49100
2022-03-07,4.867000102996826,5.150000095367432,4.860000133514404,5.099999904632568,5.099999904632568,22100
2022-03-08,5.150000095367432,5.150000095367432,4.860000133514404,5.03000020980835,5.03000020980835,17000
2022-03-09,4.900000095367432,5.230000019073486,4.900000095367432,5.178999900817871,5.178999900817871,22200
2022-03-10,5.179999828338623,5.210000038146973,4.829999923706055,5.139999866485596,5.139999866485596,17800
2022-03-11,5.0,5.099999904632568,4.900000095367432,4.960000038146973,4.960000038146973,6600
2022-03-14,5.019999980926514,5.019999980926514,4.449999809265137,4.590000152587891,4.590000152587891,54600
2022-03-15,4.690000057220459,4.690000057220459,4.559999942779541,4.559999942779541,4.559999942779541,14800
2022-03-16,5.0,5.0,4.590000152587891,4.840000152587891,4.840000152587891,34200
2022-03-17,4.949999809265137,5.190000057220459,4.619999885559082,5.190000057220459,5.190000057220459,58400
2022-03-18,5.110000133514404,5.21999979019165,4.949999809265137,5.21999979019165,5.21999979019165,15400
2022-03-21,5.090000152587891,5.150000095367432,4.860000133514404,5.090000152587891,5.090000152587891,182700
2022-03-22,5.03000020980835,5.230000019073486,4.921000003814697,5.21999979019165,5.21999979019165,15800
2022-03-23,5.139999866485596,5.309999942779541,5.0,5.199999809265137,5.199999809265137,40500
2022-03-24,5.099999904632568,5.28000020980835,4.869999885559082,5.0,5.0,33700
2022-03-25,4.914999961853027,5.0,4.75,4.800000190734863,4.800000190734863,13700
2022-03-28,4.800000190734863,6.199999809265137,4.800000190734863,6.079999923706055,6.079999923706055,303300
2022-03-29,5.900000095367432,6.400000095367432,5.840000152587891,6.159999847412109,6.159999847412109,94600
2022-03-30,6.119999885559082,6.449999809265137,5.920000076293945,6.269999980926514,6.269999980926514,51500
2022-03-31,6.320000171661377,6.559999942779541,6.210000038146973,6.369999885559082,6.369999885559082,41000
2022-04-01,6.079999923706055,6.550000190734863,6.079999923706055,6.429999828338623,6.429999828338623,55500
2022-04-04,6.420000076293945,6.650000095367432,6.275000095367432,6.5,6.5,36000
2022-04-05,6.599999904632568,6.599999904632568,6.28000020980835,6.460000038146973,6.460000038146973,26300
2022-04-06,6.239999771118164,6.499000072479248,6.010000228881836,6.050000190734863,6.050000190734863,39400
2022-04-07,5.849999904632568,6.164999961853027,5.849999904632568,6.054999828338623,6.054999828338623,23000
2022-04-08,6.15500020980835,6.15500020980835,5.71999979019165,5.71999979019165,5.71999979019165,32900
2022-04-11,5.889999866485596,6.2170000076293945,5.329999923706055,5.400000095367432,5.400000095367432,57700
2022-04-12,5.579999923706055,5.679999828338623,5.389999866485596,5.460000038146973,5.460000038146973,17600
2022-04-13,5.610000133514404,5.690000057220459,5.329999923706055,5.369999885559082,5.369999885559082,45600
2022-04-14,5.380000114440918,5.579999923706055,5.380000114440918,5.414000034332275,5.414000034332275,9100
2022-04-18,5.400000095367432,5.400000095367432,5.0,5.0,5.0,44500
2022-04-19,5.050000190734863,5.300000190734863,4.630000114440918,4.630000114440918,4.630000114440918,62700
2022-04-20,4.980000019073486,4.980000019073486,4.5,4.559999942779541,4.559999942779541,81300
2022-04-21,4.550000190734863,4.900000095367432,4.550000190734863,4.849999904632568,4.849999904632568,26700
2022-04-22,4.75,4.909999847412109,4.599999904632568,4.849999904632568,4.849999904632568,37900
2022-04-25,4.679999828338623,4.829999923706055,4.670000076293945,4.760000228881836,4.760000228881836,50700
2022-04-26,4.760000228881836,4.760000228881836,4.550000190734863,4.639999866485596,4.639999866485596,23600
2022-04-27,4.699999809265137,4.744999885559082,4.53000020980835,4.599999904632568,4.599999904632568,23600
2022-04-28,4.659999847412109,4.679999828338623,4.400000095367432,4.570000171661377,4.570000171661377,49400
2022-04-29,4.429999828338623,4.670000076293945,4.429999828338623,4.5,4.5,19400
2022-05-02,4.5,4.590000152587891,4.420000076293945,4.590000152587891,4.590000152587891,24000
2022-05-03,4.510000228881836,4.800000190734863,4.460000038146973,4.550000190734863,4.550000190734863,17400
2022-05-04,4.559999942779541,4.579999923706055,4.380000114440918,4.519999980926514,4.519999980926514,20500
2022-05-05,4.659999847412109,4.659999847412109,4.409999847412109,4.489999771118164,4.489999771118164,12300
2022-05-06,4.579999923706055,4.579999923706055,4.349999904632568,4.360000133514404,4.360000133514404,26900
2022-05-09,4.400000095367432,4.400000095367432,3.950000047683716,3.9749999046325684,3.9749999046325684,52500
2022-05-10,4.159999847412109,4.320000171661377,4.079999923706055,4.320000171661377,4.320000171661377,22500
2022-05-11,4.230000019073486,4.296999931335449,3.880000114440918,4.03000020980835,4.03000020980835,39400
2022-05-12,4.002999782562256,4.179999828338623,3.9200000762939453,4.170000076293945,4.170000076293945,22900
2022-05-13,4.099999904632568,4.349999904632568,4.099999904632568,4.099999904632568,4.099999904632568,34100
2022-05-16,3.9800000190734863,4.335000038146973,3.9700000286102295,4.170000076293945,4.170000076293945,16500
2022-05-17,4.361000061035156,4.361000061035156,4.159999847412109,4.25,4.25,24800
2022-05-18,4.119999885559082,4.289999961853027,4.119999885559082,4.21999979019165,4.21999979019165,7200
2022-05-19,4.199999809265137,4.360000133514404,4.150000095367432,4.349999904632568,4.349999904632568,22000
2022-05-20,4.369999885559082,4.409999847412109,4.110000133514404,4.159999847412109,4.159999847412109,31800
2022-05-23,4.329999923706055,4.460000038146973,4.130000114440918,4.28000020980835,4.28000020980835,9600
2022-05-24,4.300000190734863,4.340000152587891,4.059999942779541,4.099999904632568,4.099999904632568,22700
2022-05-25,4.14900016784668,4.172999858856201,3.9700000286102295,4.119999885559082,4.119999885559082,27200
2022-05-26,4.010000228881836,4.130000114440918,4.010000228881836,4.059999942779541,4.059999942779541,14400
2022-05-27,4.090000152587891,4.170000076293945,4.050000190734863,4.15500020980835,4.15500020980835,6800
2022-05-31,4.170000076293945,4.179999828338623,4.019999980926514,4.090000152587891,4.090000152587891,14200
2022-06-01,4.079999923706055,4.179999828338623,3.9800000190734863,4.159999847412109,4.159999847412109,47200
2022-06-02,4.199999809265137,4.255000114440918,4.110000133514404,4.210000038146973,4.210000038146973,12700
2022-06-03,4.264999866485596,4.340000152587891,4.159999847412109,4.289999961853027,4.289999961853027,13500
2022-06-06,4.329999923706055,4.329999923706055,3.9800000190734863,4.010000228881836,4.010000228881836,46300
2022-06-07,4.130000114440918,4.130000114440918,3.7699999809265137,3.819999933242798,3.819999933242798,124700
2022-06-08,3.940000057220459,4.059999942779541,3.7899999618530273,4.059999942779541,4.059999942779541,36800
2022-06-09,4.011000156402588,4.070000171661377,3.7699999809265137,3.7699999809265137,3.7699999809265137,22300
2022-06-10,3.799999952316284,3.8440001010894775,3.690000057220459,3.7799999713897705,3.7799999713897705,64000
2022-06-13,3.6689999103546143,3.690000057220459,3.380000114440918,3.4200000762939453,3.4200000762939453,55000
2022-06-14,3.4200000762939453,3.5,3.380000114440918,3.390000104904175,3.390000104904175,24400
2022-06-15,3.4600000381469727,3.549999952316284,3.3499999046325684,3.549999952316284,3.549999952316284,41100
2022-06-16,3.4730000495910645,3.5199999809265137,3.4149999618530273,3.509999990463257,3.509999990463257,30700
2022-06-17,3.494999885559082,3.5999999046325684,3.4200000762939453,3.5999999046325684,3.5999999046325684,59000
2022-06-21,3.690000057220459,3.8410000801086426,3.5139999389648438,3.7300000190734863,3.7300000190734863,21800
2022-06-22,3.5199999809265137,3.880000114440918,3.5199999809265137,3.859999895095825,3.859999895095825,26500
2022-06-23,3.890000104904175,3.890000104904175,3.700000047683716,3.8499999046325684,3.8499999046325684,13700
2022-06-24,3.6500000953674316,3.890000104904175,3.6500000953674316,3.799999952316284,3.799999952316284,21200
2022-06-27,3.759999990463257,3.86899995803833,3.7200000286102295,3.8350000381469727,3.8350000381469727,23700
2022-06-28,3.7799999713897705,3.819999933242798,3.680000066757202,3.799999952316284,3.799999952316284,5800
2022-06-29,3.799999952316284,3.819999933242798,3.7100000381469727,3.7100000381469727,3.7100000381469727,4400
2022-06-30,3.8499999046325684,3.8499999046325684,3.6500000953674316,3.7799999713897705,3.7799999713897705,13400
2022-07-01,3.75,3.950000047683716,3.744999885559082,3.869999885559082,3.869999885559082,9700
2022-07-05,3.809999942779541,4.139999866485596,3.805000066757202,4.114999771118164,4.114999771118164,17700
2022-07-06,4.139999866485596,4.309999942779541,4.007999897003174,4.28000020980835,4.28000020980835,18000
2022-07-07,4.360000133514404,4.420000076293945,4.260000228881836,4.420000076293945,4.420000076293945,13100
2022-07-08,4.449999809265137,4.980000019073486,4.420000076293945,4.980000019073486,4.980000019073486,77400
2022-07-11,4.980000019073486,5.039999961853027,4.800000190734863,4.980000019073486,4.980000019073486,14300
2022-07-12,5.099999904632568,5.099999904632568,4.639999866485596,4.989999771118164,4.989999771118164,23900
2022-07-13,5.006999969482422,5.03000020980835,4.78000020980835,5.0,5.0,12700
2022-07-14,5.110000133514404,5.110000133514404,4.800000190734863,5.0,5.0,25600
2022-07-15,5.230000019073486,5.309999942779541,4.96999979019165,5.300000190734863,5.300000190734863,23500
2022-07-18,5.110000133514404,5.130000114440918,4.510000228881836,4.980000019073486,4.980000019073486,76800
2022-07-19,5.059999942779541,5.059999942779541,4.889999866485596,4.989999771118164,4.989999771118164,20000
2022-07-20,5.039999961853027,5.099999904632568,4.880000114440918,5.050000190734863,5.050000190734863,21700
2022-07-21,5.210000038146973,5.210000038146973,5.019999980926514,5.164999961853027,5.164999961853027,22500
2022-07-22,5.179999828338623,5.21999979019165,5.019999980926514,5.090000152587891,5.090000152587891,20900
2022-07-25,5.090000152587891,5.199999809265137,5.0,5.190000057220459,5.190000057220459,33100
2022-07-26,5.010000228881836,5.199999809265137,5.010000228881836,5.130000114440918,5.130000114440918,8000
2022-07-27,5.179999828338623,5.239999771118164,5.099999904632568,5.119999885559082,5.119999885559082,15000
2022-07-28,5.110000133514404,5.309999942779541,5.110000133514404,5.269999980926514,5.269999980926514,15400
2022-07-29,5.309999942779541,5.309999942779541,5.210999965667725,5.289999961853027,5.289999961853027,5200
2022-08-01,5.261000156402588,5.360000133514404,5.239999771118164,5.239999771118164,5.239999771118164,1600
2022-08-02,5.275000095367432,5.28000020980835,5.070000171661377,5.150000095367432,5.150000095367432,19700
2022-08-03,5.380000114440918,5.380000114440918,5.150000095367432,5.28000020980835,5.28000020980835,10700
2022-08-04,5.380000114440918,5.920000076293945,5.25,5.730000019073486,5.730000019073486,44800
2022-08-05,5.650000095367432,5.989999771118164,5.650000095367432,5.949999809265137,5.949999809265137,38500
2022-08-08,5.940000057220459,5.940000057220459,5.75,5.800000190734863,5.800000190734863,31800
2022-08-09,5.619999885559082,5.820000171661377,5.494999885559082,5.53000020980835,5.53000020980835,21200
2022-08-10,5.739999771118164,6.050000190734863,5.46999979019165,6.050000190734863,6.050000190734863,19800
2022-08-11,6.050000190734863,6.099999904632568,5.829999923706055,6.0,6.0,37000
2022-08-12,6.070000171661377,6.070000171661377,5.876999855041504,5.960000038146973,5.960000038146973,22300
2022-08-15,5.710000038146973,6.119999885559082,5.710000038146973,5.829999923706055,5.829999923706055,10000
2022-08-16,6.139999866485596,6.139999866485596,5.769999980926514,5.800000190734863,5.800000190734863,29400
2022-08-17,5.880000114440918,6.179999828338623,5.739999771118164,5.980000019073486,5.980000019073486,17400
2022-08-18,6.039999961853027,6.289999961853027,6.0,6.289999961853027,6.289999961853027,37100
2022-08-19,6.309999942779541,6.320000171661377,6.130000114440918,6.28000020980835,6.28000020980835,14300
2022-08-22,6.300000190734863,6.760000228881836,6.239999771118164,6.570000171661377,6.570000171661377,45700
2022-08-23,6.5,6.739999771118164,6.5,6.739999771118164,6.739999771118164,23500
2022-08-24,6.659999847412109,6.96999979019165,6.570000171661377,6.820000171661377,6.820000171661377,49900
2022-08-25,7.039999961853027,7.150000095367432,6.855000019073486,7.019999980926514,7.019999980926514,57700
2022-08-26,7.119999885559082,7.203999996185303,6.901000022888184,6.989999771118164,6.989999771118164,62900
2022-08-29,6.929999828338623,7.289999961853027,6.835000038146973,7.239999771118164,7.239999771118164,82800
2022-08-30,7.489999771118164,7.489999771118164,7.090000152587891,7.21999979019165,7.21999979019165,53900
2022-08-31,7.199999809265137,7.400000095367432,7.199999809265137,7.400000095367432,7.400000095367432,17800
2022-09-01,7.203000068664551,7.409999847412109,7.170000076293945,7.340000152587891,7.340000152587891,15700
2022-09-02,7.25,7.389999866485596,7.159999847412109,7.210999965667725,7.210999965667725,17600
2022-09-06,7.349999904632568,7.497000217437744,7.199999809265137,7.380000114440918,7.380000114440918,65800
2022-09-07,7.309999942779541,7.729000091552734,7.300000190734863,7.699999809265137,7.699999809265137,31400
2022-09-08,7.670000076293945,7.809000015258789,7.489999771118164,7.550000190734863,7.550000190734863,32800
2022-09-09,7.449999809265137,7.75,7.340000152587891,7.340000152587891,7.340000152587891,28700
2022-09-12,7.590000152587891,7.849999904632568,7.357999801635742,7.820000171661377,7.820000171661377,42700
2022-09-13,7.869999885559082,7.889999866485596,7.579999923706055,7.710000038146973,7.710000038146973,81800
2022-09-14,7.71999979019165,7.909999847412109,7.71999979019165,7.820000171661377,7.820000171661377,35800
2022-09-15,7.659999847412109,7.929999828338623,7.659999847412109,7.809999942779541,7.809999942779541,13700
2022-09-16,7.699999809265137,7.800000190734863,7.599999904632568,7.599999904632568,7.599999904632568,69000
2022-09-19,7.699999809265137,7.75,7.400000095367432,7.46999979019165,7.46999979019165,41200
2022-09-20,7.510000228881836,7.619999885559082,7.449999809265137,7.46999979019165,7.46999979019165,39700
2022-09-21,7.679999828338623,7.679999828338623,6.559999942779541,6.800000190734863,6.800000190734863,97500
2022-09-22,6.800000190734863,7.067999839782715,6.309999942779541,6.349999904632568,6.349999904632568,67300
2022-09-23,6.289999961853027,6.460000038146973,6.0,6.159999847412109,6.159999847412109,82600
2022-09-26,6.10099983215332,6.22599983215332,5.849999904632568,5.849999904632568,5.849999904632568,61500
2022-09-27,6.1020002365112305,6.239999771118164,6.019999980926514,6.050000190734863,6.050000190734863,43800
2022-09-28,6.050000190734863,6.349999904632568,6.050000190734863,6.199999809265137,6.199999809265137,23500
2022-09-29,6.130000114440918,6.320000171661377,6.130000114440918,6.320000171661377,6.320000171661377,10000
2022-09-30,6.389999866485596,6.480000019073486,6.28000020980835,6.28000020980835,6.28000020980835,20200
2022-10-03,6.260000228881836,6.480000019073486,6.260000228881836,6.480000019073486,6.480000019073486,11200
2022-10-04,6.400000095367432,6.630000114440918,6.400000095367432,6.5,6.5,18700
2022-10-05,6.579999923706055,6.75,6.539999961853027,6.599999904632568,6.599999904632568,27100
2022-10-06,6.599999904632568,6.639999866485596,6.409999847412109,6.449999809265137,6.449999809265137,13300
2022-10-07,6.449999809265137,6.48199987411499,6.159999847412109,6.230000019073486,6.230000019073486,18300
2022-10-10,6.190000057220459,6.199999809265137,5.880000114440918,6.0,6.0,27500
2022-10-11,5.789999961853027,6.089000225067139,5.789999961853027,5.889999866485596,5.889999866485596,16600
2022-10-12,5.900000095367432,5.949999809265137,5.829999923706055,5.829999923706055,5.829999923706055,16500
2022-10-13,5.860000133514404,6.019999980926514,5.659999847412109,6.019999980926514,6.019999980926514,6700
2022-10-14,5.923999786376953,5.989999771118164,5.673999786376953,5.739999771118164,5.739999771118164,12400
2022-10-17,5.739999771118164,6.0,5.739999771118164,5.960000038146973,5.960000038146973,15800
2022-10-18,5.960000038146973,6.119999885559082,5.960000038146973,6.070000171661377,6.070000171661377,7500
2022-10-19,6.130000114440918,6.130000114440918,5.889999866485596,5.940000057220459,5.940000057220459,10100
2022-10-20,5.96999979019165,5.96999979019165,5.889999866485596,5.889999866485596,5.889999866485596,4400
2022-10-21,5.960000038146973,6.139999866485596,5.849999904632568,6.130000114440918,6.130000114440918,28600
2022-10-24,6.079999923706055,6.224999904632568,6.070000171661377,6.090000152587891,6.090000152587891,2100
2022-10-25,6.150000095367432,6.269999980926514,6.139999866485596,6.230000019073486,6.230000019073486,7500
2022-10-26,6.28000020980835,6.329999923706055,6.119999885559082,6.210000038146973,6.210000038146973,5500
2022-10-27,6.2220001220703125,6.309999942779541,6.099999904632568,6.170000076293945,6.170000076293945,9900
2022-10-28,6.224999904632568,6.320000171661377,6.170000076293945,6.25,6.25,1600
2022-10-31,6.210000038146973,6.309999942779541,6.099999904632568,6.289999961853027,6.289999961853027,6900
2022-11-01,6.289999961853027,6.309999942779541,6.179999828338623,6.309999942779541,6.309999942779541,2900
2022-11-02,6.389999866485596,6.389999866485596,6.010000228881836,6.050000190734863,6.050000190734863,10000
2022-11-03,5.989999771118164,6.019999980926514,5.849999904632568,5.96999979019165,5.96999979019165,10500
2022-11-04,5.960000038146973,6.039999961853027,5.849999904632568,5.949999809265137,5.949999809265137,9200
2022-11-07,5.989999771118164,6.099999904632568,5.889999866485596,5.934999942779541,5.934999942779541,25700
2022-11-08,5.889999866485596,5.982999801635742,5.849999904632568,5.894999980926514,5.894999980926514,6200
2022-11-09,5.880000114440918,5.880000114440918,5.659999847412109,5.690000057220459,5.690000057220459,20300
2022-11-10,5.849999904632568,5.929999828338623,5.7230000495910645,5.840000152587891,5.840000152587891,2700
2022-11-11,5.6020002365112305,6.119999885559082,5.599999904632568,6.090000152587891,6.090000152587891,38900
2022-11-14,5.96999979019165,6.159999847412109,5.96999979019165,6.079999923706055,6.079999923706055,7800
2022-11-15,6.044000148773193,6.130000114440918,5.989999771118164,6.130000114440918,6.130000114440918,7800
2022-11-16,6.03000020980835,6.110000133514404,5.820000171661377,5.960000038146973,5.960000038146973,20700
2022-11-17,5.960000038146973,6.013999938964844,5.820000171661377,5.960000038146973,5.960000038146973,39900
2022-11-18,5.915999889373779,6.03000020980835,5.829999923706055,5.960000038146973,5.960000038146973,9800
2022-11-21,5.920000076293945,5.98199987411499,5.829999923706055,5.840000152587891,5.840000152587891,9000
2022-11-22,5.809999942779541,5.940000057220459,5.791999816894531,5.820000171661377,5.820000171661377,4500
2022-11-23,5.820000171661377,5.9039998054504395,5.78000020980835,5.8520002365112305,5.8520002365112305,4900
2022-11-25,5.900000095367432,5.920000076293945,5.889999866485596,5.889999866485596,5.889999866485596,900
2022-11-28,5.639999866485596,5.920000076293945,5.639999866485596,5.920000076293945,5.920000076293945,8000
2022-11-29,5.920000076293945,5.920000076293945,5.849999904632568,5.855000019073486,5.855000019073486,4700
2022-11-30,5.900000095367432,5.900000095367432,5.800000190734863,5.900000095367432,5.900000095367432,28900
2022-12-01,5.820000171661377,5.900000095367432,5.78000020980835,5.809999942779541,5.809999942779541,5700
2022-12-02,5.860000133514404,5.940000057220459,5.809999942779541,5.928999900817871,5.928999900817871,18100
2022-12-05,5.929999828338623,5.949999809265137,5.900000095367432,5.929999828338623,5.929999828338623,3100
2022-12-06,5.960000038146973,5.960000038146973,5.900000095367432,5.900000095367432,5.900000095367432,3800
2022-12-07,6.019999980926514,6.019999980926514,5.869999885559082,5.920000076293945,5.920000076293945,9300
2022-12-08,5.869999885559082,5.874000072479248,5.800000190734863,5.840000152587891,5.840000152587891,11300
2022-12-09,5.789999961853027,5.820000171661377,5.699999809265137,5.769999980926514,5.769999980926514,16600
2022-12-12,5.800000190734863,5.800000190734863,5.5,5.579999923706055,5.579999923706055,22400
2022-12-13,5.610000133514404,5.610000133514404,5.3520002365112305,5.489999771118164,5.489999771118164,15800
2022-12-14,5.489999771118164,5.550000190734863,5.480000019073486,5.53000020980835,5.53000020980835,4600
2022-12-15,5.48799991607666,5.48799991607666,5.199999809265137,5.230000019073486,5.230000019073486,23200
2022-12-16,5.059999942779541,5.230000019073486,5.059999942779541,5.230000019073486,5.230000019073486,61600
2022-12-19,5.230000019073486,5.230000019073486,4.989999771118164,5.034999847412109,5.034999847412109,16200
2022-12-20,5.065000057220459,5.081999778747559,4.869999885559082,4.869999885559082,4.869999885559082,22700
2022-12-21,5.073999881744385,5.099999904632568,4.880000114440918,4.989999771118164,4.989999771118164,21100
2022-12-22,4.949999809265137,5.070000171661377,4.900000095367432,5.0,5.0,7600
2022-12-23,5.03000020980835,5.03000020980835,4.5,4.539999961853027,4.539999961853027,82800
2022-12-27,4.519999980926514,4.630000114440918,4.5,4.550000190734863,4.550000190734863,29900
2022-12-28,4.599999904632568,4.670000076293945,4.539999961853027,4.6529998779296875,4.6529998779296875,17800
2022-12-29,4.550000190734863,5.070000171661377,4.550000190734863,4.949999809265137,4.949999809265137,29100
2022-12-30,4.949999809265137,5.119999885559082,4.949999809265137,5.099999904632568,5.099999904632568,15200
2023-01-03,5.139999866485596,5.150000095367432,4.947999954223633,5.014999866485596,5.014999866485596,7700
2023-01-04,4.96999979019165,5.239999771118164,4.96999979019165,5.190000057220459,5.190000057220459,10700
2023-01-05,5.079999923706055,5.139999866485596,5.050000190734863,5.139999866485596,5.139999866485596,5900
2023-01-06,5.150000095367432,5.210000038146973,5.135000228881836,5.139999866485596,5.139999866485596,11300
2023-01-09,5.369999885559082,5.369999885559082,5.070000171661377,5.090000152587891,5.090000152587891,5000
2023-01-10,5.090000152587891,5.190000057220459,5.090000152587891,5.184000015258789,5.184000015258789,6100
2023-01-11,5.179999828338623,5.191999912261963,5.059999942779541,5.059999942779541,5.059999942779541,15800
2023-01-12,5.050000190734863,5.130000114440918,4.960000038146973,5.010000228881836,5.010000228881836,16000
2023-01-13,5.164999961853027,5.164999961853027,4.679999828338623,4.710000038146973,4.710000038146973,59700
2023-01-17,4.880000114440918,4.953000068664551,4.699999809265137,4.709000110626221,4.709000110626221,25900
2023-01-18,4.690000057220459,4.809999942779541,4.690000057220459,4.744999885559082,4.744999885559082,15600
2023-01-19,4.710000038146973,4.860000133514404,4.710000038146973,4.860000133514404,4.860000133514404,4600
2023-01-20,4.854000091552734,4.889999866485596,4.769999980926514,4.880000114440918,4.880000114440918,13900
2023-01-23,4.820000171661377,4.889999866485596,4.820000171661377,4.840000152587891,4.840000152587891,8700
2023-01-24,4.880000114440918,4.980000019073486,4.820000171661377,4.890999794006348,4.890999794006348,7500
2023-01-25,4.800000190734863,4.929999828338623,4.800000190734863,4.869999885559082,4.869999885559082,13400
2023-01-26,4.920000076293945,4.980000019073486,4.900000095367432,4.900000095367432,4.900000095367432,12900
2023-01-27,5.010000228881836,5.269999980926514,4.9029998779296875,5.269999980926514,5.269999980926514,50300
2023-01-30,5.28000020980835,5.329999923706055,5.21999979019165,5.309999942779541,5.309999942779541,3300
2023-01-31,5.315000057220459,5.800000190734863,5.315000057220459,5.630000114440918,5.630000114440918,52800
2023-02-01,5.760000228881836,6.039999961853027,5.75,6.019999980926514,6.019999980926514,14100
2023-02-02,6.230000019073486,6.309999942779541,6.050000190734863,6.300000190734863,6.300000190734863,44000
2023-02-03,6.199999809265137,6.300000190734863,6.111999988555908,6.230000019073486,6.230000019073486,12300
2023-02-06,6.489999771118164,6.489999771118164,6.199999809265137,6.289999961853027,6.289999961853027,7500
2023-02-07,6.25,6.289999961853027,6.159999847412109,6.179999828338623,6.179999828338623,8400
2023-02-08,6.059999942779541,6.239999771118164,6.050000190734863,6.230000019073486,6.230000019073486,18800
2023-02-09,6.21999979019165,6.244999885559082,6.059999942779541,6.190000057220459,6.190000057220459,32800
2023-02-10,6.189000129699707,6.239999771118164,6.070000171661377,6.159999847412109,6.159999847412109,13400
2023-02-13,6.25,6.25,6.039999961853027,6.059999942779541,6.059999942779541,11900
2023-02-14,6.079999923706055,6.099999904632568,6.010000228881836,6.050000190734863,6.050000190734863,9500
2023-02-15,5.960000038146973,6.0,5.900000095367432,5.989999771118164,5.989999771118164,18500
2023-02-16,5.900000095367432,5.9019999504089355,5.590000152587891,5.678999900817871,5.678999900817871,30400
2023-02-17,5.679999828338623,5.732999801635742,5.629000186920166,5.639999866485596,5.639999866485596,8100
2023-02-21,5.679999828338623,5.690000057220459,5.440000057220459,5.519999980926514,5.519999980926514,10300
2023-02-22,5.409999847412109,5.689000129699707,5.4019999504089355,5.489999771118164,5.489999771118164,9400
2023-02-23,5.53000020980835,5.690000057220459,5.458000183105469,5.650000095367432,5.650000095367432,24600
2023-02-24,5.64300012588501,5.64300012588501,5.53000020980835,5.53000020980835,5.53000020980835,5600
2023-02-27,5.53000020980835,5.710000038146973,5.53000020980835,5.685999870300293,5.685999870300293,21400
2023-02-28,5.677999973297119,5.809999942779541,5.670000076293945,5.800000190734863,5.800000190734863,9400
2023-03-01,5.760000228881836,5.890999794006348,5.710000038146973,5.829999923706055,5.829999923706055,10000
2023-03-02,5.75,5.925000190734863,5.75,5.836999893188477,5.836999893188477,14900
2023-03-03,5.820000171661377,5.880000114440918,5.659999847412109,5.710000038146973,5.710000038146973,17100
2023-03-06,5.610000133514404,5.650000095367432,5.5,5.5229997634887695,5.5229997634887695,32000
2023-03-07,5.519999980926514,5.578000068664551,5.5,5.510000228881836,5.510000228881836,5200
2023-03-08,5.510000228881836,5.519999980926514,5.389999866485596,5.440000057220459,5.440000057220459,31200
2023-03-09,5.445000171661377,5.460000038146973,5.21999979019165,5.21999979019165,5.21999979019165,23800
2023-03-10,5.25,5.25,5.0,5.021999835968018,5.021999835968018,16200
2023-03-13,4.880000114440918,5.110000133514404,4.880000114440918,5.010000228881836,5.010000228881836,12900
2023-03-14,5.110000133514404,5.309999942779541,5.110000133514404,5.210000038146973,5.210000038146973,14800
2023-03-15,5.139999866485596,5.269999980926514,5.070000171661377,5.159999847412109,5.159999847412109,14700
2023-03-16,5.25,5.309999942779541,5.150000095367432,5.289999961853027,5.289999961853027,26300
2023-03-17,5.23199987411499,5.244999885559082,5.059999942779541,5.070000171661377,5.070000171661377,77000
2023-03-20,5.03000020980835,5.309999942779541,4.909999847412109,4.909999847412109,4.909999847412109,23700
2023-03-21,4.945000171661377,5.050000190734863,4.945000171661377,5.010000228881836,5.010000228881836,8100
2023-03-22,5.040999889373779,5.050000190734863,4.900000095367432,4.900000095367432,4.900000095367432,60300
2023-03-23,5.010000228881836,5.0370001792907715,4.900000095367432,4.900000095367432,4.900000095367432,16200
2023-03-24,4.900000095367432,4.900000095367432,4.775000095367432,4.800000190734863,4.800000190734863,21600
2023-03-27,4.78000020980835,4.869999885559082,4.605000019073486,4.760000228881836,4.760000228881836,63800
2023-03-28,4.71999979019165,4.920000076293945,4.659999847412109,4.659999847412109,4.659999847412109,41500
2023-03-29,4.75,4.829999923706055,4.679999828338623,4.730000019073486,4.730000019073486,28900
2023-03-30,4.739999771118164,4.760000228881836,4.610000133514404,4.760000228881836,4.760000228881836,7100
2023-03-31,4.760000228881836,4.869999885559082,4.679999828338623,4.679999828338623,4.679999828338623,25700
2023-04-03,4.619999885559082,4.820000171661377,4.619999885559082,4.820000171661377,4.820000171661377,6900
2023-04-04,4.849999904632568,5.099999904632568,4.730000019073486,5.090000152587891,5.090000152587891,45700
2023-04-05,5.090000152587891,5.230000019073486,5.090000152587891,5.190000057220459,5.190000057220459,16600
2023-04-06,5.079999923706055,5.126999855041504,5.019999980926514,5.019999980926514,5.019999980926514,15800
2023-04-10,5.050000190734863,5.139999866485596,5.019999980926514,5.139999866485596,5.139999866485596,6600
2023-04-11,5.10099983215332,5.150000095367432,5.0,5.070000171661377,5.070000171661377,19100
2023-04-12,5.059999942779541,5.099999904632568,4.760000228881836,4.855000019073486,4.855000019073486,41200
2023-04-13,5.005000114440918,5.010000228881836,4.710000038146973,4.710000038146973,4.710000038146973,18400
2023-04-14,4.71999979019165,4.882999897003174,4.71999979019165,4.78000020980835,4.78000020980835,14200
2023-04-17,4.880000114440918,4.880000114440918,4.78000020980835,4.78000020980835,4.78000020980835,12100
2023-04-18,4.808000087738037,4.808000087738037,4.699999809265137,4.775000095367432,4.775000095367432,16100
2023-04-19,4.872000217437744,4.872000217437744,4.46999979019165,4.573999881744385,4.573999881744385,55700
2023-04-20,4.480000019073486,4.572999954223633,4.409999847412109,4.409999847412109,4.409999847412109,24500
2023-04-21,4.400000095367432,4.400000095367432,4.099999904632568,4.199999809265137,4.199999809265137,73100
2023-04-24,4.210000038146973,4.21999979019165,3.890000104904175,3.9549999237060547,3.9549999237060547,95300
2023-04-25,3.990000009536743,4.0,3.8499999046325684,3.880000114440918,3.880000114440918,18900
2023-04-26,3.9089999198913574,3.9800000190734863,3.880000114440918,3.9000000953674316,3.9000000953674316,18800
2023-04-27,4.099999904632568,4.199999809265137,3.890000104904175,4.199999809265137,4.199999809265137,66000
2023-04-28,4.239999771118164,4.239999771118164,4.03000020980835,4.054999828338623,4.054999828338623,14700
2023-05-01,4.400000095367432,4.400000095367432,3.9200000762939453,3.9800000190734863,3.9800000190734863,21800
2023-05-02,4.019999980926514,4.048999786376953,3.940000057220459,3.990000009536743,3.990000009536743,19600
2023-05-03,3.9600000381469727,4.139999866485596,3.9600000381469727,4.039999961853027,4.039999961853027,5600
2023-05-04,3.990000009536743,4.059999942779541,3.6600000858306885,3.7200000286102295,3.7200000286102295,96000
2023-05-05,3.7100000381469727,3.8499999046325684,3.6700000762939453,3.6700000762939453,3.6700000762939453,15100
2023-05-08,3.700000047683716,3.8299999237060547,3.619999885559082,3.640000104904175,3.640000104904175,30800
2023-05-09,3.7200000286102295,4.119999885559082,3.680000066757202,4.110000133514404,4.110000133514404,85600
2023-05-10,4.110000133514404,4.510000228881836,3.9700000286102295,4.488999843597412,4.488999843597412,79400
2023-05-11,4.539999961853027,4.800000190734863,4.25,4.739999771118164,4.739999771118164,111400
2023-05-12,4.809999942779541,4.809999942779541,4.53000020980835,4.550000190734863,4.550000190734863,23000
2023-05-15,4.329999923706055,4.618000030517578,4.099999904632568,4.110000133514404,4.110000133514404,67800
2023-05-16,4.099999904632568,4.099999904632568,3.9600000381469727,3.9600000381469727,3.9600000381469727,12900
2023-05-17,3.940000057220459,3.9570000171661377,3.8299999237060547,3.890000104904175,3.890000104904175,23900
2023-05-18,3.930000066757202,3.9769999980926514,3.8499999046325684,3.930000066757202,3.930000066757202,9800
2023-05-19,3.930000066757202,3.9800000190734863,3.799999952316284,3.819999933242798,3.819999933242798,18200
2023-05-22,3.9100000858306885,4.010000228881836,3.430000066757202,3.509999990463257,3.509999990463257,58800
2023-05-23,3.549999952316284,3.75,3.4100000858306885,3.4800000190734863,3.4800000190734863,69100
2023-05-24,3.450000047683716,3.450000047683716,3.0350000858306885,3.240000009536743,3.240000009536743,176200
2023-05-25,3.180000066757202,3.240000009536743,3.009999990463257,3.0799999237060547,3.0799999237060547,56000
2023-05-26,3.119999885559082,3.3459999561309814,3.0799999237060547,3.200000047683716,3.200000047683716,20000
2023-05-30,3.0999999046325684,3.1459999084472656,2.828000068664551,2.990000009536743,2.990000009536743,89300
2023-05-31,2.890000104904175,3.059999942779541,2.890000104904175,2.9100000858306885,2.9100000858306885,35900
2023-06-01,2.9100000858306885,3.049999952316284,2.890000104904175,2.9700000286102295,2.9700000286102295,50500
2023-06-02,3.0299999713897705,3.1700000762939453,2.869999885559082,3.1600000858306885,3.1600000858306885,45500
2023-06-05,3.069999933242798,3.069999933242798,2.9000000953674316,3.0220000743865967,3.0220000743865967,13900
2023-06-06,2.880000114440918,3.005000114440918,2.880000114440918,3.0,3.0,10700
2023-06-07,2.9600000381469727,3.0290000438690186,2.509999990463257,2.5950000286102295,2.5950000286102295,158900
2023-06-08,2.619999885559082,2.890000104904175,2.619999885559082,2.7699999809265137,2.7699999809265137,56400
2023-06-09,2.9489998817443848,2.9489998817443848,2.680000066757202,2.680000066757202,2.680000066757202,28200
2023-06-12,2.690000057220459,2.7760000228881836,2.609999895095825,2.630000114440918,2.630000114440918,23900
2023-06-13,2.6500000953674316,2.759999990463257,2.6500000953674316,2.6600000858306885,2.6600000858306885,48600
2023-06-14,2.700000047683716,2.859999895095825,2.700000047683716,2.7699999809265137,2.7699999809265137,37700
2023-06-15,2.809999942779541,2.940000057220459,2.809999942779541,2.9000000953674316,2.9000000953674316,13900
2023-06-16,2.9800000190734863,3.0,2.859999895095825,2.9000000953674316,2.9000000953674316,17700
2023-06-20,2.890000104904175,2.9700000286102295,2.809999942779541,2.9200000762939453,2.9200000762939453,16400
2023-06-21,2.940000057220459,2.940000057220459,2.7300000190734863,2.7300000190734863,2.7300000190734863,43100
2023-06-22,2.7899999618530273,2.8499999046325684,2.700000047683716,2.700000047683716,2.700000047683716,13100
2023-06-23,2.819999933242798,2.819999933242798,2.609999895095825,2.6500000953674316,2.6500000953674316,12700
2023-06-26,2.6500000953674316,2.9200000762939453,2.6500000953674316,2.819999933242798,2.819999933242798,16800
2023-06-27,2.799999952316284,2.9100000858306885,2.799999952316284,2.9100000858306885,2.9100000858306885,18100
2023-06-28,2.8299999237060547,2.934999942779541,2.799999952316284,2.819999933242798,2.819999933242798,20400
2023-06-29,2.9800000190734863,2.9800000190734863,2.799999952316284,2.869999885559082,2.869999885559082,16700
2023-06-30,2.880000114440918,3.0950000286102295,2.880000114440918,3.0799999237060547,3.0799999237060547,8600
2023-07-03,3.0199999809265137,3.3499999046325684,3.005000114440918,3.240000009536743,3.240000009536743,16500
2023-07-05,3.2279999256134033,3.5,3.2239999771118164,3.4200000762939453,3.4200000762939453,29600
2023-07-06,3.450000047683716,3.630000114440918,3.390000104904175,3.4100000858306885,3.4100000858306885,23400
2023-07-07,3.4100000858306885,3.940000057220459,3.4100000858306885,3.940000057220459,3.940000057220459,44500
2023-07-10,4.039999961853027,4.183000087738037,3.680000066757202,3.819999933242798,3.819999933242798,54900
2023-07-11,3.819999933242798,4.260000228881836,3.6649999618530273,4.119999885559082,4.119999885559082,76500
2023-07-12,4.210000038146973,4.239999771118164,3.934999942779541,4.159999847412109,4.159999847412109,16100
2023-07-13,4.110000133514404,4.150000095367432,3.0350000858306885,3.2699999809265137,3.2699999809265137,125800
2023-07-14,3.2699999809265137,3.359999895095825,3.0399999618530273,3.1600000858306885,3.1600000858306885,94900
2023-07-17,3.2200000286102295,3.259999990463257,2.9800000190734863,3.2200000286102295,3.2200000286102295,61300
2023-07-18,3.140000104904175,3.690000057220459,3.0799999237060547,3.640000104904175,3.640000104904175,94200
2023-07-19,3.5899999141693115,4.849999904632568,3.5899999141693115,4.639999866485596,4.639999866485596,795100
2023-07-20,4.639999866485596,4.960000038146973,4.510000228881836,4.639999866485596,4.639999866485596,214500
2023-07-21,4.769999980926514,4.789999961853027,4.360000133514404,4.449999809265137,4.449999809265137,54600
2023-07-24,4.53000020980835,5.058000087738037,4.53000020980835,4.880000114440918,4.880000114440918,133600
2023-07-25,4.940000057220459,5.260000228881836,4.75,5.260000228881836,5.260000228881836,74700
2023-07-26,5.260000228881836,5.260000228881836,4.690000057220459,5.0,5.0,69600
2023-07-27,5.0,5.070000171661377,4.900000095367432,4.920000076293945,4.920000076293945,17600
2023-07-28,4.909999847412109,5.099999904632568,4.809000015258789,5.090000152587891,5.090000152587891,39700
2023-07-31,5.019999980926514,5.25,4.920000076293945,4.920000076293945,4.920000076293945,46700
2023-08-01,5.03000020980835,5.179999828338623,4.800000190734863,5.179999828338623,5.179999828338623,34700
2023-08-02,5.170000076293945,5.340000152587891,4.960000038146973,5.340000152587891,5.340000152587891,37200
2023-08-03,5.389999866485596,5.599999904632568,5.255000114440918,5.260000228881836,5.260000228881836,89000
2023-08-04,5.25,5.349999904632568,5.010000228881836,5.110000133514404,5.110000133514404,64700
2023-08-07,5.110000133514404,5.110000133514404,4.599999904632568,4.639999866485596,4.639999866485596,92900
2023-08-08,4.820000171661377,5.079999923706055,4.820000171661377,5.0,5.0,30400
2023-08-09,4.929999828338623,5.300000190734863,4.929999828338623,5.050000190734863,5.050000190734863,45900
2023-08-10,5.135000228881836,5.260000228881836,4.989999771118164,5.065000057220459,5.065000057220459,68200
2023-08-11,5.090000152587891,5.144999980926514,5.0,5.130000114440918,5.130000114440918,45400
2023-08-14,5.010000228881836,5.130000114440918,4.920000076293945,4.929999828338623,4.929999828338623,53100
2023-08-15,4.949999809265137,5.013999938964844,4.929999828338623,5.0,5.0,15400
2023-08-16,4.929999828338623,5.0,4.900000095367432,4.920000076293945,4.920000076293945,24000
2023-08-17,4.900000095367432,5.001999855041504,4.78000020980835,4.78000020980835,4.78000020980835,36300
2023-08-18,4.826000213623047,4.960000038146973,4.809999942779541,4.809999942779541,4.809999942779541,5100
2023-08-21,4.809999942779541,4.829999923706055,4.559999942779541,4.559999942779541,4.559999942779541,31100
2023-08-22,4.510000228881836,4.699999809265137,4.264999866485596,4.320000171661377,4.320000171661377,59900
2023-08-23,4.26200008392334,4.699999809265137,4.099999904632568,4.349999904632568,4.349999904632568,37900
2023-08-24,4.349999904632568,4.408999919891357,4.210000038146973,4.389999866485596,4.389999866485596,13900
2023-08-25,4.400000095367432,4.409999847412109,4.199999809265137,4.199999809265137,4.199999809265137,23600
2023-08-28,4.269999980926514,4.340000152587891,4.130000114440918,4.199999809265137,4.199999809265137,5800
2023-08-29,4.119999885559082,4.840000152587891,4.119999885559082,4.840000152587891,4.840000152587891,7800
2023-08-30,4.74399995803833,5.150000095367432,4.699999809265137,5.050000190734863,5.050000190734863,35800
2023-08-31,4.980000019073486,5.099999904632568,4.75,4.949999809265137,4.949999809265137,16200
2023-09-01,5.019999980926514,5.099999904632568,4.870999813079834,5.0,5.0,12000
2023-09-05,5.0,5.050000190734863,4.900000095367432,5.050000190734863,5.050000190734863,9100
2023-09-06,4.994999885559082,5.190000057220459,4.849999904632568,5.190000057220459,5.190000057220459,9600
2023-09-07,5.199999809265137,5.320000171661377,5.099999904632568,5.199999809265137,5.199999809265137,9700
2023-09-08,5.343999862670898,5.4679999351501465,5.179999828338623,5.429999828338623,5.429999828338623,12400
2023-09-11,5.389999866485596,5.590000152587891,5.019999980926514,5.090000152587891,5.090000152587891,38300
2023-09-12,5.059999942779541,5.449999809265137,5.0,5.230000019073486,5.230000019073486,19800
2023-09-13,5.400000095367432,5.5,5.25,5.369999885559082,5.369999885559082,36200
2023-09-14,5.489999771118164,5.590000152587891,5.429999828338623,5.590000152587891,5.590000152587891,51300
2023-09-15,5.590000152587891,5.739999771118164,5.519999980926514,5.739999771118164,5.739999771118164,35800
2023-09-18,5.71999979019165,5.840000152587891,5.361999988555908,5.400000095367432,5.400000095367432,38900
2023-09-19,5.630000114440918,5.690000057220459,5.199999809265137,5.690000057220459,5.690000057220459,24400
2023-09-20,5.760000228881836,5.809999942779541,5.474999904632568,5.670000076293945,5.670000076293945,27600
2023-09-21,5.440000057220459,5.690000057220459,5.230000019073486,5.420000076293945,5.420000076293945,41800
2023-09-22,5.329999923706055,5.839000225067139,5.010000228881836,5.079999923706055,5.079999923706055,49100
2023-09-25,5.369999885559082,5.414999961853027,4.980000019073486,5.019999980926514,5.019999980926514,34800
2023-09-26,4.860000133514404,5.320000171661377,4.85099983215332,5.309999942779541,5.309999942779541,45100
2023-09-27,5.329999923706055,5.510000228881836,4.960999965667725,5.110000133514404,5.110000133514404,78600
2023-09-28,5.150000095367432,5.349999904632568,4.940000057220459,4.980000019073486,4.980000019073486,51000
2023-09-29,4.989999771118164,5.409999847412109,4.949999809265137,5.389999866485596,5.389999866485596,30200
2023-10-02,5.480000019073486,5.590000152587891,5.360000133514404,5.53000020980835,5.53000020980835,35500
2023-10-03,5.610000133514404,5.650000095367432,5.300000190734863,5.590000152587891,5.590000152587891,14400
2023-10-04,5.590000152587891,5.771999835968018,5.241000175476074,5.619999885559082,5.619999885559082,18600
2023-10-05,5.420000076293945,5.769999980926514,5.389999866485596,5.650000095367432,5.650000095367432,22900
2023-10-06,5.78000020980835,5.78000020980835,4.28000020980835,4.875,4.875,512600
2023-10-09,5.360000133514404,5.795000076293945,4.914999961853027,5.730000019073486,5.730000019073486,216300
2023-10-10,5.880000114440918,5.880000114440918,4.769999980926514,5.150000095367432,5.150000095367432,172300
2023-10-11,5.289999961853027,5.489999771118164,4.980000019073486,5.0,5.0,73500
2023-10-12,4.949999809265137,5.099999904632568,4.849999904632568,5.0,5.0,40900
2023-10-13,5.0,5.130000114440918,4.909999847412109,5.130000114440918,5.130000114440918,44900
2023-10-16,5.139999866485596,5.25,4.960000038146973,5.170000076293945,5.170000076293945,24900
2023-10-17,5.289999961853027,5.610000133514404,5.130000114440918,5.320000171661377,5.320000171661377,71800
2023-10-18,5.260000228881836,5.519999980926514,5.202000141143799,5.28000020980835,5.28000020980835,30600
2023-10-19,5.300000190734863,5.510000228881836,5.199999809265137,5.480000019073486,5.480000019073486,25600
2023-10-20,5.289999961853027,5.599999904632568,5.199999809265137,5.349999904632568,5.349999904632568,43000
2023-10-23,5.449999809265137,5.489999771118164,5.130000114440918,5.46999979019165,5.46999979019165,36600
2023-10-24,5.289999961853027,5.429999828338623,5.170000076293945,5.25,5.25,51400
2023-10-25,5.199999809265137,5.479000091552734,5.199999809265137,5.28000020980835,5.28000020980835,43800
2023-10-26,5.210000038146973,5.300000190734863,5.119999885559082,5.150000095367432,5.150000095367432,25500
2023-10-27,5.300000190734863,5.300000190734863,5.099999904632568,5.099999904632568,5.099999904632568,15500
2023-10-30,5.260000228881836,5.260000228881836,4.519999980926514,4.650000095367432,4.650000095367432,94000
2023-10-31,4.579999923706055,4.609000205993652,4.260000228881836,4.400000095367432,4.400000095367432,89400
2023-11-01,4.519999980926514,4.639999866485596,4.235000133514404,4.449999809265137,4.449999809265137,102300
2023-11-02,4.599999904632568,4.599999904632568,4.260000228881836,4.429999828338623,4.429999828338623,96300
2023-11-03,4.307000160217285,4.440000057220459,4.010000228881836,4.119999885559082,4.119999885559082,207100
2023-11-06,4.159999847412109,4.245999813079834,3.859999895095825,3.950000047683716,3.950000047683716,228700
2023-11-07,3.940000057220459,4.15500020980835,3.930000066757202,4.03000020980835,4.03000020980835,99000
2023-11-08,4.079999923706055,4.079999923706055,3.930000066757202,4.070000171661377,4.070000171661377,36800
2023-11-09,4.119999885559082,4.5,4.0,4.409999847412109,4.409999847412109,55500
2023-11-10,4.5,4.579999923706055,4.340000152587891,4.53000020980835,4.53000020980835,36100
2023-11-13,4.579999923706055,4.590000152587891,4.150000095367432,4.25,4.25,61000
2023-11-14,4.25,4.579999923706055,4.150000095367432,4.559999942779541,4.559999942779541,62300
2023-11-15,4.630000114440918,5.099999904632568,4.409999847412109,4.730000019073486,4.730000019073486,65600
2023-11-16,4.75,4.900000095367432,4.309999942779541,4.449999809265137,4.449999809265137,125900
2023-11-17,4.559999942779541,4.614999771118164,4.130000114440918,4.190000057220459,4.190000057220459,41000
2023-11-20,4.267000198364258,4.267000198364258,3.9100000858306885,3.9100000858306885,3.9100000858306885,78000
2023-11-21,3.890000104904175,4.010000228881836,3.7899999618530273,3.859999895095825,3.859999895095825,60700
2023-11-22,3.9200000762939453,3.9739999771118164,3.7899999618530273,3.9600000381469727,3.9600000381469727,72300
2023-11-24,3.8499999046325684,4.008999824523926,3.6700000762939453,3.799999952316284,3.799999952316284,39200
2023-11-27,3.809999942779541,3.9600000381469727,3.700000047683716,3.8299999237060547,3.8299999237060547,126200
2023-11-28,3.9000000953674316,3.9000000953674316,3.640000104904175,3.7100000381469727,3.7100000381469727,64800
2023-11-29,3.630000114440918,3.759999990463257,3.5399999618530273,3.569999933242798,3.569999933242798,219600
2023-11-30,3.5399999618530273,3.6700000762939453,3.4000000953674316,3.4600000381469727,3.4600000381469727,91300
2023-12-01,3.5199999809265137,3.61899995803833,3.4100000858306885,3.549999952316284,3.549999952316284,57000
2023-12-04,3.609999895095825,3.6700000762939453,3.4100000858306885,3.5899999141693115,3.5899999141693115,90600
2023-12-05,3.6500000953674316,3.7660000324249268,3.549999952316284,3.7300000190734863,3.7300000190734863,99200
2023-12-06,3.7300000190734863,3.7799999713897705,3.559999942779541,3.7100000381469727,3.7100000381469727,77900
2023-12-07,3.5,3.7699999809265137,3.5,3.734999895095825,3.734999895095825,48100
2023-12-08,3.700000047683716,3.8399999141693115,3.5,3.7799999713897705,3.7799999713897705,85400
2023-12-11,3.8399999141693115,3.9100000858306885,3.5199999809265137,3.619999885559082,3.619999885559082,113700
2023-12-12,3.5899999141693115,3.75,3.5199999809265137,3.619999885559082,3.619999885559082,157100
2023-12-13,3.690000057220459,3.8499999046325684,3.630000114440918,3.8299999237060547,3.8299999237060547,41200
2023-12-14,3.9000000953674316,3.9000000953674316,3.630000114440918,3.759999990463257,3.759999990463257,142500
2023-12-15,3.819999933242798,4.489999771118164,3.7300000190734863,4.239999771118164,4.239999771118164,171900
2023-12-18,4.340000152587891,4.769999980926514,4.289999961853027,4.420000076293945,4.420000076293945,153600
2023-12-19,4.639999866485596,5.179999828338623,4.5,4.730000019073486,4.730000019073486,156900
2023-12-20,4.820000171661377,5.0,4.53000020980835,4.570000171661377,4.570000171661377,59400
2023-12-21,4.570000171661377,5.010000228881836,4.570000171661377,4.920000076293945,4.920000076293945,89400
2023-12-22,4.820000171661377,5.199999809265137,4.809999942779541,4.900000095367432,4.900000095367432,106600
2023-12-26,4.820000171661377,5.050000190734863,4.570000171661377,4.96999979019165,4.96999979019165,85100
2023-12-27,4.989999771118164,5.239999771118164,4.760000228881836,5.070000171661377,5.070000171661377,93700
2023-12-28,5.099999904632568,5.429999828338623,5.0,5.289999961853027,5.289999961853027,80300
2023-12-29,5.190000057220459,5.340000152587891,5.099999904632568,5.139999866485596,5.139999866485596,68500
2024-01-02,5.320000171661377,5.320000171661377,4.909999847412109,5.099999904632568,5.099999904632568,59500
2024-01-03,4.960000038146973,5.150000095367432,4.614999771118164,4.730000019073486,4.730000019073486,95500
2024-01-04,4.650000095367432,4.869999885559082,4.619999885559082,4.710000038146973,4.710000038146973,43900
2024-01-05,4.71999979019165,4.901000022888184,4.71999979019165,4.829999923706055,4.829999923706055,51100
2024-01-08,4.840000152587891,4.960000038146973,4.650000095367432,4.840000152587891,4.840000152587891,71900
2024-01-09,4.811999797821045,4.811999797821045,4.599999904632568,4.599999904632568,4.599999904632568,37300
2024-01-10,4.599999904632568,4.691999912261963,4.239999771118164,4.28000020980835,4.28000020980835,85500
2024-01-11,4.21999979019165,4.385000228881836,4.119999885559082,4.119999885559082,4.119999885559082,79100
2024-01-12,4.170000076293945,4.25,4.0,4.079999923706055,4.079999923706055,66200
2024-01-16,4.03000020980835,4.188000202178955,3.990000009536743,4.03000020980835,4.03000020980835,55100
2024-01-17,4.039999961853027,4.139999866485596,3.990000009536743,4.03000020980835,4.03000020980835,51100
2024-01-18,4.090000152587891,4.170000076293945,3.799999952316284,3.940000057220459,3.940000057220459,68700
2024-01-19,4.03000020980835,4.090000152587891,3.9000000953674316,4.0,4.0,51400
2024-01-22,4.090000152587891,4.25,4.0,4.25,4.25,50400
2024-01-23,4.25,4.269999980926514,4.010000228881836,4.190000057220459,4.190000057220459,34400
2024-01-24,4.210000038146973,4.380000114440918,4.150000095367432,4.190000057220459,4.190000057220459,45300
2024-01-25,4.409999847412109,4.409999847412109,4.119999885559082,4.320000171661377,4.320000171661377,74600
2024-01-26,4.340000152587891,4.340000152587891,4.099999904632568,4.199999809265137,4.199999809265137,37500
2024-01-29,4.260000228881836,4.409999847412109,4.130000114440918,4.400000095367432,4.400000095367432,42400
2024-01-30,4.400000095367432,4.570000171661377,4.300000190734863,4.53000020980835,4.53000020980835,273000
2024-01-31,4.449999809265137,4.639999866485596,4.25,4.309999942779541,4.309999942779541,48900
2024-02-01,4.409999847412109,4.486000061035156,4.099999904632568,4.300000190734863,4.300000190734863,46300
2024-02-02,4.380000114440918,4.380000114440918,4.110000133514404,4.309999942779541,4.309999942779541,25500
2024-02-05,4.360000133514404,4.360000133514404,4.090000152587891,4.099999904632568,4.099999904632568,47700
2024-02-06,4.2230000495910645,4.25,4.059999942779541,4.25,4.25,45400
2024-02-07,4.263999938964844,4.440000057220459,4.059999942779541,4.400000095367432,4.400000095367432,53200
2024-02-08,4.329999923706055,4.48799991607666,4.199999809265137,4.309999942779541,4.309999942779541,65100
2024-02-09,4.400000095367432,5.199999809265137,4.300000190734863,5.119999885559082,5.119999885559082,143800
2024-02-12,5.179999828338623,5.264999866485596,4.809999942779541,4.849999904632568,4.849999904632568,176800
2024-02-13,4.900000095367432,4.96999979019165,4.519999980926514,4.53000020980835,4.53000020980835,114600
2024-02-14,4.659999847412109,4.980000019073486,4.610000133514404,4.860000133514404,4.860000133514404,124000
2024-02-15,4.960000038146973,4.980000019073486,4.670000076293945,4.900000095367432,4.900000095367432,57300
2024-02-16,4.769999980926514,5.182000160217285,4.769999980926514,5.019999980926514,5.019999980926514,93200
2024-02-20,5.150000095367432,5.949999809265137,5.059999942779541,5.519999980926514,5.519999980926514,436200
2024-02-21,5.389999866485596,5.690000057220459,5.199999809265137,5.320000171661377,5.320000171661377,158700
2024-02-22,5.5,5.980000019073486,5.400000095367432,5.539999961853027,5.539999961853027,148300
2024-02-23,5.599999904632568,5.949999809265137,5.409999847412109,5.849999904632568,5.849999904632568,150100
2024-02-26,5.949999809265137,6.769999980926514,5.940000057220459,6.199999809265137,6.199999809265137,414100
2024-02-27,6.269999980926514,6.400000095367432,5.699999809265137,6.050000190734863,6.050000190734863,293900
2024-02-28,6.050000190734863,6.880000114440918,6.050000190734863,6.650000095367432,6.650000095367432,376800
2024-02-29,6.900000095367432,6.96999979019165,6.170000076293945,6.230000019073486,6.230000019073486,409200
2024-03-01,6.489999771118164,6.519999980926514,6.070000171661377,6.46999979019165,6.46999979019165,207500
2024-03-04,6.75,6.771999835968018,6.269999980926514,6.539999961853027,6.539999961853027,155800
2024-03-05,6.360000133514404,6.630000114440918,6.110000133514404,6.409999847412109,6.409999847412109,238800
2024-03-06,6.599999904632568,6.829999923706055,5.320000171661377,5.960000038146973,5.960000038146973,827200
2024-03-07,6.070000171661377,6.120999813079834,5.460000038146973,5.860000133514404,5.860000133514404,383600
2024-03-08,5.960000038146973,6.5,5.849999904632568,6.309999942779541,6.309999942779541,173000
2024-03-11,6.300000190734863,6.5,6.060999870300293,6.480000019073486,6.480000019073486,144200
2024-03-12,6.369999885559082,6.449999809265137,5.929999828338623,6.199999809265137,6.199999809265137,113700
2024-03-13,6.150000095367432,6.5,6.130000114440918,6.289999961853027,6.289999961853027,103700
2024-03-14,6.199999809265137,6.255000114440918,5.429999828338623,5.670000076293945,5.670000076293945,167700
2024-03-15,5.670000076293945,5.980000019073486,5.670000076293945,5.949999809265137,5.949999809265137,75200
2024-03-18,5.980000019073486,6.0,5.650000095367432,5.900000095367432,5.900000095367432,91600
2024-03-19,5.829999923706055,5.894999980926514,5.650000095367432,5.699999809265137,5.699999809265137,83000
2024-03-20,5.670000076293945,5.820000171661377,5.619999885559082,5.739999771118164,5.739999771118164,54300
2024-03-21,5.75,6.017000198364258,5.75,5.96999979019165,5.96999979019165,65500
2024-03-22,5.880000114440918,5.880000114440918,5.599999904632568,5.650000095367432,5.650000095367432,71100
2024-03-25,5.699999809265137,5.800000190734863,5.389999866485596,5.489999771118164,5.489999771118164,126500
2024-03-26,5.539999961853027,5.539999961853027,5.349999904632568,5.460000038146973,5.460000038146973,63900
2024-03-27,5.46999979019165,5.46999979019165,5.25,5.28000020980835,5.28000020980835,85600
2024-03-28,5.269999980926514,5.489999771118164,5.260000228881836,5.440000057220459,5.440000057220459,54400
2024-04-01,5.429999828338623,5.460000038146973,5.269999980926514,5.269999980926514,5.269999980926514,23000
2024-04-02,5.260000228881836,5.300000190734863,4.822000026702881,5.110000133514404,5.110000133514404,129400
2024-04-03,5.090000152587891,5.275000095367432,5.010000228881836,5.130000114440918,5.130000114440918,99100
2024-04-04,5.199999809265137,5.460000038146973,5.090000152587891,5.150000095367432,5.150000095367432,48100
2024-04-05,5.110000133514404,5.199999809265137,5.03000020980835,5.130000114440918,5.130000114440918,28500
2024-04-08,5.119999885559082,5.309999942779541,5.119999885559082,5.179999828338623,5.179999828338623,34700
2024-04-09,5.210000038146973,5.369999885559082,5.050000190734863,5.059999942779541,5.059999942779541,57200
2024-04-10,5.059999942779541,5.199999809265137,5.0,5.130000114440918,5.130000114440918,85200
2024-04-11,5.139999866485596,5.139999866485596,5.03000020980835,5.070000171661377,5.070000171661377,24200
2024-04-12,5.190000057220459,5.190000057220459,4.960000038146973,4.989999771118164,4.989999771118164,67300
2024-04-15,5.110000133514404,5.110000133514404,4.849999904632568,4.920000076293945,4.920000076293945,90400
2024-04-16,4.860000133514404,4.860000133514404,4.710000038146973,4.760000228881836,4.760000228881836,63500
2024-04-17,4.829999923706055,4.959000110626221,4.730000019073486,4.800000190734863,4.800000190734863,70500
2024-04-18,4.849999904632568,4.929999828338623,4.723999977111816,4.78000020980835,4.78000020980835,35900
2024-04-19,4.855000019073486,4.888999938964844,4.570000171661377,4.619999885559082,4.619999885559082,70700
2024-04-22,4.699999809265137,4.909999847412109,4.639999866485596,4.909999847412109,4.909999847412109,71600
2024-04-23,4.820000171661377,5.559999942779541,4.789999961853027,5.5,5.5,139400
2024-04-24,5.599999904632568,5.599999904632568,5.03000020980835,5.21999979019165,5.21999979019165,104700
2024-04-25,5.165999889373779,5.28000020980835,4.929999828338623,5.230000019073486,5.230000019073486,79300
2024-04-26,5.320000171661377,5.320000171661377,5.110000133514404,5.179999828338623,5.179999828338623,46900
2024-04-29,5.190000057220459,5.349999904632568,5.070000171661377,5.21999979019165,5.21999979019165,22200
2024-04-30,5.260000228881836,5.361999988555908,5.119999885559082,5.300000190734863,5.300000190734863,14800
2024-05-01,5.275000095367432,5.329999923706055,5.119999885559082,5.130000114440918,5.130000114440918,15800
2024-05-02,5.230000019073486,5.230000019073486,5.0,5.059999942779541,5.059999942779541,43000
2024-05-03,5.150000095367432,5.179999828338623,5.03000020980835,5.050000190734863,5.050000190734863,22000
2024-05-06,5.050000190734863,5.249000072479248,5.050000190734863,5.090000152587891,5.090000152587891,37800
2024-05-07,5.159999847412109,5.300000190734863,5.050000190734863,5.059999942779541,5.059999942779541,51600
2024-05-08,5.059999942779541,5.209000110626221,5.059999942779541,5.099999904632568,5.099999904632568,14900
2024-05-09,5.110000133514404,5.15500020980835,4.960000038146973,4.96999979019165,4.96999979019165,36600
2024-05-10,4.96999979019165,5.0980000495910645,4.929999828338623,5.0,5.0,75500
2024-05-13,4.965000152587891,5.21999979019165,4.920000076293945,4.920000076293945,4.920000076293945,35500
2024-05-14,5.0,5.124000072479248,4.929999828338623,5.0,5.0,12500
2024-05-15,5.210000038146973,5.210000038146973,4.949999809265137,5.0,5.0,43200
2024-05-16,4.949999809265137,5.068999767303467,4.949999809265137,4.949999809265137,4.949999809265137,18800
2024-05-17,5.0920000076293945,5.09499979019165,4.949999809265137,4.989999771118164,4.989999771118164,51200
2024-05-20,5.010000228881836,5.099999904632568,4.929999828338623,5.0,5.0,52600
2024-05-21,5.0,5.006999969482422,4.900000095367432,4.909999847412109,4.909999847412109,45300
2024-05-22,4.900000095367432,4.989999771118164,4.880000114440918,4.949999809265137,4.949999809265137,51900
2024-05-23,4.949999809265137,5.059999942779541,4.800000190734863,4.929999828338623,4.929999828338623,52900
2024-05-24,4.920000076293945,5.010000228881836,4.800000190734863,5.010000228881836,5.010000228881836,40300
2024-05-28,4.809999942779541,4.980000019073486,4.809999942779541,4.960000038146973,4.960000038146973,46100
2024-05-29,4.895999908447266,5.099999904632568,4.820000171661377,4.940000057220459,4.940000057220459,40100
2024-05-30,4.946000099182129,4.952000141143799,4.809999942779541,4.820000171661377,4.820000171661377,43400
2024-05-31,4.885000228881836,5.010000228881836,4.769999980926514,4.769999980926514,4.769999980926514,59000
2024-06-03,4.860000133514404,4.914000034332275,4.679999828338623,4.760000228881836,4.760000228881836,66300
2024-06-04,4.789999961853027,4.789999961853027,4.619999885559082,4.730000019073486,4.730000019073486,27200
2024-06-05,4.860000133514404,4.869999885559082,4.639999866485596,4.75,4.75,26100
2024-06-06,4.699999809265137,4.889999866485596,4.630000114440918,4.889999866485596,4.889999866485596,60100
2024-06-07,4.880000114440918,4.880000114440918,4.679999828338623,4.679999828338623,4.679999828338623,23200
2024-06-10,4.679999828338623,4.775000095367432,4.659999847412109,4.699999809265137,4.699999809265137,16700
2024-06-11,4.690000057220459,4.760000228881836,4.6519999504089355,4.760000228881836,4.760000228881836,12600
2024-06-12,4.78000020980835,4.849999904632568,4.699999809265137,4.789999961853027,4.789999961853027,28000
2024-06-13,4.739999771118164,4.804999828338623,4.710999965667725,4.71999979019165,4.71999979019165,16200
2024-06-14,4.699999809265137,4.798999786376953,4.611999988555908,4.769999980926514,4.769999980926514,26700
2024-06-17,4.724999904632568,4.900000095367432,4.699999809265137,4.889999866485596,4.889999866485596,24800
2024-06-18,4.800000190734863,4.889999866485596,4.699999809265137,4.699999809265137,4.699999809265137,30200
2024-06-20,4.659999847412109,4.809999942779541,4.650000095367432,4.670000076293945,4.670000076293945,65000
2024-06-21,4.610000133514404,5.0,4.289999961853027,5.0,5.0,2511200
2024-06-24,4.989999771118164,5.690000057220459,4.789999961853027,5.340000152587891,5.340000152587891,196200
2024-06-25,5.420000076293945,5.460000038146973,4.989999771118164,5.199999809265137,5.199999809265137,68000
2024-06-26,5.110000133514404,5.199999809265137,4.949999809265137,5.150000095367432,5.150000095367432,54600
2024-06-27,5.010000228881836,5.21999979019165,5.010000228881836,5.170000076293945,5.170000076293945,38500
2024-06-28,5.210000038146973,5.25,4.929999828338623,5.25,5.25,85600
2024-07-01,5.269999980926514,5.335000038146973,5.079999923706055,5.119999885559082,5.119999885559082,40900
2024-07-02,5.179999828338623,5.260000228881836,4.804999828338623,5.070000171661377,5.070000171661377,53100
2024-07-03,5.130000114440918,5.189000129699707,5.050000190734863,5.050000190734863,5.050000190734863,24500
2024-07-05,5.050000190734863,5.210000038146973,5.050000190734863,5.210000038146973,5.210000038146973,16400
2024-07-08,5.210000038146973,5.300000190734863,4.980000019073486,4.980000019073486,4.980000019073486,64900
2024-07-09,4.949999809265137,5.269999980926514,4.949999809265137,5.130000114440918,5.130000114440918,37200
2024-07-10,5.210000038146973,5.840000152587891,5.070000171661377,5.840000152587891,5.840000152587891,121200
2024-07-11,5.900000095367432,6.099999904632568,5.829999923706055,5.949999809265137,5.949999809265137,76300
2024-07-12,5.96999979019165,6.099999904632568,5.860000133514404,5.989999771118164,5.989999771118164,49300
2024-07-15,6.090000152587891,6.460000038146973,5.860000133514404,6.190000057220459,6.190000057220459,80500
2024-07-16,6.309999942779541,6.480000019073486,6.03000020980835,6.059999942779541,6.059999942779541,78100
2024-07-17,6.019999980926514,6.03000020980835,5.559999942779541,5.949999809265137,5.949999809265137,40200
2024-07-18,5.960000038146973,6.125,5.760000228881836,5.760000228881836,5.760000228881836,74900
2024-07-19,5.769999980926514,5.775000095367432,5.599999904632568,5.659999847412109,5.659999847412109,28600
2024-07-22,5.699999809265137,5.829999923706055,5.619999885559082,5.699999809265137,5.699999809265137,43400
2024-07-23,5.619999885559082,5.78000020980835,5.605000019073486,5.690000057220459,5.690000057220459,19700
2024-07-24,5.699999809265137,5.699999809265137,5.380000114440918,5.519999980926514,5.519999980926514,42900
2024-07-25,5.474999904632568,5.735000133514404,5.474999904632568,5.5,5.5,14400
2024-07-26,5.510000228881836,5.760000228881836,5.510000228881836,5.75,5.75,34700
2024-07-29,5.559999942779541,5.914999961853027,5.460000038146973,5.5,5.5,38000
2024-07-30,5.510000228881836,5.659999847412109,5.320000171661377,5.380000114440918,5.380000114440918,36100
2024-07-31,5.380000114440918,5.4730000495910645,5.269999980926514,5.380000114440918,5.380000114440918,22100
2024-08-01,5.360000133514404,5.4720001220703125,5.25,5.329999923706055,5.329999923706055,31100
2024-08-02,5.260000228881836,5.369999885559082,5.150000095367432,5.159999847412109,5.159999847412109,24000
2024-08-05,5.0,5.159999847412109,4.619999885559082,5.050000190734863,5.050000190734863,129800
2024-08-06,5.139999866485596,5.360000133514404,5.019999980926514,5.199999809265137,5.199999809265137,36800
2024-08-07,5.197999954223633,5.329999923706055,4.909999847412109,4.96999979019165,4.96999979019165,30100
2024-08-08,5.158999919891357,5.158999919891357,4.949999809265137,5.099999904632568,5.099999904632568,27700
2024-08-09,5.079999923706055,5.159999847412109,4.909999847412109,5.010000228881836,5.010000228881836,14900
2024-08-12,5.059999942779541,5.110000133514404,4.920000076293945,5.0,5.0,18600
2024-08-13,5.084000110626221,5.090000152587891,4.954999923706055,5.0,5.0,18900
2024-08-14,4.980000019073486,5.809999942779541,4.980000019073486,5.210000038146973,5.210000038146973,137300
2024-08-15,5.239999771118164,5.550000190734863,5.059999942779541,5.440000057220459,5.440000057220459,214000
2024-08-16,5.380000114440918,5.513000011444092,5.21999979019165,5.260000228881836,5.260000228881836,23100
2024-08-19,5.25,5.489999771118164,5.164999961853027,5.429999828338623,5.429999828338623,26100
2024-08-20,5.239999771118164,5.429999828338623,5.176000118255615,5.349999904632568,5.349999904632568,42800
2024-08-21,5.309999942779541,5.4079999923706055,5.179999828338623,5.300000190734863,5.300000190734863,129300
2024-08-22,5.369999885559082,5.434999942779541,5.175000190734863,5.389999866485596,5.389999866485596,32400
2024-08-23,5.460000038146973,5.638000011444092,5.420000076293945,5.510000228881836,5.510000228881836,49600
2024-08-26,5.429999828338623,5.605000019073486,5.380000114440918,5.519999980926514,5.519999980926514,39900
2024-08-27,5.519999980926514,5.619999885559082,5.5,5.5,5.5,17000
2024-08-28,5.519999980926514,5.590000152587891,5.309999942779541,5.309999942779541,5.309999942779541,28000
2024-08-29,5.40500020980835,5.460000038146973,5.210000038146973,5.300000190734863,5.300000190734863,19700
2024-08-30,5.304999828338623,5.328999996185303,5.21999979019165,5.260000228881836,5.260000228881836,9000
2024-09-03,5.25,5.300000190734863,5.099999904632568,5.300000190734863,5.300000190734863,15500
2024-09-04,5.21999979019165,5.360000133514404,5.139999866485596,5.239999771118164,5.239999771118164,10100
2024-09-05,5.190000057220459,5.289999961853027,5.050000190734863,5.159999847412109,5.159999847412109,12300
2024-09-06,5.130000114440918,5.320000171661377,5.130000114440918,5.190000057220459,5.190000057220459,8500
2024-09-09,5.139999866485596,5.630000114440918,5.139999866485596,5.460000038146973,5.460000038146973,77300
2024-09-10,5.53000020980835,5.610000133514404,5.199999809265137,5.300000190734863,5.300000190734863,102100
2024-09-11,5.309999942779541,5.421000003814697,5.210000038146973,5.230000019073486,5.230000019073486,12700
2024-09-12,5.260000228881836,5.349999904632568,5.199999809265137,5.25,5.25,15300
2024-09-13,5.230000019073486,5.699999809265137,5.230000019073486,5.380000114440918,5.380000114440918,50800
2024-09-16,5.460000038146973,5.460000038146973,5.210000038146973,5.440000057220459,5.440000057220459,24700
2024-09-17,5.510000228881836,5.510000228881836,5.252999782562256,5.320000171661377,5.320000171661377,22800
2024-09-18,5.309999942779541,5.376999855041504,5.099999904632568,5.099999904632568,5.099999904632568,70700
2024-09-19,5.199999809265137,5.2779998779296875,5.050000190734863,5.110000133514404,5.110000133514404,39200
2024-09-20,5.099999904632568,5.119999885559082,4.679999828338623,4.75,4.75,188600
2024-09-23,4.869999885559082,4.941999912261963,4.510000228881836,4.539999961853027,4.539999961853027,61400
2024-09-24,4.559999942779541,4.611999988555908,4.420000076293945,4.5,4.5,36300
2024-09-25,4.550000190734863,4.579999923706055,4.369999885559082,4.579999923706055,4.579999923706055,37700
2024-09-26,4.539999961853027,4.631999969482422,4.400000095367432,4.5,4.5,149500
2024-09-27,3.690000057220459,3.690000057220459,3.240000009536743,3.240000009536743,3.240000009536743,2367700
2024-09-30,3.380000114440918,3.5299999713897705,3.299999952316284,3.359999895095825,3.359999895095825,535700
2024-10-01,3.509999990463257,3.509999990463257,3.1700000762939453,3.200000047683716,3.200000047683716,275700
2024-10-02,3.25,3.2899999618530273,3.059999942779541,3.200000047683716,3.200000047683716,326100
2024-10-03,3.180000066757202,3.369999885559082,3.1700000762939453,3.180000066757202,3.180000066757202,163100
2024-10-04,3.2100000381469727,3.309999942779541,3.190000057220459,3.2300000190734863,3.2300000190734863,76200
2024-10-07,3.2699999809265137,3.2699999809265137,3.121000051498413,3.200000047683716,3.200000047683716,109800
2024-10-08,3.180000066757202,3.2200000286102295,3.0399999618530273,3.0799999237060547,3.0799999237060547,156800
2024-10-09,3.0799999237060547,3.117000102996826,3.0199999809265137,3.049999952316284,3.049999952316284,118600
2024-10-10,3.0299999713897705,3.1500000953674316,3.01200008392334,3.119999885559082,3.119999885559082,102800
2024-10-11,3.0899999141693115,3.308000087738037,3.0899999141693115,3.2200000286102295,3.2200000286102295,120900
2024-10-14,3.2799999713897705,3.319000005722046,3.130000114440918,3.180000066757202,3.180000066757202,81500
2024-10-15,3.1600000858306885,3.259999990463257,3.0999999046325684,3.1700000762939453,3.1700000762939453,153000
2024-10-16,3.259999990463257,3.4000000953674316,3.1500000953674316,3.4000000953674316,3.4000000953674316,132700
2024-10-17,3.390000104904175,3.390000104904175,3.259999990463257,3.2799999713897705,3.2799999713897705,59700
2024-10-18,3.3299999237060547,3.3949999809265137,3.2850000858306885,3.3299999237060547,3.3299999237060547,59700
2024-10-21,3.380000114440918,3.4600000381469727,3.3299999237060547,3.369999885559082,3.369999885559082,146500
2024-10-22,3.380000114440918,3.4600000381469727,3.3499999046325684,3.4600000381469727,3.4600000381469727,54400
2024-10-23,3.440000057220459,3.4600000381469727,3.299999952316284,3.309999942779541,3.309999942779541,114100
2024-10-24,3.319999933242798,3.450000047683716,3.299999952316284,3.440000057220459,3.440000057220459,48200
2024-10-25,3.450000047683716,3.4800000190734863,3.2799999713897705,3.319999933242798,3.319999933242798,55100
2024-10-28,3.4100000858306885,3.509999990463257,3.365000009536743,3.4600000381469727,3.4600000381469727,253300
2024-10-29,3.380000114440918,3.4800000190734863,3.380000114440918,3.450000047683716,3.450000047683716,44000
2024-10-30,3.430000066757202,3.4700000286102295,3.309999942779541,3.309999942779541,3.309999942779541,81000
2024-10-31,3.2699999809265137,3.4100000858306885,3.244999885559082,3.369999885559082,3.369999885559082,92500
2024-11-01,3.4100000858306885,3.430000066757202,3.2850000858306885,3.3499999046325684,3.3499999046325684,75800
2024-11-04,3.299999952316284,3.440000057220459,3.299999952316284,3.390000104904175,3.390000104904175,63500
2024-11-05,3.390000104904175,3.430000066757202,3.3450000286102295,3.4200000762939453,3.4200000762939453,108100
2024-11-06,3.440000057220459,3.440000057220459,3.369999885559082,3.430000066757202,3.430000066757202,126000
2024-11-07,3.430000066757202,3.6700000762939453,3.369999885559082,3.509999990463257,3.509999990463257,147200
2024-11-08,3.5199999809265137,3.575000047683716,3.4200000762939453,3.509999990463257,3.509999990463257,100500
