Date,Open,High,Low,Close,Adj Close,Volume
2019-07-18,15.5,15.859999656677246,15.020000457763672,15.489999771118164,9.072922706604004,3258000
2019-07-19,15.489999771118164,15.489999771118164,15.489999771118164,15.489999771118164,9.072922706604004,0
2019-07-22,15.489999771118164,15.489999771118164,15.489999771118164,15.489999771118164,9.072922706604004,0
2019-07-23,15.699999809265137,15.699999809265137,15.550000190734863,15.600000381469727,9.137353897094727,172500
2019-07-24,15.5600004196167,15.607000350952148,15.520000457763672,15.550000190734863,9.108068466186523,186800
2019-07-25,15.609999656677246,15.609999656677246,15.550000190734863,15.569999694824219,9.119781494140625,147400
2019-07-26,15.569999694824219,15.710000038146973,15.569999694824219,15.59000015258789,9.131495475769043,227900
2019-07-29,15.770000457763672,15.770000457763672,15.569999694824219,15.59000015258789,9.131495475769043,202000
2019-07-30,15.649999618530273,15.680000305175781,15.579999923706055,15.65999984741211,9.172496795654297,150000
2019-07-31,15.899999618530273,15.989999771118164,15.75,15.850000381469727,9.283783912658691,279800
2019-08-01,15.84000015258789,16.450000762939453,15.600000381469727,15.899999618530273,9.313068389892578,277900
2019-08-02,15.949999809265137,15.972999572753906,15.836999893188477,15.920000076293945,9.324787139892578,124000
2019-08-05,15.800000190734863,15.9399995803833,15.5600004196167,15.699999809265137,9.19592571258545,251600
2019-08-06,15.75,15.895999908447266,15.710000038146973,15.720000267028809,9.2076416015625,97300
2019-08-07,15.729999542236328,15.770000457763672,15.539999961853027,15.739999771118164,9.219353675842285,246300
2019-08-08,15.760000228881836,16.0,15.619999885559082,15.90999984741211,9.318927764892578,165400
2019-08-09,15.699999809265137,15.989999771118164,15.699999809265137,15.899999618530273,9.313068389892578,108000
2019-08-12,15.850000381469727,16.1299991607666,15.75,15.850000381469727,9.283783912658691,172000
2019-08-13,16.18000030517578,16.18000030517578,15.800000190734863,15.989999771118164,9.3657865524292,241100
2019-08-14,15.899999618530273,16.020000457763672,15.670000076293945,15.729999542236328,9.21349811553955,260300
2019-08-15,15.880000114440918,15.880000114440918,15.550000190734863,15.6899995803833,9.19006633758545,224300
2019-08-16,15.760000228881836,15.9399995803833,15.649999618530273,15.680000305175781,9.184210777282715,136600
2019-08-19,15.739999771118164,16.010000228881836,15.680000305175781,15.920000076293945,9.324787139892578,90800
2019-08-20,16.0,16.09000015258789,15.859999656677246,15.890000343322754,9.307214736938477,376300
2019-08-21,15.890000343322754,16.049999237060547,15.850000381469727,15.9399995803833,9.336499214172363,222100
2019-08-22,15.970000267028809,16.0,15.890000343322754,15.9399995803833,9.336499214172363,109300
2019-08-23,15.890000343322754,15.949999809265137,15.850000381469727,15.850000381469727,9.283783912658691,115600
2019-08-26,15.930000305175781,16.1200008392334,15.869999885559082,15.979999542236328,9.359929084777832,154400
2019-08-27,15.960000038146973,15.989999771118164,15.90999984741211,15.90999984741211,9.318927764892578,56500
2019-08-28,15.890000343322754,16.010000228881836,15.890000343322754,15.979999542236328,9.359929084777832,85200
2019-08-29,15.960000038146973,16.110000610351562,15.850000381469727,15.880000114440918,9.301355361938477,242700
2019-08-30,15.960000038146973,16.0,15.899999618530273,15.899999618530273,9.313068389892578,167200
2019-09-03,15.920000076293945,16.040000915527344,15.920000076293945,15.970000267028809,9.354070663452148,135000
2019-09-04,16.0,16.038000106811523,15.899999618530273,16.030000686645508,9.389214515686035,159500
2019-09-05,16.100000381469727,16.18000030517578,15.930000305175781,15.949999809265137,9.34235668182373,154700
2019-09-06,15.979999542236328,16.43000030517578,15.979999542236328,16.239999771118164,9.512216567993164,216200
2019-09-09,16.290000915527344,16.299999237060547,16.010000228881836,16.049999237060547,9.400930404663086,183200
2019-09-10,16.020000457763672,16.200000762939453,15.899999618530273,15.9399995803833,9.336499214172363,173700
2019-09-11,15.9399995803833,16.089000701904297,15.880000114440918,15.899999618530273,9.313068389892578,143400
2019-09-12,15.920000076293945,16.389999389648438,15.899999618530273,16.149999618530273,9.459504127502441,201700
2019-09-13,16.200000762939453,16.6200008392334,16.200000762939453,16.389999389648438,9.600077629089355,331300
2019-09-16,16.530000686645508,17.09000015258789,16.5,16.979999542236328,9.945656776428223,626800
2019-09-17,17.200000762939453,17.25,16.84000015258789,16.950000762939453,9.928085327148438,200600
2019-09-18,16.93000030517578,17.799999237060547,16.906999588012695,17.700000762939453,10.367379188537598,476600
2019-09-19,17.93000030517578,18.09000015258789,17.65999984741211,18.040000915527344,10.5665283203125,624500
2019-09-20,18.06999969482422,18.149999618530273,16.84000015258789,16.889999389648438,9.892940521240234,1377500
2019-09-23,16.920000076293945,17.260000228881836,16.1299991607666,16.1299991607666,9.447786331176758,284300
2019-09-24,16.170000076293945,16.479999542236328,16.170000076293945,16.350000381469727,9.576648712158203,150800
2019-09-25,16.479999542236328,16.826000213623047,16.440000534057617,16.600000381469727,9.7230806350708,130200
2019-09-26,16.559999465942383,16.71500015258789,16.25,16.290000915527344,9.54150390625,203600
2019-09-27,16.09000015258789,16.365999221801758,15.850000381469727,15.9399995803833,9.529545783996582,537500
2019-09-30,15.960000038146973,16.010000228881836,15.670000076293945,15.770000457763672,9.427915573120117,468500
2019-10-01,16.270000457763672,16.270000457763672,15.670000076293945,15.729999542236328,9.404003143310547,189300
2019-10-02,15.720000267028809,16.010000228881836,15.569999694824219,15.949999809265137,9.535526275634766,291600
2019-10-03,15.949999809265137,16.15999984741211,15.819999694824219,16.1299991607666,9.643136024475098,106900
2019-10-04,16.100000381469727,16.329999923706055,16.030000686645508,16.260000228881836,9.720857620239258,258000
2019-10-07,16.299999237060547,16.43000030517578,15.899999618530273,16.350000381469727,9.774662017822266,135600
2019-10-08,16.299999237060547,16.420000076293945,16.100000381469727,16.15999984741211,9.661072731018066,107100
2019-10-09,16.290000915527344,16.489999771118164,16.110000610351562,16.309999465942383,9.750747680664062,106800
2019-10-10,16.3799991607666,16.84000015258789,16.350000381469727,16.729999542236328,10.001840591430664,122200
2019-10-11,17.229999542236328,17.350000381469727,16.690000534057617,16.709999084472656,9.989884376525879,150700
2019-10-14,17.209999084472656,17.209999084472656,16.67300033569336,16.90999984741211,10.109450340270996,117000
2019-10-15,16.950000762939453,17.190000534057617,16.709999084472656,16.950000762939453,10.133366584777832,150100
2019-10-16,17.079999923706055,17.200000762939453,16.809999465942383,16.969999313354492,10.145320892333984,152100
2019-10-17,17.020000457763672,17.25,16.950000762939453,16.989999771118164,10.157278060913086,250100
2019-10-18,16.989999771118164,17.09000015258789,16.850000381469727,16.959999084472656,10.139341354370117,139500
2019-10-21,17.049999237060547,17.084999084472656,16.850000381469727,16.860000610351562,10.079559326171875,85400
2019-10-22,16.84000015258789,17.200000762939453,16.541000366210938,17.020000457763672,10.175217628479004,203300
2019-10-23,17.020000457763672,17.280000686645508,16.93000030517578,17.0,10.163254737854004,156000
2019-10-24,16.950000762939453,17.097000122070312,16.90999984741211,16.979999542236328,10.151299476623535,159600
2019-10-25,16.90999984741211,16.989999771118164,16.6299991607666,16.639999389648438,9.94803524017334,99700
2019-10-28,16.649999618530273,16.75,16.510000228881836,16.549999237060547,9.894231796264648,139700
2019-10-29,16.5,17.09000015258789,16.5,16.81999969482422,10.055647850036621,61800
2019-10-30,16.790000915527344,17.25,16.790000915527344,16.899999618530273,10.103471755981445,133200
2019-10-31,17.329999923706055,17.329999923706055,16.665000915527344,17.100000381469727,10.223040580749512,151100
2019-11-01,16.850000381469727,17.299999237060547,16.83300018310547,17.18000030517578,10.270868301391602,169500
2019-11-04,17.31999969482422,17.5,17.040000915527344,17.200000762939453,10.282824516296387,158600
2019-11-05,17.040000915527344,18.0,16.899999618530273,17.299999237060547,10.342608451843262,179500
2019-11-06,17.559999465942383,17.59000015258789,17.065000534057617,17.450000762939453,10.43228530883789,156600
2019-11-07,17.43000030517578,17.530000686645508,17.229999542236328,17.5,10.462176322937012,127800
2019-11-08,17.510000228881836,17.799999237060547,17.371999740600586,17.700000762939453,10.581743240356445,156100
2019-11-11,17.639999389648438,17.899999618530273,17.444000244140625,17.729999542236328,10.599678039550781,107300
2019-11-12,17.93000030517578,18.0,17.639999389648438,17.860000610351562,10.677399635314941,248800
2019-11-13,17.979999542236328,18.399999618530273,17.799999237060547,18.030000686645508,10.779029846191406,309800
2019-11-14,18.0,18.25,17.959999084472656,18.200000762939453,10.880661010742188,109900
2019-11-15,18.299999237060547,18.389999389648438,17.59000015258789,17.600000381469727,10.521960258483887,182700
2019-11-18,17.610000610351562,18.299999237060547,17.600000381469727,18.0,10.761094093322754,155600
2019-11-19,18.149999618530273,18.149999618530273,17.739999771118164,17.889999389648438,10.695331573486328,108300
2019-11-20,18.0,18.0,17.600000381469727,17.649999618530273,10.551851272583008,93500
2019-11-21,17.700000762939453,17.889999389648438,17.600000381469727,17.6200008392334,10.533919334411621,86900
2019-11-22,17.610000610351562,17.81999969482422,17.610000610351562,17.719999313354492,10.593700408935547,76600
2019-11-25,17.790000915527344,17.979999542236328,17.649999618530273,17.700000762939453,10.581743240356445,106400
2019-11-26,17.709999084472656,18.100000381469727,17.709999084472656,18.030000686645508,10.779029846191406,91400
2019-11-27,18.190000534057617,18.200000762939453,17.75,17.920000076293945,10.713268280029297,60000
2019-11-29,17.93000030517578,18.158000946044922,17.93000030517578,18.110000610351562,10.826857566833496,46800
2019-12-02,18.15999984741211,18.190000534057617,17.989999771118164,18.0,10.761094093322754,137100
2019-12-03,17.899999618530273,18.024999618530273,17.719999313354492,17.760000228881836,10.617610931396484,116800
2019-12-04,18.0,18.059999465942383,17.809999465942383,17.90999984741211,10.707292556762695,62000
2019-12-05,17.969999313354492,18.09000015258789,17.895999908447266,18.0,10.761094093322754,62700
2019-12-06,18.0,18.128999710083008,17.92799949645996,18.020000457763672,10.773054122924805,101400
2019-12-09,18.0,18.170000076293945,17.989999771118164,18.030000686645508,10.779029846191406,147700
2019-12-10,18.0,18.09000015258789,17.899999618530273,17.979999542236328,10.749137878417969,61700
2019-12-11,18.040000915527344,18.059999465942383,17.8700008392334,18.0,10.761094093322754,103500
2019-12-12,18.0,18.239999771118164,17.959999084472656,18.170000076293945,10.8627290725708,162100
2019-12-13,18.1200008392334,18.200000762939453,18.0,18.200000762939453,10.880661010742188,127800
2019-12-16,18.209999084472656,18.25,17.8799991607666,18.0,10.761094093322754,285900
2019-12-17,17.899999618530273,18.1200008392334,17.8799991607666,18.0,10.761094093322754,238800
2019-12-18,18.049999237060547,18.139999389648438,17.957000732421875,17.979999542236328,10.749137878417969,101000
2019-12-19,18.149999618530273,18.67799949645996,18.0,18.34000015258789,10.964360237121582,310400
2019-12-20,18.5,18.530000686645508,18.190000534057617,18.25,10.91055679321289,120500
2019-12-23,18.329999923706055,18.329999923706055,17.899999618530273,18.040000915527344,10.78501033782959,110300
2019-12-24,18.110000610351562,18.329999923706055,18.0,18.190000534057617,10.874685287475586,58800
2019-12-26,18.280000686645508,18.670000076293945,18.280000686645508,18.649999618530273,11.149690628051758,107400
2019-12-27,18.8700008392334,19.139999389648438,18.6200008392334,19.1299991607666,11.436652183532715,99400
2019-12-30,19.1299991607666,19.190000534057617,18.059999465942383,18.170000076293945,11.065176010131836,175500
2019-12-31,18.110000610351562,18.200000762939453,17.84000015258789,17.889999389648438,10.894659042358398,154400
2020-01-02,17.920000076293945,18.049999237060547,17.649999618530273,17.760000228881836,10.81549072265625,200200
2020-01-03,17.309999465942383,17.5,16.829999923706055,17.3799991607666,10.584076881408691,599000
2020-01-06,17.260000228881836,17.420000076293945,17.100000381469727,17.15999984741211,10.450105667114258,210800
2020-01-07,17.15999984741211,17.5,17.149999618530273,17.290000915527344,10.529273986816406,179000
2020-01-08,17.299999237060547,17.388999938964844,16.90999984741211,17.110000610351562,10.419656753540039,176500
2020-01-09,17.25,17.270000457763672,17.049999237060547,17.209999084472656,10.48055362701416,267000
2020-01-10,17.15999984741211,17.219999313354492,16.860000610351562,16.8799991607666,10.279586791992188,130400
2020-01-13,16.940000534057617,17.072999954223633,16.8799991607666,17.040000915527344,10.377026557922363,218300
2020-01-14,17.049999237060547,17.059999465942383,16.649999618530273,16.719999313354492,10.182153701782227,324700
2020-01-15,16.6200008392334,16.6200008392334,16.040000915527344,16.1299991607666,9.822854042053223,1774300
2020-01-16,16.100000381469727,16.222000122070312,15.970000267028809,16.010000228881836,9.749778747558594,1601500
2020-01-17,16.110000610351562,16.190000534057617,15.760000228881836,15.850000381469727,9.65234088897705,1146000
2020-01-21,15.850000381469727,16.059999465942383,15.850000381469727,15.880000114440918,9.670609474182129,1170200
2020-01-22,16.0,16.149999618530273,15.949999809265137,15.949999809265137,9.713238716125488,916900
2020-01-23,15.989999771118164,16.229999542236328,15.9399995803833,15.979999542236328,9.731510162353516,1225900
2020-01-24,16.010000228881836,16.115999221801758,15.880000114440918,15.90999984741211,9.688879013061523,842800
2020-01-27,15.920000076293945,15.960000038146973,15.760000228881836,15.850000381469727,9.65234088897705,658300
2020-01-28,15.960000038146973,16.0,15.862000465393066,15.890000343322754,9.6766996383667,602900
2020-01-29,15.930000305175781,15.949999809265137,15.869999885559082,15.890000343322754,9.6766996383667,372300
2020-01-30,15.890000343322754,15.913000106811523,15.75,15.850000381469727,9.65234088897705,466500
2020-01-31,15.899999618530273,15.913000106811523,15.699999809265137,15.760000228881836,9.597533226013184,418800
2020-02-03,15.789999961853027,16.0,15.699999809265137,15.720000267028809,9.573174476623535,778200
2020-02-04,15.739999771118164,15.829999923706055,15.664999961853027,15.699999809265137,9.560992240905762,801700
2020-02-05,15.729999542236328,15.800000190734863,15.640000343322754,15.670000076293945,9.542725563049316,548000
2020-02-06,15.720000267028809,16.0049991607666,15.710000038146973,15.9399995803833,9.707148551940918,1487000
2020-02-07,15.90999984741211,16.035999298095703,15.760000228881836,15.84000015258789,9.646249771118164,684000
2020-02-10,16.0,16.010000228881836,15.854999542236328,15.859999656677246,9.658430099487305,551200
2020-02-11,15.920000076293945,16.014999389648438,15.869999885559082,15.9399995803833,9.707148551940918,1029500
2020-02-12,16.020000457763672,16.059999465942383,15.850000381469727,15.859999656677246,9.658430099487305,906500
2020-02-13,15.84000015258789,15.90999984741211,15.770000457763672,15.899999618530273,9.682787895202637,468000
2020-02-14,15.899999618530273,15.970000267028809,15.800000190734863,15.899999618530273,9.682787895202637,679400
2020-02-18,15.869999885559082,15.9399995803833,15.819999694824219,15.819999694824219,9.634071350097656,711300
2020-02-19,15.859999656677246,15.90999984741211,15.78499984741211,15.84000015258789,9.646249771118164,880600
2020-02-20,15.869999885559082,15.949999809265137,15.569999694824219,15.630000114440918,9.518365859985352,804900
2020-02-21,15.90999984741211,15.989999771118164,15.640000343322754,15.819999694824219,9.634071350097656,778100
2020-02-24,15.579999923706055,15.729999542236328,15.510000228881836,15.539999961853027,9.463557243347168,796500
2020-02-25,15.520000457763672,15.550000190734863,14.6899995803833,14.90999984741211,9.079898834228516,1942900
2020-02-26,15.050000190734863,15.40999984741211,15.02299976348877,15.25,9.286953926086426,762400
2020-02-27,15.220000267028809,15.390000343322754,14.75,15.010000228881836,9.140796661376953,996500
2020-02-28,14.779999732971191,15.25,14.779999732971191,15.229999542236328,9.274771690368652,1393100
2020-03-02,15.270000457763672,15.369999885559082,15.175000190734863,15.260000228881836,9.293042182922363,1342100
2020-03-03,15.300000190734863,15.34000015258789,14.975000381469727,15.119999885559082,9.207782745361328,904300
2020-03-04,15.180000305175781,15.265000343322754,14.920000076293945,15.239999771118164,9.280862808227539,563000
2020-03-05,15.1899995803833,15.260000228881836,15.050000190734863,15.140000343322754,9.219964027404785,724900
2020-03-06,15.0,15.010000228881836,14.65999984741211,14.710000038146973,8.958101272583008,1378100
2020-03-09,14.020000457763672,14.020000457763672,13.09000015258789,13.239999771118164,8.062902450561523,1599100
2020-03-10,13.739999771118164,13.869999885559082,12.8100004196167,12.949999809265137,7.88629674911499,1120200
2020-03-11,12.670000076293945,12.930000305175781,12.289999961853027,12.630000114440918,7.6914238929748535,1203700
2020-03-12,11.970000267028809,12.329999923706055,11.579999923706055,11.789999961853027,7.179878234863281,1983900
2020-03-13,12.0,12.699999809265137,11.899999618530273,12.300000190734863,7.490459442138672,1896000
2020-03-16,11.25,12.229999542236328,10.470000267028809,11.3100004196167,6.887570381164551,1452900
2020-03-17,11.220000267028809,11.359999656677246,10.489999771118164,10.859999656677246,6.613528251647949,1523000
2020-03-18,10.640000343322754,10.65999984741211,9.289999961853027,9.359999656677246,5.700057506561279,1651900
2020-03-19,9.229999542236328,11.630000114440918,8.949999809265137,10.920000076293945,6.650067329406738,2378900
2020-03-20,10.960000038146973,11.5,9.8100004196167,10.220000267028809,6.223781108856201,2526900
2020-03-23,9.880000114440918,9.960000038146973,8.09000015258789,8.25,5.024089336395264,1554800
2020-03-24,8.640000343322754,10.0,8.50100040435791,9.6899995803833,5.901021957397461,1181800
2020-03-25,9.600000381469727,10.71500015258789,9.319999694824219,10.109999656677246,6.156789779663086,1719500
2020-03-26,10.300000190734863,11.75,10.300000190734863,11.180000305175781,6.808401584625244,1944000
2020-03-27,11.039999961853027,12.260000228881836,10.859999656677246,11.460000038146973,6.978917121887207,1299300
2020-03-30,11.1899995803833,11.90999984741211,10.6899995803833,11.569999694824219,7.294135093688965,1319600
2020-03-31,11.600000381469727,12.09000015258789,11.199999809265137,11.539999961853027,7.275221824645996,1168100
2020-04-01,11.0,11.609999656677246,10.930000305175781,11.270000457763672,7.105001449584961,873100
2020-04-02,10.899999618530273,11.350000381469727,10.100000381469727,10.3100004196167,6.499785423278809,1034700
2020-04-03,10.300000190734863,10.668999671936035,9.770000457763672,10.140000343322754,6.392610549926758,1268500
2020-04-06,10.5,11.470000267028809,10.380000114440918,11.020000457763672,6.947393417358398,1306500
2020-04-07,11.420000076293945,12.335000038146973,11.420000076293945,11.90999984741211,7.508481979370117,1365200
2020-04-08,12.239999771118164,12.729999542236328,11.979999542236328,12.359999656677246,7.792177200317383,1158800
2020-04-09,12.5,14.260000228881836,12.5,13.489999771118164,8.504569053649902,2821700
2020-04-13,13.949999809265137,14.0,12.319999694824219,12.9399995803833,8.157830238342285,1769100
2020-04-14,12.800000190734863,13.149999618530273,12.119999885559082,12.680000305175781,7.993917465209961,1712200
2020-04-15,12.25,12.489999771118164,11.619999885559082,11.680000305175781,7.363481521606445,1385400
2020-04-16,12.170000076293945,12.199999809265137,11.270000457763672,11.819999694824219,7.451741695404053,1581100
2020-04-17,12.210000038146973,12.670000076293945,12.039999961853027,12.09000015258789,7.621960163116455,1207300
2020-04-20,12.3100004196167,12.489999771118164,11.75,11.829999923706055,7.458045959472656,1181200
2020-04-21,11.739999771118164,12.005000114440918,11.220000267028809,11.40999984741211,7.193263530731201,1257700
2020-04-22,11.380000114440918,11.869999885559082,11.380000114440918,11.75,7.407614707946777,1252100
2020-04-23,11.800000190734863,12.100000381469727,11.520000457763672,11.869999885559082,7.483266353607178,1232700
2020-04-24,12.140000343322754,12.329999923706055,11.890000343322754,12.239999771118164,7.716524124145508,1466300
2020-04-27,12.5,12.989999771118164,12.300000190734863,12.75,8.03804874420166,1884500
2020-04-28,12.989999771118164,13.369999885559082,12.25,12.630000114440918,7.962396144866943,1853600
2020-04-29,12.880000114440918,13.149999618530273,12.619999885559082,12.65999984741211,7.981307029724121,1406900
2020-04-30,12.449999809265137,13.07699966430664,12.40999984741211,12.899999618530273,8.132612228393555,2239700
2020-05-01,12.510000228881836,12.84000015258789,12.15999984741211,12.539999961853027,7.905655860900879,973200
2020-05-04,12.420000076293945,12.5600004196167,12.0600004196167,12.229999542236328,7.7102227210998535,1200200
2020-05-05,12.149999618530273,12.859999656677246,12.149999618530273,12.319999694824219,7.766959190368652,1256100
2020-05-06,12.350000381469727,13.09000015258789,12.239999771118164,12.670000076293945,7.987613677978516,1125900
2020-05-07,12.850000381469727,13.359999656677246,12.755000114440918,13.149999618530273,8.2902193069458,2038400
2020-05-08,13.3100004196167,13.390000343322754,12.600000381469727,12.819999694824219,8.082178115844727,1944000
2020-05-11,12.869999885559082,12.904999732971191,12.449999809265137,12.649999618530273,7.975001811981201,780100
2020-05-12,12.670000076293945,12.90999984741211,12.550000190734863,12.710000038146973,8.012828826904297,972500
2020-05-13,12.710000038146973,12.859999656677246,12.069999694824219,12.149999618530273,7.659785270690918,912800
2020-05-14,12.0,12.40999984741211,11.630000114440918,12.279999732971191,7.741743087768555,902800
2020-05-15,12.399999618530273,12.420000076293945,11.979999542236328,12.100000381469727,7.6282639503479,1038800
2020-05-18,12.739999771118164,12.84000015258789,12.619999885559082,12.779999732971191,8.056960105895996,860900
2020-05-19,12.630000114440918,12.829999923706055,12.420000076293945,12.479999542236328,7.8678297996521,741300
2020-05-20,12.670000076293945,12.890000343322754,12.619999885559082,12.65999984741211,7.981307029724121,618700
2020-05-21,12.600000381469727,12.75,12.550000190734863,12.670000076293945,7.987613677978516,732900
2020-05-22,12.800000190734863,12.84000015258789,12.550000190734863,12.5600004196167,7.918264389038086,993600
2020-05-26,12.739999771118164,12.949999809265137,12.609999656677246,12.649999618530273,7.975001811981201,1466700
2020-05-27,12.890000343322754,12.949999809265137,12.600000381469727,12.720000267028809,8.019133567810059,1506100
2020-05-28,12.75,13.0,12.520000457763672,12.579999923706055,7.930873870849609,2809500
2020-05-29,12.510000228881836,12.569999694824219,12.260000228881836,12.34000015258789,7.779567718505859,954300
2020-06-01,12.34000015258789,12.579999923706055,12.270000457763672,12.34000015258789,7.779567718505859,583000
2020-06-02,12.34000015258789,12.800000190734863,12.199999809265137,12.770000457763672,8.050655364990234,1651600
2020-06-03,12.920000076293945,12.989999771118164,12.649999618530273,12.739999771118164,8.031743049621582,736800
2020-06-04,12.680000305175781,12.739999771118164,12.505000114440918,12.680000305175781,7.993917465209961,793300
2020-06-05,13.0,13.010000228881836,12.760000228881836,12.819999694824219,8.082178115844727,1356700
2020-06-08,12.770000457763672,13.260000228881836,12.729999542236328,13.149999618530273,8.2902193069458,1249200
2020-06-09,13.0,13.069999694824219,12.760000228881836,12.920000076293945,8.145220756530762,898600
2020-06-10,13.069999694824219,13.100000381469727,12.529999732971191,12.680000305175781,7.993917465209961,952500
2020-06-11,12.25,12.380000114440918,11.779999732971191,11.930000305175781,7.521091461181641,1221600
2020-06-12,12.359999656677246,12.449999809265137,11.890000343322754,12.220000267028809,7.703915119171143,1287000
2020-06-15,11.920000076293945,12.529999732971191,11.899999618530273,12.420000076293945,7.830002784729004,1148700
2020-06-16,12.8100004196167,12.930000305175781,12.34000015258789,12.470000267028809,7.861525058746338,939700
2020-06-17,12.5,12.569999694824219,12.210000038146973,12.449999809265137,7.8489179611206055,578600
2020-06-18,12.380000114440918,12.5600004196167,12.270000457763672,12.4399995803833,7.8426103591918945,563200
2020-06-19,12.640000343322754,12.670000076293945,12.34000015258789,12.539999961853027,7.905655860900879,1555800
2020-06-22,12.65999984741211,12.65999984741211,12.300000190734863,12.529999732971191,7.899351596832275,1029000
2020-06-23,12.739999771118164,12.739999771118164,12.45199966430664,12.520000457763672,7.893047332763672,910000
2020-06-24,12.430000305175781,12.489999771118164,12.020000457763672,12.25,7.722830772399902,713200
2020-06-25,12.319999694824219,12.5600004196167,12.199999809265137,12.529999732971191,7.899351596832275,1104800
2020-06-26,12.380000114440918,12.520000457763672,12.20199966430664,12.5,7.880437850952148,922100
2020-06-29,12.25,12.470000267028809,12.119999885559082,12.34000015258789,8.030106544494629,789500
2020-06-30,12.329999923706055,12.470000267028809,12.260000228881836,12.329999923706055,8.023600578308105,538400
2020-07-01,12.279999732971191,12.420000076293945,12.050000190734863,12.390000343322754,8.062644958496094,551200
2020-07-02,12.539999961853027,12.539999961853027,12.229999542236328,12.279999732971191,7.991064548492432,672300
2020-07-06,12.5,12.517999649047852,12.380000114440918,12.449999809265137,8.101690292358398,691500
2020-07-07,12.300000190734863,12.470000267028809,12.0600004196167,12.130000114440918,7.893454074859619,939600
2020-07-08,12.119999885559082,12.4399995803833,12.050000190734863,12.270000457763672,7.984557628631592,629500
2020-07-09,12.470000267028809,12.539999961853027,12.100000381469727,12.359999656677246,8.043122291564941,682500
2020-07-10,12.359999656677246,12.5,12.239999771118164,12.350000381469727,8.036615371704102,523300
2020-07-13,12.5,12.550000190734863,12.260000228881836,12.289999961853027,7.997568130493164,550800
2020-07-14,12.3100004196167,12.569999694824219,12.220000267028809,12.510000228881836,8.140734672546387,579600
2020-07-15,12.649999618530273,12.869999885559082,12.470000267028809,12.699999809265137,8.264372825622559,1199400
2020-07-16,12.670000076293945,12.704999923706055,12.489999771118164,12.609999656677246,8.20580768585205,595500
2020-07-17,12.640000343322754,12.640000343322754,12.420000076293945,12.489999771118164,8.127718925476074,478200
2020-07-20,12.260000228881836,12.34000015258789,12.0,12.1899995803833,7.932496070861816,1660800
2020-07-21,12.260000228881836,12.380000114440918,12.0600004196167,12.119999885559082,7.886946201324463,1413700
2020-07-22,12.079999923706055,12.350000381469727,12.069999694824219,12.3100004196167,8.010587692260742,1262300
2020-07-23,12.300000190734863,12.359999656677246,12.010000228881836,12.069999694824219,7.8544087409973145,1139200
2020-07-24,12.010000228881836,12.069999694824219,11.850000381469727,11.850000381469727,7.711248397827148,1139800
2020-07-27,11.800000190734863,11.899999618530273,11.720000267028809,11.720000267028809,7.626651763916016,1136500
2020-07-28,11.729999542236328,11.829999923706055,11.619999885559082,11.699999809265137,7.613635063171387,833100
2020-07-29,11.75,11.90999984741211,11.630000114440918,11.880000114440918,7.73076868057251,964500
2020-07-30,11.770000457763672,12.050000190734863,11.6899995803833,12.050000190734863,7.841394424438477,765400
2020-07-31,11.770000457763672,12.279999732971191,11.770000457763672,12.25,7.9715423583984375,1000300
2020-08-03,12.329999923706055,12.359999656677246,11.979999542236328,12.050000190734863,7.841394424438477,1459900
2020-08-04,11.960000038146973,12.34000015258789,11.90999984741211,12.220000267028809,7.952017784118652,1279000
2020-08-05,12.390000343322754,12.529999732971191,12.300000190734863,12.40999984741211,8.07565975189209,1458300
2020-08-06,12.380000114440918,12.430000305175781,12.149999618530273,12.239999771118164,7.965033054351807,1102400
2020-08-07,12.149999618530273,12.460000038146973,12.149999618530273,12.420000076293945,8.082165718078613,895800
2020-08-10,12.430000305175781,12.510000228881836,12.300000190734863,12.430000305175781,8.088675498962402,1458000
2020-08-11,12.5,12.550000190734863,12.239999771118164,12.25,7.9715423583984375,1116400
2020-08-12,12.40999984741211,12.489999771118164,12.279999732971191,12.40999984741211,8.07565975189209,972200
2020-08-13,12.430000305175781,12.520000457763672,12.25,12.260000228881836,7.978049278259277,914800
2020-08-14,12.359999656677246,12.40999984741211,12.1899995803833,12.40999984741211,8.07565975189209,1431100
2020-08-17,12.399999618530273,12.460000038146973,11.9399995803833,12.279999732971191,7.991064548492432,1089700
2020-08-18,12.350000381469727,12.399999618530273,12.15999984741211,12.170000076293945,7.91948127746582,557500
2020-08-19,12.140000343322754,12.206000328063965,11.949999809265137,12.039999961853027,7.834885597229004,1142100
2020-08-20,12.010000228881836,12.039999961853027,11.899999618530273,12.0,7.8088579177856445,981000
2020-08-21,11.949999809265137,12.09000015258789,11.869999885559082,12.029999732971191,7.828378677368164,1285200
2020-08-24,12.109999656677246,12.40999984741211,12.09000015258789,12.380000114440918,8.05613899230957,1398800
2020-08-25,12.399999618530273,12.420000076293945,12.1899995803833,12.399999618530273,8.06915283203125,1002700
2020-08-26,12.359999656677246,12.36400032043457,12.119999885559082,12.149999618530273,7.906467437744141,614400
2020-08-27,12.039999961853027,12.15999984741211,11.930000305175781,12.050000190734863,7.841394424438477,930100
2020-08-28,12.140000343322754,12.350000381469727,12.029999732971191,12.34000015258789,8.030106544494629,914800
2020-08-31,12.329999923706055,12.40999984741211,12.140000343322754,12.34000015258789,8.030106544494629,1245700
2020-09-01,12.25,12.350000381469727,12.109999656677246,12.260000228881836,7.978049278259277,894000
2020-09-02,12.329999923706055,12.385000228881836,12.149999618530273,12.270000457763672,7.984557628631592,1022200
2020-09-03,12.279999732971191,12.300000190734863,11.970000267028809,12.100000381469727,7.873930931091309,1098100
2020-09-04,12.140000343322754,12.289999961853027,11.899999618530273,12.079999923706055,7.860915660858154,911000
2020-09-08,12.039999961853027,12.420000076293945,11.9399995803833,12.390000343322754,8.062644958496094,1784300
2020-09-09,12.369999885559082,12.470000267028809,12.210000038146973,12.350000381469727,8.036615371704102,1087500
2020-09-10,12.350000381469727,12.350000381469727,12.130000114440918,12.229999542236328,7.958528518676758,979600
2020-09-11,12.25,12.390000343322754,12.239999771118164,12.25,7.9715423583984375,813300
2020-09-14,12.3100004196167,12.420000076293945,12.210000038146973,12.300000190734863,8.004081726074219,1510600
2020-09-15,12.399999618530273,12.479999542236328,12.319999694824219,12.430000305175781,8.088675498962402,1020800
2020-09-16,12.4399995803833,12.53499984741211,12.300000190734863,12.420000076293945,8.082165718078613,1549600
2020-09-17,12.300000190734863,12.475000381469727,12.25,12.399999618530273,8.06915283203125,1338000
2020-09-18,12.390000343322754,12.529999732971191,12.329999923706055,12.4399995803833,8.095179557800293,3356600
2020-09-21,12.300000190734863,12.380000114440918,12.079999923706055,12.3100004196167,8.010587692260742,1516500
2020-09-22,12.359999656677246,12.5,12.3100004196167,12.359999656677246,8.043122291564941,786000
2020-09-23,12.359999656677246,12.4399995803833,12.100000381469727,12.130000114440918,7.893454074859619,971500
2020-09-24,12.140000343322754,12.25,12.010000228881836,12.199999809265137,7.939004421234131,824600
2020-09-25,12.149999618530273,12.524999618530273,12.079999923706055,12.4399995803833,8.095179557800293,1154700
2020-09-28,12.539999961853027,12.75,12.420000076293945,12.430000305175781,8.088675498962402,2262800
2020-09-29,12.069999694824219,12.093000411987305,11.9350004196167,11.979999542236328,8.048365592956543,870500
2020-09-30,11.930000305175781,12.109999656677246,11.930000305175781,12.0600004196167,8.102113723754883,919800
2020-10-01,12.140000343322754,12.324999809265137,12.039999961853027,12.3100004196167,8.27006721496582,900800
2020-10-02,12.180000305175781,12.210000038146973,12.010000228881836,12.109999656677246,8.135701179504395,797900
2020-10-05,12.199999809265137,12.220000267028809,11.960000038146973,12.029999732971191,8.08195686340332,975400
2020-10-06,12.0600004196167,12.25,12.050000190734863,12.109999656677246,8.135701179504395,895900
2020-10-07,12.180000305175781,12.204000473022461,12.020000457763672,12.119999885559082,8.142419815063477,1100800
2020-10-08,12.119999885559082,12.289999961853027,12.097999572753906,12.289999961853027,8.256627082824707,801600
2020-10-09,12.300000190734863,12.380000114440918,12.149999618530273,12.300000190734863,8.263348579406738,764200
2020-10-12,12.300000190734863,12.319999694824219,12.149999618530273,12.199999809265137,8.196165084838867,736600
2020-10-13,12.149999618530273,12.25,12.005000114440918,12.039999961853027,8.08867359161377,1085100
2020-10-14,12.0,12.0600004196167,11.829999923706055,11.829999923706055,7.947592258453369,1014500
2020-10-15,11.8100004196167,12.029999732971191,11.8100004196167,12.0,8.06180191040039,900100
2020-10-16,11.949999809265137,11.949999809265137,11.8100004196167,11.890000343322754,7.9879021644592285,766500
2020-10-19,11.970000267028809,11.970000267028809,11.609999656677246,11.619999885559082,7.806512832641602,952700
2020-10-20,11.640000343322754,11.75,11.630000114440918,11.670000076293945,7.840102195739746,974100
2020-10-21,11.729999542236328,11.739999771118164,11.619999885559082,11.680000305175781,7.846820831298828,657300
2020-10-22,11.680000305175781,11.680000305175781,11.489999771118164,11.649999618530273,7.826667308807373,1034100
2020-10-23,11.649999618530273,11.859999656677246,11.649999618530273,11.720000267028809,7.873693943023682,696800
2020-10-26,11.829999923706055,11.859999656677246,11.609999656677246,11.75,7.893850803375244,1011500
2020-10-27,11.699999809265137,11.8100004196167,11.609999656677246,11.720000267028809,7.873693943023682,845800
2020-10-28,11.600000381469727,11.649999618530273,11.270000457763672,11.369999885559082,7.6385579109191895,1650300
2020-10-29,11.3100004196167,11.65999984741211,11.119999885559082,11.579999923706055,7.779638767242432,1343200
2020-10-30,11.460000038146973,11.5,11.270000457763672,11.380000114440918,7.6452741622924805,824900
2020-11-02,11.479999542236328,11.666000366210938,11.420000076293945,11.619999885559082,7.806512832641602,753300
2020-11-03,11.729999542236328,11.885000228881836,11.6899995803833,11.819999694824219,7.940874099731445,887500
2020-11-04,11.850000381469727,12.130000114440918,11.670000076293945,12.0600004196167,8.102113723754883,1224100
2020-11-05,12.050000190734863,12.569999694824219,11.829999923706055,12.479999542236328,8.38427448272705,2704000
2020-11-06,12.800000190734863,12.800000190734863,12.430000305175781,12.649999618530273,8.498479843139648,1558700
2020-11-09,13.220000267028809,13.5600004196167,12.779999732971191,12.920000076293945,8.679872512817383,2041300
2020-11-10,12.920000076293945,13.4350004196167,12.90999984741211,13.350000381469727,8.968754768371582,1347000
2020-11-11,13.399999618530273,13.489999771118164,13.149999618530273,13.210000038146973,8.874698638916016,1065900
2020-11-12,13.289999961853027,13.399999618530273,13.079999923706055,13.239999771118164,8.894856452941895,1019300
2020-11-13,13.350000381469727,13.670000076293945,13.279999732971191,13.520000457763672,9.082962989807129,1398500
2020-11-16,13.75,13.75,13.5,13.59000015258789,9.129992485046387,1396000
2020-11-17,13.600000381469727,13.732000350952148,13.53499984741211,13.649999618530273,9.170300483703613,1476900
2020-11-18,13.6899995803833,13.720000267028809,13.579999923706055,13.59000015258789,9.129992485046387,1410400
2020-11-19,13.699999809265137,13.809000015258789,13.609999656677246,13.720000267028809,9.217324256896973,1508300
2020-11-20,13.75,13.75,13.609999656677246,13.6899995803833,9.197173118591309,784000
2020-11-23,13.720000267028809,13.760000228881836,13.630000114440918,13.65999984741211,9.177020072937012,1633400
2020-11-24,13.720000267028809,13.789999961853027,13.649999618530273,13.699999809265137,9.203889846801758,1555800
2020-11-25,13.729999542236328,13.770000457763672,13.640000343322754,13.720000267028809,9.217324256896973,1034000
2020-11-27,13.800000190734863,13.800000190734863,13.625,13.739999771118164,9.23076343536377,877500
2020-11-30,13.770000457763672,13.770000457763672,13.520000457763672,13.520000457763672,9.082962989807129,797700
2020-12-01,13.59000015258789,13.670000076293945,13.425000190734863,13.460000038146973,9.042654037475586,2198800
2020-12-02,13.449999809265137,13.520000457763672,13.130000114440918,13.199999809265137,8.867980003356934,1993300
2020-12-03,13.199999809265137,13.710000038146973,13.145000457763672,13.1899995803833,8.8612642288208,2864800
2020-12-04,13.279999732971191,13.449999809265137,13.220000267028809,13.350000381469727,8.968754768371582,2104400
2020-12-07,13.380000114440918,13.399999618530273,12.970000267028809,13.239999771118164,8.894856452941895,2259000
2020-12-08,13.199999809265137,13.239999771118164,12.65999984741211,13.020000457763672,8.747055053710938,3011700
2020-12-09,13.010000228881836,13.12399959564209,12.5600004196167,12.899999618530273,8.666436195373535,4118200
2020-12-10,12.760000228881836,12.880000114440918,12.630000114440918,12.859999656677246,8.639566421508789,1535700
2020-12-11,12.720000267028809,12.859999656677246,12.649999618530273,12.789999961853027,8.592536926269531,963200
2020-12-14,12.949999809265137,13.140000343322754,12.779999732971191,12.8100004196167,8.605972290039062,1705600
2020-12-15,12.880000114440918,13.149999618530273,12.8100004196167,13.079999923706055,8.787363052368164,1181100
2020-12-16,13.100000381469727,13.210000038146973,13.010000228881836,13.149999618530273,8.834390640258789,2628600
2020-12-17,13.170000076293945,13.1899995803833,13.050000190734863,13.109999656677246,8.807520866394043,1239200
2020-12-18,13.119999885559082,13.199999809265137,13.039999961853027,13.100000381469727,8.800799369812012,1744200
2020-12-21,13.069999694824219,13.149999618530273,12.920000076293945,12.979999542236328,8.720182418823242,1053200
2020-12-22,13.0,13.0600004196167,12.875,12.9399995803833,8.693309783935547,1238400
2020-12-23,12.979999542236328,13.100000381469727,12.869999885559082,13.010000228881836,8.740336418151855,1547800
2020-12-24,13.119999885559082,13.142000198364258,12.904999732971191,13.0,8.733617782592773,831800
2020-12-28,13.0600004196167,13.130000114440918,12.960000038146973,13.0,8.733617782592773,1761300
2020-12-29,13.0,13.140000343322754,12.970000267028809,13.0,8.733617782592773,2215600
2020-12-30,12.720000267028809,12.75,12.399999618530273,12.430000305175781,8.608952522277832,2611900
2020-12-31,12.350000381469727,12.720000267028809,12.350000381469727,12.65999984741211,8.768248558044434,2826100
2021-01-04,12.670000076293945,12.6899995803833,12.279999732971191,12.3100004196167,8.525839805603027,3023700
2021-01-05,12.390000343322754,12.65999984741211,12.350000381469727,12.579999923706055,8.712841987609863,1399700
2021-01-06,12.619999885559082,12.789999961853027,12.5600004196167,12.65999984741211,8.768248558044434,1864400
2021-01-07,12.729999542236328,12.819000244140625,12.65999984741211,12.710000038146973,8.802877426147461,2600100
2021-01-08,12.710000038146973,12.75,12.600000381469727,12.720000267028809,8.80980396270752,1131100
2021-01-11,12.600000381469727,12.75,12.600000381469727,12.670000076293945,8.775176048278809,1169900
2021-01-12,12.75,12.760000228881836,12.579999923706055,12.710000038146973,8.802877426147461,1046900
2021-01-13,12.770000457763672,12.770000457763672,12.600000381469727,12.710000038146973,8.802877426147461,1446000
2021-01-14,12.859999656677246,13.140000343322754,12.789999961853027,13.079999923706055,9.059137344360352,2935300
2021-01-15,13.079999923706055,13.34000015258789,13.010000228881836,13.239999771118164,9.169953346252441,1722300
2021-01-19,13.270000457763672,13.430000305175781,13.130000114440918,13.34000015258789,9.239213943481445,1777500
2021-01-20,13.449999809265137,13.510000228881836,13.369999885559082,13.399999618530273,9.280766487121582,1200200
2021-01-21,13.399999618530273,13.505000114440918,13.319999694824219,13.369999885559082,9.259988784790039,1045200
2021-01-22,13.350000381469727,13.399999618530273,13.180000305175781,13.199999809265137,9.14224910736084,1114500
2021-01-25,13.25,13.3100004196167,13.069999694824219,13.069999694824219,9.05221176147461,1013300
2021-01-26,13.109999656677246,13.260000228881836,13.09000015258789,13.229999542236328,9.163026809692383,1225100
2021-01-27,13.170000076293945,13.359999656677246,13.109999656677246,13.140000343322754,9.10069465637207,1148900
2021-01-28,13.15999984741211,13.260000228881836,13.010000228881836,13.050000190734863,9.038360595703125,1116800
2021-01-29,13.0600004196167,13.130000114440918,12.789999961853027,12.899999618530273,8.93447208404541,1077400
2021-02-01,12.899999618530273,13.039999961853027,12.859999656677246,13.020000457763672,9.017581939697266,1201100
2021-02-02,13.119999885559082,13.380000114440918,13.050000190734863,13.3100004196167,9.218437194824219,925500
2021-02-03,13.359999656677246,13.430000305175781,13.220000267028809,13.40999984741211,9.287694931030273,673800
2021-02-04,13.5,13.5,13.329999923706055,13.399999618530273,9.280766487121582,1163200
2021-02-05,13.449999809265137,13.598999977111816,13.449999809265137,13.539999961853027,9.377730369567871,1121900
2021-02-08,13.550000190734863,13.720000267028809,13.539999961853027,13.619999885559082,9.433138847351074,1054000
2021-02-09,13.600000381469727,13.649999618530273,13.460000038146973,13.579999923706055,9.405435562133789,1017100
2021-02-10,13.65999984741211,13.850000381469727,13.590999603271484,13.8100004196167,9.56473159790039,1119200
2021-02-11,13.869999885559082,13.880000114440918,13.699999809265137,13.800000190734863,9.557805061340332,1019500
2021-02-12,13.819999694824219,13.930000305175781,13.753000259399414,13.779999732971191,9.543954849243164,774200
2021-02-16,13.890000343322754,13.899999618530273,13.760000228881836,13.770000457763672,9.537030220031738,1000800
2021-02-17,13.789999961853027,13.850000381469727,13.699999809265137,13.800000190734863,9.557805061340332,927600
2021-02-18,13.75,13.869999885559082,13.720000267028809,13.779999732971191,9.543954849243164,972700
2021-02-19,13.779999732971191,13.979999542236328,13.760000228881836,13.890000343322754,9.620138168334961,984700
2021-02-22,13.84000015258789,13.970000267028809,13.829999923706055,13.869999885559082,9.606287002563477,1364800
2021-02-23,13.90999984741211,13.914999961853027,13.675000190734863,13.800000190734863,9.557805061340332,1294100
2021-02-24,14.0,14.298999786376953,13.880000114440918,13.930000305175781,9.647843360900879,1691800
2021-02-25,13.949999809265137,13.979999542236328,13.680000305175781,13.770000457763672,9.537030220031738,1285300
2021-02-26,14.0,14.0649995803833,13.84000015258789,13.979999542236328,9.682472229003906,1126000
2021-03-01,14.239999771118164,14.319999694824219,14.109999656677246,14.140000343322754,9.793291091918945,1252900
2021-03-02,14.229999542236328,14.25,14.079999923706055,14.220000267028809,9.848695755004883,1426500
2021-03-03,14.170000076293945,14.25,14.079999923706055,14.170000076293945,9.814066886901855,1343800
2021-03-04,14.130000114440918,14.149999618530273,13.710000038146973,13.890000343322754,9.620138168334961,1529900
2021-03-05,13.890000343322754,13.949999809265137,13.539999961853027,13.9399995803833,9.654768943786621,1221300
2021-03-08,13.989999771118164,14.319999694824219,13.930000305175781,14.130000114440918,9.786360740661621,1537700
2021-03-09,14.140000343322754,14.279999732971191,14.010000228881836,14.0600004196167,9.737881660461426,1241500
2021-03-10,14.149999618530273,14.210000038146973,14.045000076293945,14.079999923706055,9.751730918884277,897100
2021-03-11,14.109999656677246,14.270000457763672,14.020000457763672,14.199999809265137,9.834843635559082,1087000
2021-03-12,14.229999542236328,14.270000457763672,14.170000076293945,14.229999542236328,9.855620384216309,685300
2021-03-15,14.300000190734863,14.319999694824219,14.119999885559082,14.260000228881836,9.8764009475708,1402300
2021-03-16,14.25,14.269000053405762,14.130000114440918,14.210000038146973,9.841771125793457,1094500
2021-03-17,14.220000267028809,14.289999961853027,14.130000114440918,14.229999542236328,9.855620384216309,1240400
2021-03-18,14.239999771118164,14.289999961853027,14.039999961853027,14.0600004196167,9.737881660461426,1352700
2021-03-19,14.050000190734863,14.289999961853027,13.960000038146973,14.239999771118164,9.862546920776367,1630600
2021-03-22,14.3100004196167,14.3100004196167,14.199999809265137,14.25,9.869473457336426,1095400
2021-03-23,14.260000228881836,14.350000381469727,14.1899995803833,14.229999542236328,9.855620384216309,859000
2021-03-24,14.25,14.399999618530273,13.850000381469727,13.859999656677246,9.59936237335205,1343700
2021-03-25,13.890000343322754,13.930000305175781,13.699999809265137,13.819999694824219,9.571657180786133,1418200
2021-03-26,13.890000343322754,14.289999961853027,13.890000343322754,14.289999961853027,9.89717960357666,1323600
2021-03-29,14.220000267028809,14.34000015258789,14.164999961853027,14.270000457763672,9.883326530456543,1701800
2021-03-30,14.0,14.020000457763672,13.779999732971191,13.859999656677246,9.812527656555176,1092700
2021-03-31,13.8100004196167,13.90999984741211,13.75,13.770000457763672,9.748811721801758,1225300
2021-04-01,13.9399995803833,14.0649995803833,13.819999694824219,14.0,9.911643981933594,1007000
2021-04-05,14.029999732971191,14.170000076293945,13.960000038146973,14.109999656677246,9.989521980285645,1244400
2021-04-06,14.170000076293945,14.210000038146973,14.135000228881836,14.180000305175781,10.039078712463379,1743400
2021-04-07,14.1899995803833,14.380000114440918,14.1899995803833,14.210000038146973,10.060317993164062,1639700
2021-04-08,14.220000267028809,14.260000228881836,13.975000381469727,14.050000190734863,9.947043418884277,1855100
2021-04-09,14.0600004196167,14.114999771118164,13.979999542236328,14.100000381469727,9.982440948486328,886500
2021-04-12,14.109999656677246,14.3100004196167,14.079999923706055,14.140000343322754,10.010762214660645,1383500
2021-04-13,14.149999618530273,14.260000228881836,14.020000457763672,14.100000381469727,9.982440948486328,1122500
2021-04-14,14.109999656677246,14.229999542236328,14.109999656677246,14.220000267028809,10.067397117614746,705100
2021-04-15,14.319999694824219,14.380000114440918,14.229999542236328,14.3100004196167,10.131115913391113,1616400
2021-04-16,14.329999923706055,14.420000076293945,14.260000228881836,14.34000015258789,10.15235424041748,1628900
2021-04-19,14.390000343322754,14.420000076293945,14.25,14.319999694824219,10.13819694519043,1259700
2021-04-20,14.300000190734863,14.3100004196167,14.170000076293945,14.279999732971191,10.109877586364746,1254200
2021-04-21,14.25,14.34000015258789,14.239999771118164,14.3100004196167,10.131115913391113,740800
2021-04-22,14.300000190734863,14.34000015258789,14.1899995803833,14.279999732971191,10.109877586364746,1138700
2021-04-23,14.279999732971191,14.420000076293945,14.170000076293945,14.369999885559082,10.17359447479248,1684300
2021-04-26,14.470000267028809,14.550000190734863,14.420000076293945,14.479999542236328,10.251473426818848,2093300
2021-04-27,14.489999771118164,14.489999771118164,14.380000114440918,14.399999618530273,10.19483470916748,1219500
2021-04-28,14.399999618530273,14.609999656677246,14.399999618530273,14.510000228881836,10.272713661193848,1659500
2021-04-29,14.609999656677246,14.640000343322754,14.489999771118164,14.5,10.265631675720215,1054000
2021-04-30,14.5,14.529999732971191,14.430000305175781,14.449999809265137,10.230232238769531,1203500
2021-05-03,14.529999732971191,14.569999694824219,14.4399995803833,14.529999732971191,10.28686809539795,1560400
2021-05-04,14.550000190734863,14.550000190734863,14.329999923706055,14.460000038146973,10.237313270568848,1300200
2021-05-05,14.449999809265137,14.460000038146973,14.359999656677246,14.390000343322754,10.187755584716797,1067200
2021-05-06,14.350000381469727,14.399999618530273,14.0,14.09000015258789,9.975359916687012,2154800
2021-05-07,14.039999961853027,14.258000373840332,14.029999732971191,14.199999809265137,10.053237915039062,1249200
2021-05-10,14.210000038146973,14.239999771118164,13.920000076293945,13.920000076293945,9.855008125305176,1663300
2021-05-11,13.859999656677246,13.899999618530273,13.649999618530273,13.819999694824219,9.784209251403809,1617700
2021-05-12,13.84000015258789,13.9399995803833,13.470000267028809,13.550000190734863,9.593056678771973,1541500
2021-05-13,13.59000015258789,13.970000267028809,13.569999694824219,13.90999984741211,9.847926139831543,1455500
2021-05-14,13.949999809265137,14.220000267028809,13.949999809265137,14.199999809265137,10.053237915039062,1334400
2021-05-17,14.229999542236328,14.270000457763672,14.050000190734863,14.229999542236328,10.074480056762695,1044800
2021-05-18,14.279999732971191,14.329999923706055,14.210000038146973,14.210000038146973,10.060317993164062,839800
2021-05-19,14.069999694824219,14.319999694824219,14.055000305175781,14.3100004196167,10.131115913391113,823700
2021-05-20,14.350000381469727,14.399999618530273,14.265000343322754,14.380000114440918,10.180673599243164,853500
2021-05-21,14.399999618530273,14.40999984741211,14.3149995803833,14.40999984741211,10.201913833618164,720400
2021-05-24,14.430000305175781,14.460000038146973,14.300000190734863,14.369999885559082,10.17359447479248,1620600
2021-05-25,14.40999984741211,14.40999984741211,14.210000038146973,14.239999771118164,10.081558227539062,956100
2021-05-26,14.279999732971191,14.380000114440918,14.239999771118164,14.380000114440918,10.180673599243164,723300
2021-05-27,14.380000114440918,14.40999984741211,14.329999923706055,14.380000114440918,10.180673599243164,809200
2021-05-28,14.350000381469727,14.40999984741211,14.34000015258789,14.399999618530273,10.19483470916748,1111400
2021-06-01,14.579999923706055,14.640000343322754,14.460000038146973,14.5,10.265631675720215,1157100
2021-06-02,14.510000228881836,14.609999656677246,14.359999656677246,14.550000190734863,10.301029205322266,1104900
2021-06-03,14.550000190734863,14.670000076293945,14.505000114440918,14.579999923706055,10.32226848602295,1284400
2021-06-04,14.600000381469727,14.640000343322754,14.555000305175781,14.59000015258789,10.329350471496582,1373700
2021-06-07,14.65999984741211,14.739999771118164,14.630000114440918,14.670000076293945,10.385986328125,1567300
2021-06-08,14.680000305175781,14.725000381469727,14.649999618530273,14.680000305175781,10.39306640625,1716100
2021-06-09,14.710000038146973,14.786999702453613,14.670000076293945,14.739999771118164,10.435544967651367,1218300
2021-06-10,14.75,14.800000190734863,14.640000343322754,14.670000076293945,10.385986328125,1234200
2021-06-11,14.699999809265137,14.84000015258789,14.649999618530273,14.819999694824219,10.492182731628418,1055000
2021-06-14,14.829999923706055,14.880000114440918,14.78499984741211,14.8100004196167,10.485102653503418,1569500
2021-06-15,14.8100004196167,14.84000015258789,14.75,14.8100004196167,10.485102653503418,1320900
2021-06-16,14.8100004196167,14.970000267028809,14.800000190734863,14.850000381469727,10.513423919677734,1992400
2021-06-17,14.789999961853027,14.84000015258789,14.609999656677246,14.670000076293945,10.385986328125,1248900
2021-06-18,14.59000015258789,14.630000114440918,14.180000305175781,14.1899995803833,10.046159744262695,2559100
2021-06-21,14.350000381469727,14.630000114440918,14.3100004196167,14.59000015258789,10.329350471496582,1490000
2021-06-22,14.550000190734863,14.550000190734863,14.289999961853027,14.460000038146973,10.237313270568848,1421300
2021-06-23,14.5,14.609999656677246,14.444999694824219,14.550000190734863,10.301029205322266,1097600
2021-06-24,14.640000343322754,14.649999618530273,14.5600004196167,14.579999923706055,10.32226848602295,1016000
2021-06-25,14.600000381469727,14.71500015258789,14.579999923706055,14.6899995803833,10.400145530700684,1537800
2021-06-28,14.699999809265137,14.729999542236328,14.59000015258789,14.720000267028809,10.421385765075684,1521400
2021-06-29,14.449999809265137,14.550000190734863,14.3100004196167,14.319999694824219,10.35629653930664,1340000
2021-06-30,14.319999694824219,14.319999694824219,14.210000038146973,14.270000457763672,10.32013988494873,1432800
2021-07-01,14.289999961853027,14.470000267028809,14.265000343322754,14.390000343322754,10.406923294067383,1346600
2021-07-02,14.40999984741211,14.600000381469727,14.34000015258789,14.569999694824219,10.537099838256836,2095300
2021-07-06,14.600000381469727,14.640000343322754,14.4399995803833,14.539999961853027,10.515401840209961,1451200
2021-07-07,14.520000457763672,14.5600004196167,14.380000114440918,14.430000305175781,10.435850143432617,875900
2021-07-08,14.300000190734863,14.460000038146973,14.149999618530273,14.420000076293945,10.428617477416992,1143100
2021-07-09,14.4399995803833,14.520000457763672,14.319999694824219,14.5,10.48647403717041,1151400
2021-07-12,14.460000038146973,14.65999984741211,14.4399995803833,14.609999656677246,10.566027641296387,1098000
2021-07-13,14.579999923706055,14.579999923706055,14.479999542236328,14.520000457763672,10.50093936920166,775400
2021-07-14,14.510000228881836,14.5600004196167,14.40999984741211,14.449999809265137,10.450315475463867,713100
2021-07-15,14.4399995803833,14.505000114440918,14.359999656677246,14.399999618530273,10.414155006408691,815500
2021-07-16,14.399999618530273,14.479000091552734,14.289999961853027,14.300000190734863,10.341832160949707,757900
2021-07-19,14.25,14.25,13.979999542236328,14.130000114440918,10.218890190124512,1851600
2021-07-20,14.149999618530273,14.40999984741211,14.100000381469727,14.350000381469727,10.377994537353516,850900
2021-07-21,14.430000305175781,14.520000457763672,14.399999618530273,14.5,10.48647403717041,741000
2021-07-22,14.489999771118164,14.489999771118164,14.369999885559082,14.4399995803833,10.443082809448242,677100
2021-07-23,14.489999771118164,14.5,14.420000076293945,14.479999542236328,10.47200870513916,547900
2021-07-26,14.479999542236328,14.520000457763672,14.4399995803833,14.489999771118164,10.479241371154785,713200
2021-07-27,14.479999542236328,14.520000457763672,14.399999618530273,14.489999771118164,10.479241371154785,806200
2021-07-28,14.5,14.600000381469727,14.354999542236328,14.550000190734863,10.522637367248535,854500
2021-07-29,14.65999984741211,14.65999984741211,14.470000267028809,14.510000228881836,10.493705749511719,538700
2021-07-30,14.5,14.550000190734863,14.364999771118164,14.390000343322754,10.406923294067383,570200
2021-08-02,14.449999809265137,14.5,14.329999923706055,14.390000343322754,10.406923294067383,725900
2021-08-03,14.399999618530273,14.449999809265137,14.28499984741211,14.4399995803833,10.443082809448242,728800
2021-08-04,14.399999618530273,14.399999618530273,14.239999771118164,14.279999732971191,10.32736873626709,802000
2021-08-05,14.420000076293945,14.5,14.390000343322754,14.449999809265137,10.450315475463867,928900
2021-08-06,14.5,14.5600004196167,14.449999809265137,14.5,10.48647403717041,1058800
2021-08-09,14.5,14.550000190734863,14.479999542236328,14.479999542236328,10.47200870513916,808800
2021-08-10,14.460000038146973,14.640000343322754,14.449999809265137,14.550000190734863,10.522637367248535,647800
2021-08-11,14.59000015258789,14.600000381469727,14.515000343322754,14.550000190734863,10.522637367248535,667800
2021-08-12,14.510000228881836,14.729999542236328,14.510000228881836,14.619999885559082,10.573259353637695,1010400
2021-08-13,14.699999809265137,14.800000190734863,14.630000114440918,14.710000038146973,10.638347625732422,1717700
2021-08-16,14.699999809265137,14.82800006866455,14.619999885559082,14.729999542236328,10.652809143066406,1087600
2021-08-17,14.699999809265137,14.734999656677246,14.529999732971191,14.59000015258789,10.551562309265137,951400
2021-08-18,14.569999694824219,14.640000343322754,14.510000228881836,14.510000228881836,10.493705749511719,1176000
2021-08-19,14.5,14.5,14.050000190734863,14.170000076293945,10.247817039489746,2239400
2021-08-20,14.170000076293945,14.449999809265137,14.119999885559082,14.4399995803833,10.443082809448242,1254000
2021-08-23,14.4399995803833,14.571000099182129,14.300000190734863,14.489999771118164,10.479241371154785,1738100
2021-08-24,14.520000457763672,14.699999809265137,14.5,14.65999984741211,10.60218620300293,1642600
2021-08-25,14.760000228881836,14.8100004196167,14.670000076293945,14.699999809265137,10.631114959716797,1329200
2021-08-26,14.720000267028809,14.75,14.510000228881836,14.520000457763672,10.50093936920166,1081000
2021-08-27,14.539999961853027,14.770000457763672,14.539999961853027,14.729999542236328,10.652809143066406,1141600
2021-08-30,14.779999732971191,14.789999961853027,14.640000343322754,14.640000343322754,10.587723731994629,987500
2021-08-31,14.640000343322754,14.670000076293945,14.569999694824219,14.600000381469727,10.558794975280762,998700
2021-09-01,14.65999984741211,14.770000457763672,14.59000015258789,14.6899995803833,10.623886108398438,1145500
2021-09-02,14.699999809265137,14.819999694824219,14.670000076293945,14.770000457763672,10.681740760803223,1533500
2021-09-03,14.789999961853027,14.800000190734863,14.710000038146973,14.770000457763672,10.681740760803223,819500
2021-09-07,14.760000228881836,14.770000457763672,14.539999961853027,14.600000381469727,10.558794975280762,1896700
2021-09-08,14.569999694824219,14.635000228881836,14.460000038146973,14.529999732971191,10.508171081542969,1133300
2021-09-09,14.5,14.65999984741211,14.479999542236328,14.59000015258789,10.551562309265137,1060100
2021-09-10,14.619999885559082,14.649999618530273,14.520000457763672,14.529999732971191,10.508171081542969,897800
2021-09-13,14.59000015258789,14.609999656677246,14.4350004196167,14.520000457763672,10.50093936920166,1333300
2021-09-14,14.510000228881836,14.630000114440918,14.479999542236328,14.510000228881836,10.493705749511719,1323200
2021-09-15,14.520000457763672,14.5600004196167,14.479999542236328,14.5,10.48647403717041,1553500
2021-09-16,14.510000228881836,14.579999923706055,14.4399995803833,14.460000038146973,10.45754623413086,1593400
2021-09-17,14.449999809265137,14.489999771118164,14.359999656677246,14.430000305175781,10.435850143432617,1792100
2021-09-20,14.25,14.329999923706055,14.140000343322754,14.329999923706055,10.36352825164795,1958000
2021-09-21,14.390000343322754,14.510000228881836,14.390000343322754,14.460000038146973,10.45754623413086,1221800
2021-09-22,14.5600004196167,14.579999923706055,14.449999809265137,14.449999809265137,10.450315475463867,1318100
2021-09-23,14.489999771118164,14.524999618530273,14.40999984741211,14.420000076293945,10.428617477416992,1491000
2021-09-24,14.399999618530273,14.5,14.359999656677246,14.420000076293945,10.428617477416992,1212400
2021-09-27,14.420000076293945,14.5,14.380000114440918,14.4399995803833,10.443082809448242,2059700
2021-09-28,14.399999618530273,14.437999725341797,14.234999656677246,14.319999694824219,10.35629653930664,1787900
2021-09-29,14.119999885559082,14.170000076293945,14.067999839782715,14.140000343322754,10.45239543914795,1400500
2021-09-30,14.149999618530273,14.239999771118164,14.09000015258789,14.119999885559082,10.437609672546387,2649100
2021-10-01,14.260000228881836,14.270000457763672,14.029999732971191,14.130000114440918,10.445003509521484,1794600
2021-10-04,14.130000114440918,14.170000076293945,14.010000228881836,14.079999923706055,10.40804386138916,1856800
2021-10-05,14.100000381469727,14.295000076293945,14.09000015258789,14.210000038146973,10.50413990020752,1522100
2021-10-06,14.119999885559082,14.25,14.09000015258789,14.25,10.533705711364746,943700
2021-10-07,14.300000190734863,14.385000228881836,14.170000076293945,14.170000076293945,10.47457218170166,1124600
2021-10-08,14.199999809265137,14.369999885559082,14.170000076293945,14.350000381469727,10.60762882232666,1237100
2021-10-11,14.34000015258789,14.380000114440918,14.239999771118164,14.260000228881836,10.541102409362793,985700
2021-10-12,14.239999771118164,14.359999656677246,14.180000305175781,14.289999961853027,10.563275337219238,1354100
2021-10-13,14.279999732971191,14.449999809265137,14.279999732971191,14.420000076293945,10.65937328338623,945100
2021-10-14,14.449999809265137,14.470000267028809,14.390000343322754,14.420000076293945,10.65937328338623,781900
2021-10-15,14.489999771118164,14.489999771118164,14.399999618530273,14.420000076293945,10.65937328338623,1092700
2021-10-18,14.399999618530273,14.430000305175781,14.369999885559082,14.380000114440918,10.629804611206055,758300
2021-10-19,14.390000343322754,14.510000228881836,14.380000114440918,14.460000038146973,10.68894100189209,1036600
2021-10-20,14.489999771118164,14.510000228881836,14.414999961853027,14.449999809265137,10.681550025939941,1052300
2021-10-21,14.449999809265137,14.5,14.399999618530273,14.460000038146973,10.68894100189209,1311600
2021-10-22,14.489999771118164,14.5,14.4399995803833,14.449999809265137,10.681550025939941,888000
2021-10-25,14.470000267028809,14.569999694824219,14.420000076293945,14.510000228881836,10.725900650024414,959000
2021-10-26,14.550000190734863,14.5600004196167,14.460000038146973,14.470000267028809,10.696333885192871,866200
2021-10-27,14.4399995803833,14.449999809265137,14.329999923706055,14.350000381469727,10.60762882232666,872100
2021-10-28,14.350000381469727,14.569999694824219,14.295000076293945,14.5600004196167,10.762862205505371,1252600
2021-10-29,14.529999732971191,14.5600004196167,14.335000038146973,14.380000114440918,10.629804611206055,1641000
2021-11-01,14.479999542236328,14.550000190734863,14.454999923706055,14.539999961853027,10.748078346252441,1201900
2021-11-02,14.539999961853027,14.600000381469727,14.359999656677246,14.5,10.718506813049316,1730300
2021-11-03,14.470000267028809,14.5600004196167,14.34000015258789,14.359999656677246,10.615020751953125,1342400
2021-11-04,14.5,14.5649995803833,14.289999961853027,14.510000228881836,10.725900650024414,1888100
2021-11-05,14.550000190734863,14.640000343322754,14.489999771118164,14.640000343322754,10.82199764251709,1876600
2021-11-08,14.6899995803833,14.78499984741211,14.630000114440918,14.729999542236328,10.88852596282959,1989000
2021-11-09,14.699999809265137,14.75,14.4399995803833,14.5,10.718506813049316,2351700
2021-11-10,14.449999809265137,14.5,14.15999984741211,14.270000457763672,10.548492431640625,2749300
2021-11-11,14.569999694824219,14.569999694824219,14.430000305175781,14.5,10.718506813049316,1456700
2021-11-12,14.5,14.510000228881836,14.420000076293945,14.479999542236328,10.703723907470703,1037600
2021-11-15,14.5,14.510000228881836,14.420000076293945,14.430000305175781,10.666764259338379,1288900
2021-11-16,14.430000305175781,14.5,14.380000114440918,14.380000114440918,10.629804611206055,1506300
2021-11-17,14.399999618530273,14.4399995803833,14.3100004196167,14.350000381469727,10.60762882232666,1467800
2021-11-18,14.319999694824219,14.34000015258789,14.15999984741211,14.260000228881836,10.541102409362793,1756500
2021-11-19,14.220000267028809,14.279000282287598,14.024999618530273,14.069999694824219,10.400650978088379,1925300
2021-11-22,14.119999885559082,14.1899995803833,14.050000190734863,14.069999694824219,10.400650978088379,1474500
2021-11-23,14.069999694824219,14.229999542236328,14.039999961853027,14.140000343322754,10.45239543914795,1733500
2021-11-24,14.130000114440918,14.270000457763672,14.079999923706055,14.210000038146973,10.50413990020752,908200
2021-11-26,14.050000190734863,14.119999885559082,13.892000198364258,14.0600004196167,10.393258094787598,1506300
2021-11-29,14.220000267028809,14.25,14.039999961853027,14.069999694824219,10.400650978088379,1775800
2021-11-30,14.069999694824219,14.095000267028809,13.829999923706055,13.9399995803833,10.304553031921387,2856300
2021-12-01,14.100000381469727,14.239999771118164,13.930000305175781,13.930000305175781,10.297161102294922,1913800
2021-12-02,14.0,14.260000228881836,13.989999771118164,14.140000343322754,10.45239543914795,2040900
2021-12-03,14.149999618530273,14.199999809265137,13.989999771118164,14.109999656677246,10.430215835571289,1296300
2021-12-06,14.149999618530273,14.385000228881836,14.100000381469727,14.350000381469727,10.60762882232666,1547200
2021-12-07,14.369999885559082,14.390000343322754,14.289999961853027,14.319999694824219,10.585450172424316,1230100
2021-12-08,14.300000190734863,14.380000114440918,14.229999542236328,14.229999542236328,10.518922805786133,1151700
2021-12-09,14.239999771118164,14.300000190734863,14.199999809265137,14.229999542236328,10.518922805786133,855600
2021-12-10,14.319999694824219,14.350000381469727,14.25,14.289999961853027,10.563275337219238,1300300
2021-12-13,14.289999961853027,14.300000190734863,14.1899995803833,14.1899995803833,10.489355087280273,1051600
2021-12-14,14.15999984741211,14.199999809265137,13.979999542236328,14.029999732971191,10.371081352233887,1666000
2021-12-15,14.0600004196167,14.210000038146973,13.920000076293945,14.170000076293945,10.47457218170166,1647800
2021-12-16,14.210000038146973,14.239999771118164,14.050000190734863,14.0600004196167,10.393258094787598,1361800
2021-12-17,14.050000190734863,14.140000343322754,13.90999984741211,13.989999771118164,10.341513633728027,2469600
2021-12-20,13.899999618530273,13.9350004196167,13.699999809265137,13.880000114440918,10.260199546813965,1953000
2021-12-21,14.0,14.199999809265137,13.979999542236328,14.130000114440918,10.445003509521484,1300800
2021-12-22,14.130000114440918,14.300000190734863,14.100000381469727,14.300000190734863,10.570666313171387,1166400
2021-12-23,14.329999923706055,14.4399995803833,14.300000190734863,14.40999984741211,10.65198040008545,1087000
2021-12-27,14.449999809265137,14.515000343322754,14.359999656677246,14.460000038146973,10.68894100189209,1432600
2021-12-28,14.4399995803833,14.539999961853027,14.399999618530273,14.420000076293945,10.65937328338623,1631700
2021-12-29,14.420000076293945,14.550000190734863,14.399999618530273,14.489999771118164,10.711116790771484,1720300
2021-12-30,14.1899995803833,14.289999961853027,14.100000381469727,14.109999656677246,10.65824031829834,1243600
2021-12-31,14.100000381469727,14.229999542236328,14.050000190734863,14.15999984741211,10.69600772857666,1432700
2022-01-03,14.15999984741211,14.265000343322754,14.15999984741211,14.25,10.763992309570312,1608100
2022-01-04,14.319999694824219,14.524999618530273,14.300000190734863,14.470000267028809,10.93017292022705,1632900
2022-01-05,14.550000190734863,14.550000190734863,14.3100004196167,14.319999694824219,10.81686782836914,1409000
2022-01-06,14.369999885559082,14.484999656677246,14.319999694824219,14.34000015258789,10.831976890563965,1050200
2022-01-07,14.319999694824219,14.545000076293945,14.319999694824219,14.479999542236328,10.937727928161621,1792800
2022-01-10,14.550000190734863,14.59000015258789,14.425000190734863,14.489999771118164,10.945281028747559,1368600
2022-01-11,14.529999732971191,14.729999542236328,14.510000228881836,14.720000267028809,11.119014739990234,1487400
2022-01-12,14.699999809265137,14.809000015258789,14.654999732971191,14.6899995803833,11.096355438232422,1177900
2022-01-13,14.789999961853027,14.789999961853027,14.479999542236328,14.609999656677246,11.035926818847656,1304200
2022-01-14,14.600000381469727,14.65999984741211,14.5,14.520000457763672,10.967942237854004,1902600
2022-01-18,14.520000457763672,14.65999984741211,14.479999542236328,14.529999732971191,10.975496292114258,1897400
2022-01-19,14.579999923706055,14.595000267028809,14.475000381469727,14.5,10.952834129333496,1254900
2022-01-20,14.569999694824219,14.649999618530273,14.470000267028809,14.479999542236328,10.937727928161621,1833800
2022-01-21,14.449999809265137,14.520000457763672,14.220000267028809,14.270000457763672,10.779102325439453,1715900
2022-01-24,14.130000114440918,14.1899995803833,13.6899995803833,14.140000343322754,10.680903434753418,3131500
2022-01-25,14.050000190734863,14.4399995803833,13.9399995803833,14.279999732971191,10.786654472351074,1859000
2022-01-26,14.350000381469727,14.529999732971191,14.25,14.329999923706055,10.824422836303711,1432900
2022-01-27,14.420000076293945,14.619999885559082,14.369999885559082,14.390000343322754,10.869747161865234,2266500
2022-01-28,14.300000190734863,14.529999732971191,14.260000228881836,14.510000228881836,10.96038818359375,1679500
2022-01-31,14.529999732971191,14.699999809265137,14.470000267028809,14.680000305175781,11.0888032913208,2113100
2022-02-01,14.680000305175781,14.819999694824219,14.585000038146973,14.75,11.141676902770996,2141700
2022-02-02,14.8100004196167,14.819999694824219,14.704999923706055,14.75,11.141676902770996,1454400
2022-02-03,14.699999809265137,14.819999694824219,14.640000343322754,14.710000038146973,11.111461639404297,1250200
2022-02-04,14.71500015258789,14.869999885559082,14.630000114440918,14.779999732971191,11.164337158203125,1880100
2022-02-07,14.90999984741211,14.960000038146973,14.8100004196167,14.899999618530273,11.25498104095459,1876100
2022-02-08,14.949999809265137,14.970000267028809,14.835000038146973,14.930000305175781,11.277642250061035,1687500
2022-02-09,14.949999809265137,14.96500015258789,14.824999809265137,14.930000305175781,11.277642250061035,1291700
2022-02-10,14.859999656677246,14.960000038146973,14.789999961853027,14.90999984741211,11.26253604888916,1841700
2022-02-11,14.890000343322754,14.96500015258789,14.800000190734863,14.890000343322754,11.247426986694336,2134100
2022-02-14,14.880000114440918,14.890000343322754,14.6850004196167,14.75,11.141676902770996,1160200
2022-02-15,14.850000381469727,14.869999885559082,14.6899995803833,14.710000038146973,11.111461639404297,966700
2022-02-16,14.720000267028809,14.875,14.720000267028809,14.819999694824219,11.194551467895508,1294300
2022-02-17,14.75,14.8100004196167,14.680000305175781,14.680000305175781,11.0888032913208,1285000
2022-02-18,14.670000076293945,14.729999542236328,14.619999885559082,14.699999809265137,11.10390853881836,1254600
2022-02-22,14.65999984741211,14.725000381469727,14.550000190734863,14.640000343322754,11.058587074279785,2118400
2022-02-23,14.680000305175781,14.765000343322754,14.539999961853027,14.579999923706055,11.013264656066895,1629600
2022-02-24,14.220000267028809,14.975000381469727,14.130000114440918,14.9399995803833,11.285196304321289,3843300
2022-02-25,15.0,15.137999534606934,14.949999809265137,15.069999694824219,11.383395195007324,2561200
2022-02-28,14.930000305175781,15.069999694824219,14.859999656677246,15.050000190734863,11.368287086486816,1483700
2022-03-01,15.039999961853027,15.119999885559082,14.880000114440918,14.979999542236328,11.315412521362305,1808400
2022-03-02,14.979999542236328,15.125,14.960000038146973,14.979999542236328,11.315412521362305,3249400
2022-03-03,15.020000457763672,15.079999923706055,14.9399995803833,14.989999771118164,11.322965621948242,2421400
2022-03-04,15.0,15.0,14.779999732971191,14.84000015258789,11.209660530090332,2094400
2022-03-07,14.84000015258789,14.878000259399414,14.3100004196167,14.319999694824219,10.81686782836914,2727100
2022-03-08,14.329999923706055,14.489999771118164,14.239999771118164,14.359999656677246,10.84708309173584,2192900
2022-03-09,14.510000228881836,14.6850004196167,14.48799991607666,14.5600004196167,10.99815845489502,1718200
2022-03-10,14.539999961853027,14.59000015258789,14.470000267028809,14.510000228881836,10.96038818359375,1420900
2022-03-11,14.539999961853027,14.569999694824219,14.319999694824219,14.399999618530273,10.877297401428223,1926000
2022-03-14,14.4350004196167,14.520000457763672,14.229999542236328,14.289999961853027,10.794208526611328,2923700
2022-03-15,14.319999694824219,14.359999656677246,14.234999656677246,14.319999694824219,10.81686782836914,2290200
2022-03-16,14.449999809265137,14.470000267028809,14.130000114440918,14.329999923706055,10.824422836303711,2384300
2022-03-17,14.300000190734863,14.579999923706055,14.239999771118164,14.520000457763672,10.967942237854004,3125300
2022-03-18,14.449999809265137,14.619999885559082,14.380000114440918,14.489999771118164,10.945281028747559,5415800
2022-03-21,14.579999923706055,14.920000076293945,14.569999694824219,14.869999885559082,11.232321739196777,2911900
2022-03-22,14.899999618530273,14.96500015258789,14.805000305175781,14.920000076293945,11.27009105682373,2166300
2022-03-23,14.920000076293945,14.989999771118164,14.805000305175781,14.859999656677246,11.22476863861084,2051300
2022-03-24,14.859999656677246,14.960000038146973,14.829999923706055,14.920000076293945,11.27009105682373,1622600
2022-03-25,14.920000076293945,15.039999961853027,14.90999984741211,15.0,11.330516815185547,2315600
2022-03-28,15.0,15.020000457763672,14.899999618530273,15.0,11.330516815185547,2980900
2022-03-29,15.039999961853027,15.069999694824219,14.960000038146973,15.0,11.330516815185547,2236600
2022-03-30,14.8100004196167,14.899999618530273,14.680000305175781,14.819999694824219,11.430787086486816,3359300
2022-03-31,14.8100004196167,14.899999618530273,14.770000457763672,14.779999732971191,11.399935722351074,2901200
2022-04-01,14.8100004196167,14.930000305175781,14.779999732971191,14.869999885559082,11.469354629516602,3015100
2022-04-04,14.890000343322754,14.890000343322754,14.630000114440918,14.649999618530273,11.299667358398438,2664400
2022-04-05,14.65999984741211,14.819999694824219,14.640000343322754,14.770000457763672,11.392224311828613,2784200
2022-04-06,14.75,14.800000190734863,14.710000038146973,14.779999732971191,11.399935722351074,1926600
2022-04-07,14.84000015258789,14.920000076293945,14.774999618530273,14.899999618530273,11.49249267578125,2094300
2022-04-08,14.90999984741211,15.010000228881836,14.90999984741211,14.979999542236328,11.55419921875,2918400
2022-04-11,14.970000267028809,15.0600004196167,14.84000015258789,14.890000343322754,11.484780311584473,2649600
2022-04-12,14.899999618530273,15.010000228881836,14.850000381469727,14.859999656677246,11.461641311645508,2325200
2022-04-13,14.890000343322754,15.130000114440918,14.84000015258789,15.109999656677246,11.654467582702637,2014700
2022-04-14,15.140000343322754,15.210000038146973,15.095000267028809,15.1899995803833,11.71617317199707,2059600
2022-04-18,15.229999542236328,15.329999923706055,15.15999984741211,15.1899995803833,11.71617317199707,3874700
2022-04-19,15.010000228881836,15.069999694824219,14.873000144958496,15.020000457763672,11.585050582885742,4214400
2022-04-20,15.1899995803833,15.239999771118164,15.119999885559082,15.149999618530273,11.685321807861328,3700200
2022-04-21,15.170000076293945,15.204999923706055,14.970000267028809,14.970000267028809,11.546487808227539,2238400
2022-04-22,14.949999809265137,14.96500015258789,14.65999984741211,14.65999984741211,11.307379722595215,2351000
2022-04-25,14.600000381469727,14.829999923706055,14.399999618530273,14.800000190734863,11.415362358093262,3516000
2022-04-26,14.75,14.770000457763672,14.3100004196167,14.3100004196167,11.037420272827148,3381200
2022-04-27,14.34000015258789,14.670000076293945,14.34000015258789,14.550000190734863,11.222537994384766,2982700
2022-04-28,14.600000381469727,14.729999542236328,14.470000267028809,14.670000076293945,11.315093040466309,1856400
2022-04-29,14.720000267028809,14.760000228881836,14.300000190734863,14.3100004196167,11.037420272827148,2153900
2022-05-02,14.319999694824219,14.380000114440918,13.967000007629395,14.079999923706055,10.860020637512207,2550700
2022-05-03,14.130000114440918,14.420000076293945,14.119999885559082,14.369999885559082,11.083700180053711,1664300
2022-05-04,14.350000381469727,14.640000343322754,14.329999923706055,14.630000114440918,11.284241676330566,1631600
2022-05-05,14.34000015258789,14.380000114440918,13.40999984741211,13.670000076293945,10.543783187866211,6538100
2022-05-06,13.670000076293945,13.774999618530273,13.470000267028809,13.680000305175781,10.551496505737305,2933200
2022-05-09,13.5,13.529999732971191,13.050000190734863,13.140000343322754,10.134992599487305,4741900
2022-05-10,13.279999732971191,13.505000114440918,13.010000228881836,13.180000305175781,10.165842056274414,2831000
2022-05-11,13.199999809265137,13.489999771118164,13.050000190734863,13.239999771118164,10.21212387084961,2671400
2022-05-12,13.149999618530273,13.15999984741211,12.850000381469727,12.989999771118164,10.019294738769531,4671600
2022-05-13,13.119999885559082,13.375,13.029999732971191,13.289999961853027,10.250686645507812,3581900
2022-05-16,13.350000381469727,13.539999961853027,13.255000114440918,13.390000343322754,10.327816009521484,4259100
2022-05-17,13.640000343322754,13.670000076293945,13.420000076293945,13.479999542236328,10.397236824035645,2300600
2022-05-18,13.4399995803833,13.460000038146973,13.050000190734863,13.079999923706055,10.088712692260742,2673800
2022-05-19,13.050000190734863,13.109999656677246,12.930000305175781,12.949999809265137,9.988445281982422,2678300
2022-05-20,13.0,13.085000038146973,12.529999732971191,12.699999809265137,9.795614242553711,3403400
2022-05-23,12.829999923706055,13.010000228881836,12.720000267028809,12.869999885559082,9.926738739013672,2400300
2022-05-24,12.8100004196167,12.885000228881836,12.5600004196167,12.720000267028809,9.811041831970215,3007700
2022-05-25,12.729999542236328,13.300000190734863,12.6899995803833,13.0600004196167,10.073286056518555,4237700
2022-05-26,13.199999809265137,13.449999809265137,13.180000305175781,13.329999923706055,10.281538963317871,2044400
2022-05-27,13.369999885559082,13.6899995803833,13.350000381469727,13.649999618530273,10.52835750579834,3107000
2022-05-31,13.649999618530273,13.75,13.479999542236328,13.5600004196167,10.458940505981445,2336300
2022-06-01,13.529999732971191,13.670000076293945,13.36400032043457,13.529999732971191,10.435802459716797,1515800
2022-06-02,13.600000381469727,13.800000190734863,13.505000114440918,13.800000190734863,10.644055366516113,1747300
2022-06-03,13.6899995803833,13.744999885559082,13.595000267028809,13.640000343322754,10.520647048950195,1393000
2022-06-06,13.720000267028809,13.770000457763672,13.579999923706055,13.699999809265137,10.566924095153809,2014500
2022-06-07,13.699999809265137,13.789999961853027,13.640000343322754,13.770000457763672,10.620916366577148,1378300
2022-06-08,13.699999809265137,13.739999771118164,13.5600004196167,13.649999618530273,10.52835750579834,1782400
2022-06-09,13.579999923706055,13.680000305175781,13.329999923706055,13.34000015258789,10.289252281188965,1481100
2022-06-10,13.255000114440918,13.289999961853027,12.994999885559082,13.260000228881836,10.22754955291748,2340000
2022-06-13,13.0,13.09000015258789,12.670000076293945,12.739999771118164,9.826468467712402,4755500
2022-06-14,12.75,12.84000015258789,12.579999923706055,12.59000015258789,9.710770606994629,5164200
2022-06-15,12.770000457763672,13.010000228881836,12.680000305175781,12.859999656677246,9.919024467468262,2983400
2022-06-16,12.649999618530273,12.675000190734863,12.1899995803833,12.239999771118164,9.440814018249512,3196900
2022-06-17,12.210000038146973,12.470000267028809,12.09000015258789,12.399999618530273,9.56422233581543,6486100
2022-06-21,12.579999923706055,12.699999809265137,12.460000038146973,12.520000457763672,9.656780242919922,2557800
2022-06-22,12.4399995803833,12.550000190734863,12.359999656677246,12.460000038146973,9.610502243041992,1805400
2022-06-23,12.520000457763672,12.609999656677246,12.265000343322754,12.460000038146973,9.610502243041992,2374300
2022-06-24,12.550000190734863,12.770000457763672,12.454000473022461,12.699999809265137,9.795614242553711,1964400
2022-06-27,12.75,12.824999809265137,12.649999618530273,12.770000457763672,9.849607467651367,2895200
2022-06-28,12.880000114440918,12.96500015258789,12.65999984741211,12.6899995803833,9.78790283203125,2658400
2022-06-29,12.390000343322754,12.449999809265137,12.210000038146973,12.300000190734863,9.724653244018555,1380700
2022-06-30,12.15999984741211,12.420000076293945,12.125,12.329999923706055,9.748371124267578,1650700
2022-07-01,12.300000190734863,12.65999984741211,12.300000190734863,12.65999984741211,10.00927734375,1730900
2022-07-05,12.510000228881836,12.770000457763672,12.430000305175781,12.739999771118164,10.072525978088379,2232200
2022-07-06,12.6899995803833,12.739999771118164,12.420000076293945,12.529999732971191,9.906495094299316,1754800
2022-07-07,12.630000114440918,12.694999694824219,12.585000038146973,12.65999984741211,10.00927734375,1341000
2022-07-08,12.640000343322754,12.729999542236328,12.5600004196167,12.699999809265137,10.040901184082031,1067700
2022-07-11,12.6899995803833,12.770000457763672,12.520000457763672,12.569999694824219,9.93812084197998,1473600
2022-07-12,12.539999961853027,12.684000015258789,12.489999771118164,12.600000381469727,9.961838722229004,1279900
2022-07-13,12.5,12.635000228881836,12.460000038146973,12.550000190734863,9.922309875488281,1233300
2022-07-14,12.4399995803833,12.46500015258789,12.3100004196167,12.430000305175781,9.827432632446289,1421700
2022-07-15,12.529999732971191,12.625,12.395000457763672,12.529999732971191,9.906495094299316,1176800
2022-07-18,12.619999885559082,12.670000076293945,12.4399995803833,12.460000038146973,9.851152420043945,2350300
2022-07-19,12.5600004196167,12.729999542236328,12.550000190734863,12.670000076293945,10.017184257507324,2007000
2022-07-20,12.680000305175781,12.8100004196167,12.600000381469727,12.739999771118164,10.072525978088379,1847500
2022-07-21,12.729999542236328,12.739999771118164,12.600000381469727,12.710000038146973,10.048807144165039,1751000
2022-07-22,12.729999542236328,12.8149995803833,12.600000381469727,12.630000114440918,9.985559463500977,970400
2022-07-25,12.5,12.5600004196167,12.375,12.430000305175781,9.827432632446289,1857500
2022-07-26,12.420000076293945,12.510000228881836,12.380000114440918,12.4399995803833,9.835339546203613,1009200
2022-07-27,12.489999771118164,12.720000267028809,12.484999656677246,12.6899995803833,10.032994270324707,1280000
2022-07-28,12.75,12.899999618530273,12.675000190734863,12.859999656677246,10.167399406433105,1515300
2022-07-29,12.859999656677246,12.970000267028809,12.78499984741211,12.890000343322754,10.191119194030762,1185600
2022-08-01,12.859999656677246,12.975000381469727,12.85099983215332,12.899999618530273,10.19902515411377,1821900
2022-08-02,12.850000381469727,12.899999618530273,12.649999618530273,12.65999984741211,10.00927734375,2311300
2022-08-03,12.75,12.805000305175781,12.640000343322754,12.729999542236328,10.064620018005371,1723500
2022-08-04,12.789999961853027,12.949999809265137,12.704999923706055,12.829999923706055,10.143681526184082,1226000
2022-08-05,12.8100004196167,13.1899995803833,12.770000457763672,13.140000343322754,10.388775825500488,1532300
2022-08-08,13.199999809265137,13.5600004196167,13.1899995803833,13.460000038146973,10.641773223876953,2396700
2022-08-09,13.449999809265137,13.479999542236328,13.3100004196167,13.449999809265137,10.633868217468262,1529300
2022-08-10,13.5600004196167,13.59000015258789,13.420000076293945,13.460000038146973,10.641773223876953,1649900
2022-08-11,13.529999732971191,13.739999771118164,13.5,13.729999542236328,10.855241775512695,1818200
2022-08-12,13.75,13.829999923706055,13.645000457763672,13.6899995803833,10.823616027832031,2086100
2022-08-15,13.649999618530273,13.824999809265137,13.569999694824219,13.649999618530273,10.791990280151367,2194700
2022-08-16,13.649999618530273,13.84000015258789,13.600000381469727,13.770000457763672,10.886866569519043,1715300
2022-08-17,13.640000343322754,13.670000076293945,13.449999809265137,13.5,10.6733980178833,1297900
2022-08-18,13.470000267028809,13.609999656677246,13.449999809265137,13.569999694824219,10.728741645812988,1256300
2022-08-19,13.479999542236328,13.529999732971191,13.359999656677246,13.460000038146973,10.641773223876953,1107800
2022-08-22,13.329999923706055,13.390000343322754,13.180000305175781,13.199999809265137,10.436212539672852,1156200
2022-08-23,13.289999961853027,13.37600040435791,13.244999885559082,13.34000015258789,10.54689884185791,786600
2022-08-24,13.359999656677246,13.520000457763672,13.289999961853027,13.489999771118164,10.665491104125977,1291900
2022-08-25,13.5,13.54800033569336,13.470000267028809,13.520000457763672,10.68921184539795,871400
2022-08-26,13.520000457763672,13.520000457763672,13.300000190734863,13.329999923706055,10.538994789123535,1406500
2022-08-29,13.239999771118164,13.369999885559082,13.15999984741211,13.260000228881836,10.483651161193848,1178800
2022-08-30,13.300000190734863,13.3100004196167,13.029999732971191,13.050000190734863,10.317619323730469,1106800
2022-08-31,13.100000381469727,13.279999732971191,13.029999732971191,13.140000343322754,10.388775825500488,957100
2022-09-01,13.0600004196167,13.069999694824219,12.744999885559082,12.880000114440918,10.18321418762207,1850600
2022-09-02,13.069999694824219,13.119999885559082,12.821000099182129,12.869999885559082,10.175307273864746,1120600
2022-09-06,12.890000343322754,12.90999984741211,12.640999794006348,12.729999542236328,10.064620018005371,1653000
2022-09-07,12.710000038146973,12.850000381469727,12.65999984741211,12.729999542236328,10.064620018005371,1854100
2022-09-08,12.6899995803833,12.854999542236328,12.60099983215332,12.84000015258789,10.151589393615723,1240900
2022-09-09,12.949999809265137,13.029999732971191,12.819999694824219,12.949999809265137,10.238556861877441,1769700
2022-09-12,13.079999923706055,13.170000076293945,12.954999923706055,13.010000228881836,10.285994529724121,1550000
2022-09-13,12.979999542236328,12.979999542236328,12.781999588012695,12.850000381469727,10.159494400024414,1910500
2022-09-14,12.850000381469727,12.850000381469727,12.550999641418457,12.630000114440918,9.985559463500977,1495500
2022-09-15,12.75,12.779999732971191,12.579999923706055,12.619999885559082,9.97765064239502,1844700
2022-09-16,12.550000190734863,12.550000190734863,12.359999656677246,12.40999984741211,9.81162166595459,3544700
2022-09-19,12.34000015258789,12.494999885559082,12.329999923706055,12.420000076293945,9.819525718688965,1836100
2022-09-20,12.359999656677246,12.425000190734863,12.1850004196167,12.199999809265137,9.645589828491211,1566800
2022-09-21,12.300000190734863,12.390000343322754,12.119999885559082,12.119999885559082,9.582341194152832,1719300
2022-09-22,12.130000114440918,12.260000228881836,11.649999618530273,11.65999984741211,9.218652725219727,3236400
2022-09-23,11.529999732971191,11.539999961853027,11.270000457763672,11.489999771118164,9.084246635437012,3927300
2022-09-26,11.399999618530273,11.484999656677246,11.119999885559082,11.140000343322754,8.807530403137207,4008100
2022-09-27,11.270000457763672,11.619999885559082,11.15999984741211,11.25,8.894498825073242,3566400
2022-09-28,11.25,11.420000076293945,11.154999732971191,11.329999923706055,8.957747459411621,3530500
2022-09-29,10.9399995803833,10.9399995803833,10.279999732971191,10.34000015258789,8.405001640319824,4209400
2022-09-30,10.380000114440918,10.550000190734863,10.3100004196167,10.369999885559082,8.429388999938965,2294100
2022-10-03,10.420000076293945,10.760000228881836,10.175000190734863,10.640000343322754,8.648860931396484,3134100
2022-10-04,10.829999923706055,11.229999542236328,10.800000190734863,11.220000267028809,9.120323181152344,2305300
2022-10-05,11.039999961853027,11.199999809265137,10.880000114440918,11.039999961853027,8.974005699157715,2546100
2022-10-06,11.0,11.069999694824219,10.829999923706055,10.859999656677246,8.827688217163086,1777600
2022-10-07,10.760000228881836,10.850000381469727,10.670000076293945,10.739999771118164,8.730146408081055,1886100
2022-10-10,10.760000228881836,10.800000190734863,10.489999771118164,10.529999732971191,8.559444427490234,1565600
2022-10-11,10.479999542236328,10.630000114440918,10.279999732971191,10.5,8.53506088256836,2305000
2022-10-12,10.5,10.725000381469727,10.414999961853027,10.649999618530273,8.656987190246582,2574400
2022-10-13,10.5,10.864999771118164,10.324999809265137,10.819999694824219,8.795175552368164,3404300
2022-10-14,10.859999656677246,10.996999740600586,10.734999656677246,10.770000457763672,8.754533767700195,1706300
2022-10-17,10.90999984741211,11.10200023651123,10.899999618530273,10.9399995803833,8.892718315124512,2016400
2022-10-18,11.100000381469727,11.220000267028809,10.96500015258789,11.0,8.941490173339844,3057300
2022-10-19,10.920000076293945,10.979999542236328,10.8100004196167,10.949999809265137,8.900848388671875,2616800
2022-10-20,10.960000038146973,11.085000038146973,10.75,10.8100004196167,8.78704833984375,2019000
2022-10-21,10.779999732971191,10.789999961853027,10.510000228881836,10.760000228881836,8.746404647827148,2811400
2022-10-24,10.84000015258789,10.975000381469727,10.729999542236328,10.9399995803833,8.892718315124512,2882900
2022-10-25,10.979999542236328,11.479999542236328,10.899999618530273,11.449999809265137,9.307281494140625,2807800
2022-10-26,11.479999542236328,11.569999694824219,11.3100004196167,11.350000381469727,9.225993156433105,1623300
2022-10-27,11.4399995803833,11.579999923706055,11.329999923706055,11.380000114440918,9.250381469726562,2372100
2022-10-28,11.399999618530273,11.734999656677246,11.305000305175781,11.699999809265137,9.51049518585205,3347400
2022-10-31,11.699999809265137,11.899999618530273,11.649999618530273,11.869999885559082,9.648681640625,1777600
2022-11-01,12.010000228881836,12.100000381469727,11.795000076293945,11.84000015258789,9.624297142028809,2119100
2022-11-02,11.75,11.890000343322754,11.625,11.630000114440918,9.453594207763672,2439800
2022-11-03,12.09000015258789,12.670000076293945,11.949999809265137,12.619999885559082,10.258329391479492,5112000
2022-11-04,12.84000015258789,13.218999862670898,12.654999732971191,12.779999732971191,10.388387680053711,3067300
2022-11-07,12.899999618530273,12.954999923706055,12.720000267028809,12.899999618530273,10.485930442810059,3235300
2022-11-08,12.9399995803833,13.119999885559082,12.824999809265137,12.869999885559082,10.461544036865234,2521600
2022-11-09,12.8100004196167,13.095000267028809,12.739999771118164,12.869999885559082,10.461544036865234,2178800
2022-11-10,13.199999809265137,13.354999542236328,13.0600004196167,13.289999961853027,10.802947044372559,2379600
2022-11-11,13.319999694824219,13.479999542236328,13.3100004196167,13.359999656677246,10.859848976135254,1727200
2022-11-14,13.34000015258789,13.399999618530273,13.0649995803833,13.09000015258789,10.640375137329102,1827800
2022-11-15,13.199999809265137,13.539999961853027,13.164999961853027,13.25,10.770432472229004,2510300
2022-11-16,13.229999542236328,13.425000190734863,13.0600004196167,13.359999656677246,10.859848976135254,2473800
2022-11-17,13.239999771118164,13.289999961853027,13.119999885559082,13.180000305175781,10.713532447814941,1759400
2022-11-18,13.270000457763672,13.270000457763672,12.930000305175781,12.970000267028809,10.542831420898438,1867900
2022-11-21,12.930000305175781,13.019000053405762,12.920000076293945,12.979999542236328,10.550960540771484,1413600
2022-11-22,12.979999542236328,13.170000076293945,12.968000411987305,13.079999923706055,10.632246017456055,1702800
2022-11-23,13.079999923706055,13.175000190734863,13.0,13.109999656677246,10.656631469726562,1444000
2022-11-25,13.109999656677246,13.199999809265137,13.020000457763672,13.1899995803833,10.721659660339355,820000
2022-11-28,13.130000114440918,13.140000343322754,12.8100004196167,12.819999694824219,10.420900344848633,1860200
2022-11-29,12.819999694824219,12.880000114440918,12.75,12.760000228881836,10.396458625793457,1288700
2022-11-30,12.739999771118164,12.930000305175781,12.600000381469727,12.90999984741211,10.51867389678955,1551300
2022-12-01,12.90999984741211,13.0,12.779999732971191,12.819999694824219,10.445345878601074,1517500
2022-12-02,12.75,12.9399995803833,12.720000267028809,12.869999885559082,10.486083984375,1448200
2022-12-05,12.859999656677246,12.869999885559082,12.4399995803833,12.449999809265137,10.143879890441895,1901200
2022-12-06,12.4399995803833,12.4399995803833,12.085000038146973,12.119999885559082,9.875006675720215,2379500
2022-12-07,12.119999885559082,12.329999923706055,12.069999694824219,12.170000076293945,9.91574478149414,1624700
2022-12-08,12.210000038146973,12.289999961853027,12.199999809265137,12.260000228881836,9.98907470703125,1322400
2022-12-09,12.229999542236328,12.4350004196167,12.180000305175781,12.380000114440918,10.086845397949219,1358200
2022-12-12,12.399999618530273,12.40999984741211,12.260000228881836,12.3100004196167,10.029812812805176,1875300
2022-12-13,12.569999694824219,12.579999923706055,12.305000305175781,12.350000381469727,10.062403678894043,1452900
2022-12-14,12.300000190734863,12.34000015258789,12.0649995803833,12.239999771118164,9.9727783203125,2473700
2022-12-15,12.109999656677246,12.210000038146973,12.029999732971191,12.069999694824219,9.834267616271973,2443000
2022-12-16,12.0,12.015000343322754,11.6899995803833,11.789999961853027,9.606132507324219,4382700
2022-12-19,11.819999694824219,11.819999694824219,11.520000457763672,11.619999885559082,9.467621803283691,3151200
2022-12-20,11.649999618530273,11.944999694824219,11.640000343322754,11.779999732971191,9.597982406616211,2037900
2022-12-21,11.859999656677246,12.085000038146973,11.789999961853027,11.819999694824219,9.630574226379395,1813500
2022-12-22,11.75,11.774999618530273,11.53499984741211,11.710000038146973,9.540950775146484,2072300
2022-12-23,11.699999809265137,11.899999618530273,11.670000076293945,11.880000114440918,9.679461479187012,2352400
2022-12-27,11.890000343322754,12.020000457763672,11.829999923706055,11.979999542236328,9.760937690734863,2743600
2022-12-28,11.9399995803833,12.0649995803833,11.779999732971191,11.779999732971191,9.597982406616211,2445600
2022-12-29,11.550000190734863,11.729999542236328,11.529999732971191,11.59000015258789,9.715339660644531,2808500
2022-12-30,11.5,11.729999542236328,11.399999618530273,11.550000190734863,9.681809425354004,3666000
2023-01-03,11.619999885559082,11.880000114440918,11.600000381469727,11.859999656677246,9.941666603088379,1967000
2023-01-04,11.920000076293945,12.204999923706055,11.880000114440918,12.0600004196167,10.109320640563965,2639600
2023-01-05,12.020000457763672,12.109999656677246,11.960000038146973,11.979999542236328,10.042257308959961,2064500
2023-01-06,12.100000381469727,12.140000343322754,11.989999771118164,11.989999771118164,10.050640106201172,2022700
2023-01-09,12.0600004196167,12.229999542236328,11.989999771118164,12.15999984741211,10.193145751953125,2254500
2023-01-10,12.180000305175781,12.3100004196167,12.130000114440918,12.270000457763672,10.28535270690918,1879000
2023-01-11,12.350000381469727,12.789999961853027,12.319999694824219,12.699999809265137,10.645798683166504,3434000
2023-01-12,12.710000038146973,12.9399995803833,12.630000114440918,12.9399995803833,10.846980094909668,2113400
2023-01-13,12.859999656677246,13.010000228881836,12.800000190734863,12.880000114440918,10.796684265136719,2367900
2023-01-17,12.90999984741211,13.239999771118164,12.90999984741211,13.050000190734863,10.939188957214355,2333700
2023-01-18,13.100000381469727,13.135000228881836,12.8100004196167,12.90999984741211,10.821832656860352,1924800
2023-01-19,12.800000190734863,12.899999618530273,12.6899995803833,12.789999961853027,10.72124195098877,1625700
2023-01-20,12.800000190734863,12.930000305175781,12.619999885559082,12.920000076293945,10.830215454101562,1806800
2023-01-23,12.899999618530273,13.010000228881836,12.880000114440918,13.0,10.897274017333984,1726300
2023-01-24,13.0,13.050000190734863,12.890000343322754,12.970000267028809,10.8721284866333,993300
2023-01-25,12.899999618530273,12.960000038146973,12.789999961853027,12.960000038146973,10.863744735717773,1549500
2023-01-26,13.010000228881836,13.095000267028809,12.979999542236328,13.0600004196167,10.947569847106934,1503700
2023-01-27,13.0600004196167,13.265000343322754,13.0600004196167,13.220000267028809,11.08169174194336,1450900
2023-01-30,13.1899995803833,13.265000343322754,13.09000015258789,13.100000381469727,10.981100082397461,1116000
2023-01-31,13.15999984741211,13.170000076293945,12.984999656677246,13.069999694824219,10.955953598022461,1234400
2023-02-01,13.069999694824219,13.300000190734863,13.0600004196167,13.220000267028809,11.08169174194336,2311700
2023-02-02,13.3100004196167,13.34000015258789,13.15999984741211,13.25,11.106837272644043,1578500
2023-02-03,13.180000305175781,13.34000015258789,13.140000343322754,13.260000228881836,11.11522102355957,1885300
2023-02-06,13.229999542236328,13.260000228881836,13.09000015258789,13.199999809265137,11.064926147460938,1551300
2023-02-07,13.220000267028809,13.28499984741211,13.079000473022461,13.199999809265137,11.064926147460938,2164900
2023-02-08,13.119999885559082,13.170000076293945,13.013999938964844,13.09000015258789,10.97271728515625,1408200
2023-02-09,13.130000114440918,13.168000221252441,12.869999885559082,12.930000305175781,10.838598251342773,2080400
2023-02-10,12.899999618530273,13.204999923706055,12.859999656677246,13.1899995803833,11.056540489196777,2873200
2023-02-13,13.210000038146973,13.25,13.095000267028809,13.140000343322754,11.014631271362305,1615100
2023-02-14,13.170000076293945,13.25,13.0600004196167,13.09000015258789,10.97271728515625,1487300
2023-02-15,13.039999961853027,13.170000076293945,12.979999542236328,13.140000343322754,11.014631271362305,1437800
2023-02-16,13.069999694824219,13.260000228881836,13.0600004196167,13.210000038146973,11.073307991027832,1274500
2023-02-17,13.210000038146973,13.265999794006348,13.140000343322754,13.180000305175781,11.048160552978516,1118500
2023-02-21,13.09000015258789,13.180000305175781,12.960000038146973,12.989999771118164,10.888891220092773,1492200
2023-02-22,13.029999732971191,13.100000381469727,13.0,13.020000457763672,10.914040565490723,1410000
2023-02-23,13.3100004196167,13.880000114440918,13.15999984741211,13.65999984741211,11.450519561767578,4064400
2023-02-24,13.649999618530273,13.739999771118164,13.520000457763672,13.59000015258789,11.391844749450684,1691900
2023-02-27,13.75,13.777999877929688,13.595000267028809,13.630000114440918,11.425374984741211,1814500
2023-02-28,13.640000343322754,13.729999542236328,13.550000190734863,13.699999809265137,11.484050750732422,1932500
2023-03-01,13.640000343322754,13.699999809265137,13.460000038146973,13.510000228881836,11.324783325195312,1421600
2023-03-02,13.420000076293945,13.520000457763672,13.329999923706055,13.5,11.350005149841309,1518800
2023-03-03,13.529999732971191,13.539999961853027,13.460000038146973,13.529999732971191,11.375227928161621,1238100
2023-03-06,13.520000457763672,13.670000076293945,13.5,13.600000381469727,11.434080123901367,1326000
2023-03-07,13.600000381469727,13.600000381469727,13.335000038146973,13.40999984741211,11.274338722229004,1369000
2023-03-08,13.420000076293945,13.5,13.359999656677246,13.4399995803833,11.299560546875,1138200
2023-03-09,13.430000305175781,13.479999542236328,12.779999732971191,12.8100004196167,10.76989459991455,2652400
2023-03-10,12.800000190734863,12.819999694824219,12.149999618530273,12.180000305175781,10.240226745605469,4577500
2023-03-13,11.960000038146973,12.484999656677246,11.680000305175781,12.210000038146973,10.265450477600098,4481100
2023-03-14,12.529999732971191,12.640000343322754,12.345000267028809,12.460000038146973,10.47563648223877,2636800
2023-03-15,12.09000015258789,12.364999771118164,12.079999923706055,12.270000457763672,10.315895080566406,1933400
2023-03-16,12.1899995803833,12.569999694824219,12.050000190734863,12.460000038146973,10.47563648223877,2083400
2023-03-17,12.350000381469727,12.420000076293945,12.0649995803833,12.149999618530273,10.215004920959473,2108200
2023-03-20,12.279999732971191,12.59000015258789,12.180000305175781,12.289999961853027,10.332709312438965,1875400
2023-03-21,12.520000457763672,12.850000381469727,12.520000457763672,12.720000267028809,10.694228172302246,2046000
2023-03-22,12.75,12.779999732971191,12.329999923706055,12.34000015258789,10.374746322631836,2605600
2023-03-23,12.359999656677246,12.635000228881836,12.1899995803833,12.270000457763672,10.315895080566406,2506100
2023-03-24,12.149999618530273,12.350000381469727,12.0600004196167,12.34000015258789,10.374746322631836,1972900
2023-03-27,12.520000457763672,12.569999694824219,12.380000114440918,12.510000228881836,10.517671585083008,1563000
2023-03-28,12.510000228881836,12.630000114440918,12.479999542236328,12.569999694824219,10.568116188049316,1311700
2023-03-29,12.65999984741211,12.710000038146973,12.579999923706055,12.680000305175781,10.660597801208496,1554800
2023-03-30,12.470000267028809,12.555000305175781,12.369999885559082,12.5,10.790079116821289,1790700
2023-03-31,12.600000381469727,12.71500015258789,12.5,12.609999656677246,10.885032653808594,1854100
2023-04-03,12.59000015258789,12.779999732971191,12.520000457763672,12.550000190734863,10.833240509033203,1670300
2023-04-04,12.609999656677246,12.649999618530273,12.324999809265137,12.4399995803833,10.738286972045898,1659000
2023-04-05,12.329999923706055,12.470000267028809,12.319999694824219,12.380000114440918,10.686493873596191,1308600
2023-04-06,12.470000267028809,12.529999732971191,12.369999885559082,12.520000457763672,10.807342529296875,1127700
2023-04-10,12.510000228881836,12.609999656677246,12.229999542236328,12.430000305175781,10.729656219482422,1319200
2023-04-11,12.449999809265137,12.6899995803833,12.4399995803833,12.609999656677246,10.885032653808594,1618200
2023-04-12,12.75,12.914999961853027,12.710000038146973,12.779999732971191,11.03177547454834,1934600
2023-04-13,12.729999542236328,12.944999694824219,12.729999542236328,12.90999984741211,11.14399528503418,879400
2023-04-14,12.989999771118164,13.149999618530273,12.829999923706055,12.880000114440918,11.118097305297852,2388100
2023-04-17,12.859999656677246,12.954999923706055,12.8100004196167,12.949999809265137,11.178522109985352,1860900
2023-04-18,12.800000190734863,12.859999656677246,12.720000267028809,12.760000228881836,11.01451301574707,1529600
2023-04-19,12.649999618530273,12.84000015258789,12.649999618530273,12.8100004196167,11.057672500610352,1084300
2023-04-20,12.75,12.8149995803833,12.6850004196167,12.760000228881836,11.01451301574707,1085200
2023-04-21,12.789999961853027,12.899999618530273,12.75,12.819999694824219,11.066305160522461,1794400
2023-04-24,12.819999694824219,12.960000038146973,12.800000190734863,12.930000305175781,11.161258697509766,1014600
2023-04-25,12.819999694824219,12.90999984741211,12.75,12.760000228881836,11.01451301574707,888700
2023-04-26,12.760000228881836,12.850000381469727,12.619999885559082,12.720000267028809,10.979984283447266,1113800
2023-04-27,12.720000267028809,12.920000076293945,12.720000267028809,12.899999618530273,11.135360717773438,1144800
2023-04-28,12.84000015258789,13.020000457763672,12.84000015258789,12.979999542236328,11.20441722869873,947900
2023-05-01,12.979999542236328,13.03499984741211,12.829999923706055,12.869999885559082,11.109464645385742,932700
2023-05-02,12.770000457763672,12.8100004196167,12.479999542236328,12.600000381469727,10.876399040222168,1811200
2023-05-03,12.649999618530273,12.805000305175781,12.600000381469727,12.609999656677246,10.885032653808594,923500
2023-05-04,12.600000381469727,12.600000381469727,12.199999809265137,12.25,10.574277877807617,3028500
2023-05-05,12.399999618530273,12.611000061035156,12.390000343322754,12.510000228881836,10.798709869384766,1705800
2023-05-08,12.550000190734863,12.65999984741211,12.5,12.579999923706055,10.859135627746582,1631000
2023-05-09,12.579999923706055,12.630000114440918,12.494999885559082,12.5600004196167,10.84187126159668,1554200
2023-05-10,12.680000305175781,12.680000305175781,12.489999771118164,12.569999694824219,10.850503921508789,1629200
2023-05-11,12.8100004196167,12.881999969482422,12.649999618530273,12.779999732971191,11.03177547454834,2091100
2023-05-12,12.899999618530273,12.970000267028809,12.739999771118164,12.819999694824219,11.066305160522461,1693500
2023-05-15,12.850000381469727,13.020000457763672,12.829999923706055,12.989999771118164,11.213048934936523,1323700
2023-05-16,12.899999618530273,13.005000114440918,12.84000015258789,12.880000114440918,11.118097305297852,1473800
2023-05-17,12.920000076293945,13.015000343322754,12.795000076293945,12.970000267028809,11.195786476135254,1548000
2023-05-18,12.989999771118164,13.050000190734863,12.890000343322754,13.020000457763672,11.238945960998535,1185200
2023-05-19,13.079999923706055,13.270000457763672,13.050000190734863,13.239999771118164,11.428851127624512,1940200
2023-05-22,13.239999771118164,13.295000076293945,13.145000457763672,13.199999809265137,11.394323348999023,1258100
2023-05-23,13.260000228881836,13.420000076293945,13.25,13.270000457763672,11.45474910736084,1970700
2023-05-24,13.199999809265137,13.289999961853027,13.079999923706055,13.260000228881836,11.446115493774414,1212000
2023-05-25,13.25,13.329999923706055,13.130000114440918,13.1899995803833,11.385690689086914,1566200
2023-05-26,13.25,13.359999656677246,13.194999694824219,13.329999923706055,11.506540298461914,1248100
2023-05-30,13.359999656677246,13.4399995803833,13.329999923706055,13.40999984741211,11.627935409545898,1236400
2023-05-31,13.399999618530273,13.470000267028809,13.329999923706055,13.430000305175781,11.64527702331543,1287600
2023-06-01,13.460000038146973,13.680000305175781,13.449999809265137,13.649999618530273,11.836041450500488,1642000
2023-06-02,13.75,13.770000457763672,13.619999885559082,13.649999618530273,11.836041450500488,1853200
2023-06-05,13.630000114440918,13.649999618530273,13.484999656677246,13.539999961853027,11.7406587600708,1445700
2023-06-06,13.510000228881836,13.569999694824219,13.479999542236328,13.5,11.705974578857422,1993600
2023-06-07,13.539999961853027,13.670000076293945,13.489999771118164,13.65999984741211,11.844711303710938,2013300
2023-06-08,13.649999618530273,13.670000076293945,13.479999542236328,13.65999984741211,11.844711303710938,1555600
2023-06-09,13.640000343322754,13.6899995803833,13.569999694824219,13.579999923706055,11.775343894958496,1158200
2023-06-12,13.539999961853027,13.579999923706055,13.319999694824219,13.380000114440918,11.601921081542969,2323700
2023-06-13,13.40999984741211,13.550000190734863,13.380000114440918,13.510000228881836,11.714646339416504,1757100
2023-06-14,13.539999961853027,13.550000190734863,13.404999732971191,13.420000076293945,11.636606216430664,1446300
2023-06-15,13.420000076293945,13.585000038146973,13.350000381469727,13.5600004196167,11.758002281188965,1462300
2023-06-16,13.59000015258789,13.8100004196167,13.539999961853027,13.779999732971191,11.94876480102539,4170800
2023-06-20,13.800000190734863,13.800000190734863,13.664999961853027,13.6899995803833,11.870725631713867,1414600
2023-06-21,13.680000305175781,13.739999771118164,13.579999923706055,13.710000038146973,11.888067245483398,1460700
2023-06-22,13.680000305175781,13.680000305175781,13.470000267028809,13.5,11.705974578857422,1369800
2023-06-23,13.399999618530273,13.430000305175781,13.229999542236328,13.25,11.48919677734375,1522200
2023-06-26,13.260000228881836,13.444999694824219,13.25,13.380000114440918,11.601921081542969,1364100
2023-06-27,13.520000457763672,13.5600004196167,13.4399995803833,13.539999961853027,11.7406587600708,1756800
2023-06-28,13.59000015258789,13.640000343322754,13.520000457763672,13.619999885559082,11.810027122497559,1691200
2023-06-29,13.300000190734863,13.449999809265137,13.289999961853027,13.4399995803833,11.943324089050293,1615400
2023-06-30,13.520000457763672,13.59000015258789,13.420000076293945,13.420000076293945,11.925551414489746,1951100
2023-07-03,13.4399995803833,13.510000228881836,13.399999618530273,13.5,11.996642112731934,854600
2023-07-05,13.449999809265137,13.550000190734863,13.390000343322754,13.479999542236328,11.978869438171387,1636000
2023-07-06,13.369999885559082,14.25,13.279999732971191,13.550000190734863,12.041074752807617,1502500
2023-07-07,13.510000228881836,13.704999923706055,13.449999809265137,13.550000190734863,12.041074752807617,2106000
2023-07-10,13.579999923706055,13.619999885559082,13.470000267028809,13.529999732971191,12.02330207824707,1297000
2023-07-11,13.550000190734863,13.8100004196167,13.529999732971191,13.789999961853027,12.25434684753418,1640000
2023-07-12,13.869999885559082,14.100000381469727,13.795000076293945,14.039999961853027,12.476508140563965,2474400
2023-07-13,14.050000190734863,14.170000076293945,13.890000343322754,13.930000305175781,12.378758430480957,1449300
2023-07-14,14.039999961853027,14.050000190734863,13.869999885559082,13.899999618530273,12.352099418640137,2200000
2023-07-17,13.890000343322754,14.100000381469727,13.800000190734863,14.029999732971191,12.467619895935059,1379800
2023-07-18,14.100000381469727,14.279999732971191,14.029999732971191,14.149999618530273,12.574256896972656,1330100
2023-07-19,14.220000267028809,14.270000457763672,14.100000381469727,14.140000343322754,12.565373420715332,1443600
2023-07-20,14.109999656677246,14.119999885559082,13.9399995803833,13.989999771118164,12.432075500488281,1260800
2023-07-21,14.0,14.0,13.880000114440918,13.9399995803833,12.387643814086914,1087500
2023-07-24,13.989999771118164,14.130000114440918,13.859999656677246,14.069999694824219,12.503166198730469,1368400
2023-07-25,14.09000015258789,14.149999618530273,13.979999542236328,14.0,12.440961837768555,1322200
2023-07-26,13.960000038146973,14.170000076293945,13.960000038146973,14.079999923706055,12.512052536010742,859800
2023-07-27,14.130000114440918,14.1899995803833,14.020000457763672,14.050000190734863,12.485394477844238,971500
2023-07-28,14.1899995803833,14.1899995803833,14.079999923706055,14.130000114440918,12.556486129760742,1069800
2023-07-31,14.229999542236328,14.319999694824219,14.079999923706055,14.15999984741211,12.583145141601562,2657700
2023-08-01,14.15999984741211,14.1899995803833,13.979999542236328,14.010000228881836,12.449849128723145,2305500
2023-08-02,14.020000457763672,14.020000457763672,13.90999984741211,13.970000267028809,12.414304733276367,1747600
2023-08-03,13.930000305175781,14.005000114440918,13.869999885559082,13.9399995803833,12.387643814086914,1376900
2023-08-04,13.949999809265137,14.074999809265137,13.899999618530273,14.039999961853027,12.476508140563965,1556400
2023-08-07,14.0600004196167,14.138999938964844,14.0,14.050000190734863,12.485394477844238,1023000
2023-08-08,14.020000457763672,14.039999961853027,13.890000343322754,14.010000228881836,12.449849128723145,1208500
2023-08-09,13.960000038146973,14.020000457763672,13.864999771118164,13.90999984741211,12.360983848571777,1833800
2023-08-10,14.050000190734863,14.15999984741211,13.819999694824219,13.90999984741211,12.360983848571777,2388500
2023-08-11,13.890000343322754,13.899999618530273,13.779999732971191,13.84000015258789,12.298778533935547,1508000
2023-08-14,13.880000114440918,13.880000114440918,13.770000457763672,13.800000190734863,12.263235092163086,909800
2023-08-15,13.760000228881836,13.8100004196167,13.670000076293945,13.699999809265137,12.174369812011719,1363900
2023-08-16,13.630000114440918,13.710000038146973,13.430000305175781,13.520000457763672,12.01441478729248,1868900
2023-08-17,13.5,13.529999732971191,13.3100004196167,13.350000381469727,11.863348007202148,1738900
2023-08-18,13.289999961853027,13.550000190734863,13.220000267028809,13.5,11.996642112731934,1182300
2023-08-21,13.510000228881836,13.6899995803833,13.449999809265137,13.649999618530273,12.129937171936035,1106400
2023-08-22,13.649999618530273,13.699999809265137,13.460000038146973,13.470000267028809,11.96998405456543,1283400
2023-08-23,13.449999809265137,13.579999923706055,13.420000076293945,13.529999732971191,12.02330207824707,1643000
2023-08-24,13.59000015258789,13.720000267028809,13.5649995803833,13.579999923706055,12.067732810974121,837300
2023-08-25,13.630000114440918,13.675000190734863,13.550000190734863,13.600000381469727,12.085505485534668,759900
2023-08-28,13.699999809265137,13.789999961853027,13.649999618530273,13.699999809265137,12.174369812011719,1313600
2023-08-29,13.720000267028809,13.920000076293945,13.710000038146973,13.859999656677246,12.316553115844727,1379800
2023-08-30,13.850000381469727,13.970000267028809,13.829999923706055,13.869999885559082,12.388005256652832,1110700
2023-08-31,13.899999618530273,13.989999771118164,13.869999885559082,13.920000076293945,12.432662963867188,1183700
2023-09-01,14.0,14.079999923706055,13.989999771118164,14.0,12.504114151000977,1356600
2023-09-05,14.020000457763672,14.154999732971191,13.65999984741211,13.670000076293945,12.20937442779541,2675800
2023-09-06,13.619999885559082,13.619999885559082,13.324999809265137,13.390000343322754,11.959293365478516,3859700
2023-09-07,13.369999885559082,13.4399995803833,13.329999923706055,13.34000015258789,11.914634704589844,2252600
2023-09-08,13.34000015258789,13.630000114440918,13.319999694824219,13.529999732971191,12.084333419799805,2802300
2023-09-11,13.600000381469727,13.649999618530273,13.529999732971191,13.59000015258789,12.137923240661621,1974000
2023-09-12,13.65999984741211,13.65999984741211,13.460000038146973,13.489999771118164,12.048606872558594,2736900
2023-09-13,13.5,13.6899995803833,13.479999542236328,13.649999618530273,12.191509246826172,2183400
2023-09-14,13.75,13.789999961853027,13.670000076293945,13.75,12.280826568603516,1839100
2023-09-15,13.789999961853027,13.789999961853027,13.720000267028809,13.770000457763672,12.298687934875488,2109600
2023-09-18,13.8100004196167,13.890000343322754,13.770000457763672,13.84000015258789,12.36120891571045,1677900
2023-09-19,13.899999618530273,13.970000267028809,13.869999885559082,13.90999984741211,12.423728942871094,1462600
2023-09-20,13.960000038146973,14.029999732971191,13.880000114440918,13.90999984741211,12.423728942871094,1733700
2023-09-21,13.84000015258789,13.850000381469727,13.720000267028809,13.729999542236328,12.26296329498291,1854000
2023-09-22,13.739999771118164,13.869999885559082,13.720000267028809,13.800000190734863,12.325484275817871,1542400
2023-09-25,13.800000190734863,14.0,13.770000457763672,13.920000076293945,12.432662963867188,2508000
2023-09-26,13.949999809265137,14.020000457763672,13.880000114440918,13.890000343322754,12.405866622924805,2497600
2023-09-27,14.020000457763672,14.28499984741211,14.0,14.069999694824219,12.566635131835938,3752600
2023-09-28,13.710000038146973,13.930000305175781,13.699999809265137,13.880000114440918,12.694680213928223,1818700
2023-09-29,13.899999618530273,14.079999923706055,13.84000015258789,13.850000381469727,12.667242050170898,2315300
2023-10-02,13.850000381469727,13.880000114440918,13.390000343322754,13.539999961853027,12.383713722229004,3049200
2023-10-03,13.5,13.529999732971191,13.204999923706055,13.300000190734863,12.16421127319336,2372200
2023-10-04,13.300000190734863,13.350000381469727,13.039999961853027,13.260000228881836,12.127625465393066,1808000
2023-10-05,13.210000038146973,13.380000114440918,13.1899995803833,13.369999885559082,12.228233337402344,1951900
2023-10-06,13.270000457763672,13.539999961853027,13.270000457763672,13.40999984741211,12.264816284179688,1723600
2023-10-09,13.34000015258789,13.5600004196167,13.289999961853027,13.479999542236328,12.328837394714355,1805800
2023-10-10,13.510000228881836,13.670000076293945,13.449999809265137,13.489999771118164,12.33798599243164,1595800
2023-10-11,13.5,13.649999618530273,13.40999984741211,13.539999961853027,12.383713722229004,1814100
2023-10-12,13.649999618530273,13.680000305175781,13.404000282287598,13.510000228881836,12.356277465820312,1606800
2023-10-13,13.609999656677246,13.670000076293945,13.4399995803833,13.5,12.34713077545166,1994500
2023-10-16,13.579999923706055,13.96500015258789,13.562999725341797,13.84000015258789,12.658095359802246,1956400
2023-10-17,13.699999809265137,13.8100004196167,13.680000305175781,13.770000457763672,12.594072341918945,1620400
2023-10-18,13.699999809265137,13.8100004196167,13.59000015258789,13.619999885559082,12.456881523132324,1039500
2023-10-19,13.569999694824219,13.640000343322754,13.40999984741211,13.4399995803833,12.292254447937012,1129600
2023-10-20,13.4399995803833,13.46500015258789,13.1899995803833,13.390000343322754,12.246524810791016,1696100
2023-10-23,13.270000457763672,13.45300006866455,13.199999809265137,13.329999923706055,12.19164752960205,1146500
2023-10-24,13.399999618530273,13.539999961853027,13.368000030517578,13.40999984741211,12.264816284179688,1155400
2023-10-25,13.369999885559082,13.489999771118164,13.199999809265137,13.289999961853027,12.15506362915039,1100700
2023-10-26,13.300000190734863,13.40999984741211,13.229999542236328,13.260000228881836,12.127625465393066,1313700
2023-10-27,13.305000305175781,13.319999694824219,12.989999771118164,13.029999732971191,11.917266845703125,1305300
2023-10-30,13.140000343322754,13.359999656677246,13.079999923706055,13.25,12.118478775024414,1032200
2023-10-31,13.239999771118164,13.369999885559082,13.154999732971191,13.239999771118164,12.109334945678711,1445200
2023-11-01,13.270000457763672,13.5600004196167,13.260000228881836,13.529999732971191,12.3745698928833,1159800
2023-11-02,13.619999885559082,13.8100004196167,13.600000381469727,13.779999732971191,12.603219032287598,1396200
2023-11-03,13.899999618530273,14.020000457763672,13.880000114440918,13.989999771118164,12.79528522491455,1471500
2023-11-06,14.0,14.02299976348877,13.8149995803833,13.960000038146973,12.767847061157227,1187800
2023-11-07,13.920000076293945,13.949999809265137,13.829999923706055,13.890000343322754,12.703824996948242,1317700
2023-11-08,13.890000343322754,13.9399995803833,13.84000015258789,13.869999885559082,12.68553352355957,1368400
2023-11-09,13.949999809265137,14.319999694824219,13.899999618530273,14.119999885559082,12.9141845703125,3304500
2023-11-10,14.300000190734863,14.390000343322754,14.239999771118164,14.34000015258789,13.115396499633789,2661200
2023-11-13,14.270000457763672,14.449999809265137,14.25,14.380000114440918,13.15198040008545,2029100
2023-11-14,14.489999771118164,14.680000305175781,14.454999923706055,14.609999656677246,13.362338066101074,2006700
2023-11-15,14.600000381469727,14.65999984741211,14.529999732971191,14.550000190734863,13.307463645935059,1843000
2023-11-16,14.550000190734863,14.579999923706055,14.380000114440918,14.420000076293945,13.18856430053711,1702500
2023-11-17,14.479999542236328,14.520000457763672,14.380000114440918,14.479999542236328,13.243440628051758,2220700
2023-11-20,14.5,14.65999984741211,14.449999809265137,14.640000343322754,13.389778137207031,1978200
2023-11-21,14.649999618530273,14.704999923706055,14.619999885559082,14.630000114440918,13.380631446838379,1827900
2023-11-22,14.670000076293945,14.729999542236328,14.630000114440918,14.729999542236328,13.472090721130371,1862200
2023-11-24,14.789999961853027,14.829999923706055,14.739999771118164,14.819999694824219,13.554407119750977,1143800
2023-11-27,14.8100004196167,14.84000015258789,14.670000076293945,14.729999542236328,13.472090721130371,2809800
2023-11-28,14.729999542236328,14.770000457763672,14.689000129699707,14.710000038146973,13.453800201416016,1609100
2023-11-29,14.710000038146973,14.734999656677246,14.630000114440918,14.630000114440918,13.453800201416016,1741800
2023-11-30,14.680000305175781,14.739999771118164,14.619999885559082,14.65999984741211,13.4813871383667,1472200
2023-12-01,14.65999984741211,14.800000190734863,14.640000343322754,14.760000228881836,13.573348045349121,1687000
2023-12-04,14.699999809265137,14.789999961853027,14.699999809265137,14.760000228881836,13.573348045349121,1760800
2023-12-05,14.75,14.789999961853027,14.59000015258789,14.649999618530273,13.47219181060791,1578200
2023-12-06,14.6899995803833,14.729999542236328,14.595000267028809,14.619999885559082,13.44460391998291,1484900
2023-12-07,14.65999984741211,14.729999542236328,14.630000114440918,14.729999542236328,13.545759201049805,1441200
2023-12-08,14.6899995803833,14.920000076293945,14.680000305175781,14.899999618530273,13.702092170715332,1943700
2023-12-11,14.890000343322754,14.954999923706055,14.862000465393066,14.869999885559082,13.674504280090332,1278300
2023-12-12,14.920000076293945,15.0600004196167,14.899999618530273,15.020000457763672,13.812445640563965,2024400
2023-12-13,15.020000457763672,15.109999656677246,14.970000267028809,15.0600004196167,13.84922981262207,2228400
2023-12-14,15.149999618530273,15.1899995803833,15.010000228881836,15.050000190734863,13.840032577514648,2392600
2023-12-15,15.09000015258789,15.100000381469727,14.899999618530273,15.010000228881836,13.80324935913086,2411600
2023-12-18,14.949999809265137,15.09000015258789,14.885000228881836,15.020000457763672,13.812445640563965,1808200
2023-12-19,15.050000190734863,15.119999885559082,14.989999771118164,15.100000381469727,13.886013984680176,1940100
2023-12-20,15.109999656677246,15.210000038146973,15.0600004196167,15.0600004196167,13.84922981262207,2183300
2023-12-21,15.0600004196167,15.085000038146973,14.920000076293945,15.0,13.794053077697754,2195300
2023-12-22,15.0,15.109999656677246,14.979999542236328,15.050000190734863,13.840032577514648,1966900
2023-12-26,15.15999984741211,15.265000343322754,15.109999656677246,15.140000343322754,13.922797203063965,2033000
2023-12-27,15.170000076293945,15.1899995803833,15.050000190734863,15.170000076293945,13.950385093688965,2035500
2023-12-28,14.859999656677246,14.970000267028809,14.795000076293945,14.850000381469727,13.97862434387207,2485000
2023-12-29,14.880000114440918,14.914999961853027,14.760000228881836,14.760000228881836,13.893905639648438,1641500
2024-01-02,14.6899995803833,14.779999732971191,14.619999885559082,14.710000038146973,13.846839904785156,2365700
2024-01-03,14.619999885559082,14.675000190734863,14.5,14.630000114440918,13.77153491973877,1630400
2024-01-04,14.6899995803833,14.970000267028809,14.67300033569336,14.90999984741211,14.035103797912598,2030900
2024-01-05,14.970000267028809,15.024999618530273,14.914999961853027,14.960000038146973,14.082171440124512,1791600
2024-01-08,14.960000038146973,15.100000381469727,14.90999984741211,15.079999923706055,14.19512939453125,3201400
2024-01-09,15.039999961853027,15.149999618530273,14.989999771118164,15.0600004196167,14.176302909851074,1522300
2024-01-10,15.079999923706055,15.15999984741211,15.03499984741211,15.050000190734863,14.166888236999512,2229100
2024-01-11,15.050000190734863,15.079999923706055,14.829999923706055,15.069999694824219,14.185714721679688,2057600
2024-01-12,15.149999618530273,15.180000305175781,15.069999694824219,15.100000381469727,14.213955879211426,2273800
2024-01-16,15.069999694824219,15.140000343322754,14.904999732971191,15.0,14.119823455810547,1951300
2024-01-17,14.949999809265137,14.984999656677246,14.859999656677246,14.930000305175781,14.053930282592773,1699300
2024-01-18,14.979999542236328,15.104999542236328,14.90999984741211,15.069999694824219,14.185714721679688,2064800
2024-01-19,15.119999885559082,15.130000114440918,15.020000457763672,15.0600004196167,14.176302909851074,1683900
2024-01-22,15.0600004196167,15.180000305175781,15.03499984741211,15.130000114440918,14.242195129394531,1712400
2024-01-23,15.100000381469727,15.164999961853027,15.039999961853027,15.109999656677246,14.223367691040039,1315900
2024-01-24,15.130000114440918,15.149999618530273,15.039999961853027,15.0600004196167,14.176302909851074,1194900
2024-01-25,15.109999656677246,15.130000114440918,14.979999542236328,15.039999961853027,14.157476425170898,1078500
2024-01-26,15.050000190734863,15.119999885559082,15.029999732971191,15.100000381469727,14.213955879211426,1146700
2024-01-29,15.09000015258789,15.119999885559082,14.920000076293945,14.979999542236328,14.100995063781738,1520200
2024-01-30,14.979999542236328,15.0600004196167,14.970000267028809,15.050000190734863,14.166888236999512,1740700
2024-01-31,15.020000457763672,15.0600004196167,14.8100004196167,14.819999694824219,13.950386047363281,1377300
2024-02-01,14.84000015258789,14.890000343322754,14.680000305175781,14.789999961853027,13.922144889831543,1815300
2024-02-02,14.75,14.819999694824219,14.680999755859375,14.770000457763672,13.9033203125,1390600
2024-02-05,14.739999771118164,14.739999771118164,14.515000343322754,14.640000343322754,13.7809476852417,1583300
2024-02-06,14.649999618530273,14.699999809265137,14.449999809265137,14.529999732971191,13.677401542663574,1501000
2024-02-07,14.5600004196167,14.6899995803833,14.505000114440918,14.670000076293945,13.809187889099121,2225400
2024-02-08,14.710000038146973,14.720000267028809,14.579999923706055,14.649999618530273,13.790360450744629,1421800
2024-02-09,14.619999885559082,14.779999732971191,14.619999885559082,14.739999771118164,13.875079154968262,1642800
2024-02-12,14.739999771118164,14.895000457763672,14.729999542236328,14.859999656677246,13.988038063049316,1434700
2024-02-13,14.720000267028809,14.8100004196167,14.649999618530273,14.770000457763672,13.9033203125,1430400
2024-02-14,14.850000381469727,14.904999732971191,14.680000305175781,14.8100004196167,13.940972328186035,2210600
2024-02-15,14.819999694824219,15.005000114440918,14.819999694824219,14.979999542236328,14.100995063781738,2732600
2024-02-16,14.970000267028809,15.015000343322754,14.904999732971191,14.970000267028809,14.091584205627441,1662500
2024-02-20,14.960000038146973,15.0,14.859999656677246,14.960000038146973,14.082171440124512,1845100
2024-02-21,14.960000038146973,15.069999694824219,14.899999618530273,15.0,14.119823455810547,2604900
2024-02-22,15.199999809265137,15.350000381469727,15.039999961853027,15.1899995803833,14.298674583435059,4520700
2024-02-23,15.255000114440918,15.270000457763672,15.055000305175781,15.079999923706055,14.19512939453125,2993100
2024-02-26,15.09000015258789,15.119999885559082,15.0,15.0600004196167,14.176302909851074,1920500
2024-02-27,15.100000381469727,15.100000381469727,14.920000076293945,15.09000015258789,14.20454216003418,2021500
2024-02-28,15.109999656677246,15.116000175476074,15.0,15.039999961853027,14.157476425170898,1849800
2024-02-29,15.010000228881836,15.09000015258789,14.989999771118164,15.079999923706055,14.271039962768555,1840900
2024-03-01,15.0600004196167,15.100000381469727,14.930000305175781,15.050000190734863,14.242647171020508,1873300
2024-03-04,15.0,15.119999885559082,14.9399995803833,15.050000190734863,14.242647171020508,2077800
2024-03-05,15.050000190734863,15.100000381469727,14.960000038146973,14.960000038146973,14.157477378845215,1930800
2024-03-06,15.050000190734863,15.149999618530273,15.029999732971191,15.09000015258789,14.280502319335938,2163400
2024-03-07,15.109999656677246,15.15999984741211,15.0600004196167,15.09000015258789,14.280502319335938,2035000
2024-03-08,15.130000114440918,15.220000267028809,15.09000015258789,15.170000076293945,14.356210708618164,2288100
2024-03-11,15.170000076293945,15.260000228881836,15.104999542236328,15.180000305175781,14.36567497253418,2055800
2024-03-12,15.199999809265137,15.229999542236328,15.149999618530273,15.199999809265137,14.384600639343262,1344500
2024-03-13,15.239999771118164,15.369999885559082,15.229999542236328,15.289999961853027,14.46977424621582,1572400
2024-03-14,15.300000190734863,15.3149995803833,15.029999732971191,15.039999961853027,14.233184814453125,1623900
2024-03-15,15.050000190734863,15.239999771118164,14.989999771118164,15.220000267028809,14.403529167175293,2736900
2024-03-18,15.1899995803833,15.319999694824219,15.130000114440918,15.25,14.431920051574707,3760100
2024-03-19,15.220000267028809,15.300000190734863,15.15999984741211,15.239999771118164,14.422454833984375,1983200
2024-03-20,15.25,15.406000137329102,15.199999809265137,15.329999923706055,14.507628440856934,3077500
2024-03-21,15.329999923706055,15.479999542236328,15.3100004196167,15.40999984741211,14.58333683013916,1741300
2024-03-22,15.449999809265137,15.460000038146973,15.350000381469727,15.399999618530273,14.573872566223145,1268000
2024-03-25,15.420000076293945,15.524999618530273,15.390000343322754,15.40999984741211,14.58333683013916,2125000
2024-03-26,15.5,15.545000076293945,15.420000076293945,15.529999732971191,14.696898460388184,2518500
2024-03-27,15.239999771118164,15.319000244140625,15.210000038146973,15.270000457763672,14.803539276123047,2189600
2024-03-28,15.300000190734863,15.420000076293945,15.300000190734863,15.380000114440918,14.910178184509277,2798500
2024-04-01,15.399999618530273,15.430000305175781,15.260000228881836,15.279999732971191,14.813232421875,1882000
2024-04-02,15.220000267028809,15.40999984741211,15.199999809265137,15.369999885559082,14.900484085083008,2605100
2024-04-03,15.350000381469727,15.430000305175781,15.295000076293945,15.300000190734863,14.832622528076172,2399300
2024-04-04,15.399999618530273,15.470000267028809,15.319999694824219,15.329999923706055,14.861706733703613,2699000
2024-04-05,15.390000343322754,15.479999542236328,15.34000015258789,15.470000267028809,14.997429847717285,1374200
2024-04-08,15.489999771118164,15.600000381469727,15.46500015258789,15.569999694824219,15.09437370300293,1730400
2024-04-09,15.600000381469727,15.670000076293945,15.550000190734863,15.569999694824219,15.09437370300293,1699300
2024-04-10,15.5,15.550000190734863,15.454999923706055,15.489999771118164,15.016818046569824,1606800
2024-04-11,15.489999771118164,15.579999923706055,15.425000190734863,15.539999961853027,15.065290451049805,2662500
2024-04-12,15.5,15.829999923706055,15.34000015258789,15.430000305175781,14.958651542663574,2088000
2024-04-15,15.5600004196167,15.579999923706055,15.279999732971191,15.300000190734863,14.832622528076172,3094200
2024-04-16,15.350000381469727,15.420000076293945,15.25,15.390000343322754,14.919873237609863,2046700
2024-04-17,15.449999809265137,15.489999771118164,15.270000457763672,15.350000381469727,14.881095886230469,1424900
2024-04-18,15.420000076293945,15.479999542236328,15.329999923706055,15.449999809265137,14.978039741516113,1738000
2024-04-19,15.460000038146973,15.579999923706055,15.444999694824219,15.539999961853027,15.065290451049805,2232000
2024-04-22,15.600000381469727,15.819999694824219,15.579999923706055,15.789999961853027,15.307653427124023,2439700
2024-04-23,15.789999961853027,15.800000190734863,15.729999542236328,15.739999771118164,15.25918197631836,1999400
2024-04-24,15.760000228881836,15.850000381469727,15.739999771118164,15.8100004196167,15.327043533325195,1861700
2024-04-25,15.75,15.819999694824219,15.710000038146973,15.75,15.268875122070312,1183200
2024-04-26,15.779999732971191,15.949999809265137,15.75,15.930000305175781,15.443376541137695,1546900
2024-04-29,15.949999809265137,16.018999099731445,15.90999984741211,15.949999809265137,15.46276569366455,1796300
2024-04-30,15.899999618530273,15.96500015258789,15.864999771118164,15.899999618530273,15.41429328918457,1530100
2024-05-01,15.899999618530273,16.06999969482422,15.899999618530273,16.040000915527344,15.550017356872559,2009400
2024-05-02,16.1299991607666,16.15999984741211,15.979999542236328,16.040000915527344,15.550017356872559,1509000
2024-05-03,16.06999969482422,16.1200008392334,15.989999771118164,16.020000457763672,15.530628204345703,1325400
2024-05-06,16.110000610351562,16.34000015258789,16.100000381469727,16.329999923706055,15.831157684326172,3067800
2024-05-07,16.350000381469727,16.420000076293945,16.30500030517578,16.31999969482422,15.821463584899902,2204700
2024-05-08,16.299999237060547,16.334999084472656,16.219999313354492,16.31999969482422,15.821463584899902,2018500
2024-05-09,16.100000381469727,16.420000076293945,16.040000915527344,16.170000076293945,15.676045417785645,2836400
2024-05-10,16.299999237060547,16.559999465942383,16.280000686645508,16.549999237060547,16.044437408447266,2293600
2024-05-13,16.56999969482422,16.594999313354492,16.350000381469727,16.350000381469727,15.850547790527344,2662600
2024-05-14,16.40999984741211,16.600000381469727,16.399999618530273,16.510000228881836,16.005659103393555,2655900
2024-05-15,16.540000915527344,16.604999542236328,16.440000534057617,16.450000762939453,15.947494506835938,2573300
2024-05-16,16.479999542236328,16.559999465942383,16.329999923706055,16.3799991607666,15.879631042480469,2844300
2024-05-17,16.459999084472656,16.469999313354492,16.329999923706055,16.440000534057617,15.937797546386719,2142400
2024-05-20,16.459999084472656,16.6200008392334,16.459999084472656,16.540000915527344,16.034744262695312,1910500
2024-05-21,16.559999465942383,16.639999389648438,16.549999237060547,16.600000381469727,16.092910766601562,1393900
2024-05-22,16.579999923706055,16.625999450683594,16.520000457763672,16.579999923706055,16.07352066040039,1251000
2024-05-23,16.459999084472656,16.549999237060547,16.43000030517578,16.440000534057617,15.937797546386719,1609900
2024-05-24,16.510000228881836,16.600000381469727,16.5,16.600000381469727,16.092910766601562,1254400
2024-05-28,16.600000381469727,16.700000762939453,16.579999923706055,16.579999923706055,16.07352066040039,1438800
2024-05-29,16.520000457763672,16.65999984741211,16.489999771118164,16.639999389648438,16.131689071655273,1230500
2024-05-30,16.6299991607666,16.700000762939453,16.610000610351562,16.649999618530273,16.141382217407227,1468700
2024-05-31,16.610000610351562,16.8700008392334,16.610000610351562,16.860000610351562,16.394201278686523,1604100
2024-06-03,16.889999389648438,16.90999984741211,16.780000686645508,16.799999237060547,16.335857391357422,1383500
2024-06-04,16.729999542236328,16.739999771118164,16.5,16.540000915527344,16.083040237426758,2136500
2024-06-05,16.520000457763672,16.530000686645508,16.229999542236328,16.34000015258789,15.888566017150879,2550200
2024-06-06,16.34000015258789,16.43000030517578,16.329999923706055,16.399999618530273,15.946908950805664,1845100
2024-06-07,16.360000610351562,16.489999771118164,16.31999969482422,16.329999923706055,15.8788423538208,1626000
2024-06-10,16.290000915527344,16.350000381469727,16.200000762939453,16.209999084472656,15.762157440185547,1762200
2024-06-11,16.149999618530273,16.190000534057617,15.880000114440918,15.949999809265137,15.5093412399292,2958900
2024-06-12,16.100000381469727,16.100000381469727,15.90999984741211,15.979999542236328,15.538512229919434,1681600
2024-06-13,15.960000038146973,15.984999656677246,15.789999961853027,15.84000015258789,15.402379989624023,1639600
2024-06-14,15.789999961853027,15.90999984741211,15.720000267028809,15.869999885559082,15.431550979614258,1575600
2024-06-17,15.789999961853027,15.90999984741211,15.710000038146973,15.819999694824219,15.38293170928955,2014500
2024-06-18,15.800000190734863,15.859999656677246,15.720000267028809,15.770000457763672,15.334314346313477,1785200
2024-06-20,15.779999732971191,15.979999542236328,15.779999732971191,15.920000076293945,15.480170249938965,2056900
2024-06-21,15.890000343322754,15.930000305175781,15.640000343322754,15.680000305175781,15.246801376342773,5287400
2024-06-24,15.720000267028809,15.899999618530273,15.699999809265137,15.850000381469727,15.412103652954102,2067400
2024-06-25,15.819999694824219,15.847999572753906,15.710000038146973,15.710000038146973,15.275972366333008,1530500
2024-06-26,15.699999809265137,15.779999732971191,15.65999984741211,15.6899995803833,15.256524085998535,1857100
2024-06-27,15.720000267028809,15.850000381469727,15.5600004196167,15.579999923706055,15.149563789367676,2720000
2024-06-28,15.350000381469727,15.479999542236328,15.279999732971191,15.359999656677246,15.298967361450195,2268300
2024-07-01,15.34000015258789,15.494999885559082,15.319999694824219,15.390000343322754,15.328848838806152,1978900
2024-07-02,15.40999984741211,15.59000015258789,15.399999618530273,15.579999923706055,15.51809310913086,1807500
2024-07-03,15.619999885559082,15.694999694824219,15.510000228881836,15.550000190734863,15.488212585449219,1246200
2024-07-05,15.5600004196167,15.609999656677246,15.510000228881836,15.600000381469727,15.53801441192627,1537900
2024-07-08,15.649999618530273,15.699999809265137,15.449999809265137,15.5,15.438410758972168,1766400
2024-07-09,15.479999542236328,15.515000343322754,15.329999923706055,15.380000114440918,15.318887710571289,2045100
2024-07-10,15.390000343322754,15.569999694824219,15.380000114440918,15.539999961853027,15.478252410888672,1325500
2024-07-11,15.539999961853027,15.585000038146973,15.390000343322754,15.460000038146973,15.39857006072998,2028900
2024-07-12,15.5,15.760000228881836,15.5,15.670000076293945,15.607735633850098,2441800
2024-07-15,15.760000228881836,15.779999732971191,15.630000114440918,15.649999618530273,15.587814331054688,2570900
2024-07-16,15.65999984741211,15.697999954223633,15.460000038146973,15.510000228881836,15.448371887207031,1997700
2024-07-17,15.4399995803833,15.545000076293945,15.4399995803833,15.489999771118164,15.428450584411621,1986400
2024-07-18,15.489999771118164,15.539999961853027,15.270000457763672,15.350000381469727,15.289007186889648,1787500
2024-07-19,15.369999885559082,15.470000267028809,15.270000457763672,15.289999961853027,15.22924518585205,1174900
2024-07-22,15.3100004196167,15.5,15.3100004196167,15.470000267028809,15.408530235290527,1548400
2024-07-23,15.460000038146973,15.510000228881836,15.399999618530273,15.449999809265137,15.388609886169434,1584800
2024-07-24,15.430000305175781,15.470000267028809,15.25,15.289999961853027,15.22924518585205,1278000
2024-07-25,15.289999961853027,15.470000267028809,15.279999732971191,15.369999885559082,15.308927536010742,1283800
2024-07-26,15.420000076293945,15.5,15.383999824523926,15.489999771118164,15.428450584411621,1460900
2024-07-29,15.5,15.529999732971191,15.4399995803833,15.460000038146973,15.39857006072998,1637200
2024-07-30,15.529999732971191,15.779999732971191,15.484999656677246,15.680000305175781,15.617695808410645,2501500
2024-07-31,15.800000190734863,15.864999771118164,15.520000457763672,15.520000457763672,15.458332061767578,2229000
2024-08-01,15.529999732971191,15.574999809265137,15.430000305175781,15.449999809265137,15.388609886169434,1390500
2024-08-02,15.390000343322754,15.390000343322754,14.954999923706055,14.979999542236328,14.920476913452148,3778700
2024-08-05,14.279999732971191,14.770000457763672,13.979999542236328,14.470000267028809,14.412504196166992,6236700
2024-08-06,14.550000190734863,14.890000343322754,14.529999732971191,14.8100004196167,14.751152992248535,2668800
2024-08-07,14.979999542236328,15.079999923706055,14.664999961853027,14.680000305175781,14.62166976928711,2493200
2024-08-08,14.739999771118164,14.739999771118164,14.170000076293945,14.579999923706055,14.522066116333008,4115900
2024-08-09,14.510000228881836,14.579999923706055,14.350000381469727,14.5,14.442384719848633,2951600
2024-08-12,14.5600004196167,14.6850004196167,14.359999656677246,14.380000114440918,14.322861671447754,1999000
2024-08-13,14.350000381469727,14.4399995803833,14.229999542236328,14.319999694824219,14.263099670410156,2656200
2024-08-14,14.380000114440918,14.390000343322754,14.125,14.289999961853027,14.233219146728516,2223800
2024-08-15,14.460000038146973,14.579999923706055,14.34000015258789,14.449999809265137,14.392582893371582,2419100
2024-08-16,14.449999809265137,14.579999923706055,14.404999732971191,14.510000228881836,14.45234489440918,2552600
2024-08-19,14.609999656677246,14.630000114440918,14.489999771118164,14.539999961853027,14.48222541809082,2276900
2024-08-20,14.550000190734863,14.619999885559082,14.520000457763672,14.529999732971191,14.472265243530273,1204100
2024-08-21,14.600000381469727,14.699999809265137,14.569999694824219,14.670000076293945,14.611708641052246,1344000
2024-08-22,14.699999809265137,14.800000190734863,14.6850004196167,14.739999771118164,14.68143081665039,1446300
2024-08-23,14.920000076293945,14.960000038146973,14.770000457763672,14.90999984741211,14.850754737854004,1859800
2024-08-26,14.979999542236328,15.140000343322754,14.97700023651123,15.020000457763672,14.960318565368652,1831200
2024-08-27,15.020000457763672,15.21500015258789,15.010000228881836,15.109999656677246,15.049960136413574,1695800
2024-08-28,15.069999694824219,15.1899995803833,15.020000457763672,15.039999961853027,14.980238914489746,1489400
2024-08-29,15.0600004196167,15.180000305175781,15.050000190734863,15.100000381469727,15.040000915527344,1999500
2024-08-30,15.180000305175781,15.300000190734863,15.069999694824219,15.15999984741211,15.15999984741211,4019100
2024-09-03,15.0600004196167,15.140000343322754,14.859999656677246,14.899999618530273,14.899999618530273,1638500
2024-09-04,14.9399995803833,15.050000190734863,14.899999618530273,14.930000305175781,14.930000305175781,1188900
2024-09-05,14.960000038146973,15.029999732971191,14.864999771118164,14.920000076293945,14.920000076293945,1153400
2024-09-06,14.9399995803833,14.956000328063965,14.640000343322754,14.670000076293945,14.670000076293945,1811900
2024-09-09,14.75,14.819999694824219,14.65999984741211,14.729999542236328,14.729999542236328,1511500
2024-09-10,14.699999809265137,14.739999771118164,14.510000228881836,14.579999923706055,14.579999923706055,1772700
2024-09-11,14.529999732971191,14.670000076293945,14.390000343322754,14.649999618530273,14.649999618530273,1552300
2024-09-12,14.640000343322754,14.779999732971191,14.625,14.720000267028809,14.720000267028809,1328900
2024-09-13,14.789999961853027,14.925000190734863,14.760000228881836,14.800000190734863,14.800000190734863,1564200
2024-09-16,14.850000381469727,14.864999771118164,14.654999732971191,14.699999809265137,14.699999809265137,2133000
2024-09-17,14.710000038146973,14.75,14.663999557495117,14.699999809265137,14.699999809265137,1503100
2024-09-18,14.670000076293945,14.869999885559082,14.649999618530273,14.789999961853027,14.789999961853027,1443200
2024-09-19,14.960000038146973,14.989999771118164,14.875,14.9399995803833,14.9399995803833,1421500
2024-09-20,14.949999809265137,14.960000038146973,14.890000343322754,14.949999809265137,14.949999809265137,1799200
2024-09-23,14.949999809265137,15.050000190734863,14.920000076293945,14.949999809265137,14.949999809265137,1864400
2024-09-24,14.970000267028809,15.008999824523926,14.885000228881836,14.90999984741211,14.90999984741211,1735700
2024-09-25,14.949999809265137,14.989999771118164,14.805000305175781,14.819999694824219,14.819999694824219,1681500
2024-09-26,14.850000381469727,14.970000267028809,14.8100004196167,14.899999618530273,14.899999618530273,1783500
2024-09-27,14.899999618530273,15.069999694824219,14.883999824523926,15.0,15.0,2216300
