Date,Open,High,Low,Close,Adj Close,Volume
2018-10-05,19.0,19.0,18.0,18.75,6.561832904815674,340900
2018-10-08,18.75,18.75,17.600000381469727,18.299999237060547,6.404348850250244,29500
2018-10-09,18.299999237060547,18.299999237060547,16.790000915527344,18.0,6.2993621826171875,71800
2018-10-10,18.0,18.440000534057617,18.0,18.100000381469727,6.33435583114624,25100
2018-10-11,18.299999237060547,18.469999313354492,18.15999984741211,18.350000381469727,6.421850681304932,24100
2018-10-12,18.360000610351562,19.0,18.350000381469727,18.75,6.561832904815674,24900
2018-10-15,18.510000228881836,18.8700008392334,18.510000228881836,18.700000762939453,6.544335842132568,6200
2018-10-16,18.700000762939453,18.90999984741211,18.600000381469727,18.850000381469727,6.596831798553467,23200
2018-10-17,18.639999389648438,18.8799991607666,18.450000762939453,18.8700008392334,6.603828430175781,16800
2018-10-18,18.610000610351562,18.610000610351562,18.350000381469727,18.43000030517578,6.449844837188721,19100
2018-10-19,18.5,19.0,18.100000381469727,18.110000610351562,6.337857723236084,13000
2018-10-22,18.5,18.600000381469727,18.5,18.5,6.474343299865723,8700
2018-10-23,18.309999465942383,18.309999465942383,18.0,18.100000381469727,6.33435583114624,4900
2018-10-24,18.850000381469727,18.850000381469727,18.049999237060547,18.149999618530273,6.351856231689453,12200
2018-10-25,18.049999237060547,18.299999237060547,17.950000762939453,17.950000762939453,6.281863212585449,15500
2018-10-26,18.0,18.0,17.809999465942383,17.989999771118164,6.295862197875977,8300
2018-10-29,17.90999984741211,18.0,17.90999984741211,18.0,6.2993621826171875,8800
2018-10-30,18.209999084472656,18.459999084472656,16.93000030517578,18.459999084472656,6.4603447914123535,26600
2018-10-31,18.440000534057617,18.84000015258789,18.25,18.780000686645508,6.5723347663879395,46000
2018-11-01,18.899999618530273,18.899999618530273,18.25,18.25,6.386852264404297,8600
2018-11-02,19.0,19.0,18.5,18.5,6.5146803855896,6900
2018-11-05,18.84000015258789,18.8700008392334,18.5,18.81999969482422,6.627366065979004,4700
2018-11-06,18.829999923706055,18.899999618530273,18.75,18.75,6.602715015411377,2100
2018-11-07,18.790000915527344,18.790000915527344,18.68000030517578,18.709999084472656,6.588631629943848,4300
2018-11-08,18.520000457763672,18.649999618530273,17.850000381469727,17.850000381469727,6.342398643493652,7300
2018-11-09,18.149999618530273,18.149999618530273,18.149999618530273,18.149999618530273,6.448990821838379,600
2018-11-12,18.0,18.239999771118164,18.0,18.0,6.395694732666016,2100
2018-11-13,18.0,18.299999237060547,18.0,18.299999237060547,6.502289772033691,600
2018-11-14,18.299999237060547,18.469999313354492,17.850000381469727,18.170000076293945,6.456099510192871,11600
2018-11-15,18.010000228881836,18.010000228881836,17.25,17.81999969482422,6.331737995147705,4300
2018-11-16,18.0,18.0,17.25,17.610000610351562,6.25712251663208,18400
2018-11-19,17.979999542236328,17.979999542236328,17.0,17.299999237060547,6.146973133087158,7800
2018-11-20,17.3700008392334,17.3700008392334,16.75,16.950000762939453,6.022614002227783,8600
2018-11-21,17.5,17.5,16.510000228881836,16.920000076293945,6.011953353881836,7900
2018-11-23,16.950000762939453,17.34000015258789,16.950000762939453,17.229999542236328,6.122101306915283,500
2018-11-26,17.0,17.389999389648438,16.809999465942383,17.389999389648438,6.178952217102051,10600
2018-11-27,17.0,17.209999084472656,16.700000762939453,17.079999923706055,6.0688018798828125,16400
2018-11-28,17.049999237060547,17.440000534057617,16.760000228881836,17.200000762939453,6.111442565917969,8400
2018-11-29,17.190000534057617,17.190000534057617,16.770000457763672,16.899999618530273,6.004846572875977,4000
2018-11-30,17.0,17.450000762939453,16.850000381469727,17.329999923706055,6.157632827758789,5900
2018-12-03,17.25,17.25,16.860000610351562,17.200000762939453,6.111442565917969,3400
2018-12-04,17.0,17.100000381469727,16.799999237060547,17.0,6.040378570556641,10000
2018-12-06,16.549999237060547,17.0,16.549999237060547,17.0,6.040378570556641,7000
2018-12-07,16.450000762939453,17.0,16.399999618530273,17.0,6.100305557250977,18400
2018-12-10,16.700000762939453,16.700000762939453,16.3799991607666,16.43000030517578,5.895765781402588,4700
2018-12-11,16.649999618530273,16.670000076293945,16.649999618530273,16.670000076293945,5.981887340545654,400
2018-12-12,16.799999237060547,16.799999237060547,16.209999084472656,16.25,5.831173419952393,4800
2018-12-13,16.139999389648438,16.799999237060547,15.84000015258789,16.709999084472656,5.99623966217041,2500
2018-12-14,16.709999084472656,16.709999084472656,16.709999084472656,16.709999084472656,5.99623966217041,0
2018-12-17,15.609999656677246,16.360000610351562,15.100000381469727,16.360000610351562,5.87064790725708,2400
2018-12-18,15.59000015258789,16.690000534057617,15.510000228881836,16.25,5.831173419952393,11500
2018-12-19,16.0,16.0,15.5,15.979999542236328,5.734286308288574,10200
2018-12-20,15.90999984741211,16.399999618530273,14.760000228881836,15.270000457763672,5.479508876800537,11200
2018-12-21,15.0,15.25,14.539999961853027,14.539999961853027,5.217554569244385,21500
2018-12-24,14.539999961853027,15.640000343322754,14.0,15.600000381469727,5.597926139831543,4100
2018-12-26,15.0,15.880000114440918,15.0,15.399999618530273,5.526158332824707,3800
2018-12-27,15.539999961853027,15.890000343322754,14.359999656677246,15.3100004196167,5.493862152099609,15700
2018-12-28,15.0,15.25,13.75,15.25,5.47233247756958,23200
2018-12-31,15.0600004196167,15.869999885559082,14.109999656677246,15.260000228881836,5.475922584533691,15200
2019-01-02,14.899999618530273,15.710000038146973,14.5,15.710000038146973,5.6373982429504395,3100
2019-01-03,15.050000190734863,16.100000381469727,14.600000381469727,15.020000457763672,5.389799118041992,2100
2019-01-04,15.0600004196167,15.5,15.0600004196167,15.279999732971191,5.483096122741699,3600
2019-01-07,15.1899995803833,15.920000076293945,15.1899995803833,15.380000114440918,5.518982410430908,3500
2019-01-08,16.25,16.25,15.510000228881836,15.75,5.651752948760986,9600
2019-01-09,15.970000267028809,16.0,15.5600004196167,16.0,5.741462707519531,9700
2019-01-10,16.149999618530273,16.25,15.760000228881836,15.979999542236328,5.734286308288574,9300
2019-01-11,15.5,16.100000381469727,15.5,15.600000381469727,5.657045364379883,13600
2019-01-14,15.75,15.75,15.75,15.75,5.711440563201904,100
2019-01-15,15.75,15.829999923706055,15.380000114440918,15.550000190734863,5.638913154602051,3100
2019-01-16,15.869999885559082,15.880000114440918,15.569999694824219,15.600000381469727,5.657045364379883,4700
2019-01-17,15.699999809265137,15.739999771118164,15.65999984741211,15.65999984741211,5.678802490234375,6400
2019-01-18,15.850000381469727,16.0,15.649999618530273,15.649999618530273,5.675177574157715,2600
2019-01-22,16.389999389648438,16.8799991607666,15.449999809265137,15.5600004196167,5.642541408538818,6100
2019-01-23,16.079999923706055,16.469999313354492,15.899999618530273,16.469999313354492,5.9725341796875,2000
2019-01-24,15.899999618530273,16.5,15.899999618530273,16.450000762939453,5.965282917022705,6000
2019-01-25,16.3700008392334,16.3700008392334,15.850000381469727,16.170000076293945,5.8637471199035645,3500
2019-01-28,16.15999984741211,16.31999969482422,16.0,16.200000762939453,5.874624252319336,4900
2019-01-29,16.0,16.450000762939453,16.0,16.06999969482422,5.8274827003479,10500
2019-01-30,16.399999618530273,16.790000915527344,16.350000381469727,16.350000381469727,5.929018497467041,10500
2019-01-31,16.270000457763672,16.75,16.270000457763672,16.5,5.983413219451904,1900
2019-02-01,16.299999237060547,16.90999984741211,16.299999237060547,16.780000686645508,6.084952354431152,5800
2019-02-04,16.950000762939453,16.950000762939453,16.309999465942383,16.700000762939453,6.055939674377441,7300
2019-02-05,16.700000762939453,16.700000762939453,16.489999771118164,16.700000762939453,6.055939674377441,14300
2019-02-06,16.719999313354492,16.729999542236328,16.479999542236328,16.649999618530273,6.037809371948242,8000
2019-02-07,16.65999984741211,16.700000762939453,16.290000915527344,16.6200008392334,6.02692985534668,9100
2019-02-08,16.850000381469727,16.969999313354492,16.809999465942383,16.860000610351562,6.113962173461914,2400
2019-02-11,16.860000610351562,17.0,16.780000686645508,16.8700008392334,6.117588043212891,4200
2019-02-12,16.610000610351562,17.0,16.600000381469727,16.920000076293945,6.135718822479248,10900
2019-02-13,16.860000610351562,16.8799991607666,16.860000610351562,16.8700008392334,6.117588043212891,1600
2019-02-14,16.899999618530273,17.0,16.780000686645508,16.889999389648438,6.124839782714844,9400
2019-02-15,16.920000076293945,17.0,16.899999618530273,16.899999618530273,6.128466606140137,4400
2019-02-19,16.899999618530273,17.100000381469727,16.899999618530273,17.0,6.164729595184326,15600
2019-02-20,17.100000381469727,17.100000381469727,16.68000030517578,16.68000030517578,6.108695983886719,4300
2019-02-21,16.780000686645508,17.0,16.600000381469727,16.719999313354492,6.123344898223877,26300
2019-02-22,16.899999618530273,16.899999618530273,16.700000762939453,16.899999618530273,6.189266204833984,14800
2019-02-25,16.889999389648438,16.889999389648438,16.700000762939453,16.700000762939453,6.116022109985352,3400
2019-02-26,16.81999969482422,16.899999618530273,16.649999618530273,16.8799991607666,6.181941986083984,7500
2019-02-27,16.850000381469727,16.90999984741211,16.729999542236328,16.739999771118164,6.13067102432251,2700
2019-02-28,16.709999084472656,16.950000762939453,16.290000915527344,16.950000762939453,6.207579612731934,3000
2019-03-01,16.81999969482422,16.8700008392334,16.309999465942383,16.850000381469727,6.170956134796143,3800
2019-03-04,16.850000381469727,17.06999969482422,16.850000381469727,16.850000381469727,6.170956134796143,5100
2019-03-05,16.280000686645508,17.15999984741211,16.260000228881836,17.06999969482422,6.25152587890625,6500
2019-03-06,16.860000610351562,17.06999969482422,16.860000610351562,16.93000030517578,6.200253486633301,4300
2019-03-07,16.899999618530273,17.1200008392334,16.899999618530273,17.049999237060547,6.244199275970459,7300
2019-03-08,17.0,17.15999984741211,17.0,17.15999984741211,6.284486293792725,5300
2019-03-11,17.34000015258789,17.920000076293945,16.850000381469727,17.1299991607666,6.273498058319092,4000
2019-03-12,17.200000762939453,17.200000762939453,17.0,17.0,6.225890636444092,1600
2019-03-13,16.979999542236328,17.219999313354492,16.979999542236328,17.0,6.225890636444092,2400
2019-03-14,17.0,17.139999389648438,16.989999771118164,17.110000610351562,6.266176700592041,4100
2019-03-15,17.200000762939453,17.389999389648438,17.190000534057617,17.389999389648438,6.368719100952148,3000
2019-03-18,17.389999389648438,17.389999389648438,17.18000030517578,17.3700008392334,6.361394882202148,8000
2019-03-19,17.399999618530273,17.399999618530273,17.219999313354492,17.280000686645508,6.328433990478516,10100
2019-03-20,17.34000015258789,17.889999389648438,17.290000915527344,17.40999984741211,6.37604284286499,19700
2019-03-21,17.31999969482422,17.350000381469727,17.020000457763672,17.270000457763672,6.386028289794922,6200
2019-03-22,17.25,17.489999771118164,17.25,17.489999771118164,6.46737813949585,20100
2019-03-25,17.450000762939453,17.540000915527344,17.3799991607666,17.399999618530273,6.434098720550537,15400
2019-03-26,17.489999771118164,17.489999771118164,17.299999237060547,17.299999237060547,6.397120475769043,2300
2019-03-27,17.459999084472656,17.5,17.399999618530273,17.5,6.471075057983398,10700
2019-03-28,17.5,17.5,17.40999984741211,17.420000076293945,6.441494464874268,4400
2019-03-29,17.5,18.40999984741211,17.299999237060547,17.850000381469727,6.600499629974365,41300
2019-04-01,18.010000228881836,18.100000381469727,17.81999969482422,18.06999969482422,6.68184757232666,40100
2019-04-02,18.020000457763672,18.360000610351562,18.020000457763672,18.25,6.748408794403076,42500
2019-04-03,18.25,18.450000762939453,18.25,18.450000762939453,6.82236385345459,20000
2019-04-04,18.450000762939453,18.649999618530273,18.450000762939453,18.5,6.840850353240967,17900
2019-04-05,18.670000076293945,18.739999771118164,18.420000076293945,18.420000076293945,6.811271667480469,17800
2019-04-08,18.639999389648438,19.0,18.579999923706055,18.75,6.933295249938965,39100
2019-04-09,18.75,18.889999389648438,18.5,18.719999313354492,6.922203540802002,23100
2019-04-10,18.68000030517578,18.860000610351562,18.68000030517578,18.81999969482422,6.9591803550720215,21800
2019-04-11,18.809999465942383,18.860000610351562,18.309999465942383,18.399999618530273,6.803874492645264,50200
2019-04-12,18.440000534057617,18.5,18.329999923706055,18.469999313354492,6.829758167266846,13700
2019-04-15,18.5,18.81999969482422,18.5,18.670000076293945,6.903715133666992,23000
2019-04-16,18.700000762939453,18.739999771118164,18.59000015258789,18.610000610351562,6.881527900695801,9500
2019-04-17,18.649999618530273,18.790000915527344,18.59000015258789,18.790000915527344,6.948087692260742,27200
2019-04-18,18.799999237060547,18.799999237060547,18.40999984741211,18.770000457763672,6.940690994262695,20300
2019-04-22,18.75,18.75,18.290000915527344,18.5,6.9022626876831055,15600
2019-04-23,18.450000762939453,18.549999237060547,18.25,18.329999923706055,6.838836193084717,15200
2019-04-24,18.649999618530273,18.739999771118164,18.229999542236328,18.270000457763672,6.816450119018555,5300
2019-04-25,18.270000457763672,18.489999771118164,18.209999084472656,18.209999084472656,6.794064998626709,11900
2019-04-26,18.34000015258789,18.350000381469727,18.200000762939453,18.209999084472656,6.794064998626709,11900
2019-04-29,18.18000030517578,18.280000686645508,18.149999618530273,18.260000228881836,6.812720775604248,13600
2019-04-30,18.219999313354492,18.34000015258789,18.06999969482422,18.190000534057617,6.78660249710083,16600
2019-05-01,18.270000457763672,18.270000457763672,18.049999237060547,18.079999923706055,6.7455644607543945,16500
2019-05-02,18.149999618530273,18.440000534057617,18.079999923706055,18.260000228881836,6.812720775604248,5500
2019-05-03,18.260000228881836,18.3799991607666,18.110000610351562,18.170000076293945,6.779140949249268,17000
2019-05-06,18.15999984741211,18.15999984741211,17.790000915527344,17.899999618530273,6.678406238555908,28800
2019-05-07,17.979999542236328,18.190000534057617,17.889999389648438,18.010000228881836,6.719445705413818,8600
2019-05-08,18.0,18.270000457763672,17.8799991607666,18.239999771118164,6.805257797241211,11900
2019-05-09,18.34000015258789,18.40999984741211,17.809999465942383,17.989999771118164,6.711984157562256,12800
2019-05-10,18.209999084472656,18.209999084472656,18.049999237060547,18.170000076293945,6.779140949249268,4700
2019-05-13,18.09000015258789,18.229999542236328,17.959999084472656,18.229999542236328,6.801527500152588,9500
2019-05-14,18.489999771118164,18.489999771118164,18.010000228881836,18.1200008392334,6.760485649108887,8500
2019-05-15,18.100000381469727,18.239999771118164,18.040000915527344,18.1200008392334,6.760485649108887,24000
2019-05-16,18.209999084472656,18.25,18.1200008392334,18.149999618530273,6.771679878234863,12500
2019-05-17,18.200000762939453,18.200000762939453,18.139999389648438,18.190000534057617,6.78660249710083,3100
2019-05-20,18.290000915527344,18.34000015258789,18.149999618530273,18.149999618530273,6.771679878234863,15200
2019-05-21,18.290000915527344,18.31999969482422,18.149999618530273,18.190000534057617,6.78660249710083,19200
2019-05-22,18.200000762939453,18.65999984741211,18.200000762939453,18.579999923706055,6.932109355926514,33600
2019-05-23,18.479999542236328,18.479999542236328,18.1299991607666,18.18000030517578,6.844391345977783,7100
2019-05-24,18.15999984741211,18.200000762939453,17.729999542236328,17.979999542236328,6.7690911293029785,32800
2019-05-28,17.940000534057617,17.959999084472656,17.290000915527344,17.799999237060547,6.701326370239258,14200
2019-05-29,17.8799991607666,18.280000686645508,17.809999465942383,17.950000762939453,6.757800579071045,6100
2019-05-30,17.889999389648438,17.889999389648438,17.40999984741211,17.5,6.588382720947266,23300
2019-05-31,17.3700008392334,17.5,17.350000381469727,17.5,6.588382720947266,14600
2019-06-03,17.5,17.5,17.3700008392334,17.450000762939453,6.56956148147583,4100
2019-06-04,17.399999618530273,18.25,17.389999389648438,17.56999969482422,6.6147379875183105,40700
2019-06-05,17.700000762939453,18.149999618530273,17.670000076293945,17.700000762939453,6.663681507110596,14900
2019-06-06,17.84000015258789,17.959999084472656,17.399999618530273,17.889999389648438,6.735211372375488,13700
2019-06-07,17.600000381469727,17.90999984741211,17.43000030517578,17.799999237060547,6.701326370239258,8700
2019-06-10,17.700000762939453,18.280000686645508,17.700000762939453,17.899999618530273,6.738976001739502,15200
2019-06-11,18.149999618530273,18.170000076293945,17.920000076293945,18.09000015258789,6.810507774353027,9900
2019-06-12,18.100000381469727,18.1200008392334,18.0,18.1200008392334,6.821801662445068,7700
2019-06-13,18.149999618530273,18.25,18.049999237060547,18.200000762939453,6.851920127868652,2600
2019-06-14,18.149999618530273,18.309999465942383,18.1299991607666,18.219999313354492,6.859450340270996,14400
2019-06-17,18.309999465942383,18.43000030517578,18.219999313354492,18.399999618530273,6.927216529846191,27000
2019-06-18,18.540000915527344,18.540000915527344,18.25,18.309999465942383,6.893332481384277,13100
2019-06-19,18.360000610351562,18.489999771118164,18.360000610351562,18.479999542236328,6.957333564758301,17200
2019-06-20,18.290000915527344,18.600000381469727,17.799999237060547,18.229999542236328,6.9258012771606445,31800
2019-06-21,18.0,18.170000076293945,17.950000762939453,18.020000457763672,6.846022129058838,12100
2019-06-24,18.0,18.3799991607666,17.829999923706055,17.829999923706055,6.7738356590271,29200
2019-06-25,17.899999618530273,17.920000076293945,17.299999237060547,17.709999084472656,6.728250026702881,41000
2019-06-26,17.65999984741211,18.010000228881836,17.360000610351562,17.600000381469727,6.686458110809326,12900
2019-06-27,17.68000030517578,17.760000228881836,17.649999618530273,17.760000228881836,6.747241020202637,2200
2019-06-28,17.899999618530273,17.950000762939453,17.799999237060547,17.940000534057617,6.815626621246338,5000
2019-07-01,17.979999542236328,18.100000381469727,17.979999542236328,18.030000686645508,6.849819183349609,7200
2019-07-02,18.15999984741211,18.15999984741211,17.510000228881836,17.709999084472656,6.728250026702881,25500
2019-07-03,17.760000228881836,17.920000076293945,17.489999771118164,17.770000457763672,6.751039981842041,4100
2019-07-05,17.760000228881836,17.850000381469727,17.6200008392334,17.850000381469727,6.781433582305908,7700
2019-07-08,17.68000030517578,17.770000457763672,16.489999771118164,17.31999969482422,6.580079555511475,95300
2019-07-09,17.139999389648438,17.600000381469727,17.100000381469727,17.299999237060547,6.572483062744141,14800
2019-07-10,17.559999465942383,17.559999465942383,17.219999313354492,17.520000457763672,6.656064510345459,14400
2019-07-11,17.5,17.799999237060547,17.399999618530273,17.75,6.743441581726074,14600
2019-07-12,17.75,17.799999237060547,17.5,17.799999237060547,6.762438774108887,8300
2019-07-15,17.65999984741211,17.860000610351562,17.469999313354492,17.549999237060547,6.667462348937988,17100
2019-07-16,17.489999771118164,17.75,17.489999771118164,17.579999923706055,6.678857803344727,7400
2019-07-17,17.760000228881836,17.850000381469727,17.6200008392334,17.790000915527344,6.758642673492432,11100
2019-07-18,17.860000610351562,17.860000610351562,17.700000762939453,17.780000686645508,6.7548418045043945,5700
2019-07-19,17.649999618530273,17.850000381469727,17.190000534057617,17.209999084472656,6.538290023803711,97500
2019-07-22,17.18000030517578,17.219999313354492,17.09000015258789,17.200000762939453,6.534492015838623,33800
2019-07-23,17.09000015258789,17.149999618530273,17.030000686645508,17.110000610351562,6.564033031463623,20900
2019-07-24,17.149999618530273,17.200000762939453,17.110000610351562,17.1299991607666,6.571703910827637,8600
2019-07-25,17.190000534057617,17.219999313354492,17.170000076293945,17.200000762939453,6.598559379577637,7500
2019-07-26,17.229999542236328,17.389999389648438,17.229999542236328,17.290000915527344,6.633086204528809,11800
2019-07-29,17.309999465942383,17.479999542236328,17.280000686645508,17.290000915527344,6.633086204528809,34500
2019-07-30,17.139999389648438,17.139999389648438,16.84000015258789,17.0,6.52183198928833,28400
2019-07-31,16.93000030517578,17.040000915527344,16.93000030517578,17.0,6.52183198928833,9100
2019-08-01,16.93000030517578,16.989999771118164,16.809999465942383,16.829999923706055,6.456611633300781,11500
2019-08-02,16.809999465942383,16.8799991607666,16.360000610351562,16.610000610351562,6.372212886810303,19500
2019-08-05,16.549999237060547,16.93000030517578,16.549999237060547,16.75,6.425921440124512,19800
2019-08-06,16.760000228881836,16.760000228881836,16.559999465942383,16.579999923706055,6.360703945159912,12600
2019-08-07,16.56999969482422,16.93000030517578,16.56999969482422,16.75,6.425921440124512,9100
2019-08-08,16.799999237060547,17.0,16.649999618530273,16.799999237060547,6.445103645324707,8800
2019-08-09,16.6200008392334,16.75,16.6200008392334,16.6200008392334,6.37605094909668,10700
2019-08-12,16.6200008392334,16.690000534057617,16.559999465942383,16.649999618530273,6.3875579833984375,7600
2019-08-13,16.56999969482422,16.68000030517578,16.56999969482422,16.6200008392334,6.37605094909668,6300
2019-08-14,16.559999465942383,16.739999771118164,16.40999984741211,16.5,6.330013751983643,33000
2019-08-15,16.559999465942383,16.559999465942383,16.459999084472656,16.540000915527344,6.345357418060303,7900
2019-08-16,16.549999237060547,16.579999923706055,16.5,16.579999923706055,6.360703945159912,3400
2019-08-19,16.700000762939453,16.920000076293945,16.549999237060547,16.579999923706055,6.360703945159912,10400
2019-08-20,17.200000762939453,17.200000762939453,16.260000228881836,16.549999237060547,6.349194526672363,49500
2019-08-21,16.5,16.600000381469727,16.440000534057617,16.559999465942383,6.353031158447266,19800
2019-08-22,16.440000534057617,16.649999618530273,16.440000534057617,16.549999237060547,6.413876056671143,5500
2019-08-23,16.549999237060547,16.549999237060547,16.479999542236328,16.540000915527344,6.409999847412109,4400
2019-08-26,16.5,16.559999465942383,16.479999542236328,16.549999237060547,6.413876056671143,12600
2019-08-27,16.579999923706055,16.579999923706055,16.450000762939453,16.510000228881836,6.398374080657959,5700
2019-08-28,16.610000610351562,16.639999389648438,16.530000686645508,16.639999389648438,6.448753833770752,8800
2019-08-29,16.690000534057617,16.690000534057617,16.479999542236328,16.479999542236328,6.386748313903809,7100
2019-08-30,16.5,16.56999969482422,16.450000762939453,16.450000762939453,6.375120639801025,9100
2019-09-03,16.459999084472656,16.649999618530273,16.459999084472656,16.530000686645508,6.406124114990234,8900
2019-09-04,16.6200008392334,16.6200008392334,16.5,16.540000915527344,6.409999847412109,5800
2019-09-05,16.649999618530273,16.649999618530273,16.530000686645508,16.549999237060547,6.413876056671143,9800
2019-09-06,16.540000915527344,16.549999237060547,16.530000686645508,16.530000686645508,6.406124114990234,11900
2019-09-09,16.59000015258789,16.639999389648438,16.549999237060547,16.6200008392334,6.441005229949951,10000
2019-09-10,16.6200008392334,16.75,16.600000381469727,16.719999313354492,6.479757785797119,15900
2019-09-11,16.81999969482422,16.90999984741211,16.670000076293945,16.850000381469727,6.530138969421387,6800
2019-09-12,16.450000762939453,16.450000762939453,16.450000762939453,16.450000762939453,6.375120639801025,0
2019-09-13,16.450000762939453,16.450000762939453,16.450000762939453,16.450000762939453,6.375120639801025,0
2019-09-16,16.450000762939453,16.450000762939453,16.450000762939453,16.450000762939453,6.375120639801025,0
2019-09-17,16.450000762939453,16.450000762939453,16.450000762939453,16.450000762939453,6.375120639801025,0
2019-09-18,16.450000762939453,16.450000762939453,16.450000762939453,16.450000762939453,6.375120639801025,0
2019-09-19,17.399999618530273,17.709999084472656,17.399999618530273,17.649999618530273,6.840174198150635,28100
2019-09-20,17.520000457763672,17.520000457763672,17.18000030517578,17.299999237060547,6.7685770988464355,6300
2019-09-23,17.329999923706055,17.68000030517578,17.25,17.309999465942383,6.772490501403809,14000
2019-09-24,17.329999923706055,17.639999389648438,17.209999084472656,17.399999618530273,6.80770206451416,16400
2019-09-25,17.399999618530273,17.399999618530273,17.270000457763672,17.360000610351562,6.792055130004883,7900
2019-09-26,17.40999984741211,17.43000030517578,17.100000381469727,17.350000381469727,6.788141250610352,53300
2019-09-27,17.399999618530273,17.43000030517578,17.25,17.25,6.749014377593994,5000
2019-09-30,17.389999389648438,17.68000030517578,17.110000610351562,17.540000915527344,6.862476825714111,35700
2019-10-01,17.59000015258789,17.700000762939453,17.31999969482422,17.649999618530273,6.905512809753418,11600
2019-10-02,17.420000076293945,17.489999771118164,17.25,17.399999618530273,6.80770206451416,13700
2019-10-03,17.270000457763672,17.5,17.270000457763672,17.489999771118164,6.842914581298828,6500
2019-10-04,17.459999084472656,17.530000686645508,17.350000381469727,17.5,6.84682559967041,6400
2019-10-07,17.549999237060547,17.549999237060547,17.309999465942383,17.510000228881836,6.850740432739258,20000
2019-10-08,17.520000457763672,17.649999618530273,17.40999984741211,17.6200008392334,6.893776893615723,8300
2019-10-09,17.610000610351562,17.729999542236328,17.56999969482422,17.59000015258789,6.882040500640869,4400
2019-10-10,17.739999771118164,17.739999771118164,17.479999542236328,17.479999542236328,6.839000701904297,10100
2019-10-11,17.40999984741211,17.690000534057617,17.1299991607666,17.450000762939453,6.827264785766602,34200
2019-10-14,17.43000030517578,17.450000762939453,17.299999237060547,17.299999237060547,6.7685770988464355,10300
2019-10-15,17.479999542236328,17.479999542236328,17.299999237060547,17.40999984741211,6.811615467071533,8800
2019-10-16,17.489999771118164,17.489999771118164,17.350000381469727,17.3799991607666,6.799877643585205,14000
2019-10-17,17.549999237060547,17.549999237060547,17.399999618530273,17.399999618530273,6.80770206451416,12700
2019-10-18,17.770000457763672,17.770000457763672,17.200000762939453,17.299999237060547,6.7685770988464355,34300
2019-10-21,17.469999313354492,17.469999313354492,17.149999618530273,17.260000228881836,6.752927303314209,23700
2019-10-22,17.34000015258789,17.34000015258789,17.219999313354492,17.25,6.749014377593994,20100
2019-10-23,17.1200008392334,17.25,16.959999084472656,17.0,6.716224193572998,15200
2019-10-24,17.1299991607666,17.200000762939453,16.959999084472656,17.0,6.716224193572998,9700
2019-10-25,16.8700008392334,16.959999084472656,16.860000610351562,16.950000762939453,6.696471691131592,7500
2019-10-28,17.0,17.229999542236328,16.829999923706055,16.850000381469727,6.656961917877197,8900
2019-10-29,16.959999084472656,17.0,16.639999389648438,16.68000030517578,6.589801788330078,14800
2019-10-30,17.0,17.0,16.700000762939453,16.969999313354492,6.704372406005859,6200
2019-10-31,16.850000381469727,17.0,16.559999465942383,16.90999984741211,6.680667400360107,9100
2019-11-01,16.989999771118164,16.989999771118164,16.209999084472656,16.219999313354492,6.408066749572754,99400
2019-11-04,16.3700008392334,16.3700008392334,15.710000038146973,16.059999465942383,6.3448567390441895,49100
2019-11-05,16.059999465942383,16.280000686645508,16.059999465942383,16.229999542236328,6.4120192527771,5400
2019-11-06,16.15999984741211,16.780000686645508,16.110000610351562,16.6299991607666,6.570047378540039,12600
2019-11-07,16.799999237060547,16.799999237060547,16.600000381469727,16.700000762939453,6.597702980041504,12100
2019-11-08,16.700000762939453,16.700000762939453,16.549999237060547,16.68000030517578,6.589801788330078,6200
2019-11-11,16.530000686645508,16.760000228881836,16.43000030517578,16.43000030517578,6.49103307723999,10200
2019-11-12,16.549999237060547,16.75,16.549999237060547,16.610000610351562,6.562145233154297,7000
2019-11-13,16.649999618530273,16.770000457763672,16.56999969482422,16.600000381469727,6.558196067810059,7100
2019-11-14,16.649999618530273,16.799999237060547,16.649999618530273,16.729999542236328,6.609555244445801,17200
2019-11-15,16.809999465942383,16.809999465942383,16.709999084472656,16.770000457763672,6.625357627868652,9500
2019-11-18,16.649999618530273,16.899999618530273,16.649999618530273,16.8799991607666,6.668814182281494,15500
2019-11-19,16.899999618530273,16.93000030517578,16.65999984741211,16.84000015258789,6.653013229370117,15100
2019-11-20,16.829999923706055,16.860000610351562,16.65999984741211,16.75,6.61745548248291,7600
2019-11-21,16.56999969482422,16.729999542236328,16.56999969482422,16.600000381469727,6.625439167022705,8800
2019-11-22,16.670000076293945,16.809999465942383,16.5,16.709999084472656,6.669341087341309,7900
2019-11-25,16.489999771118164,16.780000686645508,16.489999771118164,16.559999465942383,6.60947322845459,12200
2019-11-26,16.65999984741211,16.719999313354492,16.549999237060547,16.709999084472656,6.669341087341309,9900
2019-11-27,16.700000762939453,16.709999084472656,16.700000762939453,16.709999084472656,6.669341087341309,4800
2019-11-29,16.649999618530273,16.670000076293945,16.549999237060547,16.670000076293945,6.653378009796143,2900
2019-12-02,16.520000457763672,16.760000228881836,16.520000457763672,16.520000457763672,6.593509674072266,28100
2019-12-03,16.5,16.610000610351562,16.25,16.34000015258789,6.521665096282959,15000
2019-12-04,16.5,16.760000228881836,16.399999618530273,16.469999313354492,6.573550701141357,6600
2019-12-05,16.389999389648438,16.479999542236328,16.31999969482422,16.31999969482422,6.51368522644043,10200
2019-12-06,16.31999969482422,16.34000015258789,15.859999656677246,15.899999618530273,6.346052169799805,37900
2019-12-09,15.989999771118164,16.1200008392334,15.8100004196167,15.899999618530273,6.346052169799805,33300
2019-12-10,15.9399995803833,15.9399995803833,15.859999656677246,15.869999885559082,6.334079742431641,6900
2019-12-11,15.90999984741211,15.9399995803833,15.8100004196167,15.930000305175781,6.358025550842285,15400
2019-12-12,15.90999984741211,15.979999542236328,15.90999984741211,15.9399995803833,6.362018585205078,11600
2019-12-13,16.0,16.0,15.970000267028809,15.989999771118164,6.381974220275879,6100
2019-12-16,16.0,16.18000030517578,15.960000038146973,16.18000030517578,6.457808971405029,18100
2019-12-17,16.049999237060547,16.15999984741211,15.9399995803833,16.06999969482422,6.413903713226318,35700
2019-12-18,16.079999923706055,16.190000534057617,16.059999465942383,16.149999618530273,6.445833206176758,16500
2019-12-19,16.09000015258789,16.219999313354492,16.09000015258789,16.100000381469727,6.425876617431641,28900
2019-12-20,16.190000534057617,16.200000762939453,16.06999969482422,16.149999618530273,6.445833206176758,32600
2019-12-23,15.989999771118164,15.989999771118164,15.760000228881836,15.920000076293945,6.421629905700684,15700
2019-12-24,16.0,16.0,15.789999961853027,15.850000381469727,6.393396377563477,11100
2019-12-26,15.899999618530273,15.949999809265137,15.779999732971191,15.880000114440918,6.405496120452881,8600
2019-12-27,15.9399995803833,15.949999809265137,15.529999732971191,15.739999771118164,6.349024295806885,53600
2019-12-30,15.819999694824219,15.819999694824219,15.399999618530273,15.529999732971191,6.264316082000732,23900
2019-12-31,15.449999809265137,15.449999809265137,14.649999618530273,15.210000038146973,6.135239601135254,70000
2020-01-02,15.260000228881836,15.479999542236328,15.130000114440918,15.399999618530273,6.211879253387451,16400
2020-01-03,15.390000343322754,15.920000076293945,15.390000343322754,15.819999694824219,6.381295204162598,19800
2020-01-06,15.859999656677246,16.5,15.850000381469727,16.270000457763672,6.56281042098999,50700
2020-01-07,16.440000534057617,16.59000015258789,16.270000457763672,16.31999969482422,6.582979202270508,28500
2020-01-08,16.260000228881836,16.75,16.260000228881836,16.5,6.655584812164307,47400
2020-01-09,16.709999084472656,16.75,16.59000015258789,16.75,6.75642728805542,30800
2020-01-10,16.75,16.760000228881836,16.649999618530273,16.739999771118164,6.752392768859863,15900
2020-01-13,16.700000762939453,16.860000610351562,16.700000762939453,16.809999465942383,6.780627250671387,23900
2020-01-14,16.850000381469727,16.850000381469727,16.780000686645508,16.850000381469727,6.796764373779297,19400
2020-01-15,16.850000381469727,16.850000381469727,16.780000686645508,16.850000381469727,6.796764373779297,25000
2020-01-16,16.889999389648438,16.889999389648438,16.850000381469727,16.850000381469727,6.796764373779297,16300
2020-01-17,16.8700008392334,17.200000762939453,16.850000381469727,17.200000762939453,6.937943458557129,37500
2020-01-21,17.09000015258789,17.299999237060547,17.09000015258789,17.149999618530273,6.9177751541137695,74800
2020-01-22,17.3799991607666,17.399999618530273,17.0,17.34000015258789,6.994414806365967,30700
2020-01-23,17.030000686645508,17.229999542236328,17.030000686645508,17.15999984741211,6.990340709686279,22600
2020-01-24,17.200000762939453,17.200000762939453,16.829999923706055,16.860000610351562,6.868133068084717,15600
2020-01-27,16.610000610351562,16.770000457763672,16.549999237060547,16.670000076293945,6.79073429107666,35500
2020-01-28,16.719999313354492,16.760000228881836,16.469999313354492,16.5,6.721481800079346,23500
2020-01-29,16.5,16.600000381469727,16.40999984741211,16.40999984741211,6.684818744659424,15200
2020-01-30,16.5,16.639999389648438,16.3700008392334,16.459999084472656,6.705187797546387,12900
2020-01-31,16.489999771118164,16.56999969482422,16.420000076293945,16.43000030517578,6.692965984344482,26800
2020-02-03,16.5,16.600000381469727,16.420000076293945,16.43000030517578,6.692965984344482,19800
2020-02-04,16.5,16.6299991607666,16.469999313354492,16.579999923706055,6.75407075881958,85200
2020-02-05,16.610000610351562,16.6200008392334,16.549999237060547,16.600000381469727,6.762218475341797,40400
2020-02-06,16.510000228881836,16.639999389648438,16.510000228881836,16.579999923706055,6.75407075881958,29800
2020-02-07,16.579999923706055,16.600000381469727,16.469999313354492,16.479999542236328,6.713335037231445,40800
2020-02-10,16.5,16.559999465942383,16.440000534057617,16.469999313354492,6.709259986877441,31500
2020-02-11,16.5,16.559999465942383,16.399999618530273,16.5,6.721481800079346,13300
2020-02-12,16.5,16.549999237060547,16.459999084472656,16.5,6.721481800079346,28500
2020-02-13,16.5,16.510000228881836,16.43000030517578,16.440000534057617,6.697040557861328,16100
2020-02-14,16.5,16.559999465942383,16.450000762939453,16.549999237060547,6.741849899291992,30100
2020-02-18,16.510000228881836,16.56999969482422,16.489999771118164,16.540000915527344,6.737777233123779,37400
2020-02-19,16.549999237060547,16.690000534057617,16.549999237060547,16.6299991607666,6.774440288543701,37400
2020-02-20,16.5,16.559999465942383,16.469999313354492,16.5,6.792139053344727,42800
2020-02-21,16.489999771118164,16.489999771118164,16.239999771118164,16.40999984741211,6.75508975982666,25900
2020-02-24,16.209999084472656,16.350000381469727,16.149999618530273,16.190000534057617,6.664529323577881,27600
2020-02-25,16.1299991607666,16.399999618530273,16.1200008392334,16.170000076293945,6.6562981605529785,24100
2020-02-26,16.170000076293945,16.350000381469727,16.0,16.100000381469727,6.627481937408447,28000
2020-02-27,16.0,16.079999923706055,14.25,14.270000457763672,5.874172687530518,158600
2020-02-28,13.90999984741211,14.15999984741211,13.529999732971191,14.0,5.763026714324951,59100
2020-03-02,14.109999656677246,15.600000381469727,14.109999656677246,15.600000381469727,6.421658515930176,56900
2020-03-03,15.6899995803833,16.010000228881836,15.010000228881836,15.319999694824219,6.306400299072266,43300
2020-03-04,15.6899995803833,16.299999237060547,15.399999618530273,15.40999984741211,6.343446731567383,20500
2020-03-05,15.430000305175781,15.699999809265137,15.119999885559082,15.300000190734863,6.298165321350098,42100
2020-03-06,14.920000076293945,16.3799991607666,14.579999923706055,15.300000190734863,6.298165321350098,58500
2020-03-09,15.0,15.0,13.75,13.75,5.660116195678711,41500
2020-03-10,15.390000343322754,15.390000343322754,14.020000457763672,14.170000076293945,5.833006381988525,73000
2020-03-11,13.529999732971191,13.819999694824219,13.5,13.5,5.557204723358154,44300
2020-03-12,12.760000228881836,13.300000190734863,10.1899995803833,13.300000190734863,5.47487735748291,90800
2020-03-13,13.0,13.729999542236328,10.699999809265137,13.729999542236328,5.65188455581665,65500
2020-03-16,11.5,12.59000015258789,11.0,11.039999961853027,4.544559955596924,30300
2020-03-17,11.010000228881836,11.0600004196167,10.109999656677246,10.109999656677246,4.161729335784912,43500
2020-03-18,9.899999618530273,9.899999618530273,5.699999809265137,5.699999809265137,2.3463752269744873,72900
2020-03-19,5.699999809265137,7.289999961853027,4.900000095367432,7.079999923706055,2.914444923400879,67300
2020-03-20,7.760000228881836,9.170000076293945,6.769999980926514,7.349999904632568,3.0255889892578125,87200
2020-03-23,7.170000076293945,7.170000076293945,6.210000038146973,6.480000019073486,2.7317566871643066,29200
2020-03-24,7.199999809265137,7.199999809265137,6.300000190734863,6.639999866485596,2.7992076873779297,29100
2020-03-25,6.699999809265137,8.989999771118164,6.289999961853027,8.050000190734863,3.393617868423462,50800
2020-03-26,7.820000171661377,9.710000038146973,7.820000171661377,9.010000228881836,3.7983222007751465,50700
2020-03-27,9.010000228881836,9.5,8.859999656677246,8.949999809265137,3.7730283737182617,27900
2020-03-30,8.510000228881836,8.640000343322754,5.960000038146973,6.400000095367432,2.6980316638946533,80500
2020-03-31,6.389999866485596,7.349999904632568,6.300000190734863,6.670000076293945,2.811854839324951,34700
2020-04-01,6.050000190734863,6.460000038146973,5.5,5.809999942779541,2.4493069648742676,55500
2020-04-02,5.96999979019165,5.980000019073486,5.559999942779541,5.71999979019165,2.411365509033203,19700
2020-04-03,5.71999979019165,7.099999904632568,5.150000095367432,6.800000190734863,2.8666586875915527,35800
2020-04-06,6.860000133514404,8.0,6.5,7.619999885559082,3.21234393119812,45100
2020-04-07,8.210000038146973,9.029999732971191,7.519999980926514,7.900000095367432,3.3303840160369873,24100
2020-04-08,8.300000190734863,9.430000305175781,8.300000190734863,8.729999542236328,3.680283308029175,41500
2020-04-09,9.5,10.460000038146973,9.34000015258789,9.979999542236328,4.207242488861084,72600
2020-04-13,10.979999542236328,10.979999542236328,9.199999809265137,9.869999885559082,4.16087007522583,38100
2020-04-14,10.0,10.0,9.25,9.359999656677246,3.945870876312256,27400
2020-04-15,8.5,8.890000343322754,8.5,8.890000343322754,3.747735023498535,34400
2020-04-16,8.819999694824219,9.489999771118164,8.65999984741211,8.920000076293945,3.7603819370269775,21500
2020-04-17,9.84000015258789,9.84000015258789,8.630000114440918,9.1899995803833,3.874204635620117,13500
2020-04-20,9.3100004196167,9.75,8.859999656677246,9.399999618530273,3.9627342224121094,30000
2020-04-21,9.300000190734863,9.979999542236328,9.0,9.149999618530273,3.857342004776001,64000
2020-04-22,9.100000381469727,9.350000381469727,8.5,8.899999618530273,3.8242549896240234,28900
2020-04-23,8.640000343322754,8.979999542236328,8.640000343322754,8.979999542236328,3.858630895614624,27900
2020-04-24,8.65999984741211,8.930000305175781,8.5,8.630000114440918,3.7082395553588867,29600
2020-04-27,8.75,8.75,8.020000457763672,8.020000457763672,3.4461278915405273,32500
2020-04-28,8.140000343322754,8.489999771118164,8.09000015258789,8.369999885559082,3.5965189933776855,22600
2020-04-29,8.550000190734863,8.569999694824219,8.5,8.539999961853027,3.6695668697357178,22400
2020-04-30,8.569999694824219,8.569999694824219,8.449999809265137,8.520000457763672,3.66097354888916,10000
2020-05-01,8.520000457763672,8.5600004196167,8.260000228881836,8.260000228881836,3.5492544174194336,20800
2020-05-04,8.260000228881836,8.460000038146973,8.199999809265137,8.260000228881836,3.5492544174194336,30400
2020-05-05,8.300000190734863,8.350000381469727,7.610000133514404,7.619999885559082,3.2742502689361572,48800
2020-05-06,7.619999885559082,7.619999885559082,7.360000133514404,7.480000019073486,3.2140934467315674,21900
2020-05-07,7.5,7.5,7.440000057220459,7.449999809265137,3.201202869415283,21300
2020-05-08,7.670000076293945,7.670000076293945,7.199999809265137,7.199999809265137,3.093780279159546,34600
2020-05-11,7.210000038146973,7.440000057220459,7.199999809265137,7.400000095367432,3.179717540740967,27200
2020-05-12,7.559999942779541,7.699999809265137,7.369999885559082,7.610000133514404,3.269953727722168,26800
2020-05-13,7.409999847412109,7.599999904632568,7.369999885559082,7.449999809265137,3.201202869415283,28600
2020-05-14,7.5,7.599999904632568,7.46999979019165,7.599999904632568,3.2656564712524414,12100
2020-05-15,7.650000095367432,8.09000015258789,7.599999904632568,7.78000020980835,3.3430023193359375,12400
2020-05-18,7.800000190734863,8.170000076293945,7.800000190734863,8.100000381469727,3.4805026054382324,42100
2020-05-19,8.15999984741211,9.279999732971191,7.860000133514404,9.069999694824219,3.8973031044006348,65400
2020-05-20,9.59000015258789,9.59000015258789,9.050000190734863,9.0600004196167,3.8930070400238037,64500
2020-05-21,8.760000228881836,8.850000381469727,7.5,8.100000381469727,3.4805026054382324,97300
2020-05-22,8.34000015258789,8.34000015258789,7.699999809265137,7.880000114440918,3.3859703540802,19100
2020-05-26,8.050000190734863,8.050000190734863,7.699999809265137,7.75,3.3301103115081787,34200
2020-05-27,7.860000133514404,9.0,7.860000133514404,8.970000267028809,3.854334831237793,73700
2020-05-28,9.0,9.59000015258789,9.0,9.390000343322754,4.034804821014404,89100
2020-05-29,9.529999732971191,9.550000190734863,9.0,9.449999809265137,4.060586929321289,49600
2020-06-01,9.600000381469727,10.0,9.449999809265137,9.600000381469727,4.125040054321289,75000
2020-06-02,9.760000228881836,10.300000190734863,9.609999656677246,10.020000457763672,4.305510520935059,62500
2020-06-03,10.300000190734863,10.600000381469727,10.239999771118164,10.449999809265137,4.4902777671813965,50000
2020-06-04,10.59000015258789,10.59000015258789,10.199999809265137,10.210000038146973,4.387151718139648,34700
2020-06-05,10.300000190734863,11.050000190734863,10.270000457763672,10.270000457763672,4.412933826446533,59900
2020-06-08,10.6899995803833,10.979999542236328,10.600000381469727,10.6899995803833,4.5934038162231445,87000
2020-06-09,10.75,10.989999771118164,10.600000381469727,10.670000076293945,4.584810256958008,84500
2020-06-10,10.699999809265137,10.979999542236328,10.569999694824219,10.699999809265137,4.597700595855713,48300
2020-06-11,10.5,10.819999694824219,10.220000267028809,10.220000267028809,4.391449451446533,103900
2020-06-12,10.550000190734863,11.029999732971191,10.390000343322754,10.59000015258789,4.550434589385986,90900
2020-06-15,9.550000190734863,10.180000305175781,9.479999542236328,9.729999542236328,4.39679479598999,65300
2020-06-16,10.40999984741211,10.40999984741211,9.619999885559082,9.710000038146973,4.387758255004883,19500
2020-06-17,9.710000038146973,9.859999656677246,9.5,9.5,4.292862892150879,25000
2020-06-18,9.600000381469727,9.65999984741211,9.350000381469727,9.460000038146973,4.274787902832031,43700
2020-06-19,9.59000015258789,9.600000381469727,9.390000343322754,9.520000457763672,4.301900863647461,10600
2020-06-22,9.520000457763672,9.779999732971191,9.520000457763672,9.600000381469727,4.338050842285156,17100
2020-06-23,9.529999732971191,9.800000190734863,9.5,9.520000457763672,4.301900863647461,32000
2020-06-24,9.550000190734863,9.739999771118164,9.0,9.5,4.292862892150879,69100
2020-06-25,9.420000076293945,9.779999732971191,9.420000076293945,9.600000381469727,4.338050842285156,17800
2020-06-26,9.420000076293945,9.800000190734863,9.199999809265137,9.319999694824219,4.211524963378906,19500
2020-06-29,9.270000457763672,9.279999732971191,8.399999618530273,8.630000114440918,3.8997275829315186,86400
2020-06-30,8.520000457763672,9.199999809265137,8.520000457763672,9.020000457763672,4.075960636138916,33300
2020-07-01,9.050000190734863,9.350000381469727,9.0,9.050000190734863,4.0895161628723145,20000
2020-07-02,9.050000190734863,9.220000267028809,8.930000305175781,8.949999809265137,4.044328689575195,8000
2020-07-06,9.220000267028809,9.649999618530273,9.140000343322754,9.260000228881836,4.184412479400635,58100
2020-07-07,9.270000457763672,9.600000381469727,9.229999542236328,9.34000015258789,4.220562934875488,19200
2020-07-08,9.279999732971191,9.380000114440918,9.279999732971191,9.350000381469727,4.225080966949463,8300
2020-07-09,9.390000343322754,9.390000343322754,9.0,9.279999732971191,4.193449020385742,15000
2020-07-10,9.25,9.380000114440918,9.010000228881836,9.300000190734863,4.202486991882324,15600
2020-07-13,9.300000190734863,9.300000190734863,9.010000228881836,9.0600004196167,4.094036102294922,16500
2020-07-14,9.079999923706055,9.09000015258789,8.979999542236328,8.979999542236328,4.05788516998291,12700
2020-07-15,9.149999618530273,9.229999542236328,9.029999732971191,9.0600004196167,4.094036102294922,9400
2020-07-16,9.119999885559082,9.119999885559082,9.010000228881836,9.050000190734863,4.0895161628723145,10200
2020-07-17,9.100000381469727,9.199999809265137,8.949999809265137,8.960000038146973,4.048847675323486,32600
2020-07-20,9.029999732971191,9.199999809265137,8.75,8.800000190734863,3.9765472412109375,45100
2020-07-21,8.819999694824219,9.0600004196167,8.819999694824219,9.0,4.066923141479492,8700
2020-07-22,9.0,9.010000228881836,8.949999809265137,8.949999809265137,4.044328689575195,12000
2020-07-23,9.0,9.140000343322754,8.949999809265137,8.989999771118164,4.062403202056885,35500
2020-07-24,9.0,9.0,8.75,8.760000228881836,3.9584715366363525,33900
2020-07-27,8.869999885559082,8.869999885559082,8.65999984741211,8.789999961853027,3.972027063369751,18100
2020-07-28,8.8100004196167,8.8100004196167,8.40999984741211,8.670000076293945,3.917801856994629,35900
2020-07-29,8.75,8.800000190734863,8.630000114440918,8.760000228881836,3.9584715366363525,12800
2020-07-30,8.949999809265137,8.949999809265137,8.550000190734863,8.579999923706055,3.8771324157714844,15700
2020-07-31,8.579999923706055,8.75,8.369999885559082,8.569999694824219,3.8726139068603516,30200
2020-08-03,8.600000381469727,8.699999809265137,8.529999732971191,8.600000381469727,3.8861708641052246,39400
2020-08-04,8.619999885559082,8.970000267028809,8.609999656677246,8.920000076293945,4.0307722091674805,28600
2020-08-05,8.899999618530273,9.279999732971191,8.819999694824219,9.050000190734863,4.0895161628723145,57700
2020-08-06,9.100000381469727,9.65999984741211,9.100000381469727,9.479999542236328,4.283824443817139,59500
2020-08-07,9.920000076293945,9.920000076293945,9.569999694824219,9.6899995803833,4.378719806671143,53200
2020-08-10,9.699999809265137,9.949999809265137,9.699999809265137,9.859999656677246,4.455540180206299,26800
2020-08-11,9.949999809265137,10.0,9.899999618530273,9.960000038146973,4.500727653503418,46400
2020-08-12,9.960000038146973,10.119999885559082,9.850000381469727,9.850000381469727,4.451020240783691,26400
2020-08-13,9.850000381469727,10.170000076293945,9.75,9.770000457763672,4.4148712158203125,34500
2020-08-14,9.770000457763672,9.989999771118164,9.699999809265137,9.960000038146973,4.500727653503418,15200
2020-08-17,9.970000267028809,10.300000190734863,9.850000381469727,10.300000190734863,4.654366493225098,23500
2020-08-18,10.350000381469727,11.170000076293945,10.34000015258789,10.5600004196167,4.77185583114624,118100
2020-08-19,10.739999771118164,11.0,10.520000457763672,10.739999771118164,4.853194713592529,19900
2020-08-20,10.729999542236328,10.949999809265137,10.699999809265137,10.949999809265137,4.948089122772217,29100
2020-08-21,11.0,11.199999809265137,10.800000190734863,10.920000076293945,4.934534072875977,33000
2020-08-24,10.859999656677246,10.920000076293945,9.930000305175781,10.279999732971191,4.645328998565674,76200
2020-08-25,10.479999542236328,10.550000190734863,10.199999809265137,10.399999618530273,4.699554443359375,17600
2020-08-26,10.34000015258789,10.550000190734863,10.34000015258789,10.449999809265137,4.72214937210083,14000
2020-08-27,10.539999961853027,10.640000343322754,10.539999961853027,10.619999885559082,4.798969745635986,23600
2020-08-28,10.65999984741211,10.75,10.65999984741211,10.699999809265137,4.835118770599365,12500
2020-08-31,10.710000038146973,10.859999656677246,10.649999618530273,10.8100004196167,4.884826183319092,34700
2020-09-01,10.880000114440918,10.890000343322754,10.369999885559082,10.859999656677246,4.907420635223389,38400
2020-09-02,10.850000381469727,10.949999809265137,10.8100004196167,10.890000343322754,4.920975685119629,22100
2020-09-03,10.949999809265137,10.949999809265137,10.350000381469727,10.369999885559082,4.685998916625977,50000
2020-09-04,10.449999809265137,10.6899995803833,10.100000381469727,10.350000381469727,4.676959991455078,37900
2020-09-08,10.539999961853027,10.699999809265137,10.460000038146973,10.670000076293945,4.82156229019165,50200
2020-09-09,10.859999656677246,10.890000343322754,10.65999984741211,10.84000015258789,4.898383140563965,29000
2020-09-10,10.859999656677246,11.220000267028809,10.800000190734863,11.15999984741211,5.0429840087890625,69300
2020-09-11,11.300000190734863,11.300000190734863,10.449999809265137,11.109999656677246,5.020389080047607,119000
2020-09-14,10.800000190734863,10.800000190734863,9.930000305175781,10.399999618530273,4.93031644821167,52100
2020-09-15,10.229999542236328,10.359999656677246,9.899999618530273,9.899999618530273,4.693282604217529,40600
2020-09-16,9.90999984741211,9.90999984741211,9.609999656677246,9.630000114440918,4.56528377532959,40500
2020-09-17,9.800000190734863,9.800000190734863,9.100000381469727,9.5,4.503654479980469,70800
2020-09-18,9.329999923706055,9.510000228881836,9.329999923706055,9.359999656677246,4.43728494644165,21400
2020-09-21,9.109999656677246,9.350000381469727,9.109999656677246,9.300000190734863,4.408841609954834,21900
2020-09-22,9.430000305175781,9.5,9.399999618530273,9.399999618530273,4.4562482833862305,9100
2020-09-23,9.449999809265137,9.449999809265137,9.1899995803833,9.25,4.385138034820557,5700
2020-09-24,9.109999656677246,9.220000267028809,9.109999656677246,9.210000038146973,4.366175174713135,11100
2020-09-25,9.149999618530273,9.300000190734863,8.890000343322754,8.949999809265137,4.242916584014893,35300
2020-09-28,8.949999809265137,9.170000076293945,8.949999809265137,9.050000190734863,4.290323734283447,20200
2020-09-29,9.149999618530273,9.149999618530273,9.0,9.0,4.266621112823486,16700
2020-09-30,9.0600004196167,9.149999618530273,8.970000267028809,9.069999694824219,4.299804210662842,18500
2020-10-01,9.050000190734863,9.050000190734863,8.619999885559082,8.869999885559082,4.204991817474365,42800
2020-10-02,8.640000343322754,8.640000343322754,7.920000076293945,8.399999618530273,3.9821791648864746,121300
2020-10-05,8.40999984741211,9.020000457763672,8.40999984741211,8.859999656677246,4.20025110244751,37000
2020-10-06,8.699999809265137,9.149999618530273,8.699999809265137,8.819999694824219,4.18128776550293,29500
2020-10-07,8.90999984741211,9.119999885559082,8.90999984741211,8.949999809265137,4.242916584014893,10000
2020-10-08,8.890000343322754,9.100000381469727,8.890000343322754,9.100000381469727,4.314028263092041,10200
2020-10-09,9.109999656677246,9.329999923706055,9.0600004196167,9.25,4.385138034820557,46600
2020-10-12,9.350000381469727,9.350000381469727,9.270000457763672,9.270000457763672,4.394618988037109,8200
2020-10-13,9.25,9.25,9.109999656677246,9.220000267028809,4.370915412902832,10300
2020-10-14,9.180000305175781,9.239999771118164,9.149999618530273,9.170000076293945,4.347211837768555,6700
2020-10-15,10.170000076293945,10.170000076293945,9.3100004196167,9.649999618530273,4.574764728546143,27600
2020-10-16,9.649999618530273,9.649999618530273,9.449999809265137,9.59000015258789,4.546320915222168,10900
2020-10-19,9.539999961853027,9.6899995803833,9.220000267028809,9.399999618530273,4.4562482833862305,12100
2020-10-20,9.5600004196167,9.5600004196167,9.229999542236328,9.279999732971191,4.399359226226807,5300
2020-10-21,9.359999656677246,9.449999809265137,9.229999542236328,9.229999542236328,4.375655174255371,5700
2020-10-22,9.390000343322754,9.390000343322754,9.180000305175781,9.180000305175781,4.351953029632568,7100
2020-10-23,9.220000267028809,9.300000190734863,9.079999923706055,9.100000381469727,4.314028263092041,10800
2020-10-26,9.09000015258789,9.239999771118164,9.050000190734863,9.199999809265137,4.361433982849121,17100
2020-10-27,9.369999885559082,9.510000228881836,9.210000038146973,9.449999809265137,4.479952335357666,35700
2020-10-28,9.279999732971191,9.539999961853027,9.279999732971191,9.539999961853027,4.522616863250732,45500
2020-10-29,9.729999542236328,10.34000015258789,9.59000015258789,10.34000015258789,4.901872158050537,79500
2020-10-30,9.739999771118164,10.0,9.739999771118164,9.829999923706055,4.660096645355225,25100
2020-11-02,9.819999694824219,10.25,9.819999694824219,10.0,4.740689754486084,54700
2020-11-03,10.0,10.1899995803833,9.970000267028809,9.970000267028809,4.726467609405518,24500
2020-11-04,9.899999618530273,9.90999984741211,9.600000381469727,9.649999618530273,4.574764728546143,26300
2020-11-05,9.630000114440918,9.850000381469727,9.630000114440918,9.699999809265137,4.598467826843262,12800
2020-11-06,9.699999809265137,9.970000267028809,9.699999809265137,9.800000190734863,4.645875930786133,11100
2020-11-09,9.899999618530273,9.979999542236328,9.510000228881836,9.550000190734863,4.527358531951904,50400
2020-11-10,9.630000114440918,9.739999771118164,9.5,9.550000190734863,4.527358531951904,25000
2020-11-11,9.579999923706055,10.0,9.520000457763672,9.779999732971191,4.636393070220947,20800
2020-11-12,9.819999694824219,9.899999618530273,9.710000038146973,9.819999694824219,4.655357360839844,24200
2020-11-13,9.9399995803833,9.979999542236328,9.850000381469727,9.9399995803833,4.712245464324951,17500
2020-11-16,9.979999542236328,10.229999542236328,9.979999542236328,10.039999961853027,4.759652137756348,31500
2020-11-17,10.039999961853027,10.149999618530273,10.0,10.149999618530273,4.8117995262146,14600
2020-11-18,10.1899995803833,10.550000190734863,10.170000076293945,10.470000267028809,4.963501453399658,30500
2020-11-19,10.859999656677246,10.869999885559082,10.489999771118164,10.770000457763672,5.105722904205322,55400
2020-11-20,10.6899995803833,10.949999809265137,10.489999771118164,10.729999542236328,5.086759567260742,33400
2020-11-23,10.880000114440918,11.109999656677246,10.699999809265137,10.850000381469727,5.143649578094482,53600
2020-11-24,11.039999961853027,11.40999984741211,11.0,11.270000457763672,5.342757701873779,44900
2020-11-25,11.069999694824219,11.300000190734863,11.0600004196167,11.09000015258789,5.257425308227539,19900
2020-11-27,11.15999984741211,11.180000305175781,11.130000114440918,11.140000343322754,5.281128406524658,9000
2020-11-30,11.300000190734863,11.350000381469727,11.170000076293945,11.170000076293945,5.295350074768066,34300
2020-12-01,11.300000190734863,11.8100004196167,11.300000190734863,11.800000190734863,5.594013214111328,54600
2020-12-02,11.630000114440918,12.1899995803833,11.600000381469727,12.020000457763672,5.698307991027832,43500
2020-12-03,12.029999732971191,12.489999771118164,11.979999542236328,12.350000381469727,5.85474967956543,43800
2020-12-04,12.350000381469727,12.899999618530273,12.350000381469727,12.819999694824219,6.0775628089904785,56700
2020-12-07,13.15999984741211,13.199999809265137,13.0,13.140000343322754,6.2292656898498535,40400
2020-12-08,13.15999984741211,13.199999809265137,12.760000228881836,12.760000228881836,6.049119472503662,56100
2020-12-09,12.920000076293945,13.579999923706055,12.920000076293945,13.210000038146973,6.262451171875,53300
2020-12-10,13.210000038146973,13.779999732971191,13.199999809265137,13.390000343322754,6.34778356552124,65100
2020-12-11,13.430000305175781,13.779999732971191,13.3100004196167,13.5,6.399929523468018,33600
2020-12-14,13.5,13.800000190734863,13.380000114440918,13.520000457763672,6.409412860870361,56400
2020-12-15,13.65999984741211,14.130000114440918,13.520000457763672,14.029999732971191,6.651186466217041,55200
2020-12-16,14.029999732971191,14.600000381469727,13.979999542236328,14.260000228881836,6.7602219581604,172000
2020-12-17,13.8100004196167,13.970000267028809,12.979999542236328,13.109999656677246,6.450256824493408,94400
2020-12-18,13.180000305175781,13.180000305175781,11.0,12.699999809265137,6.248532295227051,333800
2020-12-21,12.25,12.75,12.25,12.539999961853027,6.169810771942139,61200
2020-12-22,12.550000190734863,12.600000381469727,12.100000381469727,12.600000381469727,6.199331760406494,61900
2020-12-23,12.449999809265137,12.449999809265137,11.619999885559082,12.199999809265137,6.002528190612793,66900
2020-12-24,12.25,12.449999809265137,12.010000228881836,12.34000015258789,6.071408748626709,9800
2020-12-28,12.25,12.34000015258789,12.039999961853027,12.15999984741211,5.982846736907959,25700
2020-12-29,12.329999923706055,12.34000015258789,11.899999618530273,12.229999542236328,6.017287254333496,65500
2020-12-30,12.279999732971191,12.279999732971191,11.829999923706055,12.119999885559082,5.963165760040283,29600
2020-12-31,12.130000114440918,12.609999656677246,12.029999732971191,12.470000267028809,6.135370254516602,28100
2021-01-04,12.359999656677246,12.460000038146973,12.100000381469727,12.289999961853027,6.04680871963501,19800
2021-01-05,12.289999961853027,12.40999984741211,12.109999656677246,12.15999984741211,5.982846736907959,38800
2021-01-06,12.119999885559082,12.699999809265137,12.09000015258789,12.430000305175781,6.115689277648926,25900
2021-01-07,12.489999771118164,12.960000038146973,12.489999771118164,12.8100004196167,6.302652835845947,46500
2021-01-08,12.779999732971191,13.1899995803833,12.760000228881836,13.0,6.396135330200195,48500
2021-01-11,12.979999542236328,12.979999542236328,12.520000457763672,12.869999885559082,6.332174301147461,37900
2021-01-12,12.760000228881836,12.970000267028809,12.75,12.800000190734863,6.297733783721924,20600
2021-01-13,12.890000343322754,12.989999771118164,12.75,12.789999961853027,6.292811870574951,20100
2021-01-14,12.789999961853027,12.989999771118164,12.789999961853027,12.84000015258789,6.317413330078125,10000
2021-01-15,12.989999771118164,12.989999771118164,12.609999656677246,12.779999732971191,6.287893772125244,29100
2021-01-19,12.859999656677246,13.270000457763672,12.8100004196167,12.899999618530273,6.346933364868164,28400
2021-01-20,13.0600004196167,13.100000381469727,12.899999618530273,12.920000076293945,6.356775283813477,15400
2021-01-21,12.949999809265137,13.319999694824219,12.920000076293945,13.319999694824219,6.553579330444336,33700
2021-01-22,13.199999809265137,13.489999771118164,13.020000457763672,13.470000267028809,6.62738037109375,76800
2021-01-25,13.489999771118164,13.489999771118164,13.149999618530273,13.390000343322754,6.588018417358398,28600
2021-01-26,13.4399995803833,13.449999809265137,13.25,13.420000076293945,6.602780818939209,19400
2021-01-27,13.260000228881836,13.329999923706055,12.989999771118164,13.09000015258789,6.440417766571045,26700
2021-01-28,13.020000457763672,13.220000267028809,13.020000457763672,13.100000381469727,6.445337295532227,10100
2021-01-29,13.050000190734863,13.050000190734863,12.779999732971191,12.869999885559082,6.332174301147461,19300
2021-02-01,12.869999885559082,13.050000190734863,12.779999732971191,12.869999885559082,6.332174301147461,38900
2021-02-02,12.8100004196167,13.220000267028809,12.779999732971191,12.960000038146973,6.376455307006836,35200
2021-02-03,12.960000038146973,13.350000381469727,12.960000038146973,13.199999809265137,6.494537353515625,26200
2021-02-04,13.199999809265137,13.479999542236328,13.020000457763672,13.479999542236328,6.63230037689209,27200
2021-02-05,13.5,13.539999961853027,13.449999809265137,13.489999771118164,6.637218952178955,23100
2021-02-08,13.489999771118164,13.489999771118164,13.010000228881836,13.489999771118164,6.637218952178955,23500
2021-02-09,13.470000267028809,13.5,13.15999984741211,13.399999618530273,6.592940330505371,22800
2021-02-10,13.5,13.649999618530273,13.449999809265137,13.489999771118164,6.637218952178955,64200
2021-02-11,13.579999923706055,13.600000381469727,13.489999771118164,13.600000381469727,6.691341876983643,35000
2021-02-12,13.609999656677246,13.720000267028809,13.449999809265137,13.680000305175781,6.730703353881836,35300
2021-02-16,13.75,13.789999961853027,13.699999809265137,13.760000228881836,6.770063400268555,55100
2021-02-17,13.760000228881836,14.0600004196167,13.75,14.0600004196167,6.917666435241699,24200
2021-02-18,14.0600004196167,14.600000381469727,14.0,14.520000457763672,7.143992900848389,54900
2021-02-19,14.600000381469727,14.989999771118164,14.260000228881836,14.899999618530273,7.330954551696777,60500
2021-02-22,14.970000267028809,15.100000381469727,14.65999984741211,14.770000457763672,7.266992092132568,76000
2021-02-23,14.850000381469727,14.880000114440918,14.210000038146973,14.75,7.257152557373047,32900
2021-02-24,14.739999771118164,14.75,14.399999618530273,14.609999656677246,7.188272476196289,29600
2021-02-25,14.710000038146973,14.710000038146973,14.579999923706055,14.649999618530273,7.207952976226807,21000
2021-02-26,14.5,14.800000190734863,14.449999809265137,14.5,7.134151458740234,23600
2021-03-01,14.5,14.800000190734863,14.5,14.779999732971191,7.271913051605225,21200
2021-03-02,14.770000457763672,15.050000190734863,14.739999771118164,14.890000343322754,7.326034069061279,29900
2021-03-03,14.949999809265137,15.390000343322754,14.800000190734863,15.229999542236328,7.493319034576416,37400
2021-03-04,15.279999732971191,15.75,15.0,15.399999618530273,7.57696008682251,57100
2021-03-05,15.489999771118164,15.550000190734863,15.300000190734863,15.529999732971191,7.6409220695495605,51200
2021-03-08,15.550000190734863,15.550000190734863,15.25,15.430000305175781,7.5917205810546875,39500
2021-03-09,15.550000190734863,15.670000076293945,15.430000305175781,15.670000076293945,7.709803581237793,43700
2021-03-10,15.600000381469727,16.0,15.600000381469727,16.0,7.872166156768799,36800
2021-03-11,16.059999465942383,16.65999984741211,16.059999465942383,16.610000610351562,8.172293663024902,60900
2021-03-12,16.610000610351562,16.790000915527344,16.209999084472656,16.639999389648438,8.187051773071289,81000
2021-03-15,16.770000457763672,17.5,16.649999618530273,16.739999771118164,8.236255645751953,70700
2021-03-16,16.75,17.459999084472656,16.75,17.399999618530273,8.560981750488281,86400
2021-03-17,17.350000381469727,17.6299991607666,16.809999465942383,17.290000915527344,8.506860733032227,101000
2021-03-18,17.299999237060547,17.549999237060547,17.0,17.329999923706055,8.526540756225586,66900
2021-03-19,17.209999084472656,17.3799991607666,16.6299991607666,16.8700008392334,8.300215721130371,213200
2021-03-22,15.350000381469727,15.890000343322754,15.170000076293945,15.649999618530273,7.949717044830322,126500
2021-03-23,15.3100004196167,15.739999771118164,14.800000190734863,14.970000267028809,7.604297637939453,115800
2021-03-24,15.199999809265137,15.75,15.050000190734863,15.140000343322754,7.690653324127197,44500
2021-03-25,15.199999809265137,15.489999771118164,15.140000343322754,15.319999694824219,7.782087802886963,36100
2021-03-26,14.449999809265137,14.609999656677246,14.329999923706055,14.520000457763672,7.375713348388672,277200
2021-03-29,14.520000457763672,14.670000076293945,14.399999618530273,14.5,7.365551948547363,80600
2021-03-30,14.579999923706055,14.90999984741211,14.5,14.649999618530273,7.441748142242432,157100
2021-03-31,14.6899995803833,14.789999961853027,14.600000381469727,14.680000305175781,7.456986904144287,72000
2021-04-01,14.789999961853027,15.050000190734863,14.670000076293945,14.9399995803833,7.589059829711914,145900
2021-04-05,15.100000381469727,15.100000381469727,14.850000381469727,14.899999618530273,7.568739891052246,43300
2021-04-06,14.899999618530273,15.09000015258789,14.729999542236328,14.850000381469727,7.543341636657715,20600
2021-04-07,14.899999618530273,15.149999618530273,14.850000381469727,15.0600004196167,7.650015354156494,60500
2021-04-08,15.15999984741211,15.170000076293945,14.850000381469727,14.890000343322754,7.563657760620117,58500
2021-04-09,14.979999542236328,15.0,14.779999732971191,14.960000038146973,7.599218368530273,36900
2021-04-12,15.029999732971191,15.039999961853027,14.8100004196167,14.920000076293945,7.57889986038208,23300
2021-04-13,15.0,15.0,14.779999732971191,14.880000114440918,7.558579444885254,45300
2021-04-14,14.84000015258789,14.949999809265137,14.75,14.90999984741211,7.573818206787109,26400
2021-04-15,14.970000267028809,15.010000228881836,14.779999732971191,14.800000190734863,7.517943382263184,46900
2021-04-16,14.760000228881836,15.010000228881836,14.75,14.920000076293945,7.57889986038208,62700
2021-04-19,14.930000305175781,15.020000457763672,14.859999656677246,14.949999809265137,7.5941386222839355,53800
2021-04-20,14.890000343322754,14.970000267028809,14.550000190734863,14.739999771118164,7.487464427947998,60700
2021-04-21,14.819999694824219,15.239999771118164,14.720000267028809,15.09000015258789,7.665255546569824,59600
2021-04-22,15.1899995803833,15.1899995803833,14.699999809265137,15.0,7.619537830352783,28800
2021-04-23,15.0,15.180000305175781,14.90999984741211,14.949999809265137,7.5941386222839355,20800
2021-04-26,14.880000114440918,15.069999694824219,14.670000076293945,14.710000038146973,7.472225189208984,38700
2021-04-27,14.75,14.819999694824219,14.5,14.520000457763672,7.375713348388672,401200
2021-04-28,14.609999656677246,14.729999542236328,14.520000457763672,14.569999694824219,7.401111125946045,35000
2021-04-29,14.550000190734863,14.640000343322754,14.449999809265137,14.510000228881836,7.370633125305176,53800
2021-04-30,14.569999694824219,14.65999984741211,14.5,14.550000190734863,7.390951156616211,22100
2021-05-03,14.539999961853027,14.59000015258789,14.350000381469727,14.430000305175781,7.329995155334473,49100
2021-05-04,14.449999809265137,14.449999809265137,13.729999542236328,13.960000038146973,7.091248512268066,81300
2021-05-05,14.010000228881836,14.5,14.010000228881836,14.229999542236328,7.228399753570557,41700
2021-05-06,14.260000228881836,14.329999923706055,14.0,14.010000228881836,7.116649150848389,71100
2021-05-07,14.0600004196167,14.329999923706055,14.0600004196167,14.109999656677246,7.167443752288818,299100
2021-05-10,14.149999618530273,14.399999618530273,14.109999656677246,14.15999984741211,7.192842960357666,75500
2021-05-11,14.130000114440918,14.279999732971191,13.899999618530273,13.970000267028809,7.096329212188721,205300
2021-05-12,14.029999732971191,14.100000381469727,13.600000381469727,13.75,6.984574794769287,107200
2021-05-13,13.65999984741211,13.779999732971191,13.550000190734863,13.630000114440918,6.923620223999023,36300
2021-05-14,13.600000381469727,13.649999618530273,13.140000343322754,13.479999542236328,6.847424507141113,100600
2021-05-17,13.550000190734863,13.8100004196167,13.550000190734863,13.789999961853027,7.004894733428955,49700
2021-05-18,13.789999961853027,13.8100004196167,13.619999885559082,13.710000038146973,6.964257717132568,40800
2021-05-19,13.710000038146973,14.229999542236328,13.449999809265137,13.949999809265137,7.0861687660217285,134800
2021-05-20,14.0,14.15999984741211,13.8100004196167,14.0,7.11156702041626,85400
2021-05-21,14.0,14.25,13.949999809265137,14.25,7.238560676574707,82200
2021-05-24,14.199999809265137,14.3100004196167,14.149999618530273,14.279999732971191,7.253798484802246,53200
2021-05-25,14.359999656677246,14.390000343322754,14.25,14.300000190734863,7.263957500457764,36300
2021-05-26,14.300000190734863,14.34000015258789,14.25,14.34000015258789,7.284276962280273,52300
2021-05-27,14.399999618530273,14.600000381469727,14.350000381469727,14.460000038146973,7.3452324867248535,111900
2021-05-28,14.5600004196167,14.699999809265137,14.529999732971191,14.640000343322754,7.436668395996094,53400
2021-06-01,14.800000190734863,15.100000381469727,14.739999771118164,15.100000381469727,7.670332908630371,159400
2021-06-02,15.109999656677246,15.529999732971191,15.010000228881836,15.449999809265137,7.848123550415039,174400
2021-06-03,15.449999809265137,15.979999542236328,15.300000190734863,15.829999923706055,8.041152954101562,140400
2021-06-04,15.920000076293945,16.200000762939453,15.699999809265137,15.970000267028809,8.112268447875977,135500
2021-06-07,16.1200008392334,16.25,15.899999618530273,16.110000610351562,8.183382987976074,186600
2021-06-08,16.209999084472656,16.209999084472656,15.84000015258789,15.960000038146973,8.10718822479248,116000
2021-06-09,16.049999237060547,16.049999237060547,15.5600004196167,15.760000228881836,8.005593299865723,204100
2021-06-10,15.710000038146973,15.75,15.239999771118164,15.279999732971191,7.761768341064453,246900
2021-06-11,14.550000190734863,14.739999771118164,14.460000038146973,14.569999694824219,7.672251224517822,157100
2021-06-14,14.510000228881836,14.75,14.130000114440918,14.380000114440918,7.572200298309326,141500
2021-06-15,14.4399995803833,14.4399995803833,14.210000038146973,14.229999542236328,7.493213653564453,356300
2021-06-16,14.239999771118164,14.550000190734863,14.229999542236328,14.489999771118164,7.630122661590576,72800
2021-06-17,14.489999771118164,14.59000015258789,14.380000114440918,14.449999809265137,7.609062194824219,55700
2021-06-18,14.449999809265137,14.529999732971191,14.319999694824219,14.350000381469727,7.556402683258057,39700
2021-06-21,14.449999809265137,14.5,14.329999923706055,14.399999618530273,7.5827317237854,35100
2021-06-22,14.399999618530273,14.5,14.350000381469727,14.399999618530273,7.5827317237854,58300
2021-06-23,14.399999618530273,14.579999923706055,14.399999618530273,14.539999961853027,7.656453609466553,64100
2021-06-24,14.430000305175781,14.569999694824219,14.329999923706055,14.399999618530273,7.5827317237854,28900
2021-06-25,14.5,14.5,14.380000114440918,14.390000343322754,7.577466011047363,16900
2021-06-28,14.399999618530273,14.529999732971191,14.399999618530273,14.4399995803833,7.603795051574707,52800
2021-06-29,14.449999809265137,14.59000015258789,14.449999809265137,14.5,7.635388374328613,47300
2021-06-30,14.5,14.800000190734863,14.5,14.5600004196167,7.666984558105469,102900
2021-07-01,14.539999961853027,14.609999656677246,14.4399995803833,14.520000457763672,7.6459221839904785,39500
2021-07-02,14.520000457763672,14.600000381469727,14.470000267028809,14.470000267028809,7.619592666625977,58300
2021-07-06,14.5,14.670000076293945,14.479999542236328,14.529999732971191,7.651185989379883,74300
2021-07-07,14.529999732971191,14.529999732971191,14.329999923706055,14.399999618530273,7.5827317237854,68400
2021-07-08,14.359999656677246,14.390000343322754,14.25,14.300000190734863,7.530074119567871,32100
2021-07-09,14.350000381469727,14.449999809265137,14.329999923706055,14.359999656677246,7.56166934967041,32900
2021-07-12,14.380000114440918,14.4399995803833,14.3100004196167,14.40999984741211,7.587996959686279,67800
2021-07-13,14.40999984741211,14.4399995803833,14.3100004196167,14.3100004196167,7.535338878631592,34900
2021-07-14,14.380000114440918,14.380000114440918,14.239999771118164,14.260000228881836,7.509011268615723,23800
2021-07-15,14.260000228881836,14.260000228881836,14.020000457763672,14.15999984741211,7.456352710723877,40800
2021-07-16,14.199999809265137,14.25,13.899999618530273,14.0,7.372100353240967,49700
2021-07-19,13.899999618530273,13.930000305175781,13.5,13.600000381469727,7.1614670753479,85200
2021-07-20,13.649999618530273,14.0,13.649999618530273,13.979999542236328,7.361568927764893,30900
2021-07-21,14.029999732971191,14.029999732971191,13.899999618530273,13.949999809265137,7.345770359039307,33700
2021-07-22,13.949999809265137,13.960000038146973,13.859999656677246,13.869999885559082,7.303645133972168,33500
2021-07-23,13.880000114440918,13.9399995803833,13.850000381469727,13.890000343322754,7.3141770362854,39900
2021-07-26,13.789999961853027,13.899999618530273,13.789999961853027,13.819999694824219,7.277318000793457,57200
2021-07-27,13.720000267028809,13.899999618530273,13.699999809265137,13.699999809265137,7.2141265869140625,46000
2021-07-28,13.84000015258789,13.84000015258789,13.670000076293945,13.84000015258789,7.287848472595215,30700
2021-07-29,13.819999694824219,13.920000076293945,13.819999694824219,13.869999885559082,7.303645133972168,24200
2021-07-30,13.819999694824219,13.899999618530273,13.75,13.75,7.2404561042785645,30100
2021-08-02,13.819999694824219,13.949999809265137,13.720000267028809,13.800000190734863,7.266784191131592,63200
2021-08-03,13.720000267028809,13.800000190734863,13.699999809265137,13.75,7.2404561042785645,36500
2021-08-04,13.789999961853027,13.850000381469727,13.75,13.8100004196167,7.272049903869629,42200
2021-08-05,13.850000381469727,13.899999618530273,13.819999694824219,13.890000343322754,7.3141770362854,50000
2021-08-06,13.890000343322754,13.920000076293945,13.850000381469727,13.859999656677246,7.298379421234131,17300
2021-08-09,13.90999984741211,13.90999984741211,13.850000381469727,13.90999984741211,7.324708461761475,46200
2021-08-10,13.9399995803833,14.0,13.890000343322754,13.949999809265137,7.345770359039307,275200
2021-08-11,13.960000038146973,14.050000190734863,13.90999984741211,14.020000457763672,7.382631301879883,94800
2021-08-12,13.989999771118164,14.0,13.550000190734863,13.710000038146973,7.219393253326416,165600
2021-08-13,13.789999961853027,13.800000190734863,13.569999694824219,13.649999618530273,7.187798023223877,62000
2021-08-16,13.569999694824219,13.680000305175781,13.199999809265137,13.609999656677246,7.16673469543457,90100
2021-08-17,13.510000228881836,13.65999984741211,13.359999656677246,13.399999618530273,7.056151866912842,61500
2021-08-18,13.449999809265137,13.5,13.399999618530273,13.479999542236328,7.0982794761657715,38600
2021-08-19,13.40999984741211,13.729999542236328,13.359999656677246,13.699999809265137,7.2141265869140625,76600
2021-08-20,13.680000305175781,13.970000267028809,13.680000305175781,13.920000076293945,7.329971790313721,112100
2021-08-23,13.949999809265137,14.210000038146973,13.949999809265137,14.180000305175781,7.466884613037109,135100
2021-08-24,14.199999809265137,14.279999732971191,14.1899995803833,14.25,7.5037455558776855,80100
2021-08-25,14.279999732971191,14.449999809265137,14.25,14.449999809265137,7.609062194824219,139100
2021-08-26,14.460000038146973,14.460000038146973,14.140000343322754,14.260000228881836,7.509011268615723,196400
2021-08-27,14.319999694824219,14.5,14.300000190734863,14.4399995803833,7.603795051574707,82300
2021-08-30,14.489999771118164,14.529999732971191,14.350000381469727,14.380000114440918,7.572200298309326,103000
2021-08-31,14.390000343322754,14.390000343322754,14.130000114440918,14.130000114440918,7.440555095672607,86200
2021-09-01,14.199999809265137,14.279999732971191,14.010000228881836,14.180000305175781,7.466884613037109,78000
2021-09-02,14.199999809265137,14.25,14.09000015258789,14.15999984741211,7.456352710723877,104900
2021-09-03,14.199999809265137,14.199999809265137,14.119999885559082,14.149999618530273,7.451086044311523,88100
2021-09-07,14.15999984741211,14.199999809265137,14.109999656677246,14.130000114440918,7.440555095672607,188800
2021-09-08,14.130000114440918,14.1899995803833,14.0,14.050000190734863,7.3984293937683105,125000
2021-09-09,14.0600004196167,14.15999984741211,13.75,13.770000457763672,7.250986576080322,228700
2021-09-10,13.520000457763672,13.65999984741211,13.199999809265137,13.520000457763672,7.415533542633057,134700
2021-09-13,13.520000457763672,13.680000305175781,13.399999618530273,13.5,7.4045634269714355,77200
2021-09-14,13.550000190734863,13.600000381469727,13.449999809265137,13.449999809265137,7.377139091491699,38400
2021-09-15,13.40999984741211,13.4399995803833,12.729999542236328,12.930000305175781,7.091925144195557,191600
2021-09-16,12.899999618530273,13.100000381469727,12.899999618530273,12.9399995803833,7.097411155700684,59200
2021-09-17,12.920000076293945,13.100000381469727,12.920000076293945,12.960000038146973,7.1083807945251465,47900
2021-09-20,12.899999618530273,12.899999618530273,12.550000190734863,12.640000343322754,6.93286657333374,90600
2021-09-21,12.670000076293945,12.670000076293945,12.279999732971191,12.350000381469727,6.773804187774658,110400
2021-09-22,12.359999656677246,13.59000015258789,12.359999656677246,13.300000190734863,7.294867038726807,204000
2021-09-23,13.050000190734863,13.75,13.050000190734863,13.569999694824219,7.442957878112793,114800
2021-09-24,13.510000228881836,13.65999984741211,13.380000114440918,13.40999984741211,7.355199813842773,48500
2021-09-27,13.460000038146973,13.649999618530273,13.399999618530273,13.569999694824219,7.442957878112793,31800
2021-09-28,13.600000381469727,13.600000381469727,13.329999923706055,13.449999809265137,7.377139091491699,56500
2021-09-29,13.449999809265137,13.550000190734863,13.40999984741211,13.40999984741211,7.355199813842773,16500
2021-09-30,13.520000457763672,13.609999656677246,13.489999771118164,13.609999656677246,7.464897155761719,37900
2021-10-01,13.609999656677246,13.710000038146973,13.510000228881836,13.569999694824219,7.442957878112793,33800
2021-10-04,13.470000267028809,13.649999618530273,13.449999809265137,13.609999656677246,7.464897155761719,36900
2021-10-05,13.619999885559082,13.649999618530273,13.520000457763672,13.579999923706055,7.448441982269287,38300
2021-10-06,13.59000015258789,13.609999656677246,13.520000457763672,13.520000457763672,7.415533542633057,21200
2021-10-07,13.630000114440918,13.630000114440918,13.510000228881836,13.5600004196167,7.437474250793457,33100
2021-10-08,13.619999885559082,13.649999618530273,13.510000228881836,13.5600004196167,7.437474250793457,24900
2021-10-11,13.600000381469727,13.649999618530273,13.550000190734863,13.600000381469727,7.459410190582275,30400
2021-10-12,13.640000343322754,13.640000343322754,13.520000457763672,13.609999656677246,7.464897155761719,25600
2021-10-13,13.579999923706055,13.640000343322754,13.550000190734863,13.619999885559082,7.4703803062438965,40700
2021-10-14,13.649999618530273,13.6899995803833,13.59000015258789,13.609999656677246,7.464897155761719,33800
2021-10-15,13.680000305175781,13.739999771118164,13.649999618530273,13.729999542236328,7.530716419219971,59500
2021-10-18,13.75,13.970000267028809,13.75,13.779999732971191,7.558138847351074,58800
2021-10-19,13.8100004196167,13.869999885559082,13.609999656677246,13.779999732971191,7.558138847351074,73300
2021-10-20,13.789999961853027,13.800000190734863,13.65999984741211,13.75,7.541685104370117,36000
2021-10-21,13.739999771118164,13.770000457763672,13.609999656677246,13.640000343322754,7.481351375579834,29300
2021-10-22,13.640000343322754,13.699999809265137,13.59000015258789,13.680000305175781,7.503291606903076,34000
2021-10-25,13.649999618530273,13.6899995803833,13.489999771118164,13.539999961853027,7.426504611968994,52400
2021-10-26,13.550000190734863,13.59000015258789,13.430000305175781,13.550000190734863,7.431987762451172,34400
2021-10-27,13.550000190734863,13.600000381469727,13.479999542236328,13.5600004196167,7.437474250793457,11000
2021-10-28,13.59000015258789,13.59000015258789,13.5,13.579999923706055,7.448441982269287,16000
2021-10-29,13.600000381469727,13.739999771118164,13.59000015258789,13.600000381469727,7.459410190582275,49500
2021-11-01,13.579999923706055,13.6899995803833,13.579999923706055,13.600000381469727,7.459410190582275,56000
2021-11-02,13.670000076293945,13.710000038146973,13.65999984741211,13.6899995803833,7.508774280548096,42600
2021-11-03,13.6899995803833,13.699999809265137,13.670000076293945,13.6899995803833,7.508774280548096,31400
2021-11-04,13.699999809265137,13.75,13.579999923706055,13.680000305175781,7.503291606903076,90500
2021-11-05,13.680000305175781,13.699999809265137,13.15999984741211,13.390000343322754,7.3442301750183105,129500
2021-11-08,13.380000114440918,13.5600004196167,13.319999694824219,13.5,7.4045634269714355,45900
2021-11-09,13.5,13.5,13.329999923706055,13.390000343322754,7.3442301750183105,36400
2021-11-10,13.390000343322754,13.4399995803833,13.300000190734863,13.380000114440918,7.338743686676025,57300
2021-11-11,13.399999618530273,13.399999618530273,13.279999732971191,13.289999961853027,7.289381980895996,35400
2021-11-12,13.300000190734863,13.489999771118164,13.300000190734863,13.369999885559082,7.3332600593566895,38900
2021-11-15,13.4399995803833,13.479999542236328,13.390000343322754,13.40999984741211,7.355199813842773,119000
2021-11-16,13.449999809265137,13.600000381469727,13.4399995803833,13.4399995803833,7.371654987335205,36500
2021-11-17,13.470000267028809,13.470000267028809,13.350000381469727,13.380000114440918,7.338743686676025,45300
2021-11-18,13.4399995803833,13.699999809265137,13.319999694824219,13.600000381469727,7.459410190582275,56000
2021-11-19,13.609999656677246,13.800000190734863,13.510000228881836,13.630000114440918,7.47586727142334,52400
2021-11-22,13.649999618530273,13.699999809265137,13.550000190734863,13.550000190734863,7.431987762451172,67100
2021-11-23,13.640000343322754,13.779999732971191,13.600000381469727,13.65999984741211,7.492321491241455,56300
2021-11-24,13.640000343322754,13.729999542236328,13.640000343322754,13.649999618530273,7.486836910247803,37700
2021-11-26,13.5,13.529999732971191,13.399999618530273,13.449999809265137,7.377139091491699,26000
2021-11-29,13.479999542236328,13.630000114440918,13.470000267028809,13.520000457763672,7.415533542633057,36700
2021-11-30,13.5,13.550000190734863,13.25,13.300000190734863,7.294867038726807,54200
2021-12-01,13.489999771118164,13.489999771118164,13.300000190734863,13.319999694824219,7.305835723876953,52500
2021-12-02,13.40999984741211,13.600000381469727,13.319999694824219,13.380000114440918,7.338743686676025,67600
2021-12-03,13.369999885559082,13.600000381469727,13.369999885559082,13.40999984741211,7.355199813842773,53200
2021-12-06,13.539999961853027,13.5600004196167,13.25,13.369999885559082,7.3332600593566895,143700
2021-12-07,13.520000457763672,13.569999694824219,13.279999732971191,13.359999656677246,7.327773571014404,102100
2021-12-08,13.399999618530273,13.5,13.050000190734863,13.289999961853027,7.289381980895996,124800
2021-12-09,13.34000015258789,13.380000114440918,13.149999618530273,13.149999618530273,7.212593078613281,58600
2021-12-10,12.75,12.829999923706055,12.479999542236328,12.720000267028809,7.281285762786865,101700
2021-12-13,12.760000228881836,12.779999732971191,12.149999618530273,12.300000190734863,7.04086446762085,86600
2021-12-14,12.300000190734863,12.699999809265137,11.850000381469727,12.09000015258789,6.920653343200684,104700
2021-12-15,12.289999961853027,12.289999961853027,12.0,12.010000228881836,6.874861240386963,63400
2021-12-16,12.020000457763672,12.359999656677246,12.020000457763672,12.079999923706055,6.914931774139404,142700
2021-12-17,12.289999961853027,12.460000038146973,12.109999656677246,12.300000190734863,7.04086446762085,32200
2021-12-20,12.359999656677246,12.359999656677246,12.100000381469727,12.15999984741211,6.960724830627441,89100
2021-12-21,12.220000267028809,12.399999618530273,12.210000038146973,12.329999923706055,7.058037281036377,82300
2021-12-22,12.319999694824219,12.579999923706055,12.319999694824219,12.520000457763672,7.166798114776611,79800
2021-12-23,12.680000305175781,12.680000305175781,12.399999618530273,12.520000457763672,7.166798114776611,61800
2021-12-27,12.75,12.829999923706055,12.529999732971191,12.75,7.298457145690918,53700
2021-12-28,12.829999923706055,13.270000457763672,12.699999809265137,13.260000228881836,7.590395927429199,76700
2021-12-29,13.300000190734863,13.369999885559082,12.899999618530273,13.029999732971191,7.458737850189209,31300
2021-12-30,13.0,13.210000038146973,12.90999984741211,13.15999984741211,7.5331549644470215,79500
2021-12-31,13.15999984741211,13.399999618530273,13.15999984741211,13.329999923706055,7.630465984344482,37000
2022-01-03,13.449999809265137,13.470000267028809,13.300000190734863,13.449999809265137,7.699157238006592,63300
2022-01-04,13.479999542236328,13.520000457763672,13.25,13.479999542236328,7.7163286209106445,52700
2022-01-05,13.489999771118164,13.489999771118164,13.34000015258789,13.380000114440918,7.659086227416992,41200
2022-01-06,13.039999961853027,13.399999618530273,13.039999961853027,13.359999656677246,7.647637844085693,37100
2022-01-07,13.359999656677246,13.430000305175781,13.319999694824219,13.399999618530273,7.670536994934082,26100
2022-01-10,13.399999618530273,13.399999618530273,13.300000190734863,13.359999656677246,7.647637844085693,26600
2022-01-11,13.399999618530273,13.479999542236328,13.350000381469727,13.380000114440918,7.659086227416992,61400
2022-01-12,13.399999618530273,13.399999618530273,13.350000381469727,13.390000343322754,7.664811134338379,51800
2022-01-13,13.399999618530273,13.449999809265137,13.369999885559082,13.399999618530273,7.670536994934082,133000
2022-01-14,13.399999618530273,13.399999618530273,13.3100004196167,13.390000343322754,7.664811134338379,21600
2022-01-18,13.399999618530273,13.430000305175781,13.359999656677246,13.390000343322754,7.664811134338379,60800
2022-01-19,13.369999885559082,13.369999885559082,13.239999771118164,13.239999771118164,7.578947067260742,45000
2022-01-20,13.25,13.5,13.229999542236328,13.399999618530273,7.670536994934082,31000
2022-01-21,13.390000343322754,13.390000343322754,13.149999618530273,13.15999984741211,7.5331549644470215,31200
2022-01-24,13.020000457763672,13.020000457763672,12.600000381469727,12.699999809265137,7.269836902618408,122800
2022-01-25,12.720000267028809,12.819999694824219,12.510000228881836,12.770000457763672,7.309906959533691,57200
2022-01-26,12.8100004196167,13.239999771118164,12.800000190734863,12.960000038146973,7.418666839599609,30700
2022-01-27,12.770000457763672,13.0600004196167,12.680000305175781,12.8100004196167,7.332803249359131,57100
2022-01-28,12.819999694824219,12.9399995803833,12.680000305175781,12.899999618530273,7.3843207359313965,26800
2022-01-31,12.899999618530273,13.079999923706055,12.899999618530273,12.970000267028809,7.4243903160095215,45800
2022-02-01,12.829999923706055,12.960000038146973,12.680000305175781,12.729999542236328,7.287009239196777,87700
2022-02-02,12.760000228881836,12.760000228881836,12.65999984741211,12.6899995803833,7.26411247253418,73200
2022-02-03,12.699999809265137,12.75,12.399999618530273,12.460000038146973,7.132453918457031,89600
2022-02-04,12.569999694824219,12.6899995803833,12.529999732971191,12.6899995803833,7.26411247253418,58400
2022-02-07,12.6899995803833,12.84000015258789,12.579999923706055,12.739999771118164,7.292733669281006,71000
2022-02-08,12.789999961853027,13.050000190734863,12.739999771118164,12.90999984741211,7.390045642852783,59700
2022-02-09,12.90999984741211,13.130000114440918,12.8100004196167,12.960000038146973,7.418666839599609,38200
2022-02-10,12.989999771118164,13.010000228881836,12.880000114440918,12.989999771118164,7.435840129852295,43700
2022-02-11,13.010000228881836,13.069999694824219,12.899999618530273,12.949999809265137,7.4129438400268555,62700
2022-02-14,12.899999618530273,13.039999961853027,12.84000015258789,12.9399995803833,7.4072184562683105,50800
2022-02-15,13.050000190734863,13.119999885559082,13.010000228881836,13.079999923706055,7.487358093261719,36000
2022-02-16,13.020000457763672,13.069999694824219,12.899999618530273,13.050000190734863,7.470185279846191,41100
2022-02-17,13.029999732971191,13.100000381469727,12.949999809265137,13.039999961853027,7.464461326599121,35900
2022-02-18,13.100000381469727,13.100000381469727,12.899999618530273,13.010000228881836,7.447288990020752,64300
2022-02-22,12.880000114440918,12.979999542236328,12.5,12.5,7.155349254608154,145600
2022-02-23,12.5,12.729999542236328,12.100000381469727,12.149999618530273,6.955001354217529,89700
2022-02-24,12.0,12.140000343322754,11.800000190734863,12.119999885559082,6.9378275871276855,111200
2022-02-25,12.100000381469727,12.550000190734863,12.100000381469727,12.470000267028809,7.138177871704102,49200
2022-02-28,12.489999771118164,12.899999618530273,12.289999961853027,12.789999961853027,7.321353912353516,79500
2022-03-01,12.899999618530273,13.0,12.850000381469727,12.930000305175781,7.40149450302124,43200
2022-03-02,13.0,13.119999885559082,12.920000076293945,13.119999885559082,7.510255336761475,94800
2022-03-03,13.149999618530273,13.149999618530273,13.020000457763672,13.149999618530273,7.527429580688477,45600
2022-03-04,13.140000343322754,13.140000343322754,12.84000015258789,13.029999732971191,7.458737850189209,56700
2022-03-07,13.079999923706055,13.079999923706055,12.850000381469727,13.010000228881836,7.447288990020752,64000
2022-03-08,13.010000228881836,13.029999732971191,12.850000381469727,13.010000228881836,7.447288990020752,71900
2022-03-09,13.010000228881836,13.399999618530273,12.979999542236328,12.979999542236328,7.43011474609375,212700
2022-03-10,13.199999809265137,13.359999656677246,13.010000228881836,13.119999885559082,7.510255336761475,91600
2022-03-11,13.25,13.399999618530273,13.149999618530273,13.149999618530273,7.527429580688477,145800
2022-03-14,12.819999694824219,12.880000114440918,12.5,12.670000076293945,7.569248199462891,80800
2022-03-15,12.59000015258789,12.729999542236328,12.350000381469727,12.649999618530273,7.55729866027832,46200
2022-03-16,12.649999618530273,12.65999984741211,12.0,12.100000381469727,7.228721618652344,229100
2022-03-17,12.260000228881836,12.399999618530273,12.020000457763672,12.300000190734863,7.348203659057617,57000
2022-03-18,12.479999542236328,12.59000015258789,12.199999809265137,12.460000038146973,7.443791389465332,72200
2022-03-21,12.529999732971191,12.600000381469727,12.319999694824219,12.449999809265137,7.437817096710205,65900
2022-03-22,12.600000381469727,12.600000381469727,12.109999656677246,12.289999961853027,7.342231273651123,85800
2022-03-23,12.390000343322754,12.399999618530273,12.220000267028809,12.239999771118164,7.312358379364014,18000
2022-03-24,12.420000076293945,12.420000076293945,12.239999771118164,12.270000457763672,7.330283164978027,34400
2022-03-25,12.300000190734863,12.390000343322754,12.220000267028809,12.25,7.318332672119141,24400
2022-03-28,12.279999732971191,12.300000190734863,12.130000114440918,12.239999771118164,7.312358379364014,48100
2022-03-29,12.239999771118164,12.300000190734863,12.15999984741211,12.300000190734863,7.348203659057617,56500
2022-03-30,12.199999809265137,12.350000381469727,12.199999809265137,12.300000190734863,7.348203659057617,27000
2022-03-31,12.380000114440918,12.430000305175781,12.300000190734863,12.430000305175781,7.425868511199951,22900
2022-04-01,12.5,12.699999809265137,12.430000305175781,12.550000190734863,7.497559547424316,44600
2022-04-04,12.550000190734863,12.550000190734863,12.350000381469727,12.40999984741211,7.413919925689697,24300
2022-04-05,12.359999656677246,12.5,12.359999656677246,12.449999809265137,7.437817096710205,36000
2022-04-06,12.5,12.5,12.3100004196167,12.399999618530273,7.407945156097412,12900
2022-04-07,12.399999618530273,12.399999618530273,12.260000228881836,12.300000190734863,7.348203659057617,35400
2022-04-08,12.3100004196167,12.359999656677246,12.260000228881836,12.329999923706055,7.366126537322998,16800
2022-04-11,12.319999694824219,12.319999694824219,12.15999984741211,12.180000305175781,7.276514053344727,27800
2022-04-12,12.279999732971191,12.350000381469727,12.180000305175781,12.260000228881836,7.324307441711426,13400
2022-04-13,12.300000190734863,12.430000305175781,12.300000190734863,12.359999656677246,7.384048938751221,26300
2022-04-14,12.489999771118164,12.489999771118164,12.199999809265137,12.229999542236328,7.306385040283203,30100
2022-04-18,12.15999984741211,12.390000343322754,12.149999618530273,12.210000038146973,7.294438362121582,20900
2022-04-19,12.149999618530273,12.350000381469727,12.149999618530273,12.239999771118164,7.312358379364014,22600
2022-04-20,12.270000457763672,12.449999809265137,12.1899995803833,12.34000015258789,7.372101306915283,23600
2022-04-21,12.359999656677246,12.359999656677246,12.220000267028809,12.229999542236328,7.306385040283203,13500
2022-04-22,12.25,12.300000190734863,12.130000114440918,12.130000114440918,7.246643543243408,40000
2022-04-25,12.239999771118164,12.239999771118164,11.8100004196167,11.9399995803833,7.133134841918945,91400
2022-04-26,12.0600004196167,12.0600004196167,11.779999732971191,11.850000381469727,7.079367160797119,41600
2022-04-27,11.850000381469727,11.90999984741211,11.739999771118164,11.880000114440918,7.097290992736816,48100
2022-04-28,11.9399995803833,11.949999809265137,11.600000381469727,11.729999542236328,7.0076775550842285,31700
2022-04-29,11.699999809265137,11.699999809265137,11.449999809265137,11.510000228881836,6.876246929168701,31900
2022-05-02,11.460000038146973,11.5600004196167,11.010000228881836,11.0600004196167,6.6074090003967285,74400
2022-05-03,11.100000381469727,11.210000038146973,10.449999809265137,10.899999618530273,6.511824131011963,122300
2022-05-04,10.979999542236328,11.25,10.979999542236328,11.09000015258789,6.625332832336426,75200
2022-05-05,11.079999923706055,11.25,10.84000015258789,11.0,6.5715651512146,81600
2022-05-06,11.0,11.1899995803833,10.899999618530273,11.0600004196167,6.6074090003967285,72600
2022-05-09,10.989999771118164,10.989999771118164,10.75,10.930000305175781,6.5297465324401855,45100
2022-05-10,11.449999809265137,11.449999809265137,10.819999694824219,11.039999961853027,6.595461368560791,52400
2022-05-11,11.0600004196167,11.289999961853027,11.0,11.15999984741211,6.667150974273682,39700
2022-05-12,11.039999961853027,11.039999961853027,10.220000267028809,10.329999923706055,6.171296119689941,75300
2022-05-13,10.960000038146973,10.960000038146973,10.069999694824219,10.069999694824219,6.015969753265381,81900
2022-05-16,10.069999694824219,10.279999732971191,10.029999732971191,10.149999618530273,6.0637617111206055,31500
2022-05-17,10.220000267028809,10.369999885559082,10.140000343322754,10.199999809265137,6.09363317489624,30400
2022-05-18,10.199999809265137,10.300000190734863,10.130000114440918,10.25,6.1235032081604,38900
2022-05-19,10.34000015258789,10.34000015258789,10.1899995803833,10.229999542236328,6.1115546226501465,31900
2022-05-20,10.229999542236328,10.479999542236328,10.130000114440918,10.199999809265137,6.09363317489624,59400
2022-05-23,10.229999542236328,10.4399995803833,10.199999809265137,10.4399995803833,6.237011909484863,13100
2022-05-24,10.449999809265137,10.449999809265137,10.020000457763672,10.069999694824219,6.015969753265381,73400
2022-05-25,10.199999809265137,10.199999809265137,10.020000457763672,10.149999618530273,6.0637617111206055,25000
2022-05-26,10.220000267028809,10.40999984741211,10.010000228881836,10.199999809265137,6.09363317489624,38200
2022-05-27,10.329999923706055,10.600000381469727,10.239999771118164,10.550000190734863,6.30272912979126,37500
2022-05-31,10.600000381469727,10.600000381469727,10.399999618530273,10.4399995803833,6.237011909484863,20700
2022-06-01,10.579999923706055,10.600000381469727,10.369999885559082,10.539999961853027,6.296753406524658,64900
2022-06-02,10.5,11.380000114440918,10.390000343322754,11.369999885559082,6.792608261108398,65600
2022-06-03,11.289999961853027,11.489999771118164,11.050000190734863,11.449999809265137,6.840401649475098,89900
2022-06-06,11.5,12.0,11.449999809265137,11.850000381469727,7.079367160797119,132100
2022-06-07,11.890000343322754,12.300000190734863,11.800000190734863,12.300000190734863,7.348203659057617,115200
2022-06-08,12.350000381469727,12.789999961853027,12.300000190734863,12.420000076293945,7.419894218444824,123900
2022-06-09,12.460000038146973,12.630000114440918,12.15999984741211,12.170000076293945,7.2705397605896,229500
2022-06-10,11.470000267028809,11.5,10.520000457763672,10.779999732971191,6.744959831237793,311800
2022-06-13,10.699999809265137,11.029999732971191,10.0600004196167,10.350000381469727,6.4759111404418945,140000
2022-06-14,10.210000038146973,10.359999656677246,10.039999961853027,10.119999885559082,6.332002639770508,55700
2022-06-15,10.229999542236328,10.460000038146973,10.039999961853027,10.140000343322754,6.344516277313232,58000
2022-06-16,10.100000381469727,10.289999961853027,9.5,9.529999732971191,5.962844371795654,106000
2022-06-17,9.449999809265137,9.699999809265137,9.300000190734863,9.5600004196167,5.981616020202637,63700
2022-06-21,9.65999984741211,9.859999656677246,9.350000381469727,9.5,5.944072723388672,63600
2022-06-22,9.460000038146973,9.460000038146973,9.15999984741211,9.289999961853027,5.812678337097168,25200
2022-06-23,9.319999694824219,9.4399995803833,9.199999809265137,9.359999656677246,5.856475830078125,25100
2022-06-24,9.3100004196167,9.579999923706055,9.210000038146973,9.449999809265137,5.9127888679504395,41400
2022-06-27,9.760000228881836,9.8100004196167,9.579999923706055,9.680000305175781,6.056697845458984,21600
2022-06-28,9.5600004196167,9.6899995803833,9.220000267028809,9.449999809265137,5.9127888679504395,65400
2022-06-29,9.460000038146973,9.460000038146973,9.199999809265137,9.199999809265137,5.7563652992248535,39800
2022-06-30,9.15999984741211,9.34000015258789,9.100000381469727,9.100000381469727,5.6937971115112305,53000
2022-07-01,9.100000381469727,9.289999961853027,9.0,9.289999961853027,5.812678337097168,61500
2022-07-05,9.300000190734863,9.300000190734863,9.069999694824219,9.15999984741211,5.7313385009765625,49700
2022-07-06,9.15999984741211,9.199999809265137,9.010000228881836,9.020000457763672,5.643741130828857,70500
2022-07-07,9.180000305175781,9.350000381469727,9.010000228881836,9.34000015258789,5.843963146209717,40800
2022-07-08,9.359999656677246,9.449999809265137,9.069999694824219,9.100000381469727,5.6937971115112305,55200
2022-07-11,9.229999542236328,9.25,8.850000381469727,8.970000267028809,5.612457275390625,93600
2022-07-12,9.149999618530273,9.1899995803833,8.970000267028809,9.0600004196167,5.668769359588623,46700
2022-07-13,9.050000190734863,9.180000305175781,9.050000190734863,9.079999923706055,5.6812825202941895,20700
2022-07-14,9.050000190734863,9.100000381469727,8.899999618530273,9.079999923706055,5.6812825202941895,23500
2022-07-15,9.25,9.25,9.0600004196167,9.229999542236328,5.7751359939575195,32800
2022-07-18,9.300000190734863,9.5,9.199999809265137,9.329999923706055,5.837705612182617,18000
2022-07-19,9.4399995803833,9.539999961853027,9.329999923706055,9.529999732971191,5.962844371795654,34300
2022-07-20,9.529999732971191,9.739999771118164,9.399999618530273,9.65999984741211,6.044184684753418,44200
2022-07-21,9.859999656677246,9.859999656677246,9.550000190734863,9.770000457763672,6.113010406494141,25300
2022-07-22,9.90999984741211,9.90999984741211,9.40999984741211,9.779999732971191,6.119266033172607,27400
2022-07-25,9.800000190734863,9.800000190734863,9.319999694824219,9.430000305175781,5.900275707244873,49800
2022-07-26,9.34000015258789,9.550000190734863,9.180000305175781,9.319999694824219,5.831449508666992,15500
2022-07-27,9.319999694824219,9.640000343322754,9.319999694824219,9.59000015258789,6.000385284423828,29000
2022-07-28,9.670000076293945,9.789999961853027,9.470000267028809,9.75,6.1004958152771,44800
2022-07-29,9.680000305175781,9.890000343322754,9.640000343322754,9.680000305175781,6.056697845458984,47400
2022-08-01,9.75,9.890000343322754,9.649999618530273,9.890000343322754,6.188093185424805,67200
2022-08-02,9.770000457763672,9.880000114440918,9.65999984741211,9.6899995803833,6.062954425811768,49300
2022-08-03,9.65999984741211,9.90999984741211,9.65999984741211,9.829999923706055,6.1505513191223145,43900
2022-08-04,9.8100004196167,9.90999984741211,9.600000381469727,9.670000076293945,6.050441741943359,47100
2022-08-05,9.550000190734863,9.800000190734863,9.529999732971191,9.770000457763672,6.113010406494141,53700
2022-08-08,9.729999542236328,9.90999984741211,9.729999542236328,9.899999618530273,6.194350719451904,32100
2022-08-09,9.90999984741211,9.979999542236328,9.859999656677246,9.979999542236328,6.2444047927856445,49200
2022-08-10,9.989999771118164,10.069999694824219,9.869999885559082,9.930000305175781,6.213120460510254,56100
2022-08-11,9.920000076293945,10.100000381469727,9.760000228881836,9.800000190734863,6.131781101226807,65800
2022-08-12,9.779999732971191,9.949999809265137,9.770000457763672,9.949999809265137,6.225635051727295,24500
2022-08-15,9.9399995803833,10.09000015258789,9.880000114440918,10.069999694824219,6.300718784332275,19100
2022-08-16,10.0600004196167,10.470000267028809,10.0600004196167,10.399999618530273,6.507195949554443,69100
2022-08-17,10.40999984741211,10.4399995803833,10.140000343322754,10.399999618530273,6.507195949554443,36300
2022-08-18,10.489999771118164,10.699999809265137,10.470000267028809,10.640000343322754,6.657363414764404,58400
2022-08-19,10.539999961853027,10.630000114440918,10.449999809265137,10.619999885559082,6.644848823547363,39600
2022-08-22,10.5600004196167,10.649999618530273,10.390000343322754,10.619999885559082,6.644848823547363,30400
2022-08-23,10.569999694824219,10.770000457763672,10.569999694824219,10.579999923706055,6.619819641113281,72700
2022-08-24,10.579999923706055,10.699999809265137,10.5,10.5600004196167,6.607306957244873,55400
2022-08-25,10.680000305175781,10.760000228881836,10.600000381469727,10.75,6.726187229156494,30800
2022-08-26,10.75,10.75,10.5,10.5600004196167,6.607306957244873,44200
2022-08-29,10.479999542236328,10.899999618530273,10.479999542236328,10.819999694824219,6.769985675811768,81700
2022-08-30,10.850000381469727,10.850000381469727,10.600000381469727,10.630000114440918,6.6511054039001465,24000
2022-08-31,10.619999885559082,10.710000038146973,10.489999771118164,10.609999656677246,6.63859224319458,42700
2022-09-01,10.579999923706055,10.65999984741211,10.5,10.640000343322754,6.657363414764404,40300
2022-09-02,10.84000015258789,10.989999771118164,10.819999694824219,10.880000114440918,6.807528972625732,103300
2022-09-06,10.899999618530273,10.979999542236328,10.65999984741211,10.720000267028809,6.707417011260986,102100
2022-09-07,10.699999809265137,10.800000190734863,10.25,10.489999771118164,6.563507080078125,126600
2022-09-08,10.5,10.59000015258789,10.149999618530273,10.279999732971191,6.432113170623779,148000
2022-09-09,10.350000381469727,10.6899995803833,10.34000015258789,10.520000457763672,6.582281112670898,145400
2022-09-12,9.970000267028809,10.149999618530273,9.850000381469727,9.979999542236328,6.58888053894043,150300
2022-09-13,9.899999618530273,9.960000038146973,9.569999694824219,9.609999656677246,6.344603538513184,65400
2022-09-14,9.619999885559082,9.829999923706055,9.569999694824219,9.569999694824219,6.318195819854736,62900
2022-09-15,9.59000015258789,9.899999618530273,9.40999984741211,9.449999809265137,6.238970756530762,44900
2022-09-16,9.34000015258789,9.600000381469727,8.8100004196167,9.0,5.9418768882751465,89300
2022-09-19,9.050000190734863,9.3100004196167,9.050000190734863,9.149999618530273,6.04090690612793,73100
2022-09-20,9.130000114440918,9.65999984741211,8.970000267028809,9.100000381469727,6.007898330688477,54700
2022-09-21,9.300000190734863,9.300000190734863,9.0600004196167,9.130000114440918,6.027703285217285,55400
2022-09-22,9.079999923706055,9.15999984741211,8.859999656677246,8.880000114440918,5.862651348114014,85300
2022-09-23,8.800000190734863,8.869999885559082,8.390000343322754,8.539999961853027,5.638181686401367,80700
2022-09-26,8.180000305175781,8.420000076293945,7.820000171661377,7.96999979019165,5.261861801147461,86900
2022-09-27,8.149999618530273,8.449999809265137,8.010000228881836,8.130000114440918,5.367495059967041,50800
2022-09-28,8.460000038146973,8.869999885559082,8.3100004196167,8.800000190734863,5.809834957122803,65100
2022-09-29,8.789999961853027,8.789999961853027,8.539999961853027,8.539999961853027,5.638181686401367,31100
2022-09-30,8.640000343322754,9.050000190734863,8.449999809265137,8.84000015258789,5.836243152618408,27000
2022-10-03,8.779999732971191,8.8100004196167,8.289999961853027,8.34000015258789,5.506140232086182,273200
2022-10-04,8.630000114440918,8.699999809265137,8.420000076293945,8.5,5.6117730140686035,99300
2022-10-05,8.319999694824219,8.84000015258789,8.260000228881836,8.819999694824219,5.8230390548706055,108900
2022-10-06,8.699999809265137,8.720000267028809,8.34000015258789,8.550000190734863,5.644783020019531,21800
2022-10-07,8.539999961853027,8.539999961853027,8.260000228881836,8.289999961853027,5.473128318786621,19700
2022-10-10,8.239999771118164,8.300000190734863,8.149999618530273,8.270000457763672,5.459924697875977,21100
2022-10-11,8.229999542236328,8.380000114440918,8.140000343322754,8.15999984741211,5.387301921844482,27000
2022-10-12,8.069999694824219,8.359999656677246,8.069999694824219,8.279999732971191,5.466526508331299,27200
2022-10-13,8.1899995803833,8.390000343322754,8.130000114440918,8.350000381469727,5.5127410888671875,31700
2022-10-14,8.359999656677246,8.359999656677246,8.199999809265137,8.229999542236328,5.433516025543213,21000
2022-10-17,8.199999809265137,8.380000114440918,8.079999923706055,8.210000038146973,5.420312404632568,37100
2022-10-18,8.369999885559082,8.369999885559082,8.100000381469727,8.149999618530273,5.380699634552002,23800
2022-10-19,8.359999656677246,8.359999656677246,7.920000076293945,8.039999961853027,5.308076858520508,100700
2022-10-20,8.15999984741211,8.180000305175781,7.940000057220459,8.039999961853027,5.308076858520508,32000
2022-10-21,8.0,8.15999984741211,8.0,8.050000190734863,5.31467866897583,40700
2022-10-24,8.0,8.149999618530273,8.0,8.010000228881836,5.288270473480225,15600
2022-10-25,8.149999618530273,8.420000076293945,8.050000190734863,8.390000343322754,5.539150238037109,40000
2022-10-26,8.4399995803833,8.619999885559082,8.4399995803833,8.539999961853027,5.638181686401367,21100
2022-10-27,8.739999771118164,8.930000305175781,8.649999618530273,8.890000343322754,5.869253635406494,25800
2022-10-28,8.890000343322754,9.199999809265137,8.890000343322754,9.1899995803833,6.067316055297852,35700
2022-10-31,9.529999732971191,9.729999542236328,9.25,9.550000190734863,6.304991245269775,64100
2022-11-01,9.5,9.520000457763672,8.600000381469727,8.770000457763672,5.790029525756836,98900
2022-11-02,8.75,8.989999771118164,8.399999618530273,8.800000190734863,5.809834957122803,53200
2022-11-03,8.800000190734863,8.84000015258789,8.609999656677246,8.739999771118164,5.770222187042236,35600
2022-11-04,8.989999771118164,8.989999771118164,8.710000038146973,8.829999923706055,5.829641342163086,28400
2022-11-07,8.979999542236328,9.079999923706055,8.420000076293945,8.649999618530273,5.710804462432861,87600
2022-11-08,8.680000305175781,8.890000343322754,8.670000076293945,8.850000381469727,5.842846870422363,28100
2022-11-09,8.920000076293945,8.960000038146973,8.609999656677246,8.720000267028809,5.757019519805908,18600
2022-11-10,8.84000015258789,9.229999542236328,8.699999809265137,9.130000114440918,6.027703285217285,40300
2022-11-11,9.350000381469727,9.350000381469727,9.0,9.1899995803833,6.067316055297852,27300
2022-11-14,9.199999809265137,9.25,9.039999961853027,9.180000305175781,6.060713768005371,28100
2022-11-15,9.25,9.25,9.100000381469727,9.149999618530273,6.04090690612793,26800
2022-11-16,9.079999923706055,9.149999618530273,8.850000381469727,8.9399995803833,5.90226411819458,34900
2022-11-17,8.880000114440918,8.960000038146973,8.680000305175781,8.920000076293945,5.8890604972839355,43200
2022-11-18,8.949999809265137,8.979999542236328,8.800000190734863,8.90999984741211,5.882458209991455,42600
2022-11-21,9.0,9.140000343322754,8.75,8.859999656677246,5.849447727203369,28400
2022-11-22,9.140000343322754,9.140000343322754,8.75,8.989999771118164,5.93527364730835,37400
2022-11-23,8.899999618530273,9.029999732971191,8.899999618530273,9.0,5.9418768882751465,25400
2022-11-25,9.010000228881836,9.140000343322754,9.010000228881836,9.100000381469727,6.007898330688477,13600
2022-11-28,9.119999885559082,9.319999694824219,9.050000190734863,9.289999961853027,6.133337497711182,47700
2022-11-29,9.319999694824219,9.869999885559082,9.300000190734863,9.600000381469727,6.338002681732178,100300
2022-11-30,9.600000381469727,9.970000267028809,9.5600004196167,9.760000228881836,6.443634510040283,68200
2022-12-01,9.949999809265137,9.960000038146973,9.699999809265137,9.899999618530273,6.536065101623535,113000
2022-12-02,9.800000190734863,9.850000381469727,9.479999542236328,9.649999618530273,6.3710126876831055,136200
2022-12-05,9.649999618530273,9.729999542236328,9.550000190734863,9.640000343322754,6.364411354064941,62800
2022-12-06,9.75,9.890000343322754,9.479999542236328,9.640000343322754,6.364411354064941,115600
2022-12-07,9.680000305175781,10.050000190734863,9.649999618530273,10.020000457763672,6.61529016494751,85600
2022-12-08,10.460000038146973,10.460000038146973,10.020000457763672,10.220000267028809,6.7473320960998535,118200
2022-12-09,10.25,10.430000305175781,10.180000305175781,10.399999618530273,6.86616849899292,97700
2022-12-12,9.829999923706055,9.880000114440918,9.25,9.420000076293945,6.566428184509277,119500
2022-12-13,10.020000457763672,10.020000457763672,9.300000190734863,9.350000381469727,6.517632961273193,72400
2022-12-14,9.369999885559082,9.579999923706055,8.75,8.970000267028809,6.252744674682617,77700
2022-12-15,9.119999885559082,9.579999923706055,8.619999885559082,8.75,6.099388599395752,50000
2022-12-16,8.75,8.800000190734863,8.300000190734863,8.359999656677246,5.8275299072265625,76300
2022-12-19,8.539999961853027,8.569999694824219,8.210000038146973,8.380000114440918,5.841471195220947,65400
2022-12-20,8.399999618530273,8.399999618530273,8.279999732971191,8.399999618530273,5.855413436889648,53000
2022-12-21,8.430000305175781,8.510000228881836,8.300000190734863,8.420000076293945,5.869354724884033,62400
2022-12-22,8.5,8.5,8.220000267028809,8.359999656677246,5.8275299072265625,40400
2022-12-23,8.329999923706055,8.390000343322754,8.260000228881836,8.359999656677246,5.8275299072265625,31300
2022-12-27,8.3100004196167,8.359999656677246,8.020000457763672,8.1899995803833,5.70902681350708,85500
2022-12-28,8.140000343322754,8.1899995803833,7.880000114440918,8.010000228881836,5.583555698394775,72700
2022-12-29,8.270000457763672,8.279999732971191,8.039999961853027,8.130000114440918,5.667203426361084,94500
2022-12-30,8.100000381469727,8.199999809265137,8.010000228881836,8.119999885559082,5.6602325439453125,61600
2023-01-03,8.300000190734863,8.300000190734863,8.130000114440918,8.260000228881836,5.7578229904174805,36800
2023-01-04,8.229999542236328,9.050000190734863,8.229999542236328,8.279999732971191,5.771764278411865,36200
2023-01-05,8.359999656677246,8.550000190734863,8.300000190734863,8.529999732971191,5.94603157043457,27300
2023-01-06,8.609999656677246,8.899999618530273,8.5600004196167,8.720000267028809,6.078476905822754,96300
2023-01-09,8.779999732971191,9.050000190734863,8.779999732971191,8.960000038146973,6.245774269104004,67000
2023-01-10,8.869999885559082,8.949999809265137,8.649999618530273,8.699999809265137,6.064534664154053,74700
2023-01-11,8.699999809265137,8.760000228881836,8.5,8.569999694824219,5.9739155769348145,96100
2023-01-12,8.609999656677246,8.6899995803833,8.5,8.65999984741211,6.0366530418396,43200
2023-01-13,8.720000267028809,8.789999961853027,8.649999618530273,8.6899995803833,6.057565212249756,41000
2023-01-17,8.869999885559082,9.149999618530273,8.779999732971191,9.140000343322754,6.371246337890625,73400
2023-01-18,9.15999984741211,9.390000343322754,9.020000457763672,9.239999771118164,6.440954685211182,76400
2023-01-19,9.130000114440918,9.5,9.130000114440918,9.5,6.622192859649658,38800
2023-01-20,9.5600004196167,9.619999885559082,9.449999809265137,9.539999961853027,6.650075912475586,80600
2023-01-23,9.5600004196167,9.600000381469727,9.229999542236328,9.420000076293945,6.566428184509277,67500
2023-01-24,9.449999809265137,9.5,9.380000114440918,9.449999809265137,6.587340354919434,48100
2023-01-25,9.40999984741211,9.520000457763672,9.350000381469727,9.4399995803833,6.580368995666504,130400
2023-01-26,9.430000305175781,9.470000267028809,9.34000015258789,9.430000305175781,6.573399066925049,39200
2023-01-27,9.359999656677246,9.489999771118164,9.359999656677246,9.460000038146973,6.594310283660889,49600
2023-01-30,9.319999694824219,9.449999809265137,9.319999694824219,9.380000114440918,6.53854513168335,70600
2023-01-31,9.300000190734863,9.300000190734863,9.0,9.069999694824219,6.322453022003174,140800
2023-02-01,9.130000114440918,9.130000114440918,8.90999984741211,9.010000228881836,6.280627250671387,113000
2023-02-02,9.010000228881836,9.289999961853027,9.0,9.289999961853027,6.475808620452881,83000
2023-02-03,9.289999961853027,9.40999984741211,9.220000267028809,9.359999656677246,6.524602890014648,50600
2023-02-06,9.329999923706055,9.399999618530273,9.329999923706055,9.34000015258789,6.51066255569458,92500
2023-02-07,9.260000228881836,9.34000015258789,9.210000038146973,9.25,6.447926044464111,59100
2023-02-08,9.350000381469727,9.350000381469727,9.0600004196167,9.100000381469727,6.3433637619018555,55300
2023-02-09,9.149999618530273,9.430000305175781,9.100000381469727,9.399999618530273,6.552486419677734,67200
2023-02-10,9.420000076293945,9.449999809265137,9.300000190734863,9.4399995803833,6.580368995666504,48800
2023-02-13,9.4399995803833,9.479999542236328,9.399999618530273,9.4399995803833,6.580368995666504,64200
2023-02-14,9.449999809265137,9.550000190734863,9.40999984741211,9.489999771118164,6.615223407745361,74800
2023-02-15,9.5,9.890000343322754,9.449999809265137,9.800000190734863,6.831314563751221,65000
2023-02-16,9.779999732971191,9.850000381469727,9.680000305175781,9.699999809265137,6.761608600616455,33000
2023-02-17,9.670000076293945,9.899999618530273,9.630000114440918,9.8100004196167,6.838286399841309,77700
2023-02-21,9.920000076293945,10.0,9.739999771118164,9.970000267028809,6.949818134307861,91500
2023-02-22,10.0,10.149999618530273,9.949999809265137,10.140000343322754,7.068320274353027,52400
2023-02-23,10.0600004196167,10.15999984741211,9.970000267028809,10.140000343322754,7.068320274353027,35900
2023-02-24,10.140000343322754,10.180000305175781,10.0600004196167,10.15999984741211,7.08226203918457,63700
2023-02-27,10.199999809265137,10.220000267028809,10.109999656677246,10.170000076293945,7.089232444763184,82900
2023-02-28,10.1899995803833,10.1899995803833,10.039999961853027,10.149999618530273,7.075289726257324,113100
2023-03-01,10.170000076293945,10.1899995803833,10.039999961853027,10.119999885559082,7.054378986358643,86200
2023-03-02,10.069999694824219,10.140000343322754,9.9399995803833,10.100000381469727,7.040436744689941,64700
2023-03-03,10.149999618530273,10.270000457763672,10.109999656677246,10.25,7.144999980926514,100600
2023-03-06,10.300000190734863,10.399999618530273,10.069999694824219,10.140000343322754,7.068320274353027,173600
2023-03-07,10.170000076293945,10.199999809265137,10.039999961853027,10.09000015258789,7.033466339111328,69700
2023-03-08,10.170000076293945,10.199999809265137,10.050000190734863,10.170000076293945,7.089232444763184,89000
2023-03-09,10.180000305175781,10.210000038146973,9.989999771118164,10.020000457763672,6.984672546386719,133900
2023-03-10,10.130000114440918,10.5,10.010000228881836,10.15999984741211,7.08226203918457,209200
2023-03-13,9.6899995803833,9.6899995803833,9.0600004196167,9.180000305175781,6.765365123748779,166100
2023-03-14,9.380000114440918,9.4399995803833,9.119999885559082,9.25,6.816953182220459,60200
2023-03-15,9.199999809265137,9.350000381469727,9.100000381469727,9.260000228881836,6.824324131011963,49000
2023-03-16,9.1899995803833,9.25,9.140000343322754,9.25,6.816953182220459,36200
2023-03-17,9.239999771118164,9.239999771118164,9.109999656677246,9.149999618530273,6.743256568908691,31500
2023-03-20,9.130000114440918,9.600000381469727,9.109999656677246,9.539999961853027,7.030673027038574,104000
2023-03-21,9.649999618530273,9.649999618530273,9.199999809265137,9.220000267028809,6.794843673706055,84900
2023-03-22,9.319999694824219,9.319999694824219,9.15999984741211,9.25,6.816953182220459,26000
2023-03-23,9.1899995803833,9.289999961853027,9.0,9.119999885559082,6.721147060394287,49100
2023-03-24,9.199999809265137,9.199999809265137,8.970000267028809,9.029999732971191,6.654819965362549,65000
2023-03-27,8.949999809265137,9.119999885559082,8.949999809265137,9.109999656677246,6.7137770652771,37800
2023-03-28,9.119999885559082,9.140000343322754,9.0600004196167,9.119999885559082,6.721147060394287,13900
2023-03-29,9.109999656677246,9.15999984741211,9.079999923706055,9.09000015258789,6.699037551879883,30000
2023-03-30,9.15999984741211,9.180000305175781,9.09000015258789,9.180000305175781,6.765365123748779,19600
2023-03-31,9.199999809265137,9.199999809265137,9.149999618530273,9.199999809265137,6.780104160308838,34900
2023-04-03,9.25,9.25,9.09000015258789,9.220000267028809,6.794843673706055,56100
2023-04-04,9.199999809265137,9.25,9.15999984741211,9.220000267028809,6.794843673706055,14400
2023-04-05,9.199999809265137,9.220000267028809,9.149999618530273,9.220000267028809,6.794843673706055,19400
2023-04-06,9.199999809265137,9.199999809265137,9.149999618530273,9.199999809265137,6.780104160308838,15900
2023-04-10,9.199999809265137,9.229999542236328,9.180000305175781,9.199999809265137,6.780104160308838,41700
2023-04-11,9.100000381469727,9.229999542236328,9.100000381469727,9.170000076293945,6.757995128631592,51800
2023-04-12,9.220000267028809,9.220000267028809,9.130000114440918,9.1899995803833,6.772736072540283,35100
2023-04-13,9.079999923706055,9.199999809265137,9.079999923706055,9.170000076293945,6.757995128631592,24800
2023-04-14,9.220000267028809,9.229999542236328,9.100000381469727,9.229999542236328,6.802212715148926,21500
2023-04-17,9.25,9.350000381469727,9.220000267028809,9.300000190734863,6.853800296783447,34900
2023-04-18,9.1899995803833,9.279999732971191,9.050000190734863,9.170000076293945,6.757995128631592,44800
2023-04-19,9.149999618530273,9.149999618530273,8.989999771118164,9.039999961853027,6.662189960479736,72600
2023-04-20,9.039999961853027,9.069999694824219,8.9399995803833,8.979999542236328,6.617970943450928,38100
2023-04-21,9.0,9.050000190734863,8.899999618530273,8.9399995803833,6.5884928703308105,19900
2023-04-24,8.899999618530273,8.949999809265137,8.890000343322754,8.899999618530273,6.559014320373535,21800
2023-04-25,8.9399995803833,9.0,8.859999656677246,8.90999984741211,6.5663838386535645,30100
2023-04-26,8.899999618530273,8.949999809265137,8.869999885559082,8.869999885559082,6.536904811859131,34600
2023-04-27,8.850000381469727,8.920000076293945,8.850000381469727,8.850000381469727,6.5221662521362305,14000
2023-04-28,8.899999618530273,8.9399995803833,8.850000381469727,8.890000343322754,6.551644802093506,33600
2023-05-01,8.819999694824219,8.880000114440918,8.350000381469727,8.399999618530273,6.190530776977539,189800
2023-05-02,8.390000343322754,8.449999809265137,8.020000457763672,8.079999923706055,5.954700469970703,84600
2023-05-03,8.100000381469727,8.579999923706055,8.100000381469727,8.449999809265137,6.227378845214844,66500
2023-05-04,8.470000267028809,8.739999771118164,8.399999618530273,8.529999732971191,6.2863359451293945,52400
2023-05-05,8.520000457763672,8.850000381469727,8.520000457763672,8.600000381469727,6.337924480438232,33600
2023-05-08,8.600000381469727,8.779999732971191,8.600000381469727,8.619999885559082,6.352662563323975,96600
2023-05-09,8.619999885559082,8.699999809265137,8.569999694824219,8.699999809265137,6.411620140075684,30700
2023-05-10,8.699999809265137,8.800000190734863,8.65999984741211,8.699999809265137,6.411620140075684,51000
2023-05-11,8.729999542236328,8.800000190734863,8.699999809265137,8.75,6.448469161987305,16800
2023-05-12,8.779999732971191,8.869999885559082,8.75,8.779999732971191,6.470577716827393,48700
2023-05-15,8.729999542236328,8.880000114440918,8.720000267028809,8.829999923706055,6.507426738739014,45900
2023-05-16,8.84000015258789,9.0,8.800000190734863,8.819999694824219,6.500056743621826,28300
2023-05-17,8.800000190734863,8.949999809265137,8.699999809265137,8.880000114440918,6.544274806976318,67400
2023-05-18,8.960000038146973,9.0,8.789999961853027,8.890000343322754,6.551644802093506,32400
2023-05-19,9.0,9.0,8.739999771118164,8.90999984741211,6.5663838386535645,36300
2023-05-22,8.800000190734863,9.59000015258789,8.779999732971191,9.59000015258789,7.067521572113037,123200
2023-05-23,9.630000114440918,9.630000114440918,9.210000038146973,9.460000038146973,6.971715927124023,80400
2023-05-24,9.510000228881836,9.510000228881836,9.050000190734863,9.399999618530273,6.9274983406066895,38400
2023-05-25,9.710000038146973,9.710000038146973,9.25,9.4399995803833,6.956976890563965,55200
2023-05-26,9.489999771118164,9.5,9.25,9.5,7.001194953918457,26200
2023-05-30,9.520000457763672,9.529999732971191,9.25,9.5,7.001194953918457,49500
2023-05-31,9.520000457763672,9.649999618530273,9.430000305175781,9.600000381469727,7.074890613555908,25100
2023-06-01,9.649999618530273,9.6899995803833,9.550000190734863,9.609999656677246,7.082261085510254,46400
2023-06-02,9.609999656677246,9.75,9.600000381469727,9.699999809265137,7.148588180541992,67300
2023-06-05,9.720000267028809,10.0,9.720000267028809,9.890000343322754,7.2886128425598145,83200
2023-06-06,9.760000228881836,10.149999618530273,9.609999656677246,9.75,7.185437202453613,162900
2023-06-07,9.960000038146973,9.979999542236328,9.75,9.850000381469727,7.2591352462768555,98900
2023-06-08,9.920000076293945,9.979999542236328,9.850000381469727,9.920000076293945,7.310721397399902,99000
2023-06-09,9.949999809265137,10.0,9.699999809265137,9.930000305175781,7.318091869354248,142900
2023-06-12,9.970000267028809,10.020000457763672,9.720000267028809,9.720000267028809,7.163327693939209,277000
2023-06-13,9.09000015258789,9.210000038146973,8.90999984741211,9.069999694824219,7.085211277008057,110500
2023-06-14,9.09000015258789,9.119999885559082,8.779999732971191,8.779999732971191,6.858671188354492,82400
2023-06-15,8.800000190734863,8.84000015258789,8.729999542236328,8.75,6.835236549377441,636000
2023-06-16,8.84000015258789,8.949999809265137,8.729999542236328,8.739999771118164,6.827425479888916,101400
2023-06-20,8.720000267028809,8.75,8.5,8.539999961853027,6.67119026184082,57700
2023-06-21,8.510000228881836,8.779999732971191,8.510000228881836,8.609999656677246,6.72587251663208,101000
2023-06-22,8.600000381469727,8.699999809265137,8.5,8.59000015258789,6.710248947143555,58600
2023-06-23,8.529999732971191,8.539999961853027,8.380000114440918,8.420000076293945,6.577450752258301,74200
2023-06-26,8.430000305175781,8.510000228881836,8.420000076293945,8.420000076293945,6.577450752258301,58900
2023-06-27,8.40999984741211,8.5600004196167,8.40999984741211,8.430000305175781,6.585262298583984,51800
2023-06-28,8.4399995803833,8.569999694824219,8.430000305175781,8.4399995803833,6.593073844909668,178900
2023-06-29,8.449999809265137,8.5,8.359999656677246,8.40999984741211,6.569637775421143,79000
2023-06-30,8.329999923706055,8.520000457763672,8.329999923706055,8.359999656677246,6.530580997467041,120200
2023-07-03,8.390000343322754,8.460000038146973,8.390000343322754,8.460000038146973,6.608696460723877,21900
2023-07-05,8.489999771118164,8.600000381469727,8.420000076293945,8.470000267028809,6.616509437561035,56700
2023-07-06,8.470000267028809,8.5,8.390000343322754,8.399999618530273,6.561827659606934,82900
2023-07-07,8.380000114440918,8.449999809265137,8.380000114440918,8.399999618530273,6.561827659606934,51300
2023-07-10,8.449999809265137,8.460000038146973,8.289999961853027,8.449999809265137,6.60088586807251,132800
2023-07-11,8.420000076293945,8.489999771118164,8.390000343322754,8.399999618530273,6.561827659606934,81300
2023-07-12,8.300000190734863,8.380000114440918,8.239999771118164,8.3100004196167,6.491522789001465,94400
2023-07-13,8.319999694824219,8.34000015258789,8.199999809265137,8.260000228881836,6.452463626861572,112400
2023-07-14,8.180000305175781,8.380000114440918,8.149999618530273,8.3100004196167,6.491522789001465,85200
2023-07-17,8.25,8.489999771118164,8.25,8.399999618530273,6.561827659606934,128800
2023-07-18,8.399999618530273,8.449999809265137,8.350000381469727,8.359999656677246,6.530580997467041,90100
2023-07-19,8.329999923706055,8.399999618530273,8.25,8.270000457763672,6.460275650024414,214400
2023-07-20,8.25,8.300000190734863,8.210000038146973,8.270000457763672,6.460275650024414,181400
2023-07-21,8.25,8.319999694824219,8.239999771118164,8.260000228881836,6.452463626861572,183000
2023-07-24,8.289999961853027,8.289999961853027,8.229999542236328,8.25,6.4446516036987305,102200
2023-07-25,8.270000457763672,8.279999732971191,8.229999542236328,8.260000228881836,6.452463626861572,78000
2023-07-26,8.279999732971191,8.279999732971191,8.149999618530273,8.199999809265137,6.405593395233154,285400
2023-07-27,8.199999809265137,8.199999809265137,8.100000381469727,8.100000381469727,6.327476501464844,236800
2023-07-28,8.100000381469727,8.1899995803833,8.100000381469727,8.170000076293945,6.382157802581787,61700
2023-07-31,8.199999809265137,8.300000190734863,8.0,8.140000343322754,6.358722686767578,327600
2023-08-01,8.119999885559082,8.15999984741211,7.96999979019165,8.020000457763672,6.264982223510742,378500
2023-08-02,8.0,8.0,7.860000133514404,7.889999866485596,6.163430213928223,169000
2023-08-03,7.929999828338623,7.960000038146973,7.710000038146973,7.769999980926514,6.069689750671387,334800
2023-08-04,7.820000171661377,7.929999828338623,7.800000190734863,7.820000171661377,6.1087493896484375,187100
2023-08-07,7.829999923706055,7.929999828338623,7.820000171661377,7.920000076293945,6.18686580657959,157300
2023-08-08,7.900000095367432,7.940000057220459,7.75,7.760000228881836,6.061878204345703,203500
2023-08-09,7.800000190734863,7.869999885559082,7.760000228881836,7.820000171661377,6.1087493896484375,88000
2023-08-10,7.860000133514404,7.900000095367432,7.769999980926514,7.800000190734863,6.093125343322754,96500
2023-08-11,7.78000020980835,7.889999866485596,7.730000019073486,7.769999980926514,6.069689750671387,108800
2023-08-14,7.800000190734863,7.820000171661377,7.75,7.820000171661377,6.1087493896484375,166800
2023-08-15,7.849999904632568,8.109999656677246,7.760000228881836,8.09000015258789,6.31966495513916,125700
2023-08-16,8.130000114440918,8.520000457763672,8.109999656677246,8.369999885559082,6.538391590118408,169800
2023-08-17,8.399999618530273,8.449999809265137,8.050000190734863,8.130000114440918,6.350911617279053,372300
2023-08-18,8.020000457763672,8.15999984741211,8.020000457763672,8.100000381469727,6.327476501464844,79000
2023-08-21,8.109999656677246,8.149999618530273,7.949999809265137,8.119999885559082,6.343099117279053,113500
2023-08-22,8.119999885559082,8.130000114440918,8.0,8.069999694824219,6.304040908813477,105400
2023-08-23,8.069999694824219,8.180000305175781,8.069999694824219,8.119999885559082,6.343099117279053,89900
2023-08-24,8.130000114440918,8.140000343322754,8.0,8.029999732971191,6.272794246673584,69200
2023-08-25,7.989999771118164,8.109999656677246,7.929999828338623,8.09000015258789,6.31966495513916,98500
2023-08-28,8.100000381469727,8.119999885559082,8.050000190734863,8.09000015258789,6.31966495513916,58500
2023-08-29,8.100000381469727,8.149999618530273,8.079999923706055,8.119999885559082,6.343099117279053,150300
2023-08-30,8.119999885559082,8.15999984741211,8.0600004196167,8.100000381469727,6.327476501464844,71000
2023-08-31,8.050000190734863,8.119999885559082,7.96999979019165,8.0,6.249359130859375,91400
2023-09-01,8.0,8.0600004196167,7.980000019073486,8.039999961853027,6.280605792999268,95400
2023-09-05,8.130000114440918,8.3100004196167,8.130000114440918,8.3100004196167,6.491522789001465,235300
2023-09-06,8.3100004196167,8.329999923706055,8.170000076293945,8.180000305175781,6.389969825744629,190200
2023-09-07,8.180000305175781,8.199999809265137,8.029999732971191,8.069999694824219,6.304040908813477,174600
2023-09-08,8.1899995803833,8.1899995803833,7.880000114440918,7.920000076293945,6.18686580657959,331500
2023-09-11,7.929999828338623,8.079999923706055,7.929999828338623,8.0600004196167,6.296229362487793,223600
2023-09-12,8.09000015258789,8.15999984741211,8.050000190734863,8.069999694824219,6.304040908813477,271800
2023-09-13,8.069999694824219,8.140000343322754,7.880000114440918,7.889999866485596,6.163430213928223,467300
2023-09-14,7.400000095367432,7.480000019073486,7.320000171661377,7.449999809265137,6.255797863006592,301100
2023-09-15,7.400000095367432,7.429999828338623,7.260000228881836,7.400000095367432,6.213812828063965,142000
2023-09-18,7.400000095367432,7.400000095367432,7.119999885559082,7.159999847412109,6.0122833251953125,273600
2023-09-19,7.190000057220459,7.199999809265137,6.849999904632568,6.889999866485596,5.785562992095947,344700
2023-09-20,7.010000228881836,7.070000171661377,6.71999979019165,6.789999961853027,5.701592445373535,189100
2023-09-21,6.75,6.75,6.25,6.429999828338623,5.399299144744873,417100
2023-09-22,6.579999923706055,6.670000076293945,6.5,6.670000076293945,5.600828170776367,194100
2023-09-25,6.630000114440918,6.690000057220459,6.539999961853027,6.670000076293945,5.600828170776367,209000
2023-09-26,6.659999847412109,6.960000038146973,6.579999923706055,6.840000152587891,5.74357795715332,212900
2023-09-27,6.869999885559082,7.070000171661377,6.869999885559082,7.019999980926514,5.8947248458862305,103200
2023-09-28,7.059999942779541,7.28000020980835,7.019999980926514,7.28000020980835,6.113048076629639,91200
2023-09-29,7.360000133514404,7.360000133514404,7.050000190734863,7.090000152587891,5.9535040855407715,127900
2023-10-02,7.159999847412109,7.190000057220459,6.659999847412109,6.78000020980835,5.693195819854736,186600
2023-10-03,6.800000190734863,6.800000190734863,6.489999771118164,6.579999923706055,5.52525520324707,173800
2023-10-04,6.550000190734863,6.78000020980835,6.510000228881836,6.599999904632568,5.542048931121826,88100
2023-10-05,6.550000190734863,6.619999885559082,6.46999979019165,6.510000228881836,5.466475963592529,69800
2023-10-06,6.449999809265137,6.739999771118164,6.400000095367432,6.639999866485596,5.575637340545654,94500
2023-10-09,6.690000057220459,6.71999979019165,6.510000228881836,6.619999885559082,5.55884313583374,61600
2023-10-10,6.650000095367432,6.760000228881836,6.639999866485596,6.760000228881836,5.676401615142822,72900
2023-10-11,6.849999904632568,6.860000133514404,6.710000038146973,6.860000133514404,5.760372638702393,52800
2023-10-12,6.800000190734863,7.03000020980835,6.71999979019165,6.989999771118164,5.869533538818359,70800
2023-10-13,7.059999942779541,7.090000152587891,6.960000038146973,7.050000190734863,5.919915676116943,69900
2023-10-16,7.059999942779541,7.130000114440918,6.980000019073486,7.070000171661377,5.936709880828857,109700
2023-10-17,7.019999980926514,7.059999942779541,6.889999866485596,6.96999979019165,5.852738857269287,88700
2023-10-18,7.0,7.0,6.800000190734863,6.800000190734863,5.70999002456665,47300
2023-10-19,6.730000019073486,6.900000095367432,6.659999847412109,6.820000171661377,5.7267842292785645,83900
2023-10-20,6.860000133514404,6.860000133514404,6.150000095367432,6.230000019073486,5.231358528137207,141700
2023-10-23,6.199999809265137,6.46999979019165,6.150000095367432,6.349999904632568,5.332123279571533,112200
2023-10-24,6.400000095367432,6.690000057220459,6.400000095367432,6.570000171661377,5.516857624053955,94000
2023-10-25,6.619999885559082,6.619999885559082,6.369999885559082,6.489999771118164,5.449682235717773,66000
2023-10-26,6.420000076293945,6.519999980926514,6.360000133514404,6.389999866485596,5.365711688995361,88300
2023-10-27,6.369999885559082,6.400000095367432,6.150000095367432,6.150000095367432,5.164182186126709,78200
2023-10-30,6.389999866485596,6.389999866485596,6.190000057220459,6.269999980926514,5.264945983886719,134700
2023-10-31,6.199999809265137,6.300000190734863,6.159999847412109,6.179999828338623,5.189372539520264,128600
2023-11-01,6.119999885559082,6.320000171661377,5.949999809265137,6.130000114440918,5.147388458251953,266900
2023-11-02,6.199999809265137,6.460000038146973,6.199999809265137,6.329999923706055,5.315329074859619,112400
2023-11-03,6.400000095367432,6.519999980926514,6.300000190734863,6.440000057220459,5.407696723937988,127200
2023-11-06,6.489999771118164,6.489999771118164,6.199999809265137,6.309999942779541,5.298534870147705,97000
2023-11-07,6.269999980926514,6.300000190734863,5.949999809265137,6.170000076293945,5.180976390838623,253800
2023-11-08,6.110000133514404,6.239999771118164,6.110000133514404,6.199999809265137,5.206167697906494,86800
2023-11-09,6.25,6.25,5.989999771118164,5.989999771118164,5.029829025268555,152200
2023-11-10,6.0,6.03000020980835,5.730000019073486,5.889999866485596,4.945859432220459,366500
2023-11-13,5.840000152587891,6.170000076293945,5.75,6.079999923706055,5.10540246963501,220300
2023-11-14,6.099999904632568,6.320000171661377,5.630000114440918,5.739999771118164,4.8199028968811035,747000
2023-11-15,5.71999979019165,5.949999809265137,5.46999979019165,5.929999828338623,4.979447364807129,235600
2023-11-16,5.940000057220459,6.079999923706055,5.889999866485596,6.059999942779541,5.088608264923096,75900
2023-11-17,6.019999980926514,6.210000038146973,6.019999980926514,6.199999809265137,5.206167697906494,127100
2023-11-20,6.199999809265137,6.239999771118164,6.019999980926514,6.099999904632568,5.122197151184082,131000
2023-11-21,6.0,6.139999866485596,5.949999809265137,5.980000019073486,5.021432399749756,90700
2023-11-22,6.059999942779541,6.059999942779541,5.989999771118164,6.039999961853027,5.07181453704834,41300
2023-11-24,5.980000019073486,6.119999885559082,5.980000019073486,6.099999904632568,5.122197151184082,31700
2023-11-27,6.070000171661377,6.21999979019165,6.070000171661377,6.079999923706055,5.10540246963501,46300
2023-11-28,6.170000076293945,6.21999979019165,6.119999885559082,6.21999979019165,5.222960948944092,91200
2023-11-29,6.28000020980835,6.489999771118164,6.099999904632568,6.449999809265137,5.416093349456787,460700
2023-11-30,6.489999771118164,6.630000114440918,6.420000076293945,6.599999904632568,5.542048931121826,207500
2023-12-01,6.510000228881836,6.670000076293945,6.449999809265137,6.539999961853027,5.491666793823242,210300
2023-12-04,6.510000228881836,6.570000171661377,6.380000114440918,6.5,5.458078384399414,241500
2023-12-05,6.5,6.630000114440918,6.449999809265137,6.590000152587891,5.533651828765869,155300
2023-12-06,6.590000152587891,6.670000076293945,6.539999961853027,6.619999885559082,5.55884313583374,89000
2023-12-07,6.659999847412109,6.78000020980835,6.630000114440918,6.730000019073486,5.651211261749268,162700
2023-12-08,6.730000019073486,6.78000020980835,6.659999847412109,6.75,5.668004512786865,124000
2023-12-11,6.670000076293945,6.849999904632568,6.650000095367432,6.679999828338623,5.609225273132324,101300
2023-12-12,6.679999828338623,6.699999809265137,6.510000228881836,6.539999961853027,5.491666793823242,136100
2023-12-13,6.550000190734863,6.599999904632568,6.420000076293945,6.489999771118164,5.449682235717773,143000
2023-12-14,6.460000038146973,6.610000133514404,6.409999847412109,6.440000057220459,5.407696723937988,179100
2023-12-15,6.429999828338623,6.579999923706055,6.429999828338623,6.46999979019165,5.432887554168701,118100
2023-12-18,6.579999923706055,6.739999771118164,6.53000020980835,6.699999809265137,5.6260199546813965,256500
2023-12-19,6.730000019073486,6.889999866485596,6.730000019073486,6.849999904632568,5.7519755363464355,217900
2023-12-20,6.849999904632568,7.050000190734863,6.849999904632568,6.949999809265137,5.8359456062316895,247500
2023-12-21,6.699999809265137,7.0,6.610000133514404,6.670000076293945,5.766778945922852,215000
2023-12-22,6.670000076293945,6.699999809265137,6.449999809265137,6.46999979019165,5.593862533569336,232000
2023-12-26,6.46999979019165,6.550000190734863,6.369999885559082,6.409999847412109,5.541986465454102,150200
2023-12-27,6.449999809265137,6.5,6.360000133514404,6.420000076293945,5.550632953643799,158600
2023-12-28,6.360000133514404,6.559999942779541,6.360000133514404,6.489999771118164,5.611154079437256,113600
2023-12-29,6.46999979019165,6.5,6.269999980926514,6.460000038146973,5.585216522216797,179900
2024-01-02,6.550000190734863,6.610000133514404,6.400000095367432,6.590000152587891,5.6976118087768555,196200
2024-01-03,6.610000133514404,6.71999979019165,6.460000038146973,6.690000057220459,5.7840704917907715,221500
2024-01-04,6.71999979019165,6.739999771118164,6.599999904632568,6.659999847412109,5.758133888244629,112800
2024-01-05,6.659999847412109,6.659999847412109,6.570000171661377,6.590000152587891,5.6976118087768555,124400
2024-01-08,6.599999904632568,6.659999847412109,6.550000190734863,6.650000095367432,5.74948787689209,144900
2024-01-09,6.679999828338623,6.739999771118164,6.590000152587891,6.730000019073486,5.8186540603637695,136200
2024-01-10,6.730000019073486,6.739999771118164,6.619999885559082,6.710000038146973,5.801362991333008,63000
2024-01-11,6.730000019073486,6.739999771118164,6.650000095367432,6.710000038146973,5.801362991333008,64400
2024-01-12,6.679999828338623,6.849999904632568,6.670000076293945,6.840000152587891,5.913758754730225,111100
2024-01-16,6.849999904632568,6.980000019073486,6.760000228881836,6.980000019073486,6.0348005294799805,176900
2024-01-17,6.980000019073486,7.130000114440918,6.929999828338623,7.110000133514404,6.1471967697143555,168000
2024-01-18,7.110000133514404,7.110000133514404,6.829999923706055,7.039999961853027,6.08667516708374,215100
2024-01-19,6.980000019073486,7.079999923706055,6.949999809265137,7.039999961853027,6.08667516708374,135700
2024-01-22,6.949999809265137,7.25,6.949999809265137,7.239999771118164,6.259591579437256,210600
2024-01-23,7.159999847412109,7.199999809265137,7.019999980926514,7.03000020980835,6.1631574630737305,101400
2024-01-24,6.960000038146973,6.989999771118164,6.860000133514404,6.920000076293945,6.0667195320129395,137600
2024-01-25,6.920000076293945,6.980000019073486,6.849999904632568,6.940000057220459,6.084253311157227,85400
2024-01-26,7.0,7.039999961853027,6.860000133514404,6.989999771118164,6.128087997436523,63100
2024-01-29,6.849999904632568,7.099999904632568,6.849999904632568,7.03000020980835,6.1631574630737305,76100
2024-01-30,7.0,7.090000152587891,6.860000133514404,7.010000228881836,6.145623207092285,39100
2024-01-31,6.980000019073486,7.079999923706055,6.900000095367432,6.909999847412109,6.057952404022217,48800
2024-02-01,7.059999942779541,7.059999942779541,6.900000095367432,6.929999828338623,6.07548713684082,140300
2024-02-02,6.900000095367432,6.989999771118164,6.900000095367432,6.940000057220459,6.084253311157227,135800
2024-02-05,6.949999809265137,6.960000038146973,6.900000095367432,6.920000076293945,6.0667195320129395,87100
2024-02-06,6.980000019073486,6.989999771118164,6.909999847412109,6.960000038146973,6.101787567138672,56300
2024-02-07,6.989999771118164,6.989999771118164,6.900000095367432,6.980000019073486,6.119321346282959,88800
2024-02-08,6.909999847412109,6.989999771118164,6.909999847412109,6.980000019073486,6.119321346282959,90100
2024-02-09,7.0,7.090000152587891,6.929999828338623,7.070000171661377,6.198223114013672,105100
2024-02-12,7.03000020980835,7.099999904632568,7.010000228881836,7.050000190734863,6.180689334869385,116600
2024-02-13,7.010000228881836,7.079999923706055,6.900000095367432,6.980000019073486,6.119321346282959,109800
2024-02-14,7.03000020980835,7.079999923706055,6.960000038146973,7.0,6.136855602264404,129300
2024-02-15,6.860000133514404,7.039999961853027,6.860000133514404,6.929999828338623,6.16353702545166,124900
2024-02-16,6.880000114440918,6.929999828338623,6.630000114440918,6.900000095367432,6.136855602264404,107400
2024-02-20,6.820000171661377,6.889999866485596,6.78000020980835,6.800000190734863,6.047916412353516,72400
2024-02-21,6.800000190734863,6.849999904632568,6.710000038146973,6.71999979019165,5.976763725280762,80100
2024-02-22,6.75,6.809999942779541,6.699999809265137,6.710000038146973,5.967869281768799,85100
2024-02-23,6.710000038146973,6.789999961853027,6.710000038146973,6.78000020980835,6.030128002166748,80400
2024-02-26,6.78000020980835,6.840000152587891,6.769999980926514,6.789999961853027,6.0390214920043945,50200
2024-02-27,6.800000190734863,6.849999904632568,6.800000190734863,6.829999923706055,6.074597358703613,28300
2024-02-28,6.800000190734863,6.900000095367432,6.800000190734863,6.880000114440918,6.119067668914795,42000
2024-02-29,6.900000095367432,7.0,6.880000114440918,7.0,6.225795269012451,69700
2024-03-01,6.929999828338623,7.489999771118164,6.929999828338623,7.289999961853027,6.483720302581787,210900
2024-03-04,7.289999961853027,7.320000171661377,7.190000057220459,7.300000190734863,6.492615222930908,98700
2024-03-05,7.210000038146973,7.230000019073486,7.119999885559082,7.119999885559082,6.332522869110107,39600
2024-03-06,7.210000038146973,7.360000133514404,7.139999866485596,7.139999866485596,6.350311279296875,73600
2024-03-07,7.099999904632568,7.239999771118164,6.980000019073486,7.03000020980835,6.252478122711182,94900
2024-03-08,7.03000020980835,7.179999828338623,6.889999866485596,6.900000095367432,6.136855602264404,219700
2024-03-11,6.860000133514404,7.099999904632568,6.800000190734863,7.019999980926514,6.243583679199219,131200
2024-03-12,7.010000228881836,7.099999904632568,7.0,7.079999923706055,6.2969465255737305,88100
2024-03-13,7.019999980926514,7.090000152587891,6.96999979019165,7.039999961853027,6.261371612548828,99200
2024-03-14,7.050000190734863,7.119999885559082,7.010000228881836,7.03000020980835,6.252478122711182,116600
2024-03-15,7.03000020980835,7.199999809265137,7.03000020980835,7.050000190734863,6.270265579223633,167100
2024-03-18,7.0,7.110000133514404,7.0,7.090000152587891,6.396573543548584,211300
2024-03-19,7.099999904632568,7.159999847412109,6.989999771118164,6.989999771118164,6.306352615356445,160000
2024-03-20,6.989999771118164,6.989999771118164,6.829999923706055,6.829999923706055,6.162002086639404,127500
2024-03-21,6.869999885559082,6.920000076293945,6.789999961853027,6.820000171661377,6.152979850769043,147300
2024-03-22,6.829999923706055,6.940000057220459,6.820000171661377,6.889999866485596,6.216133117675781,70600
2024-03-25,6.980000019073486,6.980000019073486,6.880000114440918,6.889999866485596,6.216133117675781,121200
2024-03-26,6.900000095367432,7.0,6.900000095367432,6.980000019073486,6.297330856323242,111600
2024-03-27,7.0,7.199999809265137,6.980000019073486,7.150000095367432,6.450704574584961,182500
2024-03-28,7.199999809265137,7.230000019073486,7.150000095367432,7.159999847412109,6.459726810455322,125300
2024-04-01,7.150000095367432,7.210000038146973,6.980000019073486,7.059999942779541,6.369507312774658,207900
2024-04-02,7.059999942779541,7.079999923706055,6.980000019073486,7.0,6.315375328063965,108700
2024-04-03,7.03000020980835,7.050000190734863,7.010000228881836,7.03000020980835,6.342441558837891,82900
2024-04-04,7.03000020980835,7.25,7.03000020980835,7.090000152587891,6.396573543548584,160000
2024-04-05,7.079999923706055,7.239999771118164,7.079999923706055,7.159999847412109,6.459726810455322,93200
2024-04-08,7.139999866485596,7.400000095367432,7.139999866485596,7.239999771118164,6.531901836395264,179400
2024-04-09,7.239999771118164,7.380000114440918,7.239999771118164,7.239999771118164,6.531901836395264,121600
2024-04-10,7.230000019073486,7.239999771118164,7.170000076293945,7.170000076293945,6.468749046325684,122700
2024-04-11,7.25,7.289999961853027,7.170000076293945,7.25,6.540924549102783,105500
2024-04-12,7.260000228881836,7.449999809265137,7.139999866485596,7.190000057220459,6.486793041229248,154100
2024-04-15,7.349999904632568,7.360000133514404,7.190000057220459,7.260000228881836,6.5499467849731445,139700
2024-04-16,7.28000020980835,7.360000133514404,7.179999828338623,7.190000057220459,6.486793041229248,120300
2024-04-17,7.300000190734863,7.320000171661377,7.119999885559082,7.190000057220459,6.486793041229248,164900
2024-04-18,7.059999942779541,7.110000133514404,7.0,7.03000020980835,6.4318976402282715,141600
2024-04-19,7.0,7.059999942779541,7.0,7.010000228881836,6.413598537445068,86600
2024-04-22,7.0,7.039999961853027,6.960000038146973,6.980000019073486,6.38615083694458,97700
2024-04-23,7.0,7.039999961853027,6.960000038146973,7.0,6.404449939727783,73000
2024-04-24,6.960000038146973,7.090000152587891,6.960000038146973,7.019999980926514,6.422748565673828,73400
2024-04-25,7.019999980926514,7.079999923706055,6.989999771118164,6.989999771118164,6.395299911499023,83100
2024-04-26,7.050000190734863,7.099999904632568,7.019999980926514,7.039999961853027,6.441046714782715,61600
2024-04-29,7.070000171661377,7.090000152587891,7.03000020980835,7.050000190734863,6.450195789337158,65800
2024-04-30,7.099999904632568,7.099999904632568,7.010000228881836,7.019999980926514,6.422748565673828,125500
2024-05-01,7.010000228881836,7.059999942779541,7.0,7.010000228881836,6.413598537445068,134000
2024-05-02,7.079999923706055,7.099999904632568,7.0,7.010000228881836,6.413598537445068,249200
2024-05-03,7.099999904632568,7.150000095367432,7.010000228881836,7.119999885559082,6.514240264892578,197200
2024-05-06,7.150000095367432,7.300000190734863,7.130000114440918,7.199999809265137,6.587433815002441,330100
2024-05-07,7.28000020980835,7.320000171661377,7.239999771118164,7.320000171661377,6.6972246170043945,197700
2024-05-08,7.320000171661377,7.5,7.320000171661377,7.369999885559082,6.7429704666137695,202200
2024-05-09,7.400000095367432,7.489999771118164,7.25,7.440000057220459,6.807015419006348,254100
2024-05-10,7.429999828338623,7.480000019073486,7.400000095367432,7.429999828338623,6.797865390777588,80500
2024-05-13,7.449999809265137,7.489999771118164,7.389999866485596,7.420000076293945,6.7887163162231445,188100
2024-05-14,7.449999809265137,7.480000019073486,7.389999866485596,7.389999866485596,6.7612690925598145,122000
2024-05-15,7.400000095367432,7.619999885559082,7.400000095367432,7.610000133514404,6.962551593780518,263100
2024-05-16,7.610000133514404,7.730000019073486,7.320000171661377,7.5,6.861910343170166,356800
2024-05-17,7.650000095367432,7.650000095367432,7.5,7.579999923706055,6.935103893280029,201300
2024-05-20,7.510000228881836,7.550000190734863,7.380000114440918,7.429999828338623,6.893353462219238,218400
2024-05-21,7.409999847412109,7.619999885559082,7.389999866485596,7.400000095367432,6.86552095413208,257800
2024-05-22,7.400000095367432,7.550000190734863,7.400000095367432,7.460000038146973,6.921187400817871,138500
2024-05-23,7.449999809265137,7.579999923706055,7.420000076293945,7.550000190734863,7.004687786102295,189100
2024-05-24,7.539999961853027,7.679999828338623,7.539999961853027,7.619999885559082,7.069631099700928,134600
2024-05-28,7.599999904632568,7.619999885559082,7.460000038146973,7.489999771118164,6.949020862579346,137000
2024-05-29,7.5,7.519999980926514,7.400000095367432,7.409999847412109,6.8747992515563965,76100
2024-05-30,7.409999847412109,7.510000228881836,7.320000171661377,7.369999885559082,6.8376874923706055,83100
2024-05-31,7.389999866485596,7.550000190734863,7.389999866485596,7.409999847412109,6.8747992515563965,200700
2024-06-03,7.559999942779541,7.679999828338623,7.46999979019165,7.5,6.958298206329346,167700
2024-06-04,7.429999828338623,7.699999809265137,7.429999828338623,7.519999980926514,6.976853847503662,168300
2024-06-05,7.630000114440918,7.699999809265137,7.570000171661377,7.579999923706055,7.032520294189453,142000
2024-06-06,7.539999961853027,7.670000076293945,7.539999961853027,7.590000152587891,7.041797637939453,102800
2024-06-07,7.659999847412109,7.690000057220459,7.579999923706055,7.590000152587891,7.041797637939453,124000
2024-06-10,7.599999904632568,7.690000057220459,7.579999923706055,7.579999923706055,7.032520294189453,195000
2024-06-11,7.539999961853027,7.610000133514404,7.53000020980835,7.590000152587891,7.041797637939453,82000
2024-06-12,7.599999904632568,7.639999866485596,7.489999771118164,7.489999771118164,6.949020862579346,169800
2024-06-13,7.480000019073486,7.550000190734863,7.46999979019165,7.489999771118164,6.949020862579346,117400
2024-06-14,7.630000114440918,7.630000114440918,7.460000038146973,7.46999979019165,6.930465221405029,138400
2024-06-17,7.5,7.519999980926514,7.460000038146973,7.480000019073486,6.9397430419921875,254900
2024-06-18,7.409999847412109,7.429999828338623,7.289999961853027,7.349999904632568,6.916218280792236,134900
2024-06-20,7.349999904632568,7.389999866485596,7.329999923706055,7.360000133514404,6.925628185272217,129700
2024-06-21,7.340000152587891,7.400000095367432,7.340000152587891,7.340000152587891,6.906808853149414,101300
2024-06-24,7.380000114440918,7.380000114440918,7.329999923706055,7.340000152587891,6.906808853149414,116700
2024-06-25,7.320000171661377,7.329999923706055,7.25,7.28000020980835,6.850350379943848,191200
2024-06-26,7.349999904632568,7.349999904632568,7.289999961853027,7.300000190734863,6.869169235229492,47400
2024-06-27,7.320000171661377,7.320000171661377,7.190000057220459,7.210000038146973,6.784481048583984,115500
2024-06-28,7.199999809265137,7.230000019073486,7.130000114440918,7.210000038146973,6.784481048583984,123100
2024-07-01,7.199999809265137,7.230000019073486,7.010000228881836,7.039999961853027,6.624514102935791,260300
2024-07-02,7.03000020980835,7.179999828338623,7.019999980926514,7.179999828338623,6.756250858306885,119900
2024-07-03,7.199999809265137,7.210000038146973,7.139999866485596,7.199999809265137,6.775071144104004,39000
2024-07-05,7.239999771118164,7.300000190734863,7.21999979019165,7.300000190734863,6.869169235229492,153700
2024-07-08,7.300000190734863,7.420000076293945,7.269999980926514,7.409999847412109,6.972677230834961,105500
2024-07-09,7.349999904632568,7.429999828338623,7.349999904632568,7.420000076293945,6.982087135314941,96100
2024-07-10,7.420000076293945,7.429999828338623,7.400000095367432,7.420000076293945,6.982087135314941,97600
2024-07-11,7.409999847412109,7.449999809265137,7.380000114440918,7.409999847412109,6.972677230834961,115200
2024-07-12,7.420000076293945,7.5,7.409999847412109,7.480000019073486,7.038546085357666,347600
2024-07-15,7.5,7.5,7.46999979019165,7.489999771118164,7.047955513000488,187900
2024-07-16,7.510000228881836,7.809999942779541,7.489999771118164,7.78000020980835,7.320841312408447,468800
2024-07-17,7.739999771118164,7.75,7.550000190734863,7.550000190734863,7.104415416717529,311400
2024-07-18,7.559999942779541,7.619999885559082,7.389999866485596,7.400000095367432,6.963267803192139,263600
2024-07-19,7.289999961853027,7.349999904632568,7.159999847412109,7.159999847412109,6.834405899047852,160000
2024-07-22,7.170000076293945,7.289999961853027,7.170000076293945,7.260000228881836,6.929859638214111,219700
2024-07-23,7.269999980926514,7.269999980926514,7.190000057220459,7.199999809265137,6.872587203979492,99500
2024-07-24,7.179999828338623,7.230000019073486,7.139999866485596,7.150000095367432,6.8248610496521,170800
2024-07-25,7.179999828338623,7.179999828338623,7.090000152587891,7.139999866485596,6.8153157234191895,176400
2024-07-26,7.099999904632568,7.199999809265137,7.099999904632568,7.159999847412109,6.834405899047852,79500
2024-07-29,7.139999866485596,7.239999771118164,7.139999866485596,7.210000038146973,6.8821330070495605,135800
2024-07-30,7.079999923706055,7.179999828338623,7.079999923706055,7.150000095367432,6.8248610496521,119200
2024-07-31,7.170000076293945,7.360000133514404,7.159999847412109,7.210000038146973,6.8821330070495605,125700
2024-08-01,7.199999809265137,7.230000019073486,7.119999885559082,7.190000057220459,6.863041877746582,112300
2024-08-02,7.139999866485596,7.25,7.139999866485596,7.210000038146973,6.8821330070495605,284700
2024-08-05,6.539999961853027,7.199999809265137,6.519999980926514,7.090000152587891,6.767590045928955,464600
2024-08-06,7.190000057220459,7.360000133514404,7.119999885559082,7.21999979019165,6.8916778564453125,216400
2024-08-07,7.260000228881836,7.329999923706055,7.190000057220459,7.210000038146973,6.8821330070495605,275400
2024-08-08,7.25,7.46999979019165,7.25,7.409999847412109,7.073037624359131,298200
2024-08-09,7.389999866485596,7.400000095367432,7.28000020980835,7.300000190734863,6.968040466308594,188100
2024-08-12,7.369999885559082,7.420000076293945,7.28000020980835,7.300000190734863,6.968040466308594,190700
2024-08-13,7.320000171661377,7.329999923706055,7.28000020980835,7.300000190734863,6.968040466308594,137400
2024-08-14,7.260000228881836,7.320000171661377,7.260000228881836,7.28000020980835,6.948949813842773,264700
2024-08-15,7.28000020980835,7.340000152587891,7.28000020980835,7.300000190734863,6.968040466308594,217800
2024-08-16,7.300000190734863,7.320000171661377,7.239999771118164,7.289999961853027,6.958494663238525,181900
2024-08-19,7.340000152587891,7.340000152587891,7.269999980926514,7.300000190734863,6.968040466308594,386900
2024-08-20,7.170000076293945,7.25,7.170000076293945,7.190000057220459,6.972889423370361,151300
2024-08-21,7.139999866485596,7.239999771118164,7.139999866485596,7.190000057220459,6.972889423370361,147200
2024-08-22,7.210000038146973,7.25,7.190000057220459,7.199999809265137,6.982586860656738,119400
2024-08-23,7.190000057220459,7.309999942779541,7.190000057220459,7.260000228881836,7.040775775909424,249400
2024-08-26,7.179999828338623,7.25,7.159999847412109,7.230000019073486,7.01168155670166,247500
2024-08-27,7.25,7.28000020980835,7.210000038146973,7.260000228881836,7.040775775909424,188400
2024-08-28,7.289999961853027,7.289999961853027,7.21999979019165,7.260000228881836,7.040775775909424,133200
2024-08-29,7.260000228881836,7.309999942779541,7.25,7.289999961853027,7.069869518280029,113800
2024-08-30,7.320000171661377,7.380000114440918,7.28000020980835,7.380000114440918,7.15715217590332,690100
2024-09-03,7.380000114440918,7.400000095367432,7.289999961853027,7.380000114440918,7.15715217590332,259300
2024-09-04,7.380000114440918,7.420000076293945,7.340000152587891,7.360000133514404,7.13775634765625,145600
2024-09-05,7.360000133514404,7.440000057220459,7.360000133514404,7.409999847412109,7.186245918273926,195900
2024-09-06,7.360000133514404,7.449999809265137,7.28000020980835,7.380000114440918,7.15715217590332,381000
2024-09-09,7.349999904632568,7.46999979019165,7.349999904632568,7.460000038146973,7.234736442565918,314400
2024-09-10,7.46999979019165,7.570000171661377,7.420000076293945,7.570000171661377,7.341414928436279,395100
2024-09-11,7.590000152587891,7.650000095367432,7.420000076293945,7.639999866485596,7.409300804138184,431300
2024-09-12,7.650000095367432,7.699999809265137,7.559999942779541,7.579999923706055,7.3511128425598145,328800
2024-09-13,7.579999923706055,7.659999847412109,7.550000190734863,7.639999866485596,7.409300804138184,518000
2024-09-16,7.679999828338623,7.699999809265137,7.550000190734863,7.610000133514404,7.380207061767578,381000
2024-09-17,7.639999866485596,7.769999980926514,7.559999942779541,7.670000076293945,7.438395023345947,386100
2024-09-18,7.71999979019165,7.71999979019165,7.639999866485596,7.639999866485596,7.409300804138184,259500
2024-09-19,7.710000038146973,7.78000020980835,7.639999866485596,7.650000095367432,7.418999195098877,475900
2024-09-20,7.510000228881836,7.570000171661377,7.5,7.570000171661377,7.453460693359375,273200
2024-09-23,7.519999980926514,7.539999961853027,7.260000228881836,7.28000020980835,7.1679253578186035,593400
2024-09-24,7.300000190734863,7.550000190734863,7.300000190734863,7.46999979019165,7.354999542236328,309700
2024-09-25,7.5,7.539999961853027,7.460000038146973,7.53000020980835,7.414076328277588,74200
2024-09-26,7.53000020980835,7.550000190734863,7.460000038146973,7.53000020980835,7.414076328277588,123000
2024-09-27,7.550000190734863,7.550000190734863,7.409999847412109,7.429999828338623,7.315615653991699,179800
2024-09-30,7.46999979019165,7.5,7.369999885559082,7.409999847412109,7.295923233032227,276700
2024-10-01,7.349999904632568,7.420000076293945,7.340000152587891,7.340000152587891,7.227001190185547,261300
2024-10-02,7.369999885559082,7.420000076293945,7.349999904632568,7.400000095367432,7.286077499389648,148700
2024-10-03,7.400000095367432,7.460000038146973,7.380000114440918,7.420000076293945,7.305769920349121,181700
2024-10-04,7.440000057220459,7.449999809265137,7.409999847412109,7.429999828338623,7.315615653991699,122000
2024-10-07,7.429999828338623,7.460000038146973,7.409999847412109,7.420000076293945,7.305769920349121,269300
2024-10-08,7.440000057220459,7.480000019073486,7.420000076293945,7.440000057220459,7.3254618644714355,121200
2024-10-09,7.460000038146973,7.46999979019165,7.409999847412109,7.449999809265137,7.335307598114014,129500
2024-10-10,7.449999809265137,7.46999979019165,7.440000057220459,7.46999979019165,7.354999542236328,93800
2024-10-11,7.46999979019165,7.5,7.440000057220459,7.460000038146973,7.34515380859375,184800
2024-10-14,7.449999809265137,7.5,7.420000076293945,7.449999809265137,7.335307598114014,770800
2024-10-15,7.429999828338623,7.449999809265137,7.389999866485596,7.400000095367432,7.286077499389648,410800
2024-10-16,7.429999828338623,7.440000057220459,7.400000095367432,7.400000095367432,7.286077499389648,167100
2024-10-17,7.429999828338623,7.429999828338623,7.360000133514404,7.380000114440918,7.266385555267334,370800
2024-10-18,7.400000095367432,7.510000228881836,7.389999866485596,7.46999979019165,7.354999542236328,728100
2024-10-21,7.360000133514404,7.380000114440918,7.199999809265137,7.25,7.25,448700
2024-10-22,7.269999980926514,7.329999923706055,7.099999904632568,7.190000057220459,7.190000057220459,531100
2024-10-23,7.159999847412109,7.170000076293945,7.0,7.090000152587891,7.090000152587891,348600
2024-10-24,7.099999904632568,7.139999866485596,7.050000190734863,7.050000190734863,7.050000190734863,186100
2024-10-25,7.079999923706055,7.099999904632568,7.010000228881836,7.03000020980835,7.03000020980835,277800
2024-10-28,7.059999942779541,7.099999904632568,7.03000020980835,7.03000020980835,7.03000020980835,209100
2024-10-29,7.010000228881836,7.039999961853027,6.920000076293945,6.940000057220459,6.940000057220459,386700
2024-10-30,6.96999979019165,7.050000190734863,6.900000095367432,7.03000020980835,7.03000020980835,206100
2024-10-31,7.070000171661377,7.099999904632568,7.03000020980835,7.070000171661377,7.070000171661377,222700
2024-11-01,7.079999923706055,7.139999866485596,6.989999771118164,7.010000228881836,7.010000228881836,352100
2024-11-04,7.039999961853027,7.050000190734863,7.0,7.039999961853027,7.039999961853027,274200
2024-11-05,7.050000190734863,7.070000171661377,7.03000020980835,7.039999961853027,7.039999961853027,266100
