Date,Open,High,Low,Close,Adj Close,Volume
2021-04-23,24.899999618530273,25.059999465942383,24.899999618530273,25.0,19.996366500854492,213600
2021-04-26,25.110000610351562,25.110000610351562,24.950000762939453,25.0,19.996366500854492,51400
2021-04-27,25.0,25.049999237060547,24.959999084472656,25.0,20.006776809692383,15300
2021-04-28,25.049999237060547,25.049999237060547,24.950000762939453,24.979999542236328,19.990766525268555,14800
2021-04-29,25.0,25.600000381469727,24.950000762939453,25.520000457763672,20.42292022705078,152200
2021-04-30,25.524999618530273,25.540000915527344,25.399999618530273,25.450000762939453,20.36689567565918,53500
2021-05-03,25.5,25.5,25.399999618530273,25.440000534057617,20.358890533447266,21400
2021-05-04,25.399999618530273,25.399999618530273,25.280000686645508,25.299999237060547,20.246854782104492,19000
2021-05-05,25.329999923706055,25.389999389648438,25.290000915527344,25.31999969482422,20.26286506652832,14400
2021-05-06,25.290000915527344,25.31999969482422,25.25,25.25,20.206844329833984,14700
2021-05-07,25.299999237060547,25.399999618530273,25.25,25.389999389648438,20.318880081176758,6400
2021-05-10,25.399999618530273,25.399999618530273,25.270000457763672,25.350000381469727,20.286869049072266,1700
2021-05-11,25.25,25.350000381469727,25.209999084472656,25.350000381469727,20.286869049072266,5100
2021-05-12,25.260000228881836,25.260000228881836,25.100000381469727,25.190000534057617,20.158824920654297,12400
2021-05-13,25.350000381469727,25.350000381469727,25.270999908447266,25.27400016784668,20.226045608520508,5400
2021-05-14,25.299999237060547,25.399999618530273,25.209999084472656,25.399999618530273,20.326879501342773,8400
2021-05-17,25.399999618530273,25.399999618530273,25.34000015258789,25.3700008392334,20.30286979675293,2900
2021-05-18,25.299999237060547,25.3799991607666,25.280000686645508,25.34000015258789,20.27886390686035,5100
2021-05-19,25.350000381469727,25.350000381469727,25.350000381469727,25.350000381469727,20.286869049072266,1900
2021-05-20,25.375,25.375,25.260000228881836,25.260000228881836,20.214845657348633,700
2021-05-21,25.302000045776367,25.399999618530273,25.170000076293945,25.31999969482422,20.366064071655273,3300
2021-05-24,25.399999618530273,25.399999618530273,25.329999923706055,25.34000015258789,20.382144927978516,1900
2021-05-25,25.31999969482422,25.360000610351562,25.209999084472656,25.350000381469727,20.390193939208984,6200
2021-05-26,25.299999237060547,25.302000045776367,25.25,25.27899932861328,20.33308219909668,2500
2021-05-27,25.325000762939453,25.350000381469727,25.301000595092773,25.350000381469727,20.390193939208984,1200
2021-05-28,25.299999237060547,25.329999923706055,25.290000915527344,25.290000915527344,20.341936111450195,2400
2021-06-01,25.34000015258789,25.34000015258789,25.325000762939453,25.34000015258789,20.382144927978516,6200
2021-06-02,25.350000381469727,25.350000381469727,25.299999237060547,25.299999237060547,20.3499755859375,2300
2021-06-03,25.34000015258789,25.389999389648438,25.299999237060547,25.389999389648438,20.422367095947266,14800
2021-06-04,25.389999389648438,25.389999389648438,25.32699966430664,25.347000122070312,20.387779235839844,2100
2021-06-07,25.350000381469727,25.3799991607666,25.270000457763672,25.299999237060547,20.3499755859375,16100
2021-06-08,25.350000381469727,25.350000381469727,25.280000686645508,25.309999465942383,20.358013153076172,32900
2021-06-09,25.323999404907227,25.3700008392334,25.290000915527344,25.334999084472656,20.378128051757812,6400
2021-06-10,25.299999237060547,25.350000381469727,25.299999237060547,25.334999084472656,20.378128051757812,4500
2021-06-11,25.36400032043457,25.3799991607666,25.36400032043457,25.365999221801758,20.40306854248047,1000
2021-06-14,25.350000381469727,25.399999618530273,25.290000915527344,25.309999465942383,20.358013153076172,7400
2021-06-15,25.280000686645508,25.350000381469727,25.280000686645508,25.350000381469727,20.390193939208984,1400
2021-06-16,25.280000686645508,25.280000686645508,25.2189998626709,25.25,20.30975914001465,13000
2021-06-17,25.25,25.360000610351562,25.200000762939453,25.329999923706055,20.374107360839844,4200
2021-06-18,25.3799991607666,25.3799991607666,25.200000762939453,25.329999923706055,20.374107360839844,11800
2021-06-21,25.325000762939453,25.34000015258789,25.299999237060547,25.299999237060547,20.3499755859375,3300
2021-06-22,25.170000076293945,25.235000610351562,25.141000747680664,25.229999542236328,20.396862030029297,5800
2021-06-23,25.229999542236328,25.270000457763672,25.170000076293945,25.270000457763672,20.42919921875,5400
2021-06-24,25.229999542236328,25.270000457763672,25.1200008392334,25.209999084472656,20.38068962097168,9200
2021-06-25,25.149999618530273,25.19499969482422,25.149999618530273,25.19499969482422,20.368572235107422,1600
2021-06-28,25.149999618530273,25.225000381469727,25.139999389648438,25.139999389648438,20.324100494384766,6700
2021-06-29,25.1200008392334,25.229000091552734,25.110000610351562,25.200000762939453,20.372615814208984,30000
2021-06-30,25.1200008392334,25.15999984741211,25.09000015258789,25.104000091552734,20.295001983642578,8900
2021-07-01,25.1200008392334,25.200000762939453,25.100000381469727,25.155000686645508,20.336231231689453,15300
2021-07-02,25.118000030517578,25.200000762939453,25.110000610351562,25.15999984741211,20.340269088745117,7500
2021-07-06,25.200000762939453,25.200000762939453,25.18000030517578,25.18000030517578,20.3564395904541,1000
2021-07-07,25.200000762939453,25.229999542236328,25.1200008392334,25.149999618530273,20.332183837890625,3000
2021-07-08,25.149999618530273,25.229999542236328,25.149999618530273,25.202999114990234,20.375032424926758,2300
2021-07-09,25.239999771118164,25.239999771118164,25.1299991607666,25.239999771118164,20.40494728088379,6000
2021-07-12,25.239999771118164,25.299999237060547,25.190000534057617,25.224000930786133,20.392011642456055,7400
2021-07-13,25.25,25.299999237060547,25.25,25.299999237060547,20.453454971313477,1300
2021-07-14,25.299999237060547,25.299999237060547,25.219999313354492,25.219999313354492,20.38878059387207,4900
2021-07-15,25.299999237060547,25.299999237060547,25.145999908447266,25.15999984741211,20.340269088745117,800
2021-07-16,25.25,25.28700065612793,25.25,25.25,20.413034439086914,2100
2021-07-19,25.298999786376953,25.298999786376953,25.1299991607666,25.260000228881836,20.421117782592773,2400
2021-07-20,25.17300033569336,25.260000228881836,25.149999618530273,25.209999084472656,20.38068962097168,1300
2021-07-21,25.260000228881836,25.299999237060547,25.260000228881836,25.260000228881836,20.421117782592773,3400
2021-07-22,25.09000015258789,25.18899917602539,25.079999923706055,25.079999923706055,20.37886619567871,5300
2021-07-23,25.079999923706055,25.139999389648438,25.079999923706055,25.139999389648438,20.4276180267334,4100
2021-07-26,25.149999618530273,25.299999237060547,25.0,25.0,20.31385612487793,29500
2021-07-27,25.166000366210938,25.166000366210938,25.0,25.0,20.31385612487793,15100
2021-07-28,25.12299919128418,25.12299919128418,25.065000534057617,25.079999923706055,20.37886619567871,4200
2021-07-29,25.18000030517578,25.18000030517578,25.15999984741211,25.18000030517578,20.460121154785156,1200
2021-07-30,25.183000564575195,25.25,25.100000381469727,25.180999755859375,20.460927963256836,3000
2021-08-02,25.020000457763672,25.224000930786133,25.020000457763672,25.174999237060547,20.4560546875,2700
2021-08-03,25.100000381469727,25.280000686645508,25.100000381469727,25.280000686645508,20.541370391845703,4900
2021-08-04,25.079999923706055,25.29800033569336,25.079999923706055,25.174999237060547,20.4560546875,7200
2021-08-05,25.270000457763672,25.270000457763672,25.1299991607666,25.1299991607666,20.41948890686035,3200
2021-08-06,25.149999618530273,25.229999542236328,25.020000457763672,25.030000686645508,20.338239669799805,13100
2021-08-09,25.10300064086914,25.139999389648438,25.0,25.0,20.31385612487793,13200
2021-08-10,25.049999237060547,25.049999237060547,24.969999313354492,24.983999252319336,20.300861358642578,12400
2021-08-11,25.0,25.049999237060547,24.9950008392334,25.049999237060547,20.3544921875,8500
2021-08-12,25.059999465942383,25.100000381469727,24.959999084472656,25.079999923706055,20.37886619567871,11500
2021-08-13,25.09000015258789,25.100000381469727,24.979000091552734,25.0,20.31385612487793,7500
2021-08-16,24.969999313354492,25.079999923706055,24.959999084472656,25.0,20.31385612487793,16500
2021-08-17,25.049999237060547,25.059999465942383,24.969999313354492,25.024999618530273,20.334171295166016,7000
2021-08-18,24.979999542236328,25.040000915527344,24.950000762939453,25.030000686645508,20.338239669799805,3900
2021-08-19,24.979999542236328,25.06999969482422,24.969999313354492,24.989999771118164,20.30573081970215,3500
2021-08-20,24.979999542236328,25.09000015258789,24.979999542236328,25.059999465942383,20.362613677978516,2600
2021-08-23,25.059999465942383,25.059999465942383,24.989999771118164,25.040000915527344,20.450820922851562,13100
2021-08-24,25.06999969482422,25.09000015258789,25.049999237060547,25.06999969482422,20.475324630737305,6700
2021-08-25,25.06999969482422,25.09000015258789,25.020000457763672,25.079999923706055,20.483488082885742,6700
2021-08-26,25.030000686645508,25.079999923706055,25.020000457763672,25.06999969482422,20.475324630737305,5700
2021-08-27,25.010000228881836,25.079999923706055,25.010000228881836,25.06999969482422,20.475324630737305,5800
2021-08-30,25.06999969482422,25.079999923706055,25.02899932861328,25.049999237060547,20.458988189697266,2700
2021-08-31,25.06999969482422,25.09000015258789,25.059999465942383,25.09000015258789,20.491655349731445,4700
2021-09-01,25.09000015258789,25.25,25.05500030517578,25.229999542236328,20.605998992919922,13600
2021-09-02,25.229999542236328,25.25,25.149999618530273,25.200000762939453,20.58148956298828,3200
2021-09-03,25.200000762939453,25.200000762939453,25.111000061035156,25.111000061035156,20.50881004333496,1200
2021-09-07,25.190000534057617,25.198999404907227,25.030000686645508,25.100000381469727,20.49982261657715,10200
2021-09-08,25.094999313354492,25.159000396728516,25.020000457763672,25.059999465942383,20.46715545654297,5300
2021-09-09,25.158000946044922,25.170000076293945,25.049999237060547,25.170000076293945,20.556991577148438,13500
2021-09-10,25.149999618530273,25.170000076293945,25.059999465942383,25.059999465942383,20.46715545654297,6800
2021-09-13,25.059999465942383,25.200000762939453,25.059999465942383,25.1200008392334,20.516155242919922,6200
2021-09-14,25.190000534057617,25.190000534057617,25.18000030517578,25.18000030517578,20.565162658691406,1600
2021-09-15,25.18000030517578,25.200000762939453,25.1299991607666,25.1299991607666,20.524324417114258,6900
2021-09-16,25.1299991607666,25.1299991607666,25.1299991607666,25.1299991607666,20.524324417114258,200
2021-09-17,25.155000686645508,25.200000762939453,25.155000686645508,25.170000076293945,20.556991577148438,2300
2021-09-20,25.1299991607666,25.149999618530273,25.079999923706055,25.09000015258789,20.491655349731445,2500
2021-09-21,25.09000015258789,25.145999908447266,25.09000015258789,25.09000015258789,20.491655349731445,800
2021-09-22,25.09000015258789,25.100000381469727,25.079999923706055,25.079999923706055,20.588525772094727,3700
2021-09-23,25.100000381469727,25.139999389648438,25.079999923706055,25.079999923706055,20.588525772094727,2000
2021-09-24,25.06999969482422,25.1299991607666,25.06999969482422,25.1299991607666,20.629568099975586,4900
2021-09-27,25.100000381469727,25.1200008392334,25.082000732421875,25.082000732421875,20.59016227722168,4400
2021-09-28,25.049999237060547,25.117000579833984,25.049999237060547,25.09000015258789,20.59673500061035,4400
2021-09-29,25.100000381469727,25.149999618530273,25.100000381469727,25.14900016784668,20.645166397094727,10300
2021-09-30,25.110000610351562,25.149999618530273,25.110000610351562,25.149999618530273,20.645980834960938,900
2021-10-01,25.149999618530273,25.23900032043457,25.149999618530273,25.23900032043457,20.71904945373535,400
2021-10-04,25.200000762939453,25.239999771118164,25.200000762939453,25.239999771118164,20.719871520996094,1900
2021-10-05,25.239999771118164,25.329999923706055,25.239999771118164,25.309999465942383,20.777332305908203,1000
2021-10-06,25.3700008392334,25.3700008392334,25.350000381469727,25.350000381469727,20.810178756713867,300
2021-10-07,25.299999237060547,25.3700008392334,25.299999237060547,25.3700008392334,20.82659339904785,900
2021-10-08,25.399999618530273,25.399999618530273,25.350000381469727,25.375,20.830698013305664,2800
2021-10-11,25.399999618530273,25.399999618530273,25.389999389648438,25.389999389648438,20.84300422668457,400
2021-10-12,25.399999618530273,25.399999618530273,25.350000381469727,25.350000381469727,20.810178756713867,1300
2021-10-13,25.399999618530273,25.399999618530273,25.350000381469727,25.398000717163086,20.849571228027344,2100
2021-10-14,25.398000717163086,25.398000717163086,25.398000717163086,25.398000717163086,20.849571228027344,0
2021-10-15,25.399999618530273,25.451000213623047,25.389999389648438,25.410999298095703,20.860248565673828,3500
2021-10-18,25.389999389648438,25.40399932861328,25.389999389648438,25.40399932861328,20.85449981689453,500
2021-10-19,25.415000915527344,25.450000762939453,25.3700008392334,25.399999618530273,20.851211547851562,1900
2021-10-20,25.360000610351562,25.440000534057617,25.360000610351562,25.429000854492188,20.875024795532227,800
2021-10-21,25.299999237060547,25.299999237060547,25.231000900268555,25.299999237060547,20.87419891357422,2000
2021-10-22,25.25,25.25,25.25,25.25,20.83293914794922,200
2021-10-25,25.25,25.399999618530273,25.25,25.350000381469727,20.91545295715332,10700
2021-10-26,25.3700008392334,25.485000610351562,25.3700008392334,25.485000610351562,21.026832580566406,4600
2021-10-27,25.405000686645508,25.549999237060547,25.405000686645508,25.549999237060547,21.080459594726562,5600
2021-10-28,25.5,25.5,25.399999618530273,25.399999618530273,20.956708908081055,8700
2021-10-29,25.459999084472656,25.459999084472656,25.309999465942383,25.350000381469727,20.91545295715332,1900
2021-11-01,25.365999221801758,25.399999618530273,25.28700065612793,25.399999618530273,20.956708908081055,2400
2021-11-02,25.399999618530273,25.44099998474121,25.399999618530273,25.44099998474121,20.99053382873535,2000
2021-11-03,25.450000762939453,25.5,25.450000762939453,25.5,21.039209365844727,300
2021-11-04,25.479999542236328,25.520000457763672,25.479999542236328,25.5,21.039209365844727,600
2021-11-05,25.40999984741211,25.5,25.40999984741211,25.5,21.039209365844727,4700
2021-11-08,25.440000534057617,25.510000228881836,25.40999984741211,25.440000534057617,20.98970603942871,2700
2021-11-09,25.440000534057617,25.440000534057617,25.440000534057617,25.440000534057617,20.98970603942871,0
2021-11-10,25.479999542236328,25.496999740600586,25.440000534057617,25.496999740600586,21.036739349365234,1000
2021-11-11,25.479999542236328,25.520000457763672,25.479999542236328,25.479999542236328,21.022705078125,2300
2021-11-12,25.485000610351562,25.520000457763672,25.450000762939453,25.450000762939453,20.997957229614258,1300
2021-11-15,25.520000457763672,25.549999237060547,25.475000381469727,25.475000381469727,21.018577575683594,6900
2021-11-16,25.399999618530273,25.649999618530273,25.399999618530273,25.399999618530273,20.956708908081055,5400
2021-11-17,25.399999618530273,25.399999618530273,25.399999618530273,25.399999618530273,20.956708908081055,0
2021-11-18,25.450000762939453,25.450000762939453,25.350000381469727,25.395000457763672,20.952579498291016,1800
2021-11-19,25.479000091552734,25.5,25.360000610351562,25.424999237060547,20.977331161499023,1500
2021-11-22,25.343000411987305,25.47599983215332,25.299999237060547,25.360000610351562,21.02957534790039,2000
2021-11-23,25.354999542236328,25.40999984741211,25.33300018310547,25.40999984741211,21.071033477783203,3200
2021-11-24,25.40999984741211,25.40999984741211,25.399999618530273,25.40999984741211,21.071033477783203,1100
2021-11-26,25.270000457763672,25.309999465942383,25.270000457763672,25.27899932861328,20.96240234375,600
2021-11-29,25.40999984741211,25.549999237060547,25.40999984741211,25.549999237060547,21.18712043762207,1600
2021-11-30,25.399999618530273,25.549999237060547,25.375,25.389999389648438,21.054447174072266,2900
2021-12-01,25.3700008392334,25.389999389648438,25.3700008392334,25.389999389648438,21.054447174072266,800
2021-12-02,25.468000411987305,25.54800033569336,25.468000411987305,25.54800033569336,21.185470581054688,600
2021-12-03,25.384000778198242,25.384000778198242,25.384000778198242,25.384000778198242,21.049474716186523,900
2021-12-06,25.384000778198242,25.48699951171875,25.299999237060547,25.48699951171875,21.1348819732666,700
2021-12-07,25.549999237060547,25.549999237060547,25.399999618530273,25.479999542236328,21.129079818725586,1700
2021-12-08,25.479999542236328,25.549999237060547,25.450000762939453,25.549999237060547,21.18712043762207,2600
2021-12-09,25.450000762939453,25.600000381469727,25.450000762939453,25.520000457763672,21.16225242614746,3500
2021-12-10,25.549999237060547,25.600000381469727,25.520000457763672,25.597999572753906,21.226930618286133,2800
2021-12-13,25.540000915527344,25.540000915527344,25.540000915527344,25.540000915527344,21.178834915161133,600
2021-12-14,25.559999465942383,25.600000381469727,25.399999618530273,25.600000381469727,21.228593826293945,1900
2021-12-15,25.5049991607666,25.600000381469727,25.410999298095703,25.5049991607666,21.149810791015625,2400
2021-12-16,25.434999465942383,25.461999893188477,25.434999465942383,25.461999893188477,21.11415672302246,600
2021-12-17,25.479999542236328,25.510000228881836,25.479999542236328,25.5,21.14566421508789,2300
2021-12-20,25.5,25.5,25.40999984741211,25.40999984741211,21.071033477783203,600
2021-12-21,25.549999237060547,25.549999237060547,25.444000244140625,25.444000244140625,21.099227905273438,400
2021-12-22,25.5049991607666,25.5049991607666,25.399999618530273,25.40999984741211,21.177568435668945,3100
2021-12-23,25.719999313354492,25.75,25.709999084472656,25.75,21.460935592651367,2300
2021-12-27,25.656999588012695,25.65999984741211,25.360000610351562,25.450000762939453,21.210906982421875,2800
2021-12-28,25.389999389648438,25.65999984741211,25.389999389648438,25.639999389648438,21.369258880615234,4900
2021-12-29,25.639999389648438,25.639999389648438,25.639999389648438,25.639999389648438,21.369258880615234,0
2021-12-30,25.597000122070312,25.65999984741211,25.597000122070312,25.65999984741211,21.385921478271484,700
2021-12-31,25.65999984741211,25.65999984741211,25.43199920654297,25.649999618530273,21.37759780883789,1000
2022-01-03,25.700000762939453,25.700000762939453,25.68000030517578,25.68000030517578,21.40259552001953,2800
2022-01-04,25.399999618530273,25.600000381469727,25.399999618530273,25.600000381469727,21.33592414855957,900
2022-01-05,25.58300018310547,25.58300018310547,25.58300018310547,25.58300018310547,21.32175636291504,200
2022-01-06,25.450000762939453,25.575000762939453,25.420000076293945,25.575000762939453,21.315092086791992,9000
2022-01-07,25.57900047302246,25.57900047302246,25.5049991607666,25.56999969482422,21.310924530029297,1000
2022-01-10,25.56999969482422,25.56999969482422,25.56999969482422,25.56999969482422,21.310924530029297,0
2022-01-11,25.579999923706055,25.579999923706055,25.420000076293945,25.514999389648438,21.26508140563965,1600
2022-01-12,25.540000915527344,25.649999618530273,25.540000915527344,25.649999618530273,21.37759780883789,1700
2022-01-13,25.514999389648438,25.670000076293945,25.510000228881836,25.670000076293945,21.39426612854004,1200
2022-01-14,25.600000381469727,25.600000381469727,25.600000381469727,25.600000381469727,21.33592414855957,100
2022-01-18,25.45400047302246,25.479999542236328,25.450000762939453,25.450000762939453,21.210906982421875,2000
2022-01-19,25.459999084472656,25.459999084472656,25.43000030517578,25.43400001525879,21.197572708129883,2200
2022-01-20,25.399999618530273,25.549999237060547,25.399999618530273,25.5,21.252580642700195,2100
2022-01-21,25.43000030517578,25.43000030517578,25.25,25.399999618530273,21.276033401489258,6300
2022-01-24,25.399999618530273,25.40999984741211,25.299999237060547,25.399999618530273,21.276033401489258,4600
2022-01-25,25.399999618530273,25.40999984741211,25.399999618530273,25.40999984741211,21.28441047668457,2300
2022-01-26,25.399999618530273,25.40999984741211,25.399999618530273,25.40999984741211,21.28441047668457,700
2022-01-27,25.599000930786133,25.600000381469727,25.434999465942383,25.600000381469727,21.44356346130371,1900
2022-01-28,25.5,25.5,25.5,25.5,21.35979652404785,1000
2022-01-31,25.166000366210938,25.5,25.166000366210938,25.399999618530273,21.276033401489258,1100
2022-02-01,25.399999618530273,25.399999618530273,25.399999618530273,25.399999618530273,21.276033401489258,300
2022-02-02,25.399999618530273,25.399999618530273,25.399999618530273,25.399999618530273,21.276033401489258,300
2022-02-03,25.399999618530273,25.399999618530273,25.399999618530273,25.399999618530273,21.276033401489258,0
2022-02-04,25.399999618530273,25.566999435424805,25.350000381469727,25.566999435424805,21.41592025756836,3200
2022-02-07,25.475000381469727,25.48699951171875,25.475000381469727,25.479999542236328,21.34304428100586,600
2022-02-08,25.549999237060547,25.549999237060547,25.454999923706055,25.454999923706055,21.322107315063477,500
2022-02-09,25.360000610351562,25.360000610351562,25.350000381469727,25.350000381469727,21.23415756225586,700
2022-02-10,25.450000762939453,25.450000762939453,25.450000762939453,25.450000762939453,21.317914962768555,300
2022-02-11,25.299999237060547,25.299999237060547,25.190000534057617,25.229999542236328,21.133638381958008,1600
2022-02-14,25.200000762939453,25.25,25.200000762939453,25.25,21.150390625,1200
2022-02-15,25.200000762939453,25.235000610351562,25.200000762939453,25.235000610351562,21.1378231048584,1100
2022-02-16,25.350000381469727,25.399999618530273,25.329999923706055,25.399999618530273,21.276033401489258,1600
2022-02-17,25.450000762939453,25.451000213623047,25.450000762939453,25.451000213623047,21.426727294921875,500
2022-02-18,25.270000457763672,25.28499984741211,25.170000076293945,25.28499984741211,21.286977767944336,1800
2022-02-22,25.200000762939453,25.200000762939453,24.989999771118164,25.020000457763672,21.06388282775879,5800
2022-02-23,25.139999389648438,25.139999389648438,25.040000915527344,25.040000915527344,21.08072280883789,1300
2022-02-24,25.040000915527344,25.100000381469727,25.040000915527344,25.100000381469727,21.131235122680664,2100
2022-02-25,25.190000534057617,25.229999542236328,25.184999465942383,25.200000762939453,21.215421676635742,1100
2022-02-28,25.299999237060547,25.3700008392334,25.200000762939453,25.3700008392334,21.35854148864746,2200
2022-03-01,25.229999542236328,25.25,25.229999542236328,25.25,21.25751304626465,400
2022-03-02,25.280000686645508,25.280000686645508,25.010000228881836,25.219999313354492,21.232255935668945,4000
2022-03-03,25.34000015258789,25.350000381469727,25.250999450683594,25.250999450683594,21.258358001708984,700
2022-03-04,25.250999450683594,25.250999450683594,25.250999450683594,25.250999450683594,21.258358001708984,0
2022-03-07,25.09000015258789,25.155000686645508,25.059999465942383,25.059999465942383,21.09755516052246,1600
2022-03-08,25.049999237060547,25.219999313354492,25.049999237060547,25.219999313354492,21.232255935668945,1100
2022-03-09,25.155000686645508,25.209999084472656,25.155000686645508,25.209999084472656,21.223833084106445,800
2022-03-10,25.155000686645508,25.209999084472656,25.072999954223633,25.135000228881836,21.16069793701172,2200
2022-03-11,25.135000228881836,25.135000228881836,25.135000228881836,25.135000228881836,21.16069793701172,0
2022-03-14,25.079999923706055,25.104999542236328,25.049999237060547,25.06999969482422,21.105976104736328,1500
2022-03-15,25.086000442504883,25.086000442504883,25.059999465942383,25.059999465942383,21.09755516052246,700
2022-03-16,25.100000381469727,25.1200008392334,25.100000381469727,25.100000381469727,21.131235122680664,900
2022-03-17,25.100000381469727,25.149999618530273,25.100000381469727,25.149999618530273,21.173322677612305,1200
2022-03-18,25.229999542236328,25.229999542236328,25.201000213623047,25.209999084472656,21.223833084106445,1400
2022-03-21,25.25,25.25,25.229999542236328,25.239999771118164,21.249095916748047,1100
2022-03-22,25.177000045776367,25.177000045776367,25.177000045776367,25.177000045776367,21.196054458618164,600
2022-03-23,25.059999465942383,25.059999465942383,24.979999542236328,25.0,21.15459442138672,2000
2022-03-24,25.0,25.1299991607666,25.0,25.1299991607666,21.264598846435547,300
2022-03-25,25.059999465942383,25.059999465942383,25.059999465942383,25.059999465942383,21.20536231994629,200
2022-03-28,25.0,25.15999984741211,25.0,25.15999984741211,21.289974212646484,1200
2022-03-29,25.100000381469727,25.15999984741211,25.065000534057617,25.149999618530273,21.281517028808594,1700
2022-03-30,25.139999389648438,25.139999389648438,25.139999389648438,25.139999389648438,21.273056030273438,600
2022-03-31,25.15999984741211,25.15999984741211,25.15999984741211,25.15999984741211,21.289974212646484,1700
2022-04-01,25.15999984741211,25.170000076293945,25.15999984741211,25.170000076293945,21.298444747924805,600
2022-04-04,25.280000686645508,25.399999618530273,25.277999877929688,25.350000381469727,21.450754165649414,1800
2022-04-05,25.399999618530273,25.399999618530273,25.20400047302246,25.360000610351562,21.4592227935791,900
2022-04-06,25.25,25.25,25.18000030517578,25.18000030517578,21.306903839111328,1300
2022-04-07,25.209999084472656,25.209999084472656,25.200000762939453,25.200000762939453,21.32383155822754,1300
2022-04-08,25.200000762939453,25.200000762939453,25.200000762939453,25.200000762939453,21.32383155822754,0
2022-04-11,25.299999237060547,25.299999237060547,25.299999237060547,25.299999237060547,21.408445358276367,300
2022-04-12,25.299999237060547,25.299999237060547,25.299999237060547,25.299999237060547,21.408445358276367,0
2022-04-13,25.299999237060547,25.299999237060547,25.299999237060547,25.299999237060547,21.408445358276367,0
2022-04-14,25.20199966430664,25.239999771118164,25.20199966430664,25.239999771118164,21.357677459716797,400
2022-04-18,25.204999923706055,25.290000915527344,25.18000030517578,25.18000030517578,21.306903839111328,14200
2022-04-19,25.299999237060547,25.299999237060547,25.299999237060547,25.299999237060547,21.408445358276367,700
2022-04-20,25.329999923706055,25.5,25.299999237060547,25.5,21.57768440246582,2700
2022-04-21,25.5,25.5,25.270000457763672,25.270000457763672,21.490942001342773,800
2022-04-22,25.110000610351562,25.110000610351562,25.100000381469727,25.100000381469727,21.34636116027832,400
2022-04-25,25.09000015258789,25.114999771118164,25.09000015258789,25.100000381469727,21.34636116027832,1800
2022-04-26,25.1299991607666,25.1299991607666,25.100000381469727,25.100000381469727,21.34636116027832,500
2022-04-27,25.149999618530273,25.149999618530273,25.149999618530273,25.149999618530273,21.388885498046875,700
2022-04-28,25.149999618530273,25.25,25.149999618530273,25.149999618530273,21.388885498046875,2700
2022-04-29,25.34000015258789,25.34000015258789,25.149999618530273,25.149999618530273,21.388885498046875,1900
2022-05-02,25.149999618530273,25.149999618530273,24.979999542236328,24.979999542236328,21.24430274963379,5600
2022-05-03,24.8700008392334,25.06999969482422,24.8700008392334,25.049999237060547,21.303834915161133,1200
2022-05-04,24.934999465942383,25.0,24.934999465942383,24.950000762939453,21.218795776367188,3200
2022-05-05,25.0,25.020000457763672,25.0,25.020000457763672,21.2783260345459,1900
2022-05-06,25.0,25.040000915527344,24.899999618530273,25.040000915527344,21.295337677001953,4900
2022-05-09,25.04199981689453,25.049999237060547,25.0,25.010000228881836,21.269821166992188,4000
2022-05-10,24.920000076293945,25.020000457763672,24.920000076293945,24.979999542236328,21.24430274963379,2500
2022-05-11,25.010000228881836,25.020000457763672,24.899999618530273,25.020000457763672,21.2783260345459,8800
2022-05-12,24.950000762939453,25.100000381469727,24.899999618530273,24.899999618530273,21.176271438598633,8100
2022-05-13,24.799999237060547,24.799999237060547,23.514999389648438,24.610000610351562,20.929636001586914,3400
2022-05-16,24.010000228881836,24.5,23.600000381469727,24.299999237060547,20.665996551513672,29300
2022-05-17,24.049999237060547,24.476999282836914,23.986000061035156,24.273000717163086,20.643035888671875,7000
2022-05-18,24.200000762939453,24.479999542236328,24.200000762939453,24.350000381469727,20.70852279663086,4200
2022-05-19,24.450000762939453,24.459999084472656,24.200000762939453,24.31399917602539,20.677907943725586,5100
2022-05-20,24.200000762939453,24.399999618530273,24.200000762939453,24.399999618530273,20.751049041748047,2600
2022-05-23,24.06999969482422,24.549999237060547,24.06999969482422,24.360000610351562,20.826284408569336,7800
2022-05-24,24.200000762939453,24.489999771118164,24.200000762939453,24.489999771118164,20.937423706054688,800
2022-05-25,24.18000030517578,24.479999542236328,24.18000030517578,24.469999313354492,20.920316696166992,10000
2022-05-26,24.31399917602539,24.469999313354492,24.31399917602539,24.450000762939453,20.903223037719727,2800
2022-05-27,24.395000457763672,24.489999771118164,24.354999542236328,24.399999618530273,20.86048126220703,1700
2022-05-31,24.149999618530273,24.389999389648438,24.149999618530273,24.3799991607666,20.84337615966797,2600
2022-06-01,24.399999618530273,24.399999618530273,24.27199935913086,24.399999618530273,20.86048126220703,2700
2022-06-02,24.399999618530273,24.59000015258789,24.399999618530273,24.59000015258789,21.02291488647461,2500
2022-06-03,24.559999465942383,24.850000381469727,24.559999465942383,24.84000015258789,21.23664665222168,2500
2022-06-06,24.84000015258789,24.850000381469727,24.68000030517578,24.68000030517578,21.099857330322266,1700
2022-06-07,24.850000381469727,24.850000381469727,24.700000762939453,24.700000762939453,21.11695671081543,4400
2022-06-08,24.68000030517578,24.825000762939453,24.649999618530273,24.700000762939453,21.11695671081543,1900
2022-06-09,24.649999618530273,24.700000762939453,24.649999618530273,24.700000762939453,21.11695671081543,900
2022-06-10,24.951000213623047,24.951000213623047,24.441999435424805,24.75,21.159704208374023,1100
2022-06-13,24.450000762939453,24.530000686645508,24.440000534057617,24.5,20.945974349975586,2400
2022-06-14,24.5,24.5,24.371999740600586,24.371999740600586,20.836536407470703,1000
2022-06-15,24.670000076293945,24.670000076293945,24.670000076293945,24.670000076293945,21.091304779052734,200
2022-06-16,24.34000015258789,24.34000015258789,24.21500015258789,24.21500015258789,20.70231056213379,2200
2022-06-17,24.20199966430664,24.29800033569336,24.06999969482422,24.29800033569336,20.77327537536621,1000
2022-06-21,24.34000015258789,24.34000015258789,24.225000381469727,24.225000381469727,20.710861206054688,300
2022-06-22,24.350000381469727,24.350000381469727,24.18000030517578,24.18000030517578,20.782197952270508,500
2022-06-23,24.18000030517578,24.18000030517578,24.18000030517578,24.18000030517578,20.782197952270508,0
2022-06-24,24.280000686645508,24.3799991607666,24.21500015258789,24.229999542236328,20.825176239013672,3000
2022-06-27,24.360000610351562,24.360000610351562,24.350000381469727,24.350000381469727,20.928306579589844,200
2022-06-28,24.31999969482422,24.31999969482422,24.31999969482422,24.31999969482422,20.902528762817383,100
2022-06-29,24.31999969482422,24.31999969482422,24.31999969482422,24.31999969482422,20.902528762817383,0
2022-06-30,24.100000381469727,24.100000381469727,24.079999923706055,24.079999923706055,20.696256637573242,1100
2022-07-01,23.940000534057617,23.989999771118164,23.940000534057617,23.959999084472656,20.593109130859375,1500
2022-07-05,23.940000534057617,23.95800018310547,23.940000534057617,23.940000534057617,20.575925827026367,2300
2022-07-06,23.920000076293945,23.920000076293945,23.6299991607666,23.739999771118164,20.404029846191406,14000
2022-07-07,23.799999237060547,23.985000610351562,23.770000457763672,23.985000610351562,20.614595413208008,2400
2022-07-08,23.915000915527344,23.915000915527344,23.774999618530273,23.790000915527344,20.447002410888672,9000
2022-07-11,23.790000915527344,23.790000915527344,23.790000915527344,23.790000915527344,20.447002410888672,0
2022-07-12,24.079999923706055,24.1200008392334,24.079999923706055,24.1200008392334,20.730627059936523,1700
2022-07-13,24.0,24.0,24.0,24.0,20.627490997314453,100
2022-07-14,23.969999313354492,23.969999313354492,23.799999237060547,23.950000762939453,20.584522247314453,500
2022-07-15,23.940000534057617,23.950000762939453,23.940000534057617,23.950000762939453,20.584522247314453,400
2022-07-18,23.899999618530273,23.899999618530273,23.899999618530273,23.899999618530273,20.541540145874023,200
2022-07-19,23.809999465942383,23.899999618530273,23.809999465942383,23.899999618530273,20.541540145874023,2000
2022-07-20,23.920000076293945,23.950000762939453,23.920000076293945,23.940000534057617,20.575925827026367,600
2022-07-21,23.920000076293945,23.920000076293945,23.84000015258789,23.899999618530273,20.651958465576172,2700
2022-07-22,23.84000015258789,23.889999389648438,23.799999237060547,23.889999389648438,20.643320083618164,1100
2022-07-25,23.959999084472656,23.959999084472656,23.920000076293945,23.920000076293945,20.669248580932617,2200
2022-07-26,23.90999984741211,23.90999984741211,23.809999465942383,23.809999465942383,20.57419776916504,1000
2022-07-27,23.979999542236328,23.979999542236328,23.979999542236328,23.979999542236328,20.721094131469727,200
2022-07-28,23.979999542236328,23.979999542236328,23.920000076293945,23.920000076293945,20.669248580932617,400
2022-07-29,23.920000076293945,24.170000076293945,23.920000076293945,24.170000076293945,20.88526725769043,3900
2022-08-01,24.15999984741211,24.8799991607666,24.15999984741211,24.524999618530273,21.192028045654297,9600
2022-08-02,24.790000915527344,24.809999465942383,24.600000381469727,24.600000381469727,21.256837844848633,2600
2022-08-03,24.600000381469727,24.600000381469727,24.600000381469727,24.600000381469727,21.256837844848633,0
2022-08-04,24.780000686645508,24.8700008392334,24.780000686645508,24.8700008392334,21.490140914916992,1500
2022-08-05,24.68400001525879,24.68400001525879,24.649999618530273,24.65399932861328,21.303497314453125,2000
2022-08-08,24.299999237060547,24.5,24.299999237060547,24.389999389648438,21.07537078857422,3600
2022-08-09,24.389999389648438,24.389999389648438,24.389999389648438,24.389999389648438,21.07537078857422,0
2022-08-10,24.450000762939453,24.489999771118164,24.450000762939453,24.489999771118164,21.161787033081055,500
2022-08-11,24.450000762939453,24.5,24.450000762939453,24.5,21.170427322387695,1200
2022-08-12,24.450000762939453,24.5,24.450000762939453,24.496000289916992,21.16696548461914,1300
2022-08-15,24.479999542236328,24.5,24.479999542236328,24.5,21.170427322387695,1000
2022-08-16,24.5,24.5,24.5,24.5,21.170427322387695,0
2022-08-17,24.5,24.5,24.5,24.5,21.170427322387695,0
2022-08-18,24.5,24.5,24.5,24.5,21.170427322387695,0
2022-08-19,24.670000076293945,25.0,24.459999084472656,24.459999084472656,21.135860443115234,700
2022-08-22,24.72800064086914,25.0,24.72800064086914,24.959999084472656,21.567901611328125,1700
2022-08-23,25.0,25.09000015258789,24.791000366210938,25.010000228881836,21.722515106201172,1400
2022-08-24,24.665000915527344,24.979999542236328,24.665000915527344,24.979999542236328,21.696456909179688,300
2022-08-25,24.979999542236328,24.979999542236328,24.979999542236328,24.979999542236328,21.696456909179688,0
2022-08-26,24.979999542236328,24.979999542236328,24.979999542236328,24.979999542236328,21.696456909179688,0
2022-08-29,24.979999542236328,24.979999542236328,24.979999542236328,24.979999542236328,21.696456909179688,0
2022-08-30,24.979999542236328,24.979999542236328,24.979999542236328,24.979999542236328,21.696456909179688,0
2022-08-31,25.0,25.010000228881836,24.979999542236328,24.979999542236328,21.696456909179688,1100
2022-09-01,24.989999771118164,24.989999771118164,24.65999984741211,24.65999984741211,21.418519973754883,1300
2022-09-02,24.65999984741211,24.65999984741211,24.65999984741211,24.65999984741211,21.418519973754883,100
2022-09-06,24.520000457763672,24.520000457763672,24.520000457763672,24.520000457763672,21.296926498413086,200
2022-09-07,24.649999618530273,24.649999618530273,24.649999618530273,24.649999618530273,21.409833908081055,300
2022-09-08,24.690000534057617,24.700000762939453,24.690000534057617,24.700000762939453,21.453258514404297,1200
2022-09-09,24.530000686645508,24.81399917602539,24.520000457763672,24.69499969482422,21.448915481567383,1100
2022-09-12,24.69499969482422,24.69499969482422,24.69499969482422,24.69499969482422,21.448915481567383,0
2022-09-13,24.69499969482422,24.69499969482422,24.69499969482422,24.69499969482422,21.448915481567383,0
2022-09-14,24.6299991607666,24.6299991607666,24.600000381469727,24.600000381469727,21.366405487060547,3100
2022-09-15,24.940000534057617,24.979999542236328,24.940000534057617,24.979999542236328,21.696456909179688,700
2022-09-16,24.979999542236328,24.979999542236328,24.979999542236328,24.979999542236328,21.696456909179688,0
2022-09-19,24.950000762939453,24.950000762939453,24.950000762939453,24.950000762939453,21.670400619506836,300
2022-09-20,24.759000778198242,24.759000778198242,24.759000778198242,24.759000778198242,21.504505157470703,600
2022-09-21,24.75,24.75,24.75,24.75,21.496686935424805,700
2022-09-22,24.700000762939453,24.700000762939453,24.700000762939453,24.700000762939453,21.564788818359375,300
2022-09-23,24.68000030517578,24.690000534057617,24.43000030517578,24.43000030517578,21.329055786132812,1300
2022-09-26,24.360000610351562,24.360000610351562,24.149999618530273,24.149999618530273,21.084598541259766,600
2022-09-27,24.149999618530273,24.149999618530273,24.149999618530273,24.149999618530273,21.084598541259766,0
2022-09-28,22.920000076293945,23.270000457763672,22.75,23.270000457763672,20.316299438476562,1300
2022-09-29,23.270000457763672,23.299999237060547,23.270000457763672,23.299999237060547,20.34249496459961,3000
2022-09-30,23.40999984741211,23.40999984741211,23.40999984741211,23.40999984741211,20.438528060913086,300
2022-10-03,23.149999618530273,24.209999084472656,23.149999618530273,24.209999084472656,21.136985778808594,700
2022-10-04,23.459999084472656,23.56999969482422,23.459999084472656,23.56999969482422,20.57822036743164,700
2022-10-05,23.56999969482422,23.56999969482422,23.56999969482422,23.56999969482422,20.57822036743164,0
2022-10-06,23.25,23.25,23.25,23.25,20.2988338470459,400
2022-10-07,23.25,23.25,23.25,23.25,20.2988338470459,0
2022-10-10,23.270000457763672,23.489999771118164,23.270000457763672,23.489999771118164,20.508377075195312,2100
2022-10-11,23.239999771118164,23.674999237060547,23.239999771118164,23.665000915527344,20.661165237426758,600
2022-10-12,23.665000915527344,23.665000915527344,23.665000915527344,23.665000915527344,20.661165237426758,0
2022-10-13,23.25,23.25,22.20199966430664,23.0,20.0805721282959,3400
2022-10-14,23.0,23.0,23.0,23.0,20.0805721282959,100
2022-10-17,22.999000549316406,23.0,22.75,22.75,19.8623046875,700
2022-10-18,22.90999984741211,22.90999984741211,22.90999984741211,22.90999984741211,20.001998901367188,200
2022-10-19,22.75,22.75,22.59000015258789,22.59000015258789,19.72261619567871,800
2022-10-20,22.65999984741211,22.65999984741211,22.65999984741211,22.65999984741211,19.783729553222656,1300
2022-10-21,22.65999984741211,22.65999984741211,22.65999984741211,22.65999984741211,19.896116256713867,0
2022-10-24,22.510000228881836,22.510000228881836,22.510000228881836,22.510000228881836,19.76441192626953,200
2022-10-25,22.510000228881836,22.510000228881836,22.510000228881836,22.510000228881836,19.76441192626953,0
2022-10-26,22.520000457763672,23.46500015258789,22.520000457763672,23.0,20.19464683532715,3300
2022-10-27,23.0,23.0,23.0,23.0,20.19464683532715,0
2022-10-28,22.989999771118164,23.0,22.5,23.0,20.19464683532715,2100
2022-10-31,22.770000457763672,23.549999237060547,22.489999771118164,23.549999237060547,20.67755889892578,400
2022-11-01,23.489999771118164,23.489999771118164,23.024999618530273,23.030000686645508,20.22098731994629,1600
2022-11-02,23.200000762939453,23.260000228881836,23.200000762939453,23.260000228881836,20.422935485839844,600
2022-11-03,23.260000228881836,23.260000228881836,23.260000228881836,23.260000228881836,20.422935485839844,0
2022-11-04,23.260000228881836,23.260000228881836,23.260000228881836,23.260000228881836,20.422935485839844,0
2022-11-07,23.260000228881836,23.260000228881836,23.260000228881836,23.260000228881836,20.422935485839844,0
2022-11-08,23.260000228881836,23.260000228881836,23.260000228881836,23.260000228881836,20.422935485839844,0
2022-11-09,22.489999771118164,22.989999771118164,22.489999771118164,22.989999771118164,20.185867309570312,4800
2022-11-10,22.549999237060547,23.010000228881836,22.549999237060547,22.649999618530273,19.887332916259766,2700
2022-11-11,22.649999618530273,22.649999618530273,22.649999618530273,22.649999618530273,19.887332916259766,0
2022-11-14,22.700000762939453,22.989999771118164,22.700000762939453,22.989999771118164,20.185867309570312,1100
2022-11-15,23.239999771118164,23.239999771118164,23.239999771118164,23.239999771118164,20.405366897583008,100
2022-11-16,23.270000457763672,23.280000686645508,23.239999771118164,23.25,20.414146423339844,1700
2022-11-17,23.200000762939453,23.200000762939453,23.149999618530273,23.149999618530273,20.326353073120117,400
2022-11-18,23.149999618530273,23.149999618530273,23.149999618530273,23.149999618530273,20.326353073120117,100
2022-11-21,23.100000381469727,23.100000381469727,22.881000518798828,22.950000762939453,20.150745391845703,800
2022-11-22,23.09000015258789,23.209999084472656,23.09000015258789,23.209999084472656,20.493330001831055,200
2022-11-23,22.80699920654297,22.80699920654297,22.80699920654297,22.80699920654297,20.137500762939453,200
2022-11-25,23.18000030517578,23.18000030517578,23.18000030517578,23.18000030517578,20.46683692932129,100
2022-11-28,23.18000030517578,23.18000030517578,23.18000030517578,23.18000030517578,20.46683692932129,100
2022-11-29,23.18000030517578,23.200000762939453,23.18000030517578,23.200000762939453,20.484495162963867,500
2022-11-30,22.799999237060547,23.200000762939453,22.799999237060547,23.200000762939453,20.484495162963867,500
2022-12-01,23.18000030517578,23.18000030517578,23.049999237060547,23.049999237060547,20.352054595947266,900
2022-12-02,23.049999237060547,23.049999237060547,22.954999923706055,23.049999237060547,20.352054595947266,1700
2022-12-05,23.200000762939453,23.200000762939453,23.1200008392334,23.200000762939453,20.484495162963867,1100
2022-12-06,23.200000762939453,23.200000762939453,23.200000762939453,23.200000762939453,20.484495162963867,0
2022-12-07,23.190000534057617,23.489999771118164,22.8799991607666,23.489999771118164,20.740556716918945,2700
2022-12-08,23.489999771118164,23.489999771118164,23.489999771118164,23.489999771118164,20.740556716918945,0
2022-12-09,23.489999771118164,23.489999771118164,23.489999771118164,23.489999771118164,20.740556716918945,0
2022-12-12,23.450000762939453,23.450000762939453,23.450000762939453,23.450000762939453,20.70524024963379,100
2022-12-13,23.770000457763672,23.770000457763672,23.770000457763672,23.770000457763672,20.987781524658203,500
2022-12-14,23.770000457763672,23.770000457763672,23.770000457763672,23.770000457763672,20.987781524658203,200
2022-12-15,23.040000915527344,23.615999221801758,23.040000915527344,23.615999221801758,20.851808547973633,800
2022-12-16,23.615999221801758,23.615999221801758,23.615999221801758,23.615999221801758,20.851808547973633,0
2022-12-19,23.049999237060547,23.049999237060547,23.049999237060547,23.049999237060547,20.352054595947266,100
2022-12-20,22.84000015258789,23.149999618530273,22.799999237060547,23.149999618530273,20.440353393554688,600
2022-12-21,23.149999618530273,23.149999618530273,23.149999618530273,23.149999618530273,20.440353393554688,0
2022-12-22,22.809999465942383,23.139999389648438,22.799999237060547,23.139999389648438,20.545122146606445,1600
2022-12-23,23.139999389648438,23.139999389648438,23.139999389648438,23.139999389648438,20.545122146606445,0
2022-12-27,22.850000381469727,23.3799991607666,22.81999969482422,23.3799991607666,20.758203506469727,1800
2022-12-28,23.3799991607666,23.3799991607666,23.3799991607666,23.3799991607666,20.758203506469727,0
2022-12-29,23.0,23.0,22.799999237060547,22.799999237060547,20.243244171142578,1600
2022-12-30,22.799999237060547,22.799999237060547,22.799999237060547,22.799999237060547,20.243244171142578,900
2023-01-03,22.75,22.75,22.625,22.75,20.198854446411133,12900
2023-01-04,22.350000381469727,22.981000900268555,22.350000381469727,22.75,20.198854446411133,1300
2023-01-05,22.975000381469727,22.975000381469727,22.975000381469727,22.975000381469727,20.398624420166016,200
2023-01-06,23.059999465942383,23.059999465942383,22.500999450683594,22.799999237060547,20.243244171142578,1000
2023-01-09,23.079999923706055,23.15999984741211,22.940000534057617,23.15999984741211,20.5628719329834,1200
2023-01-10,23.0,23.0,23.0,23.0,20.420820236206055,1000
2023-01-11,22.9060001373291,23.082000732421875,22.75,23.075000762939453,20.48740577697754,2200
2023-01-12,22.8700008392334,22.874000549316406,22.8700008392334,22.874000549316406,20.308950424194336,200
2023-01-13,22.899999618530273,23.100000381469727,22.899999618530273,23.100000381469727,20.50960350036621,1100
2023-01-17,22.760000228881836,22.760000228881836,22.760000228881836,22.760000228881836,20.207733154296875,300
2023-01-18,22.969999313354492,23.260000228881836,22.969999313354492,23.104999542236328,20.514049530029297,2700
2023-01-19,23.010000228881836,23.299999237060547,23.010000228881836,23.299999237060547,20.687177658081055,600
2023-01-20,23.299999237060547,23.299999237060547,23.299999237060547,23.299999237060547,20.687177658081055,300
2023-01-23,23.100000381469727,23.299999237060547,23.100000381469727,23.299999237060547,20.80145263671875,2300
2023-01-24,23.280000686645508,23.309999465942383,23.280000686645508,23.309999465942383,20.810379028320312,1000
2023-01-25,23.290000915527344,23.645000457763672,23.290000915527344,23.520000457763672,20.997859954833984,6400
2023-01-26,23.719999313354492,23.719999313354492,23.719999313354492,23.719999313354492,21.176414489746094,1700
2023-01-27,23.600000381469727,23.75,23.600000381469727,23.75,21.203195571899414,5500
2023-01-30,23.75,23.75,23.75,23.75,21.203195571899414,0
2023-01-31,23.079999923706055,23.079999923706055,23.079999923706055,23.079999923706055,20.60504150390625,200
2023-02-01,23.149999618530273,23.149999618530273,23.149999618530273,23.149999618530273,20.667543411254883,600
2023-02-02,23.59600067138672,23.59600067138672,23.270000457763672,23.270000457763672,20.774669647216797,1000
2023-02-03,23.219999313354492,23.219999313354492,23.219999313354492,23.219999313354492,20.730031967163086,200
2023-02-06,23.350000381469727,23.350000381469727,23.219999313354492,23.219999313354492,20.730031967163086,2800
2023-02-07,23.350000381469727,23.360000610351562,23.350000381469727,23.360000610351562,20.855016708374023,400
2023-02-08,23.350000381469727,23.520000457763672,23.350000381469727,23.48200035095215,20.96393394470215,1000
2023-02-09,23.399999618530273,23.59000015258789,23.2549991607666,23.2549991607666,20.761276245117188,1300
2023-02-10,23.260000228881836,23.461000442504883,23.260000228881836,23.450000762939453,20.93536949157715,1500
2023-02-13,23.5,23.600000381469727,23.010000228881836,23.020000457763672,20.551477432250977,3200
2023-02-14,23.020000457763672,23.020000457763672,23.020000457763672,23.020000457763672,20.551477432250977,0
2023-02-15,23.280000686645508,23.280000686645508,23.15999984741211,23.15999984741211,20.67646026611328,700
2023-02-16,23.270000457763672,23.389999389648438,23.200000762939453,23.389999389648438,20.88180160522461,1900
2023-02-17,23.350000381469727,23.350000381469727,23.149999618530273,23.200000762939453,20.826141357421875,1000
2023-02-21,23.1299991607666,23.1299991607666,23.1200008392334,23.1299991607666,20.7633056640625,900
2023-02-22,23.389999389648438,23.389999389648438,23.389999389648438,23.389999389648438,20.9967041015625,400
2023-02-23,23.28499984741211,23.28499984741211,23.049999237060547,23.1299991607666,20.7633056640625,1500
2023-02-24,23.139999389648438,23.139999389648438,23.075000762939453,23.075000762939453,20.713937759399414,300
2023-02-27,23.075000762939453,23.075000762939453,23.075000762939453,23.075000762939453,20.713937759399414,0
2023-02-28,23.149999618530273,23.149999618530273,23.149999618530273,23.149999618530273,20.781265258789062,500
2023-03-01,23.229999542236328,23.229999542236328,23.100000381469727,23.100000381469727,20.736377716064453,500
2023-03-02,23.100000381469727,23.100000381469727,23.100000381469727,23.100000381469727,20.736377716064453,0
2023-03-03,23.100000381469727,23.100000381469727,23.100000381469727,23.100000381469727,20.736377716064453,0
2023-03-06,23.3700008392334,23.600000381469727,23.3700008392334,23.549999237060547,21.140331268310547,2400
2023-03-07,23.56999969482422,23.649999618530273,23.56999969482422,23.649999618530273,21.230100631713867,2100
2023-03-08,23.75,23.75,23.75,23.75,21.319868087768555,300
2023-03-09,23.75,23.75,23.600000381469727,23.600000381469727,21.18521499633789,1100
2023-03-10,23.790000915527344,23.84000015258789,23.600000381469727,23.600000381469727,21.18521499633789,8600
2023-03-13,23.399999618530273,23.399999618530273,22.90999984741211,22.90999984741211,20.565814971923828,500
2023-03-14,22.93000030517578,23.354999542236328,22.93000030517578,23.049999237060547,20.691490173339844,500
2023-03-15,22.899999618530273,23.799999237060547,22.899999618530273,23.799999237060547,21.364749908447266,600
2023-03-16,23.489999771118164,23.489999771118164,23.299999237060547,23.489999771118164,21.08647346496582,700
2023-03-17,23.489999771118164,23.489999771118164,23.489999771118164,23.489999771118164,21.08647346496582,0
2023-03-20,22.90999984741211,22.90999984741211,22.90999984741211,22.90999984741211,20.565814971923828,200
2023-03-21,22.90999984741211,22.90999984741211,22.90999984741211,22.90999984741211,20.565814971923828,100
2023-03-22,22.90999984741211,22.90999984741211,22.90999984741211,22.90999984741211,20.565814971923828,0
2023-03-23,23.299999237060547,23.299999237060547,23.299999237060547,23.299999237060547,21.03342628479004,200
2023-03-24,22.770000457763672,23.25,22.770000457763672,23.200000762939453,20.943153381347656,3100
2023-03-27,23.200000762939453,23.200000762939453,23.049999237060547,23.18000030517578,20.92510223388672,1500
2023-03-28,23.049999237060547,23.200000762939453,23.049999237060547,23.200000762939453,20.943153381347656,3100
2023-03-29,23.25,23.5,23.25,23.5,21.213973999023438,4400
2023-03-30,23.3700008392334,23.3700008392334,23.3700008392334,23.3700008392334,21.09661865234375,300
2023-03-31,23.3700008392334,23.3700008392334,23.3700008392334,23.3700008392334,21.09661865234375,0
2023-04-03,23.5,23.5,23.450000762939453,23.450000762939453,21.16883659362793,800
2023-04-04,23.354999542236328,23.3700008392334,23.110000610351562,23.309999465942383,21.04245376586914,1900
2023-04-05,23.25,23.25,23.25,23.25,20.988290786743164,1200
2023-04-06,23.25,23.274999618530273,23.149999618530273,23.15999984741211,20.90705108642578,10400
2023-04-10,23.354999542236328,23.354999542236328,23.209999084472656,23.30699920654297,21.03974723815918,600
2023-04-11,23.350000381469727,23.350000381469727,23.200000762939453,23.200000762939453,20.943153381347656,700
2023-04-12,23.5,23.600000381469727,23.5,23.5,21.213973999023438,4100
2023-04-13,23.5,23.5,23.5,23.5,21.213973999023438,0
2023-04-14,23.549999237060547,23.549999237060547,23.424999237060547,23.424999237060547,21.146268844604492,1300
2023-04-17,23.299999237060547,23.5,23.299999237060547,23.5,21.213973999023438,1000
2023-04-18,23.649999618530273,23.649999618530273,23.5,23.5,21.213973999023438,1600
2023-04-19,23.5,23.5,23.5,23.5,21.213973999023438,200
2023-04-20,23.5,23.5,23.5,23.5,21.330150604248047,0
2023-04-21,23.34000015258789,23.5,23.299999237060547,23.5,21.330150604248047,800
2023-04-24,23.5,23.5,23.5,23.5,21.330150604248047,0
2023-04-25,23.426000595092773,23.489999771118164,23.426000595092773,23.489999771118164,21.321073532104492,500
2023-04-26,23.149999618530273,23.239999771118164,23.1200008392334,23.239999771118164,21.09415626525879,1100
2023-04-27,23.239999771118164,23.239999771118164,23.239999771118164,23.239999771118164,21.09415626525879,0
2023-04-28,23.34000015258789,23.5,23.34000015258789,23.5,21.330150604248047,700
2023-05-01,23.549999237060547,23.549999237060547,23.399999618530273,23.399999618530273,21.239389419555664,2000
2023-05-02,23.399999618530273,23.399999618530273,23.399999618530273,23.399999618530273,21.239389419555664,0
2023-05-03,23.399999618530273,23.625,23.399999618530273,23.625,21.443613052368164,1300
2023-05-04,23.625,23.625,23.625,23.625,21.443613052368164,0
2023-05-05,23.34000015258789,23.34000015258789,23.219999313354492,23.219999313354492,21.076005935668945,2800
2023-05-08,23.219999313354492,23.219999313354492,23.219999313354492,23.219999313354492,21.076005935668945,600
2023-05-09,23.219999313354492,23.489999771118164,23.219999313354492,23.489999771118164,21.321073532104492,900
2023-05-10,23.34000015258789,23.350000381469727,23.219999313354492,23.350000381469727,21.19400405883789,1400
2023-05-11,23.5,23.5,23.219999313354492,23.229999542236328,21.085081100463867,1900
2023-05-12,23.100000381469727,23.100000381469727,23.100000381469727,23.100000381469727,20.967084884643555,500
2023-05-15,23.110000610351562,23.110000610351562,23.110000610351562,23.110000610351562,20.97616195678711,200
2023-05-16,23.139999389648438,23.350000381469727,23.139999389648438,23.350000381469727,21.19400405883789,2700
2023-05-17,23.450000762939453,23.450000762939453,23.350000381469727,23.350000381469727,21.19400405883789,800
2023-05-18,23.11199951171875,23.11199951171875,23.11199951171875,23.11199951171875,20.977977752685547,300
2023-05-19,23.1299991607666,23.30500030517578,23.1299991607666,23.30500030517578,21.15316390991211,2200
2023-05-22,23.110000610351562,23.110000610351562,23.110000610351562,23.110000610351562,20.97616195678711,300
2023-05-23,23.100000381469727,23.100000381469727,22.969999313354492,23.06999969482422,21.05648422241211,1100
2023-05-24,23.25,23.344999313354492,23.125,23.125,21.106685638427734,900
2023-05-25,23.125,23.125,23.0,23.049999237060547,21.03822898864746,1300
2023-05-26,23.049999237060547,23.049999237060547,23.049999237060547,23.049999237060547,21.03822898864746,0
2023-05-30,23.010000228881836,23.010000228881836,23.010000228881836,23.010000228881836,21.00171661376953,200
2023-05-31,23.0,23.0,22.969999313354492,22.969999313354492,20.9652099609375,500
2023-06-01,23.06999969482422,23.219999313354492,23.06999969482422,23.200000762939453,21.175134658813477,500
2023-06-02,23.190000534057617,23.200000762939453,23.100000381469727,23.152999877929688,21.132240295410156,2500
2023-06-05,23.239999771118164,23.25,23.239999771118164,23.25,21.22077178955078,600
2023-06-06,23.25,23.350000381469727,23.049999237060547,23.215999603271484,21.189739227294922,700
2023-06-07,23.280000686645508,23.31999969482422,23.280000686645508,23.31999969482422,21.2846622467041,900
2023-06-08,23.31999969482422,23.31999969482422,23.31999969482422,23.31999969482422,21.2846622467041,100
2023-06-09,23.350000381469727,23.350000381469727,23.231000900268555,23.329999923706055,21.293790817260742,1100
2023-06-12,23.329999923706055,23.329999923706055,23.299999237060547,23.329999923706055,21.293790817260742,1000
2023-06-13,23.25,23.350000381469727,23.25,23.350000381469727,21.31204605102539,1700
2023-06-14,23.3700008392334,23.3700008392334,23.3700008392334,23.3700008392334,21.330297470092773,500
2023-06-15,23.15999984741211,23.15999984741211,23.149999618530273,23.149999618530273,21.129501342773438,800
2023-06-16,23.225000381469727,23.225000381469727,23.225000381469727,23.225000381469727,21.19795799255371,500
2023-06-20,23.200000762939453,23.200000762939453,23.200000762939453,23.200000762939453,21.175134658813477,1000
2023-06-21,23.200000762939453,23.200000762939453,23.200000762939453,23.200000762939453,21.175134658813477,0
2023-06-22,23.010000228881836,23.1200008392334,22.8799991607666,23.1200008392334,21.21919059753418,1500
2023-06-23,23.100000381469727,23.200000762939453,23.079999923706055,23.124000549316406,21.222862243652344,1100
2023-06-26,23.229999542236328,23.280000686645508,23.059999465942383,23.059999465942383,21.164119720458984,2200
2023-06-27,23.049999237060547,23.299999237060547,23.020000457763672,23.260000228881836,21.34768295288086,1100
2023-06-28,23.260000228881836,23.260000228881836,23.260000228881836,23.260000228881836,21.34768295288086,0
2023-06-29,23.200000762939453,23.200000762939453,23.010000228881836,23.139999389648438,21.237546920776367,1500
2023-06-30,23.139999389648438,23.139999389648438,23.139999389648438,23.139999389648438,21.237546920776367,0
2023-07-03,23.139999389648438,23.139999389648438,23.139999389648438,23.139999389648438,21.237546920776367,0
2023-07-05,23.229999542236328,23.299999237060547,23.229999542236328,23.25,21.3385009765625,7700
2023-07-06,23.239999771118164,23.25,23.239999771118164,23.25,21.3385009765625,2000
2023-07-07,23.25,23.299999237060547,23.25,23.299999237060547,21.384395599365234,1400
2023-07-10,23.299999237060547,23.649999618530273,23.299999237060547,23.299999237060547,21.384395599365234,3500
2023-07-11,23.309999465942383,23.31999969482422,23.309999465942383,23.309999465942383,21.39356803894043,500
2023-07-12,23.299999237060547,23.44499969482422,23.059999465942383,23.389999389648438,21.46699333190918,7400
2023-07-13,23.5,23.5,23.5,23.5,21.567947387695312,100
2023-07-14,23.479999542236328,23.479999542236328,23.309999465942383,23.479999542236328,21.549591064453125,1100
2023-07-17,23.479999542236328,23.479999542236328,23.479999542236328,23.479999542236328,21.549591064453125,0
2023-07-18,23.48200035095215,23.48200035095215,23.48200035095215,23.48200035095215,21.55143165588379,300
2023-07-19,23.5,23.5,23.5,23.5,21.567947387695312,1000
2023-07-20,23.1299991607666,23.489999771118164,23.010000228881836,23.489999771118164,21.55876922607422,800
2023-07-21,23.1299991607666,23.260000228881836,23.1200008392334,23.260000228881836,21.46464729309082,500
2023-07-24,23.360000610351562,23.360000610351562,23.360000610351562,23.360000610351562,21.556921005249023,200
2023-07-25,23.360000610351562,23.40999984741211,23.360000610351562,23.40999984741211,21.603065490722656,1400
2023-07-26,23.469999313354492,23.7450008392334,23.469999313354492,23.68000030517578,21.85222816467285,5700
2023-07-27,23.549999237060547,23.56999969482422,23.549999237060547,23.56999969482422,21.750717163085938,300
2023-07-28,23.56999969482422,23.56999969482422,23.56999969482422,23.56999969482422,21.750717163085938,100
2023-07-31,23.989999771118164,23.989999771118164,23.989999771118164,23.989999771118164,22.1382999420166,200
2023-08-01,23.552000045776367,23.552000045776367,23.552000045776367,23.552000045776367,21.73410987854004,400
2023-08-02,23.270000457763672,23.479999542236328,23.219999313354492,23.479999542236328,21.66765785217285,1500
2023-08-03,23.950000762939453,23.950000762939453,23.354999542236328,23.354999542236328,21.552309036254883,1100
2023-08-04,23.469999313354492,23.489999771118164,23.229999542236328,23.489999771118164,21.676889419555664,700
2023-08-07,23.350000381469727,23.360000610351562,23.219999313354492,23.360000610351562,21.556921005249023,2200
2023-08-08,23.239999771118164,23.399999618530273,23.239999771118164,23.360000610351562,21.556921005249023,2000
2023-08-09,23.239999771118164,23.347000122070312,23.239999771118164,23.347000122070312,21.54492950439453,400
2023-08-10,24.040000915527344,24.040000915527344,24.040000915527344,24.040000915527344,22.184438705444336,300
2023-08-11,23.350000381469727,24.040000915527344,23.34000015258789,24.025999069213867,22.171520233154297,800
2023-08-14,23.110000610351562,23.30500030517578,23.110000610351562,23.260000228881836,21.46464729309082,2700
2023-08-15,23.260000228881836,23.260000228881836,23.260000228881836,23.260000228881836,21.46464729309082,0
2023-08-16,23.260000228881836,23.260000228881836,23.260000228881836,23.260000228881836,21.46464729309082,0
2023-08-17,23.5,23.5,23.229999542236328,23.25,21.455413818359375,1300
2023-08-18,23.25,23.25,23.25,23.25,21.455413818359375,0
2023-08-21,23.059999465942383,23.850000381469727,23.010000228881836,23.350000381469727,21.54769515991211,2700
2023-08-22,23.290000915527344,23.290000915527344,23.020000457763672,23.020000457763672,21.2431697845459,500
2023-08-23,23.110000610351562,23.110000610351562,23.110000610351562,23.110000610351562,21.445465087890625,500
2023-08-24,22.860000610351562,22.860000610351562,22.860000610351562,22.860000610351562,21.21347427368164,700
2023-08-25,22.8700008392334,23.547000885009766,22.8700008392334,23.025999069213867,21.367515563964844,1600
2023-08-28,23.0,23.299999237060547,22.920000076293945,23.100000381469727,21.436185836791992,1200
2023-08-29,23.059999465942383,23.209999084472656,23.025999069213867,23.200000762939453,21.52898597717285,1300
2023-08-30,23.200000762939453,23.200000762939453,23.200000762939453,23.200000762939453,21.52898597717285,0
2023-08-31,23.110000610351562,23.482999801635742,23.110000610351562,23.482999801635742,21.79160499572754,1400
2023-09-01,23.639999389648438,23.700000762939453,23.639999389648438,23.700000762939453,21.99297332763672,1100
2023-09-05,23.139999389648438,23.290000915527344,23.139999389648438,23.290000915527344,21.612503051757812,400
2023-09-06,23.5,23.5,23.5,23.5,21.807376861572266,1100
2023-09-07,23.5,23.5,23.5,23.5,21.807376861572266,0
2023-09-08,23.5,23.5,23.5,23.5,21.807376861572266,0
2023-09-11,23.469999313354492,23.469999313354492,23.378000259399414,23.399999618530273,21.714576721191406,1200
2023-09-12,23.5,23.5,23.5,23.5,21.807376861572266,600
2023-09-13,23.5,23.500999450683594,23.239999771118164,23.239999771118164,21.56610679626465,3800
2023-09-14,23.239999771118164,23.239999771118164,23.239999771118164,23.239999771118164,21.56610679626465,0
2023-09-15,23.239999771118164,23.239999771118164,23.239999771118164,23.239999771118164,21.56610679626465,0
2023-09-18,23.520000457763672,23.639999389648438,23.34000015258789,23.514999389648438,21.82129669189453,3500
2023-09-19,23.549999237060547,23.700000762939453,23.399999618530273,23.399999618530273,21.714576721191406,9700
2023-09-20,23.549999237060547,23.625,23.549999237060547,23.600000381469727,21.90017318725586,8300
2023-09-21,23.350000381469727,23.433000564575195,23.200000762939453,23.433000564575195,21.863786697387695,3400
2023-09-22,23.270000457763672,23.40999984741211,23.1299991607666,23.40999984741211,21.842327117919922,1000
2023-09-25,23.209999084472656,23.479999542236328,23.1299991607666,23.15999984741211,21.609066009521484,1900
2023-09-26,23.229999542236328,23.43000030517578,23.170000076293945,23.170000076293945,21.618396759033203,1300
2023-09-27,23.333999633789062,23.600000381469727,22.93000030517578,23.600000381469727,22.019601821899414,5000
2023-09-28,23.667999267578125,23.667999267578125,23.667999267578125,23.667999267578125,22.08304786682129,200
2023-09-29,23.030000686645508,23.030000686645508,23.030000686645508,23.030000686645508,21.487775802612305,300
2023-10-02,23.170000076293945,23.37299919128418,23.14299964904785,23.14299964904785,21.59320640563965,4300
2023-10-03,23.170000076293945,23.280000686645508,23.0049991607666,23.0049991607666,21.464445114135742,4300
2023-10-04,23.170000076293945,23.3700008392334,23.1200008392334,23.3700008392334,21.80500602722168,2900
2023-10-05,23.639999389648438,23.690000534057617,23.639999389648438,23.690000534057617,22.10357666015625,300
2023-10-06,23.670000076293945,23.670000076293945,23.670000076293945,23.670000076293945,22.08491325378418,500
2023-10-09,23.599000930786133,23.599000930786133,23.599000930786133,23.599000930786133,22.018672943115234,200
2023-10-10,23.489999771118164,23.489999771118164,23.489999771118164,23.489999771118164,21.91697120666504,600
2023-10-11,23.489999771118164,23.489999771118164,23.489999771118164,23.489999771118164,21.91697120666504,0
2023-10-12,23.2549991607666,23.2549991607666,23.2549991607666,23.2549991607666,21.697702407836914,400
2023-10-13,23.0,23.184999465942383,23.0,23.100000381469727,21.553085327148438,3800
2023-10-16,23.100000381469727,23.5,22.940000534057617,23.25,21.69304084777832,3400
2023-10-17,23.350000381469727,23.350000381469727,23.350000381469727,23.350000381469727,21.786344528198242,300
2023-10-18,23.350000381469727,23.350000381469727,23.350000381469727,23.350000381469727,21.786344528198242,0
2023-10-19,23.350000381469727,23.350000381469727,23.350000381469727,23.350000381469727,21.786344528198242,0
2023-10-20,23.149999618530273,23.489999771118164,23.149999618530273,23.489999771118164,21.91697120666504,1900
2023-10-23,23.149999618530273,23.304000854492188,23.100000381469727,23.301000595092773,21.8597412109375,1900
2023-10-24,23.301000595092773,23.301000595092773,23.301000595092773,23.301000595092773,21.8597412109375,0
2023-10-25,23.299999237060547,23.299999237060547,23.299999237060547,23.299999237060547,21.85880470275879,400
2023-10-26,23.1200008392334,23.1200008392334,23.100000381469727,23.100000381469727,21.671175003051758,400
2023-10-27,23.100000381469727,23.100000381469727,23.100000381469727,23.100000381469727,21.671175003051758,0
2023-10-30,23.149999618530273,23.149999618530273,23.100000381469727,23.110000610351562,21.680553436279297,3300
2023-10-31,23.5,23.5,23.15999984741211,23.48900032043457,22.036113739013672,1300
2023-11-01,23.5,23.5,23.5,23.5,22.046432495117188,200
2023-11-02,23.5,23.5,23.5,23.5,22.046432495117188,0
2023-11-03,23.209999084472656,23.209999084472656,23.209999084472656,23.209999084472656,21.774368286132812,200
2023-11-06,23.229999542236328,23.229999542236328,23.200000762939453,23.200000762939453,21.76498794555664,300
2023-11-07,23.299999237060547,23.299999237060547,23.299999237060547,23.299999237060547,21.85880470275879,600
2023-11-08,23.299999237060547,23.299999237060547,23.299999237060547,23.299999237060547,21.85880470275879,0
2023-11-09,23.399999618530273,23.399999618530273,23.399999618530273,23.399999618530273,21.95261573791504,800
2023-11-10,23.399999618530273,23.399999618530273,23.399999618530273,23.399999618530273,21.95261573791504,0
2023-11-13,23.100000381469727,23.100000381469727,23.100000381469727,23.100000381469727,21.671175003051758,700
2023-11-14,23.1299991607666,23.219999313354492,23.1200008392334,23.1299991607666,21.69931983947754,1800
2023-11-15,23.0,23.0,22.989999771118164,23.0,21.57735824584961,500
2023-11-16,22.950000762939453,23.229999542236328,22.899999618530273,23.229999542236328,21.793128967285156,2800
2023-11-17,23.229999542236328,23.229999542236328,23.229999542236328,23.229999542236328,21.793128967285156,0
2023-11-20,23.229999542236328,23.229999542236328,23.229999542236328,23.229999542236328,21.793128967285156,200
2023-11-21,23.229999542236328,23.229999542236328,23.229999542236328,23.229999542236328,21.91387939453125,0
2023-11-22,23.25,23.25,23.25,23.25,21.932750701904297,500
2023-11-24,23.336999893188477,23.336999893188477,23.25,23.25,21.932750701904297,1000
2023-11-27,23.25,23.25,23.25,23.25,21.932750701904297,0
2023-11-28,23.350000381469727,23.350000381469727,23.350000381469727,23.350000381469727,22.027082443237305,400
2023-11-29,23.118999481201172,23.118999481201172,23.07699966430664,23.07699966430664,21.769550323486328,400
2023-11-30,23.200000762939453,23.350000381469727,23.200000762939453,23.350000381469727,22.027082443237305,2000
2023-12-01,23.350000381469727,23.350000381469727,23.350000381469727,23.350000381469727,22.027082443237305,0
2023-12-04,23.459999084472656,23.459999084472656,23.450000762939453,23.459999084472656,22.13085174560547,600
2023-12-05,23.350000381469727,23.350000381469727,23.350000381469727,23.350000381469727,22.027082443237305,700
2023-12-06,23.350000381469727,23.350000381469727,23.350000381469727,23.350000381469727,22.027082443237305,0
2023-12-07,23.350000381469727,23.350000381469727,23.350000381469727,23.350000381469727,22.027082443237305,200
2023-12-08,23.3799991607666,23.3799991607666,23.339000701904297,23.339000701904297,22.016706466674805,600
2023-12-11,23.209999084472656,23.209999084472656,23.110000610351562,23.110000610351562,21.80068016052246,700
2023-12-12,23.110000610351562,23.110000610351562,23.110000610351562,23.110000610351562,21.80068016052246,0
2023-12-13,23.110000610351562,23.110000610351562,23.110000610351562,23.110000610351562,21.80068016052246,300
2023-12-14,23.365999221801758,23.479999542236328,23.219999313354492,23.459999084472656,22.13085174560547,700
2023-12-15,23.479999542236328,23.549999237060547,23.479999542236328,23.549999237060547,22.215747833251953,2200
2023-12-18,23.670000076293945,23.700000762939453,23.65999984741211,23.68000030517578,22.3383846282959,4200
2023-12-19,23.700000762939453,23.75,23.700000762939453,23.75,22.4044189453125,500
2023-12-20,23.950000762939453,23.950000762939453,23.950000762939453,23.950000762939453,22.593090057373047,300
2023-12-21,23.670000076293945,23.68000030517578,23.65999984741211,23.65999984741211,22.439443588256836,500
2023-12-22,23.700000762939453,23.761999130249023,23.700000762939453,23.760000228881836,22.534286499023438,500
2023-12-26,23.760000228881836,23.760000228881836,23.75,23.75,22.524803161621094,500
2023-12-27,23.729999542236328,23.729999542236328,23.729999542236328,23.729999542236328,22.505836486816406,700
2023-12-28,23.799999237060547,23.799999237060547,23.738000869750977,23.75,22.524803161621094,4200
2023-12-29,23.75,23.950000762939453,23.74799919128418,23.75,22.524803161621094,36000
2024-01-02,23.75,23.819000244140625,23.75,23.819000244140625,22.59024429321289,1500
2024-01-03,23.777000427246094,23.93000030517578,23.777000427246094,23.93000030517578,22.695518493652344,6300
2024-01-04,23.8700008392334,23.899999618530273,23.849000930786133,23.899999618530273,22.667062759399414,2500
2024-01-05,23.899999618530273,23.989999771118164,23.899999618530273,23.981000900268555,22.743885040283203,2900
2024-01-08,23.948999404907227,24.479999542236328,23.899999618530273,24.479999542236328,23.217140197753906,2700
2024-01-09,24.149999618530273,24.450000762939453,23.8799991607666,24.450000762939453,23.188690185546875,3200
2024-01-10,24.19499969482422,24.3799991607666,24.149999618530273,24.3799991607666,23.122304916381836,4800
2024-01-11,24.010000228881836,24.360000610351562,24.010000228881836,24.360000610351562,23.103336334228516,900
2024-01-12,24.360000610351562,24.360000610351562,24.360000610351562,24.360000610351562,23.103336334228516,200
2024-01-16,24.3700008392334,24.399999618530273,24.3700008392334,24.399999618530273,23.141271591186523,800
2024-01-17,24.329999923706055,24.329999923706055,24.149999618530273,24.299999237060547,23.046424865722656,900
2024-01-18,24.299999237060547,24.399999618530273,24.299999237060547,24.399999618530273,23.141271591186523,900
2024-01-19,24.030000686645508,24.350000381469727,24.0,24.350000381469727,23.09385108947754,2400
2024-01-22,24.030000686645508,24.3700008392334,24.030000686645508,24.3700008392334,23.11281967163086,800
2024-01-23,24.3700008392334,24.3700008392334,24.3700008392334,24.3700008392334,23.2348575592041,0
2024-01-24,23.8700008392334,24.059999465942383,23.8700008392334,23.899999618530273,22.7867488861084,1400
2024-01-25,23.8700008392334,24.030000686645508,23.829999923706055,24.0,22.88208770751953,2800
2024-01-26,24.030000686645508,24.091999053955078,24.030000686645508,24.091999053955078,22.969806671142578,700
2024-01-29,24.091999053955078,24.091999053955078,24.091999053955078,24.091999053955078,22.969806671142578,0
2024-01-30,24.091999053955078,24.091999053955078,24.091999053955078,24.091999053955078,22.969806671142578,0
2024-01-31,24.091999053955078,24.091999053955078,24.091999053955078,24.091999053955078,22.969806671142578,0
2024-02-01,23.59000015258789,23.59000015258789,23.59000015258789,23.59000015258789,22.491188049316406,300
2024-02-02,23.96500015258789,23.96500015258789,23.96500015258789,23.96500015258789,22.848724365234375,400
2024-02-05,23.829999923706055,23.829999923706055,23.829999923706055,23.829999923706055,22.720008850097656,500
2024-02-06,23.829999923706055,23.829999923706055,23.829999923706055,23.829999923706055,22.720008850097656,0
2024-02-07,23.75,23.75,23.75,23.75,22.643735885620117,1100
2024-02-08,23.850000381469727,23.871999740600586,23.850000381469727,23.871999740600586,22.760053634643555,1400
2024-02-09,23.871999740600586,23.871999740600586,23.871999740600586,23.871999740600586,22.760053634643555,0
2024-02-12,23.649999618530273,23.899999618530273,23.6299991607666,23.899999618530273,22.7867488861084,700
2024-02-13,23.81999969482422,23.81999969482422,23.81999969482422,23.81999969482422,22.710474014282227,200
2024-02-14,23.68199920654297,23.68199920654297,23.68199920654297,23.68199920654297,22.578903198242188,300
2024-02-15,23.68199920654297,23.68199920654297,23.68199920654297,23.68199920654297,22.70160484313965,0
2024-02-16,23.670000076293945,23.670000076293945,23.670000076293945,23.670000076293945,22.690101623535156,200
2024-02-20,23.68000030517578,23.68000030517578,23.68000030517578,23.68000030517578,22.699684143066406,300
2024-02-21,23.68000030517578,23.68000030517578,23.68000030517578,23.68000030517578,22.699684143066406,0
2024-02-22,23.780000686645508,23.84000015258789,23.780000686645508,23.823999404907227,22.837724685668945,4100
2024-02-23,23.823999404907227,23.823999404907227,23.823999404907227,23.823999404907227,22.837724685668945,100
2024-02-26,23.850000381469727,23.867000579833984,23.829999923706055,23.829999923706055,22.84347915649414,3100
2024-02-27,23.829999923706055,23.829999923706055,23.829999923706055,23.829999923706055,22.84347915649414,0
2024-02-28,23.850000381469727,23.850000381469727,23.78499984741211,23.78499984741211,22.80034065246582,400
2024-02-29,23.790000915527344,23.809999465942383,23.790000915527344,23.809999465942383,22.824304580688477,400
2024-03-01,23.8799991607666,23.8799991607666,23.8799991607666,23.8799991607666,22.891407012939453,400
2024-03-04,23.899999618530273,23.899999618530273,23.899999618530273,23.899999618530273,22.910581588745117,500
2024-03-05,23.950000762939453,23.950000762939453,23.90999984741211,23.90999984741211,22.920166015625,400
2024-03-06,23.90999984741211,23.90999984741211,23.90999984741211,23.90999984741211,22.920166015625,0
2024-03-07,23.989999771118164,24.030000686645508,23.989999771118164,24.016000747680664,23.02177619934082,2100
2024-03-08,24.020000457763672,24.020000457763672,24.020000457763672,24.020000457763672,23.025611877441406,400
2024-03-11,24.020000457763672,24.020000457763672,24.020000457763672,24.020000457763672,23.025611877441406,0
2024-03-12,23.8799991607666,24.090999603271484,23.8799991607666,24.090999603271484,23.093671798706055,2800
2024-03-13,24.09000015258789,24.100000381469727,24.09000015258789,24.100000381469727,23.1023006439209,500
2024-03-14,24.100000381469727,24.100000381469727,24.100000381469727,24.100000381469727,23.1023006439209,0
2024-03-15,24.100000381469727,24.100000381469727,24.100000381469727,24.100000381469727,23.1023006439209,0
2024-03-18,23.990999221801758,23.996999740600586,23.989999771118164,23.989999771118164,23.119647979736328,1200
2024-03-19,24.049999237060547,24.049999237060547,24.024999618530273,24.049999237060547,23.177467346191406,1500
2024-03-20,24.1200008392334,24.1200008392334,24.1200008392334,24.1200008392334,23.244930267333984,400
2024-03-21,23.950000762939453,24.035999298095703,23.950000762939453,23.950000762939453,23.081098556518555,800
2024-03-22,23.950000762939453,23.950000762939453,23.7450008392334,23.8700008392334,23.003999710083008,1600
2024-03-25,23.843000411987305,23.8700008392334,23.6299991607666,23.6299991607666,22.772705078125,5400
2024-03-26,23.6299991607666,23.6299991607666,23.6299991607666,23.6299991607666,22.772705078125,0
2024-03-27,23.780000686645508,23.8799991607666,23.780000686645508,23.8799991607666,23.01363754272461,1100
2024-03-28,23.8799991607666,23.8799991607666,23.8799991607666,23.8799991607666,23.01363754272461,0
2024-04-01,23.979999542236328,23.979999542236328,23.979999542236328,23.979999542236328,23.110010147094727,200
2024-04-02,24.079999923706055,24.139999389648438,24.079999923706055,24.139999389648438,23.264204025268555,1300
2024-04-03,23.989999771118164,24.020000457763672,23.8799991607666,24.020000457763672,23.148557662963867,2500
2024-04-04,23.8799991607666,23.8799991607666,23.8799991607666,23.8799991607666,23.01363754272461,200
2024-04-05,23.920000076293945,23.97800064086914,23.920000076293945,23.97800064086914,23.108081817626953,200
2024-04-08,23.97800064086914,23.97800064086914,23.97800064086914,23.97800064086914,23.108081817626953,0
2024-04-09,23.97800064086914,23.97800064086914,23.97800064086914,23.97800064086914,23.108081817626953,0
2024-04-10,23.97800064086914,23.97800064086914,23.97800064086914,23.97800064086914,23.108081817626953,0
2024-04-11,23.8799991607666,23.8799991607666,23.8799991607666,23.8799991607666,23.01363754272461,600
2024-04-12,23.600000381469727,23.600000381469727,23.600000381469727,23.600000381469727,22.74379539489746,400
2024-04-15,23.600000381469727,23.600000381469727,23.600000381469727,23.600000381469727,22.74379539489746,0
2024-04-16,24.139999389648438,24.139999389648438,23.93000030517578,23.93000030517578,23.06182098388672,1100
2024-04-17,23.93000030517578,23.93000030517578,23.93000030517578,23.93000030517578,23.06182098388672,300
2024-04-18,23.899999618530273,23.899999618530273,23.899999618530273,23.899999618530273,23.156776428222656,400
2024-04-19,24.097999572753906,24.097999572753906,23.974000930786133,23.974000930786133,23.22847557067871,1400
2024-04-22,23.950000762939453,23.950000762939453,23.899999618530273,23.899999618530273,23.156776428222656,1100
2024-04-23,23.799999237060547,23.920000076293945,23.799999237060547,23.920000076293945,23.1761531829834,1200
2024-04-24,24.020000457763672,24.020000457763672,23.719999313354492,23.719999313354492,22.982372283935547,4500
2024-04-25,23.739999771118164,23.770000457763672,23.739999771118164,23.75,23.01144027709961,3300
2024-04-26,23.950000762939453,24.09000015258789,23.950000762939453,24.09000015258789,23.340866088867188,1700
2024-04-29,23.93000030517578,23.93000030517578,23.760000228881836,23.760000228881836,23.021129608154297,700
2024-04-30,24.079999923706055,24.079999923706055,23.899999618530273,23.979999542236328,23.23428726196289,1500
2024-05-01,23.950000762939453,23.996999740600586,23.8799991607666,23.950000762939453,23.20522117614746,2000
2024-05-02,23.959999084472656,24.018999099731445,23.959999084472656,23.959999084472656,23.214908599853516,1300
2024-05-03,23.959999084472656,24.02899932861328,23.959999084472656,24.007999420166016,23.261417388916016,1200
2024-05-06,24.030000686645508,24.15999984741211,24.010000228881836,24.0939998626709,23.344741821289062,8400
2024-05-07,24.094999313354492,24.15999984741211,23.799999237060547,24.010000228881836,23.263355255126953,6000
2024-05-08,24.15999984741211,24.15999984741211,24.010000228881836,24.010000228881836,23.263355255126953,900
2024-05-09,24.09000015258789,24.139999389648438,24.09000015258789,24.1299991607666,23.37962532043457,700
2024-05-10,23.950000762939453,24.040000915527344,23.950000762939453,24.040000915527344,23.292421340942383,1400
2024-05-13,24.110000610351562,24.15999984741211,24.0,24.0,23.253664016723633,5300
2024-05-14,24.139999389648438,24.139999389648438,24.104999542236328,24.104999542236328,23.35540008544922,500
2024-05-15,24.15999984741211,24.219999313354492,24.1200008392334,24.1200008392334,23.369935989379883,7100
2024-05-16,24.155000686645508,24.260000228881836,24.155000686645508,24.260000228881836,23.50558090209961,1400
2024-05-17,24.260000228881836,24.260000228881836,24.260000228881836,24.260000228881836,23.50558090209961,0
2024-05-20,24.110000610351562,24.219999313354492,24.110000610351562,24.219999313354492,23.591297149658203,900
2024-05-21,24.219999313354492,24.219999313354492,24.219999313354492,24.219999313354492,23.591297149658203,0
2024-05-22,24.110000610351562,24.110000610351562,24.010000228881836,24.010000228881836,23.386749267578125,700
2024-05-23,24.030000686645508,24.219999313354492,24.030000686645508,24.219999313354492,23.591297149658203,500
2024-05-24,24.200000762939453,24.200000762939453,24.200000762939453,24.200000762939453,23.57181739807129,300
2024-05-28,24.1299991607666,24.149999618530273,24.049999237060547,24.149999618530273,23.523113250732422,1400
2024-05-29,24.086999893188477,24.100000381469727,24.049999237060547,24.093000411987305,23.467594146728516,1300
2024-05-30,24.06999969482422,24.1200008392334,24.030000686645508,24.040000915527344,23.415969848632812,1200
2024-05-31,24.1200008392334,24.219999313354492,24.040000915527344,24.16200065612793,23.53480339050293,2200
2024-06-03,24.25,24.290000915527344,24.100000381469727,24.100000381469727,23.47441291809082,600
2024-06-04,24.200000762939453,24.200000762939453,24.100000381469727,24.135000228881836,23.508502960205078,1700
2024-06-05,24.100000381469727,24.100000381469727,23.989999771118164,23.989999771118164,23.367267608642578,800
2024-06-06,24.010000228881836,24.049999237060547,24.010000228881836,24.049999237060547,23.42570686340332,700
2024-06-07,24.059999465942383,24.149999618530273,23.989999771118164,24.149999618530273,23.523113250732422,1900
2024-06-10,24.190000534057617,24.190000534057617,24.010000228881836,24.149999618530273,23.523113250732422,2500
2024-06-11,24.049999237060547,24.149999618530273,24.049999237060547,24.149999618530273,23.523113250732422,600
2024-06-12,24.17099952697754,24.200000762939453,24.1299991607666,24.15999984741211,23.532852172851562,2900
2024-06-13,24.15999984741211,24.15999984741211,24.15999984741211,24.15999984741211,23.532852172851562,0
2024-06-14,24.219999313354492,24.259000778198242,24.219999313354492,24.259000778198242,23.62928581237793,500
2024-06-17,24.219999313354492,24.219999313354492,24.219999313354492,24.219999313354492,23.591297149658203,100
2024-06-18,24.20400047302246,24.20400047302246,24.20400047302246,24.20400047302246,23.70096778869629,300
2024-06-20,24.20400047302246,24.20400047302246,24.20400047302246,24.20400047302246,23.70096778869629,0
2024-06-21,24.239999771118164,24.239999771118164,24.190000534057617,24.229999542236328,23.726428985595703,2200
2024-06-24,24.07699966430664,24.139999389648438,24.07699966430664,24.079999923706055,23.579545974731445,2000
2024-06-25,24.229999542236328,24.229999542236328,24.09000015258789,24.1299991607666,23.628507614135742,1300
2024-06-26,24.1299991607666,24.1299991607666,24.1299991607666,24.1299991607666,23.628507614135742,0
2024-06-27,24.100000381469727,24.149999618530273,24.09000015258789,24.13800048828125,23.636341094970703,2400
2024-06-28,24.149999618530273,24.200000762939453,24.082000732421875,24.152999877929688,23.65102767944336,2000
2024-07-01,24.190000534057617,24.190000534057617,24.190000534057617,24.190000534057617,23.68726348876953,300
2024-07-02,24.200000762939453,24.267000198364258,24.200000762939453,24.23699951171875,23.73328399658203,5900
2024-07-03,24.079999923706055,24.25,24.079999923706055,24.25,23.74601173400879,5900
2024-07-05,24.200000762939453,24.219999313354492,24.200000762939453,24.219999313354492,23.716636657714844,800
2024-07-08,24.25,24.280000686645508,24.25,24.280000686645508,23.775390625,1000
2024-07-09,24.239999771118164,24.270000457763672,24.239999771118164,24.25,23.74601173400879,1500
2024-07-10,24.229999542236328,24.25,24.209999084472656,24.25,23.74601173400879,2000
2024-07-11,24.25,24.25,24.249000549316406,24.249000549316406,23.74503517150879,300
2024-07-12,24.180999755859375,24.200000762939453,24.180999755859375,24.200000762939453,23.697052001953125,500
2024-07-15,24.299999237060547,24.31999969482422,24.204999923706055,24.31999969482422,23.814556121826172,2100
2024-07-16,24.299999237060547,24.299999237060547,24.200000762939453,24.200000762939453,23.697052001953125,700
2024-07-17,24.200000762939453,24.256000518798828,24.190000534057617,24.256000518798828,23.751890182495117,700
2024-07-18,24.256000518798828,24.256000518798828,24.256000518798828,24.256000518798828,23.751890182495117,0
2024-07-19,24.256000518798828,24.256000518798828,24.256000518798828,24.256000518798828,23.877893447875977,0
2024-07-22,24.31999969482422,24.31999969482422,24.299999237060547,24.299999237060547,23.921207427978516,2300
2024-07-23,24.329999923706055,24.329999923706055,24.299999237060547,24.299999237060547,23.921207427978516,2400
2024-07-24,24.219999313354492,24.299999237060547,24.219999313354492,24.259000778198242,23.880847930908203,800
2024-07-25,24.229999542236328,24.229999542236328,24.020000457763672,24.149999618530273,23.773544311523438,1400
2024-07-26,24.10300064086914,24.23200035095215,24.10300064086914,24.23200035095215,23.854267120361328,2800
2024-07-29,24.23200035095215,24.23200035095215,24.23200035095215,24.23200035095215,23.854267120361328,0
2024-07-30,24.23200035095215,24.23200035095215,24.23200035095215,24.23200035095215,23.854267120361328,0
2024-07-31,24.229999542236328,24.309999465942383,24.229999542236328,24.260000228881836,23.8818302154541,1200
2024-08-01,24.309999465942383,24.309999465942383,24.27199935913086,24.299999237060547,23.921207427978516,1100
2024-08-02,24.329999923706055,24.34000015258789,24.31999969482422,24.329999923706055,23.95073890686035,2100
2024-08-05,24.31999969482422,24.479999542236328,24.31999969482422,24.350000381469727,23.970428466796875,3000
2024-08-06,24.302000045776367,24.302000045776367,24.229999542236328,24.229999542236328,23.852296829223633,1600
2024-08-07,24.350000381469727,24.350000381469727,24.350000381469727,24.350000381469727,23.970428466796875,300
2024-08-08,24.3799991607666,24.3799991607666,24.25,24.31800079345703,23.938926696777344,1700
2024-08-09,24.315000534057617,24.315000534057617,24.315000534057617,24.315000534057617,23.93597412109375,500
2024-08-12,24.3799991607666,24.3799991607666,24.31800079345703,24.31800079345703,23.938926696777344,1800
2024-08-13,24.3799991607666,24.399999618530273,24.3799991607666,24.399999618530273,24.019649505615234,1100
2024-08-14,24.280000686645508,24.420000076293945,24.280000686645508,24.34000015258789,23.960582733154297,1400
2024-08-15,24.34000015258789,24.34000015258789,24.34000015258789,24.34000015258789,23.960582733154297,0
2024-08-16,24.34000015258789,24.34000015258789,24.34000015258789,24.34000015258789,23.960582733154297,100
2024-08-19,24.34000015258789,24.3700008392334,24.34000015258789,24.3700008392334,23.9901180267334,2400
2024-08-20,24.28499984741211,24.399999618530273,24.28499984741211,24.399999618530273,24.146474838256836,1400
2024-08-21,24.399999618530273,24.399999618530273,24.25,24.25,23.998031616210938,700
2024-08-22,24.31100082397461,24.31100082397461,24.31100082397461,24.31100082397461,24.058399200439453,400
2024-08-23,24.309999465942383,24.399999618530273,24.309999465942383,24.399999618530273,24.146474838256836,700
2024-08-26,24.385000228881836,24.52400016784668,24.350000381469727,24.52400016784668,24.26918601989746,4000
2024-08-27,24.371999740600586,24.420000076293945,24.371999740600586,24.420000076293945,24.16626739501953,1900
2024-08-28,24.420000076293945,24.420000076293945,24.420000076293945,24.420000076293945,24.16626739501953,0
2024-08-29,24.420000076293945,24.420000076293945,24.388999938964844,24.420000076293945,24.16626739501953,1100
2024-08-30,24.420000076293945,24.420000076293945,24.417999267578125,24.417999267578125,24.16428565979004,700
2024-09-03,24.170000076293945,24.170000076293945,24.170000076293945,24.170000076293945,23.918865203857422,600
2024-09-04,24.25,24.43000030517578,24.25,24.43000030517578,24.176162719726562,700
2024-09-05,24.360000610351562,24.360000610351562,24.209999084472656,24.336000442504883,24.083139419555664,700
2024-09-06,24.399999618530273,24.399999618530273,24.399999618530273,24.399999618530273,24.146474838256836,200
2024-09-09,24.43000030517578,24.43000030517578,24.43000030517578,24.43000030517578,24.176162719726562,200
2024-09-10,24.399999618530273,24.43000030517578,24.329999923706055,24.4060001373291,24.15241241455078,2400
2024-09-11,24.459999084472656,24.459999084472656,24.309999465942383,24.31999969482422,24.067304611206055,1300
2024-09-12,24.3799991607666,24.3799991607666,24.3799991607666,24.3799991607666,24.126680374145508,200
2024-09-13,24.309999465942383,24.479999542236328,24.309999465942383,24.479999542236328,24.22564125061035,1800
2024-09-16,24.479999542236328,24.479999542236328,24.479999542236328,24.479999542236328,24.22564125061035,300
2024-09-17,24.479999542236328,24.479999542236328,24.479999542236328,24.479999542236328,24.22564125061035,0
2024-09-18,24.479999542236328,24.479999542236328,24.479999542236328,24.479999542236328,24.22564125061035,0
2024-09-19,24.350000381469727,24.351999282836914,24.350000381469727,24.351999282836914,24.09897232055664,1000
2024-09-20,24.351999282836914,24.351999282836914,24.351999282836914,24.351999282836914,24.22631072998047,0
2024-09-23,24.520000457763672,24.520000457763672,24.445999145507812,24.445999145507812,24.319826126098633,700
2024-09-24,24.540000915527344,24.864999771118164,24.40999984741211,24.5,24.37354850769043,1900
2024-09-25,24.538000106811523,24.538000106811523,24.538000106811523,24.538000106811523,24.411352157592773,300
2024-09-26,24.531999588012695,24.559999465942383,24.450000762939453,24.450000762939453,24.323806762695312,1800
2024-09-27,24.549999237060547,24.559999465942383,24.549999237060547,24.559999465942383,24.433238983154297,1600
2024-09-30,24.520000457763672,24.559999465942383,24.506999969482422,24.559999465942383,24.433238983154297,1000
2024-10-01,24.540000915527344,24.639999389648438,24.540000915527344,24.639999389648438,24.51282501220703,3100
2024-10-02,24.649999618530273,24.88599967956543,24.6200008392334,24.88599967956543,24.75755500793457,5000
2024-10-03,24.649999618530273,24.784000396728516,24.600000381469727,24.690000534057617,24.56256866455078,10300
2024-10-04,24.834999084472656,24.834999084472656,24.760000228881836,24.833999633789062,24.70582389831543,1200
2024-10-07,24.809999465942383,24.809999465942383,24.68000030517578,24.71500015258789,24.587438583374023,2700
2024-10-08,24.780000686645508,24.780000686645508,24.75,24.75,24.622257232666016,800
2024-10-09,24.767000198364258,24.767000198364258,24.709999084472656,24.709999084472656,24.58246421813965,1500
2024-10-10,24.70400047302246,24.739999771118164,24.59000015258789,24.729999542236328,24.60236167907715,2300
2024-10-11,24.6200008392334,24.790000915527344,24.6200008392334,24.790000915527344,24.662052154541016,1200
2024-10-14,24.790000915527344,24.79599952697754,24.674999237060547,24.71299934387207,24.58544921875,2300
2024-10-15,24.559999465942383,24.790000915527344,24.559999465942383,24.780000686645508,24.652103424072266,1700
2024-10-16,24.67799949645996,24.68000030517578,24.67799949645996,24.68000030517578,24.55261993408203,600
2024-10-17,24.674999237060547,24.674999237060547,24.674999237060547,24.674999237060547,24.547643661499023,600
2024-10-18,24.799999237060547,24.799999237060547,24.799999237060547,24.799999237060547,24.671998977661133,700
2024-10-21,24.649999618530273,24.649999618530273,24.600000381469727,24.600000381469727,24.600000381469727,500
2024-10-22,24.6299991607666,24.940000534057617,24.6299991607666,24.940000534057617,24.940000534057617,1100
2024-10-23,24.899999618530273,24.989999771118164,24.899999618530273,24.950000762939453,24.950000762939453,3600
2024-10-24,24.950000762939453,24.950000762939453,24.950000762939453,24.950000762939453,24.950000762939453,0
2024-10-25,24.964000701904297,24.964000701904297,24.84000015258789,24.84000015258789,24.84000015258789,3000
