Date,Open,High,Low,Close,Adj Close,Volume
1984-11-02,0.0,9.0,8.75,8.75,8.75,4950
1984-11-05,0.0,8.916666984558105,8.833333015441895,8.916666984558105,8.916666984558105,5250
1984-11-06,0.0,9.0,8.916666984558105,9.0,9.0,1950
1984-11-07,0.0,9.083333015441895,8.916666984558105,9.0,9.0,52500
1984-11-08,0.0,8.916666984558105,8.916666984558105,8.916666984558105,8.916666984558105,3300
1984-11-09,0.0,9.0,8.916666984558105,8.916666984558105,8.916666984558105,2100
1984-11-12,0.0,8.916666984558105,8.916666984558105,8.916666984558105,8.916666984558105,2250
1984-11-13,0.0,9.0,8.916666984558105,9.0,9.0,13200
1984-11-14,0.0,9.5,9.0,9.5,9.5,27450
1984-11-15,0.0,10.0,9.5,10.0,10.0,70800
1984-11-16,0.0,10.666666984558105,9.833333015441895,9.833333015441895,9.833333015441895,64200
1984-11-19,0.0,10.0,9.666666984558105,10.0,10.0,9450
1984-11-20,0.0,10.0,9.833333015441895,10.0,10.0,63450
1984-11-21,0.0,9.916666984558105,9.75,9.833333015441895,9.833333015441895,3450
1984-11-23,0.0,10.0,9.75,9.833333015441895,9.833333015441895,5100
1984-11-26,0.0,9.833333015441895,9.75,9.75,9.75,2250
1984-11-27,0.0,9.833333015441895,9.75,9.75,9.75,3900
1984-11-28,0.0,9.75,9.666666984558105,9.75,9.75,7950
1984-11-29,0.0,9.75,9.583333015441895,9.75,9.75,4650
1984-11-30,0.0,9.75,9.75,9.75,9.75,750
1984-12-03,0.0,9.666666984558105,9.5,9.5,9.5,8550
1984-12-04,0.0,9.5,9.333333015441895,9.416666984558105,9.416666984558105,18750
1984-12-05,0.0,9.833333015441895,9.583333015441895,9.583333015441895,9.583333015441895,12750
1984-12-06,0.0,9.75,9.416666984558105,9.75,9.75,2850
1984-12-07,0.0,9.75,9.583333015441895,9.75,9.75,5850
1984-12-10,0.0,9.666666984558105,9.583333015441895,9.583333015441895,9.583333015441895,1650
1984-12-11,0.0,9.583333015441895,9.5,9.5,9.5,6300
1984-12-12,0.0,9.666666984558105,9.666666984558105,9.666666984558105,9.666666984558105,3000
1984-12-13,0.0,9.666666984558105,9.583333015441895,9.666666984558105,9.666666984558105,6150
1984-12-14,0.0,9.666666984558105,9.666666984558105,9.666666984558105,9.666666984558105,150
1984-12-17,0.0,9.75,9.666666984558105,9.75,9.75,4500
1984-12-18,0.0,9.916666984558105,9.666666984558105,9.833333015441895,9.833333015441895,10800
1984-12-19,0.0,9.833333015441895,9.833333015441895,9.833333015441895,9.833333015441895,25350
1984-12-20,0.0,10.0,9.916666984558105,10.0,10.0,17400
1984-12-21,0.0,10.083333015441895,9.75,9.75,9.75,7950
1984-12-24,0.0,9.75,9.75,9.75,9.75,450
1984-12-26,0.0,10.333333015441895,9.916666984558105,10.333333015441895,10.333333015441895,30000
1984-12-27,0.0,10.416666984558105,10.333333015441895,10.416666984558105,10.416666984558105,3450
1984-12-28,0.0,10.333333015441895,10.333333015441895,10.333333015441895,10.333333015441895,5250
1984-12-31,0.0,10.583333015441895,10.0,10.583333015441895,10.583333015441895,27000
1985-01-02,0.0,10.666666984558105,10.5,10.666666984558105,10.666666984558105,89850
1985-01-03,0.0,10.5,10.333333015441895,10.333333015441895,10.333333015441895,4200
1985-01-04,0.0,10.25,10.166666984558105,10.25,10.25,1650
1985-01-07,0.0,10.5,10.25,10.25,10.25,10200
1985-01-08,0.0,10.666666984558105,10.416666984558105,10.666666984558105,10.666666984558105,55950
1985-01-09,0.0,10.666666984558105,10.416666984558105,10.5,10.5,7800
1985-01-10,0.0,10.583333015441895,10.416666984558105,10.416666984558105,10.416666984558105,10050
1985-01-11,0.0,10.583333015441895,10.416666984558105,10.583333015441895,10.583333015441895,32100
1985-01-14,0.0,10.583333015441895,10.416666984558105,10.416666984558105,10.416666984558105,10800
1985-01-15,0.0,11.166666984558105,10.5,11.166666984558105,11.166666984558105,180750
1985-01-16,0.0,11.833333015441895,11.0,11.666666984558105,11.666666984558105,260850
1985-01-17,0.0,11.916666984558105,11.166666984558105,11.916666984558105,11.916666984558105,130950
1985-01-18,0.0,12.583333015441895,11.583333015441895,12.583333015441895,12.583333015441895,142650
1985-01-21,0.0,12.416666984558105,11.666666984558105,12.333333015441895,12.333333015441895,95550
1985-01-22,0.0,13.0,12.333333015441895,12.666666984558105,12.666666984558105,251850
1985-01-23,0.0,12.666666984558105,12.333333015441895,12.5,12.5,59100
1985-01-24,0.0,12.666666984558105,12.416666984558105,12.666666984558105,12.666666984558105,35400
1985-01-25,0.0,12.916666984558105,12.583333015441895,12.916666984558105,12.916666984558105,87900
1985-01-28,0.0,13.75,13.0,13.5,13.5,172200
1985-01-29,0.0,13.333333015441895,12.666666984558105,13.166666984558105,13.166666984558105,294000
1985-01-30,0.0,14.0,13.333333015441895,13.666666984558105,13.666666984558105,165000
1985-01-31,0.0,14.0,13.666666984558105,14.0,14.0,493650
1985-02-01,0.0,14.5,14.0,14.25,14.25,127500
1985-02-04,0.0,14.416666984558105,14.083333015441895,14.25,14.25,78450
1985-02-05,0.0,14.333333015441895,13.75,13.916666984558105,13.916666984558105,243300
1985-02-06,0.0,14.083333015441895,13.75,13.916666984558105,13.916666984558105,51750
1985-02-07,0.0,14.083333015441895,13.75,14.083333015441895,14.083333015441895,64950
1985-02-08,0.0,14.333333015441895,14.083333015441895,14.083333015441895,14.083333015441895,39150
1985-02-11,0.0,14.333333015441895,13.5,13.833333015441895,13.833333015441895,100200
1985-02-12,0.0,14.0,13.833333015441895,13.916666984558105,13.916666984558105,18900
1985-02-13,0.0,13.75,13.083333015441895,13.416666984558105,13.416666984558105,42300
1985-02-14,0.0,13.416666984558105,13.166666984558105,13.333333015441895,13.333333015441895,41250
1985-02-15,0.0,13.416666984558105,13.25,13.416666984558105,13.416666984558105,12750
1985-02-19,0.0,13.333333015441895,13.25,13.25,13.25,208200
1985-02-20,0.0,14.083333015441895,13.25,14.0,14.0,68700
1985-02-21,0.0,15.0,14.333333015441895,14.833333015441895,14.833333015441895,40050
1985-02-22,0.0,15.833333015441895,14.916666984558105,15.416666984558105,15.416666984558105,341250
1985-02-25,0.0,16.166667938232422,15.416666984558105,15.416666984558105,15.416666984558105,97200
1985-02-26,0.0,16.5,15.666666984558105,16.5,16.5,202800
1985-02-27,0.0,16.416667938232422,16.0,16.25,16.25,24600
1985-02-28,0.0,16.5,16.333332061767578,16.416667938232422,16.416667938232422,150900
1985-03-01,0.0,17.25,16.083332061767578,17.25,17.25,177750
1985-03-04,0.0,17.25,15.833333015441895,16.333332061767578,16.333332061767578,132600
1985-03-05,0.0,16.416667938232422,16.166667938232422,16.25,16.25,94800
1985-03-06,0.0,16.916667938232422,16.333332061767578,16.75,16.75,109050
1985-03-07,0.0,16.833332061767578,16.5,16.583332061767578,16.583332061767578,55200
1985-03-08,0.0,16.583332061767578,16.25,16.333332061767578,16.333332061767578,42000
1985-03-11,0.0,16.166667938232422,16.0,16.0,16.0,9150
1985-03-12,0.0,16.166667938232422,15.833333015441895,16.0,16.0,60000
1985-03-13,0.0,16.166667938232422,15.833333015441895,15.833333015441895,15.833333015441895,19050
1985-03-14,0.0,15.75,15.666666984558105,15.75,15.75,13800
1985-03-15,0.0,16.0,15.916666984558105,15.916666984558105,15.916666984558105,5400
1985-03-18,0.0,16.166667938232422,16.0,16.166667938232422,16.166667938232422,6000
1985-03-19,0.0,16.083332061767578,15.666666984558105,15.666666984558105,15.666666984558105,26250
1985-03-20,0.0,15.75,15.666666984558105,15.75,15.75,4200
1985-03-21,0.0,15.833333015441895,15.666666984558105,15.833333015441895,15.833333015441895,56400
1985-03-22,0.0,16.0,15.666666984558105,15.666666984558105,15.666666984558105,9450
1985-03-25,0.0,16.166667938232422,15.833333015441895,16.083332061767578,16.083332061767578,49350
1985-03-26,0.0,16.25,16.083332061767578,16.25,16.25,2550
1985-03-27,0.0,16.333332061767578,16.083332061767578,16.25,16.25,14100
1985-03-28,0.0,16.166667938232422,16.083332061767578,16.083332061767578,16.083332061767578,10800
1985-03-29,0.0,16.083332061767578,16.083332061767578,16.083332061767578,16.083332061767578,150
1985-04-01,0.0,16.166667938232422,16.0,16.0,16.0,3750
1985-04-02,0.0,16.166667938232422,16.083332061767578,16.166667938232422,16.166667938232422,6000
1985-04-03,0.0,16.25,16.0,16.25,16.25,8250
1985-04-04,0.0,16.5,16.166667938232422,16.5,16.5,19650
1985-04-08,0.0,16.416667938232422,16.333332061767578,16.333332061767578,16.333332061767578,5250
1985-04-09,0.0,16.333332061767578,16.333332061767578,16.333332061767578,16.333332061767578,6900
1985-04-10,0.0,16.333332061767578,16.333332061767578,16.333332061767578,16.333332061767578,7800
1985-04-11,0.0,16.333332061767578,16.0,16.083332061767578,16.083332061767578,31200
1985-04-12,0.0,16.25,15.583333015441895,15.916666984558105,15.916666984558105,23550
1985-04-15,0.0,16.666667938232422,16.083332061767578,16.666667938232422,16.666667938232422,91650
1985-04-16,0.0,17.166667938232422,16.833332061767578,17.166667938232422,17.166667938232422,29400
1985-04-17,0.0,17.666667938232422,17.166667938232422,17.666667938232422,17.666667938232422,34200
1985-04-18,0.0,18.333332061767578,17.916667938232422,18.0,18.0,73350
1985-04-19,0.0,18.666667938232422,18.166667938232422,18.666667938232422,18.666667938232422,48900
1985-04-22,0.0,19.25,18.166667938232422,19.0,19.0,73650
1985-04-23,0.0,19.25,18.5,18.666667938232422,18.666667938232422,90000
1985-04-24,0.0,18.666667938232422,18.416667938232422,18.416667938232422,18.416667938232422,9900
1985-04-25,0.0,18.666667938232422,18.0,18.166667938232422,18.166667938232422,25800
1985-04-26,0.0,18.666667938232422,18.0,18.166667938232422,18.166667938232422,30750
1985-04-29,0.0,18.166667938232422,18.0,18.166667938232422,18.166667938232422,52200
1985-04-30,0.0,18.5,18.333332061767578,18.416667938232422,18.416667938232422,23250
1985-05-01,0.0,18.916667938232422,18.583332061767578,18.916667938232422,18.916667938232422,24600
1985-05-02,0.0,19.0,18.75,18.75,18.75,30150
1985-05-03,0.0,18.916667938232422,18.666667938232422,18.75,18.75,28200
1985-05-06,0.0,18.916667938232422,18.75,18.833332061767578,18.833332061767578,5400
1985-05-07,0.0,18.833332061767578,18.666667938232422,18.666667938232422,18.666667938232422,20250
1985-05-08,0.0,18.666667938232422,18.5,18.666667938232422,18.666667938232422,51900
1985-05-09,0.0,19.166667938232422,18.583332061767578,19.166667938232422,19.166667938232422,31650
1985-05-10,0.0,20.0,19.083332061767578,19.75,19.75,135150
1985-05-13,0.0,19.75,19.5,19.5,19.5,16500
1985-05-14,0.0,19.833332061767578,19.666667938232422,19.666667938232422,19.666667938232422,22800
1985-05-15,0.0,19.833332061767578,19.583332061767578,19.583332061767578,19.583332061767578,6750
1985-05-16,0.0,19.666667938232422,19.583332061767578,19.666667938232422,19.666667938232422,3900
1985-05-17,0.0,19.916667938232422,19.666667938232422,19.666667938232422,19.666667938232422,13800
1985-05-20,0.0,20.583332061767578,19.416667938232422,20.5,20.5,175650
1985-05-21,0.0,20.5,20.0,20.25,20.25,144750
1985-05-22,0.0,20.166667938232422,19.833332061767578,20.0,20.0,63900
1985-05-23,0.0,20.0,19.666667938232422,19.833332061767578,19.833332061767578,14550
1985-05-24,0.0,20.25,19.833332061767578,19.916667938232422,19.916667938232422,79050
1985-05-28,0.0,20.0,19.916667938232422,19.916667938232422,19.916667938232422,10200
1985-05-29,0.0,19.916667938232422,19.75,19.833332061767578,19.833332061767578,22500
1985-05-30,0.0,19.75,19.666667938232422,19.666667938232422,19.666667938232422,30750
1985-05-31,0.0,20.0,19.666667938232422,20.0,20.0,24450
1985-06-03,0.0,20.5,20.0,20.333332061767578,20.333332061767578,39300
1985-06-04,0.0,20.666667938232422,20.333332061767578,20.666667938232422,20.666667938232422,34950
1985-06-05,0.0,21.583332061767578,20.833332061767578,21.166667938232422,21.166667938232422,113100
1985-06-06,0.0,21.25,21.0,21.25,21.25,13050
1985-06-07,0.0,21.083332061767578,20.916667938232422,20.916667938232422,20.916667938232422,10650
1985-06-10,0.0,20.833332061767578,20.583332061767578,20.583332061767578,20.583332061767578,38400
1985-06-11,0.0,20.583332061767578,20.333332061767578,20.5,20.5,30300
1985-06-12,0.0,20.333332061767578,20.166667938232422,20.166667938232422,20.166667938232422,3600
1985-06-13,0.0,20.083332061767578,19.833332061767578,19.916667938232422,19.916667938232422,43650
1985-06-14,0.0,20.25,19.75,20.0,20.0,78300
1985-06-17,0.0,20.5,20.166667938232422,20.5,20.5,3000
1985-06-18,0.0,21.25,20.416667938232422,21.166667938232422,21.166667938232422,123150
1985-06-19,0.0,21.333332061767578,20.75,20.75,20.75,20850
1985-06-20,0.0,20.583332061767578,20.083332061767578,20.083332061767578,20.083332061767578,9450
1985-06-21,0.0,20.0,20.0,20.0,20.0,9000
1985-06-24,0.0,20.333332061767578,20.166667938232422,20.333332061767578,20.333332061767578,900
1985-06-25,0.0,20.333332061767578,20.333332061767578,20.333332061767578,20.333332061767578,8250
1985-06-26,0.0,20.333332061767578,20.166667938232422,20.333332061767578,20.333332061767578,45150
1985-06-27,0.0,20.833332061767578,20.5,20.666667938232422,20.666667938232422,23100
1985-06-28,0.0,21.0,20.833332061767578,20.916667938232422,20.916667938232422,37200
1985-07-01,20.916667938232422,20.916667938232422,20.916667938232422,20.916667938232422,20.916667938232422,0
1985-07-02,0.0,21.0,20.75,21.0,21.0,9300
1985-07-03,0.0,21.333332061767578,21.0,21.333332061767578,21.333332061767578,19500
1985-07-05,0.0,21.5,21.416667938232422,21.5,21.5,35700
1985-07-08,0.0,21.5,21.5,21.5,21.5,65400
1985-07-09,0.0,21.666667938232422,21.5,21.5,21.5,2400
1985-07-10,0.0,21.916667938232422,21.416667938232422,21.916667938232422,21.916667938232422,2550
1985-07-11,0.0,21.916667938232422,21.75,21.916667938232422,21.916667938232422,1500
1985-07-12,0.0,21.75,21.75,21.75,21.75,150
1985-07-15,0.0,21.583332061767578,21.5,21.5,21.5,6750
1985-07-16,0.0,21.583332061767578,21.25,21.5,21.5,17400
1985-07-17,0.0,22.083332061767578,21.833332061767578,21.916667938232422,21.916667938232422,19950
1985-07-18,0.0,22.0,21.5,21.5,21.5,5700
1985-07-19,0.0,22.0,20.833332061767578,21.416667938232422,21.416667938232422,103050
1985-07-22,0.0,21.25,20.5,20.833332061767578,20.833332061767578,67050
1985-07-23,0.0,20.75,20.5,20.5,20.5,30450
1985-07-24,0.0,20.5,20.25,20.333332061767578,20.333332061767578,19500
1985-07-25,0.0,20.416667938232422,20.083332061767578,20.166667938232422,20.166667938232422,75750
1985-07-26,0.0,20.333332061767578,20.083332061767578,20.25,20.25,20700
1985-07-29,0.0,20.166667938232422,19.916667938232422,19.916667938232422,19.916667938232422,52950
1985-07-30,0.0,20.333332061767578,20.083332061767578,20.333332061767578,20.333332061767578,6450
1985-07-31,0.0,20.916667938232422,20.333332061767578,20.916667938232422,20.916667938232422,7050
1985-08-01,0.0,20.75,20.666667938232422,20.666667938232422,20.666667938232422,10350
1985-08-02,0.0,20.666667938232422,20.5,20.666667938232422,20.666667938232422,1950
1985-08-05,0.0,20.5,20.5,20.5,20.5,4500
1985-08-06,0.0,20.416667938232422,20.25,20.25,20.25,16800
1985-08-07,0.0,20.083332061767578,19.916667938232422,19.916667938232422,19.916667938232422,3750
1985-08-08,0.0,20.0,19.75,20.0,20.0,8400
1985-08-09,0.0,20.0,20.0,20.0,20.0,1200
1985-08-12,0.0,20.0,20.0,20.0,20.0,3000
1985-08-13,0.0,20.0,19.916667938232422,19.916667938232422,19.916667938232422,13200
1985-08-14,0.0,19.833332061767578,19.833332061767578,19.833332061767578,19.833332061767578,3750
1985-08-15,0.0,20.0,19.833332061767578,19.833332061767578,19.833332061767578,4500
1985-08-16,0.0,19.916667938232422,19.583332061767578,19.583332061767578,19.583332061767578,3600
1985-08-19,19.583332061767578,19.583332061767578,19.583332061767578,19.583332061767578,19.583332061767578,0
1985-08-20,0.0,19.416667938232422,19.333332061767578,19.333332061767578,19.333332061767578,3750
1985-08-21,0.0,19.5,19.5,19.5,19.5,1350
1985-08-22,0.0,19.5,19.5,19.5,19.5,10950
1985-08-23,0.0,19.5,19.416667938232422,19.416667938232422,19.416667938232422,1200
1985-08-26,0.0,19.333332061767578,19.25,19.25,19.25,36900
1985-08-27,0.0,19.333332061767578,19.333332061767578,19.333332061767578,19.333332061767578,6750
1985-08-28,0.0,20.166667938232422,19.25,19.916667938232422,19.916667938232422,40350
1985-08-29,0.0,19.833332061767578,19.75,19.833332061767578,19.833332061767578,4050
1985-08-30,0.0,19.833332061767578,19.75,19.833332061767578,19.833332061767578,7500
1985-09-03,0.0,19.833332061767578,19.833332061767578,19.833332061767578,19.833332061767578,4500
1985-09-04,0.0,19.666667938232422,19.333332061767578,19.333332061767578,19.333332061767578,9600
1985-09-05,0.0,19.166667938232422,19.0,19.0,19.0,18150
1985-09-06,0.0,19.083332061767578,19.0,19.0,19.0,3000
1985-09-09,0.0,19.083332061767578,19.0,19.083332061767578,19.083332061767578,3900
1985-09-10,0.0,19.083332061767578,19.0,19.0,19.0,3300
1985-09-11,0.0,19.333332061767578,19.0,19.0,19.0,63300
1985-09-12,0.0,18.666667938232422,17.833332061767578,18.166667938232422,18.166667938232422,91050
1985-09-13,0.0,18.083332061767578,17.416667938232422,17.5,17.5,257400
1985-09-16,0.0,17.5,16.666667938232422,16.833332061767578,16.833332061767578,93900
1985-09-17,0.0,16.916667938232422,15.833333015441895,16.083332061767578,16.083332061767578,85950
1985-09-18,0.0,16.666667938232422,15.916666984558105,16.666667938232422,16.666667938232422,16800
1985-09-19,0.0,16.833332061767578,16.416667938232422,16.833332061767578,16.833332061767578,12900
1985-09-20,0.0,16.75,16.666667938232422,16.666667938232422,16.666667938232422,19200
1985-09-23,0.0,17.0,16.666667938232422,17.0,17.0,15300
1985-09-24,0.0,17.166667938232422,16.916667938232422,16.916667938232422,16.916667938232422,4200
1985-09-25,0.0,16.75,16.666667938232422,16.666667938232422,16.666667938232422,4350
1985-09-26,0.0,16.5,16.5,16.5,16.5,4500
1985-09-30,0.0,16.833332061767578,16.5,16.5,16.5,34050
1985-10-01,0.0,17.083332061767578,16.666667938232422,16.916667938232422,16.916667938232422,17550
1985-10-02,0.0,17.333332061767578,17.083332061767578,17.25,17.25,40650
1985-10-03,0.0,17.333332061767578,17.166667938232422,17.25,17.25,16650
1985-10-04,0.0,17.25,17.0,17.25,17.25,149850
1985-10-07,0.0,17.166667938232422,17.0,17.166667938232422,17.166667938232422,53550
1985-10-08,0.0,17.666667938232422,17.166667938232422,17.666667938232422,17.666667938232422,63900
1985-10-09,0.0,17.666667938232422,17.583332061767578,17.666667938232422,17.666667938232422,16200
1985-10-10,0.0,17.583332061767578,17.583332061767578,17.583332061767578,17.583332061767578,750
1985-10-11,0.0,18.0,17.583332061767578,18.0,18.0,22500
1985-10-14,0.0,17.916667938232422,17.833332061767578,17.833332061767578,17.833332061767578,6900
1985-10-15,0.0,17.833332061767578,17.75,17.75,17.75,2400
1985-10-16,0.0,18.166667938232422,17.833332061767578,18.083332061767578,18.083332061767578,54150
1985-10-17,0.0,18.0,17.666667938232422,17.666667938232422,17.666667938232422,15300
1985-10-18,0.0,18.0,17.5,17.5,17.5,9150
1985-10-21,0.0,17.666667938232422,17.583332061767578,17.666667938232422,17.666667938232422,21900
1985-10-22,0.0,17.916667938232422,17.583332061767578,17.666667938232422,17.666667938232422,30600
1985-10-23,0.0,17.75,17.5,17.666667938232422,17.666667938232422,283950
1985-10-24,0.0,17.833332061767578,17.666667938232422,17.75,17.75,12450
1985-10-25,0.0,17.833332061767578,17.833332061767578,17.833332061767578,17.833332061767578,3750
1985-10-28,0.0,17.916667938232422,17.916667938232422,17.916667938232422,17.916667938232422,450
1985-10-29,0.0,18.583332061767578,17.833332061767578,18.583332061767578,18.583332061767578,190500
1985-10-30,0.0,19.0,18.666667938232422,18.75,18.75,96450
1985-10-31,0.0,18.75,18.5,18.5,18.5,64350
1985-11-01,0.0,18.75,18.5,18.75,18.75,61350
1985-11-04,0.0,18.833332061767578,18.583332061767578,18.666667938232422,18.666667938232422,134250
1985-11-05,0.0,18.666667938232422,18.583332061767578,18.666667938232422,18.666667938232422,7050
1985-11-06,0.0,19.333332061767578,18.666667938232422,19.166667938232422,19.166667938232422,71550
1985-11-07,0.0,19.333332061767578,19.166667938232422,19.166667938232422,19.166667938232422,136050
1985-11-08,0.0,20.0,19.25,19.75,19.75,64950
1985-11-11,0.0,19.916667938232422,19.333332061767578,19.583332061767578,19.583332061767578,7500
1985-11-12,0.0,19.583332061767578,19.333332061767578,19.583332061767578,19.583332061767578,1350
1985-11-13,0.0,19.416667938232422,19.333332061767578,19.333332061767578,19.333332061767578,1800
1985-11-14,0.0,19.333332061767578,19.333332061767578,19.333332061767578,19.333332061767578,7050
1985-11-15,0.0,19.5,19.333332061767578,19.333332061767578,19.333332061767578,19800
1985-11-18,0.0,19.5,19.333332061767578,19.5,19.5,40050
1985-11-19,0.0,19.666667938232422,19.666667938232422,19.666667938232422,19.666667938232422,1650
1985-11-20,0.0,19.916667938232422,19.833332061767578,19.833332061767578,19.833332061767578,1800
1985-11-21,0.0,20.833332061767578,20.0,20.5,20.5,164850
1985-11-22,0.0,20.916667938232422,20.5,20.916667938232422,20.916667938232422,23400
1985-11-25,0.0,21.0,20.666667938232422,20.666667938232422,20.666667938232422,11250
1985-11-26,0.0,20.583332061767578,20.333332061767578,20.583332061767578,20.583332061767578,46350
1985-11-27,0.0,20.833332061767578,20.666667938232422,20.666667938232422,20.666667938232422,2700
1985-11-29,0.0,20.666667938232422,20.5,20.5,20.5,10350
1985-12-02,0.0,20.583332061767578,20.416667938232422,20.583332061767578,20.583332061767578,5250
1985-12-03,0.0,20.5,20.5,20.5,20.5,2850
1985-12-04,0.0,21.666667938232422,20.583332061767578,21.666667938232422,21.666667938232422,188100
1985-12-05,0.0,22.0,21.666667938232422,21.666667938232422,21.666667938232422,7800
1985-12-06,0.0,21.5,21.166667938232422,21.333332061767578,21.333332061767578,19200
1985-12-09,0.0,21.583332061767578,21.0,21.333332061767578,21.333332061767578,27150
1985-12-10,0.0,23.0,21.333332061767578,22.583332061767578,22.583332061767578,324900
1985-12-11,0.0,23.333332061767578,22.666667938232422,23.166667938232422,23.166667938232422,35100
1985-12-12,0.0,23.333332061767578,22.916667938232422,22.916667938232422,22.916667938232422,57450
1985-12-13,0.0,24.0,23.166667938232422,24.0,24.0,30300
1985-12-16,0.0,23.833332061767578,23.5,23.583332061767578,23.583332061767578,13350
1985-12-17,0.0,23.583332061767578,23.0,23.0,23.0,61650
1985-12-18,0.0,23.083332061767578,23.0,23.0,23.0,20400
1985-12-19,0.0,23.083332061767578,22.833332061767578,22.833332061767578,22.833332061767578,30150
1985-12-20,0.0,22.916667938232422,22.416667938232422,22.916667938232422,22.916667938232422,32400
1985-12-23,0.0,22.916667938232422,22.75,22.833332061767578,22.833332061767578,13500
1985-12-24,0.0,22.833332061767578,22.583332061767578,22.583332061767578,22.583332061767578,32400
1985-12-26,0.0,22.666667938232422,22.5,22.666667938232422,22.666667938232422,450
1985-12-27,0.0,22.666667938232422,22.583332061767578,22.583332061767578,22.583332061767578,450
1985-12-30,0.0,22.916667938232422,22.75,22.916667938232422,22.916667938232422,17550
1985-12-31,0.0,23.833332061767578,23.0,23.75,23.75,245850
1986-01-02,0.0,23.75,23.0,23.0,23.0,12300
1986-01-03,0.0,23.5,23.166667938232422,23.5,23.5,31500
1986-01-06,0.0,23.916667938232422,23.416667938232422,23.916667938232422,23.916667938232422,41850
1986-01-07,0.0,25.0,23.833332061767578,25.0,25.0,68850
1986-01-08,0.0,25.666667938232422,24.083332061767578,24.083332061767578,24.083332061767578,173100
1986-01-09,0.0,24.083332061767578,23.333332061767578,23.666667938232422,23.666667938232422,23550
1986-01-10,0.0,23.916667938232422,23.416667938232422,23.666667938232422,23.666667938232422,14250
1986-01-13,0.0,24.166667938232422,23.833332061767578,24.166667938232422,24.166667938232422,76500
1986-01-14,0.0,24.333332061767578,24.333332061767578,24.333332061767578,24.333332061767578,6150
1986-01-15,0.0,25.333332061767578,24.166667938232422,25.083332061767578,25.083332061767578,126600
1986-01-16,0.0,25.333332061767578,24.666667938232422,24.666667938232422,24.666667938232422,38700
1986-01-17,0.0,25.083332061767578,24.833332061767578,25.0,25.0,66000
1986-01-20,0.0,24.833332061767578,24.333332061767578,24.583332061767578,24.583332061767578,3900
1986-01-21,0.0,25.166667938232422,24.75,25.166667938232422,25.166667938232422,61200
1986-01-22,0.0,26.0,25.333332061767578,25.833332061767578,25.833332061767578,96600
1986-01-23,0.0,26.5,25.416667938232422,26.5,26.5,534600
1986-01-24,0.0,27.5,26.5,27.5,27.5,253500
1986-01-27,0.0,29.5,27.916667938232422,29.5,29.5,122700
1986-01-28,0.0,30.0,29.416667938232422,29.666667938232422,29.666667938232422,45750
1986-01-29,0.0,30.166667938232422,29.166667938232422,29.166667938232422,29.166667938232422,66600
1986-01-30,0.0,29.25,28.333332061767578,28.333332061767578,28.333332061767578,91050
1986-01-31,0.0,29.333332061767578,28.416667938232422,29.333332061767578,29.333332061767578,29100
1986-02-03,0.0,30.0,29.5,29.916667938232422,29.916667938232422,25200
1986-02-04,0.0,30.333332061767578,29.666667938232422,29.833332061767578,29.833332061767578,28950
1986-02-05,0.0,30.083332061767578,29.666667938232422,29.833332061767578,29.833332061767578,61050
1986-02-06,0.0,30.333332061767578,30.0,30.25,30.25,88800
1986-02-07,0.0,30.083332061767578,29.666667938232422,30.0,30.0,20550
1986-02-10,0.0,30.0,29.666667938232422,30.0,30.0,15900
1986-02-11,0.0,31.333332061767578,30.166667938232422,31.333332061767578,31.333332061767578,21000
1986-02-12,0.0,32.0,31.166667938232422,32.0,32.0,11850
1986-02-13,0.0,32.16666793823242,32.0,32.0,32.0,1200
1986-02-14,0.0,33.83333206176758,32.08333206176758,33.41666793823242,33.41666793823242,10500
1986-02-18,0.0,34.25,33.58333206176758,34.25,34.25,13950
1986-02-19,0.0,34.0,33.66666793823242,33.66666793823242,33.66666793823242,18300
1986-02-20,0.0,34.16666793823242,33.66666793823242,34.16666793823242,34.16666793823242,9300
1986-02-21,0.0,35.0,34.33333206176758,34.75,34.75,63750
1986-02-24,0.0,34.66666793823242,33.5,33.66666793823242,33.66666793823242,158850
1986-02-25,0.0,33.66666793823242,32.5,33.5,33.5,49800
1986-02-26,0.0,33.83333206176758,33.16666793823242,33.33333206176758,33.33333206176758,36000
1986-02-27,0.0,34.5,33.5,34.25,34.25,63150
1986-02-28,0.0,35.0,34.0,34.0,34.0,48450
1986-03-03,0.0,34.33333206176758,34.0,34.0,34.0,9900
1986-03-04,0.0,34.83333206176758,33.83333206176758,34.33333206176758,34.33333206176758,45150
1986-03-05,0.0,34.5,33.66666793823242,33.66666793823242,33.66666793823242,1800
1986-03-06,0.0,33.33333206176758,33.0,33.33333206176758,33.33333206176758,44100
1986-03-07,0.0,33.16666793823242,32.08333206176758,32.25,32.25,7650
1986-03-10,0.0,32.83333206176758,32.08333206176758,32.83333206176758,32.83333206176758,8550
1986-03-11,0.0,34.5,33.0,34.5,34.5,8850
1986-03-12,0.0,35.33333206176758,34.66666793823242,34.91666793823242,34.91666793823242,35850
1986-03-13,0.0,34.66666793823242,33.83333206176758,33.83333206176758,33.83333206176758,16050
1986-03-14,0.0,34.33333206176758,33.83333206176758,33.83333206176758,33.83333206176758,69300
1986-03-17,33.83333206176758,33.83333206176758,33.83333206176758,33.83333206176758,33.83333206176758,0
1986-03-18,0.0,34.16666793823242,33.5,33.66666793823242,33.66666793823242,72300
1986-03-19,0.0,33.83333206176758,33.16666793823242,33.66666793823242,33.66666793823242,48750
1986-03-20,0.0,34.0,33.16666793823242,33.41666793823242,33.41666793823242,101700
1986-03-21,0.0,33.66666793823242,32.33333206176758,32.33333206176758,32.33333206176758,32700
1986-03-24,0.0,32.83333206176758,32.0,32.83333206176758,32.83333206176758,54150
1986-03-25,0.0,33.08333206176758,32.83333206176758,33.08333206176758,33.08333206176758,30000
1986-03-26,0.0,33.16666793823242,33.0,33.16666793823242,33.16666793823242,12150
1986-03-27,0.0,34.5,33.33333206176758,34.5,34.5,15150
1986-03-31,0.0,35.66666793823242,34.33333206176758,35.5,35.5,77550
1986-04-01,0.0,35.66666793823242,34.5,34.66666793823242,34.66666793823242,10650
1986-04-02,0.0,34.83333206176758,33.66666793823242,34.33333206176758,34.33333206176758,16350
1986-04-03,0.0,34.75,33.5,33.5,33.5,31500
1986-04-04,0.0,33.66666793823242,32.83333206176758,33.08333206176758,33.08333206176758,41700
1986-04-07,0.0,32.66666793823242,32.16666793823242,32.33333206176758,32.33333206176758,71400
1986-04-08,0.0,33.16666793823242,32.08333206176758,33.0,33.0,18300
1986-04-09,0.0,33.66666793823242,33.25,33.33333206176758,33.33333206176758,58200
1986-04-10,0.0,33.75,33.08333206176758,33.75,33.75,31500
1986-04-11,0.0,35.33333206176758,34.0,34.66666793823242,34.66666793823242,117150
1986-04-14,0.0,36.41666793823242,35.33333206176758,36.08333206176758,36.08333206176758,184800
1986-04-15,0.0,36.33333206176758,35.33333206176758,35.91666793823242,35.91666793823242,147300
1986-04-16,0.0,35.83333206176758,35.33333206176758,35.83333206176758,35.83333206176758,47850
1986-04-17,0.0,36.66666793823242,36.0,36.58333206176758,36.58333206176758,35250
1986-04-18,0.0,38.33333206176758,36.5,38.25,38.25,193350
1986-04-21,0.0,38.08333206176758,37.5,37.66666793823242,37.66666793823242,23400
1986-04-22,0.0,37.58333206176758,36.33333206176758,36.33333206176758,36.33333206176758,91950
1986-04-23,0.0,36.41666793823242,35.0,35.0,35.0,84150
1986-04-24,0.0,35.66666793823242,34.33333206176758,34.91666793823242,34.91666793823242,182100
1986-04-25,0.0,35.66666793823242,34.91666793823242,35.25,35.25,45900
1986-04-28,0.0,35.5,34.0,35.5,35.5,95700
1986-04-29,0.0,36.66666793823242,35.91666793823242,36.66666793823242,36.66666793823242,29850
1986-04-30,0.0,36.66666793823242,35.16666793823242,35.91666793823242,35.91666793823242,20400
1986-05-01,0.0,35.91666793823242,35.75,35.75,35.75,19950
1986-05-02,0.0,35.75,35.75,35.75,35.75,1050
1986-05-05,0.0,36.08333206176758,35.58333206176758,36.08333206176758,36.08333206176758,6300
1986-05-06,0.0,36.0,35.75,35.91666793823242,35.91666793823242,4500
1986-05-07,0.0,36.0,35.83333206176758,35.91666793823242,35.91666793823242,10950
1986-05-08,0.0,37.66666793823242,36.08333206176758,37.41666793823242,37.41666793823242,55200
1986-05-09,0.0,37.91666793823242,37.33333206176758,37.58333206176758,37.58333206176758,66600
1986-05-12,0.0,37.75,37.0,37.16666793823242,37.16666793823242,35400
1986-05-13,0.0,37.25,37.0,37.0,37.0,4650
1986-05-14,0.0,37.16666793823242,36.5,37.16666793823242,37.16666793823242,37350
1986-05-15,0.0,36.83333206176758,36.0,36.0,36.0,44550
1986-05-16,0.0,36.0,35.5,36.0,36.0,31650
1986-05-19,0.0,37.16666793823242,36.16666793823242,36.58333206176758,36.58333206176758,27600
1986-05-20,0.0,36.83333206176758,36.5,36.58333206176758,36.58333206176758,16950
1986-05-21,0.0,36.91666793823242,36.58333206176758,36.66666793823242,36.66666793823242,23100
1986-05-22,0.0,36.41666793823242,36.33333206176758,36.33333206176758,36.33333206176758,9750
1986-05-23,0.0,36.83333206176758,36.33333206176758,36.83333206176758,36.83333206176758,10950
1986-05-27,0.0,37.66666793823242,36.66666793823242,37.66666793823242,37.66666793823242,13350
1986-05-28,0.0,37.83333206176758,37.66666793823242,37.75,37.75,7350
1986-05-29,0.0,37.83333206176758,37.66666793823242,37.75,37.75,6150
1986-05-30,0.0,37.66666793823242,37.16666793823242,37.58333206176758,37.58333206176758,10350
1986-06-02,0.0,37.41666793823242,36.66666793823242,36.66666793823242,36.66666793823242,34500
1986-06-03,0.0,36.5,36.33333206176758,36.5,36.5,6900
1986-06-04,0.0,36.33333206176758,35.91666793823242,35.91666793823242,35.91666793823242,2700
1986-06-05,0.0,35.91666793823242,35.16666793823242,35.25,35.25,7650
1986-06-06,0.0,35.16666793823242,34.66666793823242,35.08333206176758,35.08333206176758,38550
1986-06-09,0.0,35.91666793823242,34.66666793823242,35.91666793823242,35.91666793823242,48750
1986-06-10,0.0,36.16666793823242,35.83333206176758,35.83333206176758,35.83333206176758,19350
1986-06-11,0.0,35.66666793823242,35.5,35.58333206176758,35.58333206176758,25650
1986-06-12,0.0,35.83333206176758,35.33333206176758,35.33333206176758,35.33333206176758,32100
1986-06-13,0.0,36.16666793823242,35.25,35.41666793823242,35.41666793823242,36750
1986-06-16,0.0,36.66666793823242,35.58333206176758,36.5,36.5,19950
1986-06-17,0.0,39.0,36.41666793823242,38.91666793823242,38.91666793823242,43950
1986-06-18,0.0,39.0,37.66666793823242,37.66666793823242,37.66666793823242,21750
1986-06-19,0.0,38.66666793823242,38.0,38.5,38.5,11700
1986-06-20,0.0,38.5,38.16666793823242,38.33333206176758,38.33333206176758,4050
1986-06-23,0.0,39.33333206176758,38.5,39.0,39.0,16500
1986-06-24,0.0,39.16666793823242,38.66666793823242,38.83333206176758,38.83333206176758,8850
1986-06-25,0.0,39.41666793823242,39.0,39.0,39.0,15450
1986-06-26,0.0,38.83333206176758,37.83333206176758,37.83333206176758,37.83333206176758,19200
1986-06-27,0.0,38.5,37.0,38.33333206176758,38.33333206176758,40050
1986-06-30,0.0,39.0,38.25,38.25,38.25,25350
1986-07-01,0.0,38.25,37.5,37.5,37.5,46950
1986-07-02,0.0,37.33333206176758,37.33333206176758,37.33333206176758,37.33333206176758,600
1986-07-03,0.0,37.5,37.5,37.5,37.5,1200
1986-07-07,0.0,37.66666793823242,37.16666793823242,37.16666793823242,37.16666793823242,8700
1986-07-08,0.0,37.0,35.91666793823242,36.41666793823242,36.41666793823242,15600
1986-07-09,0.0,36.33333206176758,36.08333206176758,36.33333206176758,36.33333206176758,3600
1986-07-10,0.0,36.33333206176758,36.0,36.0,36.0,13200
1986-07-11,0.0,36.0,35.33333206176758,35.5,35.5,13050
1986-07-14,0.0,35.5,35.16666793823242,35.5,35.5,10950
1986-07-15,0.0,35.58333206176758,34.75,34.75,34.75,11100
1986-07-16,0.0,35.91666793823242,34.91666793823242,35.83333206176758,35.83333206176758,21750
1986-07-17,0.0,35.83333206176758,35.83333206176758,35.83333206176758,35.83333206176758,300
1986-07-18,0.0,35.83333206176758,35.66666793823242,35.83333206176758,35.83333206176758,7350
1986-07-21,0.0,37.0,36.0,36.83333206176758,36.83333206176758,88050
1986-07-22,0.0,36.91666793823242,36.66666793823242,36.91666793823242,36.91666793823242,13650
1986-07-23,0.0,37.75,37.0,37.58333206176758,37.58333206176758,18750
1986-07-24,0.0,38.0,37.33333206176758,37.41666793823242,37.41666793823242,39450
1986-07-25,0.0,37.33333206176758,37.16666793823242,37.33333206176758,37.33333206176758,10800
1986-07-28,0.0,37.66666793823242,36.66666793823242,36.66666793823242,36.66666793823242,8850
1986-07-29,0.0,36.66666793823242,36.5,36.5,36.5,17850
1986-07-30,0.0,36.33333206176758,36.0,36.0,36.0,1200
1986-07-31,0.0,36.08333206176758,35.66666793823242,35.66666793823242,35.66666793823242,7650
1986-08-01,0.0,35.5,35.08333206176758,35.08333206176758,35.08333206176758,8250
1986-08-04,0.0,35.16666793823242,35.0,35.08333206176758,35.08333206176758,39900
1986-08-05,0.0,35.08333206176758,34.75,34.75,34.75,9600
1986-08-06,0.0,35.16666793823242,34.83333206176758,35.0,35.0,3600
1986-08-07,0.0,35.16666793823242,34.91666793823242,35.16666793823242,35.16666793823242,2700
1986-08-08,0.0,35.25,35.16666793823242,35.16666793823242,35.16666793823242,7800
1986-08-11,0.0,35.33333206176758,35.16666793823242,35.33333206176758,35.33333206176758,20250
1986-08-12,0.0,35.41666793823242,35.16666793823242,35.33333206176758,35.33333206176758,71700
1986-08-13,0.0,36.33333206176758,35.33333206176758,36.0,36.0,14400
1986-08-14,0.0,36.33333206176758,36.0,36.25,36.25,54750
1986-08-15,0.0,36.5,36.33333206176758,36.33333206176758,36.33333206176758,13500
1986-08-18,0.0,36.5,36.16666793823242,36.33333206176758,36.33333206176758,9900
1986-08-19,0.0,36.41666793823242,36.16666793823242,36.16666793823242,36.16666793823242,14250
1986-08-20,0.0,36.08333206176758,35.5,35.5,35.5,7200
1986-08-21,0.0,36.0,35.66666793823242,36.0,36.0,9750
1986-08-22,0.0,36.0,35.83333206176758,36.0,36.0,4650
1986-08-25,0.0,35.83333206176758,35.5,35.5,35.5,6450
1986-08-26,0.0,35.66666793823242,35.58333206176758,35.66666793823242,35.66666793823242,2100
1986-08-27,0.0,36.16666793823242,35.41666793823242,35.41666793823242,35.41666793823242,12900
1986-08-28,0.0,35.83333206176758,35.16666793823242,35.16666793823242,35.16666793823242,21600
1986-08-29,0.0,35.41666793823242,35.33333206176758,35.33333206176758,35.33333206176758,4950
1986-09-02,0.0,35.58333206176758,35.0,35.0,35.0,51300
1986-09-03,0.0,34.83333206176758,34.5,34.66666793823242,34.66666793823242,67950
1986-09-04,0.0,34.83333206176758,34.16666793823242,34.41666793823242,34.41666793823242,24900
1986-09-05,0.0,34.33333206176758,33.16666793823242,33.16666793823242,33.16666793823242,28950
1986-09-08,0.0,33.25,32.08333206176758,32.08333206176758,32.08333206176758,23100
1986-09-09,0.0,32.75,32.25,32.75,32.75,34650
1986-09-10,0.0,32.91666793823242,32.75,32.75,32.75,11550
1986-09-11,0.0,32.66666793823242,32.16666793823242,32.16666793823242,32.16666793823242,33000
1986-09-12,0.0,32.33333206176758,32.0,32.0,32.0,29700
1986-09-15,0.0,32.08333206176758,31.5,31.5,31.5,27300
1986-09-16,0.0,31.333332061767578,30.916667938232422,31.333332061767578,31.333332061767578,37350
1986-09-17,0.0,31.833332061767578,31.5,31.666667938232422,31.666667938232422,24900
1986-09-18,0.0,31.833332061767578,31.666667938232422,31.666667938232422,31.666667938232422,18900
1986-09-19,0.0,31.75,31.333332061767578,31.666667938232422,31.666667938232422,16350
1986-09-22,0.0,32.0,31.666667938232422,32.0,32.0,6900
1986-09-23,0.0,32.33333206176758,32.16666793823242,32.16666793823242,32.16666793823242,3450
1986-09-24,0.0,32.16666793823242,32.0,32.0,32.0,2550
1986-09-25,0.0,32.16666793823242,32.0,32.16666793823242,32.16666793823242,20250
1986-09-26,0.0,32.33333206176758,32.33333206176758,32.33333206176758,32.33333206176758,2100
1986-09-29,0.0,32.33333206176758,32.08333206176758,32.16666793823242,32.16666793823242,12450
1986-09-30,0.0,32.66666793823242,32.33333206176758,32.66666793823242,32.66666793823242,4800
1986-10-01,0.0,33.83333206176758,32.83333206176758,33.83333206176758,33.83333206176758,44850
1986-10-02,0.0,34.33333206176758,33.66666793823242,34.33333206176758,34.33333206176758,3150
1986-10-03,0.0,34.16666793823242,33.83333206176758,33.91666793823242,33.91666793823242,1950
1986-10-06,0.0,33.75,33.58333206176758,33.66666793823242,33.66666793823242,2250
1986-10-07,0.0,33.83333206176758,33.66666793823242,33.83333206176758,33.83333206176758,3450
1986-10-08,0.0,34.0,34.0,34.0,34.0,300
1986-10-09,0.0,33.91666793823242,33.66666793823242,33.83333206176758,33.83333206176758,9600
1986-10-10,0.0,34.16666793823242,33.83333206176758,34.0,34.0,10050
1986-10-13,0.0,33.83333206176758,33.75,33.75,33.75,750
1986-10-14,0.0,34.16666793823242,33.83333206176758,34.0,34.0,6600
1986-10-15,0.0,34.66666793823242,33.91666793823242,34.66666793823242,34.66666793823242,23550
1986-10-16,0.0,34.58333206176758,34.5,34.5,34.5,9300
1986-10-17,0.0,34.83333206176758,34.58333206176758,34.83333206176758,34.83333206176758,2550
1986-10-20,0.0,34.66666793823242,34.58333206176758,34.66666793823242,34.66666793823242,17250
1986-10-21,0.0,34.58333206176758,34.5,34.58333206176758,34.58333206176758,3900
1986-10-22,0.0,34.91666793823242,34.66666793823242,34.83333206176758,34.83333206176758,16800
1986-10-23,0.0,36.0,34.83333206176758,36.0,36.0,25650
1986-10-24,0.0,37.0,36.0,36.5,36.5,28200
1986-10-27,0.0,38.66666793823242,36.66666793823242,38.41666793823242,38.41666793823242,62550
1986-10-28,0.0,39.33333206176758,37.83333206176758,39.33333206176758,39.33333206176758,57150
1986-10-29,0.0,40.5,39.33333206176758,39.5,39.5,91950
1986-10-30,0.0,39.66666793823242,38.5,38.66666793823242,38.66666793823242,20700
1986-10-31,0.0,39.08333206176758,38.83333206176758,39.08333206176758,39.08333206176758,10950
1986-11-03,0.0,40.33333206176758,38.83333206176758,39.91666793823242,39.91666793823242,29850
1986-11-04,0.0,40.16666793823242,39.16666793823242,40.0,40.0,27450
1986-11-05,0.0,40.33333206176758,39.75,40.25,40.25,22950
1986-11-06,0.0,40.16666793823242,39.75,39.75,39.75,9450
1986-11-07,0.0,39.66666793823242,39.33333206176758,39.33333206176758,39.33333206176758,5700
1986-11-10,0.0,39.0,38.5,38.58333206176758,38.58333206176758,386700
1986-11-11,0.0,38.5,35.91666793823242,35.91666793823242,35.91666793823242,46200
1986-11-12,0.0,37.25,36.16666793823242,36.91666793823242,36.91666793823242,35700
1986-11-13,0.0,36.91666793823242,36.0,36.25,36.25,6750
1986-11-14,0.0,38.83333206176758,36.25,38.83333206176758,38.83333206176758,74700
1986-11-17,0.0,38.58333206176758,37.33333206176758,37.83333206176758,37.83333206176758,25950
1986-11-18,0.0,37.75,36.25,36.25,36.25,15450
1986-11-19,0.0,35.83333206176758,34.58333206176758,34.66666793823242,34.66666793823242,96450
1986-11-20,0.0,35.83333206176758,34.83333206176758,35.66666793823242,35.66666793823242,9150
1986-11-21,0.0,36.08333206176758,35.83333206176758,36.0,36.0,5850
1986-11-24,0.0,36.5,36.08333206176758,36.16666793823242,36.16666793823242,6300
1986-11-25,0.0,36.25,35.58333206176758,35.66666793823242,35.66666793823242,28350
1986-11-26,0.0,36.33333206176758,35.75,36.16666793823242,36.16666793823242,5400
1986-11-28,0.0,36.66666793823242,36.33333206176758,36.66666793823242,36.66666793823242,6450
1986-12-01,0.0,36.66666793823242,36.33333206176758,36.33333206176758,36.33333206176758,4800
1986-12-02,0.0,36.41666793823242,36.0,36.41666793823242,36.41666793823242,8550
1986-12-03,0.0,36.58333206176758,36.41666793823242,36.58333206176758,36.58333206176758,1200
1986-12-04,0.0,36.66666793823242,36.33333206176758,36.33333206176758,36.33333206176758,7950
1986-12-05,0.0,36.5,36.16666793823242,36.5,36.5,10200
1986-12-08,0.0,36.41666793823242,36.16666793823242,36.16666793823242,36.16666793823242,10500
1986-12-09,0.0,36.25,36.08333206176758,36.08333206176758,36.08333206176758,19050
1986-12-10,0.0,36.25,36.16666793823242,36.16666793823242,36.16666793823242,7200
1986-12-11,0.0,36.66666793823242,36.33333206176758,36.58333206176758,36.58333206176758,9750
1986-12-12,0.0,36.58333206176758,36.33333206176758,36.41666793823242,36.41666793823242,59400
1986-12-15,0.0,36.25,35.91666793823242,35.91666793823242,35.91666793823242,6900
1986-12-16,0.0,36.16666793823242,35.83333206176758,35.83333206176758,35.83333206176758,24600
1986-12-17,0.0,35.75,35.33333206176758,35.75,35.75,29250
1986-12-18,0.0,36.0,35.58333206176758,35.58333206176758,35.58333206176758,16950
1986-12-19,0.0,35.58333206176758,35.5,35.58333206176758,35.58333206176758,36000
1986-12-22,0.0,35.75,35.41666793823242,35.66666793823242,35.66666793823242,41550
1986-12-23,0.0,35.66666793823242,35.5,35.5,35.5,10800
1986-12-24,0.0,35.5,35.33333206176758,35.33333206176758,35.33333206176758,77400
1986-12-26,0.0,35.5,35.33333206176758,35.5,35.5,18150
1986-12-29,0.0,35.58333206176758,35.5,35.5,35.5,178650
1986-12-30,0.0,35.83333206176758,35.66666793823242,35.75,35.75,44100
1986-12-31,0.0,35.66666793823242,35.58333206176758,35.58333206176758,35.58333206176758,21900
1987-01-02,0.0,35.83333206176758,35.58333206176758,35.83333206176758,35.83333206176758,2400
1987-01-05,0.0,36.91666793823242,36.0,36.75,36.75,17550
1987-01-06,0.0,37.83333206176758,36.91666793823242,37.5,37.5,20700
1987-01-07,0.0,39.16666793823242,37.83333206176758,39.08333206176758,39.08333206176758,84450
1987-01-08,0.0,39.16666793823242,38.66666793823242,38.66666793823242,38.66666793823242,67650
1987-01-09,0.0,38.66666793823242,37.66666793823242,37.66666793823242,37.66666793823242,14700
1987-01-12,0.0,38.0,37.5,37.83333206176758,37.83333206176758,20100
1987-01-13,0.0,38.0,38.0,38.0,38.0,10800
1987-01-14,0.0,38.83333206176758,38.0,38.66666793823242,38.66666793823242,15450
1987-01-15,0.0,38.75,38.16666793823242,38.33333206176758,38.33333206176758,84300
1987-01-16,0.0,38.33333206176758,38.08333206176758,38.08333206176758,38.08333206176758,3750
1987-01-19,0.0,38.16666793823242,37.75,37.75,37.75,9300
1987-01-20,0.0,38.0,37.5,37.75,37.75,120750
1987-01-21,0.0,37.83333206176758,37.58333206176758,37.58333206176758,37.58333206176758,10200
1987-01-22,0.0,38.0,37.41666793823242,38.0,38.0,20400
1987-01-23,0.0,37.83333206176758,37.0,37.33333206176758,37.33333206176758,27450
1987-01-26,0.0,37.16666793823242,36.75,36.91666793823242,36.91666793823242,2250
1987-01-27,0.0,37.33333206176758,37.0,37.33333206176758,37.33333206176758,24750
1987-01-28,0.0,37.33333206176758,37.16666793823242,37.16666793823242,37.16666793823242,4950
1987-01-29,0.0,37.33333206176758,36.83333206176758,37.25,37.25,36300
1987-01-30,0.0,37.5,37.0,37.33333206176758,37.33333206176758,90900
1987-02-02,0.0,37.41666793823242,36.66666793823242,36.66666793823242,36.66666793823242,4650
1987-02-03,0.0,38.16666793823242,36.0,37.66666793823242,37.66666793823242,138750
1987-02-04,0.0,38.08333206176758,37.5,37.75,37.75,26400
1987-02-05,0.0,37.91666793823242,37.66666793823242,37.83333206176758,37.83333206176758,310650
1987-02-06,0.0,38.08333206176758,37.91666793823242,38.08333206176758,38.08333206176758,20550
1987-02-09,0.0,38.16666793823242,37.66666793823242,37.66666793823242,37.66666793823242,31950
1987-02-10,37.66666793823242,37.66666793823242,37.66666793823242,37.66666793823242,37.66666793823242,0
1987-02-11,0.0,38.0,37.66666793823242,37.66666793823242,37.66666793823242,5700
1987-02-12,0.0,37.5,37.16666793823242,37.5,37.5,7200
1987-02-13,0.0,37.66666793823242,37.33333206176758,37.33333206176758,37.33333206176758,14100
1987-02-17,0.0,37.25,37.08333206176758,37.08333206176758,37.08333206176758,1050
1987-02-18,0.0,37.25,36.41666793823242,36.41666793823242,36.41666793823242,44250
1987-02-19,0.0,36.83333206176758,36.0,36.66666793823242,36.66666793823242,21300
1987-02-20,36.66666793823242,36.66666793823242,36.66666793823242,36.66666793823242,36.66666793823242,0
1987-02-23,0.0,36.83333206176758,36.5,36.83333206176758,36.83333206176758,3750
1987-02-24,0.0,37.0,36.58333206176758,36.58333206176758,36.58333206176758,1050
1987-02-25,0.0,36.66666793823242,36.33333206176758,36.33333206176758,36.33333206176758,2550
1987-02-26,0.0,36.66666793823242,36.33333206176758,36.66666793823242,36.66666793823242,4050
1987-02-27,0.0,37.0,36.66666793823242,37.0,37.0,17400
1987-03-02,0.0,37.16666793823242,37.0,37.16666793823242,37.16666793823242,5550
1987-03-03,0.0,37.33333206176758,36.83333206176758,36.83333206176758,36.83333206176758,11700
1987-03-04,0.0,36.91666793823242,36.75,36.91666793823242,36.91666793823242,750
1987-03-05,0.0,37.16666793823242,36.91666793823242,37.0,37.0,3300
1987-03-06,0.0,36.83333206176758,36.66666793823242,36.66666793823242,36.66666793823242,7800
1987-03-09,0.0,36.83333206176758,36.5,36.83333206176758,36.83333206176758,6450
1987-03-10,0.0,36.83333206176758,36.66666793823242,36.83333206176758,36.83333206176758,1350
1987-03-11,0.0,36.91666793823242,36.33333206176758,36.33333206176758,36.33333206176758,4500
1987-03-12,0.0,36.33333206176758,36.16666793823242,36.25,36.25,15750
1987-03-13,0.0,36.33333206176758,36.33333206176758,36.33333206176758,36.33333206176758,1650
1987-03-16,0.0,36.41666793823242,36.33333206176758,36.41666793823242,36.41666793823242,3300
1987-03-17,0.0,36.66666793823242,36.33333206176758,36.5,36.5,12000
1987-03-18,0.0,36.66666793823242,36.33333206176758,36.33333206176758,36.33333206176758,8850
1987-03-19,0.0,36.58333206176758,36.33333206176758,36.58333206176758,36.58333206176758,5250
1987-03-20,0.0,37.33333206176758,36.66666793823242,37.33333206176758,37.33333206176758,30450
1987-03-23,0.0,37.5,37.16666793823242,37.5,37.5,27450
1987-03-24,0.0,37.83333206176758,37.33333206176758,37.83333206176758,37.83333206176758,17850
1987-03-25,0.0,38.0,37.66666793823242,38.0,38.0,5550
1987-03-26,0.0,38.25,37.66666793823242,37.66666793823242,37.66666793823242,6000
1987-03-27,0.0,37.66666793823242,37.66666793823242,37.66666793823242,37.66666793823242,5100
1987-03-30,0.0,37.5,37.16666793823242,37.25,37.25,8100
1987-03-31,0.0,37.5,37.16666793823242,37.33333206176758,37.33333206176758,17100
1987-04-01,0.0,39.66666793823242,37.83333206176758,39.08333206176758,39.08333206176758,38250
1987-04-02,0.0,39.25,38.66666793823242,38.66666793823242,38.66666793823242,2250
1987-04-03,0.0,39.0,38.66666793823242,38.83333206176758,38.83333206176758,6600
1987-04-06,0.0,38.91666793823242,38.66666793823242,38.91666793823242,38.91666793823242,3300
1987-04-07,0.0,38.83333206176758,38.5,38.75,38.75,5850
1987-04-08,0.0,39.33333206176758,38.75,39.16666793823242,39.16666793823242,26850
1987-04-09,0.0,39.0,38.66666793823242,38.66666793823242,38.66666793823242,3450
1987-04-10,0.0,38.5,38.5,38.5,38.5,600
1987-04-13,0.0,38.33333206176758,38.0,38.0,38.0,3300
1987-04-14,0.0,37.83333206176758,36.83333206176758,36.83333206176758,36.83333206176758,4650
1987-04-15,0.0,37.16666793823242,36.66666793823242,36.66666793823242,36.66666793823242,4350
1987-04-16,0.0,36.66666793823242,36.5,36.66666793823242,36.66666793823242,5100
1987-04-20,0.0,36.66666793823242,36.41666793823242,36.66666793823242,36.66666793823242,4050
1987-04-21,0.0,36.66666793823242,36.5,36.5,36.5,3600
1987-04-22,0.0,36.41666793823242,36.0,36.0,36.0,8100
1987-04-23,0.0,35.83333206176758,35.41666793823242,35.5,35.5,3300
1987-04-24,0.0,35.66666793823242,35.5,35.66666793823242,35.66666793823242,1950
1987-04-27,0.0,35.83333206176758,35.33333206176758,35.83333206176758,35.83333206176758,2400
1987-04-28,0.0,35.66666793823242,35.5,35.5,35.5,12750
1987-04-29,0.0,36.25,35.66666793823242,36.08333206176758,36.08333206176758,3300
1987-04-30,0.0,36.41666793823242,36.16666793823242,36.41666793823242,36.41666793823242,1800
1987-05-01,0.0,36.25,36.08333206176758,36.08333206176758,36.08333206176758,750
1987-05-04,0.0,36.0,35.75,35.75,35.75,3600
1987-05-05,0.0,36.08333206176758,35.83333206176758,36.0,36.0,5700
1987-05-06,0.0,36.0,36.0,36.0,36.0,20550
1987-05-07,0.0,37.16666793823242,36.16666793823242,37.16666793823242,37.16666793823242,7800
1987-05-08,0.0,37.25,36.75,36.91666793823242,36.91666793823242,4500
1987-05-11,0.0,37.0,36.66666793823242,36.66666793823242,36.66666793823242,2400
1987-05-12,0.0,36.83333206176758,36.66666793823242,36.66666793823242,36.66666793823242,5550
1987-05-13,0.0,36.5,36.5,36.5,36.5,1500
1987-05-14,0.0,36.66666793823242,36.5,36.5,36.5,2400
1987-05-15,0.0,36.5,36.5,36.5,36.5,2100
1987-05-18,0.0,36.33333206176758,36.16666793823242,36.16666793823242,36.16666793823242,4500
1987-05-19,0.0,37.33333206176758,36.16666793823242,36.75,36.75,51750
1987-05-20,0.0,36.66666793823242,36.41666793823242,36.41666793823242,36.41666793823242,15450
1987-05-21,0.0,37.0,36.41666793823242,36.83333206176758,36.83333206176758,10350
1987-05-22,0.0,37.66666793823242,36.83333206176758,37.66666793823242,37.66666793823242,7350
1987-05-26,0.0,37.83333206176758,37.5,37.66666793823242,37.66666793823242,3300
1987-05-27,0.0,38.66666793823242,37.75,38.5,38.5,17400
1987-05-28,0.0,39.0,38.66666793823242,39.0,39.0,29400
1987-05-29,0.0,38.91666793823242,38.58333206176758,38.66666793823242,38.66666793823242,25800
1987-06-01,0.0,39.33333206176758,38.5,39.16666793823242,39.16666793823242,5550
1987-06-02,0.0,39.08333206176758,39.08333206176758,39.08333206176758,39.08333206176758,450
1987-06-03,0.0,40.33333206176758,39.25,40.16666793823242,40.16666793823242,7950
1987-06-04,0.0,40.5,39.75,39.75,39.75,4950
1987-06-05,0.0,39.75,39.33333206176758,39.33333206176758,39.33333206176758,2700
1987-06-08,0.0,39.5,39.5,39.5,39.5,600
1987-06-09,0.0,39.33333206176758,39.16666793823242,39.16666793823242,39.16666793823242,19200
1987-06-10,0.0,39.33333206176758,39.08333206176758,39.33333206176758,39.33333206176758,8250
1987-06-11,0.0,39.16666793823242,39.08333206176758,39.08333206176758,39.08333206176758,450
1987-06-12,0.0,39.0,39.0,39.0,39.0,1500
1987-06-15,0.0,39.0,38.83333206176758,38.83333206176758,38.83333206176758,2250
1987-06-16,0.0,38.66666793823242,37.66666793823242,38.0,38.0,6750
1987-06-17,0.0,38.0,37.83333206176758,37.83333206176758,37.83333206176758,750
1987-06-18,37.83333206176758,37.83333206176758,37.83333206176758,37.83333206176758,37.83333206176758,0
1987-06-19,0.0,37.91666793823242,37.91666793823242,37.91666793823242,37.91666793823242,150
1987-06-22,0.0,37.75,37.5,37.5,37.5,2550
1987-06-23,0.0,37.33333206176758,37.16666793823242,37.16666793823242,37.16666793823242,7050
1987-06-24,0.0,37.66666793823242,37.33333206176758,37.66666793823242,37.66666793823242,3900
1987-06-25,0.0,38.08333206176758,37.66666793823242,38.0,38.0,10200
1987-06-26,0.0,38.16666793823242,38.0,38.16666793823242,38.16666793823242,1650
1987-06-29,38.16666793823242,38.16666793823242,38.16666793823242,38.16666793823242,38.16666793823242,0
1987-06-30,0.0,38.16666793823242,37.83333206176758,37.83333206176758,37.83333206176758,1800
1987-07-01,0.0,38.0,37.91666793823242,38.0,38.0,1800
1987-07-02,0.0,38.16666793823242,38.16666793823242,38.16666793823242,38.16666793823242,300
1987-07-06,0.0,38.16666793823242,37.75,37.75,37.75,3750
1987-07-07,0.0,38.0,37.83333206176758,37.91666793823242,37.91666793823242,2850
1987-07-08,0.0,38.0,38.0,38.0,38.0,3450
1987-07-09,0.0,38.16666793823242,38.0,38.16666793823242,38.16666793823242,3450
1987-07-10,0.0,38.0,37.83333206176758,37.83333206176758,37.83333206176758,600
1987-07-13,0.0,37.91666793823242,37.41666793823242,37.41666793823242,37.41666793823242,3450
1987-07-14,0.0,37.75,37.41666793823242,37.66666793823242,37.66666793823242,17250
1987-07-15,0.0,37.66666793823242,37.33333206176758,37.41666793823242,37.41666793823242,6450
1987-07-16,37.41666793823242,37.41666793823242,37.41666793823242,37.41666793823242,37.41666793823242,0
1987-07-17,0.0,38.0,37.58333206176758,38.0,38.0,17700
1987-07-20,0.0,38.0,37.66666793823242,37.66666793823242,37.66666793823242,5100
1987-07-21,0.0,37.5,37.0,37.16666793823242,37.16666793823242,6300
1987-07-22,0.0,37.33333206176758,37.33333206176758,37.33333206176758,37.33333206176758,600
1987-07-23,0.0,37.66666793823242,37.5,37.66666793823242,37.66666793823242,1500
1987-07-24,0.0,38.0,37.58333206176758,37.75,37.75,13500
1987-07-27,0.0,37.58333206176758,37.33333206176758,37.33333206176758,37.33333206176758,23250
1987-07-28,0.0,37.66666793823242,37.33333206176758,37.66666793823242,37.66666793823242,2400
1987-07-29,0.0,37.5,37.25,37.25,37.25,1350
1987-07-30,37.25,37.25,37.25,37.25,37.25,0
1987-07-31,37.25,37.25,37.25,37.25,37.25,0
1987-08-03,0.0,37.41666793823242,37.41666793823242,37.41666793823242,37.41666793823242,1800
1987-08-04,0.0,37.5,37.33333206176758,37.33333206176758,37.33333206176758,1050
1987-08-05,0.0,37.25,36.16666793823242,36.83333206176758,36.83333206176758,181950
1987-08-06,0.0,37.75,36.83333206176758,37.33333206176758,37.33333206176758,97350
1987-08-07,0.0,37.5,37.16666793823242,37.16666793823242,37.16666793823242,6150
1987-08-10,0.0,38.33333206176758,37.33333206176758,38.33333206176758,38.33333206176758,69150
1987-08-11,0.0,39.25,38.66666793823242,39.25,39.25,28050
1987-08-12,0.0,40.0,39.33333206176758,39.83333206176758,39.83333206176758,24600
1987-08-13,0.0,40.0,39.66666793823242,39.91666793823242,39.91666793823242,9600
1987-08-14,0.0,39.83333206176758,39.58333206176758,39.83333206176758,39.83333206176758,3450
1987-08-17,0.0,39.91666793823242,39.58333206176758,39.58333206176758,39.58333206176758,1800
1987-08-18,0.0,39.66666793823242,39.0,39.0,39.0,4800
1987-08-19,0.0,38.91666793823242,38.66666793823242,38.75,38.75,6900
1987-08-20,0.0,38.91666793823242,38.75,38.75,38.75,450
1987-08-21,0.0,38.91666793823242,38.91666793823242,38.91666793823242,38.91666793823242,300
1987-08-24,0.0,38.75,38.5,38.66666793823242,38.66666793823242,8850
1987-08-25,0.0,39.0,38.66666793823242,38.83333206176758,38.83333206176758,12300
1987-08-26,0.0,39.0,38.83333206176758,38.83333206176758,38.83333206176758,8250
1987-08-27,0.0,38.66666793823242,38.33333206176758,38.5,38.5,14700
1987-08-28,0.0,38.66666793823242,38.33333206176758,38.33333206176758,38.33333206176758,6300
1987-08-31,0.0,38.58333206176758,38.33333206176758,38.33333206176758,38.33333206176758,8850
1987-09-01,0.0,38.5,38.08333206176758,38.08333206176758,38.08333206176758,7350
1987-09-02,0.0,38.0,37.5,37.5,37.5,8850
1987-09-03,0.0,37.58333206176758,37.5,37.5,37.5,3000
1987-09-04,0.0,38.0,37.5,37.83333206176758,37.83333206176758,12150
1987-09-08,0.0,38.0,37.58333206176758,37.66666793823242,37.66666793823242,5400
1987-09-09,0.0,37.5,37.33333206176758,37.33333206176758,37.33333206176758,600
1987-09-10,0.0,37.25,37.25,37.25,37.25,450
1987-09-11,0.0,37.25,37.25,37.25,37.25,150
1987-09-14,0.0,37.66666793823242,37.25,37.66666793823242,37.66666793823242,1950
1987-09-15,0.0,38.0,37.66666793823242,37.75,37.75,272400
1987-09-16,37.75,37.75,37.75,37.75,37.75,0
1987-09-17,37.75,37.75,37.75,37.75,37.75,0
1987-09-18,0.0,37.58333206176758,37.5,37.5,37.5,450
1987-09-21,0.0,37.33333206176758,37.08333206176758,37.08333206176758,37.08333206176758,1800
1987-09-22,0.0,37.0,36.91666793823242,37.0,37.0,1050
1987-09-23,0.0,36.75,35.58333206176758,35.58333206176758,35.58333206176758,14550
1987-09-24,0.0,36.25,35.66666793823242,36.25,36.25,6150
1987-09-25,0.0,36.08333206176758,36.0,36.0,36.0,13950
1987-09-28,0.0,36.0,35.91666793823242,35.91666793823242,35.91666793823242,300
1987-09-29,0.0,35.75,35.5,35.58333206176758,35.58333206176758,5100
1987-09-30,0.0,35.41666793823242,34.33333206176758,34.75,34.75,6900
1987-10-01,0.0,34.66666793823242,34.16666793823242,34.33333206176758,34.33333206176758,6300
1987-10-02,0.0,34.33333206176758,33.33333206176758,34.33333206176758,34.33333206176758,13650
1987-10-05,0.0,34.33333206176758,33.83333206176758,34.0,34.0,17400
1987-10-06,0.0,34.16666793823242,34.0,34.16666793823242,34.16666793823242,15150
1987-10-07,0.0,34.16666793823242,34.0,34.0,34.0,2250
1987-10-08,0.0,34.0,34.0,34.0,34.0,4800
1987-10-09,0.0,34.16666793823242,34.08333206176758,34.16666793823242,34.16666793823242,4500
1987-10-12,0.0,34.25,34.08333206176758,34.16666793823242,34.16666793823242,7200
1987-10-13,0.0,34.33333206176758,34.08333206176758,34.25,34.25,3150
1987-10-14,0.0,34.16666793823242,34.16666793823242,34.16666793823242,34.16666793823242,1500
1987-10-15,0.0,34.0,33.83333206176758,33.83333206176758,33.83333206176758,49800
1987-10-16,0.0,33.66666793823242,33.33333206176758,33.33333206176758,33.33333206176758,750
1987-10-19,0.0,32.16666793823242,26.666667938232422,26.666667938232422,26.666667938232422,44550
1987-10-20,0.0,21.0,20.0,20.833332061767578,20.833332061767578,182100
1987-10-21,0.0,23.416667938232422,21.333332061767578,23.333332061767578,23.333332061767578,45750
1987-10-22,0.0,22.75,22.416667938232422,22.5,22.5,90300
1987-10-23,0.0,22.583332061767578,21.75,22.0,22.0,267150
1987-10-26,0.0,20.833332061767578,20.0,20.583332061767578,20.583332061767578,27150
1987-10-27,0.0,20.833332061767578,20.416667938232422,20.833332061767578,20.833332061767578,9300
1987-10-28,0.0,22.0,20.333332061767578,20.666667938232422,20.666667938232422,33900
1987-10-29,0.0,20.5,20.333332061767578,20.5,20.5,6300
1987-10-30,0.0,22.166667938232422,20.75,22.0,22.0,30300
1987-11-02,0.0,23.5,22.333332061767578,23.166667938232422,23.166667938232422,188700
1987-11-03,0.0,22.916667938232422,22.0,22.333332061767578,22.333332061767578,29850
1987-11-04,0.0,22.5,22.333332061767578,22.5,22.5,24300
1987-11-05,0.0,24.0,22.5,23.833332061767578,23.833332061767578,30900
1987-11-06,0.0,23.666667938232422,23.333332061767578,23.333332061767578,23.333332061767578,18450
1987-11-09,0.0,23.5,22.833332061767578,23.166667938232422,23.166667938232422,6900
1987-11-10,0.0,22.916667938232422,22.25,22.416667938232422,22.416667938232422,31500
1987-11-11,0.0,22.583332061767578,22.416667938232422,22.416667938232422,22.416667938232422,5100
1987-11-12,0.0,23.25,22.75,22.916667938232422,22.916667938232422,4200
1987-11-13,0.0,22.916667938232422,22.416667938232422,22.5,22.5,5100
1987-11-16,0.0,22.666667938232422,22.5,22.666667938232422,22.666667938232422,1350
1987-11-17,0.0,22.5,21.833332061767578,21.916667938232422,21.916667938232422,5550
1987-11-18,0.0,22.0,21.333332061767578,21.333332061767578,21.333332061767578,7650
1987-11-19,0.0,21.166667938232422,20.0,20.333332061767578,20.333332061767578,117900
1987-11-20,0.0,20.583332061767578,20.5,20.583332061767578,20.583332061767578,1350
1987-11-23,0.0,20.583332061767578,20.333332061767578,20.333332061767578,20.333332061767578,7800
1987-11-24,0.0,21.166667938232422,20.5,21.166667938232422,21.166667938232422,6000
1987-11-25,0.0,21.333332061767578,21.333332061767578,21.333332061767578,21.333332061767578,300
1987-11-27,0.0,21.0,21.0,21.0,21.0,4800
1987-11-30,0.0,20.833332061767578,20.333332061767578,20.5,20.5,11400
1987-12-01,0.0,20.666667938232422,20.5,20.5,20.5,8250
1987-12-02,0.0,20.333332061767578,20.166667938232422,20.25,20.25,6450
1987-12-03,0.0,20.166667938232422,20.083332061767578,20.083332061767578,20.083332061767578,8850
1987-12-04,0.0,20.083332061767578,20.0,20.083332061767578,20.083332061767578,5400
1987-12-07,20.083332061767578,20.083332061767578,20.083332061767578,20.083332061767578,20.083332061767578,0
1987-12-08,0.0,20.5,20.0,20.5,20.5,7650
1987-12-09,0.0,20.333332061767578,20.0,20.0,20.0,3900
1987-12-10,0.0,20.0,19.833332061767578,20.0,20.0,2850
1987-12-11,0.0,20.333332061767578,20.083332061767578,20.166667938232422,20.166667938232422,5700
1987-12-14,0.0,20.666667938232422,20.333332061767578,20.5,20.5,14100
1987-12-15,0.0,20.583332061767578,20.166667938232422,20.583332061767578,20.583332061767578,7800
1987-12-16,0.0,20.833332061767578,20.0,20.5,20.5,9150
1987-12-17,0.0,20.833332061767578,20.583332061767578,20.666667938232422,20.666667938232422,23850
1987-12-18,0.0,21.666667938232422,20.833332061767578,21.666667938232422,21.666667938232422,38700
1987-12-21,0.0,22.0,21.666667938232422,21.666667938232422,21.666667938232422,4800
1987-12-22,0.0,21.916667938232422,21.416667938232422,21.916667938232422,21.916667938232422,5400
1987-12-23,0.0,22.416667938232422,22.083332061767578,22.166667938232422,22.166667938232422,3750
1987-12-24,0.0,22.5,22.083332061767578,22.083332061767578,22.083332061767578,5700
1987-12-28,0.0,22.0,21.25,21.5,21.5,21300
1987-12-29,0.0,21.5,21.5,21.5,21.5,6600
1987-12-30,0.0,21.666667938232422,21.5,21.5,21.5,4050
1987-12-31,0.0,21.666667938232422,21.333332061767578,21.666667938232422,21.666667938232422,9300
1988-01-04,0.0,21.916667938232422,21.666667938232422,21.666667938232422,21.666667938232422,1350
1988-01-05,0.0,22.666667938232422,21.833332061767578,22.666667938232422,22.666667938232422,13800
1988-01-06,0.0,23.083332061767578,22.666667938232422,23.083332061767578,23.083332061767578,4500
1988-01-07,0.0,24.0,23.083332061767578,24.0,24.0,13650
1988-01-08,0.0,24.333332061767578,23.916667938232422,23.916667938232422,23.916667938232422,4500
1988-01-11,0.0,24.166667938232422,24.0,24.083332061767578,24.083332061767578,750
1988-01-12,0.0,24.25,23.75,24.083332061767578,24.083332061767578,1350
1988-01-13,0.0,24.333332061767578,24.083332061767578,24.333332061767578,24.333332061767578,1650
1988-01-14,0.0,24.166667938232422,23.833332061767578,24.0,24.0,2400
1988-01-15,0.0,24.166667938232422,24.166667938232422,24.166667938232422,24.166667938232422,1500
1988-01-18,0.0,24.333332061767578,23.833332061767578,24.166667938232422,24.166667938232422,9300
1988-01-19,0.0,24.0,24.0,24.0,24.0,600
1988-01-20,0.0,24.0,24.0,24.0,24.0,4950
1988-01-21,0.0,23.916667938232422,23.833332061767578,23.916667938232422,23.916667938232422,600
1988-01-22,0.0,24.0,23.75,23.916667938232422,23.916667938232422,6150
1988-01-25,0.0,24.833332061767578,24.0,24.833332061767578,24.833332061767578,8850
1988-01-26,0.0,24.916667938232422,24.666667938232422,24.916667938232422,24.916667938232422,600
1988-01-27,24.916667938232422,24.916667938232422,24.916667938232422,24.916667938232422,24.916667938232422,0
1988-01-28,24.916667938232422,24.916667938232422,24.916667938232422,24.916667938232422,24.916667938232422,0
1988-01-29,0.0,24.833332061767578,24.666667938232422,24.833332061767578,24.833332061767578,900
1988-02-01,0.0,25.166667938232422,25.0,25.166667938232422,25.166667938232422,6300
1988-02-02,0.0,25.0,24.666667938232422,24.666667938232422,24.666667938232422,9450
1988-02-03,0.0,24.75,24.75,24.75,24.75,3150
1988-02-04,0.0,24.916667938232422,24.916667938232422,24.916667938232422,24.916667938232422,150
1988-02-05,0.0,25.333332061767578,24.916667938232422,25.333332061767578,25.333332061767578,3150
1988-02-08,0.0,25.5,25.166667938232422,25.5,25.5,1650
1988-02-09,0.0,26.0,25.5,25.916667938232422,25.916667938232422,11700
1988-02-10,0.0,26.083332061767578,25.916667938232422,26.083332061767578,26.083332061767578,5400
1988-02-11,0.0,26.416667938232422,25.916667938232422,26.25,26.25,12150
1988-02-12,0.0,26.666667938232422,26.416667938232422,26.5,26.5,3300
1988-02-16,0.0,26.333332061767578,26.333332061767578,26.333332061767578,26.333332061767578,900
1988-02-17,0.0,26.333332061767578,26.166667938232422,26.25,26.25,15300
1988-02-18,0.0,26.166667938232422,26.166667938232422,26.166667938232422,26.166667938232422,23100
1988-02-19,0.0,26.0,26.0,26.0,26.0,7800
1988-02-22,0.0,26.166667938232422,26.166667938232422,26.166667938232422,26.166667938232422,18900
1988-02-23,0.0,26.0,26.0,26.0,26.0,5850
1988-02-24,0.0,26.0,26.0,26.0,26.0,17400
1988-02-25,0.0,26.166667938232422,26.0,26.0,26.0,3150
1988-02-26,0.0,26.0,25.833332061767578,26.0,26.0,15750
1988-02-29,0.0,26.0,26.0,26.0,26.0,1650
1988-03-01,0.0,26.0,26.0,26.0,26.0,1050
1988-03-02,0.0,26.166667938232422,25.916667938232422,26.166667938232422,26.166667938232422,3450
1988-03-03,0.0,26.583332061767578,26.0,26.583332061767578,26.583332061767578,3450
1988-03-04,0.0,26.416667938232422,26.333332061767578,26.333332061767578,26.333332061767578,3000
1988-03-07,26.333332061767578,26.333332061767578,26.333332061767578,26.333332061767578,26.333332061767578,0
1988-03-08,0.0,26.166667938232422,26.166667938232422,26.166667938232422,26.166667938232422,4050
1988-03-09,0.0,26.083332061767578,26.083332061767578,26.083332061767578,26.083332061767578,150
1988-03-10,0.0,25.916667938232422,25.666667938232422,25.666667938232422,25.666667938232422,900
1988-03-11,0.0,25.583332061767578,25.5,25.5,25.5,450
1988-03-14,0.0,25.5,25.5,25.5,25.5,450
1988-03-15,0.0,25.5,25.5,25.5,25.5,450
1988-03-16,0.0,25.583332061767578,25.5,25.5,25.5,7800
1988-03-17,0.0,25.333332061767578,25.333332061767578,25.333332061767578,25.333332061767578,1200
1988-03-18,0.0,25.166667938232422,25.0,25.0,25.0,750
1988-03-21,0.0,24.833332061767578,24.666667938232422,24.666667938232422,24.666667938232422,2700
1988-03-22,0.0,24.833332061767578,24.833332061767578,24.833332061767578,24.833332061767578,2700
1988-03-23,0.0,24.666667938232422,24.5,24.5,24.5,1050
1988-03-24,0.0,24.666667938232422,24.666667938232422,24.666667938232422,24.666667938232422,900
1988-03-25,0.0,24.5,24.5,24.5,24.5,300
1988-03-28,0.0,24.333332061767578,24.333332061767578,24.333332061767578,24.333332061767578,150
1988-03-29,0.0,24.166667938232422,24.166667938232422,24.166667938232422,24.166667938232422,150
1988-03-30,24.166667938232422,24.166667938232422,24.166667938232422,24.166667938232422,24.166667938232422,0
1988-03-31,0.0,24.0,23.833332061767578,23.916667938232422,23.916667938232422,1800
1988-04-04,0.0,23.916667938232422,23.75,23.75,23.75,600
1988-04-05,0.0,23.916667938232422,23.916667938232422,23.916667938232422,23.916667938232422,300
1988-04-06,0.0,23.916667938232422,23.916667938232422,23.916667938232422,23.916667938232422,150
1988-04-07,23.916667938232422,23.916667938232422,23.916667938232422,23.916667938232422,23.916667938232422,0
1988-04-08,0.0,23.75,23.666667938232422,23.666667938232422,23.666667938232422,1500
1988-04-11,0.0,23.916667938232422,23.833332061767578,23.916667938232422,23.916667938232422,750
1988-04-12,0.0,24.0,24.0,24.0,24.0,150
1988-04-13,0.0,24.083332061767578,24.083332061767578,24.083332061767578,24.083332061767578,4200
1988-04-14,0.0,24.166667938232422,24.166667938232422,24.166667938232422,24.166667938232422,300
1988-04-15,0.0,24.25,24.25,24.25,24.25,300
1988-04-18,0.0,24.083332061767578,24.083332061767578,24.083332061767578,24.083332061767578,300
1988-04-19,0.0,24.166667938232422,24.166667938232422,24.166667938232422,24.166667938232422,300
1988-04-20,0.0,24.083332061767578,24.0,24.083332061767578,24.083332061767578,1050
1988-04-21,0.0,23.916667938232422,23.666667938232422,23.666667938232422,23.666667938232422,1950
1988-04-22,0.0,23.5,23.5,23.5,23.5,750
1988-04-25,0.0,23.5,23.5,23.5,23.5,2250
1988-04-26,0.0,23.5,23.333332061767578,23.333332061767578,23.333332061767578,600
1988-04-27,0.0,23.333332061767578,23.333332061767578,23.333332061767578,23.333332061767578,1500
1988-04-28,0.0,23.5,23.333332061767578,23.333332061767578,23.333332061767578,7500
1988-04-29,0.0,23.833332061767578,23.333332061767578,23.833332061767578,23.833332061767578,10650
1988-05-02,0.0,23.666667938232422,23.666667938232422,23.666667938232422,23.666667938232422,450
1988-05-03,0.0,23.833332061767578,23.666667938232422,23.833332061767578,23.833332061767578,1950
1988-05-04,0.0,23.916667938232422,23.916667938232422,23.916667938232422,23.916667938232422,150
1988-05-05,0.0,23.916667938232422,23.75,23.916667938232422,23.916667938232422,1800
1988-05-06,0.0,23.916667938232422,23.833332061767578,23.833332061767578,23.833332061767578,1650
1988-05-09,0.0,23.833332061767578,23.833332061767578,23.833332061767578,23.833332061767578,3450
1988-05-10,0.0,23.833332061767578,23.833332061767578,23.833332061767578,23.833332061767578,150
1988-05-11,0.0,23.833332061767578,23.666667938232422,23.666667938232422,23.666667938232422,1950
1988-05-12,23.666667938232422,23.666667938232422,23.666667938232422,23.666667938232422,23.666667938232422,0
1988-05-13,23.666667938232422,23.666667938232422,23.666667938232422,23.666667938232422,23.666667938232422,0
1988-05-16,0.0,23.5,23.5,23.5,23.5,300
1988-05-17,0.0,23.583332061767578,23.5,23.5,23.5,1950
1988-05-18,0.0,23.333332061767578,23.333332061767578,23.333332061767578,23.333332061767578,8250
1988-05-19,0.0,23.333332061767578,23.166667938232422,23.25,23.25,8550
1988-05-20,0.0,23.166667938232422,23.0,23.0,23.0,3750
1988-05-23,0.0,23.083332061767578,23.083332061767578,23.083332061767578,23.083332061767578,900
1988-05-24,0.0,23.0,23.0,23.0,23.0,750
1988-05-25,0.0,22.5,22.5,22.5,22.5,3000
1988-05-26,0.0,22.666667938232422,22.666667938232422,22.666667938232422,22.666667938232422,900
1988-05-27,0.0,22.5,22.5,22.5,22.5,3150
1988-05-31,0.0,22.5,22.5,22.5,22.5,750
1988-06-01,0.0,22.666667938232422,22.5,22.666667938232422,22.666667938232422,4500
1988-06-02,22.666667938232422,22.666667938232422,22.666667938232422,22.666667938232422,22.666667938232422,0
1988-06-03,22.666667938232422,22.666667938232422,22.666667938232422,22.666667938232422,22.666667938232422,0
1988-06-06,0.0,22.583332061767578,22.5,22.5,22.5,1500
1988-06-07,0.0,22.5,22.416667938232422,22.5,22.5,1650
1988-06-08,0.0,23.0,22.583332061767578,23.0,23.0,8700
1988-06-09,0.0,23.25,23.0,23.25,23.25,11850
1988-06-10,0.0,23.083332061767578,23.0,23.083332061767578,23.083332061767578,5250
1988-06-13,0.0,22.916667938232422,22.75,22.75,22.75,2250
1988-06-14,0.0,23.416667938232422,22.916667938232422,23.416667938232422,23.416667938232422,9300
1988-06-15,0.0,23.666667938232422,23.416667938232422,23.666667938232422,23.666667938232422,5550
1988-06-16,0.0,23.666667938232422,23.666667938232422,23.666667938232422,23.666667938232422,1950
1988-06-17,0.0,23.666667938232422,23.666667938232422,23.666667938232422,23.666667938232422,300
1988-06-20,0.0,23.583332061767578,23.5,23.583332061767578,23.583332061767578,900
1988-06-21,0.0,23.666667938232422,23.583332061767578,23.666667938232422,23.666667938232422,1500
1988-06-22,0.0,24.083332061767578,23.666667938232422,23.916667938232422,23.916667938232422,13050
1988-06-23,0.0,24.166667938232422,23.916667938232422,24.166667938232422,24.166667938232422,8250
1988-06-24,0.0,24.0,24.0,24.0,24.0,14550
1988-06-27,0.0,24.166667938232422,23.916667938232422,23.916667938232422,23.916667938232422,2100
1988-06-28,0.0,23.833332061767578,23.833332061767578,23.833332061767578,23.833332061767578,300
1988-06-29,0.0,24.0,24.0,24.0,24.0,450
1988-06-30,0.0,24.416667938232422,24.166667938232422,24.416667938232422,24.416667938232422,7200
1988-07-01,0.0,24.25,24.25,24.25,24.25,2550
1988-07-05,0.0,24.333332061767578,24.166667938232422,24.166667938232422,24.166667938232422,1200
1988-07-06,0.0,24.333332061767578,24.25,24.25,24.25,6450
1988-07-07,0.0,24.25,24.25,24.25,24.25,450
1988-07-08,0.0,24.583332061767578,24.25,24.583332061767578,24.583332061767578,10800
1988-07-11,0.0,24.416667938232422,24.083332061767578,24.083332061767578,24.083332061767578,3750
1988-07-12,0.0,24.166667938232422,24.083332061767578,24.083332061767578,24.083332061767578,4650
1988-07-13,0.0,24.166667938232422,24.0,24.0,24.0,13200
1988-07-14,0.0,23.833332061767578,23.833332061767578,23.833332061767578,23.833332061767578,3300
1988-07-15,0.0,23.916667938232422,23.666667938232422,23.666667938232422,23.666667938232422,6600
1988-07-18,0.0,23.5,23.333332061767578,23.5,23.5,45150
1988-07-19,0.0,23.666667938232422,23.666667938232422,23.666667938232422,23.666667938232422,7500
1988-07-20,0.0,23.666667938232422,23.666667938232422,23.666667938232422,23.666667938232422,750
1988-07-21,0.0,23.5,23.333332061767578,23.333332061767578,23.333332061767578,9300
1988-07-22,23.333332061767578,23.333332061767578,23.333332061767578,23.333332061767578,23.333332061767578,0
1988-07-25,0.0,23.166667938232422,22.666667938232422,22.833332061767578,22.833332061767578,10200
1988-07-26,0.0,22.75,22.583332061767578,22.75,22.75,22950
1988-07-27,22.75,22.75,22.75,22.75,22.75,0
1988-07-28,0.0,23.083332061767578,22.833332061767578,23.083332061767578,23.083332061767578,3000
1988-07-29,0.0,23.333332061767578,23.083332061767578,23.333332061767578,23.333332061767578,5850
1988-08-01,0.0,23.666667938232422,23.333332061767578,23.333332061767578,23.333332061767578,28050
1988-08-02,0.0,23.5,23.333332061767578,23.5,23.5,21600
1988-08-03,0.0,23.5,23.333332061767578,23.333332061767578,23.333332061767578,6000
1988-08-04,23.333332061767578,23.333332061767578,23.333332061767578,23.333332061767578,23.333332061767578,0
1988-08-05,0.0,23.5,23.5,23.5,23.5,7500
1988-08-08,0.0,23.666667938232422,23.666667938232422,23.666667938232422,23.666667938232422,3150
1988-08-09,0.0,23.666667938232422,23.666667938232422,23.666667938232422,23.666667938232422,10500
1988-08-10,0.0,23.5,23.25,23.333332061767578,23.333332061767578,12750
1988-08-11,0.0,23.25,23.25,23.25,23.25,1500
1988-08-12,0.0,22.833332061767578,22.833332061767578,22.833332061767578,22.833332061767578,13500
1988-08-15,0.0,22.75,22.75,22.75,22.75,750
1988-08-16,0.0,23.083332061767578,22.916667938232422,23.0,23.0,5250
1988-08-17,23.0,23.0,23.0,23.0,23.0,0
1988-08-18,0.0,22.833332061767578,22.833332061767578,22.833332061767578,22.833332061767578,2250
1988-08-19,0.0,22.833332061767578,22.833332061767578,22.833332061767578,22.833332061767578,1200
1988-08-22,0.0,22.833332061767578,22.833332061767578,22.833332061767578,22.833332061767578,3000
1988-08-23,0.0,22.833332061767578,22.833332061767578,22.833332061767578,22.833332061767578,300
1988-08-24,0.0,23.416667938232422,22.916667938232422,23.25,23.25,32400
1988-08-25,0.0,23.083332061767578,23.0,23.0,23.0,1650
1988-08-26,0.0,23.25,23.0,23.0,23.0,5250
1988-08-29,0.0,23.0,23.0,23.0,23.0,900
1988-08-30,0.0,23.0,23.0,23.0,23.0,150
1988-08-31,0.0,23.0,23.0,23.0,23.0,150
1988-09-01,23.0,23.0,23.0,23.0,23.0,0
1988-09-02,23.0,23.0,23.0,23.0,23.0,0
1988-09-06,0.0,23.166667938232422,22.916667938232422,22.916667938232422,22.916667938232422,8850
1988-09-07,0.0,23.25,23.166667938232422,23.166667938232422,23.166667938232422,6000
1988-09-08,0.0,23.166667938232422,23.166667938232422,23.166667938232422,23.166667938232422,1950
1988-09-09,0.0,23.5,23.333332061767578,23.5,23.5,3900
1988-09-12,0.0,23.5,23.5,23.5,23.5,15750
1988-09-13,0.0,23.666667938232422,23.416667938232422,23.666667938232422,23.666667938232422,5700
1988-09-14,0.0,24.916667938232422,23.666667938232422,24.916667938232422,24.916667938232422,23700
1988-09-15,0.0,25.666667938232422,25.0,25.666667938232422,25.666667938232422,1650
1988-09-16,0.0,26.416667938232422,25.833332061767578,26.083332061767578,26.083332061767578,4200
1988-09-19,0.0,26.166667938232422,26.0,26.166667938232422,26.166667938232422,6300
1988-09-20,0.0,26.0,26.0,26.0,26.0,750
1988-09-21,26.0,26.0,26.0,26.0,26.0,0
1988-09-22,0.0,26.5,26.333332061767578,26.333332061767578,26.333332061767578,2250
1988-09-23,0.0,26.416667938232422,26.083332061767578,26.083332061767578,26.083332061767578,3150
1988-09-26,0.0,26.166667938232422,26.166667938232422,26.166667938232422,26.166667938232422,2850
1988-09-27,0.0,26.5,26.333332061767578,26.333332061767578,26.333332061767578,1950
1988-09-28,0.0,26.5,26.333332061767578,26.333332061767578,26.333332061767578,7950
1988-09-29,26.333332061767578,26.333332061767578,26.333332061767578,26.333332061767578,26.333332061767578,0
1988-09-30,0.0,26.5,26.166667938232422,26.333332061767578,26.333332061767578,5700
1988-10-03,0.0,26.166667938232422,26.166667938232422,26.166667938232422,26.166667938232422,3450
1988-10-04,0.0,26.25,26.166667938232422,26.25,26.25,750
1988-10-05,26.25,26.25,26.25,26.25,26.25,0
1988-10-06,26.25,26.25,26.25,26.25,26.25,0
1988-10-07,0.0,26.333332061767578,26.166667938232422,26.333332061767578,26.333332061767578,6000
1988-10-10,0.0,26.5,26.5,26.5,26.5,150
1988-10-11,0.0,26.5,26.333332061767578,26.5,26.5,600
1988-10-12,0.0,26.416667938232422,26.333332061767578,26.416667938232422,26.416667938232422,5700
1988-10-13,0.0,26.25,26.166667938232422,26.166667938232422,26.166667938232422,12750
1988-10-14,0.0,26.333332061767578,26.333332061767578,26.333332061767578,26.333332061767578,77550
1988-10-17,0.0,27.0,26.5,26.833332061767578,26.833332061767578,3600
1988-10-18,0.0,27.666667938232422,27.166667938232422,27.666667938232422,27.666667938232422,2250
1988-10-19,0.0,27.5,27.333332061767578,27.333332061767578,27.333332061767578,750
1988-10-20,0.0,27.333332061767578,27.166667938232422,27.333332061767578,27.333332061767578,600
1988-10-21,0.0,28.166667938232422,27.5,28.166667938232422,28.166667938232422,2250
1988-10-24,0.0,28.333332061767578,28.333332061767578,28.333332061767578,28.333332061767578,450
1988-10-25,0.0,28.333332061767578,28.166667938232422,28.166667938232422,28.166667938232422,6150
1988-10-26,28.166667938232422,28.166667938232422,28.166667938232422,28.166667938232422,28.166667938232422,0
1988-10-27,0.0,28.083332061767578,27.916667938232422,28.083332061767578,28.083332061767578,1050
1988-10-28,0.0,27.75,26.666667938232422,26.666667938232422,26.666667938232422,6000
1988-10-31,0.0,26.5,26.5,26.5,26.5,1500
1988-11-01,0.0,26.583332061767578,26.416667938232422,26.583332061767578,26.583332061767578,2250
1988-11-02,0.0,26.5,26.333332061767578,26.5,26.5,3900
1988-11-03,0.0,26.5,26.416667938232422,26.5,26.5,1950
1988-11-04,0.0,26.416667938232422,26.25,26.25,26.25,6300
1988-11-07,0.0,26.5,26.333332061767578,26.5,26.5,750
1988-11-08,0.0,26.416667938232422,26.416667938232422,26.416667938232422,26.416667938232422,450
1988-11-09,0.0,26.333332061767578,26.25,26.333332061767578,26.333332061767578,1650
1988-11-10,0.0,26.333332061767578,26.166667938232422,26.333332061767578,26.333332061767578,9450
1988-11-11,0.0,26.333332061767578,26.166667938232422,26.25,26.25,5850
1988-11-14,0.0,26.083332061767578,25.666667938232422,25.666667938232422,25.666667938232422,5550
1988-11-15,0.0,25.833332061767578,25.833332061767578,25.833332061767578,25.833332061767578,150
1988-11-16,0.0,25.666667938232422,25.666667938232422,25.666667938232422,25.666667938232422,300
1988-11-17,0.0,25.416667938232422,25.083332061767578,25.083332061767578,25.083332061767578,5400
1988-11-18,25.083332061767578,25.083332061767578,25.083332061767578,25.083332061767578,25.083332061767578,0
1988-11-21,0.0,25.0,25.0,25.0,25.0,3000
1988-11-22,25.0,25.0,25.0,25.0,25.0,0
1988-11-23,25.0,25.0,25.0,25.0,25.0,0
1988-11-25,0.0,24.833332061767578,24.833332061767578,24.833332061767578,24.833332061767578,600
1988-11-28,0.0,24.833332061767578,24.833332061767578,24.833332061767578,24.833332061767578,6000
1988-11-29,0.0,25.0,24.833332061767578,25.0,25.0,1650
1988-11-30,25.0,25.0,25.0,25.0,25.0,0
1988-12-01,0.0,24.833332061767578,24.833332061767578,24.833332061767578,24.833332061767578,150
1988-12-02,0.0,25.333332061767578,25.0,25.166667938232422,25.166667938232422,14550
1988-12-05,0.0,25.0,24.75,25.0,25.0,13650
1988-12-06,0.0,25.166667938232422,25.083332061767578,25.083332061767578,25.083332061767578,300
1988-12-07,25.083332061767578,25.083332061767578,25.083332061767578,25.083332061767578,25.083332061767578,0
1988-12-08,0.0,25.0,24.916667938232422,24.916667938232422,24.916667938232422,600
1988-12-09,0.0,24.916667938232422,24.833332061767578,24.833332061767578,24.833332061767578,1500
1988-12-12,0.0,24.666667938232422,24.666667938232422,24.666667938232422,24.666667938232422,11250
1988-12-13,24.666667938232422,24.666667938232422,24.666667938232422,24.666667938232422,24.666667938232422,0
1988-12-14,0.0,24.5,24.166667938232422,24.166667938232422,24.166667938232422,3750
1988-12-15,24.166667938232422,24.166667938232422,24.166667938232422,24.166667938232422,24.166667938232422,0
1988-12-16,0.0,24.0,24.0,24.0,24.0,8400
1988-12-19,0.0,23.833332061767578,23.666667938232422,23.833332061767578,23.833332061767578,13200
1988-12-20,0.0,23.75,23.5,23.666667938232422,23.666667938232422,6900
1988-12-21,0.0,23.666667938232422,23.666667938232422,23.666667938232422,23.666667938232422,2400
1988-12-22,23.666667938232422,23.666667938232422,23.666667938232422,23.666667938232422,23.666667938232422,0
1988-12-23,0.0,23.666667938232422,23.666667938232422,23.666667938232422,23.666667938232422,300
1988-12-27,0.0,23.833332061767578,23.166667938232422,23.166667938232422,23.166667938232422,8700
1988-12-28,0.0,23.0,22.833332061767578,23.0,23.0,1200
1988-12-29,0.0,23.0,22.666667938232422,23.0,23.0,15150
1988-12-30,0.0,23.166667938232422,23.0,23.166667938232422,23.166667938232422,5700
1989-01-03,0.0,23.166667938232422,23.083332061767578,23.083332061767578,23.083332061767578,6150
1989-01-04,0.0,23.5,23.166667938232422,23.5,23.5,1950
1989-01-05,0.0,23.666667938232422,23.583332061767578,23.666667938232422,23.666667938232422,1200
1989-01-06,0.0,23.833332061767578,23.416667938232422,23.833332061767578,23.833332061767578,8100
1989-01-09,0.0,24.833332061767578,24.0,24.833332061767578,24.833332061767578,3300
1989-01-10,0.0,25.0,24.833332061767578,25.0,25.0,2850
1989-01-11,0.0,25.0,25.0,25.0,25.0,3450
1989-01-12,0.0,25.333332061767578,25.0,25.333332061767578,25.333332061767578,3450
1989-01-13,0.0,25.416667938232422,25.333332061767578,25.333332061767578,25.333332061767578,11250
1989-01-16,0.0,25.333332061767578,25.333332061767578,25.333332061767578,25.333332061767578,900
1989-01-17,0.0,25.166667938232422,25.0,25.0,25.0,1650
1989-01-18,0.0,25.166667938232422,25.166667938232422,25.166667938232422,25.166667938232422,750
1989-01-19,0.0,25.416667938232422,25.333332061767578,25.416667938232422,25.416667938232422,450
1989-01-20,0.0,25.416667938232422,25.416667938232422,25.416667938232422,25.416667938232422,600
1989-01-23,0.0,25.416667938232422,25.333332061767578,25.333332061767578,25.333332061767578,6750
1989-01-24,0.0,25.333332061767578,25.25,25.333332061767578,25.333332061767578,1200
1989-01-25,0.0,25.333332061767578,25.333332061767578,25.333332061767578,25.333332061767578,450
1989-01-26,25.333332061767578,25.333332061767578,25.333332061767578,25.333332061767578,25.333332061767578,0
1989-01-27,0.0,25.416667938232422,25.333332061767578,25.416667938232422,25.416667938232422,12150
1989-01-30,25.416667938232422,25.416667938232422,25.416667938232422,25.416667938232422,25.416667938232422,0
1989-01-31,25.416667938232422,25.416667938232422,25.416667938232422,25.416667938232422,25.416667938232422,0
1989-02-01,0.0,25.333332061767578,25.0,25.0,25.0,2550
1989-02-02,25.0,25.0,25.0,25.0,25.0,0
1989-02-03,0.0,25.166667938232422,25.166667938232422,25.166667938232422,25.166667938232422,300
1989-02-06,0.0,25.333332061767578,25.166667938232422,25.333332061767578,25.333332061767578,1950
1989-02-07,0.0,26.0,25.5,26.0,26.0,3600
1989-02-08,0.0,26.083332061767578,26.083332061767578,26.083332061767578,26.083332061767578,750
1989-02-09,0.0,26.25,26.25,26.25,26.25,150
1989-02-10,0.0,26.25,26.083332061767578,26.25,26.25,450
1989-02-13,0.0,26.083332061767578,26.0,26.0,26.0,1500
1989-02-14,26.0,26.0,26.0,26.0,26.0,0
1989-02-15,26.0,26.0,26.0,26.0,26.0,0
1989-02-16,0.0,26.166667938232422,26.0,26.0,26.0,31200
1989-02-17,0.0,26.25,26.083332061767578,26.083332061767578,26.083332061767578,1050
1989-02-21,26.083332061767578,26.083332061767578,26.083332061767578,26.083332061767578,26.083332061767578,0
1989-02-22,0.0,26.083332061767578,26.0,26.083332061767578,26.083332061767578,5100
1989-02-23,26.083332061767578,26.083332061767578,26.083332061767578,26.083332061767578,26.083332061767578,0
1989-02-24,0.0,25.916667938232422,25.916667938232422,25.916667938232422,25.916667938232422,300
1989-02-27,25.916667938232422,25.916667938232422,25.916667938232422,25.916667938232422,25.916667938232422,0
1989-02-28,25.916667938232422,25.916667938232422,25.916667938232422,25.916667938232422,25.916667938232422,0
1989-03-01,0.0,26.0,26.0,26.0,26.0,150
1989-03-02,26.0,26.0,26.0,26.0,26.0,0
1989-03-03,26.0,26.0,26.0,26.0,26.0,0
1989-03-06,0.0,25.916667938232422,25.916667938232422,25.916667938232422,25.916667938232422,2550
1989-03-07,0.0,26.0,26.0,26.0,26.0,4500
1989-03-08,26.0,26.0,26.0,26.0,26.0,0
1989-03-09,0.0,25.833332061767578,25.833332061767578,25.833332061767578,25.833332061767578,150
1989-03-10,0.0,25.833332061767578,25.666667938232422,25.666667938232422,25.666667938232422,750
1989-03-13,25.666667938232422,25.666667938232422,25.666667938232422,25.666667938232422,25.666667938232422,0
1989-03-14,25.666667938232422,25.666667938232422,25.666667938232422,25.666667938232422,25.666667938232422,0
1989-03-15,0.0,25.666667938232422,25.5,25.666667938232422,25.666667938232422,600
1989-03-16,25.666667938232422,25.666667938232422,25.666667938232422,25.666667938232422,25.666667938232422,0
1989-03-17,0.0,25.5,25.5,25.5,25.5,900
1989-03-20,0.0,25.5,25.5,25.5,25.5,3450
1989-03-21,0.0,25.5,25.333332061767578,25.5,25.5,600
1989-03-22,0.0,25.333332061767578,25.333332061767578,25.333332061767578,25.333332061767578,150
1989-03-23,0.0,25.166667938232422,25.166667938232422,25.166667938232422,25.166667938232422,450
1989-03-27,25.166667938232422,25.166667938232422,25.166667938232422,25.166667938232422,25.166667938232422,0
1989-03-28,0.0,25.0,24.666667938232422,24.75,24.75,1050
1989-03-29,0.0,24.583332061767578,24.333332061767578,24.333332061767578,24.333332061767578,750
1989-03-30,0.0,24.5,24.416667938232422,24.5,24.5,1800
1989-03-31,0.0,24.5,24.333332061767578,24.5,24.5,450
1989-04-03,0.0,24.833332061767578,24.583332061767578,24.75,24.75,1800
1989-04-04,0.0,24.75,24.75,24.75,24.75,21300
1989-04-05,0.0,24.916667938232422,24.916667938232422,24.916667938232422,24.916667938232422,300
1989-04-06,0.0,25.0,25.0,25.0,25.0,300
1989-04-07,25.0,25.0,25.0,25.0,25.0,0
1989-04-10,25.0,25.0,25.0,25.0,25.0,0
1989-04-11,0.0,24.833332061767578,24.5,24.5,24.5,3600
1989-04-12,0.0,24.5,24.5,24.5,24.5,4050
1989-04-13,24.5,24.5,24.5,24.5,24.5,0
1989-04-14,0.0,24.666667938232422,24.666667938232422,24.666667938232422,24.666667938232422,300
1989-04-17,0.0,24.5,24.5,24.5,24.5,600
1989-04-18,0.0,24.666667938232422,24.583332061767578,24.666667938232422,24.666667938232422,1500
1989-04-19,24.666667938232422,24.666667938232422,24.666667938232422,24.666667938232422,24.666667938232422,0
1989-04-20,0.0,24.5,24.5,24.5,24.5,300
1989-04-21,0.0,24.5,24.5,24.5,24.5,2550
1989-04-24,0.0,24.333332061767578,24.333332061767578,24.333332061767578,24.333332061767578,600
1989-04-25,24.333332061767578,24.333332061767578,24.333332061767578,24.333332061767578,24.333332061767578,0
1989-04-26,0.0,24.666667938232422,24.25,24.666667938232422,24.666667938232422,3750
1989-04-27,0.0,25.166667938232422,24.666667938232422,25.166667938232422,25.166667938232422,6750
1989-04-28,0.0,25.0,25.0,25.0,25.0,36900
1989-05-01,0.0,25.0,25.0,25.0,25.0,2700
1989-05-02,0.0,25.0,25.0,25.0,25.0,1800
1989-05-03,0.0,25.0,24.833332061767578,24.833332061767578,24.833332061767578,4500
1989-05-04,0.0,24.666667938232422,24.583332061767578,24.583332061767578,24.583332061767578,1050
1989-05-05,0.0,24.5,24.333332061767578,24.333332061767578,24.333332061767578,2400
1989-05-08,24.333332061767578,24.333332061767578,24.333332061767578,24.333332061767578,24.333332061767578,0
1989-05-09,24.333332061767578,24.333332061767578,24.333332061767578,24.333332061767578,24.333332061767578,0
1989-05-10,24.333332061767578,24.333332061767578,24.333332061767578,24.333332061767578,24.333332061767578,0
1989-05-11,24.333332061767578,24.333332061767578,24.333332061767578,24.333332061767578,24.333332061767578,0
1989-05-12,0.0,24.333332061767578,24.333332061767578,24.333332061767578,24.333332061767578,3000
1989-05-15,0.0,24.666667938232422,24.5,24.666667938232422,24.666667938232422,3000
1989-05-16,0.0,24.666667938232422,24.666667938232422,24.666667938232422,24.666667938232422,3000
1989-05-17,0.0,24.666667938232422,24.666667938232422,24.666667938232422,24.666667938232422,22350
1989-05-18,0.0,24.666667938232422,24.666667938232422,24.666667938232422,24.666667938232422,150
1989-05-19,24.666667938232422,24.666667938232422,24.666667938232422,24.666667938232422,24.666667938232422,0
1989-05-22,0.0,25.0,24.833332061767578,25.0,25.0,450
1989-05-23,25.0,25.0,25.0,25.0,25.0,0
1989-05-24,0.0,25.166667938232422,25.0,25.0,25.0,1500
1989-05-25,0.0,25.333332061767578,25.0,25.333332061767578,25.333332061767578,1650
1989-05-26,25.333332061767578,25.333332061767578,25.333332061767578,25.333332061767578,25.333332061767578,0
1989-05-30,25.333332061767578,25.333332061767578,25.333332061767578,25.333332061767578,25.333332061767578,0
1989-05-31,0.0,25.333332061767578,25.25,25.25,25.25,7500
1989-06-01,0.0,25.25,25.25,25.25,25.25,450
1989-06-02,0.0,25.416667938232422,25.416667938232422,25.416667938232422,25.416667938232422,150
1989-06-05,0.0,25.666667938232422,25.583332061767578,25.666667938232422,25.666667938232422,600
1989-06-06,0.0,26.833332061767578,25.833332061767578,26.75,26.75,5700
1989-06-07,26.75,26.75,26.75,26.75,26.75,0
1989-06-08,0.0,26.833332061767578,26.833332061767578,26.833332061767578,26.833332061767578,300
1989-06-09,0.0,27.333332061767578,27.0,27.333332061767578,27.333332061767578,1800
1989-06-12,0.0,27.833332061767578,27.333332061767578,27.666667938232422,27.666667938232422,3000
1989-06-13,0.0,27.666667938232422,27.666667938232422,27.666667938232422,27.666667938232422,1950
1989-06-14,0.0,27.666667938232422,27.666667938232422,27.666667938232422,27.666667938232422,1200
1989-06-15,0.0,27.666667938232422,27.666667938232422,27.666667938232422,27.666667938232422,1950
1989-06-16,27.666667938232422,27.666667938232422,27.666667938232422,27.666667938232422,27.666667938232422,0
1989-06-19,27.666667938232422,27.666667938232422,27.666667938232422,27.666667938232422,27.666667938232422,0
1989-06-20,27.666667938232422,27.666667938232422,27.666667938232422,27.666667938232422,27.666667938232422,0
1989-06-21,0.0,27.666667938232422,27.666667938232422,27.666667938232422,27.666667938232422,750
1989-06-22,0.0,27.666667938232422,27.666667938232422,27.666667938232422,27.666667938232422,300
1989-06-23,0.0,27.666667938232422,27.666667938232422,27.666667938232422,27.666667938232422,750
1989-06-26,27.666667938232422,27.666667938232422,27.666667938232422,27.666667938232422,27.666667938232422,0
1989-06-27,0.0,27.5,27.333332061767578,27.333332061767578,27.333332061767578,1800
1989-06-28,27.333332061767578,27.333332061767578,27.333332061767578,27.333332061767578,27.333332061767578,0
1989-06-29,0.0,26.75,26.583332061767578,26.583332061767578,26.583332061767578,12300
1989-06-30,0.0,26.416667938232422,26.083332061767578,26.083332061767578,26.083332061767578,1050
1989-07-03,0.0,25.916667938232422,25.833332061767578,25.833332061767578,25.833332061767578,1950
1989-07-05,25.833332061767578,25.833332061767578,25.833332061767578,25.833332061767578,25.833332061767578,0
1989-07-06,0.0,26.333332061767578,26.0,26.333332061767578,26.333332061767578,1200
1989-07-07,0.0,26.333332061767578,26.166667938232422,26.333332061767578,26.333332061767578,3450
1989-07-10,26.333332061767578,26.333332061767578,26.333332061767578,26.333332061767578,26.333332061767578,0
1989-07-11,0.0,26.666667938232422,26.5,26.666667938232422,26.666667938232422,3150
1989-07-12,0.0,27.083332061767578,26.833332061767578,27.083332061767578,27.083332061767578,1350
1989-07-13,0.0,26.916667938232422,26.916667938232422,26.916667938232422,26.916667938232422,300
1989-07-14,0.0,26.916667938232422,26.916667938232422,26.916667938232422,26.916667938232422,150
1989-07-17,0.0,26.916667938232422,26.916667938232422,26.916667938232422,26.916667938232422,300
1989-07-18,0.0,26.833332061767578,26.666667938232422,26.833332061767578,26.833332061767578,6300
1989-07-19,0.0,26.833332061767578,26.833332061767578,26.833332061767578,26.833332061767578,1050
1989-07-20,26.833332061767578,26.833332061767578,26.833332061767578,26.833332061767578,26.833332061767578,0
1989-07-21,26.833332061767578,26.833332061767578,26.833332061767578,26.833332061767578,26.833332061767578,0
1989-07-24,26.833332061767578,26.833332061767578,26.833332061767578,26.833332061767578,26.833332061767578,0
1989-07-25,0.0,27.333332061767578,26.833332061767578,27.333332061767578,27.333332061767578,226500
1989-07-26,27.333332061767578,27.333332061767578,27.333332061767578,27.333332061767578,27.333332061767578,0
1989-07-27,0.0,27.0,27.0,27.0,27.0,600
1989-07-28,27.0,27.0,27.0,27.0,27.0,0
1989-07-31,0.0,27.166667938232422,27.083332061767578,27.083332061767578,27.083332061767578,300
1989-08-01,0.0,27.083332061767578,27.0,27.0,27.0,2550
1989-08-02,0.0,27.0,27.0,27.0,27.0,300
1989-08-03,0.0,27.25,27.166667938232422,27.25,27.25,450
1989-08-04,27.25,27.25,27.25,27.25,27.25,0
1989-08-07,0.0,27.333332061767578,27.333332061767578,27.333332061767578,27.333332061767578,150
1989-08-08,0.0,27.833332061767578,27.5,27.833332061767578,27.833332061767578,1200
1989-08-09,0.0,28.916667938232422,28.0,28.916667938232422,28.916667938232422,3450
1989-08-10,0.0,31.166667938232422,29.5,31.166667938232422,31.166667938232422,7200
1989-08-11,0.0,31.166667938232422,31.0,31.166667938232422,31.166667938232422,2400
1989-08-14,0.0,31.083332061767578,30.666667938232422,31.0,31.0,3450
1989-08-15,0.0,31.083332061767578,31.0,31.0,31.0,9600
1989-08-16,0.0,31.333332061767578,31.333332061767578,31.333332061767578,31.333332061767578,750
1989-08-17,0.0,31.166667938232422,31.166667938232422,31.166667938232422,31.166667938232422,150
1989-08-18,0.0,31.333332061767578,31.333332061767578,31.333332061767578,31.333332061767578,150
1989-08-21,0.0,31.5,31.416667938232422,31.416667938232422,31.416667938232422,1200
1989-08-22,0.0,32.0,31.416667938232422,32.0,32.0,1050
1989-08-23,0.0,32.66666793823242,31.916667938232422,32.66666793823242,32.66666793823242,2100
1989-08-24,0.0,33.41666793823242,32.75,33.33333206176758,33.33333206176758,11700
1989-08-25,0.0,33.33333206176758,33.16666793823242,33.33333206176758,33.33333206176758,4950
1989-08-28,0.0,34.0,33.5,34.0,34.0,1200
1989-08-29,0.0,34.0,33.66666793823242,33.66666793823242,33.66666793823242,6900
1989-08-30,0.0,33.66666793823242,33.58333206176758,33.58333206176758,33.58333206176758,1050
1989-08-31,0.0,33.66666793823242,33.58333206176758,33.58333206176758,33.58333206176758,1950
1989-09-01,33.58333206176758,33.58333206176758,33.58333206176758,33.58333206176758,33.58333206176758,0
1989-09-05,0.0,33.75,33.5,33.75,33.75,2850
1989-09-06,0.0,33.91666793823242,33.91666793823242,33.91666793823242,33.91666793823242,450
1989-09-07,0.0,34.66666793823242,34.08333206176758,34.66666793823242,34.66666793823242,3150
1989-09-08,34.66666793823242,34.66666793823242,34.66666793823242,34.66666793823242,34.66666793823242,0
1989-09-11,0.0,34.5,34.33333206176758,34.33333206176758,34.33333206176758,750
1989-09-12,34.33333206176758,34.33333206176758,34.33333206176758,34.33333206176758,34.33333206176758,0
1989-09-13,34.33333206176758,34.33333206176758,34.33333206176758,34.33333206176758,34.33333206176758,0
1989-09-14,34.33333206176758,34.33333206176758,34.33333206176758,34.33333206176758,34.33333206176758,0
1989-09-15,0.0,34.16666793823242,34.16666793823242,34.16666793823242,34.16666793823242,1500
1989-09-18,34.16666793823242,34.16666793823242,34.16666793823242,34.16666793823242,34.16666793823242,0
1989-09-19,0.0,34.16666793823242,34.16666793823242,34.16666793823242,34.16666793823242,300
1989-09-20,0.0,34.16666793823242,34.16666793823242,34.16666793823242,34.16666793823242,300
1989-09-21,34.16666793823242,34.16666793823242,34.16666793823242,34.16666793823242,34.16666793823242,0
1989-09-22,34.16666793823242,34.16666793823242,34.16666793823242,34.16666793823242,34.16666793823242,0
1989-09-25,0.0,34.0,34.0,34.0,34.0,450
1989-09-26,0.0,34.0,34.0,34.0,34.0,1200
1989-09-27,34.0,34.0,34.0,34.0,34.0,0
1989-09-28,0.0,34.0,34.0,34.0,34.0,900
1989-09-29,34.0,34.0,34.0,34.0,34.0,0
1989-10-02,0.0,34.66666793823242,34.66666793823242,34.66666793823242,34.66666793823242,2250
1989-10-03,0.0,34.91666793823242,34.83333206176758,34.91666793823242,34.91666793823242,300
1989-10-04,0.0,35.0,35.0,35.0,35.0,1500
1989-10-05,0.0,35.66666793823242,35.16666793823242,35.66666793823242,35.66666793823242,2550
1989-10-06,0.0,36.16666793823242,35.58333206176758,36.16666793823242,36.16666793823242,4650
1989-10-09,0.0,36.16666793823242,36.16666793823242,36.16666793823242,36.16666793823242,450
1989-10-10,0.0,36.41666793823242,36.25,36.41666793823242,36.41666793823242,5250
1989-10-11,0.0,36.91666793823242,36.58333206176758,36.91666793823242,36.91666793823242,3150
1989-10-12,36.91666793823242,36.91666793823242,36.91666793823242,36.91666793823242,36.91666793823242,0
1989-10-13,0.0,36.75,35.5,35.5,35.5,7950
1989-10-16,0.0,35.08333206176758,33.0,33.33333206176758,33.33333206176758,12150
1989-10-17,0.0,33.16666793823242,32.66666793823242,32.66666793823242,32.66666793823242,2400
1989-10-18,0.0,32.83333206176758,32.66666793823242,32.83333206176758,32.83333206176758,2250
1989-10-19,0.0,33.08333206176758,32.83333206176758,33.08333206176758,33.08333206176758,1200
1989-10-20,0.0,33.0,32.83333206176758,33.0,33.0,1650
1989-10-23,0.0,32.83333206176758,32.66666793823242,32.66666793823242,32.66666793823242,1200
1989-10-24,0.0,32.66666793823242,32.0,32.0,32.0,2400
1989-10-25,0.0,31.833332061767578,31.666667938232422,31.666667938232422,31.666667938232422,450
1989-10-26,0.0,31.5,30.5,30.5,30.5,3450
1989-10-27,0.0,30.583332061767578,30.583332061767578,30.583332061767578,30.583332061767578,1500
1989-10-30,0.0,30.666667938232422,30.666667938232422,30.666667938232422,30.666667938232422,150
1989-10-31,0.0,30.666667938232422,30.666667938232422,30.666667938232422,30.666667938232422,1500
1989-11-01,0.0,30.5,30.5,30.5,30.5,300
1989-11-02,30.5,30.5,30.5,30.5,30.5,0
1989-11-03,0.0,30.5,30.5,30.5,30.5,3000
1989-11-06,0.0,30.916667938232422,30.666667938232422,30.75,30.75,3300
1989-11-07,0.0,30.666667938232422,30.666667938232422,30.666667938232422,30.666667938232422,150
1989-11-08,0.0,30.5,30.0,30.0,30.0,5850
1989-11-09,0.0,30.25,30.166667938232422,30.25,30.25,2400
1989-11-10,30.25,30.25,30.25,30.25,30.25,0
1989-11-13,0.0,30.25,30.25,30.25,30.25,4200
1989-11-14,0.0,30.25,30.25,30.25,30.25,2100
1989-11-15,0.0,30.833332061767578,30.416667938232422,30.833332061767578,30.833332061767578,1650
1989-11-16,0.0,30.666667938232422,30.333332061767578,30.333332061767578,30.333332061767578,3000
1989-11-17,0.0,30.5,30.416667938232422,30.416667938232422,30.416667938232422,300
1989-11-20,0.0,30.583332061767578,30.583332061767578,30.583332061767578,30.583332061767578,1500
1989-11-21,0.0,30.666667938232422,30.583332061767578,30.666667938232422,30.666667938232422,3900
1989-11-22,30.666667938232422,30.666667938232422,30.666667938232422,30.666667938232422,30.666667938232422,0
1989-11-24,0.0,30.583332061767578,30.583332061767578,30.583332061767578,30.583332061767578,300
1989-11-27,0.0,31.0,30.666667938232422,31.0,31.0,8700
1989-11-28,0.0,31.5,31.0,31.5,31.5,12900
1989-11-29,0.0,32.0,31.5,32.0,32.0,9750
1989-11-30,0.0,32.0,31.916667938232422,32.0,32.0,9750
1989-12-01,0.0,32.0,32.0,32.0,32.0,5850
1989-12-04,0.0,31.833332061767578,31.833332061767578,31.833332061767578,31.833332061767578,450
1989-12-05,0.0,31.666667938232422,31.5,31.583332061767578,31.583332061767578,9900
1989-12-06,0.0,31.416667938232422,31.333332061767578,31.333332061767578,31.333332061767578,3150
1989-12-07,0.0,31.166667938232422,30.833332061767578,30.833332061767578,30.833332061767578,3300
1989-12-08,0.0,30.666667938232422,30.5,30.5,30.5,2400
1989-12-11,0.0,30.5,30.333332061767578,30.416667938232422,30.416667938232422,3000
1989-12-12,0.0,30.333332061767578,30.333332061767578,30.333332061767578,30.333332061767578,16950
1989-12-13,0.0,30.166667938232422,30.166667938232422,30.166667938232422,30.166667938232422,3000
1989-12-14,0.0,30.416667938232422,30.25,30.333332061767578,30.333332061767578,1950
1989-12-15,0.0,30.166667938232422,29.666667938232422,29.666667938232422,29.666667938232422,7500
1989-12-18,0.0,29.5,29.5,29.5,29.5,3000
1989-12-19,0.0,29.333332061767578,29.333332061767578,29.333332061767578,29.333332061767578,2700
1989-12-20,0.0,29.333332061767578,29.333332061767578,29.333332061767578,29.333332061767578,1500
1989-12-21,0.0,29.166667938232422,29.083332061767578,29.083332061767578,29.083332061767578,750
1989-12-22,29.083332061767578,29.083332061767578,29.083332061767578,29.083332061767578,29.083332061767578,0
1989-12-26,29.083332061767578,29.083332061767578,29.083332061767578,29.083332061767578,29.083332061767578,0
1989-12-27,0.0,28.916667938232422,28.583332061767578,28.666667938232422,28.666667938232422,4650
1989-12-28,0.0,28.916667938232422,28.666667938232422,28.916667938232422,28.916667938232422,11100
1989-12-29,0.0,29.166667938232422,28.916667938232422,29.166667938232422,29.166667938232422,2400
1990-01-02,0.0,30.166667938232422,29.25,30.166667938232422,30.166667938232422,4200
1990-01-03,0.0,30.166667938232422,30.166667938232422,30.166667938232422,30.166667938232422,2400
1990-01-04,30.166667938232422,30.166667938232422,30.166667938232422,30.166667938232422,30.166667938232422,0
1990-01-05,0.0,30.0,30.0,30.0,30.0,3300
1990-01-08,0.0,30.0,30.0,30.0,30.0,9450
1990-01-09,0.0,30.333332061767578,29.833332061767578,30.333332061767578,30.333332061767578,8850
1990-01-10,0.0,30.333332061767578,30.333332061767578,30.333332061767578,30.333332061767578,6000
1990-01-11,0.0,30.333332061767578,30.333332061767578,30.333332061767578,30.333332061767578,900
1990-01-12,0.0,30.333332061767578,30.0,30.0,30.0,1200
1990-01-15,0.0,29.833332061767578,29.75,29.833332061767578,29.833332061767578,6750
1990-01-16,0.0,30.0,30.0,30.0,30.0,150
1990-01-17,0.0,29.833332061767578,29.5,29.5,29.5,33900
1990-01-18,0.0,29.333332061767578,29.333332061767578,29.333332061767578,29.333332061767578,300
1990-01-19,0.0,29.333332061767578,29.333332061767578,29.333332061767578,29.333332061767578,1500
1990-01-22,0.0,29.166667938232422,29.083332061767578,29.083332061767578,29.083332061767578,750
1990-01-23,0.0,29.0,28.833332061767578,29.0,29.0,9000
1990-01-24,0.0,28.833332061767578,28.666667938232422,28.666667938232422,28.666667938232422,1350
1990-01-25,0.0,29.0,28.5,28.5,28.5,5400
1990-01-26,0.0,28.75,28.666667938232422,28.75,28.75,750
1990-01-29,0.0,28.75,28.583332061767578,28.583332061767578,28.583332061767578,450
1990-01-30,0.0,28.5,28.5,28.5,28.5,450
1990-01-31,0.0,28.333332061767578,28.333332061767578,28.333332061767578,28.333332061767578,900
1990-02-01,0.0,28.416667938232422,28.416667938232422,28.416667938232422,28.416667938232422,1050
1990-02-02,0.0,28.416667938232422,28.25,28.416667938232422,28.416667938232422,22200
1990-02-05,0.0,28.416667938232422,28.416667938232422,28.416667938232422,28.416667938232422,15750
1990-02-06,28.416667938232422,28.416667938232422,28.416667938232422,28.416667938232422,28.416667938232422,0
1990-02-07,28.416667938232422,28.416667938232422,28.416667938232422,28.416667938232422,28.416667938232422,0
1990-02-08,0.0,28.25,28.083332061767578,28.083332061767578,28.083332061767578,300
1990-02-09,0.0,28.083332061767578,27.916667938232422,27.916667938232422,27.916667938232422,1200
1990-02-12,27.916667938232422,27.916667938232422,27.916667938232422,27.916667938232422,27.916667938232422,0
1990-02-13,0.0,27.75,27.583332061767578,27.583332061767578,27.583332061767578,7950
1990-02-14,0.0,27.5,27.5,27.5,27.5,450
1990-02-15,0.0,27.5,27.5,27.5,27.5,150
1990-02-16,0.0,27.5,27.333332061767578,27.5,27.5,11400
1990-02-20,27.5,27.5,27.5,27.5,27.5,0
1990-02-21,27.5,27.5,27.5,27.5,27.5,0
1990-02-22,27.5,27.5,27.5,27.5,27.5,0
1990-02-23,0.0,27.666667938232422,27.666667938232422,27.666667938232422,27.666667938232422,1200
1990-02-26,0.0,27.75,27.75,27.75,27.75,450
1990-02-27,0.0,27.916667938232422,27.916667938232422,27.916667938232422,27.916667938232422,2250
1990-02-28,0.0,28.083332061767578,28.083332061767578,28.083332061767578,28.083332061767578,750
1990-03-01,0.0,28.333332061767578,28.25,28.333332061767578,28.333332061767578,3750
1990-03-02,0.0,28.666667938232422,28.416667938232422,28.666667938232422,28.666667938232422,15300
1990-03-05,0.0,29.166667938232422,28.833332061767578,29.166667938232422,29.166667938232422,2550
1990-03-06,0.0,29.666667938232422,29.333332061767578,29.666667938232422,29.666667938232422,3900
1990-03-07,0.0,29.75,29.75,29.75,29.75,150
1990-03-08,0.0,29.833332061767578,29.833332061767578,29.833332061767578,29.833332061767578,5700
1990-03-09,29.833332061767578,29.833332061767578,29.833332061767578,29.833332061767578,29.833332061767578,0
1990-03-12,0.0,29.75,29.75,29.75,29.75,1350
1990-03-13,0.0,29.833332061767578,29.666667938232422,29.833332061767578,29.833332061767578,750
1990-03-14,0.0,29.75,29.75,29.75,29.75,150
1990-03-15,0.0,29.666667938232422,29.666667938232422,29.666667938232422,29.666667938232422,300
1990-03-16,0.0,29.666667938232422,29.666667938232422,29.666667938232422,29.666667938232422,11400
1990-03-19,29.666667938232422,29.666667938232422,29.666667938232422,29.666667938232422,29.666667938232422,0
1990-03-20,29.666667938232422,29.666667938232422,29.666667938232422,29.666667938232422,29.666667938232422,0
1990-03-21,0.0,29.916667938232422,29.916667938232422,29.916667938232422,29.916667938232422,3000
1990-03-22,0.0,29.75,29.666667938232422,29.666667938232422,29.666667938232422,900
1990-03-23,29.666667938232422,29.666667938232422,29.666667938232422,29.666667938232422,29.666667938232422,0
1990-03-26,29.666667938232422,29.666667938232422,29.666667938232422,29.666667938232422,29.666667938232422,0
1990-03-27,0.0,29.5,29.5,29.5,29.5,150
1990-03-28,29.5,29.5,29.5,29.5,29.5,0
1990-03-29,29.5,29.5,29.5,29.5,29.5,0
1990-03-30,29.5,29.5,29.5,29.5,29.5,0
1990-04-02,0.0,29.333332061767578,29.25,29.25,29.25,300
1990-04-03,0.0,29.083332061767578,29.083332061767578,29.083332061767578,29.083332061767578,6900
1990-04-04,0.0,28.916667938232422,28.25,28.333332061767578,28.333332061767578,11100
1990-04-05,0.0,28.416667938232422,28.333332061767578,28.416667938232422,28.416667938232422,750
1990-04-06,0.0,28.583332061767578,28.583332061767578,28.583332061767578,28.583332061767578,18000
1990-04-09,0.0,28.666667938232422,28.5,28.5,28.5,1650
1990-04-10,0.0,28.333332061767578,28.083332061767578,28.083332061767578,28.083332061767578,600
1990-04-11,28.083332061767578,28.083332061767578,28.083332061767578,28.083332061767578,28.083332061767578,0
1990-04-12,0.0,28.166667938232422,28.083332061767578,28.083332061767578,28.083332061767578,900
1990-04-16,0.0,28.25,28.25,28.25,28.25,600
1990-04-17,0.0,28.166667938232422,28.166667938232422,28.166667938232422,28.166667938232422,600
1990-04-18,0.0,29.833332061767578,28.666667938232422,29.166667938232422,29.166667938232422,4500
1990-04-19,0.0,29.333332061767578,29.166667938232422,29.333332061767578,29.333332061767578,750
1990-04-20,0.0,29.333332061767578,28.833332061767578,28.833332061767578,28.833332061767578,1350
1990-04-23,28.833332061767578,28.833332061767578,28.833332061767578,28.833332061767578,28.833332061767578,0
1990-04-24,28.833332061767578,28.833332061767578,28.833332061767578,28.833332061767578,28.833332061767578,0
1990-04-25,0.0,29.333332061767578,29.0,29.333332061767578,29.333332061767578,1650
1990-04-26,0.0,29.5,29.5,29.5,29.5,300
1990-04-27,0.0,29.333332061767578,29.166667938232422,29.166667938232422,29.166667938232422,450
1990-04-30,0.0,29.0,28.75,28.916667938232422,28.916667938232422,1650
1990-05-01,28.916667938232422,28.916667938232422,28.916667938232422,28.916667938232422,28.916667938232422,0
1990-05-02,0.0,28.75,28.75,28.75,28.75,150
1990-05-03,28.75,28.75,28.75,28.75,28.75,0
1990-05-04,0.0,28.833332061767578,28.833332061767578,28.833332061767578,28.833332061767578,600
1990-05-07,0.0,28.916667938232422,28.833332061767578,28.916667938232422,28.916667938232422,900
1990-05-08,28.916667938232422,28.916667938232422,28.916667938232422,28.916667938232422,28.916667938232422,0
1990-05-09,0.0,28.916667938232422,28.916667938232422,28.916667938232422,28.916667938232422,3900
1990-05-10,0.0,29.083332061767578,28.916667938232422,28.916667938232422,28.916667938232422,1650
1990-05-11,0.0,29.166667938232422,28.916667938232422,29.166667938232422,29.166667938232422,1500
1990-05-14,0.0,29.333332061767578,29.166667938232422,29.333332061767578,29.333332061767578,15600
1990-05-15,0.0,29.166667938232422,29.166667938232422,29.166667938232422,29.166667938232422,600
1990-05-16,0.0,29.333332061767578,29.333332061767578,29.333332061767578,29.333332061767578,900
1990-05-17,29.333332061767578,29.333332061767578,29.333332061767578,29.333332061767578,29.333332061767578,0
1990-05-18,29.333332061767578,29.333332061767578,29.333332061767578,29.333332061767578,29.333332061767578,0
1990-05-21,0.0,30.333332061767578,29.5,30.333332061767578,30.333332061767578,13200
1990-05-22,0.0,30.5,30.333332061767578,30.5,30.5,750
1990-05-23,0.0,30.666667938232422,30.666667938232422,30.666667938232422,30.666667938232422,1500
1990-05-24,0.0,31.0,30.833332061767578,30.833332061767578,30.833332061767578,3750
1990-05-25,0.0,31.0,30.833332061767578,30.833332061767578,30.833332061767578,450
1990-05-29,0.0,31.333332061767578,31.0,31.333332061767578,31.333332061767578,2250
1990-05-30,0.0,31.5,31.5,31.5,31.5,1050
1990-05-31,0.0,32.0,31.833332061767578,32.0,32.0,6150
1990-06-01,0.0,32.0,32.0,32.0,32.0,600
1990-06-04,0.0,31.833332061767578,31.666667938232422,31.666667938232422,31.666667938232422,2400
1990-06-05,0.0,31.583332061767578,31.416667938232422,31.583332061767578,31.583332061767578,900
1990-06-06,31.583332061767578,31.583332061767578,31.583332061767578,31.583332061767578,31.583332061767578,0
1990-06-07,31.583332061767578,31.583332061767578,31.583332061767578,31.583332061767578,31.583332061767578,0
1990-06-08,0.0,31.416667938232422,31.25,31.25,31.25,1800
1990-06-11,0.0,31.416667938232422,31.416667938232422,31.416667938232422,31.416667938232422,600
1990-06-12,31.416667938232422,31.416667938232422,31.416667938232422,31.416667938232422,31.416667938232422,0
1990-06-13,0.0,31.333332061767578,31.333332061767578,31.333332061767578,31.333332061767578,1200
1990-06-14,0.0,31.333332061767578,31.166667938232422,31.333332061767578,31.333332061767578,750
1990-06-15,31.333332061767578,31.333332061767578,31.333332061767578,31.333332061767578,31.333332061767578,0
1990-06-18,0.0,31.166667938232422,31.166667938232422,31.166667938232422,31.166667938232422,600
1990-06-19,0.0,31.0,31.0,31.0,31.0,150
1990-06-20,0.0,31.166667938232422,31.166667938232422,31.166667938232422,31.166667938232422,3000
1990-06-21,0.0,31.0,31.0,31.0,31.0,150
1990-06-22,31.0,31.0,31.0,31.0,31.0,0
1990-06-25,31.0,31.0,31.0,31.0,31.0,0
1990-06-26,31.0,31.0,31.0,31.0,31.0,0
1990-06-27,0.0,30.833332061767578,30.666667938232422,30.666667938232422,30.666667938232422,750
1990-06-28,30.666667938232422,30.666667938232422,30.666667938232422,30.666667938232422,30.666667938232422,0
1990-06-29,0.0,30.75,30.75,30.75,30.75,300
1990-07-02,30.75,30.75,30.75,30.75,30.75,0
1990-07-03,30.75,30.75,30.75,30.75,30.75,0
1990-07-05,30.75,30.75,30.75,30.75,30.75,0
1990-07-06,0.0,30.666667938232422,30.666667938232422,30.666667938232422,30.666667938232422,150
1990-07-09,0.0,30.666667938232422,30.5,30.5,30.5,600
1990-07-10,30.5,30.5,30.5,30.5,30.5,0
1990-07-11,0.0,30.416667938232422,30.333332061767578,30.416667938232422,30.416667938232422,2550
1990-07-12,0.0,30.666667938232422,30.333332061767578,30.666667938232422,30.666667938232422,3000
1990-07-13,0.0,31.0,30.833332061767578,30.916667938232422,30.916667938232422,3900
1990-07-16,0.0,30.833332061767578,30.75,30.75,30.75,600
1990-07-17,30.75,30.75,30.75,30.75,30.75,0
1990-07-18,0.0,30.833332061767578,30.833332061767578,30.833332061767578,30.833332061767578,600
1990-07-19,0.0,31.5,31.0,31.166667938232422,31.166667938232422,40200
1990-07-20,31.166667938232422,31.166667938232422,31.166667938232422,31.166667938232422,31.166667938232422,0
1990-07-23,0.0,31.0,30.333332061767578,30.333332061767578,30.333332061767578,4200
1990-07-24,0.0,30.416667938232422,30.25,30.333332061767578,30.333332061767578,750
1990-07-25,0.0,30.5,30.333332061767578,30.333332061767578,30.333332061767578,31650
1990-07-26,0.0,30.5,30.416667938232422,30.416667938232422,30.416667938232422,450
1990-07-27,0.0,30.25,30.0,30.0,30.0,6000
1990-07-30,0.0,29.833332061767578,29.666667938232422,29.666667938232422,29.666667938232422,900
1990-07-31,0.0,29.666667938232422,29.666667938232422,29.666667938232422,29.666667938232422,1200
1990-08-01,0.0,29.5,29.333332061767578,29.333332061767578,29.333332061767578,300
1990-08-02,0.0,29.333332061767578,29.166667938232422,29.166667938232422,29.166667938232422,450
1990-08-03,0.0,29.0,29.0,29.0,29.0,300
1990-08-06,0.0,28.833332061767578,28.666667938232422,28.666667938232422,28.666667938232422,450
1990-08-07,28.666667938232422,28.666667938232422,28.666667938232422,28.666667938232422,28.666667938232422,0
1990-08-08,0.0,28.5,28.5,28.5,28.5,150
1990-08-09,28.5,28.5,28.5,28.5,28.5,0
1990-08-10,28.5,28.5,28.5,28.5,28.5,0
1990-08-13,28.5,28.5,28.5,28.5,28.5,0
1990-08-14,0.0,28.333332061767578,28.083332061767578,28.083332061767578,28.083332061767578,2850
1990-08-15,28.083332061767578,28.083332061767578,28.083332061767578,28.083332061767578,28.083332061767578,0
1990-08-16,0.0,28.25,28.0,28.0,28.0,1800
1990-08-17,0.0,27.833332061767578,27.833332061767578,27.833332061767578,27.833332061767578,150
1990-08-20,27.833332061767578,27.833332061767578,27.833332061767578,27.833332061767578,27.833332061767578,0
1990-08-21,0.0,27.833332061767578,27.833332061767578,27.833332061767578,27.833332061767578,450
1990-08-22,0.0,27.666667938232422,27.166667938232422,27.166667938232422,27.166667938232422,1800
1990-08-23,0.0,27.0,26.583332061767578,26.583332061767578,26.583332061767578,1200
1990-08-24,0.0,24.416667938232422,24.333332061767578,24.416667938232422,24.416667938232422,3750
1990-08-27,0.0,24.416667938232422,24.333332061767578,24.333332061767578,24.333332061767578,46800
1990-08-28,0.0,24.25,24.25,24.25,24.25,300
1990-08-29,24.25,24.25,24.25,24.25,24.25,0
1990-08-30,0.0,24.333332061767578,24.333332061767578,24.333332061767578,24.333332061767578,150
1990-08-31,24.333332061767578,24.333332061767578,24.333332061767578,24.333332061767578,24.333332061767578,0
1990-09-04,0.0,24.166667938232422,24.0,24.0,24.0,750
1990-09-05,0.0,24.0,24.0,24.0,24.0,300
1990-09-06,24.0,24.0,24.0,24.0,24.0,0
1990-09-07,24.0,24.0,24.0,24.0,24.0,0
1990-09-10,0.0,23.833332061767578,23.75,23.75,23.75,750
1990-09-11,23.75,23.75,23.75,23.75,23.75,0
1990-09-12,0.0,23.833332061767578,23.666667938232422,23.666667938232422,23.666667938232422,48000
1990-09-13,0.0,23.833332061767578,23.833332061767578,23.833332061767578,23.833332061767578,150
1990-09-14,23.833332061767578,23.833332061767578,23.833332061767578,23.833332061767578,23.833332061767578,0
1990-09-17,0.0,23.666667938232422,23.666667938232422,23.666667938232422,23.666667938232422,150
1990-09-18,0.0,23.75,23.666667938232422,23.75,23.75,1350
1990-09-19,0.0,23.75,23.666667938232422,23.666667938232422,23.666667938232422,1650
1990-09-20,23.666667938232422,23.666667938232422,23.666667938232422,23.666667938232422,23.666667938232422,0
1990-09-21,0.0,23.75,23.75,23.75,23.75,150
1990-09-24,0.0,23.583332061767578,23.583332061767578,23.583332061767578,23.583332061767578,150
1990-09-25,23.583332061767578,23.583332061767578,23.583332061767578,23.583332061767578,23.583332061767578,0
1990-09-26,23.583332061767578,23.583332061767578,23.583332061767578,23.583332061767578,23.583332061767578,0
1990-09-27,0.0,23.25,23.166667938232422,23.166667938232422,23.166667938232422,1200
1990-09-28,0.0,23.0,22.833332061767578,22.833332061767578,22.833332061767578,450
1990-10-01,0.0,22.666667938232422,22.666667938232422,22.666667938232422,22.666667938232422,150
1990-10-02,0.0,22.666667938232422,22.666667938232422,22.666667938232422,22.666667938232422,300
1990-10-03,22.666667938232422,22.666667938232422,22.666667938232422,22.666667938232422,22.666667938232422,0
1990-10-04,22.666667938232422,22.666667938232422,22.666667938232422,22.666667938232422,22.666667938232422,0
1990-10-05,0.0,22.666667938232422,22.666667938232422,22.666667938232422,22.666667938232422,600
1990-10-08,22.666667938232422,22.666667938232422,22.666667938232422,22.666667938232422,22.666667938232422,0
1990-10-09,22.666667938232422,22.666667938232422,22.666667938232422,22.666667938232422,22.666667938232422,0
1990-10-10,22.666667938232422,22.666667938232422,22.666667938232422,22.666667938232422,22.666667938232422,0
1990-10-11,0.0,22.5,22.5,22.5,22.5,150
1990-10-12,0.0,22.5,22.166667938232422,22.166667938232422,22.166667938232422,2850
1990-10-15,22.166667938232422,22.166667938232422,22.166667938232422,22.166667938232422,22.166667938232422,0
1990-10-16,0.0,22.0,22.0,22.0,22.0,300
1990-10-17,0.0,21.833332061767578,20.333332061767578,20.333332061767578,20.333332061767578,7200
1990-10-18,0.0,20.083332061767578,19.416667938232422,19.416667938232422,19.416667938232422,750
1990-10-19,0.0,19.166667938232422,17.333332061767578,18.416667938232422,18.416667938232422,2850
1990-10-22,0.0,17.166667938232422,16.666667938232422,16.666667938232422,16.666667938232422,1500
1990-10-23,0.0,16.416667938232422,15.666666984558105,15.666666984558105,15.666666984558105,1200
1990-10-24,0.0,15.5,15.416666984558105,15.5,15.5,300
1990-10-25,0.0,15.583333015441895,15.25,15.583333015441895,15.583333015441895,1200
1990-10-26,0.0,15.583333015441895,15.583333015441895,15.583333015441895,15.583333015441895,1500
1990-10-29,0.0,15.583333015441895,15.416666984558105,15.416666984558105,15.416666984558105,1800
1990-10-30,0.0,14.75,14.583333015441895,14.583333015441895,14.583333015441895,1500
1990-10-31,0.0,14.333333015441895,13.416666984558105,13.416666984558105,13.416666984558105,1350
1990-11-01,0.0,13.5,13.5,13.5,13.5,750
1990-11-02,0.0,14.333333015441895,13.666666984558105,13.833333015441895,13.833333015441895,17550
1990-11-05,0.0,14.083333015441895,13.916666984558105,13.916666984558105,13.916666984558105,18750
1990-11-06,13.916666984558105,13.916666984558105,13.916666984558105,13.916666984558105,13.916666984558105,0
1990-11-07,0.0,14.25,14.083333015441895,14.25,14.25,1800
1990-11-08,0.0,14.666666984558105,14.333333015441895,14.666666984558105,14.666666984558105,4050
1990-11-09,0.0,14.916666984558105,14.666666984558105,14.916666984558105,14.916666984558105,600
1990-11-12,0.0,16.0,15.083333015441895,15.833333015441895,15.833333015441895,7350
1990-11-13,0.0,16.416667938232422,16.0,16.083332061767578,16.083332061767578,11850
1990-11-14,0.0,16.583332061767578,16.333332061767578,16.583332061767578,16.583332061767578,4050
1990-11-15,0.0,16.583332061767578,16.583332061767578,16.583332061767578,16.583332061767578,1500
1990-11-16,0.0,16.75,16.75,16.75,16.75,300
1990-11-19,0.0,16.666667938232422,16.583332061767578,16.666667938232422,16.666667938232422,750
1990-11-20,0.0,16.5,16.0,16.0,16.0,1500
1990-11-21,0.0,16.0,16.0,16.0,16.0,1950
1990-11-23,0.0,16.0,16.0,16.0,16.0,2250
1990-11-26,0.0,16.0,15.916666984558105,15.916666984558105,15.916666984558105,2700
1990-11-27,0.0,15.833333015441895,15.833333015441895,15.833333015441895,15.833333015441895,1500
1990-11-28,0.0,15.833333015441895,15.833333015441895,15.833333015441895,15.833333015441895,1500
1990-11-29,0.0,15.666666984558105,15.666666984558105,15.666666984558105,15.666666984558105,1500
1990-11-30,0.0,15.5,15.5,15.5,15.5,150
1990-12-03,0.0,15.5,15.5,15.5,15.5,450
1990-12-04,0.0,15.5,15.5,15.5,15.5,1800
1990-12-05,0.0,16.0,15.166666984558105,16.0,16.0,28800
1990-12-06,0.0,16.083332061767578,16.0,16.0,16.0,4050
1990-12-07,0.0,16.0,16.0,16.0,16.0,2400
1990-12-10,0.0,16.0,15.833333015441895,15.833333015441895,15.833333015441895,3150
1990-12-11,0.0,15.666666984558105,15.666666984558105,15.666666984558105,15.666666984558105,150
1990-12-12,0.0,15.833333015441895,15.666666984558105,15.666666984558105,15.666666984558105,750
1990-12-13,0.0,15.833333015441895,15.666666984558105,15.666666984558105,15.666666984558105,450
1990-12-14,0.0,15.666666984558105,15.666666984558105,15.666666984558105,15.666666984558105,300
1990-12-17,0.0,15.5,15.5,15.5,15.5,300
1990-12-18,0.0,15.333333015441895,15.333333015441895,15.333333015441895,15.333333015441895,300
1990-12-19,0.0,15.416666984558105,15.416666984558105,15.416666984558105,15.416666984558105,750
1990-12-20,0.0,15.25,14.666666984558105,14.916666984558105,14.916666984558105,11850
1990-12-21,0.0,14.583333015441895,14.166666984558105,14.333333015441895,14.333333015441895,10050
1990-12-24,0.0,14.5,14.333333015441895,14.416666984558105,14.416666984558105,1350
1990-12-26,0.0,14.333333015441895,14.333333015441895,14.333333015441895,14.333333015441895,3300
1990-12-27,0.0,14.416666984558105,14.333333015441895,14.333333015441895,14.333333015441895,14550
1990-12-28,0.0,14.166666984558105,13.333333015441895,13.333333015441895,13.333333015441895,7350
1990-12-31,0.0,13.333333015441895,12.5,13.333333015441895,13.333333015441895,46050
1991-01-02,0.0,13.333333015441895,13.25,13.25,13.25,1800
1991-01-03,0.0,13.333333015441895,13.333333015441895,13.333333015441895,13.333333015441895,750
1991-01-04,0.0,13.333333015441895,13.333333015441895,13.333333015441895,13.333333015441895,1500
1991-01-07,0.0,13.166666984558105,13.166666984558105,13.166666984558105,13.166666984558105,300
1991-01-08,0.0,13.0,12.958333015441895,12.958333015441895,12.958333015441895,1800
1991-01-09,0.0,13.083333015441895,13.083333015441895,13.083333015441895,13.083333015441895,750
1991-01-10,0.0,12.833333015441895,12.5,12.75,12.75,3600
1991-01-11,0.0,12.583333015441895,12.333333015441895,12.333333015441895,12.333333015441895,750
1991-01-14,0.0,12.166666984558105,11.833333015441895,11.916666984558105,11.916666984558105,3300
1991-01-15,0.0,11.916666984558105,11.666666984558105,11.666666984558105,11.666666984558105,9000
1991-01-16,0.0,11.916666984558105,11.5,11.5,11.5,4650
1991-01-17,0.0,11.833333015441895,11.666666984558105,11.666666984558105,11.666666984558105,15300
1991-01-18,11.666666984558105,11.666666984558105,11.666666984558105,11.666666984558105,11.666666984558105,0
1991-01-21,11.666666984558105,11.666666984558105,11.666666984558105,11.666666984558105,11.666666984558105,0
1991-01-22,0.0,11.666666984558105,11.333333015441895,11.666666984558105,11.666666984558105,22650
1991-01-23,11.666666984558105,11.666666984558105,11.666666984558105,11.666666984558105,11.666666984558105,0
1991-01-24,0.0,11.666666984558105,11.5,11.666666984558105,11.666666984558105,1200
1991-01-25,0.0,11.583333015441895,11.416666984558105,11.583333015441895,11.583333015441895,2250
1991-01-28,0.0,11.583333015441895,11.583333015441895,11.583333015441895,11.583333015441895,300
1991-01-29,0.0,11.583333015441895,11.5,11.5,11.5,4950
1991-01-30,0.0,13.916666984558105,11.666666984558105,13.916666984558105,13.916666984558105,15600
1991-01-31,0.0,15.5,14.166666984558105,15.5,15.5,14850
1991-02-01,0.0,16.5,16.0,16.083332061767578,16.083332061767578,12750
1991-02-04,0.0,18.916667938232422,16.25,18.833332061767578,18.833332061767578,19350
1991-02-05,0.0,20.75,19.083332061767578,20.0,20.0,16950
1991-02-06,0.0,20.25,19.333332061767578,19.333332061767578,19.333332061767578,7650
1991-02-07,0.0,19.583332061767578,19.0,19.0,19.0,5400
1991-02-08,0.0,19.0,19.0,19.0,19.0,1200
1991-02-11,0.0,19.166667938232422,18.666667938232422,18.666667938232422,18.666667938232422,6300
1991-02-12,0.0,18.416667938232422,17.916667938232422,17.916667938232422,17.916667938232422,3150
1991-02-13,0.0,17.833332061767578,17.666667938232422,17.833332061767578,17.833332061767578,16650
1991-02-14,0.0,18.0,17.833332061767578,18.0,18.0,17100
1991-02-15,0.0,18.166667938232422,18.166667938232422,18.166667938232422,18.166667938232422,150
1991-02-19,0.0,18.25,18.166667938232422,18.25,18.25,4050
1991-02-20,0.0,19.333332061767578,18.416667938232422,19.166667938232422,19.166667938232422,5400
1991-02-21,0.0,19.416667938232422,19.166667938232422,19.333332061767578,19.333332061767578,2250
1991-02-22,0.0,19.75,19.416667938232422,19.583332061767578,19.583332061767578,1350
1991-02-25,0.0,19.666667938232422,19.5,19.5,19.5,2400
1991-02-26,0.0,19.333332061767578,19.0,19.0,19.0,1200
1991-02-27,0.0,18.833332061767578,18.5,18.5,18.5,750
1991-02-28,0.0,18.333332061767578,18.083332061767578,18.25,18.25,1200
1991-03-01,0.0,18.333332061767578,18.333332061767578,18.333332061767578,18.333332061767578,4500
1991-03-04,0.0,18.583332061767578,18.166667938232422,18.583332061767578,18.583332061767578,3150
1991-03-05,0.0,19.333332061767578,18.583332061767578,19.333332061767578,19.333332061767578,6450
1991-03-06,0.0,19.5,19.166667938232422,19.416667938232422,19.416667938232422,310650
1991-03-07,0.0,21.166667938232422,19.333332061767578,21.166667938232422,21.166667938232422,7500
1991-03-08,0.0,21.333332061767578,21.166667938232422,21.333332061767578,21.333332061767578,1950
1991-03-11,0.0,22.833332061767578,21.333332061767578,22.833332061767578,22.833332061767578,8100
1991-03-12,0.0,22.666667938232422,22.5,22.666667938232422,22.666667938232422,2100
1991-03-13,0.0,22.5,22.333332061767578,22.333332061767578,22.333332061767578,900
1991-03-14,0.0,22.5,22.333332061767578,22.333332061767578,22.333332061767578,750
1991-03-15,0.0,22.166667938232422,22.166667938232422,22.166667938232422,22.166667938232422,150
1991-03-18,0.0,22.0,21.833332061767578,21.833332061767578,21.833332061767578,11550
1991-03-19,0.0,21.666667938232422,21.5,21.5,21.5,900
1991-03-20,0.0,22.0,21.666667938232422,22.0,22.0,1200
1991-03-21,0.0,22.0,22.0,22.0,22.0,1500
1991-03-22,0.0,22.0,22.0,22.0,22.0,900
1991-03-25,0.0,22.333332061767578,22.0,22.333332061767578,22.333332061767578,4650
1991-03-26,0.0,22.333332061767578,22.083332061767578,22.166667938232422,22.166667938232422,5100
1991-03-27,0.0,22.5,22.166667938232422,22.5,22.5,39600
1991-03-28,0.0,22.333332061767578,22.333332061767578,22.333332061767578,22.333332061767578,600
1991-04-01,0.0,22.333332061767578,22.333332061767578,22.333332061767578,22.333332061767578,3450
1991-04-02,0.0,22.666667938232422,22.5,22.583332061767578,22.583332061767578,1650
1991-04-03,0.0,22.666667938232422,22.583332061767578,22.666667938232422,22.666667938232422,37500
1991-04-04,0.0,22.75,22.666667938232422,22.75,22.75,7800
1991-04-05,0.0,22.75,22.583332061767578,22.75,22.75,7500
1991-04-08,0.0,22.75,22.333332061767578,22.333332061767578,22.333332061767578,44700
1991-04-09,0.0,22.166667938232422,21.916667938232422,21.916667938232422,21.916667938232422,27300
1991-04-10,0.0,22.0,21.75,22.0,22.0,28350
1991-04-11,0.0,22.333332061767578,22.0,22.0,22.0,4950
1991-04-12,0.0,22.083332061767578,21.916667938232422,21.916667938232422,21.916667938232422,9000
1991-04-15,0.0,21.833332061767578,21.833332061767578,21.833332061767578,21.833332061767578,150
1991-04-16,0.0,22.5,21.916667938232422,22.083332061767578,22.083332061767578,62250
1991-04-17,0.0,22.333332061767578,22.083332061767578,22.333332061767578,22.333332061767578,5100
1991-04-18,0.0,22.583332061767578,22.333332061767578,22.5,22.5,5100
1991-04-19,0.0,22.583332061767578,22.333332061767578,22.583332061767578,22.583332061767578,1950
1991-04-22,0.0,22.5,22.333332061767578,22.5,22.5,1800
1991-04-23,0.0,22.5,22.333332061767578,22.5,22.5,9150
1991-04-24,0.0,22.333332061767578,22.0,22.0,22.0,2400
1991-04-25,0.0,22.166667938232422,22.0,22.166667938232422,22.166667938232422,2700
1991-04-26,0.0,22.166667938232422,22.0,22.166667938232422,22.166667938232422,300
1991-04-29,0.0,22.0,22.0,22.0,22.0,3000
1991-04-30,0.0,22.25,22.166667938232422,22.25,22.25,1650
1991-05-01,0.0,22.333332061767578,22.333332061767578,22.333332061767578,22.333332061767578,1800
1991-05-02,0.0,22.583332061767578,22.5,22.5,22.5,7200
1991-05-03,0.0,22.416667938232422,22.333332061767578,22.333332061767578,22.333332061767578,3750
1991-05-06,0.0,22.583332061767578,22.5,22.583332061767578,22.583332061767578,750
1991-05-07,0.0,22.5,22.5,22.5,22.5,150
1991-05-08,0.0,22.666667938232422,22.666667938232422,22.666667938232422,22.666667938232422,900
1991-05-09,22.666667938232422,22.666667938232422,22.666667938232422,22.666667938232422,22.666667938232422,0
1991-05-10,0.0,22.75,22.75,22.75,22.75,750
1991-05-13,0.0,22.75,22.75,22.75,22.75,750
1991-05-14,22.75,22.75,22.75,22.75,22.75,0
1991-05-15,0.0,22.833332061767578,22.833332061767578,22.833332061767578,22.833332061767578,300
1991-05-16,0.0,22.666667938232422,22.666667938232422,22.666667938232422,22.666667938232422,150
1991-05-17,22.666667938232422,22.666667938232422,22.666667938232422,22.666667938232422,22.666667938232422,0
1991-05-20,22.666667938232422,22.666667938232422,22.666667938232422,22.666667938232422,22.666667938232422,0
1991-05-21,0.0,22.666667938232422,22.5,22.5,22.5,750
1991-05-22,22.5,22.5,22.5,22.5,22.5,0
1991-05-23,22.5,22.5,22.5,22.5,22.5,0
1991-05-24,22.5,22.5,22.5,22.5,22.5,0
1991-05-28,0.0,22.5,22.416667938232422,22.5,22.5,1500
1991-05-29,0.0,22.416667938232422,22.416667938232422,22.416667938232422,22.416667938232422,300
1991-05-30,0.0,22.333332061767578,22.333332061767578,22.333332061767578,22.333332061767578,150
1991-05-31,0.0,22.333332061767578,22.333332061767578,22.333332061767578,22.333332061767578,150
1991-06-03,0.0,22.333332061767578,22.333332061767578,22.333332061767578,22.333332061767578,1800
1991-06-04,22.333332061767578,22.333332061767578,22.333332061767578,22.333332061767578,22.333332061767578,0
1991-06-05,22.333332061767578,22.333332061767578,22.333332061767578,22.333332061767578,22.333332061767578,0
1991-06-06,22.333332061767578,22.333332061767578,22.333332061767578,22.333332061767578,22.333332061767578,0
1991-06-07,0.0,22.333332061767578,22.333332061767578,22.333332061767578,22.333332061767578,300
1991-06-10,0.0,22.333332061767578,22.333332061767578,22.333332061767578,22.333332061767578,750
1991-06-11,0.0,22.333332061767578,22.333332061767578,22.333332061767578,22.333332061767578,2700
1991-06-12,0.0,22.166667938232422,21.416667938232422,21.416667938232422,21.416667938232422,2250
1991-06-13,0.0,21.25,21.0,21.0,21.0,750
1991-06-14,0.0,20.833332061767578,20.833332061767578,20.833332061767578,20.833332061767578,150
1991-06-17,0.0,20.666667938232422,20.666667938232422,20.666667938232422,20.666667938232422,150
1991-06-18,0.0,20.5,20.5,20.5,20.5,300
1991-06-19,0.0,20.333332061767578,20.0,20.0,20.0,1650
1991-06-20,20.0,20.0,20.0,20.0,20.0,0
1991-06-21,0.0,19.833332061767578,19.666667938232422,19.833332061767578,19.833332061767578,7950
1991-06-24,19.833332061767578,19.833332061767578,19.833332061767578,19.833332061767578,19.833332061767578,0
1991-06-25,0.0,19.666667938232422,19.166667938232422,19.166667938232422,19.166667938232422,4800
1991-06-26,0.0,19.166667938232422,19.0,19.166667938232422,19.166667938232422,2250
1991-06-27,0.0,19.166667938232422,19.166667938232422,19.166667938232422,19.166667938232422,3300
1991-06-28,0.0,19.0,19.0,19.0,19.0,2250
1991-07-01,0.0,20.0,19.666667938232422,20.0,20.0,7800
1991-07-02,0.0,20.166667938232422,20.166667938232422,20.166667938232422,20.166667938232422,750
1991-07-03,0.0,20.0,20.0,20.0,20.0,3300
1991-07-05,0.0,20.333332061767578,20.166667938232422,20.333332061767578,20.333332061767578,450
1991-07-08,0.0,20.5,20.5,20.5,20.5,300
1991-07-09,0.0,20.666667938232422,20.333332061767578,20.333332061767578,20.333332061767578,17400
1991-07-10,0.0,20.25,20.25,20.25,20.25,2400
1991-07-11,20.25,20.25,20.25,20.25,20.25,0
1991-07-12,0.0,20.083332061767578,20.083332061767578,20.083332061767578,20.083332061767578,150
1991-07-15,0.0,20.333332061767578,20.25,20.333332061767578,20.333332061767578,1800
1991-07-16,20.333332061767578,20.333332061767578,20.333332061767578,20.333332061767578,20.333332061767578,0
1991-07-17,0.0,20.416667938232422,20.416667938232422,20.416667938232422,20.416667938232422,2550
1991-07-18,0.0,20.5,20.5,20.5,20.5,15000
1991-07-19,20.5,20.5,20.5,20.5,20.5,0
1991-07-22,20.5,20.5,20.5,20.5,20.5,0
1991-07-23,0.0,20.5,20.5,20.5,20.5,300
1991-07-24,0.0,20.333332061767578,20.166667938232422,20.166667938232422,20.166667938232422,600
1991-07-25,0.0,20.0,19.75,19.75,19.75,1050
1991-07-26,0.0,19.666667938232422,19.666667938232422,19.666667938232422,19.666667938232422,150
1991-07-29,0.0,19.833332061767578,19.75,19.833332061767578,19.833332061767578,1500
1991-07-30,0.0,19.666667938232422,19.666667938232422,19.666667938232422,19.666667938232422,1500
1991-07-31,0.0,21.166667938232422,20.166667938232422,21.0,21.0,11700
1991-08-01,0.0,21.166667938232422,21.0,21.0,21.0,2100
1991-08-02,0.0,21.0,21.0,21.0,21.0,300
1991-08-05,0.0,21.083332061767578,20.916667938232422,20.916667938232422,20.916667938232422,1200
1991-08-06,0.0,21.083332061767578,20.75,20.75,20.75,600
1991-08-07,0.0,21.0,20.583332061767578,20.583332061767578,20.583332061767578,1650
1991-08-08,20.583332061767578,20.583332061767578,20.583332061767578,20.583332061767578,20.583332061767578,0
1991-08-09,0.0,20.5,20.5,20.5,20.5,1500
1991-08-12,0.0,20.75,20.583332061767578,20.75,20.75,2250
1991-08-13,0.0,21.833332061767578,20.916667938232422,21.833332061767578,21.833332061767578,7500
1991-08-14,0.0,22.0,22.0,22.0,22.0,300
1991-08-15,0.0,22.333332061767578,22.166667938232422,22.166667938232422,22.166667938232422,2250
1991-08-16,0.0,22.166667938232422,22.0,22.083332061767578,22.083332061767578,2400
1991-08-19,0.0,22.0,21.666667938232422,21.666667938232422,21.666667938232422,7350
1991-08-20,0.0,22.0,21.833332061767578,22.0,22.0,1500
1991-08-21,0.0,22.333332061767578,22.0,22.333332061767578,22.333332061767578,1800
1991-08-22,0.0,22.5,22.333332061767578,22.333332061767578,22.333332061767578,600
1991-08-23,0.0,22.583332061767578,22.333332061767578,22.333332061767578,22.333332061767578,2400
1991-08-26,22.333332061767578,22.333332061767578,22.333332061767578,22.333332061767578,22.333332061767578,0
1991-08-27,22.333332061767578,22.333332061767578,22.333332061767578,22.333332061767578,22.333332061767578,0
1991-08-28,0.0,22.666667938232422,22.5,22.666667938232422,22.666667938232422,4650
1991-08-29,0.0,22.833332061767578,22.75,22.75,22.75,900
1991-08-30,0.0,22.916667938232422,22.666667938232422,22.916667938232422,22.916667938232422,1200
1991-09-03,0.0,23.0,22.666667938232422,23.0,23.0,2250
1991-09-04,0.0,23.833332061767578,23.166667938232422,23.583332061767578,23.583332061767578,5250
1991-09-05,0.0,23.75,23.75,23.75,23.75,150
1991-09-06,0.0,23.916667938232422,23.916667938232422,23.916667938232422,23.916667938232422,300
1991-09-09,0.0,24.916667938232422,24.083332061767578,24.75,24.75,3300
1991-09-10,0.0,24.666667938232422,24.333332061767578,24.333332061767578,24.333332061767578,1800
1991-09-11,0.0,24.166667938232422,23.666667938232422,23.833332061767578,23.833332061767578,1500
1991-09-12,0.0,23.666667938232422,23.5,23.5,23.5,1350
1991-09-13,23.5,23.5,23.5,23.5,23.5,0
1991-09-16,0.0,23.333332061767578,23.083332061767578,23.083332061767578,23.083332061767578,1500
1991-09-17,0.0,23.166667938232422,23.0,23.0,23.0,450
1991-09-18,0.0,22.833332061767578,22.833332061767578,22.833332061767578,22.833332061767578,150
1991-09-19,22.833332061767578,22.833332061767578,22.833332061767578,22.833332061767578,22.833332061767578,0
1991-09-20,0.0,22.666667938232422,22.666667938232422,22.666667938232422,22.666667938232422,600
1991-09-23,0.0,22.75,22.583332061767578,22.583332061767578,22.583332061767578,11400
1991-09-24,0.0,22.666667938232422,22.583332061767578,22.666667938232422,22.666667938232422,27000
1991-09-25,0.0,22.666667938232422,22.666667938232422,22.666667938232422,22.666667938232422,23400
1991-09-26,0.0,22.833332061767578,22.833332061767578,22.833332061767578,22.833332061767578,15750
1991-09-27,0.0,22.833332061767578,22.75,22.833332061767578,22.833332061767578,450
1991-09-30,0.0,22.666667938232422,19.0,19.083332061767578,19.083332061767578,22800
1991-10-01,0.0,18.833332061767578,18.666667938232422,18.666667938232422,18.666667938232422,750
1991-10-02,0.0,18.416667938232422,18.166667938232422,18.25,18.25,6600
1991-10-03,0.0,18.083332061767578,17.75,17.75,17.75,11700
1991-10-04,0.0,17.583332061767578,17.0,17.5,17.5,5850
1991-10-07,0.0,17.5,17.5,17.5,17.5,150
1991-10-08,0.0,17.583332061767578,17.5,17.583332061767578,17.583332061767578,1800
1991-10-09,0.0,17.583332061767578,17.416667938232422,17.583332061767578,17.583332061767578,600
1991-10-10,0.0,17.583332061767578,17.583332061767578,17.583332061767578,17.583332061767578,300
1991-10-11,0.0,17.583332061767578,17.583332061767578,17.583332061767578,17.583332061767578,300
1991-10-14,0.0,17.583332061767578,17.583332061767578,17.583332061767578,17.583332061767578,600
1991-10-15,0.0,17.666667938232422,17.583332061767578,17.583332061767578,17.583332061767578,900
1991-10-16,0.0,17.583332061767578,17.583332061767578,17.583332061767578,17.583332061767578,900
1991-10-17,0.0,17.5,17.5,17.5,17.5,750
1991-10-18,17.5,17.5,17.5,17.5,17.5,0
1991-10-21,0.0,17.5,17.5,17.5,17.5,150
1991-10-22,0.0,17.333332061767578,17.166667938232422,17.166667938232422,17.166667938232422,450
1991-10-23,0.0,17.0,17.0,17.0,17.0,150
1991-10-24,0.0,16.833332061767578,16.666667938232422,16.666667938232422,16.666667938232422,1350
1991-10-25,0.0,16.5,16.333332061767578,16.333332061767578,16.333332061767578,300
1991-10-28,0.0,16.166667938232422,16.0,16.0,16.0,450
1991-10-29,16.0,16.0,16.0,16.0,16.0,0
1991-10-30,0.0,15.916666984558105,15.5,15.833333015441895,15.833333015441895,4800
1991-10-31,15.833333015441895,15.833333015441895,15.833333015441895,15.833333015441895,15.833333015441895,0
1991-11-01,15.833333015441895,15.833333015441895,15.833333015441895,15.833333015441895,15.833333015441895,0
1991-11-04,0.0,15.5,15.333333015441895,15.333333015441895,15.333333015441895,450
1991-11-05,0.0,15.25,15.25,15.25,15.25,450
1991-11-06,0.0,15.083333015441895,14.75,14.75,14.75,1050
1991-11-07,0.0,15.083333015441895,14.75,14.75,14.75,3000
1991-11-08,0.0,13.0,11.666666984558105,11.666666984558105,11.666666984558105,8850
1991-11-11,11.833333015441895,11.916666984558105,11.833333015441895,11.833333015441895,11.833333015441895,2850
1991-11-12,11.916666984558105,11.916666984558105,11.916666984558105,11.916666984558105,11.916666984558105,5100
1991-11-13,11.75,11.75,11.333333015441895,11.333333015441895,11.333333015441895,4050
1991-11-14,11.333333015441895,11.333333015441895,11.083333015441895,11.083333015441895,11.083333015441895,2250
1991-11-15,10.916666984558105,10.916666984558105,10.0,10.0,10.0,6600
1991-11-18,10.0,10.083333015441895,9.833333015441895,10.083333015441895,10.083333015441895,12600
1991-11-19,10.0,10.0,9.5,9.5,9.5,13650
1991-11-20,9.5,9.5,9.5,9.5,9.5,10350
1991-11-21,9.5,9.5,9.5,9.5,9.5,0
1991-11-22,9.583333015441895,9.583333015441895,9.583333015441895,9.583333015441895,9.583333015441895,300
1991-11-25,9.416666984558105,9.416666984558105,9.0,9.0,9.0,4050
1991-11-26,9.0,9.0,8.833333015441895,8.833333015441895,8.833333015441895,900
1991-11-27,8.916666984558105,8.916666984558105,8.083333015441895,8.083333015441895,8.083333015441895,3300
1991-11-29,8.0,8.0,7.75,7.75,7.75,3750
1991-12-02,7.4166669845581055,7.4166669845581055,7.25,7.3333330154418945,7.3333330154418945,4950
1991-12-03,7.3333330154418945,7.3333330154418945,6.8333330154418945,6.8333330154418945,6.8333330154418945,7200
1991-12-04,6.6666669845581055,6.6666669845581055,5.8333330154418945,5.9166669845581055,5.9166669845581055,5400
1991-12-05,6.0833330154418945,6.75,6.0833330154418945,6.6666669845581055,6.6666669845581055,53100
1991-12-06,6.6666669845581055,6.6666669845581055,5.0833330154418945,5.9166669845581055,5.9166669845581055,250500
1991-12-09,5.8333330154418945,6.5833330154418945,5.8333330154418945,6.5833330154418945,6.5833330154418945,15000
1991-12-10,6.5833330154418945,7.25,6.5833330154418945,7.25,7.25,7800
1991-12-11,7.3333330154418945,8.25,7.3333330154418945,8.083333015441895,8.083333015441895,28350
1991-12-12,8.25,8.5,8.25,8.5,8.5,18150
1991-12-13,8.5,8.75,8.333333015441895,8.333333015441895,8.333333015441895,16050
1991-12-16,8.416666984558105,8.416666984558105,7.9166669845581055,7.9166669845581055,7.9166669845581055,5250
1991-12-17,7.75,7.75,7.0833330154418945,7.3333330154418945,7.3333330154418945,12000
1991-12-18,7.3333330154418945,7.3333330154418945,7.3333330154418945,7.3333330154418945,7.3333330154418945,150
1991-12-19,7.1666669845581055,7.1666669845581055,6.5833330154418945,6.9166669845581055,6.9166669845581055,5700
1991-12-20,7.0,7.5,7.0,7.25,7.25,14700
1991-12-23,7.0833330154418945,7.0833330154418945,6.8333330154418945,6.9166669845581055,6.9166669845581055,7800
1991-12-24,7.0,7.25,7.0,7.25,7.25,23700
1991-12-26,7.25,7.5,7.25,7.25,7.25,16800
1991-12-27,7.3333330154418945,7.5833330154418945,7.3333330154418945,7.5833330154418945,7.5833330154418945,4350
1991-12-30,7.6666669845581055,9.333333015441895,7.5833330154418945,9.333333015441895,9.333333015441895,13200
1991-12-31,10.0,12.416666984558105,10.0,12.416666984558105,12.416666984558105,60450
1992-01-02,13.0,13.0,10.75,10.75,10.75,21450
1992-01-03,10.583333015441895,10.583333015441895,9.666666984558105,9.75,9.75,21000
1992-01-06,9.75,10.0,9.75,10.0,10.0,24750
1992-01-07,10.0,10.166666984558105,10.0,10.166666984558105,10.166666984558105,11100
1992-01-08,10.166666984558105,10.166666984558105,9.916666984558105,9.916666984558105,9.916666984558105,2100
1992-01-09,10.0,10.0,10.0,10.0,10.0,900
1992-01-10,9.833333015441895,10.0,9.833333015441895,9.916666984558105,9.916666984558105,4350
1992-01-13,10.0,10.0,9.833333015441895,9.833333015441895,9.833333015441895,3750
1992-01-14,12.833333015441895,14.333333015441895,12.583333015441895,14.083333015441895,14.083333015441895,129750
1992-01-15,14.5,15.75,14.5,15.583333015441895,15.583333015441895,63150
1992-01-16,15.75,15.75,14.833333015441895,14.833333015441895,14.833333015441895,20400
1992-01-17,14.666666984558105,14.666666984558105,13.5,13.916666984558105,13.916666984558105,20100
1992-01-20,13.75,13.833333015441895,13.75,13.833333015441895,13.833333015441895,2100
1992-01-21,13.75,13.75,13.416666984558105,13.583333015441895,13.583333015441895,28800
1992-01-22,13.666666984558105,14.5,13.666666984558105,14.5,14.5,9900
1992-01-23,14.583333015441895,14.916666984558105,14.583333015441895,14.666666984558105,14.666666984558105,8550
1992-01-24,14.916666984558105,14.916666984558105,14.75,14.75,14.75,11100
1992-01-27,14.666666984558105,14.666666984558105,14.416666984558105,14.416666984558105,14.416666984558105,4350
1992-01-28,14.333333015441895,14.5,14.333333015441895,14.5,14.5,4950
1992-01-29,14.583333015441895,14.75,14.583333015441895,14.666666984558105,14.666666984558105,11250
1992-01-30,14.583333015441895,14.583333015441895,14.583333015441895,14.583333015441895,14.583333015441895,750
1992-01-31,14.75,15.416666984558105,14.75,15.416666984558105,15.416666984558105,5400
1992-02-03,15.583333015441895,16.166667938232422,15.583333015441895,16.166667938232422,16.166667938232422,3600
1992-02-04,16.833332061767578,17.666667938232422,16.833332061767578,17.666667938232422,17.666667938232422,9300
1992-02-05,18.833332061767578,19.166667938232422,18.25,18.25,18.25,31350
1992-02-06,18.5,18.583332061767578,18.25,18.5,18.5,24300
1992-02-07,18.5,18.583332061767578,18.5,18.5,18.5,3150
1992-02-10,18.5,18.5,18.0,18.166667938232422,18.166667938232422,10800
1992-02-11,18.666667938232422,22.0,18.666667938232422,21.25,21.25,140850
1992-02-12,21.333332061767578,21.333332061767578,20.5,21.0,21.0,33150
1992-02-13,21.166667938232422,22.416667938232422,21.0,21.333332061767578,21.333332061767578,23550
1992-02-14,21.166667938232422,21.666667938232422,21.166667938232422,21.5,21.5,16650
1992-02-18,21.666667938232422,21.666667938232422,21.0,21.166667938232422,21.166667938232422,20700
1992-02-19,20.833332061767578,20.833332061767578,20.083332061767578,20.083332061767578,20.083332061767578,4650
1992-02-20,19.916667938232422,20.0,19.5,20.0,20.0,11400
1992-02-21,20.0,20.0,19.666667938232422,19.666667938232422,19.666667938232422,5550
1992-02-24,19.666667938232422,20.916667938232422,19.666667938232422,20.833332061767578,20.833332061767578,11400
1992-02-25,20.666667938232422,20.666667938232422,20.083332061767578,20.083332061767578,20.083332061767578,2700
1992-02-26,20.0,20.416667938232422,20.0,20.416667938232422,20.416667938232422,4950
1992-02-27,20.5,21.166667938232422,20.5,21.166667938232422,21.166667938232422,2250
1992-02-28,21.0,21.0,20.583332061767578,20.583332061767578,20.583332061767578,3000
1992-03-02,20.583332061767578,21.416667938232422,20.583332061767578,21.416667938232422,21.416667938232422,5850
1992-03-03,21.5,22.0,21.416667938232422,21.666667938232422,21.666667938232422,22800
1992-03-04,21.833332061767578,21.833332061767578,21.666667938232422,21.666667938232422,21.666667938232422,8100
1992-03-05,21.666667938232422,21.666667938232422,21.583332061767578,21.583332061767578,21.583332061767578,21000
1992-03-06,21.583332061767578,21.583332061767578,21.583332061767578,21.583332061767578,21.583332061767578,450
1992-03-09,21.5,21.916667938232422,21.5,21.916667938232422,21.916667938232422,5850
1992-03-10,21.833332061767578,21.833332061767578,21.75,21.75,21.75,13650
1992-03-11,21.666667938232422,21.666667938232422,21.416667938232422,21.416667938232422,21.416667938232422,49350
1992-03-12,21.416667938232422,21.5,21.416667938232422,21.5,21.5,2100
1992-03-13,21.5,21.916667938232422,21.5,21.833332061767578,21.833332061767578,2400
1992-03-16,21.666667938232422,21.666667938232422,20.833332061767578,20.833332061767578,20.833332061767578,13050
1992-03-17,20.666667938232422,20.666667938232422,19.333332061767578,20.083332061767578,20.083332061767578,71400
1992-03-18,20.25,20.333332061767578,20.083332061767578,20.083332061767578,20.083332061767578,6300
1992-03-19,20.0,20.0,20.0,20.0,20.0,600
1992-03-20,20.0,20.0,20.0,20.0,20.0,600
1992-03-23,20.0,20.0,20.0,20.0,20.0,4200
1992-03-24,20.0,20.25,20.0,20.25,20.25,3150
1992-03-25,20.25,20.25,20.25,20.25,20.25,3600
1992-03-26,20.25,20.25,20.25,20.25,20.25,0
1992-03-27,20.083332061767578,20.083332061767578,20.083332061767578,20.083332061767578,20.083332061767578,150
1992-03-30,20.0,20.0,20.0,20.0,20.0,150
1992-03-31,19.833332061767578,19.833332061767578,19.666667938232422,19.666667938232422,19.666667938232422,16800
1992-04-01,19.5,19.5,18.833332061767578,18.833332061767578,18.833332061767578,13050
1992-04-02,18.833332061767578,19.083332061767578,18.75,19.083332061767578,19.083332061767578,24000
1992-04-03,19.25,19.666667938232422,19.25,19.666667938232422,19.666667938232422,1650
1992-04-06,19.666667938232422,19.666667938232422,19.666667938232422,19.666667938232422,19.666667938232422,6900
1992-04-07,19.5,19.5,19.5,19.5,19.5,150
1992-04-08,19.333332061767578,19.333332061767578,19.083332061767578,19.083332061767578,19.083332061767578,1800
1992-04-09,19.0,19.0,18.666667938232422,18.666667938232422,18.666667938232422,2250
1992-04-10,18.666667938232422,18.666667938232422,18.166667938232422,18.166667938232422,18.166667938232422,4950
1992-04-13,17.833332061767578,17.833332061767578,17.666667938232422,17.666667938232422,17.666667938232422,3300
1992-04-14,17.583332061767578,17.583332061767578,17.333332061767578,17.333332061767578,17.333332061767578,7050
1992-04-15,17.5,18.583332061767578,17.5,18.583332061767578,18.583332061767578,7050
1992-04-16,18.75,19.666667938232422,18.75,18.75,18.75,15600
1992-04-20,18.666667938232422,18.75,18.666667938232422,18.75,18.75,6450
1992-04-21,18.583332061767578,18.666667938232422,18.583332061767578,18.666667938232422,18.666667938232422,1800
1992-04-22,18.5,18.5,18.166667938232422,18.166667938232422,18.166667938232422,600
1992-04-23,18.0,18.166667938232422,18.0,18.166667938232422,18.166667938232422,4800
1992-04-24,18.0,18.0,17.833332061767578,17.833332061767578,17.833332061767578,450
1992-04-27,17.666667938232422,17.666667938232422,17.5,17.666667938232422,17.666667938232422,1950
1992-04-28,17.75,18.333332061767578,17.75,18.333332061767578,18.333332061767578,1950
1992-04-29,18.333332061767578,18.5,18.333332061767578,18.5,18.5,9750
1992-04-30,18.583332061767578,18.583332061767578,18.583332061767578,18.583332061767578,18.583332061767578,4350
1992-05-01,18.583332061767578,18.583332061767578,18.583332061767578,18.583332061767578,18.583332061767578,0
1992-05-04,18.416667938232422,18.416667938232422,18.083332061767578,18.333332061767578,18.333332061767578,1800
1992-05-05,18.666667938232422,18.916667938232422,18.0,18.0,18.0,15300
1992-05-06,17.833332061767578,17.833332061767578,17.0,17.333332061767578,17.333332061767578,4650
1992-05-07,17.333332061767578,17.333332061767578,17.333332061767578,17.333332061767578,17.333332061767578,0
1992-05-08,17.5,18.0,17.5,17.583332061767578,17.583332061767578,5550
1992-05-11,17.5,19.0,17.5,19.0,19.0,9900
1992-05-12,19.0,19.333332061767578,19.0,19.0,19.0,16350
1992-05-13,19.0,19.0,19.0,19.0,19.0,300
1992-05-14,19.166667938232422,19.166667938232422,19.166667938232422,19.166667938232422,19.166667938232422,450
1992-05-15,19.333332061767578,19.333332061767578,19.333332061767578,19.333332061767578,19.333332061767578,8100
1992-05-18,19.5,19.5,19.5,19.5,19.5,3900
1992-05-19,19.5,19.5,18.75,18.916667938232422,18.916667938232422,4350
1992-05-20,18.75,18.833332061767578,18.666667938232422,18.833332061767578,18.833332061767578,1350
1992-05-21,18.833332061767578,18.833332061767578,18.833332061767578,18.833332061767578,18.833332061767578,450
1992-05-22,18.666667938232422,18.666667938232422,18.416667938232422,18.666667938232422,18.666667938232422,2550
1992-05-26,18.583332061767578,18.583332061767578,18.583332061767578,18.583332061767578,18.583332061767578,300
1992-05-27,18.416667938232422,18.416667938232422,18.166667938232422,18.166667938232422,18.166667938232422,2250
1992-05-28,18.0,18.0,17.833332061767578,17.833332061767578,17.833332061767578,750
1992-05-29,17.833332061767578,17.833332061767578,17.833332061767578,17.833332061767578,17.833332061767578,0
1992-06-01,17.666667938232422,17.666667938232422,17.083332061767578,17.333332061767578,17.333332061767578,239700
1992-06-02,17.25,17.333332061767578,17.25,17.333332061767578,17.333332061767578,1500
1992-06-03,17.333332061767578,17.333332061767578,17.333332061767578,17.333332061767578,17.333332061767578,0
1992-06-04,17.333332061767578,17.583332061767578,17.0,17.583332061767578,17.583332061767578,9750
1992-06-05,17.75,18.0,17.75,18.0,18.0,1050
1992-06-08,18.0,18.0,18.0,18.0,18.0,300
1992-06-09,18.166667938232422,18.666667938232422,18.166667938232422,18.666667938232422,18.666667938232422,1050
1992-06-10,18.666667938232422,18.666667938232422,18.666667938232422,18.666667938232422,18.666667938232422,1500
1992-06-11,18.666667938232422,18.666667938232422,18.25,18.333332061767578,18.333332061767578,3450
1992-06-12,18.333332061767578,18.333332061767578,18.333332061767578,18.333332061767578,18.333332061767578,0
1992-06-15,18.416667938232422,18.416667938232422,18.166667938232422,18.166667938232422,18.166667938232422,1050
1992-06-16,18.166667938232422,18.166667938232422,18.166667938232422,18.166667938232422,18.166667938232422,1500
1992-06-17,17.833332061767578,17.833332061767578,16.833332061767578,16.833332061767578,16.833332061767578,4500
1992-06-18,16.666667938232422,16.666667938232422,15.833333015441895,15.833333015441895,15.833333015441895,3450
1992-06-19,15.833333015441895,15.833333015441895,15.833333015441895,15.833333015441895,15.833333015441895,56850
1992-06-22,15.666666984558105,15.666666984558105,15.583333015441895,15.666666984558105,15.666666984558105,750
1992-06-23,16.333332061767578,16.5,16.333332061767578,16.5,16.5,5250
1992-06-24,16.583332061767578,16.916667938232422,16.583332061767578,16.916667938232422,16.916667938232422,5550
1992-06-25,16.75,16.75,16.75,16.75,16.75,3150
1992-06-26,16.666667938232422,16.75,16.666667938232422,16.75,16.75,900
1992-06-29,16.75,16.75,16.75,16.75,16.75,0
1992-06-30,16.75,16.75,16.666667938232422,16.666667938232422,16.666667938232422,4200
1992-07-01,16.5,16.5,16.5,16.5,16.5,150
1992-07-02,16.416667938232422,16.916667938232422,16.333332061767578,16.583332061767578,16.583332061767578,7200
1992-07-06,16.5,16.5,16.5,16.5,16.5,600
1992-07-07,16.333332061767578,16.333332061767578,16.0,16.166667938232422,16.166667938232422,3750
1992-07-08,16.0,16.0,15.583333015441895,15.833333015441895,15.833333015441895,9150
1992-07-09,15.666666984558105,15.916666984558105,15.666666984558105,15.916666984558105,15.916666984558105,5850
1992-07-10,16.083332061767578,16.75,16.083332061767578,16.75,16.75,6750
1992-07-13,16.75,16.75,16.75,16.75,16.75,300
1992-07-14,16.916667938232422,17.083332061767578,16.916667938232422,17.083332061767578,17.083332061767578,3600
1992-07-15,17.083332061767578,17.083332061767578,17.083332061767578,17.083332061767578,17.083332061767578,0
1992-07-16,17.083332061767578,17.083332061767578,17.083332061767578,17.083332061767578,17.083332061767578,7500
1992-07-17,17.083332061767578,17.083332061767578,17.083332061767578,17.083332061767578,17.083332061767578,0
1992-07-20,16.916667938232422,16.916667938232422,16.916667938232422,16.916667938232422,16.916667938232422,150
1992-07-21,16.75,16.75,16.666667938232422,16.666667938232422,16.666667938232422,4500
1992-07-22,16.75,16.75,16.75,16.75,16.75,300
1992-07-23,16.75,16.75,16.75,16.75,16.75,0
1992-07-24,16.583332061767578,16.666667938232422,16.583332061767578,16.666667938232422,16.666667938232422,450
1992-07-27,16.666667938232422,16.666667938232422,16.666667938232422,16.666667938232422,16.666667938232422,0
1992-07-28,16.5,16.5,16.5,16.5,16.5,150
1992-07-29,16.333332061767578,16.5,16.333332061767578,16.5,16.5,2250
1992-07-30,16.5,16.833332061767578,16.5,16.5,16.5,6750
1992-07-31,16.583332061767578,16.666667938232422,16.583332061767578,16.666667938232422,16.666667938232422,6000
1992-08-03,16.666667938232422,16.666667938232422,16.666667938232422,16.666667938232422,16.666667938232422,0
1992-08-04,16.833332061767578,16.833332061767578,16.666667938232422,16.666667938232422,16.666667938232422,750
1992-08-05,16.666667938232422,16.666667938232422,16.583332061767578,16.583332061767578,16.583332061767578,15900
1992-08-06,16.333332061767578,16.333332061767578,16.166667938232422,16.166667938232422,16.166667938232422,6750
1992-08-07,16.0,16.0,15.833333015441895,16.0,16.0,1950
1992-08-10,16.0,16.0,16.0,16.0,16.0,0
1992-08-11,16.0,16.0,16.0,16.0,16.0,0
1992-08-12,16.0,16.0,15.833333015441895,15.833333015441895,15.833333015441895,1650
1992-08-13,15.75,15.75,15.75,15.75,15.75,450
1992-08-14,15.666666984558105,15.666666984558105,15.666666984558105,15.666666984558105,15.666666984558105,1800
1992-08-17,15.5,15.5,15.5,15.5,15.5,150
1992-08-18,15.333333015441895,15.333333015441895,15.166666984558105,15.25,15.25,750
1992-08-19,15.083333015441895,15.083333015441895,14.916666984558105,14.916666984558105,14.916666984558105,1050
1992-08-20,14.75,14.75,14.5,14.5,14.5,2100
1992-08-21,14.333333015441895,14.333333015441895,13.333333015441895,13.333333015441895,13.333333015441895,11550
1992-08-24,13.333333015441895,13.333333015441895,13.166666984558105,13.25,13.25,8400
1992-08-25,13.25,13.25,13.25,13.25,13.25,0
1992-08-26,13.25,13.25,13.25,13.25,13.25,0
1992-08-27,13.25,13.25,13.25,13.25,13.25,0
1992-08-28,13.166666984558105,13.166666984558105,13.166666984558105,13.166666984558105,13.166666984558105,300
1992-08-31,13.0,13.0,13.0,13.0,13.0,150
1992-09-01,12.833333015441895,12.833333015441895,12.833333015441895,12.833333015441895,12.833333015441895,300
1992-09-02,12.833333015441895,12.833333015441895,12.833333015441895,12.833333015441895,12.833333015441895,0
1992-09-03,12.833333015441895,12.833333015441895,12.833333015441895,12.833333015441895,12.833333015441895,0
1992-09-04,12.833333015441895,12.833333015441895,12.833333015441895,12.833333015441895,12.833333015441895,0
1992-09-08,12.833333015441895,12.833333015441895,12.833333015441895,12.833333015441895,12.833333015441895,600
1992-09-09,12.5,12.5,12.5,12.5,12.5,3900
1992-09-10,12.333333015441895,12.333333015441895,12.333333015441895,12.333333015441895,12.333333015441895,300
1992-09-11,12.333333015441895,12.333333015441895,12.333333015441895,12.333333015441895,12.333333015441895,0
1992-09-14,12.166666984558105,12.166666984558105,12.0,12.0,12.0,1050
1992-09-15,12.0,12.0,12.0,12.0,12.0,0
1992-09-16,11.75,11.75,10.916666984558105,10.916666984558105,10.916666984558105,3600
1992-09-17,10.916666984558105,10.916666984558105,10.916666984558105,10.916666984558105,10.916666984558105,0
1992-09-18,10.583333015441895,10.583333015441895,10.166666984558105,10.166666984558105,10.166666984558105,3000
1992-09-21,9.916666984558105,9.916666984558105,9.5,9.666666984558105,9.666666984558105,12300
1992-09-22,9.75,9.75,9.5,9.5,9.5,6000
1992-09-23,9.5,9.583333015441895,9.5,9.583333015441895,9.583333015441895,1950
1992-09-24,9.583333015441895,9.583333015441895,9.5,9.5,9.5,4800
1992-09-25,9.583333015441895,9.583333015441895,9.583333015441895,9.583333015441895,9.583333015441895,150
1992-09-28,9.416666984558105,9.416666984558105,9.416666984558105,9.416666984558105,9.416666984558105,3000
1992-09-29,8.583333015441895,8.75,8.583333015441895,8.666666984558105,8.666666984558105,12000
1992-09-30,8.666666984558105,8.75,8.666666984558105,8.666666984558105,8.666666984558105,1800
1992-10-01,8.666666984558105,9.333333015441895,8.666666984558105,9.333333015441895,9.333333015441895,7050
1992-10-02,9.333333015441895,9.333333015441895,9.25,9.25,9.25,4200
1992-10-05,9.416666984558105,9.5,9.333333015441895,9.5,9.5,7200
1992-10-06,9.5,9.5,9.416666984558105,9.416666984558105,9.416666984558105,7950
1992-10-07,9.5,9.75,9.5,9.75,9.75,9600
1992-10-08,9.833333015441895,10.25,9.833333015441895,10.25,10.25,5700
1992-10-09,10.333333015441895,11.583333015441895,10.333333015441895,11.333333015441895,11.333333015441895,18300
1992-10-12,11.5,11.5,11.25,11.25,11.25,2850
1992-10-13,11.25,11.25,11.25,11.25,11.25,0
1992-10-14,11.166666984558105,11.166666984558105,10.916666984558105,10.916666984558105,10.916666984558105,2550
1992-10-15,11.0,11.0,10.75,10.75,10.75,2100
1992-10-16,10.666666984558105,10.75,10.666666984558105,10.75,10.75,300
1992-10-19,10.666666984558105,10.666666984558105,10.583333015441895,10.583333015441895,10.583333015441895,600
1992-10-20,10.5,10.5,10.5,10.5,10.5,300
1992-10-21,10.5,10.5,10.5,10.5,10.5,0
1992-10-22,10.5,10.5,10.5,10.5,10.5,0
1992-10-23,10.5,10.5,10.5,10.5,10.5,0
1992-10-26,10.5,10.5,10.5,10.5,10.5,0
1992-10-27,10.5,10.5,10.5,10.5,10.5,0
1992-10-28,10.5,10.5,10.5,10.5,10.5,0
1992-10-29,10.5,10.5,10.5,10.5,10.5,0
1992-10-30,10.5,10.5,10.5,10.5,10.5,0
1992-11-02,10.583333015441895,10.583333015441895,10.5,10.5,10.5,2700
1992-11-03,10.666666984558105,11.083333015441895,10.666666984558105,11.083333015441895,11.083333015441895,5850
1992-11-04,11.166666984558105,11.166666984558105,11.166666984558105,11.166666984558105,11.166666984558105,1500
1992-11-05,10.833333015441895,11.0,10.833333015441895,11.0,11.0,9000
1992-11-06,10.916666984558105,10.916666984558105,10.916666984558105,10.916666984558105,10.916666984558105,450
1992-11-09,10.833333015441895,10.833333015441895,10.75,10.75,10.75,3600
1992-11-10,10.75,10.75,10.75,10.75,10.75,0
1992-11-11,10.666666984558105,10.666666984558105,10.583333015441895,10.583333015441895,10.583333015441895,750
1992-11-12,10.5,10.583333015441895,10.5,10.583333015441895,10.583333015441895,300
1992-11-13,10.583333015441895,10.583333015441895,10.5,10.5,10.5,1200
1992-11-16,10.666666984558105,10.666666984558105,10.666666984558105,10.666666984558105,10.666666984558105,150
1992-11-17,10.666666984558105,10.666666984558105,10.666666984558105,10.666666984558105,10.666666984558105,0
1992-11-18,10.666666984558105,10.666666984558105,10.666666984558105,10.666666984558105,10.666666984558105,0
1992-11-19,10.666666984558105,10.666666984558105,10.666666984558105,10.666666984558105,10.666666984558105,0
1992-11-20,10.666666984558105,10.666666984558105,10.666666984558105,10.666666984558105,10.666666984558105,0
1992-11-23,10.5,10.5,10.416666984558105,10.416666984558105,10.416666984558105,450
1992-11-24,10.25,10.5,10.25,10.5,10.5,2550
1992-11-25,10.5,10.5,10.5,10.5,10.5,0
1992-11-27,10.583333015441895,10.583333015441895,10.583333015441895,10.583333015441895,10.583333015441895,3450
1992-11-30,10.416666984558105,10.5,10.25,10.5,10.5,4350
1992-12-01,10.5,10.583333015441895,10.5,10.583333015441895,10.583333015441895,25950
1992-12-02,10.583333015441895,10.583333015441895,10.5,10.583333015441895,10.583333015441895,2250
1992-12-03,10.5,10.5,10.5,10.5,10.5,4050
1992-12-04,10.5,10.5,10.5,10.5,10.5,0
1992-12-07,10.5,10.5,10.333333015441895,10.333333015441895,10.333333015441895,4350
1992-12-08,10.25,10.333333015441895,10.0,10.0,10.0,3300
1992-12-09,10.0,10.0,10.0,10.0,10.0,4500
1992-12-10,10.0,10.0,10.0,10.0,10.0,3000
1992-12-11,9.916666984558105,9.916666984558105,9.666666984558105,9.666666984558105,9.666666984558105,4500
1992-12-14,9.333333015441895,9.333333015441895,9.333333015441895,9.333333015441895,9.333333015441895,22950
1992-12-15,9.416666984558105,9.416666984558105,9.416666984558105,9.416666984558105,9.416666984558105,7350
1992-12-16,9.416666984558105,9.416666984558105,9.416666984558105,9.416666984558105,9.416666984558105,3000
1992-12-17,9.583333015441895,9.583333015441895,9.583333015441895,9.583333015441895,9.583333015441895,300
1992-12-18,9.666666984558105,9.833333015441895,9.666666984558105,9.833333015441895,9.833333015441895,2100
1992-12-21,9.833333015441895,9.833333015441895,9.833333015441895,9.833333015441895,9.833333015441895,1050
1992-12-22,10.0,10.083333015441895,9.916666984558105,9.916666984558105,9.916666984558105,83100
1992-12-23,10.083333015441895,10.25,10.083333015441895,10.25,10.25,4800
1992-12-24,10.333333015441895,11.083333015441895,10.333333015441895,11.083333015441895,11.083333015441895,16200
1992-12-28,11.25,13.916666984558105,11.25,13.916666984558105,13.916666984558105,23400
1992-12-29,13.916666984558105,13.916666984558105,12.333333015441895,12.666666984558105,12.666666984558105,14700
1992-12-30,12.75,12.916666984558105,12.75,12.916666984558105,12.916666984558105,1800
1992-12-31,13.083333015441895,13.75,13.083333015441895,13.333333015441895,13.333333015441895,39300
1993-01-04,13.5,13.5,13.25,13.25,13.25,3750
1993-01-05,13.25,13.25,13.25,13.25,13.25,1500
1993-01-06,13.416666984558105,13.5,13.416666984558105,13.5,13.5,1500
1993-01-07,13.333333015441895,13.333333015441895,12.75,12.75,12.75,3900
1993-01-08,12.916666984558105,13.0,12.916666984558105,13.0,13.0,1650
1993-01-11,13.166666984558105,13.166666984558105,13.083333015441895,13.083333015441895,13.083333015441895,2250
1993-01-12,13.0,13.0,12.833333015441895,13.0,13.0,2400
1993-01-13,13.083333015441895,13.083333015441895,13.083333015441895,13.083333015441895,13.083333015441895,300
1993-01-14,13.083333015441895,13.083333015441895,13.083333015441895,13.083333015441895,13.083333015441895,600
1993-01-15,12.916666984558105,13.0,12.916666984558105,12.916666984558105,12.916666984558105,8700
1993-01-18,12.916666984558105,12.916666984558105,12.916666984558105,12.916666984558105,12.916666984558105,750
1993-01-19,12.75,15.333333015441895,12.75,15.166666984558105,15.166666984558105,60900
1993-01-20,15.166666984558105,15.75,14.416666984558105,14.416666984558105,14.416666984558105,29700
1993-01-21,14.25,14.333333015441895,14.25,14.333333015441895,14.333333015441895,3150
1993-01-22,14.333333015441895,15.0,14.333333015441895,15.0,15.0,2400
1993-01-25,15.166666984558105,15.333333015441895,14.833333015441895,15.0,15.0,48300
1993-01-26,15.166666984558105,15.5,15.166666984558105,15.333333015441895,15.333333015441895,5100
1993-01-27,15.0,15.25,15.0,15.25,15.25,3900
1993-01-28,15.083333015441895,15.083333015441895,14.916666984558105,15.0,15.0,750
1993-01-29,15.833333015441895,15.833333015441895,15.083333015441895,15.083333015441895,15.083333015441895,14550
1993-02-01,15.0,15.083333015441895,15.0,15.083333015441895,15.083333015441895,1350
1993-02-02,15.166666984558105,15.166666984558105,14.666666984558105,14.666666984558105,14.666666984558105,9600
1993-02-03,14.833333015441895,15.5,14.833333015441895,15.5,15.5,9450
1993-02-04,15.666666984558105,16.0,15.666666984558105,15.833333015441895,15.833333015441895,4500
1993-02-05,15.916666984558105,15.916666984558105,15.916666984558105,15.916666984558105,15.916666984558105,450
1993-02-08,15.916666984558105,15.916666984558105,15.916666984558105,15.916666984558105,15.916666984558105,300
1993-02-09,15.75,15.75,15.75,15.75,15.75,600
1993-02-10,15.666666984558105,15.666666984558105,15.0,15.083333015441895,15.083333015441895,9150
1993-02-11,14.916666984558105,15.25,14.5,15.25,15.25,7050
1993-02-12,15.333333015441895,15.916666984558105,15.0,15.916666984558105,15.916666984558105,16800
1993-02-16,15.75,15.75,14.666666984558105,14.833333015441895,14.833333015441895,16950
1993-02-17,10.666666984558105,10.833333015441895,10.666666984558105,10.666666984558105,10.666666984558105,7200
1993-02-18,10.833333015441895,10.833333015441895,10.666666984558105,10.833333015441895,10.833333015441895,6750
1993-02-19,10.916666984558105,11.083333015441895,10.916666984558105,10.916666984558105,10.916666984558105,12900
1993-02-22,11.0,11.166666984558105,10.916666984558105,11.0,11.0,24300
1993-02-23,11.0,11.0,10.666666984558105,11.0,11.0,40500
1993-02-24,11.0,11.0,10.916666984558105,10.916666984558105,10.916666984558105,8550
1993-02-25,10.916666984558105,10.916666984558105,10.583333015441895,10.916666984558105,10.916666984558105,47850
1993-02-26,10.666666984558105,10.75,10.416666984558105,10.75,10.75,16500
1993-03-01,10.666666984558105,11.083333015441895,10.666666984558105,11.083333015441895,11.083333015441895,228750
1993-03-02,11.083333015441895,11.083333015441895,11.0,11.083333015441895,11.083333015441895,73200
1993-03-03,11.083333015441895,13.25,11.083333015441895,12.666666984558105,12.666666984558105,192000
1993-03-04,12.833333015441895,13.0,12.416666984558105,12.666666984558105,12.666666984558105,247950
1993-03-05,12.833333015441895,14.166666984558105,12.75,14.166666984558105,14.166666984558105,146250
1993-03-08,15.0,15.333333015441895,14.666666984558105,14.75,14.75,133350
1993-03-09,14.75,14.75,12.333333015441895,13.5,13.5,185850
1993-03-10,13.5,14.166666984558105,13.333333015441895,14.166666984558105,14.166666984558105,81150
1993-03-11,14.416666984558105,14.833333015441895,14.333333015441895,14.416666984558105,14.416666984558105,109950
1993-03-12,14.416666984558105,14.416666984558105,13.916666984558105,13.916666984558105,13.916666984558105,42900
1993-03-15,13.833333015441895,14.416666984558105,13.666666984558105,14.25,14.25,107100
1993-03-16,14.583333015441895,14.583333015441895,14.0,14.333333015441895,14.333333015441895,29700
1993-03-17,14.166666984558105,14.416666984558105,13.833333015441895,13.833333015441895,13.833333015441895,13200
1993-03-18,14.0,14.416666984558105,14.0,14.416666984558105,14.416666984558105,36900
1993-03-19,14.583333015441895,14.666666984558105,14.416666984558105,14.666666984558105,14.666666984558105,38100
1993-03-22,14.583333015441895,15.083333015441895,14.5,15.083333015441895,15.083333015441895,46200
1993-03-23,15.083333015441895,15.5,14.416666984558105,14.416666984558105,14.416666984558105,46950
1993-03-24,14.833333015441895,14.833333015441895,14.5,14.5,14.5,40800
1993-03-25,14.583333015441895,14.583333015441895,14.416666984558105,14.416666984558105,14.416666984558105,2550
1993-03-26,14.5,14.5,14.166666984558105,14.166666984558105,14.166666984558105,633900
1993-03-29,14.5,15.0,14.25,14.75,14.75,582450
1993-03-30,14.833333015441895,15.333333015441895,14.25,14.583333015441895,14.583333015441895,148350
1993-03-31,14.416666984558105,14.583333015441895,14.25,14.583333015441895,14.583333015441895,18000
1993-04-01,14.5,14.666666984558105,14.25,14.583333015441895,14.583333015441895,68100
1993-04-02,14.666666984558105,14.666666984558105,13.833333015441895,14.166666984558105,14.166666984558105,102750
1993-04-05,14.166666984558105,14.166666984558105,13.75,14.0,14.0,32100
1993-04-06,13.833333015441895,13.916666984558105,13.333333015441895,13.583333015441895,13.583333015441895,53250
1993-04-07,13.416666984558105,13.583333015441895,13.333333015441895,13.583333015441895,13.583333015441895,14250
1993-04-08,13.416666984558105,13.75,13.416666984558105,13.75,13.75,31650
1993-04-12,13.833333015441895,14.0,13.75,13.833333015441895,13.833333015441895,16950
1993-04-13,13.916666984558105,14.0,13.916666984558105,14.0,14.0,62250
1993-04-14,14.0,14.0,13.833333015441895,13.916666984558105,13.916666984558105,43050
1993-04-15,14.0,14.0,13.833333015441895,13.833333015441895,13.833333015441895,28650
1993-04-16,13.916666984558105,13.916666984558105,13.833333015441895,13.833333015441895,13.833333015441895,2550
1993-04-19,14.0,14.0,13.833333015441895,13.833333015441895,13.833333015441895,8100
1993-04-20,13.833333015441895,13.833333015441895,12.833333015441895,12.833333015441895,12.833333015441895,47850
1993-04-21,12.916666984558105,13.0,12.0,12.25,12.25,46500
1993-04-22,12.25,12.583333015441895,12.25,12.5,12.5,71700
1993-04-23,12.416666984558105,12.5,12.416666984558105,12.416666984558105,12.416666984558105,6450
1993-04-26,14.75,14.75,11.875,12.625,12.625,211800
1993-04-27,12.625,13.375,12.0,13.25,13.25,133200
1993-04-28,13.25,13.875,13.25,13.875,13.875,124800
1993-04-29,14.0,14.375,14.0,14.375,14.375,76200
1993-04-30,14.375,16.0,14.375,15.75,15.75,62800
1993-05-03,16.0,16.25,15.0,15.25,15.25,18000
1993-05-04,15.0,15.25,14.875,15.0,15.0,20200
1993-05-05,15.0,15.25,14.5,15.125,15.125,14700
1993-05-06,15.25,15.75,15.25,15.75,15.75,5500
1993-05-07,16.0,16.875,16.0,16.875,16.875,37400
1993-05-10,16.625,16.75,16.625,16.75,16.75,12000
1993-05-11,16.75,17.25,16.75,17.25,17.25,4800
1993-05-12,17.5,17.875,17.25,17.5,17.5,14200
1993-05-13,17.375,17.375,16.5,17.0,17.0,17000
1993-05-14,16.75,16.75,16.25,16.25,16.25,66800
1993-05-17,16.25,16.75,16.125,16.75,16.75,22800
1993-05-18,16.5,17.0,16.5,16.625,16.625,3400
1993-05-19,16.5,16.875,16.0,16.875,16.875,28900
1993-05-20,17.125,17.125,16.875,16.875,16.875,15000
1993-05-21,16.625,16.75,16.375,16.75,16.75,11900
1993-05-24,16.5,16.75,16.5,16.625,16.625,18700
1993-05-25,16.375,17.125,16.375,17.125,17.125,30400
1993-05-26,17.125,17.125,17.0,17.0,17.0,7100
1993-05-27,17.25,17.25,16.75,17.25,17.25,13100
1993-05-28,17.0,17.125,16.625,17.0,17.0,17800
1993-06-01,16.875,17.0,16.625,17.0,17.0,16600
1993-06-02,17.0,17.0,17.0,17.0,17.0,100
1993-06-03,16.75,17.0,16.5,17.0,17.0,16500
1993-06-04,16.75,16.75,16.25,16.375,16.375,7400
1993-06-07,16.125,16.125,16.0,16.0,16.0,8700
1993-06-08,16.125,16.125,16.0,16.0,16.0,2100
1993-06-09,15.75,15.75,15.75,15.75,15.75,3000
1993-06-10,16.0,16.0,15.75,15.75,15.75,2200
1993-06-11,15.75,16.0,15.75,15.75,15.75,4600
1993-06-14,15.625,15.875,15.625,15.875,15.875,8200
1993-06-15,15.75,15.875,15.75,15.75,15.75,1800
1993-06-16,15.75,16.0,15.75,16.0,16.0,1900
1993-06-17,15.75,15.75,15.75,15.75,15.75,5500
1993-06-18,15.875,16.0,15.875,15.875,15.875,2200
1993-06-21,16.0,16.0,15.875,15.875,15.875,800
1993-06-22,15.625,16.0,15.625,16.0,16.0,2500
1993-06-23,15.875,18.0,15.875,17.75,17.75,98800
1993-06-24,17.875,17.875,17.0,17.5,17.5,95000
1993-06-25,17.625,18.625,17.625,18.625,18.625,63000
1993-06-28,18.625,18.625,17.375,18.0,18.0,46900
1993-06-29,17.875,18.25,17.75,17.75,17.75,31100
1993-06-30,17.625,17.625,17.125,17.5,17.5,14800
1993-07-01,17.25,17.5,17.25,17.25,17.25,21900
1993-07-02,17.125,17.125,16.625,17.0,17.0,34700
1993-07-06,17.0,17.0,16.875,16.875,16.875,1100
1993-07-07,17.0,17.375,17.0,17.25,17.25,21800
1993-07-08,17.625,17.75,17.5,17.625,17.625,41500
1993-07-09,17.5,17.5,17.25,17.375,17.375,26600
1993-07-12,17.25,17.625,17.25,17.5,17.5,12100
1993-07-13,17.125,17.5,17.0,17.25,17.25,14500
1993-07-14,17.375,17.5,17.125,17.375,17.375,22400
1993-07-15,17.375,17.375,17.125,17.25,17.25,74800
1993-07-16,17.25,17.625,17.25,17.625,17.625,3500
1993-07-19,17.75,17.75,17.375,17.375,17.375,21800
1993-07-20,17.375,17.5,17.25,17.375,17.375,25500
1993-07-21,17.0,17.25,16.875,17.25,17.25,7100
1993-07-22,17.0,18.375,17.0,17.875,17.875,45000
1993-07-23,17.875,17.875,17.375,17.5,17.5,27100
1993-07-26,17.5,17.5,16.375,17.375,17.375,48600
1993-07-27,17.125,17.375,17.0,17.25,17.25,14500
1993-07-28,17.125,17.125,16.875,16.875,16.875,1100
1993-07-29,16.75,17.25,16.75,17.25,17.25,5500
1993-07-30,17.0,17.0,16.5,17.0,17.0,11900
1993-08-02,16.75,16.75,16.375,16.5,16.5,30000
1993-08-03,16.25,16.25,15.375,15.375,15.375,17100
1993-08-04,15.0,15.25,13.5,15.0,15.0,33800
1993-08-05,14.375,15.0,14.125,15.0,15.0,68600
1993-08-06,15.0,15.375,15.0,15.375,15.375,13100
1993-08-09,15.5,16.5,15.375,16.5,16.5,21600
1993-08-10,16.25,16.375,16.125,16.125,16.125,21600
1993-08-11,16.0,16.0,15.625,15.75,15.75,10900
1993-08-12,15.875,17.125,15.875,16.875,16.875,32400
1993-08-13,16.875,17.5,16.875,17.5,17.5,44400
1993-08-16,17.5,18.25,17.5,18.0,18.0,40700
1993-08-17,17.875,17.875,17.25,17.625,17.625,10200
1993-08-18,18.125,18.25,17.75,18.0,18.0,16700
1993-08-19,17.75,17.75,17.75,17.75,17.75,1100
1993-08-20,17.5,17.625,17.375,17.5,17.5,17800
1993-08-23,17.25,17.25,16.75,16.875,16.875,12200
1993-08-24,17.0,17.0,16.5,16.5,16.5,11800
1993-08-25,16.375,16.375,16.0,16.25,16.25,22500
1993-08-26,16.125,16.375,16.0,16.375,16.375,72400
1993-08-27,16.125,16.25,15.875,16.125,16.125,5300
1993-08-30,16.0,16.0,15.375,15.5,15.5,19300
1993-08-31,15.25,15.625,15.25,15.5,15.5,23000
1993-09-01,15.375,16.5,15.375,16.5,16.5,7400
1993-09-02,16.5,17.375,16.5,17.25,17.25,12000
1993-09-03,17.125,17.25,16.875,16.875,16.875,16200
1993-09-07,16.75,17.0,16.625,16.75,16.75,21600
1993-09-08,17.0,17.0,16.5,16.5,16.5,15500
1993-09-09,16.25,16.5,16.25,16.375,16.375,1700
1993-09-10,16.25,16.625,16.25,16.625,16.625,15700
1993-09-13,16.625,17.75,16.5,17.625,17.625,74400
1993-09-14,17.5,17.5,16.25,16.625,16.625,25000
1993-09-15,16.625,16.75,15.875,16.0,16.0,26500
1993-09-16,16.0,16.125,15.75,16.125,16.125,4200
1993-09-17,16.0,16.25,15.875,16.0,16.0,12300
1993-09-20,16.125,17.0,16.125,16.75,16.75,67900
1993-09-21,16.75,17.125,16.75,16.875,16.875,39800
1993-09-22,17.0,17.25,16.75,17.25,17.25,16900
1993-09-23,17.5,17.625,17.375,17.625,17.625,41200
1993-09-24,17.375,17.875,17.25,17.25,17.25,38100
1993-09-27,17.5,17.625,17.25,17.25,17.25,13800
1993-09-28,17.375,17.5,17.125,17.125,17.125,12400
1993-09-29,17.375,19.0,17.375,18.5,18.5,85100
1993-09-30,18.25,19.0,18.25,18.625,18.625,54400
1993-10-01,18.875,20.375,18.875,19.5,19.5,76600
1993-10-04,19.125,19.25,18.5,19.125,19.125,35000
1993-10-05,18.875,19.25,18.875,19.125,19.125,46800
1993-10-06,19.125,19.5,18.75,18.75,18.75,45900
1993-10-07,18.625,19.0,18.625,19.0,19.0,6500
1993-10-08,19.0,19.25,18.625,18.625,18.625,17500
1993-10-11,18.5,18.5,18.375,18.5,18.5,11400
1993-10-12,18.375,18.375,18.125,18.25,18.25,11500
1993-10-13,18.25,18.25,17.25,17.625,17.625,19200
1993-10-14,17.75,17.75,17.25,17.25,17.25,10100
1993-10-15,17.25,17.25,16.875,16.875,16.875,8500
1993-10-18,16.0,17.0,16.0,16.875,16.875,30600
1993-10-19,17.0,17.25,17.0,17.125,17.125,12800
1993-10-20,17.25,17.875,17.125,17.875,17.875,11800
1993-10-21,18.0,18.375,18.0,18.0,18.0,29500
1993-10-22,18.0,18.0,17.375,17.5,17.5,30700
1993-10-25,17.5,17.5,17.25,17.25,17.25,6400
1993-10-26,17.125,17.125,17.0,17.125,17.125,7000
1993-10-27,17.0,17.5,17.0,17.5,17.5,22100
1993-10-28,17.375,17.625,17.125,17.5,17.5,12700
1993-10-29,17.375,17.5,17.125,17.375,17.375,12800
1993-11-01,17.25,17.25,16.875,16.875,16.875,4900
1993-11-02,16.75,16.75,16.5,16.5,16.5,5500
1993-11-03,16.75,16.75,15.625,16.0,16.0,19000
1993-11-04,16.0,16.375,15.625,15.875,15.875,9700
1993-11-05,15.875,15.875,14.375,15.25,15.25,34300
1993-11-08,15.5,15.5,15.0,15.0,15.0,27100
1993-11-09,15.25,15.25,14.875,15.0,15.0,15200
1993-11-10,14.75,15.25,14.625,15.125,15.125,34300
1993-11-11,15.0,15.25,14.875,15.0,15.0,25600
1993-11-12,14.75,15.0,14.75,14.875,14.875,16800
1993-11-15,14.875,14.875,14.5,14.5,14.5,19300
1993-11-16,14.5,14.5,13.875,14.5,14.5,29200
1993-11-17,14.75,15.0,14.75,14.75,14.75,24500
1993-11-18,14.875,15.0,14.5,14.625,14.625,21000
1993-11-19,14.5,14.5,14.125,14.25,14.25,12100
1993-11-22,14.0,14.125,13.75,13.75,13.75,7900
1993-11-23,13.625,13.75,13.125,13.125,13.125,26800
1993-11-24,12.875,13.25,12.75,13.125,13.125,48200
1993-11-26,13.125,13.125,13.125,13.125,13.125,200
1993-11-29,13.25,13.25,12.5,12.5,12.5,20800
1993-11-30,12.5,12.5,12.25,12.5,12.5,26700
1993-12-01,12.5,12.5,12.125,12.375,12.375,9400
1993-12-02,12.5,12.5,12.0,12.0,12.0,15900
1993-12-03,12.25,12.375,12.25,12.25,12.25,6200
1993-12-06,12.25,12.25,11.75,11.875,11.875,22200
1993-12-07,11.875,12.125,11.5,11.5,11.5,26300
1993-12-08,11.25,12.25,10.5,12.0,12.0,60700
1993-12-09,12.375,12.5,12.125,12.25,12.25,16500
1993-12-10,12.25,12.25,11.75,11.75,11.75,13400
1993-12-13,11.625,11.625,11.375,11.5,11.5,14400
1993-12-14,11.25,11.375,10.75,10.875,10.875,26100
1993-12-15,10.875,10.875,10.5,10.75,10.75,18900
1993-12-16,10.75,10.75,10.0,10.125,10.125,32500
1993-12-17,10.25,10.375,10.0,10.0,10.0,27900
1993-12-20,10.125,10.125,9.625,9.625,9.625,55200
1993-12-21,9.875,10.0,8.75,9.5,9.5,54900
1993-12-22,9.5,10.125,9.25,9.875,9.875,26900
1993-12-23,9.875,9.875,9.0,9.375,9.375,74800
1993-12-27,9.375,9.625,8.625,9.625,9.625,62900
1993-12-28,9.625,10.375,9.625,10.125,10.125,43000
1993-12-29,10.125,10.375,9.75,10.375,10.375,17900
1993-12-30,10.375,10.625,9.875,10.625,10.625,34100
1993-12-31,10.75,11.75,10.25,11.75,11.75,75400
1994-01-03,12.0,12.0,10.625,11.0,11.0,34500
1994-01-04,11.125,12.25,10.875,12.25,12.25,36900
1994-01-05,12.5,12.5,11.625,11.625,11.625,27000
1994-01-06,11.875,12.0,11.375,11.375,11.375,12600
1994-01-07,11.25,11.25,10.0,10.0,10.0,61500
1994-01-10,9.5,9.5,7.5,8.0,8.0,120000
1994-01-11,8.375,9.0,8.375,8.625,8.625,23200
1994-01-12,8.75,8.75,8.25,8.625,8.625,61300
1994-01-13,8.5,8.625,8.25,8.375,8.375,62400
1994-01-14,8.125,8.125,7.75,7.75,7.75,32900
1994-01-17,7.125,7.5,6.25,6.75,6.75,106500
1994-01-18,7.0,7.0,6.875,6.875,6.875,35500
1994-01-19,6.875,7.0,6.5,6.75,6.75,22800
1994-01-20,6.625,7.25,6.25,7.25,7.25,60700
1994-01-21,7.375,7.5,7.0,7.0,7.0,39300
1994-01-24,7.25,7.25,6.5,6.5,6.5,20700
1994-01-25,6.375,6.625,6.25,6.375,6.375,15200
1994-01-26,6.25,6.5,5.0,5.75,5.75,80000
1994-01-27,5.5,6.375,5.5,6.375,6.375,191000
1994-01-28,6.5,7.25,6.375,7.0,7.0,149100
1994-01-31,7.25,7.375,6.875,7.125,7.125,33400
1994-02-01,7.25,7.25,6.875,7.0,7.0,30800
1994-02-02,6.875,7.0,6.375,6.875,6.875,355400
1994-02-03,6.625,6.75,6.625,6.625,6.625,35300
1994-02-04,6.625,6.625,6.25,6.375,6.375,181700
1994-02-07,6.25,6.25,6.125,6.125,6.125,24600
1994-02-08,6.125,6.125,6.0,6.125,6.125,29400
1994-02-09,6.125,6.5,6.125,6.5,6.5,25600
1994-02-10,6.625,7.0,6.625,6.875,6.875,26700
1994-02-11,6.875,6.875,6.625,6.75,6.75,7200
1994-02-14,6.875,6.875,6.25,6.375,6.375,26100
1994-02-15,6.375,6.375,6.25,6.25,6.25,1800
1994-02-16,6.375,6.625,6.375,6.5,6.5,15700
1994-02-17,6.625,6.625,6.375,6.375,6.375,2200
1994-02-18,6.5,6.5,6.25,6.25,6.25,3700
1994-02-22,6.375,6.75,6.25,6.5,6.5,33500
1994-02-23,6.5,6.5,6.5,6.5,6.5,14700
1994-02-24,6.5,6.5,6.0,6.125,6.125,45700
1994-02-25,6.125,6.125,6.0,6.125,6.125,24100
1994-02-28,6.125,6.125,6.125,6.125,6.125,400
1994-03-01,6.25,6.25,6.0,6.0,6.0,4100
1994-03-02,5.875,6.0,5.75,6.0,6.0,31800
1994-03-03,5.875,6.0,5.875,5.875,5.875,7200
1994-03-04,5.875,6.0,5.875,6.0,6.0,30800
1994-03-07,6.125,6.125,5.5,5.625,5.625,28700
1994-03-08,5.75,5.75,5.625,5.75,5.75,37600
1994-03-09,5.5,5.5,5.125,5.375,5.375,60700
1994-03-10,5.375,5.875,5.375,5.875,5.875,22800
1994-03-11,5.625,5.625,4.625,5.25,5.25,62500
1994-03-14,5.0,5.125,4.25,4.625,4.625,119600
1994-03-15,4.5,4.875,4.25,4.875,4.875,51000
1994-03-16,5.0,5.0,4.5,5.0,5.0,563500
1994-03-17,4.875,5.375,4.875,5.125,5.125,38800
1994-03-18,5.25,5.25,5.125,5.125,5.125,61000
1994-03-21,5.25,5.375,5.125,5.375,5.375,26200
1994-03-22,5.25,5.375,5.125,5.25,5.25,28000
1994-03-23,5.25,5.625,5.25,5.625,5.625,36800
1994-03-24,5.5,5.5,5.0,5.25,5.25,50200
1994-03-25,5.375,5.5,5.375,5.375,5.375,12900
1994-03-28,5.25,5.625,5.125,5.5,5.5,50700
1994-03-29,5.5,5.5,5.375,5.375,5.375,11300
1994-03-30,5.25,5.375,5.125,5.375,5.375,15200
1994-03-31,5.5,5.5,5.375,5.5,5.5,19800
1994-04-04,5.25,5.5,5.25,5.375,5.375,36900
1994-04-05,5.5,5.5,5.375,5.5,5.5,22200
1994-04-06,5.5,7.25,5.5,6.875,6.875,79100
1994-04-07,6.875,7.125,6.375,6.875,6.875,64700
1994-04-08,6.625,7.25,6.625,7.25,7.25,120700
1994-04-11,7.25,7.5,7.0,7.25,7.25,68100
1994-04-12,7.25,7.25,7.0,7.25,7.25,26600
1994-04-13,7.25,7.25,6.875,6.875,6.875,12500
1994-04-14,6.875,7.0,6.75,6.875,6.875,25100
1994-04-15,6.625,6.625,6.25,6.375,6.375,33100
1994-04-18,6.5,6.625,6.125,6.375,6.375,38900
1994-04-19,6.5,6.75,6.375,6.375,6.375,298000
1994-04-20,6.5,6.625,6.0,6.125,6.125,51500
1994-04-21,6.375,6.5,6.0,6.125,6.125,20500
1994-04-22,6.25,6.375,5.875,5.875,5.875,51200
1994-04-25,5.875,6.125,5.875,5.875,5.875,24200
1994-04-26,6.0,6.75,6.0,6.5,6.5,32000
1994-04-28,6.625,6.75,6.125,6.125,6.125,41300
1994-04-29,6.25,6.25,5.875,5.875,5.875,27500
1994-05-02,6.0,6.125,6.0,6.125,6.125,16700
1994-05-03,6.125,6.125,5.875,5.875,5.875,27400
1994-05-04,5.875,5.875,5.625,5.625,5.625,35600
1994-05-05,5.75,6.125,5.75,5.75,5.75,7900
1994-05-06,5.875,5.875,5.375,5.625,5.625,29200
1994-05-09,5.625,5.625,5.375,5.5,5.5,51200
1994-05-10,5.5,5.625,5.375,5.625,5.625,5300
1994-05-11,5.625,5.625,5.25,5.25,5.25,18500
1994-05-12,5.375,5.75,5.375,5.75,5.75,17600
1994-05-13,5.875,6.0,5.75,6.0,6.0,36500
1994-05-16,6.0,6.0,5.875,6.0,6.0,17500
1994-05-17,4.75,5.375,3.875,4.8125,4.8125,105300
1994-05-18,4.8125,5.625,4.0,5.0,5.0,148100
1994-05-19,4.875,5.625,4.875,5.5,5.5,60600
1994-05-20,5.625,6.375,5.625,6.25,6.25,48500
1994-05-23,6.5,6.875,6.5,6.75,6.75,46300
1994-05-24,6.75,6.875,6.5,6.75,6.75,8800
1994-05-25,6.75,6.75,6.25,6.5,6.5,16100
1994-05-26,6.5,6.875,6.5,6.75,6.75,24700
1994-05-27,6.75,6.75,6.625,6.625,6.625,14100
1994-05-31,6.5,6.625,6.375,6.625,6.625,15200
1994-06-01,6.75,6.75,6.625,6.625,6.625,6000
1994-06-02,6.75,6.75,6.625,6.625,6.625,16000
1994-06-03,6.625,7.375,6.625,7.25,7.25,65100
1994-06-06,7.375,8.0,7.375,7.5,7.5,41000
1994-06-07,7.375,7.625,7.25,7.625,7.625,37800
1994-06-08,7.5,7.5,7.25,7.5,7.5,21100
1994-06-09,7.375,7.5,7.375,7.5,7.5,6800
1994-06-10,7.375,7.5,7.25,7.375,7.375,19200
1994-06-13,7.25,7.375,7.125,7.25,7.25,22100
1994-06-14,7.25,7.25,6.875,7.125,7.125,27800
1994-06-15,7.0,7.0,6.875,7.0,7.0,19500
1994-06-16,6.875,7.0,6.5,6.875,6.875,36400
1994-06-17,6.625,6.625,5.5,6.375,6.375,67800
1994-06-20,6.375,6.375,5.875,6.125,6.125,57300
1994-06-21,5.875,6.0,5.75,5.75,5.75,50600
1994-06-22,5.625,5.875,5.625,5.75,5.75,17300
1994-06-23,5.875,6.0,5.75,5.75,5.75,18500
1994-06-24,5.75,5.75,5.625,5.625,5.625,37500
1994-06-27,5.375,5.5,5.125,5.5,5.5,25500
1994-06-28,5.375,5.375,5.25,5.375,5.375,14800
1994-06-29,5.375,5.375,5.25,5.375,5.375,15500
1994-06-30,5.375,6.125,5.375,6.0,6.0,56600
1994-07-01,6.0,6.0,5.125,5.625,5.625,51400
1994-07-05,5.5,5.5,5.125,5.125,5.125,23600
1994-07-06,5.25,5.5,5.0,5.5,5.5,29800
1994-07-07,5.5,5.5,5.5,5.5,5.5,0
1994-07-08,5.375,5.75,5.375,5.5,5.5,19300
1994-07-11,5.625,5.875,5.5,5.5,5.5,6700
1994-07-12,5.625,5.625,5.25,5.25,5.25,26000
1994-07-13,5.25,5.625,5.25,5.5,5.5,18400
1994-07-14,5.625,5.625,5.5,5.5,5.5,41000
1994-07-15,5.5,5.625,5.5,5.625,5.625,7400
1994-07-18,5.5,5.5,5.125,5.25,5.25,10100
1994-07-19,5.375,5.375,5.375,5.375,5.375,7300
1994-07-20,5.25,5.25,5.25,5.25,5.25,4000
1994-07-21,5.375,5.375,5.375,5.375,5.375,1000
1994-07-22,5.5,5.5,5.375,5.375,5.375,25100
1994-07-25,5.375,5.5,5.375,5.375,5.375,8700
1994-07-26,5.25,5.375,5.125,5.25,5.25,16400
1994-07-27,5.125,5.375,5.125,5.375,5.375,14400
1994-07-28,5.5,5.5,5.375,5.5,5.5,8700
1994-07-29,5.5,5.75,5.5,5.75,5.75,34500
1994-08-01,5.75,6.375,5.625,5.875,5.875,162200
1994-08-02,6.0,6.0,5.75,5.75,5.75,35100
1994-08-03,5.75,5.75,5.625,5.75,5.75,19100
1994-08-04,5.75,5.75,5.625,5.625,5.625,17300
1994-08-05,5.5,5.5,4.75,4.9375,4.9375,176300
1994-08-08,4.875,4.875,4.5,4.875,4.875,43800
1994-08-09,5.0,5.0,4.75,4.9375,4.9375,28500
1994-08-10,4.8125,4.9375,4.75,4.75,4.75,20300
1994-08-11,4.8125,4.8125,4.6875,4.75,4.75,7700
1994-08-12,4.8125,4.8125,4.5625,4.5625,4.5625,2500
1994-08-15,4.625,4.75,4.625,4.625,4.625,3200
1994-08-16,4.625,4.6875,4.5,4.5,4.5,8800
1994-08-17,4.5,4.5,4.25,4.5,4.5,26100
1994-08-18,4.5,4.5,4.375,4.375,4.375,5400
1994-08-19,4.375,4.5,4.375,4.5,4.5,3000
1994-08-22,4.5,5.0,4.5,5.0,5.0,8800
1994-08-23,4.875,4.875,4.6875,4.8125,4.8125,7800
1994-08-24,4.875,4.875,4.25,4.5,4.5,54700
1994-08-25,4.5,4.5625,4.5,4.5625,4.5625,11200
1994-08-26,4.5,4.5,4.5,4.5,4.5,2500
1994-08-29,4.5,4.5,4.25,4.375,4.375,12600
1994-08-30,4.375,4.5,4.25,4.375,4.375,13200
1994-08-31,4.25,4.3125,4.25,4.25,4.25,19200
1994-09-01,4.25,4.3125,4.1875,4.1875,4.1875,4200
1994-09-02,4.125,4.125,3.875,3.9375,3.9375,36200
1994-09-06,3.875,4.0,3.75,3.9375,3.9375,36100
1994-09-07,3.8125,3.875,3.5,3.875,3.875,478100
1994-09-08,3.9375,3.9375,3.8125,3.8125,3.8125,6500
1994-09-09,3.75,4.375,3.75,4.375,4.375,63000
1994-09-12,4.375,4.5,4.125,4.3125,4.3125,49100
1994-09-13,4.3125,4.3125,4.125,4.125,4.125,14100
1994-09-14,4.1875,4.1875,4.0625,4.0625,4.0625,8100
1994-09-15,4.0625,4.0625,3.75,3.875,3.875,8900
1994-09-16,3.875,4.0,3.875,3.9375,3.9375,4800
1994-09-19,3.875,4.125,3.875,4.125,4.125,5500
1994-09-20,4.0,4.0625,4.0,4.0625,4.0625,7200
1994-09-21,3.9375,4.1875,3.9375,4.125,4.125,17900
1994-09-22,4.1875,4.1875,4.0625,4.0625,4.0625,2600
1994-09-23,4.0,4.0,4.0,4.0,4.0,3300
1994-09-26,4.125,4.125,4.125,4.125,4.125,1000
1994-09-27,4.125,4.125,4.125,4.125,4.125,8000
1994-09-28,4.125,4.125,4.125,4.125,4.125,1600
1994-09-29,4.0625,4.125,3.9375,3.9375,3.9375,34800
1994-09-30,3.9375,4.25,3.9375,4.25,4.25,18700
1994-10-03,4.1875,4.1875,4.125,4.125,4.125,1800
1994-10-04,4.0,4.0,4.0,4.0,4.0,7500
1994-10-05,4.0,4.0,3.875,4.0,4.0,7500
1994-10-06,4.0625,4.125,4.0625,4.125,4.125,5500
1994-10-07,4.0,4.0,3.8125,4.0,4.0,25300
1994-10-10,4.125,4.125,4.0,4.0,4.0,46300
1994-10-11,4.0,4.125,4.0,4.125,4.125,2500
1994-10-12,4.125,4.125,3.9375,3.9375,3.9375,20000
1994-10-13,4.0,4.0,3.875,4.0,4.0,49500
1994-10-14,4.0,4.0,3.875,3.9375,3.9375,172100
1994-10-17,3.875,3.9375,3.75,3.9375,3.9375,6500
1994-10-18,3.9375,3.9375,3.8125,3.9375,3.9375,11100
1994-10-19,3.875,3.875,3.75,3.875,3.875,11500
1994-10-20,3.9375,3.9375,3.625,3.75,3.75,102700
1994-10-21,3.75,3.75,3.625,3.75,3.75,6600
1994-10-24,3.75,3.75,3.625,3.75,3.75,16600
1994-10-25,3.625,3.75,3.625,3.75,3.75,4400
1994-10-26,3.8125,3.8125,3.75,3.75,3.75,2300
1994-10-27,3.8125,4.0,3.75,4.0,4.0,32400
1994-10-28,3.875,4.0,3.875,4.0,4.0,7500
1994-10-31,3.875,4.1875,3.875,4.1875,4.1875,20900
1994-11-01,4.0625,4.1875,4.0625,4.125,4.125,1200
1994-11-02,4.0625,4.125,4.0,4.125,4.125,26100
1994-11-03,4.1875,4.1875,4.1875,4.1875,4.1875,200
1994-11-04,4.125,4.1875,4.0,4.0,4.0,18100
1994-11-07,4.0,4.0625,3.9375,4.0,4.0,3900
1994-11-08,3.875,3.875,3.6875,3.75,3.75,4900
1994-11-09,3.75,4.0,3.75,3.9375,3.9375,15600
1994-11-10,3.875,4.0625,3.875,4.0625,4.0625,7600
1994-11-11,4.0,4.0625,4.0,4.0625,4.0625,10000
1994-11-14,4.0,4.0,3.75,3.8125,3.8125,6100
1994-11-15,3.75,3.875,3.75,3.75,3.75,9800
1994-11-16,3.6875,3.75,3.5,3.5,3.5,24100
1994-11-17,3.5,3.6875,3.4375,3.4375,3.4375,13100
1994-11-18,3.4375,3.5,3.4375,3.5,3.5,2100
1994-11-21,3.5,3.625,3.5,3.5,3.5,16800
1994-11-22,3.4375,3.5,3.4375,3.4375,3.4375,2200
1994-11-23,3.4375,3.4375,2.625,2.75,2.75,22600
1994-11-25,2.875,3.0,2.875,3.0,3.0,3200
1994-11-28,2.875,3.0,2.875,3.0,3.0,7400
1994-11-29,3.0,3.0,2.875,3.0,3.0,18800
1994-11-30,3.0,3.0,2.875,2.875,2.875,4600
1994-12-01,2.875,2.875,2.8125,2.8125,2.8125,16000
1994-12-02,2.75,2.75,2.625,2.75,2.75,3700
1994-12-05,2.75,2.75,2.0625,2.1875,2.1875,61600
1994-12-06,2.25,2.625,2.25,2.5625,2.5625,52000
1994-12-07,2.625,2.875,2.625,2.625,2.625,36200
1994-12-08,2.625,2.625,2.625,2.625,2.625,21400
1994-12-09,2.625,2.625,2.25,2.25,2.25,29800
1994-12-12,2.25,2.375,2.25,2.375,2.375,8800
1994-12-13,2.3125,2.3125,2.0625,2.25,2.25,26300
1994-12-14,2.25,2.4375,2.25,2.375,2.375,33500
1994-12-15,2.5,2.625,2.5,2.5625,2.5625,45800
1994-12-16,2.6875,2.75,2.5625,2.5625,2.5625,10800
1994-12-19,2.625,2.6875,2.5,2.6875,2.6875,7800
1994-12-20,2.8125,2.8125,2.5,2.5,2.5,10200
1994-12-21,2.5,2.625,2.5,2.625,2.625,17100
1994-12-22,2.5,2.625,2.5,2.5625,2.5625,33400
1994-12-23,2.625,2.625,2.5,2.625,2.625,41400
1994-12-27,2.5625,2.6875,2.5625,2.5625,2.5625,57600
1994-12-28,2.5,2.5625,2.5,2.5,2.5,22900
1994-12-29,2.5,2.5625,2.5,2.5,2.5,71200
1994-12-30,2.5,2.5,2.25,2.5,2.5,89600
1995-01-03,2.375,2.375,2.1875,2.25,2.25,8100
1995-01-04,2.25,2.25,2.125,2.25,2.25,10300
1995-01-05,2.375,2.4375,2.375,2.4375,2.4375,2800
1995-01-06,2.5625,2.5625,2.4375,2.4375,2.4375,2800
1995-01-09,2.4375,2.5625,2.375,2.375,2.375,15500
1995-01-10,2.375,3.125,2.375,3.0,3.0,56000
1995-01-11,3.0,3.0,2.875,2.875,2.875,41600
1995-01-12,2.75,2.8125,2.75,2.8125,2.8125,3100
1995-01-13,2.75,2.8125,2.75,2.75,2.75,11600
1995-01-16,2.875,2.875,2.75,2.75,2.75,2100
1995-01-17,2.8125,2.8125,2.6875,2.6875,2.6875,2100
1995-01-18,2.6875,2.75,2.625,2.75,2.75,6000
1995-01-19,2.75,2.75,2.75,2.75,2.75,5200
1995-01-20,2.625,2.625,2.4375,2.4375,2.4375,11400
1995-01-23,2.375,2.5,2.375,2.5,2.5,4400
1995-01-24,2.5,2.625,2.5,2.5,2.5,3100
1995-01-25,2.4375,2.4375,2.375,2.375,2.375,600
1995-01-26,2.4375,2.4375,2.4375,2.4375,2.4375,500
1995-01-27,2.4375,2.4375,2.375,2.4375,2.4375,10500
1995-01-30,2.5625,2.875,2.5625,2.6875,2.6875,22100
1995-01-31,2.6875,2.75,2.6875,2.75,2.75,1300
1995-02-01,2.8125,2.8125,2.75,2.75,2.75,5400
1995-02-02,2.75,2.75,2.5,2.5,2.5,11100
1995-02-03,2.625,2.625,2.625,2.625,2.625,2000
1995-02-06,2.6875,2.6875,2.5625,2.6875,2.6875,2000
1995-02-07,2.6875,2.6875,2.6875,2.6875,2.6875,2200
1995-02-08,2.6875,2.6875,2.6875,2.6875,2.6875,2000
1995-02-09,2.6875,2.8125,2.6875,2.75,2.75,20000
1995-02-10,2.75,2.8125,2.6875,2.8125,2.8125,12200
1995-02-13,2.6875,2.75,2.625,2.625,2.625,7100
1995-02-14,2.5625,2.6875,2.5625,2.6875,2.6875,2100
1995-02-15,2.5625,2.625,2.5,2.625,2.625,5500
1995-02-16,2.5625,2.625,2.5625,2.5625,2.5625,1900
1995-02-17,2.5625,2.5625,2.5625,2.5625,2.5625,1100
1995-02-21,2.5625,2.5625,2.5,2.5,2.5,9800
1995-02-22,2.5,2.5625,2.5,2.5625,2.5625,5800
1995-02-23,2.6875,2.6875,2.5625,2.5625,2.5625,5000
1995-02-24,2.5625,2.625,2.5625,2.625,2.625,4500
1995-02-27,2.6875,2.6875,2.625,2.625,2.625,2000
1995-02-28,2.625,2.625,2.5625,2.5625,2.5625,15400
1995-03-01,2.5,2.5625,2.5,2.5625,2.5625,10200
1995-03-02,2.5625,2.625,2.5625,2.625,2.625,7400
1995-03-03,2.5625,2.5625,2.5,2.5,2.5,10500
1995-03-06,2.4375,2.4375,2.4375,2.4375,2.4375,700
1995-03-07,2.4375,2.5625,2.4375,2.5625,2.5625,2100
1995-03-08,2.625,2.625,2.625,2.625,2.625,1000
1995-03-09,2.625,2.625,2.5,2.5,2.5,900
1995-03-10,2.375,2.5,2.375,2.4375,2.4375,3600
1995-03-13,2.4375,2.4375,2.4375,2.4375,2.4375,4500
1995-03-14,2.25,2.375,2.1875,2.25,2.25,11000
1995-03-15,2.375,2.375,2.375,2.375,2.375,1500
1995-03-16,2.3125,2.375,2.3125,2.375,2.375,14200
1995-03-17,2.375,2.375,2.375,2.375,2.375,0
1995-03-20,2.3125,2.4375,2.3125,2.375,2.375,10600
1995-03-21,2.4375,2.4375,2.4375,2.4375,2.4375,10500
1995-03-22,2.375,2.4375,2.375,2.375,2.375,5800
1995-03-23,2.4375,2.4375,2.4375,2.4375,2.4375,2000
1995-03-24,2.4375,2.4375,2.375,2.375,2.375,9000
1995-03-27,2.375,2.4375,2.375,2.375,2.375,3100
1995-03-28,2.4375,2.4375,2.4375,2.4375,2.4375,500
1995-03-29,2.375,2.375,2.1875,2.1875,2.1875,71900
1995-03-30,2.1875,2.3125,2.0625,2.3125,2.3125,24400
1995-03-31,2.1875,2.1875,2.0625,2.0625,2.0625,9400
1995-04-03,2.125,2.125,2.0625,2.0625,2.0625,2600
1995-04-04,2.125,2.125,2.0625,2.0625,2.0625,12400
1995-04-05,2.0625,2.0625,2.0,2.0,2.0,31000
1995-04-06,2.0,2.125,2.0,2.125,2.125,500
1995-04-07,2.0625,2.0625,2.0625,2.0625,2.0625,2000
1995-04-10,2.0,2.0625,2.0,2.0625,2.0625,6000
1995-04-11,2.0625,2.0625,2.0,2.0,2.0,7100
1995-04-12,2.0625,2.0625,2.0625,2.0625,2.0625,2600
1995-04-13,2.0625,2.0625,2.0625,2.0625,2.0625,600
1995-04-17,2.0625,2.125,2.0,2.0625,2.0625,12600
1995-04-18,2.0625,2.375,2.0,2.375,2.375,35900
1995-04-19,2.3125,2.375,2.3125,2.375,2.375,27500
1995-04-20,2.3125,2.3125,2.25,2.25,2.25,24800
1995-04-21,2.25,2.3125,2.1875,2.3125,2.3125,12000
1995-04-24,2.1875,2.1875,2.125,2.125,2.125,6100
1995-04-25,2.25,2.375,2.1875,2.375,2.375,14100
1995-04-26,2.4375,2.4375,2.3125,2.3125,2.3125,5400
1995-04-27,2.25,2.25,2.1875,2.25,2.25,15300
1995-04-28,2.3125,2.375,2.3125,2.375,2.375,23500
1995-05-01,2.25,2.375,2.1875,2.3125,2.3125,16700
1995-05-02,2.3125,2.3125,2.3125,2.3125,2.3125,0
1995-05-03,2.3125,2.375,2.3125,2.375,2.375,9800
1995-05-04,2.25,2.25,2.25,2.25,2.25,4000
1995-05-05,2.25,2.25,2.25,2.25,2.25,1300
1995-05-08,2.25,2.25,2.25,2.25,2.25,300
1995-05-09,2.25,2.25,2.25,2.25,2.25,200
1995-05-10,2.25,2.25,2.25,2.25,2.25,12800
1995-05-11,2.25,2.4375,2.25,2.4375,2.4375,16800
1995-05-12,2.3125,2.3125,2.25,2.25,2.25,2000
1995-05-15,2.375,2.4375,2.375,2.375,2.375,4000
1995-05-16,2.3125,2.4375,2.3125,2.375,2.375,7100
1995-05-17,2.4375,2.4375,2.4375,2.4375,2.4375,1000
1995-05-18,2.3125,2.375,2.3125,2.3125,2.3125,5500
1995-05-19,2.375,2.375,2.375,2.375,2.375,1800
1995-05-22,2.3125,2.5,2.25,2.375,2.375,8000
1995-05-23,2.3125,2.3125,2.3125,2.3125,2.3125,400
1995-05-24,2.3125,2.3125,2.25,2.25,2.25,1400
1995-05-25,2.375,2.375,2.25,2.25,2.25,1700
1995-05-26,2.25,2.3125,2.25,2.3125,2.3125,3000
1995-05-30,2.25,2.25,2.25,2.25,2.25,12000
1995-05-31,2.1875,2.375,2.1875,2.375,2.375,8400
1995-06-01,2.4375,2.4375,2.3125,2.375,2.375,1600
1995-06-02,2.3125,2.3125,2.25,2.25,2.25,700
1995-06-05,2.25,2.25,2.25,2.25,2.25,8000
1995-06-06,2.375,2.375,2.375,2.375,2.375,1000
1995-06-07,2.375,2.375,2.25,2.25,2.25,25500
1995-06-08,2.25,2.25,2.25,2.25,2.25,20600
1995-06-09,2.25,2.25,2.25,2.25,2.25,3800
1995-06-12,2.1875,2.375,2.1875,2.375,2.375,4100
1995-06-13,2.375,2.375,2.3125,2.3125,2.3125,2000
1995-06-14,2.25,2.25,2.25,2.25,2.25,4300
1995-06-15,2.1875,2.25,2.1875,2.25,2.25,5200
1995-06-16,2.1875,2.1875,2.1875,2.1875,2.1875,1000
1995-06-19,2.125,2.125,2.125,2.125,2.125,1900
1995-06-20,2.125,2.125,2.0625,2.0625,2.0625,5000
1995-06-21,2.0625,2.125,2.0625,2.125,2.125,2000
1995-06-22,2.0625,2.125,2.0625,2.0625,2.0625,3500
1995-06-23,2.0625,2.0625,2.0625,2.0625,2.0625,3000
1995-06-26,2.0625,2.0625,2.0625,2.0625,2.0625,10800
1995-06-27,2.125,2.1875,2.125,2.1875,2.1875,10300
1995-06-28,2.125,2.125,2.125,2.125,2.125,52500
1995-06-29,2.125,2.125,2.125,2.125,2.125,45800
1995-06-30,2.125,2.1875,2.125,2.1875,2.1875,6700
1995-07-03,2.1875,2.1875,2.1875,2.1875,2.1875,0
1995-07-05,2.1875,2.1875,2.1875,2.1875,2.1875,0
1995-07-06,2.1875,2.1875,2.125,2.125,2.125,1800
1995-07-07,2.125,2.125,2.125,2.125,2.125,2600
1995-07-10,2.125,2.1875,2.125,2.125,2.125,9500
1995-07-11,2.125,2.1875,2.125,2.1875,2.1875,600
1995-07-12,2.125,2.25,2.125,2.25,2.25,21500
1995-07-13,2.1875,2.1875,2.125,2.125,2.125,22700
1995-07-14,2.125,2.1875,2.125,2.1875,2.1875,1300
1995-07-17,2.125,2.125,2.125,2.125,2.125,2900
1995-07-18,2.125,2.125,2.125,2.125,2.125,3600
1995-07-19,2.125,2.125,2.125,2.125,2.125,15000
1995-07-20,2.125,2.125,2.125,2.125,2.125,0
1995-07-21,2.25,2.25,2.25,2.25,2.25,100
1995-07-24,2.1875,2.1875,2.1875,2.1875,2.1875,500
1995-07-25,2.125,2.125,2.0625,2.0625,2.0625,7000
1995-07-26,2.125,2.125,2.125,2.125,2.125,10500
1995-07-27,2.0625,2.25,2.0625,2.1875,2.1875,4100
1995-07-28,2.25,2.25,2.125,2.125,2.125,2800
1995-07-31,2.125,2.375,2.125,2.25,2.25,33000
1995-08-01,2.125,2.125,2.0,2.0,2.0,57000
1995-08-02,2.0,2.0625,2.0,2.0625,2.0625,9000
1995-08-03,2.0625,2.0625,2.0625,2.0625,2.0625,0
1995-08-04,2.0,2.0,2.0,2.0,2.0,500
1995-08-07,2.0,2.0625,2.0,2.0,2.0,11000
1995-08-08,2.125,2.125,2.125,2.125,2.125,1000
1995-08-09,2.0,2.0,2.0,2.0,2.0,1800
1995-08-10,2.0,2.125,2.0,2.125,2.125,6300
1995-08-11,2.0625,2.0625,2.0625,2.0625,2.0625,100
1995-08-14,2.0,2.0,2.0,2.0,2.0,4300
1995-08-15,2.0,2.125,2.0,2.125,2.125,4000
1995-08-16,2.125,2.125,2.125,2.125,2.125,23000
1995-08-17,2.125,2.125,2.0625,2.125,2.125,33600
1995-08-18,2.0625,2.1875,2.0625,2.1875,2.1875,30400
1995-08-21,2.125,2.1875,2.125,2.1875,2.1875,1500
1995-08-22,2.1875,2.1875,2.1875,2.1875,2.1875,0
1995-08-23,2.1875,2.25,2.1875,2.25,2.25,32600
1995-08-24,2.25,2.25,2.25,2.25,2.25,1900
1995-08-25,2.25,2.25,2.125,2.1875,2.1875,2600
1995-08-28,2.25,2.3125,2.1875,2.1875,2.1875,3200
1995-08-29,2.125,2.125,2.125,2.125,2.125,16400
1995-08-30,2.0,2.25,2.0,2.25,2.25,28300
1995-08-31,2.125,2.25,2.125,2.25,2.25,16000
1995-09-01,2.125,2.125,2.125,2.125,2.125,500
1995-09-05,2.125,2.25,2.125,2.25,2.25,1900
1995-09-06,2.125,2.125,2.125,2.125,2.125,9400
1995-09-07,2.0,2.0,2.0,2.0,2.0,1500
1995-09-08,2.0,2.0625,2.0,2.0625,2.0625,800
1995-09-11,2.0,2.0,2.0,2.0,2.0,11900
1995-09-12,2.125,2.125,2.0,2.0,2.0,5600
1995-09-13,2.0,2.125,2.0,2.125,2.125,8400
1995-09-14,2.125,2.125,2.125,2.125,2.125,1300
1995-09-15,2.125,2.125,2.125,2.125,2.125,3100
1995-09-18,2.125,2.125,2.125,2.125,2.125,7000
1995-09-19,2.1875,2.1875,2.1875,2.1875,2.1875,1000
1995-09-20,2.125,2.25,2.125,2.125,2.125,67800
1995-09-21,2.125,2.125,2.125,2.125,2.125,13000
1995-09-22,2.0625,2.1875,2.0625,2.125,2.125,9400
1995-09-25,2.125,2.25,2.125,2.125,2.125,4700
1995-09-26,2.125,2.125,2.125,2.125,2.125,4300
1995-09-27,2.125,2.125,2.125,2.125,2.125,500
1995-09-28,2.125,2.25,2.0625,2.25,2.25,99600
1995-09-29,2.1875,2.3125,2.1875,2.25,2.25,26200
1995-10-02,2.125,2.25,2.125,2.125,2.125,2400
1995-10-03,2.125,2.125,2.125,2.125,2.125,300
1995-10-04,2.0625,2.0625,2.0625,2.0625,2.0625,5000
1995-10-05,2.0625,2.0625,2.0625,2.0625,2.0625,1200
1995-10-06,2.125,2.125,2.125,2.125,2.125,1600
1995-10-09,2.125,2.125,2.125,2.125,2.125,85800
1995-10-10,2.0625,2.0625,2.0625,2.0625,2.0625,2600
1995-10-11,2.0625,2.0625,2.0625,2.0625,2.0625,300
1995-10-12,2.125,2.1875,2.0625,2.125,2.125,3900
1995-10-13,2.125,2.125,2.0625,2.125,2.125,3600
1995-10-16,2.0625,2.0625,2.0625,2.0625,2.0625,1000
1995-10-17,2.125,2.1875,2.125,2.1875,2.1875,4900
1995-10-18,2.125,2.125,2.125,2.125,2.125,2600
1995-10-19,2.125,2.125,2.125,2.125,2.125,4000
1995-10-20,2.125,2.125,2.125,2.125,2.125,1900
1995-10-23,2.125,2.125,2.0625,2.125,2.125,35500
1995-10-24,2.1875,2.1875,2.0625,2.0625,2.0625,9100
1995-10-25,2.0625,2.0625,2.0625,2.0625,2.0625,6000
1995-10-26,2.0625,2.0625,2.0625,2.0625,2.0625,200
1995-10-27,2.0,2.0625,2.0,2.0,2.0,34000
1995-10-30,2.0,2.1875,2.0,2.1875,2.1875,7500
1995-10-31,2.0625,2.375,2.0625,2.375,2.375,43400
1995-11-01,2.375,2.375,2.125,2.25,2.25,14900
1995-11-02,2.1875,2.25,2.1875,2.1875,2.1875,16600
1995-11-03,2.1875,2.1875,2.1875,2.1875,2.1875,6100
1995-11-06,2.25,2.3125,2.25,2.3125,2.3125,6000
1995-11-07,2.25,2.25,2.25,2.25,2.25,200
1995-11-08,2.25,2.25,2.1875,2.25,2.25,15600
1995-11-09,2.25,2.25,2.25,2.25,2.25,0
1995-11-10,2.1875,2.25,2.1875,2.1875,2.1875,2600
1995-11-13,2.1875,2.1875,2.1875,2.1875,2.1875,4500
1995-11-14,2.1875,2.1875,2.125,2.1875,2.1875,11000
1995-11-15,2.125,2.125,2.125,2.125,2.125,1300
1995-11-16,2.25,2.25,2.25,2.25,2.25,7000
1995-11-17,2.25,2.25,2.1875,2.1875,2.1875,4600
1995-11-20,2.125,2.125,2.125,2.125,2.125,12300
1995-11-21,2.0625,2.3125,2.0625,2.3125,2.3125,23500
1995-11-22,2.1875,2.3125,2.1875,2.3125,2.3125,12400
1995-11-24,2.1875,2.1875,2.1875,2.1875,2.1875,1000
1995-11-27,2.25,2.25,2.25,2.25,2.25,28600
1995-11-28,2.1875,2.1875,2.0625,2.125,2.125,22200
1995-11-29,2.125,2.3125,2.125,2.1875,2.1875,38200
1995-11-30,2.1875,2.3125,2.1875,2.25,2.25,34300
1995-12-01,2.1875,2.3125,2.125,2.25,2.25,28800
1995-12-04,2.25,2.3125,2.25,2.3125,2.3125,17100
1995-12-05,2.25,2.25,2.1875,2.1875,2.1875,10900
1995-12-06,2.3125,2.3125,2.1875,2.3125,2.3125,15400
1995-12-07,2.25,2.25,2.25,2.25,2.25,2200
1995-12-08,2.25,2.3125,2.25,2.25,2.25,19200
1995-12-11,2.25,2.3125,2.1875,2.1875,2.1875,39800
1995-12-12,2.1875,2.1875,2.125,2.1875,2.1875,227700
1995-12-13,2.125,2.1875,2.125,2.1875,2.1875,26000
1995-12-14,2.1875,2.25,2.1875,2.1875,2.1875,49900
1995-12-15,2.1875,2.25,2.125,2.25,2.25,89300
1995-12-18,2.25,2.3125,2.25,2.25,2.25,19800
1995-12-19,2.25,2.3125,2.25,2.3125,2.3125,80600
1995-12-20,2.3125,2.5,2.3125,2.375,2.375,56500
1995-12-21,2.375,2.375,2.25,2.375,2.375,28300
1995-12-22,2.25,2.25,2.1875,2.1875,2.1875,24000
1995-12-26,2.25,2.25,2.1875,2.25,2.25,28800
1995-12-27,2.1875,2.1875,2.125,2.1875,2.1875,95100
1995-12-28,2.1875,2.1875,2.125,2.125,2.125,25700
1995-12-29,2.125,2.375,2.125,2.375,2.375,129600
1996-01-02,2.3125,2.3125,2.25,2.25,2.25,20000
1996-01-03,2.375,2.375,2.375,2.375,2.375,1500
1996-01-04,2.5,2.5,2.4375,2.4375,2.4375,27000
1996-01-05,2.4375,2.4375,2.4375,2.4375,2.4375,22000
1996-01-08,2.5,2.5,2.5,2.5,2.5,3600
1996-01-09,2.5,2.5,2.5,2.5,2.5,9000
1996-01-10,2.375,2.4375,2.375,2.4375,2.4375,44600
1996-01-11,2.5,2.5,2.4375,2.5,2.5,7000
1996-01-12,2.4375,2.4375,2.375,2.375,2.375,2000
1996-01-15,2.4375,2.5,2.375,2.375,2.375,30000
1996-01-16,2.4375,2.4375,2.375,2.375,2.375,10000
1996-01-17,2.375,2.5,2.375,2.4375,2.4375,21000
1996-01-18,2.4375,2.5,2.4375,2.5,2.5,31200
1996-01-19,2.5,2.5,2.4375,2.5,2.5,7800
1996-01-22,2.4375,2.4375,2.375,2.375,2.375,2200
1996-01-23,2.375,2.4375,2.375,2.375,2.375,5000
1996-01-24,2.4375,2.4375,2.4375,2.4375,2.4375,5000
1996-01-25,2.5,2.5,2.4375,2.5,2.5,16000
1996-01-26,2.5,2.5,2.5,2.5,2.5,0
1996-01-29,2.4375,2.5,2.4375,2.5,2.5,6200
1996-01-30,2.5,2.5,2.5,2.5,2.5,21000
1996-01-31,2.5,2.5,2.5,2.5,2.5,22800
1996-02-01,2.5,2.5,2.4375,2.5,2.5,12300
1996-02-02,2.5,2.5,2.4375,2.4375,2.4375,8500
1996-02-05,2.5625,2.5625,2.4375,2.4375,2.4375,13800
1996-02-06,2.5,2.5,2.4375,2.4375,2.4375,14300
1996-02-07,2.375,2.375,2.375,2.375,2.375,10700
1996-02-08,2.3125,2.4375,2.3125,2.4375,2.4375,8700
1996-02-09,2.375,2.5,2.3125,2.5,2.5,23000
1996-02-12,2.5,2.5,2.5,2.5,2.5,8100
1996-02-13,2.5,2.5,2.4375,2.5,2.5,6600
1996-02-14,2.5,2.5,2.4375,2.4375,2.4375,12800
1996-02-15,2.4375,2.4375,2.375,2.375,2.375,8800
1996-02-16,2.4375,2.4375,2.3125,2.3125,2.3125,1400
1996-02-20,2.4375,2.4375,2.375,2.375,2.375,18200
1996-02-21,2.3125,2.3125,2.3125,2.3125,2.3125,11700
1996-02-22,2.3125,2.375,2.3125,2.375,2.375,1200
1996-02-23,2.375,2.375,2.375,2.375,2.375,1500
1996-02-26,2.375,2.375,2.375,2.375,2.375,3800
1996-02-27,2.3125,2.375,2.3125,2.375,2.375,37000
1996-02-28,2.375,2.375,2.375,2.375,2.375,1000
1996-02-29,2.3125,2.3125,2.3125,2.3125,2.3125,100
1996-03-01,2.3125,2.3125,2.3125,2.3125,2.3125,6400
1996-03-04,2.3125,2.3125,2.3125,2.3125,2.3125,0
1996-03-05,2.375,2.375,2.25,2.25,2.25,27800
1996-03-06,2.25,2.25,2.25,2.25,2.25,23500
1996-03-07,2.375,2.375,2.3125,2.3125,2.3125,34600
1996-03-08,2.375,2.375,2.3125,2.3125,2.3125,9400
1996-03-11,2.3125,2.3125,2.3125,2.3125,2.3125,0
1996-03-12,2.25,2.25,2.25,2.25,2.25,7000
1996-03-13,2.25,2.375,2.25,2.375,2.375,49000
1996-03-14,2.375,2.375,2.375,2.375,2.375,3300
1996-03-15,2.3125,2.3125,2.3125,2.3125,2.3125,5200
1996-03-18,2.3125,2.3125,2.3125,2.3125,2.3125,200
1996-03-19,2.375,2.4375,2.375,2.4375,2.4375,1900
1996-03-20,2.375,2.375,2.375,2.375,2.375,3000
1996-03-21,2.375,2.375,2.375,2.375,2.375,0
1996-03-22,2.375,2.375,2.375,2.375,2.375,300
1996-03-25,2.375,2.375,2.25,2.3125,2.3125,14400
1996-03-26,2.25,2.25,2.25,2.25,2.25,1200
1996-03-27,2.25,2.3125,2.25,2.3125,2.3125,18300
1996-03-28,2.25,2.25,2.25,2.25,2.25,10000
1996-03-29,2.25,2.3125,2.25,2.3125,2.3125,15200
1996-04-01,2.25,2.25,2.25,2.25,2.25,1200
1996-04-02,2.25,2.3125,2.25,2.3125,2.3125,4800
1996-04-03,2.25,2.3125,2.25,2.25,2.25,8800
1996-04-04,2.3125,2.3125,2.25,2.25,2.25,17200
1996-04-08,2.3125,2.3125,2.25,2.25,2.25,11000
1996-04-09,2.25,2.25,2.25,2.25,2.25,0
1996-04-10,2.25,2.25,2.25,2.25,2.25,500
1996-04-11,2.3125,2.3125,2.3125,2.3125,2.3125,2400
1996-04-12,2.25,2.25,2.25,2.25,2.25,1400
1996-04-15,2.3125,2.3125,2.25,2.25,2.25,11300
1996-04-16,2.3125,2.3125,2.25,2.25,2.25,200
1996-04-17,2.25,2.25,2.25,2.25,2.25,12400
1996-04-18,2.25,2.25,2.25,2.25,2.25,1000
1996-04-19,2.25,2.25,2.25,2.25,2.25,0
1996-04-22,2.3125,2.3125,2.3125,2.3125,2.3125,12000
1996-04-23,2.3125,2.375,2.25,2.375,2.375,29700
1996-04-24,2.3125,2.3125,2.25,2.25,2.25,4900
1996-04-25,2.375,2.4375,2.375,2.375,2.375,28800
1996-04-26,2.4375,2.4375,2.3125,2.375,2.375,17700
1996-04-29,2.5,2.5,2.375,2.4375,2.4375,36900
1996-04-30,2.4375,2.4375,2.4375,2.4375,2.4375,3000
1996-05-01,2.4375,2.4375,2.4375,2.4375,2.4375,1100
1996-05-02,2.375,2.375,2.375,2.375,2.375,1300
1996-05-03,2.375,2.375,2.375,2.375,2.375,600
1996-05-06,2.3125,2.375,2.3125,2.375,2.375,2500
1996-05-07,2.375,2.375,2.375,2.375,2.375,0
1996-05-08,2.375,2.375,2.375,2.375,2.375,0
1996-05-09,2.375,2.375,2.375,2.375,2.375,300
1996-05-10,2.3125,2.3125,2.3125,2.3125,2.3125,2500
1996-05-13,2.375,2.375,2.3125,2.3125,2.3125,2100
1996-05-14,2.375,2.375,2.3125,2.375,2.375,14700
1996-05-15,2.3125,2.3125,2.3125,2.3125,2.3125,1700
1996-05-16,2.3125,2.3125,2.3125,2.3125,2.3125,0
1996-05-17,2.25,2.3125,2.25,2.3125,2.3125,10900
1996-05-20,2.375,2.375,2.375,2.375,2.375,12300
1996-05-21,2.4375,2.4375,2.375,2.375,2.375,300
1996-05-22,2.375,2.375,2.3125,2.3125,2.3125,11500
1996-05-23,2.3125,2.3125,2.25,2.25,2.25,3500
1996-05-24,2.25,2.3125,2.25,2.3125,2.3125,4600
1996-05-28,2.3125,2.375,2.3125,2.3125,2.3125,7600
1996-05-29,2.3125,2.375,2.3125,2.375,2.375,3900
1996-05-30,2.375,2.375,2.375,2.375,2.375,0
1996-05-31,2.3125,2.375,2.3125,2.375,2.375,6000
1996-06-03,2.3125,2.3125,2.3125,2.3125,2.3125,300
1996-06-04,2.375,2.375,2.375,2.375,2.375,500
1996-06-05,2.3125,2.375,2.3125,2.3125,2.3125,4100
1996-06-06,2.3125,2.3125,2.3125,2.3125,2.3125,3000
1996-06-07,2.3125,2.3125,2.25,2.25,2.25,24900
1996-06-10,2.25,2.25,2.25,2.25,2.25,0
1996-06-11,2.25,2.25,2.25,2.25,2.25,6600
1996-06-12,2.25,2.25,2.25,2.25,2.25,3700
1996-06-13,2.25,2.375,2.25,2.375,2.375,19300
1996-06-14,2.3125,2.3125,2.3125,2.3125,2.3125,1000
1996-06-17,2.375,2.4375,2.375,2.4375,2.4375,36000
1996-06-18,2.5,2.5,2.5,2.5,2.5,700
1996-06-19,2.5,2.5,2.5,2.5,2.5,1600
1996-06-20,2.5,2.5,2.4375,2.4375,2.4375,200
1996-06-21,2.375,2.375,2.375,2.375,2.375,1000
1996-06-24,2.3125,2.3125,2.3125,2.3125,2.3125,2000
1996-06-25,2.375,2.4375,2.375,2.4375,2.4375,2200
1996-06-26,2.375,2.375,2.3125,2.3125,2.3125,11100
1996-06-27,2.375,2.375,2.3125,2.375,2.375,3500
1996-06-28,2.375,2.375,2.375,2.375,2.375,200
1996-07-01,2.375,2.375,2.375,2.375,2.375,0
1996-07-02,2.375,2.375,2.375,2.375,2.375,0
1996-07-03,2.4375,2.5,2.4375,2.4375,2.4375,12200
1996-07-05,2.4375,2.4375,2.4375,2.4375,2.4375,16000
1996-07-08,2.4375,2.4375,2.4375,2.4375,2.4375,8100
1996-07-09,2.375,2.4375,2.375,2.4375,2.4375,7000
1996-07-10,2.3125,2.4375,2.25,2.4375,2.4375,33500
1996-07-11,2.375,2.375,2.375,2.375,2.375,2400
1996-07-12,2.4375,2.5,2.4375,2.5,2.5,14300
1996-07-15,2.625,2.8125,2.375,2.5,2.5,38100
1996-07-16,2.625,2.625,2.5,2.5,2.5,40300
1996-07-17,2.5,2.5,2.4375,2.4375,2.4375,7000
1996-07-18,2.5,2.625,2.5,2.5625,2.5625,2800
1996-07-19,2.5,2.5625,2.5,2.5625,2.5625,1500
1996-07-22,2.5625,2.5625,2.5,2.5,2.5,3100
1996-07-23,2.375,2.375,2.375,2.375,2.375,10500
1996-07-24,2.375,2.375,2.375,2.375,2.375,6600
1996-07-25,2.4375,2.4375,2.375,2.375,2.375,1600
1996-07-26,2.4375,2.4375,2.375,2.375,2.375,2000
1996-07-29,2.375,2.375,2.375,2.375,2.375,2400
1996-07-30,2.4375,2.4375,2.4375,2.4375,2.4375,400
1996-07-31,2.375,2.625,2.375,2.5,2.5,10800
1996-08-01,2.625,2.625,2.5625,2.625,2.625,4200
1996-08-02,2.5625,2.5625,2.5625,2.5625,2.5625,1000
1996-08-05,2.5625,2.5625,2.5625,2.5625,2.5625,0
1996-08-06,2.5,2.5625,2.5,2.5625,2.5625,15500
1996-08-07,2.5,2.5,2.5,2.5,2.5,100
1996-08-08,2.5625,2.5625,2.5625,2.5625,2.5625,400
1996-08-09,2.5,2.5,2.5,2.5,2.5,8100
1996-08-12,2.5625,2.5625,2.5625,2.5625,2.5625,1000
1996-08-13,2.5,2.5,2.5,2.5,2.5,1000
1996-08-14,2.5625,2.6875,2.5625,2.5625,2.5625,3200
1996-08-15,2.5,2.5,2.5,2.5,2.5,5000
1996-08-16,2.5,2.5,2.5,2.5,2.5,4800
1996-08-19,2.5,2.5,2.4375,2.5,2.5,4800
1996-08-20,2.5,2.5,2.4375,2.5,2.5,10400
1996-08-21,2.5,2.5,2.5,2.5,2.5,1800
1996-08-22,2.5,2.5,2.5,2.5,2.5,1100
1996-08-23,2.5,2.5,2.4375,2.4375,2.4375,7200
1996-08-26,2.5,2.5625,2.5,2.5625,2.5625,4500
1996-08-27,2.5625,2.5625,2.5625,2.5625,2.5625,2000
1996-08-28,2.5625,2.5625,2.5,2.5,2.5,9400
1996-08-29,2.5,2.5,2.5,2.5,2.5,0
1996-08-30,2.5625,2.5625,2.5625,2.5625,2.5625,1000
1996-09-03,2.5625,2.5625,2.5625,2.5625,2.5625,0
1996-09-04,2.4375,2.5,2.4375,2.5,2.5,11300
1996-09-05,2.5,2.5,2.4375,2.4375,2.4375,16900
1996-09-06,2.4375,2.4375,2.375,2.375,2.375,32000
1996-09-09,2.4375,2.5,2.4375,2.5,2.5,4000
1996-09-10,2.5,2.5,2.5,2.5,2.5,0
1996-09-11,2.5,2.5625,2.5,2.5,2.5,25800
1996-09-12,2.5,2.5,2.5,2.5,2.5,0
1996-09-13,2.5,2.5,2.5,2.5,2.5,0
1996-09-16,2.5,2.5,2.4375,2.4375,2.4375,5200
1996-09-17,2.4375,2.4375,2.4375,2.4375,2.4375,10000
1996-09-18,2.375,2.375,2.375,2.375,2.375,300
1996-09-19,2.4375,2.4375,2.4375,2.4375,2.4375,13000
1996-09-20,2.375,2.4375,2.375,2.4375,2.4375,1100
1996-09-23,2.4375,2.4375,2.4375,2.4375,2.4375,7500
1996-09-24,2.4375,2.5,2.4375,2.5,2.5,3600
1996-09-25,2.5,2.5,2.4375,2.5,2.5,6800
1996-09-26,2.5,2.5625,2.5,2.5,2.5,74000
1996-09-27,2.5,2.625,2.5,2.5625,2.5625,3900
1996-09-30,2.625,2.6875,2.625,2.625,2.625,17900
1996-10-01,2.6875,2.75,2.6875,2.75,2.75,1000
1996-10-02,2.625,2.625,2.625,2.625,2.625,500
1996-10-03,2.625,2.625,2.5,2.5,2.5,2800
1996-10-04,2.4375,2.5625,2.4375,2.5625,2.5625,5100
1996-10-07,2.625,2.625,2.5,2.5625,2.5625,3800
1996-10-08,2.5,2.6875,2.5,2.625,2.625,13200
1996-10-09,2.625,2.625,2.5625,2.5625,2.5625,5600
1996-10-10,2.5625,2.5625,2.5625,2.5625,2.5625,3000
1996-10-11,2.5625,2.5625,2.5625,2.5625,2.5625,0
1996-10-14,2.5,2.5625,2.5,2.5,2.5,9300
1996-10-15,2.5,2.5625,2.5,2.5625,2.5625,2500
1996-10-16,2.5625,2.5625,2.5625,2.5625,2.5625,0
1996-10-17,2.5625,2.5625,2.5625,2.5625,2.5625,2000
1996-10-18,2.5625,2.5625,2.5625,2.5625,2.5625,1000
1996-10-21,2.5625,2.625,2.5625,2.5625,2.5625,3900
1996-10-22,2.5625,2.5625,2.5,2.5,2.5,16400
1996-10-23,2.5,2.5625,2.5,2.5625,2.5625,2400
1996-10-24,2.5,2.5,2.5,2.5,2.5,7000
1996-10-25,2.5625,2.5625,2.5625,2.5625,2.5625,15000
1996-10-28,2.625,2.625,2.5,2.625,2.625,47600
1996-10-29,2.625,2.625,2.625,2.625,2.625,1000
1996-10-30,2.5625,2.625,2.5625,2.625,2.625,4600
1996-10-31,2.625,2.6875,2.5625,2.6875,2.6875,9200
1996-11-01,2.625,2.625,2.625,2.625,2.625,1000
1996-11-04,2.5625,2.625,2.5625,2.5625,2.5625,24900
1996-11-05,2.5625,2.5625,2.5625,2.5625,2.5625,0
1996-11-06,2.5625,2.625,2.5,2.5,2.5,7300
1996-11-07,2.5625,2.5625,2.5625,2.5625,2.5625,2800
1996-11-08,2.5,2.5625,2.5,2.5625,2.5625,3000
1996-11-11,2.625,2.625,2.5625,2.5625,2.5625,7700
1996-11-12,2.5625,2.5625,2.5625,2.5625,2.5625,2700
1996-11-13,2.5625,2.625,2.5625,2.625,2.625,8000
1996-11-14,2.5625,2.5625,2.5625,2.5625,2.5625,300
1996-11-15,2.5625,2.6875,2.5625,2.625,2.625,66300
1996-11-18,2.75,2.75,2.625,2.6875,2.6875,24700
1996-11-19,2.6875,2.75,2.6875,2.75,2.75,2400
1996-11-20,2.6875,2.6875,2.6875,2.6875,2.6875,100
1996-11-21,2.6875,2.6875,2.6875,2.6875,2.6875,0
1996-11-22,2.6875,2.6875,2.625,2.6875,2.6875,15300
1996-11-25,2.625,2.6875,2.625,2.625,2.625,7000
1996-11-26,2.6875,2.75,2.625,2.75,2.75,5900
1996-11-27,2.625,2.625,2.625,2.625,2.625,16000
1996-11-29,2.6875,2.75,2.6875,2.6875,2.6875,15600
1996-12-02,2.75,2.75,2.5625,2.625,2.625,14800
1996-12-03,2.6875,2.6875,2.625,2.625,2.625,2400
1996-12-04,2.6875,2.6875,2.625,2.625,2.625,2000
1996-12-05,2.625,2.625,2.625,2.625,2.625,0
1996-12-06,2.625,2.625,2.625,2.625,2.625,2200
1996-12-09,2.5625,2.5625,2.5625,2.5625,2.5625,21100
1996-12-10,2.625,2.625,2.5625,2.5625,2.5625,3200
1996-12-11,2.5,2.5,2.5,2.5,2.5,8900
1996-12-12,2.5,2.5625,2.5,2.5,2.5,3000
1996-12-13,2.5,2.5,2.4375,2.4375,2.4375,1500
1996-12-16,2.4375,2.4375,2.4375,2.4375,2.4375,200
1996-12-17,2.4375,2.5,2.4375,2.5,2.5,7300
1996-12-18,2.5,2.5625,2.5,2.5625,2.5625,204700
1996-12-19,2.625,2.75,2.625,2.6875,2.6875,13500
1996-12-20,2.625,2.75,2.625,2.75,2.75,83000
1996-12-23,2.6875,2.75,2.6875,2.6875,2.6875,65900
1996-12-24,2.6875,2.75,2.6875,2.75,2.75,3500
1996-12-26,2.75,2.75,2.75,2.75,2.75,600
1996-12-27,2.6875,2.8125,2.6875,2.8125,2.8125,29200
1996-12-30,2.75,2.75,2.75,2.75,2.75,62200
1996-12-31,2.75,2.8125,2.75,2.75,2.75,32800
1997-01-02,2.875,2.875,2.875,2.875,2.875,1000
1997-01-03,2.875,3.0,2.875,2.9375,2.9375,27900
1997-01-06,3.0,3.0,2.9375,3.0,3.0,21500
1997-01-07,2.9375,3.0,2.9375,3.0,3.0,17800
1997-01-08,3.0,3.0,3.0,3.0,3.0,6500
1997-01-09,3.125,3.125,2.9375,2.9375,2.9375,9400
1997-01-10,2.9375,2.9375,2.875,2.875,2.875,3000
1997-01-13,3.0,3.0,3.0,3.0,3.0,500
1997-01-14,2.9375,2.9375,2.9375,2.9375,2.9375,2200
1997-01-15,3.0,3.0,2.875,2.875,2.875,19600
1997-01-16,2.875,2.9375,2.8125,2.9375,2.9375,5200
1997-01-17,2.8125,2.875,2.8125,2.875,2.875,3000
1997-01-20,2.9375,2.9375,2.9375,2.9375,2.9375,1900
1997-01-21,2.875,2.9375,2.875,2.875,2.875,8900
1997-01-22,2.9375,3.0,2.875,3.0,3.0,4400
1997-01-23,2.9375,2.9375,2.9375,2.9375,2.9375,1200
1997-01-24,2.9375,2.9375,2.875,2.875,2.875,3400
1997-01-27,2.875,2.9375,2.875,2.875,2.875,5900
1997-01-28,2.8125,2.8125,2.8125,2.8125,2.8125,500
1997-01-29,2.875,2.875,2.8125,2.875,2.875,20600
1997-01-30,2.875,2.875,2.875,2.875,2.875,12000
1997-01-31,2.875,2.875,2.875,2.875,2.875,200
1997-02-03,2.875,2.875,2.875,2.875,2.875,4100
1997-02-04,2.875,2.875,2.875,2.875,2.875,2700
1997-02-05,2.8125,2.9375,2.8125,2.875,2.875,5900
1997-02-06,2.875,2.875,2.875,2.875,2.875,1000
1997-02-07,2.875,2.875,2.875,2.875,2.875,31500
1997-02-10,2.875,2.875,2.875,2.875,2.875,69700
1997-02-11,2.875,2.875,2.875,2.875,2.875,50500
1997-02-12,2.875,2.875,2.875,2.875,2.875,900
1997-02-13,2.9375,2.9375,2.9375,2.9375,2.9375,800
1997-02-14,2.875,2.9375,2.875,2.875,2.875,8900
1997-02-18,2.875,2.875,2.875,2.875,2.875,8500
1997-02-19,2.875,2.875,2.875,2.875,2.875,15300
1997-02-20,2.875,2.875,2.8125,2.8125,2.8125,13300
1997-02-21,2.8125,2.875,2.75,2.75,2.75,8000
1997-02-24,2.6875,2.8125,2.6875,2.8125,2.8125,42100
1997-02-25,2.75,2.75,2.6875,2.6875,2.6875,5500
1997-02-26,2.6875,2.75,2.625,2.625,2.625,9200
1997-02-27,2.6875,2.8125,2.6875,2.75,2.75,19000
1997-02-28,2.8125,2.8125,2.75,2.75,2.75,5500
1997-03-03,2.75,2.75,2.75,2.75,2.75,0
1997-03-04,2.8125,2.8125,2.75,2.75,2.75,13500
1997-03-05,2.75,2.75,2.75,2.75,2.75,20000
1997-03-06,2.75,2.8125,2.75,2.8125,2.8125,26500
1997-03-07,2.75,2.75,2.75,2.75,2.75,9400
1997-03-10,2.8125,2.8125,2.75,2.75,2.75,2600
1997-03-11,2.8125,2.8125,2.75,2.8125,2.8125,1900
1997-03-12,2.75,2.75,2.75,2.75,2.75,800
1997-03-13,2.8125,2.8125,2.8125,2.8125,2.8125,5000
1997-03-14,2.75,2.75,2.75,2.75,2.75,3000
1997-03-17,2.75,2.75,2.75,2.75,2.75,12200
1997-03-18,2.75,2.8125,2.75,2.8125,2.8125,6100
1997-03-19,2.75,2.75,2.75,2.75,2.75,30600
1997-03-20,2.75,2.75,2.75,2.75,2.75,100
1997-03-21,2.75,2.75,2.75,2.75,2.75,0
1997-03-24,2.75,2.75,2.75,2.75,2.75,0
1997-03-25,2.75,2.75,2.75,2.75,2.75,1400
1997-03-26,2.8125,2.8125,2.75,2.8125,2.8125,24400
1997-03-27,2.8125,2.8125,2.75,2.8125,2.8125,14700
1997-03-31,2.875,2.9375,2.875,2.9375,2.9375,38100
1997-04-01,2.9375,3.0,2.9375,3.0,3.0,18300
1997-04-02,3.0,3.125,3.0,3.125,3.125,30900
1997-04-03,3.125,3.25,3.125,3.1875,3.1875,49900
1997-04-04,3.1875,3.25,3.1875,3.25,3.25,2800
1997-04-07,3.25,3.3125,3.1875,3.1875,3.1875,13600
1997-04-08,3.25,3.25,3.125,3.125,3.125,3000
1997-04-09,3.25,3.25,3.0625,3.0625,3.0625,5900
1997-04-10,3.0625,3.0625,3.0625,3.0625,3.0625,9200
1997-04-11,3.0625,3.0625,3.0625,3.0625,3.0625,5600
1997-04-14,3.125,3.375,3.125,3.375,3.375,26800
1997-04-15,3.3125,3.4375,3.3125,3.4375,3.4375,21200
1997-04-16,3.4375,3.4375,3.375,3.4375,3.4375,5900
1997-04-17,3.4375,3.4375,3.4375,3.4375,3.4375,1900
1997-04-18,3.3125,3.375,3.3125,3.3125,3.3125,1600
1997-04-21,3.375,3.375,3.3125,3.3125,3.3125,8800
1997-04-22,3.25,3.375,3.25,3.3125,3.3125,3300
1997-04-23,3.3125,3.3125,3.25,3.25,3.25,11100
1997-04-24,3.3125,3.3125,3.3125,3.3125,3.3125,1100
1997-04-25,3.3125,3.3125,3.3125,3.3125,3.3125,0
1997-04-28,3.25,3.25,3.25,3.25,3.25,100
1997-04-29,3.25,3.25,3.25,3.25,3.25,0
1997-04-30,3.25,3.25,3.25,3.25,3.25,0
1997-05-01,3.1875,3.1875,3.125,3.125,3.125,5300
1997-05-02,3.125,3.125,3.125,3.125,3.125,1300
1997-05-05,3.125,3.125,3.125,3.125,3.125,0
1997-05-06,3.125,3.125,3.125,3.125,3.125,0
1997-05-07,3.125,3.125,3.125,3.125,3.125,0
1997-05-08,3.125,3.125,3.125,3.125,3.125,3300
1997-05-09,3.125,3.125,3.125,3.125,3.125,500
1997-05-12,3.125,3.25,3.125,3.25,3.25,7000
1997-05-13,3.1875,3.1875,3.125,3.125,3.125,2000
1997-05-14,3.25,3.25,3.1875,3.1875,3.1875,1200
1997-05-15,3.1875,3.1875,3.125,3.1875,3.1875,100300
1997-05-16,3.25,3.375,3.25,3.375,3.375,6600
1997-05-19,3.375,3.375,3.375,3.375,3.375,6100
1997-05-20,3.3125,3.3125,3.1875,3.25,3.25,5800
1997-05-21,3.25,3.25,3.25,3.25,3.25,0
1997-05-22,3.1875,3.1875,3.1875,3.1875,3.1875,900
1997-05-23,3.125,3.25,3.125,3.1875,3.1875,8600
1997-05-27,3.1875,3.1875,3.1875,3.1875,3.1875,0
1997-05-28,3.1875,3.1875,3.125,3.125,3.125,1000
1997-05-29,3.1875,3.1875,3.1875,3.1875,3.1875,42800
1997-05-30,3.25,3.25,3.25,3.25,3.25,1100
1997-06-02,3.1875,3.1875,3.1875,3.1875,3.1875,1100
1997-06-03,3.1875,3.1875,3.1875,3.1875,3.1875,0
1997-06-04,3.1875,3.1875,3.1875,3.1875,3.1875,0
1997-06-05,3.25,3.25,3.25,3.25,3.25,300
1997-06-06,3.1875,3.1875,3.1875,3.1875,3.1875,1300
1997-06-09,3.1875,3.1875,3.1875,3.1875,3.1875,2600
1997-06-10,3.25,3.3125,3.1875,3.1875,3.1875,51400
1997-06-11,3.1875,3.3125,3.1875,3.3125,3.3125,25400
1997-06-12,3.3125,3.3125,3.3125,3.3125,3.3125,1300
1997-06-13,3.3125,3.3125,3.3125,3.3125,3.3125,5400
1997-06-16,3.3125,3.3125,3.3125,3.3125,3.3125,0
1997-06-17,3.25,3.3125,3.25,3.3125,3.3125,7800
1997-06-18,3.25,3.25,3.25,3.25,3.25,600
1997-06-19,3.25,3.25,3.25,3.25,3.25,300
1997-06-20,3.25,3.375,3.25,3.25,3.25,9000
1997-06-23,3.25,3.25,3.25,3.25,3.25,24800
1997-06-24,3.3125,3.3125,3.25,3.25,3.25,11500
1997-06-25,3.3125,3.3125,3.25,3.25,3.25,15200
1997-06-26,3.25,3.25,3.25,3.25,3.25,1000
1997-06-27,3.1875,3.1875,3.1875,3.1875,3.1875,700
1997-06-30,3.1875,3.25,3.125,3.125,3.125,39800
1997-07-01,3.125,3.125,3.0,3.0,3.0,17400
1997-07-02,2.9375,3.0,2.75,3.0,3.0,17400
1997-07-03,2.9375,3.1875,2.9375,3.125,3.125,9200
1997-07-07,3.1875,3.1875,3.0625,3.0625,3.0625,1700
1997-07-08,3.0,3.0625,3.0,3.0625,3.0625,1200
1997-07-09,3.0625,3.0625,3.0625,3.0625,3.0625,0
1997-07-10,3.125,3.125,3.0625,3.0625,3.0625,2300
1997-07-11,3.0625,3.1875,3.0625,3.1875,3.1875,4300
1997-07-14,3.1875,3.1875,3.1875,3.1875,3.1875,0
1997-07-15,3.125,3.1875,3.0625,3.1875,3.1875,2600
1997-07-16,3.1875,3.1875,3.0625,3.0625,3.0625,2100
1997-07-17,3.0,3.25,3.0,3.1875,3.1875,31900
1997-07-18,3.25,3.25,3.25,3.25,3.25,9000
1997-07-21,3.1875,3.1875,3.125,3.125,3.125,1600
1997-07-22,3.125,3.25,3.125,3.25,3.25,3700
1997-07-23,3.125,3.1875,3.125,3.1875,3.1875,1900
1997-07-24,3.25,3.25,3.125,3.125,3.125,6200
1997-07-25,3.125,3.125,3.125,3.125,3.125,2300
1997-07-28,3.125,3.125,3.125,3.125,3.125,19000
1997-07-29,3.1875,3.1875,3.1875,3.1875,3.1875,4200
1997-07-30,3.1875,3.1875,3.1875,3.1875,3.1875,4600
1997-07-31,3.25,3.25,3.25,3.25,3.25,11200
1997-08-01,3.25,3.25,3.25,3.25,3.25,0
1997-08-04,3.1875,3.1875,3.1875,3.1875,3.1875,4700
1997-08-05,3.25,3.25,3.25,3.25,3.25,500
1997-08-06,3.1875,3.25,3.1875,3.25,3.25,5800
1997-08-07,3.25,3.25,3.1875,3.1875,3.1875,9200
1997-08-08,3.1875,3.1875,3.1875,3.1875,3.1875,3000
1997-08-11,3.25,3.25,3.25,3.25,3.25,3300
1997-08-12,3.25,3.25,3.25,3.25,3.25,500
1997-08-13,3.1875,3.3125,3.1875,3.25,3.25,30000
1997-08-14,3.3125,3.3125,3.3125,3.3125,3.3125,100
1997-08-15,3.25,3.25,3.25,3.25,3.25,10100
1997-08-18,3.1875,3.25,3.1875,3.25,3.25,800
1997-08-19,3.25,3.25,3.1875,3.25,3.25,21600
1997-08-20,3.25,3.3125,3.25,3.25,3.25,50000
1997-08-21,3.3125,3.3125,3.3125,3.3125,3.3125,17300
1997-08-22,3.25,3.25,3.25,3.25,3.25,11000
1997-08-25,3.25,3.25,3.25,3.25,3.25,51800
1997-08-26,3.25,3.25,3.25,3.25,3.25,12100
1997-08-27,3.1875,3.25,3.1875,3.25,3.25,14200
1997-08-28,3.1875,3.1875,3.1875,3.1875,3.1875,1000
1997-08-29,3.25,3.25,3.1875,3.1875,3.1875,300
1997-09-02,3.25,3.25,3.25,3.25,3.25,21200
1997-09-03,3.25,3.25,3.25,3.25,3.25,19400
1997-09-04,3.25,3.25,3.25,3.25,3.25,7500
1997-09-05,3.25,3.25,3.25,3.25,3.25,400
1997-09-08,3.3125,3.3125,3.1875,3.25,3.25,8000
1997-09-09,3.25,3.25,3.25,3.25,3.25,5000
1997-09-10,3.25,3.25,3.1875,3.1875,3.1875,5000
1997-09-11,3.25,3.25,3.25,3.25,3.25,1400
1997-09-12,3.25,3.3125,3.1875,3.3125,3.3125,12600
1997-09-15,3.25,3.3125,3.25,3.25,3.25,900
1997-09-16,3.3125,3.5,3.3125,3.5,3.5,7300
1997-09-17,3.625,3.875,3.625,3.625,3.625,13600
1997-09-18,3.625,4.125,3.625,3.9375,3.9375,13800
1997-09-19,3.9375,3.9375,3.75,3.75,3.75,1600
1997-09-22,3.875,3.9375,3.875,3.9375,3.9375,5800
1997-09-23,4.0,4.375,4.0,4.25,4.25,13500
1997-09-24,4.375,4.375,4.25,4.3125,4.3125,20800
1997-09-25,4.4375,4.4375,4.25,4.3125,4.3125,4200
1997-09-26,4.1875,4.25,4.1875,4.1875,4.1875,5700
1997-09-29,4.1875,4.25,4.1875,4.25,4.25,1500
1997-09-30,4.25,4.25,3.9375,4.0625,4.0625,9400
1997-10-01,4.0,4.0,3.9375,4.0,4.0,1000
1997-10-02,4.0,4.0,4.0,4.0,4.0,0
1997-10-03,4.0,4.0,4.0,4.0,4.0,600
1997-10-06,4.0,4.0,4.0,4.0,4.0,0
1997-10-07,4.0,4.0,3.8125,3.875,3.875,6700
1997-10-08,3.8125,4.0,3.8125,3.9375,3.9375,7800
1997-10-09,3.9375,3.9375,3.9375,3.9375,3.9375,0
1997-10-10,3.9375,3.9375,3.9375,3.9375,3.9375,0
1997-10-13,3.9375,3.9375,3.9375,3.9375,3.9375,0
1997-10-14,3.9375,3.9375,3.9375,3.9375,3.9375,0
1997-10-15,4.0,4.0,4.0,4.0,4.0,1000
1997-10-16,4.0625,4.125,4.0,4.0,4.0,12600
1997-10-17,3.875,4.0,3.875,4.0,4.0,5500
1997-10-20,4.0,4.0,4.0,4.0,4.0,0
1997-10-21,3.9375,4.0,3.9375,4.0,4.0,1700
1997-10-22,4.0,4.0,4.0,4.0,4.0,0
1997-10-23,3.875,3.875,3.875,3.875,3.875,25700
1997-10-24,3.875,3.9375,3.875,3.9375,3.9375,1200
1997-10-27,3.875,3.875,3.6875,3.6875,3.6875,16500
1997-10-28,3.8125,4.0,3.8125,4.0,4.0,18200
1997-10-29,3.9375,3.9375,3.9375,3.9375,3.9375,6500
1997-10-30,4.0,4.0,4.0,4.0,4.0,1000
1997-10-31,3.875,4.125,3.875,4.125,4.125,10800
1997-11-03,4.0625,4.0625,4.0625,4.0625,4.0625,200
1997-11-04,4.0625,4.0625,3.875,3.9375,3.9375,17600
1997-11-05,3.9375,3.9375,3.9375,3.9375,3.9375,1000
1997-11-06,3.875,4.0,3.875,4.0,4.0,15400
1997-11-07,4.0,4.0,4.0,4.0,4.0,0
1997-11-10,4.0,4.0,4.0,4.0,4.0,0
1997-11-11,4.0,4.0625,4.0,4.0,4.0,5200
1997-11-12,4.0,4.0,4.0,4.0,4.0,0
1997-11-13,3.9375,3.9375,3.9375,3.9375,3.9375,1500
1997-11-14,3.9375,3.9375,3.9375,3.9375,3.9375,0
1997-11-17,4.0,4.0625,4.0,4.0625,4.0625,9000
1997-11-18,4.0,4.0,4.0,4.0,4.0,200
1997-11-19,4.0,4.0,4.0,4.0,4.0,1200
1997-11-20,3.9375,4.0,3.9375,4.0,4.0,1200
1997-11-21,4.0,4.0,4.0,4.0,4.0,5000
1997-11-24,4.0,4.0,4.0,4.0,4.0,5300
1997-11-25,3.875,3.9375,3.875,3.9375,3.9375,2500
1997-11-26,4.0,4.0,4.0,4.0,4.0,5300
1997-11-28,4.0,4.0,4.0,4.0,4.0,0
1997-12-01,4.125,4.125,4.0,4.0625,4.0625,7800
1997-12-02,3.9375,4.0,3.9375,4.0,4.0,5300
1997-12-03,3.9375,4.0,3.875,4.0,4.0,16200
1997-12-04,3.9375,4.0625,3.9375,4.0625,4.0625,4000
1997-12-05,4.0,4.25,4.0,4.25,4.25,15000
1997-12-08,4.25,4.25,4.0625,4.125,4.125,11200
1997-12-09,4.125,4.25,4.125,4.1875,4.1875,3900
1997-12-10,4.25,4.25,4.25,4.25,4.25,900
1997-12-11,4.25,4.25,4.25,4.25,4.25,1000
1997-12-12,4.25,4.25,4.25,4.25,4.25,0
1997-12-15,4.1875,4.375,4.1875,4.25,4.25,14300
1997-12-16,4.375,4.375,4.375,4.375,4.375,500
1997-12-17,4.3125,4.4375,4.3125,4.4375,4.4375,1300
1997-12-18,4.375,4.375,4.375,4.375,4.375,1200
1997-12-19,4.375,4.375,4.375,4.375,4.375,1300
1997-12-22,4.25,4.375,4.25,4.3125,4.3125,4100
1997-12-23,4.4375,4.5,4.4375,4.5,4.5,13500
1997-12-24,4.5,4.6875,4.5,4.6875,4.6875,1400
1997-12-26,4.5625,4.5625,4.4375,4.5,4.5,5600
1997-12-29,4.4375,4.5625,4.375,4.5,4.5,3600
1997-12-30,4.5625,4.5625,4.5625,4.5625,4.5625,500
1997-12-31,4.5,4.5,4.25,4.25,4.25,8900
1998-01-02,4.25,4.25,4.25,4.25,4.25,0
1998-01-05,4.25,4.25,4.25,4.25,4.25,0
1998-01-06,4.25,4.25,4.25,4.25,4.25,0
1998-01-07,4.125,4.125,4.125,4.125,4.125,1000
1998-01-08,4.125,4.125,4.125,4.125,4.125,0
1998-01-09,4.0,4.0,4.0,4.0,4.0,2500
1998-01-12,3.875,3.875,3.875,3.875,3.875,1600
1998-01-13,3.875,3.875,3.875,3.875,3.875,500
1998-01-14,3.875,4.0,3.875,3.9375,3.9375,14200
1998-01-15,3.875,3.875,3.6875,3.75,3.75,8200
1998-01-16,3.6875,3.875,3.625,3.8125,3.8125,16500
1998-01-20,3.875,3.9375,3.875,3.9375,3.9375,2700
1998-01-21,3.875,3.875,3.875,3.875,3.875,1200
1998-01-22,3.9375,3.9375,3.8125,3.9375,3.9375,4100
1998-01-23,3.9375,3.9375,3.9375,3.9375,3.9375,0
1998-01-26,3.8125,3.875,3.8125,3.875,3.875,6100
1998-01-27,3.875,3.875,3.875,3.875,3.875,500
1998-01-28,3.8125,3.9375,3.8125,3.9375,3.9375,2000
1998-01-29,3.9375,3.9375,3.9375,3.9375,3.9375,0
1998-01-30,4.0,4.0,4.0,4.0,4.0,2100
1998-02-02,3.875,3.9375,3.8125,3.8125,3.8125,6600
1998-02-03,3.8125,3.9375,3.8125,3.9375,3.9375,11600
1998-02-04,3.9375,3.9375,3.9375,3.9375,3.9375,0
1998-02-05,3.9375,4.0,3.9375,4.0,4.0,2400
1998-02-06,3.875,3.875,3.875,3.875,3.875,1000
1998-02-09,3.9375,3.9375,3.9375,3.9375,3.9375,2000
1998-02-10,3.9375,3.9375,3.9375,3.9375,3.9375,0
1998-02-11,3.9375,3.9375,3.9375,3.9375,3.9375,0
1998-02-12,3.9375,3.9375,3.9375,3.9375,3.9375,0
1998-02-13,3.9375,3.9375,3.9375,3.9375,3.9375,0
1998-02-17,3.875,3.875,3.875,3.875,3.875,1200
1998-02-18,3.875,3.875,3.75,3.75,3.75,8000
1998-02-19,3.75,3.75,3.75,3.75,3.75,1400
1998-02-20,3.875,3.875,3.875,3.875,3.875,500
1998-02-23,3.8125,3.8125,3.8125,3.8125,3.8125,200
1998-02-24,3.8125,3.8125,3.8125,3.8125,3.8125,0
1998-02-25,3.875,3.9375,3.875,3.9375,3.9375,1300
1998-02-26,4.0,4.0,4.0,4.0,4.0,6500
1998-02-27,4.125,4.625,4.125,4.5,4.5,19000
1998-03-02,4.5,4.8125,4.3125,4.5,4.5,110000
1998-03-03,4.5625,4.5625,4.5,4.5,4.5,8800
1998-03-04,4.5,4.5,4.375,4.375,4.375,7200
1998-03-05,4.4375,4.5,4.375,4.5,4.5,10300
1998-03-06,4.5,4.5625,4.5,4.5625,4.5625,8200
1998-03-09,4.625,4.625,4.5,4.5625,4.5625,13800
1998-03-10,4.625,4.625,4.4375,4.4375,4.4375,6400
1998-03-11,4.5,4.625,4.4375,4.4375,4.4375,15700
1998-03-12,4.5,4.5,4.5,4.5,4.5,2400
1998-03-13,4.5,4.5,4.5,4.5,4.5,5400
1998-03-16,4.5625,4.625,4.5,4.5,4.5,7200
1998-03-17,4.5,4.5625,4.5,4.5625,4.5625,2700
1998-03-18,4.5625,4.5625,4.5625,4.5625,4.5625,200
1998-03-19,4.5,4.5,4.5,4.5,4.5,6500
1998-03-20,4.5,4.5625,4.5,4.5625,4.5625,5500
1998-03-23,4.5,4.5,4.5,4.5,4.5,2600
1998-03-24,4.4375,4.4375,4.4375,4.4375,4.4375,1300
1998-03-25,4.5625,4.5625,4.375,4.4375,4.4375,4200
1998-03-26,4.375,4.4375,4.375,4.4375,4.4375,1800
1998-03-27,4.5,4.5,4.5,4.5,4.5,500
1998-03-30,4.5,4.5,4.5,4.5,4.5,2100
1998-03-31,4.5,4.625,4.5,4.5625,4.5625,12900
1998-04-01,4.5625,4.5625,4.5,4.5,4.5,5700
1998-04-02,4.5,4.5,4.4375,4.5,4.5,3800
1998-04-03,4.5,4.5,4.4375,4.4375,4.4375,3000
1998-04-06,4.5625,4.5625,4.5,4.5,4.5,3800
1998-04-07,4.5,4.5,4.5,4.5,4.5,0
1998-04-08,4.5,4.625,4.5,4.625,4.625,2800
1998-04-09,4.625,4.625,4.5625,4.625,4.625,2600
1998-04-13,4.625,4.875,4.625,4.625,4.625,14100
1998-04-14,4.625,4.6875,4.625,4.6875,4.6875,2900
1998-04-15,4.6875,4.6875,4.5625,4.6875,4.6875,2200
1998-04-16,4.6875,4.6875,4.625,4.625,4.625,1200
1998-04-17,4.6875,4.75,4.625,4.625,4.625,2700
1998-04-20,4.625,4.625,4.625,4.625,4.625,0
1998-04-21,4.625,4.625,4.625,4.625,4.625,3000
1998-04-22,4.75,4.75,4.625,4.625,4.625,6800
1998-04-23,4.5625,4.75,4.5625,4.75,4.75,5200
1998-04-24,4.75,4.75,4.75,4.75,4.75,100
1998-04-27,4.625,4.625,4.5,4.5625,4.5625,5400
1998-04-28,4.5,4.6875,4.5,4.6875,4.6875,2000
1998-04-29,4.75,4.9375,4.75,4.9375,4.9375,6400
1998-04-30,5.0,5.0625,5.0,5.0,5.0,11000
1998-05-01,5.125,5.125,5.0,5.0,5.0,1000
1998-05-04,5.0,5.0,4.875,4.875,4.875,4400
1998-05-05,5.0,5.0,4.9375,4.9375,4.9375,7100
1998-05-06,4.875,4.9375,4.875,4.9375,4.9375,1400
1998-05-07,4.9375,4.9375,4.875,4.875,4.875,2600
1998-05-08,4.9375,4.9375,4.9375,4.9375,4.9375,2200
1998-05-11,4.875,4.875,4.875,4.875,4.875,3800
1998-05-12,4.875,4.875,4.875,4.875,4.875,2500
1998-05-13,4.875,4.875,4.875,4.875,4.875,400
1998-05-14,4.875,4.875,4.875,4.875,4.875,6800
1998-05-15,4.9375,5.0,4.9375,5.0,5.0,5400
1998-05-18,5.0,5.0,4.9375,4.9375,4.9375,4500
1998-05-19,4.9375,4.9375,4.9375,4.9375,4.9375,0
1998-05-20,4.9375,4.9375,4.9375,4.9375,4.9375,0
1998-05-21,4.9375,4.9375,4.9375,4.9375,4.9375,0
1998-05-22,4.875,4.875,4.875,4.875,4.875,7200
1998-05-26,4.9375,4.9375,4.9375,4.9375,4.9375,6600
1998-05-27,4.9375,4.9375,4.9375,4.9375,4.9375,0
1998-05-28,4.875,4.875,4.8125,4.8125,4.8125,3700
1998-05-29,4.875,5.0,4.875,5.0,5.0,4100
1998-06-01,5.0,5.0,4.9375,4.9375,4.9375,700
1998-06-02,4.9375,4.9375,4.9375,4.9375,4.9375,500
1998-06-03,4.875,4.875,4.8125,4.8125,4.8125,5000
1998-06-04,4.9375,4.9375,4.9375,4.9375,4.9375,500
1998-06-05,4.9375,4.9375,4.9375,4.9375,4.9375,0
1998-06-08,4.9375,4.9375,4.9375,4.9375,4.9375,0
1998-06-09,4.9375,4.9375,4.9375,4.9375,4.9375,1000
1998-06-10,4.9375,4.9375,4.9375,4.9375,4.9375,0
1998-06-11,4.9375,4.9375,4.9375,4.9375,4.9375,0
1998-06-12,4.875,4.875,4.875,4.875,4.875,200
1998-06-15,4.75,4.9375,4.75,4.9375,4.9375,13500
1998-06-16,4.8125,4.9375,4.8125,4.9375,4.9375,4900
1998-06-17,4.9375,4.9375,4.9375,4.9375,4.9375,0
1998-06-18,4.875,4.875,4.875,4.875,4.875,1300
1998-06-19,4.8125,4.875,4.75,4.875,4.875,3000
1998-06-22,4.8125,4.8125,4.75,4.75,4.75,9800
1998-06-23,4.875,4.875,4.875,4.875,4.875,1000
1998-06-24,4.875,4.875,4.875,4.875,4.875,0
1998-06-25,4.8125,4.8125,4.8125,4.8125,4.8125,400
1998-06-26,4.75,4.8125,4.75,4.8125,4.8125,1700
1998-06-29,4.8125,4.8125,4.8125,4.8125,4.8125,0
1998-06-30,4.875,4.9375,4.875,4.9375,4.9375,4500
1998-07-01,4.9375,4.9375,4.9375,4.9375,4.9375,0
1998-07-02,4.9375,4.9375,4.9375,4.9375,4.9375,200
1998-07-06,4.8125,4.8125,4.8125,4.8125,4.8125,2000
1998-07-07,4.9375,4.9375,4.875,4.875,4.875,7700
1998-07-08,4.875,4.875,4.875,4.875,4.875,0
1998-07-09,4.875,4.875,4.875,4.875,4.875,0
1998-07-10,4.75,4.75,4.75,4.75,4.75,1000
1998-07-13,4.75,4.75,4.625,4.75,4.75,4100
1998-07-14,4.625,4.6875,4.625,4.625,4.625,3000
1998-07-15,4.625,4.6875,4.625,4.6875,4.6875,1900
1998-07-16,4.625,4.6875,4.625,4.6875,4.6875,1100
1998-07-17,4.625,4.75,4.625,4.75,4.75,7800
1998-07-20,4.6875,4.75,4.6875,4.6875,4.6875,2800
1998-07-21,4.75,4.75,4.75,4.75,4.75,800
1998-07-22,4.75,4.75,4.75,4.75,4.75,0
1998-07-23,4.6875,4.6875,4.6875,4.6875,4.6875,5500
1998-07-24,4.6875,4.6875,4.6875,4.6875,4.6875,200
1998-07-27,4.75,4.75,4.625,4.625,4.625,20800
1998-07-28,4.75,4.75,4.625,4.625,4.625,10200
1998-07-29,4.625,4.625,4.625,4.625,4.625,0
1998-07-30,4.625,4.625,4.625,4.625,4.625,500
1998-07-31,4.75,4.75,4.5625,4.625,4.625,28400
1998-08-03,4.5,4.5,4.5,4.5,4.5,3500
1998-08-04,4.5,4.5,4.5,4.5,4.5,10000
1998-08-05,4.5,4.5,4.375,4.5,4.5,10500
1998-08-06,4.5,4.5,4.5,4.5,4.5,0
1998-08-07,4.5,4.5,4.5,4.5,4.5,0
1998-08-10,4.375,4.5,4.375,4.4375,4.4375,2700
1998-08-11,4.375,4.375,4.375,4.375,4.375,4100
1998-08-12,4.375,4.375,4.375,4.375,4.375,0
1998-08-13,4.3125,4.3125,4.1875,4.1875,4.1875,1900
1998-08-14,4.3125,4.3125,4.3125,4.3125,4.3125,5100
1998-08-17,4.375,4.375,4.375,4.375,4.375,500
1998-08-18,4.4375,4.625,4.4375,4.625,4.625,6100
1998-08-19,4.6875,4.75,4.6875,4.75,4.75,5500
1998-08-20,4.6875,4.6875,4.625,4.625,4.625,2000
1998-08-21,4.625,4.625,4.625,4.625,4.625,0
1998-08-24,4.5,4.5625,4.375,4.5625,4.5625,5500
1998-08-25,4.625,4.625,4.625,4.625,4.625,200
1998-08-26,4.5,4.5,4.5,4.5,4.5,1500
1998-08-27,4.375,4.375,4.125,4.125,4.125,16100
1998-08-28,4.25,4.25,4.1875,4.1875,4.1875,4500
1998-08-31,4.1875,4.1875,4.0,4.125,4.125,86600
1998-09-01,4.0625,4.125,3.875,4.125,4.125,62200
1998-09-02,4.0,4.0,4.0,4.0,4.0,6300
1998-09-03,4.0,4.0625,4.0,4.0625,4.0625,2900
1998-09-04,4.125,4.125,4.0625,4.0625,4.0625,1500
1998-09-08,4.1875,4.1875,4.0625,4.0625,4.0625,400
1998-09-09,4.0,4.0625,3.9375,4.0625,4.0625,4000
1998-09-10,4.0,4.0,4.0,4.0,4.0,5000
1998-09-11,3.9375,3.9375,3.9375,3.9375,3.9375,500
1998-09-14,3.875,3.9375,3.875,3.9375,3.9375,3000
1998-09-15,3.875,3.9375,3.875,3.875,3.875,2800
1998-09-16,3.875,4.0625,3.875,4.0,4.0,11100
1998-09-17,4.0625,4.1875,4.0625,4.1875,4.1875,4100
1998-09-18,4.0625,4.0625,4.0,4.0,4.0,17000
1998-09-21,4.125,4.125,4.0,4.0,4.0,1800
1998-09-22,4.0,4.0,4.0,4.0,4.0,4100
1998-09-23,4.0,4.0,3.875,3.875,3.875,1700
1998-09-24,4.0,4.0,3.9375,3.9375,3.9375,4000
1998-09-25,3.9375,3.9375,3.9375,3.9375,3.9375,0
1998-09-28,4.0,4.0,3.9375,3.9375,3.9375,1300
1998-09-29,3.9375,3.9375,3.9375,3.9375,3.9375,1300
1998-09-30,3.9375,4.0,3.875,3.9375,3.9375,4200
1998-10-01,3.8125,3.8125,3.8125,3.8125,3.8125,10900
1998-10-02,3.8125,3.8125,3.8125,3.8125,3.8125,0
1998-10-05,3.6875,3.6875,3.5625,3.5625,3.5625,16400
1998-10-06,3.5625,3.5625,3.5,3.5,3.5,11800
1998-10-07,3.375,3.375,3.3125,3.3125,3.3125,6000
1998-10-08,3.25,3.25,3.125,3.125,3.125,41800
1998-10-09,3.125,3.125,3.125,3.125,3.125,0
1998-10-12,3.1875,3.1875,3.1875,3.1875,3.1875,2100
1998-10-13,3.3125,3.3125,3.3125,3.3125,3.3125,500
1998-10-14,3.375,3.375,3.375,3.375,3.375,1000
1998-10-15,3.25,3.25,3.25,3.25,3.25,400
1998-10-16,3.3125,3.3125,3.3125,3.3125,3.3125,2600
1998-10-19,3.1875,3.25,3.1875,3.25,3.25,6100
1998-10-20,3.375,3.375,3.3125,3.375,3.375,6300
1998-10-21,3.375,3.375,3.375,3.375,3.375,0
1998-10-22,3.375,3.375,3.375,3.375,3.375,0
1998-10-23,3.375,3.375,3.375,3.375,3.375,0
1998-10-26,3.5,3.5625,3.4375,3.5,3.5,16400
1998-10-27,3.5,3.5,3.3125,3.375,3.375,14500
1998-10-28,3.375,3.5,3.3125,3.5,3.5,12500
1998-10-29,3.625,3.75,3.625,3.625,3.625,13600
1998-10-30,3.75,3.8125,3.75,3.8125,3.8125,3000
1998-11-02,3.8125,3.8125,3.8125,3.8125,3.8125,0
1998-11-03,3.8125,3.8125,3.8125,3.8125,3.8125,0
1998-11-04,3.8125,3.8125,3.625,3.625,3.625,6000
1998-11-05,3.625,3.625,3.625,3.625,3.625,200
1998-11-06,3.625,3.625,3.625,3.625,3.625,0
1998-11-09,3.75,3.8125,3.75,3.8125,3.8125,3800
1998-11-10,3.75,3.75,3.625,3.625,3.625,3700
1998-11-11,3.625,3.625,3.5625,3.5625,3.5625,3500
1998-11-12,3.625,3.625,3.625,3.625,3.625,2000
1998-11-13,3.625,3.625,3.625,3.625,3.625,300
1998-11-16,3.5,3.75,3.5,3.75,3.75,1300
1998-11-17,3.75,3.75,3.75,3.75,3.75,0
1998-11-18,3.5625,3.75,3.5625,3.6875,3.6875,22100
1998-11-19,3.625,3.6875,3.5625,3.625,3.625,12400
1998-11-20,3.625,3.6875,3.625,3.6875,3.6875,400
1998-11-23,3.75,3.75,3.75,3.75,3.75,1000
1998-11-24,3.75,3.75,3.75,3.75,3.75,0
1998-11-25,3.8125,3.8125,3.75,3.75,3.75,9200
1998-11-27,3.6875,3.6875,3.6875,3.6875,3.6875,4300
1998-11-30,3.6875,3.75,3.6875,3.6875,3.6875,4500
1998-12-01,3.8125,3.8125,3.8125,3.8125,3.8125,900
1998-12-02,3.75,3.75,3.75,3.75,3.75,300
1998-12-03,3.6875,3.6875,3.6875,3.6875,3.6875,1000
1998-12-04,3.8125,3.8125,3.8125,3.8125,3.8125,1500
1998-12-07,3.8125,3.8125,3.8125,3.8125,3.8125,0
1998-12-08,3.75,3.75,3.75,3.75,3.75,1000
1998-12-09,3.75,3.75,3.75,3.75,3.75,1800
1998-12-10,3.75,3.75,3.75,3.75,3.75,0
1998-12-11,3.6875,3.8125,3.6875,3.8125,3.8125,900
1998-12-14,3.75,3.75,3.75,3.75,3.75,3000
1998-12-15,3.75,3.75,3.75,3.75,3.75,1000
1998-12-16,3.75,3.75,3.75,3.75,3.75,500
1998-12-17,3.6875,3.6875,3.6875,3.6875,3.6875,2000
1998-12-18,3.6875,3.6875,3.625,3.625,3.625,6600
1998-12-21,3.5625,3.6875,3.5625,3.6875,3.6875,13000
1998-12-22,3.625,3.625,3.625,3.625,3.625,2900
1998-12-23,3.625,3.625,3.5625,3.5625,3.5625,5700
1998-12-24,3.5625,3.5625,3.5625,3.5625,3.5625,1700
1998-12-28,3.6875,3.6875,3.5,3.5625,3.5625,27200
1998-12-29,3.6875,3.6875,3.6875,3.6875,3.6875,2000
1998-12-30,3.625,3.75,3.5625,3.6875,3.6875,20900
1998-12-31,3.625,3.9375,3.625,3.9375,3.9375,5700
1999-01-04,3.9375,4.0,3.875,3.875,3.875,4100
1999-01-05,4.0,4.0,3.875,3.875,3.875,1000
1999-01-06,3.8125,3.875,3.8125,3.875,3.875,700
1999-01-07,4.0,4.0,4.0,4.0,4.0,2600
1999-01-08,3.875,3.875,3.625,3.75,3.75,4700
1999-01-11,3.75,3.75,3.625,3.625,3.625,2400
1999-01-12,3.625,3.625,3.625,3.625,3.625,0
1999-01-13,3.625,3.6875,3.625,3.625,3.625,3200
1999-01-14,3.625,3.625,3.625,3.625,3.625,4300
1999-01-15,3.6875,3.6875,3.6875,3.6875,3.6875,1400
1999-01-19,3.6875,3.6875,3.6875,3.6875,3.6875,0
1999-01-20,3.5625,3.625,3.5625,3.625,3.625,1000
1999-01-21,3.625,3.625,3.625,3.625,3.625,0
1999-01-22,3.5,3.5,3.5,3.5,3.5,3000
1999-01-25,3.5625,3.5625,3.5625,3.5625,3.5625,600
1999-01-26,3.5,3.625,3.5,3.5625,3.5625,3300
1999-01-27,3.625,3.625,3.625,3.625,3.625,3400
1999-01-28,3.625,3.625,3.625,3.625,3.625,0
1999-01-29,3.75,3.8125,3.75,3.8125,3.8125,4600
1999-02-01,3.8125,3.8125,3.6875,3.6875,3.6875,4200
1999-02-02,3.5625,3.5625,3.5625,3.5625,3.5625,2100
1999-02-03,3.6875,3.6875,3.5625,3.5625,3.5625,3200
1999-02-04,3.5,3.5,3.5,3.5,3.5,600
1999-02-05,3.5,3.5625,3.5,3.5625,3.5625,2700
1999-02-08,3.5625,3.5625,3.5625,3.5625,3.5625,200
1999-02-09,3.625,3.6875,3.5625,3.5625,3.5625,2600
1999-02-10,3.5625,3.5625,3.5625,3.5625,3.5625,0
1999-02-11,3.5625,3.5625,3.5625,3.5625,3.5625,4700
1999-02-12,3.5625,3.5625,3.5625,3.5625,3.5625,0
1999-02-16,3.6875,3.6875,3.5,3.5,3.5,2400
1999-02-17,3.5625,3.75,3.5,3.5,3.5,5500
1999-02-18,3.75,3.75,3.75,3.75,3.75,100
1999-02-19,3.75,3.75,3.625,3.6875,3.6875,2900
1999-02-22,3.75,3.75,3.625,3.6875,3.6875,1500
1999-02-23,3.8125,3.8125,3.8125,3.8125,3.8125,1400
1999-02-24,3.6875,3.6875,3.625,3.625,3.625,1800
1999-02-25,3.75,3.75,3.5,3.5,3.5,12000
1999-02-26,3.5,3.75,3.5,3.625,3.625,9400
1999-03-01,3.5625,3.6875,3.5625,3.6875,3.6875,2400
1999-03-02,3.625,3.625,3.5625,3.5625,3.5625,2300
1999-03-03,3.5625,3.75,3.5625,3.75,3.75,900
1999-03-04,3.75,3.75,3.75,3.75,3.75,2000
1999-03-05,3.75,3.75,3.75,3.75,3.75,100
1999-03-08,3.75,3.75,3.6875,3.6875,3.6875,5600
1999-03-09,3.6875,3.6875,3.625,3.6875,3.6875,2300
1999-03-10,3.625,3.625,3.5625,3.5625,3.5625,3600
1999-03-11,3.5625,3.5625,3.5625,3.5625,3.5625,0
1999-03-12,3.5,3.625,3.5,3.5,3.5,5200
1999-03-15,3.5,3.5,3.5,3.5,3.5,2500
1999-03-16,3.625,3.6875,3.625,3.6875,3.6875,2000
1999-03-17,3.625,3.6875,3.625,3.6875,3.6875,400
1999-03-18,3.6875,3.6875,3.6875,3.6875,3.6875,0
1999-03-19,3.6875,3.6875,3.6875,3.6875,3.6875,0
1999-03-22,3.75,3.75,3.75,3.75,3.75,100
1999-03-23,3.625,3.625,3.5625,3.5625,3.5625,1100
1999-03-24,3.625,3.625,3.5,3.5,3.5,5700
1999-03-25,3.5,3.6875,3.5,3.625,3.625,2300
1999-03-26,3.5625,3.625,3.5625,3.5625,3.5625,1300
1999-03-29,3.625,3.6875,3.5,3.625,3.625,6700
1999-03-30,3.5625,3.5625,3.5625,3.5625,3.5625,11000
1999-03-31,3.625,3.625,3.25,3.25,3.25,38700
1999-04-01,3.375,3.5625,3.375,3.5,3.5,63800
1999-04-05,3.5,3.5,3.5,3.5,3.5,3400
1999-04-06,3.5625,3.625,3.5625,3.5625,3.5625,7700
1999-04-07,3.5625,3.625,3.5625,3.625,3.625,1300
1999-04-08,3.625,3.625,3.625,3.625,3.625,5600
1999-04-09,3.5625,3.5625,3.5625,3.5625,3.5625,4000
1999-04-12,3.5625,3.5625,3.5625,3.5625,3.5625,0
1999-04-13,3.5625,3.5625,3.5,3.5625,3.5625,2000
1999-04-14,3.5625,3.6875,3.5625,3.625,3.625,10200
1999-04-15,3.5625,3.625,3.5625,3.625,3.625,29900
1999-04-16,3.625,3.75,3.625,3.75,3.75,17600
1999-04-19,3.875,3.9375,3.875,3.9375,3.9375,21800
1999-04-20,3.9375,3.9375,3.8125,3.8125,3.8125,4300
1999-04-21,3.875,3.875,3.875,3.875,3.875,800
1999-04-22,3.875,3.875,3.8125,3.875,3.875,12300
1999-04-23,3.75,3.8125,3.6875,3.8125,3.8125,2000
1999-04-26,3.9375,3.9375,3.8125,3.875,3.875,4600
1999-04-27,3.875,3.875,3.875,3.875,3.875,0
1999-04-28,3.9375,3.9375,3.9375,3.9375,3.9375,1400
1999-04-29,3.8125,3.9375,3.8125,3.9375,3.9375,3800
1999-04-30,3.9375,4.125,3.9375,4.125,4.125,13000
1999-05-03,4.0,4.0,3.9375,3.9375,3.9375,5100
1999-05-04,4.0,4.0,3.75,3.9375,3.9375,6900
1999-05-05,3.875,3.875,3.875,3.875,3.875,400
1999-05-06,3.9375,3.9375,3.9375,3.9375,3.9375,1100
1999-05-07,3.875,4.0,3.8125,3.8125,3.8125,3300
1999-05-10,4.0,4.0,3.9375,3.9375,3.9375,6500
1999-05-11,4.125,4.6875,4.125,4.6875,4.6875,64400
1999-05-12,4.75,4.875,4.625,4.6875,4.6875,36200
1999-05-13,4.75,4.75,4.6875,4.6875,4.6875,9500
1999-05-14,4.75,4.75,4.5,4.5,4.5,20900
1999-05-17,4.625,4.6875,4.5,4.625,4.625,23800
1999-05-18,4.75,4.75,4.6875,4.75,4.75,10400
1999-05-19,4.75,4.75,4.5,4.625,4.625,5300
1999-05-20,4.6875,4.75,4.6875,4.75,4.75,3900
1999-05-21,4.75,5.25,4.75,5.0,5.0,77100
1999-05-24,5.1875,5.4375,5.0625,5.25,5.25,180500
1999-05-25,5.375,5.375,5.0625,5.25,5.25,139300
1999-05-26,5.25,5.3125,5.125,5.1875,5.1875,46300
1999-05-27,5.25,5.25,5.0625,5.0625,5.0625,23100
1999-05-28,5.1875,5.1875,5.0625,5.0625,5.0625,25500
1999-06-01,5.1875,5.25,5.0625,5.1875,5.1875,31400
1999-06-02,5.1875,5.1875,5.0625,5.125,5.125,24800
1999-06-03,5.1875,5.1875,5.0625,5.0625,5.0625,22000
1999-06-04,5.0625,5.125,4.875,4.875,4.875,15400
1999-06-07,5.0625,5.1875,5.0,5.0625,5.0625,14800
1999-06-08,5.125,5.125,4.875,4.875,4.875,11300
1999-06-09,5.0,5.125,4.9375,5.0,5.0,15300
1999-06-10,4.875,5.0,4.8125,5.0,5.0,17100
1999-06-11,5.0,5.0,4.6875,4.6875,4.6875,15100
1999-06-14,4.6875,4.6875,4.25,4.25,4.25,39400
1999-06-15,4.25,4.3125,4.25,4.25,4.25,21500
1999-06-16,4.375,4.5,4.3125,4.4375,4.4375,8500
1999-06-17,4.5,4.5,4.5,4.5,4.5,2500
1999-06-18,4.375,4.5,4.25,4.375,4.375,8000
1999-06-21,4.375,4.5,4.375,4.4375,4.4375,2300
1999-06-22,4.5,4.5,4.4375,4.5,4.5,3200
1999-06-23,4.5,4.5,4.3125,4.3125,4.3125,11400
1999-06-24,4.3125,4.4375,4.3125,4.4375,4.4375,4500
1999-06-25,4.5,4.5,4.375,4.4375,4.4375,5700
1999-06-28,4.5,4.5,4.375,4.5,4.5,4600
1999-06-29,4.4375,4.5,4.4375,4.4375,4.4375,4300
1999-06-30,4.5,4.75,4.375,4.75,4.75,3400
1999-07-01,4.75,4.875,4.75,4.875,4.875,4400
1999-07-02,4.875,4.875,4.75,4.75,4.75,2600
1999-07-06,4.875,4.875,4.75,4.75,4.75,7800
1999-07-07,4.75,4.75,4.625,4.75,4.75,1800
1999-07-08,4.625,4.75,4.5625,4.75,4.75,5200
1999-07-09,4.625,4.875,4.625,4.8125,4.8125,6800
1999-07-12,5.0,5.0,4.875,5.0,5.0,9400
1999-07-13,4.9375,4.9375,4.8125,4.9375,4.9375,17500
1999-07-14,4.9375,4.9375,4.75,4.8125,4.8125,7800
1999-07-15,4.75,4.875,4.5625,4.8125,4.8125,6600
1999-07-16,4.75,4.75,4.75,4.75,4.75,600
1999-07-19,4.625,4.625,4.4375,4.5625,4.5625,21000
1999-07-20,4.5625,4.6875,4.5,4.625,4.625,7400
1999-07-21,4.75,4.875,4.625,4.625,4.625,4600
1999-07-22,4.8125,4.8125,4.6875,4.75,4.75,3200
1999-07-23,4.75,4.75,4.6875,4.6875,4.6875,4300
1999-07-26,4.8125,4.8125,4.625,4.6875,4.6875,6700
1999-07-27,4.5625,4.625,4.5625,4.625,4.625,1500
1999-07-28,4.75,4.8125,4.5,4.75,4.75,18500
1999-07-29,4.75,4.8125,4.75,4.8125,4.8125,1700
1999-07-30,4.6875,4.75,4.625,4.75,4.75,6100
1999-08-02,4.75,4.75,4.5625,4.625,4.625,4300
1999-08-03,4.5,4.5,4.375,4.375,4.375,3800
1999-08-04,4.5,4.5,4.375,4.375,4.375,600
1999-08-05,4.5,4.5,4.375,4.5,4.5,3400
1999-08-06,4.375,4.375,4.25,4.3125,4.3125,5600
1999-08-09,4.25,4.625,4.25,4.625,4.625,8200
1999-08-10,4.5,4.625,4.5,4.625,4.625,500
1999-08-11,4.5625,4.625,4.5625,4.625,4.625,500
1999-08-12,4.5,4.625,4.5,4.625,4.625,1800
1999-08-13,4.5,4.5,4.5,4.5,4.5,1600
1999-08-16,4.5,4.5,4.5,4.5,4.5,400
1999-08-17,4.5,4.5,4.5,4.5,4.5,0
1999-08-18,4.4375,4.4375,4.3125,4.3125,4.3125,3500
1999-08-19,4.3125,4.3125,4.3125,4.3125,4.3125,0
1999-08-20,4.4375,4.4375,4.25,4.3125,4.3125,1200
1999-08-23,4.3125,4.375,4.25,4.375,4.375,9900
1999-08-24,4.25,4.3125,4.1875,4.3125,4.3125,13900
1999-08-25,4.4375,4.4375,4.25,4.25,4.25,1500
1999-08-26,4.25,4.25,4.25,4.25,4.25,2400
1999-08-27,4.125,4.125,3.9375,4.125,4.125,8100
1999-08-30,4.125,4.25,4.0625,4.25,4.25,4900
1999-08-31,4.1875,4.3125,4.125,4.1875,4.1875,3100
1999-09-01,4.125,4.1875,4.0,4.0,4.0,7500
1999-09-02,3.9375,4.0,3.9375,4.0,4.0,4700
1999-09-03,3.9375,4.0,3.875,4.0,4.0,3500
1999-09-07,3.9375,4.0,3.875,3.875,3.875,7700
1999-09-08,3.875,4.0,3.875,3.875,3.875,8400
1999-09-09,3.875,3.875,3.8125,3.875,3.875,900
1999-09-10,3.8125,3.875,3.8125,3.8125,3.8125,3400
1999-09-13,3.8125,4.0,3.8125,4.0,4.0,1000
1999-09-14,3.9375,4.0,3.9375,4.0,4.0,2400
1999-09-15,4.0625,4.0625,4.0625,4.0625,4.0625,3500
1999-09-16,4.0,4.0,4.0,4.0,4.0,6000
1999-09-17,3.9375,3.9375,3.875,3.875,3.875,2500
1999-09-20,4.0,4.0625,4.0,4.0625,4.0625,1700
1999-09-21,3.9375,3.9375,3.9375,3.9375,3.9375,200
1999-09-22,3.9375,3.9375,3.9375,3.9375,3.9375,400
1999-09-23,3.9375,3.9375,3.9375,3.9375,3.9375,1000
1999-09-24,3.9375,3.9375,3.9375,3.9375,3.9375,200
1999-09-27,3.875,3.9375,3.875,3.9375,3.9375,6500
1999-09-28,3.9375,4.0,3.875,3.875,3.875,4400
1999-09-29,3.9375,3.9375,3.9375,3.9375,3.9375,7700
1999-09-30,4.0625,4.25,4.0,4.0,4.0,16400
1999-10-01,3.9375,4.0625,3.9375,4.0,4.0,1500
1999-10-04,4.0,4.0,3.9375,3.9375,3.9375,4200
1999-10-05,3.9375,3.9375,3.9375,3.9375,3.9375,2900
1999-10-06,3.875,3.875,3.8125,3.8125,3.8125,3900
1999-10-07,3.875,4.0,3.8125,4.0,4.0,3000
1999-10-08,3.75,3.875,3.75,3.875,3.875,19800
1999-10-11,3.75,3.75,3.75,3.75,3.75,11800
1999-10-12,3.875,3.875,3.5625,3.5625,3.5625,5500
1999-10-13,3.5625,3.6875,3.5625,3.5625,3.5625,3800
1999-10-14,3.5625,3.6875,3.5,3.6875,3.6875,3600
1999-10-15,3.5625,3.5625,3.5625,3.5625,3.5625,1000
1999-10-18,3.6875,3.6875,3.625,3.625,3.625,700
1999-10-19,3.5,3.625,3.5,3.625,3.625,2400
1999-10-20,3.5625,3.5625,3.5625,3.5625,3.5625,400
1999-10-21,3.625,3.625,3.5,3.5,3.5,2900
1999-10-22,3.5,3.5,3.375,3.5,3.5,5100
1999-10-25,3.625,3.625,3.625,3.625,3.625,1000
1999-10-26,3.625,3.625,3.5,3.5,3.5,2600
1999-10-27,3.625,3.625,3.5,3.625,3.625,1100
1999-10-28,3.625,3.625,3.625,3.625,3.625,3000
1999-10-29,3.625,4.0,3.625,4.0,4.0,25400
1999-11-01,3.8125,4.0,3.75,3.75,3.75,10900
1999-11-02,3.625,3.75,3.625,3.625,3.625,3800
1999-11-03,3.5625,3.75,3.5625,3.75,3.75,4700
1999-11-04,3.8125,3.8125,3.6875,3.6875,3.6875,4500
1999-11-05,3.5625,3.5625,3.5,3.5625,3.5625,4600
1999-11-08,3.5,3.625,3.4375,3.5,3.5,3600
1999-11-09,3.625,3.75,3.625,3.75,3.75,7000
1999-11-10,3.625,3.75,3.625,3.6875,3.6875,1900
1999-11-11,3.5625,3.625,3.5,3.625,3.625,3300
1999-11-12,3.5625,3.5625,3.3125,3.4375,3.4375,7500
1999-11-15,3.375,3.5,3.375,3.4375,3.4375,7400
1999-11-16,3.375,3.5,3.375,3.5,3.5,900
1999-11-17,3.4375,3.4375,3.4375,3.4375,3.4375,1800
1999-11-18,3.375,3.5,3.375,3.375,3.375,2900
1999-11-19,3.5,3.5,3.3125,3.3125,3.3125,4600
1999-11-22,3.3125,3.4375,3.3125,3.4375,3.4375,2300
1999-11-23,3.5,3.5,3.25,3.25,3.25,6600
1999-11-24,3.375,3.375,3.25,3.375,3.375,5900
1999-11-26,3.25,3.5625,3.25,3.5625,3.5625,1800
1999-11-29,3.375,3.375,3.3125,3.3125,3.3125,4000
1999-11-30,3.4375,3.4375,3.3125,3.4375,3.4375,3600
1999-12-01,3.5,3.5,3.25,3.25,3.25,10200
1999-12-02,3.25,3.25,3.125,3.125,3.125,20100
1999-12-03,3.125,3.1875,3.125,3.1875,3.1875,6400
1999-12-06,3.25,3.25,3.1875,3.25,3.25,2300
1999-12-07,3.25,3.25,3.1875,3.25,3.25,8300
1999-12-08,3.25,3.25,3.125,3.125,3.125,15400
1999-12-09,3.25,3.25,3.0625,3.125,3.125,12900
1999-12-10,3.0625,3.125,2.9375,3.0,3.0,10800
1999-12-13,3.0,3.0,2.875,2.9375,2.9375,4900
1999-12-14,3.0,3.0,2.8125,2.8125,2.8125,30500
1999-12-15,2.8125,2.8125,2.8125,2.8125,2.8125,0
1999-12-16,2.9375,2.9375,2.75,2.75,2.75,6400
1999-12-17,2.75,2.875,2.75,2.875,2.875,7700
1999-12-20,2.75,2.875,2.75,2.8125,2.8125,4400
1999-12-21,2.875,2.875,2.8125,2.8125,2.8125,1800
1999-12-22,2.9375,2.9375,2.6875,2.6875,2.6875,16100
1999-12-23,2.75,2.875,2.6875,2.8125,2.8125,155500
1999-12-27,2.75,3.25,2.75,3.125,3.125,27200
1999-12-28,3.15625,3.25,3.0625,3.25,3.25,7100
1999-12-29,3.125,3.1875,3.125,3.1875,3.1875,3700
1999-12-30,3.1875,3.4375,3.125,3.4375,3.4375,48400
1999-12-31,3.4375,3.4375,3.375,3.4375,3.4375,6800
2000-01-03,3.375,3.4375,3.3125,3.4375,3.4375,3900
2000-01-04,3.3125,3.3125,3.25,3.25,3.25,1900
2000-01-05,3.5,3.5,3.5,3.5,3.5,1000
2000-01-06,3.25,3.25,2.875,2.875,2.875,1600
2000-01-07,2.875,2.875,2.75,2.875,2.875,1500
2000-01-10,2.75,3.0,2.75,2.875,2.875,2700
2000-01-11,2.75,2.75,2.6875,2.6875,2.6875,2000
2000-01-12,2.625,2.6875,2.625,2.6875,2.6875,700
2000-01-13,2.625,2.6875,2.625,2.6875,2.6875,400
2000-01-14,2.625,2.625,2.625,2.625,2.625,800
2000-01-18,2.625,2.625,2.625,2.625,2.625,2600
2000-01-19,2.625,2.6875,2.3125,2.3125,2.3125,20900
2000-01-20,2.25,2.5,2.25,2.5,2.5,5600
2000-01-21,2.375,2.4375,2.25,2.375,2.375,3100
2000-01-24,2.25,3.125,2.25,2.5625,2.5625,3000
2000-01-25,2.5,2.5625,2.5,2.5625,2.5625,6400
2000-01-26,2.625,2.625,2.5,2.5,2.5,3000
2000-01-27,2.625,2.625,2.5,2.5,2.5,2700
2000-01-28,2.625,2.625,2.5625,2.625,2.625,3000
2000-01-31,2.5625,2.75,2.5625,2.75,2.75,10400
2000-02-01,2.875,2.875,2.625,2.625,2.625,1000
2000-02-02,2.5625,2.5625,2.5,2.5,2.5,5100
2000-02-03,2.5625,2.5625,2.5,2.5,2.5,3400
2000-02-04,2.5,2.5,2.5,2.5,2.5,0
2000-02-07,2.4375,2.5,2.4375,2.5,2.5,1900
2000-02-08,2.5,2.5,2.5,2.5,2.5,0
2000-02-09,2.625,2.625,2.5,2.5,2.5,1600
2000-02-10,2.5,2.5,2.5,2.5,2.5,2800
2000-02-11,2.4375,2.5,2.4375,2.5,2.5,57200
2000-02-14,2.4375,2.4375,2.3125,2.375,2.375,15400
2000-02-15,2.3125,2.3125,2.3125,2.3125,2.3125,1200
2000-02-16,2.3125,2.3125,2.3125,2.3125,2.3125,100
2000-02-17,2.25,2.375,2.25,2.3125,2.3125,6900
2000-02-18,2.5,2.5,2.5,2.5,2.5,3800
2000-02-22,2.875,2.875,2.625,2.625,2.625,25100
2000-02-23,2.625,2.625,2.375,2.375,2.375,9100
2000-02-24,2.25,2.5,2.25,2.5,2.5,3000
2000-02-25,2.375,2.625,2.375,2.5,2.5,23000
2000-02-28,2.375,2.5625,2.375,2.5625,2.5625,16400
2000-02-29,2.625,2.875,2.5625,2.8125,2.8125,16900
2000-03-01,2.875,2.9375,2.8125,2.8125,2.8125,3300
2000-03-02,2.9375,2.9375,2.8125,2.875,2.875,3200
2000-03-03,2.8125,3.0,2.8125,3.0,3.0,4400
2000-03-06,3.125,3.125,3.0,3.0,3.0,12100
2000-03-07,3.0625,3.0625,3.0,3.0625,3.0625,4700
2000-03-08,3.0625,3.0625,3.0,3.0625,3.0625,1100
2000-03-09,3.0,3.125,3.0,3.125,3.125,4300
2000-03-10,2.875,3.0,2.875,3.0,3.0,1900
2000-03-13,2.75,2.9375,2.75,2.9375,2.9375,5400
2000-03-14,2.8125,2.875,2.8125,2.875,2.875,2400
2000-03-15,2.875,2.875,2.875,2.875,2.875,1200
2000-03-16,2.75,2.8125,2.75,2.8125,2.8125,6300
2000-03-17,2.6875,2.6875,2.6875,2.6875,2.6875,100
2000-03-20,2.75,2.75,2.625,2.6875,2.6875,7300
2000-03-21,2.75,2.75,2.75,2.75,2.75,4700
2000-03-22,2.75,2.75,2.75,2.75,2.75,800
2000-03-23,2.6875,2.6875,2.6875,2.6875,2.6875,100
2000-03-24,2.8125,2.8125,2.6875,2.6875,2.6875,7300
2000-03-27,2.6875,2.6875,2.6875,2.6875,2.6875,0
2000-03-28,2.8125,2.8125,2.6875,2.6875,2.6875,900
2000-03-29,2.625,2.625,2.625,2.625,2.625,1000
2000-03-30,2.75,2.75,2.625,2.625,2.625,1200
2000-03-31,2.75,2.875,2.75,2.875,2.875,7900
2000-04-03,2.75,2.75,2.75,2.75,2.75,900
2000-04-04,2.6875,2.75,2.6875,2.75,2.75,3900
2000-04-05,2.625,2.75,2.625,2.75,2.75,5000
2000-04-06,2.625,2.6875,2.625,2.6875,2.6875,500
2000-04-07,2.6875,2.6875,2.6875,2.6875,2.6875,200
2000-04-10,2.75,3.0,2.75,3.0,3.0,6400
2000-04-11,3.0,3.0,3.0,3.0,3.0,0
2000-04-12,2.875,3.0,2.875,2.875,2.875,4500
2000-04-13,2.75,2.75,2.625,2.625,2.625,4900
2000-04-14,2.625,2.625,2.5625,2.625,2.625,3300
2000-04-17,2.5,2.875,2.5,2.875,2.875,6600
2000-04-18,2.875,2.875,2.6875,2.6875,2.6875,14600
2000-04-19,2.625,3.0,2.625,2.9375,2.9375,4900
2000-04-20,3.125,3.125,3.0625,3.0625,3.0625,2100
2000-04-24,3.0,3.0,3.0,3.0,3.0,1100
2000-04-25,3.0,3.0,3.0,3.0,3.0,1600
2000-04-26,3.0,3.0625,3.0,3.0625,3.0625,1000
2000-04-27,3.0625,3.125,3.0625,3.125,3.125,3400
2000-04-28,3.25,3.25,3.25,3.25,3.25,3200
2000-05-01,3.25,3.25,3.25,3.25,3.25,0
2000-05-02,3.25,3.25,3.25,3.25,3.25,0
2000-05-03,3.25,3.25,3.25,3.25,3.25,0
2000-05-04,3.125,3.1875,3.125,3.1875,3.1875,3000
2000-05-05,3.0,3.125,3.0,3.125,3.125,500
2000-05-08,3.125,3.125,3.125,3.125,3.125,0
2000-05-09,3.25,3.3125,3.0,3.25,3.25,6400
2000-05-10,3.125,3.625,3.0,3.25,3.25,23000
2000-05-11,3.25,3.25,3.25,3.25,3.25,0
2000-05-12,3.125,3.125,3.125,3.125,3.125,100
2000-05-15,3.0,3.0,3.0,3.0,3.0,2600
2000-05-16,2.875,3.0,2.875,3.0,3.0,700
2000-05-17,3.0,3.0,3.0,3.0,3.0,0
2000-05-18,2.875,3.125,2.875,3.125,3.125,102800
2000-05-19,3.125,3.125,3.125,3.125,3.125,100
2000-05-22,3.0,3.0,3.0,3.0,3.0,1400
2000-05-23,2.875,3.0,2.875,3.0,3.0,2200
2000-05-24,3.125,3.125,3.125,3.125,3.125,400
2000-05-25,3.3125,3.3125,3.125,3.125,3.125,3500
2000-05-26,3.1875,3.1875,3.1875,3.1875,3.1875,400
2000-05-30,3.125,3.1875,3.0625,3.1875,3.1875,3100
2000-05-31,3.125,3.125,3.125,3.125,3.125,2000
2000-06-01,3.125,3.125,3.125,3.125,3.125,0
2000-06-02,3.125,3.25,3.125,3.25,3.25,12900
2000-06-05,3.1875,3.1875,3.1875,3.1875,3.1875,100
2000-06-06,3.125,3.125,3.125,3.125,3.125,500
2000-06-07,3.125,3.125,3.125,3.125,3.125,0
2000-06-08,3.125,3.1875,3.125,3.1875,3.1875,1400
2000-06-09,3.1875,3.1875,3.1875,3.1875,3.1875,1200
2000-06-12,3.125,3.125,3.125,3.125,3.125,100
2000-06-13,3.0625,3.0625,3.0625,3.0625,3.0625,400
2000-06-14,3.0625,3.125,3.0625,3.125,3.125,2500
2000-06-15,3.0,3.0,2.5625,3.0,3.0,21700
2000-06-16,2.9375,3.0,2.9375,3.0,3.0,1400
2000-06-19,3.0,3.0,3.0,3.0,3.0,1200
2000-06-20,2.9375,3.0,2.9375,3.0,3.0,600
2000-06-21,2.9375,3.0625,2.875,3.0625,3.0625,2800
2000-06-22,3.0,3.0,3.0,3.0,3.0,800
2000-06-23,3.0,3.0625,3.0,3.0625,3.0625,3500
2000-06-26,3.0,3.0,3.0,3.0,3.0,800
2000-06-27,3.0,3.0,2.9375,3.0,3.0,4900
2000-06-28,2.9375,2.9375,2.9375,2.9375,2.9375,800
2000-06-29,2.9375,3.0,2.9375,3.0,3.0,1400
2000-06-30,2.875,3.0625,2.875,3.0625,3.0625,2900
2000-07-03,2.8125,3.0,2.8125,3.0,3.0,20500
2000-07-05,2.875,3.0,2.875,3.0,3.0,3900
2000-07-06,2.875,3.125,2.875,3.125,3.125,2700
2000-07-07,3.0,3.0,3.0,3.0,3.0,6100
2000-07-10,2.875,3.0,2.875,3.0,3.0,2400
2000-07-11,3.0,3.0,3.0,3.0,3.0,1900
2000-07-12,2.875,3.0,2.875,3.0,3.0,2000
2000-07-13,2.875,3.0,2.875,3.0,3.0,3200
2000-07-14,3.0,3.0,2.9375,3.0,3.0,2100
2000-07-17,3.0,3.0,3.0,3.0,3.0,800
2000-07-18,2.8125,2.8125,2.8125,2.8125,2.8125,2500
2000-07-19,2.8125,3.0,2.8125,3.0,3.0,2100
2000-07-20,2.9375,3.0625,2.9375,3.0625,3.0625,1500
2000-07-21,3.0625,3.0625,3.0625,3.0625,3.0625,0
2000-07-24,3.0,3.0,2.875,3.0,3.0,9600
2000-07-25,3.0,3.0,3.0,3.0,3.0,2200
2000-07-26,2.875,3.0,2.875,3.0,3.0,700
2000-07-27,2.875,3.0,2.875,3.0,3.0,7100
2000-07-28,3.0,3.0,3.0,3.0,3.0,0
2000-07-31,3.0,3.0,2.875,3.0,3.0,4000
2000-08-01,3.0,3.0,3.0,3.0,3.0,0
2000-08-02,2.875,2.875,2.875,2.875,2.875,1600
2000-08-03,2.875,2.875,2.8125,2.8125,2.8125,600
2000-08-04,2.8125,2.875,2.75,2.875,2.875,3100
2000-08-07,2.875,2.875,2.875,2.875,2.875,0
2000-08-08,2.875,2.875,2.875,2.875,2.875,0
2000-08-09,2.8125,2.8125,2.8125,2.8125,2.8125,100
2000-08-10,2.75,2.75,2.75,2.75,2.75,500
2000-08-11,2.6875,2.6875,2.5,2.5625,2.5625,27900
2000-08-14,2.5,2.625,2.5,2.625,2.625,300
2000-08-15,2.5625,2.5625,2.5625,2.5625,2.5625,4300
2000-08-16,2.5625,2.5625,2.5,2.5,2.5,2600
2000-08-17,2.625,3.25,2.625,3.25,3.25,36400
2000-08-18,3.25,3.5,3.25,3.25,3.25,10800
2000-08-21,3.25,3.25,3.25,3.25,3.25,300
2000-08-22,3.25,3.25,3.25,3.25,3.25,0
2000-08-23,3.1875,3.1875,3.1875,3.1875,3.1875,100
2000-08-24,3.25,3.375,3.1875,3.25,3.25,42800
2000-08-25,3.375,3.375,3.25,3.25,3.25,17000
2000-08-28,3.125,3.125,3.125,3.125,3.125,1000
2000-08-29,3.0,3.0,3.0,3.0,3.0,200
2000-08-30,3.125,3.125,3.125,3.125,3.125,4000
2000-08-31,3.0,3.125,3.0,3.125,3.125,800
2000-09-01,3.1875,3.1875,3.1875,3.1875,3.1875,100
2000-09-05,3.125,3.125,3.0,3.125,3.125,2900
2000-09-06,3.0,3.0,3.0,3.0,3.0,3300
2000-09-07,3.0,3.0,3.0,3.0,3.0,200
2000-09-08,2.875,3.0,2.875,3.0,3.0,1600
2000-09-11,3.0,3.0,3.0,3.0,3.0,200
2000-09-12,3.0,3.0,3.0,3.0,3.0,0
2000-09-13,3.0625,3.0625,2.9375,3.0625,3.0625,1300
2000-09-14,2.9375,2.9375,2.75,2.75,2.75,8000
2000-09-15,2.75,3.0,2.75,3.0,3.0,900
2000-09-18,2.9375,3.0,2.9375,3.0,3.0,2100
2000-09-19,3.0,3.0,3.0,3.0,3.0,0
2000-09-20,2.9375,3.0,2.9375,3.0,3.0,900
2000-09-21,2.875,3.0,2.875,3.0,3.0,3600
2000-09-22,2.9375,2.9375,2.875,2.875,2.875,1500
2000-09-25,2.875,2.875,2.875,2.875,2.875,0
2000-09-26,2.875,3.0,2.875,3.0,3.0,1400
2000-09-27,2.875,3.0,2.875,3.0,3.0,5400
2000-09-28,3.0,3.0,3.0,3.0,3.0,0
2000-09-29,3.0625,3.125,3.0,3.125,3.125,8100
2000-10-02,3.0,3.0,3.0,3.0,3.0,200
2000-10-03,3.0,3.0,2.75,2.75,2.75,6000
2000-10-04,2.75,2.75,2.75,2.75,2.75,5200
2000-10-05,2.75,2.75,2.75,2.75,2.75,1600
2000-10-06,2.625,2.625,2.625,2.625,2.625,400
2000-10-09,2.625,2.625,2.625,2.625,2.625,0
2000-10-10,2.75,3.0,2.75,3.0,3.0,2200
2000-10-11,2.875,3.0,2.8125,3.0,3.0,7900
2000-10-12,2.875,2.875,2.6875,2.6875,2.6875,11600
2000-10-13,2.8125,2.8125,2.625,2.8125,2.8125,6100
2000-10-16,2.8125,2.8125,2.8125,2.8125,2.8125,0
2000-10-17,2.75,2.875,2.75,2.875,2.875,2700
2000-10-18,2.8125,2.8125,2.75,2.75,2.75,300
2000-10-19,2.8125,2.8125,2.5625,2.625,2.625,4500
2000-10-20,2.5625,2.5625,2.5625,2.5625,2.5625,100
2000-10-23,2.5,2.5,2.5,2.5,2.5,3400
2000-10-24,2.625,2.75,2.625,2.75,2.75,1000
2000-10-25,2.75,2.75,2.75,2.75,2.75,0
2000-10-26,2.75,2.75,2.75,2.75,2.75,800
2000-10-27,2.75,2.75,2.75,2.75,2.75,0
2000-10-30,2.75,2.75,2.75,2.75,2.75,0
2000-10-31,2.75,2.75,2.75,2.75,2.75,0
2000-11-01,2.75,2.75,2.75,2.75,2.75,0
2000-11-02,2.75,2.75,2.75,2.75,2.75,0
2000-11-03,2.625,2.625,2.625,2.625,2.625,3000
2000-11-06,2.625,2.625,2.5,2.5,2.5,2600
2000-11-07,2.5,2.625,2.5,2.625,2.625,2400
2000-11-08,2.625,2.625,2.625,2.625,2.625,0
2000-11-09,2.5,2.5,2.5,2.5,2.5,500
2000-11-10,2.375,2.5,2.375,2.5,2.5,3500
2000-11-13,2.375,2.5,2.375,2.5,2.5,700
2000-11-14,2.5,2.5,2.5,2.5,2.5,0
2000-11-15,2.5,2.5,2.5,2.5,2.5,200
2000-11-16,2.375,2.375,2.375,2.375,2.375,2900
2000-11-17,2.3125,2.4375,2.3125,2.4375,2.4375,2300
2000-11-20,2.3125,2.3125,2.3125,2.3125,2.3125,1500
2000-11-21,2.3125,2.3125,2.1875,2.25,2.25,3100
2000-11-22,2.0,3.0,1.625,2.875,2.875,53200
2000-11-24,2.875,2.875,2.875,2.875,2.875,0
2000-11-27,2.875,3.0,2.5,3.0,3.0,31500
2000-11-28,2.875,3.0,2.75,2.75,2.75,2200
2000-11-29,2.625,3.0,2.625,3.0,3.0,3300
2000-11-30,2.875,3.0,2.75,2.9375,2.9375,13800
2000-12-01,2.8125,3.0,2.5,2.9375,2.9375,18400
2000-12-04,2.8125,2.8125,2.6875,2.6875,2.6875,3800
2000-12-05,2.5625,2.625,2.5625,2.5625,2.5625,2900
2000-12-06,2.5,2.5,2.25,2.5,2.5,7100
2000-12-07,2.375,2.5,2.375,2.5,2.5,1500
2000-12-08,2.625,2.75,2.5,2.625,2.625,3000
2000-12-11,2.5,2.5,2.5,2.5,2.5,2000
2000-12-12,2.5,2.5,2.25,2.5,2.5,2800
2000-12-13,2.375,2.375,2.375,2.375,2.375,2300
2000-12-14,2.25,2.25,2.25,2.25,2.25,5100
2000-12-15,2.25,2.5,2.25,2.5,2.5,1900
2000-12-18,2.375,2.375,2.25,2.375,2.375,4400
2000-12-19,2.25,2.25,2.0,2.25,2.25,6800
2000-12-20,2.125,2.25,2.0,2.25,2.25,9200
2000-12-21,2.125,2.125,2.125,2.125,2.125,1200
2000-12-22,2.125,2.25,2.0,2.25,2.25,3900
2000-12-26,2.25,2.25,2.25,2.25,2.25,2400
2000-12-27,2.125,2.1875,2.0625,2.1875,2.1875,2200
2000-12-28,2.125,2.25,2.0625,2.1875,2.1875,2000
2000-12-29,2.1875,2.5,2.0625,2.375,2.375,12600
2001-01-02,2.5,2.5,2.5,2.5,2.5,1000
2001-01-03,2.5,2.5,2.5,2.5,2.5,0
2001-01-04,2.375,2.375,2.375,2.375,2.375,200
2001-01-05,2.375,2.375,2.375,2.375,2.375,0
2001-01-08,2.25,2.375,2.125,2.375,2.375,3100
2001-01-09,2.375,2.375,2.375,2.375,2.375,0
2001-01-10,2.5,2.625,2.5,2.625,2.625,2100
2001-01-11,2.5,2.5,2.5,2.5,2.5,8900
2001-01-12,2.5,2.5,2.5,2.5,2.5,0
2001-01-16,2.5625,2.6875,2.5625,2.6875,2.6875,800
2001-01-17,2.5625,2.5625,2.5625,2.5625,2.5625,800
2001-01-18,2.5625,2.5625,2.375,2.375,2.375,6500
2001-01-19,2.5,2.625,2.5,2.625,2.625,1000
2001-01-22,2.5,2.5,2.5,2.5,2.5,500
2001-01-23,2.5,2.5,2.375,2.375,2.375,1500
2001-01-24,2.5,2.5,2.375,2.375,2.375,2700
2001-01-25,2.5,2.5,2.5,2.5,2.5,1500
2001-01-26,2.5,2.625,2.375,2.5,2.5,4200
2001-01-29,2.5,2.5,2.5,2.5,2.5,0
2001-01-30,2.5,2.5,2.5,2.5,2.5,0
2001-01-31,2.369999885559082,2.450000047683716,2.369999885559082,2.4000000953674316,2.4000000953674316,5400
2001-02-01,2.4000000953674316,2.430000066757202,2.4000000953674316,2.4200000762939453,2.4200000762939453,2400
2001-02-02,2.369999885559082,2.5999999046325684,2.369999885559082,2.5,2.5,22500
2001-02-05,2.369999885559082,2.4000000953674316,2.369999885559082,2.4000000953674316,2.4000000953674316,2600
2001-02-06,2.5,2.5,2.450000047683716,2.5,2.5,4800
2001-02-07,2.5999999046325684,2.5999999046325684,2.5999999046325684,2.5999999046325684,2.5999999046325684,1000
2001-02-08,2.5999999046325684,2.5999999046325684,2.5,2.5,2.5,4000
2001-02-09,2.450000047683716,2.450000047683716,2.450000047683716,2.450000047683716,2.450000047683716,200
2001-02-12,2.390000104904175,2.450000047683716,2.390000104904175,2.450000047683716,2.450000047683716,4300
2001-02-13,2.4000000953674316,2.450000047683716,2.4000000953674316,2.450000047683716,2.450000047683716,600
2001-02-14,2.369999885559082,2.430000066757202,2.369999885559082,2.430000066757202,2.430000066757202,4500
2001-02-15,2.5,2.5299999713897705,2.5,2.5299999713897705,2.5299999713897705,2000
2001-02-16,2.430000066757202,2.5299999713897705,2.430000066757202,2.5299999713897705,2.5299999713897705,2700
2001-02-20,2.5,2.5,2.390000104904175,2.4800000190734863,2.4800000190734863,1400
2001-02-21,2.430000066757202,2.5,2.430000066757202,2.450000047683716,2.450000047683716,500
2001-02-22,2.450000047683716,2.450000047683716,2.450000047683716,2.450000047683716,2.450000047683716,0
2001-02-23,2.369999885559082,2.4200000762939453,2.369999885559082,2.4200000762939453,2.4200000762939453,12600
2001-02-26,2.4200000762939453,2.4200000762939453,2.4200000762939453,2.4200000762939453,2.4200000762939453,0
2001-02-27,2.369999885559082,2.369999885559082,2.369999885559082,2.369999885559082,2.369999885559082,400
2001-02-28,2.369999885559082,2.430000066757202,2.369999885559082,2.4100000858306885,2.4100000858306885,800
2001-03-01,2.4100000858306885,2.4100000858306885,2.4100000858306885,2.4100000858306885,2.4100000858306885,0
2001-03-02,2.4100000858306885,2.4100000858306885,2.4100000858306885,2.4100000858306885,2.4100000858306885,0
2001-03-05,2.369999885559082,2.369999885559082,2.369999885559082,2.369999885559082,2.369999885559082,300
2001-03-06,2.369999885559082,2.369999885559082,2.369999885559082,2.369999885559082,2.369999885559082,0
2001-03-07,2.2799999713897705,2.2799999713897705,2.2799999713897705,2.2799999713897705,2.2799999713897705,800
2001-03-08,2.240000009536743,2.240000009536743,2.240000009536743,2.240000009536743,2.240000009536743,200
2001-03-09,2.240000009536743,2.240000009536743,2.240000009536743,2.240000009536743,2.240000009536743,0
2001-03-12,2.3399999141693115,2.3399999141693115,2.3399999141693115,2.3399999141693115,2.3399999141693115,900
2001-03-13,2.2899999618530273,2.2899999618530273,2.2899999618530273,2.2899999618530273,2.2899999618530273,200
2001-03-14,2.2200000286102295,2.2200000286102295,2.2200000286102295,2.2200000286102295,2.2200000286102295,1400
2001-03-15,2.2200000286102295,2.2200000286102295,2.2200000286102295,2.2200000286102295,2.2200000286102295,0
2001-03-16,2.2200000286102295,2.2200000286102295,2.2200000286102295,2.2200000286102295,2.2200000286102295,0
2001-03-19,2.2200000286102295,2.2200000286102295,2.2200000286102295,2.2200000286102295,2.2200000286102295,0
2001-03-20,2.2200000286102295,2.2200000286102295,2.2200000286102295,2.2200000286102295,2.2200000286102295,0
2001-03-21,2.1500000953674316,2.1500000953674316,2.069999933242798,2.069999933242798,2.069999933242798,600
2001-03-22,2.0999999046325684,2.0999999046325684,2.0999999046325684,2.0999999046325684,2.0999999046325684,1000
2001-03-23,2.0799999237060547,2.0799999237060547,2.049999952316284,2.049999952316284,2.049999952316284,900
2001-03-26,2.0,2.0,2.0,2.0,2.0,500
2001-03-27,2.0,2.0,1.850000023841858,1.850000023841858,1.850000023841858,2300
2001-03-28,1.850000023841858,1.850000023841858,1.809999942779541,1.809999942779541,1.809999942779541,15400
2001-03-29,1.809999942779541,1.809999942779541,1.7200000286102295,1.7200000286102295,1.7200000286102295,700
2001-03-30,1.7200000286102295,1.850000023841858,1.7200000286102295,1.850000023841858,1.850000023841858,1500
2001-04-02,1.899999976158142,2.049999952316284,1.8300000429153442,1.8300000429153442,1.8300000429153442,10200
2001-04-03,1.8300000429153442,1.8300000429153442,1.8300000429153442,1.8300000429153442,1.8300000429153442,0
2001-04-04,1.8300000429153442,1.8300000429153442,1.8300000429153442,1.8300000429153442,1.8300000429153442,0
2001-04-05,1.8300000429153442,1.8300000429153442,1.8300000429153442,1.8300000429153442,1.8300000429153442,0
2001-04-06,1.8300000429153442,1.8300000429153442,1.8300000429153442,1.8300000429153442,1.8300000429153442,0
2001-04-09,1.8300000429153442,1.8300000429153442,1.8300000429153442,1.8300000429153442,1.8300000429153442,0
2001-04-10,1.8300000429153442,1.8300000429153442,1.8300000429153442,1.8300000429153442,1.8300000429153442,0
2001-04-11,1.7599999904632568,1.7599999904632568,1.7599999904632568,1.7599999904632568,1.7599999904632568,900
2001-04-12,1.7599999904632568,1.7599999904632568,1.7599999904632568,1.7599999904632568,1.7599999904632568,2000
2001-04-16,1.7599999904632568,1.7599999904632568,1.7599999904632568,1.7599999904632568,1.7599999904632568,0
2001-04-17,1.7599999904632568,1.7599999904632568,1.7599999904632568,1.7599999904632568,1.7599999904632568,0
2001-04-18,1.7100000381469727,1.7100000381469727,1.7100000381469727,1.7100000381469727,1.7100000381469727,400
2001-04-19,1.7100000381469727,1.7100000381469727,1.7100000381469727,1.7100000381469727,1.7100000381469727,0
2001-04-20,1.7200000286102295,1.7200000286102295,1.7200000286102295,1.7200000286102295,1.7200000286102295,400
2001-04-23,1.7200000286102295,1.7200000286102295,1.7200000286102295,1.7200000286102295,1.7200000286102295,200
2001-04-24,1.7200000286102295,1.7200000286102295,1.7200000286102295,1.7200000286102295,1.7200000286102295,0
2001-04-25,1.7200000286102295,1.7200000286102295,1.7200000286102295,1.7200000286102295,1.7200000286102295,0
2001-04-26,1.7200000286102295,1.7200000286102295,1.7200000286102295,1.7200000286102295,1.7200000286102295,0
2001-04-27,1.7200000286102295,1.7200000286102295,1.7200000286102295,1.7200000286102295,1.7200000286102295,0
2001-04-30,1.7999999523162842,1.7999999523162842,1.7999999523162842,1.7999999523162842,1.7999999523162842,500
2001-05-01,1.7200000286102295,1.7200000286102295,1.7200000286102295,1.7200000286102295,1.7200000286102295,900
2001-05-02,1.7200000286102295,1.7200000286102295,1.7200000286102295,1.7200000286102295,1.7200000286102295,0
2001-05-03,1.7200000286102295,1.7200000286102295,1.7200000286102295,1.7200000286102295,1.7200000286102295,0
2001-05-04,1.7200000286102295,1.7200000286102295,1.7200000286102295,1.7200000286102295,1.7200000286102295,0
2001-05-07,1.7000000476837158,1.7000000476837158,1.7000000476837158,1.7000000476837158,1.7000000476837158,100
2001-05-08,1.7799999713897705,1.7799999713897705,1.7799999713897705,1.7799999713897705,1.7799999713897705,1000
2001-05-09,1.7799999713897705,1.7799999713897705,1.7799999713897705,1.7799999713897705,1.7799999713897705,0
2001-05-10,1.75,1.8200000524520874,1.75,1.8200000524520874,1.8200000524520874,1000
2001-05-11,1.75,1.8300000429153442,1.75,1.8200000524520874,1.8200000524520874,5600
2001-05-14,1.840000033378601,1.840000033378601,1.75,1.75,1.75,12500
2001-05-15,1.840000033378601,1.840000033378601,1.7999999523162842,1.7999999523162842,1.7999999523162842,5900
2001-05-16,1.7999999523162842,1.7999999523162842,1.7999999523162842,1.7999999523162842,1.7999999523162842,0
2001-05-17,1.75,1.75,1.75,1.75,1.75,500
2001-05-18,1.75,1.75,1.75,1.75,1.75,0
2001-05-21,1.75,1.75,1.75,1.75,1.75,0
2001-05-22,1.649999976158142,1.649999976158142,1.5499999523162842,1.5499999523162842,1.5499999523162842,4800
2001-05-23,1.5499999523162842,1.5499999523162842,1.5499999523162842,1.5499999523162842,1.5499999523162842,0
2001-05-24,1.5,1.5,1.5,1.5,1.5,800
2001-05-25,1.5499999523162842,1.5499999523162842,1.5499999523162842,1.5499999523162842,1.5499999523162842,1200
2001-05-29,1.5099999904632568,1.5099999904632568,1.5099999904632568,1.5099999904632568,1.5099999904632568,400
2001-05-30,1.5099999904632568,1.5099999904632568,1.5099999904632568,1.5099999904632568,1.5099999904632568,0
2001-05-31,1.5,1.5,1.5,1.5,1.5,4000
2001-06-01,1.5,1.5,1.5,1.5,1.5,0
2001-06-04,1.5,1.5,1.5,1.5,1.5,100
2001-06-05,1.5,1.5,1.5,1.5,1.5,0
2001-06-06,1.5,1.5,1.5,1.5,1.5,0
2001-06-07,1.4600000381469727,1.4600000381469727,1.4600000381469727,1.4600000381469727,1.4600000381469727,1600
2001-06-08,1.4600000381469727,1.4600000381469727,1.4600000381469727,1.4600000381469727,1.4600000381469727,0
2001-06-11,1.4600000381469727,1.4600000381469727,1.399999976158142,1.399999976158142,1.399999976158142,3900
2001-06-12,1.399999976158142,1.399999976158142,1.3600000143051147,1.3600000143051147,1.3600000143051147,800
2001-06-13,1.3600000143051147,1.3600000143051147,1.3600000143051147,1.3600000143051147,1.3600000143051147,0
2001-06-14,1.3600000143051147,1.3600000143051147,1.3600000143051147,1.3600000143051147,1.3600000143051147,0
2001-06-15,1.3600000143051147,1.3600000143051147,1.3600000143051147,1.3600000143051147,1.3600000143051147,0
2001-06-18,1.3600000143051147,1.399999976158142,1.3600000143051147,1.399999976158142,1.399999976158142,500
2001-06-19,1.399999976158142,1.5800000429153442,1.3600000143051147,1.3799999952316284,1.3799999952316284,38800
2001-06-20,1.3600000143051147,1.3600000143051147,1.3600000143051147,1.3600000143051147,1.3600000143051147,100
2001-06-21,1.3600000143051147,1.3600000143051147,1.3600000143051147,1.3600000143051147,1.3600000143051147,1600
2001-06-22,1.3600000143051147,1.4600000381469727,1.3600000143051147,1.4600000381469727,1.4600000381469727,3600
2001-06-25,1.4299999475479126,1.4299999475479126,1.4299999475479126,1.4299999475479126,1.4299999475479126,400
2001-06-26,1.3600000143051147,1.399999976158142,1.3600000143051147,1.399999976158142,1.399999976158142,7500
2001-06-27,1.399999976158142,1.399999976158142,1.399999976158142,1.399999976158142,1.399999976158142,0
2001-06-28,1.399999976158142,1.399999976158142,1.399999976158142,1.399999976158142,1.399999976158142,0
2001-06-29,1.350000023841858,1.350000023841858,1.350000023841858,1.350000023841858,1.350000023841858,200
2001-07-02,1.2999999523162842,1.350000023841858,1.2999999523162842,1.350000023841858,1.350000023841858,200
2001-07-03,1.350000023841858,1.350000023841858,1.2999999523162842,1.2999999523162842,1.2999999523162842,800
2001-07-05,1.2999999523162842,1.3799999952316284,1.2999999523162842,1.2999999523162842,1.2999999523162842,2600
2001-07-06,1.2599999904632568,1.2599999904632568,1.2599999904632568,1.2599999904632568,1.2599999904632568,400
2001-07-09,1.2599999904632568,1.2599999904632568,1.2599999904632568,1.2599999904632568,1.2599999904632568,0
2001-07-10,1.2599999904632568,1.2599999904632568,1.2599999904632568,1.2599999904632568,1.2599999904632568,200
2001-07-11,1.2599999904632568,1.2599999904632568,1.2599999904632568,1.2599999904632568,1.2599999904632568,0
2001-07-12,1.2599999904632568,1.2599999904632568,1.2599999904632568,1.2599999904632568,1.2599999904632568,0
2001-07-13,1.350000023841858,1.350000023841858,1.2599999904632568,1.2599999904632568,1.2599999904632568,3200
2001-07-16,1.2599999904632568,1.2599999904632568,1.2599999904632568,1.2599999904632568,1.2599999904632568,0
2001-07-17,1.350000023841858,1.350000023841858,1.350000023841858,1.350000023841858,1.350000023841858,300
2001-07-18,1.309999942779541,1.309999942779541,1.309999942779541,1.309999942779541,1.309999942779541,1600
2001-07-19,1.309999942779541,1.309999942779541,1.309999942779541,1.309999942779541,1.309999942779541,0
2001-07-20,1.3700000047683716,1.4500000476837158,1.3700000047683716,1.4500000476837158,1.4500000476837158,1000
2001-07-23,1.5700000524520874,1.6699999570846558,1.5700000524520874,1.6699999570846558,1.6699999570846558,1000
2001-07-24,1.5700000524520874,1.649999976158142,1.5700000524520874,1.649999976158142,1.649999976158142,1300
2001-07-25,1.649999976158142,1.649999976158142,1.649999976158142,1.649999976158142,1.649999976158142,0
2001-07-26,1.7699999809265137,1.9199999570846558,1.7699999809265137,1.9199999570846558,1.9199999570846558,2500
2001-07-27,1.9199999570846558,1.9199999570846558,1.9199999570846558,1.9199999570846558,1.9199999570846558,0
2001-07-30,1.9199999570846558,1.9199999570846558,1.9199999570846558,1.9199999570846558,1.9199999570846558,0
2001-07-31,1.8200000524520874,1.8200000524520874,1.7200000286102295,1.8200000524520874,1.8200000524520874,20500
2001-08-01,1.8200000524520874,1.8200000524520874,1.7599999904632568,1.7699999809265137,1.7699999809265137,900
2001-08-02,1.7699999809265137,1.7699999809265137,1.7699999809265137,1.7699999809265137,1.7699999809265137,200
2001-08-03,1.7699999809265137,1.7699999809265137,1.7699999809265137,1.7699999809265137,1.7699999809265137,0
2001-08-06,1.7000000476837158,1.7000000476837158,1.7000000476837158,1.7000000476837158,1.7000000476837158,300
2001-08-07,1.6200000047683716,1.6200000047683716,1.6200000047683716,1.6200000047683716,1.6200000047683716,400
2001-08-08,1.5499999523162842,1.7000000476837158,1.5499999523162842,1.7000000476837158,1.7000000476837158,2100
2001-08-09,1.7799999713897705,1.7799999713897705,1.7799999713897705,1.7799999713897705,1.7799999713897705,1000
2001-08-10,1.7799999713897705,1.7799999713897705,1.7799999713897705,1.7799999713897705,1.7799999713897705,0
2001-08-13,1.7799999713897705,1.7799999713897705,1.7799999713897705,1.7799999713897705,1.7799999713897705,0
2001-08-14,1.7799999713897705,1.7799999713897705,1.7799999713897705,1.7799999713897705,1.7799999713897705,0
2001-08-15,1.850000023841858,1.850000023841858,1.850000023841858,1.850000023841858,1.850000023841858,1100
2001-08-16,1.7300000190734863,1.7300000190734863,1.7300000190734863,1.7300000190734863,1.7300000190734863,800
2001-08-17,1.7300000190734863,1.7300000190734863,1.7300000190734863,1.7300000190734863,1.7300000190734863,0
2001-08-20,1.7300000190734863,1.7300000190734863,1.7300000190734863,1.7300000190734863,1.7300000190734863,0
2001-08-21,1.5499999523162842,1.649999976158142,1.5499999523162842,1.649999976158142,1.649999976158142,11000
2001-08-22,1.649999976158142,1.649999976158142,1.649999976158142,1.649999976158142,1.649999976158142,0
2001-08-23,1.649999976158142,1.7000000476837158,1.649999976158142,1.7000000476837158,1.7000000476837158,1100
2001-08-24,1.7000000476837158,1.7000000476837158,1.7000000476837158,1.7000000476837158,1.7000000476837158,0
2001-08-27,1.6200000047683716,1.6200000047683716,1.6200000047683716,1.6200000047683716,1.6200000047683716,100
2001-08-28,1.6200000047683716,1.6200000047683716,1.6200000047683716,1.6200000047683716,1.6200000047683716,0
2001-08-29,1.75,1.8200000524520874,1.75,1.8200000524520874,1.8200000524520874,4000
2001-08-30,1.8200000524520874,1.8200000524520874,1.8200000524520874,1.8200000524520874,1.8200000524520874,0
2001-08-31,1.899999976158142,1.899999976158142,1.899999976158142,1.899999976158142,1.899999976158142,1600
2001-09-04,1.8200000524520874,1.850000023841858,1.8200000524520874,1.850000023841858,1.850000023841858,2300
2001-09-05,1.850000023841858,1.850000023841858,1.850000023841858,1.850000023841858,1.850000023841858,2500
2001-09-06,1.850000023841858,1.850000023841858,1.8200000524520874,1.8200000524520874,1.8200000524520874,2100
2001-09-07,1.7999999523162842,1.7999999523162842,1.7999999523162842,1.7999999523162842,1.7999999523162842,200
2001-09-10,1.7999999523162842,1.7999999523162842,1.7999999523162842,1.7999999523162842,1.7999999523162842,0
2001-09-17,1.75,1.850000023841858,1.75,1.850000023841858,1.850000023841858,2600
2001-09-18,1.7999999523162842,1.7999999523162842,1.7999999523162842,1.7999999523162842,1.7999999523162842,200
2001-09-19,1.7999999523162842,1.7999999523162842,1.7999999523162842,1.7999999523162842,1.7999999523162842,0
2001-09-20,1.7999999523162842,1.7999999523162842,1.7999999523162842,1.7999999523162842,1.7999999523162842,0
2001-09-21,1.7999999523162842,1.7999999523162842,1.7999999523162842,1.7999999523162842,1.7999999523162842,0
2001-09-24,1.75,1.8200000524520874,1.75,1.8200000524520874,1.8200000524520874,2000
2001-09-25,1.8200000524520874,1.8200000524520874,1.8200000524520874,1.8200000524520874,1.8200000524520874,0
2001-09-26,1.8200000524520874,1.8200000524520874,1.8200000524520874,1.8200000524520874,1.8200000524520874,1000
2001-09-27,1.7999999523162842,1.8300000429153442,1.7999999523162842,1.8300000429153442,1.8300000429153442,1200
2001-09-28,1.7999999523162842,1.809999942779541,1.7699999809265137,1.809999942779541,1.809999942779541,8000
2001-10-01,1.75,1.7999999523162842,1.7000000476837158,1.7999999523162842,1.7999999523162842,3300
2001-10-02,1.7699999809265137,1.7799999713897705,1.7699999809265137,1.7799999713897705,1.7799999713897705,700
2001-10-03,1.850000023841858,1.850000023841858,1.850000023841858,1.850000023841858,1.850000023841858,700
2001-10-04,1.8700000047683716,1.8700000047683716,1.7799999713897705,1.7799999713897705,1.7799999713897705,1900
2001-10-05,1.7799999713897705,1.7799999713897705,1.7799999713897705,1.7799999713897705,1.7799999713897705,400
2001-10-08,1.7799999713897705,1.7799999713897705,1.7799999713897705,1.7799999713897705,1.7799999713897705,0
2001-10-09,1.7799999713897705,1.7799999713897705,1.7799999713897705,1.7799999713897705,1.7799999713897705,100
2001-10-10,1.7799999713897705,1.7799999713897705,1.7799999713897705,1.7799999713897705,1.7799999713897705,0
2001-10-11,1.7799999713897705,1.7799999713897705,1.7799999713897705,1.7799999713897705,1.7799999713897705,400
2001-10-12,1.75,1.7999999523162842,1.75,1.7999999523162842,1.7999999523162842,1200
2001-10-15,1.7999999523162842,1.7999999523162842,1.7999999523162842,1.7999999523162842,1.7999999523162842,0
2001-10-16,1.7999999523162842,1.7999999523162842,1.7999999523162842,1.7999999523162842,1.7999999523162842,2000
2001-10-17,1.7999999523162842,1.8300000429153442,1.7999999523162842,1.8300000429153442,1.8300000429153442,1600
2001-10-18,1.850000023841858,1.850000023841858,1.7999999523162842,1.7999999523162842,1.7999999523162842,2500
2001-10-19,1.7999999523162842,1.7999999523162842,1.7999999523162842,1.7999999523162842,1.7999999523162842,0
2001-10-22,1.809999942779541,1.809999942779541,1.7999999523162842,1.7999999523162842,1.7999999523162842,1200
2001-10-23,1.75,1.7599999904632568,1.75,1.7599999904632568,1.7599999904632568,3100
2001-10-24,1.75,1.75,1.75,1.75,1.75,100
2001-10-25,1.75,1.75,1.75,1.75,1.75,0
2001-10-26,1.75,1.75,1.75,1.75,1.75,0
2001-10-29,1.75,1.75,1.75,1.75,1.75,0
2001-10-30,1.7999999523162842,1.7999999523162842,1.7999999523162842,1.7999999523162842,1.7999999523162842,5000
2001-10-31,1.850000023841858,1.850000023841858,1.840000033378601,1.840000033378601,1.840000033378601,5000
2001-11-01,1.7999999523162842,1.840000033378601,1.7999999523162842,1.840000033378601,1.840000033378601,200
2001-11-02,1.840000033378601,1.840000033378601,1.840000033378601,1.840000033378601,1.840000033378601,0
2001-11-05,1.7999999523162842,1.7999999523162842,1.7999999523162842,1.7999999523162842,1.7999999523162842,1600
2001-11-06,1.75,1.75,1.75,1.75,1.75,400
2001-11-07,1.75,1.75,1.75,1.75,1.75,200
2001-11-08,1.7100000381469727,1.7100000381469727,1.7100000381469727,1.7100000381469727,1.7100000381469727,100
2001-11-09,1.7100000381469727,1.7100000381469727,1.7100000381469727,1.7100000381469727,1.7100000381469727,0
2001-11-12,1.7000000476837158,1.7000000476837158,1.649999976158142,1.649999976158142,1.649999976158142,900
2001-11-13,1.649999976158142,1.7000000476837158,1.6200000047683716,1.7000000476837158,1.7000000476837158,3800
2001-11-14,1.7000000476837158,1.7000000476837158,1.7000000476837158,1.7000000476837158,1.7000000476837158,0
2001-11-15,1.5800000429153442,1.649999976158142,1.5,1.6200000047683716,1.6200000047683716,4000
2001-11-16,1.649999976158142,1.649999976158142,1.649999976158142,1.649999976158142,1.649999976158142,500
2001-11-19,1.649999976158142,1.649999976158142,1.600000023841858,1.600000023841858,1.600000023841858,2000
2001-11-20,1.600000023841858,1.600000023841858,1.600000023841858,1.600000023841858,1.600000023841858,11200
2001-11-21,1.649999976158142,1.649999976158142,1.649999976158142,1.649999976158142,1.649999976158142,1000
2001-11-23,1.649999976158142,1.649999976158142,1.649999976158142,1.649999976158142,1.649999976158142,0
2001-11-26,1.649999976158142,1.649999976158142,1.649999976158142,1.649999976158142,1.649999976158142,1000
2001-11-27,1.649999976158142,1.649999976158142,1.600000023841858,1.600000023841858,1.600000023841858,2400
2001-11-28,1.600000023841858,1.600000023841858,1.600000023841858,1.600000023841858,1.600000023841858,200
2001-11-29,1.600000023841858,1.600000023841858,1.600000023841858,1.600000023841858,1.600000023841858,0
2001-11-30,1.5499999523162842,1.5499999523162842,1.5,1.5,1.5,2100
2001-12-03,1.5499999523162842,1.5499999523162842,1.5499999523162842,1.5499999523162842,1.5499999523162842,500
2001-12-04,1.5,1.5499999523162842,1.5,1.5499999523162842,1.5499999523162842,1300
2001-12-05,1.5,1.5,1.5,1.5,1.5,400
2001-12-06,1.5,1.5,1.5,1.5,1.5,900
2001-12-07,1.5,1.5,1.5,1.5,1.5,1200
2001-12-10,1.4500000476837158,1.4500000476837158,1.4500000476837158,1.4500000476837158,1.4500000476837158,1600
2001-12-11,1.5,1.600000023841858,1.5,1.600000023841858,1.600000023841858,9300
2001-12-12,1.6699999570846558,1.7200000286102295,1.6200000047683716,1.6200000047683716,1.6200000047683716,4700
2001-12-13,1.649999976158142,1.649999976158142,1.649999976158142,1.649999976158142,1.649999976158142,1000
2001-12-14,1.600000023841858,1.600000023841858,1.600000023841858,1.600000023841858,1.600000023841858,100
2001-12-17,1.649999976158142,1.649999976158142,1.649999976158142,1.649999976158142,1.649999976158142,1000
2001-12-18,1.649999976158142,1.649999976158142,1.649999976158142,1.649999976158142,1.649999976158142,0
2001-12-19,1.649999976158142,1.649999976158142,1.649999976158142,1.649999976158142,1.649999976158142,0
2001-12-20,1.649999976158142,1.649999976158142,1.649999976158142,1.649999976158142,1.649999976158142,0
2001-12-21,1.649999976158142,1.649999976158142,1.649999976158142,1.649999976158142,1.649999976158142,0
2001-12-24,1.600000023841858,1.6100000143051147,1.600000023841858,1.6100000143051147,1.6100000143051147,400
2001-12-26,1.5800000429153442,1.5800000429153442,1.5800000429153442,1.5800000429153442,1.5800000429153442,2800
2001-12-27,1.5499999523162842,1.590000033378601,1.5499999523162842,1.5499999523162842,1.5499999523162842,2600
2001-12-28,1.600000023841858,1.600000023841858,1.600000023841858,1.600000023841858,1.600000023841858,2000
2001-12-31,1.559999942779541,1.649999976158142,1.559999942779541,1.649999976158142,1.649999976158142,1600
2002-01-02,1.649999976158142,1.7899999618530273,1.649999976158142,1.7899999618530273,1.7899999618530273,9100
2002-01-03,1.7899999618530273,1.7899999618530273,1.7899999618530273,1.7899999618530273,1.7899999618530273,400
2002-01-04,1.7899999618530273,1.7899999618530273,1.7000000476837158,1.7000000476837158,1.7000000476837158,44100
2002-01-07,1.7000000476837158,1.7400000095367432,1.7000000476837158,1.7000000476837158,1.7000000476837158,16900
2002-01-08,1.649999976158142,1.690000057220459,1.649999976158142,1.690000057220459,1.690000057220459,14900
2002-01-09,1.690000057220459,1.7000000476837158,1.6799999475479126,1.7000000476837158,1.7000000476837158,6900
2002-01-10,1.7400000095367432,1.7400000095367432,1.7000000476837158,1.7000000476837158,1.7000000476837158,44900
2002-01-11,1.7000000476837158,1.7000000476837158,1.7000000476837158,1.7000000476837158,1.7000000476837158,10700
2002-01-14,1.7000000476837158,1.7000000476837158,1.6799999475479126,1.6799999475479126,1.6799999475479126,36100
2002-01-15,1.690000057220459,1.7000000476837158,1.690000057220459,1.7000000476837158,1.7000000476837158,218600
2002-01-16,1.7000000476837158,1.7000000476837158,1.7000000476837158,1.7000000476837158,1.7000000476837158,1000
2002-01-17,1.6699999570846558,1.7000000476837158,1.649999976158142,1.7000000476837158,1.7000000476837158,26000
2002-01-18,1.7000000476837158,1.7000000476837158,1.7000000476837158,1.7000000476837158,1.7000000476837158,0
2002-01-22,1.6799999475479126,1.6799999475479126,1.6799999475479126,1.6799999475479126,1.6799999475479126,800
2002-01-23,1.6799999475479126,1.6799999475479126,1.6799999475479126,1.6799999475479126,1.6799999475479126,0
2002-01-24,1.7100000381469727,1.7300000190734863,1.690000057220459,1.7300000190734863,1.7300000190734863,3100
2002-01-25,1.7300000190734863,1.7300000190734863,1.7300000190734863,1.7300000190734863,1.7300000190734863,2000
2002-01-28,1.7000000476837158,1.7000000476837158,1.7000000476837158,1.7000000476837158,1.7000000476837158,600
2002-01-29,1.7000000476837158,1.7000000476837158,1.7000000476837158,1.7000000476837158,1.7000000476837158,50000
2002-01-30,1.7400000095367432,1.75,1.7400000095367432,1.75,1.75,22000
2002-01-31,1.75,1.899999976158142,1.75,1.899999976158142,1.899999976158142,105800
2002-02-01,1.899999976158142,2.0,1.850000023841858,1.899999976158142,1.899999976158142,214500
2002-02-04,1.899999976158142,1.899999976158142,1.850000023841858,1.8799999952316284,1.8799999952316284,42200
2002-02-05,1.7999999523162842,1.850000023841858,1.7000000476837158,1.850000023841858,1.850000023841858,47300
2002-02-06,1.7999999523162842,1.7999999523162842,1.75,1.75,1.75,94100
2002-02-07,1.7999999523162842,1.850000023841858,1.7999999523162842,1.850000023841858,1.850000023841858,2200
2002-02-08,1.850000023841858,1.899999976158142,1.850000023841858,1.899999976158142,1.899999976158142,55100
2002-02-11,1.8200000524520874,1.9600000381469727,1.8200000524520874,1.9600000381469727,1.9600000381469727,7400
2002-02-12,1.9600000381469727,1.9700000286102295,1.9600000381469727,1.9700000286102295,1.9700000286102295,1000
2002-02-13,1.9800000190734863,1.9800000190734863,1.9500000476837158,1.9500000476837158,1.9500000476837158,1100
2002-02-14,1.9500000476837158,1.9500000476837158,1.9500000476837158,1.9500000476837158,1.9500000476837158,0
2002-02-15,1.9800000190734863,1.9800000190734863,1.9500000476837158,1.9800000190734863,1.9800000190734863,20100
2002-02-19,1.9800000190734863,1.9800000190734863,1.9800000190734863,1.9800000190734863,1.9800000190734863,53000
2002-02-20,1.9900000095367432,2.049999952316284,1.9900000095367432,2.049999952316284,2.049999952316284,7500
2002-02-21,2.0299999713897705,2.069999933242798,2.0199999809265137,2.069999933242798,2.069999933242798,15000
2002-02-22,2.0899999141693115,2.0899999141693115,2.0899999141693115,2.0899999141693115,2.0899999141693115,500
2002-02-25,2.0999999046325684,2.200000047683716,2.0999999046325684,2.200000047683716,2.200000047683716,2000
2002-02-26,2.25,2.299999952316284,2.200000047683716,2.299999952316284,2.299999952316284,10200
2002-02-27,2.299999952316284,2.490000009536743,2.299999952316284,2.450000047683716,2.450000047683716,77500
2002-02-28,2.5999999046325684,2.5999999046325684,2.4800000190734863,2.4800000190734863,2.4800000190734863,11000
2002-03-01,2.450000047683716,2.450000047683716,2.299999952316284,2.390000104904175,2.390000104904175,4800
2002-03-04,2.450000047683716,2.450000047683716,2.3499999046325684,2.430000066757202,2.430000066757202,4300
2002-03-05,2.390000104904175,2.4000000953674316,2.390000104904175,2.4000000953674316,2.4000000953674316,1800
2002-03-06,2.4000000953674316,2.4000000953674316,2.4000000953674316,2.4000000953674316,2.4000000953674316,0
2002-03-07,2.390000104904175,2.390000104904175,2.390000104904175,2.390000104904175,2.390000104904175,800
2002-03-08,2.390000104904175,2.4800000190734863,2.200000047683716,2.3499999046325684,2.3499999046325684,22500
2002-03-11,2.3299999237060547,2.390000104904175,2.299999952316284,2.299999952316284,2.299999952316284,1300
2002-03-12,2.25,2.25,2.1500000953674316,2.25,2.25,6800
2002-03-13,2.299999952316284,2.3499999046325684,2.299999952316284,2.3499999046325684,2.3499999046325684,2500
2002-03-14,2.4000000953674316,2.4000000953674316,2.4000000953674316,2.4000000953674316,2.4000000953674316,100
2002-03-15,2.450000047683716,2.450000047683716,2.359999895095825,2.4000000953674316,2.4000000953674316,2000
2002-03-18,2.3499999046325684,2.450000047683716,2.3499999046325684,2.450000047683716,2.450000047683716,1900
2002-03-19,2.450000047683716,2.4800000190734863,2.380000114440918,2.4800000190734863,2.4800000190734863,5400
2002-03-20,2.4000000953674316,2.440000057220459,2.25,2.440000057220459,2.440000057220459,11500
2002-03-21,2.4000000953674316,2.430000066757202,2.4000000953674316,2.430000066757202,2.430000066757202,900
2002-03-22,2.450000047683716,2.5999999046325684,2.450000047683716,2.5999999046325684,2.5999999046325684,67100
2002-03-25,2.5999999046325684,2.7300000190734863,2.5999999046325684,2.680000066757202,2.680000066757202,40000
2002-03-26,2.700000047683716,2.75,2.5999999046325684,2.75,2.75,38300
2002-03-27,2.75,2.7899999618530273,2.75,2.7899999618530273,2.7899999618530273,31800
2002-03-28,2.799999952316284,2.809999942779541,2.700000047683716,2.809999942779541,2.809999942779541,48800
2002-04-01,2.9000000953674316,2.950000047683716,2.799999952316284,2.799999952316284,2.799999952316284,43300
2002-04-02,2.869999885559082,2.990000009536743,2.869999885559082,2.9000000953674316,2.9000000953674316,6900
2002-04-03,2.9000000953674316,2.9000000953674316,2.9000000953674316,2.9000000953674316,2.9000000953674316,700
2002-04-04,2.9200000762939453,2.9200000762939453,2.9200000762939453,2.9200000762939453,2.9200000762939453,800
2002-04-05,2.9000000953674316,2.940000057220459,2.9000000953674316,2.940000057220459,2.940000057220459,7700
2002-04-08,2.940000057220459,2.940000057220459,2.9000000953674316,2.9000000953674316,2.9000000953674316,3100
2002-04-09,2.8499999046325684,2.8499999046325684,2.799999952316284,2.8499999046325684,2.8499999046325684,2300
2002-04-10,2.819999933242798,2.9000000953674316,2.7799999713897705,2.9000000953674316,2.9000000953674316,7100
2002-04-11,2.930000066757202,2.940000057220459,2.9000000953674316,2.940000057220459,2.940000057220459,1400
2002-04-12,2.940000057220459,3.0,2.940000057220459,3.0,3.0,50300
2002-04-15,3.049999952316284,3.0999999046325684,3.0199999809265137,3.0299999713897705,3.0299999713897705,14000
2002-04-16,3.0299999713897705,3.490000009536743,3.0199999809265137,3.380000114440918,3.380000114440918,16900
2002-04-17,3.4000000953674316,3.9000000953674316,3.4000000953674316,3.75,3.75,85000
2002-04-18,3.740000009536743,3.799999952316284,3.5999999046325684,3.7300000190734863,3.7300000190734863,44700
2002-04-19,3.700000047683716,3.7300000190734863,3.5999999046325684,3.6500000953674316,3.6500000953674316,14200
2002-04-22,3.5999999046325684,3.6500000953674316,3.5,3.6500000953674316,3.6500000953674316,6200
2002-04-23,3.549999952316284,3.6500000953674316,3.390000104904175,3.450000047683716,3.450000047683716,18300
2002-04-24,3.3499999046325684,3.5,3.0199999809265137,3.359999895095825,3.359999895095825,79200
2002-04-25,3.3499999046325684,3.3499999046325684,3.1500000953674316,3.25,3.25,40600
2002-04-26,3.299999952316284,3.299999952316284,3.200000047683716,3.2799999713897705,3.2799999713897705,1300
2002-04-29,3.180000066757202,3.180000066757202,3.1700000762939453,3.180000066757202,3.180000066757202,4500
2002-04-30,3.1500000953674316,3.240000009536743,3.009999990463257,3.200000047683716,3.200000047683716,47500
2002-05-01,3.130000114440918,3.2699999809265137,3.130000114440918,3.2699999809265137,3.2699999809265137,800
2002-05-02,3.2899999618530273,3.3499999046325684,3.25,3.25,3.25,13200
2002-05-03,3.2699999809265137,3.309999942779541,3.2699999809265137,3.309999942779541,3.309999942779541,2900
2002-05-06,3.1600000858306885,3.740000009536743,3.1600000858306885,3.5399999618530273,3.5399999618530273,45800
2002-05-07,3.4600000381469727,3.5999999046325684,3.4000000953674316,3.5399999618530273,3.5399999618530273,6500
2002-05-08,3.549999952316284,3.740000009536743,3.549999952316284,3.7200000286102295,3.7200000286102295,11600
2002-05-09,3.6700000762939453,3.6700000762939453,3.6700000762939453,3.6700000762939453,3.6700000762939453,300
2002-05-10,3.7100000381469727,3.75,3.700000047683716,3.75,3.75,86300
2002-05-13,3.75,3.75,3.6500000953674316,3.75,3.75,15800
2002-05-14,3.75,3.799999952316284,3.7100000381469727,3.799999952316284,3.799999952316284,17800
2002-05-15,3.799999952316284,3.799999952316284,3.700000047683716,3.7899999618530273,3.7899999618530273,8700
2002-05-16,3.7899999618530273,3.7899999618530273,3.7899999618530273,3.7899999618530273,3.7899999618530273,100
2002-05-17,3.7899999618530273,3.7899999618530273,3.6500000953674316,3.75,3.75,3300
2002-05-20,3.7799999713897705,3.7799999713897705,3.75,3.75,3.75,6900
2002-05-21,3.700000047683716,3.7899999618530273,3.5999999046325684,3.75,3.75,7900
2002-05-22,3.700000047683716,3.75,3.6500000953674316,3.6500000953674316,3.6500000953674316,13900
2002-05-23,3.5999999046325684,3.5999999046325684,3.450000047683716,3.4700000286102295,3.4700000286102295,8400
2002-05-24,3.5,3.6500000953674316,3.5,3.559999942779541,3.559999942779541,24700
2002-05-28,3.5999999046325684,3.640000104904175,3.5999999046325684,3.640000104904175,3.640000104904175,300
2002-05-29,3.549999952316284,3.7300000190734863,3.450000047683716,3.7300000190734863,3.7300000190734863,12700
2002-05-30,3.7799999713897705,4.25,3.75,4.099999904632568,4.099999904632568,40300
2002-05-31,4.099999904632568,4.099999904632568,3.700000047683716,3.700000047683716,3.700000047683716,3900
2002-06-03,3.740000009536743,3.740000009536743,3.740000009536743,3.740000009536743,3.740000009536743,700
2002-06-04,3.75,4.349999904632568,3.75,4.349999904632568,4.349999904632568,246700
2002-06-05,4.550000190734863,4.550000190734863,4.150000095367432,4.389999866485596,4.389999866485596,8700
2002-06-06,4.349999904632568,4.400000095367432,4.300000190734863,4.400000095367432,4.400000095367432,6100
2002-06-07,4.380000114440918,4.380000114440918,4.150000095367432,4.349999904632568,4.349999904632568,12100
2002-06-10,4.320000171661377,4.389999866485596,4.260000228881836,4.389999866485596,4.389999866485596,6700
2002-06-11,4.400000095367432,4.400000095367432,4.150000095367432,4.349999904632568,4.349999904632568,7400
2002-06-12,4.360000133514404,4.360000133514404,4.21999979019165,4.349999904632568,4.349999904632568,5400
2002-06-13,4.25,4.389999866485596,4.25,4.360000133514404,4.360000133514404,3500
2002-06-14,4.300000190734863,4.389999866485596,4.300000190734863,4.389999866485596,4.389999866485596,4400
2002-06-17,4.360000133514404,4.360000133514404,4.25,4.25,4.25,5400
2002-06-18,4.159999847412109,4.239999771118164,4.159999847412109,4.239999771118164,4.239999771118164,3300
2002-06-19,4.260000228881836,4.300000190734863,4.159999847412109,4.199999809265137,4.199999809265137,7300
2002-06-20,4.199999809265137,4.230000019073486,4.199999809265137,4.230000019073486,4.230000019073486,500
2002-06-21,4.199999809265137,4.210000038146973,4.199999809265137,4.199999809265137,4.199999809265137,4500
2002-06-24,4.230000019073486,4.230000019073486,4.050000190734863,4.090000152587891,4.090000152587891,14200
2002-06-25,4.019999980926514,4.019999980926514,4.019999980926514,4.019999980926514,4.019999980926514,500
2002-06-26,4.0,4.03000020980835,3.9600000381469727,4.03000020980835,4.03000020980835,20300
2002-06-27,4.03000020980835,4.099999904632568,4.0,4.010000228881836,4.010000228881836,9800
2002-06-28,3.950000047683716,3.9600000381469727,3.940000057220459,3.9600000381469727,3.9600000381469727,5000
2002-07-01,3.9000000953674316,3.9000000953674316,3.75,3.8499999046325684,3.8499999046325684,5100
2002-07-02,3.75,3.799999952316284,3.75,3.799999952316284,3.799999952316284,1100
2002-07-03,3.8399999141693115,3.8399999141693115,3.7100000381469727,3.799999952316284,3.799999952316284,1400
2002-07-05,3.700000047683716,3.8499999046325684,3.700000047683716,3.8499999046325684,3.8499999046325684,8400
2002-07-08,3.7100000381469727,3.799999952316284,3.7100000381469727,3.799999952316284,3.799999952316284,800
2002-07-09,3.799999952316284,3.799999952316284,3.700000047683716,3.700000047683716,3.700000047683716,5400
2002-07-10,3.7200000286102295,3.7200000286102295,3.7200000286102295,3.7200000286102295,3.7200000286102295,500
2002-07-11,3.690000057220459,3.7799999713897705,3.6700000762939453,3.7799999713897705,3.7799999713897705,8400
2002-07-12,3.759999990463257,3.759999990463257,3.6700000762939453,3.75,3.75,1600
2002-07-15,3.6700000762939453,3.6700000762939453,3.5799999237060547,3.640000104904175,3.640000104904175,27500
2002-07-16,3.5999999046325684,3.5999999046325684,3.5799999237060547,3.5899999141693115,3.5899999141693115,9700
2002-07-17,3.5799999237060547,3.5799999237060547,3.569999933242798,3.569999933242798,3.569999933242798,3100
2002-07-18,3.569999933242798,3.569999933242798,3.569999933242798,3.569999933242798,3.569999933242798,0
2002-07-19,3.559999942779541,3.569999933242798,3.559999942779541,3.569999933242798,3.569999933242798,1000
2002-07-22,3.559999942779541,3.559999942779541,3.4700000286102295,3.4700000286102295,3.4700000286102295,10100
2002-07-23,3.4000000953674316,3.4000000953674316,3.259999990463257,3.259999990463257,3.259999990463257,30700
2002-07-24,3.380000114440918,3.4000000953674316,3.2799999713897705,3.4000000953674316,3.4000000953674316,30200
2002-07-25,3.450000047683716,3.490000009536743,3.450000047683716,3.490000009536743,3.490000009536743,2000
2002-07-26,3.5,3.549999952316284,3.450000047683716,3.5,3.5,4900
2002-07-29,3.5799999237060547,3.5799999237060547,3.200000047683716,3.450000047683716,3.450000047683716,17400
2002-07-30,3.5,4.099999904632568,3.5,4.0,4.0,175900
2002-07-31,3.950000047683716,4.0,3.9100000858306885,3.9100000858306885,3.9100000858306885,6000
2002-08-01,3.859999895095825,3.859999895095825,3.799999952316284,3.819999933242798,3.819999933242798,9200
2002-08-02,3.8299999237060547,3.880000114440918,3.700000047683716,3.880000114440918,3.880000114440918,10700
2002-08-05,3.9000000953674316,3.9000000953674316,3.75,3.880000114440918,3.880000114440918,1200
2002-08-06,3.950000047683716,3.950000047683716,3.700000047683716,3.8499999046325684,3.8499999046325684,13800
2002-08-07,3.799999952316284,3.799999952316284,3.6500000953674316,3.700000047683716,3.700000047683716,5700
2002-08-08,3.6600000858306885,3.7799999713897705,3.6600000858306885,3.7799999713897705,3.7799999713897705,1600
2002-08-09,3.700000047683716,3.799999952316284,3.700000047683716,3.799999952316284,3.799999952316284,1200
2002-08-12,3.799999952316284,3.799999952316284,3.799999952316284,3.799999952316284,3.799999952316284,100
2002-08-13,3.799999952316284,3.799999952316284,3.75,3.799999952316284,3.799999952316284,800
2002-08-14,3.9000000953674316,4.099999904632568,3.9000000953674316,4.099999904632568,4.099999904632568,4400
2002-08-15,4.150000095367432,4.389999866485596,4.150000095367432,4.349999904632568,4.349999904632568,10000
2002-08-16,4.260000228881836,4.260000228881836,4.0,4.199999809265137,4.199999809265137,12900
2002-08-19,4.099999904632568,4.150000095367432,3.9000000953674316,3.9000000953674316,3.9000000953674316,50700
2002-08-20,4.0,4.0,3.6500000953674316,3.700000047683716,3.700000047683716,27000
2002-08-21,3.6500000953674316,3.6500000953674316,3.4600000381469727,3.6500000953674316,3.6500000953674316,81600
2002-08-22,3.5999999046325684,3.6500000953674316,3.5199999809265137,3.5999999046325684,3.5999999046325684,4400
2002-08-23,3.5,3.619999885559082,3.5,3.619999885559082,3.619999885559082,4800
2002-08-26,3.680000066757202,3.700000047683716,3.680000066757202,3.700000047683716,3.700000047683716,300
2002-08-27,3.690000057220459,3.8299999237060547,3.690000057220459,3.8299999237060547,3.8299999237060547,10300
2002-08-28,3.8299999237060547,3.8299999237060547,3.8299999237060547,3.8299999237060547,3.8299999237060547,0
2002-08-29,3.8299999237060547,3.8299999237060547,3.799999952316284,3.799999952316284,3.799999952316284,1400
2002-08-30,3.7799999713897705,3.809999942779541,3.7799999713897705,3.809999942779541,3.809999942779541,1900
2002-09-03,3.759999990463257,3.8399999141693115,3.7100000381469727,3.7100000381469727,3.7100000381469727,2300
2002-09-04,3.75,3.75,3.690000057220459,3.700000047683716,3.700000047683716,4400
2002-09-05,3.5999999046325684,3.5999999046325684,3.5999999046325684,3.5999999046325684,3.5999999046325684,6900
2002-09-06,3.5999999046325684,3.5999999046325684,3.359999895095825,3.5,3.5,18000
2002-09-09,3.4000000953674316,3.4000000953674316,3.309999942779541,3.309999942779541,3.309999942779541,8700
2002-09-10,3.2100000381469727,3.4000000953674316,3.0,3.4000000953674316,3.4000000953674316,221400
2002-09-11,3.450000047683716,3.5999999046325684,3.450000047683716,3.5999999046325684,3.5999999046325684,3600
2002-09-12,3.549999952316284,3.549999952316284,3.549999952316284,3.549999952316284,3.549999952316284,1100
2002-09-13,3.619999885559082,3.619999885559082,3.619999885559082,3.619999885559082,3.619999885559082,400
2002-09-16,3.619999885559082,3.619999885559082,3.619999885559082,3.619999885559082,3.619999885559082,0
2002-09-17,3.569999933242798,3.5999999046325684,3.549999952316284,3.549999952316284,3.549999952316284,2400
2002-09-18,3.549999952316284,3.549999952316284,3.549999952316284,3.549999952316284,3.549999952316284,0
2002-09-19,3.549999952316284,3.549999952316284,3.450000047683716,3.5199999809265137,3.5199999809265137,3700
2002-09-20,3.5199999809265137,3.5199999809265137,3.5199999809265137,3.5199999809265137,3.5199999809265137,0
2002-09-23,3.5,3.549999952316284,3.4000000953674316,3.549999952316284,3.549999952316284,20600
2002-09-24,3.5899999141693115,3.5999999046325684,3.5,3.5999999046325684,3.5999999046325684,9600
2002-09-25,3.5999999046325684,3.7200000286102295,3.5999999046325684,3.7200000286102295,3.7200000286102295,5500
2002-09-26,3.740000009536743,3.759999990463257,3.700000047683716,3.75,3.75,1900
2002-09-27,3.7799999713897705,3.7799999713897705,3.7799999713897705,3.7799999713897705,3.7799999713897705,300
2002-09-30,3.759999990463257,3.759999990463257,3.759999990463257,3.759999990463257,3.759999990463257,100
2002-10-01,3.700000047683716,3.700000047683716,3.6500000953674316,3.700000047683716,3.700000047683716,900
2002-10-02,3.700000047683716,3.700000047683716,3.5999999046325684,3.5999999046325684,3.5999999046325684,700
2002-10-03,3.5999999046325684,3.5999999046325684,3.5999999046325684,3.5999999046325684,3.5999999046325684,0
2002-10-04,3.5999999046325684,3.5999999046325684,3.5999999046325684,3.5999999046325684,3.5999999046325684,0
2002-10-07,3.5,3.5,3.4000000953674316,3.450000047683716,3.450000047683716,2700
2002-10-08,3.4600000381469727,3.4700000286102295,3.4000000953674316,3.4700000286102295,3.4700000286102295,6000
2002-10-09,3.4000000953674316,3.4000000953674316,3.200000047683716,3.200000047683716,3.200000047683716,37600
2002-10-10,3.200000047683716,3.2799999713897705,3.200000047683716,3.2799999713897705,3.2799999713897705,10000
2002-10-11,3.3499999046325684,3.3499999046325684,3.200000047683716,3.3499999046325684,3.3499999046325684,12900
2002-10-14,3.25,3.25,3.25,3.25,3.25,2700
2002-10-15,3.299999952316284,3.450000047683716,3.299999952316284,3.450000047683716,3.450000047683716,3100
2002-10-16,3.450000047683716,3.6500000953674316,3.450000047683716,3.640000104904175,3.640000104904175,10600
2002-10-17,3.680000066757202,3.680000066757202,3.609999895095825,3.6500000953674316,3.6500000953674316,2600
2002-10-18,3.6500000953674316,3.6500000953674316,3.6500000953674316,3.6500000953674316,3.6500000953674316,0
2002-10-21,3.6500000953674316,3.6500000953674316,3.6500000953674316,3.6500000953674316,3.6500000953674316,0
2002-10-22,3.6500000953674316,3.6500000953674316,3.6500000953674316,3.6500000953674316,3.6500000953674316,0
2002-10-23,3.6500000953674316,3.6500000953674316,3.549999952316284,3.549999952316284,3.549999952316284,1300
2002-10-24,3.5999999046325684,3.5999999046325684,3.5999999046325684,3.5999999046325684,3.5999999046325684,1000
2002-10-25,3.5,3.5899999141693115,3.4000000953674316,3.5899999141693115,3.5899999141693115,6400
2002-10-28,3.5899999141693115,3.8399999141693115,3.5899999141693115,3.8399999141693115,3.8399999141693115,35600
2002-10-29,3.9000000953674316,3.9000000953674316,3.8499999046325684,3.880000114440918,3.880000114440918,1700
2002-10-30,3.880000114440918,3.880000114440918,3.880000114440918,3.880000114440918,3.880000114440918,0
2002-10-31,3.759999990463257,3.8499999046325684,3.75,3.8499999046325684,3.8499999046325684,1700
2002-11-01,3.799999952316284,3.799999952316284,3.799999952316284,3.799999952316284,3.799999952316284,100
2002-11-04,3.75,3.75,3.75,3.75,3.75,500
2002-11-05,3.700000047683716,3.700000047683716,3.6500000953674316,3.6500000953674316,3.6500000953674316,700
2002-11-06,3.700000047683716,3.700000047683716,3.700000047683716,3.700000047683716,3.700000047683716,500
2002-11-07,3.6500000953674316,3.6500000953674316,3.6500000953674316,3.6500000953674316,3.6500000953674316,400
2002-11-08,3.6600000858306885,3.6600000858306885,3.6500000953674316,3.6500000953674316,3.6500000953674316,800
2002-11-11,3.6500000953674316,3.6500000953674316,3.5999999046325684,3.5999999046325684,3.5999999046325684,1000
2002-11-12,3.549999952316284,3.5899999141693115,3.549999952316284,3.5899999141693115,3.5899999141693115,3000
2002-11-13,3.5899999141693115,3.5899999141693115,3.5899999141693115,3.5899999141693115,3.5899999141693115,0
2002-11-14,3.5999999046325684,4.0,3.5999999046325684,3.799999952316284,3.799999952316284,34700
2002-11-15,3.700000047683716,3.700000047683716,3.6600000858306885,3.700000047683716,3.700000047683716,4100
2002-11-18,3.7899999618530273,3.7899999618530273,3.700000047683716,3.700000047683716,3.700000047683716,7100
2002-11-19,3.700000047683716,3.700000047683716,3.700000047683716,3.700000047683716,3.700000047683716,1000
2002-11-20,3.700000047683716,3.700000047683716,3.6500000953674316,3.6500000953674316,3.6500000953674316,40400
2002-11-21,3.700000047683716,3.75,3.6500000953674316,3.6500000953674316,3.6500000953674316,342200
2002-11-22,3.6500000953674316,3.7699999809265137,3.6500000953674316,3.6500000953674316,3.6500000953674316,163300
2002-11-25,3.75,3.9000000953674316,3.7200000286102295,3.7200000286102295,3.7200000286102295,19200
2002-11-26,3.7200000286102295,3.7200000286102295,3.7200000286102295,3.7200000286102295,3.7200000286102295,1000
2002-11-27,3.799999952316284,3.9000000953674316,3.799999952316284,3.9000000953674316,3.9000000953674316,4700
2002-11-29,3.890000104904175,3.890000104904175,3.7100000381469727,3.7100000381469727,3.7100000381469727,800
2002-12-02,3.700000047683716,3.8499999046325684,3.609999895095825,3.8499999046325684,3.8499999046325684,6700
2002-12-03,3.799999952316284,3.799999952316284,3.799999952316284,3.799999952316284,3.799999952316284,400
2002-12-04,3.6500000953674316,3.6500000953674316,3.6500000953674316,3.6500000953674316,3.6500000953674316,3700
2002-12-05,3.6500000953674316,3.6500000953674316,3.6500000953674316,3.6500000953674316,3.6500000953674316,0
2002-12-06,3.700000047683716,3.7799999713897705,3.700000047683716,3.7799999713897705,3.7799999713897705,2000
2002-12-09,3.700000047683716,3.700000047683716,3.700000047683716,3.700000047683716,3.700000047683716,100
2002-12-10,3.700000047683716,3.7899999618530273,3.700000047683716,3.7899999618530273,3.7899999618530273,3300
2002-12-11,3.7899999618530273,3.799999952316284,3.7899999618530273,3.799999952316284,3.799999952316284,2000
2002-12-12,3.799999952316284,3.799999952316284,3.799999952316284,3.799999952316284,3.799999952316284,2000
2002-12-13,3.700000047683716,3.950000047683716,3.6500000953674316,3.9000000953674316,3.9000000953674316,5600
2002-12-16,3.799999952316284,3.9000000953674316,3.7300000190734863,3.9000000953674316,3.9000000953674316,5500
2002-12-17,3.8499999046325684,3.950000047683716,3.8499999046325684,3.9000000953674316,3.9000000953674316,1900
2002-12-18,3.799999952316284,3.940000057220459,3.7200000286102295,3.940000057220459,3.940000057220459,9300
2002-12-19,3.8499999046325684,3.8499999046325684,3.75,3.8499999046325684,3.8499999046325684,5000
2002-12-20,3.9000000953674316,3.990000009536743,3.799999952316284,3.990000009536743,3.990000009536743,3100
2002-12-23,3.890000104904175,3.890000104904175,3.759999990463257,3.869999885559082,3.869999885559082,8000
2002-12-24,3.799999952316284,3.799999952316284,3.799999952316284,3.799999952316284,3.799999952316284,1200
2002-12-26,3.7699999809265137,3.7699999809265137,3.759999990463257,3.759999990463257,3.759999990463257,600
2002-12-27,3.759999990463257,3.950000047683716,3.75,3.799999952316284,3.799999952316284,13400
2002-12-30,3.7799999713897705,3.7799999713897705,3.759999990463257,3.7799999713897705,3.7799999713897705,3300
2002-12-31,3.799999952316284,3.880000114440918,3.799999952316284,3.880000114440918,3.880000114440918,6400
2003-01-02,3.890000104904175,3.890000104904175,3.890000104904175,3.890000104904175,3.890000104904175,100
2003-01-03,3.890000104904175,3.890000104904175,3.890000104904175,3.890000104904175,3.890000104904175,0
2003-01-06,3.890000104904175,3.890000104904175,3.7799999713897705,3.890000104904175,3.890000104904175,1800
2003-01-07,3.890000104904175,3.890000104904175,3.890000104904175,3.890000104904175,3.890000104904175,100
2003-01-08,3.799999952316284,3.799999952316284,3.7699999809265137,3.7699999809265137,3.7699999809265137,6000
2003-01-09,3.880000114440918,3.880000114440918,3.880000114440918,3.880000114440918,3.880000114440918,2000
2003-01-10,3.880000114440918,3.880000114440918,3.880000114440918,3.880000114440918,3.880000114440918,0
2003-01-13,3.799999952316284,3.799999952316284,3.7899999618530273,3.799999952316284,3.799999952316284,3500
2003-01-14,3.75,3.880000114440918,3.75,3.880000114440918,3.880000114440918,10200
2003-01-15,3.809999942779541,3.880000114440918,3.809999942779541,3.880000114440918,3.880000114440918,500
2003-01-16,3.809999942779541,3.809999942779541,3.799999952316284,3.799999952316284,3.799999952316284,2500
2003-01-17,3.8499999046325684,3.8499999046325684,3.8499999046325684,3.8499999046325684,3.8499999046325684,200
2003-01-21,3.759999990463257,3.869999885559082,3.759999990463257,3.869999885559082,3.869999885559082,500
2003-01-22,3.869999885559082,3.869999885559082,3.759999990463257,3.869999885559082,3.869999885559082,4300
2003-01-23,3.759999990463257,3.880000114440918,3.759999990463257,3.880000114440918,3.880000114440918,1600
2003-01-24,3.880000114440918,3.880000114440918,3.759999990463257,3.880000114440918,3.880000114440918,1100
2003-01-27,3.880000114440918,3.880000114440918,3.880000114440918,3.880000114440918,3.880000114440918,0
2003-01-28,3.880000114440918,3.880000114440918,3.880000114440918,3.880000114440918,3.880000114440918,0
2003-01-29,3.75,3.75,3.75,3.75,3.75,4000
2003-01-30,3.75,3.75,3.75,3.75,3.75,0
2003-01-31,3.75,3.990000009536743,3.75,3.990000009536743,3.990000009536743,18500
2003-02-03,4.0,4.099999904632568,4.0,4.099999904632568,4.099999904632568,27600
2003-02-04,4.150000095367432,4.300000190734863,4.0,4.0,4.0,6600
2003-02-05,3.950000047683716,4.0,3.950000047683716,4.0,4.0,2000
2003-02-06,4.0,4.0,4.0,4.0,4.0,0
2003-02-07,3.990000009536743,4.0,3.990000009536743,4.0,4.0,2100
2003-02-10,4.0,4.0,3.9000000953674316,4.0,4.0,3500
2003-02-11,3.9000000953674316,4.119999885559082,3.799999952316284,4.0,4.0,10100
2003-02-12,4.0,4.050000190734863,4.0,4.050000190734863,4.050000190734863,3800
2003-02-13,4.0,4.0,3.9100000858306885,3.990000009536743,3.990000009536743,3600
2003-02-14,4.0,4.0,4.0,4.0,4.0,6800
2003-02-18,4.0,4.0,4.0,4.0,4.0,900
2003-02-19,4.050000190734863,4.050000190734863,4.050000190734863,4.050000190734863,4.050000190734863,100
2003-02-20,4.050000190734863,4.150000095367432,4.050000190734863,4.150000095367432,4.150000095367432,3300
2003-02-21,4.150000095367432,4.150000095367432,4.150000095367432,4.150000095367432,4.150000095367432,100
2003-02-24,4.150000095367432,4.150000095367432,4.150000095367432,4.150000095367432,4.150000095367432,0
2003-02-25,4.119999885559082,4.119999885559082,4.119999885559082,4.119999885559082,4.119999885559082,3000
2003-02-26,4.150000095367432,4.150000095367432,4.150000095367432,4.150000095367432,4.150000095367432,8900
2003-02-27,4.099999904632568,4.179999828338623,4.099999904632568,4.179999828338623,4.179999828338623,500
2003-02-28,4.159999847412109,4.389999866485596,4.050000190734863,4.349999904632568,4.349999904632568,9200
2003-03-03,4.389999866485596,4.389999866485596,4.25,4.25,4.25,6400
2003-03-04,4.159999847412109,4.289999961853027,4.119999885559082,4.289999961853027,4.289999961853027,2100
2003-03-05,4.239999771118164,4.239999771118164,4.190000057220459,4.239999771118164,4.239999771118164,4100
2003-03-06,4.239999771118164,4.239999771118164,4.070000171661377,4.099999904632568,4.099999904632568,3700
2003-03-07,4.099999904632568,4.099999904632568,4.050000190734863,4.099999904632568,4.099999904632568,400
2003-03-10,4.099999904632568,4.099999904632568,4.099999904632568,4.099999904632568,4.099999904632568,200
2003-03-11,4.050000190734863,4.090000152587891,4.0,4.090000152587891,4.090000152587891,5400
2003-03-12,4.090000152587891,4.090000152587891,4.090000152587891,4.090000152587891,4.090000152587891,300
2003-03-13,4.050000190734863,4.199999809265137,4.0,4.170000076293945,4.170000076293945,8000
2003-03-14,4.070000171661377,4.150000095367432,4.070000171661377,4.150000095367432,4.150000095367432,1300
2003-03-17,4.070000171661377,4.150000095367432,4.070000171661377,4.150000095367432,4.150000095367432,300
2003-03-18,4.150000095367432,4.150000095367432,4.150000095367432,4.150000095367432,4.150000095367432,0
2003-03-19,4.050000190734863,4.289999961853027,4.050000190734863,4.25,4.25,26600
2003-03-20,4.260000228881836,4.260000228881836,4.260000228881836,4.260000228881836,4.260000228881836,100
2003-03-21,4.150000095367432,4.300000190734863,4.150000095367432,4.300000190734863,4.300000190734863,2600
2003-03-24,4.300000190734863,4.300000190734863,4.300000190734863,4.300000190734863,4.300000190734863,100
2003-03-25,4.199999809265137,4.199999809265137,4.050000190734863,4.099999904632568,4.099999904632568,2900
2003-03-26,4.099999904632568,4.099999904632568,4.099999904632568,4.099999904632568,4.099999904632568,0
2003-03-27,4.119999885559082,4.170000076293945,4.119999885559082,4.170000076293945,4.170000076293945,200
2003-03-28,4.179999828338623,4.210000038146973,4.150000095367432,4.199999809265137,4.199999809265137,3600
2003-03-31,4.28000020980835,4.28000020980835,4.199999809265137,4.25,4.25,800
2003-04-01,4.239999771118164,4.239999771118164,4.239999771118164,4.239999771118164,4.239999771118164,100
2003-04-02,4.239999771118164,4.25,4.010000228881836,4.099999904632568,4.099999904632568,4900
2003-04-03,4.039999961853027,4.21999979019165,4.039999961853027,4.21999979019165,4.21999979019165,2200
2003-04-04,4.230000019073486,4.230000019073486,4.119999885559082,4.199999809265137,4.199999809265137,2500
2003-04-07,4.21999979019165,4.21999979019165,4.099999904632568,4.099999904632568,4.099999904632568,3100
2003-04-08,4.110000133514404,4.110000133514404,4.110000133514404,4.110000133514404,4.110000133514404,1000
2003-04-09,4.0,4.190000057220459,4.0,4.190000057220459,4.190000057220459,7400
2003-04-10,4.099999904632568,4.130000114440918,4.099999904632568,4.130000114440918,4.130000114440918,8300
2003-04-11,4.130000114440918,4.159999847412109,3.950000047683716,4.119999885559082,4.119999885559082,10300
2003-04-14,4.190000057220459,4.190000057220459,4.0,4.150000095367432,4.150000095367432,6300
2003-04-15,4.150000095367432,4.150000095367432,4.050000190734863,4.150000095367432,4.150000095367432,900
2003-04-16,4.050000190734863,4.050000190734863,4.0,4.039999961853027,4.039999961853027,1200
2003-04-17,4.039999961853027,4.039999961853027,4.039999961853027,4.039999961853027,4.039999961853027,0
2003-04-21,3.950000047683716,3.950000047683716,3.950000047683716,3.950000047683716,3.950000047683716,500
2003-04-22,3.950000047683716,4.0,3.950000047683716,4.0,4.0,8400
2003-04-23,4.0,4.0,4.0,4.0,4.0,0
2003-04-24,4.039999961853027,4.050000190734863,4.039999961853027,4.050000190734863,4.050000190734863,3000
2003-04-25,4.050000190734863,4.050000190734863,4.050000190734863,4.050000190734863,4.050000190734863,8000
2003-04-28,4.0,4.050000190734863,3.950000047683716,4.050000190734863,4.050000190734863,4800
2003-04-29,4.150000095367432,4.150000095367432,4.150000095367432,4.150000095367432,4.150000095367432,2100
2003-04-30,4.199999809265137,4.25,4.190000057220459,4.25,4.25,32100
2003-05-01,4.28000020980835,4.349999904632568,4.28000020980835,4.349999904632568,4.349999904632568,17600
2003-05-02,4.25,4.25,4.25,4.25,4.25,400
2003-05-05,4.300000190734863,4.400000095367432,4.300000190734863,4.400000095367432,4.400000095367432,30000
2003-05-06,4.400000095367432,4.440000057220459,4.400000095367432,4.440000057220459,4.440000057220459,19200
2003-05-07,4.429999828338623,4.440000057220459,4.400000095367432,4.440000057220459,4.440000057220459,16100
2003-05-08,4.400000095367432,4.440000057220459,4.400000095367432,4.440000057220459,4.440000057220459,8700
2003-05-09,4.440000057220459,4.440000057220459,4.440000057220459,4.440000057220459,4.440000057220459,8000
2003-05-12,4.440000057220459,4.440000057220459,4.429999828338623,4.429999828338623,4.429999828338623,3600
2003-05-13,4.300000190734863,4.449999809265137,4.25,4.400000095367432,4.400000095367432,17600
2003-05-14,4.440000057220459,4.440000057220459,4.300000190734863,4.440000057220459,4.440000057220459,10300
2003-05-15,4.400000095367432,4.400000095367432,4.349999904632568,4.349999904632568,4.349999904632568,300
2003-05-16,4.300000190734863,4.5,4.300000190734863,4.5,4.5,6200
2003-05-19,4.400000095367432,4.420000076293945,4.349999904632568,4.400000095367432,4.400000095367432,1100
2003-05-20,4.309999942779541,4.309999942779541,4.28000020980835,4.300000190734863,4.300000190734863,5600
2003-05-21,4.300000190734863,4.400000095367432,4.28000020980835,4.400000095367432,4.400000095367432,9000
2003-05-22,4.349999904632568,4.400000095367432,4.349999904632568,4.400000095367432,4.400000095367432,1500
2003-05-23,4.400000095367432,4.949999809265137,4.400000095367432,4.900000095367432,4.900000095367432,14000
2003-05-27,4.949999809265137,5.199999809265137,4.849999904632568,5.190000057220459,5.190000057220459,10800
2003-05-28,5.190000057220459,5.190000057220459,4.949999809265137,5.170000076293945,5.170000076293945,17400
2003-05-29,5.170000076293945,5.170000076293945,5.0,5.050000190734863,5.050000190734863,8100
2003-05-30,5.150000095367432,5.599999904632568,5.050000190734863,5.599999904632568,5.599999904632568,88500
2003-06-02,5.510000228881836,5.510000228881836,5.199999809265137,5.300000190734863,5.300000190734863,16300
2003-06-03,5.199999809265137,5.800000190734863,5.199999809265137,5.599999904632568,5.599999904632568,28500
2003-06-04,5.5,5.699999809265137,5.349999904632568,5.699999809265137,5.699999809265137,26500
2003-06-05,5.699999809265137,5.699999809265137,5.400000095367432,5.449999809265137,5.449999809265137,16300
2003-06-06,5.550000190734863,5.650000095367432,5.409999847412109,5.619999885559082,5.619999885559082,4500
2003-06-09,5.449999809265137,5.599999904632568,5.210000038146973,5.5,5.5,23000
2003-06-10,5.599999904632568,5.679999828338623,5.5,5.610000133514404,5.610000133514404,28200
2003-06-11,5.579999923706055,5.699999809265137,5.579999923706055,5.690000057220459,5.690000057220459,17000
2003-06-12,5.610000133514404,5.650000095367432,5.53000020980835,5.599999904632568,5.599999904632568,12500
2003-06-13,5.610000133514404,5.96999979019165,5.599999904632568,5.949999809265137,5.949999809265137,43000
2003-06-16,5.900000095367432,5.949999809265137,5.75,5.949999809265137,5.949999809265137,36400
2003-06-17,6.019999980926514,6.179999828338623,5.949999809265137,6.0,6.0,13500
2003-06-18,6.0,6.0,6.0,6.0,6.0,4900
2003-06-19,6.099999904632568,6.289999961853027,6.03000020980835,6.239999771118164,6.239999771118164,24300
2003-06-20,6.25,6.28000020980835,6.199999809265137,6.28000020980835,6.28000020980835,22000
2003-06-23,6.150000095367432,6.25,5.960000038146973,6.25,6.25,41500
2003-06-24,6.25,6.289999961853027,6.079999923706055,6.079999923706055,6.079999923706055,14700
2003-06-25,6.070000171661377,6.070000171661377,5.75,5.989999771118164,5.989999771118164,25500
2003-06-26,6.0,6.010000228881836,5.849999904632568,5.900000095367432,5.900000095367432,15400
2003-06-27,5.900000095367432,5.900000095367432,5.53000020980835,5.800000190734863,5.800000190734863,45800
2003-06-30,5.849999904632568,6.099999904632568,5.550000190734863,5.550000190734863,5.550000190734863,417600
2003-07-01,5.150000095367432,5.159999847412109,4.349999904632568,5.090000152587891,5.090000152587891,113600
2003-07-02,5.090000152587891,5.139999866485596,4.820000171661377,4.889999866485596,4.889999866485596,19900
2003-07-03,4.789999961853027,4.789999961853027,4.360000133514404,4.739999771118164,4.739999771118164,33900
2003-07-07,4.849999904632568,5.079999923706055,4.820000171661377,5.079999923706055,5.079999923706055,13400
2003-07-08,5.130000114440918,5.130000114440918,5.010000228881836,5.099999904632568,5.099999904632568,5600
2003-07-09,5.0,5.75,5.0,5.599999904632568,5.599999904632568,39000
2003-07-10,5.5,5.690000057220459,5.309999942779541,5.489999771118164,5.489999771118164,14200
2003-07-11,5.599999904632568,5.800000190734863,5.599999904632568,5.699999809265137,5.699999809265137,6400
2003-07-14,5.800000190734863,5.829999923706055,5.460000038146973,5.5,5.5,4800
2003-07-15,5.550000190734863,5.550000190734863,5.400000095367432,5.400000095367432,5.400000095367432,1900
2003-07-16,5.5,5.599999904632568,5.099999904632568,5.599999904632568,5.599999904632568,7400
2003-07-17,5.5,5.5,5.199999809265137,5.300000190734863,5.300000190734863,9200
2003-07-18,5.199999809265137,5.25,5.119999885559082,5.25,5.25,1400
2003-07-21,5.199999809265137,5.199999809265137,4.849999904632568,4.849999904632568,4.849999904632568,12100
2003-07-22,4.849999904632568,5.25,4.840000152587891,5.25,5.25,2900
2003-07-23,5.320000171661377,5.320000171661377,4.909999847412109,5.019999980926514,5.019999980926514,5100
2003-07-24,5.099999904632568,5.25,5.0,5.099999904632568,5.099999904632568,7100
2003-07-25,5.199999809265137,5.21999979019165,5.0,5.21999979019165,5.21999979019165,10700
2003-07-28,5.21999979019165,5.400000095367432,5.150000095367432,5.320000171661377,5.320000171661377,4100
2003-07-29,5.449999809265137,5.5,5.25,5.389999866485596,5.389999866485596,4500
2003-07-30,5.440000057220459,5.5,5.400000095367432,5.480000019073486,5.480000019073486,2900
2003-07-31,5.400000095367432,5.809999942779541,5.400000095367432,5.809999942779541,5.809999942779541,11600
2003-08-01,5.710000038146973,5.800000190734863,5.170000076293945,5.300000190734863,5.300000190734863,6500
2003-08-04,5.199999809265137,5.75,5.0,5.550000190734863,5.550000190734863,12600
2003-08-05,5.550000190734863,5.550000190734863,5.050000190734863,5.110000133514404,5.110000133514404,6500
2003-08-06,5.050000190734863,5.699999809265137,5.050000190734863,5.550000190734863,5.550000190734863,7600
2003-08-07,5.449999809265137,5.449999809265137,5.099999904632568,5.199999809265137,5.199999809265137,7400
2003-08-08,5.210000038146973,5.300000190734863,5.119999885559082,5.190000057220459,5.190000057220459,4500
2003-08-11,5.289999961853027,5.599999904632568,5.289999961853027,5.300000190734863,5.300000190734863,3300
2003-08-12,5.400000095367432,5.400000095367432,5.099999904632568,5.25,5.25,10100
2003-08-13,5.300000190734863,5.75,5.300000190734863,5.650000095367432,5.650000095367432,3700
2003-08-14,5.699999809265137,5.800000190734863,5.690000057220459,5.699999809265137,5.699999809265137,5300
2003-08-15,5.849999904632568,5.849999904632568,5.849999904632568,5.849999904632568,5.849999904632568,4700
2003-08-18,5.900000095367432,6.199999809265137,5.900000095367432,6.0,6.0,4200
2003-08-19,6.0,6.150000095367432,6.0,6.0,6.0,12400
2003-08-20,5.900000095367432,6.050000190734863,5.900000095367432,5.949999809265137,5.949999809265137,4000
2003-08-21,6.0,6.099999904632568,6.0,6.099999904632568,6.099999904632568,6000
2003-08-22,6.099999904632568,6.099999904632568,5.599999904632568,5.699999809265137,5.699999809265137,10300
2003-08-25,5.599999904632568,5.800000190734863,5.599999904632568,5.800000190734863,5.800000190734863,2900
2003-08-26,5.699999809265137,6.0,5.349999904632568,6.0,6.0,6100
2003-08-27,6.099999904632568,6.199999809265137,6.0,6.099999904632568,6.099999904632568,6100
2003-08-28,6.199999809265137,6.199999809265137,5.949999809265137,6.03000020980835,6.03000020980835,11400
2003-08-29,5.949999809265137,5.949999809265137,5.550000190734863,5.860000133514404,5.860000133514404,16100
2003-09-02,5.75,6.050000190734863,5.599999904632568,6.050000190734863,6.050000190734863,8600
2003-09-03,6.050000190734863,6.190000057220459,5.900000095367432,6.099999904632568,6.099999904632568,9200
2003-09-04,6.099999904632568,6.119999885559082,5.920000076293945,6.110000133514404,6.110000133514404,6200
2003-09-05,6.0,6.099999904632568,5.610000133514404,5.650000095367432,5.650000095367432,5700
2003-09-08,5.699999809265137,6.090000152587891,5.699999809265137,6.090000152587891,6.090000152587891,4200
2003-09-09,5.96999979019165,6.050000190734863,5.900000095367432,5.900000095367432,5.900000095367432,1300
2003-09-10,5.78000020980835,5.78000020980835,5.5,5.519999980926514,5.519999980926514,9500
2003-09-11,5.449999809265137,6.0,5.449999809265137,6.0,6.0,4600
2003-09-12,5.900000095367432,6.150000095367432,5.820000171661377,6.119999885559082,6.119999885559082,4600
2003-09-15,6.150000095367432,6.199999809265137,5.900000095367432,5.940000057220459,5.940000057220459,4600
2003-09-16,6.0,6.190000057220459,6.0,6.010000228881836,6.010000228881836,3900
2003-09-17,5.900000095367432,6.150000095367432,5.900000095367432,6.099999904632568,6.099999904632568,6500
2003-09-18,6.059999942779541,6.059999942779541,5.849999904632568,6.03000020980835,6.03000020980835,5600
2003-09-19,5.900000095367432,6.019999980926514,5.900000095367432,5.96999979019165,5.96999979019165,11700
2003-09-22,5.900000095367432,5.96999979019165,5.849999904632568,5.949999809265137,5.949999809265137,7100
2003-09-23,5.849999904632568,5.989999771118164,5.849999904632568,5.960000038146973,5.960000038146973,3400
2003-09-24,5.900000095367432,5.96999979019165,5.550000190734863,5.550000190734863,5.550000190734863,7500
2003-09-25,5.53000020980835,5.75,5.53000020980835,5.659999847412109,5.659999847412109,19400
2003-09-26,5.619999885559082,5.75,5.599999904632568,5.650000095367432,5.650000095367432,11300
2003-09-29,5.659999847412109,5.800000190734863,5.610000133514404,5.800000190734863,5.800000190734863,9400
2003-09-30,5.699999809265137,5.800000190734863,5.630000114440918,5.710000038146973,5.710000038146973,10600
2003-10-01,5.599999904632568,6.119999885559082,5.599999904632568,6.119999885559082,6.119999885559082,12100
2003-10-02,6.130000114440918,6.130000114440918,6.0,6.130000114440918,6.130000114440918,9700
2003-10-03,6.150000095367432,6.25,5.900000095367432,6.050000190734863,6.050000190734863,7100
2003-10-06,6.0,6.050000190734863,5.900000095367432,6.0,6.0,3500
2003-10-07,6.0,6.099999904632568,5.929999828338623,6.099999904632568,6.099999904632568,5400
2003-10-08,6.099999904632568,6.099999904632568,5.900000095367432,5.949999809265137,5.949999809265137,4700
2003-10-09,6.050000190734863,6.110000133514404,5.889999866485596,5.929999828338623,5.929999828338623,13900
2003-10-10,5.929999828338623,6.050000190734863,5.849999904632568,6.050000190734863,6.050000190734863,4600
2003-10-13,6.150000095367432,6.150000095367432,6.0,6.099999904632568,6.099999904632568,9300
2003-10-14,6.099999904632568,6.130000114440918,6.03000020980835,6.079999923706055,6.079999923706055,5800
2003-10-15,6.099999904632568,6.130000114440918,6.050000190734863,6.050000190734863,6.050000190734863,10500
2003-10-16,6.050000190734863,6.150000095367432,6.050000190734863,6.099999904632568,6.099999904632568,20000
2003-10-17,6.099999904632568,6.099999904632568,5.949999809265137,5.949999809265137,5.949999809265137,4900
2003-10-20,5.960000038146973,6.070000171661377,5.869999885559082,5.949999809265137,5.949999809265137,2600
2003-10-21,6.0,6.099999904632568,5.900000095367432,5.949999809265137,5.949999809265137,3100
2003-10-22,5.900000095367432,5.900000095367432,5.75,5.769999980926514,5.769999980926514,10600
2003-10-23,5.699999809265137,6.019999980926514,5.519999980926514,6.0,6.0,4200
2003-10-24,5.900000095367432,5.900000095367432,5.599999904632568,5.849999904632568,5.849999904632568,9900
2003-10-27,5.900000095367432,6.090000152587891,5.900000095367432,6.090000152587891,6.090000152587891,2200
2003-10-28,6.090000152587891,6.199999809265137,5.900000095367432,6.199999809265137,6.199999809265137,11300
2003-10-29,6.150000095367432,6.449999809265137,6.099999904632568,6.449999809265137,6.449999809265137,32100
2003-10-30,6.489999771118164,6.489999771118164,6.050000190734863,6.190000057220459,6.190000057220459,10600
2003-10-31,6.25,6.25,6.050000190734863,6.199999809265137,6.199999809265137,9600
2003-11-03,6.25,6.5,6.150000095367432,6.300000190734863,6.300000190734863,12400
2003-11-04,6.300000190734863,6.349999904632568,6.199999809265137,6.199999809265137,6.199999809265137,3500
2003-11-05,6.150000095367432,6.420000076293945,6.099999904632568,6.389999866485596,6.389999866485596,8600
2003-11-06,6.349999904632568,6.349999904632568,6.25,6.300000190734863,6.300000190734863,2200
2003-11-07,6.340000152587891,6.420000076293945,6.199999809265137,6.230000019073486,6.230000019073486,4900
2003-11-10,6.190000057220459,6.190000057220459,5.78000020980835,5.789999961853027,5.789999961853027,7700
2003-11-11,5.849999904632568,5.900000095367432,5.699999809265137,5.78000020980835,5.78000020980835,7400
2003-11-12,5.849999904632568,6.300000190734863,5.670000076293945,6.300000190734863,6.300000190734863,5400
2003-11-13,6.25,6.25,6.050000190734863,6.050000190734863,6.050000190734863,3500
2003-11-14,6.150000095367432,6.199999809265137,5.650000095367432,5.849999904632568,5.849999904632568,10300
2003-11-17,5.800000190734863,6.019999980926514,5.599999904632568,5.849999904632568,5.849999904632568,13400
2003-11-18,5.949999809265137,5.949999809265137,5.650000095367432,5.699999809265137,5.699999809265137,9900
2003-11-19,5.699999809265137,6.03000020980835,5.650000095367432,5.989999771118164,5.989999771118164,10900
2003-11-20,5.900000095367432,6.019999980926514,5.699999809265137,5.769999980926514,5.769999980926514,6900
2003-11-21,5.849999904632568,5.900000095367432,5.699999809265137,5.829999923706055,5.829999923706055,3800
2003-11-24,5.829999923706055,6.199999809265137,5.829999923706055,6.199999809265137,6.199999809265137,12500
2003-11-25,6.239999771118164,6.28000020980835,6.019999980926514,6.199999809265137,6.199999809265137,6100
2003-11-26,6.28000020980835,6.28000020980835,5.800000190734863,6.25,6.25,7100
2003-11-28,6.25,6.25,6.239999771118164,6.239999771118164,6.239999771118164,700
2003-12-01,6.25,6.28000020980835,6.099999904632568,6.150000095367432,6.150000095367432,3700
2003-12-02,6.099999904632568,6.099999904632568,5.949999809265137,5.949999809265137,5.949999809265137,3900
2003-12-03,5.949999809265137,6.25,5.849999904632568,5.849999904632568,5.849999904632568,8700
2003-12-04,5.849999904632568,5.929999828338623,5.619999885559082,5.929999828338623,5.929999828338623,11900
2003-12-05,5.980000019073486,6.03000020980835,5.650000095367432,5.650000095367432,5.650000095367432,8300
2003-12-08,5.650000095367432,5.900000095367432,5.630000114440918,5.900000095367432,5.900000095367432,8800
2003-12-09,6.0,6.0,5.650000095367432,5.739999771118164,5.739999771118164,5300
2003-12-10,5.670000076293945,5.699999809265137,5.550000190734863,5.570000171661377,5.570000171661377,10500
2003-12-11,5.670000076293945,6.21999979019165,5.670000076293945,6.090000152587891,6.090000152587891,23400
2003-12-12,6.150000095367432,6.300000190734863,6.050000190734863,6.25,6.25,8800
2003-12-15,6.300000190734863,6.349999904632568,5.849999904632568,5.849999904632568,5.849999904632568,11400
2003-12-16,5.849999904632568,6.300000190734863,5.809999942779541,6.300000190734863,6.300000190734863,17400
2003-12-17,6.25,6.25,5.849999904632568,5.880000114440918,5.880000114440918,2700
2003-12-18,5.880000114440918,6.139999866485596,5.849999904632568,6.139999866485596,6.139999866485596,11600
2003-12-19,6.139999866485596,6.179999828338623,6.050000190734863,6.179999828338623,6.179999828338623,9200
2003-12-22,6.179999828338623,6.179999828338623,6.099999904632568,6.110000133514404,6.110000133514404,1700
2003-12-23,6.199999809265137,6.199999809265137,6.050000190734863,6.099999904632568,6.099999904632568,2600
2003-12-24,6.050000190734863,6.099999904632568,6.050000190734863,6.050000190734863,6.050000190734863,500
2003-12-26,6.099999904632568,6.099999904632568,6.099999904632568,6.099999904632568,6.099999904632568,100
2003-12-29,6.050000190734863,6.340000152587891,6.050000190734863,6.199999809265137,6.199999809265137,6200
2003-12-30,6.199999809265137,6.340000152587891,6.099999904632568,6.099999904632568,6.099999904632568,11500
2003-12-31,6.050000190734863,6.050000190734863,5.900000095367432,5.920000076293945,5.920000076293945,17000
2004-01-02,6.0,6.150000095367432,6.0,6.079999923706055,6.079999923706055,4000
2004-01-05,6.150000095367432,6.170000076293945,6.110000133514404,6.170000076293945,6.170000076293945,4100
2004-01-06,6.179999828338623,6.199999809265137,6.130000114440918,6.190000057220459,6.190000057220459,8300
2004-01-07,6.190000057220459,6.199999809265137,6.130000114440918,6.199999809265137,6.199999809265137,6100
2004-01-08,6.199999809265137,6.340000152587891,6.199999809265137,6.329999923706055,6.329999923706055,16400
2004-01-09,6.199999809265137,6.340000152587891,6.170000076293945,6.170000076293945,6.170000076293945,9300
2004-01-12,6.300000190734863,6.369999885559082,6.170000076293945,6.349999904632568,6.349999904632568,37100
2004-01-13,6.300000190734863,6.389999866485596,6.300000190734863,6.340000152587891,6.340000152587891,4800
2004-01-14,6.369999885559082,6.369999885559082,6.210000038146973,6.289999961853027,6.289999961853027,11200
2004-01-15,6.300000190734863,6.429999828338623,6.21999979019165,6.309999942779541,6.309999942779541,18100
2004-01-16,6.300000190734863,6.389999866485596,6.289999961853027,6.289999961853027,6.289999961853027,3500
2004-01-20,6.28000020980835,6.699999809265137,6.28000020980835,6.699999809265137,6.699999809265137,12400
2004-01-21,6.599999904632568,6.699999809265137,6.449999809265137,6.659999847412109,6.659999847412109,3000
2004-01-22,6.690000057220459,6.690000057220459,6.550000190734863,6.550000190734863,6.550000190734863,6900
2004-01-23,6.5,6.510000228881836,6.349999904632568,6.429999828338623,6.429999828338623,3500
2004-01-26,6.349999904632568,6.400000095367432,6.25,6.400000095367432,6.400000095367432,1800
2004-01-27,6.400000095367432,6.400000095367432,6.199999809265137,6.25,6.25,3300
2004-01-28,6.25,6.25,6.0,6.0,6.0,7200
2004-01-29,5.949999809265137,6.099999904632568,5.949999809265137,6.099999904632568,6.099999904632568,3700
2004-01-30,6.050000190734863,6.150000095367432,6.019999980926514,6.150000095367432,6.150000095367432,5000
2004-02-02,6.099999904632568,6.099999904632568,5.949999809265137,5.949999809265137,5.949999809265137,4400
2004-02-03,5.849999904632568,5.900000095367432,5.829999923706055,5.849999904632568,5.849999904632568,800
2004-02-04,5.800000190734863,5.860000133514404,5.710000038146973,5.71999979019165,5.71999979019165,17700
2004-02-05,5.75,5.75,5.670000076293945,5.71999979019165,5.71999979019165,3700
2004-02-06,5.800000190734863,5.989999771118164,5.769999980926514,5.96999979019165,5.96999979019165,2800
2004-02-09,6.0,6.0,5.880000114440918,5.96999979019165,5.96999979019165,4500
2004-02-10,5.989999771118164,6.199999809265137,5.900000095367432,6.190000057220459,6.190000057220459,8400
2004-02-11,6.150000095367432,6.349999904632568,6.150000095367432,6.349999904632568,6.349999904632568,2000
2004-02-12,6.320000171661377,6.320000171661377,6.150000095367432,6.150000095367432,6.150000095367432,1600
2004-02-13,6.150000095367432,6.150000095367432,6.010000228881836,6.010000228881836,6.010000228881836,4500
2004-02-17,6.099999904632568,6.150000095367432,6.090000152587891,6.150000095367432,6.150000095367432,1800
2004-02-18,6.150000095367432,6.349999904632568,6.119999885559082,6.119999885559082,6.119999885559082,23300
2004-02-19,6.150000095367432,6.179999828338623,5.849999904632568,5.849999904632568,5.849999904632568,27700
2004-02-20,5.889999866485596,5.889999866485596,5.699999809265137,5.75,5.75,8300
2004-02-23,5.800000190734863,5.800000190734863,5.690000057220459,5.699999809265137,5.699999809265137,5200
2004-02-24,5.699999809265137,5.849999904632568,5.650000095367432,5.820000171661377,5.820000171661377,9500
2004-02-25,5.75,6.0,5.730000019073486,6.0,6.0,3500
2004-02-26,6.0,6.099999904632568,6.0,6.050000190734863,6.050000190734863,8200
2004-02-27,6.099999904632568,6.150000095367432,6.0,6.110000133514404,6.110000133514404,6100
2004-03-01,6.090000152587891,6.159999847412109,6.010000228881836,6.110000133514404,6.110000133514404,9000
2004-03-02,6.090000152587891,6.090000152587891,5.900000095367432,5.960000038146973,5.960000038146973,13700
2004-03-03,5.960000038146973,6.0,5.920000076293945,5.96999979019165,5.96999979019165,5700
2004-03-04,5.949999809265137,6.190000057220459,5.949999809265137,6.190000057220459,6.190000057220459,9800
2004-03-05,6.190000057220459,6.849999904632568,6.190000057220459,6.699999809265137,6.699999809265137,21800
2004-03-08,6.730000019073486,6.730000019073486,6.269999980926514,6.28000020980835,6.28000020980835,5100
2004-03-09,6.260000228881836,6.570000171661377,6.239999771118164,6.5,6.5,10700
2004-03-10,6.5,6.519999980926514,6.150000095367432,6.150000095367432,6.150000095367432,4200
2004-03-11,6.130000114440918,6.400000095367432,6.110000133514404,6.210000038146973,6.210000038146973,6900
2004-03-12,6.199999809265137,6.570000171661377,6.130000114440918,6.570000171661377,6.570000171661377,9800
2004-03-15,6.570000171661377,6.570000171661377,6.349999904632568,6.489999771118164,6.489999771118164,14500
2004-03-16,6.550000190734863,6.570000171661377,6.25,6.300000190734863,6.300000190734863,12100
2004-03-17,6.349999904632568,6.570000171661377,6.349999904632568,6.550000190734863,6.550000190734863,10500
2004-03-18,6.449999809265137,6.449999809265137,6.28000020980835,6.440000057220459,6.440000057220459,3400
2004-03-19,6.5,6.5,6.170000076293945,6.28000020980835,6.28000020980835,10200
2004-03-22,6.28000020980835,6.28000020980835,5.96999979019165,5.980000019073486,5.980000019073486,13000
2004-03-23,6.050000190734863,6.369999885559082,6.0,6.119999885559082,6.119999885559082,5900
2004-03-24,6.050000190734863,6.300000190734863,5.96999979019165,6.150000095367432,6.150000095367432,14900
2004-03-25,6.050000190734863,6.300000190734863,6.050000190734863,6.300000190734863,6.300000190734863,13700
2004-03-26,6.269999980926514,6.449999809265137,6.269999980926514,6.449999809265137,6.449999809265137,1100
2004-03-29,6.550000190734863,6.849999904632568,6.449999809265137,6.849999904632568,6.849999904632568,5100
2004-03-30,6.849999904632568,6.849999904632568,6.849999904632568,6.849999904632568,6.849999904632568,700
2004-03-31,6.75,6.849999904632568,6.599999904632568,6.849999904632568,6.849999904632568,5600
2004-04-01,6.800000190734863,7.0,6.650000095367432,6.849999904632568,6.849999904632568,5900
2004-04-02,6.949999809265137,7.0,6.889999866485596,6.900000095367432,6.900000095367432,9300
2004-04-05,6.949999809265137,7.0,6.900000095367432,6.940000057220459,6.940000057220459,5800
2004-04-06,6.940000057220459,6.940000057220459,6.590000152587891,6.590000152587891,6.590000152587891,16100
2004-04-07,6.550000190734863,6.550000190734863,6.400000095367432,6.550000190734863,6.550000190734863,10200
2004-04-08,6.650000095367432,6.699999809265137,6.599999904632568,6.599999904632568,6.599999904632568,2700
2004-04-12,6.650000095367432,6.670000076293945,6.550000190734863,6.559999942779541,6.559999942779541,3100
2004-04-13,6.599999904632568,6.599999904632568,6.300000190734863,6.349999904632568,6.349999904632568,5900
2004-04-14,6.25,6.329999923706055,6.159999847412109,6.21999979019165,6.21999979019165,7000
2004-04-15,6.25,6.269999980926514,6.110000133514404,6.179999828338623,6.179999828338623,10300
2004-04-16,6.199999809265137,6.349999904632568,6.099999904632568,6.340000152587891,6.340000152587891,4700
2004-04-19,6.25,6.25,6.110000133514404,6.21999979019165,6.21999979019165,7800
2004-04-20,6.21999979019165,6.349999904632568,6.179999828338623,6.179999828338623,6.179999828338623,11000
2004-04-21,6.099999904632568,6.349999904632568,6.050000190734863,6.349999904632568,6.349999904632568,6200
2004-04-22,6.349999904632568,6.5,6.309999942779541,6.420000076293945,6.420000076293945,6600
2004-04-23,6.320000171661377,6.550000190734863,6.300000190734863,6.550000190734863,6.550000190734863,3900
2004-04-26,6.550000190734863,6.900000095367432,6.550000190734863,6.900000095367432,6.900000095367432,6700
2004-04-27,6.900000095367432,7.139999866485596,6.809999942779541,7.139999866485596,7.139999866485596,23100
2004-04-28,7.039999961853027,7.239999771118164,7.039999961853027,7.150000095367432,7.150000095367432,11600
2004-04-29,7.199999809265137,7.25,7.050000190734863,7.199999809265137,7.199999809265137,24100
2004-04-30,7.230000019073486,7.25,7.119999885559082,7.210000038146973,7.210000038146973,9800
2004-05-03,7.239999771118164,7.489999771118164,7.230000019073486,7.460000038146973,7.460000038146973,11600
2004-05-04,7.440000057220459,7.630000114440918,7.400000095367432,7.5,7.5,11200
2004-05-05,7.5,7.53000020980835,7.409999847412109,7.5,7.5,7900
2004-05-06,7.400000095367432,7.550000190734863,7.21999979019165,7.510000228881836,7.510000228881836,18500
2004-05-07,7.400000095367432,7.539999961853027,7.360000133514404,7.360000133514404,7.360000133514404,15300
2004-05-10,7.260000228881836,7.550000190734863,7.210000038146973,7.260000228881836,7.260000228881836,17000
2004-05-11,7.300000190734863,7.5,7.25,7.5,7.5,12200
2004-05-12,7.449999809265137,7.550000190734863,7.329999923706055,7.489999771118164,7.489999771118164,24500
2004-05-13,7.539999961853027,7.599999904632568,7.400000095367432,7.599999904632568,7.599999904632568,17000
2004-05-14,7.550000190734863,7.699999809265137,7.550000190734863,7.699999809265137,7.699999809265137,14900
2004-05-17,7.699999809265137,7.800000190734863,7.559999942779541,7.71999979019165,7.71999979019165,23300
2004-05-18,7.800000190734863,7.849999904632568,7.730000019073486,7.75,7.75,10700
2004-05-19,7.889999866485596,7.900000095367432,7.800000190734863,7.800000190734863,7.800000190734863,10700
2004-05-20,7.800000190734863,7.900000095367432,7.670000076293945,7.679999828338623,7.679999828338623,14300
2004-05-21,7.679999828338623,7.929999828338623,7.679999828338623,7.920000076293945,7.920000076293945,12900
2004-05-24,7.940000057220459,8.260000228881836,7.940000057220459,8.260000228881836,8.260000228881836,12700
2004-05-25,8.199999809265137,8.479999542236328,8.170000076293945,8.470000267028809,8.470000267028809,11300
2004-05-26,8.479999542236328,8.479999542236328,8.270000457763672,8.319999694824219,8.319999694824219,7500
2004-05-27,8.350000381469727,8.4399995803833,8.260000228881836,8.430000305175781,8.430000305175781,29500
2004-05-28,8.399999618530273,8.5,8.399999618530273,8.4399995803833,8.4399995803833,42700
2004-06-01,8.399999618530273,8.449999809265137,8.289999961853027,8.319999694824219,8.319999694824219,17200
2004-06-02,8.399999618530273,8.399999618530273,8.260000228881836,8.279999732971191,8.279999732971191,5900
2004-06-03,8.199999809265137,8.199999809265137,8.010000228881836,8.010000228881836,8.010000228881836,8800
2004-06-04,8.050000190734863,8.140000343322754,7.96999979019165,7.980000019073486,7.980000019073486,8400
2004-06-07,8.020000457763672,8.4399995803833,7.900000095367432,8.4399995803833,8.4399995803833,8400
2004-06-08,8.300000190734863,8.329999923706055,8.199999809265137,8.300000190734863,8.300000190734863,2900
2004-06-09,8.289999961853027,8.300000190734863,8.199999809265137,8.270000457763672,8.270000457763672,10300
2004-06-10,8.270000457763672,8.270000457763672,8.170000076293945,8.199999809265137,8.199999809265137,22900
2004-06-14,8.199999809265137,8.199999809265137,7.820000171661377,7.829999923706055,7.829999923706055,29600
2004-06-15,7.929999828338623,8.479999542236328,7.900000095367432,8.100000381469727,8.100000381469727,15200
2004-06-16,8.100000381469727,8.229999542236328,8.050000190734863,8.100000381469727,8.100000381469727,12600
2004-06-17,8.100000381469727,8.119999885559082,7.809999942779541,8.100000381469727,8.100000381469727,5700
2004-06-18,8.100000381469727,8.149999618530273,7.96999979019165,8.130000114440918,8.130000114440918,23400
2004-06-21,8.0,8.199999809265137,7.949999809265137,8.180000305175781,8.180000305175781,5600
2004-06-22,8.050000190734863,8.050000190734863,7.829999923706055,7.949999809265137,7.949999809265137,16200
2004-06-23,8.0,8.100000381469727,7.889999866485596,8.050000190734863,8.050000190734863,11400
2004-06-24,8.149999618530273,8.34000015258789,8.149999618530273,8.149999618530273,8.149999618530273,10900
2004-06-25,8.0,8.449999809265137,8.0,8.449999809265137,8.449999809265137,86200
2004-06-28,8.350000381469727,8.460000038146973,8.300000190734863,8.399999618530273,8.399999618530273,15200
2004-06-29,8.40999984741211,8.520000457763672,8.350000381469727,8.489999771118164,8.489999771118164,24200
2004-06-30,8.600000381469727,8.699999809265137,8.5,8.699999809265137,8.699999809265137,10000
2004-07-01,8.699999809265137,8.699999809265137,8.199999809265137,8.3100004196167,8.3100004196167,11300
2004-07-02,8.3100004196167,8.350000381469727,8.25,8.3100004196167,8.3100004196167,3400
2004-07-06,8.199999809265137,8.199999809265137,7.949999809265137,7.96999979019165,7.96999979019165,7700
2004-07-07,7.96999979019165,8.050000190734863,7.949999809265137,7.949999809265137,7.949999809265137,8600
2004-07-08,7.849999904632568,8.0,7.760000228881836,7.960000038146973,7.960000038146973,19200
2004-07-09,8.0,8.0,7.78000020980835,7.949999809265137,7.949999809265137,6100
2004-07-12,7.849999904632568,7.989999771118164,7.809999942779541,7.900000095367432,7.900000095367432,3500
2004-07-13,7.809999942779541,7.880000114440918,7.78000020980835,7.78000020980835,7.78000020980835,4600
2004-07-14,7.650000095367432,7.78000020980835,7.650000095367432,7.75,7.75,3900
2004-07-15,7.75,7.75,7.690000057220459,7.690000057220459,7.690000057220459,3900
2004-07-16,7.690000057220459,7.690000057220459,7.5,7.590000152587891,7.590000152587891,10200
2004-07-19,7.510000228881836,7.590000152587891,7.5,7.5,7.5,8100
2004-07-20,7.599999904632568,7.820000171661377,7.599999904632568,7.679999828338623,7.679999828338623,20500
2004-07-21,7.75,7.75,7.599999904632568,7.599999904632568,7.599999904632568,13500
2004-07-22,7.599999904632568,7.599999904632568,7.510000228881836,7.599999904632568,7.599999904632568,11700
2004-07-23,7.519999980926514,7.550000190734863,7.5,7.5,7.5,8900
2004-07-26,7.460000038146973,7.550000190734863,7.449999809265137,7.449999809265137,7.449999809265137,14100
2004-07-27,7.5,7.650000095367432,7.460000038146973,7.599999904632568,7.599999904632568,5900
2004-07-28,7.5,7.599999904632568,7.460000038146973,7.550000190734863,7.550000190734863,9500
2004-07-29,7.599999904632568,7.849999904632568,7.5,7.809999942779541,7.809999942779541,30300
2004-07-30,7.849999904632568,7.949999809265137,7.699999809265137,7.849999904632568,7.849999904632568,4200
2004-08-02,7.800000190734863,7.829999923706055,7.590000152587891,7.800000190734863,7.800000190734863,14500
2004-08-03,7.849999904632568,7.889999866485596,7.769999980926514,7.769999980926514,7.769999980926514,12600
2004-08-04,7.650000095367432,8.020000457763672,7.46999979019165,7.949999809265137,7.949999809265137,17500
2004-08-05,7.900000095367432,7.900000095367432,7.710000038146973,7.760000228881836,7.760000228881836,18900
2004-08-06,7.650000095367432,7.699999809265137,7.539999961853027,7.579999923706055,7.579999923706055,11600
2004-08-09,7.53000020980835,7.659999847412109,7.349999904632568,7.46999979019165,7.46999979019165,17000
2004-08-10,7.550000190734863,7.78000020980835,7.550000190734863,7.769999980926514,7.769999980926514,8200
2004-08-11,7.670000076293945,7.75,7.599999904632568,7.75,7.75,8700
2004-08-12,7.650000095367432,7.75,7.559999942779541,7.630000114440918,7.630000114440918,7000
2004-08-13,7.699999809265137,7.769999980926514,7.690000057220459,7.71999979019165,7.71999979019165,4800
2004-08-16,7.75,7.78000020980835,7.670000076293945,7.710000038146973,7.710000038146973,9800
2004-08-17,7.739999771118164,7.739999771118164,7.619999885559082,7.619999885559082,7.619999885559082,2800
2004-08-18,7.550000190734863,7.75,7.550000190734863,7.650000095367432,7.650000095367432,6300
2004-08-19,7.599999904632568,7.739999771118164,7.579999923706055,7.599999904632568,7.599999904632568,2900
2004-08-20,7.650000095367432,7.78000020980835,7.449999809265137,7.78000020980835,7.78000020980835,11600
2004-08-23,7.730000019073486,7.849999904632568,7.610000133514404,7.650000095367432,7.650000095367432,12800
2004-08-24,7.659999847412109,7.659999847412109,7.630000114440918,7.650000095367432,7.650000095367432,2500
2004-08-25,7.639999866485596,7.659999847412109,7.619999885559082,7.659999847412109,7.659999847412109,3100
2004-08-26,7.599999904632568,7.659999847412109,7.550000190734863,7.550000190734863,7.550000190734863,1900
2004-08-27,7.579999923706055,7.699999809265137,7.550000190734863,7.690000057220459,7.690000057220459,3400
2004-08-30,7.650000095367432,7.650000095367432,7.550000190734863,7.639999866485596,7.639999866485596,3800
2004-08-31,7.639999866485596,7.75,7.550000190734863,7.75,7.75,4800
2004-09-01,7.699999809265137,7.699999809265137,7.340000152587891,7.590000152587891,7.590000152587891,15500
2004-09-02,7.5,7.699999809265137,7.5,7.699999809265137,7.699999809265137,4300
2004-09-03,7.739999771118164,7.920000076293945,7.610000133514404,7.909999847412109,7.909999847412109,14400
2004-09-07,7.949999809265137,8.0,7.75,7.849999904632568,7.849999904632568,6900
2004-09-08,7.900000095367432,8.050000190734863,7.900000095367432,7.949999809265137,7.949999809265137,5400
2004-09-09,8.0,8.069999694824219,7.949999809265137,8.069999694824219,8.069999694824219,30100
2004-09-10,8.0,8.199999809265137,8.0,8.199999809265137,8.199999809265137,4100
2004-09-13,8.149999618530273,8.25,8.100000381469727,8.25,8.25,2700
2004-09-14,8.199999809265137,8.199999809265137,8.0,8.0600004196167,8.0600004196167,22400
2004-09-15,8.050000190734863,8.050000190734863,7.900000095367432,7.989999771118164,7.989999771118164,1400
2004-09-16,8.100000381469727,8.25,8.100000381469727,8.25,8.25,3600
2004-09-17,8.25,8.25,8.0,8.100000381469727,8.100000381469727,17500
2004-09-20,8.100000381469727,8.199999809265137,8.050000190734863,8.100000381469727,8.100000381469727,2400
2004-09-21,8.039999961853027,8.300000190734863,8.039999961853027,8.300000190734863,8.300000190734863,4400
2004-09-22,8.25,8.25,7.699999809265137,7.800000190734863,7.800000190734863,12600
2004-09-23,7.900000095367432,7.949999809265137,7.75,7.75,7.75,5100
2004-09-24,7.789999961853027,7.789999961853027,7.75,7.75,7.75,300
2004-09-27,7.699999809265137,7.800000190734863,7.690000057220459,7.71999979019165,7.71999979019165,2700
2004-09-28,7.78000020980835,7.78000020980835,7.699999809265137,7.75,7.75,2500
2004-09-29,7.800000190734863,8.039999961853027,7.800000190734863,8.039999961853027,8.039999961853027,4700
2004-09-30,7.949999809265137,8.0,7.900000095367432,8.0,8.0,3300
2004-10-01,8.050000190734863,8.350000381469727,8.050000190734863,8.350000381469727,8.350000381469727,41400
2004-10-04,8.25,8.40999984741211,8.050000190734863,8.300000190734863,8.300000190734863,10700
2004-10-05,8.289999961853027,8.289999961853027,8.199999809265137,8.199999809265137,8.199999809265137,900
2004-10-06,8.199999809265137,8.199999809265137,8.0,8.1899995803833,8.1899995803833,12500
2004-10-07,8.100000381469727,8.100000381469727,7.900000095367432,7.900000095367432,7.900000095367432,2800
2004-10-08,7.900000095367432,7.96999979019165,7.820000171661377,7.820000171661377,7.820000171661377,4600
2004-10-11,7.730000019073486,7.900000095367432,7.659999847412109,7.900000095367432,7.900000095367432,3700
2004-10-12,7.849999904632568,8.09000015258789,7.849999904632568,8.050000190734863,8.050000190734863,2200
2004-10-13,8.149999618530273,8.149999618530273,7.599999904632568,7.699999809265137,7.699999809265137,5300
2004-10-14,7.659999847412109,7.699999809265137,7.550000190734863,7.550000190734863,7.550000190734863,7400
2004-10-15,7.550000190734863,8.149999618530273,7.550000190734863,8.100000381469727,8.100000381469727,4300
2004-10-18,8.0,8.199999809265137,7.880000114440918,8.100000381469727,8.100000381469727,6300
2004-10-19,8.1899995803833,8.1899995803833,7.949999809265137,7.949999809265137,7.949999809265137,3700
2004-10-20,7.900000095367432,8.050000190734863,7.800000190734863,8.050000190734863,8.050000190734863,2200
2004-10-21,8.079999923706055,8.199999809265137,8.0,8.109999656677246,8.109999656677246,3200
2004-10-22,8.149999618530273,8.199999809265137,7.670000076293945,7.699999809265137,7.699999809265137,5800
2004-10-25,7.599999904632568,8.050000190734863,7.599999904632568,8.0,8.0,5100
2004-10-26,8.100000381469727,8.239999771118164,8.0,8.239999771118164,8.239999771118164,8400
2004-10-27,8.239999771118164,8.420000076293945,8.100000381469727,8.399999618530273,8.399999618530273,15400
2004-10-28,8.300000190734863,8.390000343322754,8.050000190734863,8.25,8.25,6100
2004-10-29,8.199999809265137,8.399999618530273,8.199999809265137,8.3100004196167,8.3100004196167,24800
2004-11-01,8.3100004196167,8.3100004196167,8.069999694824219,8.100000381469727,8.100000381469727,6000
2004-11-02,8.100000381469727,8.350000381469727,7.829999923706055,7.900000095367432,7.900000095367432,14100
2004-11-03,8.050000190734863,8.300000190734863,8.050000190734863,8.09000015258789,8.09000015258789,5600
2004-11-04,8.079999923706055,8.260000228881836,8.079999923706055,8.149999618530273,8.149999618530273,6400
2004-11-05,8.25,8.289999961853027,8.079999923706055,8.199999809265137,8.199999809265137,6000
2004-11-08,8.229999542236328,8.229999542236328,8.0,8.050000190734863,8.050000190734863,7400
2004-11-09,8.100000381469727,8.5,8.100000381469727,8.5,8.5,4800
2004-11-10,8.430000305175781,8.75,8.3100004196167,8.6899995803833,8.6899995803833,13900
2004-11-11,8.6899995803833,8.800000190734863,8.680000305175781,8.800000190734863,8.800000190734863,11800
2004-11-12,8.800000190734863,8.829999923706055,8.649999618530273,8.800000190734863,8.800000190734863,17200
2004-11-15,8.699999809265137,8.699999809265137,8.5,8.539999961853027,8.539999961853027,1000
2004-11-16,8.449999809265137,8.489999771118164,8.25,8.289999961853027,8.289999961853027,3000
2004-11-17,8.449999809265137,8.550000190734863,8.449999809265137,8.449999809265137,8.449999809265137,47100
2004-11-18,8.350000381469727,8.399999618530273,8.300000190734863,8.399999618530273,8.399999618530273,1500
2004-11-19,8.350000381469727,8.350000381469727,8.15999984741211,8.199999809265137,8.199999809265137,2500
2004-11-22,8.300000190734863,8.399999618530273,8.300000190734863,8.399999618530273,8.399999618530273,7700
2004-11-23,8.5,8.5,8.300000190734863,8.350000381469727,8.350000381469727,4600
2004-11-24,8.399999618530273,8.399999618530273,8.380000114440918,8.399999618530273,8.399999618530273,5600
2004-11-26,8.399999618530273,8.399999618530273,8.34000015258789,8.34000015258789,8.34000015258789,500
2004-11-29,8.390000343322754,8.550000190734863,8.350000381469727,8.529999732971191,8.529999732971191,8000
2004-11-30,8.5,8.5,8.40999984741211,8.40999984741211,8.40999984741211,2600
2004-12-01,8.550000190734863,8.600000381469727,8.529999732971191,8.550000190734863,8.550000190734863,13400
2004-12-02,8.5,8.59000015258789,8.5,8.59000015258789,8.59000015258789,5000
2004-12-03,8.5,8.579999923706055,8.319999694824219,8.319999694824219,8.319999694824219,2300
2004-12-06,8.319999694824219,8.399999618530273,8.300000190734863,8.350000381469727,8.350000381469727,4000
2004-12-07,8.300000190734863,8.300000190734863,7.949999809265137,7.949999809265137,7.949999809265137,18700
2004-12-08,7.949999809265137,8.25,7.949999809265137,8.149999618530273,8.149999618530273,7100
2004-12-09,8.100000381469727,8.300000190734863,8.050000190734863,8.300000190734863,8.300000190734863,5400
2004-12-10,8.25,8.420000076293945,8.25,8.380000114440918,8.380000114440918,10700
2004-12-13,8.5,8.5,8.420000076293945,8.449999809265137,8.449999809265137,7000
2004-12-14,8.470000267028809,8.489999771118164,8.40999984741211,8.449999809265137,8.449999809265137,4300
2004-12-15,8.5,8.600000381469727,8.449999809265137,8.569999694824219,8.569999694824219,4800
2004-12-16,8.5,8.5,8.300000190734863,8.3100004196167,8.3100004196167,1800
2004-12-17,8.300000190734863,8.5,8.300000190734863,8.40999984741211,8.40999984741211,11000
2004-12-20,8.399999618530273,8.649999618530273,8.399999618530273,8.649999618530273,8.649999618530273,19600
2004-12-21,8.680000305175781,8.6899995803833,8.300000190734863,8.529999732971191,8.529999732971191,7900
2004-12-22,8.5,8.729999542236328,8.5,8.619999885559082,8.619999885559082,9100
2004-12-23,8.630000114440918,8.640000343322754,8.630000114440918,8.640000343322754,8.640000343322754,300
2004-12-27,8.640000343322754,8.640000343322754,8.390000343322754,8.609999656677246,8.609999656677246,9200
2004-12-28,8.649999618530273,8.6899995803833,8.609999656677246,8.640000343322754,8.640000343322754,13500
2004-12-29,8.600000381469727,8.600000381469727,8.510000228881836,8.510000228881836,8.510000228881836,2100
2004-12-30,8.5,8.5,8.350000381469727,8.489999771118164,8.489999771118164,16400
2004-12-31,8.390000343322754,8.449999809265137,8.300000190734863,8.359999656677246,8.359999656677246,23800
2005-01-03,8.369999885559082,8.369999885559082,8.100000381469727,8.1899995803833,8.1899995803833,7300
2005-01-04,8.25,8.300000190734863,7.940000057220459,7.949999809265137,7.949999809265137,11700
2005-01-05,7.900000095367432,8.289999961853027,7.900000095367432,8.0,8.0,22600
2005-01-06,7.949999809265137,7.989999771118164,7.920000076293945,7.940000057220459,7.940000057220459,8900
2005-01-07,8.0,8.0,7.849999904632568,7.940000057220459,7.940000057220459,18100
2005-01-10,7.909999847412109,8.100000381469727,7.900000095367432,7.909999847412109,7.909999847412109,5500
2005-01-11,7.900000095367432,8.0,7.599999904632568,8.0,8.0,31200
2005-01-12,8.0,8.0,7.739999771118164,7.949999809265137,7.949999809265137,8900
2005-01-13,7.900000095367432,7.989999771118164,7.730000019073486,7.989999771118164,7.989999771118164,13400
2005-01-14,8.100000381469727,8.140000343322754,7.940000057220459,8.050000190734863,8.050000190734863,6400
2005-01-18,8.0,8.140000343322754,8.0,8.119999885559082,8.119999885559082,6500
2005-01-19,8.199999809265137,8.199999809265137,8.0,8.029999732971191,8.029999732971191,9200
2005-01-20,7.909999847412109,7.989999771118164,7.800000190734863,7.96999979019165,7.96999979019165,27500
2005-01-21,7.96999979019165,7.96999979019165,7.840000152587891,7.940000057220459,7.940000057220459,11400
2005-01-24,7.940000057220459,8.0,7.550000190734863,7.610000133514404,7.610000133514404,51200
2005-01-25,7.650000095367432,7.809999942779541,7.619999885559082,7.699999809265137,7.699999809265137,14700
2005-01-26,7.730000019073486,7.900000095367432,7.730000019073486,7.849999904632568,7.849999904632568,3000
2005-01-27,7.900000095367432,7.900000095367432,7.510000228881836,7.690000057220459,7.690000057220459,20000
2005-01-28,7.699999809265137,7.739999771118164,7.599999904632568,7.739999771118164,7.739999771118164,4800
2005-01-31,7.840000152587891,7.929999828338623,7.840000152587891,7.920000076293945,7.920000076293945,9800
2005-02-01,7.889999866485596,8.0,7.889999866485596,7.989999771118164,7.989999771118164,2900
2005-02-02,7.989999771118164,7.989999771118164,7.610000133514404,7.739999771118164,7.739999771118164,7200
2005-02-03,7.699999809265137,7.699999809265137,7.53000020980835,7.590000152587891,7.590000152587891,8600
2005-02-04,7.550000190734863,7.900000095367432,7.550000190734863,7.900000095367432,7.900000095367432,8100
2005-02-07,7.949999809265137,7.949999809265137,7.949999809265137,7.949999809265137,7.949999809265137,100
2005-02-08,7.949999809265137,7.980000019073486,7.949999809265137,7.980000019073486,7.980000019073486,1700
2005-02-09,7.980000019073486,7.980000019073486,7.670000076293945,7.670000076293945,7.670000076293945,7400
2005-02-10,7.650000095367432,7.690000057220459,7.559999942779541,7.650000095367432,7.650000095367432,8000
2005-02-11,7.570000171661377,7.75,7.550000190734863,7.650000095367432,7.650000095367432,15200
2005-02-14,7.699999809265137,7.699999809265137,7.579999923706055,7.699999809265137,7.699999809265137,3900
2005-02-15,7.699999809265137,7.699999809265137,7.300000190734863,7.599999904632568,7.599999904632568,19400
2005-02-16,7.599999904632568,7.75,7.599999904632568,7.739999771118164,7.739999771118164,18400
2005-02-17,7.699999809265137,7.699999809265137,7.570000171661377,7.590000152587891,7.590000152587891,13600
2005-02-18,7.599999904632568,7.599999904632568,7.429999828338623,7.539999961853027,7.539999961853027,16600
2005-02-22,7.5,7.5,7.300000190734863,7.440000057220459,7.440000057220459,16300
2005-02-23,7.449999809265137,7.550000190734863,7.429999828338623,7.5,7.5,8800
2005-02-24,7.46999979019165,7.650000095367432,7.389999866485596,7.599999904632568,7.599999904632568,7600
2005-02-25,7.590000152587891,7.699999809265137,7.590000152587891,7.699999809265137,7.699999809265137,18000
2005-02-28,7.699999809265137,7.699999809265137,7.639999866485596,7.690000057220459,7.690000057220459,7900
2005-03-01,7.710000038146973,7.710000038146973,7.5,7.510000228881836,7.510000228881836,7100
2005-03-02,7.449999809265137,7.519999980926514,7.369999885559082,7.369999885559082,7.369999885559082,13600
2005-03-03,7.429999828338623,7.539999961853027,7.400000095367432,7.46999979019165,7.46999979019165,4800
2005-03-04,7.46999979019165,7.46999979019165,7.46999979019165,7.46999979019165,7.46999979019165,0
2005-03-07,7.539999961853027,7.550000190734863,7.420000076293945,7.460000038146973,7.460000038146973,3600
2005-03-08,7.400000095367432,7.400000095367432,7.28000020980835,7.300000190734863,7.300000190734863,8000
2005-03-09,7.300000190734863,7.389999866485596,7.269999980926514,7.309999942779541,7.309999942779541,12100
2005-03-10,7.25,7.400000095367432,7.199999809265137,7.400000095367432,7.400000095367432,19900
2005-03-11,7.380000114440918,7.389999866485596,7.349999904632568,7.349999904632568,7.349999904632568,4600
2005-03-14,7.269999980926514,7.349999904632568,7.239999771118164,7.349999904632568,7.349999904632568,18700
2005-03-15,7.349999904632568,7.369999885559082,7.239999771118164,7.239999771118164,7.239999771118164,6200
2005-03-16,7.239999771118164,7.25,7.199999809265137,7.210000038146973,7.210000038146973,16000
2005-03-17,7.25,7.300000190734863,7.199999809265137,7.300000190734863,7.300000190734863,6000
2005-03-18,7.400000095367432,7.400000095367432,7.199999809265137,7.210000038146973,7.210000038146973,44500
2005-03-21,7.210000038146973,7.300000190734863,7.179999828338623,7.300000190734863,7.300000190734863,4900
2005-03-22,7.300000190734863,7.349999904632568,7.179999828338623,7.28000020980835,7.28000020980835,10200
2005-03-23,7.25,7.25,6.929999828338623,7.03000020980835,7.03000020980835,26500
2005-03-24,7.050000190734863,7.199999809265137,7.050000190734863,7.119999885559082,7.119999885559082,1100
2005-03-28,7.25,7.289999961853027,7.210000038146973,7.21999979019165,7.21999979019165,5400
2005-03-29,7.150000095367432,7.179999828338623,6.809999942779541,6.809999942779541,6.809999942779541,27500
2005-03-30,6.789999961853027,6.940000057220459,6.789999961853027,6.940000057220459,6.940000057220459,5600
2005-03-31,6.940000057220459,7.050000190734863,6.809999942779541,7.050000190734863,7.050000190734863,9900
2005-04-01,7.050000190734863,7.150000095367432,6.710000038146973,6.920000076293945,6.920000076293945,24400
2005-04-04,7.0,7.5,7.0,7.480000019073486,7.480000019073486,16200
2005-04-05,7.480000019073486,7.480000019073486,7.400000095367432,7.449999809265137,7.449999809265137,2800
2005-04-06,7.5,7.659999847412109,7.449999809265137,7.5,7.5,1500
2005-04-07,7.400000095367432,7.400000095367432,7.210000038146973,7.21999979019165,7.21999979019165,1100
2005-04-08,7.25,7.25,6.949999809265137,6.980000019073486,6.980000019073486,8500
2005-04-11,7.03000020980835,7.03000020980835,6.75,6.75,6.75,7500
2005-04-12,6.699999809265137,6.900000095367432,6.559999942779541,6.75,6.75,30500
2005-04-13,6.699999809265137,6.699999809265137,6.599999904632568,6.610000133514404,6.610000133514404,11900
2005-04-14,6.610000133514404,6.75,6.610000133514404,6.650000095367432,6.650000095367432,2800
2005-04-15,6.659999847412109,6.710000038146973,6.599999904632568,6.699999809265137,6.699999809265137,17100
2005-04-18,6.630000114440918,6.690000057220459,6.599999904632568,6.659999847412109,6.659999847412109,7700
2005-04-19,6.699999809265137,6.78000020980835,6.630000114440918,6.71999979019165,6.71999979019165,10300
2005-04-20,6.650000095367432,6.690000057220459,6.539999961853027,6.599999904632568,6.599999904632568,31100
2005-04-21,6.699999809265137,7.079999923706055,6.610000133514404,6.96999979019165,6.96999979019165,12800
2005-04-22,6.900000095367432,6.900000095367432,6.599999904632568,6.610000133514404,6.610000133514404,18600
2005-04-25,6.650000095367432,6.699999809265137,6.599999904632568,6.599999904632568,6.599999904632568,12100
2005-04-26,6.599999904632568,6.599999904632568,6.300000190734863,6.309999942779541,6.309999942779541,29100
2005-04-27,6.300000190734863,6.460000038146973,6.190000057220459,6.260000228881836,6.260000228881836,41200
2005-04-28,6.260000228881836,6.300000190734863,6.199999809265137,6.199999809265137,6.199999809265137,27900
2005-04-29,6.150000095367432,6.440000057220459,6.039999961853027,6.199999809265137,6.199999809265137,30900
2005-05-02,6.25,6.360000133514404,6.210000038146973,6.300000190734863,6.300000190734863,27400
2005-05-03,6.349999904632568,6.409999847412109,6.179999828338623,6.25,6.25,18500
2005-05-04,6.300000190734863,6.440000057220459,6.239999771118164,6.389999866485596,6.389999866485596,11200
2005-05-05,6.449999809265137,6.489999771118164,6.360000133514404,6.369999885559082,6.369999885559082,7400
2005-05-06,6.400000095367432,6.400000095367432,6.21999979019165,6.230000019073486,6.230000019073486,34200
2005-05-09,6.199999809265137,6.25,6.150000095367432,6.21999979019165,6.21999979019165,23800
2005-05-10,6.179999828338623,6.239999771118164,6.099999904632568,6.139999866485596,6.139999866485596,26900
2005-05-11,6.150000095367432,6.150000095367432,6.070000171661377,6.110000133514404,6.110000133514404,18600
2005-05-12,6.110000133514404,6.110000133514404,6.0,6.010000228881836,6.010000228881836,38400
2005-05-13,6.019999980926514,6.110000133514404,6.0,6.019999980926514,6.019999980926514,43200
2005-05-16,6.099999904632568,6.199999809265137,6.0,6.150000095367432,6.150000095367432,28000
2005-05-17,6.099999904632568,6.25,6.0,6.199999809265137,6.199999809265137,5600
2005-05-18,6.300000190734863,6.389999866485596,5.909999847412109,6.079999923706055,6.079999923706055,27400
2005-05-19,6.050000190734863,6.099999904632568,6.010000228881836,6.039999961853027,6.039999961853027,12500
2005-05-20,6.099999904632568,6.130000114440918,6.0,6.03000020980835,6.03000020980835,26300
2005-05-23,6.039999961853027,6.260000228881836,6.039999961853027,6.199999809265137,6.199999809265137,11500
2005-05-24,6.25,6.5,6.230000019073486,6.429999828338623,6.429999828338623,14000
2005-05-25,6.400000095367432,6.5,6.289999961853027,6.389999866485596,6.389999866485596,21700
2005-05-26,6.389999866485596,6.590000152587891,6.389999866485596,6.550000190734863,6.550000190734863,13200
2005-05-27,6.550000190734863,6.559999942779541,6.369999885559082,6.420000076293945,6.420000076293945,4600
2005-05-31,6.449999809265137,6.730000019073486,6.449999809265137,6.659999847412109,6.659999847412109,10200
2005-06-01,6.610000133514404,7.090000152587891,6.599999904632568,6.900000095367432,6.900000095367432,21700
2005-06-02,6.849999904632568,7.150000095367432,6.849999904632568,6.949999809265137,6.949999809265137,22400
2005-06-03,6.909999847412109,6.909999847412109,6.860000133514404,6.860000133514404,6.860000133514404,6500
2005-06-06,6.840000152587891,6.900000095367432,6.840000152587891,6.849999904632568,6.849999904632568,4500
2005-06-07,6.840000152587891,7.119999885559082,6.71999979019165,7.03000020980835,7.03000020980835,42200
2005-06-08,6.900000095367432,6.929999828338623,6.579999923706055,6.679999828338623,6.679999828338623,15400
2005-06-09,6.849999904632568,6.849999904632568,6.510000228881836,6.590000152587891,6.590000152587891,12900
2005-06-10,6.650000095367432,6.650000095367432,6.369999885559082,6.369999885559082,6.369999885559082,18800
2005-06-13,6.5,6.5,6.119999885559082,6.170000076293945,6.170000076293945,19000
2005-06-14,6.150000095367432,6.340000152587891,6.150000095367432,6.25,6.25,10500
2005-06-15,6.300000190734863,6.400000095367432,6.150000095367432,6.230000019073486,6.230000019073486,29700
2005-06-16,6.28000020980835,6.300000190734863,6.199999809265137,6.289999961853027,6.289999961853027,11400
2005-06-17,6.369999885559082,6.559999942779541,6.329999923706055,6.329999923706055,6.329999923706055,42300
2005-06-20,6.380000114440918,6.449999809265137,6.190000057220459,6.210000038146973,6.210000038146973,7800
2005-06-21,6.210000038146973,6.599999904632568,6.210000038146973,6.510000228881836,6.510000228881836,12100
2005-06-22,6.570000171661377,7.050000190734863,6.559999942779541,6.840000152587891,6.840000152587891,44200
2005-06-23,6.940000057220459,7.199999809265137,6.800000190734863,6.849999904632568,6.849999904632568,26500
2005-06-24,6.800000190734863,7.400000095367432,6.699999809265137,7.400000095367432,7.400000095367432,463700
2005-06-27,7.300000190734863,7.309999942779541,7.119999885559082,7.150000095367432,7.150000095367432,41500
2005-06-28,7.130000114440918,7.199999809265137,7.079999923706055,7.199999809265137,7.199999809265137,16600
2005-06-29,7.150000095367432,7.380000114440918,7.150000095367432,7.380000114440918,7.380000114440918,35800
2005-06-30,7.340000152587891,7.340000152587891,7.170000076293945,7.289999961853027,7.289999961853027,37000
2005-07-01,7.269999980926514,7.269999980926514,7.059999942779541,7.210000038146973,7.210000038146973,17800
2005-07-05,7.150000095367432,7.190000057220459,7.139999866485596,7.179999828338623,7.179999828338623,6000
2005-07-06,7.179999828338623,7.230000019073486,7.159999847412109,7.21999979019165,7.21999979019165,10000
2005-07-07,7.179999828338623,7.190000057220459,7.179999828338623,7.190000057220459,7.190000057220459,900
2005-07-08,7.25,7.400000095367432,7.25,7.300000190734863,7.300000190734863,3000
2005-07-11,7.25,7.329999923706055,7.21999979019165,7.21999979019165,7.21999979019165,13100
2005-07-12,7.21999979019165,7.300000190734863,7.199999809265137,7.25,7.25,12700
2005-07-13,7.25,7.28000020980835,7.25,7.25,7.25,10100
2005-07-14,7.300000190734863,7.300000190734863,7.25,7.25,7.25,11300
2005-07-15,7.150000095367432,7.349999904632568,7.150000095367432,7.340000152587891,7.340000152587891,8700
2005-07-18,7.269999980926514,7.320000171661377,7.260000228881836,7.320000171661377,7.320000171661377,2200
2005-07-19,7.25,7.389999866485596,7.25,7.320000171661377,7.320000171661377,12800
2005-07-20,7.309999942779541,7.400000095367432,7.300000190734863,7.300000190734863,7.300000190734863,10700
2005-07-21,7.289999961853027,7.340000152587891,7.289999961853027,7.340000152587891,7.340000152587891,6700
2005-07-22,7.309999942779541,7.340000152587891,7.28000020980835,7.289999961853027,7.289999961853027,8400
2005-07-25,7.289999961853027,7.300000190734863,7.210000038146973,7.300000190734863,7.300000190734863,13300
2005-07-26,7.28000020980835,7.360000133514404,7.28000020980835,7.309999942779541,7.309999942779541,1900
2005-07-27,7.300000190734863,7.449999809265137,7.300000190734863,7.449999809265137,7.449999809265137,11500
2005-07-28,7.440000057220459,7.579999923706055,7.440000057220459,7.570000171661377,7.570000171661377,12800
2005-07-29,7.559999942779541,7.619999885559082,7.550000190734863,7.550000190734863,7.550000190734863,11000
2005-08-01,7.550000190734863,7.619999885559082,7.409999847412109,7.550000190734863,7.550000190734863,4400
2005-08-02,7.559999942779541,7.659999847412109,7.519999980926514,7.659999847412109,7.659999847412109,3100
2005-08-03,7.559999942779541,7.639999866485596,7.460000038146973,7.630000114440918,7.630000114440918,4800
2005-08-04,7.699999809265137,7.75,7.659999847412109,7.739999771118164,7.739999771118164,14900
2005-08-05,7.75,7.78000020980835,7.699999809265137,7.699999809265137,7.699999809265137,14200
2005-08-08,7.710000038146973,8.1899995803833,7.699999809265137,8.010000228881836,8.010000228881836,24100
2005-08-09,8.100000381469727,8.25,8.100000381469727,8.25,8.25,17400
2005-08-10,8.350000381469727,8.399999618530273,8.319999694824219,8.399999618530273,8.399999618530273,1800
2005-08-11,8.25,8.399999618530273,8.25,8.390000343322754,8.390000343322754,3600
2005-08-12,8.300000190734863,8.300000190734863,8.25,8.260000228881836,8.260000228881836,6000
2005-08-15,8.270000457763672,8.539999961853027,8.270000457763672,8.399999618530273,8.399999618530273,11000
2005-08-16,8.319999694824219,8.319999694824219,8.119999885559082,8.130000114440918,8.130000114440918,6800
2005-08-17,8.119999885559082,8.119999885559082,8.119999885559082,8.119999885559082,8.119999885559082,300
2005-08-18,8.050000190734863,8.119999885559082,8.020000457763672,8.029999732971191,8.029999732971191,5000
2005-08-19,7.900000095367432,7.929999828338623,7.900000095367432,7.929999828338623,7.929999828338623,5100
2005-08-22,7.900000095367432,7.96999979019165,7.900000095367432,7.96999979019165,7.96999979019165,1700
2005-08-23,7.710000038146973,7.900000095367432,7.710000038146973,7.900000095367432,7.900000095367432,10600
2005-08-24,7.900000095367432,7.909999847412109,7.900000095367432,7.909999847412109,7.909999847412109,2600
2005-08-25,7.800000190734863,7.900000095367432,7.800000190734863,7.900000095367432,7.900000095367432,21500
2005-08-26,7.949999809265137,7.949999809265137,7.949999809265137,7.949999809265137,7.949999809265137,500
2005-08-29,7.949999809265137,7.949999809265137,7.949999809265137,7.949999809265137,7.949999809265137,0
2005-08-30,7.900000095367432,7.900000095367432,7.769999980926514,7.800000190734863,7.800000190734863,22600
2005-08-31,7.800000190734863,7.800000190734863,7.800000190734863,7.800000190734863,7.800000190734863,300
2005-09-01,7.800000190734863,7.900000095367432,7.800000190734863,7.900000095367432,7.900000095367432,2300
2005-09-02,7.889999866485596,7.900000095367432,7.880000114440918,7.900000095367432,7.900000095367432,5200
2005-09-06,7.889999866485596,7.889999866485596,7.889999866485596,7.889999866485596,7.889999866485596,800
2005-09-07,7.889999866485596,7.900000095367432,7.889999866485596,7.900000095367432,7.900000095367432,2600
2005-09-08,7.900000095367432,7.900000095367432,7.900000095367432,7.900000095367432,7.900000095367432,900
2005-09-09,7.980000019073486,8.0,7.900000095367432,7.909999847412109,7.909999847412109,8100
2005-09-12,7.900000095367432,7.909999847412109,7.900000095367432,7.900000095367432,7.900000095367432,3200
2005-09-13,7.900000095367432,7.920000076293945,7.900000095367432,7.920000076293945,7.920000076293945,10400
2005-09-14,7.909999847412109,7.909999847412109,7.900000095367432,7.900000095367432,7.900000095367432,4900
2005-09-15,7.900000095367432,7.989999771118164,7.900000095367432,7.989999771118164,7.989999771118164,3300
2005-09-16,7.989999771118164,7.989999771118164,7.980000019073486,7.989999771118164,7.989999771118164,3400
2005-09-19,7.989999771118164,7.989999771118164,7.989999771118164,7.989999771118164,7.989999771118164,0
2005-09-20,7.929999828338623,7.940000057220459,7.900000095367432,7.940000057220459,7.940000057220459,6200
2005-09-21,7.900000095367432,7.900000095367432,7.900000095367432,7.900000095367432,7.900000095367432,4000
2005-09-22,7.989999771118164,8.010000228881836,7.900000095367432,8.0,8.0,11100
2005-09-23,8.039999961853027,8.039999961853027,8.029999732971191,8.029999732971191,8.029999732971191,700
2005-09-26,7.949999809265137,7.960000038146973,7.949999809265137,7.960000038146973,7.960000038146973,1300
2005-09-27,7.96999979019165,7.96999979019165,7.96999979019165,7.96999979019165,7.96999979019165,1000
2005-09-28,7.96999979019165,7.980000019073486,7.900000095367432,7.949999809265137,7.949999809265137,3100
2005-09-29,7.960000038146973,7.960000038146973,7.909999847412109,7.909999847412109,7.909999847412109,2500
2005-09-30,8.0,8.0,7.96999979019165,7.96999979019165,7.96999979019165,4300
2005-10-03,7.920000076293945,7.949999809265137,7.920000076293945,7.949999809265137,7.949999809265137,300
2005-10-04,7.949999809265137,7.949999809265137,7.949999809265137,7.949999809265137,7.949999809265137,0
2005-10-05,7.949999809265137,7.960000038146973,7.829999923706055,7.949999809265137,7.949999809265137,9100
2005-10-06,7.980000019073486,7.980000019073486,7.820000171661377,7.820000171661377,7.820000171661377,5300
2005-10-07,7.849999904632568,7.849999904632568,7.699999809265137,7.78000020980835,7.78000020980835,3400
2005-10-10,7.71999979019165,7.840000152587891,7.710000038146973,7.829999923706055,7.829999923706055,3300
2005-10-11,7.860000133514404,7.860000133514404,7.860000133514404,7.860000133514404,7.860000133514404,2000
2005-10-12,7.829999923706055,7.829999923706055,7.519999980926514,7.699999809265137,7.699999809265137,9200
2005-10-13,7.690000057220459,7.690000057220459,7.650000095367432,7.679999828338623,7.679999828338623,2100
2005-10-14,7.75,7.75,7.710000038146973,7.710000038146973,7.710000038146973,5600
2005-10-17,7.710000038146973,7.710000038146973,7.710000038146973,7.710000038146973,7.710000038146973,0
2005-10-18,7.599999904632568,7.599999904632568,7.5,7.590000152587891,7.590000152587891,1900
2005-10-19,7.590000152587891,7.590000152587891,7.590000152587891,7.590000152587891,7.590000152587891,0
2005-10-20,7.570000171661377,7.570000171661377,7.550000190734863,7.550000190734863,7.550000190734863,4100
2005-10-21,7.489999771118164,7.539999961853027,7.489999771118164,7.539999961853027,7.539999961853027,6700
2005-10-24,7.599999904632568,7.75,7.599999904632568,7.599999904632568,7.599999904632568,4600
2005-10-25,7.579999923706055,7.699999809265137,7.579999923706055,7.699999809265137,7.699999809265137,1700
2005-10-26,7.610000133514404,7.679999828338623,7.539999961853027,7.679999828338623,7.679999828338623,6200
2005-10-27,7.550000190734863,7.619999885559082,7.550000190734863,7.570000171661377,7.570000171661377,4600
2005-10-28,7.539999961853027,7.599999904632568,7.519999980926514,7.519999980926514,7.519999980926514,17700
2005-10-31,7.599999904632568,7.650000095367432,7.590000152587891,7.630000114440918,7.630000114440918,8000
2005-11-01,7.519999980926514,7.550000190734863,7.5,7.550000190734863,7.550000190734863,3800
2005-11-02,7.599999904632568,7.599999904632568,7.599999904632568,7.599999904632568,7.599999904632568,300
2005-11-03,7.550000190734863,7.650000095367432,7.53000020980835,7.650000095367432,7.650000095367432,2900
2005-11-04,7.599999904632568,7.650000095367432,7.599999904632568,7.650000095367432,7.650000095367432,7000
2005-11-07,7.650000095367432,7.760000228881836,7.650000095367432,7.75,7.75,9400
2005-11-08,7.739999771118164,7.75,7.699999809265137,7.699999809265137,7.699999809265137,1900
2005-11-09,7.849999904632568,7.849999904632568,7.849999904632568,7.849999904632568,7.849999904632568,6000
2005-11-10,7.849999904632568,7.909999847412109,7.800000190734863,7.900000095367432,7.900000095367432,8400
2005-11-11,7.849999904632568,7.900000095367432,7.849999904632568,7.900000095367432,7.900000095367432,6000
2005-11-14,7.909999847412109,7.909999847412109,7.909999847412109,7.909999847412109,7.909999847412109,200
2005-11-15,7.900000095367432,7.960000038146973,7.900000095367432,7.900000095367432,7.900000095367432,2900
2005-11-16,7.809999942779541,7.889999866485596,7.809999942779541,7.849999904632568,7.849999904632568,1500
2005-11-17,7.849999904632568,7.849999904632568,7.849999904632568,7.849999904632568,7.849999904632568,100
2005-11-18,7.75,7.78000020980835,7.75,7.78000020980835,7.78000020980835,2300
2005-11-21,7.849999904632568,7.849999904632568,7.78000020980835,7.78000020980835,7.78000020980835,700
2005-11-22,7.880000114440918,7.929999828338623,7.760000228881836,7.860000133514404,7.860000133514404,1300
2005-11-23,7.889999866485596,8.0,7.849999904632568,8.0,8.0,5000
2005-11-25,8.0,8.0,8.0,8.0,8.0,0
2005-11-28,7.900000095367432,8.010000228881836,7.900000095367432,7.949999809265137,7.949999809265137,3000
2005-11-29,7.960000038146973,7.960000038146973,7.960000038146973,7.960000038146973,7.960000038146973,100
2005-11-30,8.0,8.0,7.909999847412109,7.949999809265137,7.949999809265137,2000
2005-12-01,8.0,8.300000190734863,7.909999847412109,8.229999542236328,8.229999542236328,11300
2005-12-02,8.140000343322754,8.25,8.140000343322754,8.25,8.25,3600
2005-12-05,8.149999618530273,8.149999618530273,8.100000381469727,8.100000381469727,8.100000381469727,200
2005-12-06,8.0,8.020000457763672,8.0,8.020000457763672,8.020000457763672,300
2005-12-07,7.71999979019165,8.100000381469727,7.71999979019165,8.100000381469727,8.100000381469727,9800
2005-12-08,8.100000381469727,8.100000381469727,8.100000381469727,8.100000381469727,8.100000381469727,0
2005-12-09,8.010000228881836,8.020000457763672,8.0,8.0,8.0,2900
2005-12-12,8.0,8.0,7.920000076293945,7.920000076293945,7.920000076293945,400
2005-12-13,8.020000457763672,8.029999732971191,8.020000457763672,8.020000457763672,8.020000457763672,1300
2005-12-14,7.909999847412109,8.0,7.900000095367432,8.0,8.0,2300
2005-12-15,7.960000038146973,7.960000038146973,7.699999809265137,7.849999904632568,7.849999904632568,10900
2005-12-16,7.739999771118164,7.840000152587891,7.739999771118164,7.829999923706055,7.829999923706055,1500
2005-12-19,7.699999809265137,7.849999904632568,7.449999809265137,7.849999904632568,7.849999904632568,7300
2005-12-20,7.699999809265137,7.849999904632568,7.5,7.849999904632568,7.849999904632568,3700
2005-12-21,7.75,7.800000190734863,7.5,7.800000190734863,7.800000190734863,4800
2005-12-22,7.710000038146973,7.820000171661377,7.710000038146973,7.820000171661377,7.820000171661377,2500
2005-12-23,7.760000228881836,7.789999961853027,7.75,7.789999961853027,7.789999961853027,1800
2005-12-27,7.650000095367432,7.690000057220459,7.650000095367432,7.670000076293945,7.670000076293945,1200
2005-12-28,7.599999904632568,7.75,7.599999904632568,7.75,7.75,700
2005-12-29,7.650000095367432,7.75,7.650000095367432,7.75,7.75,1300
2005-12-30,7.599999904632568,7.789999961853027,7.599999904632568,7.789999961853027,7.789999961853027,1800
2006-01-03,7.900000095367432,7.900000095367432,7.900000095367432,7.900000095367432,7.900000095367432,100
2006-01-04,7.829999923706055,8.0,7.829999923706055,8.0,8.0,4200
2006-01-05,8.09000015258789,8.09000015258789,8.050000190734863,8.050000190734863,8.050000190734863,1000
2006-01-06,8.0600004196167,8.100000381469727,8.050000190734863,8.100000381469727,8.100000381469727,1500
2006-01-09,8.0600004196167,8.0600004196167,7.949999809265137,7.949999809265137,7.949999809265137,2900
2006-01-10,7.900000095367432,7.989999771118164,7.900000095367432,7.989999771118164,7.989999771118164,400
2006-01-11,8.0,8.0,8.0,8.0,8.0,200
2006-01-12,8.0,8.0,8.0,8.0,8.0,0
2006-01-13,8.0,8.0,8.0,8.0,8.0,0
2006-01-17,7.900000095367432,7.900000095367432,7.809999942779541,7.809999942779541,7.809999942779541,200
2006-01-18,7.710000038146973,7.75,7.710000038146973,7.75,7.75,1000
2006-01-19,7.650000095367432,7.909999847412109,7.650000095367432,7.650000095367432,7.650000095367432,500
2006-01-20,7.800000190734863,8.1899995803833,7.800000190734863,8.130000114440918,8.130000114440918,9400
2006-01-23,8.149999618530273,8.149999618530273,8.149999618530273,8.149999618530273,8.149999618530273,100
2006-01-24,8.0,8.010000228881836,7.849999904632568,8.0,8.0,2800
2006-01-25,7.920000076293945,8.100000381469727,7.900000095367432,8.0,8.0,18500
2006-01-26,8.0,8.0,7.989999771118164,8.0,8.0,1800
2006-01-27,8.0,8.0600004196167,8.0,8.0,8.0,13400
2006-01-30,7.980000019073486,8.020000457763672,7.980000019073486,8.0,8.0,6700
2006-01-31,8.0,8.0,7.920000076293945,8.0,8.0,3800
2006-02-01,7.949999809265137,7.949999809265137,7.949999809265137,7.949999809265137,7.949999809265137,400
2006-02-02,7.949999809265137,7.949999809265137,7.949999809265137,7.949999809265137,7.949999809265137,0
2006-02-03,7.989999771118164,7.989999771118164,7.800000190734863,7.889999866485596,7.889999866485596,4300
2006-02-06,7.699999809265137,7.699999809265137,7.389999866485596,7.650000095367432,7.650000095367432,8500
2006-02-07,7.570000171661377,7.639999866485596,7.559999942779541,7.559999942779541,7.559999942779541,4900
2006-02-08,7.670000076293945,7.670000076293945,7.670000076293945,7.670000076293945,7.670000076293945,200
2006-02-09,7.670000076293945,7.670000076293945,7.5,7.5,7.5,8600
2006-02-10,7.550000190734863,7.699999809265137,7.550000190734863,7.699999809265137,7.699999809265137,2400
2006-02-13,7.699999809265137,7.699999809265137,7.699999809265137,7.699999809265137,7.699999809265137,0
2006-02-14,7.659999847412109,7.659999847412109,7.659999847412109,7.659999847412109,7.659999847412109,500
2006-02-15,7.619999885559082,7.619999885559082,7.579999923706055,7.619999885559082,7.619999885559082,1000
2006-02-16,7.650000095367432,7.690000057220459,7.630000114440918,7.630000114440918,7.630000114440918,3600
2006-02-17,7.800000190734863,7.800000190734863,7.800000190734863,7.800000190734863,7.800000190734863,200
2006-02-21,7.849999904632568,8.050000190734863,7.849999904632568,8.050000190734863,8.050000190734863,21900
2006-02-22,8.100000381469727,8.25,8.100000381469727,8.25,8.25,10500
2006-02-23,8.25,8.279999732971191,8.15999984741211,8.15999984741211,8.15999984741211,2200
2006-02-24,8.100000381469727,8.15999984741211,8.050000190734863,8.100000381469727,8.100000381469727,5800
2006-02-27,8.0,8.109999656677246,8.0,8.100000381469727,8.100000381469727,11500
2006-02-28,8.09000015258789,8.100000381469727,8.09000015258789,8.09000015258789,8.09000015258789,2200
2006-03-01,8.0,8.109999656677246,8.0,8.0600004196167,8.0600004196167,3800
2006-03-02,8.0,8.020000457763672,8.0,8.020000457763672,8.020000457763672,1100
2006-03-03,8.050000190734863,8.25,8.050000190734863,8.25,8.25,1000
2006-03-06,8.300000190734863,8.430000305175781,8.279999732971191,8.399999618530273,8.399999618530273,10600
2006-03-07,8.319999694824219,8.390000343322754,8.270000457763672,8.390000343322754,8.390000343322754,2800
2006-03-08,8.359999656677246,8.449999809265137,8.329999923706055,8.449999809265137,8.449999809265137,6800
2006-03-09,8.449999809265137,8.5,8.40999984741211,8.40999984741211,8.40999984741211,3300
2006-03-10,8.40999984741211,8.449999809265137,8.40999984741211,8.449999809265137,8.449999809265137,7100
2006-03-13,8.350000381469727,8.399999618530273,8.25,8.399999618530273,8.399999618530273,800
2006-03-14,8.5,8.529999732971191,8.5,8.529999732971191,8.529999732971191,1600
2006-03-15,8.449999809265137,8.699999809265137,8.449999809265137,8.619999885559082,8.619999885559082,5400
2006-03-16,8.720000267028809,8.720000267028809,8.600000381469727,8.600000381469727,8.600000381469727,2000
2006-03-17,8.59000015258789,8.59000015258789,8.5,8.5,8.5,1000
2006-03-20,8.5,8.5,8.5,8.5,8.5,0
2006-03-21,8.449999809265137,8.449999809265137,8.3100004196167,8.3100004196167,8.3100004196167,800
2006-03-22,8.350000381469727,8.350000381469727,8.279999732971191,8.279999732971191,8.279999732971191,3300
2006-03-23,8.229999542236328,8.239999771118164,8.1899995803833,8.199999809265137,8.199999809265137,4000
2006-03-24,8.229999542236328,8.229999542236328,8.0,8.029999732971191,8.029999732971191,16100
2006-03-27,8.050000190734863,8.170000076293945,8.050000190734863,8.170000076293945,8.170000076293945,2600
2006-03-28,8.270000457763672,8.270000457763672,8.079999923706055,8.079999923706055,8.079999923706055,800
2006-03-29,8.069999694824219,8.079999923706055,8.0,8.020000457763672,8.020000457763672,10400
2006-03-30,8.0,8.140000343322754,7.900000095367432,8.109999656677246,8.109999656677246,9500
2006-03-31,8.109999656677246,8.109999656677246,8.109999656677246,8.109999656677246,8.109999656677246,500
2006-04-03,8.149999618530273,8.149999618530273,8.039999961853027,8.039999961853027,8.039999961853027,5200
2006-04-04,8.0,8.100000381469727,8.0,8.020000457763672,8.020000457763672,4500
2006-04-05,8.010000228881836,8.069999694824219,8.0,8.069999694824219,8.069999694824219,4700
2006-04-06,8.109999656677246,8.109999656677246,8.109999656677246,8.109999656677246,8.109999656677246,500
2006-04-07,8.149999618530273,8.399999618530273,8.149999618530273,8.399999618530273,8.399999618530273,14200
2006-04-10,8.399999618530273,8.4399995803833,8.399999618530273,8.420000076293945,8.420000076293945,1100
2006-04-11,8.420000076293945,8.420000076293945,8.420000076293945,8.420000076293945,8.420000076293945,0
2006-04-12,8.359999656677246,8.399999618530273,8.350000381469727,8.380000114440918,8.380000114440918,800
2006-04-13,8.300000190734863,8.300000190734863,8.300000190734863,8.300000190734863,8.300000190734863,700
2006-04-17,8.300000190734863,8.300000190734863,7.889999866485596,8.020000457763672,8.020000457763672,7900
2006-04-18,8.010000228881836,8.149999618530273,8.0,8.149999618530273,8.149999618530273,2100
2006-04-19,8.100000381469727,8.239999771118164,8.100000381469727,8.109999656677246,8.109999656677246,3000
2006-04-20,8.140000343322754,8.140000343322754,8.119999885559082,8.119999885559082,8.119999885559082,1400
2006-04-21,8.050000190734863,8.050000190734863,7.949999809265137,8.0,8.0,16500
2006-04-24,8.050000190734863,8.109999656677246,8.050000190734863,8.109999656677246,8.109999656677246,200
2006-04-25,8.109999656677246,8.109999656677246,8.109999656677246,8.109999656677246,8.109999656677246,0
2006-04-26,8.0,8.140000343322754,7.989999771118164,8.140000343322754,8.140000343322754,1500
2006-04-27,8.199999809265137,8.350000381469727,8.199999809265137,8.350000381469727,8.350000381469727,4400
2006-04-28,8.260000228881836,8.399999618530273,8.149999618530273,8.399999618530273,8.399999618530273,9400
2006-05-01,8.399999618530273,8.399999618530273,8.399999618530273,8.399999618530273,8.399999618530273,0
2006-05-02,8.300000190734863,8.399999618530273,8.300000190734863,8.380000114440918,8.380000114440918,1200
2006-05-03,8.300000190734863,8.300000190734863,8.229999542236328,8.229999542236328,8.229999542236328,1300
2006-05-04,8.300000190734863,8.350000381469727,8.300000190734863,8.350000381469727,8.350000381469727,700
2006-05-05,8.25,8.300000190734863,8.0,8.199999809265137,8.199999809265137,11400
2006-05-08,8.130000114440918,8.1899995803833,8.109999656677246,8.109999656677246,8.109999656677246,2400
2006-05-09,8.100000381469727,8.100000381469727,8.100000381469727,8.100000381469727,8.100000381469727,100
2006-05-10,8.0600004196167,8.0600004196167,7.989999771118164,7.989999771118164,7.989999771118164,9600
2006-05-11,7.949999809265137,8.050000190734863,7.949999809265137,8.039999961853027,8.039999961853027,4100
2006-05-12,8.0,8.039999961853027,7.949999809265137,8.039999961853027,8.039999961853027,1800
2006-05-15,8.0,8.0,8.0,8.0,8.0,1000
2006-05-16,8.0,8.069999694824219,8.0,8.010000228881836,8.010000228881836,4100
2006-05-17,8.0,8.0,8.0,8.0,8.0,800
2006-05-18,8.0,8.0,8.0,8.0,8.0,0
2006-05-19,8.0,8.0,7.909999847412109,7.909999847412109,7.909999847412109,4400
2006-05-22,7.949999809265137,7.949999809265137,7.849999904632568,7.929999828338623,7.929999828338623,4500
2006-05-23,7.949999809265137,7.949999809265137,7.800000190734863,7.889999866485596,7.889999866485596,11700
2006-05-24,7.900000095367432,7.900000095367432,7.900000095367432,7.900000095367432,7.900000095367432,700
2006-05-25,7.900000095367432,8.0,7.900000095367432,8.0,8.0,1800
2006-05-26,8.0,8.0,8.0,8.0,8.0,0
2006-05-30,7.949999809265137,8.100000381469727,7.949999809265137,8.100000381469727,8.100000381469727,3100
2006-05-31,8.0,8.069999694824219,7.989999771118164,8.069999694824219,8.069999694824219,2700
2006-06-01,8.0,8.0,7.909999847412109,8.0,8.0,1400
2006-06-02,7.949999809265137,8.0,7.900000095367432,8.0,8.0,2200
2006-06-05,8.0,8.0,8.0,8.0,8.0,600
2006-06-06,7.949999809265137,8.0,7.900000095367432,8.0,8.0,3300
2006-06-07,7.989999771118164,8.0,7.929999828338623,8.0,8.0,1100
2006-06-08,7.920000076293945,7.989999771118164,7.920000076293945,7.989999771118164,7.989999771118164,1400
2006-06-09,7.989999771118164,8.0,7.929999828338623,8.0,8.0,3800
2006-06-12,7.940000057220459,8.039999961853027,7.940000057220459,7.989999771118164,7.989999771118164,1900
2006-06-13,8.0,8.0,7.900000095367432,7.929999828338623,7.929999828338623,3700
2006-06-14,7.920000076293945,7.920000076293945,7.900000095367432,7.900000095367432,7.900000095367432,2100
2006-06-15,7.940000057220459,8.0,7.940000057220459,8.0,8.0,1900
2006-06-16,7.920000076293945,7.980000019073486,7.920000076293945,7.980000019073486,7.980000019073486,300
2006-06-19,7.920000076293945,7.920000076293945,7.920000076293945,7.920000076293945,7.920000076293945,1400
2006-06-20,7.920000076293945,7.920000076293945,7.920000076293945,7.920000076293945,7.920000076293945,0
2006-06-21,7.920000076293945,7.920000076293945,7.920000076293945,7.920000076293945,7.920000076293945,0
2006-06-22,7.920000076293945,7.920000076293945,7.920000076293945,7.920000076293945,7.920000076293945,0
2006-06-23,7.989999771118164,7.989999771118164,7.989999771118164,7.989999771118164,7.989999771118164,300
2006-06-26,7.989999771118164,7.989999771118164,7.989999771118164,7.989999771118164,7.989999771118164,100
2006-06-27,7.989999771118164,7.989999771118164,7.989999771118164,7.989999771118164,7.989999771118164,900
2006-06-28,7.989999771118164,7.989999771118164,7.989999771118164,7.989999771118164,7.989999771118164,0
2006-06-29,8.0,8.010000228881836,8.0,8.0,8.0,4800
2006-06-30,8.0,8.0,8.0,8.0,8.0,0
2006-07-03,8.0,8.0,8.0,8.0,8.0,0
2006-07-05,8.0,8.0,8.0,8.0,8.0,0
2006-07-06,7.989999771118164,8.0,7.980000019073486,7.989999771118164,7.989999771118164,5400
2006-07-07,7.940000057220459,7.940000057220459,7.940000057220459,7.940000057220459,7.940000057220459,100
2006-07-10,7.909999847412109,7.940000057220459,7.909999847412109,7.940000057220459,7.940000057220459,3600
2006-07-11,7.900000095367432,7.909999847412109,7.900000095367432,7.909999847412109,7.909999847412109,600
2006-07-12,7.909999847412109,7.909999847412109,7.909999847412109,7.909999847412109,7.909999847412109,100
2006-07-13,7.940000057220459,7.949999809265137,7.860000133514404,7.860000133514404,7.860000133514404,18700
2006-07-14,7.760000228881836,7.889999866485596,7.760000228881836,7.889999866485596,7.889999866485596,300
2006-07-17,7.900000095367432,7.989999771118164,7.889999866485596,7.889999866485596,7.889999866485596,2700
2006-07-18,7.900000095367432,7.980000019073486,7.900000095367432,7.980000019073486,7.980000019073486,2200
2006-07-19,7.929999828338623,8.0,7.929999828338623,7.940000057220459,7.940000057220459,6400
2006-07-20,8.0,8.100000381469727,8.0,8.100000381469727,8.100000381469727,6100
2006-07-21,8.1899995803833,8.199999809265137,8.100000381469727,8.180000305175781,8.180000305175781,2200
2006-07-24,8.100000381469727,8.140000343322754,8.069999694824219,8.069999694824219,8.069999694824219,700
2006-07-25,8.100000381469727,8.100000381469727,8.010000228881836,8.010000228881836,8.010000228881836,900
2006-07-26,8.010000228881836,8.010000228881836,8.010000228881836,8.010000228881836,8.010000228881836,0
2006-07-27,8.010000228881836,8.010000228881836,7.840000152587891,7.840000152587891,7.840000152587891,3500
2006-07-28,7.900000095367432,7.909999847412109,7.880000114440918,7.880000114440918,7.880000114440918,1600
2006-07-31,7.900000095367432,7.980000019073486,7.900000095367432,7.980000019073486,7.980000019073486,400
2006-08-01,7.900000095367432,7.920000076293945,7.849999904632568,7.920000076293945,7.920000076293945,6600
2006-08-02,7.920000076293945,7.920000076293945,7.920000076293945,7.920000076293945,7.920000076293945,0
2006-08-03,7.920000076293945,7.920000076293945,7.920000076293945,7.920000076293945,7.920000076293945,0
2006-08-04,7.869999885559082,7.869999885559082,7.849999904632568,7.849999904632568,7.849999904632568,1700
2006-08-07,7.849999904632568,7.849999904632568,7.849999904632568,7.849999904632568,7.849999904632568,1500
2006-08-08,7.849999904632568,7.849999904632568,7.809999942779541,7.820000171661377,7.820000171661377,2100
2006-08-09,7.829999923706055,7.940000057220459,7.820000171661377,7.940000057220459,7.940000057220459,3600
2006-08-10,7.940000057220459,7.949999809265137,7.940000057220459,7.940000057220459,7.940000057220459,2100
2006-08-11,7.940000057220459,7.940000057220459,7.940000057220459,7.940000057220459,7.940000057220459,0
2006-08-14,7.929999828338623,7.929999828338623,7.929999828338623,7.929999828338623,7.929999828338623,500
2006-08-15,7.829999923706055,7.829999923706055,7.829999923706055,7.829999923706055,7.829999923706055,100
2006-08-16,7.829999923706055,7.829999923706055,7.820000171661377,7.820000171661377,7.820000171661377,3700
2006-08-17,7.800000190734863,7.800000190734863,7.75,7.760000228881836,7.760000228881836,15200
2006-08-18,7.789999961853027,7.789999961853027,7.789999961853027,7.789999961853027,7.789999961853027,200
2006-08-21,7.849999904632568,7.849999904632568,7.849999904632568,7.849999904632568,7.849999904632568,1000
2006-08-22,7.849999904632568,7.849999904632568,7.800000190734863,7.800000190734863,7.800000190734863,2400
2006-08-23,7.800000190734863,7.800000190734863,7.800000190734863,7.800000190734863,7.800000190734863,500
2006-08-24,7.800000190734863,7.809999942779541,7.75,7.75,7.75,5800
2006-08-25,7.75,7.760000228881836,7.75,7.760000228881836,7.760000228881836,1500
2006-08-28,7.789999961853027,7.800000190734863,7.769999980926514,7.800000190734863,7.800000190734863,3400
2006-08-29,7.800000190734863,7.800000190734863,7.800000190734863,7.800000190734863,7.800000190734863,200
2006-08-30,7.789999961853027,7.800000190734863,7.78000020980835,7.789999961853027,7.789999961853027,4500
2006-08-31,7.880000114440918,7.900000095367432,7.880000114440918,7.900000095367432,7.900000095367432,500
2006-09-01,7.820000171661377,7.820000171661377,7.820000171661377,7.820000171661377,7.820000171661377,1500
2006-09-05,7.869999885559082,7.940000057220459,7.869999885559082,7.940000057220459,7.940000057220459,1500
2006-09-06,7.900000095367432,7.949999809265137,7.889999866485596,7.949999809265137,7.949999809265137,8900
2006-09-07,7.849999904632568,7.940000057220459,7.849999904632568,7.940000057220459,7.940000057220459,3300
2006-09-08,7.900000095367432,7.900000095367432,7.900000095367432,7.900000095367432,7.900000095367432,200
2006-09-11,7.900000095367432,7.900000095367432,7.900000095367432,7.900000095367432,7.900000095367432,0
2006-09-12,7.940000057220459,7.949999809265137,7.940000057220459,7.949999809265137,7.949999809265137,3200
2006-09-13,7.829999923706055,7.949999809265137,7.829999923706055,7.920000076293945,7.920000076293945,8500
2006-09-14,7.949999809265137,7.949999809265137,7.949999809265137,7.949999809265137,7.949999809265137,100
2006-09-15,7.900000095367432,7.900000095367432,7.889999866485596,7.900000095367432,7.900000095367432,4000
2006-09-18,7.849999904632568,7.849999904632568,7.840000152587891,7.840000152587891,7.840000152587891,3000
2006-09-19,7.840000152587891,7.840000152587891,7.840000152587891,7.840000152587891,7.840000152587891,0
2006-09-20,7.849999904632568,7.849999904632568,7.769999980926514,7.769999980926514,7.769999980926514,5900
2006-09-21,7.820000171661377,7.829999923706055,7.820000171661377,7.820000171661377,7.820000171661377,2400
2006-09-22,7.820000171661377,7.820000171661377,7.820000171661377,7.820000171661377,7.820000171661377,0
2006-09-25,7.78000020980835,7.800000190734863,7.78000020980835,7.800000190734863,7.800000190734863,2500
2006-09-26,7.929999828338623,7.940000057220459,7.78000020980835,7.849999904632568,7.849999904632568,8800
2006-09-27,7.800000190734863,7.849999904632568,7.800000190734863,7.849999904632568,7.849999904632568,2800
2006-09-28,7.949999809265137,7.949999809265137,7.869999885559082,7.900000095367432,7.900000095367432,1900
2006-09-29,7.900000095367432,7.900000095367432,7.900000095367432,7.900000095367432,7.900000095367432,1900
2006-10-02,7.900000095367432,7.900000095367432,7.900000095367432,7.900000095367432,7.900000095367432,1000
2006-10-03,7.900000095367432,7.900000095367432,7.880000114440918,7.880000114440918,7.880000114440918,6100
2006-10-04,7.860000133514404,7.860000133514404,7.699999809265137,7.809999942779541,7.809999942779541,11000
2006-10-05,7.809999942779541,7.900000095367432,7.809999942779541,7.880000114440918,7.880000114440918,5400
2006-10-06,7.880000114440918,7.880000114440918,7.880000114440918,7.880000114440918,7.880000114440918,0
2006-10-09,7.880000114440918,7.880000114440918,7.880000114440918,7.880000114440918,7.880000114440918,0
2006-10-10,7.929999828338623,7.940000057220459,7.929999828338623,7.929999828338623,7.929999828338623,2300
2006-10-11,7.849999904632568,7.900000095367432,7.849999904632568,7.900000095367432,7.900000095367432,600
2006-10-12,7.900000095367432,7.900000095367432,7.900000095367432,7.900000095367432,7.900000095367432,3500
2006-10-13,7.900000095367432,7.900000095367432,7.849999904632568,7.849999904632568,7.849999904632568,2700
2006-10-16,7.849999904632568,7.849999904632568,7.849999904632568,7.849999904632568,7.849999904632568,0
2006-10-17,7.880000114440918,7.880000114440918,7.880000114440918,7.880000114440918,7.880000114440918,2100
2006-10-18,7.860000133514404,7.940000057220459,7.860000133514404,7.940000057220459,7.940000057220459,700
2006-10-19,7.940000057220459,7.949999809265137,7.900000095367432,7.900000095367432,7.900000095367432,14900
2006-10-20,7.940000057220459,7.940000057220459,7.880000114440918,7.889999866485596,7.889999866485596,8200
2006-10-23,7.949999809265137,8.149999618530273,7.949999809265137,7.949999809265137,7.949999809265137,12600
2006-10-24,7.949999809265137,8.100000381469727,7.949999809265137,8.020000457763672,8.020000457763672,13200
2006-10-25,8.020000457763672,8.149999618530273,8.010000228881836,8.109999656677246,8.109999656677246,3600
2006-10-26,8.100000381469727,8.100000381469727,8.050000190734863,8.0600004196167,8.0600004196167,3600
2006-10-27,7.909999847412109,8.0600004196167,7.909999847412109,7.980000019073486,7.980000019073486,10400
2006-10-30,7.989999771118164,8.0,7.960000038146973,8.0,8.0,5100
2006-10-31,7.989999771118164,8.010000228881836,7.949999809265137,7.989999771118164,7.989999771118164,8900
2006-11-01,7.989999771118164,8.020000457763672,7.980000019073486,8.010000228881836,8.010000228881836,2400
2006-11-02,8.010000228881836,8.010000228881836,8.010000228881836,8.010000228881836,8.010000228881836,100
2006-11-03,8.0,8.010000228881836,7.980000019073486,8.0,8.0,5100
2006-11-06,8.0,8.069999694824219,7.949999809265137,8.069999694824219,8.069999694824219,4700
2006-11-07,8.170000076293945,8.1899995803833,8.050000190734863,8.0600004196167,8.0600004196167,11100
2006-11-08,7.960000038146973,8.0600004196167,7.960000038146973,8.0,8.0,6000
2006-11-09,8.100000381469727,8.25,8.100000381469727,8.25,8.25,1200
2006-11-10,8.25,8.25,8.25,8.25,8.25,0
2006-11-13,8.25,8.25,8.220000267028809,8.220000267028809,8.220000267028809,4400
2006-11-14,8.229999542236328,8.369999885559082,8.199999809265137,8.300000190734863,8.300000190734863,11500
2006-11-15,8.289999961853027,8.34000015258789,8.25,8.289999961853027,8.289999961853027,18200
2006-11-16,8.199999809265137,8.210000038146973,8.140000343322754,8.180000305175781,8.180000305175781,7100
2006-11-17,8.199999809265137,8.489999771118164,8.199999809265137,8.489999771118164,8.489999771118164,24600
2006-11-20,8.5,8.5,8.430000305175781,8.430000305175781,8.430000305175781,1500
2006-11-21,8.4399995803833,8.4399995803833,8.350000381469727,8.350000381469727,8.350000381469727,3100
2006-11-22,8.25,8.399999618530273,8.25,8.329999923706055,8.329999923706055,8300
2006-11-24,8.359999656677246,8.359999656677246,8.329999923706055,8.350000381469727,8.350000381469727,2100
2006-11-27,8.289999961853027,8.289999961853027,8.289999961853027,8.289999961853027,8.289999961853027,2200
2006-11-28,8.289999961853027,8.289999961853027,8.289999961853027,8.289999961853027,8.289999961853027,500
2006-11-29,8.3100004196167,8.3100004196167,8.3100004196167,8.3100004196167,8.3100004196167,4200
2006-11-30,8.3100004196167,8.3100004196167,8.3100004196167,8.3100004196167,8.3100004196167,0
2006-12-01,8.289999961853027,8.289999961853027,8.289999961853027,8.289999961853027,8.289999961853027,700
2006-12-04,8.279999732971191,8.289999961853027,8.25,8.279999732971191,8.279999732971191,1600
2006-12-05,8.25,8.260000228881836,8.25,8.260000228881836,8.260000228881836,1200
2006-12-06,8.25,8.550000190734863,8.25,8.529999732971191,8.529999732971191,13100
2006-12-07,8.449999809265137,8.489999771118164,8.420000076293945,8.489999771118164,8.489999771118164,1000
2006-12-08,8.399999618530273,8.5,8.399999618530273,8.449999809265137,8.449999809265137,2000
2006-12-11,8.399999618530273,8.399999618530273,8.329999923706055,8.350000381469727,8.350000381469727,5900
2006-12-12,8.300000190734863,8.300000190734863,8.300000190734863,8.300000190734863,8.300000190734863,1300
2006-12-13,8.25,8.279999732971191,8.100000381469727,8.149999618530273,8.149999618530273,8100
2006-12-14,8.149999618530273,8.1899995803833,8.140000343322754,8.1899995803833,8.1899995803833,5000
2006-12-15,8.199999809265137,8.199999809265137,8.119999885559082,8.119999885559082,8.119999885559082,6200
2006-12-18,8.100000381469727,8.100000381469727,8.079999923706055,8.100000381469727,8.100000381469727,1700
2006-12-19,8.149999618530273,8.210000038146973,8.100000381469727,8.199999809265137,8.199999809265137,13300
2006-12-20,8.289999961853027,8.289999961853027,8.25,8.25,8.25,1100
2006-12-21,8.25,8.289999961853027,8.180000305175781,8.260000228881836,8.260000228881836,5600
2006-12-22,8.25,8.260000228881836,8.25,8.25,8.25,3700
2006-12-26,8.260000228881836,8.260000228881836,8.260000228881836,8.260000228881836,8.260000228881836,100
2006-12-27,8.239999771118164,8.25,8.109999656677246,8.25,8.25,6200
2006-12-28,8.220000267028809,8.3100004196167,8.220000267028809,8.300000190734863,8.300000190734863,5900
2006-12-29,8.270000457763672,8.289999961853027,8.239999771118164,8.260000228881836,8.260000228881836,6100
2007-01-03,8.270000457763672,8.350000381469727,8.270000457763672,8.300000190734863,8.300000190734863,2000
2007-01-04,8.300000190734863,8.380000114440918,8.300000190734863,8.300000190734863,8.300000190734863,600
2007-01-05,8.300000190734863,8.300000190734863,8.300000190734863,8.300000190734863,8.300000190734863,8300
2007-01-08,8.300000190734863,8.3100004196167,8.289999961853027,8.300000190734863,8.300000190734863,10600
2007-01-09,8.300000190734863,8.300000190734863,8.300000190734863,8.300000190734863,8.300000190734863,7500
2007-01-10,8.359999656677246,8.5,8.359999656677246,8.399999618530273,8.399999618530273,1800
2007-01-11,8.399999618530273,8.399999618530273,8.399999618530273,8.399999618530273,8.399999618530273,0
2007-01-12,8.449999809265137,8.449999809265137,8.4399995803833,8.4399995803833,8.4399995803833,1000
2007-01-16,8.34000015258789,8.449999809265137,8.34000015258789,8.40999984741211,8.40999984741211,1900
2007-01-17,8.399999618530273,8.449999809265137,8.369999885559082,8.369999885559082,8.369999885559082,16000
2007-01-18,8.319999694824219,8.4399995803833,8.319999694824219,8.4399995803833,8.4399995803833,8700
2007-01-19,8.319999694824219,8.399999618530273,8.149999618530273,8.350000381469727,8.350000381469727,9900
2007-01-22,8.399999618530273,8.5,8.399999618530273,8.489999771118164,8.489999771118164,6400
2007-01-23,8.5,8.65999984741211,8.5,8.630000114440918,8.630000114440918,14400
2007-01-24,8.569999694824219,8.600000381469727,8.449999809265137,8.550000190734863,8.550000190734863,37800
2007-01-25,8.5,8.520000457763672,8.4399995803833,8.4399995803833,8.4399995803833,19100
2007-01-26,8.489999771118164,8.520000457763672,8.420000076293945,8.430000305175781,8.430000305175781,1400
2007-01-29,8.430000305175781,8.430000305175781,8.430000305175781,8.430000305175781,8.430000305175781,0
2007-01-30,8.550000190734863,8.710000038146973,8.550000190734863,8.699999809265137,8.699999809265137,6300
2007-01-31,8.699999809265137,8.699999809265137,8.600000381469727,8.600000381469727,8.600000381469727,8000
2007-02-01,8.550000190734863,8.550000190734863,8.550000190734863,8.550000190734863,8.550000190734863,100
2007-02-02,8.520000457763672,8.619999885559082,8.520000457763672,8.600000381469727,8.600000381469727,7300
2007-02-05,8.5600004196167,8.5600004196167,8.5600004196167,8.5600004196167,8.5600004196167,200
2007-02-06,8.5600004196167,8.619999885559082,8.5600004196167,8.619999885559082,8.619999885559082,1900
2007-02-07,8.609999656677246,8.619999885559082,8.609999656677246,8.619999885559082,8.619999885559082,600
2007-02-08,8.640000343322754,8.649999618530273,8.630000114440918,8.640000343322754,8.640000343322754,13700
2007-02-09,8.630000114440918,8.640000343322754,8.630000114440918,8.630000114440918,8.630000114440918,2400
2007-02-12,8.550000190734863,8.630000114440918,8.550000190734863,8.630000114440918,8.630000114440918,500
2007-02-13,8.619999885559082,8.649999618530273,8.59000015258789,8.59000015258789,8.59000015258789,14500
2007-02-14,8.640000343322754,8.649999618530273,8.59000015258789,8.600000381469727,8.600000381469727,2000
2007-02-15,8.59000015258789,8.59000015258789,8.59000015258789,8.59000015258789,8.59000015258789,100
2007-02-16,8.59000015258789,8.59000015258789,8.59000015258789,8.59000015258789,8.59000015258789,0
2007-02-20,8.520000457763672,8.520000457763672,8.420000076293945,8.520000457763672,8.520000457763672,8200
2007-02-21,8.520000457763672,8.520000457763672,8.520000457763672,8.520000457763672,8.520000457763672,0
2007-02-22,8.470000267028809,8.539999961853027,8.460000038146973,8.489999771118164,8.489999771118164,1700
2007-02-23,8.5,8.550000190734863,8.5,8.539999961853027,8.539999961853027,800
2007-02-26,8.510000228881836,8.529999732971191,8.470000267028809,8.529999732971191,8.529999732971191,800
2007-02-27,8.520000457763672,8.569999694824219,8.3100004196167,8.34000015258789,8.34000015258789,10000
2007-02-28,8.390000343322754,8.5,8.270000457763672,8.279999732971191,8.279999732971191,26200
2007-03-01,8.25,8.25,8.180000305175781,8.180000305175781,8.180000305175781,10800
2007-03-02,8.300000190734863,8.390000343322754,8.1899995803833,8.1899995803833,8.1899995803833,2000
2007-03-05,8.039999961853027,8.180000305175781,8.039999961853027,8.180000305175781,8.180000305175781,1900
2007-03-06,8.279999732971191,8.34000015258789,8.279999732971191,8.34000015258789,8.34000015258789,1400
2007-03-07,8.34000015258789,8.34000015258789,8.34000015258789,8.34000015258789,8.34000015258789,0
2007-03-08,8.34000015258789,8.34000015258789,8.34000015258789,8.34000015258789,8.34000015258789,0
2007-03-09,8.319999694824219,8.399999618530273,8.319999694824219,8.399999618530273,8.399999618530273,4400
2007-03-12,8.399999618530273,8.460000038146973,8.399999618530273,8.449999809265137,8.449999809265137,2200
2007-03-13,8.489999771118164,8.5,8.369999885559082,8.4399995803833,8.4399995803833,3000
2007-03-14,8.4399995803833,8.4399995803833,8.4399995803833,8.4399995803833,8.4399995803833,0
2007-03-15,8.300000190734863,8.399999618530273,8.300000190734863,8.399999618530273,8.399999618530273,700
2007-03-16,8.40999984741211,8.40999984741211,8.380000114440918,8.380000114440918,8.380000114440918,3600
2007-03-19,8.449999809265137,8.460000038146973,8.449999809265137,8.460000038146973,8.460000038146973,2500
2007-03-20,8.449999809265137,8.5600004196167,8.449999809265137,8.449999809265137,8.449999809265137,6500
2007-03-21,8.529999732971191,8.649999618530273,8.369999885559082,8.449999809265137,8.449999809265137,13800
2007-03-22,8.5,8.550000190734863,8.359999656677246,8.5,8.5,9600
2007-03-23,8.40999984741211,8.539999961853027,8.399999618530273,8.399999618530273,8.399999618530273,7000
2007-03-26,8.359999656677246,8.5,8.3100004196167,8.460000038146973,8.460000038146973,9500
2007-03-27,8.4399995803833,8.569999694824219,8.4399995803833,8.569999694824219,8.569999694824219,3400
2007-03-28,8.5600004196167,8.5600004196167,8.539999961853027,8.539999961853027,8.539999961853027,1500
2007-03-29,8.539999961853027,8.640000343322754,8.460000038146973,8.460000038146973,8.460000038146973,8700
2007-03-30,8.520000457763672,8.529999732971191,8.520000457763672,8.520000457763672,8.520000457763672,2000
2007-04-02,8.520000457763672,8.649999618530273,8.5,8.640000343322754,8.640000343322754,6600
2007-04-03,8.609999656677246,8.609999656677246,8.529999732971191,8.529999732971191,8.529999732971191,1000
2007-04-04,8.489999771118164,8.6899995803833,8.449999809265137,8.449999809265137,8.449999809265137,7600
2007-04-05,8.4399995803833,8.539999961853027,8.390000343322754,8.390000343322754,8.390000343322754,72100
2007-04-09,8.420000076293945,8.430000305175781,8.399999618530273,8.430000305175781,8.430000305175781,2400
2007-04-10,8.399999618530273,8.399999618530273,8.390000343322754,8.399999618530273,8.399999618530273,1600
2007-04-11,8.399999618530273,8.449999809265137,8.34000015258789,8.40999984741211,8.40999984741211,6200
2007-04-12,8.380000114440918,8.399999618530273,8.380000114440918,8.399999618530273,8.399999618530273,2100
2007-04-13,8.359999656677246,8.4399995803833,8.359999656677246,8.420000076293945,8.420000076293945,4300
2007-04-16,8.3100004196167,8.4399995803833,8.3100004196167,8.350000381469727,8.350000381469727,4100
2007-04-17,8.359999656677246,8.489999771118164,8.359999656677246,8.430000305175781,8.430000305175781,10000
2007-04-18,8.390000343322754,8.520000457763672,8.369999885559082,8.380000114440918,8.380000114440918,9200
2007-04-19,8.359999656677246,8.5,8.329999923706055,8.399999618530273,8.399999618530273,10600
2007-04-20,8.430000305175781,8.600000381469727,8.430000305175781,8.579999923706055,8.579999923706055,25500
2007-04-23,8.510000228881836,8.550000190734863,8.510000228881836,8.520000457763672,8.520000457763672,1500
2007-04-24,8.510000228881836,8.510000228881836,8.479999542236328,8.479999542236328,8.479999542236328,1900
2007-04-25,8.4399995803833,8.539999961853027,8.399999618530273,8.539999961853027,8.539999961853027,6600
2007-04-26,8.539999961853027,8.539999961853027,8.539999961853027,8.539999961853027,8.539999961853027,0
2007-04-27,8.539999961853027,8.539999961853027,8.539999961853027,8.539999961853027,8.539999961853027,0
2007-04-30,8.539999961853027,8.539999961853027,8.539999961853027,8.539999961853027,8.539999961853027,0
2007-05-01,8.539999961853027,8.539999961853027,8.539999961853027,8.539999961853027,8.539999961853027,0
2007-05-02,8.5,8.5,8.5,8.5,8.5,100
2007-05-03,8.600000381469727,8.800000190734863,8.600000381469727,8.800000190734863,8.800000190734863,2600
2007-05-04,8.600000381469727,8.600000381469727,8.600000381469727,8.600000381469727,8.600000381469727,1200
2007-05-07,8.600000381469727,8.649999618530273,8.600000381469727,8.649999618530273,8.649999618530273,2000
2007-05-08,8.649999618530273,8.75,8.649999618530273,8.720000267028809,8.720000267028809,6800
2007-05-09,8.899999618530273,8.960000038146973,8.75,8.949999809265137,8.949999809265137,12300
2007-05-10,8.949999809265137,9.0,8.949999809265137,8.949999809265137,8.949999809265137,2900
2007-05-11,8.989999771118164,8.989999771118164,8.800000190734863,8.899999618530273,8.899999618530273,8100
2007-05-14,8.899999618530273,8.899999618530273,8.899999618530273,8.899999618530273,8.899999618530273,0
2007-05-15,8.949999809265137,9.329999923706055,8.949999809265137,9.329999923706055,9.329999923706055,7900
2007-05-16,9.350000381469727,9.350000381469727,9.010000228881836,9.180000305175781,9.180000305175781,6200
2007-05-17,9.25,9.300000190734863,9.25,9.300000190734863,9.300000190734863,1400
2007-05-18,9.300000190734863,9.350000381469727,9.300000190734863,9.350000381469727,9.350000381469727,5600
2007-05-21,9.350000381469727,9.350000381469727,9.350000381469727,9.350000381469727,9.350000381469727,1000
2007-05-22,9.350000381469727,9.350000381469727,9.350000381469727,9.350000381469727,9.350000381469727,100
2007-05-23,9.0,9.300000190734863,9.0,9.210000038146973,9.210000038146973,2700
2007-05-24,9.25,9.25,9.25,9.25,9.25,3700
2007-05-25,9.149999618530273,9.350000381469727,9.130000114440918,9.350000381469727,9.350000381469727,4600
2007-05-29,9.350000381469727,9.350000381469727,9.350000381469727,9.350000381469727,9.350000381469727,0
2007-05-30,9.0,9.229999542236328,9.0,9.229999542236328,9.229999542236328,14700
2007-05-31,9.119999885559082,9.119999885559082,9.09000015258789,9.09000015258789,9.09000015258789,600
2007-06-01,9.0,9.050000190734863,8.970000267028809,9.050000190734863,9.050000190734863,1600
2007-06-04,9.0,9.0,8.949999809265137,9.0,9.0,2500
2007-06-05,9.0,9.0,9.0,9.0,9.0,200
2007-06-06,9.0,9.050000190734863,9.0,9.020000457763672,9.020000457763672,7600
2007-06-07,9.050000190734863,9.050000190734863,9.050000190734863,9.050000190734863,9.050000190734863,500
2007-06-08,9.0,9.0,9.0,9.0,9.0,500
2007-06-11,9.0,9.100000381469727,9.0,9.100000381469727,9.100000381469727,900
2007-06-12,9.100000381469727,9.100000381469727,9.100000381469727,9.100000381469727,9.100000381469727,300
2007-06-13,9.050000190734863,9.199999809265137,9.050000190734863,9.199999809265137,9.199999809265137,4600
2007-06-14,9.210000038146973,9.210000038146973,9.100000381469727,9.210000038146973,9.210000038146973,7700
2007-06-15,9.210000038146973,9.210000038146973,9.210000038146973,9.210000038146973,9.210000038146973,0
2007-06-18,9.100000381469727,9.25,9.100000381469727,9.25,9.25,5100
2007-06-19,9.300000190734863,9.319999694824219,9.270000457763672,9.319999694824219,9.319999694824219,2400
2007-06-20,9.25,9.369999885559082,9.239999771118164,9.350000381469727,9.350000381469727,2400
2007-06-21,9.100000381469727,9.100000381469727,9.100000381469727,9.100000381469727,9.100000381469727,100
2007-06-22,9.25,9.350000381469727,9.25,9.350000381469727,9.350000381469727,6000
2007-06-25,9.229999542236328,9.329999923706055,9.199999809265137,9.199999809265137,9.199999809265137,1400
2007-06-26,9.199999809265137,9.319999694824219,9.100000381469727,9.319999694824219,9.319999694824219,6200
2007-06-27,9.279999732971191,9.279999732971191,9.25,9.25,9.25,1600
2007-06-28,9.25,9.25,9.25,9.25,9.25,0
2007-06-29,9.210000038146973,9.25,9.210000038146973,9.25,9.25,1500
2007-07-02,9.199999809265137,9.529999732971191,9.199999809265137,9.529999732971191,9.529999732971191,10200
2007-07-03,9.699999809265137,9.75,9.449999809265137,9.600000381469727,9.600000381469727,5800
2007-07-05,9.729999542236328,9.84000015258789,9.729999542236328,9.84000015258789,9.84000015258789,1700
2007-07-06,9.699999809265137,9.829999923706055,9.609999656677246,9.75,9.75,6400
2007-07-09,9.75,9.75,9.550000190734863,9.600000381469727,9.600000381469727,7300
2007-07-10,9.600000381469727,9.789999961853027,9.600000381469727,9.789999961853027,9.789999961853027,1600
2007-07-11,9.859999656677246,9.949999809265137,9.859999656677246,9.949999809265137,9.949999809265137,10500
2007-07-12,10.0,10.229999542236328,10.0,10.130000114440918,10.130000114440918,13800
2007-07-13,10.050000190734863,10.149999618530273,10.050000190734863,10.149999618530273,10.149999618530273,5500
2007-07-16,10.25,10.300000190734863,10.229999542236328,10.25,10.25,11300
2007-07-17,10.600000381469727,10.84000015258789,10.5,10.5,10.5,8900
2007-07-18,10.5,10.5,10.449999809265137,10.449999809265137,10.449999809265137,300
2007-07-19,10.359999656677246,10.550000190734863,10.34000015258789,10.550000190734863,10.550000190734863,1200
2007-07-20,10.449999809265137,10.449999809265137,10.350000381469727,10.350000381469727,10.350000381469727,1300
2007-07-23,10.350000381469727,10.449999809265137,10.319999694824219,10.449999809265137,10.449999809265137,400
2007-07-24,10.449999809265137,10.449999809265137,10.449999809265137,10.449999809265137,10.449999809265137,0
2007-07-25,10.350000381469727,10.430000305175781,10.350000381469727,10.430000305175781,10.430000305175781,1100
2007-07-26,10.430000305175781,10.430000305175781,10.430000305175781,10.430000305175781,10.430000305175781,0
2007-07-27,10.350000381469727,10.399999618530273,10.329999923706055,10.399999618530273,10.399999618530273,800
2007-07-30,10.300000190734863,10.369999885559082,10.270000457763672,10.369999885559082,10.369999885559082,600
2007-07-31,10.25,10.350000381469727,10.25,10.350000381469727,10.350000381469727,3500
2007-08-01,10.380000114440918,10.380000114440918,10.260000228881836,10.260000228881836,10.260000228881836,500
2007-08-02,10.25,10.260000228881836,10.25,10.260000228881836,10.260000228881836,500
2007-08-03,10.25,10.25,10.25,10.25,10.25,1900
2007-08-06,10.15999984741211,10.399999618530273,10.149999618530273,10.399999618530273,10.399999618530273,1100
2007-08-07,10.449999809265137,10.649999618530273,10.270000457763672,10.640000343322754,10.640000343322754,2200
2007-08-08,10.600000381469727,10.630000114440918,10.3100004196167,10.630000114440918,10.630000114440918,4400
2007-08-09,10.5,10.5,10.34000015258789,10.5,10.5,1800
2007-08-10,10.5,10.5,10.34000015258789,10.34000015258789,10.34000015258789,1500
2007-08-13,10.449999809265137,10.449999809265137,10.229999542236328,10.229999542236328,10.229999542236328,3000
2007-08-14,10.199999809265137,10.25,10.199999809265137,10.220000267028809,10.220000267028809,3700
2007-08-15,10.25,10.25,10.149999618530273,10.180000305175781,10.180000305175781,3500
2007-08-16,10.050000190734863,10.149999618530273,9.949999809265137,10.149999618530273,10.149999618530273,6500
2007-08-17,10.100000381469727,10.199999809265137,10.100000381469727,10.149999618530273,10.149999618530273,2100
2007-08-20,10.050000190734863,10.109999656677246,10.050000190734863,10.109999656677246,10.109999656677246,1200
2007-08-21,10.109999656677246,10.109999656677246,9.90999984741211,9.90999984741211,9.90999984741211,9500
2007-08-22,10.0,10.039999961853027,9.970000267028809,9.970000267028809,9.970000267028809,12700
2007-08-23,10.020000457763672,10.100000381469727,9.970000267028809,10.100000381469727,10.100000381469727,10500
2007-08-24,10.0,10.09000015258789,10.0,10.0600004196167,10.0600004196167,5000
2007-08-27,10.149999618530273,10.149999618530273,10.0,10.010000228881836,10.010000228881836,4200
2007-08-28,10.0,10.020000457763672,9.979999542236328,9.979999542236328,9.979999542236328,9500
2007-08-29,10.0,10.039999961853027,10.0,10.0,10.0,1600
2007-08-30,9.960000038146973,10.0,9.949999809265137,10.0,10.0,1400
2007-08-31,10.0,10.100000381469727,10.0,10.100000381469727,10.100000381469727,6600
2007-09-04,10.050000190734863,10.050000190734863,9.970000267028809,9.970000267028809,9.970000267028809,4400
2007-09-05,10.0,10.0,9.899999618530273,9.899999618530273,9.899999618530273,4500
2007-09-06,9.899999618530273,10.0,9.899999618530273,9.949999809265137,9.949999809265137,3000
2007-09-07,9.949999809265137,9.949999809265137,9.949999809265137,9.949999809265137,9.949999809265137,0
2007-09-10,9.960000038146973,9.960000038146973,9.880000114440918,9.880000114440918,9.880000114440918,1500
2007-09-11,10.0,10.149999618530273,9.949999809265137,9.970000267028809,9.970000267028809,2400
2007-09-12,9.930000305175781,9.930000305175781,9.869999885559082,9.869999885559082,9.869999885559082,3300
2007-09-13,9.869999885559082,9.960000038146973,9.869999885559082,9.960000038146973,9.960000038146973,8400
2007-09-14,9.960000038146973,9.960000038146973,9.960000038146973,9.960000038146973,9.960000038146973,0
2007-09-17,10.0,10.0,9.819999694824219,9.819999694824219,9.819999694824219,1500
2007-09-18,9.859999656677246,9.880000114440918,9.859999656677246,9.880000114440918,9.880000114440918,1900
2007-09-19,9.890000343322754,10.050000190734863,9.850000381469727,10.050000190734863,10.050000190734863,3000
2007-09-20,10.149999618530273,10.149999618530273,9.960000038146973,10.020000457763672,10.020000457763672,1700
2007-09-21,10.0,10.050000190734863,10.0,10.050000190734863,10.050000190734863,7200
2007-09-24,9.949999809265137,9.949999809265137,9.920000076293945,9.930000305175781,9.930000305175781,2300
2007-09-25,9.899999618530273,9.920000076293945,9.869999885559082,9.920000076293945,9.920000076293945,2700
2007-09-26,9.850000381469727,10.0,9.8100004196167,9.8100004196167,9.8100004196167,1800
2007-09-27,9.850000381469727,9.850000381469727,9.800000190734863,9.800000190734863,9.800000190734863,6400
2007-09-28,9.850000381469727,9.850000381469727,9.850000381469727,9.850000381469727,9.850000381469727,1200
2007-10-01,9.829999923706055,9.869999885559082,9.829999923706055,9.850000381469727,9.850000381469727,1100
2007-10-02,9.850000381469727,9.90999984741211,9.850000381469727,9.890000343322754,9.890000343322754,2000
2007-10-03,9.8100004196167,9.850000381469727,9.800000190734863,9.850000381469727,9.850000381469727,1800
2007-10-04,9.850000381469727,9.850000381469727,9.850000381469727,9.850000381469727,9.850000381469727,0
2007-10-05,9.829999923706055,9.850000381469727,9.800000190734863,9.800000190734863,9.800000190734863,1800
2007-10-08,9.800000190734863,9.850000381469727,9.800000190734863,9.850000381469727,9.850000381469727,400
2007-10-09,9.850000381469727,10.0,9.850000381469727,10.0,10.0,2700
2007-10-10,9.949999809265137,9.949999809265137,9.90999984741211,9.90999984741211,9.90999984741211,1000
2007-10-11,9.90999984741211,9.949999809265137,9.850000381469727,9.949999809265137,9.949999809265137,1600
2007-10-12,9.899999618530273,9.899999618530273,9.850000381469727,9.899999618530273,9.899999618530273,1100
2007-10-15,9.850000381469727,9.899999618530273,9.800000190734863,9.899999618530273,9.899999618530273,6800
2007-10-16,9.850000381469727,9.899999618530273,9.850000381469727,9.899999618530273,9.899999618530273,1500
2007-10-17,9.850000381469727,9.850000381469727,9.850000381469727,9.850000381469727,9.850000381469727,1800
2007-10-18,9.859999656677246,9.859999656677246,9.859999656677246,9.859999656677246,9.859999656677246,1100
2007-10-19,9.850000381469727,10.0,9.680000305175781,9.760000228881836,9.760000228881836,6500
2007-10-22,9.699999809265137,9.779999732971191,9.699999809265137,9.779999732971191,9.779999732971191,2800
2007-10-23,9.850000381469727,9.899999618530273,9.850000381469727,9.899999618530273,9.899999618530273,1400
2007-10-24,9.800000190734863,9.800000190734863,9.75,9.75,9.75,1200
2007-10-25,9.800000190734863,9.800000190734863,9.800000190734863,9.800000190734863,9.800000190734863,500
2007-10-26,9.710000038146973,9.710000038146973,9.5,9.670000076293945,9.670000076293945,11500
2007-10-29,9.800000190734863,9.859999656677246,9.800000190734863,9.850000381469727,9.850000381469727,1400
2007-10-30,10.0,10.0,9.729999542236328,9.930000305175781,9.930000305175781,19200
2007-10-31,9.75,10.050000190734863,9.75,10.050000190734863,10.050000190734863,7900
2007-11-01,10.050000190734863,10.050000190734863,10.050000190734863,10.050000190734863,10.050000190734863,0
2007-11-02,9.800000190734863,9.800000190734863,9.800000190734863,9.800000190734863,9.800000190734863,100
2007-11-05,9.75,9.75,9.579999923706055,9.739999771118164,9.739999771118164,5000
2007-11-06,9.699999809265137,9.75,9.6899995803833,9.75,9.75,2200
2007-11-07,9.800000190734863,9.90999984741211,9.40999984741211,9.649999618530273,9.649999618530273,21100
2007-11-08,9.649999618530273,9.649999618530273,9.649999618530273,9.649999618530273,9.649999618530273,0
2007-11-09,9.619999885559082,9.760000228881836,9.5,9.600000381469727,9.600000381469727,13800
2007-11-12,9.75,10.800000190734863,9.75,9.949999809265137,9.949999809265137,28400
2007-11-13,9.920000076293945,10.0,9.75,9.75,9.75,2600
2007-11-14,9.859999656677246,9.899999618530273,9.649999618530273,9.649999618530273,9.649999618530273,1800
2007-11-15,9.75,9.75,9.75,9.75,9.75,1000
2007-11-16,9.770000457763672,9.9399995803833,9.75,9.920000076293945,9.920000076293945,4100
2007-11-19,9.8100004196167,9.8100004196167,9.75,9.75,9.75,13000
2007-11-20,9.760000228881836,9.760000228881836,9.75,9.75,9.75,4900
2007-11-21,9.75,9.850000381469727,9.699999809265137,9.75,9.75,5900
2007-11-23,9.829999923706055,9.899999618530273,9.829999923706055,9.899999618530273,9.899999618530273,2000
2007-11-26,9.760000228881836,9.760000228881836,9.75,9.75,9.75,1100
2007-11-27,9.75,9.930000305175781,9.649999618530273,9.75,9.75,21100
2007-11-28,9.75,9.800000190734863,9.699999809265137,9.760000228881836,9.760000228881836,5600
2007-11-29,9.760000228881836,9.760000228881836,9.760000228881836,9.760000228881836,9.760000228881836,100
2007-11-30,9.989999771118164,10.149999618530273,9.989999771118164,10.0,10.0,5600
2007-12-03,9.8100004196167,10.09000015258789,9.800000190734863,10.09000015258789,10.09000015258789,700
2007-12-04,10.100000381469727,10.119999885559082,10.079999923706055,10.119999885559082,10.119999885559082,14300
2007-12-05,10.119999885559082,10.119999885559082,10.119999885559082,10.119999885559082,10.119999885559082,0
2007-12-06,10.25,10.359999656677246,9.770000457763672,9.859999656677246,9.859999656677246,11900
2007-12-07,10.0,10.180000305175781,10.0,10.020000457763672,10.020000457763672,22200
2007-12-10,10.180000305175781,10.199999809265137,10.0600004196167,10.1899995803833,10.1899995803833,4100
2007-12-11,9.859999656677246,9.859999656677246,9.859999656677246,9.859999656677246,9.859999656677246,200
2007-12-12,9.869999885559082,9.869999885559082,9.859999656677246,9.859999656677246,9.859999656677246,600
2007-12-13,9.859999656677246,10.0,9.8100004196167,9.960000038146973,9.960000038146973,4000
2007-12-14,10.220000267028809,10.220000267028809,9.859999656677246,9.90999984741211,9.90999984741211,4900
2007-12-17,9.8100004196167,9.8100004196167,9.75,9.760000228881836,9.760000228881836,6300
2007-12-18,9.850000381469727,10.149999618530273,9.850000381469727,10.149999618530273,10.149999618530273,4800
2007-12-19,10.050000190734863,10.149999618530273,9.859999656677246,9.859999656677246,9.859999656677246,3400
2007-12-20,9.899999618530273,10.050000190734863,9.859999656677246,9.869999885559082,9.869999885559082,2000
2007-12-21,9.899999618530273,10.0,9.899999618530273,10.0,10.0,15100
2007-12-24,9.859999656677246,9.859999656677246,9.859999656677246,9.859999656677246,9.859999656677246,600
2007-12-26,10.100000381469727,10.170000076293945,10.0,10.149999618530273,10.149999618530273,7800
2007-12-27,10.199999809265137,10.239999771118164,10.1899995803833,10.220000267028809,10.220000267028809,2100
2007-12-28,9.880000114440918,10.149999618530273,9.859999656677246,9.960000038146973,9.960000038146973,1900
2007-12-31,9.899999618530273,9.989999771118164,9.899999618530273,9.989999771118164,9.989999771118164,1000
2008-01-02,9.989999771118164,9.989999771118164,9.989999771118164,9.989999771118164,9.989999771118164,0
2008-01-03,9.859999656677246,10.149999618530273,9.859999656677246,10.0,10.0,3400
2008-01-04,9.890000343322754,9.890000343322754,9.449999809265137,9.6899995803833,9.6899995803833,11600
2008-01-07,9.479999542236328,9.699999809265137,9.479999542236328,9.649999618530273,9.649999618530273,15000
2008-01-08,9.600000381469727,9.699999809265137,9.5600004196167,9.600000381469727,9.600000381469727,1100
2008-01-09,9.6899995803833,9.699999809265137,9.539999961853027,9.600000381469727,9.600000381469727,2100
2008-01-10,9.5,9.699999809265137,9.5,9.649999618530273,9.649999618530273,6500
2008-01-11,9.510000228881836,9.550000190734863,9.510000228881836,9.510000228881836,9.510000228881836,300
2008-01-14,9.600000381469727,9.850000381469727,9.510000228881836,9.850000381469727,9.850000381469727,14100
2008-01-15,9.75,9.920000076293945,9.739999771118164,9.75,9.75,9300
2008-01-16,9.5600004196167,9.899999618530273,9.5600004196167,9.75,9.75,3800
2008-01-17,9.75,9.75,9.75,9.75,9.75,0
2008-01-18,9.550000190734863,9.699999809265137,9.550000190734863,9.649999618530273,9.649999618530273,2100
2008-01-22,9.510000228881836,9.600000381469727,9.199999809265137,9.5,9.5,3900
2008-01-23,9.5,9.649999618530273,8.989999771118164,9.649999618530273,9.649999618530273,9200
2008-01-24,9.649999618530273,9.649999618530273,9.649999618530273,9.649999618530273,9.649999618530273,0
2008-01-25,9.649999618530273,9.649999618530273,9.649999618530273,9.649999618530273,9.649999618530273,0
2008-01-28,9.600000381469727,9.600000381469727,9.600000381469727,9.600000381469727,9.600000381469727,300
2008-01-29,9.699999809265137,9.699999809265137,9.600000381469727,9.6899995803833,9.6899995803833,3200
2008-01-30,9.600000381469727,9.699999809265137,9.600000381469727,9.699999809265137,9.699999809265137,1400
2008-01-31,9.619999885559082,9.739999771118164,9.619999885559082,9.739999771118164,9.739999771118164,5500
2008-02-01,9.739999771118164,9.75,9.539999961853027,9.539999961853027,9.539999961853027,1100
2008-02-04,9.600000381469727,9.600000381469727,9.550000190734863,9.550000190734863,9.550000190734863,800
2008-02-05,9.619999885559082,9.619999885559082,9.619999885559082,9.619999885559082,9.619999885559082,200
2008-02-06,9.619999885559082,9.619999885559082,9.619999885559082,9.619999885559082,9.619999885559082,0
2008-02-07,9.5,9.800000190734863,9.5,9.5,9.5,3500
2008-02-08,9.699999809265137,9.699999809265137,9.550000190734863,9.609999656677246,9.609999656677246,1900
2008-02-11,9.699999809265137,9.699999809265137,9.649999618530273,9.699999809265137,9.699999809265137,1300
2008-02-12,9.800000190734863,9.800000190734863,9.699999809265137,9.699999809265137,9.699999809265137,1800
2008-02-13,9.550000190734863,9.699999809265137,9.550000190734863,9.550000190734863,9.550000190734863,3000
2008-02-14,9.279999732971191,9.619999885559082,9.279999732971191,9.619999885559082,9.619999885559082,1000
2008-02-15,9.619999885559082,9.619999885559082,9.619999885559082,9.619999885559082,9.619999885559082,0
2008-02-19,9.619999885559082,9.619999885559082,9.619999885559082,9.619999885559082,9.619999885559082,0
2008-02-20,9.619999885559082,9.619999885559082,9.619999885559082,9.619999885559082,9.619999885559082,0
2008-02-21,9.600000381469727,9.600000381469727,9.5,9.550000190734863,9.550000190734863,4500
2008-02-22,9.619999885559082,9.619999885559082,9.449999809265137,9.5,9.5,4700
2008-02-25,9.600000381469727,9.649999618530273,9.600000381469727,9.649999618530273,9.649999618530273,1400
2008-02-26,9.600000381469727,9.619999885559082,9.550000190734863,9.550000190734863,9.550000190734863,2800
2008-02-27,9.600000381469727,9.739999771118164,9.600000381469727,9.699999809265137,9.699999809265137,5700
2008-02-28,9.699999809265137,9.739999771118164,9.699999809265137,9.699999809265137,9.699999809265137,14000
2008-02-29,9.699999809265137,9.720000267028809,9.510000228881836,9.510000228881836,9.510000228881836,8400
2008-03-03,9.699999809265137,9.699999809265137,9.550000190734863,9.699999809265137,9.699999809265137,700
2008-03-04,9.699999809265137,9.699999809265137,9.5,9.59000015258789,9.59000015258789,6100
2008-03-05,9.59000015258789,9.59000015258789,9.59000015258789,9.59000015258789,9.59000015258789,0
2008-03-06,9.600000381469727,9.600000381469727,9.5,9.5,9.5,7700
2008-03-07,9.649999618530273,9.649999618530273,9.649999618530273,9.649999618530273,9.649999618530273,500
2008-03-10,9.699999809265137,9.699999809265137,9.699999809265137,9.699999809265137,9.699999809265137,100
2008-03-11,9.550000190734863,9.550000190734863,9.449999809265137,9.5,9.5,6000
2008-03-12,9.5,9.5,9.5,9.5,9.5,500
2008-03-13,9.699999809265137,9.699999809265137,9.699999809265137,9.699999809265137,9.699999809265137,500
2008-03-14,9.699999809265137,9.699999809265137,9.699999809265137,9.699999809265137,9.699999809265137,0
2008-03-17,9.399999618530273,9.699999809265137,9.399999618530273,9.5,9.5,8500
2008-03-18,9.699999809265137,9.699999809265137,9.5,9.5,9.5,6200
2008-03-19,9.5,9.5,9.5,9.5,9.5,100
2008-03-20,9.5,9.5,9.5,9.5,9.5,1900
2008-03-24,9.229999542236328,9.5,9.229999542236328,9.449999809265137,9.449999809265137,9500
2008-03-25,9.449999809265137,9.449999809265137,9.430000305175781,9.430000305175781,9.430000305175781,700
2008-03-26,9.4399995803833,9.4399995803833,9.420000076293945,9.420000076293945,9.420000076293945,2500
2008-03-27,9.300000190734863,9.4399995803833,9.300000190734863,9.4399995803833,9.4399995803833,2700
2008-03-28,9.34000015258789,9.34000015258789,9.34000015258789,9.34000015258789,9.34000015258789,100
2008-03-31,9.479999542236328,9.479999542236328,9.479999542236328,9.479999542236328,9.479999542236328,500
2008-04-01,9.5,9.5,9.460000038146973,9.489999771118164,9.489999771118164,8000
2008-04-02,9.489999771118164,9.489999771118164,9.489999771118164,9.489999771118164,9.489999771118164,1500
2008-04-03,9.449999809265137,9.449999809265137,9.4399995803833,9.4399995803833,9.4399995803833,300
2008-04-04,8.680000305175781,9.460000038146973,8.680000305175781,9.449999809265137,9.449999809265137,7300
2008-04-07,9.489999771118164,9.489999771118164,9.489999771118164,9.489999771118164,9.489999771118164,5500
2008-04-08,9.460000038146973,9.460000038146973,9.399999618530273,9.449999809265137,9.449999809265137,3300
2008-04-09,9.449999809265137,9.449999809265137,9.449999809265137,9.449999809265137,9.449999809265137,0
2008-04-10,9.399999618530273,9.399999618530273,9.399999618530273,9.399999618530273,9.399999618530273,500
2008-04-11,9.25,9.300000190734863,9.239999771118164,9.239999771118164,9.239999771118164,11600
2008-04-14,9.239999771118164,9.239999771118164,9.100000381469727,9.100000381469727,9.100000381469727,16100
2008-04-15,9.239999771118164,9.390000343322754,9.239999771118164,9.390000343322754,9.390000343322754,900
2008-04-16,9.399999618530273,9.5,9.319999694824219,9.449999809265137,9.449999809265137,17200
2008-04-17,9.449999809265137,9.5,9.449999809265137,9.5,9.5,3600
2008-04-18,9.5,9.600000381469727,9.449999809265137,9.600000381469727,9.600000381469727,14400
2008-04-21,9.600000381469727,9.800000190734863,9.380000114440918,9.380000114440918,9.380000114440918,1200
2008-04-22,9.579999923706055,9.600000381469727,9.260000228881836,9.600000381469727,9.600000381469727,5800
2008-04-23,9.59000015258789,9.59000015258789,9.59000015258789,9.59000015258789,9.59000015258789,2000
2008-04-24,9.5,9.5,9.5,9.5,9.5,10700
2008-04-25,9.5,9.600000381469727,9.5,9.600000381469727,9.600000381469727,5500
2008-04-28,9.520000457763672,9.699999809265137,9.399999618530273,9.699999809265137,9.699999809265137,3400
2008-04-29,9.430000305175781,9.600000381469727,9.430000305175781,9.600000381469727,9.600000381469727,1900
2008-04-30,9.550000190734863,9.600000381469727,9.489999771118164,9.489999771118164,9.489999771118164,29700
2008-05-01,9.489999771118164,9.600000381469727,9.489999771118164,9.5600004196167,9.5600004196167,1100
2008-05-02,9.489999771118164,9.489999771118164,9.489999771118164,9.489999771118164,9.489999771118164,400
2008-05-05,9.4399995803833,9.470000267028809,9.399999618530273,9.470000267028809,9.470000267028809,6100
2008-05-06,9.399999618530273,9.399999618530273,9.300000190734863,9.380000114440918,9.380000114440918,5000
2008-05-07,9.300000190734863,9.359999656677246,9.25,9.25,9.25,21100
2008-05-08,9.300000190734863,9.300000190734863,9.25,9.300000190734863,9.300000190734863,6400
2008-05-09,9.300000190734863,9.489999771118164,9.300000190734863,9.489999771118164,9.489999771118164,2700
2008-05-12,9.300000190734863,9.300000190734863,9.300000190734863,9.300000190734863,9.300000190734863,3500
2008-05-13,9.430000305175781,9.430000305175781,9.430000305175781,9.430000305175781,9.430000305175781,1000
2008-05-14,9.449999809265137,9.529999732971191,9.449999809265137,9.529999732971191,9.529999732971191,2400
2008-05-15,9.329999923706055,9.399999618530273,9.329999923706055,9.399999618530273,9.399999618530273,16200
2008-05-16,9.390000343322754,9.390000343322754,9.390000343322754,9.390000343322754,9.390000343322754,2500
2008-05-19,9.260000228881836,9.300000190734863,9.260000228881836,9.300000190734863,9.300000190734863,1800
2008-05-20,9.220000267028809,9.25,9.220000267028809,9.229999542236328,9.229999542236328,1100
2008-05-21,9.319999694824219,9.399999618530273,9.319999694824219,9.350000381469727,9.350000381469727,8400
2008-05-22,9.239999771118164,9.399999618530273,9.239999771118164,9.319999694824219,9.319999694824219,11900
2008-05-23,9.350000381469727,9.399999618530273,8.899999618530273,9.399999618530273,9.399999618530273,7800
2008-05-27,9.390000343322754,9.390000343322754,9.350000381469727,9.350000381469727,9.350000381469727,3100
2008-05-28,9.350000381469727,9.350000381469727,9.199999809265137,9.199999809265137,9.199999809265137,15400
2008-05-29,9.279999732971191,9.359999656677246,9.239999771118164,9.279999732971191,9.279999732971191,2000
2008-05-30,9.399999618530273,9.399999618530273,9.399999618530273,9.399999618530273,9.399999618530273,400
2008-06-02,9.399999618530273,9.5,9.25,9.34000015258789,9.34000015258789,3800
2008-06-03,9.59000015258789,9.59000015258789,9.300000190734863,9.300000190734863,9.300000190734863,2700
2008-06-04,9.449999809265137,9.600000381469727,9.25,9.5,9.5,11800
2008-06-05,9.399999618530273,9.399999618530273,9.25,9.399999618530273,9.399999618530273,17600
2008-06-06,9.399999618530273,9.399999618530273,9.399999618530273,9.399999618530273,9.399999618530273,0
2008-06-09,9.390000343322754,9.489999771118164,9.350000381469727,9.489999771118164,9.489999771118164,4300
2008-06-10,9.350000381469727,9.479999542236328,9.289999961853027,9.3100004196167,9.3100004196167,22500
2008-06-11,9.5,9.5,9.319999694824219,9.319999694824219,9.319999694824219,1500
2008-06-12,9.350000381469727,9.449999809265137,9.220000267028809,9.449999809265137,9.449999809265137,11500
2008-06-13,9.449999809265137,9.449999809265137,9.289999961853027,9.289999961853027,9.289999961853027,22600
2008-06-16,9.25,9.470000267028809,9.100000381469727,9.430000305175781,9.430000305175781,14500
2008-06-17,9.220000267028809,9.25,9.029999732971191,9.029999732971191,9.029999732971191,9500
2008-06-18,9.109999656677246,9.109999656677246,9.0,9.050000190734863,9.050000190734863,7800
2008-06-19,9.050000190734863,9.119999885559082,9.050000190734863,9.119999885559082,9.119999885559082,4600
2008-06-20,9.100000381469727,9.100000381469727,9.050000190734863,9.050000190734863,9.050000190734863,10200
2008-06-23,9.010000228881836,9.039999961853027,9.0,9.029999732971191,9.029999732971191,4200
2008-06-24,9.0,9.0,8.180000305175781,8.75,8.75,28900
2008-06-25,8.800000190734863,8.800000190734863,8.550000190734863,8.550000190734863,8.550000190734863,6300
2008-06-26,8.350000381469727,8.380000114440918,8.350000381469727,8.359999656677246,8.359999656677246,7000
2008-06-27,8.359999656677246,8.359999656677246,8.359999656677246,8.359999656677246,8.359999656677246,0
2008-06-30,8.3100004196167,8.3100004196167,7.5,7.75,7.75,12800
2008-07-01,7.75,7.900000095367432,7.699999809265137,7.730000019073486,7.730000019073486,4900
2008-07-02,7.800000190734863,7.800000190734863,7.699999809265137,7.800000190734863,7.800000190734863,3300
2008-07-03,7.800000190734863,7.800000190734863,7.800000190734863,7.800000190734863,7.800000190734863,2400
2008-07-07,7.710000038146973,7.710000038146973,7.699999809265137,7.699999809265137,7.699999809265137,3200
2008-07-08,7.699999809265137,7.699999809265137,7.699999809265137,7.699999809265137,7.699999809265137,0
2008-07-09,7.489999771118164,7.710000038146973,7.489999771118164,7.710000038146973,7.710000038146973,1700
2008-07-10,7.710000038146973,7.710000038146973,7.710000038146973,7.710000038146973,7.710000038146973,0
2008-07-11,7.409999847412109,7.889999866485596,7.409999847412109,7.889999866485596,7.889999866485596,1600
2008-07-14,7.710000038146973,7.710000038146973,7.539999961853027,7.539999961853027,7.539999961853027,2300
2008-07-15,7.409999847412109,7.409999847412109,7.400000095367432,7.400000095367432,7.400000095367432,37100
2008-07-16,7.400000095367432,7.400000095367432,7.400000095367432,7.400000095367432,7.400000095367432,4600
2008-07-17,7.599999904632568,7.650000095367432,7.599999904632568,7.650000095367432,7.650000095367432,2300
2008-07-18,7.599999904632568,7.599999904632568,7.599999904632568,7.599999904632568,7.599999904632568,1500
2008-07-21,7.599999904632568,7.599999904632568,7.599999904632568,7.599999904632568,7.599999904632568,0
2008-07-22,7.699999809265137,7.900000095367432,7.699999809265137,7.699999809265137,7.699999809265137,5000
2008-07-23,7.510000228881836,7.550000190734863,7.510000228881836,7.550000190734863,7.550000190734863,1400
2008-07-24,7.550000190734863,7.550000190734863,7.300000190734863,7.53000020980835,7.53000020980835,9500
2008-07-25,7.429999828338623,7.449999809265137,7.389999866485596,7.409999847412109,7.409999847412109,2400
2008-07-28,7.409999847412109,7.550000190734863,7.409999847412109,7.449999809265137,7.449999809265137,1500
2008-07-29,7.579999923706055,7.579999923706055,7.5,7.5,7.5,2200
2008-07-30,7.460000038146973,7.599999904632568,7.449999809265137,7.599999904632568,7.599999904632568,1100
2008-07-31,7.670000076293945,8.09000015258789,7.650000095367432,7.900000095367432,7.900000095367432,7400
2008-08-01,7.900000095367432,7.900000095367432,7.900000095367432,7.900000095367432,7.900000095367432,0
2008-08-04,7.900000095367432,7.900000095367432,7.900000095367432,7.900000095367432,7.900000095367432,0
2008-08-05,7.659999847412109,7.659999847412109,7.599999904632568,7.650000095367432,7.650000095367432,2300
2008-08-06,7.75,8.0,7.75,8.0,8.0,12600
2008-08-07,7.849999904632568,7.900000095367432,7.75,7.800000190734863,7.800000190734863,4500
2008-08-08,7.599999904632568,7.599999904632568,7.5,7.5,7.5,4100
2008-08-11,7.46999979019165,7.650000095367432,7.449999809265137,7.449999809265137,7.449999809265137,8300
2008-08-12,7.5,7.5,7.5,7.5,7.5,2300
2008-08-13,7.5,7.5,7.5,7.5,7.5,2400
2008-08-14,7.639999866485596,7.849999904632568,7.639999866485596,7.849999904632568,7.849999904632568,10400
2008-08-15,7.75,7.75,7.5,7.5,7.5,6000
2008-08-18,7.639999866485596,7.699999809265137,7.639999866485596,7.699999809265137,7.699999809265137,1800
2008-08-19,7.699999809265137,7.699999809265137,7.699999809265137,7.699999809265137,7.699999809265137,0
2008-08-20,7.699999809265137,7.699999809265137,7.699999809265137,7.699999809265137,7.699999809265137,0
2008-08-21,7.659999847412109,7.659999847412109,7.659999847412109,7.659999847412109,7.659999847412109,500
2008-08-22,7.739999771118164,7.739999771118164,7.699999809265137,7.699999809265137,7.699999809265137,600
2008-08-25,7.699999809265137,7.699999809265137,7.480000019073486,7.480000019073486,7.480000019073486,7700
2008-08-26,7.260000228881836,7.5,7.260000228881836,7.5,7.5,2000
2008-08-27,7.559999942779541,7.699999809265137,7.559999942779541,7.699999809265137,7.699999809265137,1400
2008-08-28,7.699999809265137,7.699999809265137,7.699999809265137,7.699999809265137,7.699999809265137,0
2008-08-29,7.75,7.75,7.570000171661377,7.570000171661377,7.570000171661377,600
2008-09-02,7.570000171661377,7.570000171661377,7.570000171661377,7.570000171661377,7.570000171661377,0
2008-09-03,7.5,7.5,7.5,7.5,7.5,100
2008-09-04,7.400000095367432,7.400000095367432,7.340000152587891,7.349999904632568,7.349999904632568,2300
2008-09-05,7.449999809265137,7.550000190734863,7.300000190734863,7.5,7.5,1800
2008-09-08,7.739999771118164,7.75,7.5,7.5,7.5,2800
2008-09-09,7.449999809265137,7.449999809265137,7.420000076293945,7.420000076293945,7.420000076293945,1100
2008-09-10,7.300000190734863,7.340000152587891,7.300000190734863,7.340000152587891,7.340000152587891,5800
2008-09-11,7.300000190734863,7.300000190734863,7.25,7.25,7.25,3100
2008-09-12,7.25,7.25,7.25,7.25,7.25,0
2008-09-15,7.25,7.25,7.199999809265137,7.199999809265137,7.199999809265137,3700
2008-09-16,7.150000095367432,7.150000095367432,6.849999904632568,7.079999923706055,7.079999923706055,5900
2008-09-17,6.849999904632568,6.849999904632568,6.650000095367432,6.679999828338623,6.679999828338623,10200
2008-09-18,6.650000095367432,6.650000095367432,6.300000190734863,6.550000190734863,6.550000190734863,15800
2008-09-19,8.350000381469727,8.350000381469727,7.0,7.53000020980835,7.53000020980835,6300
2008-09-22,7.5,7.5,7.400000095367432,7.400000095367432,7.400000095367432,2300
2008-09-23,7.199999809265137,7.199999809265137,7.079999923706055,7.079999923706055,7.079999923706055,1100
2008-09-24,7.0,7.050000190734863,7.0,7.050000190734863,7.050000190734863,1200
2008-09-25,7.03000020980835,7.099999904632568,7.03000020980835,7.099999904632568,7.099999904632568,3700
2008-09-26,7.099999904632568,7.099999904632568,7.099999904632568,7.099999904632568,7.099999904632568,0
2008-09-29,6.699999809265137,6.900000095367432,6.699999809265137,6.900000095367432,6.900000095367432,200
2008-09-30,6.900000095367432,6.900000095367432,6.900000095367432,6.900000095367432,6.900000095367432,0
2008-10-01,6.940000057220459,6.940000057220459,6.900000095367432,6.900000095367432,6.900000095367432,1700
2008-10-02,6.849999904632568,6.849999904632568,6.840000152587891,6.840000152587891,6.840000152587891,2200
2008-10-03,6.75,6.75,6.539999961853027,6.550000190734863,6.550000190734863,7800
2008-10-06,6.5,6.639999866485596,6.150000095367432,6.550000190734863,6.550000190734863,8600
2008-10-07,6.699999809265137,6.75,6.400000095367432,6.400000095367432,6.400000095367432,7500
2008-10-08,6.400000095367432,6.400000095367432,5.710000038146973,5.860000133514404,5.860000133514404,5000
2008-10-09,5.760000228881836,6.0,5.760000228881836,5.849999904632568,5.849999904632568,4100
2008-10-10,5.75,5.75,5.599999904632568,5.75,5.75,2800
2008-10-13,5.650000095367432,5.650000095367432,5.599999904632568,5.650000095367432,5.650000095367432,900
2008-10-14,5.599999904632568,5.599999904632568,4.949999809265137,5.5,5.5,6600
2008-10-15,5.349999904632568,5.349999904632568,5.349999904632568,5.349999904632568,5.349999904632568,100
2008-10-16,5.300000190734863,5.300000190734863,5.150000095367432,5.199999809265137,5.199999809265137,1200
2008-10-17,4.909999847412109,5.400000095367432,4.909999847412109,5.400000095367432,5.400000095367432,2900
2008-10-20,5.489999771118164,5.5,5.449999809265137,5.449999809265137,5.449999809265137,700
2008-10-21,5.449999809265137,5.449999809265137,5.449999809265137,5.449999809265137,5.449999809265137,0
2008-10-22,5.349999904632568,5.349999904632568,5.190000057220459,5.239999771118164,5.239999771118164,4900
2008-10-23,5.179999828338623,5.179999828338623,5.179999828338623,5.179999828338623,5.179999828338623,300
2008-10-24,5.079999923706055,5.079999923706055,5.0,5.0,5.0,700
2008-10-27,4.900000095367432,4.940000057220459,4.75,4.940000057220459,4.940000057220459,6200
2008-10-28,5.039999961853027,5.25,5.0,5.039999961853027,5.039999961853027,2300
2008-10-29,5.039999961853027,5.039999961853027,5.039999961853027,5.039999961853027,5.039999961853027,0
2008-10-30,5.139999866485596,5.25,5.139999866485596,5.25,5.25,800
2008-10-31,5.349999904632568,5.519999980926514,5.349999904632568,5.519999980926514,5.519999980926514,600
2008-11-03,5.420000076293945,5.420000076293945,5.199999809265137,5.199999809265137,5.199999809265137,700
2008-11-04,5.320000171661377,5.320000171661377,5.320000171661377,5.320000171661377,5.320000171661377,200
2008-11-05,5.400000095367432,5.400000095367432,5.400000095367432,5.400000095367432,5.400000095367432,400
2008-11-06,5.389999866485596,5.449999809265137,5.389999866485596,5.449999809265137,5.449999809265137,800
2008-11-07,5.349999904632568,5.349999904632568,5.079999923706055,5.150000095367432,5.150000095367432,2200
2008-11-10,5.150000095367432,5.150000095367432,5.150000095367432,5.150000095367432,5.150000095367432,200
2008-11-11,5.150000095367432,5.150000095367432,5.150000095367432,5.150000095367432,5.150000095367432,0
2008-11-12,5.099999904632568,5.099999904632568,4.800000190734863,4.900000095367432,4.900000095367432,65000
2008-11-13,4.900000095367432,4.900000095367432,4.699999809265137,4.75,4.75,4900
2008-11-14,4.75,4.75,4.659999847412109,4.659999847412109,4.659999847412109,1800
2008-11-17,4.699999809265137,4.75,4.650000095367432,4.650000095367432,4.650000095367432,1100
2008-11-18,4.789999961853027,4.789999961853027,4.5,4.5,4.5,3600
2008-11-19,4.5,4.5,4.5,4.5,4.5,0
2008-11-20,4.5,4.599999904632568,4.400000095367432,4.400000095367432,4.400000095367432,3200
2008-11-21,4.380000114440918,4.380000114440918,4.349999904632568,4.349999904632568,4.349999904632568,400
2008-11-24,4.349999904632568,4.349999904632568,4.349999904632568,4.349999904632568,4.349999904632568,1800
2008-11-25,4.349999904632568,4.400000095367432,4.260000228881836,4.400000095367432,4.400000095367432,900
2008-11-26,4.400000095367432,4.400000095367432,4.25,4.349999904632568,4.349999904632568,9700
2008-11-28,4.179999828338623,4.25,4.099999904632568,4.099999904632568,4.099999904632568,1800
2008-12-01,4.150000095367432,4.25,4.099999904632568,4.150000095367432,4.150000095367432,7000
2008-12-02,4.050000190734863,4.050000190734863,4.050000190734863,4.050000190734863,4.050000190734863,400
2008-12-03,4.25,4.269999980926514,4.25,4.25,4.25,2700
2008-12-04,4.25,4.25,4.25,4.25,4.25,400
2008-12-05,4.170000076293945,4.28000020980835,4.170000076293945,4.28000020980835,4.28000020980835,1500
2008-12-08,4.179999828338623,4.28000020980835,4.179999828338623,4.28000020980835,4.28000020980835,800
2008-12-09,4.289999961853027,4.289999961853027,4.289999961853027,4.289999961853027,4.289999961853027,100
2008-12-10,4.190000057220459,4.190000057220459,4.179999828338623,4.179999828338623,4.179999828338623,600
2008-12-11,4.179999828338623,4.179999828338623,4.130000114440918,4.130000114440918,4.130000114440918,900
2008-12-12,4.130000114440918,4.130000114440918,4.130000114440918,4.130000114440918,4.130000114440918,0
2008-12-15,4.099999904632568,4.099999904632568,4.099999904632568,4.099999904632568,4.099999904632568,600
2008-12-16,4.0,4.099999904632568,3.680000066757202,4.0,4.0,2600
2008-12-17,4.0,4.0,4.0,4.0,4.0,0
2008-12-18,4.0,4.0,4.0,4.0,4.0,700
2008-12-19,3.9100000858306885,3.9100000858306885,3.9100000858306885,3.9100000858306885,3.9100000858306885,4100
2008-12-22,3.859999895095825,3.9600000381469727,3.809999942779541,3.9600000381469727,3.9600000381469727,1800
2008-12-23,3.9000000953674316,3.990000009536743,3.9000000953674316,3.990000009536743,3.990000009536743,1000
2008-12-24,3.9200000762939453,3.990000009536743,3.9200000762939453,3.930000066757202,3.930000066757202,2500
2008-12-26,3.9000000953674316,3.950000047683716,3.8499999046325684,3.950000047683716,3.950000047683716,1400
2008-12-29,3.799999952316284,3.799999952316284,3.700000047683716,3.700000047683716,3.700000047683716,4900
2008-12-30,3.75,3.8399999141693115,3.75,3.799999952316284,3.799999952316284,10400
2008-12-31,3.9000000953674316,3.940000057220459,3.809999942779541,3.940000057220459,3.940000057220459,32700
2009-01-02,3.940000057220459,3.940000057220459,3.940000057220459,3.940000057220459,3.940000057220459,0
2009-01-05,3.809999942779541,3.9100000858306885,3.809999942779541,3.9100000858306885,3.9100000858306885,2000
2009-01-06,3.990000009536743,4.0,3.9000000953674316,4.0,4.0,6600
2009-01-07,4.0,4.0,3.8299999237060547,3.8299999237060547,3.8299999237060547,9700
2009-01-08,3.990000009536743,4.0,3.9000000953674316,3.9000000953674316,3.9000000953674316,5800
2009-01-09,3.9000000953674316,3.9000000953674316,3.9000000953674316,3.9000000953674316,3.9000000953674316,0
2009-01-12,3.799999952316284,3.890000104904175,3.75,3.75,3.75,4400
2009-01-13,3.75,3.859999895095825,3.700000047683716,3.700000047683716,3.700000047683716,7900
2009-01-14,3.680000066757202,3.8399999141693115,3.25,3.25,3.25,12700
2009-01-15,3.359999895095825,3.740000009536743,3.359999895095825,3.740000009536743,3.740000009536743,3100
2009-01-16,3.8399999141693115,3.880000114440918,3.8399999141693115,3.880000114440918,3.880000114440918,89000
2009-01-20,3.880000114440918,3.880000114440918,3.880000114440918,3.880000114440918,3.880000114440918,0
2009-01-21,3.7300000190734863,3.880000114440918,3.0799999237060547,3.880000114440918,3.880000114440918,3000
2009-01-22,3.869999885559082,3.880000114440918,3.819999933242798,3.819999933242798,3.819999933242798,1700
2009-01-23,3.799999952316284,3.799999952316284,3.509999990463257,3.509999990463257,3.509999990463257,4400
2009-01-26,3.4700000286102295,3.5,3.4000000953674316,3.4000000953674316,3.4000000953674316,6000
2009-01-27,3.4000000953674316,3.5999999046325684,3.4000000953674316,3.4800000190734863,3.4800000190734863,20600
2009-01-28,3.5,3.5,3.4800000190734863,3.4800000190734863,3.4800000190734863,9200
2009-01-29,3.4600000381469727,3.4600000381469727,3.4000000953674316,3.4000000953674316,3.4000000953674316,900
2009-01-30,3.4000000953674316,3.450000047683716,3.359999895095825,3.450000047683716,3.450000047683716,3800
2009-02-02,3.359999895095825,3.359999895095825,3.2799999713897705,3.2799999713897705,3.2799999713897705,900
2009-02-03,3.4100000858306885,3.450000047683716,3.2300000190734863,3.2799999713897705,3.2799999713897705,3100
2009-02-04,3.2799999713897705,3.2799999713897705,3.2799999713897705,3.2799999713897705,3.2799999713897705,2500
2009-02-05,3.259999990463257,3.259999990463257,3.259999990463257,3.259999990463257,3.259999990463257,200
2009-02-06,3.25,3.3299999237060547,3.25,3.3299999237060547,3.3299999237060547,6600
2009-02-09,3.2699999809265137,3.299999952316284,3.259999990463257,3.299999952316284,3.299999952316284,6300
2009-02-10,3.2699999809265137,3.2699999809265137,3.200000047683716,3.200000047683716,3.200000047683716,17300
2009-02-11,3.200000047683716,3.200000047683716,3.200000047683716,3.200000047683716,3.200000047683716,2500
2009-02-12,3.2899999618530273,3.2899999618530273,3.180000066757202,3.180000066757202,3.180000066757202,1100
2009-02-13,3.200000047683716,3.200000047683716,3.200000047683716,3.200000047683716,3.200000047683716,500
2009-02-17,3.109999895095825,3.109999895095825,3.009999990463257,3.009999990463257,3.009999990463257,4900
2009-02-18,3.25,3.25,3.1700000762939453,3.25,3.25,3000
2009-02-19,3.25,3.25,3.25,3.25,3.25,0
2009-02-20,3.25,3.25,3.25,3.25,3.25,0
2009-02-23,3.25,3.3499999046325684,3.009999990463257,3.009999990463257,3.009999990463257,2800
2009-02-24,3.009999990463257,3.009999990463257,3.009999990463257,3.009999990463257,3.009999990463257,0
2009-02-25,3.200000047683716,3.3499999046325684,3.0999999046325684,3.3499999046325684,3.3499999046325684,7400
2009-02-26,3.380000114440918,3.5,3.2899999618530273,3.4000000953674316,3.4000000953674316,7300
2009-02-27,3.0999999046325684,3.3499999046325684,3.0999999046325684,3.2300000190734863,3.2300000190734863,2300
2009-03-02,3.1500000953674316,3.299999952316284,3.0,3.299999952316284,3.299999952316284,2800
2009-03-03,3.2100000381469727,3.2100000381469727,3.0199999809265137,3.200000047683716,3.200000047683716,1300
2009-03-04,3.3499999046325684,3.5,3.299999952316284,3.5,3.5,3500
2009-03-05,3.3499999046325684,3.3499999046325684,3.3499999046325684,3.3499999046325684,3.3499999046325684,100
2009-03-06,3.200000047683716,3.200000047683716,3.049999952316284,3.049999952316284,3.049999952316284,1000
2009-03-09,2.9000000953674316,2.9000000953674316,2.9000000953674316,2.9000000953674316,2.9000000953674316,100
2009-03-10,2.9000000953674316,3.049999952316284,2.9000000953674316,2.9200000762939453,2.9200000762939453,7300
2009-03-11,2.9100000858306885,3.0,2.9100000858306885,2.950000047683716,2.950000047683716,2200
2009-03-12,3.0999999046325684,3.25,3.0999999046325684,3.25,3.25,200
2009-03-13,3.3499999046325684,3.390000104904175,3.3499999046325684,3.390000104904175,3.390000104904175,500
2009-03-16,3.390000104904175,3.390000104904175,3.390000104904175,3.390000104904175,3.390000104904175,0
2009-03-17,3.5299999713897705,3.5299999713897705,3.5299999713897705,3.5299999713897705,3.5299999713897705,1100
2009-03-18,3.5299999713897705,3.5299999713897705,3.130000114440918,3.450000047683716,3.450000047683716,2400
2009-03-19,3.5,3.5,3.5,3.5,3.5,200
2009-03-20,3.5999999046325684,3.630000114440918,3.5899999141693115,3.630000114440918,3.630000114440918,2700
2009-03-23,3.630000114440918,3.630000114440918,3.630000114440918,3.630000114440918,3.630000114440918,0
2009-03-24,3.6500000953674316,3.6500000953674316,3.5,3.549999952316284,3.549999952316284,4200
2009-03-25,3.5,3.5999999046325684,3.5,3.5999999046325684,3.5999999046325684,2000
2009-03-26,3.5999999046325684,3.5999999046325684,3.5999999046325684,3.5999999046325684,3.5999999046325684,0
2009-03-27,3.450000047683716,3.450000047683716,3.299999952316284,3.3499999046325684,3.3499999046325684,1600
2009-03-30,3.450000047683716,3.700000047683716,3.450000047683716,3.700000047683716,3.700000047683716,800
2009-03-31,3.75,3.799999952316284,3.5,3.5,3.5,9700
2009-04-01,3.3499999046325684,3.5999999046325684,3.3499999046325684,3.5999999046325684,3.5999999046325684,2000
2009-04-02,3.450000047683716,3.450000047683716,3.25,3.25,3.25,7100
2009-04-03,3.450000047683716,3.5999999046325684,3.4000000953674316,3.5999999046325684,3.5999999046325684,3600
2009-04-06,3.450000047683716,3.5999999046325684,3.450000047683716,3.5999999046325684,3.5999999046325684,600
2009-04-07,3.5999999046325684,3.75,3.5999999046325684,3.700000047683716,3.700000047683716,700
2009-04-08,3.5999999046325684,3.5999999046325684,3.5999999046325684,3.5999999046325684,3.5999999046325684,100
2009-04-09,3.700000047683716,3.75,3.5999999046325684,3.7200000286102295,3.7200000286102295,2400
2009-04-13,3.5999999046325684,3.8499999046325684,3.5999999046325684,3.799999952316284,3.799999952316284,7400
2009-04-14,3.700000047683716,3.700000047683716,3.5999999046325684,3.5999999046325684,3.5999999046325684,1800
2009-04-15,3.7899999618530273,3.799999952316284,3.6600000858306885,3.6600000858306885,3.6600000858306885,15900
2009-04-16,3.509999990463257,3.7799999713897705,3.5,3.630000114440918,3.630000114440918,3500
2009-04-17,3.5999999046325684,3.5999999046325684,3.5999999046325684,3.5999999046325684,3.5999999046325684,11100
2009-04-20,3.5999999046325684,3.5999999046325684,3.450000047683716,3.5999999046325684,3.5999999046325684,6000
2009-04-21,3.450000047683716,3.450000047683716,3.25,3.4000000953674316,3.4000000953674316,2300
2009-04-22,3.4000000953674316,3.4000000953674316,3.4000000953674316,3.4000000953674316,3.4000000953674316,0
2009-04-23,3.299999952316284,3.6500000953674316,3.259999990463257,3.359999895095825,3.359999895095825,3600
2009-04-24,3.359999895095825,3.359999895095825,3.359999895095825,3.359999895095825,3.359999895095825,1200
2009-04-27,3.359999895095825,3.359999895095825,3.299999952316284,3.299999952316284,3.299999952316284,1400
2009-04-28,3.4000000953674316,3.4000000953674316,3.4000000953674316,3.4000000953674316,3.4000000953674316,200
2009-04-29,3.450000047683716,3.5,3.4100000858306885,3.4100000858306885,3.4100000858306885,700
2009-04-30,3.4100000858306885,3.5,3.4100000858306885,3.5,3.5,400
2009-05-01,3.4000000953674316,3.6500000953674316,3.4000000953674316,3.6500000953674316,3.6500000953674316,1300
2009-05-04,3.549999952316284,3.549999952316284,3.549999952316284,3.549999952316284,3.549999952316284,1000
2009-05-05,3.549999952316284,3.549999952316284,3.549999952316284,3.549999952316284,3.549999952316284,17000
2009-05-06,3.549999952316284,3.549999952316284,3.549999952316284,3.549999952316284,3.549999952316284,15700
2009-05-07,3.549999952316284,3.549999952316284,3.549999952316284,3.549999952316284,3.549999952316284,10900
2009-05-08,3.319999933242798,3.549999952316284,3.319999933242798,3.549999952316284,3.549999952316284,14600
2009-05-11,3.4100000858306885,3.5999999046325684,3.4100000858306885,3.549999952316284,3.549999952316284,32500
2009-05-12,3.5999999046325684,3.5999999046325684,3.549999952316284,3.5899999141693115,3.5899999141693115,11600
2009-05-13,3.5799999237060547,3.880000114440918,3.5799999237060547,3.6500000953674316,3.6500000953674316,34900
2009-05-14,3.619999885559082,3.619999885559082,3.4700000286102295,3.4700000286102295,3.4700000286102295,4300
2009-05-15,3.4700000286102295,3.4700000286102295,3.4700000286102295,3.4700000286102295,3.4700000286102295,100
2009-05-18,3.5199999809265137,3.5199999809265137,3.509999990463257,3.5199999809265137,3.5199999809265137,6500
2009-05-19,3.450000047683716,3.569999933242798,3.450000047683716,3.569999933242798,3.569999933242798,12800
2009-05-20,3.559999942779541,3.740000009536743,3.5399999618530273,3.5999999046325684,3.5999999046325684,42800
2009-05-21,3.5999999046325684,3.5999999046325684,3.5999999046325684,3.5999999046325684,3.5999999046325684,2000
2009-05-22,3.5999999046325684,3.75,3.5999999046325684,3.75,3.75,15000
2009-05-26,3.5999999046325684,3.6500000953674316,3.5899999141693115,3.5899999141693115,3.5899999141693115,61400
2009-05-27,3.549999952316284,3.740000009536743,3.549999952316284,3.6700000762939453,3.6700000762939453,91700
2009-05-28,3.6700000762939453,4.090000152587891,3.6700000762939453,4.090000152587891,4.090000152587891,59700
2009-05-29,4.059999942779541,4.150000095367432,4.0,4.0,4.0,23400
2009-06-01,4.21999979019165,4.21999979019165,3.759999990463257,4.0,4.0,19200
2009-06-02,4.0,4.0,3.930000066757202,3.950000047683716,3.950000047683716,4000
2009-06-03,3.950000047683716,4.0,3.880000114440918,4.0,4.0,14200
2009-06-04,3.930000066757202,4.0,3.930000066757202,4.0,4.0,9500
2009-06-05,4.0,4.070000171661377,3.9600000381469727,3.9700000286102295,3.9700000286102295,41000
2009-06-08,4.0,4.070000171661377,3.9800000190734863,4.070000171661377,4.070000171661377,68000
2009-06-09,4.199999809265137,4.329999923706055,4.099999904632568,4.329999923706055,4.329999923706055,145300
2009-06-10,4.25,4.300000190734863,4.139999866485596,4.28000020980835,4.28000020980835,43900
2009-06-11,4.239999771118164,4.329999923706055,4.119999885559082,4.329999923706055,4.329999923706055,46700
2009-06-12,4.329999923706055,4.369999885559082,4.300000190734863,4.369999885559082,4.369999885559082,25600
2009-06-15,4.329999923706055,4.329999923706055,4.139999866485596,4.150000095367432,4.150000095367432,24000
2009-06-16,4.119999885559082,4.159999847412109,4.039999961853027,4.150000095367432,4.150000095367432,13000
2009-06-17,4.170000076293945,4.329999923706055,4.010000228881836,4.329999923706055,4.329999923706055,30800
2009-06-18,4.269999980926514,4.329999923706055,4.159999847412109,4.329999923706055,4.329999923706055,28200
2009-06-19,4.309999942779541,4.619999885559082,4.309999942779541,4.619999885559082,4.619999885559082,490700
2009-06-22,4.599999904632568,4.619999885559082,4.21999979019165,4.349999904632568,4.349999904632568,61900
2009-06-23,4.349999904632568,4.349999904632568,4.269999980926514,4.289999961853027,4.289999961853027,25000
2009-06-24,4.349999904632568,4.590000152587891,4.300000190734863,4.510000228881836,4.510000228881836,73100
2009-06-25,4.53000020980835,4.960000038146973,4.510000228881836,4.960000038146973,4.960000038146973,126800
2009-06-26,5.059999942779541,5.199999809265137,4.670000076293945,4.800000190734863,4.800000190734863,1929500
2009-06-29,4.889999866485596,4.889999866485596,4.389999866485596,4.5,4.5,110000
2009-06-30,4.519999980926514,4.619999885559082,4.449999809265137,4.550000190734863,4.550000190734863,50900
2009-07-01,4.510000228881836,4.679999828338623,4.449999809265137,4.650000095367432,4.650000095367432,23300
2009-07-02,4.610000133514404,4.610000133514404,4.320000171661377,4.320000171661377,4.320000171661377,40100
2009-07-06,4.400000095367432,4.460000038146973,4.179999828338623,4.210000038146973,4.210000038146973,90700
2009-07-07,4.199999809265137,4.199999809265137,4.050000190734863,4.079999923706055,4.079999923706055,22600
2009-07-08,4.099999904632568,4.21999979019165,3.8499999046325684,3.9000000953674316,3.9000000953674316,32000
2009-07-09,3.8299999237060547,3.940000057220459,3.7799999713897705,3.7799999713897705,3.7799999713897705,36600
2009-07-10,3.75,3.809999942779541,3.700000047683716,3.7200000286102295,3.7200000286102295,26500
2009-07-13,3.7300000190734863,3.940000057220459,3.6600000858306885,3.940000057220459,3.940000057220459,26200
2009-07-14,3.950000047683716,3.950000047683716,3.700000047683716,3.700000047683716,3.700000047683716,23500
2009-07-15,3.7300000190734863,3.950000047683716,3.7300000190734863,3.930000066757202,3.930000066757202,20400
2009-07-16,3.9200000762939453,4.150000095367432,3.9200000762939453,4.150000095367432,4.150000095367432,17300
2009-07-17,4.170000076293945,4.179999828338623,3.880000114440918,3.9100000858306885,3.9100000858306885,57200
2009-07-20,3.930000066757202,4.449999809265137,3.880000114440918,4.429999828338623,4.429999828338623,21700
2009-07-21,4.449999809265137,4.449999809265137,4.260000228881836,4.320000171661377,4.320000171661377,39800
2009-07-22,4.320000171661377,4.489999771118164,4.25,4.369999885559082,4.369999885559082,21800
2009-07-23,4.349999904632568,4.489999771118164,4.340000152587891,4.429999828338623,4.429999828338623,49600
2009-07-24,4.510000228881836,4.510000228881836,4.400000095367432,4.480000019073486,4.480000019073486,17600
2009-07-27,4.460000038146973,4.489999771118164,4.150000095367432,4.409999847412109,4.409999847412109,19000
2009-07-28,4.409999847412109,4.489999771118164,4.329999923706055,4.489999771118164,4.489999771118164,17100
2009-07-29,4.5,4.5,4.349999904632568,4.389999866485596,4.389999866485596,6200
2009-07-30,4.440000057220459,4.5,4.320000171661377,4.46999979019165,4.46999979019165,24800
2009-07-31,4.449999809265137,4.449999809265137,4.329999923706055,4.389999866485596,4.389999866485596,16400
2009-08-03,4.389999866485596,4.46999979019165,4.369999885559082,4.46999979019165,4.46999979019165,16500
2009-08-04,4.199999809265137,4.639999866485596,4.199999809265137,4.309999942779541,4.309999942779541,26400
2009-08-05,4.489999771118164,4.489999771118164,4.199999809265137,4.199999809265137,4.199999809265137,13600
2009-08-06,4.21999979019165,4.380000114440918,3.7799999713897705,4.099999904632568,4.099999904632568,23600
2009-08-07,4.190000057220459,4.199999809265137,4.0,4.130000114440918,4.130000114440918,37800
2009-08-10,4.050000190734863,4.159999847412109,3.819999933242798,4.119999885559082,4.119999885559082,12600
2009-08-11,4.099999904632568,4.489999771118164,3.8499999046325684,3.940000057220459,3.940000057220459,15600
2009-08-12,3.950000047683716,4.380000114440918,3.950000047683716,4.269999980926514,4.269999980926514,20200
2009-08-13,4.260000228881836,4.260000228881836,4.050000190734863,4.110000133514404,4.110000133514404,4200
2009-08-14,4.119999885559082,4.25,3.9600000381469727,4.010000228881836,4.010000228881836,19200
2009-08-17,3.9800000190734863,4.010000228881836,3.609999895095825,3.700000047683716,3.700000047683716,33600
2009-08-18,3.7200000286102295,3.869999885559082,3.7100000381469727,3.8399999141693115,3.8399999141693115,8300
2009-08-19,3.819999933242798,3.9700000286102295,3.6500000953674316,3.9700000286102295,3.9700000286102295,12000
2009-08-20,3.9700000286102295,4.130000114440918,3.799999952316284,4.090000152587891,4.090000152587891,10800
2009-08-21,4.25,4.25,3.859999895095825,4.190000057220459,4.190000057220459,47000
2009-08-24,4.179999828338623,4.179999828338623,3.9200000762939453,3.990000009536743,3.990000009536743,9400
2009-08-25,4.239999771118164,4.239999771118164,4.0,4.03000020980835,4.03000020980835,11900
2009-08-26,4.019999980926514,4.21999979019165,3.880000114440918,4.21999979019165,4.21999979019165,20800
2009-08-27,4.170000076293945,4.190000057220459,4.010000228881836,4.190000057220459,4.190000057220459,7100
2009-08-28,4.190000057220459,4.190000057220459,3.9200000762939453,3.9600000381469727,3.9600000381469727,30100
2009-08-31,3.940000057220459,3.950000047683716,3.859999895095825,3.940000057220459,3.940000057220459,27300
2009-09-01,3.9100000858306885,4.0,3.8499999046325684,3.9000000953674316,3.9000000953674316,17200
2009-09-02,3.869999885559082,3.880000114440918,3.7699999809265137,3.859999895095825,3.859999895095825,12600
2009-09-03,3.859999895095825,3.880000114440918,3.7799999713897705,3.869999885559082,3.869999885559082,22700
2009-09-04,3.819999933242798,3.9600000381469727,3.819999933242798,3.930000066757202,3.930000066757202,7100
2009-09-08,3.8399999141693115,4.159999847412109,3.8399999141693115,4.059999942779541,4.059999942779541,20000
2009-09-09,4.159999847412109,4.159999847412109,3.890000104904175,4.010000228881836,4.010000228881836,24100
2009-09-10,4.0,4.170000076293945,3.990000009536743,4.170000076293945,4.170000076293945,10200
2009-09-11,4.139999866485596,4.139999866485596,4.010000228881836,4.110000133514404,4.110000133514404,9900
2009-09-14,4.130000114440918,4.179999828338623,4.039999961853027,4.150000095367432,4.150000095367432,30300
2009-09-15,4.139999866485596,4.230000019073486,4.059999942779541,4.230000019073486,4.230000019073486,23000
2009-09-16,4.25,4.269999980926514,4.199999809265137,4.21999979019165,4.21999979019165,9200
2009-09-17,4.230000019073486,4.269999980926514,4.150000095367432,4.25,4.25,11800
2009-09-18,4.239999771118164,4.599999904632568,4.150000095367432,4.25,4.25,542200
2009-09-21,4.25,4.610000133514404,4.25,4.53000020980835,4.53000020980835,21200
2009-09-22,4.550000190734863,4.650000095367432,4.519999980926514,4.579999923706055,4.579999923706055,26000
2009-09-23,4.599999904632568,4.760000228881836,4.53000020980835,4.690000057220459,4.690000057220459,22600
2009-09-24,4.710000038146973,4.710000038146973,4.539999961853027,4.590000152587891,4.590000152587891,18300
2009-09-25,4.599999904632568,4.710000038146973,4.599999904632568,4.619999885559082,4.619999885559082,12200
2009-09-28,4.639999866485596,4.639999866485596,4.519999980926514,4.519999980926514,4.519999980926514,22400
2009-09-29,4.53000020980835,4.599999904632568,4.5,4.5,4.5,23400
2009-09-30,4.050000190734863,4.409999847412109,4.050000190734863,4.110000133514404,4.110000133514404,57300
2009-10-01,4.119999885559082,4.139999866485596,4.03000020980835,4.050000190734863,4.050000190734863,28300
2009-10-02,4.03000020980835,4.300000190734863,4.03000020980835,4.130000114440918,4.130000114440918,17900
2009-10-05,4.059999942779541,4.119999885559082,4.059999942779541,4.090000152587891,4.090000152587891,7400
2009-10-06,4.110000133514404,4.510000228881836,4.079999923706055,4.320000171661377,4.320000171661377,15200
2009-10-07,4.300000190734863,4.519999980926514,4.300000190734863,4.5,4.5,28400
2009-10-08,4.320000171661377,4.550000190734863,4.320000171661377,4.519999980926514,4.519999980926514,20100
2009-10-09,4.510000228881836,4.519999980926514,4.300000190734863,4.5,4.5,23800
2009-10-12,4.53000020980835,4.639999866485596,4.53000020980835,4.579999923706055,4.579999923706055,31300
2009-10-13,4.579999923706055,4.599999904632568,4.519999980926514,4.519999980926514,4.519999980926514,6500
2009-10-14,4.550000190734863,4.619999885559082,4.489999771118164,4.599999904632568,4.599999904632568,10000
2009-10-15,4.579999923706055,4.619999885559082,4.449999809265137,4.510000228881836,4.510000228881836,11700
2009-10-16,4.489999771118164,4.489999771118164,4.340000152587891,4.409999847412109,4.409999847412109,15600
2009-10-19,4.46999979019165,4.590000152587891,4.360000133514404,4.579999923706055,4.579999923706055,5700
2009-10-20,4.510000228881836,4.619999885559082,4.5,4.539999961853027,4.539999961853027,12900
2009-10-21,4.550000190734863,4.639999866485596,4.300000190734863,4.340000152587891,4.340000152587891,31700
2009-10-22,4.349999904632568,4.550000190734863,4.349999904632568,4.489999771118164,4.489999771118164,25100
2009-10-23,4.480000019073486,4.480000019073486,4.25,4.25,4.25,26600
2009-10-26,4.400000095367432,4.400000095367432,4.130000114440918,4.170000076293945,4.170000076293945,13400
2009-10-27,4.110000133514404,4.210000038146973,4.070000171661377,4.099999904632568,4.099999904632568,15600
2009-10-28,4.090000152587891,4.400000095367432,4.090000152587891,4.239999771118164,4.239999771118164,15700
2009-10-29,4.260000228881836,4.260000228881836,4.059999942779541,4.159999847412109,4.159999847412109,24000
2009-10-30,4.099999904632568,4.230000019073486,3.930000066757202,3.9600000381469727,3.9600000381469727,48700
2009-11-02,3.990000009536743,4.199999809265137,3.9700000286102295,4.079999923706055,4.079999923706055,8800
2009-11-03,4.010000228881836,4.079999923706055,3.9100000858306885,3.950000047683716,3.950000047683716,20600
2009-11-04,3.940000057220459,4.0,3.9100000858306885,3.9100000858306885,3.9100000858306885,29000
2009-11-05,3.9200000762939453,4.25,3.9200000762939453,4.230000019073486,4.230000019073486,54200
2009-11-06,4.199999809265137,4.360000133514404,4.050000190734863,4.349999904632568,4.349999904632568,14200
2009-11-09,4.369999885559082,4.420000076293945,4.260000228881836,4.380000114440918,4.380000114440918,40800
2009-11-10,4.360000133514404,4.480000019073486,4.170000076293945,4.239999771118164,4.239999771118164,12100
2009-11-11,4.269999980926514,4.349999904632568,4.210000038146973,4.21999979019165,4.21999979019165,15400
2009-11-12,4.059999942779541,4.159999847412109,3.809999942779541,3.819999933242798,3.819999933242798,37800
2009-11-13,3.869999885559082,3.9800000190734863,3.869999885559082,3.9600000381469727,3.9600000381469727,25500
2009-11-16,3.9800000190734863,4.21999979019165,3.9800000190734863,4.21999979019165,4.21999979019165,21500
2009-11-17,4.210000038146973,4.21999979019165,4.039999961853027,4.190000057220459,4.190000057220459,5400
2009-11-18,4.190000057220459,4.239999771118164,4.159999847412109,4.179999828338623,4.179999828338623,4900
2009-11-19,4.159999847412109,4.230000019073486,4.070000171661377,4.070000171661377,4.070000171661377,24100
2009-11-20,4.050000190734863,4.230000019073486,3.9000000953674316,4.03000020980835,4.03000020980835,24600
2009-11-23,4.050000190734863,4.199999809265137,4.050000190734863,4.199999809265137,4.199999809265137,8800
2009-11-24,4.190000057220459,4.190000057220459,3.9600000381469727,4.079999923706055,4.079999923706055,23100
2009-11-25,4.070000171661377,4.199999809265137,3.9800000190734863,4.190000057220459,4.190000057220459,31800
2009-11-27,4.139999866485596,4.159999847412109,4.03000020980835,4.03000020980835,4.03000020980835,12900
2009-11-30,4.019999980926514,4.019999980926514,3.8399999141693115,3.8399999141693115,3.8399999141693115,31700
2009-12-01,3.869999885559082,3.9200000762939453,3.819999933242798,3.890000104904175,3.890000104904175,34600
2009-12-02,3.890000104904175,3.950000047683716,3.8499999046325684,3.930000066757202,3.930000066757202,25500
2009-12-03,3.950000047683716,4.059999942779541,3.950000047683716,3.9800000190734863,3.9800000190734863,11200
2009-12-04,4.119999885559082,4.179999828338623,4.039999961853027,4.179999828338623,4.179999828338623,15400
2009-12-07,3.8499999046325684,4.070000171661377,3.8499999046325684,4.0,4.0,16600
2009-12-08,3.9800000190734863,4.21999979019165,3.9800000190734863,4.019999980926514,4.019999980926514,18400
2009-12-09,4.03000020980835,4.170000076293945,3.990000009536743,4.099999904632568,4.099999904632568,12800
2009-12-10,4.099999904632568,4.159999847412109,3.9200000762939453,3.9600000381469727,3.9600000381469727,33900
2009-12-11,3.9800000190734863,4.170000076293945,3.9800000190734863,4.019999980926514,4.019999980926514,6500
2009-12-14,4.039999961853027,4.079999923706055,3.880000114440918,4.070000171661377,4.070000171661377,15600
2009-12-15,4.079999923706055,4.090000152587891,3.950000047683716,3.9600000381469727,3.9600000381469727,10200
2009-12-16,3.990000009536743,4.099999904632568,3.990000009536743,4.050000190734863,4.050000190734863,16400
2009-12-17,4.03000020980835,4.090000152587891,3.9100000858306885,3.930000066757202,3.930000066757202,14300
2009-12-18,3.9700000286102295,4.150000095367432,3.950000047683716,4.099999904632568,4.099999904632568,136900
2009-12-21,4.099999904632568,4.170000076293945,3.950000047683716,3.9800000190734863,3.9800000190734863,34400
2009-12-22,4.0,4.079999923706055,3.759999990463257,3.799999952316284,3.799999952316284,67400
2009-12-23,3.819999933242798,4.03000020980835,3.799999952316284,3.9800000190734863,3.9800000190734863,25800
2009-12-24,4.0,4.0,3.859999895095825,3.859999895095825,3.859999895095825,6500
2009-12-28,4.0,4.03000020980835,3.880000114440918,3.9700000286102295,3.9700000286102295,24400
2009-12-29,3.990000009536743,4.03000020980835,3.9600000381469727,4.010000228881836,4.010000228881836,129900
2009-12-30,4.039999961853027,4.159999847412109,3.9800000190734863,4.159999847412109,4.159999847412109,95200
2009-12-31,4.150000095367432,4.150000095367432,4.010000228881836,4.050000190734863,4.050000190734863,77200
2010-01-04,4.090000152587891,4.210000038146973,4.059999942779541,4.079999923706055,4.079999923706055,62300
2010-01-05,4.070000171661377,4.110000133514404,4.010000228881836,4.039999961853027,4.039999961853027,29800
2010-01-06,4.03000020980835,4.039999961853027,3.799999952316284,3.9000000953674316,3.9000000953674316,67300
2010-01-07,3.9100000858306885,4.090000152587891,3.9100000858306885,4.090000152587891,4.090000152587891,20000
2010-01-08,4.070000171661377,4.099999904632568,4.050000190734863,4.099999904632568,4.099999904632568,6300
2010-01-11,4.090000152587891,4.090000152587891,3.799999952316284,3.9600000381469727,3.9600000381469727,39000
2010-01-12,3.930000066757202,4.050000190734863,3.930000066757202,4.019999980926514,4.019999980926514,41100
2010-01-13,4.019999980926514,4.079999923706055,4.0,4.059999942779541,4.059999942779541,24700
2010-01-14,4.03000020980835,4.159999847412109,3.9800000190734863,4.050000190734863,4.050000190734863,29900
2010-01-15,4.099999904632568,4.110000133514404,4.03000020980835,4.039999961853027,4.039999961853027,35900
2010-01-19,4.019999980926514,4.039999961853027,3.950000047683716,4.039999961853027,4.039999961853027,40400
2010-01-20,4.03000020980835,4.03000020980835,3.880000114440918,3.9800000190734863,3.9800000190734863,16100
2010-01-21,3.950000047683716,4.010000228881836,3.940000057220459,3.950000047683716,3.950000047683716,46400
2010-01-22,3.940000057220459,4.0,3.930000066757202,3.9600000381469727,3.9600000381469727,44700
2010-01-25,3.990000009536743,4.019999980926514,3.950000047683716,4.010000228881836,4.010000228881836,22200
2010-01-26,3.9800000190734863,4.0,3.940000057220459,3.940000057220459,3.940000057220459,17800
2010-01-27,3.9100000858306885,4.019999980926514,3.9100000858306885,4.010000228881836,4.010000228881836,19100
2010-01-28,4.03000020980835,4.03000020980835,3.940000057220459,3.940000057220459,3.940000057220459,31100
2010-01-29,4.079999923706055,4.079999923706055,3.9800000190734863,4.039999961853027,4.039999961853027,25000
2010-02-01,4.050000190734863,4.050000190734863,3.9600000381469727,3.9800000190734863,3.9800000190734863,22900
2010-02-02,3.9700000286102295,3.9700000286102295,3.930000066757202,3.930000066757202,3.930000066757202,35700
2010-02-03,3.9100000858306885,4.079999923706055,3.9100000858306885,3.940000057220459,3.940000057220459,45000
2010-02-04,3.950000047683716,3.9700000286102295,3.7699999809265137,3.859999895095825,3.859999895095825,81700
2010-02-05,3.9000000953674316,4.010000228881836,3.8499999046325684,3.940000057220459,3.940000057220459,29800
2010-02-08,3.930000066757202,4.010000228881836,3.880000114440918,3.890000104904175,3.890000104904175,19700
2010-02-09,3.930000066757202,4.03000020980835,3.9100000858306885,3.940000057220459,3.940000057220459,12500
2010-02-10,3.9000000953674316,3.940000057220459,3.8499999046325684,3.940000057220459,3.940000057220459,36400
2010-02-11,3.9200000762939453,3.930000066757202,3.8499999046325684,3.9200000762939453,3.9200000762939453,11700
2010-02-12,3.880000114440918,3.930000066757202,3.8499999046325684,3.8499999046325684,3.8499999046325684,12900
2010-02-16,3.880000114440918,3.940000057220459,3.880000114440918,3.9200000762939453,3.9200000762939453,29500
2010-02-17,3.940000057220459,3.940000057220459,3.9000000953674316,3.9200000762939453,3.9200000762939453,19800
2010-02-18,3.990000009536743,4.03000020980835,3.9700000286102295,3.990000009536743,3.990000009536743,28500
2010-02-19,3.990000009536743,3.990000009536743,3.859999895095825,3.880000114440918,3.880000114440918,23900
2010-02-22,3.880000114440918,3.9800000190734863,3.8299999237060547,3.9600000381469727,3.9600000381469727,35200
2010-02-23,3.9700000286102295,3.9700000286102295,3.859999895095825,3.9200000762939453,3.9200000762939453,15900
2010-02-24,3.9700000286102295,4.03000020980835,3.9700000286102295,4.03000020980835,4.03000020980835,19800
2010-02-25,3.9800000190734863,4.090000152587891,3.9800000190734863,4.090000152587891,4.090000152587891,23200
2010-02-26,4.099999904632568,4.230000019073486,4.079999923706055,4.21999979019165,4.21999979019165,52800
2010-03-01,4.21999979019165,4.400000095367432,4.199999809265137,4.380000114440918,4.380000114440918,38900
2010-03-02,4.389999866485596,4.409999847412109,4.329999923706055,4.369999885559082,4.369999885559082,28100
2010-03-03,4.389999866485596,4.420000076293945,4.320000171661377,4.320000171661377,4.320000171661377,20600
2010-03-04,4.349999904632568,4.400000095367432,4.230000019073486,4.28000020980835,4.28000020980835,11600
2010-03-05,4.28000020980835,4.460000038146973,4.090000152587891,4.460000038146973,4.460000038146973,30800
2010-03-08,4.190000057220459,4.480000019073486,4.190000057220459,4.460000038146973,4.460000038146973,20300
2010-03-09,4.230000019073486,4.550000190734863,4.230000019073486,4.5,4.5,25300
2010-03-10,4.489999771118164,4.539999961853027,4.429999828338623,4.539999961853027,4.539999961853027,21600
2010-03-11,4.5,4.53000020980835,4.349999904632568,4.449999809265137,4.449999809265137,13200
2010-03-12,4.449999809265137,4.539999961853027,4.309999942779541,4.420000076293945,4.420000076293945,23100
2010-03-15,4.429999828338623,4.539999961853027,4.420000076293945,4.5,4.5,19700
2010-03-16,4.5,4.53000020980835,4.460000038146973,4.519999980926514,4.519999980926514,12600
2010-03-17,4.510000228881836,4.559999942779541,4.429999828338623,4.449999809265137,4.449999809265137,17000
2010-03-18,4.389999866485596,4.429999828338623,4.309999942779541,4.429999828338623,4.429999828338623,22900
2010-03-19,4.449999809265137,4.449999809265137,4.269999980926514,4.349999904632568,4.349999904632568,45900
2010-03-22,4.329999923706055,4.400000095367432,4.25,4.389999866485596,4.389999866485596,11800
2010-03-23,4.380000114440918,4.389999866485596,4.329999923706055,4.360000133514404,4.360000133514404,25600
2010-03-24,4.269999980926514,4.360000133514404,4.260000228881836,4.260000228881836,4.260000228881836,38600
2010-03-25,4.28000020980835,4.329999923706055,4.099999904632568,4.21999979019165,4.21999979019165,12400
2010-03-26,4.21999979019165,4.389999866485596,4.199999809265137,4.360000133514404,4.360000133514404,22100
2010-03-29,4.289999961853027,4.340000152587891,4.239999771118164,4.320000171661377,4.320000171661377,16300
2010-03-30,4.230000019073486,4.329999923706055,4.210000038146973,4.309999942779541,4.309999942779541,18900
2010-03-31,4.289999961853027,4.440000057220459,4.25,4.269999980926514,4.269999980926514,51600
2010-04-01,4.28000020980835,4.360000133514404,4.21999979019165,4.340000152587891,4.340000152587891,13400
2010-04-05,4.340000152587891,4.400000095367432,4.340000152587891,4.400000095367432,4.400000095367432,7100
2010-04-06,4.300000190734863,4.389999866485596,4.300000190734863,4.360000133514404,4.360000133514404,16800
2010-04-07,4.340000152587891,4.460000038146973,4.28000020980835,4.289999961853027,4.289999961853027,16600
2010-04-08,4.28000020980835,4.449999809265137,4.28000020980835,4.380000114440918,4.380000114440918,23400
2010-04-09,4.389999866485596,4.389999866485596,4.230000019073486,4.25,4.25,36000
2010-04-12,4.260000228881836,4.400000095367432,4.260000228881836,4.320000171661377,4.320000171661377,31200
2010-04-13,4.320000171661377,4.360000133514404,4.239999771118164,4.25,4.25,7400
2010-04-14,4.239999771118164,4.25,4.230000019073486,4.25,4.25,18500
2010-04-15,4.260000228881836,4.260000228881836,3.930000066757202,4.21999979019165,4.21999979019165,246800
2010-04-16,4.210000038146973,4.360000133514404,4.010000228881836,4.110000133514404,4.110000133514404,108500
2010-04-19,4.110000133514404,4.349999904632568,4.110000133514404,4.260000228881836,4.260000228881836,41500
2010-04-20,4.28000020980835,4.380000114440918,4.28000020980835,4.380000114440918,4.380000114440918,58000
2010-04-21,4.329999923706055,4.5,4.300000190734863,4.420000076293945,4.420000076293945,50300
2010-04-22,4.380000114440918,4.5,4.349999904632568,4.440000057220459,4.440000057220459,39100
2010-04-23,4.429999828338623,4.449999809265137,4.400000095367432,4.449999809265137,4.449999809265137,15400
2010-04-26,4.5,4.800000190734863,4.329999923706055,4.400000095367432,4.400000095367432,37200
2010-04-27,4.400000095367432,4.550000190734863,4.28000020980835,4.28000020980835,4.28000020980835,42400
2010-04-28,4.28000020980835,4.380000114440918,4.25,4.320000171661377,4.320000171661377,15700
2010-04-29,4.349999904632568,4.349999904632568,4.099999904632568,4.239999771118164,4.239999771118164,82600
2010-04-30,4.260000228881836,4.260000228881836,4.150000095367432,4.170000076293945,4.170000076293945,65400
2010-05-03,4.170000076293945,4.210000038146973,3.930000066757202,4.170000076293945,4.170000076293945,41200
2010-05-04,4.079999923706055,4.099999904632568,3.9600000381469727,4.059999942779541,4.059999942779541,82700
2010-05-05,4.050000190734863,4.050000190734863,3.880000114440918,3.950000047683716,3.950000047683716,46300
2010-05-06,3.9100000858306885,4.050000190734863,3.880000114440918,3.880000114440918,3.880000114440918,54600
2010-05-07,3.869999885559082,4.010000228881836,3.8499999046325684,3.880000114440918,3.880000114440918,64100
2010-05-10,3.9800000190734863,4.019999980926514,3.799999952316284,4.010000228881836,4.010000228881836,112700
2010-05-11,3.940000057220459,3.950000047683716,3.8299999237060547,3.940000057220459,3.940000057220459,31700
2010-05-12,3.9100000858306885,3.990000009536743,3.809999942779541,3.9800000190734863,3.9800000190734863,36600
2010-05-13,3.9600000381469727,3.9600000381469727,3.809999942779541,3.9000000953674316,3.9000000953674316,26700
2010-05-14,3.869999885559082,4.110000133514404,3.869999885559082,4.059999942779541,4.059999942779541,43100
2010-05-17,4.079999923706055,4.239999771118164,3.940000057220459,4.139999866485596,4.139999866485596,23300
2010-05-18,4.190000057220459,4.190000057220459,4.03000020980835,4.070000171661377,4.070000171661377,28600
2010-05-19,4.079999923706055,4.079999923706055,3.9600000381469727,3.990000009536743,3.990000009536743,30900
2010-05-20,3.930000066757202,4.019999980926514,3.8499999046325684,3.9000000953674316,3.9000000953674316,50000
2010-05-21,3.8499999046325684,4.079999923706055,3.8499999046325684,4.019999980926514,4.019999980926514,62500
2010-05-24,4.0,4.019999980926514,3.809999942779541,3.809999942779541,3.809999942779541,64900
2010-05-25,3.799999952316284,3.819999933242798,3.7200000286102295,3.759999990463257,3.759999990463257,55000
2010-05-26,3.7799999713897705,3.8399999141693115,3.7100000381469727,3.7300000190734863,3.7300000190734863,31000
2010-05-27,3.819999933242798,4.070000171661377,3.799999952316284,4.070000171661377,4.070000171661377,58000
2010-05-28,4.050000190734863,4.090000152587891,3.9700000286102295,4.059999942779541,4.059999942779541,52000
2010-06-01,4.039999961853027,4.070000171661377,4.0,4.03000020980835,4.03000020980835,54200
2010-06-02,4.03000020980835,4.179999828338623,3.9800000190734863,4.130000114440918,4.130000114440918,19700
2010-06-03,4.110000133514404,4.230000019073486,4.110000133514404,4.199999809265137,4.199999809265137,49100
2010-06-04,4.110000133514404,4.199999809265137,3.9800000190734863,4.0,4.0,38000
2010-06-07,4.010000228881836,4.010000228881836,3.7699999809265137,3.7699999809265137,3.7699999809265137,31700
2010-06-08,3.7100000381469727,3.799999952316284,3.700000047683716,3.7200000286102295,3.7200000286102295,47900
2010-06-09,3.759999990463257,3.809999942779541,3.6700000762939453,3.7100000381469727,3.7100000381469727,21600
2010-06-10,3.7799999713897705,3.880000114440918,3.700000047683716,3.8499999046325684,3.8499999046325684,78200
2010-06-11,3.7899999618530273,3.869999885559082,3.7100000381469727,3.859999895095825,3.859999895095825,25400
2010-06-14,3.859999895095825,3.890000104904175,3.75,3.7899999618530273,3.7899999618530273,18900
2010-06-15,3.8299999237060547,3.940000057220459,3.7899999618530273,3.9200000762939453,3.9200000762939453,54500
2010-06-16,4.010000228881836,4.150000095367432,4.010000228881836,4.070000171661377,4.070000171661377,101500
2010-06-17,4.110000133514404,4.139999866485596,4.039999961853027,4.050000190734863,4.050000190734863,26800
2010-06-18,4.070000171661377,4.139999866485596,4.0,4.070000171661377,4.070000171661377,107400
2010-06-21,4.139999866485596,4.21999979019165,3.9100000858306885,3.940000057220459,3.940000057220459,80100
2010-06-22,3.9700000286102295,4.119999885559082,3.7799999713897705,3.799999952316284,3.799999952316284,52200
2010-06-23,3.7799999713897705,3.859999895095825,3.740000009536743,3.819999933242798,3.819999933242798,90100
2010-06-24,3.7799999713897705,3.8499999046325684,3.7100000381469727,3.7799999713897705,3.7799999713897705,115000
2010-06-25,3.7799999713897705,3.8499999046325684,3.740000009536743,3.759999990463257,3.759999990463257,2504900
2010-06-28,3.8399999141693115,3.9100000858306885,3.819999933242798,3.8299999237060547,3.8299999237060547,56000
2010-06-29,3.8499999046325684,3.859999895095825,3.819999933242798,3.8299999237060547,3.8299999237060547,52000
2010-06-30,3.819999933242798,4.150000095367432,3.819999933242798,3.9700000286102295,3.9700000286102295,56100
2010-07-01,3.950000047683716,4.070000171661377,3.9200000762939453,3.9200000762939453,3.9200000762939453,351200
2010-07-02,3.9200000762939453,3.930000066757202,3.9200000762939453,3.9200000762939453,3.9200000762939453,22400
2010-07-06,3.990000009536743,3.990000009536743,3.869999885559082,3.869999885559082,3.869999885559082,42800
2010-07-07,3.869999885559082,3.9200000762939453,3.869999885559082,3.880000114440918,3.880000114440918,44200
2010-07-08,3.890000104904175,3.940000057220459,3.880000114440918,3.940000057220459,3.940000057220459,23400
2010-07-09,3.9100000858306885,3.950000047683716,3.890000104904175,3.950000047683716,3.950000047683716,23500
2010-07-12,3.930000066757202,3.950000047683716,3.890000104904175,3.930000066757202,3.930000066757202,25700
2010-07-13,3.940000057220459,4.0,3.940000057220459,4.0,4.0,14500
2010-07-14,4.0,4.050000190734863,3.940000057220459,4.03000020980835,4.03000020980835,59700
2010-07-15,4.010000228881836,4.050000190734863,3.940000057220459,4.050000190734863,4.050000190734863,71100
2010-07-16,3.880000114440918,4.159999847412109,3.880000114440918,4.110000133514404,4.110000133514404,42500
2010-07-19,4.179999828338623,4.329999923706055,4.159999847412109,4.210000038146973,4.210000038146973,69100
2010-07-20,4.199999809265137,4.349999904632568,4.179999828338623,4.340000152587891,4.340000152587891,62200
2010-07-21,4.25,4.400000095367432,4.239999771118164,4.380000114440918,4.380000114440918,44500
2010-07-22,4.389999866485596,4.400000095367432,4.320000171661377,4.360000133514404,4.360000133514404,42300
2010-07-23,4.329999923706055,4.400000095367432,4.289999961853027,4.400000095367432,4.400000095367432,42400
2010-07-26,4.369999885559082,4.449999809265137,4.079999923706055,4.449999809265137,4.449999809265137,45700
2010-07-27,4.449999809265137,4.5,4.349999904632568,4.380000114440918,4.380000114440918,68900
2010-07-28,4.389999866485596,4.46999979019165,4.340000152587891,4.46999979019165,4.46999979019165,52500
2010-07-29,4.46999979019165,4.559999942779541,4.320000171661377,4.53000020980835,4.53000020980835,100400
2010-07-30,4.389999866485596,4.599999904632568,4.360000133514404,4.559999942779541,4.559999942779541,62300
2010-08-02,4.590000152587891,4.639999866485596,4.449999809265137,4.539999961853027,4.539999961853027,59600
2010-08-03,4.510000228881836,4.650000095367432,4.510000228881836,4.619999885559082,4.619999885559082,55000
2010-08-04,4.590000152587891,4.690000057220459,4.420000076293945,4.650000095367432,4.650000095367432,60500
2010-08-05,4.679999828338623,4.699999809265137,4.53000020980835,4.670000076293945,4.670000076293945,46200
2010-08-06,4.570000171661377,4.71999979019165,4.5,4.690000057220459,4.690000057220459,48900
2010-08-09,4.690000057220459,4.730000019073486,4.650000095367432,4.730000019073486,4.730000019073486,59500
2010-08-10,4.619999885559082,4.710000038146973,4.590000152587891,4.699999809265137,4.699999809265137,8500
2010-08-11,4.590000152587891,4.630000114440918,4.420000076293945,4.449999809265137,4.449999809265137,16500
2010-08-12,4.389999866485596,4.400000095367432,4.340000152587891,4.380000114440918,4.380000114440918,27300
2010-08-13,4.360000133514404,4.400000095367432,4.300000190734863,4.349999904632568,4.349999904632568,4900
2010-08-16,4.28000020980835,4.369999885559082,4.230000019073486,4.369999885559082,4.369999885559082,11400
2010-08-17,4.369999885559082,4.400000095367432,4.28000020980835,4.380000114440918,4.380000114440918,4600
2010-08-18,4.380000114440918,4.420000076293945,4.349999904632568,4.420000076293945,4.420000076293945,11600
2010-08-19,4.380000114440918,4.380000114440918,4.28000020980835,4.329999923706055,4.329999923706055,5800
2010-08-20,4.179999828338623,4.369999885559082,4.179999828338623,4.329999923706055,4.329999923706055,10900
2010-08-23,4.329999923706055,4.369999885559082,4.28000020980835,4.28000020980835,4.28000020980835,10700
2010-08-24,3.630000114440918,4.150000095367432,3.630000114440918,4.070000171661377,4.070000171661377,33500
2010-08-25,4.070000171661377,4.130000114440918,4.050000190734863,4.130000114440918,4.130000114440918,3400
2010-08-26,4.130000114440918,4.130000114440918,4.130000114440918,4.130000114440918,4.130000114440918,0
2010-08-27,3.9800000190734863,4.099999904632568,3.9800000190734863,4.079999923706055,4.079999923706055,12100
2010-08-30,4.110000133514404,4.349999904632568,4.110000133514404,4.21999979019165,4.21999979019165,12200
2010-08-31,4.190000057220459,4.329999923706055,4.179999828338623,4.329999923706055,4.329999923706055,6300
2010-09-01,4.28000020980835,4.329999923706055,4.230000019073486,4.300000190734863,4.300000190734863,35100
2010-09-02,4.309999942779541,4.320000171661377,4.300000190734863,4.320000171661377,4.320000171661377,1000
2010-09-03,4.28000020980835,4.460000038146973,4.28000020980835,4.449999809265137,4.449999809265137,6700
2010-09-07,4.409999847412109,4.449999809265137,4.369999885559082,4.440000057220459,4.440000057220459,15300
2010-09-08,4.420000076293945,4.420000076293945,4.369999885559082,4.369999885559082,4.369999885559082,1600
2010-09-09,4.420000076293945,4.420000076293945,4.300000190734863,4.320000171661377,4.320000171661377,9600
2010-09-10,4.349999904632568,4.369999885559082,4.289999961853027,4.369999885559082,4.369999885559082,21500
2010-09-13,4.460000038146973,4.559999942779541,4.449999809265137,4.460000038146973,4.460000038146973,18100
2010-09-14,4.460000038146973,4.480000019073486,4.420000076293945,4.429999828338623,4.429999828338623,2600
2010-09-15,4.340000152587891,4.46999979019165,4.239999771118164,4.46999979019165,4.46999979019165,11400
2010-09-16,4.480000019073486,4.480000019073486,4.389999866485596,4.449999809265137,4.449999809265137,13500
2010-09-17,4.400000095367432,4.519999980926514,4.309999942779541,4.519999980926514,4.519999980926514,8200
2010-09-20,4.5,4.550000190734863,4.380000114440918,4.409999847412109,4.409999847412109,11300
2010-09-21,4.429999828338623,4.5,4.400000095367432,4.5,4.5,11200
2010-09-22,4.409999847412109,4.46999979019165,4.349999904632568,4.46999979019165,4.46999979019165,7800
2010-09-23,4.420000076293945,4.570000171661377,4.420000076293945,4.570000171661377,4.570000171661377,5600
2010-09-24,4.550000190734863,4.570000171661377,4.510000228881836,4.550000190734863,4.550000190734863,6000
2010-09-27,4.480000019073486,4.480000019073486,4.409999847412109,4.409999847412109,4.409999847412109,4500
2010-09-28,4.420000076293945,4.510000228881836,4.409999847412109,4.46999979019165,4.46999979019165,1000
2010-09-29,4.429999828338623,4.449999809265137,4.309999942779541,4.320000171661377,4.320000171661377,11000
2010-09-30,4.389999866485596,4.590000152587891,4.239999771118164,4.519999980926514,4.519999980926514,47000
2010-10-01,4.599999904632568,4.650000095367432,4.559999942779541,4.559999942779541,4.559999942779541,24800
2010-10-04,4.619999885559082,4.739999771118164,4.5,4.510000228881836,4.510000228881836,33500
2010-10-05,4.570000171661377,4.690000057220459,4.510000228881836,4.650000095367432,4.650000095367432,22500
2010-10-06,4.670000076293945,4.699999809265137,4.599999904632568,4.690000057220459,4.690000057220459,16800
2010-10-07,4.699999809265137,4.739999771118164,4.570000171661377,4.650000095367432,4.650000095367432,11200
2010-10-08,4.679999828338623,4.699999809265137,4.670000076293945,4.699999809265137,4.699999809265137,3900
2010-10-11,4.699999809265137,4.75,4.599999904632568,4.639999866485596,4.639999866485596,30100
2010-10-12,4.650000095367432,4.769999980926514,4.590000152587891,4.75,4.75,38800
2010-10-13,4.579999923706055,4.78000020980835,4.579999923706055,4.730000019073486,4.730000019073486,15500
2010-10-14,4.730000019073486,4.739999771118164,4.619999885559082,4.739999771118164,4.739999771118164,37300
2010-10-15,4.739999771118164,4.739999771118164,4.650000095367432,4.710000038146973,4.710000038146973,5100
2010-10-18,4.659999847412109,4.78000020980835,4.659999847412109,4.75,4.75,39100
2010-10-19,4.650000095367432,4.699999809265137,4.650000095367432,4.690000057220459,4.690000057220459,17000
2010-10-20,4.650000095367432,4.739999771118164,4.599999904632568,4.739999771118164,4.739999771118164,78700
2010-10-21,4.699999809265137,4.909999847412109,4.550000190734863,4.769999980926514,4.769999980926514,80800
2010-10-22,4.769999980926514,4.769999980926514,4.679999828338623,4.71999979019165,4.71999979019165,12200
2010-10-25,4.71999979019165,4.760000228881836,4.650000095367432,4.659999847412109,4.659999847412109,15800
2010-10-26,4.699999809265137,4.829999923706055,4.590000152587891,4.659999847412109,4.659999847412109,35100
2010-10-27,4.699999809265137,4.71999979019165,4.670000076293945,4.690000057220459,4.690000057220459,10100
2010-10-28,4.78000020980835,4.78000020980835,4.699999809265137,4.730000019073486,4.730000019073486,3900
2010-10-29,4.730000019073486,4.829999923706055,4.710000038146973,4.75,4.75,13900
2010-11-01,4.730000019073486,4.940000057220459,4.730000019073486,4.900000095367432,4.900000095367432,45600
2010-11-02,4.900000095367432,4.960000038146973,4.869999885559082,4.960000038146973,4.960000038146973,19600
2010-11-03,4.920000076293945,5.0,4.900000095367432,4.929999828338623,4.929999828338623,16000
2010-11-04,4.96999979019165,5.199999809265137,4.960000038146973,5.199999809265137,5.199999809265137,27300
2010-11-05,5.199999809265137,5.300000190734863,5.039999961853027,5.300000190734863,5.300000190734863,132500
2010-11-08,5.380000114440918,5.380000114440918,5.03000020980835,5.289999961853027,5.289999961853027,21900
2010-11-09,5.349999904632568,5.349999904632568,5.25,5.269999980926514,5.269999980926514,4700
2010-11-10,5.269999980926514,5.269999980926514,5.119999885559082,5.25,5.25,14700
2010-11-11,5.260000228881836,5.269999980926514,5.090000152587891,5.210000038146973,5.210000038146973,9200
2010-11-12,5.210000038146973,5.210000038146973,5.0,5.110000133514404,5.110000133514404,24000
2010-11-15,5.099999904632568,5.199999809265137,5.090000152587891,5.090000152587891,5.090000152587891,11800
2010-11-16,5.070000171661377,5.170000076293945,4.820000171661377,5.150000095367432,5.150000095367432,20500
2010-11-17,5.050000190734863,5.119999885559082,5.0,5.019999980926514,5.019999980926514,22700
2010-11-18,5.070000171661377,5.139999866485596,5.070000171661377,5.099999904632568,5.099999904632568,17400
2010-11-19,5.139999866485596,5.139999866485596,5.0,5.090000152587891,5.090000152587891,16600
2010-11-22,5.090000152587891,5.150000095367432,5.079999923706055,5.150000095367432,5.150000095367432,12000
2010-11-23,5.139999866485596,5.139999866485596,5.03000020980835,5.099999904632568,5.099999904632568,35700
2010-11-24,5.110000133514404,5.110000133514404,4.960000038146973,5.039999961853027,5.039999961853027,12700
2010-11-26,5.090000152587891,5.199999809265137,5.039999961853027,5.199999809265137,5.199999809265137,64800
2010-11-29,5.199999809265137,5.199999809265137,5.0,5.079999923706055,5.079999923706055,17400
2010-11-30,5.079999923706055,5.079999923706055,4.940000057220459,5.070000171661377,5.070000171661377,24700
2010-12-01,5.079999923706055,5.119999885559082,4.920000076293945,5.119999885559082,5.119999885559082,80800
2010-12-02,5.050000190734863,5.070000171661377,5.019999980926514,5.059999942779541,5.059999942779541,33000
2010-12-03,5.059999942779541,5.059999942779541,4.960000038146973,5.0,5.0,25900
2010-12-06,5.059999942779541,5.059999942779541,4.989999771118164,5.03000020980835,5.03000020980835,34800
2010-12-07,5.039999961853027,5.099999904632568,4.949999809265137,5.050000190734863,5.050000190734863,28600
2010-12-08,5.099999904632568,5.099999904632568,5.0,5.090000152587891,5.090000152587891,8900
2010-12-09,5.090000152587891,5.090000152587891,4.980000019073486,5.050000190734863,5.050000190734863,22400
2010-12-10,5.079999923706055,5.079999923706055,5.0,5.03000020980835,5.03000020980835,6700
2010-12-13,5.03000020980835,5.03000020980835,4.949999809265137,4.980000019073486,4.980000019073486,25300
2010-12-14,4.960000038146973,4.989999771118164,4.960000038146973,4.960000038146973,4.960000038146973,9600
2010-12-15,4.960000038146973,4.960000038146973,4.75,4.860000133514404,4.860000133514404,48600
2010-12-16,4.840000152587891,5.0,4.840000152587891,4.96999979019165,4.96999979019165,42900
2010-12-17,4.949999809265137,5.090000152587891,4.909999847412109,5.090000152587891,5.090000152587891,26300
2010-12-20,4.980000019073486,5.090000152587891,4.929999828338623,4.96999979019165,4.96999979019165,42600
2010-12-21,4.96999979019165,5.039999961853027,4.860000133514404,5.0,5.0,14600
2010-12-22,5.010000228881836,5.050000190734863,4.989999771118164,5.010000228881836,5.010000228881836,13100
2010-12-23,5.010000228881836,5.010000228881836,4.900000095367432,4.989999771118164,4.989999771118164,16700
2010-12-27,4.980000019073486,5.050000190734863,4.900000095367432,5.050000190734863,5.050000190734863,29600
2010-12-28,5.090000152587891,5.090000152587891,5.010000228881836,5.050000190734863,5.050000190734863,26800
2010-12-29,4.849999904632568,4.96999979019165,4.800000190734863,4.949999809265137,4.949999809265137,41100
2010-12-30,4.900000095367432,4.929999828338623,4.869999885559082,4.900000095367432,4.900000095367432,21900
2010-12-31,4.900000095367432,5.070000171661377,4.900000095367432,5.050000190734863,5.050000190734863,24400
2011-01-03,5.050000190734863,5.050000190734863,4.800000190734863,4.949999809265137,4.949999809265137,48000
2011-01-04,4.909999847412109,4.909999847412109,4.75,4.900000095367432,4.900000095367432,47300
2011-01-05,4.880000114440918,4.940000057220459,4.820000171661377,4.920000076293945,4.920000076293945,7300
2011-01-06,4.929999828338623,4.989999771118164,4.880000114440918,4.989999771118164,4.989999771118164,13500
2011-01-07,4.989999771118164,5.019999980926514,4.900000095367432,5.0,5.0,41900
2011-01-10,4.96999979019165,5.039999961853027,4.900000095367432,4.900000095367432,4.900000095367432,22000
2011-01-11,4.960000038146973,5.010000228881836,4.960000038146973,5.010000228881836,5.010000228881836,4000
2011-01-12,5.010000228881836,5.050000190734863,4.980000019073486,5.039999961853027,5.039999961853027,32200
2011-01-13,5.050000190734863,5.070000171661377,5.010000228881836,5.010000228881836,5.010000228881836,22100
2011-01-14,5.010000228881836,5.090000152587891,5.0,5.090000152587891,5.090000152587891,48800
2011-01-18,5.03000020980835,5.199999809265137,5.03000020980835,5.139999866485596,5.139999866485596,37200
2011-01-19,5.130000114440918,5.170000076293945,5.110000133514404,5.159999847412109,5.159999847412109,19100
2011-01-20,5.170000076293945,5.170000076293945,5.0,5.0,5.0,17100
2011-01-21,5.010000228881836,5.110000133514404,5.0,5.019999980926514,5.019999980926514,19400
2011-01-24,5.010000228881836,5.010000228881836,4.989999771118164,5.0,5.0,13900
2011-01-25,5.050000190734863,5.050000190734863,4.96999979019165,5.03000020980835,5.03000020980835,4600
2011-01-26,5.050000190734863,5.050000190734863,5.019999980926514,5.039999961853027,5.039999961853027,11000
2011-01-27,5.099999904632568,5.099999904632568,4.96999979019165,5.010000228881836,5.010000228881836,11700
2011-01-28,4.980000019073486,5.059999942779541,4.96999979019165,5.0,5.0,6000
2011-01-31,5.070000171661377,5.070000171661377,5.010000228881836,5.070000171661377,5.070000171661377,1900
2011-02-01,5.050000190734863,5.050000190734863,4.920000076293945,5.050000190734863,5.050000190734863,20600
2011-02-02,5.050000190734863,5.059999942779541,4.96999979019165,5.0,5.0,23900
2011-02-03,5.0,5.059999942779541,5.0,5.059999942779541,5.059999942779541,5400
2011-02-04,5.050000190734863,5.059999942779541,5.050000190734863,5.050000190734863,5.050000190734863,15600
2011-02-07,5.070000171661377,5.070000171661377,5.010000228881836,5.070000171661377,5.070000171661377,11300
2011-02-08,5.039999961853027,5.110000133514404,5.039999961853027,5.110000133514404,5.110000133514404,33200
2011-02-09,5.119999885559082,5.119999885559082,5.050000190734863,5.059999942779541,5.059999942779541,15100
2011-02-10,5.139999866485596,5.150000095367432,5.059999942779541,5.150000095367432,5.150000095367432,18500
2011-02-11,5.099999904632568,5.119999885559082,5.079999923706055,5.079999923706055,5.079999923706055,9300
2011-02-14,5.059999942779541,5.099999904632568,5.059999942779541,5.090000152587891,5.090000152587891,15600
2011-02-15,5.059999942779541,5.099999904632568,4.980000019073486,5.03000020980835,5.03000020980835,123300
2011-02-16,5.0,5.0,4.869999885559082,4.900000095367432,4.900000095367432,52500
2011-02-17,4.869999885559082,4.96999979019165,4.820000171661377,4.96999979019165,4.96999979019165,102500
2011-02-18,4.940000057220459,4.96999979019165,4.75,4.949999809265137,4.949999809265137,63300
2011-02-22,4.900000095367432,4.96999979019165,4.900000095367432,4.940000057220459,4.940000057220459,13300
2011-02-23,4.940000057220459,4.96999979019165,4.860000133514404,4.929999828338623,4.929999828338623,15200
2011-02-24,4.889999866485596,4.949999809265137,4.849999904632568,4.920000076293945,4.920000076293945,9400
2011-02-25,4.880000114440918,5.0,4.869999885559082,4.909999847412109,4.909999847412109,44000
2011-02-28,4.980000019073486,5.070000171661377,4.940000057220459,5.050000190734863,5.050000190734863,36000
2011-03-01,5.050000190734863,5.079999923706055,5.010000228881836,5.059999942779541,5.059999942779541,7800
2011-03-02,5.050000190734863,5.059999942779541,4.989999771118164,5.059999942779541,5.059999942779541,35700
2011-03-03,5.059999942779541,5.090000152587891,5.0,5.059999942779541,5.059999942779541,16500
2011-03-04,5.099999904632568,5.099999904632568,4.949999809265137,4.949999809265137,4.949999809265137,34900
2011-03-07,4.929999828338623,4.980000019073486,4.900000095367432,4.909999847412109,4.909999847412109,12100
2011-03-08,4.949999809265137,4.980000019073486,4.900000095367432,4.949999809265137,4.949999809265137,7500
2011-03-09,4.929999828338623,4.980000019073486,4.900000095367432,4.929999828338623,4.929999828338623,4500
2011-03-10,4.940000057220459,4.96999979019165,4.909999847412109,4.940000057220459,4.940000057220459,4300
2011-03-11,4.920000076293945,5.0,4.880000114440918,4.880000114440918,4.880000114440918,7600
2011-03-14,4.880000114440918,5.0,4.880000114440918,4.949999809265137,4.949999809265137,21900
2011-03-15,4.909999847412109,4.909999847412109,4.849999904632568,4.880000114440918,4.880000114440918,8400
2011-03-16,4.880000114440918,4.900000095367432,4.75,4.869999885559082,4.869999885559082,10200
2011-03-17,4.829999923706055,5.0,4.75,5.0,5.0,22600
2011-03-18,4.989999771118164,4.989999771118164,4.900000095367432,4.920000076293945,4.920000076293945,19500
2011-03-21,4.989999771118164,4.989999771118164,4.820000171661377,4.940000057220459,4.940000057220459,13400
2011-03-22,4.900000095367432,4.900000095367432,4.860000133514404,4.880000114440918,4.880000114440918,2400
2011-03-23,4.849999904632568,4.920000076293945,4.849999904632568,4.860000133514404,4.860000133514404,10700
2011-03-24,4.900000095367432,4.920000076293945,4.869999885559082,4.920000076293945,4.920000076293945,7200
2011-03-25,4.909999847412109,5.0,4.909999847412109,4.940000057220459,4.940000057220459,19300
2011-03-28,4.989999771118164,5.0,4.909999847412109,4.96999979019165,4.96999979019165,8400
2011-03-29,4.909999847412109,4.980000019073486,4.900000095367432,4.949999809265137,4.949999809265137,2600
2011-03-30,4.920000076293945,5.050000190734863,4.909999847412109,5.050000190734863,5.050000190734863,12400
2011-03-31,5.050000190734863,5.050000190734863,4.989999771118164,5.050000190734863,5.050000190734863,16900
2011-04-01,5.039999961853027,5.039999961853027,4.949999809265137,4.96999979019165,4.96999979019165,29100
2011-04-04,4.989999771118164,5.0,4.920000076293945,4.920000076293945,4.920000076293945,10700
2011-04-05,4.860000133514404,4.980000019073486,4.860000133514404,4.909999847412109,4.909999847412109,5000
2011-04-06,4.960000038146973,4.960000038146973,4.869999885559082,4.880000114440918,4.880000114440918,12100
2011-04-07,4.849999904632568,4.96999979019165,4.849999904632568,4.96999979019165,4.96999979019165,3300
2011-04-08,4.949999809265137,5.059999942779541,4.949999809265137,5.0,5.0,45300
2011-04-11,4.96999979019165,4.96999979019165,4.829999923706055,4.96999979019165,4.96999979019165,46300
2011-04-12,4.900000095367432,4.920000076293945,4.75,4.829999923706055,4.829999923706055,30000
2011-04-13,4.860000133514404,4.889999866485596,4.809999942779541,4.889999866485596,4.889999866485596,10100
2011-04-14,4.829999923706055,4.929999828338623,4.809999942779541,4.920000076293945,4.920000076293945,5700
2011-04-15,4.860000133514404,4.889999866485596,4.849999904632568,4.889999866485596,4.889999866485596,2700
2011-04-18,4.909999847412109,4.909999847412109,4.75,4.800000190734863,4.800000190734863,16700
2011-04-19,4.800000190734863,4.869999885559082,4.769999980926514,4.769999980926514,4.769999980926514,2800
2011-04-20,4.769999980926514,4.820000171661377,4.75,4.760000228881836,4.760000228881836,9300
2011-04-21,4.760000228881836,4.760000228881836,4.679999828338623,4.710000038146973,4.710000038146973,15200
2011-04-25,4.639999866485596,4.760000228881836,4.639999866485596,4.699999809265137,4.699999809265137,15000
2011-04-26,4.690000057220459,4.699999809265137,4.650000095367432,4.679999828338623,4.679999828338623,6700
2011-04-27,4.71999979019165,4.880000114440918,4.71999979019165,4.800000190734863,4.800000190734863,35000
2011-04-28,4.800000190734863,4.920000076293945,4.800000190734863,4.849999904632568,4.849999904632568,4500
2011-04-29,4.869999885559082,4.880000114440918,4.840000152587891,4.860000133514404,4.860000133514404,9100
2011-05-02,4.789999961853027,5.869999885559082,4.760000228881836,4.940000057220459,4.940000057220459,69000
2011-05-03,4.900000095367432,5.019999980926514,4.869999885559082,5.019999980926514,5.019999980926514,13000
2011-05-04,5.050000190734863,5.090000152587891,4.949999809265137,4.960000038146973,4.960000038146973,55100
2011-05-05,4.920000076293945,4.960000038146973,4.889999866485596,4.960000038146973,4.960000038146973,19200
2011-05-06,4.909999847412109,4.96999979019165,4.909999847412109,4.96999979019165,4.96999979019165,900
2011-05-09,4.800000190734863,4.840000152587891,4.78000020980835,4.809999942779541,4.809999942779541,14000
2011-05-10,4.809999942779541,4.869999885559082,4.809999942779541,4.809999942779541,4.809999942779541,10600
2011-05-11,4.789999961853027,4.840000152587891,4.78000020980835,4.809999942779541,4.809999942779541,1700
2011-05-12,4.78000020980835,4.78000020980835,4.519999980926514,4.699999809265137,4.699999809265137,12400
2011-05-13,4.699999809265137,4.699999809265137,4.679999828338623,4.699999809265137,4.699999809265137,5700
2011-05-16,4.650000095367432,4.659999847412109,4.590000152587891,4.590000152587891,4.590000152587891,13600
2011-05-17,4.599999904632568,4.599999904632568,4.570000171661377,4.579999923706055,4.579999923706055,6100
2011-05-18,4.579999923706055,4.619999885559082,4.550000190734863,4.570000171661377,4.570000171661377,12300
2011-05-19,4.610000133514404,4.619999885559082,4.579999923706055,4.619999885559082,4.619999885559082,1100
2011-05-20,4.570000171661377,4.619999885559082,4.570000171661377,4.619999885559082,4.619999885559082,4900
2011-05-23,4.599999904632568,4.75,4.599999904632568,4.75,4.75,9900
2011-05-24,4.690000057220459,5.090000152587891,4.639999866485596,4.880000114440918,4.880000114440918,32100
2011-05-25,4.920000076293945,5.0,4.900000095367432,4.929999828338623,4.929999828338623,16300
2011-05-26,4.929999828338623,4.929999828338623,4.75,4.889999866485596,4.889999866485596,29900
2011-05-27,4.929999828338623,4.989999771118164,4.840000152587891,4.849999904632568,4.849999904632568,44700
2011-05-31,4.869999885559082,4.989999771118164,4.849999904632568,4.900000095367432,4.900000095367432,28000
2011-06-01,4.909999847412109,5.019999980926514,4.909999847412109,4.980000019073486,4.980000019073486,34000
2011-06-02,4.989999771118164,4.989999771118164,4.900000095367432,4.940000057220459,4.940000057220459,7400
2011-06-03,4.960000038146973,4.960000038146973,4.800000190734863,4.889999866485596,4.889999866485596,11000
2011-06-06,4.849999904632568,4.849999904632568,4.71999979019165,4.78000020980835,4.78000020980835,12600
2011-06-07,4.78000020980835,4.809999942779541,4.78000020980835,4.809999942779541,4.809999942779541,8500
2011-06-08,4.78000020980835,4.820000171661377,4.670000076293945,4.71999979019165,4.71999979019165,16600
2011-06-09,4.690000057220459,4.849999904632568,4.690000057220459,4.769999980926514,4.769999980926514,8400
2011-06-10,4.75,4.820000171661377,4.75,4.820000171661377,4.820000171661377,10700
2011-06-13,4.769999980926514,4.769999980926514,4.659999847412109,4.71999979019165,4.71999979019165,18400
2011-06-14,4.730000019073486,4.820000171661377,4.679999828338623,4.75,4.75,13100
2011-06-15,4.679999828338623,4.730000019073486,4.650000095367432,4.650000095367432,4.650000095367432,5300
2011-06-16,4.670000076293945,4.670000076293945,4.579999923706055,4.630000114440918,4.630000114440918,5500
2011-06-17,4.630000114440918,4.800000190734863,4.590000152587891,4.800000190734863,4.800000190734863,18900
2011-06-20,4.769999980926514,4.800000190734863,4.650000095367432,4.75,4.75,9800
2011-06-21,4.730000019073486,4.800000190734863,4.730000019073486,4.760000228881836,4.760000228881836,3300
2011-06-22,4.78000020980835,4.829999923706055,4.670000076293945,4.710000038146973,4.710000038146973,13900
2011-06-23,4.71999979019165,4.849999904632568,4.670000076293945,4.71999979019165,4.71999979019165,74300
2011-06-24,4.699999809265137,4.710000038146973,4.550000190734863,4.619999885559082,4.619999885559082,62000
2011-06-27,4.650000095367432,4.690000057220459,4.510000228881836,4.53000020980835,4.53000020980835,27500
2011-06-28,4.590000152587891,4.670000076293945,4.539999961853027,4.579999923706055,4.579999923706055,46700
2011-06-29,4.550000190734863,4.579999923706055,4.5,4.570000171661377,4.570000171661377,48400
2011-06-30,4.570000171661377,4.670000076293945,4.480000019073486,4.550000190734863,4.550000190734863,36000
2011-07-01,4.550000190734863,4.559999942779541,4.449999809265137,4.460000038146973,4.460000038146973,14600
2011-07-05,4.480000019073486,4.5,4.449999809265137,4.489999771118164,4.489999771118164,13400
2011-07-06,4.489999771118164,4.550000190734863,4.460000038146973,4.489999771118164,4.489999771118164,21100
2011-07-07,4.460000038146973,4.5,4.389999866485596,4.429999828338623,4.429999828338623,26300
2011-07-08,4.489999771118164,4.5,4.460000038146973,4.489999771118164,4.489999771118164,16000
2011-07-11,4.460000038146973,4.489999771118164,3.740000009536743,4.300000190734863,4.300000190734863,47900
2011-07-12,4.300000190734863,4.340000152587891,4.199999809265137,4.199999809265137,4.199999809265137,15000
2011-07-13,4.230000019073486,4.320000171661377,4.150000095367432,4.179999828338623,4.179999828338623,101000
2011-07-14,4.170000076293945,4.25,4.170000076293945,4.170000076293945,4.170000076293945,52600
2011-07-15,4.210000038146973,4.340000152587891,4.199999809265137,4.210000038146973,4.210000038146973,39500
2011-07-18,4.230000019073486,4.320000171661377,4.179999828338623,4.21999979019165,4.21999979019165,31600
2011-07-19,4.230000019073486,4.329999923706055,4.179999828338623,4.21999979019165,4.21999979019165,36400
2011-07-20,4.21999979019165,4.300000190734863,4.21999979019165,4.289999961853027,4.289999961853027,54200
2011-07-21,4.300000190734863,4.389999866485596,4.239999771118164,4.340000152587891,4.340000152587891,50500
2011-07-22,4.239999771118164,4.349999904632568,4.239999771118164,4.300000190734863,4.300000190734863,32200
2011-07-25,4.300000190734863,4.349999904632568,4.239999771118164,4.269999980926514,4.269999980926514,16500
2011-07-26,4.269999980926514,4.300000190734863,4.21999979019165,4.21999979019165,4.21999979019165,31900
2011-07-27,4.199999809265137,4.369999885559082,4.199999809265137,4.320000171661377,4.320000171661377,34500
2011-07-28,4.300000190734863,4.360000133514404,4.21999979019165,4.340000152587891,4.340000152587891,23900
2011-07-29,4.269999980926514,4.389999866485596,4.159999847412109,4.349999904632568,4.349999904632568,57400
2011-08-01,4.199999809265137,4.320000171661377,4.179999828338623,4.300000190734863,4.300000190734863,31800
2011-08-02,4.210000038146973,4.260000228881836,4.150000095367432,4.199999809265137,4.199999809265137,56000
2011-08-03,4.170000076293945,4.21999979019165,4.159999847412109,4.179999828338623,4.179999828338623,21300
2011-08-04,4.199999809265137,4.389999866485596,4.150000095367432,4.349999904632568,4.349999904632568,64300
2011-08-05,4.329999923706055,4.369999885559082,4.159999847412109,4.269999980926514,4.269999980926514,48600
2011-08-08,4.210000038146973,4.21999979019165,3.880000114440918,3.880000114440918,3.880000114440918,51500
2011-08-09,3.990000009536743,4.239999771118164,3.930000066757202,4.199999809265137,4.199999809265137,21700
2011-08-10,4.199999809265137,4.28000020980835,4.0,4.0,4.0,21600
2011-08-11,4.079999923706055,4.380000114440918,3.990000009536743,4.28000020980835,4.28000020980835,32400
2011-08-12,4.320000171661377,4.389999866485596,4.28000020980835,4.320000171661377,4.320000171661377,90300
2011-08-15,4.210000038146973,4.440000057220459,4.210000038146973,4.429999828338623,4.429999828338623,39000
2011-08-16,4.409999847412109,4.440000057220459,4.269999980926514,4.300000190734863,4.300000190734863,18200
2011-08-17,4.320000171661377,4.46999979019165,4.320000171661377,4.420000076293945,4.420000076293945,42600
2011-08-18,4.320000171661377,4.320000171661377,4.239999771118164,4.300000190734863,4.300000190734863,10200
2011-08-19,4.159999847412109,4.320000171661377,3.9700000286102295,4.269999980926514,4.269999980926514,17300
2011-08-22,4.269999980926514,4.320000171661377,4.130000114440918,4.289999961853027,4.289999961853027,17400
2011-08-23,4.260000228881836,4.269999980926514,4.210000038146973,4.260000228881836,4.260000228881836,4500
2011-08-24,4.239999771118164,4.28000020980835,4.230000019073486,4.230000019073486,4.230000019073486,9400
2011-08-25,4.289999961853027,4.289999961853027,4.119999885559082,4.130000114440918,4.130000114440918,10000
2011-08-26,4.150000095367432,4.25,4.139999866485596,4.199999809265137,4.199999809265137,2000
2011-08-29,4.190000057220459,4.289999961853027,4.190000057220459,4.239999771118164,4.239999771118164,12300
2011-08-30,4.260000228881836,4.289999961853027,4.210000038146973,4.239999771118164,4.239999771118164,2700
2011-08-31,4.269999980926514,4.300000190734863,4.239999771118164,4.25,4.25,8600
2011-09-01,4.28000020980835,4.289999961853027,4.210000038146973,4.25,4.25,2700
2011-09-02,4.139999866485596,4.320000171661377,4.139999866485596,4.25,4.25,17600
2011-09-06,4.199999809265137,4.260000228881836,4.099999904632568,4.260000228881836,4.260000228881836,11200
2011-09-07,4.309999942779541,4.309999942779541,4.119999885559082,4.28000020980835,4.28000020980835,10100
2011-09-08,4.230000019073486,4.230000019073486,4.110000133514404,4.230000019073486,4.230000019073486,10600
2011-09-09,4.150000095367432,4.190000057220459,4.110000133514404,4.190000057220459,4.190000057220459,5800
2011-09-12,4.190000057220459,4.199999809265137,4.099999904632568,4.150000095367432,4.150000095367432,4500
2011-09-13,4.199999809265137,4.320000171661377,4.090000152587891,4.289999961853027,4.289999961853027,5200
2011-09-14,4.380000114440918,4.380000114440918,4.0,4.230000019073486,4.230000019073486,20100
2011-09-15,4.239999771118164,4.389999866485596,4.119999885559082,4.329999923706055,4.329999923706055,14000
2011-09-16,4.309999942779541,4.429999828338623,4.130000114440918,4.340000152587891,4.340000152587891,22900
2011-09-19,4.260000228881836,4.260000228881836,4.0,4.25,4.25,10800
2011-09-20,4.199999809265137,4.28000020980835,4.03000020980835,4.210000038146973,4.210000038146973,18900
2011-09-21,4.130000114440918,4.210000038146973,4.0,4.210000038146973,4.210000038146973,22500
2011-09-22,4.039999961853027,4.199999809265137,3.950000047683716,4.190000057220459,4.190000057220459,9100
2011-09-23,4.039999961853027,4.179999828338623,4.010000228881836,4.139999866485596,4.139999866485596,13800
2011-09-26,4.039999961853027,4.139999866485596,3.990000009536743,4.139999866485596,4.139999866485596,17000
2011-09-27,4.230000019073486,4.489999771118164,4.050000190734863,4.230000019073486,4.230000019073486,260000
2011-09-28,4.199999809265137,4.199999809265137,4.050000190734863,4.170000076293945,4.170000076293945,7000
2011-09-29,4.199999809265137,4.239999771118164,4.119999885559082,4.190000057220459,4.190000057220459,7900
2011-09-30,4.230000019073486,4.349999904632568,4.070000171661377,4.300000190734863,4.300000190734863,15000
2011-10-03,4.139999866485596,4.179999828338623,4.059999942779541,4.059999942779541,4.059999942779541,2500
2011-10-04,4.099999904632568,4.099999904632568,3.9800000190734863,3.9800000190734863,3.9800000190734863,9100
2011-10-05,4.190000057220459,4.210000038146973,4.070000171661377,4.070000171661377,4.070000171661377,1100
2011-10-06,4.050000190734863,4.050000190734863,4.039999961853027,4.039999961853027,4.039999961853027,2700
2011-10-07,4.099999904632568,4.230000019073486,4.099999904632568,4.230000019073486,4.230000019073486,3900
2011-10-10,4.03000020980835,4.210000038146973,4.03000020980835,4.210000038146973,4.210000038146973,300
2011-10-11,4.170000076293945,4.239999771118164,4.159999847412109,4.170000076293945,4.170000076293945,2000
2011-10-12,4.070000171661377,4.25,4.070000171661377,4.25,4.25,6000
2011-10-13,4.230000019073486,4.230000019073486,4.119999885559082,4.179999828338623,4.179999828338623,12300
2011-10-14,4.139999866485596,4.21999979019165,4.139999866485596,4.21999979019165,4.21999979019165,400
2011-10-17,4.21999979019165,4.239999771118164,4.150000095367432,4.170000076293945,4.170000076293945,9400
2011-10-18,4.050000190734863,4.21999979019165,4.050000190734863,4.21999979019165,4.21999979019165,4900
2011-10-19,4.050000190734863,4.179999828338623,4.03000020980835,4.179999828338623,4.179999828338623,14400
2011-10-20,4.079999923706055,4.210000038146973,4.079999923706055,4.179999828338623,4.179999828338623,4100
2011-10-21,4.179999828338623,4.210000038146973,4.070000171661377,4.159999847412109,4.159999847412109,4700
2011-10-24,4.159999847412109,4.159999847412109,4.039999961853027,4.150000095367432,4.150000095367432,16800
2011-10-25,4.099999904632568,4.130000114440918,4.039999961853027,4.050000190734863,4.050000190734863,16000
2011-10-26,3.950000047683716,3.950000047683716,3.950000047683716,3.950000047683716,3.950000047683716,100
2011-10-27,4.0,4.25,4.0,4.25,4.25,26300
2011-10-28,4.230000019073486,4.230000019073486,4.059999942779541,4.179999828338623,4.179999828338623,38500
2011-10-31,4.179999828338623,4.179999828338623,4.039999961853027,4.139999866485596,4.139999866485596,26800
2011-11-01,4.019999980926514,4.139999866485596,4.019999980926514,4.139999866485596,4.139999866485596,5900
2011-11-02,4.079999923706055,4.179999828338623,4.039999961853027,4.179999828338623,4.179999828338623,19300
2011-11-03,4.159999847412109,4.210000038146973,4.099999904632568,4.210000038146973,4.210000038146973,11300
2011-11-04,4.210000038146973,4.25,4.099999904632568,4.25,4.25,24000
2011-11-07,4.21999979019165,4.21999979019165,4.03000020980835,4.179999828338623,4.179999828338623,11500
2011-11-08,4.199999809265137,4.199999809265137,4.119999885559082,4.150000095367432,4.150000095367432,8900
2011-11-09,4.150000095367432,4.199999809265137,4.059999942779541,4.199999809265137,4.199999809265137,24900
2011-11-10,4.199999809265137,4.199999809265137,4.139999866485596,4.199999809265137,4.199999809265137,23200
2011-11-11,4.199999809265137,4.25,4.150000095367432,4.159999847412109,4.159999847412109,17500
2011-11-14,4.159999847412109,4.199999809265137,4.139999866485596,4.199999809265137,4.199999809265137,11400
2011-11-15,4.170000076293945,4.170000076293945,4.150000095367432,4.159999847412109,4.159999847412109,9600
2011-11-16,4.139999866485596,4.199999809265137,4.119999885559082,4.119999885559082,4.119999885559082,19900
2011-11-17,4.170000076293945,4.25,4.119999885559082,4.21999979019165,4.21999979019165,7000
2011-11-18,4.119999885559082,4.159999847412109,4.059999942779541,4.139999866485596,4.139999866485596,19000
2011-11-21,4.139999866485596,4.150000095367432,4.119999885559082,4.119999885559082,4.119999885559082,12700
2011-11-22,4.159999847412109,4.159999847412109,4.059999942779541,4.059999942779541,4.059999942779541,14200
2011-11-23,4.059999942779541,4.139999866485596,4.03000020980835,4.03000020980835,4.03000020980835,11000
2011-11-25,4.050000190734863,4.119999885559082,4.050000190734863,4.119999885559082,4.119999885559082,500
2011-11-28,4.170000076293945,4.170000076293945,4.039999961853027,4.159999847412109,4.159999847412109,12900
2011-11-29,4.059999942779541,4.199999809265137,4.059999942779541,4.190000057220459,4.190000057220459,6500
2011-11-30,4.199999809265137,4.329999923706055,4.150000095367432,4.300000190734863,4.300000190734863,25300
2011-12-01,4.289999961853027,4.300000190734863,4.21999979019165,4.300000190734863,4.300000190734863,6500
2011-12-02,4.300000190734863,4.300000190734863,4.210000038146973,4.300000190734863,4.300000190734863,7500
2011-12-05,4.199999809265137,4.300000190734863,4.199999809265137,4.300000190734863,4.300000190734863,5400
2011-12-06,4.210000038146973,4.269999980926514,4.159999847412109,4.269999980926514,4.269999980926514,23000
2011-12-07,4.269999980926514,4.269999980926514,4.190000057220459,4.25,4.25,6700
2011-12-08,4.269999980926514,4.28000020980835,4.159999847412109,4.269999980926514,4.269999980926514,16300
2011-12-09,4.21999979019165,4.269999980926514,4.21999979019165,4.269999980926514,4.269999980926514,1800
2011-12-12,4.269999980926514,4.269999980926514,4.119999885559082,4.190000057220459,4.190000057220459,6100
2011-12-13,4.139999866485596,4.190000057220459,4.130000114440918,4.190000057220459,4.190000057220459,1900
2011-12-14,4.119999885559082,4.199999809265137,4.119999885559082,4.199999809265137,4.199999809265137,3900
2011-12-15,4.199999809265137,4.199999809265137,4.110000133514404,4.179999828338623,4.179999828338623,24400
2011-12-16,4.110000133514404,4.199999809265137,4.079999923706055,4.190000057220459,4.190000057220459,13400
2011-12-19,4.199999809265137,4.199999809265137,4.099999904632568,4.170000076293945,4.170000076293945,4900
2011-12-20,4.190000057220459,4.190000057220459,4.110000133514404,4.179999828338623,4.179999828338623,5200
2011-12-21,4.170000076293945,4.199999809265137,4.099999904632568,4.199999809265137,4.199999809265137,1200
2011-12-22,4.110000133514404,4.25,4.110000133514404,4.199999809265137,4.199999809265137,4800
2011-12-23,4.230000019073486,4.230000019073486,4.139999866485596,4.150000095367432,4.150000095367432,4000
2011-12-27,4.110000133514404,4.25,4.070000171661377,4.150000095367432,4.150000095367432,40400
2011-12-28,4.079999923706055,4.179999828338623,4.059999942779541,4.170000076293945,4.170000076293945,5400
2011-12-29,4.139999866485596,4.289999961853027,4.079999923706055,4.28000020980835,4.28000020980835,125600
2011-12-30,4.239999771118164,4.25,4.099999904632568,4.239999771118164,4.239999771118164,58600
2012-01-03,4.269999980926514,4.269999980926514,4.150000095367432,4.159999847412109,4.159999847412109,2700
2012-01-04,4.28000020980835,4.28000020980835,4.230000019073486,4.239999771118164,4.239999771118164,1300
2012-01-05,4.239999771118164,4.440000057220459,4.230000019073486,4.440000057220459,4.440000057220459,17600
2012-01-06,4.369999885559082,4.369999885559082,4.170000076293945,4.260000228881836,4.260000228881836,17200
2012-01-09,4.309999942779541,4.389999866485596,4.239999771118164,4.360000133514404,4.360000133514404,10900
2012-01-10,4.340000152587891,4.369999885559082,4.28000020980835,4.369999885559082,4.369999885559082,10300
2012-01-11,4.28000020980835,4.369999885559082,4.28000020980835,4.369999885559082,4.369999885559082,3900
2012-01-12,4.28000020980835,4.380000114440918,4.210000038146973,4.369999885559082,4.369999885559082,7800
2012-01-13,4.340000152587891,4.360000133514404,4.28000020980835,4.349999904632568,4.349999904632568,8400
2012-01-17,4.349999904632568,4.380000114440918,4.230000019073486,4.380000114440918,4.380000114440918,17200
2012-01-18,4.349999904632568,4.360000133514404,4.170000076293945,4.190000057220459,4.190000057220459,15500
2012-01-19,4.150000095367432,4.25,4.150000095367432,4.239999771118164,4.239999771118164,9400
2012-01-20,4.199999809265137,4.21999979019165,4.170000076293945,4.170000076293945,4.170000076293945,1500
2012-01-23,4.170000076293945,4.179999828338623,4.119999885559082,4.119999885559082,4.119999885559082,15200
2012-01-24,4.110000133514404,4.239999771118164,4.110000133514404,4.190000057220459,4.190000057220459,8900
2012-01-25,4.199999809265137,4.230000019073486,4.110000133514404,4.210000038146973,4.210000038146973,21000
2012-01-26,4.239999771118164,4.28000020980835,4.159999847412109,4.239999771118164,4.239999771118164,21900
2012-01-27,4.199999809265137,4.239999771118164,4.150000095367432,4.239999771118164,4.239999771118164,18200
2012-01-30,4.25,4.25,4.139999866485596,4.230000019073486,4.230000019073486,24200
2012-01-31,4.210000038146973,4.28000020980835,4.150000095367432,4.260000228881836,4.260000228881836,33300
2012-02-01,4.190000057220459,4.340000152587891,4.179999828338623,4.320000171661377,4.320000171661377,29300
2012-02-02,4.300000190734863,4.300000190734863,4.21999979019165,4.269999980926514,4.269999980926514,7200
2012-02-03,4.300000190734863,4.349999904632568,4.239999771118164,4.349999904632568,4.349999904632568,2100
2012-02-06,4.28000020980835,4.329999923706055,4.25,4.329999923706055,4.329999923706055,16400
2012-02-07,4.320000171661377,4.400000095367432,4.320000171661377,4.360000133514404,4.360000133514404,24600
2012-02-08,4.369999885559082,4.429999828338623,4.329999923706055,4.429999828338623,4.429999828338623,20000
2012-02-09,4.449999809265137,4.599999904632568,4.420000076293945,4.53000020980835,4.53000020980835,30900
2012-02-10,4.550000190734863,4.579999923706055,4.389999866485596,4.449999809265137,4.449999809265137,14400
2012-02-13,4.550000190734863,4.570000171661377,4.329999923706055,4.429999828338623,4.429999828338623,16500
2012-02-14,4.380000114440918,4.559999942779541,4.340000152587891,4.519999980926514,4.519999980926514,17800
2012-02-15,4.539999961853027,4.590000152587891,4.46999979019165,4.539999961853027,4.539999961853027,6800
2012-02-16,4.519999980926514,4.550000190734863,4.480000019073486,4.5,4.5,9300
2012-02-17,4.519999980926514,4.539999961853027,4.440000057220459,4.539999961853027,4.539999961853027,8100
2012-02-21,4.519999980926514,4.519999980926514,4.329999923706055,4.360000133514404,4.360000133514404,15200
2012-02-22,4.369999885559082,4.539999961853027,4.329999923706055,4.539999961853027,4.539999961853027,13000
2012-02-23,4.5,4.550000190734863,4.449999809265137,4.53000020980835,4.53000020980835,4500
2012-02-24,4.449999809265137,4.539999961853027,4.449999809265137,4.539999961853027,4.539999961853027,9200
2012-02-27,4.449999809265137,4.539999961853027,4.429999828338623,4.510000228881836,4.510000228881836,15000
2012-02-28,4.480000019073486,4.550000190734863,4.409999847412109,4.539999961853027,4.539999961853027,4100
2012-02-29,4.519999980926514,4.539999961853027,4.46999979019165,4.539999961853027,4.539999961853027,4000
2012-03-01,4.539999961853027,4.550000190734863,4.409999847412109,4.550000190734863,4.550000190734863,11600
2012-03-02,4.519999980926514,4.539999961853027,4.460000038146973,4.510000228881836,4.510000228881836,5600
2012-03-05,4.489999771118164,4.5,4.489999771118164,4.5,4.5,3600
2012-03-06,4.5,4.559999942779541,4.340000152587891,4.559999942779541,4.559999942779541,8300
2012-03-07,4.5,4.590000152587891,4.349999904632568,4.550000190734863,4.550000190734863,12100
2012-03-08,4.53000020980835,4.590000152587891,4.349999904632568,4.5,4.5,13300
2012-03-09,4.389999866485596,4.5,4.369999885559082,4.5,4.5,12100
2012-03-12,4.539999961853027,4.539999961853027,4.349999904632568,4.46999979019165,4.46999979019165,12600
2012-03-13,4.480000019073486,4.510000228881836,4.409999847412109,4.5,4.5,5300
2012-03-14,4.440000057220459,4.489999771118164,4.360000133514404,4.489999771118164,4.489999771118164,8000
2012-03-15,4.400000095367432,4.5,4.380000114440918,4.449999809265137,4.449999809265137,2500
2012-03-16,4.369999885559082,4.480000019073486,4.260000228881836,4.480000019073486,4.480000019073486,23300
2012-03-19,4.400000095367432,4.429999828338623,4.340000152587891,4.400000095367432,4.400000095367432,12000
2012-03-20,4.360000133514404,4.480000019073486,4.349999904632568,4.480000019073486,4.480000019073486,17700
2012-03-21,4.460000038146973,4.550000190734863,4.400000095367432,4.550000190734863,4.550000190734863,27100
2012-03-22,4.510000228881836,4.559999942779541,4.429999828338623,4.510000228881836,4.510000228881836,9100
2012-03-23,4.489999771118164,4.519999980926514,4.409999847412109,4.409999847412109,4.409999847412109,4100
2012-03-26,4.360000133514404,4.519999980926514,4.320000171661377,4.510000228881836,4.510000228881836,15100
2012-03-27,4.489999771118164,4.5,4.400000095367432,4.449999809265137,4.449999809265137,23800
2012-03-28,4.409999847412109,4.449999809265137,4.340000152587891,4.429999828338623,4.429999828338623,15300
2012-03-29,4.409999847412109,4.429999828338623,4.389999866485596,4.429999828338623,4.429999828338623,2500
2012-03-30,4.420000076293945,4.659999847412109,4.409999847412109,4.659999847412109,4.659999847412109,28700
2012-04-02,4.650000095367432,4.690000057220459,4.590000152587891,4.670000076293945,4.670000076293945,16100
2012-04-03,4.650000095367432,4.659999847412109,4.570000171661377,4.659999847412109,4.659999847412109,18100
2012-04-04,4.639999866485596,4.639999866485596,4.559999942779541,4.639999866485596,4.639999866485596,52000
2012-04-05,4.610000133514404,4.630000114440918,4.559999942779541,4.630000114440918,4.630000114440918,38500
2012-04-09,4.619999885559082,4.630000114440918,4.550000190734863,4.619999885559082,4.619999885559082,25900
2012-04-10,4.550000190734863,4.630000114440918,4.519999980926514,4.619999885559082,4.619999885559082,9100
2012-04-11,4.630000114440918,4.650000095367432,4.599999904632568,4.639999866485596,4.639999866485596,9600
2012-04-12,4.610000133514404,4.699999809265137,4.610000133514404,4.699999809265137,4.699999809265137,20500
2012-04-13,4.690000057220459,4.739999771118164,4.690000057220459,4.730000019073486,4.730000019073486,10700
2012-04-16,4.739999771118164,4.739999771118164,4.670000076293945,4.730000019073486,4.730000019073486,16300
2012-04-17,4.670000076293945,4.75,4.619999885559082,4.739999771118164,4.739999771118164,15200
2012-04-18,4.710000038146973,4.769999980926514,4.610000133514404,4.769999980926514,4.769999980926514,16100
2012-04-19,4.710000038146973,4.78000020980835,4.610000133514404,4.670000076293945,4.670000076293945,16600
2012-04-20,4.730000019073486,4.840000152587891,4.71999979019165,4.820000171661377,4.820000171661377,24400
2012-04-23,4.820000171661377,4.820000171661377,4.619999885559082,4.789999961853027,4.789999961853027,25200
2012-04-24,4.800000190734863,4.869999885559082,4.78000020980835,4.849999904632568,4.849999904632568,33600
2012-04-25,4.880000114440918,4.889999866485596,4.71999979019165,4.860000133514404,4.860000133514404,17500
2012-04-26,4.849999904632568,4.900000095367432,4.690000057220459,4.900000095367432,4.900000095367432,25600
2012-04-27,4.869999885559082,4.940000057220459,4.800000190734863,4.940000057220459,4.940000057220459,27500
2012-04-30,4.929999828338623,4.980000019073486,4.75,4.960000038146973,4.960000038146973,40000
2012-05-01,4.980000019073486,5.070000171661377,4.929999828338623,4.929999828338623,4.929999828338623,39000
2012-05-02,4.949999809265137,5.289999961853027,4.78000020980835,5.28000020980835,5.28000020980835,102800
2012-05-03,5.289999961853027,5.289999961853027,5.130000114440918,5.269999980926514,5.269999980926514,27000
2012-05-04,5.199999809265137,5.28000020980835,5.199999809265137,5.28000020980835,5.28000020980835,19900
2012-05-07,5.260000228881836,5.400000095367432,5.199999809265137,5.389999866485596,5.389999866485596,42000
2012-05-08,5.420000076293945,5.449999809265137,5.239999771118164,5.420000076293945,5.420000076293945,116700
2012-05-09,5.46999979019165,5.46999979019165,5.230000019073486,5.429999828338623,5.429999828338623,41000
2012-05-10,5.449999809265137,5.449999809265137,5.190000057220459,5.349999904632568,5.349999904632568,30000
2012-05-11,5.340000152587891,5.489999771118164,5.25,5.489999771118164,5.489999771118164,36000
2012-05-14,5.440000057220459,5.699999809265137,5.28000020980835,5.599999904632568,5.599999904632568,94200
2012-05-15,5.599999904632568,5.599999904632568,5.46999979019165,5.539999961853027,5.539999961853027,26000
2012-05-16,5.559999942779541,5.559999942779541,5.449999809265137,5.550000190734863,5.550000190734863,26400
2012-05-17,5.489999771118164,5.570000171661377,5.400000095367432,5.539999961853027,5.539999961853027,41900
2012-05-18,5.519999980926514,5.53000020980835,5.260000228881836,5.449999809265137,5.449999809265137,16700
2012-05-21,5.489999771118164,5.579999923706055,5.25,5.539999961853027,5.539999961853027,76000
2012-05-22,5.579999923706055,5.699999809265137,5.25,5.5,5.5,132000
2012-05-23,5.46999979019165,5.570000171661377,5.400000095367432,5.53000020980835,5.53000020980835,78000
2012-05-24,5.579999923706055,5.599999904632568,5.449999809265137,5.550000190734863,5.550000190734863,64400
2012-05-25,5.610000133514404,5.860000133514404,5.579999923706055,5.679999828338623,5.679999828338623,69600
2012-05-29,5.75,5.909999847412109,5.75,5.880000114440918,5.880000114440918,64400
2012-05-30,5.820000171661377,5.849999904632568,5.489999771118164,5.800000190734863,5.800000190734863,47300
2012-05-31,5.739999771118164,5.889999866485596,5.699999809265137,5.75,5.75,147500
2012-06-01,5.699999809265137,5.699999809265137,5.5,5.610000133514404,5.610000133514404,47500
2012-06-04,5.610000133514404,5.610000133514404,5.309999942779541,5.489999771118164,5.489999771118164,73800
2012-06-05,5.429999828338623,5.519999980926514,5.340000152587891,5.5,5.5,78900
2012-06-06,5.46999979019165,5.610000133514404,5.460000038146973,5.570000171661377,5.570000171661377,47800
2012-06-07,5.579999923706055,5.679999828338623,5.550000190734863,5.619999885559082,5.619999885559082,49400
2012-06-08,5.650000095367432,5.699999809265137,5.559999942779541,5.699999809265137,5.699999809265137,88600
2012-06-11,5.650000095367432,5.75,5.610000133514404,5.639999866485596,5.639999866485596,91000
2012-06-12,5.619999885559082,5.679999828338623,5.570000171661377,5.599999904632568,5.599999904632568,57300
2012-06-13,5.5,5.639999866485596,5.300000190734863,5.559999942779541,5.559999942779541,67600
2012-06-14,5.539999961853027,5.650000095367432,5.519999980926514,5.579999923706055,5.579999923706055,74500
2012-06-15,5.559999942779541,5.630000114440918,5.360000133514404,5.630000114440918,5.630000114440918,82600
2012-06-18,5.619999885559082,5.619999885559082,5.480000019073486,5.590000152587891,5.590000152587891,79300
2012-06-19,5.550000190734863,5.599999904632568,5.519999980926514,5.550000190734863,5.550000190734863,58200
2012-06-20,5.5,5.590000152587891,5.309999942779541,5.510000228881836,5.510000228881836,103800
2012-06-21,5.46999979019165,5.510000228881836,5.400000095367432,5.5,5.5,105700
2012-06-22,5.5,5.639999866485596,5.309999942779541,5.400000095367432,5.400000095367432,2219800
2012-06-25,5.349999904632568,5.400000095367432,5.269999980926514,5.289999961853027,5.289999961853027,124400
2012-06-26,5.260000228881836,5.320000171661377,5.179999828338623,5.179999828338623,5.179999828338623,95600
2012-06-27,5.159999847412109,5.25,5.159999847412109,5.210000038146973,5.210000038146973,75500
2012-06-28,5.190000057220459,5.25,5.139999866485596,5.239999771118164,5.239999771118164,89100
2012-06-29,5.300000190734863,5.420000076293945,5.210000038146973,5.409999847412109,5.409999847412109,121500
2012-07-02,5.429999828338623,5.440000057220459,5.320000171661377,5.440000057220459,5.440000057220459,87900
2012-07-03,5.380000114440918,5.449999809265137,5.320000171661377,5.440000057220459,5.440000057220459,50600
2012-07-05,5.389999866485596,5.489999771118164,5.360000133514404,5.480000019073486,5.480000019073486,81600
2012-07-06,5.409999847412109,5.489999771118164,5.329999923706055,5.489999771118164,5.489999771118164,37800
2012-07-09,5.429999828338623,5.489999771118164,5.369999885559082,5.480000019073486,5.480000019073486,41800
2012-07-10,5.489999771118164,5.489999771118164,5.389999866485596,5.460000038146973,5.460000038146973,36300
2012-07-11,5.440000057220459,5.460000038146973,5.380000114440918,5.429999828338623,5.429999828338623,36600
2012-07-12,5.329999923706055,5.369999885559082,5.260000228881836,5.369999885559082,5.369999885559082,44000
2012-07-13,5.400000095367432,5.440000057220459,5.260000228881836,5.420000076293945,5.420000076293945,38300
2012-07-16,5.389999866485596,5.420000076293945,5.210000038146973,5.260000228881836,5.260000228881836,49800
2012-07-17,5.300000190734863,5.389999866485596,5.159999847412109,5.369999885559082,5.369999885559082,39300
2012-07-18,5.349999904632568,5.400000095367432,5.320000171661377,5.380000114440918,5.380000114440918,30300
2012-07-19,5.349999904632568,5.349999904632568,5.210000038146973,5.239999771118164,5.239999771118164,12800
2012-07-20,5.170000076293945,5.25,5.170000076293945,5.210000038146973,5.210000038146973,33400
2012-07-23,5.150000095367432,5.159999847412109,5.059999942779541,5.079999923706055,5.079999923706055,30600
2012-07-24,5.0,5.019999980926514,4.900000095367432,4.909999847412109,4.909999847412109,31400
2012-07-25,4.949999809265137,4.96999979019165,4.679999828338623,4.809999942779541,4.809999942779541,41700
2012-07-26,4.829999923706055,4.829999923706055,4.699999809265137,4.730000019073486,4.730000019073486,23400
2012-07-27,4.760000228881836,4.840000152587891,4.699999809265137,4.820000171661377,4.820000171661377,35700
2012-07-30,4.840000152587891,4.869999885559082,4.760000228881836,4.809999942779541,4.809999942779541,56000
2012-07-31,4.800000190734863,4.949999809265137,4.800000190734863,4.940000057220459,4.940000057220459,49100
2012-08-01,4.960000038146973,4.960000038146973,4.789999961853027,4.849999904632568,4.849999904632568,49800
2012-08-02,4.800000190734863,4.940000057220459,4.800000190734863,4.880000114440918,4.880000114440918,33600
2012-08-03,4.860000133514404,4.980000019073486,4.840000152587891,4.980000019073486,4.980000019073486,36100
2012-08-06,4.960000038146973,4.989999771118164,4.889999866485596,4.960000038146973,4.960000038146973,58100
2012-08-07,4.989999771118164,5.050000190734863,4.760000228881836,5.050000190734863,5.050000190734863,47900
2012-08-08,5.050000190734863,5.079999923706055,4.989999771118164,5.03000020980835,5.03000020980835,21500
2012-08-09,5.050000190734863,5.070000171661377,4.989999771118164,5.070000171661377,5.070000171661377,23500
2012-08-10,5.079999923706055,5.130000114440918,5.019999980926514,5.070000171661377,5.070000171661377,47900
2012-08-13,5.840000152587891,5.840000152587891,5.559999942779541,5.690000057220459,5.690000057220459,741400
2012-08-14,5.739999771118164,5.789999961853027,5.659999847412109,5.730000019073486,5.730000019073486,174100
2012-08-15,5.699999809265137,5.789999961853027,5.679999828338623,5.699999809265137,5.699999809265137,80600
2012-08-16,5.699999809265137,5.710000038146973,5.650000095367432,5.699999809265137,5.699999809265137,83100
2012-08-17,5.670000076293945,6.050000190734863,5.670000076293945,6.039999961853027,6.039999961853027,149400
2012-08-20,6.079999923706055,6.179999828338623,5.989999771118164,6.070000171661377,6.070000171661377,157700
2012-08-21,6.099999904632568,6.190000057220459,6.010000228881836,6.079999923706055,6.079999923706055,120600
2012-08-22,6.110000133514404,6.170000076293945,6.010000228881836,6.070000171661377,6.070000171661377,124400
2012-08-23,6.059999942779541,6.150000095367432,5.980000019073486,6.019999980926514,6.019999980926514,73800
2012-08-24,6.0,6.130000114440918,6.0,6.099999904632568,6.099999904632568,142900
2012-08-27,6.050000190734863,6.230000019073486,6.010000228881836,6.090000152587891,6.090000152587891,179100
2012-08-28,6.099999904632568,6.300000190734863,6.099999904632568,6.210000038146973,6.210000038146973,57400
2012-08-29,6.210000038146973,6.340000152587891,6.210000038146973,6.340000152587891,6.340000152587891,86200
2012-08-30,6.300000190734863,6.409999847412109,6.300000190734863,6.360000133514404,6.360000133514404,51600
2012-08-31,6.369999885559082,6.440000057220459,6.349999904632568,6.409999847412109,6.409999847412109,63200
2012-09-04,6.429999828338623,6.449999809265137,6.349999904632568,6.420000076293945,6.420000076293945,57800
2012-09-05,6.440000057220459,6.489999771118164,6.380000114440918,6.460000038146973,6.460000038146973,58300
2012-09-06,6.5,6.550000190734863,6.429999828338623,6.53000020980835,6.53000020980835,56600
2012-09-07,6.539999961853027,6.619999885559082,6.489999771118164,6.579999923706055,6.579999923706055,64800
2012-09-10,6.579999923706055,6.579999923706055,6.349999904632568,6.449999809265137,6.449999809265137,50600
2012-09-11,6.440000057220459,6.579999923706055,6.440000057220459,6.519999980926514,6.519999980926514,56300
2012-09-12,6.579999923706055,6.579999923706055,6.440000057220459,6.489999771118164,6.489999771118164,79400
2012-09-13,6.519999980926514,6.550000190734863,6.409999847412109,6.46999979019165,6.46999979019165,52700
2012-09-14,6.5,6.539999961853027,6.449999809265137,6.480000019073486,6.480000019073486,54600
2012-09-17,6.449999809265137,6.449999809265137,6.260000228881836,6.340000152587891,6.340000152587891,43800
2012-09-18,6.300000190734863,6.320000171661377,6.25,6.309999942779541,6.309999942779541,27600
2012-09-19,6.230000019073486,6.28000020980835,6.190000057220459,6.230000019073486,6.230000019073486,51900
2012-09-20,6.190000057220459,6.190000057220459,6.0,6.090000152587891,6.090000152587891,102900
2012-09-21,6.170000076293945,6.170000076293945,6.019999980926514,6.070000171661377,6.070000171661377,107200
2012-09-24,6.039999961853027,6.260000228881836,6.039999961853027,6.110000133514404,6.110000133514404,30400
2012-09-25,6.110000133514404,6.199999809265137,6.0,6.03000020980835,6.03000020980835,70800
2012-09-26,6.03000020980835,6.150000095367432,6.0,6.03000020980835,6.03000020980835,24500
2012-09-27,6.010000228881836,6.03000020980835,5.900000095367432,5.940000057220459,5.940000057220459,63400
2012-09-28,5.909999847412109,6.0,5.900000095367432,5.900000095367432,5.900000095367432,34100
2012-10-01,5.900000095367432,6.059999942779541,5.900000095367432,6.050000190734863,6.050000190734863,45800
2012-10-02,6.079999923706055,6.130000114440918,6.03000020980835,6.110000133514404,6.110000133514404,42200
2012-10-03,6.119999885559082,6.130000114440918,6.010000228881836,6.070000171661377,6.070000171661377,35900
2012-10-04,6.099999904632568,6.159999847412109,5.989999771118164,6.099999904632568,6.099999904632568,26500
2012-10-05,6.090000152587891,6.170000076293945,6.090000152587891,6.130000114440918,6.130000114440918,17300
2012-10-08,6.139999866485596,6.179999828338623,6.03000020980835,6.039999961853027,6.039999961853027,34900
2012-10-09,6.059999942779541,6.130000114440918,5.960000038146973,6.039999961853027,6.039999961853027,36600
2012-10-10,6.03000020980835,6.079999923706055,5.929999828338623,6.079999923706055,6.079999923706055,29400
2012-10-11,6.090000152587891,6.130000114440918,5.900000095367432,6.079999923706055,6.079999923706055,55200
2012-10-12,6.059999942779541,6.099999904632568,6.0,6.079999923706055,6.079999923706055,15300
2012-10-15,6.099999904632568,6.099999904632568,6.0,6.099999904632568,6.099999904632568,21600
2012-10-16,6.019999980926514,6.21999979019165,5.929999828338623,6.199999809265137,6.199999809265137,43800
2012-10-17,6.190000057220459,6.239999771118164,6.179999828338623,6.210000038146973,6.210000038146973,11900
2012-10-18,6.230000019073486,6.239999771118164,6.039999961853027,6.059999942779541,6.059999942779541,29800
2012-10-19,6.019999980926514,6.019999980926514,5.889999866485596,5.940000057220459,5.940000057220459,71300
2012-10-22,5.920000076293945,5.980000019073486,5.679999828338623,5.849999904632568,5.849999904632568,26600
2012-10-23,5.840000152587891,5.880000114440918,5.75,5.789999961853027,5.789999961853027,22600
2012-10-24,5.78000020980835,5.860000133514404,5.760000228881836,5.789999961853027,5.789999961853027,16300
2012-10-25,6.079999923706055,6.090000152587891,5.940000057220459,6.070000171661377,6.070000171661377,13000
2012-10-26,6.050000190734863,6.159999847412109,5.989999771118164,6.099999904632568,6.099999904632568,10700
2012-10-31,6.050000190734863,6.170000076293945,6.0,6.050000190734863,6.050000190734863,35200
2012-11-01,6.050000190734863,6.159999847412109,5.880000114440918,5.96999979019165,5.96999979019165,35200
2012-11-02,6.03000020980835,6.03000020980835,5.789999961853027,5.829999923706055,5.829999923706055,21400
2012-11-05,5.75,6.0,5.75,5.949999809265137,5.949999809265137,22100
2012-11-06,5.980000019073486,5.980000019073486,5.769999980926514,5.949999809265137,5.949999809265137,8800
2012-11-07,5.889999866485596,5.889999866485596,5.75,5.760000228881836,5.760000228881836,36000
2012-11-08,5.75,5.989999771118164,5.599999904632568,5.699999809265137,5.699999809265137,76900
2012-11-09,5.670000076293945,5.829999923706055,5.599999904632568,5.760000228881836,5.760000228881836,20600
2012-11-12,5.789999961853027,5.789999961853027,5.53000020980835,5.590000152587891,5.590000152587891,44300
2012-11-13,5.550000190734863,5.739999771118164,5.550000190734863,5.699999809265137,5.699999809265137,17500
2012-11-14,5.829999923706055,5.829999923706055,5.5,5.519999980926514,5.519999980926514,34400
2012-11-15,5.5,5.659999847412109,5.440000057220459,5.480000019073486,5.480000019073486,73900
2012-11-16,5.449999809265137,5.650000095367432,5.400000095367432,5.619999885559082,5.619999885559082,60800
2012-11-19,5.650000095367432,5.739999771118164,5.650000095367432,5.739999771118164,5.739999771118164,17500
2012-11-20,5.710000038146973,5.760000228881836,5.650000095367432,5.71999979019165,5.71999979019165,25800
2012-11-21,5.739999771118164,5.739999771118164,5.650000095367432,5.670000076293945,5.670000076293945,10400
2012-11-23,5.71999979019165,5.730000019073486,5.650000095367432,5.710000038146973,5.710000038146973,19600
2012-11-26,5.71999979019165,5.769999980926514,5.659999847412109,5.760000228881836,5.760000228881836,26000
2012-11-27,5.769999980926514,5.800000190734863,5.679999828338623,5.699999809265137,5.699999809265137,28900
2012-11-28,5.690000057220459,5.71999979019165,5.679999828338623,5.679999828338623,5.679999828338623,15200
2012-11-29,5.730000019073486,5.730000019073486,5.670000076293945,5.690000057220459,5.690000057220459,34700
2012-11-30,5.710000038146973,5.840000152587891,5.650000095367432,5.690000057220459,5.690000057220459,25200
2012-12-03,5.699999809265137,5.769999980926514,5.699999809265137,5.739999771118164,5.739999771118164,32900
2012-12-04,5.75,5.820000171661377,5.550000190734863,5.710000038146973,5.710000038146973,37800
2012-12-05,5.710000038146973,5.769999980926514,5.619999885559082,5.739999771118164,5.739999771118164,30100
2012-12-06,5.710000038146973,5.75,5.650000095367432,5.670000076293945,5.670000076293945,16000
2012-12-07,5.650000095367432,5.710000038146973,5.630000114440918,5.670000076293945,5.670000076293945,40700
2012-12-10,5.690000057220459,5.690000057220459,5.449999809265137,5.590000152587891,5.590000152587891,31200
2012-12-11,5.539999961853027,5.699999809265137,5.539999961853027,5.690000057220459,5.690000057220459,53500
2012-12-12,5.679999828338623,5.800000190734863,5.659999847412109,5.739999771118164,5.739999771118164,12800
2012-12-13,5.699999809265137,5.829999923706055,5.599999904632568,5.789999961853027,5.789999961853027,24000
2012-12-14,5.760000228881836,5.840000152587891,5.75,5.829999923706055,5.829999923706055,17600
2012-12-17,5.800000190734863,5.960000038146973,5.699999809265137,5.860000133514404,5.860000133514404,67500
2012-12-18,5.980000019073486,6.099999904632568,5.849999904632568,6.070000171661377,6.070000171661377,95600
2012-12-19,6.099999904632568,6.159999847412109,6.03000020980835,6.119999885559082,6.119999885559082,55900
2012-12-20,6.110000133514404,6.159999847412109,6.0,6.150000095367432,6.150000095367432,80400
2012-12-21,6.099999904632568,6.239999771118164,5.980000019073486,6.230000019073486,6.230000019073486,195100
2012-12-24,6.199999809265137,6.230000019073486,6.110000133514404,6.230000019073486,6.230000019073486,34300
2012-12-26,6.230000019073486,6.230000019073486,6.150000095367432,6.190000057220459,6.190000057220459,14200
2012-12-27,6.190000057220459,6.190000057220459,6.010000228881836,6.010000228881836,6.010000228881836,32700
2012-12-28,6.010000228881836,6.070000171661377,5.900000095367432,6.0,6.0,29000
2012-12-31,6.019999980926514,6.139999866485596,5.909999847412109,6.010000228881836,6.010000228881836,76000
2013-01-02,6.119999885559082,6.139999866485596,5.869999885559082,6.039999961853027,6.039999961853027,83600
2013-01-03,6.070000171661377,6.190000057220459,6.050000190734863,6.079999923706055,6.079999923706055,81800
2013-01-04,6.119999885559082,6.119999885559082,6.0,6.070000171661377,6.070000171661377,21100
2013-01-07,6.03000020980835,6.090000152587891,5.96999979019165,6.010000228881836,6.010000228881836,35400
2013-01-08,6.019999980926514,6.079999923706055,5.960000038146973,6.019999980926514,6.019999980926514,19700
2013-01-09,6.050000190734863,6.050000190734863,5.940000057220459,6.010000228881836,6.010000228881836,13700
2013-01-10,6.03000020980835,6.050000190734863,5.920000076293945,6.050000190734863,6.050000190734863,28800
2013-01-11,6.059999942779541,6.150000095367432,5.940000057220459,6.059999942779541,6.059999942779541,41100
2013-01-14,6.03000020980835,6.059999942779541,6.0,6.03000020980835,6.03000020980835,14600
2013-01-15,6.0,6.059999942779541,5.849999904632568,5.989999771118164,5.989999771118164,41000
2013-01-16,6.0,6.039999961853027,5.920000076293945,5.96999979019165,5.96999979019165,14400
2013-01-17,6.0,6.0,5.849999904632568,5.980000019073486,5.980000019073486,36300
2013-01-18,5.960000038146973,6.099999904632568,5.860000133514404,5.949999809265137,5.949999809265137,57400
2013-01-22,5.929999828338623,6.090000152587891,5.900000095367432,5.960000038146973,5.960000038146973,69800
2013-01-23,5.940000057220459,5.980000019073486,5.900000095367432,5.949999809265137,5.949999809265137,38200
2013-01-24,5.940000057220459,5.960000038146973,5.900000095367432,5.949999809265137,5.949999809265137,17600
2013-01-25,5.96999979019165,5.96999979019165,5.860000133514404,5.929999828338623,5.929999828338623,11300
2013-01-28,5.909999847412109,5.949999809265137,5.860000133514404,5.929999828338623,5.929999828338623,23600
2013-01-29,5.909999847412109,5.96999979019165,5.860000133514404,5.940000057220459,5.940000057220459,27100
2013-01-30,5.900000095367432,5.900000095367432,5.789999961853027,5.869999885559082,5.869999885559082,24200
2013-01-31,5.869999885559082,5.949999809265137,5.690000057220459,5.829999923706055,5.829999923706055,67900
2013-02-01,5.849999904632568,6.099999904632568,5.619999885559082,5.929999828338623,5.929999828338623,32700
2013-02-04,5.860000133514404,5.920000076293945,5.699999809265137,5.789999961853027,5.789999961853027,34300
2013-02-05,5.809999942779541,5.849999904632568,5.75,5.849999904632568,5.849999904632568,9500
2013-02-06,5.800000190734863,5.860000133514404,5.75,5.840000152587891,5.840000152587891,32600
2013-02-07,5.820000171661377,5.849999904632568,5.75,5.820000171661377,5.820000171661377,30900
2013-02-08,5.78000020980835,5.889999866485596,5.78000020980835,5.820000171661377,5.820000171661377,16700
2013-02-11,5.75,5.75,5.670000076293945,5.71999979019165,5.71999979019165,47500
2013-02-12,5.699999809265137,5.699999809265137,5.559999942779541,5.590000152587891,5.590000152587891,40300
2013-02-13,5.559999942779541,5.639999866485596,5.489999771118164,5.539999961853027,5.539999961853027,99300
2013-02-14,5.510000228881836,5.71999979019165,5.429999828338623,5.639999866485596,5.639999866485596,27500
2013-02-15,5.670000076293945,5.690000057220459,5.550000190734863,5.659999847412109,5.659999847412109,54200
2013-02-19,5.630000114440918,5.699999809265137,5.630000114440918,5.670000076293945,5.670000076293945,11800
2013-02-20,5.659999847412109,5.730000019073486,5.630000114440918,5.639999866485596,5.639999866485596,48200
2013-02-21,5.630000114440918,5.650000095367432,5.550000190734863,5.599999904632568,5.599999904632568,22300
2013-02-22,5.590000152587891,5.650000095367432,5.590000152587891,5.639999866485596,5.639999866485596,17900
2013-02-25,5.650000095367432,5.690000057220459,5.579999923706055,5.579999923706055,5.579999923706055,35300
2013-02-26,5.610000133514404,5.619999885559082,5.510000228881836,5.53000020980835,5.53000020980835,34700
2013-02-27,5.539999961853027,5.559999942779541,5.480000019073486,5.53000020980835,5.53000020980835,44000
2013-02-28,5.519999980926514,5.570000171661377,5.480000019073486,5.5,5.5,51000
2013-03-01,5.460000038146973,5.670000076293945,5.460000038146973,5.53000020980835,5.53000020980835,178000
2013-03-04,5.46999979019165,5.510000228881836,5.400000095367432,5.420000076293945,5.420000076293945,50100
2013-03-05,5.420000076293945,5.449999809265137,5.389999866485596,5.429999828338623,5.429999828338623,70100
2013-03-06,5.440000057220459,5.53000020980835,5.440000057220459,5.480000019073486,5.480000019073486,39100
2013-03-07,5.460000038146973,5.579999923706055,5.460000038146973,5.550000190734863,5.550000190734863,47200
2013-03-08,5.590000152587891,5.679999828338623,5.5,5.630000114440918,5.630000114440918,83400
2013-03-11,5.599999904632568,5.710000038146973,5.590000152587891,5.610000133514404,5.610000133514404,50100
2013-03-12,5.579999923706055,5.650000095367432,5.519999980926514,5.590000152587891,5.590000152587891,45200
2013-03-13,5.550000190734863,5.590000152587891,5.5,5.559999942779541,5.559999942779541,18000
2013-03-14,5.579999923706055,5.579999923706055,5.5,5.53000020980835,5.53000020980835,33800
2013-03-15,5.539999961853027,5.559999942779541,5.5,5.5,5.5,144400
2013-03-18,5.46999979019165,5.699999809265137,5.46999979019165,5.639999866485596,5.639999866485596,30700
2013-03-19,5.639999866485596,5.670000076293945,5.559999942779541,5.650000095367432,5.650000095367432,24600
2013-03-20,5.619999885559082,5.710000038146973,5.559999942779541,5.630000114440918,5.630000114440918,28400
2013-03-21,5.590000152587891,5.650000095367432,5.53000020980835,5.539999961853027,5.539999961853027,20800
2013-03-22,5.570000171661377,5.610000133514404,5.550000190734863,5.590000152587891,5.590000152587891,11900
2013-03-25,5.619999885559082,5.619999885559082,5.5,5.590000152587891,5.590000152587891,28600
2013-03-26,5.570000171661377,5.690000057220459,5.539999961853027,5.659999847412109,5.659999847412109,67500
2013-03-27,5.510000228881836,5.639999866485596,5.5,5.550000190734863,5.550000190734863,95800
2013-03-28,5.5,5.639999866485596,5.5,5.599999904632568,5.599999904632568,38100
2013-04-01,5.570000171661377,5.650000095367432,5.559999942779541,5.610000133514404,5.610000133514404,39100
2013-04-02,5.590000152587891,5.650000095367432,5.559999942779541,5.619999885559082,5.619999885559082,39100
2013-04-03,5.599999904632568,5.639999866485596,5.519999980926514,5.519999980926514,5.519999980926514,44700
2013-04-04,5.519999980926514,5.570000171661377,5.519999980926514,5.53000020980835,5.53000020980835,16800
2013-04-05,5.5,5.659999847412109,5.5,5.639999866485596,5.639999866485596,41700
2013-04-08,5.670000076293945,5.670000076293945,5.599999904632568,5.639999866485596,5.639999866485596,16300
2013-04-09,5.650000095367432,5.679999828338623,5.619999885559082,5.630000114440918,5.630000114440918,23600
2013-04-10,5.639999866485596,5.679999828338623,5.599999904632568,5.659999847412109,5.659999847412109,45000
2013-04-11,5.630000114440918,5.659999847412109,5.570000171661377,5.639999866485596,5.639999866485596,21900
2013-04-12,5.650000095367432,5.690000057220459,5.619999885559082,5.650000095367432,5.650000095367432,18000
2013-04-15,5.650000095367432,5.650000095367432,5.5,5.5,5.5,43400
2013-04-16,5.539999961853027,5.789999961853027,5.539999961853027,5.75,5.75,35100
2013-04-17,5.710000038146973,5.710000038146973,5.5,5.539999961853027,5.539999961853027,61800
2013-04-18,5.519999980926514,5.619999885559082,5.510000228881836,5.579999923706055,5.579999923706055,26000
2013-04-19,5.559999942779541,5.670000076293945,5.559999942779541,5.659999847412109,5.659999847412109,30800
2013-04-22,5.679999828338623,5.710000038146973,5.570000171661377,5.650000095367432,5.650000095367432,50700
2013-04-23,5.690000057220459,5.699999809265137,5.650000095367432,5.670000076293945,5.670000076293945,25600
2013-04-24,5.650000095367432,5.679999828338623,5.619999885559082,5.639999866485596,5.639999866485596,20100
2013-04-25,5.610000133514404,5.679999828338623,5.539999961853027,5.659999847412109,5.659999847412109,17000
2013-04-26,5.659999847412109,5.679999828338623,5.599999904632568,5.670000076293945,5.670000076293945,18600
2013-04-29,5.670000076293945,5.690000057220459,5.650000095367432,5.679999828338623,5.679999828338623,22200
2013-04-30,5.679999828338623,5.829999923706055,5.670000076293945,5.820000171661377,5.820000171661377,56900
2013-05-01,5.789999961853027,5.880000114440918,5.570000171661377,5.599999904632568,5.599999904632568,67500
2013-05-02,5.619999885559082,5.679999828338623,5.619999885559082,5.650000095367432,5.650000095367432,12100
2013-05-03,5.71999979019165,5.789999961853027,5.670000076293945,5.739999771118164,5.739999771118164,19900
2013-05-06,5.760000228881836,5.889999866485596,5.760000228881836,5.889999866485596,5.889999866485596,18700
2013-05-07,5.889999866485596,5.949999809265137,5.860000133514404,5.929999828338623,5.929999828338623,28900
2013-05-08,5.940000057220459,6.019999980926514,5.909999847412109,6.0,6.0,24900
2013-05-09,6.0,6.010000228881836,5.75,5.989999771118164,5.989999771118164,57700
2013-05-10,6.0,6.070000171661377,5.960000038146973,6.059999942779541,6.059999942779541,14600
2013-05-13,6.059999942779541,6.230000019073486,6.010000228881836,6.059999942779541,6.059999942779541,24600
2013-05-14,6.039999961853027,6.070000171661377,5.980000019073486,6.03000020980835,6.03000020980835,46300
2013-05-15,6.0,6.03000020980835,5.960000038146973,6.019999980926514,6.019999980926514,13500
2013-05-16,6.0,6.03000020980835,5.96999979019165,6.0,6.0,18300
2013-05-17,6.03000020980835,6.079999923706055,5.989999771118164,6.070000171661377,6.070000171661377,27000
2013-05-20,6.039999961853027,6.119999885559082,6.0,6.090000152587891,6.090000152587891,27700
2013-05-21,6.079999923706055,6.110000133514404,5.989999771118164,6.0,6.0,31000
2013-05-22,6.0,6.099999904632568,5.980000019073486,5.989999771118164,5.989999771118164,40300
2013-05-23,5.96999979019165,6.03000020980835,5.96999979019165,6.0,6.0,15300
2013-05-24,5.980000019073486,6.090000152587891,5.980000019073486,6.090000152587891,6.090000152587891,24800
2013-05-28,6.150000095367432,6.179999828338623,6.070000171661377,6.159999847412109,6.159999847412109,40600
2013-05-29,6.110000133514404,6.179999828338623,6.059999942779541,6.150000095367432,6.150000095367432,17800
2013-05-30,6.150000095367432,6.150000095367432,6.039999961853027,6.130000114440918,6.130000114440918,73800
2013-05-31,6.090000152587891,6.110000133514404,5.960000038146973,6.079999923706055,6.079999923706055,34500
2013-06-03,6.090000152587891,6.349999904632568,6.070000171661377,6.309999942779541,6.309999942779541,53500
2013-06-04,6.300000190734863,6.380000114440918,6.199999809265137,6.25,6.25,54800
2013-06-05,6.199999809265137,6.199999809265137,5.949999809265137,5.989999771118164,5.989999771118164,47100
2013-06-06,6.010000228881836,6.150000095367432,5.980000019073486,6.139999866485596,6.139999866485596,40400
2013-06-07,6.190000057220459,6.199999809265137,6.019999980926514,6.190000057220459,6.190000057220459,26100
2013-06-10,6.190000057220459,6.210000038146973,6.139999866485596,6.199999809265137,6.199999809265137,11000
2013-06-11,6.150000095367432,6.150000095367432,6.010000228881836,6.070000171661377,6.070000171661377,24700
2013-06-12,6.059999942779541,6.110000133514404,6.019999980926514,6.110000133514404,6.110000133514404,31500
2013-06-13,6.150000095367432,6.289999961853027,6.150000095367432,6.289999961853027,6.289999961853027,36300
2013-06-14,6.309999942779541,6.309999942779541,6.21999979019165,6.28000020980835,6.28000020980835,21500
2013-06-17,6.309999942779541,6.320000171661377,6.210000038146973,6.320000171661377,6.320000171661377,16400
2013-06-18,6.269999980926514,6.349999904632568,6.159999847412109,6.309999942779541,6.309999942779541,34700
2013-06-19,6.260000228881836,6.300000190734863,6.159999847412109,6.199999809265137,6.199999809265137,38800
2013-06-20,6.139999866485596,6.150000095367432,6.039999961853027,6.059999942779541,6.059999942779541,29400
2013-06-21,6.090000152587891,6.119999885559082,6.039999961853027,6.110000133514404,6.110000133514404,76600
2013-06-24,6.039999961853027,6.070000171661377,5.949999809265137,5.960000038146973,5.960000038146973,41700
2013-06-25,5.980000019073486,6.099999904632568,5.96999979019165,6.059999942779541,6.059999942779541,16100
2013-06-26,6.079999923706055,6.170000076293945,6.03000020980835,6.110000133514404,6.110000133514404,18300
2013-06-27,6.329999923706055,6.329999923706055,6.210000038146973,6.309999942779541,6.309999942779541,32400
2013-06-28,6.309999942779541,6.440000057220459,6.269999980926514,6.360000133514404,6.360000133514404,174800
2013-07-01,6.380000114440918,6.440000057220459,6.25,6.340000152587891,6.340000152587891,42900
2013-07-02,6.320000171661377,6.320000171661377,6.0,6.190000057220459,6.190000057220459,67400
2013-07-03,6.150000095367432,6.230000019073486,6.099999904632568,6.159999847412109,6.159999847412109,22000
2013-07-05,6.239999771118164,6.28000020980835,6.139999866485596,6.179999828338623,6.179999828338623,29600
2013-07-08,6.190000057220459,6.199999809265137,6.119999885559082,6.150000095367432,6.150000095367432,31100
2013-07-09,6.199999809265137,6.199999809265137,6.150000095367432,6.190000057220459,6.190000057220459,24100
2013-07-10,6.170000076293945,6.25,6.170000076293945,6.21999979019165,6.21999979019165,24800
2013-07-11,6.260000228881836,6.260000228881836,6.150000095367432,6.21999979019165,6.21999979019165,22800
2013-07-12,6.190000057220459,6.260000228881836,6.179999828338623,6.230000019073486,6.230000019073486,5000
2013-07-15,6.260000228881836,6.420000076293945,6.260000228881836,6.400000095367432,6.400000095367432,18300
2013-07-16,6.389999866485596,6.449999809265137,6.369999885559082,6.440000057220459,6.440000057220459,24400
2013-07-17,6.489999771118164,6.489999771118164,6.179999828338623,6.429999828338623,6.429999828338623,29800
2013-07-18,6.460000038146973,6.46999979019165,6.400000095367432,6.460000038146973,6.460000038146973,14900
2013-07-19,6.429999828338623,6.489999771118164,6.340000152587891,6.46999979019165,6.46999979019165,61600
2013-07-22,6.46999979019165,6.46999979019165,6.409999847412109,6.429999828338623,6.429999828338623,23700
2013-07-23,6.440000057220459,6.460000038146973,6.349999904632568,6.400000095367432,6.400000095367432,10400
2013-07-24,6.409999847412109,6.449999809265137,6.360000133514404,6.369999885559082,6.369999885559082,20400
2013-07-25,6.400000095367432,6.429999828338623,6.340000152587891,6.420000076293945,6.420000076293945,42600
2013-07-26,6.349999904632568,6.380000114440918,6.309999942779541,6.380000114440918,6.380000114440918,8300
2013-07-29,6.349999904632568,6.349999904632568,6.179999828338623,6.230000019073486,6.230000019073486,29600
2013-07-30,6.260000228881836,6.320000171661377,6.199999809265137,6.289999961853027,6.289999961853027,10400
2013-07-31,6.269999980926514,6.269999980926514,6.199999809265137,6.210000038146973,6.210000038146973,12500
2013-08-01,6.260000228881836,6.320000171661377,6.25,6.320000171661377,6.320000171661377,13100
2013-08-02,6.289999961853027,6.340000152587891,6.25,6.289999961853027,6.289999961853027,16000
2013-08-05,6.300000190734863,6.329999923706055,6.25,6.25,6.25,9900
2013-08-06,6.25,6.28000020980835,6.199999809265137,6.199999809265137,6.199999809265137,13200
2013-08-07,6.199999809265137,6.28000020980835,6.199999809265137,6.25,6.25,21500
2013-08-08,6.269999980926514,6.289999961853027,6.150000095367432,6.230000019073486,6.230000019073486,20800
2013-08-09,6.269999980926514,6.28000020980835,6.230000019073486,6.230000019073486,6.230000019073486,4400
2013-08-12,6.230000019073486,6.289999961853027,6.230000019073486,6.269999980926514,6.269999980926514,7500
2013-08-13,6.289999961853027,6.289999961853027,6.260000228881836,6.28000020980835,6.28000020980835,7300
2013-08-14,6.300000190734863,6.480000019073486,6.300000190734863,6.369999885559082,6.369999885559082,65600
2013-08-15,6.320000171661377,6.369999885559082,6.260000228881836,6.260000228881836,6.260000228881836,17000
2013-08-16,6.25,6.300000190734863,6.21999979019165,6.21999979019165,6.21999979019165,13100
2013-08-19,6.260000228881836,6.269999980926514,6.21999979019165,6.21999979019165,6.21999979019165,21400
2013-08-20,6.239999771118164,6.329999923706055,6.199999809265137,6.239999771118164,6.239999771118164,25300
2013-08-21,6.199999809265137,6.260000228881836,6.199999809265137,6.21999979019165,6.21999979019165,12000
2013-08-22,6.320000171661377,6.329999923706055,6.289999961853027,6.329999923706055,6.329999923706055,6600
2013-08-23,6.320000171661377,6.340000152587891,6.199999809265137,6.320000171661377,6.320000171661377,21400
2013-08-26,6.340000152587891,6.369999885559082,6.25,6.349999904632568,6.349999904632568,31700
2013-08-27,6.260000228881836,6.360000133514404,6.230000019073486,6.260000228881836,6.260000228881836,28200
2013-08-28,6.25,6.289999961853027,6.239999771118164,6.25,6.25,11500
2013-08-29,6.25,6.289999961853027,6.239999771118164,6.28000020980835,6.28000020980835,23100
2013-08-30,6.260000228881836,6.260000228881836,6.179999828338623,6.239999771118164,6.239999771118164,38500
2013-09-03,6.300000190734863,6.300000190734863,6.179999828338623,6.21999979019165,6.21999979019165,21500
2013-09-04,6.269999980926514,6.269999980926514,6.210000038146973,6.230000019073486,6.230000019073486,13400
2013-09-05,6.25,6.269999980926514,6.230000019073486,6.239999771118164,6.239999771118164,7400
2013-09-06,6.260000228881836,6.260000228881836,6.159999847412109,6.25,6.25,25000
2013-09-09,6.230000019073486,6.320000171661377,6.230000019073486,6.320000171661377,6.320000171661377,14900
2013-09-10,6.320000171661377,6.420000076293945,6.320000171661377,6.409999847412109,6.409999847412109,33600
2013-09-11,6.409999847412109,6.409999847412109,6.369999885559082,6.369999885559082,6.369999885559082,9100
2013-09-12,6.349999904632568,6.389999866485596,6.349999904632568,6.389999866485596,6.389999866485596,7900
2013-09-13,6.409999847412109,6.409999847412109,6.300000190734863,6.400000095367432,6.400000095367432,6200
2013-09-16,6.449999809265137,6.460000038146973,6.369999885559082,6.420000076293945,6.420000076293945,23700
2013-09-17,6.420000076293945,6.46999979019165,6.369999885559082,6.46999979019165,6.46999979019165,33300
2013-09-18,6.489999771118164,6.489999771118164,6.300000190734863,6.46999979019165,6.46999979019165,42500
2013-09-19,6.480000019073486,6.5,6.429999828338623,6.5,6.5,23700
2013-09-20,6.5,6.5,6.409999847412109,6.46999979019165,6.46999979019165,36400
2013-09-23,6.420000076293945,6.510000228881836,6.369999885559082,6.510000228881836,6.510000228881836,18900
2013-09-24,6.510000228881836,6.539999961853027,6.510000228881836,6.53000020980835,6.53000020980835,18300
2013-09-25,6.489999771118164,6.550000190734863,6.480000019073486,6.53000020980835,6.53000020980835,11600
2013-09-26,6.510000228881836,6.579999923706055,6.480000019073486,6.579999923706055,6.579999923706055,10100
2013-09-27,6.519999980926514,6.570000171661377,6.5,6.510000228881836,6.510000228881836,14500
2013-09-30,6.460000038146973,6.570000171661377,6.460000038146973,6.570000171661377,6.570000171661377,14700
2013-10-01,6.550000190734863,6.579999923706055,6.449999809265137,6.570000171661377,6.570000171661377,17400
2013-10-02,6.550000190734863,6.639999866485596,6.460000038146973,6.53000020980835,6.53000020980835,48800
2013-10-03,6.539999961853027,6.539999961853027,6.170000076293945,6.199999809265137,6.199999809265137,82900
2013-10-04,6.170000076293945,6.28000020980835,6.099999904632568,6.230000019073486,6.230000019073486,58100
2013-10-07,6.159999847412109,6.28000020980835,6.110000133514404,6.150000095367432,6.150000095367432,36500
2013-10-08,6.190000057220459,6.190000057220459,6.079999923706055,6.150000095367432,6.150000095367432,29600
2013-10-09,6.190000057220459,6.320000171661377,6.090000152587891,6.25,6.25,42600
2013-10-10,6.320000171661377,6.340000152587891,6.28000020980835,6.340000152587891,6.340000152587891,24400
2013-10-11,6.309999942779541,6.409999847412109,6.309999942779541,6.409999847412109,6.409999847412109,18800
2013-10-14,6.400000095367432,6.5,6.400000095367432,6.489999771118164,6.489999771118164,24100
2013-10-15,6.489999771118164,6.5,6.480000019073486,6.489999771118164,6.489999771118164,10900
2013-10-16,6.510000228881836,6.519999980926514,6.460000038146973,6.519999980926514,6.519999980926514,22500
2013-10-17,6.510000228881836,6.630000114440918,6.480000019073486,6.599999904632568,6.599999904632568,55800
2013-10-18,6.639999866485596,6.650000095367432,6.590000152587891,6.639999866485596,6.639999866485596,29400
2013-10-21,6.619999885559082,6.739999771118164,6.559999942779541,6.570000171661377,6.570000171661377,51900
2013-10-22,6.630000114440918,6.789999961853027,6.579999923706055,6.789999961853027,6.789999961853027,75600
2013-10-23,6.730000019073486,6.869999885559082,6.630000114440918,6.840000152587891,6.840000152587891,54300
2013-10-24,6.860000133514404,6.929999828338623,6.800000190734863,6.809999942779541,6.809999942779541,17800
2013-10-25,6.849999904632568,6.849999904632568,6.760000228881836,6.760000228881836,6.760000228881836,26400
2013-10-28,6.78000020980835,6.820000171661377,6.710000038146973,6.760000228881836,6.760000228881836,44200
2013-10-29,6.789999961853027,6.800000190734863,6.760000228881836,6.78000020980835,6.78000020980835,21100
2013-10-30,6.789999961853027,6.800000190734863,6.599999904632568,6.71999979019165,6.71999979019165,25000
2013-10-31,6.599999904632568,6.739999771118164,6.599999904632568,6.619999885559082,6.619999885559082,18700
2013-11-01,6.590000152587891,6.690000057220459,6.579999923706055,6.610000133514404,6.610000133514404,58800
2013-11-04,6.630000114440918,6.630000114440918,6.53000020980835,6.570000171661377,6.570000171661377,59400
2013-11-05,6.519999980926514,6.579999923706055,6.389999866485596,6.510000228881836,6.510000228881836,94500
2013-11-06,6.53000020980835,6.670000076293945,6.449999809265137,6.46999979019165,6.46999979019165,55400
2013-11-07,6.480000019073486,6.610000133514404,6.340000152587891,6.53000020980835,6.53000020980835,61900
2013-11-08,6.519999980926514,6.639999866485596,6.480000019073486,6.599999904632568,6.599999904632568,38000
2013-11-11,6.610000133514404,6.619999885559082,6.519999980926514,6.519999980926514,6.519999980926514,5600
2013-11-12,6.519999980926514,6.690000057220459,6.519999980926514,6.679999828338623,6.679999828338623,22100
2013-11-13,6.610000133514404,6.690000057220459,6.590000152587891,6.679999828338623,6.679999828338623,15600
2013-11-14,6.690000057220459,6.690000057220459,6.570000171661377,6.579999923706055,6.579999923706055,33100
2013-11-15,6.570000171661377,6.670000076293945,6.53000020980835,6.650000095367432,6.650000095367432,18000
2013-11-18,6.650000095367432,6.78000020980835,6.550000190734863,6.670000076293945,6.670000076293945,10600
2013-11-19,6.710000038146973,6.78000020980835,6.619999885559082,6.769999980926514,6.769999980926514,17600
2013-11-20,6.78000020980835,6.869999885559082,6.710000038146973,6.739999771118164,6.739999771118164,31400
2013-11-21,6.789999961853027,7.0,6.789999961853027,6.989999771118164,6.989999771118164,42000
2013-11-22,6.989999771118164,7.119999885559082,6.940000057220459,7.099999904632568,7.099999904632568,42600
2013-11-25,7.050000190734863,7.300000190734863,7.050000190734863,7.170000076293945,7.170000076293945,33200
2013-11-26,7.21999979019165,7.260000228881836,7.110000133514404,7.25,7.25,13700
2013-11-27,7.190000057220459,7.260000228881836,7.150000095367432,7.25,7.25,27400
2013-11-29,7.309999942779541,7.309999942779541,7.21999979019165,7.289999961853027,7.289999961853027,26100
2013-12-02,7.260000228881836,7.289999961853027,7.190000057220459,7.260000228881836,7.260000228881836,33100
2013-12-03,7.230000019073486,7.340000152587891,7.21999979019165,7.300000190734863,7.300000190734863,43400
2013-12-04,7.320000171661377,7.380000114440918,7.21999979019165,7.329999923706055,7.329999923706055,68600
2013-12-05,7.360000133514404,7.360000133514404,7.25,7.289999961853027,7.289999961853027,16900
2013-12-06,7.340000152587891,7.369999885559082,7.21999979019165,7.349999904632568,7.349999904632568,26300
2013-12-09,7.340000152587891,7.369999885559082,7.260000228881836,7.340000152587891,7.340000152587891,36300
2013-12-10,7.309999942779541,7.369999885559082,7.199999809265137,7.340000152587891,7.340000152587891,26600
2013-12-11,7.300000190734863,7.389999866485596,7.300000190734863,7.369999885559082,7.369999885559082,21200
2013-12-12,7.420000076293945,7.420000076293945,7.329999923706055,7.400000095367432,7.400000095367432,24700
2013-12-13,7.389999866485596,7.429999828338623,7.320000171661377,7.369999885559082,7.369999885559082,35200
2013-12-16,7.420000076293945,7.449999809265137,7.380000114440918,7.409999847412109,7.409999847412109,18400
2013-12-17,7.420000076293945,7.429999828338623,7.289999961853027,7.349999904632568,7.349999904632568,15300
2013-12-18,7.360000133514404,7.420000076293945,7.329999923706055,7.389999866485596,7.389999866485596,24700
2013-12-19,7.349999904632568,7.46999979019165,7.340000152587891,7.349999904632568,7.349999904632568,16000
2013-12-20,7.380000114440918,7.46999979019165,7.329999923706055,7.449999809265137,7.449999809265137,90700
2013-12-23,7.400000095367432,7.460000038146973,7.380000114440918,7.460000038146973,7.460000038146973,45100
2013-12-24,7.46999979019165,7.46999979019165,7.440000057220459,7.46999979019165,7.46999979019165,11100
2013-12-26,7.639999866485596,7.639999866485596,7.440000057220459,7.46999979019165,7.46999979019165,16300
2013-12-27,7.5,7.5,7.380000114440918,7.489999771118164,7.489999771118164,9500
2013-12-30,7.460000038146973,7.5,7.389999866485596,7.460000038146973,7.460000038146973,17800
2013-12-31,7.489999771118164,7.510000228881836,7.420000076293945,7.489999771118164,7.489999771118164,24700
2014-01-02,7.539999961853027,7.550000190734863,7.389999866485596,7.429999828338623,7.429999828338623,18800
2014-01-03,7.420000076293945,7.590000152587891,7.420000076293945,7.519999980926514,7.519999980926514,18600
2014-01-06,7.53000020980835,7.630000114440918,7.380000114440918,7.480000019073486,7.480000019073486,44700
2014-01-07,7.480000019073486,7.590000152587891,7.449999809265137,7.510000228881836,7.510000228881836,12600
2014-01-08,7.5,7.5,7.349999904632568,7.449999809265137,7.449999809265137,26700
2014-01-09,7.489999771118164,7.5,7.320000171661377,7.389999866485596,7.389999866485596,21900
2014-01-10,7.409999847412109,7.440000057220459,7.28000020980835,7.400000095367432,7.400000095367432,19800
2014-01-13,7.360000133514404,7.619999885559082,7.340000152587891,7.360000133514404,7.360000133514404,29500
2014-01-14,7.389999866485596,7.429999828338623,7.369999885559082,7.400000095367432,7.400000095367432,14700
2014-01-15,7.389999866485596,7.630000114440918,7.369999885559082,7.489999771118164,7.489999771118164,26700
2014-01-16,7.579999923706055,7.579999923706055,7.409999847412109,7.5,7.5,6300
2014-01-17,7.5,7.630000114440918,7.5,7.53000020980835,7.53000020980835,15500
2014-01-21,7.610000133514404,7.610000133514404,7.480000019073486,7.559999942779541,7.559999942779541,16100
2014-01-22,7.599999904632568,7.619999885559082,7.46999979019165,7.570000171661377,7.570000171661377,22600
2014-01-23,7.590000152587891,7.610000133514404,7.46999979019165,7.519999980926514,7.519999980926514,17100
2014-01-24,7.46999979019165,7.579999923706055,7.46999979019165,7.550000190734863,7.550000190734863,27000
2014-01-27,7.539999961853027,7.550000190734863,7.480000019073486,7.5,7.5,59300
2014-01-28,7.5,7.550000190734863,7.460000038146973,7.480000019073486,7.480000019073486,26700
2014-01-29,7.420000076293945,7.519999980926514,7.420000076293945,7.46999979019165,7.46999979019165,24100
2014-01-30,7.519999980926514,7.610000133514404,7.460000038146973,7.480000019073486,7.480000019073486,24500
2014-01-31,7.369999885559082,7.590000152587891,7.369999885559082,7.440000057220459,7.440000057220459,29100
2014-02-03,7.409999847412109,7.409999847412109,7.25,7.289999961853027,7.289999961853027,51300
2014-02-04,7.349999904632568,7.449999809265137,7.28000020980835,7.340000152587891,7.340000152587891,25200
2014-02-05,7.300000190734863,7.380000114440918,7.28000020980835,7.300000190734863,7.300000190734863,25400
2014-02-06,7.340000152587891,7.340000152587891,7.179999828338623,7.260000228881836,7.260000228881836,59100
2014-02-07,7.25,7.300000190734863,7.179999828338623,7.269999980926514,7.269999980926514,50800
2014-02-10,7.25,7.340000152587891,7.139999866485596,7.21999979019165,7.21999979019165,72700
2014-02-11,7.300000190734863,7.360000133514404,7.230000019073486,7.349999904632568,7.349999904632568,12900
2014-02-12,7.369999885559082,7.380000114440918,7.289999961853027,7.380000114440918,7.380000114440918,19300
2014-02-13,7.369999885559082,7.440000057220459,7.25,7.309999942779541,7.309999942779541,27200
2014-02-14,7.329999923706055,7.400000095367432,7.25,7.320000171661377,7.320000171661377,10500
2014-02-18,7.199999809265137,7.369999885559082,7.179999828338623,7.340000152587891,7.340000152587891,39200
2014-02-19,7.289999961853027,7.420000076293945,7.210000038146973,7.25,7.25,36700
2014-02-20,7.329999923706055,7.440000057220459,7.300000190734863,7.400000095367432,7.400000095367432,21800
2014-02-21,7.440000057220459,7.440000057220459,7.360000133514404,7.440000057220459,7.440000057220459,56900
2014-02-24,7.480000019073486,7.480000019073486,7.400000095367432,7.409999847412109,7.409999847412109,28700
2014-02-25,7.369999885559082,7.480000019073486,7.199999809265137,7.300000190734863,7.300000190734863,73100
2014-02-26,7.300000190734863,7.300000190734863,7.139999866485596,7.150000095367432,7.150000095367432,109800
2014-02-27,7.110000133514404,7.46999979019165,7.110000133514404,7.46999979019165,7.46999979019165,157800
2014-02-28,7.480000019073486,7.480000019073486,7.349999904632568,7.420000076293945,7.420000076293945,55200
2014-03-03,7.420000076293945,7.460000038146973,7.329999923706055,7.409999847412109,7.409999847412109,25100
2014-03-04,7.489999771118164,7.539999961853027,7.420000076293945,7.510000228881836,7.510000228881836,80400
2014-03-05,7.480000019073486,7.539999961853027,7.449999809265137,7.53000020980835,7.53000020980835,15200
2014-03-06,7.579999923706055,7.599999904632568,7.510000228881836,7.539999961853027,7.539999961853027,26900
2014-03-07,7.559999942779541,7.599999904632568,7.550000190734863,7.599999904632568,7.599999904632568,24200
2014-03-10,7.550000190734863,7.579999923706055,7.409999847412109,7.53000020980835,7.53000020980835,26500
2014-03-11,7.550000190734863,7.559999942779541,7.369999885559082,7.53000020980835,7.53000020980835,63600
2014-03-12,7.489999771118164,7.599999904632568,7.449999809265137,7.489999771118164,7.489999771118164,29200
2014-03-13,7.389999866485596,7.539999961853027,7.360000133514404,7.400000095367432,7.400000095367432,25700
2014-03-14,7.369999885559082,7.46999979019165,7.360000133514404,7.449999809265137,7.449999809265137,35100
2014-03-17,7.46999979019165,7.579999923706055,7.460000038146973,7.539999961853027,7.539999961853027,18200
2014-03-18,7.539999961853027,7.539999961853027,7.510000228881836,7.539999961853027,7.539999961853027,16900
2014-03-19,7.519999980926514,7.579999923706055,7.489999771118164,7.559999942779541,7.559999942779541,25100
2014-03-20,7.519999980926514,7.579999923706055,7.510000228881836,7.570000171661377,7.570000171661377,32500
2014-03-21,7.579999923706055,7.579999923706055,7.389999866485596,7.449999809265137,7.449999809265137,138700
2014-03-24,7.429999828338623,7.5,7.429999828338623,7.46999979019165,7.46999979019165,24500
2014-03-25,7.5,7.5,7.449999809265137,7.460000038146973,7.460000038146973,13700
2014-03-26,7.489999771118164,7.489999771118164,7.429999828338623,7.429999828338623,7.429999828338623,26700
2014-03-27,7.429999828338623,7.480000019073486,7.309999942779541,7.360000133514404,7.360000133514404,24900
2014-03-28,7.340000152587891,7.429999828338623,7.320000171661377,7.380000114440918,7.380000114440918,17700
2014-03-31,7.489999771118164,7.510000228881836,7.269999980926514,7.329999923706055,7.329999923706055,50800
2014-04-01,7.360000133514404,7.519999980926514,7.360000133514404,7.5,7.5,23300
2014-04-02,7.449999809265137,7.510000228881836,7.360000133514404,7.489999771118164,7.489999771118164,21100
2014-04-03,7.460000038146973,7.5,7.369999885559082,7.5,7.5,18800
2014-04-04,7.5,7.579999923706055,7.28000020980835,7.369999885559082,7.369999885559082,34300
2014-04-07,7.340000152587891,7.340000152587891,7.099999904632568,7.260000228881836,7.260000228881836,36000
2014-04-08,7.289999961853027,7.369999885559082,7.230000019073486,7.340000152587891,7.340000152587891,24900
2014-04-09,7.369999885559082,7.480000019073486,7.269999980926514,7.460000038146973,7.460000038146973,43700
2014-04-10,7.409999847412109,7.5,7.239999771118164,7.260000228881836,7.260000228881836,49400
2014-04-11,7.190000057220459,7.329999923706055,7.190000057220459,7.260000228881836,7.260000228881836,28900
2014-04-14,7.329999923706055,7.369999885559082,7.199999809265137,7.260000228881836,7.260000228881836,40500
2014-04-15,7.289999961853027,7.289999961853027,7.119999885559082,7.230000019073486,7.230000019073486,31100
2014-04-16,7.289999961853027,7.289999961853027,7.159999847412109,7.21999979019165,7.21999979019165,10800
2014-04-17,7.199999809265137,7.389999866485596,7.070000171661377,7.309999942779541,7.309999942779541,16800
2014-04-21,7.260000228881836,7.28000020980835,7.159999847412109,7.199999809265137,7.199999809265137,23700
2014-04-22,7.199999809265137,7.300000190734863,7.139999866485596,7.210000038146973,7.210000038146973,35500
2014-04-23,7.170000076293945,7.269999980926514,7.090000152587891,7.150000095367432,7.150000095367432,54400
2014-04-24,7.179999828338623,7.21999979019165,7.119999885559082,7.199999809265137,7.199999809265137,43000
2014-04-25,7.150000095367432,7.28000020980835,7.099999904632568,7.099999904632568,7.099999904632568,30800
2014-04-28,7.099999904632568,7.150000095367432,7.070000171661377,7.110000133514404,7.110000133514404,23700
2014-04-29,7.150000095367432,7.150000095367432,7.059999942779541,7.090000152587891,7.090000152587891,33100
2014-04-30,7.079999923706055,7.110000133514404,7.010000228881836,7.079999923706055,7.079999923706055,53000
2014-05-01,7.050000190734863,7.110000133514404,7.010000228881836,7.090000152587891,7.090000152587891,66200
2014-05-02,7.079999923706055,7.119999885559082,7.03000020980835,7.110000133514404,7.110000133514404,25100
2014-05-05,7.03000020980835,7.179999828338623,7.03000020980835,7.050000190734863,7.050000190734863,36500
2014-05-06,7.039999961853027,7.099999904632568,7.0,7.03000020980835,7.03000020980835,64700
2014-05-07,7.03000020980835,7.050000190734863,6.949999809265137,7.010000228881836,7.010000228881836,33200
2014-05-08,6.860000133514404,7.03000020980835,6.860000133514404,6.960000038146973,6.960000038146973,24600
2014-05-09,6.909999847412109,7.050000190734863,6.860000133514404,6.989999771118164,6.989999771118164,60200
2014-05-12,7.010000228881836,7.400000095367432,7.010000228881836,7.369999885559082,7.369999885559082,112600
2014-05-13,7.340000152587891,7.400000095367432,7.329999923706055,7.360000133514404,7.360000133514404,106200
2014-05-14,7.320000171661377,7.880000114440918,7.320000171661377,7.539999961853027,7.539999961853027,227600
2014-05-15,7.579999923706055,7.739999771118164,7.539999961853027,7.730000019073486,7.730000019073486,132200
2014-05-16,7.710000038146973,8.15999984741211,7.690000057220459,8.149999618530273,8.149999618530273,200500
2014-05-19,8.149999618530273,8.390000343322754,8.149999618530273,8.350000381469727,8.350000381469727,105700
2014-05-20,8.319999694824219,8.40999984741211,8.199999809265137,8.229999542236328,8.229999542236328,166000
2014-05-21,8.25,8.25,8.140000343322754,8.180000305175781,8.180000305175781,61000
2014-05-22,8.220000267028809,8.460000038146973,8.1899995803833,8.40999984741211,8.40999984741211,161100
2014-05-23,8.449999809265137,8.5,8.399999618530273,8.5,8.5,106300
2014-05-27,8.5,8.710000038146973,8.5,8.680000305175781,8.680000305175781,163400
2014-05-28,8.699999809265137,8.739999771118164,8.649999618530273,8.699999809265137,8.699999809265137,46800
2014-05-29,8.699999809265137,8.829999923706055,8.699999809265137,8.800000190734863,8.800000190734863,64900
2014-05-30,8.829999923706055,8.859999656677246,8.760000228881836,8.8100004196167,8.8100004196167,77400
2014-06-02,8.850000381469727,8.850000381469727,8.569999694824219,8.600000381469727,8.600000381469727,53500
2014-06-03,8.550000190734863,8.670000076293945,8.4399995803833,8.5,8.5,78000
2014-06-04,8.489999771118164,8.640000343322754,8.40999984741211,8.5600004196167,8.5600004196167,61200
2014-06-05,8.550000190734863,8.869999885559082,8.489999771118164,8.850000381469727,8.850000381469727,103900
2014-06-06,8.899999618530273,8.970000267028809,8.40999984741211,8.920000076293945,8.920000076293945,93300
2014-06-09,8.890000343322754,8.930000305175781,8.8100004196167,8.899999618530273,8.899999618530273,47600
2014-06-10,8.869999885559082,8.90999984741211,8.869999885559082,8.890000343322754,8.890000343322754,17800
2014-06-11,8.850000381469727,8.880000114440918,8.649999618530273,8.760000228881836,8.760000228881836,30100
2014-06-12,8.710000038146973,8.75,8.569999694824219,8.630000114440918,8.630000114440918,24200
2014-06-13,8.649999618530273,8.65999984741211,8.529999732971191,8.59000015258789,8.59000015258789,18900
2014-06-16,8.59000015258789,8.720000267028809,8.40999984741211,8.470000267028809,8.470000267028809,36400
2014-06-17,8.430000305175781,8.640000343322754,8.369999885559082,8.569999694824219,8.569999694824219,28400
2014-06-18,8.520000457763672,8.579999923706055,8.40999984741211,8.5600004196167,8.5600004196167,28300
2014-06-19,8.579999923706055,8.579999923706055,8.420000076293945,8.460000038146973,8.460000038146973,37600
2014-06-20,8.520000457763672,8.720000267028809,8.460000038146973,8.609999656677246,8.609999656677246,157600
2014-06-23,8.649999618530273,8.649999618530273,8.40999984741211,8.470000267028809,8.470000267028809,77700
2014-06-24,8.470000267028809,8.550000190734863,8.40999984741211,8.420000076293945,8.420000076293945,38500
2014-06-25,8.369999885559082,8.510000228881836,8.369999885559082,8.479999542236328,8.479999542236328,23800
2014-06-26,8.5,8.5600004196167,8.380000114440918,8.470000267028809,8.470000267028809,25700
2014-06-27,8.420000076293945,8.699999809265137,8.319999694824219,8.640000343322754,8.640000343322754,253500
2014-06-30,8.600000381469727,8.640000343322754,8.510000228881836,8.529999732971191,8.529999732971191,89000
2014-07-01,8.550000190734863,8.699999809265137,8.420000076293945,8.479999542236328,8.479999542236328,81000
2014-07-02,8.489999771118164,8.5,8.300000190734863,8.350000381469727,8.350000381469727,125100
2014-07-03,8.359999656677246,8.399999618530273,8.25,8.319999694824219,8.319999694824219,27800
2014-07-07,8.279999732971191,8.399999618530273,8.229999542236328,8.279999732971191,8.279999732971191,40000
2014-07-08,8.270000457763672,8.380000114440918,8.220000267028809,8.319999694824219,8.319999694824219,45500
2014-07-09,8.34000015258789,8.4399995803833,8.289999961853027,8.34000015258789,8.34000015258789,28400
2014-07-10,8.239999771118164,8.319999694824219,8.199999809265137,8.25,8.25,62700
2014-07-11,8.210000038146973,8.270000457763672,8.1899995803833,8.25,8.25,19500
2014-07-14,8.300000190734863,8.40999984741211,8.239999771118164,8.289999961853027,8.289999961853027,26200
2014-07-15,8.239999771118164,8.319999694824219,8.130000114440918,8.15999984741211,8.15999984741211,45100
2014-07-16,8.1899995803833,8.270000457763672,8.130000114440918,8.140000343322754,8.140000343322754,39200
2014-07-17,8.119999885559082,8.220000267028809,8.09000015258789,8.140000343322754,8.140000343322754,57300
2014-07-18,8.100000381469727,8.1899995803833,8.09000015258789,8.119999885559082,8.119999885559082,68500
2014-07-21,8.050000190734863,8.069999694824219,7.929999828338623,8.0,8.0,141400
2014-07-22,8.050000190734863,8.289999961853027,8.050000190734863,8.1899995803833,8.1899995803833,68300
2014-07-23,8.1899995803833,8.229999542236328,8.15999984741211,8.199999809265137,8.199999809265137,41300
2014-07-24,8.319999694824219,8.350000381469727,8.130000114440918,8.170000076293945,8.170000076293945,37800
2014-07-25,8.109999656677246,8.180000305175781,8.029999732971191,8.109999656677246,8.109999656677246,30600
2014-07-28,8.140000343322754,8.199999809265137,8.010000228881836,8.140000343322754,8.140000343322754,16300
2014-07-29,8.180000305175781,8.229999542236328,8.079999923706055,8.109999656677246,8.109999656677246,13600
2014-07-30,8.170000076293945,8.210000038146973,8.109999656677246,8.199999809265137,8.199999809265137,15000
2014-07-31,8.119999885559082,8.15999984741211,8.010000228881836,8.029999732971191,8.029999732971191,31000
2014-08-01,8.069999694824219,8.100000381469727,8.0,8.020000457763672,8.020000457763672,35700
2014-08-04,8.010000228881836,8.239999771118164,7.96999979019165,8.079999923706055,8.079999923706055,26000
2014-08-05,8.069999694824219,8.079999923706055,8.0,8.050000190734863,8.050000190734863,25100
2014-08-06,7.989999771118164,8.550000190734863,7.989999771118164,8.5,8.5,132400
2014-08-07,8.470000267028809,8.75,8.15999984741211,8.170000076293945,8.170000076293945,51500
2014-08-08,8.140000343322754,8.470000267028809,8.130000114440918,8.430000305175781,8.430000305175781,34100
2014-08-11,8.5,8.710000038146973,8.5,8.619999885559082,8.619999885559082,47100
2014-08-12,8.5600004196167,8.609999656677246,8.420000076293945,8.479999542236328,8.479999542236328,39600
2014-08-13,8.470000267028809,8.479999542236328,8.420000076293945,8.449999809265137,8.449999809265137,20100
2014-08-14,8.420000076293945,8.4399995803833,8.319999694824219,8.369999885559082,8.369999885559082,36000
2014-08-15,8.470000267028809,8.470000267028809,8.25,8.329999923706055,8.329999923706055,30100
2014-08-18,8.350000381469727,8.399999618530273,8.25,8.399999618530273,8.399999618530273,19600
2014-08-19,8.380000114440918,8.9399995803833,8.359999656677246,8.84000015258789,8.84000015258789,210900
2014-08-20,8.84000015258789,8.899999618530273,8.720000267028809,8.720000267028809,8.720000267028809,81600
2014-08-21,8.710000038146973,8.770000457763672,8.670000076293945,8.710000038146973,8.710000038146973,37400
2014-08-22,8.710000038146973,8.710000038146973,8.520000457763672,8.529999732971191,8.529999732971191,39700
2014-08-25,8.600000381469727,8.649999618530273,8.529999732971191,8.569999694824219,8.569999694824219,25000
2014-08-26,8.569999694824219,8.699999809265137,8.529999732971191,8.6899995803833,8.6899995803833,42500
2014-08-27,8.600000381469727,8.609999656677246,8.5,8.5600004196167,8.5600004196167,43200
2014-08-28,8.670000076293945,8.670000076293945,8.5,8.520000457763672,8.520000457763672,24800
2014-08-29,8.569999694824219,8.6899995803833,8.5600004196167,8.640000343322754,8.640000343322754,11700
2014-09-02,8.600000381469727,8.6899995803833,8.5,8.630000114440918,8.630000114440918,57300
2014-09-03,8.65999984741211,8.720000267028809,8.5,8.5600004196167,8.5600004196167,23900
2014-09-04,8.520000457763672,8.649999618530273,8.520000457763672,8.529999732971191,8.529999732971191,14000
2014-09-05,8.510000228881836,8.75,8.510000228881836,8.539999961853027,8.539999961853027,27800
2014-09-08,8.5600004196167,8.680000305175781,8.550000190734863,8.600000381469727,8.600000381469727,15300
2014-09-09,8.550000190734863,8.729999542236328,8.369999885559082,8.380000114440918,8.380000114440918,75000
2014-09-10,8.390000343322754,8.449999809265137,8.319999694824219,8.420000076293945,8.420000076293945,29200
2014-09-11,8.369999885559082,8.460000038146973,8.34000015258789,8.449999809265137,8.449999809265137,23800
2014-09-12,8.420000076293945,8.449999809265137,8.279999732971191,8.300000190734863,8.300000190734863,50400
2014-09-15,8.319999694824219,8.470000267028809,7.980000019073486,8.430000305175781,8.430000305175781,91600
2014-09-16,8.4399995803833,8.800000190734863,8.399999618530273,8.739999771118164,8.739999771118164,65900
2014-09-17,8.789999961853027,8.850000381469727,8.640000343322754,8.760000228881836,8.760000228881836,22600
2014-09-18,8.829999923706055,8.850000381469727,8.699999809265137,8.729999542236328,8.729999542236328,40300
2014-09-19,8.720000267028809,8.720000267028809,8.40999984741211,8.4399995803833,8.4399995803833,54600
2014-09-22,8.489999771118164,8.630000114440918,8.460000038146973,8.5,8.5,41700
2014-09-23,8.5,8.640000343322754,8.479999542236328,8.600000381469727,8.600000381469727,52800
2014-09-24,8.649999618530273,8.670000076293945,8.59000015258789,8.670000076293945,8.670000076293945,51000
2014-09-25,8.670000076293945,8.699999809265137,8.550000190734863,8.579999923706055,8.579999923706055,24400
2014-09-26,8.579999923706055,8.649999618530273,8.520000457763672,8.59000015258789,8.59000015258789,13700
2014-09-29,8.539999961853027,8.600000381469727,8.5,8.529999732971191,8.529999732971191,28300
2014-09-30,8.5,8.539999961853027,8.380000114440918,8.399999618530273,8.399999618530273,70900
2014-10-01,8.350000381469727,8.420000076293945,8.270000457763672,8.3100004196167,8.3100004196167,41600
2014-10-02,8.3100004196167,8.479999542236328,7.820000171661377,8.420000076293945,8.420000076293945,19300
2014-10-03,8.529999732971191,8.5600004196167,8.319999694824219,8.430000305175781,8.430000305175781,21900
2014-10-06,8.420000076293945,8.470000267028809,8.420000076293945,8.4399995803833,8.4399995803833,10400
2014-10-07,8.390000343322754,8.460000038146973,8.3100004196167,8.350000381469727,8.350000381469727,13300
2014-10-08,8.3100004196167,8.479999542236328,8.3100004196167,8.449999809265137,8.449999809265137,27500
2014-10-09,8.470000267028809,8.470000267028809,8.270000457763672,8.3100004196167,8.3100004196167,34800
2014-10-10,8.25,8.479999542236328,8.25,8.3100004196167,8.3100004196167,21200
2014-10-13,8.239999771118164,8.569999694824219,8.199999809265137,8.470000267028809,8.470000267028809,53800
2014-10-14,8.579999923706055,8.640000343322754,8.460000038146973,8.619999885559082,8.619999885559082,87800
2014-10-15,8.5,8.760000228881836,8.430000305175781,8.729999542236328,8.729999542236328,61900
2014-10-16,8.600000381469727,8.949999809265137,8.600000381469727,8.8100004196167,8.8100004196167,109900
2014-10-17,8.9399995803833,8.9399995803833,8.569999694824219,8.670000076293945,8.670000076293945,79500
2014-10-20,8.609999656677246,8.9399995803833,8.600000381469727,8.9399995803833,8.9399995803833,49400
2014-10-21,9.0,9.0600004196167,8.930000305175781,9.039999961853027,9.039999961853027,64100
2014-10-22,9.0600004196167,9.100000381469727,9.010000228881836,9.050000190734863,9.050000190734863,31200
2014-10-23,9.100000381469727,9.100000381469727,9.0,9.079999923706055,9.079999923706055,35400
2014-10-24,9.100000381469727,9.100000381469727,8.979999542236328,9.020000457763672,9.020000457763672,12000
2014-10-27,9.020000457763672,9.1899995803833,9.020000457763672,9.149999618530273,9.149999618530273,48200
2014-10-28,9.239999771118164,9.550000190734863,9.220000267028809,9.470000267028809,9.470000267028809,254500
2014-10-29,9.5,9.569999694824219,9.34000015258789,9.539999961853027,9.539999961853027,69400
2014-10-30,9.479999542236328,9.75,9.479999542236328,9.75,9.75,62400
2014-10-31,9.819999694824219,10.109999656677246,9.819999694824219,9.970000267028809,9.970000267028809,89400
2014-11-03,10.0,10.25,9.899999618530273,10.15999984741211,10.15999984741211,71400
2014-11-04,10.100000381469727,10.359999656677246,9.949999809265137,10.229999542236328,10.229999542236328,45800
2014-11-05,10.34000015258789,10.449999809265137,10.09000015258789,10.260000228881836,10.260000228881836,69300
2014-11-06,10.180000305175781,10.34000015258789,10.15999984741211,10.319999694824219,10.319999694824219,20200
2014-11-07,10.350000381469727,10.399999618530273,10.15999984741211,10.369999885559082,10.369999885559082,48100
2014-11-10,10.350000381469727,10.539999961853027,10.300000190734863,10.539999961853027,10.539999961853027,50000
2014-11-11,10.470000267028809,10.670000076293945,10.470000267028809,10.670000076293945,10.670000076293945,66500
2014-11-12,10.65999984741211,11.329999923706055,10.65999984741211,11.319999694824219,11.319999694824219,373800
2014-11-13,11.40999984741211,12.09000015258789,11.359999656677246,11.979999542236328,11.979999542236328,492600
2014-11-14,11.979999542236328,12.0600004196167,11.789999961853027,11.989999771118164,11.989999771118164,180600
2014-11-17,11.989999771118164,12.069999694824219,11.859999656677246,11.869999885559082,11.869999885559082,165600
2014-11-18,11.960000038146973,12.079999923706055,11.579999923706055,11.770000457763672,11.770000457763672,90000
2014-11-19,11.779999732971191,11.779999732971191,11.350000381469727,11.630000114440918,11.630000114440918,67500
2014-11-20,11.470000267028809,12.079999923706055,11.470000267028809,12.020000457763672,12.020000457763672,119800
2014-11-21,12.119999885559082,12.119999885559082,11.8100004196167,11.920000076293945,11.920000076293945,46700
2014-11-24,11.869999885559082,12.109999656677246,11.859999656677246,12.0,12.0,94100
2014-11-25,12.079999923706055,12.220000267028809,12.010000228881836,12.15999984741211,12.15999984741211,44200
2014-11-26,12.15999984741211,12.15999984741211,11.739999771118164,12.0,12.0,57000
2014-11-28,11.920000076293945,12.130000114440918,11.84000015258789,11.890000343322754,11.890000343322754,36100
2014-12-01,11.890000343322754,12.15999984741211,11.819999694824219,12.079999923706055,12.079999923706055,64200
2014-12-02,12.109999656677246,12.25,12.020000457763672,12.229999542236328,12.229999542236328,52500
2014-12-03,12.279999732971191,12.399999618530273,11.960000038146973,12.300000190734863,12.300000190734863,75400
2014-12-04,12.329999923706055,12.350000381469727,12.029999732971191,12.119999885559082,12.119999885559082,57700
2014-12-05,12.15999984741211,12.319999694824219,12.069999694824219,12.180000305175781,12.180000305175781,33500
2014-12-08,12.1899995803833,12.279999732971191,11.680000305175781,12.039999961853027,12.039999961853027,49100
2014-12-09,12.0,12.460000038146973,11.899999618530273,12.430000305175781,12.430000305175781,61100
2014-12-10,12.4399995803833,12.4399995803833,12.1899995803833,12.319999694824219,12.319999694824219,72300
2014-12-11,12.329999923706055,12.789999961853027,12.329999923706055,12.59000015258789,12.59000015258789,79800
2014-12-12,12.40999984741211,12.880000114440918,12.380000114440918,12.59000015258789,12.59000015258789,48000
2014-12-15,12.680000305175781,12.760000228881836,12.229999542236328,12.5,12.5,67900
2014-12-16,12.539999961853027,12.989999771118164,12.5,12.890000343322754,12.890000343322754,137400
2014-12-17,12.890000343322754,12.979999542236328,12.789999961853027,12.930000305175781,12.930000305175781,89200
2014-12-18,13.149999618530273,13.149999618530273,12.84000015258789,12.880000114440918,12.880000114440918,58200
2014-12-19,12.8100004196167,13.020000457763672,12.770000457763672,12.8100004196167,12.8100004196167,171600
2014-12-22,12.800000190734863,13.0,12.800000190734863,13.0,13.0,24000
2014-12-23,13.109999656677246,13.130000114440918,12.869999885559082,12.960000038146973,12.960000038146973,56100
2014-12-24,12.930000305175781,13.0600004196167,12.59000015258789,12.779999732971191,12.779999732971191,57600
2014-12-26,12.789999961853027,12.979999542236328,12.770000457763672,12.970000267028809,12.970000267028809,34400
2014-12-29,13.010000228881836,13.010000228881836,12.84000015258789,12.989999771118164,12.989999771118164,37700
2014-12-30,12.899999618530273,13.100000381469727,12.75,12.960000038146973,12.960000038146973,76800
2014-12-31,13.010000228881836,13.5,12.989999771118164,13.260000228881836,13.260000228881836,318600
2015-01-02,13.279999732971191,13.279999732971191,12.5,13.029999732971191,13.029999732971191,98800
2015-01-05,12.920000076293945,13.239999771118164,12.859999656677246,12.979999542236328,12.979999542236328,65300
2015-01-06,13.0600004196167,13.0600004196167,12.5,12.8100004196167,12.8100004196167,76800
2015-01-07,12.850000381469727,13.0,12.75,12.970000267028809,12.970000267028809,54700
2015-01-08,13.0,13.329999923706055,12.90999984741211,12.989999771118164,12.989999771118164,82200
2015-01-09,12.9399995803833,13.170000076293945,12.789999961853027,13.020000457763672,13.020000457763672,34800
2015-01-12,12.779999732971191,12.970000267028809,12.680000305175781,12.850000381469727,12.850000381469727,50100
2015-01-13,13.0,13.069999694824219,12.770000457763672,12.949999809265137,12.949999809265137,28600
2015-01-14,12.829999923706055,12.930000305175781,12.640000343322754,12.649999618530273,12.649999618530273,43500
2015-01-15,12.5600004196167,12.699999809265137,12.130000114440918,12.34000015258789,12.34000015258789,82500
2015-01-16,12.289999961853027,12.4399995803833,12.239999771118164,12.399999618530273,12.399999618530273,69600
2015-01-20,12.359999656677246,12.420000076293945,12.220000267028809,12.319999694824219,12.319999694824219,30000
2015-01-21,12.329999923706055,12.329999923706055,11.680000305175781,11.979999542236328,11.979999542236328,100000
2015-01-22,11.9399995803833,12.260000228881836,11.9399995803833,12.239999771118164,12.239999771118164,50600
2015-01-23,12.270000457763672,12.270000457763672,12.029999732971191,12.229999542236328,12.229999542236328,35800
2015-01-26,12.25,12.369999885559082,12.15999984741211,12.210000038146973,12.210000038146973,57300
2015-01-27,12.149999618530273,12.220000267028809,12.010000228881836,12.039999961853027,12.039999961853027,41000
2015-01-28,12.050000190734863,12.119999885559082,11.760000228881836,12.020000457763672,12.020000457763672,114700
2015-01-29,12.020000457763672,12.1899995803833,11.989999771118164,12.180000305175781,12.180000305175781,63400
2015-01-30,12.069999694824219,12.220000267028809,11.960000038146973,12.09000015258789,12.09000015258789,77700
2015-02-02,12.09000015258789,12.149999618530273,11.930000305175781,12.119999885559082,12.119999885559082,52600
2015-02-03,12.119999885559082,12.1899995803833,12.0,12.09000015258789,12.09000015258789,33100
2015-02-04,12.010000228881836,12.149999618530273,12.010000228881836,12.079999923706055,12.079999923706055,31900
2015-02-05,12.100000381469727,12.100000381469727,11.960000038146973,12.020000457763672,12.020000457763672,78000
2015-02-06,12.0,12.050000190734863,11.970000267028809,12.050000190734863,12.050000190734863,65200
2015-02-09,12.050000190734863,12.119999885559082,11.949999809265137,11.970000267028809,11.970000267028809,52000
2015-02-10,12.0,12.130000114440918,11.979999542236328,12.029999732971191,12.029999732971191,54800
2015-02-11,12.0,12.140000343322754,11.979999542236328,11.989999771118164,11.989999771118164,62300
2015-02-12,12.010000228881836,12.050000190734863,11.979999542236328,12.029999732971191,12.029999732971191,50300
2015-02-13,12.050000190734863,12.140000343322754,12.0,12.029999732971191,12.029999732971191,32900
2015-02-17,12.0600004196167,12.199999809265137,11.930000305175781,12.100000381469727,12.100000381469727,32400
2015-02-18,12.119999885559082,12.239999771118164,12.010000228881836,12.15999984741211,12.15999984741211,46500
2015-02-19,12.180000305175781,12.369999885559082,12.039999961853027,12.350000381469727,12.350000381469727,65900
2015-02-20,12.3100004196167,12.75,12.25,12.720000267028809,12.720000267028809,177200
2015-02-23,12.720000267028809,12.829999923706055,12.579999923706055,12.630000114440918,12.630000114440918,39700
2015-02-24,12.680000305175781,12.9399995803833,12.640000343322754,12.729999542236328,12.729999542236328,27900
2015-02-25,12.699999809265137,12.899999618530273,12.699999809265137,12.8100004196167,12.8100004196167,21900
2015-02-26,12.760000228881836,13.0,12.65999984741211,12.880000114440918,12.880000114440918,46800
2015-02-27,12.800000190734863,13.09000015258789,12.800000190734863,12.979999542236328,12.979999542236328,47300
2015-03-02,12.979999542236328,13.039999961853027,12.869999885559082,12.949999809265137,12.949999809265137,41100
2015-03-03,12.850000381469727,12.960000038146973,12.819999694824219,12.949999809265137,12.949999809265137,27600
2015-03-04,12.850000381469727,12.9399995803833,12.699999809265137,12.899999618530273,12.899999618530273,20600
2015-03-05,12.84000015258789,12.920000076293945,12.59000015258789,12.739999771118164,12.739999771118164,32700
2015-03-06,12.640000343322754,12.920000076293945,12.449999809265137,12.460000038146973,12.460000038146973,32600
2015-03-09,12.529999732971191,13.0,12.229999542236328,12.899999618530273,12.899999618530273,30900
2015-03-10,12.819999694824219,13.079999923706055,12.420000076293945,13.050000190734863,13.050000190734863,69000
2015-03-11,13.100000381469727,13.270000457763672,12.989999771118164,13.140000343322754,13.140000343322754,50300
2015-03-12,13.229999542236328,13.5,13.109999656677246,13.479999542236328,13.479999542236328,62500
2015-03-13,13.5,13.600000381469727,13.34000015258789,13.470000267028809,13.470000267028809,29000
2015-03-16,13.600000381469727,13.619999885559082,13.460000038146973,13.529999732971191,13.529999732971191,41800
2015-03-17,13.5,13.5,13.239999771118164,13.329999923706055,13.329999923706055,33300
2015-03-18,13.300000190734863,13.510000228881836,13.069999694824219,13.390000343322754,13.390000343322754,39400
2015-03-19,13.390000343322754,13.649999618530273,13.369999885559082,13.600000381469727,13.600000381469727,38000
2015-03-20,13.649999618530273,13.649999618530273,13.4399995803833,13.630000114440918,13.630000114440918,97700
2015-03-23,13.609999656677246,13.670000076293945,13.579999923706055,13.609999656677246,13.609999656677246,54800
2015-03-24,13.609999656677246,13.6899995803833,13.569999694824219,13.649999618530273,13.649999618530273,21000
2015-03-25,13.65999984741211,13.710000038146973,13.380000114440918,13.460000038146973,13.460000038146973,35600
2015-03-26,13.430000305175781,13.6899995803833,13.359999656677246,13.619999885559082,13.619999885559082,18900
2015-03-27,13.619999885559082,13.630000114440918,13.350000381469727,13.460000038146973,13.460000038146973,21400
2015-03-30,13.460000038146973,13.630000114440918,13.4399995803833,13.619999885559082,13.619999885559082,40800
2015-03-31,13.579999923706055,13.619999885559082,12.4399995803833,13.449999809265137,13.449999809265137,381200
2015-04-01,13.40999984741211,13.760000228881836,13.40999984741211,13.710000038146973,13.710000038146973,99300
2015-04-02,13.760000228881836,13.760000228881836,13.399999618530273,13.510000228881836,13.510000228881836,30700
2015-04-06,13.460000038146973,13.829999923706055,13.350000381469727,13.6899995803833,13.6899995803833,52700
2015-04-07,13.710000038146973,13.800000190734863,13.460000038146973,13.739999771118164,13.739999771118164,41500
2015-04-08,13.789999961853027,13.8100004196167,13.520000457763672,13.8100004196167,13.8100004196167,27400
2015-04-09,13.819999694824219,13.829999923706055,13.350000381469727,13.8100004196167,13.8100004196167,30800
2015-04-10,13.84000015258789,13.899999618530273,13.609999656677246,13.789999961853027,13.789999961853027,26500
2015-04-13,13.710000038146973,13.779999732971191,13.550000190734863,13.609999656677246,13.609999656677246,34400
2015-04-14,13.609999656677246,13.65999984741211,13.430000305175781,13.510000228881836,13.510000228881836,25100
2015-04-15,13.539999961853027,13.899999618530273,13.479999542236328,13.729999542236328,13.729999542236328,28000
2015-04-16,13.729999542236328,13.8100004196167,13.569999694824219,13.6899995803833,13.6899995803833,14600
2015-04-17,13.59000015258789,13.59000015258789,13.130000114440918,13.25,13.25,61500
2015-04-20,13.289999961853027,13.75,13.289999961853027,13.670000076293945,13.670000076293945,28100
2015-04-21,13.630000114440918,13.729999542236328,13.449999809265137,13.539999961853027,13.539999961853027,36300
2015-04-22,13.550000190734863,13.859999656677246,13.470000267028809,13.819999694824219,13.819999694824219,36000
2015-04-23,13.720000267028809,13.920000076293945,13.65999984741211,13.869999885559082,13.869999885559082,24900
2015-04-24,13.859999656677246,14.109999656677246,13.800000190734863,14.0,14.0,32400
2015-04-27,14.029999732971191,14.210000038146973,13.760000228881836,13.970000267028809,13.970000267028809,40300
2015-04-28,13.90999984741211,14.170000076293945,13.819999694824219,14.0600004196167,14.0600004196167,25200
2015-04-29,14.039999961853027,14.079999923706055,13.819999694824219,13.829999923706055,13.829999923706055,16700
2015-04-30,13.75,13.75,13.229999542236328,13.319999694824219,13.319999694824219,49900
2015-05-01,13.390000343322754,13.829999923706055,13.199999809265137,13.319999694824219,13.319999694824219,39800
2015-05-04,13.649999618530273,13.829999923706055,13.210000038146973,13.369999885559082,13.369999885559082,48700
2015-05-05,13.40999984741211,13.649999618530273,13.020000457763672,13.069999694824219,13.069999694824219,37400
2015-05-06,13.039999961853027,13.460000038146973,13.039999961853027,13.34000015258789,13.34000015258789,63400
2015-05-07,13.380000114440918,13.6899995803833,13.350000381469727,13.520000457763672,13.520000457763672,42100
2015-05-08,13.649999618530273,13.729999542236328,13.329999923706055,13.649999618530273,13.649999618530273,54700
2015-05-11,13.630000114440918,13.6899995803833,13.220000267028809,13.420000076293945,13.420000076293945,53900
2015-05-12,13.40999984741211,13.5,13.109999656677246,13.369999885559082,13.369999885559082,40700
2015-05-13,13.449999809265137,13.479999542236328,13.119999885559082,13.220000267028809,13.220000267028809,31400
2015-05-14,13.199999809265137,13.4399995803833,13.1899995803833,13.270000457763672,13.270000457763672,58600
2015-05-15,13.289999961853027,13.4399995803833,13.0600004196167,13.210000038146973,13.210000038146973,46800
2015-05-18,13.130000114440918,13.399999618530273,12.880000114440918,13.380000114440918,13.380000114440918,45000
2015-05-19,13.329999923706055,13.40999984741211,13.260000228881836,13.319999694824219,13.319999694824219,46900
2015-05-20,13.40999984741211,13.430000305175781,13.260000228881836,13.40999984741211,13.40999984741211,17200
2015-05-21,13.4399995803833,13.510000228881836,13.289999961853027,13.399999618530273,13.399999618530273,27700
2015-05-22,13.329999923706055,13.550000190734863,13.0600004196167,13.130000114440918,13.130000114440918,27400
2015-05-26,13.020000457763672,13.399999618530273,12.90999984741211,13.130000114440918,13.130000114440918,33700
2015-05-27,13.0,13.5600004196167,13.0,13.5,13.5,42700
2015-05-28,13.5,13.729999542236328,13.390000343322754,13.390000343322754,13.390000343322754,12400
2015-05-29,13.359999656677246,13.479999542236328,13.199999809265137,13.369999885559082,13.369999885559082,32100
2015-06-01,13.399999618530273,13.579999923706055,13.350000381469727,13.479999542236328,13.479999542236328,20200
2015-06-02,13.350000381469727,13.720000267028809,13.350000381469727,13.600000381469727,13.600000381469727,33000
2015-06-03,13.670000076293945,13.989999771118164,13.579999923706055,13.9399995803833,13.9399995803833,40000
2015-06-04,13.9399995803833,14.449999809265137,13.9399995803833,14.0600004196167,14.0600004196167,82200
2015-06-05,14.079999923706055,14.100000381469727,13.850000381469727,13.989999771118164,13.989999771118164,42400
2015-06-08,13.949999809265137,14.020000457763672,13.6899995803833,13.729999542236328,13.729999542236328,15200
2015-06-09,13.65999984741211,14.020000457763672,13.539999961853027,13.699999809265137,13.699999809265137,11500
2015-06-10,13.800000190734863,14.069999694824219,13.539999961853027,13.800000190734863,13.800000190734863,20300
2015-06-11,13.770000457763672,13.970000267028809,13.729999542236328,13.930000305175781,13.930000305175781,10600
2015-06-12,13.949999809265137,14.0600004196167,13.699999809265137,13.880000114440918,13.880000114440918,25600
2015-06-15,13.850000381469727,14.050000190734863,13.34000015258789,13.569999694824219,13.569999694824219,35200
2015-06-16,13.539999961853027,13.6899995803833,13.34000015258789,13.600000381469727,13.600000381469727,32100
2015-06-17,13.649999618530273,13.65999984741211,13.3100004196167,13.449999809265137,13.449999809265137,21200
2015-06-18,13.550000190734863,13.850000381469727,13.4399995803833,13.529999732971191,13.529999732971191,41600
2015-06-19,13.479999542236328,14.3100004196167,13.170000076293945,13.380000114440918,13.380000114440918,119100
2015-06-22,13.34000015258789,13.579999923706055,13.0,13.220000267028809,13.220000267028809,76100
2015-06-23,13.329999923706055,13.449999809265137,13.09000015258789,13.3100004196167,13.3100004196167,86600
2015-06-24,13.319999694824219,13.510000228881836,12.979999542236328,13.119999885559082,13.119999885559082,70400
2015-06-25,13.220000267028809,13.279999732971191,13.100000381469727,13.15999984741211,13.15999984741211,33900
2015-06-26,13.239999771118164,13.449999809265137,13.09000015258789,13.4399995803833,13.4399995803833,265400
2015-06-29,13.300000190734863,13.600000381469727,13.140000343322754,13.520000457763672,13.520000457763672,82400
2015-06-30,13.609999656677246,13.90999984741211,13.569999694824219,13.850000381469727,13.850000381469727,65200
2015-07-01,13.880000114440918,14.039999961853027,13.789999961853027,14.0,14.0,36300
2015-07-02,14.039999961853027,14.050000190734863,13.869999885559082,13.970000267028809,13.970000267028809,36000
2015-07-06,13.880000114440918,14.050000190734863,13.520000457763672,13.65999984741211,13.65999984741211,59700
2015-07-07,13.640000343322754,13.649999618530273,13.460000038146973,13.630000114440918,13.630000114440918,44400
2015-07-08,13.510000228881836,13.75,13.380000114440918,13.489999771118164,13.489999771118164,65000
2015-07-09,13.600000381469727,13.6899995803833,13.420000076293945,13.569999694824219,13.569999694824219,32100
2015-07-10,13.6899995803833,13.949999809265137,13.600000381469727,13.890000343322754,13.890000343322754,46600
2015-07-13,13.899999618530273,14.020000457763672,13.880000114440918,14.0,14.0,45800
2015-07-14,14.0600004196167,14.180000305175781,14.0,14.149999618530273,14.149999618530273,44100
2015-07-15,14.1899995803833,14.220000267028809,13.789999961853027,13.90999984741211,13.90999984741211,31300
2015-07-16,13.960000038146973,14.199999809265137,13.90999984741211,14.079999923706055,14.079999923706055,43900
2015-07-17,14.140000343322754,14.140000343322754,13.859999656677246,14.0,14.0,42300
2015-07-20,14.039999961853027,14.140000343322754,13.600000381469727,13.680000305175781,13.680000305175781,36100
2015-07-21,13.850000381469727,13.880000114440918,13.289999961853027,13.34000015258789,13.34000015258789,119400
2015-07-22,13.569999694824219,13.569999694824219,12.729999542236328,12.829999923706055,12.829999923706055,214100
2015-07-23,12.739999771118164,12.90999984741211,12.25,12.329999923706055,12.329999923706055,197400
2015-07-24,12.300000190734863,12.350000381469727,11.989999771118164,12.029999732971191,12.029999732971191,164100
2015-07-27,11.899999618530273,12.59000015258789,11.859999656677246,12.3100004196167,12.3100004196167,338000
2015-07-28,12.359999656677246,12.579999923706055,11.960000038146973,12.1899995803833,12.1899995803833,121400
2015-07-29,12.149999618530273,12.149999618530273,11.789999961853027,11.920000076293945,11.920000076293945,109800
2015-07-30,11.930000305175781,12.050000190734863,11.710000038146973,11.989999771118164,11.989999771118164,118000
2015-07-31,12.0,12.109999656677246,11.710000038146973,11.779999732971191,11.779999732971191,131800
2015-08-03,11.90999984741211,12.09000015258789,11.710000038146973,11.970000267028809,11.970000267028809,106700
2015-08-04,12.260000228881836,12.399999618530273,12.020000457763672,12.319999694824219,12.319999694824219,77400
2015-08-05,12.399999618530273,12.5,12.069999694824219,12.15999984741211,12.15999984741211,33000
2015-08-06,12.170000076293945,12.180000305175781,11.800000190734863,12.079999923706055,12.079999923706055,46500
2015-08-07,11.989999771118164,12.600000381469727,11.989999771118164,12.279999732971191,12.279999732971191,111500
2015-08-10,12.380000114440918,12.84000015258789,12.300000190734863,12.760000228881836,12.760000228881836,125300
2015-08-11,12.680000305175781,12.989999771118164,12.609999656677246,12.859999656677246,12.859999656677246,67200
2015-08-12,12.8100004196167,13.180000305175781,12.670000076293945,13.039999961853027,13.039999961853027,70900
2015-08-13,13.199999809265137,13.199999809265137,12.930000305175781,13.0600004196167,13.0600004196167,37700
2015-08-14,13.09000015258789,13.210000038146973,12.979999542236328,13.140000343322754,13.140000343322754,72300
2015-08-17,13.020000457763672,13.25,12.979999542236328,13.25,13.25,50300
2015-08-18,13.15999984741211,13.260000228881836,13.100000381469727,13.149999618530273,13.149999618530273,52100
2015-08-19,13.09000015258789,13.430000305175781,12.8100004196167,13.300000190734863,13.300000190734863,33700
2015-08-20,13.15999984741211,13.15999984741211,12.880000114440918,12.949999809265137,12.949999809265137,33500
2015-08-21,12.739999771118164,13.449999809265137,12.6899995803833,13.0600004196167,13.0600004196167,120100
2015-08-24,12.510000228881836,13.079999923706055,11.920000076293945,12.649999618530273,12.649999618530273,85500
2015-08-25,12.899999618530273,12.899999618530273,12.4399995803833,12.5600004196167,12.5600004196167,75200
2015-08-26,12.850000381469727,12.899999618530273,12.350000381469727,12.84000015258789,12.84000015258789,70400
2015-08-27,12.880000114440918,13.029999732971191,12.630000114440918,12.930000305175781,12.930000305175781,41000
2015-08-28,12.84000015258789,12.920000076293945,12.710000038146973,12.920000076293945,12.920000076293945,41300
2015-08-31,12.84000015258789,13.09000015258789,12.720000267028809,12.829999923706055,12.829999923706055,83500
2015-09-01,12.800000190734863,12.90999984741211,12.600000381469727,12.6899995803833,12.6899995803833,39400
2015-09-02,12.880000114440918,12.880000114440918,12.649999618530273,12.819999694824219,12.819999694824219,44100
2015-09-03,12.770000457763672,12.949999809265137,12.569999694824219,12.649999618530273,12.649999618530273,50600
2015-09-04,12.5,12.920000076293945,12.5,12.720000267028809,12.720000267028809,19200
2015-09-08,12.859999656677246,12.859999656677246,12.579999923706055,12.640000343322754,12.640000343322754,25400
2015-09-09,12.770000457763672,12.770000457763672,12.569999694824219,12.619999885559082,12.619999885559082,51000
2015-09-10,12.5600004196167,12.829999923706055,12.359999656677246,12.4399995803833,12.4399995803833,40000
2015-09-11,12.350000381469727,12.460000038146973,12.300000190734863,12.350000381469727,12.350000381469727,53800
2015-09-14,12.329999923706055,12.4399995803833,12.180000305175781,12.279999732971191,12.279999732971191,27500
2015-09-15,12.279999732971191,12.539999961853027,12.220000267028809,12.399999618530273,12.399999618530273,36900
2015-09-16,12.380000114440918,12.670000076293945,12.270000457763672,12.630000114440918,12.630000114440918,29700
2015-09-17,12.600000381469727,12.6899995803833,12.520000457763672,12.569999694824219,12.569999694824219,35800
2015-09-18,12.40999984741211,12.770000457763672,12.399999618530273,12.680000305175781,12.680000305175781,125100
2015-09-21,12.699999809265137,12.880000114440918,12.460000038146973,12.539999961853027,12.539999961853027,74200
2015-09-22,12.470000267028809,12.819999694824219,12.460000038146973,12.609999656677246,12.609999656677246,34400
2015-09-23,12.600000381469727,12.800000190734863,12.539999961853027,12.6899995803833,12.6899995803833,47800
2015-09-24,12.630000114440918,12.819999694824219,12.550000190734863,12.8100004196167,12.8100004196167,27700
2015-09-25,12.920000076293945,12.920000076293945,12.59000015258789,12.630000114440918,12.630000114440918,35700
2015-09-28,12.640000343322754,12.710000038146973,12.4399995803833,12.449999809265137,12.449999809265137,39500
2015-09-29,12.449999809265137,12.789999961853027,12.449999809265137,12.670000076293945,12.670000076293945,20200
2015-09-30,12.75,12.789999961853027,12.520000457763672,12.670000076293945,12.670000076293945,29300
2015-10-01,12.760000228881836,13.229999542236328,12.760000228881836,13.109999656677246,13.109999656677246,65600
2015-10-02,13.0,13.15999984741211,12.880000114440918,13.15999984741211,13.15999984741211,48200
2015-10-05,13.279999732971191,13.800000190734863,13.25,13.739999771118164,13.739999771118164,43900
2015-10-06,13.739999771118164,13.770000457763672,13.539999961853027,13.619999885559082,13.619999885559082,31300
2015-10-07,13.710000038146973,13.850000381469727,13.5,13.819999694824219,13.819999694824219,59500
2015-10-08,13.850000381469727,14.869999885559082,13.510000228881836,14.670000076293945,14.670000076293945,79200
2015-10-09,14.670000076293945,15.119999885559082,14.5,15.09000015258789,15.09000015258789,58900
2015-10-12,15.140000343322754,15.970000267028809,14.819999694824219,15.899999618530273,15.899999618530273,91400
2015-10-13,15.899999618530273,15.9399995803833,15.539999961853027,15.649999618530273,15.649999618530273,88100
2015-10-14,15.630000114440918,15.930000305175781,14.680000305175781,14.75,14.75,119000
2015-10-15,14.770000457763672,14.949999809265137,14.6899995803833,14.9399995803833,14.9399995803833,62300
2015-10-16,14.970000267028809,15.1899995803833,14.819999694824219,15.09000015258789,15.09000015258789,63700
2015-10-19,15.09000015258789,15.420000076293945,15.050000190734863,15.40999984741211,15.40999984741211,65300
2015-10-20,15.4399995803833,15.720000267028809,15.319999694824219,15.640000343322754,15.640000343322754,49800
2015-10-21,15.630000114440918,15.710000038146973,15.130000114440918,15.15999984741211,15.15999984741211,112200
2015-10-22,15.270000457763672,15.640000343322754,14.949999809265137,15.15999984741211,15.15999984741211,72800
2015-10-23,15.3100004196167,15.5,15.15999984741211,15.5,15.5,37900
2015-10-26,15.399999618530273,15.760000228881836,15.289999961853027,15.680000305175781,15.680000305175781,42100
2015-10-27,15.699999809265137,15.789999961853027,14.800000190734863,15.520000457763672,15.520000457763672,47600
2015-10-28,15.520000457763672,15.920000076293945,15.329999923706055,15.890000343322754,15.890000343322754,63500
2015-10-29,15.880000114440918,15.9399995803833,15.75,15.789999961853027,15.789999961853027,33200
2015-10-30,15.829999923706055,15.829999923706055,15.350000381469727,15.5,15.5,60700
2015-11-02,15.5,15.789999961853027,15.40999984741211,15.710000038146973,15.710000038146973,44800
2015-11-03,15.59000015258789,16.010000228881836,15.59000015258789,15.949999809265137,15.949999809265137,41000
2015-11-04,15.970000267028809,17.309999465942383,15.920000076293945,16.1299991607666,16.1299991607666,136300
2015-11-05,16.209999084472656,16.209999084472656,16.020000457763672,16.079999923706055,16.079999923706055,36600
2015-11-06,16.0,16.209999084472656,15.609999656677246,16.209999084472656,16.209999084472656,65400
2015-11-09,16.239999771118164,16.239999771118164,15.699999809265137,15.760000228881836,15.760000228881836,38800
2015-11-10,15.75,15.970000267028809,15.710000038146973,15.789999961853027,15.789999961853027,23000
2015-11-11,15.800000190734863,15.8100004196167,15.520000457763672,15.520000457763672,15.520000457763672,31800
2015-11-12,15.5,15.670000076293945,15.010000228881836,15.329999923706055,15.329999923706055,31400
2015-11-13,15.1899995803833,15.4399995803833,15.100000381469727,15.119999885559082,15.119999885559082,38700
2015-11-16,15.0600004196167,15.0600004196167,14.600000381469727,14.8100004196167,14.8100004196167,58800
2015-11-17,14.789999961853027,14.789999961853027,14.680000305175781,14.680000305175781,14.680000305175781,25400
2015-11-18,14.670000076293945,14.800000190734863,14.4399995803833,14.5600004196167,14.5600004196167,98500
2015-11-19,14.510000228881836,14.819999694824219,14.510000228881836,14.699999809265137,14.699999809265137,25000
2015-11-20,14.800000190734863,14.979999542236328,14.6899995803833,14.760000228881836,14.760000228881836,55100
2015-11-23,14.699999809265137,14.779999732971191,14.460000038146973,14.489999771118164,14.489999771118164,44100
2015-11-24,14.5,14.5,14.0600004196167,14.170000076293945,14.170000076293945,73000
2015-11-25,14.15999984741211,14.600000381469727,14.15999984741211,14.539999961853027,14.539999961853027,75800
2015-11-27,14.600000381469727,14.649999618530273,14.369999885559082,14.520000457763672,14.520000457763672,29600
2015-11-30,14.489999771118164,14.539999961853027,14.270000457763672,14.430000305175781,14.430000305175781,55900
2015-12-01,14.539999961853027,14.710000038146973,14.300000190734863,14.390000343322754,14.390000343322754,20400
2015-12-02,14.229999542236328,14.5600004196167,14.210000038146973,14.420000076293945,14.420000076293945,43400
2015-12-03,14.380000114440918,14.4399995803833,14.199999809265137,14.319999694824219,14.319999694824219,35600
2015-12-04,14.300000190734863,14.579999923706055,14.239999771118164,14.489999771118164,14.489999771118164,23200
2015-12-07,14.40999984741211,14.510000228881836,14.289999961853027,14.430000305175781,14.430000305175781,37600
2015-12-08,14.3100004196167,14.470000267028809,14.289999961853027,14.390000343322754,14.390000343322754,30200
2015-12-09,14.380000114440918,14.420000076293945,14.130000114440918,14.15999984741211,14.15999984741211,71200
2015-12-10,14.130000114440918,14.449999809265137,13.850000381469727,13.869999885559082,13.869999885559082,48700
2015-12-11,13.600000381469727,13.84000015258789,13.579999923706055,13.609999656677246,13.609999656677246,82100
2015-12-14,13.569999694824219,13.760000228881836,13.350000381469727,13.40999984741211,13.40999984741211,42700
2015-12-15,13.489999771118164,13.5600004196167,13.220000267028809,13.359999656677246,13.359999656677246,73900
2015-12-16,13.420000076293945,13.5,13.279999732971191,13.40999984741211,13.40999984741211,55300
2015-12-17,13.470000267028809,13.579999923706055,13.260000228881836,13.369999885559082,13.369999885559082,36600
2015-12-18,13.279999732971191,13.449999809265137,13.220000267028809,13.229999542236328,13.229999542236328,111900
2015-12-21,13.319999694824219,13.4399995803833,13.050000190734863,13.15999984741211,13.15999984741211,61600
2015-12-22,13.229999542236328,13.229999542236328,12.970000267028809,13.149999618530273,13.149999618530273,80600
2015-12-23,13.25,13.460000038146973,13.25,13.399999618530273,13.399999618530273,40600
2015-12-24,13.380000114440918,13.569999694824219,13.3100004196167,13.470000267028809,13.470000267028809,13900
2015-12-28,13.5,13.600000381469727,13.359999656677246,13.420000076293945,13.420000076293945,22900
2015-12-29,13.510000228881836,13.550000190734863,13.260000228881836,13.520000457763672,13.520000457763672,24000
2015-12-30,13.539999961853027,13.550000190734863,13.270000457763672,13.289999961853027,13.289999961853027,28100
2015-12-31,13.1899995803833,13.8100004196167,13.079999923706055,13.109999656677246,13.109999656677246,52500
2016-01-04,12.8100004196167,13.819999694824219,12.739999771118164,12.800000190734863,12.800000190734863,68100
2016-01-05,12.819999694824219,12.930000305175781,12.739999771118164,12.760000228881836,12.760000228881836,40200
2016-01-06,12.640000343322754,12.869999885559082,12.640000343322754,12.729999542236328,12.729999542236328,46100
2016-01-07,12.649999618530273,12.649999618530273,12.380000114440918,12.399999618530273,12.399999618530273,80200
2016-01-08,12.420000076293945,12.579999923706055,12.380000114440918,12.380000114440918,12.380000114440918,38300
2016-01-11,12.399999618530273,12.399999618530273,11.930000305175781,11.960000038146973,11.960000038146973,98300
2016-01-12,12.069999694824219,12.069999694824219,11.630000114440918,11.640000343322754,11.640000343322754,93100
2016-01-13,10.670000076293945,11.640000343322754,10.670000076293945,11.09000015258789,11.09000015258789,78700
2016-01-14,11.079999923706055,11.229999542236328,10.850000381469727,10.90999984741211,10.90999984741211,79000
2016-01-15,10.600000381469727,10.729999542236328,10.289999961853027,10.479999542236328,10.479999542236328,120000
2016-01-19,10.5600004196167,10.609999656677246,10.15999984741211,10.369999885559082,10.369999885559082,82200
2016-01-20,10.3100004196167,10.869999885559082,10.109999656677246,10.739999771118164,10.739999771118164,58700
2016-01-21,10.729999542236328,10.960000038146973,10.609999656677246,10.699999809265137,10.699999809265137,38800
2016-01-22,10.8100004196167,10.989999771118164,10.760000228881836,10.979999542236328,10.979999542236328,27600
2016-01-25,10.899999618530273,10.930000305175781,10.739999771118164,10.8100004196167,10.8100004196167,23200
2016-01-26,10.819999694824219,10.920000076293945,10.59000015258789,10.699999809265137,10.699999809265137,27600
2016-01-27,10.649999618530273,10.720000267028809,10.430000305175781,10.619999885559082,10.619999885559082,47200
2016-01-28,10.699999809265137,10.720000267028809,10.5,10.520000457763672,10.520000457763672,22400
2016-01-29,10.5,10.960000038146973,10.5,10.859999656677246,10.859999656677246,39100
2016-02-01,10.75,10.880000114440918,10.699999809265137,10.710000038146973,10.710000038146973,18800
2016-02-02,10.600000381469727,10.600000381469727,10.5,10.529999732971191,10.529999732971191,22800
2016-02-03,10.630000114440918,10.630000114440918,10.149999618530273,10.40999984741211,10.40999984741211,41800
2016-02-04,10.369999885559082,10.510000228881836,10.25,10.289999961853027,10.289999961853027,27500
2016-02-05,10.210000038146973,10.210000038146973,10.029999732971191,10.069999694824219,10.069999694824219,99300
2016-02-08,9.829999923706055,9.949999809265137,9.779999732971191,9.890000343322754,9.890000343322754,83900
2016-02-09,9.760000228881836,9.930000305175781,9.760000228881836,9.779999732971191,9.779999732971191,41200
2016-02-10,9.770000457763672,10.010000228881836,9.710000038146973,9.850000381469727,9.850000381469727,68500
2016-02-11,9.850000381469727,10.020000457763672,9.729999542236328,9.84000015258789,9.84000015258789,32800
2016-02-12,9.890000343322754,10.100000381469727,9.859999656677246,10.0600004196167,10.0600004196167,21700
2016-02-16,10.119999885559082,10.300000190734863,10.020000457763672,10.130000114440918,10.130000114440918,45300
2016-02-17,10.149999618530273,10.3100004196167,10.0,10.149999618530273,10.149999618530273,51800
2016-02-18,10.109999656677246,10.210000038146973,9.770000457763672,9.890000343322754,9.890000343322754,57200
2016-02-19,9.880000114440918,10.170000076293945,9.770000457763672,9.9399995803833,9.9399995803833,27400
2016-02-22,10.010000228881836,10.350000381469727,9.9399995803833,10.25,10.25,55300
2016-02-23,10.010000228881836,10.4399995803833,10.010000228881836,10.390000343322754,10.390000343322754,47400
2016-02-24,10.319999694824219,10.40999984741211,10.0,10.359999656677246,10.359999656677246,37500
2016-02-25,10.40999984741211,10.40999984741211,10.010000228881836,10.09000015258789,10.09000015258789,44600
2016-02-26,10.119999885559082,10.40999984741211,10.119999885559082,10.199999809265137,10.199999809265137,41500
2016-02-29,10.260000228881836,10.270000457763672,10.020000457763672,10.0600004196167,10.0600004196167,18500
2016-03-01,10.140000343322754,10.279999732971191,10.010000228881836,10.100000381469727,10.100000381469727,38800
2016-03-02,10.0600004196167,10.420000076293945,10.0600004196167,10.140000343322754,10.140000343322754,25700
2016-03-03,10.140000343322754,10.609999656677246,10.140000343322754,10.550000190734863,10.550000190734863,34900
2016-03-04,10.699999809265137,11.40999984741211,10.699999809265137,11.329999923706055,11.329999923706055,38000
2016-03-07,11.34000015258789,11.59000015258789,10.960000038146973,11.279999732971191,11.279999732971191,51500
2016-03-08,11.1899995803833,11.279999732971191,11.029999732971191,11.039999961853027,11.039999961853027,34400
2016-03-09,11.069999694824219,12.109999656677246,11.029999732971191,11.979999542236328,11.979999542236328,76200
2016-03-10,11.979999542236328,12.270000457763672,11.34000015258789,11.949999809265137,11.949999809265137,64600
2016-03-11,12.050000190734863,12.1899995803833,11.489999771118164,11.949999809265137,11.949999809265137,43800
2016-03-14,11.850000381469727,11.850000381469727,11.510000228881836,11.600000381469727,11.600000381469727,38500
2016-03-15,11.569999694824219,11.649999618530273,11.210000038146973,11.390000343322754,11.390000343322754,39500
2016-03-16,11.260000228881836,11.6899995803833,11.260000228881836,11.630000114440918,11.630000114440918,29800
2016-03-17,11.649999618530273,12.0600004196167,11.539999961853027,11.930000305175781,11.930000305175781,18000
2016-03-18,12.0,12.109999656677246,11.579999923706055,11.989999771118164,11.989999771118164,58800
2016-03-21,12.0,12.180000305175781,11.949999809265137,12.0,12.0,27600
2016-03-22,12.0,12.029999732971191,11.869999885559082,11.930000305175781,11.930000305175781,30300
2016-03-23,11.949999809265137,11.949999809265137,11.449999809265137,11.510000228881836,11.510000228881836,27500
2016-03-24,11.520000457763672,11.619999885559082,11.399999618530273,11.539999961853027,11.539999961853027,29600
2016-03-28,11.619999885559082,11.699999809265137,11.510000228881836,11.609999656677246,11.609999656677246,26300
2016-03-29,11.59000015258789,11.930000305175781,11.479999542236328,11.899999618530273,11.899999618530273,20200
2016-03-30,12.0,12.079999923706055,11.720000267028809,11.819999694824219,11.819999694824219,26800
2016-03-31,11.779999732971191,12.149999618530273,11.699999809265137,11.979999542236328,11.979999542236328,74200
2016-04-01,11.899999618530273,12.170000076293945,11.899999618530273,12.100000381469727,12.100000381469727,19900
2016-04-04,12.0,12.069999694824219,11.880000114440918,11.960000038146973,11.960000038146973,17900
2016-04-05,11.819999694824219,11.899999618530273,11.600000381469727,11.8100004196167,11.8100004196167,31200
2016-04-06,11.75,11.850000381469727,11.699999809265137,11.789999961853027,11.789999961853027,13700
2016-04-07,11.670000076293945,12.100000381469727,11.670000076293945,11.9399995803833,11.9399995803833,42300
2016-04-08,11.899999618530273,12.069999694824219,11.859999656677246,12.010000228881836,12.010000228881836,29300
2016-04-11,12.100000381469727,12.130000114440918,11.9399995803833,12.079999923706055,12.079999923706055,22700
2016-04-12,12.0600004196167,12.140000343322754,12.050000190734863,12.119999885559082,12.119999885559082,14100
2016-04-13,12.140000343322754,12.350000381469727,12.079999923706055,12.260000228881836,12.260000228881836,35600
2016-04-14,12.300000190734863,12.449999809265137,12.210000038146973,12.34000015258789,12.34000015258789,15200
2016-04-15,12.270000457763672,12.5,12.199999809265137,12.4399995803833,12.4399995803833,33300
2016-04-18,12.539999961853027,12.630000114440918,12.460000038146973,12.479999542236328,12.479999542236328,12800
2016-04-19,12.489999771118164,12.649999618530273,12.149999618530273,12.270000457763672,12.270000457763672,41400
2016-04-20,12.4399995803833,12.489999771118164,12.229999542236328,12.390000343322754,12.390000343322754,26500
2016-04-21,12.4399995803833,12.59000015258789,12.420000076293945,12.539999961853027,12.539999961853027,25200
2016-04-22,12.569999694824219,12.789999961853027,11.119999885559082,12.6899995803833,12.6899995803833,14100
2016-04-25,12.729999542236328,12.869999885559082,12.399999618530273,12.6899995803833,12.6899995803833,24600
2016-04-26,12.670000076293945,12.8100004196167,12.600000381469727,12.789999961853027,12.789999961853027,12900
2016-04-27,12.699999809265137,13.020000457763672,12.6899995803833,12.869999885559082,12.869999885559082,25400
2016-04-28,12.800000190734863,12.989999771118164,12.800000190734863,12.899999618530273,12.899999618530273,22400
2016-04-29,12.829999923706055,13.029999732971191,12.65999984741211,12.970000267028809,12.970000267028809,23400
2016-05-02,12.6899995803833,13.470000267028809,12.6899995803833,13.369999885559082,13.369999885559082,20500
2016-05-03,13.170000076293945,13.699999809265137,13.100000381469727,13.539999961853027,13.539999961853027,31800
2016-05-04,13.460000038146973,13.600000381469727,13.350000381469727,13.569999694824219,13.569999694824219,28700
2016-05-05,13.630000114440918,13.649999618530273,12.890000343322754,13.039999961853027,13.039999961853027,51200
2016-05-06,13.100000381469727,13.390000343322754,12.75,13.390000343322754,13.390000343322754,22500
2016-05-09,13.460000038146973,13.789999961853027,13.289999961853027,13.630000114440918,13.630000114440918,46000
2016-05-10,13.609999656677246,13.75,13.449999809265137,13.5,13.5,61600
2016-05-11,13.579999923706055,13.579999923706055,12.90999984741211,13.100000381469727,13.100000381469727,32700
2016-05-12,13.09000015258789,13.15999984741211,12.65999984741211,13.119999885559082,13.119999885559082,29600
2016-05-13,13.119999885559082,13.1899995803833,12.930000305175781,13.069999694824219,13.069999694824219,18200
2016-05-16,13.039999961853027,13.430000305175781,12.989999771118164,13.350000381469727,13.350000381469727,37100
2016-05-17,13.369999885559082,13.369999885559082,12.649999618530273,12.760000228881836,12.760000228881836,67900
2016-05-18,12.779999732971191,12.90999984741211,12.649999618530273,12.890000343322754,12.890000343322754,18600
2016-05-19,12.770000457763672,13.0,12.670000076293945,12.859999656677246,12.859999656677246,20800
2016-05-20,12.9399995803833,13.039999961853027,12.8100004196167,13.029999732971191,13.029999732971191,50200
2016-05-23,12.989999771118164,13.050000190734863,12.869999885559082,12.869999885559082,12.869999885559082,20400
2016-05-24,12.869999885559082,13.199999809265137,12.869999885559082,13.100000381469727,13.100000381469727,23400
2016-05-25,13.050000190734863,13.279999732971191,12.899999618530273,13.020000457763672,13.020000457763672,11400
2016-05-26,13.039999961853027,13.039999961853027,12.510000228881836,12.510000228881836,12.510000228881836,45200
2016-05-27,13.15999984741211,13.15999984741211,12.5,12.710000038146973,12.710000038146973,21000
2016-05-31,12.65999984741211,12.65999984741211,12.270000457763672,12.520000457763672,12.520000457763672,33300
2016-06-01,12.5,12.8100004196167,12.359999656677246,12.720000267028809,12.720000267028809,69800
2016-06-02,12.619999885559082,12.850000381469727,12.569999694824219,12.819999694824219,12.819999694824219,9800
2016-06-03,12.739999771118164,12.920000076293945,12.59000015258789,12.640000343322754,12.640000343322754,23300
2016-06-06,12.65999984741211,12.75,12.649999618530273,12.710000038146973,12.710000038146973,20900
2016-06-07,12.699999809265137,12.760000228881836,12.649999618530273,12.6899995803833,12.6899995803833,13400
2016-06-08,12.670000076293945,12.9399995803833,12.670000076293945,12.859999656677246,12.859999656677246,25100
2016-06-09,12.869999885559082,12.989999771118164,12.84000015258789,12.930000305175781,12.930000305175781,23400
2016-06-10,12.890000343322754,12.930000305175781,12.609999656677246,12.899999618530273,12.899999618530273,18100
2016-06-13,12.920000076293945,13.210000038146973,12.569999694824219,12.59000015258789,12.59000015258789,24400
2016-06-14,12.529999732971191,12.729999542236328,12.40999984741211,12.430000305175781,12.430000305175781,18000
2016-06-15,12.380000114440918,12.670000076293945,12.319999694824219,12.350000381469727,12.350000381469727,26600
2016-06-16,12.359999656677246,12.460000038146973,12.0600004196167,12.359999656677246,12.359999656677246,58500
2016-06-17,12.350000381469727,12.350000381469727,12.170000076293945,12.350000381469727,12.350000381469727,65000
2016-06-20,12.430000305175781,12.430000305175781,12.149999618530273,12.3100004196167,12.3100004196167,40000
2016-06-21,12.220000267028809,12.390000343322754,12.220000267028809,12.319999694824219,12.319999694824219,25400
2016-06-22,12.350000381469727,12.350000381469727,12.079999923706055,12.140000343322754,12.140000343322754,23400
2016-06-23,12.25,12.350000381469727,12.149999618530273,12.3100004196167,12.3100004196167,41700
2016-06-24,11.920000076293945,12.390000343322754,11.920000076293945,12.100000381469727,12.100000381469727,93200
2016-06-27,12.050000190734863,12.050000190734863,11.880000114440918,11.970000267028809,11.970000267028809,91700
2016-06-28,12.029999732971191,12.140000343322754,11.920000076293945,11.9399995803833,11.9399995803833,23400
2016-06-29,12.039999961853027,12.529999732971191,12.039999961853027,12.479999542236328,12.479999542236328,31900
2016-06-30,12.470000267028809,12.640000343322754,12.350000381469727,12.489999771118164,12.489999771118164,60600
2016-07-01,12.609999656677246,12.609999656677246,12.149999618530273,12.220000267028809,12.220000267028809,30800
2016-07-05,12.239999771118164,12.289999961853027,12.010000228881836,12.079999923706055,12.079999923706055,33300
2016-07-06,11.979999542236328,12.100000381469727,11.90999984741211,12.069999694824219,12.069999694824219,16400
2016-07-07,12.039999961853027,12.329999923706055,12.039999961853027,12.3100004196167,12.3100004196167,26800
2016-07-08,12.350000381469727,12.729999542236328,12.350000381469727,12.600000381469727,12.600000381469727,44800
2016-07-11,12.550000190734863,12.859999656677246,12.550000190734863,12.789999961853027,12.789999961853027,25000
2016-07-12,12.8100004196167,12.90999984741211,12.8100004196167,12.819999694824219,12.819999694824219,36800
2016-07-13,12.789999961853027,12.930000305175781,12.779999732971191,12.869999885559082,12.869999885559082,27500
2016-07-14,13.0,13.0,12.770000457763672,12.829999923706055,12.829999923706055,18500
2016-07-15,12.90999984741211,12.90999984741211,12.449999809265137,12.569999694824219,12.569999694824219,61500
2016-07-18,13.25,14.0,13.25,13.779999732971191,13.779999732971191,150100
2016-07-19,13.739999771118164,13.739999771118164,13.359999656677246,13.399999618530273,13.399999618530273,76300
2016-07-20,13.399999618530273,13.460000038146973,13.300000190734863,13.420000076293945,13.420000076293945,11500
2016-07-21,13.319999694824219,13.420000076293945,12.989999771118164,13.329999923706055,13.329999923706055,35900
2016-07-22,13.34000015258789,13.8100004196167,13.34000015258789,13.789999961853027,13.789999961853027,65100
2016-07-25,13.710000038146973,13.770000457763672,13.5600004196167,13.609999656677246,13.609999656677246,13000
2016-07-26,13.569999694824219,13.649999618530273,13.229999542236328,13.510000228881836,13.510000228881836,25600
2016-07-27,13.460000038146973,13.720000267028809,13.40999984741211,13.6899995803833,13.6899995803833,18300
2016-07-28,13.729999542236328,13.930000305175781,13.5600004196167,13.829999923706055,13.829999923706055,38700
2016-07-29,13.859999656677246,13.960000038146973,13.6899995803833,13.75,13.75,22600
2016-08-01,13.829999923706055,13.84000015258789,13.510000228881836,13.5600004196167,13.5600004196167,10300
2016-08-02,13.640000343322754,13.670000076293945,13.329999923706055,13.390000343322754,13.390000343322754,25400
2016-08-03,13.279999732971191,13.369999885559082,13.270000457763672,13.300000190734863,13.300000190734863,28300
2016-08-04,13.329999923706055,13.420000076293945,13.100000381469727,13.15999984741211,13.15999984741211,18200
2016-08-05,13.270000457763672,13.420000076293945,13.270000457763672,13.300000190734863,13.300000190734863,23400
2016-08-08,13.220000267028809,13.279999732971191,13.140000343322754,13.149999618530273,13.149999618530273,16500
2016-08-09,13.399999618530273,13.399999618530273,12.779999732971191,13.220000267028809,13.220000267028809,20700
2016-08-10,13.170000076293945,13.170000076293945,13.029999732971191,13.100000381469727,13.100000381469727,11600
2016-08-11,13.079999923706055,13.180000305175781,13.039999961853027,13.100000381469727,13.100000381469727,26700
2016-08-12,13.0600004196167,13.140000343322754,12.729999542236328,12.760000228881836,12.760000228881836,65800
2016-08-15,12.800000190734863,12.850000381469727,12.619999885559082,12.6899995803833,12.6899995803833,52700
2016-08-16,12.619999885559082,13.050000190734863,12.619999885559082,12.770000457763672,12.770000457763672,171500
2016-08-17,12.760000228881836,13.100000381469727,12.609999656677246,13.020000457763672,13.020000457763672,116400
2016-08-18,13.020000457763672,13.460000038146973,12.890000343322754,13.359999656677246,13.359999656677246,115300
2016-08-19,13.300000190734863,13.430000305175781,12.619999885559082,13.09000015258789,13.09000015258789,98700
2016-08-22,12.960000038146973,13.180000305175781,12.930000305175781,13.15999984741211,13.15999984741211,29700
2016-08-23,13.130000114440918,13.510000228881836,13.109999656677246,13.289999961853027,13.289999961853027,80100
2016-08-24,13.329999923706055,13.550000190734863,13.3100004196167,13.489999771118164,13.489999771118164,56000
2016-08-25,13.489999771118164,13.550000190734863,13.420000076293945,13.4399995803833,13.4399995803833,28400
2016-08-26,13.489999771118164,13.510000228881836,13.199999809265137,13.25,13.25,30600
2016-08-29,13.300000190734863,13.3100004196167,13.069999694824219,13.140000343322754,13.140000343322754,19100
2016-08-30,13.100000381469727,13.579999923706055,13.100000381469727,13.539999961853027,13.539999961853027,35700
2016-08-31,13.510000228881836,13.550000190734863,13.25,13.529999732971191,13.529999732971191,38400
2016-09-01,13.5,13.510000228881836,13.229999542236328,13.510000228881836,13.510000228881836,41000
2016-09-02,13.529999732971191,13.609999656677246,13.4399995803833,13.609999656677246,13.609999656677246,40900
2016-09-06,13.510000228881836,13.59000015258789,13.15999984741211,13.539999961853027,13.539999961853027,155300
2016-09-07,13.489999771118164,13.59000015258789,13.470000267028809,13.550000190734863,13.550000190734863,89200
2016-09-08,13.470000267028809,13.579999923706055,13.40999984741211,13.510000228881836,13.510000228881836,79300
2016-09-09,13.989999771118164,13.989999771118164,13.630000114440918,13.739999771118164,13.739999771118164,70400
2016-09-12,13.65999984741211,13.75,13.489999771118164,13.600000381469727,13.600000381469727,37100
2016-09-13,13.579999923706055,13.579999923706055,13.15999984741211,13.460000038146973,13.460000038146973,64500
2016-09-14,13.430000305175781,13.449999809265137,13.25,13.25,13.25,48300
2016-09-15,13.199999809265137,13.359999656677246,13.170000076293945,13.350000381469727,13.350000381469727,33800
2016-09-16,13.350000381469727,13.380000114440918,13.15999984741211,13.380000114440918,13.380000114440918,121700
2016-09-19,13.329999923706055,13.649999618530273,13.329999923706055,13.569999694824219,13.569999694824219,25900
2016-09-20,13.5600004196167,13.649999618530273,13.430000305175781,13.550000190734863,13.550000190734863,39600
2016-09-21,13.550000190734863,13.609999656677246,13.489999771118164,13.579999923706055,13.579999923706055,29900
2016-09-22,13.579999923706055,13.670000076293945,13.5600004196167,13.609999656677246,13.609999656677246,44900
2016-09-23,13.630000114440918,13.630000114440918,13.449999809265137,13.5,13.5,56900
2016-09-26,13.350000381469727,13.470000267028809,13.329999923706055,13.449999809265137,13.449999809265137,46100
2016-09-27,13.420000076293945,13.640000343322754,13.40999984741211,13.600000381469727,13.600000381469727,26600
2016-09-28,13.619999885559082,13.619999885559082,13.260000228881836,13.399999618530273,13.399999618530273,59000
2016-09-29,13.369999885559082,13.369999885559082,13.229999542236328,13.260000228881836,13.260000228881836,29200
2016-09-30,13.300000190734863,13.399999618530273,13.270000457763672,13.350000381469727,13.350000381469727,37300
2016-10-03,13.279999732971191,13.470000267028809,13.199999809265137,13.40999984741211,13.40999984741211,43100
2016-10-04,13.40999984741211,13.520000457763672,13.300000190734863,13.350000381469727,13.350000381469727,38900
2016-10-05,13.359999656677246,13.510000228881836,13.15999984741211,13.399999618530273,13.399999618530273,19900
2016-10-06,13.380000114440918,13.5,13.359999656677246,13.399999618530273,13.399999618530273,12400
2016-10-07,13.369999885559082,13.5,13.289999961853027,13.399999618530273,13.399999618530273,17100
2016-10-10,13.420000076293945,13.600000381469727,13.40999984741211,13.449999809265137,13.449999809265137,28900
2016-10-11,13.449999809265137,13.449999809265137,13.300000190734863,13.34000015258789,13.34000015258789,30900
2016-10-12,13.319999694824219,13.539999961853027,13.319999694824219,13.5,13.5,26900
2016-10-13,13.550000190734863,13.550000190734863,13.430000305175781,13.479999542236328,13.479999542236328,59400
2016-10-14,13.529999732971191,13.550000190734863,13.420000076293945,13.5,13.5,28100
2016-10-17,13.399999618530273,13.609999656677246,13.399999618530273,13.5600004196167,13.5600004196167,24200
2016-10-18,13.609999656677246,13.680000305175781,13.550000190734863,13.5600004196167,13.5600004196167,20300
2016-10-19,13.630000114440918,13.720000267028809,13.600000381469727,13.649999618530273,13.649999618530273,22700
2016-10-20,13.6899995803833,13.75,13.579999923706055,13.65999984741211,13.65999984741211,43800
2016-10-21,13.569999694824219,13.75,13.569999694824219,13.579999923706055,13.579999923706055,8500
2016-10-24,13.670000076293945,13.670000076293945,13.569999694824219,13.59000015258789,13.59000015258789,13900
2016-10-25,13.619999885559082,13.630000114440918,13.520000457763672,13.539999961853027,13.539999961853027,19600
2016-10-26,13.609999656677246,13.640000343322754,13.40999984741211,13.5,13.5,31500
2016-10-27,13.579999923706055,13.619999885559082,13.40999984741211,13.479999542236328,13.479999542236328,20500
2016-10-28,13.40999984741211,13.609999656677246,13.15999984741211,13.210000038146973,13.210000038146973,77500
2016-10-31,13.210000038146973,13.25,13.170000076293945,13.1899995803833,13.1899995803833,37100
2016-11-01,13.149999618530273,13.149999618530273,12.619999885559082,12.680000305175781,12.680000305175781,136200
2016-11-02,12.710000038146973,12.739999771118164,12.600000381469727,12.649999618530273,12.649999618530273,40500
2016-11-03,12.720000267028809,12.739999771118164,12.619999885559082,12.630000114440918,12.630000114440918,19900
2016-11-04,12.699999809265137,12.75,12.550000190734863,12.59000015258789,12.59000015258789,16500
2016-11-07,12.800000190734863,12.800000190734863,12.539999961853027,12.699999809265137,12.699999809265137,36000
2016-11-08,13.0,13.600000381469727,12.699999809265137,13.119999885559082,13.119999885559082,140800
2016-11-09,13.239999771118164,13.520000457763672,12.920000076293945,13.449999809265137,13.449999809265137,128300
2016-11-10,13.449999809265137,13.920000076293945,13.449999809265137,13.819999694824219,13.819999694824219,97500
2016-11-11,13.890000343322754,14.199999809265137,13.770000457763672,14.050000190734863,14.050000190734863,92600
2016-11-14,14.1899995803833,14.420000076293945,13.949999809265137,14.149999618530273,14.149999618530273,49300
2016-11-15,14.220000267028809,14.3100004196167,13.979999542236328,14.15999984741211,14.15999984741211,66000
2016-11-16,14.170000076293945,14.739999771118164,14.100000381469727,14.699999809265137,14.699999809265137,59500
2016-11-17,14.970000267028809,14.989999771118164,14.84000015258789,14.920000076293945,14.920000076293945,76000
2016-11-18,14.859999656677246,15.100000381469727,14.770000457763672,15.069999694824219,15.069999694824219,81500
2016-11-21,15.050000190734863,15.170000076293945,14.8100004196167,14.949999809265137,14.949999809265137,71500
2016-11-22,15.039999961853027,15.15999984741211,14.890000343322754,15.130000114440918,15.130000114440918,60200
2016-11-23,15.180000305175781,15.300000190734863,15.140000343322754,15.300000190734863,15.300000190734863,56400
2016-11-25,15.3100004196167,15.3100004196167,15.229999542236328,15.289999961853027,15.289999961853027,18100
2016-11-28,15.300000190734863,15.600000381469727,15.300000190734863,15.59000015258789,15.59000015258789,50800
2016-11-29,15.630000114440918,15.970000267028809,15.130000114440918,15.829999923706055,15.829999923706055,107200
2016-11-30,15.899999618530273,15.9399995803833,15.40999984741211,15.710000038146973,15.710000038146973,102700
2016-12-01,15.949999809265137,15.949999809265137,15.600000381469727,15.930000305175781,15.930000305175781,82700
2016-12-02,15.819999694824219,15.989999771118164,15.760000228881836,15.760000228881836,15.760000228881836,63200
2016-12-05,15.770000457763672,16.190000534057617,15.65999984741211,16.0,16.0,86700
2016-12-06,16.09000015258789,16.09000015258789,15.8100004196167,15.880000114440918,15.880000114440918,52400
2016-12-07,16.010000228881836,16.059999465942383,15.770000457763672,15.84000015258789,15.84000015258789,61500
2016-12-08,15.859999656677246,16.0,15.84000015258789,16.0,16.0,80100
2016-12-09,16.049999237060547,16.100000381469727,16.030000686645508,16.059999465942383,16.059999465942383,64100
2016-12-12,16.0,16.15999984741211,15.9399995803833,16.149999618530273,16.149999618530273,60900
2016-12-13,16.18000030517578,16.239999771118164,16.049999237060547,16.209999084472656,16.209999084472656,38200
2016-12-14,16.290000915527344,16.450000762939453,16.139999389648438,16.260000228881836,16.260000228881836,37500
2016-12-15,16.3799991607666,16.3799991607666,16.0,16.040000915527344,16.040000915527344,57800
2016-12-16,16.1200008392334,16.420000076293945,16.020000457763672,16.049999237060547,16.049999237060547,78700
2016-12-19,16.600000381469727,16.899999618530273,16.309999465942383,16.799999237060547,16.799999237060547,163700
2016-12-20,17.09000015258789,17.18000030517578,16.75,16.8799991607666,16.8799991607666,77100
2016-12-21,16.8799991607666,16.8799991607666,16.280000686645508,16.389999389648438,16.389999389648438,58100
2016-12-22,16.270000457763672,16.459999084472656,16.110000610351562,16.3799991607666,16.3799991607666,44400
2016-12-23,16.40999984741211,16.450000762939453,16.270000457763672,16.43000030517578,16.43000030517578,21200
2016-12-27,16.389999389648438,16.579999923706055,16.389999389648438,16.489999771118164,16.489999771118164,31000
2016-12-28,16.559999465942383,16.780000686645508,16.459999084472656,16.75,16.75,46400
2016-12-29,16.81999969482422,17.020000457763672,16.3799991607666,16.469999313354492,16.469999313354492,67700
2016-12-30,16.56999969482422,16.690000534057617,16.299999237060547,16.600000381469727,16.600000381469727,39400
2017-01-03,16.829999923706055,16.850000381469727,16.579999923706055,16.68000030517578,16.68000030517578,55300
2017-01-04,16.81999969482422,16.920000076293945,16.670000076293945,16.84000015258789,16.84000015258789,53700
2017-01-05,16.8799991607666,16.920000076293945,16.6200008392334,16.719999313354492,16.719999313354492,48800
2017-01-06,16.850000381469727,16.8799991607666,16.68000030517578,16.850000381469727,16.850000381469727,52300
2017-01-09,16.959999084472656,16.959999084472656,16.610000610351562,16.90999984741211,16.90999984741211,40600
2017-01-10,16.899999618530273,16.93000030517578,16.760000228881836,16.8700008392334,16.8700008392334,25600
2017-01-11,16.790000915527344,16.8700008392334,16.729999542236328,16.829999923706055,16.829999923706055,15800
2017-01-12,16.920000076293945,16.93000030517578,16.479999542236328,16.6200008392334,16.6200008392334,18500
2017-01-13,16.729999542236328,17.020000457763672,16.719999313354492,16.920000076293945,16.920000076293945,36200
2017-01-17,16.799999237060547,17.020000457763672,16.5,16.600000381469727,16.600000381469727,51700
2017-01-18,16.709999084472656,16.709999084472656,16.34000015258789,16.6299991607666,16.6299991607666,26800
2017-01-19,16.540000915527344,16.59000015258789,16.290000915527344,16.559999465942383,16.559999465942383,48900
2017-01-20,16.440000534057617,16.8799991607666,16.329999923706055,16.760000228881836,16.760000228881836,69900
2017-01-23,16.610000610351562,16.780000686645508,16.479999542236328,16.65999984741211,16.65999984741211,14500
2017-01-24,16.719999313354492,17.030000686645508,16.459999084472656,16.950000762939453,16.950000762939453,27300
2017-01-25,17.059999465942383,17.059999465942383,16.0,16.920000076293945,16.920000076293945,21700
2017-01-26,16.93000030517578,17.0,16.690000534057617,16.790000915527344,16.790000915527344,13500
2017-01-27,16.56999969482422,16.829999923706055,16.530000686645508,16.719999313354492,16.719999313354492,20100
2017-01-30,16.739999771118164,16.770000457763672,15.970000267028809,15.970000267028809,15.970000267028809,26100
2017-01-31,16.030000686645508,16.40999984741211,16.030000686645508,16.350000381469727,16.350000381469727,38000
2017-02-01,16.68000030517578,16.68000030517578,16.15999984741211,16.270000457763672,16.270000457763672,28600
2017-02-02,16.280000686645508,16.40999984741211,16.049999237060547,16.200000762939453,16.200000762939453,45300
2017-02-03,16.350000381469727,16.450000762939453,16.18000030517578,16.329999923706055,16.329999923706055,28200
2017-02-06,16.329999923706055,16.59000015258789,16.219999313354492,16.260000228881836,16.260000228881836,17500
2017-02-07,16.360000610351562,16.59000015258789,16.360000610351562,16.459999084472656,16.459999084472656,22400
2017-02-08,16.5,16.81999969482422,15.970000267028809,16.1299991607666,16.1299991607666,32700
2017-02-09,16.209999084472656,16.469999313354492,16.030000686645508,16.219999313354492,16.219999313354492,91400
2017-02-10,16.290000915527344,16.5,16.110000610351562,16.440000534057617,16.440000534057617,53900
2017-02-13,16.56999969482422,16.75,16.56999969482422,16.690000534057617,16.690000534057617,19800
2017-02-14,16.450000762939453,16.770000457763672,16.450000762939453,16.610000610351562,16.610000610351562,11800
2017-02-15,16.59000015258789,16.610000610351562,16.3799991607666,16.510000228881836,16.510000228881836,13000
2017-02-16,16.469999313354492,16.56999969482422,16.15999984741211,16.299999237060547,16.299999237060547,13500
2017-02-17,16.399999618530273,16.399999618530273,16.049999237060547,16.15999984741211,16.15999984741211,20200
2017-02-21,16.100000381469727,16.18000030517578,15.930000305175781,15.989999771118164,15.989999771118164,23700
2017-02-22,16.0,16.1200008392334,15.9399995803833,16.100000381469727,16.100000381469727,14300
2017-02-23,16.100000381469727,16.200000762939453,16.049999237060547,16.100000381469727,16.100000381469727,25500
2017-02-24,16.100000381469727,16.200000762939453,15.720000267028809,16.15999984741211,16.15999984741211,24000
2017-02-27,16.09000015258789,16.309999465942383,16.079999923706055,16.139999389648438,16.139999389648438,16000
2017-02-28,16.06999969482422,16.149999618530273,15.930000305175781,15.9399995803833,15.9399995803833,30600
2017-03-01,16.049999237060547,16.1299991607666,15.899999618530273,15.979999542236328,15.979999542236328,21300
2017-03-02,15.989999771118164,16.100000381469727,15.960000038146973,15.970000267028809,15.970000267028809,21400
2017-03-03,15.90999984741211,16.0,15.869999885559082,15.90999984741211,15.90999984741211,36500
2017-03-06,15.880000114440918,16.440000534057617,15.850000381469727,15.869999885559082,15.869999885559082,42900
2017-03-07,15.550000190734863,15.819999694824219,15.520000457763672,15.609999656677246,15.609999656677246,30600
2017-03-08,15.729999542236328,16.0,15.430000305175781,15.430000305175781,15.430000305175781,20700
2017-03-09,15.40999984741211,15.960000038146973,15.40999984741211,15.75,15.75,24500
2017-03-10,15.859999656677246,16.049999237060547,15.489999771118164,15.520000457763672,15.520000457763672,19200
2017-03-13,15.510000228881836,15.739999771118164,15.430000305175781,15.430000305175781,15.430000305175781,11100
2017-03-14,15.430000305175781,15.430000305175781,15.15999984741211,15.270000457763672,15.270000457763672,19200
2017-03-15,15.329999923706055,15.479999542236328,15.180000305175781,15.229999542236328,15.229999542236328,23400
2017-03-16,15.289999961853027,15.569999694824219,15.289999961853027,15.5,15.5,27200
2017-03-17,15.489999771118164,16.510000228881836,15.489999771118164,16.040000915527344,16.040000915527344,98200
2017-03-20,16.06999969482422,16.280000686645508,15.979999542236328,16.270000457763672,16.270000457763672,26000
2017-03-21,16.270000457763672,16.399999618530273,15.9399995803833,16.0,16.0,35700
2017-03-22,16.389999389648438,16.389999389648438,15.760000228881836,15.90999984741211,15.90999984741211,21200
2017-03-23,15.9399995803833,16.149999618530273,15.899999618530273,15.970000267028809,15.970000267028809,24300
2017-03-24,16.040000915527344,16.06999969482422,15.90999984741211,15.949999809265137,15.949999809265137,18400
2017-03-27,15.779999732971191,15.970000267028809,15.760000228881836,15.84000015258789,15.84000015258789,16200
2017-03-28,15.84000015258789,15.899999618530273,15.720000267028809,15.75,15.75,14800
2017-03-29,15.680000305175781,16.010000228881836,14.5600004196167,15.489999771118164,15.489999771118164,26600
2017-03-30,15.489999771118164,15.640000343322754,15.350000381469727,15.5,15.5,23400
2017-03-31,15.329999923706055,15.649999618530273,15.329999923706055,15.539999961853027,15.539999961853027,34500
2017-04-03,15.539999961853027,15.670000076293945,15.079999923706055,15.119999885559082,15.119999885559082,36800
2017-04-04,15.15999984741211,15.4399995803833,14.880000114440918,14.989999771118164,14.989999771118164,28900
2017-04-05,14.970000267028809,15.75,14.75,14.770000457763672,14.770000457763672,39300
2017-04-06,14.770000457763672,15.329999923706055,14.59000015258789,14.75,14.75,31300
2017-04-07,14.649999618530273,14.819999694824219,14.649999618530273,14.770000457763672,14.770000457763672,18600
2017-04-10,14.699999809265137,14.899999618530273,14.600000381469727,14.779999732971191,14.779999732971191,45100
2017-04-11,14.789999961853027,14.899999618530273,14.670000076293945,14.729999542236328,14.729999542236328,53800
2017-04-12,14.760000228881836,16.850000381469727,14.760000228881836,14.859999656677246,14.859999656677246,44000
2017-04-13,14.869999885559082,14.989999771118164,14.800000190734863,14.920000076293945,14.920000076293945,46600
2017-04-17,14.880000114440918,15.09000015258789,14.880000114440918,15.039999961853027,15.039999961853027,50300
2017-04-18,14.9399995803833,15.460000038146973,14.8100004196167,14.850000381469727,14.850000381469727,28800
2017-04-19,14.819999694824219,15.300000190734863,14.649999618530273,14.6899995803833,14.6899995803833,49800
2017-04-20,14.949999809265137,14.949999809265137,14.710000038146973,14.739999771118164,14.739999771118164,61900
2017-04-21,14.84000015258789,14.930000305175781,14.619999885559082,14.649999618530273,14.649999618530273,73500
2017-04-24,14.899999618530273,14.899999618530273,14.609999656677246,14.8100004196167,14.8100004196167,46000
2017-04-25,14.960000038146973,15.0600004196167,14.850000381469727,14.890000343322754,14.890000343322754,38700
2017-04-26,14.8100004196167,15.640000343322754,14.8100004196167,15.510000228881836,15.510000228881836,35400
2017-04-27,15.430000305175781,15.819999694824219,15.430000305175781,15.609999656677246,15.609999656677246,29900
2017-04-28,15.59000015258789,15.850000381469727,15.369999885559082,15.729999542236328,15.729999542236328,32200
2017-05-01,15.649999618530273,15.760000228881836,15.529999732971191,15.680000305175781,15.680000305175781,14500
2017-05-02,16.559999465942383,16.559999465942383,14.75,14.989999771118164,14.989999771118164,99600
2017-05-03,14.90999984741211,15.15999984741211,14.8100004196167,15.100000381469727,15.100000381469727,29200
2017-05-04,15.149999618530273,15.239999771118164,14.899999618530273,15.020000457763672,15.020000457763672,23000
2017-05-05,15.220000267028809,15.430000305175781,14.960000038146973,15.3100004196167,15.3100004196167,41500
2017-05-08,15.300000190734863,15.430000305175781,15.079999923706055,15.399999618530273,15.399999618530273,24900
2017-05-09,15.5,15.829999923706055,15.420000076293945,15.829999923706055,15.829999923706055,54800
2017-05-10,15.720000267028809,16.270000457763672,15.529999732971191,15.600000381469727,15.600000381469727,22400
2017-05-11,15.539999961853027,15.699999809265137,15.3100004196167,15.319999694824219,15.319999694824219,17100
2017-05-12,15.300000190734863,15.600000381469727,15.0600004196167,15.199999809265137,15.199999809265137,54300
2017-05-15,15.260000228881836,15.720000267028809,15.260000228881836,15.59000015258789,15.59000015258789,51900
2017-05-16,15.489999771118164,15.529999732971191,15.34000015258789,15.489999771118164,15.489999771118164,26300
2017-05-17,15.380000114440918,15.380000114440918,15.09000015258789,15.119999885559082,15.119999885559082,33400
2017-05-18,15.3100004196167,15.75,15.25,15.640000343322754,15.640000343322754,51500
2017-05-19,15.550000190734863,15.789999961853027,15.449999809265137,15.760000228881836,15.760000228881836,44800
2017-05-22,15.819999694824219,16.010000228881836,15.819999694824219,16.010000228881836,16.010000228881836,29400
2017-05-23,16.139999389648438,16.229999542236328,15.960000038146973,16.030000686645508,16.030000686645508,41000
2017-05-24,16.209999084472656,16.209999084472656,15.8100004196167,15.869999885559082,15.869999885559082,28200
2017-05-25,15.869999885559082,16.079999923706055,15.800000190734863,16.0,16.0,29500
2017-05-26,16.049999237060547,16.239999771118164,15.9399995803833,16.1200008392334,16.1200008392334,24700
2017-05-30,16.010000228881836,16.049999237060547,15.800000190734863,15.819999694824219,15.819999694824219,55400
2017-05-31,15.899999618530273,16.200000762939453,15.850000381469727,15.960000038146973,15.960000038146973,27800
2017-06-01,16.079999923706055,16.1299991607666,16.010000228881836,16.110000610351562,16.110000610351562,27400
2017-06-02,16.1200008392334,16.770000457763672,16.059999465942383,16.6299991607666,16.6299991607666,62800
2017-06-05,16.5,16.639999389648438,16.360000610351562,16.510000228881836,16.510000228881836,16600
2017-06-06,16.360000610351562,16.65999984741211,16.209999084472656,16.25,16.25,20400
2017-06-07,16.110000610351562,16.469999313354492,16.110000610351562,16.299999237060547,16.299999237060547,24500
2017-06-08,16.489999771118164,16.790000915527344,16.1299991607666,16.389999389648438,16.389999389648438,49200
2017-06-09,16.18000030517578,16.579999923706055,16.18000030517578,16.520000457763672,16.520000457763672,40000
2017-06-12,16.549999237060547,16.56999969482422,16.139999389648438,16.329999923706055,16.329999923706055,22700
2017-06-13,16.440000534057617,16.540000915527344,16.209999084472656,16.329999923706055,16.329999923706055,16600
2017-06-14,16.329999923706055,16.530000686645508,16.219999313354492,16.469999313354492,16.469999313354492,23400
2017-06-15,16.290000915527344,16.450000762939453,15.880000114440918,16.079999923706055,16.079999923706055,52000
2017-06-16,15.8100004196167,15.899999618530273,15.579999923706055,15.829999923706055,15.829999923706055,92100
2017-06-19,15.829999923706055,15.9399995803833,15.8100004196167,15.90999984741211,15.90999984741211,14200
2017-06-20,15.829999923706055,15.890000343322754,15.65999984741211,15.6899995803833,15.6899995803833,9900
2017-06-21,15.800000190734863,15.960000038146973,15.65999984741211,15.680000305175781,15.680000305175781,25500
2017-06-22,15.779999732971191,15.90999984741211,15.5,15.520000457763672,15.520000457763672,13700
2017-06-23,15.529999732971191,15.630000114440918,15.270000457763672,15.4399995803833,15.4399995803833,98200
2017-06-26,15.460000038146973,16.290000915527344,15.460000038146973,15.729999542236328,15.729999542236328,36200
2017-06-27,15.649999618530273,15.850000381469727,15.649999618530273,15.729999542236328,15.729999542236328,24900
2017-06-28,15.819999694824219,16.280000686645508,15.800000190734863,16.06999969482422,16.06999969482422,19800
2017-06-29,16.25,16.31999969482422,16.049999237060547,16.190000534057617,16.190000534057617,51900
2017-06-30,16.18000030517578,16.3700008392334,15.949999809265137,16.1299991607666,16.1299991607666,20900
2017-07-03,16.15999984741211,16.260000228881836,15.949999809265137,16.190000534057617,16.190000534057617,10100
2017-07-05,16.18000030517578,16.18000030517578,15.779999732971191,15.920000076293945,15.920000076293945,22900
2017-07-06,15.8100004196167,15.899999618530273,15.760000228881836,15.800000190734863,15.800000190734863,41700
2017-07-07,15.899999618530273,16.059999465942383,15.899999618530273,15.960000038146973,15.960000038146973,25700
2017-07-10,15.899999618530273,16.020000457763672,15.800000190734863,15.899999618530273,15.899999618530273,39500
2017-07-11,15.890000343322754,15.960000038146973,15.609999656677246,15.649999618530273,15.649999618530273,24100
2017-07-12,15.720000267028809,15.859999656677246,15.65999984741211,15.789999961853027,15.789999961853027,28200
2017-07-13,15.890000343322754,15.890000343322754,15.369999885559082,15.489999771118164,15.489999771118164,54500
2017-07-14,15.550000190734863,16.020000457763672,15.539999961853027,15.890000343322754,15.890000343322754,62300
2017-07-17,15.880000114440918,16.059999465942383,15.819999694824219,16.010000228881836,16.010000228881836,55400
2017-07-18,15.989999771118164,16.030000686645508,15.949999809265137,15.979999542236328,15.979999542236328,22800
2017-07-19,15.989999771118164,16.200000762939453,15.949999809265137,16.020000457763672,16.020000457763672,22600
2017-07-20,16.020000457763672,16.149999618530273,15.829999923706055,16.059999465942383,16.059999465942383,49400
2017-07-21,16.170000076293945,16.170000076293945,15.819999694824219,15.84000015258789,15.84000015258789,23100
2017-07-24,15.829999923706055,15.979999542236328,15.520000457763672,15.880000114440918,15.880000114440918,28500
2017-07-25,15.960000038146973,16.049999237060547,15.779999732971191,15.869999885559082,15.869999885559082,38600
2017-07-26,15.859999656677246,16.09000015258789,15.819999694824219,16.030000686645508,16.030000686645508,44400
2017-07-27,16.030000686645508,16.3799991607666,15.779999732971191,16.020000457763672,16.020000457763672,31900
2017-07-28,16.0,16.059999465942383,15.90999984741211,16.020000457763672,16.020000457763672,36100
2017-07-31,16.030000686645508,16.170000076293945,15.859999656677246,15.960000038146973,15.960000038146973,18700
2017-08-01,15.800000190734863,16.030000686645508,15.800000190734863,16.0,16.0,23000
2017-08-02,15.920000076293945,15.920000076293945,15.0,15.420000076293945,15.420000076293945,159200
2017-08-03,15.5,15.600000381469727,15.199999809265137,15.550000190734863,15.550000190734863,69000
2017-08-04,15.720000267028809,15.720000267028809,15.470000267028809,15.569999694824219,15.569999694824219,8900
2017-08-07,15.520000457763672,15.5600004196167,15.359999656677246,15.479999542236328,15.479999542236328,19400
2017-08-08,15.279999732971191,15.680000305175781,15.279999732971191,15.630000114440918,15.630000114440918,10900
2017-08-09,15.670000076293945,15.739999771118164,15.380000114440918,15.680000305175781,15.680000305175781,56000
2017-08-10,15.949999809265137,16.049999237060547,15.510000228881836,15.649999618530273,15.649999618530273,61100
2017-08-11,15.65999984741211,15.8100004196167,15.390000343322754,15.59000015258789,15.59000015258789,33000
2017-08-14,15.640000343322754,15.989999771118164,15.510000228881836,15.960000038146973,15.960000038146973,35200
2017-08-15,15.960000038146973,16.110000610351562,15.9399995803833,16.030000686645508,16.030000686645508,108200
2017-08-16,16.139999389648438,16.139999389648438,15.579999923706055,15.720000267028809,15.720000267028809,29700
2017-08-17,15.65999984741211,15.970000267028809,15.600000381469727,15.609999656677246,15.609999656677246,42100
2017-08-18,15.420000076293945,15.680000305175781,15.380000114440918,15.529999732971191,15.529999732971191,53700
2017-08-21,15.510000228881836,15.760000228881836,15.5,15.649999618530273,15.649999618530273,33300
2017-08-22,15.699999809265137,15.84000015258789,15.649999618530273,15.6899995803833,15.6899995803833,12600
2017-08-23,15.5600004196167,15.640000343322754,15.479999542236328,15.5,15.5,46800
2017-08-24,15.520000457763672,15.619999885559082,15.5,15.5600004196167,15.5600004196167,18900
2017-08-25,15.569999694824219,15.829999923706055,15.520000457763672,15.600000381469727,15.600000381469727,31300
2017-08-28,15.5600004196167,15.800000190734863,15.5600004196167,15.65999984741211,15.65999984741211,43500
2017-08-29,15.640000343322754,15.760000228881836,15.569999694824219,15.680000305175781,15.680000305175781,36300
2017-08-30,15.670000076293945,15.8100004196167,15.59000015258789,15.739999771118164,15.739999771118164,28100
2017-08-31,15.850000381469727,16.0,15.59000015258789,15.760000228881836,15.760000228881836,54600
2017-09-01,15.550000190734863,15.890000343322754,15.550000190734863,15.789999961853027,15.789999961853027,41900
2017-09-05,15.789999961853027,15.960000038146973,15.75,15.760000228881836,15.760000228881836,39800
2017-09-06,15.789999961853027,16.049999237060547,15.789999961853027,15.930000305175781,15.930000305175781,36500
2017-09-07,15.899999618530273,15.970000267028809,15.630000114440918,15.670000076293945,15.670000076293945,30000
2017-09-08,15.649999618530273,15.850000381469727,15.600000381469727,15.729999542236328,15.729999542236328,11200
2017-09-11,15.779999732971191,15.84000015258789,15.670000076293945,15.729999542236328,15.729999542236328,12500
2017-09-12,15.760000228881836,16.0,15.760000228881836,15.930000305175781,15.930000305175781,38300
2017-09-13,15.949999809265137,16.010000228881836,15.859999656677246,15.930000305175781,15.930000305175781,37500
2017-09-14,15.90999984741211,16.280000686645508,15.75,16.040000915527344,16.040000915527344,30600
2017-09-15,16.09000015258789,16.1299991607666,15.899999618530273,16.010000228881836,16.010000228881836,104700
2017-09-18,16.06999969482422,16.299999237060547,16.06999969482422,16.209999084472656,16.209999084472656,58600
2017-09-19,16.020000457763672,16.309999465942383,16.020000457763672,16.200000762939453,16.200000762939453,55400
2017-09-20,16.149999618530273,16.299999237060547,15.979999542236328,16.110000610351562,16.110000610351562,36300
2017-09-21,15.989999771118164,16.139999389648438,15.890000343322754,16.06999969482422,16.06999969482422,15000
2017-09-22,15.960000038146973,16.1200008392334,15.960000038146973,15.989999771118164,15.989999771118164,19600
2017-09-25,15.960000038146973,16.100000381469727,15.930000305175781,15.9399995803833,15.9399995803833,71600
2017-09-26,15.949999809265137,16.049999237060547,15.90999984741211,15.979999542236328,15.979999542236328,36600
2017-09-27,15.989999771118164,16.049999237060547,15.979999542236328,16.040000915527344,16.040000915527344,113500
2017-09-28,16.040000915527344,16.040000915527344,15.779999732971191,15.779999732971191,15.779999732971191,47200
2017-09-29,15.819999694824219,16.0,15.65999984741211,15.720000267028809,15.720000267028809,102800
2017-10-02,15.800000190734863,16.040000915527344,15.800000190734863,15.920000076293945,15.920000076293945,52700
2017-10-03,16.0,16.0,15.869999885559082,15.970000267028809,15.970000267028809,27300
2017-10-04,16.040000915527344,16.219999313354492,15.890000343322754,15.920000076293945,15.920000076293945,18900
2017-10-05,16.0,16.0,15.829999923706055,15.970000267028809,15.970000267028809,26800
2017-10-06,16.0,16.030000686645508,15.890000343322754,15.979999542236328,15.979999542236328,12900
2017-10-09,16.059999465942383,16.06999969482422,15.899999618530273,15.90999984741211,15.90999984741211,39600
2017-10-10,16.0,16.0,15.850000381469727,15.9399995803833,15.9399995803833,27900
2017-10-11,16.0,16.079999923706055,15.970000267028809,15.989999771118164,15.989999771118164,34600
2017-10-12,15.9399995803833,16.079999923706055,15.899999618530273,15.960000038146973,15.960000038146973,16400
2017-10-13,16.030000686645508,16.079999923706055,15.949999809265137,16.030000686645508,16.030000686645508,26700
2017-10-16,16.079999923706055,16.1299991607666,15.859999656677246,16.06999969482422,16.06999969482422,38500
2017-10-17,15.930000305175781,16.059999465942383,15.729999542236328,15.869999885559082,15.869999885559082,35900
2017-10-18,15.949999809265137,16.030000686645508,15.739999771118164,15.949999809265137,15.949999809265137,79100
2017-10-19,15.800000190734863,16.010000228881836,15.800000190734863,15.960000038146973,15.960000038146973,15000
2017-10-20,16.06999969482422,16.06999969482422,15.890000343322754,15.920000076293945,15.920000076293945,22700
2017-10-23,15.930000305175781,16.010000228881836,15.770000457763672,15.949999809265137,15.949999809265137,56300
2017-10-24,16.040000915527344,16.149999618530273,15.989999771118164,16.030000686645508,16.030000686645508,63200
2017-10-25,16.100000381469727,16.100000381469727,15.859999656677246,15.989999771118164,15.989999771118164,37400
2017-10-26,16.030000686645508,16.059999465942383,15.90999984741211,15.989999771118164,15.989999771118164,56200
2017-10-27,16.719999313354492,16.719999313354492,15.90999984741211,15.989999771118164,15.989999771118164,38500
2017-10-30,15.930000305175781,16.010000228881836,15.550000190734863,15.609999656677246,15.609999656677246,39000
2017-10-31,15.65999984741211,15.760000228881836,15.579999923706055,15.649999618530273,15.649999618530273,53900
2017-11-01,15.729999542236328,15.729999542236328,15.5,15.550000190734863,15.550000190734863,35600
2017-11-02,15.619999885559082,15.699999809265137,15.59000015258789,15.619999885559082,15.619999885559082,42200
2017-11-03,15.670000076293945,15.670000076293945,15.359999656677246,15.40999984741211,15.40999984741211,73600
2017-11-06,15.40999984741211,15.630000114440918,15.079999923706055,15.25,15.25,35000
2017-11-07,15.260000228881836,15.300000190734863,14.8100004196167,14.829999923706055,14.829999923706055,97600
2017-11-08,14.800000190734863,14.859999656677246,14.449999809265137,14.829999923706055,14.829999923706055,105300
2017-11-09,14.6899995803833,14.899999618530273,14.600000381469727,14.819999694824219,14.819999694824219,62300
2017-11-10,14.829999923706055,15.050000190734863,14.760000228881836,14.760000228881836,14.760000228881836,95400
2017-11-13,14.75,14.8100004196167,14.649999618530273,14.729999542236328,14.729999542236328,24500
2017-11-14,14.720000267028809,15.199999809265137,14.470000267028809,14.670000076293945,14.670000076293945,18400
2017-11-15,14.539999961853027,14.800000190734863,14.399999618530273,14.760000228881836,14.760000228881836,29500
2017-11-16,14.789999961853027,14.890000343322754,14.529999732971191,14.850000381469727,14.850000381469727,45800
2017-11-17,14.75,15.09000015258789,14.369999885559082,15.029999732971191,15.029999732971191,52700
2017-11-20,15.149999618530273,15.289999961853027,14.829999923706055,15.279999732971191,15.279999732971191,48300
2017-11-21,15.319999694824219,15.430000305175781,15.0,15.399999618530273,15.399999618530273,31000
2017-11-22,15.430000305175781,15.489999771118164,15.25,15.3100004196167,15.3100004196167,25400
2017-11-24,15.3100004196167,15.359999656677246,14.539999961853027,15.239999771118164,15.239999771118164,27900
2017-11-27,15.25,15.510000228881836,15.079999923706055,15.489999771118164,15.489999771118164,22400
2017-11-28,15.460000038146973,15.65999984741211,14.90999984741211,15.609999656677246,15.609999656677246,38700
2017-11-29,15.670000076293945,16.030000686645508,14.75,16.0,16.0,70900
2017-11-30,16.010000228881836,16.030000686645508,15.8100004196167,15.970000267028809,15.970000267028809,30400
2017-12-01,16.049999237060547,16.139999389648438,15.579999923706055,16.110000610351562,16.110000610351562,91000
2017-12-04,16.25,16.549999237060547,16.049999237060547,16.049999237060547,16.049999237060547,107000
2017-12-05,16.059999465942383,16.06999969482422,15.529999732971191,15.920000076293945,15.920000076293945,36800
2017-12-06,15.930000305175781,16.18000030517578,15.729999542236328,15.770000457763672,15.770000457763672,53700
2017-12-07,15.800000190734863,16.040000915527344,15.800000190734863,15.899999618530273,15.899999618530273,45600
2017-12-08,15.970000267028809,16.18000030517578,15.800000190734863,15.949999809265137,15.949999809265137,42800
2017-12-11,15.960000038146973,16.079999923706055,15.84000015258789,16.010000228881836,16.010000228881836,36800
2017-12-12,16.09000015258789,16.09000015258789,15.710000038146973,15.739999771118164,15.739999771118164,114300
2017-12-13,15.710000038146973,16.049999237060547,15.710000038146973,15.960000038146973,15.960000038146973,50000
2017-12-14,15.850000381469727,15.989999771118164,15.760000228881836,15.949999809265137,15.949999809265137,58200
2017-12-15,15.890000343322754,16.149999618530273,15.880000114440918,16.06999969482422,16.06999969482422,123100
2017-12-18,16.09000015258789,16.200000762939453,15.979999542236328,16.06999969482422,16.06999969482422,74300
2017-12-19,16.149999618530273,16.18000030517578,16.0,16.010000228881836,16.010000228881836,39300
2017-12-20,15.960000038146973,16.1200008392334,15.949999809265137,15.979999542236328,15.979999542236328,77600
2017-12-21,15.989999771118164,16.25,15.930000305175781,16.0,16.0,52400
2017-12-22,15.960000038146973,16.079999923706055,15.949999809265137,15.979999542236328,15.979999542236328,102700
2017-12-26,15.960000038146973,16.18000030517578,15.699999809265137,15.739999771118164,15.739999771118164,40200
2017-12-27,15.779999732971191,15.90999984741211,15.760000228881836,15.789999961853027,15.789999961853027,22800
2017-12-28,15.75,15.90999984741211,15.649999618530273,15.869999885559082,15.869999885559082,40800
2017-12-29,16.0,16.799999237060547,15.869999885559082,16.700000762939453,16.700000762939453,357200
2018-01-02,16.780000686645508,16.780000686645508,16.510000228881836,16.670000076293945,16.670000076293945,70400
2018-01-03,16.729999542236328,17.149999618530273,16.729999542236328,17.079999923706055,17.079999923706055,79500
2018-01-04,17.1200008392334,17.229999542236328,16.75,16.829999923706055,16.829999923706055,28400
2018-01-05,16.84000015258789,16.950000762939453,16.670000076293945,16.709999084472656,16.709999084472656,53200
2018-01-08,16.700000762939453,16.93000030517578,16.700000762939453,16.729999542236328,16.729999542236328,37700
2018-01-09,16.709999084472656,17.059999465942383,16.709999084472656,16.75,16.75,45000
2018-01-10,16.75,16.790000915527344,16.6299991607666,16.65999984741211,16.65999984741211,35800
2018-01-11,16.670000076293945,17.010000228881836,16.649999618530273,16.790000915527344,16.790000915527344,45600
2018-01-12,16.899999618530273,17.040000915527344,16.75,17.010000228881836,17.010000228881836,40900
2018-01-16,17.079999923706055,17.290000915527344,16.850000381469727,16.8700008392334,16.8700008392334,65300
2018-01-17,16.93000030517578,17.0,16.739999771118164,16.950000762939453,16.950000762939453,23000
2018-01-18,16.940000534057617,17.049999237060547,16.709999084472656,16.729999542236328,16.729999542236328,13900
2018-01-19,16.719999313354492,17.149999618530273,16.59000015258789,16.979999542236328,16.979999542236328,38200
2018-01-22,16.979999542236328,17.0,16.729999542236328,16.809999465942383,16.809999465942383,27300
2018-01-23,16.780000686645508,16.850000381469727,16.5,16.690000534057617,16.690000534057617,31300
2018-01-24,16.829999923706055,16.829999923706055,16.530000686645508,16.600000381469727,16.600000381469727,20900
2018-01-25,16.65999984741211,16.850000381469727,16.5,16.610000610351562,16.610000610351562,42600
2018-01-26,16.639999389648438,16.899999618530273,16.559999465942383,16.6200008392334,16.6200008392334,6400
2018-01-29,16.600000381469727,16.6299991607666,16.450000762939453,16.459999084472656,16.459999084472656,25400
2018-01-30,16.450000762939453,17.329999923706055,16.420000076293945,16.459999084472656,16.459999084472656,34600
2018-01-31,16.530000686645508,17.43000030517578,16.43000030517578,16.489999771118164,16.489999771118164,31100
2018-02-01,16.5,16.610000610351562,16.3799991607666,16.450000762939453,16.450000762939453,24800
2018-02-02,16.399999618530273,16.469999313354492,16.229999542236328,16.34000015258789,16.34000015258789,39300
2018-02-05,16.25,16.739999771118164,15.90999984741211,15.9399995803833,15.9399995803833,64000
2018-02-06,15.800000190734863,16.1200008392334,15.579999923706055,16.059999465942383,16.059999465942383,67100
2018-02-07,16.06999969482422,16.309999465942383,15.890000343322754,16.229999542236328,16.229999542236328,25800
2018-02-08,16.219999313354492,16.31999969482422,15.960000038146973,16.1200008392334,16.1200008392334,33800
2018-02-09,16.280000686645508,16.280000686645508,15.960000038146973,16.09000015258789,16.09000015258789,64100
2018-02-12,16.09000015258789,16.229999542236328,16.0,16.1299991607666,16.1299991607666,34000
2018-02-13,16.06999969482422,16.229999542236328,16.049999237060547,16.09000015258789,16.09000015258789,32200
2018-02-14,16.040000915527344,16.299999237060547,16.020000457763672,16.020000457763672,16.020000457763672,27800
2018-02-15,16.06999969482422,16.170000076293945,15.920000076293945,16.0,16.0,25200
2018-02-16,15.949999809265137,16.149999618530273,15.819999694824219,16.09000015258789,16.09000015258789,22900
2018-02-20,16.100000381469727,16.260000228881836,15.890000343322754,15.899999618530273,15.899999618530273,35500
2018-02-21,15.949999809265137,16.40999984741211,15.90999984741211,16.049999237060547,16.049999237060547,28300
2018-02-22,16.059999465942383,16.600000381469727,15.869999885559082,16.469999313354492,16.469999313354492,89900
2018-02-23,16.639999389648438,17.0,16.399999618530273,16.979999542236328,16.979999542236328,76700
2018-02-26,17.389999389648438,17.399999618530273,17.100000381469727,17.18000030517578,17.18000030517578,82700
2018-02-27,17.15999984741211,17.190000534057617,16.40999984741211,16.600000381469727,16.600000381469727,58600
2018-02-28,16.610000610351562,16.709999084472656,16.329999923706055,16.399999618530273,16.399999618530273,62300
2018-03-01,16.399999618530273,16.729999542236328,16.200000762939453,16.469999313354492,16.469999313354492,39300
2018-03-02,16.389999389648438,17.100000381469727,16.25,16.940000534057617,16.940000534057617,59200
2018-03-05,16.920000076293945,17.040000915527344,16.8799991607666,16.93000030517578,16.93000030517578,41400
2018-03-06,16.989999771118164,17.15999984741211,16.739999771118164,16.940000534057617,16.940000534057617,27400
2018-03-07,16.84000015258789,17.079999923706055,16.729999542236328,16.989999771118164,16.989999771118164,35800
2018-03-08,16.989999771118164,17.110000610351562,16.8799991607666,16.969999313354492,16.969999313354492,18500
2018-03-09,17.020000457763672,17.170000076293945,16.860000610351562,16.959999084472656,16.959999084472656,29400
2018-03-12,17.049999237060547,17.049999237060547,16.739999771118164,16.889999389648438,16.889999389648438,27700
2018-03-13,16.959999084472656,17.030000686645508,16.649999618530273,16.860000610351562,16.860000610351562,20200
2018-03-14,16.8700008392334,16.959999084472656,16.770000457763672,16.8799991607666,16.8799991607666,14800
2018-03-15,16.8700008392334,16.8700008392334,16.56999969482422,16.639999389648438,16.639999389648438,32400
2018-03-16,16.520000457763672,17.479999542236328,16.520000457763672,17.399999618530273,17.399999618530273,161500
2018-03-19,17.34000015258789,17.5,16.020000457763672,17.030000686645508,17.030000686645508,41100
2018-03-20,17.170000076293945,17.200000762939453,16.020000457763672,16.81999969482422,16.81999969482422,23200
2018-03-21,16.850000381469727,17.079999923706055,16.559999465942383,16.600000381469727,16.600000381469727,49800
2018-03-22,16.459999084472656,16.899999618530273,16.459999084472656,16.700000762939453,16.700000762939453,77300
2018-03-23,16.709999084472656,16.969999313354492,16.100000381469727,16.1200008392334,16.1200008392334,71700
2018-03-26,16.600000381469727,16.65999984741211,16.219999313354492,16.600000381469727,16.600000381469727,69600
2018-03-27,16.610000610351562,16.729999542236328,16.5,16.579999923706055,16.579999923706055,32200
2018-03-28,16.559999465942383,16.75,16.399999618530273,16.530000686645508,16.530000686645508,34200
2018-03-29,16.59000015258789,16.790000915527344,16.469999313354492,16.649999618530273,16.649999618530273,43100
2018-04-02,16.56999969482422,16.760000228881836,16.229999542236328,16.549999237060547,16.549999237060547,32000
2018-04-03,16.59000015258789,16.979999542236328,16.3700008392334,16.479999542236328,16.479999542236328,35300
2018-04-04,16.31999969482422,16.729999542236328,16.100000381469727,16.530000686645508,16.530000686645508,46100
2018-04-05,16.610000610351562,16.739999771118164,16.260000228881836,16.729999542236328,16.729999542236328,18900
2018-04-06,16.649999618530273,16.790000915527344,16.280000686645508,16.3700008392334,16.3700008392334,55300
2018-04-09,16.43000030517578,16.68000030517578,16.299999237060547,16.440000534057617,16.440000534057617,35900
2018-04-10,16.540000915527344,16.729999542236328,16.40999984741211,16.510000228881836,16.510000228881836,23500
2018-04-11,16.479999542236328,16.549999237060547,16.399999618530273,16.450000762939453,16.450000762939453,14900
2018-04-12,16.5,16.540000915527344,16.350000381469727,16.389999389648438,16.389999389648438,25500
2018-04-13,16.459999084472656,16.459999084472656,16.260000228881836,16.299999237060547,16.299999237060547,22500
2018-04-16,16.25,16.450000762939453,15.960000038146973,16.020000457763672,16.020000457763672,190200
2018-04-17,16.09000015258789,16.18000030517578,15.970000267028809,16.1200008392334,16.1200008392334,39400
2018-04-18,16.139999389648438,16.290000915527344,16.0,16.030000686645508,16.030000686645508,39000
2018-04-19,16.010000228881836,16.170000076293945,15.899999618530273,16.040000915527344,16.040000915527344,74700
2018-04-20,15.949999809265137,16.110000610351562,15.619999885559082,15.770000457763672,15.770000457763672,53300
2018-04-23,15.770000457763672,16.209999084472656,15.770000457763672,16.1200008392334,16.1200008392334,47900
2018-04-24,16.170000076293945,16.170000076293945,15.84000015258789,15.9399995803833,15.9399995803833,108500
2018-04-25,15.960000038146973,16.040000915527344,15.779999732971191,15.800000190734863,15.800000190734863,18800
2018-04-26,15.850000381469727,15.9399995803833,15.760000228881836,15.800000190734863,15.800000190734863,16900
2018-04-27,15.850000381469727,15.850000381469727,15.520000457763672,15.640000343322754,15.640000343322754,28000
2018-04-30,15.670000076293945,15.6899995803833,15.3100004196167,15.329999923706055,15.329999923706055,39300
2018-05-01,15.3100004196167,15.40999984741211,15.109999656677246,15.34000015258789,15.34000015258789,42800
2018-05-02,15.329999923706055,15.5600004196167,15.25,15.399999618530273,15.399999618530273,26100
2018-05-03,15.319999694824219,16.3799991607666,15.270000457763672,15.319999694824219,15.319999694824219,39800
2018-05-04,15.3100004196167,15.59000015258789,15.229999542236328,15.5,15.5,16100
2018-05-07,15.510000228881836,15.789999961853027,15.460000038146973,15.600000381469727,15.600000381469727,36000
2018-05-08,15.670000076293945,15.84000015258789,15.380000114440918,15.59000015258789,15.59000015258789,28100
2018-05-09,15.59000015258789,15.640000343322754,15.270000457763672,15.350000381469727,15.350000381469727,28900
2018-05-10,15.350000381469727,15.569999694824219,15.199999809265137,15.449999809265137,15.449999809265137,24000
2018-05-11,15.649999618530273,16.06999969482422,15.649999618530273,15.819999694824219,15.819999694824219,36700
2018-05-14,15.850000381469727,15.979999542236328,15.699999809265137,15.920000076293945,15.920000076293945,11600
2018-05-15,15.899999618530273,16.049999237060547,15.710000038146973,15.729999542236328,15.729999542236328,20700
2018-05-16,15.829999923706055,16.100000381469727,15.779999732971191,15.880000114440918,15.880000114440918,36600
2018-05-17,15.869999885559082,16.06999969482422,15.75,15.75,15.75,33500
2018-05-18,15.890000343322754,15.989999771118164,15.390000343322754,15.449999809265137,15.449999809265137,42800
2018-05-21,15.550000190734863,15.760000228881836,15.550000190734863,15.710000038146973,15.710000038146973,33900
2018-05-22,15.699999809265137,16.0,15.350000381469727,15.350000381469727,15.350000381469727,29100
2018-05-23,15.279999732971191,15.510000228881836,15.25,15.390000343322754,15.390000343322754,40800
2018-05-24,15.369999885559082,15.40999984741211,15.270000457763672,15.369999885559082,15.369999885559082,29800
2018-05-25,15.390000343322754,15.520000457763672,15.289999961853027,15.460000038146973,15.460000038146973,10500
2018-05-29,15.380000114440918,15.760000228881836,15.3100004196167,15.569999694824219,15.569999694824219,46600
2018-05-30,15.600000381469727,16.229999542236328,15.25,15.65999984741211,15.65999984741211,61900
2018-05-31,15.670000076293945,15.720000267028809,15.529999732971191,15.640000343322754,15.640000343322754,14600
2018-06-01,15.649999618530273,15.880000114440918,15.600000381469727,15.789999961853027,15.789999961853027,16900
2018-06-04,15.779999732971191,16.110000610351562,15.729999542236328,15.960000038146973,15.960000038146973,38400
2018-06-05,15.9399995803833,16.030000686645508,15.8100004196167,15.979999542236328,15.979999542236328,31000
2018-06-06,16.0,16.100000381469727,15.890000343322754,15.979999542236328,15.979999542236328,54900
2018-06-07,16.010000228881836,16.389999389648438,15.960000038146973,16.0,16.0,40800
2018-06-08,15.989999771118164,16.299999237060547,15.800000190734863,15.960000038146973,15.960000038146973,78900
2018-06-11,15.829999923706055,16.139999389648438,15.720000267028809,15.850000381469727,15.850000381469727,63000
2018-06-12,15.84000015258789,16.139999389648438,15.84000015258789,16.020000457763672,16.020000457763672,31900
2018-06-13,16.020000457763672,16.059999465942383,15.859999656677246,16.040000915527344,16.040000915527344,28300
2018-06-14,16.049999237060547,16.049999237060547,15.899999618530273,15.960000038146973,15.960000038146973,40600
2018-06-15,15.930000305175781,16.049999237060547,15.90999984741211,15.90999984741211,15.90999984741211,65100
2018-06-18,15.899999618530273,16.020000457763672,15.84000015258789,15.920000076293945,15.920000076293945,19000
2018-06-19,15.84000015258789,16.219999313354492,15.84000015258789,16.149999618530273,16.149999618530273,18900
2018-06-20,16.15999984741211,16.360000610351562,16.09000015258789,16.239999771118164,16.239999771118164,26800
2018-06-21,16.219999313354492,16.309999465942383,16.149999618530273,16.260000228881836,16.260000228881836,21000
2018-06-22,16.260000228881836,16.549999237060547,16.25,16.350000381469727,16.350000381469727,204800
2018-06-25,16.25,16.420000076293945,16.100000381469727,16.209999084472656,16.209999084472656,43700
2018-06-26,16.219999313354492,16.260000228881836,16.059999465942383,16.1200008392334,16.1200008392334,31700
2018-06-27,16.149999618530273,16.25,16.110000610351562,16.15999984741211,16.15999984741211,31000
2018-06-28,16.18000030517578,16.329999923706055,16.079999923706055,16.170000076293945,16.170000076293945,22500
2018-06-29,16.15999984741211,16.200000762939453,15.880000114440918,15.949999809265137,15.949999809265137,26700
2018-07-02,15.880000114440918,16.020000457763672,15.800000190734863,15.960000038146973,15.960000038146973,14900
2018-07-03,15.9399995803833,16.18000030517578,15.920000076293945,16.049999237060547,16.049999237060547,6300
2018-07-05,16.010000228881836,16.200000762939453,15.930000305175781,16.149999618530273,16.149999618530273,18500
2018-07-06,16.110000610351562,16.270000457763672,15.920000076293945,16.15999984741211,16.15999984741211,31000
2018-07-09,16.06999969482422,16.290000915527344,16.049999237060547,16.09000015258789,16.09000015258789,9800
2018-07-10,16.079999923706055,16.079999923706055,15.949999809265137,16.0,16.0,14800
2018-07-11,15.960000038146973,16.110000610351562,15.960000038146973,16.040000915527344,16.040000915527344,36000
2018-07-12,16.0,16.170000076293945,16.0,16.020000457763672,16.020000457763672,15800
2018-07-13,16.030000686645508,16.15999984741211,15.979999542236328,16.010000228881836,16.010000228881836,10000
2018-07-16,16.09000015258789,16.100000381469727,15.979999542236328,16.030000686645508,16.030000686645508,18600
2018-07-17,15.979999542236328,16.149999618530273,15.800000190734863,15.899999618530273,15.899999618530273,34200
2018-07-18,15.84000015258789,15.920000076293945,15.720000267028809,15.829999923706055,15.829999923706055,24900
2018-07-19,15.84000015258789,16.020000457763672,15.770000457763672,15.8100004196167,15.8100004196167,31800
2018-07-20,15.829999923706055,15.829999923706055,15.729999542236328,15.739999771118164,15.739999771118164,19200
2018-07-23,15.75,15.869999885559082,15.649999618530273,15.789999961853027,15.789999961853027,76000
2018-07-24,15.800000190734863,15.829999923706055,15.760000228881836,15.800000190734863,15.800000190734863,33800
2018-07-25,15.800000190734863,15.800000190734863,15.550000190734863,15.619999885559082,15.619999885559082,43600
2018-07-26,15.609999656677246,15.75,15.59000015258789,15.619999885559082,15.619999885559082,54800
2018-07-27,15.5600004196167,15.680000305175781,15.369999885559082,15.510000228881836,15.510000228881836,32000
2018-07-30,15.5,15.699999809265137,15.5,15.640000343322754,15.640000343322754,12300
2018-07-31,15.710000038146973,15.829999923706055,15.420000076293945,15.800000190734863,15.800000190734863,50900
2018-08-01,15.8100004196167,15.829999923706055,15.649999618530273,15.699999809265137,15.699999809265137,13500
2018-08-02,15.649999618530273,16.0,15.649999618530273,15.949999809265137,15.949999809265137,21200
2018-08-03,15.90999984741211,16.020000457763672,15.649999618530273,15.729999542236328,15.729999542236328,15000
2018-08-06,15.75,15.880000114440918,15.699999809265137,15.880000114440918,15.880000114440918,13000
2018-08-07,15.890000343322754,15.989999771118164,15.829999923706055,15.9399995803833,15.9399995803833,10900
2018-08-08,15.960000038146973,15.960000038146973,15.739999771118164,15.84000015258789,15.84000015258789,12800
2018-08-09,15.84000015258789,15.899999618530273,15.699999809265137,15.760000228881836,15.760000228881836,29800
2018-08-10,16.020000457763672,16.1299991607666,15.920000076293945,16.020000457763672,16.020000457763672,65800
2018-08-13,16.079999923706055,16.079999923706055,15.75,15.890000343322754,15.890000343322754,22800
2018-08-14,16.0,16.049999237060547,15.90999984741211,16.020000457763672,16.020000457763672,28100
2018-08-15,16.049999237060547,16.270000457763672,15.970000267028809,16.1299991607666,16.1299991607666,66900
2018-08-16,16.149999618530273,16.299999237060547,16.06999969482422,16.25,16.25,69700
2018-08-17,16.209999084472656,16.299999237060547,16.190000534057617,16.260000228881836,16.260000228881836,56700
2018-08-20,16.280000686645508,16.280000686645508,16.06999969482422,16.260000228881836,16.260000228881836,29800
2018-08-21,16.270000457763672,16.299999237060547,16.170000076293945,16.209999084472656,16.209999084472656,31900
2018-08-22,16.229999542236328,16.229999542236328,16.110000610351562,16.200000762939453,16.200000762939453,19600
2018-08-23,16.229999542236328,16.260000228881836,16.1299991607666,16.219999313354492,16.219999313354492,30100
2018-08-24,16.270000457763672,16.299999237060547,16.219999313354492,16.260000228881836,16.260000228881836,35200
2018-08-27,16.239999771118164,16.290000915527344,16.15999984741211,16.239999771118164,16.239999771118164,41000
2018-08-28,16.25,16.260000228881836,16.139999389648438,16.139999389648438,16.139999389648438,38800
2018-08-29,16.149999618530273,16.190000534057617,16.100000381469727,16.1200008392334,16.1200008392334,20500
2018-08-30,16.15999984741211,16.270000457763672,16.030000686645508,16.100000381469727,16.100000381469727,37300
2018-08-31,16.110000610351562,16.149999618530273,15.930000305175781,16.100000381469727,16.100000381469727,32700
2018-09-04,16.1299991607666,16.200000762939453,15.9399995803833,16.09000015258789,16.09000015258789,31800
2018-09-05,16.1200008392334,16.1200008392334,15.84000015258789,16.0,16.0,20000
2018-09-06,15.989999771118164,16.049999237060547,15.800000190734863,15.970000267028809,15.970000267028809,31200
2018-09-07,15.949999809265137,16.040000915527344,15.869999885559082,15.979999542236328,15.979999542236328,23500
2018-09-10,16.040000915527344,16.040000915527344,15.829999923706055,15.84000015258789,15.84000015258789,11500
2018-09-11,15.75,15.979999542236328,15.75,15.869999885559082,15.869999885559082,18600
2018-09-12,15.850000381469727,15.930000305175781,15.850000381469727,15.890000343322754,15.890000343322754,18000
2018-09-13,15.960000038146973,16.100000381469727,15.859999656677246,15.890000343322754,15.890000343322754,34300
2018-09-14,15.8100004196167,15.949999809265137,15.8100004196167,15.850000381469727,15.850000381469727,40500
2018-09-17,15.899999618530273,16.0,15.84000015258789,15.949999809265137,15.949999809265137,25600
2018-09-18,15.960000038146973,15.960000038146973,15.8100004196167,15.850000381469727,15.850000381469727,15300
2018-09-19,15.899999618530273,15.899999618530273,15.710000038146973,15.739999771118164,15.739999771118164,35100
2018-09-20,15.779999732971191,15.819999694824219,15.670000076293945,15.710000038146973,15.710000038146973,32700
2018-09-21,15.65999984741211,15.890000343322754,15.510000228881836,15.569999694824219,15.569999694824219,96500
2018-09-24,15.59000015258789,15.59000015258789,15.380000114440918,15.479999542236328,15.479999542236328,32300
2018-09-25,15.460000038146973,15.579999923706055,15.40999984741211,15.520000457763672,15.520000457763672,18800
2018-09-26,15.539999961853027,15.569999694824219,15.420000076293945,15.460000038146973,15.460000038146973,33200
2018-09-27,15.470000267028809,15.640000343322754,15.359999656677246,15.510000228881836,15.510000228881836,21700
2018-09-28,15.489999771118164,15.859999656677246,15.449999809265137,15.800000190734863,15.800000190734863,20900
2018-10-01,15.850000381469727,16.030000686645508,15.579999923706055,15.829999923706055,15.829999923706055,40200
2018-10-02,15.84000015258789,15.84000015258789,15.5,15.5600004196167,15.5600004196167,29800
2018-10-03,15.609999656677246,15.850000381469727,15.470000267028809,15.609999656677246,15.609999656677246,80800
2018-10-04,15.470000267028809,15.789999961853027,15.430000305175781,15.470000267028809,15.470000267028809,33000
2018-10-05,15.460000038146973,15.619999885559082,15.300000190734863,15.329999923706055,15.329999923706055,71000
2018-10-08,15.399999618530273,15.399999618530273,15.270000457763672,15.350000381469727,15.350000381469727,38200
2018-10-09,15.369999885559082,15.369999885559082,15.229999542236328,15.319999694824219,15.319999694824219,93200
2018-10-10,15.359999656677246,15.520000457763672,15.109999656677246,15.109999656677246,15.109999656677246,84300
2018-10-11,15.149999618530273,15.25,14.880000114440918,14.890000343322754,14.890000343322754,46600
2018-10-12,15.039999961853027,15.180000305175781,14.899999618530273,14.930000305175781,14.930000305175781,71200
2018-10-15,14.979999542236328,15.079999923706055,14.550000190734863,14.65999984741211,14.65999984741211,84900
2018-10-16,14.739999771118164,15.0,14.680000305175781,14.979999542236328,14.979999542236328,42300
2018-10-17,15.050000190734863,15.050000190734863,14.770000457763672,14.899999618530273,14.899999618530273,30600
2018-10-18,14.920000076293945,15.0,14.829999923706055,14.970000267028809,14.970000267028809,38800
2018-10-19,14.920000076293945,15.050000190734863,14.770000457763672,14.930000305175781,14.930000305175781,49100
2018-10-22,14.970000267028809,15.020000457763672,14.8100004196167,14.960000038146973,14.960000038146973,44100
2018-10-23,14.890000343322754,14.979999542236328,14.670000076293945,14.899999618530273,14.899999618530273,22800
2018-10-24,14.90999984741211,14.989999771118164,14.369999885559082,14.390000343322754,14.390000343322754,30100
2018-10-25,14.449999809265137,14.5,14.25,14.350000381469727,14.350000381469727,41200
2018-10-26,14.199999809265137,14.34000015258789,13.90999984741211,14.25,14.25,52500
2018-10-29,14.399999618530273,14.529999732971191,14.039999961853027,14.239999771118164,14.239999771118164,40300
2018-10-30,14.270000457763672,14.529999732971191,14.260000228881836,14.479999542236328,14.479999542236328,36000
2018-10-31,14.479999542236328,14.65999984741211,14.260000228881836,14.520000457763672,14.520000457763672,50100
2018-11-01,14.5,14.6899995803833,14.380000114440918,14.470000267028809,14.470000267028809,25500
2018-11-02,14.479999542236328,14.59000015258789,14.279999732971191,14.350000381469727,14.350000381469727,21700
2018-11-05,14.399999618530273,14.520000457763672,14.199999809265137,14.350000381469727,14.350000381469727,23900
2018-11-06,14.260000228881836,15.949999809265137,14.09000015258789,15.289999961853027,15.289999961853027,820500
2018-11-07,15.5,15.600000381469727,14.819999694824219,15.199999809265137,15.199999809265137,125200
2018-11-08,15.1899995803833,15.630000114440918,15.0600004196167,15.329999923706055,15.329999923706055,66000
2018-11-09,15.3100004196167,15.680000305175781,14.920000076293945,15.0,15.0,51000
2018-11-12,15.0600004196167,15.260000228881836,14.930000305175781,15.069999694824219,15.069999694824219,104800
2018-11-13,15.149999618530273,15.300000190734863,15.069999694824219,15.15999984741211,15.15999984741211,36900
2018-11-14,15.270000457763672,15.34000015258789,15.039999961853027,15.180000305175781,15.180000305175781,31300
2018-11-15,15.180000305175781,15.430000305175781,15.010000228881836,15.239999771118164,15.239999771118164,23400
2018-11-16,15.140000343322754,15.260000228881836,14.90999984741211,15.079999923706055,15.079999923706055,46500
2018-11-19,15.100000381469727,15.359999656677246,15.020000457763672,15.130000114440918,15.130000114440918,30300
2018-11-20,15.100000381469727,15.25,15.050000190734863,15.229999542236328,15.229999542236328,69300
2018-11-21,15.239999771118164,15.300000190734863,15.069999694824219,15.260000228881836,15.260000228881836,28200
2018-11-23,15.15999984741211,15.279999732971191,15.130000114440918,15.279999732971191,15.279999732971191,7400
2018-11-26,15.300000190734863,15.300000190734863,14.960000038146973,15.25,15.25,196500
2018-11-27,15.130000114440918,15.270000457763672,15.130000114440918,15.25,15.25,23300
2018-11-28,15.260000228881836,15.6899995803833,15.149999618530273,15.609999656677246,15.609999656677246,49300
2018-11-29,15.619999885559082,15.619999885559082,15.260000228881836,15.329999923706055,15.329999923706055,26200
2018-11-30,15.329999923706055,15.779999732971191,14.920000076293945,15.270000457763672,15.270000457763672,30600
2018-12-03,15.300000190734863,15.380000114440918,14.960000038146973,15.09000015258789,15.09000015258789,19300
2018-12-04,15.09000015258789,15.300000190734863,14.850000381469727,14.90999984741211,14.90999984741211,50000
2018-12-06,14.850000381469727,15.239999771118164,14.850000381469727,15.1899995803833,15.1899995803833,104400
2018-12-07,15.239999771118164,15.279999732971191,15.050000190734863,15.180000305175781,15.180000305175781,33500
2018-12-10,15.1899995803833,15.260000228881836,15.100000381469727,15.180000305175781,15.180000305175781,45800
2018-12-11,15.260000228881836,15.34000015258789,15.170000076293945,15.260000228881836,15.260000228881836,63400
2018-12-12,15.359999656677246,15.40999984741211,15.199999809265137,15.319999694824219,15.319999694824219,56400
2018-12-13,15.329999923706055,15.5,15.149999618530273,15.25,15.25,38200
2018-12-14,15.25,15.399999618530273,15.199999809265137,15.25,15.25,77100
2018-12-17,15.25,15.550000190734863,15.15999984741211,15.300000190734863,15.300000190734863,221300
2018-12-18,15.260000228881836,15.369999885559082,15.109999656677246,15.25,15.25,54100
2018-12-19,15.239999771118164,15.359999656677246,15.029999732971191,15.140000343322754,15.140000343322754,63300
2018-12-20,15.260000228881836,15.329999923706055,14.970000267028809,15.180000305175781,15.180000305175781,51800
2018-12-21,15.180000305175781,15.180000305175781,14.779999732971191,14.880000114440918,14.880000114440918,120700
2018-12-24,14.859999656677246,14.859999656677246,14.3100004196167,14.3100004196167,14.3100004196167,29000
2018-12-26,14.3100004196167,15.470000267028809,14.149999618530273,14.529999732971191,14.529999732971191,34800
2018-12-27,14.430000305175781,14.819999694824219,14.420000076293945,14.59000015258789,14.59000015258789,34800
2018-12-28,14.640000343322754,14.800000190734863,14.449999809265137,14.5600004196167,14.5600004196167,23200
2018-12-31,14.569999694824219,14.670000076293945,14.489999771118164,14.539999961853027,14.539999961853027,70400
2019-01-02,14.430000305175781,14.59000015258789,14.260000228881836,14.59000015258789,14.59000015258789,18900
2019-01-03,14.579999923706055,14.579999923706055,14.270000457763672,14.359999656677246,14.359999656677246,54400
2019-01-04,14.470000267028809,15.050000190734863,14.329999923706055,15.020000457763672,15.020000457763672,71500
2019-01-07,15.0,15.279999732971191,14.84000015258789,15.010000228881836,15.010000228881836,59000
2019-01-08,15.09000015258789,15.329999923706055,15.069999694824219,15.3100004196167,15.3100004196167,86600
2019-01-09,15.300000190734863,15.40999984741211,15.300000190734863,15.40999984741211,15.40999984741211,23400
2019-01-10,15.210000038146973,15.399999618530273,15.210000038146973,15.399999618530273,15.399999618530273,16500
2019-01-11,15.350000381469727,15.550000190734863,15.260000228881836,15.520000457763672,15.520000457763672,54900
2019-01-14,15.680000305175781,15.760000228881836,15.210000038146973,15.510000228881836,15.510000228881836,29000
2019-01-15,15.550000190734863,15.630000114440918,15.40999984741211,15.619999885559082,15.619999885559082,19900
2019-01-16,15.5,15.680000305175781,15.449999809265137,15.640000343322754,15.640000343322754,21400
2019-01-17,15.609999656677246,15.6899995803833,15.470000267028809,15.59000015258789,15.59000015258789,36700
2019-01-18,15.630000114440918,15.75,15.470000267028809,15.729999542236328,15.729999542236328,29400
2019-01-22,15.739999771118164,15.989999771118164,15.520000457763672,15.65999984741211,15.65999984741211,31500
2019-01-23,15.300000190734863,15.970000267028809,15.300000190734863,15.5,15.5,31300
2019-01-24,15.75,15.880000114440918,15.5,15.680000305175781,15.680000305175781,39200
2019-01-25,15.8100004196167,15.8100004196167,15.529999732971191,15.760000228881836,15.760000228881836,80400
2019-01-28,15.630000114440918,15.75,15.5,15.699999809265137,15.699999809265137,15900
2019-01-29,15.899999618530273,15.899999618530273,15.6899995803833,15.760000228881836,15.760000228881836,16500
2019-01-30,15.779999732971191,15.850000381469727,15.6899995803833,15.770000457763672,15.770000457763672,20200
2019-01-31,15.8100004196167,15.829999923706055,15.729999542236328,15.800000190734863,15.800000190734863,12300
2019-02-01,15.930000305175781,16.059999465942383,15.920000076293945,16.010000228881836,16.010000228881836,32900
2019-02-04,16.079999923706055,16.170000076293945,15.850000381469727,16.110000610351562,16.110000610351562,26800
2019-02-05,16.149999618530273,16.639999389648438,15.989999771118164,16.15999984741211,16.15999984741211,31700
2019-02-06,16.149999618530273,16.219999313354492,16.149999618530273,16.209999084472656,16.209999084472656,15600
2019-02-07,16.719999313354492,16.719999313354492,15.979999542236328,16.030000686645508,16.030000686645508,19200
2019-02-08,16.09000015258789,16.209999084472656,15.989999771118164,16.149999618530273,16.149999618530273,19100
2019-02-11,16.170000076293945,16.190000534057617,15.989999771118164,16.100000381469727,16.100000381469727,16300
2019-02-12,16.190000534057617,16.190000534057617,15.979999542236328,16.059999465942383,16.059999465942383,11900
2019-02-13,16.100000381469727,16.280000686645508,16.049999237060547,16.270000457763672,16.270000457763672,19200
2019-02-14,16.25,16.25,16.06999969482422,16.200000762939453,16.200000762939453,44900
2019-02-15,16.229999542236328,16.350000381469727,16.1200008392334,16.280000686645508,16.280000686645508,34600
2019-02-19,16.260000228881836,16.3799991607666,16.1200008392334,16.25,16.25,27400
2019-02-20,16.15999984741211,16.420000076293945,16.079999923706055,16.1299991607666,16.1299991607666,19200
2019-02-21,16.0,16.389999389648438,16.0,16.049999237060547,16.049999237060547,18400
2019-02-22,16.1200008392334,16.239999771118164,16.0,16.229999542236328,16.229999542236328,14000
2019-02-25,16.1299991607666,16.350000381469727,15.979999542236328,15.979999542236328,15.979999542236328,31500
2019-02-26,16.0,16.299999237060547,16.0,16.1200008392334,16.1200008392334,22300
2019-02-27,16.139999389648438,16.139999389648438,16.0,16.1200008392334,16.1200008392334,6500
2019-02-28,16.010000228881836,16.190000534057617,15.989999771118164,16.110000610351562,16.110000610351562,18000
2019-03-01,16.110000610351562,16.299999237060547,15.979999542236328,16.190000534057617,16.190000534057617,19400
2019-03-04,16.139999389648438,16.549999237060547,16.020000457763672,16.209999084472656,16.209999084472656,17900
2019-03-05,16.020000457763672,16.260000228881836,16.020000457763672,16.209999084472656,16.209999084472656,6100
2019-03-06,16.209999084472656,16.209999084472656,16.040000915527344,16.06999969482422,16.06999969482422,14600
2019-03-07,16.020000457763672,16.260000228881836,15.989999771118164,16.020000457763672,16.020000457763672,18700
2019-03-08,16.020000457763672,16.290000915527344,15.890000343322754,16.170000076293945,16.170000076293945,28500
2019-03-11,16.139999389648438,16.459999084472656,16.139999389648438,16.329999923706055,16.329999923706055,27500
2019-03-12,16.399999618530273,16.399999618530273,16.149999618530273,16.149999618530273,16.149999618530273,16500
2019-03-13,16.15999984741211,16.18000030517578,16.040000915527344,16.079999923706055,16.079999923706055,18300
2019-03-14,16.020000457763672,16.299999237060547,15.979999542236328,16.170000076293945,16.170000076293945,31100
2019-03-15,16.18000030517578,16.219999313354492,16.06999969482422,16.149999618530273,16.149999618530273,75900
2019-03-18,16.209999084472656,16.360000610351562,15.619999885559082,15.729999542236328,15.729999542236328,381600
2019-03-19,15.75,16.229999542236328,15.75,16.100000381469727,16.100000381469727,22100
2019-03-20,16.229999542236328,16.239999771118164,15.979999542236328,16.100000381469727,16.100000381469727,27700
2019-03-21,15.930000305175781,16.200000762939453,15.84000015258789,15.880000114440918,15.880000114440918,36600
2019-03-22,15.779999732971191,15.890000343322754,15.529999732971191,15.529999732971191,15.529999732971191,24400
2019-03-25,15.529999732971191,15.880000114440918,15.420000076293945,15.869999885559082,15.869999885559082,15600
2019-03-26,15.930000305175781,16.15999984741211,15.859999656677246,16.059999465942383,16.059999465942383,11600
2019-03-27,16.170000076293945,16.170000076293945,15.960000038146973,16.15999984741211,16.15999984741211,14900
2019-03-28,15.970000267028809,16.139999389648438,15.859999656677246,15.970000267028809,15.970000267028809,22100
2019-03-29,15.949999809265137,16.1200008392334,15.899999618530273,15.960000038146973,15.960000038146973,22000
2019-04-01,16.149999618530273,16.149999618530273,15.960000038146973,16.059999465942383,16.059999465942383,18000
2019-04-02,16.059999465942383,16.149999618530273,15.920000076293945,16.1299991607666,16.1299991607666,17500
2019-04-03,16.229999542236328,16.25,16.149999618530273,16.239999771118164,16.239999771118164,18900
2019-04-04,16.290000915527344,16.34000015258789,16.149999618530273,16.270000457763672,16.270000457763672,14100
2019-04-05,16.270000457763672,16.350000381469727,15.890000343322754,15.899999618530273,15.899999618530273,48900
2019-04-08,15.890000343322754,16.09000015258789,15.760000228881836,16.020000457763672,16.020000457763672,27000
2019-04-09,16.06999969482422,16.149999618530273,15.9399995803833,16.06999969482422,16.06999969482422,38800
2019-04-10,16.149999618530273,16.149999618530273,16.0,16.079999923706055,16.079999923706055,11900
2019-04-11,16.149999618530273,16.149999618530273,16.020000457763672,16.079999923706055,16.079999923706055,5400
2019-04-12,16.06999969482422,16.100000381469727,15.949999809265137,15.989999771118164,15.989999771118164,26100
2019-04-15,15.90999984741211,16.06999969482422,15.739999771118164,15.930000305175781,15.930000305175781,98400
2019-04-16,15.979999542236328,15.989999771118164,15.760000228881836,15.859999656677246,15.859999656677246,12400
2019-04-17,15.880000114440918,15.90999984741211,15.680000305175781,15.829999923706055,15.829999923706055,11600
2019-04-18,15.770000457763672,15.859999656677246,15.640000343322754,15.800000190734863,15.800000190734863,22200
2019-04-22,15.75,15.75,15.210000038146973,15.229999542236328,15.229999542236328,23000
2019-04-23,15.420000076293945,15.569999694824219,15.350000381469727,15.399999618530273,15.399999618530273,35100
2019-04-24,15.380000114440918,15.489999771118164,15.380000114440918,15.399999618530273,15.399999618530273,15900
2019-04-25,15.329999923706055,15.369999885559082,15.170000076293945,15.34000015258789,15.34000015258789,16000
2019-04-26,15.319999694824219,15.350000381469727,15.25,15.329999923706055,15.329999923706055,7400
2019-04-29,15.369999885559082,15.430000305175781,15.329999923706055,15.399999618530273,15.399999618530273,17900
2019-04-30,15.329999923706055,15.34000015258789,15.170000076293945,15.260000228881836,15.260000228881836,27600
2019-05-01,15.239999771118164,15.270000457763672,15.15999984741211,15.180000305175781,15.180000305175781,18900
2019-05-02,15.229999542236328,15.329999923706055,14.930000305175781,15.0600004196167,15.0600004196167,20000
2019-05-03,15.020000457763672,15.300000190734863,15.020000457763672,15.279999732971191,15.279999732971191,24100
2019-05-06,15.069999694824219,15.350000381469727,15.069999694824219,15.319999694824219,15.319999694824219,15500
2019-05-07,15.119999885559082,15.3100004196167,14.960000038146973,14.970000267028809,14.970000267028809,19500
2019-05-08,15.069999694824219,15.210000038146973,14.920000076293945,14.920000076293945,14.920000076293945,20400
2019-05-09,14.890000343322754,15.0,14.869999885559082,14.930000305175781,14.930000305175781,9600
2019-05-10,14.899999618530273,14.920000076293945,14.430000305175781,14.649999618530273,14.649999618530273,127000
2019-05-13,14.920000076293945,14.920000076293945,14.329999923706055,14.329999923706055,14.329999923706055,28600
2019-05-14,14.329999923706055,14.430000305175781,14.260000228881836,14.420000076293945,14.420000076293945,29300
2019-05-15,14.319999694824219,14.729999542236328,14.279999732971191,14.550000190734863,14.550000190734863,33300
2019-05-16,14.5,14.550000190734863,14.350000381469727,14.390000343322754,14.390000343322754,18900
2019-05-17,14.319999694824219,14.34000015258789,14.010000228881836,14.020000457763672,14.020000457763672,41700
2019-05-20,14.300000190734863,14.300000190734863,13.829999923706055,13.880000114440918,13.880000114440918,15800
2019-05-21,13.949999809265137,14.0,13.8100004196167,13.850000381469727,13.850000381469727,21500
2019-05-22,13.859999656677246,13.890000343322754,13.65999984741211,13.84000015258789,13.84000015258789,37900
2019-05-23,13.699999809265137,13.930000305175781,13.59000015258789,13.600000381469727,13.600000381469727,21500
2019-05-24,13.579999923706055,13.640000343322754,13.479999542236328,13.630000114440918,13.630000114440918,28400
2019-05-28,13.600000381469727,13.770000457763672,13.520000457763672,13.520000457763672,13.520000457763672,36700
2019-05-29,13.300000190734863,13.479999542236328,12.979999542236328,12.979999542236328,12.979999542236328,77800
2019-05-30,13.020000457763672,13.270000457763672,12.949999809265137,13.210000038146973,13.210000038146973,97300
2019-05-31,13.100000381469727,13.25,12.930000305175781,13.1899995803833,13.1899995803833,31600
2019-06-03,13.4399995803833,13.4399995803833,12.819999694824219,12.880000114440918,12.880000114440918,39500
2019-06-04,12.949999809265137,13.0,12.75,12.8100004196167,12.8100004196167,30400
2019-06-05,12.800000190734863,13.130000114440918,12.800000190734863,13.020000457763672,13.020000457763672,44900
2019-06-06,13.010000228881836,13.130000114440918,13.0,13.0600004196167,13.0600004196167,25300
2019-06-07,13.140000343322754,13.220000267028809,13.050000190734863,13.130000114440918,13.130000114440918,41000
2019-06-10,13.15999984741211,13.539999961853027,13.119999885559082,13.149999618530273,13.149999618530273,32700
2019-06-11,13.149999618530273,13.609999656677246,13.149999618530273,13.260000228881836,13.260000228881836,56200
2019-06-12,13.319999694824219,13.350000381469727,13.140000343322754,13.170000076293945,13.170000076293945,20100
2019-06-13,13.149999618530273,13.699999809265137,13.149999618530273,13.369999885559082,13.369999885559082,28900
2019-06-14,13.619999885559082,13.75,13.399999618530273,13.489999771118164,13.489999771118164,26600
2019-06-17,13.399999618530273,13.569999694824219,13.260000228881836,13.319999694824219,13.319999694824219,54200
2019-06-18,13.399999618530273,13.510000228881836,13.279999732971191,13.350000381469727,13.350000381469727,21400
2019-06-19,13.350000381469727,13.470000267028809,13.289999961853027,13.350000381469727,13.350000381469727,13400
2019-06-20,13.40999984741211,13.609999656677246,13.270000457763672,13.279999732971191,13.279999732971191,19600
2019-06-21,13.210000038146973,13.220000267028809,13.0,13.020000457763672,13.020000457763672,46100
2019-06-24,12.989999771118164,13.050000190734863,12.989999771118164,13.0,13.0,40400
2019-06-25,13.0,13.0,12.699999809265137,12.75,12.75,37000
2019-06-26,13.020000457763672,13.279999732971191,12.5600004196167,12.779999732971191,12.779999732971191,51600
2019-06-27,12.800000190734863,12.800000190734863,12.670000076293945,12.800000190734863,12.800000190734863,40100
2019-06-28,12.760000228881836,13.079999923706055,12.760000228881836,12.979999542236328,12.979999542236328,103600
2019-07-01,13.029999732971191,13.170000076293945,13.0,13.170000076293945,13.170000076293945,31400
2019-07-02,13.09000015258789,13.180000305175781,12.989999771118164,13.010000228881836,13.010000228881836,25300
2019-07-03,12.789999961853027,13.3100004196167,12.789999961853027,13.3100004196167,13.3100004196167,28300
2019-07-05,13.1899995803833,13.319999694824219,13.1899995803833,13.270000457763672,13.270000457763672,18400
2019-07-08,12.970000267028809,13.239999771118164,12.970000267028809,13.050000190734863,13.050000190734863,34100
2019-07-09,12.920000076293945,13.220000267028809,12.920000076293945,13.09000015258789,13.09000015258789,19100
2019-07-10,13.100000381469727,13.100000381469727,12.84000015258789,12.869999885559082,12.869999885559082,17500
2019-07-11,12.819999694824219,12.850000381469727,12.770000457763672,12.800000190734863,12.800000190734863,25000
2019-07-12,12.760000228881836,13.010000228881836,12.699999809265137,12.90999984741211,12.90999984741211,20100
2019-07-15,12.899999618530273,12.899999618530273,12.640000343322754,12.739999771118164,12.739999771118164,16700
2019-07-16,12.800000190734863,12.84000015258789,12.649999618530273,12.680000305175781,12.680000305175781,17300
2019-07-17,12.640000343322754,13.170000076293945,12.640000343322754,12.760000228881836,12.760000228881836,79500
2019-07-18,12.710000038146973,13.069999694824219,12.699999809265137,12.989999771118164,12.989999771118164,85200
2019-07-19,12.90999984741211,13.130000114440918,12.899999618530273,13.010000228881836,13.010000228881836,47500
2019-07-22,13.0,13.119999885559082,12.869999885559082,12.949999809265137,12.949999809265137,68100
2019-07-23,12.880000114440918,13.100000381469727,12.609999656677246,12.989999771118164,12.989999771118164,24800
2019-07-24,12.899999618530273,13.180000305175781,12.899999618530273,13.09000015258789,13.09000015258789,22600
2019-07-25,12.930000305175781,13.09000015258789,12.819999694824219,12.930000305175781,12.930000305175781,18900
2019-07-26,12.859999656677246,13.289999961853027,12.859999656677246,13.199999809265137,13.199999809265137,32000
2019-07-29,13.1899995803833,13.239999771118164,13.020000457763672,13.180000305175781,13.180000305175781,22000
2019-07-30,13.100000381469727,13.15999984741211,12.970000267028809,13.069999694824219,13.069999694824219,66500
2019-07-31,13.010000228881836,13.239999771118164,13.0,13.050000190734863,13.050000190734863,37800
2019-08-01,13.029999732971191,13.3100004196167,12.760000228881836,12.760000228881836,12.760000228881836,38600
2019-08-02,12.65999984741211,12.800000190734863,12.5600004196167,12.579999923706055,12.579999923706055,18800
2019-08-05,12.539999961853027,12.680000305175781,12.279999732971191,12.40999984741211,12.40999984741211,41900
2019-08-06,12.390000343322754,12.420000076293945,12.199999809265137,12.210000038146973,12.210000038146973,31800
2019-08-07,12.0600004196167,12.140000343322754,11.979999542236328,12.0600004196167,12.0600004196167,26600
2019-08-08,12.15999984741211,12.399999618530273,12.100000381469727,12.25,12.25,40800
2019-08-09,12.279999732971191,12.279999732971191,11.720000267028809,11.770000457763672,11.770000457763672,51000
2019-08-12,11.770000457763672,12.039999961853027,11.5,11.770000457763672,11.770000457763672,51200
2019-08-13,12.020000457763672,12.020000457763672,11.630000114440918,11.800000190734863,11.800000190734863,32200
2019-08-14,11.640000343322754,11.760000228881836,11.600000381469727,11.649999618530273,11.649999618530273,30800
2019-08-15,11.65999984741211,11.920000076293945,11.569999694824219,11.869999885559082,11.869999885559082,55500
2019-08-16,11.880000114440918,12.010000228881836,11.75,11.75,11.75,76800
2019-08-19,11.75,12.180000305175781,11.75,12.170000076293945,12.170000076293945,29200
2019-08-20,12.010000228881836,12.380000114440918,12.010000228881836,12.229999542236328,12.229999542236328,33200
2019-08-21,12.210000038146973,12.3100004196167,12.100000381469727,12.109999656677246,12.109999656677246,39500
2019-08-22,12.149999618530273,12.270000457763672,12.100000381469727,12.199999809265137,12.199999809265137,37000
2019-08-23,12.180000305175781,12.180000305175781,12.029999732971191,12.100000381469727,12.100000381469727,65500
2019-08-26,12.210000038146973,12.680000305175781,12.15999984741211,12.300000190734863,12.300000190734863,64600
2019-08-27,12.279999732971191,12.40999984741211,11.779999732971191,12.010000228881836,12.010000228881836,67700
2019-08-28,12.0600004196167,12.239999771118164,12.0,12.170000076293945,12.170000076293945,28200
2019-08-29,12.239999771118164,12.4399995803833,12.199999809265137,12.3100004196167,12.3100004196167,26000
2019-08-30,12.40999984741211,12.4399995803833,12.3100004196167,12.399999618530273,12.399999618530273,29400
2019-09-03,12.430000305175781,12.710000038146973,12.25,12.34000015258789,12.34000015258789,46300
2019-09-04,12.470000267028809,12.630000114440918,12.199999809265137,12.270000457763672,12.270000457763672,35000
2019-09-05,12.4399995803833,12.869999885559082,12.4399995803833,12.729999542236328,12.729999542236328,49900
2019-09-06,12.8100004196167,12.8100004196167,12.569999694824219,12.579999923706055,12.579999923706055,30800
2019-09-09,12.550000190734863,12.869999885559082,12.550000190734863,12.760000228881836,12.760000228881836,38500
2019-09-10,12.430000305175781,13.270000457763672,12.430000305175781,13.140000343322754,13.140000343322754,74800
2019-09-11,13.239999771118164,13.430000305175781,13.199999809265137,13.430000305175781,13.430000305175781,29500
2019-09-12,13.510000228881836,13.600000381469727,13.350000381469727,13.470000267028809,13.470000267028809,39300
2019-09-13,13.550000190734863,13.6899995803833,13.369999885559082,13.5600004196167,13.5600004196167,32200
2019-09-16,13.510000228881836,13.670000076293945,13.270000457763672,13.40999984741211,13.40999984741211,16500
2019-09-17,13.399999618530273,13.399999618530273,13.100000381469727,13.199999809265137,13.199999809265137,24800
2019-09-18,13.279999732971191,13.5600004196167,12.819999694824219,12.829999923706055,12.829999923706055,21600
2019-09-19,12.920000076293945,12.9399995803833,12.260000228881836,12.649999618530273,12.649999618530273,27500
2019-09-20,12.630000114440918,13.130000114440918,12.579999923706055,12.899999618530273,12.899999618530273,87600
2019-09-23,13.09000015258789,13.09000015258789,12.489999771118164,12.720000267028809,12.720000267028809,34200
2019-09-24,13.130000114440918,13.130000114440918,12.270000457763672,12.300000190734863,12.300000190734863,22900
2019-09-25,12.390000343322754,12.539999961853027,12.109999656677246,12.420000076293945,12.420000076293945,14900
2019-09-26,12.109999656677246,12.229999542236328,12.050000190734863,12.149999618530273,12.149999618530273,14800
2019-09-27,12.220000267028809,12.350000381469727,12.149999618530273,12.25,12.25,17000
2019-09-30,12.170000076293945,12.380000114440918,11.949999809265137,11.960000038146973,11.960000038146973,21500
2019-10-01,12.079999923706055,12.359999656677246,11.75,11.779999732971191,11.779999732971191,42200
2019-10-02,11.75,12.039999961853027,11.75,11.979999542236328,11.979999542236328,20500
2019-10-03,11.880000114440918,12.199999809265137,11.680000305175781,11.789999961853027,11.789999961853027,70100
2019-10-04,11.720000267028809,11.850000381469727,11.649999618530273,11.6899995803833,11.6899995803833,19000
2019-10-07,11.600000381469727,11.9399995803833,11.510000228881836,11.90999984741211,11.90999984741211,24000
2019-10-08,11.899999618530273,12.020000457763672,11.680000305175781,11.789999961853027,11.789999961853027,39900
2019-10-09,11.779999732971191,11.84000015258789,11.600000381469727,11.640000343322754,11.640000343322754,17200
2019-10-10,11.710000038146973,11.710000038146973,11.529999732971191,11.5600004196167,11.5600004196167,19500
2019-10-11,11.600000381469727,11.880000114440918,11.479999542236328,11.65999984741211,11.65999984741211,38500
2019-10-14,11.529999732971191,11.710000038146973,11.350000381469727,11.430000305175781,11.430000305175781,28900
2019-10-15,11.369999885559082,11.539999961853027,11.300000190734863,11.380000114440918,11.380000114440918,61600
2019-10-16,11.3100004196167,11.5,11.3100004196167,11.390000343322754,11.390000343322754,31100
2019-10-17,11.359999656677246,11.779999732971191,11.319999694824219,11.699999809265137,11.699999809265137,46500
2019-10-18,11.5600004196167,11.819999694824219,11.550000190734863,11.720000267028809,11.720000267028809,24800
2019-10-21,11.829999923706055,11.880000114440918,11.670000076293945,11.819999694824219,11.819999694824219,16300
2019-10-22,11.760000228881836,11.770000457763672,11.649999618530273,11.65999984741211,11.65999984741211,19000
2019-10-23,11.65999984741211,11.770000457763672,11.649999618530273,11.729999542236328,11.729999542236328,17700
2019-10-24,11.670000076293945,11.729999542236328,11.649999618530273,11.670000076293945,11.670000076293945,14600
2019-10-25,11.710000038146973,11.949999809265137,11.65999984741211,11.75,11.75,21500
2019-10-28,11.880000114440918,12.0600004196167,11.779999732971191,11.84000015258789,11.84000015258789,18200
2019-10-29,11.779999732971191,12.020000457763672,11.760000228881836,12.010000228881836,12.010000228881836,17200
2019-10-30,11.930000305175781,11.9399995803833,11.75,11.779999732971191,11.779999732971191,23700
2019-10-31,11.640000343322754,11.779999732971191,11.34000015258789,11.369999885559082,11.369999885559082,25900
2019-11-01,11.510000228881836,11.550000190734863,11.390000343322754,11.550000190734863,11.550000190734863,7100
2019-11-04,11.649999618530273,11.770000457763672,11.510000228881836,11.720000267028809,11.720000267028809,17800
2019-11-05,11.770000457763672,11.850000381469727,11.710000038146973,11.710000038146973,11.710000038146973,20100
2019-11-06,11.579999923706055,11.729999542236328,11.579999923706055,11.670000076293945,11.670000076293945,18000
2019-11-07,11.789999961853027,11.84000015258789,11.5600004196167,11.729999542236328,11.729999542236328,17500
2019-11-08,11.979999542236328,12.0,11.569999694824219,11.770000457763672,11.770000457763672,66700
2019-11-11,11.65999984741211,11.729999542236328,11.369999885559082,11.619999885559082,11.619999885559082,16500
2019-11-12,11.680000305175781,11.680000305175781,11.369999885559082,11.470000267028809,11.470000267028809,16400
2019-11-13,11.369999885559082,11.369999885559082,11.0,11.15999984741211,11.15999984741211,40100
2019-11-14,11.229999542236328,11.489999771118164,11.020000457763672,11.300000190734863,11.300000190734863,19700
2019-11-15,11.369999885559082,11.390000343322754,11.039999961853027,11.079999923706055,11.079999923706055,34700
2019-11-18,10.989999771118164,11.220000267028809,10.8100004196167,11.09000015258789,11.09000015258789,82600
2019-11-19,11.119999885559082,11.15999984741211,10.890000343322754,11.029999732971191,11.029999732971191,53600
2019-11-20,10.960000038146973,11.069999694824219,10.850000381469727,10.880000114440918,10.880000114440918,51700
2019-11-21,10.9399995803833,10.960000038146973,10.600000381469727,10.770000457763672,10.770000457763672,31200
2019-11-22,10.710000038146973,11.0,10.630000114440918,10.800000190734863,10.800000190734863,57000
2019-11-25,10.710000038146973,11.010000228881836,10.710000038146973,10.930000305175781,10.930000305175781,40500
2019-11-26,10.869999885559082,10.949999809265137,10.720000267028809,10.75,10.75,54300
2019-11-27,10.819999694824219,10.949999809265137,10.699999809265137,10.720000267028809,10.720000267028809,34800
2019-11-29,10.710000038146973,10.770000457763672,10.680000305175781,10.729999542236328,10.729999542236328,5200
2019-12-02,10.739999771118164,10.739999771118164,10.579999923706055,10.699999809265137,10.699999809265137,27800
2019-12-03,10.600000381469727,10.600000381469727,10.399999618530273,10.449999809265137,10.449999809265137,39900
2019-12-04,10.40999984741211,10.489999771118164,10.25,10.300000190734863,10.300000190734863,75000
2019-12-05,10.3100004196167,10.3100004196167,10.100000381469727,10.109999656677246,10.109999656677246,99800
2019-12-06,10.149999618530273,10.569999694824219,10.149999618530273,10.369999885559082,10.369999885559082,84200
2019-12-09,10.1899995803833,10.359999656677246,9.899999618530273,10.119999885559082,10.119999885559082,96900
2019-12-10,10.029999732971191,10.15999984741211,9.989999771118164,10.149999618530273,10.149999618530273,46500
2019-12-11,10.15999984741211,10.430000305175781,10.0,10.329999923706055,10.329999923706055,130000
2019-12-12,10.300000190734863,10.40999984741211,10.180000305175781,10.369999885559082,10.369999885559082,90600
2019-12-13,10.350000381469727,10.350000381469727,10.180000305175781,10.239999771118164,10.239999771118164,58700
2019-12-16,10.220000267028809,10.630000114440918,10.180000305175781,10.430000305175781,10.430000305175781,108700
2019-12-17,10.40999984741211,10.460000038146973,10.270000457763672,10.3100004196167,10.3100004196167,56800
2019-12-18,10.350000381469727,10.529999732971191,10.270000457763672,10.34000015258789,10.34000015258789,48800
2019-12-19,10.180000305175781,10.399999618530273,10.180000305175781,10.380000114440918,10.380000114440918,114400
2019-12-20,10.380000114440918,10.84000015258789,10.380000114440918,10.8100004196167,10.8100004196167,174000
2019-12-23,10.800000190734863,10.800000190734863,10.380000114440918,10.699999809265137,10.699999809265137,143400
2019-12-24,10.699999809265137,10.800000190734863,10.65999984741211,10.699999809265137,10.699999809265137,19600
2019-12-26,10.6899995803833,10.8100004196167,10.6899995803833,10.770000457763672,10.770000457763672,23200
2019-12-27,10.630000114440918,10.819999694824219,10.630000114440918,10.800000190734863,10.800000190734863,44000
2019-12-30,10.800000190734863,11.520000457763672,10.800000190734863,11.300000190734863,11.300000190734863,79900
2019-12-31,11.350000381469727,11.350000381469727,11.15999984741211,11.1899995803833,11.1899995803833,51800
2020-01-02,11.199999809265137,11.199999809265137,10.670000076293945,11.039999961853027,11.039999961853027,55000
2020-01-03,10.949999809265137,11.0600004196167,10.890000343322754,10.989999771118164,10.989999771118164,17600
2020-01-06,10.930000305175781,11.100000381469727,10.800000190734863,11.010000228881836,11.010000228881836,25900
2020-01-07,10.979999542236328,11.09000015258789,10.850000381469727,10.880000114440918,10.880000114440918,40600
2020-01-08,10.880000114440918,10.880000114440918,10.6899995803833,10.729999542236328,10.729999542236328,19000
2020-01-09,10.699999809265137,11.09000015258789,10.649999618530273,11.09000015258789,11.09000015258789,46800
2020-01-10,11.09000015258789,11.359999656677246,10.9399995803833,11.350000381469727,11.350000381469727,50300
2020-01-13,11.359999656677246,11.380000114440918,10.899999618530273,11.100000381469727,11.100000381469727,20800
2020-01-14,11.09000015258789,11.199999809265137,10.949999809265137,11.0,11.0,32300
2020-01-15,10.989999771118164,11.170000076293945,10.779999732971191,10.899999618530273,10.899999618530273,21200
2020-01-16,10.989999771118164,11.1899995803833,10.979999542236328,11.0,11.0,18000
2020-01-17,11.079999923706055,11.15999984741211,10.979999542236328,11.069999694824219,11.069999694824219,25800
2020-01-21,11.09000015258789,11.09000015258789,10.829999923706055,10.930000305175781,10.930000305175781,31600
2020-01-22,10.859999656677246,10.859999656677246,10.529999732971191,10.609999656677246,10.609999656677246,28300
2020-01-23,10.550000190734863,10.819999694824219,10.550000190734863,10.699999809265137,10.699999809265137,53400
2020-01-24,10.779999732971191,10.779999732971191,10.170000076293945,10.270000457763672,10.270000457763672,79200
2020-01-27,10.199999809265137,10.25,10.140000343322754,10.199999809265137,10.199999809265137,42000
2020-01-28,10.229999542236328,10.319999694824219,10.050000190734863,10.3100004196167,10.3100004196167,77000
2020-01-29,10.279999732971191,10.350000381469727,10.180000305175781,10.3100004196167,10.3100004196167,24500
2020-01-30,10.289999961853027,10.350000381469727,10.149999618530273,10.260000228881836,10.260000228881836,35400
2020-01-31,10.279999732971191,10.3100004196167,10.09000015258789,10.199999809265137,10.199999809265137,57700
2020-02-03,10.229999542236328,10.420000076293945,10.199999809265137,10.380000114440918,10.380000114440918,34600
2020-02-04,10.420000076293945,10.470000267028809,9.960000038146973,10.010000228881836,10.010000228881836,47700
2020-02-05,10.069999694824219,10.350000381469727,10.050000190734863,10.319999694824219,10.319999694824219,29900
2020-02-06,10.350000381469727,10.5,10.1899995803833,10.4399995803833,10.4399995803833,44700
2020-02-07,10.369999885559082,10.369999885559082,10.079999923706055,10.109999656677246,10.109999656677246,24700
2020-02-10,10.170000076293945,10.1899995803833,9.930000305175781,10.010000228881836,10.010000228881836,29400
2020-02-11,10.039999961853027,10.119999885559082,9.899999618530273,10.0,10.0,29000
2020-02-12,10.119999885559082,10.149999618530273,9.949999809265137,10.100000381469727,10.100000381469727,33100
2020-02-13,10.199999809265137,10.199999809265137,9.989999771118164,10.0,10.0,37700
2020-02-14,10.140000343322754,10.140000343322754,9.880000114440918,9.949999809265137,9.949999809265137,41600
2020-02-18,9.930000305175781,10.119999885559082,9.930000305175781,10.010000228881836,10.010000228881836,21000
2020-02-19,10.09000015258789,10.140000343322754,9.960000038146973,10.050000190734863,10.050000190734863,39800
2020-02-20,10.010000228881836,10.069999694824219,9.75,9.880000114440918,9.880000114440918,41000
2020-02-21,9.920000076293945,9.9399995803833,9.720000267028809,9.789999961853027,9.789999961853027,25600
2020-02-24,9.5600004196167,9.65999984741211,9.289999961853027,9.359999656677246,9.359999656677246,55100
2020-02-25,9.1899995803833,9.1899995803833,9.020000457763672,9.119999885559082,9.119999885559082,58300
2020-02-26,9.170000076293945,9.25,8.920000076293945,8.970000267028809,8.970000267028809,75500
2020-02-27,8.84000015258789,9.09000015258789,8.59000015258789,8.609999656677246,8.609999656677246,82900
2020-02-28,8.399999618530273,8.640000343322754,8.279999732971191,8.329999923706055,8.329999923706055,80300
2020-03-02,8.350000381469727,8.350000381469727,8.010000228881836,8.180000305175781,8.180000305175781,65500
2020-03-03,8.149999618530273,8.479999542236328,7.849999904632568,7.869999885559082,7.869999885559082,81800
2020-03-04,7.960000038146973,8.140000343322754,7.889999866485596,8.0,8.0,110400
2020-03-05,7.989999771118164,7.989999771118164,7.199999809265137,7.300000190734863,7.300000190734863,174600
2020-03-06,7.099999904632568,7.510000228881836,6.989999771118164,7.0,7.0,175200
2020-03-09,7.400000095367432,7.400000095367432,5.849999904632568,5.909999847412109,5.909999847412109,164100
2020-03-10,6.0,6.300000190734863,5.929999828338623,6.289999961853027,6.289999961853027,92800
2020-03-11,6.119999885559082,6.21999979019165,5.659999847412109,5.739999771118164,5.739999771118164,126000
2020-03-12,5.340000152587891,5.46999979019165,4.789999961853027,5.380000114440918,5.380000114440918,125300
2020-03-13,5.570000171661377,5.960000038146973,5.489999771118164,5.960000038146973,5.960000038146973,102700
2020-03-16,3.4000000953674316,5.849999904632568,3.4000000953674316,5.610000133514404,5.610000133514404,114400
2020-03-17,5.630000114440918,6.0,4.320000171661377,4.769999980926514,4.769999980926514,319400
2020-03-18,4.460000038146973,4.53000020980835,4.099999904632568,4.179999828338623,4.179999828338623,121400
2020-03-19,4.070000171661377,4.190000057220459,3.549999952316284,3.6600000858306885,3.6600000858306885,510000
2020-03-20,3.690000057220459,3.75,3.319999933242798,3.3499999046325684,3.3499999046325684,335400
2020-03-23,3.359999895095825,3.5299999713897705,3.119999885559082,3.200000047683716,3.200000047683716,218400
2020-03-24,3.25,3.490000009536743,3.0399999618530273,3.200000047683716,3.200000047683716,197600
2020-03-25,3.2899999618530273,3.890000104904175,3.2100000381469727,3.7200000286102295,3.7200000286102295,165600
2020-03-26,3.7300000190734863,4.400000095367432,3.7300000190734863,4.150000095367432,4.150000095367432,142700
2020-03-27,4.019999980926514,4.360000133514404,3.859999895095825,4.0,4.0,169300
2020-03-30,3.930000066757202,4.139999866485596,3.5899999141693115,4.139999866485596,4.139999866485596,78400
2020-03-31,4.119999885559082,4.190000057220459,3.7100000381469727,3.890000104904175,3.890000104904175,114700
2020-04-01,3.8299999237060547,3.8299999237060547,3.430000066757202,3.4800000190734863,3.4800000190734863,83900
2020-04-02,3.4600000381469727,3.7799999713897705,3.390000104904175,3.569999933242798,3.569999933242798,95000
2020-04-03,3.559999942779541,3.6500000953674316,3.2899999618530273,3.3399999141693115,3.3399999141693115,89400
2020-04-06,3.5,3.740000009536743,3.0,3.059999942779541,3.059999942779541,203400
2020-04-07,3.109999895095825,3.380000114440918,3.0999999046325684,3.2899999618530273,3.2899999618530273,140300
2020-04-08,3.3499999046325684,3.75,3.3499999046325684,3.6700000762939453,3.6700000762939453,210600
2020-04-09,3.75,4.179999828338623,3.630000114440918,3.990000009536743,3.990000009536743,186300
2020-04-13,4.320000171661377,4.519999980926514,3.759999990463257,3.9100000858306885,3.9100000858306885,113700
2020-04-14,4.019999980926514,4.099999904632568,3.4200000762939453,3.700000047683716,3.700000047683716,182300
2020-04-15,3.7100000381469727,3.75,3.4600000381469727,3.680000066757202,3.680000066757202,53300
2020-04-16,3.6600000858306885,3.6600000858306885,3.259999990463257,3.380000114440918,3.380000114440918,88300
2020-04-17,3.859999895095825,4.429999828338623,3.859999895095825,4.289999961853027,4.289999961853027,252500
2020-04-20,4.130000114440918,4.199999809265137,3.8499999046325684,4.059999942779541,4.059999942779541,140500
2020-04-21,3.940000057220459,4.059999942779541,3.7100000381469727,4.019999980926514,4.019999980926514,54100
2020-04-22,4.090000152587891,4.170000076293945,3.609999895095825,3.630000114440918,3.630000114440918,98900
2020-04-23,3.549999952316284,3.640000104904175,3.4100000858306885,3.5199999809265137,3.5199999809265137,121800
2020-04-24,3.5399999618530273,3.6600000858306885,3.440000057220459,3.549999952316284,3.549999952316284,90100
2020-04-27,3.5799999237060547,4.039999961853027,3.509999990463257,4.0,4.0,104900
2020-04-28,4.130000114440918,4.340000152587891,3.940000057220459,4.190000057220459,4.190000057220459,95600
2020-04-29,4.320000171661377,4.889999866485596,4.260000228881836,4.659999847412109,4.659999847412109,187300
2020-04-30,4.539999961853027,4.550000190734863,4.190000057220459,4.260000228881836,4.260000228881836,83500
2020-05-01,4.130000114440918,4.139999866485596,3.9000000953674316,4.019999980926514,4.019999980926514,66800
2020-05-04,4.0,4.039999961853027,3.799999952316284,3.9800000190734863,3.9800000190734863,59100
2020-05-05,3.9700000286102295,3.9800000190734863,3.6700000762939453,3.7100000381469727,3.7100000381469727,83100
2020-05-06,3.759999990463257,3.759999990463257,3.4600000381469727,3.5399999618530273,3.5399999618530273,81600
2020-05-07,3.609999895095825,3.6700000762939453,3.5399999618530273,3.5799999237060547,3.5799999237060547,51500
2020-05-08,3.6500000953674316,3.6500000953674316,3.509999990463257,3.5899999141693115,3.5899999141693115,112400
2020-05-11,3.5999999046325684,3.7799999713897705,3.3399999141693115,3.359999895095825,3.359999895095825,124500
2020-05-12,3.440000057220459,3.450000047683716,3.309999942779541,3.309999942779541,3.309999942779541,119000
2020-05-13,3.2899999618530273,3.2899999618530273,3.009999990463257,3.0899999141693115,3.0899999141693115,138100
2020-05-14,3.0199999809265137,3.0899999141693115,2.8299999237060547,3.0399999618530273,3.0399999618530273,202200
2020-05-15,3.049999952316284,3.190000057220459,2.880000114440918,3.0899999141693115,3.0899999141693115,179700
2020-05-18,3.4000000953674316,3.4700000286102295,3.0899999141693115,3.3299999237060547,3.3299999237060547,231600
2020-05-19,3.299999952316284,3.5899999141693115,3.1500000953674316,3.240000009536743,3.240000009536743,101600
2020-05-20,3.319999933242798,3.369999885559082,3.1500000953674316,3.3399999141693115,3.3399999141693115,107400
2020-05-21,3.3399999141693115,3.369999885559082,3.2100000381469727,3.2699999809265137,3.2699999809265137,66800
2020-05-22,3.2799999713897705,3.369999885559082,3.109999895095825,3.3499999046325684,3.3499999046325684,72700
2020-05-26,3.549999952316284,3.859999895095825,3.4200000762939453,3.7300000190734863,3.7300000190734863,136900
2020-05-27,3.9700000286102295,3.9700000286102295,3.549999952316284,3.819999933242798,3.819999933242798,107800
2020-05-28,3.890000104904175,3.950000047683716,3.700000047683716,3.8299999237060547,3.8299999237060547,147300
2020-05-29,3.759999990463257,3.7899999618530273,3.4700000286102295,3.5,3.5,112400
2020-06-01,3.5399999618530273,3.6500000953674316,3.440000057220459,3.509999990463257,3.509999990463257,90600
2020-06-02,3.509999990463257,3.7899999618530273,3.5,3.7699999809265137,3.7699999809265137,66700
2020-06-03,3.880000114440918,4.349999904632568,3.7799999713897705,4.260000228881836,4.260000228881836,314200
2020-06-04,4.210000038146973,4.260000228881836,3.9800000190734863,4.03000020980835,4.03000020980835,123100
2020-06-05,4.210000038146973,4.639999866485596,4.139999866485596,4.53000020980835,4.53000020980835,199900
2020-06-08,4.639999866485596,4.980000019073486,4.21999979019165,4.360000133514404,4.360000133514404,286800
2020-06-09,4.420000076293945,4.489999771118164,3.8299999237060547,4.110000133514404,4.110000133514404,316700
2020-06-10,4.130000114440918,4.320000171661377,3.9000000953674316,4.099999904632568,4.099999904632568,179200
2020-06-11,3.869999885559082,3.9000000953674316,3.6700000762939453,3.759999990463257,3.759999990463257,265600
2020-06-12,3.869999885559082,4.090000152587891,3.819999933242798,4.03000020980835,4.03000020980835,185600
2020-06-15,3.869999885559082,4.0,3.740000009536743,3.950000047683716,3.950000047683716,191800
2020-06-16,4.099999904632568,4.159999847412109,4.0,4.150000095367432,4.150000095367432,181000
2020-06-17,4.150000095367432,4.150000095367432,3.9700000286102295,4.019999980926514,4.019999980926514,178100
2020-06-18,3.990000009536743,4.139999866485596,3.9100000858306885,4.03000020980835,4.03000020980835,145600
2020-06-19,4.059999942779541,4.099999904632568,4.0,4.079999923706055,4.079999923706055,190000
2020-06-22,4.079999923706055,4.119999885559082,3.9600000381469727,4.070000171661377,4.070000171661377,156400
2020-06-23,4.110000133514404,4.110000133514404,3.869999885559082,3.9600000381469727,3.9600000381469727,172600
2020-06-24,3.9600000381469727,3.9600000381469727,3.569999933242798,3.700000047683716,3.700000047683716,303700
2020-06-25,3.6700000762939453,3.680000066757202,3.5,3.6700000762939453,3.6700000762939453,254700
2020-06-26,3.609999895095825,3.990000009536743,3.509999990463257,3.869999885559082,3.869999885559082,2158700
2020-06-29,3.890000104904175,4.389999866485596,3.890000104904175,4.360000133514404,4.360000133514404,330800
2020-06-30,4.329999923706055,4.369999885559082,4.199999809265137,4.25,4.25,211600
2020-07-01,4.269999980926514,4.409999847412109,4.150000095367432,4.309999942779541,4.309999942779541,115900
2020-07-02,4.400000095367432,4.449999809265137,4.309999942779541,4.409999847412109,4.409999847412109,79300
2020-07-06,4.5,4.5,4.409999847412109,4.46999979019165,4.46999979019165,144400
2020-07-07,4.460000038146973,4.489999771118164,4.320000171661377,4.46999979019165,4.46999979019165,98000
2020-07-08,4.449999809265137,4.519999980926514,4.300000190734863,4.409999847412109,4.409999847412109,104800
2020-07-09,4.420000076293945,4.46999979019165,4.230000019073486,4.380000114440918,4.380000114440918,84400
2020-07-10,4.349999904632568,4.46999979019165,4.289999961853027,4.309999942779541,4.309999942779541,96000
2020-07-13,4.340000152587891,4.489999771118164,4.239999771118164,4.25,4.25,72600
2020-07-14,4.25,4.269999980926514,4.110000133514404,4.139999866485596,4.139999866485596,85600
2020-07-15,4.21999979019165,4.570000171661377,4.170000076293945,4.550000190734863,4.550000190734863,72100
2020-07-16,4.510000228881836,4.800000190734863,4.300000190734863,4.78000020980835,4.78000020980835,64900
2020-07-17,4.829999923706055,4.880000114440918,4.659999847412109,4.869999885559082,4.869999885559082,93700
2020-07-20,4.760000228881836,4.880000114440918,4.730000019073486,4.800000190734863,4.800000190734863,46900
2020-07-21,4.840000152587891,4.900000095367432,4.650000095367432,4.659999847412109,4.659999847412109,91000
2020-07-22,4.610000133514404,4.900000095367432,4.550000190734863,4.739999771118164,4.739999771118164,65300
2020-07-23,4.769999980926514,4.829999923706055,4.610000133514404,4.650000095367432,4.650000095367432,38000
2020-07-24,4.639999866485596,4.639999866485596,4.519999980926514,4.570000171661377,4.570000171661377,35400
2020-07-27,4.550000190734863,4.559999942779541,4.349999904632568,4.360000133514404,4.360000133514404,45300
2020-07-28,4.360000133514404,4.489999771118164,4.289999961853027,4.46999979019165,4.46999979019165,41100
2020-07-29,4.46999979019165,4.699999809265137,4.46999979019165,4.559999942779541,4.559999942779541,23600
2020-07-30,4.559999942779541,4.71999979019165,4.510000228881836,4.53000020980835,4.53000020980835,19800
2020-07-31,4.489999771118164,4.489999771118164,4.309999942779541,4.360000133514404,4.360000133514404,29100
2020-08-03,4.320000171661377,4.460000038146973,4.300000190734863,4.360000133514404,4.360000133514404,20100
2020-08-04,4.380000114440918,4.579999923706055,4.369999885559082,4.5,4.5,25900
2020-08-05,4.46999979019165,4.510000228881836,4.21999979019165,4.260000228881836,4.260000228881836,45100
2020-08-06,4.230000019073486,4.449999809265137,4.230000019073486,4.28000020980835,4.28000020980835,17600
2020-08-07,4.329999923706055,5.050000190734863,4.269999980926514,4.449999809265137,4.449999809265137,313900
2020-08-10,4.300000190734863,4.300000190734863,3.8499999046325684,3.880000114440918,3.880000114440918,80700
2020-08-11,3.9800000190734863,4.050000190734863,3.7200000286102295,3.7899999618530273,3.7899999618530273,88500
2020-08-12,3.8499999046325684,3.8499999046325684,3.559999942779541,3.6600000858306885,3.6600000858306885,78100
2020-08-13,3.619999885559082,3.880000114440918,3.619999885559082,3.700000047683716,3.700000047683716,35000
2020-08-14,3.630000114440918,3.740000009536743,3.609999895095825,3.6500000953674316,3.6500000953674316,48400
2020-08-17,3.680000066757202,3.759999990463257,3.5199999809265137,3.549999952316284,3.549999952316284,49900
2020-08-18,3.5199999809265137,3.559999942779541,3.490000009536743,3.509999990463257,3.509999990463257,43900
2020-08-19,3.5199999809265137,3.700000047683716,3.490000009536743,3.680000066757202,3.680000066757202,43100
2020-08-20,3.6700000762939453,3.7799999713897705,3.5999999046325684,3.640000104904175,3.640000104904175,39200
2020-08-21,3.6600000858306885,3.75,3.5999999046325684,3.75,3.75,42700
2020-08-24,3.740000009536743,3.950000047683716,3.680000066757202,3.819999933242798,3.819999933242798,82500
2020-08-25,3.8299999237060547,3.890000104904175,3.759999990463257,3.890000104904175,3.890000104904175,23400
2020-08-26,3.859999895095825,3.9200000762939453,3.759999990463257,3.880000114440918,3.880000114440918,26500
2020-08-27,3.869999885559082,4.610000133514404,3.869999885559082,4.300000190734863,4.300000190734863,961800
2020-08-28,4.25,4.289999961853027,3.930000066757202,4.289999961853027,4.289999961853027,78800
2020-08-31,4.349999904632568,4.349999904632568,4.090000152587891,4.099999904632568,4.099999904632568,46800
2020-09-01,4.099999904632568,4.139999866485596,4.019999980926514,4.079999923706055,4.079999923706055,40600
2020-09-02,4.099999904632568,4.269999980926514,4.059999942779541,4.260000228881836,4.260000228881836,39800
2020-09-03,4.309999942779541,4.389999866485596,4.03000020980835,4.150000095367432,4.150000095367432,39200
2020-09-04,4.230000019073486,4.230000019073486,3.9600000381469727,4.190000057220459,4.190000057220459,35800
2020-09-08,4.190000057220459,4.190000057220459,4.070000171661377,4.099999904632568,4.099999904632568,21400
2020-09-09,4.079999923706055,4.099999904632568,4.0,4.0,4.0,26500
2020-09-10,4.039999961853027,4.239999771118164,3.9100000858306885,4.0,4.0,24000
2020-09-11,4.010000228881836,4.010000228881836,3.799999952316284,3.819999933242798,3.819999933242798,47300
2020-09-14,3.9100000858306885,3.990000009536743,3.8499999046325684,3.890000104904175,3.890000104904175,45700
2020-09-15,3.9700000286102295,3.9700000286102295,3.609999895095825,3.680000066757202,3.680000066757202,47000
2020-09-16,3.680000066757202,3.9800000190734863,3.630000114440918,3.630000114440918,3.630000114440918,53400
2020-09-17,3.619999885559082,3.75,3.569999933242798,3.5999999046325684,3.5999999046325684,37500
2020-09-18,3.680000066757202,3.759999990463257,3.559999942779541,3.6500000953674316,3.6500000953674316,54100
2020-09-21,3.5899999141693115,3.690000057220459,3.390000104904175,3.450000047683716,3.450000047683716,57900
2020-09-22,3.369999885559082,3.5399999618530273,3.240000009536743,3.259999990463257,3.259999990463257,76000
2020-09-23,3.2899999618530273,3.380000114440918,3.0199999809265137,3.130000114440918,3.130000114440918,52400
2020-09-24,3.109999895095825,3.930000066757202,3.049999952316284,3.8499999046325684,3.8499999046325684,390200
2020-09-25,3.7300000190734863,3.759999990463257,3.430000066757202,3.5299999713897705,3.5299999713897705,100900
2020-09-28,3.680000066757202,3.700000047683716,3.259999990463257,3.369999885559082,3.369999885559082,183600
2020-09-29,3.319999933242798,3.319999933242798,3.0799999237060547,3.200000047683716,3.200000047683716,144200
2020-09-30,3.200000047683716,3.309999942779541,3.130000114440918,3.2200000286102295,3.2200000286102295,60300
2020-10-01,3.240000009536743,3.299999952316284,3.2200000286102295,3.259999990463257,3.259999990463257,24000
2020-10-02,3.190000057220459,3.2300000190734863,3.059999942779541,3.140000104904175,3.140000104904175,41500
2020-10-05,3.1500000953674316,3.1500000953674316,3.009999990463257,3.0299999713897705,3.0299999713897705,72700
2020-10-06,3.0799999237060547,3.130000114440918,3.0399999618530273,3.049999952316284,3.049999952316284,31200
2020-10-07,3.049999952316284,3.0799999237060547,3.009999990463257,3.0399999618530273,3.0399999618530273,80200
2020-10-08,3.119999885559082,3.1600000858306885,3.069999933242798,3.1600000858306885,3.1600000858306885,35000
2020-10-09,3.069999933242798,3.2799999713897705,3.0,3.049999952316284,3.049999952316284,37100
2020-10-12,3.0399999618530273,3.109999895095825,3.0,3.0399999618530273,3.0399999618530273,36600
2020-10-13,3.0,3.0299999713897705,2.8299999237060547,2.950000047683716,2.950000047683716,148200
2020-10-14,2.9000000953674316,2.990000009536743,2.7300000190734863,2.7699999809265137,2.7699999809265137,131700
2020-10-15,2.819999933242798,2.819999933242798,2.640000104904175,2.700000047683716,2.700000047683716,73000
2020-10-16,2.7100000381469727,2.7699999809265137,2.640000104904175,2.690000057220459,2.690000057220459,70900
2020-10-19,2.740000009536743,2.819999933242798,2.6500000953674316,2.6700000762939453,2.6700000762939453,99000
2020-10-20,2.6700000762939453,2.75,2.509999990463257,2.569999933242798,2.569999933242798,97500
2020-10-21,2.559999942779541,2.6500000953674316,2.5299999713897705,2.559999942779541,2.559999942779541,40100
2020-10-22,2.549999952316284,2.700000047683716,2.5199999809265137,2.559999942779541,2.559999942779541,79600
2020-10-23,2.609999895095825,2.6600000858306885,2.569999933242798,2.619999885559082,2.619999885559082,35600
2020-10-26,2.569999933242798,2.5799999237060547,2.4700000286102295,2.5299999713897705,2.5299999713897705,34600
2020-10-27,2.5999999046325684,2.5999999046325684,2.4000000953674316,2.4200000762939453,2.4200000762939453,67800
2020-10-28,2.380000114440918,2.440000057220459,2.299999952316284,2.309999942779541,2.309999942779541,68800
2020-10-29,2.390000104904175,2.4800000190734863,2.319999933242798,2.3399999141693115,2.3399999141693115,68800
2020-10-30,2.359999895095825,2.4100000858306885,2.299999952316284,2.3399999141693115,2.3399999141693115,19900
2020-11-02,2.3399999141693115,2.430000066757202,2.309999942779541,2.4200000762939453,2.4200000762939453,37200
2020-11-03,2.4600000381469727,2.509999990463257,2.3499999046325684,2.4100000858306885,2.4100000858306885,74300
2020-11-04,2.4100000858306885,2.4600000381469727,2.2200000286102295,2.2699999809265137,2.2699999809265137,115300
2020-11-05,2.259999990463257,2.369999885559082,2.2300000190734863,2.2799999713897705,2.2799999713897705,107500
2020-11-06,2.2899999618530273,2.319999933242798,2.259999990463257,2.309999942779541,2.309999942779541,62300
2020-11-09,2.890000104904175,3.2799999713897705,2.799999952316284,3.1600000858306885,3.1600000858306885,632500
2020-11-10,3.1700000762939453,3.7100000381469727,3.140000104904175,3.680000066757202,3.680000066757202,122500
2020-11-11,3.690000057220459,3.690000057220459,3.2300000190734863,3.2799999713897705,3.2799999713897705,61700
2020-11-12,3.2200000286102295,3.2300000190734863,3.200000047683716,3.2200000286102295,3.2200000286102295,26200
2020-11-13,3.2100000381469727,3.359999895095825,3.069999933242798,3.2699999809265137,3.2699999809265137,79900
2020-11-16,3.569999933242798,3.690000057220459,3.430000066757202,3.450000047683716,3.450000047683716,39400
2020-11-17,3.450000047683716,3.5899999141693115,3.4100000858306885,3.4200000762939453,3.4200000762939453,25000
2020-11-18,3.4200000762939453,3.640000104904175,3.4200000762939453,3.5199999809265137,3.5199999809265137,72200
2020-11-19,3.609999895095825,3.609999895095825,3.4100000858306885,3.4700000286102295,3.4700000286102295,46800
2020-11-20,3.4700000286102295,3.509999990463257,3.3399999141693115,3.3399999141693115,3.3399999141693115,30200
2020-11-23,3.430000066757202,3.640000104904175,3.390000104904175,3.5899999141693115,3.5899999141693115,58900
2020-11-24,3.6500000953674316,3.799999952316284,3.6500000953674316,3.7699999809265137,3.7699999809265137,121700
2020-11-25,3.799999952316284,3.9700000286102295,3.799999952316284,3.9100000858306885,3.9100000858306885,135000
2020-11-27,3.950000047683716,4.0,3.759999990463257,3.799999952316284,3.799999952316284,160100
2020-11-30,3.799999952316284,3.799999952316284,3.430000066757202,3.5,3.5,193900
2020-12-01,3.5899999141693115,3.640000104904175,3.359999895095825,3.5299999713897705,3.5299999713897705,174200
2020-12-02,3.490000009536743,3.7100000381469727,3.490000009536743,3.640000104904175,3.640000104904175,47500
2020-12-03,3.700000047683716,3.8399999141693115,3.549999952316284,3.5799999237060547,3.5799999237060547,134200
2020-12-04,3.549999952316284,3.8499999046325684,3.5399999618530273,3.690000057220459,3.690000057220459,68900
2020-12-07,3.740000009536743,3.759999990463257,3.630000114440918,3.75,3.75,76100
2020-12-08,3.690000057220459,3.9700000286102295,3.640000104904175,3.940000057220459,3.940000057220459,105500
2020-12-09,3.950000047683716,4.159999847412109,3.940000057220459,4.139999866485596,4.139999866485596,135500
2020-12-10,4.150000095367432,4.199999809265137,4.090000152587891,4.199999809265137,4.199999809265137,109600
2020-12-11,4.159999847412109,4.360000133514404,4.03000020980835,4.349999904632568,4.349999904632568,248200
2020-12-14,4.389999866485596,4.630000114440918,4.260000228881836,4.440000057220459,4.440000057220459,106400
2020-12-15,4.480000019073486,4.639999866485596,4.28000020980835,4.630000114440918,4.630000114440918,83900
2020-12-16,4.639999866485596,4.75,4.5,4.730000019073486,4.730000019073486,103700
2020-12-17,4.75,4.829999923706055,4.710000038146973,4.820000171661377,4.820000171661377,109500
2020-12-18,4.869999885559082,4.920000076293945,4.78000020980835,4.869999885559082,4.869999885559082,200800
2020-12-21,4.840000152587891,4.920000076293945,4.690000057220459,4.920000076293945,4.920000076293945,225000
2020-12-22,4.920000076293945,4.960000038146973,4.809999942779541,4.880000114440918,4.880000114440918,41200
2020-12-23,5.0,5.510000228881836,4.980000019073486,5.190000057220459,5.190000057220459,133700
2020-12-24,5.079999923706055,5.21999979019165,4.949999809265137,4.980000019073486,4.980000019073486,23800
2020-12-28,5.0,5.199999809265137,4.929999828338623,5.03000020980835,5.03000020980835,46300
2020-12-29,5.050000190734863,5.130000114440918,4.960000038146973,5.110000133514404,5.110000133514404,50800
2020-12-30,5.170000076293945,5.210000038146973,4.920000076293945,5.159999847412109,5.159999847412109,92900
2020-12-31,5.119999885559082,5.139999866485596,4.96999979019165,5.019999980926514,5.019999980926514,96500
2021-01-04,5.03000020980835,5.079999923706055,4.71999979019165,4.96999979019165,4.96999979019165,66800
2021-01-05,4.989999771118164,5.260000228881836,4.96999979019165,5.099999904632568,5.099999904632568,34100
2021-01-06,5.150000095367432,5.659999847412109,5.150000095367432,5.460000038146973,5.460000038146973,152400
2021-01-07,5.53000020980835,5.789999961853027,5.440000057220459,5.760000228881836,5.760000228881836,79500
2021-01-08,5.650000095367432,6.449999809265137,5.539999961853027,6.400000095367432,6.400000095367432,165800
2021-01-11,6.25,6.71999979019165,6.130000114440918,6.389999866485596,6.389999866485596,168900
2021-01-12,6.389999866485596,6.840000152587891,6.300000190734863,6.710000038146973,6.710000038146973,77600
2021-01-13,6.650000095367432,6.78000020980835,6.630000114440918,6.639999866485596,6.639999866485596,80300
2021-01-14,6.650000095367432,6.909999847412109,6.5,6.880000114440918,6.880000114440918,144300
2021-01-15,6.78000020980835,7.099999904632568,6.659999847412109,7.059999942779541,7.059999942779541,106700
2021-01-19,6.929999828338623,7.610000133514404,6.699999809265137,7.570000171661377,7.570000171661377,240700
2021-01-20,7.619999885559082,7.639999866485596,7.010000228881836,7.480000019073486,7.480000019073486,168200
2021-01-21,7.409999847412109,7.480000019073486,7.21999979019165,7.400000095367432,7.400000095367432,117700
2021-01-22,7.21999979019165,7.579999923706055,7.110000133514404,7.519999980926514,7.519999980926514,104700
2021-01-25,7.440000057220459,7.639999866485596,7.300000190734863,7.579999923706055,7.579999923706055,87300
2021-01-26,7.570000171661377,7.619999885559082,7.099999904632568,7.320000171661377,7.320000171661377,87100
2021-01-27,6.96999979019165,7.190000057220459,6.840000152587891,6.900000095367432,6.900000095367432,150300
2021-01-28,6.960000038146973,6.960000038146973,6.150000095367432,6.150000095367432,6.150000095367432,153000
2021-01-29,6.360000133514404,6.360000133514404,5.639999866485596,5.650000095367432,5.650000095367432,186300
2021-02-01,5.829999923706055,5.849999904632568,5.420000076293945,5.590000152587891,5.590000152587891,176300
2021-02-02,5.639999866485596,5.829999923706055,5.380000114440918,5.650000095367432,5.650000095367432,77500
2021-02-03,5.690000057220459,6.409999847412109,5.690000057220459,6.289999961853027,6.289999961853027,69000
2021-02-04,6.329999923706055,6.679999828338623,6.289999961853027,6.599999904632568,6.599999904632568,36500
2021-02-05,6.619999885559082,6.619999885559082,6.179999828338623,6.239999771118164,6.239999771118164,34400
2021-02-08,6.260000228881836,6.730000019073486,6.099999904632568,6.690000057220459,6.690000057220459,64600
2021-02-09,6.690000057220459,6.690000057220459,6.230000019073486,6.369999885559082,6.369999885559082,73000
2021-02-10,6.409999847412109,6.670000076293945,6.349999904632568,6.579999923706055,6.579999923706055,50600
2021-02-11,6.360000133514404,6.71999979019165,6.159999847412109,6.510000228881836,6.510000228881836,45300
2021-02-12,6.579999923706055,6.659999847412109,6.440000057220459,6.590000152587891,6.590000152587891,32400
2021-02-16,6.349999904632568,6.730000019073486,6.320000171661377,6.5,6.5,75200
2021-02-17,6.46999979019165,6.670000076293945,6.239999771118164,6.619999885559082,6.619999885559082,27100
2021-02-18,6.360000133514404,6.75,6.360000133514404,6.639999866485596,6.639999866485596,32500
2021-02-19,6.650000095367432,6.800000190734863,6.599999904632568,6.739999771118164,6.739999771118164,34000
2021-02-22,6.619999885559082,7.25,6.619999885559082,7.170000076293945,7.170000076293945,99000
2021-02-23,7.010000228881836,7.239999771118164,6.570000171661377,7.230000019073486,7.230000019073486,45400
2021-02-24,7.139999866485596,7.5,7.139999866485596,7.409999847412109,7.409999847412109,60300
2021-02-25,7.5,7.5,7.210000038146973,7.320000171661377,7.320000171661377,34300
2021-02-26,7.5,7.5,7.199999809265137,7.320000171661377,7.320000171661377,29300
2021-03-01,7.480000019073486,7.5,7.230000019073486,7.360000133514404,7.360000133514404,32400
2021-03-02,7.440000057220459,7.440000057220459,7.099999904632568,7.119999885559082,7.119999885559082,25600
2021-03-03,7.269999980926514,7.400000095367432,7.059999942779541,7.239999771118164,7.239999771118164,26800
2021-03-04,7.199999809265137,7.260000228881836,6.619999885559082,7.019999980926514,7.019999980926514,77900
2021-03-05,7.050000190734863,7.199999809265137,6.659999847412109,6.900000095367432,6.900000095367432,180100
2021-03-08,7.010000228881836,7.230000019073486,6.829999923706055,7.0,7.0,149600
2021-03-09,7.059999942779541,7.170000076293945,6.900000095367432,7.059999942779541,7.059999942779541,157900
2021-03-10,7.150000095367432,7.460000038146973,7.150000095367432,7.320000171661377,7.320000171661377,31300
2021-03-11,7.329999923706055,7.579999923706055,7.329999923706055,7.550000190734863,7.550000190734863,59200
2021-03-12,7.559999942779541,7.559999942779541,6.889999866485596,7.099999904632568,7.099999904632568,114900
2021-03-15,7.199999809265137,7.25,7.0,7.199999809265137,7.199999809265137,39000
2021-03-16,7.199999809265137,7.230000019073486,6.800000190734863,6.929999828338623,6.929999828338623,62200
2021-03-17,6.989999771118164,6.989999771118164,6.710000038146973,6.869999885559082,6.869999885559082,51700
2021-03-18,6.929999828338623,7.210000038146973,6.869999885559082,7.110000133514404,7.110000133514404,39200
2021-03-19,7.139999866485596,7.25,6.909999847412109,7.190000057220459,7.190000057220459,103200
2021-03-22,7.199999809265137,7.230000019073486,6.670000076293945,6.869999885559082,6.869999885559082,34400
2021-03-23,6.880000114440918,6.880000114440918,6.389999866485596,6.440000057220459,6.440000057220459,76300
2021-03-24,6.460000038146973,6.730000019073486,6.059999942779541,6.099999904632568,6.099999904632568,145000
2021-03-25,6.369999885559082,6.369999885559082,5.849999904632568,6.0,6.0,44200
2021-03-26,6.369999885559082,6.369999885559082,5.809999942779541,5.929999828338623,5.929999828338623,65700
2021-03-29,5.829999923706055,5.980000019073486,5.619999885559082,5.75,5.75,55700
2021-03-30,6.110000133514404,6.110000133514404,5.5,5.769999980926514,5.769999980926514,46100
2021-03-31,5.769999980926514,5.989999771118164,5.409999847412109,5.550000190734863,5.550000190734863,178200
2021-04-01,5.599999904632568,6.480000019073486,5.599999904632568,6.25,6.25,170600
2021-04-05,6.440000057220459,6.71999979019165,6.159999847412109,6.699999809265137,6.699999809265137,80200
2021-04-06,6.699999809265137,6.75,6.349999904632568,6.579999923706055,6.579999923706055,50700
2021-04-07,6.650000095367432,6.650000095367432,6.349999904632568,6.440000057220459,6.440000057220459,38700
2021-04-08,6.389999866485596,6.78000020980835,6.369999885559082,6.579999923706055,6.579999923706055,53200
2021-04-09,6.46999979019165,6.570000171661377,6.380000114440918,6.46999979019165,6.46999979019165,37500
2021-04-12,6.599999904632568,6.599999904632568,6.340000152587891,6.5,6.5,35000
2021-04-13,6.429999828338623,6.519999980926514,6.239999771118164,6.400000095367432,6.400000095367432,49900
2021-04-14,6.519999980926514,6.519999980926514,6.300000190734863,6.429999828338623,6.429999828338623,34000
2021-04-15,6.539999961853027,6.619999885559082,6.389999866485596,6.409999847412109,6.409999847412109,16300
2021-04-16,6.360000133514404,6.670000076293945,6.360000133514404,6.429999828338623,6.429999828338623,27900
2021-04-19,6.309999942779541,6.400000095367432,6.059999942779541,6.090000152587891,6.090000152587891,42400
2021-04-20,6.059999942779541,6.110000133514404,5.820000171661377,5.96999979019165,5.96999979019165,33000
2021-04-21,5.920000076293945,6.179999828338623,5.909999847412109,6.139999866485596,6.139999866485596,33200
2021-04-22,6.199999809265137,6.46999979019165,5.880000114440918,6.010000228881836,6.010000228881836,43400
2021-04-23,6.050000190734863,6.130000114440918,5.980000019073486,6.079999923706055,6.079999923706055,24800
2021-04-26,6.090000152587891,6.53000020980835,5.989999771118164,6.0,6.0,16700
2021-04-27,6.170000076293945,6.170000076293945,5.960000038146973,6.050000190734863,6.050000190734863,16500
2021-04-28,5.989999771118164,6.039999961853027,5.900000095367432,6.019999980926514,6.019999980926514,21700
2021-04-29,6.059999942779541,6.130000114440918,5.920000076293945,6.079999923706055,6.079999923706055,18300
2021-04-30,5.96999979019165,6.019999980926514,5.860000133514404,5.980000019073486,5.980000019073486,25200
2021-05-03,6.070000171661377,6.070000171661377,5.900000095367432,6.050000190734863,6.050000190734863,17000
2021-05-04,6.099999904632568,6.110000133514404,5.920000076293945,5.989999771118164,5.989999771118164,26700
2021-05-05,6.0,6.0,5.809999942779541,5.869999885559082,5.869999885559082,23000
2021-05-06,5.909999847412109,5.909999847412109,5.679999828338623,5.75,5.75,39100
2021-05-07,5.800000190734863,6.059999942779541,5.71999979019165,6.050000190734863,6.050000190734863,34500
2021-05-10,6.090000152587891,6.090000152587891,5.710000038146973,5.760000228881836,5.760000228881836,36700
2021-05-11,5.699999809265137,5.829999923706055,5.699999809265137,5.710000038146973,5.710000038146973,19700
2021-05-12,5.710000038146973,5.920000076293945,5.710000038146973,5.789999961853027,5.789999961853027,21100
2021-05-13,5.760000228881836,6.0,5.739999771118164,5.909999847412109,5.909999847412109,15900
2021-05-14,5.909999847412109,6.0,5.869999885559082,5.929999828338623,5.929999828338623,8600
2021-05-17,6.0,6.210000038146973,5.949999809265137,6.010000228881836,6.010000228881836,44000
2021-05-18,6.099999904632568,6.429999828338623,6.050000190734863,6.119999885559082,6.119999885559082,26600
2021-05-19,6.099999904632568,6.21999979019165,5.96999979019165,6.210000038146973,6.210000038146973,15700
2021-05-20,6.190000057220459,6.25,6.110000133514404,6.25,6.25,46200
2021-05-21,6.199999809265137,6.199999809265137,6.03000020980835,6.090000152587891,6.090000152587891,16900
2021-05-24,5.769999980926514,6.059999942779541,5.769999980926514,6.050000190734863,6.050000190734863,31300
2021-05-25,6.099999904632568,6.340000152587891,6.03000020980835,6.239999771118164,6.239999771118164,59600
2021-05-26,6.210000038146973,6.28000020980835,6.070000171661377,6.179999828338623,6.179999828338623,27300
2021-05-27,6.119999885559082,6.610000133514404,6.119999885559082,6.360000133514404,6.360000133514404,130000
2021-05-28,6.429999828338623,6.769999980926514,6.420000076293945,6.559999942779541,6.559999942779541,96200
2021-06-01,6.650000095367432,6.650000095367432,6.309999942779541,6.559999942779541,6.559999942779541,51700
2021-06-02,6.630000114440918,6.949999809265137,6.550000190734863,6.949999809265137,6.949999809265137,214700
2021-06-03,6.940000057220459,6.949999809265137,6.710000038146973,6.880000114440918,6.880000114440918,77800
2021-06-04,6.880000114440918,6.880000114440918,6.550000190734863,6.599999904632568,6.599999904632568,41600
2021-06-07,6.559999942779541,6.650000095367432,6.380000114440918,6.389999866485596,6.389999866485596,30700
2021-06-08,6.480000019073486,6.670000076293945,6.340000152587891,6.369999885559082,6.369999885559082,62700
2021-06-09,6.25,6.400000095367432,6.210000038146973,6.340000152587891,6.340000152587891,45300
2021-06-10,6.239999771118164,6.289999961853027,6.139999866485596,6.210000038146973,6.210000038146973,34300
2021-06-11,6.179999828338623,6.349999904632568,6.179999828338623,6.300000190734863,6.300000190734863,36300
2021-06-14,6.289999961853027,6.570000171661377,6.289999961853027,6.340000152587891,6.340000152587891,23800
2021-06-15,6.389999866485596,6.699999809265137,6.340000152587891,6.590000152587891,6.590000152587891,126500
2021-06-16,6.630000114440918,6.639999866485596,6.480000019073486,6.53000020980835,6.53000020980835,24400
2021-06-17,6.519999980926514,6.739999771118164,6.449999809265137,6.71999979019165,6.71999979019165,97200
2021-06-18,6.639999866485596,6.800000190734863,6.579999923706055,6.769999980926514,6.769999980926514,44600
2021-06-21,6.769999980926514,6.800000190734863,6.630000114440918,6.690000057220459,6.690000057220459,19100
2021-06-22,6.699999809265137,6.730000019073486,6.5,6.71999979019165,6.71999979019165,22300
2021-06-23,6.71999979019165,6.800000190734863,6.610000133514404,6.78000020980835,6.78000020980835,30300
2021-06-24,6.849999904632568,6.849999904632568,6.679999828338623,6.789999961853027,6.789999961853027,15000
2021-06-25,6.889999866485596,6.889999866485596,6.789999961853027,6.869999885559082,6.869999885559082,18700
2021-06-28,6.829999923706055,6.900000095367432,6.71999979019165,6.78000020980835,6.78000020980835,28200
2021-06-29,6.739999771118164,6.889999866485596,6.659999847412109,6.860000133514404,6.860000133514404,14600
2021-06-30,6.909999847412109,7.150000095367432,6.78000020980835,6.96999979019165,6.96999979019165,70100
2021-07-01,6.949999809265137,6.960000038146973,6.739999771118164,6.760000228881836,6.760000228881836,32300
2021-07-02,6.760000228881836,6.78000020980835,6.659999847412109,6.730000019073486,6.730000019073486,7400
2021-07-06,6.78000020980835,6.78000020980835,6.599999904632568,6.630000114440918,6.630000114440918,45100
2021-07-07,6.550000190734863,6.579999923706055,6.389999866485596,6.409999847412109,6.409999847412109,31700
2021-07-08,6.369999885559082,6.5,6.369999885559082,6.46999979019165,6.46999979019165,89500
2021-07-09,6.489999771118164,6.539999961853027,6.400000095367432,6.480000019073486,6.480000019073486,19000
2021-07-12,6.449999809265137,6.510000228881836,6.449999809265137,6.460000038146973,6.460000038146973,11200
2021-07-13,6.420000076293945,6.46999979019165,6.329999923706055,6.369999885559082,6.369999885559082,14800
2021-07-14,6.369999885559082,6.369999885559082,6.239999771118164,6.28000020980835,6.28000020980835,30600
2021-07-15,6.230000019073486,6.409999847412109,6.110000133514404,6.150000095367432,6.150000095367432,50800
2021-07-16,6.119999885559082,6.199999809265137,6.039999961853027,6.039999961853027,6.039999961853027,40600
2021-07-19,6.090000152587891,6.440000057220459,5.670000076293945,5.710000038146973,5.710000038146973,58500
2021-07-20,5.820000171661377,5.900000095367432,5.599999904632568,5.71999979019165,5.71999979019165,91300
2021-07-21,5.820000171661377,5.900000095367432,5.739999771118164,5.739999771118164,5.739999771118164,39300
2021-07-22,5.800000190734863,5.800000190734863,5.699999809265137,5.730000019073486,5.730000019073486,9500
2021-07-23,5.730000019073486,6.170000076293945,5.579999923706055,5.610000133514404,5.610000133514404,40100
2021-07-26,5.570000171661377,5.679999828338623,5.559999942779541,5.559999942779541,5.559999942779541,18200
2021-07-27,5.559999942779541,5.579999923706055,5.320000171661377,5.380000114440918,5.380000114440918,24400
2021-07-28,5.400000095367432,5.460000038146973,5.28000020980835,5.300000190734863,5.300000190734863,65300
2021-07-29,5.300000190734863,5.449999809265137,5.21999979019165,5.25,5.25,27700
2021-07-30,5.130000114440918,5.46999979019165,5.130000114440918,5.260000228881836,5.260000228881836,18500
2021-08-02,5.300000190734863,5.369999885559082,5.21999979019165,5.21999979019165,5.21999979019165,22400
2021-08-03,5.269999980926514,5.289999961853027,5.050000190734863,5.28000020980835,5.28000020980835,46900
2021-08-04,5.21999979019165,5.25,4.929999828338623,5.019999980926514,5.019999980926514,25000
2021-08-05,5.050000190734863,5.210000038146973,5.010000228881836,5.170000076293945,5.170000076293945,29600
2021-08-06,5.170000076293945,5.289999961853027,5.050000190734863,5.090000152587891,5.090000152587891,27400
2021-08-09,5.0,5.230000019073486,5.0,5.150000095367432,5.150000095367432,27200
2021-08-10,5.239999771118164,5.25,5.03000020980835,5.059999942779541,5.059999942779541,32600
2021-08-11,5.070000171661377,5.329999923706055,5.070000171661377,5.239999771118164,5.239999771118164,67400
2021-08-12,5.389999866485596,5.539999961853027,5.21999979019165,5.260000228881836,5.260000228881836,68200
2021-08-13,5.25,5.260000228881836,5.119999885559082,5.150000095367432,5.150000095367432,36600
2021-08-16,5.090000152587891,5.139999866485596,4.980000019073486,5.059999942779541,5.059999942779541,43400
2021-08-17,5.159999847412109,5.159999847412109,5.0,5.019999980926514,5.019999980926514,12800
2021-08-18,5.090000152587891,5.110000133514404,4.960000038146973,4.960000038146973,4.960000038146973,22400
2021-08-19,5.099999904632568,5.099999904632568,4.820000171661377,4.829999923706055,4.829999923706055,20700
2021-08-20,4.820000171661377,4.889999866485596,4.670000076293945,4.71999979019165,4.71999979019165,76900
2021-08-23,4.789999961853027,5.019999980926514,4.789999961853027,4.960000038146973,4.960000038146973,16800
2021-08-24,5.010000228881836,5.119999885559082,4.96999979019165,5.079999923706055,5.079999923706055,50900
2021-08-25,5.139999866485596,5.139999866485596,5.010000228881836,5.010000228881836,5.010000228881836,29800
2021-08-26,5.090000152587891,5.090000152587891,4.920000076293945,4.940000057220459,4.940000057220459,27800
2021-08-27,4.980000019073486,5.190000057220459,4.960000038146973,5.090000152587891,5.090000152587891,88900
2021-08-30,5.099999904632568,5.170000076293945,4.949999809265137,4.980000019073486,4.980000019073486,49800
2021-08-31,4.940000057220459,5.170000076293945,4.940000057220459,5.139999866485596,5.139999866485596,57900
2021-09-01,4.610000133514404,5.099999904632568,4.610000133514404,4.960000038146973,4.960000038146973,54900
2021-09-02,4.989999771118164,5.039999961853027,4.880000114440918,4.940000057220459,4.940000057220459,30300
2021-09-03,4.929999828338623,4.929999828338623,4.710000038146973,4.730000019073486,4.730000019073486,27800
2021-09-07,4.78000020980835,4.940000057220459,4.78000020980835,4.880000114440918,4.880000114440918,21500
2021-09-08,4.900000095367432,4.900000095367432,4.75,4.75,4.75,15500
2021-09-09,5.03000020980835,5.070000171661377,4.699999809265137,4.730000019073486,4.730000019073486,26900
2021-09-10,4.730000019073486,4.880000114440918,4.71999979019165,4.760000228881836,4.760000228881836,43500
2021-09-13,4.75,5.079999923706055,4.75,4.769999980926514,4.769999980926514,26900
2021-09-14,4.769999980926514,4.920000076293945,4.699999809265137,4.809999942779541,4.809999942779541,52900
2021-09-15,4.75,4.789999961853027,4.71999979019165,4.789999961853027,4.789999961853027,21500
2021-09-16,4.760000228881836,4.769999980926514,4.619999885559082,4.739999771118164,4.739999771118164,21100
2021-09-17,4.769999980926514,4.789999961853027,4.610000133514404,4.610000133514404,4.610000133514404,45600
2021-09-20,4.630000114440918,4.800000190734863,4.559999942779541,4.599999904632568,4.599999904632568,28500
2021-09-21,4.579999923706055,4.619999885559082,4.510000228881836,4.519999980926514,4.519999980926514,28600
2021-09-22,4.570000171661377,4.590000152587891,4.400000095367432,4.449999809265137,4.449999809265137,1138600
2021-09-23,4.449999809265137,4.579999923706055,4.400000095367432,4.5,4.5,52800
2021-09-24,4.400000095367432,5.0,4.400000095367432,4.980000019073486,4.980000019073486,50100
2021-09-27,4.909999847412109,5.25,4.909999847412109,5.119999885559082,5.119999885559082,43600
2021-09-28,5.059999942779541,5.090000152587891,5.010000228881836,5.03000020980835,5.03000020980835,4300
2021-09-29,5.019999980926514,5.079999923706055,4.880000114440918,4.889999866485596,4.889999866485596,12700
2021-09-30,4.840000152587891,5.130000114440918,4.840000152587891,5.059999942779541,5.059999942779541,79100
2021-10-01,5.070000171661377,5.199999809265137,5.050000190734863,5.090000152587891,5.090000152587891,25100
2021-10-04,5.079999923706055,5.119999885559082,5.059999942779541,5.059999942779541,5.059999942779541,35200
2021-10-05,5.21999979019165,5.21999979019165,5.0,5.150000095367432,5.150000095367432,50800
2021-10-06,5.21999979019165,5.269999980926514,5.059999942779541,5.239999771118164,5.239999771118164,38800
2021-10-07,5.329999923706055,5.340000152587891,5.139999866485596,5.329999923706055,5.329999923706055,41100
2021-10-08,5.320000171661377,5.409999847412109,5.25,5.269999980926514,5.269999980926514,63300
2021-10-11,5.230000019073486,5.239999771118164,5.099999904632568,5.119999885559082,5.119999885559082,24500
2021-10-12,5.079999923706055,5.090000152587891,5.010000228881836,5.019999980926514,5.019999980926514,8300
2021-10-13,5.010000228881836,5.019999980926514,4.800000190734863,4.829999923706055,4.829999923706055,43200
2021-10-14,4.849999904632568,4.96999979019165,4.789999961853027,4.940000057220459,4.940000057220459,40600
2021-10-15,5.03000020980835,5.03000020980835,4.860000133514404,4.989999771118164,4.989999771118164,34000
2021-10-18,4.869999885559082,5.010000228881836,4.829999923706055,4.940000057220459,4.940000057220459,29300
2021-10-19,4.920000076293945,5.050000190734863,4.900000095367432,4.920000076293945,4.920000076293945,35400
2021-10-20,4.960000038146973,5.019999980926514,4.940000057220459,4.940000057220459,4.940000057220459,11000
2021-10-21,4.949999809265137,5.050000190734863,4.940000057220459,4.949999809265137,4.949999809265137,12700
2021-10-22,4.960000038146973,4.960000038146973,4.869999885559082,4.880000114440918,4.880000114440918,10000
2021-10-25,4.880000114440918,4.900000095367432,4.829999923706055,4.849999904632568,4.849999904632568,15600
2021-10-26,4.829999923706055,4.900000095367432,4.809999942779541,4.869999885559082,4.869999885559082,26600
2021-10-27,4.900000095367432,4.900000095367432,4.800000190734863,4.820000171661377,4.820000171661377,14200
2021-10-28,4.900000095367432,5.070000171661377,4.889999866485596,5.039999961853027,5.039999961853027,14200
2021-10-29,5.019999980926514,5.019999980926514,4.789999961853027,4.789999961853027,4.789999961853027,14900
2021-11-01,4.829999923706055,5.039999961853027,4.789999961853027,4.880000114440918,4.880000114440918,20900
2021-11-02,4.889999866485596,4.920000076293945,4.809999942779541,4.840000152587891,4.840000152587891,18100
2021-11-03,4.900000095367432,5.010000228881836,4.880000114440918,4.929999828338623,4.929999828338623,26300
2021-11-04,4.909999847412109,4.909999847412109,4.809999942779541,4.840000152587891,4.840000152587891,17900
2021-11-05,4.929999828338623,4.960000038146973,4.809999942779541,4.809999942779541,4.809999942779541,51900
2021-11-08,4.949999809265137,4.949999809265137,4.880000114440918,4.929999828338623,4.929999828338623,21100
2021-11-09,4.929999828338623,5.019999980926514,4.860000133514404,5.0,5.0,61300
2021-11-10,5.0,5.010000228881836,4.940000057220459,5.0,5.0,25200
2021-11-11,5.0,5.050000190734863,4.909999847412109,5.0,5.0,25700
2021-11-12,4.989999771118164,5.010000228881836,4.920000076293945,5.0,5.0,17100
2021-11-15,5.0,5.039999961853027,4.920000076293945,5.03000020980835,5.03000020980835,28400
2021-11-16,5.039999961853027,5.059999942779541,4.949999809265137,5.0,5.0,13300
2021-11-17,4.929999828338623,5.079999923706055,4.900000095367432,5.0,5.0,43100
2021-11-18,5.0,5.0,4.840000152587891,4.869999885559082,4.869999885559082,19500
2021-11-19,4.860000133514404,4.909999847412109,4.829999923706055,4.840000152587891,4.840000152587891,15700
2021-11-22,4.820000171661377,4.860000133514404,4.739999771118164,4.78000020980835,4.78000020980835,47100
2021-11-23,4.769999980926514,4.820000171661377,4.670000076293945,4.71999979019165,4.71999979019165,60300
2021-11-24,4.769999980926514,4.78000020980835,4.659999847412109,4.739999771118164,4.739999771118164,14400
2021-11-26,4.670000076293945,4.670000076293945,4.340000152587891,4.389999866485596,4.389999866485596,58800
2021-11-29,4.400000095367432,4.400000095367432,4.230000019073486,4.239999771118164,4.239999771118164,62800
2021-11-30,4.289999961853027,4.289999961853027,4.039999961853027,4.070000171661377,4.070000171661377,63800
2021-12-01,4.090000152587891,4.210000038146973,3.9100000858306885,3.9700000286102295,3.9700000286102295,78100
2021-12-02,4.010000228881836,4.139999866485596,3.9800000190734863,4.130000114440918,4.130000114440918,24000
2021-12-03,4.03000020980835,4.090000152587891,3.950000047683716,3.9700000286102295,3.9700000286102295,25500
2021-12-06,4.050000190734863,4.179999828338623,4.03000020980835,4.159999847412109,4.159999847412109,63900
2021-12-07,4.21999979019165,4.28000020980835,4.179999828338623,4.239999771118164,4.239999771118164,23100
2021-12-08,4.190000057220459,4.400000095367432,4.190000057220459,4.369999885559082,4.369999885559082,9400
2021-12-09,4.389999866485596,4.400000095367432,4.309999942779541,4.309999942779541,4.309999942779541,8700
2021-12-10,4.369999885559082,4.440000057220459,4.320000171661377,4.429999828338623,4.429999828338623,17500
2021-12-13,4.340000152587891,4.440000057220459,4.300000190734863,4.300000190734863,4.300000190734863,15100
2021-12-14,4.329999923706055,4.409999847412109,4.289999961853027,4.360000133514404,4.360000133514404,6100
2021-12-15,4.369999885559082,4.449999809265137,4.269999980926514,4.400000095367432,4.400000095367432,99400
2021-12-16,4.400000095367432,4.409999847412109,4.159999847412109,4.239999771118164,4.239999771118164,77000
2021-12-17,4.190000057220459,4.429999828338623,4.190000057220459,4.309999942779541,4.309999942779541,26400
2021-12-20,4.25,4.340000152587891,3.9800000190734863,4.050000190734863,4.050000190734863,54300
2021-12-21,4.039999961853027,4.190000057220459,4.039999961853027,4.130000114440918,4.130000114440918,46700
2021-12-22,4.110000133514404,4.170000076293945,4.099999904632568,4.139999866485596,4.139999866485596,20700
2021-12-23,4.139999866485596,4.150000095367432,4.010000228881836,4.070000171661377,4.070000171661377,43100
2021-12-27,4.070000171661377,4.21999979019165,4.050000190734863,4.119999885559082,4.119999885559082,70800
2021-12-28,4.110000133514404,4.159999847412109,4.039999961853027,4.059999942779541,4.059999942779541,103800
2021-12-29,4.070000171661377,4.070000171661377,3.859999895095825,3.9000000953674316,3.9000000953674316,120500
2021-12-30,3.930000066757202,4.269999980926514,3.930000066757202,4.059999942779541,4.059999942779541,214300
2021-12-31,4.059999942779541,4.179999828338623,3.9800000190734863,4.039999961853027,4.039999961853027,107400
2022-01-03,4.199999809265137,4.21999979019165,4.079999923706055,4.210000038146973,4.210000038146973,25600
2022-01-04,4.210000038146973,4.349999904632568,4.210000038146973,4.309999942779541,4.309999942779541,28300
2022-01-05,4.340000152587891,4.349999904632568,4.199999809265137,4.210000038146973,4.210000038146973,84900
2022-01-06,4.190000057220459,4.269999980926514,4.150000095367432,4.21999979019165,4.21999979019165,31100
2022-01-07,4.260000228881836,4.340000152587891,4.230000019073486,4.300000190734863,4.300000190734863,21700
2022-01-10,4.300000190734863,4.349999904632568,4.269999980926514,4.300000190734863,4.300000190734863,30400
2022-01-11,4.300000190734863,4.510000228881836,4.300000190734863,4.400000095367432,4.400000095367432,290500
2022-01-12,4.460000038146973,4.460000038146973,4.389999866485596,4.409999847412109,4.409999847412109,63700
2022-01-13,4.400000095367432,4.46999979019165,4.400000095367432,4.409999847412109,4.409999847412109,42000
2022-01-14,4.400000095367432,4.429999828338623,4.380000114440918,4.429999828338623,4.429999828338623,29300
2022-01-18,4.369999885559082,4.400000095367432,4.269999980926514,4.320000171661377,4.320000171661377,25500
2022-01-19,4.340000152587891,4.360000133514404,4.300000190734863,4.340000152587891,4.340000152587891,35700
2022-01-20,4.150000095367432,4.420000076293945,4.150000095367432,4.300000190734863,4.300000190734863,12700
2022-01-21,4.130000114440918,4.449999809265137,4.130000114440918,4.289999961853027,4.289999961853027,69100
2022-01-24,4.309999942779541,4.309999942779541,4.179999828338623,4.309999942779541,4.309999942779541,60100
2022-01-25,4.25,4.340000152587891,4.239999771118164,4.309999942779541,4.309999942779541,50900
2022-01-26,4.309999942779541,4.460000038146973,4.300000190734863,4.409999847412109,4.409999847412109,43800
2022-01-27,4.46999979019165,4.619999885559082,4.289999961853027,4.409999847412109,4.409999847412109,39700
2022-01-28,4.489999771118164,4.489999771118164,4.21999979019165,4.340000152587891,4.340000152587891,31600
2022-01-31,4.230000019073486,4.519999980926514,4.230000019073486,4.449999809265137,4.449999809265137,26800
2022-02-01,4.389999866485596,4.519999980926514,4.360000133514404,4.519999980926514,4.519999980926514,43200
2022-02-02,4.460000038146973,4.510000228881836,4.440000057220459,4.46999979019165,4.46999979019165,32300
2022-02-03,4.429999828338623,4.429999828338623,4.199999809265137,4.25,4.25,35300
2022-02-04,4.25,4.260000228881836,4.150000095367432,4.21999979019165,4.21999979019165,18300
2022-02-07,4.21999979019165,4.329999923706055,4.199999809265137,4.269999980926514,4.269999980926514,9000
2022-02-08,4.269999980926514,4.559999942779541,4.230000019073486,4.539999961853027,4.539999961853027,13400
2022-02-09,4.599999904632568,4.71999979019165,4.510000228881836,4.71999979019165,4.71999979019165,37600
2022-02-10,4.679999828338623,4.690000057220459,4.429999828338623,4.46999979019165,4.46999979019165,13400
2022-02-11,4.400000095367432,4.420000076293945,4.300000190734863,4.369999885559082,4.369999885559082,15700
2022-02-14,4.409999847412109,4.420000076293945,4.340000152587891,4.409999847412109,4.409999847412109,14300
2022-02-15,4.449999809265137,4.699999809265137,4.449999809265137,4.579999923706055,4.579999923706055,15000
2022-02-16,4.559999942779541,4.699999809265137,4.510000228881836,4.670000076293945,4.670000076293945,6700
2022-02-17,4.590000152587891,4.599999904632568,4.449999809265137,4.449999809265137,4.449999809265137,7900
2022-02-18,4.460000038146973,4.5,4.360000133514404,4.5,4.5,9000
2022-02-22,4.489999771118164,4.610000133514404,4.349999904632568,4.420000076293945,4.420000076293945,13400
2022-02-23,4.599999904632568,4.599999904632568,4.340000152587891,4.420000076293945,4.420000076293945,28200
2022-02-24,4.260000228881836,4.46999979019165,4.260000228881836,4.440000057220459,4.440000057220459,10300
2022-02-25,4.369999885559082,4.590000152587891,4.369999885559082,4.460000038146973,4.460000038146973,6100
2022-02-28,4.389999866485596,4.5,4.389999866485596,4.429999828338623,4.429999828338623,11000
2022-03-01,4.380000114440918,4.460000038146973,4.349999904632568,4.349999904632568,4.349999904632568,19500
2022-03-02,4.389999866485596,4.440000057220459,4.320000171661377,4.320000171661377,4.320000171661377,20600
2022-03-03,4.320000171661377,4.320000171661377,4.170000076293945,4.25,4.25,17500
2022-03-04,4.21999979019165,4.230000019073486,4.130000114440918,4.170000076293945,4.170000076293945,15900
2022-03-07,4.199999809265137,4.239999771118164,4.039999961853027,4.059999942779541,4.059999942779541,67800
2022-03-08,4.179999828338623,4.190000057220459,3.9800000190734863,4.090000152587891,4.090000152587891,45300
2022-03-09,4.199999809265137,4.260000228881836,4.130000114440918,4.21999979019165,4.21999979019165,20300
2022-03-10,4.159999847412109,4.28000020980835,4.159999847412109,4.230000019073486,4.230000019073486,10400
2022-03-11,4.25,4.369999885559082,4.170000076293945,4.230000019073486,4.230000019073486,11600
2022-03-14,4.21999979019165,4.269999980926514,4.090000152587891,4.090000152587891,4.090000152587891,46500
2022-03-15,4.070000171661377,4.150000095367432,4.050000190734863,4.099999904632568,4.099999904632568,23900
2022-03-16,4.199999809265137,4.429999828338623,4.199999809265137,4.380000114440918,4.380000114440918,49600
2022-03-17,4.440000057220459,4.460000038146973,4.329999923706055,4.460000038146973,4.460000038146973,25300
2022-03-18,4.389999866485596,4.579999923706055,4.380000114440918,4.5,4.5,69100
2022-03-21,4.550000190734863,4.570000171661377,4.400000095367432,4.480000019073486,4.480000019073486,14900
2022-03-22,4.480000019073486,4.510000228881836,4.349999904632568,4.449999809265137,4.449999809265137,17200
2022-03-23,4.389999866485596,4.409999847412109,4.239999771118164,4.340000152587891,4.340000152587891,7200
2022-03-24,4.300000190734863,4.440000057220459,4.190000057220459,4.28000020980835,4.28000020980835,8900
2022-03-25,4.159999847412109,4.349999904632568,4.159999847412109,4.269999980926514,4.269999980926514,14400
2022-03-28,4.269999980926514,4.269999980926514,4.199999809265137,4.25,4.25,5900
2022-03-29,4.289999961853027,4.489999771118164,4.269999980926514,4.429999828338623,4.429999828338623,27300
2022-03-30,4.449999809265137,4.449999809265137,4.340000152587891,4.420000076293945,4.420000076293945,4100
2022-03-31,4.429999828338623,4.429999828338623,4.269999980926514,4.28000020980835,4.28000020980835,4900
2022-04-01,4.340000152587891,4.46999979019165,4.300000190734863,4.340000152587891,4.340000152587891,9000
2022-04-04,4.380000114440918,4.429999828338623,4.349999904632568,4.380000114440918,4.380000114440918,11600
2022-04-05,4.380000114440918,4.409999847412109,4.260000228881836,4.300000190734863,4.300000190734863,13300
2022-04-06,4.309999942779541,4.369999885559082,4.239999771118164,4.239999771118164,4.239999771118164,9500
2022-04-07,4.300000190734863,4.300000190734863,4.159999847412109,4.159999847412109,4.159999847412109,35100
2022-04-08,4.230000019073486,4.230000019073486,4.119999885559082,4.150000095367432,4.150000095367432,11600
2022-04-11,4.190000057220459,4.190000057220459,4.070000171661377,4.119999885559082,4.119999885559082,19700
2022-04-12,4.150000095367432,4.21999979019165,4.110000133514404,4.110000133514404,4.110000133514404,12900
2022-04-13,4.110000133514404,4.159999847412109,4.070000171661377,4.070000171661377,4.070000171661377,15800
2022-04-14,4.110000133514404,4.230000019073486,4.090000152587891,4.230000019073486,4.230000019073486,26600
2022-04-18,4.190000057220459,4.230000019073486,4.099999904632568,4.130000114440918,4.130000114440918,21900
2022-04-19,4.139999866485596,4.210000038146973,4.139999866485596,4.150000095367432,4.150000095367432,8800
2022-04-20,4.179999828338623,4.269999980926514,4.170000076293945,4.190000057220459,4.190000057220459,11200
2022-04-21,4.159999847412109,4.239999771118164,4.079999923706055,4.099999904632568,4.099999904632568,13900
2022-04-22,4.119999885559082,4.150000095367432,4.050000190734863,4.059999942779541,4.059999942779541,40600
2022-04-25,4.059999942779541,4.130000114440918,3.950000047683716,4.019999980926514,4.019999980926514,38500
2022-04-26,4.019999980926514,4.03000020980835,3.9200000762939453,3.9200000762939453,3.9200000762939453,15300
2022-04-27,3.9600000381469727,3.9600000381469727,3.799999952316284,3.890000104904175,3.890000104904175,31300
2022-04-28,3.930000066757202,4.019999980926514,3.8399999141693115,3.890000104904175,3.890000104904175,77800
2022-04-29,4.0,4.0,3.880000114440918,3.990000009536743,3.990000009536743,16900
2022-05-02,3.950000047683716,4.050000190734863,3.9100000858306885,3.9200000762939453,3.9200000762939453,26200
2022-05-03,3.9200000762939453,4.0,3.9200000762939453,3.990000009536743,3.990000009536743,5800
2022-05-04,4.03000020980835,4.079999923706055,3.9600000381469727,4.079999923706055,4.079999923706055,25800
2022-05-05,3.9700000286102295,4.079999923706055,3.880000114440918,4.079999923706055,4.079999923706055,40700
2022-05-06,4.0,4.0,3.880000114440918,3.950000047683716,3.950000047683716,32700
2022-05-09,3.880000114440918,3.950000047683716,3.7300000190734863,3.809999942779541,3.809999942779541,48500
2022-05-10,3.75,3.75,3.5199999809265137,3.5299999713897705,3.5299999713897705,85200
2022-05-11,3.5999999046325684,3.609999895095825,3.440000057220459,3.509999990463257,3.509999990463257,25900
2022-05-12,3.5299999713897705,3.5999999046325684,3.359999895095825,3.5199999809265137,3.5199999809265137,22100
2022-05-13,3.5199999809265137,3.5799999237060547,3.5,3.5199999809265137,3.5199999809265137,15300
2022-05-16,3.5199999809265137,3.7799999713897705,3.509999990463257,3.5299999713897705,3.5299999713897705,16500
2022-05-17,3.5399999618530273,3.6600000858306885,3.430000066757202,3.450000047683716,3.450000047683716,23600
2022-05-18,3.450000047683716,3.619999885559082,3.4000000953674316,3.4600000381469727,3.4600000381469727,15100
2022-05-19,3.450000047683716,3.450000047683716,3.309999942779541,3.359999895095825,3.359999895095825,62200
2022-05-20,3.4000000953674316,3.4000000953674316,3.3399999141693115,3.3399999141693115,3.3399999141693115,59700
2022-05-23,3.3499999046325684,3.5399999618530273,3.3499999046325684,3.440000057220459,3.440000057220459,105600
2022-05-24,3.359999895095825,3.4200000762939453,3.3299999237060547,3.4100000858306885,3.4100000858306885,41900
2022-05-25,3.4000000953674316,3.630000114440918,3.359999895095825,3.5399999618530273,3.5399999618530273,26900
2022-05-26,3.7300000190734863,3.7300000190734863,3.5999999046325684,3.700000047683716,3.700000047683716,11800
2022-05-27,3.740000009536743,3.8299999237060547,3.700000047683716,3.7699999809265137,3.7699999809265137,28500
2022-05-31,3.75,3.819999933242798,3.6700000762939453,3.700000047683716,3.700000047683716,17600
2022-06-01,3.7100000381469727,3.7100000381469727,3.609999895095825,3.6700000762939453,3.6700000762939453,14800
2022-06-02,3.6500000953674316,3.740000009536743,3.5999999046325684,3.7300000190734863,3.7300000190734863,10900
2022-06-03,3.680000066757202,3.680000066757202,3.559999942779541,3.609999895095825,3.609999895095825,21600
2022-06-06,3.640000104904175,3.6700000762939453,3.5799999237060547,3.640000104904175,3.640000104904175,24600
2022-06-07,3.5199999809265137,3.700000047683716,3.5199999809265137,3.6600000858306885,3.6600000858306885,50400
2022-06-08,3.640000104904175,3.6600000858306885,3.549999952316284,3.6600000858306885,3.6600000858306885,23800
2022-06-09,3.6700000762939453,3.700000047683716,3.549999952316284,3.6500000953674316,3.6500000953674316,17400
2022-06-10,3.7300000190734863,3.7300000190734863,3.569999933242798,3.569999933242798,3.569999933242798,20700
2022-06-13,3.359999895095825,3.5899999141693115,3.359999895095825,3.559999942779541,3.559999942779541,6800
2022-06-14,3.5299999713897705,3.5299999713897705,3.380000114440918,3.380000114440918,3.380000114440918,21800
2022-06-15,3.380000114440918,3.549999952316284,3.380000114440918,3.4200000762939453,3.4200000762939453,93300
2022-06-16,3.4100000858306885,3.4200000762939453,3.25,3.3499999046325684,3.3499999046325684,37600
2022-06-17,3.3499999046325684,3.4700000286102295,3.2799999713897705,3.2799999713897705,3.2799999713897705,22600
2022-06-21,3.309999942779541,3.430000066757202,3.309999942779541,3.4000000953674316,3.4000000953674316,26900
2022-06-22,3.359999895095825,3.5,3.359999895095825,3.5,3.5,15800
2022-06-23,3.4600000381469727,3.5,3.4200000762939453,3.4600000381469727,3.4600000381469727,34300
2022-06-24,3.5,3.5799999237060547,3.5,3.549999952316284,3.549999952316284,5300
2022-06-27,3.5299999713897705,3.559999942779541,3.4800000190734863,3.5199999809265137,3.5199999809265137,5600
2022-06-28,3.5799999237060547,3.630000114440918,3.509999990463257,3.5899999141693115,3.5899999141693115,20100
2022-06-29,3.5799999237060547,3.6600000858306885,3.5399999618530273,3.5999999046325684,3.5999999046325684,45600
2022-06-30,3.5399999618530273,3.640000104904175,3.509999990463257,3.609999895095825,3.609999895095825,24900
2022-07-01,3.630000114440918,3.700000047683716,3.549999952316284,3.6500000953674316,3.6500000953674316,33000
2022-07-05,3.6600000858306885,3.6700000762939453,3.5799999237060547,3.640000104904175,3.640000104904175,40000
2022-07-06,3.6600000858306885,3.6600000858306885,3.5799999237060547,3.5999999046325684,3.5999999046325684,15500
2022-07-07,3.559999942779541,3.6600000858306885,3.549999952316284,3.630000114440918,3.630000114440918,22900
2022-07-08,3.609999895095825,3.7899999618530273,3.549999952316284,3.6600000858306885,3.6600000858306885,45500
2022-07-11,3.680000066757202,3.7699999809265137,3.5999999046325684,3.6500000953674316,3.6500000953674316,26700
2022-07-12,3.619999885559082,3.740000009536743,3.5999999046325684,3.7100000381469727,3.7100000381469727,15500
2022-07-13,3.6500000953674316,3.700000047683716,3.6500000953674316,3.700000047683716,3.700000047683716,7900
2022-07-14,3.619999885559082,3.819999933242798,3.5799999237060547,3.799999952316284,3.799999952316284,46100
2022-07-15,3.819999933242798,3.859999895095825,3.700000047683716,3.7200000286102295,3.7200000286102295,27400
2022-07-18,3.7699999809265137,3.9200000762939453,3.740000009536743,3.9200000762939453,3.9200000762939453,9500
2022-07-19,3.930000066757202,4.389999866485596,3.9000000953674316,4.239999771118164,4.239999771118164,45400
2022-07-20,4.210000038146973,4.309999942779541,4.199999809265137,4.230000019073486,4.230000019073486,31600
2022-07-21,4.210000038146973,4.210000038146973,4.090000152587891,4.139999866485596,4.139999866485596,60600
2022-07-22,4.110000133514404,4.199999809265137,4.0,4.170000076293945,4.170000076293945,29300
2022-07-25,4.380000114440918,4.380000114440918,4.179999828338623,4.210000038146973,4.210000038146973,37100
2022-07-26,4.21999979019165,4.300000190734863,4.159999847412109,4.28000020980835,4.28000020980835,38900
2022-07-27,4.300000190734863,4.53000020980835,4.260000228881836,4.489999771118164,4.489999771118164,239900
2022-07-28,4.489999771118164,4.489999771118164,4.429999828338623,4.449999809265137,4.449999809265137,28500
2022-07-29,4.449999809265137,4.659999847412109,4.409999847412109,4.659999847412109,4.659999847412109,121100
2022-08-01,4.679999828338623,4.789999961853027,4.5,4.75,4.75,21900
2022-08-02,4.880000114440918,4.880000114440918,4.690000057220459,4.690000057220459,4.690000057220459,13900
2022-08-03,4.679999828338623,4.71999979019165,4.539999961853027,4.570000171661377,4.570000171661377,49200
2022-08-04,4.599999904632568,4.630000114440918,4.519999980926514,4.610000133514404,4.610000133514404,12400
2022-08-05,4.619999885559082,4.650000095367432,4.559999942779541,4.650000095367432,4.650000095367432,15300
2022-08-08,4.650000095367432,4.880000114440918,4.590000152587891,4.659999847412109,4.659999847412109,26400
2022-08-09,4.599999904632568,4.670000076293945,4.519999980926514,4.590000152587891,4.590000152587891,18700
2022-08-10,4.630000114440918,4.679999828338623,4.480000019073486,4.539999961853027,4.539999961853027,17100
2022-08-11,4.539999961853027,4.699999809265137,4.539999961853027,4.690000057220459,4.690000057220459,20400
2022-08-12,4.679999828338623,4.679999828338623,4.619999885559082,4.619999885559082,4.619999885559082,28800
2022-08-15,4.630000114440918,4.679999828338623,4.170000076293945,4.590000152587891,4.590000152587891,17500
2022-08-16,4.550000190734863,4.610000133514404,4.460000038146973,4.570000171661377,4.570000171661377,8500
2022-08-17,4.53000020980835,4.650000095367432,4.510000228881836,4.579999923706055,4.579999923706055,26500
2022-08-18,4.579999923706055,4.590000152587891,4.5,4.550000190734863,4.550000190734863,18200
2022-08-19,4.559999942779541,4.559999942779541,4.230000019073486,4.289999961853027,4.289999961853027,16000
2022-08-22,4.300000190734863,4.300000190734863,4.03000020980835,4.159999847412109,4.159999847412109,8200
2022-08-23,4.199999809265137,4.329999923706055,4.139999866485596,4.289999961853027,4.289999961853027,10300
2022-08-24,4.25,4.360000133514404,4.21999979019165,4.300000190734863,4.300000190734863,7000
2022-08-25,4.309999942779541,4.400000095367432,4.260000228881836,4.380000114440918,4.380000114440918,15500
2022-08-26,4.300000190734863,4.389999866485596,4.139999866485596,4.28000020980835,4.28000020980835,14800
2022-08-29,4.170000076293945,4.269999980926514,4.019999980926514,4.039999961853027,4.039999961853027,23400
2022-08-30,4.050000190734863,4.099999904632568,4.010000228881836,4.070000171661377,4.070000171661377,10000
2022-08-31,4.03000020980835,4.079999923706055,4.0,4.039999961853027,4.039999961853027,31000
2022-09-01,4.050000190734863,4.059999942779541,4.0,4.059999942779541,4.059999942779541,37900
2022-09-02,4.070000171661377,4.090000152587891,3.940000057220459,4.03000020980835,4.03000020980835,64600
2022-09-06,4.0,4.170000076293945,3.940000057220459,4.019999980926514,4.019999980926514,11500
2022-09-07,3.9000000953674316,3.9800000190734863,3.859999895095825,3.859999895095825,3.859999895095825,8300
2022-09-08,3.8499999046325684,3.8499999046325684,3.759999990463257,3.809999942779541,3.809999942779541,10500
2022-09-09,3.9800000190734863,3.9800000190734863,3.7799999713897705,3.799999952316284,3.799999952316284,47000
2022-09-12,3.7699999809265137,3.8399999141693115,3.740000009536743,3.740000009536743,3.740000009536743,16400
2022-09-13,3.740000009536743,3.8499999046325684,3.7100000381469727,3.7899999618530273,3.7899999618530273,35700
2022-09-14,3.859999895095825,4.010000228881836,3.859999895095825,3.950000047683716,3.950000047683716,69300
2022-09-15,3.950000047683716,4.03000020980835,3.950000047683716,3.9600000381469727,3.9600000381469727,41900
2022-09-16,3.950000047683716,3.950000047683716,3.7100000381469727,3.7100000381469727,3.7100000381469727,75200
2022-09-19,3.7100000381469727,3.869999885559082,3.7100000381469727,3.7899999618530273,3.7899999618530273,36300
2022-09-20,3.7799999713897705,3.819999933242798,3.6700000762939453,3.680000066757202,3.680000066757202,27800
2022-09-21,3.7300000190734863,3.8399999141693115,3.700000047683716,3.799999952316284,3.799999952316284,42900
2022-09-22,3.680000066757202,3.740000009536743,3.640000104904175,3.640000104904175,3.640000104904175,45600
2022-09-23,3.609999895095825,3.6500000953674316,3.5199999809265137,3.5399999618530273,3.5399999618530273,34300
2022-09-26,3.569999933242798,3.9800000190734863,3.509999990463257,3.5199999809265137,3.5199999809265137,330600
2022-09-27,3.549999952316284,3.5899999141693115,3.3499999046325684,3.3499999046325684,3.3499999046325684,75900
2022-09-28,3.4000000953674316,3.5999999046325684,3.4000000953674316,3.490000009536743,3.490000009536743,14900
2022-09-29,3.440000057220459,3.440000057220459,3.1700000762939453,3.2100000381469727,3.2100000381469727,33900
2022-09-30,3.180000066757202,3.4700000286102295,3.180000066757202,3.2899999618530273,3.2899999618530273,39000
2022-10-03,3.4000000953674316,3.569999933242798,3.309999942779541,3.569999933242798,3.569999933242798,29900
2022-10-04,3.569999933242798,3.869999885559082,3.4700000286102295,3.4700000286102295,3.4700000286102295,63600
2022-10-05,3.4100000858306885,3.440000057220459,3.2899999618530273,3.299999952316284,3.299999952316284,17300
2022-10-06,3.2899999618530273,3.309999942779541,3.200000047683716,3.309999942779541,3.309999942779541,28800
2022-10-07,3.319999933242798,3.4000000953674316,3.2799999713897705,3.3299999237060547,3.3299999237060547,6400
2022-10-10,3.2899999618530273,3.309999942779541,3.2100000381469727,3.2300000190734863,3.2300000190734863,7600
2022-10-11,3.2200000286102295,3.2799999713897705,3.180000066757202,3.180000066757202,3.180000066757202,8300
2022-10-12,3.2100000381469727,3.359999895095825,3.1700000762939453,3.2799999713897705,3.2799999713897705,15500
2022-10-13,3.2300000190734863,3.549999952316284,3.2200000286102295,3.440000057220459,3.440000057220459,29700
2022-10-14,3.4200000762939453,3.4200000762939453,3.309999942779541,3.359999895095825,3.359999895095825,4300
2022-10-17,3.2899999618530273,3.450000047683716,3.2899999618530273,3.369999885559082,3.369999885559082,25300
2022-10-18,3.390000104904175,3.390000104904175,3.2799999713897705,3.3399999141693115,3.3399999141693115,20600
2022-10-19,3.319999933242798,3.359999895095825,3.2799999713897705,3.309999942779541,3.309999942779541,6000
2022-10-20,3.359999895095825,3.359999895095825,3.200000047683716,3.259999990463257,3.259999990463257,12600
2022-10-21,3.259999990463257,3.2899999618530273,3.200000047683716,3.200000047683716,3.200000047683716,11500
2022-10-24,3.180000066757202,3.200000047683716,3.1500000953674316,3.1500000953674316,3.1500000953674316,10600
2022-10-25,3.180000066757202,3.259999990463257,3.180000066757202,3.25,3.25,37800
2022-10-26,3.1700000762939453,3.240000009536743,3.1700000762939453,3.2300000190734863,3.2300000190734863,17500
2022-10-27,3.240000009536743,3.4100000858306885,3.240000009536743,3.299999952316284,3.299999952316284,10200
2022-10-28,3.2799999713897705,3.450000047683716,3.259999990463257,3.430000066757202,3.430000066757202,5400
2022-10-31,3.4800000190734863,3.5199999809265137,3.430000066757202,3.509999990463257,3.509999990463257,30500
2022-11-01,3.490000009536743,3.5799999237060547,3.490000009536743,3.559999942779541,3.559999942779541,5700
2022-11-02,3.559999942779541,3.5999999046325684,3.490000009536743,3.5,3.5,8600
2022-11-03,3.4100000858306885,3.4200000762939453,3.3499999046325684,3.390000104904175,3.390000104904175,3100
2022-11-04,3.4000000953674316,3.4200000762939453,3.2799999713897705,3.4000000953674316,3.4000000953674316,21900
2022-11-07,3.450000047683716,3.450000047683716,3.309999942779541,3.369999885559082,3.369999885559082,6900
2022-11-08,3.4000000953674316,3.4000000953674316,3.200000047683716,3.200000047683716,3.200000047683716,3700
2022-11-09,3.2699999809265137,3.359999895095825,3.2699999809265137,3.299999952316284,3.299999952316284,4700
2022-11-10,3.359999895095825,3.4100000858306885,3.3499999046325684,3.390000104904175,3.390000104904175,7400
2022-11-11,3.4000000953674316,3.8499999046325684,3.4000000953674316,3.4700000286102295,3.4700000286102295,57600
2022-11-14,3.5999999046325684,3.7100000381469727,3.549999952316284,3.630000114440918,3.630000114440918,43800
2022-11-15,3.5899999141693115,3.7799999713897705,3.5899999141693115,3.619999885559082,3.619999885559082,6200
2022-11-16,3.7899999618530273,3.7899999618530273,3.4800000190734863,3.5199999809265137,3.5199999809265137,9100
2022-11-17,3.4700000286102295,3.619999885559082,3.4700000286102295,3.5199999809265137,3.5199999809265137,7600
2022-11-18,3.490000009536743,3.569999933242798,3.490000009536743,3.5,3.5,8700
2022-11-21,3.5,3.5,3.369999885559082,3.4100000858306885,3.4100000858306885,5500
2022-11-22,3.380000114440918,3.4000000953674316,3.309999942779541,3.369999885559082,3.369999885559082,4400
2022-11-23,3.3399999141693115,3.490000009536743,3.3399999141693115,3.4200000762939453,3.4200000762939453,13700
2022-11-25,3.380000114440918,3.380000114440918,3.359999895095825,3.359999895095825,3.359999895095825,1300
2022-11-28,3.3399999141693115,3.3499999046325684,3.25,3.2699999809265137,3.2699999809265137,22000
2022-11-29,3.2699999809265137,3.299999952316284,3.1700000762939453,3.2200000286102295,3.2200000286102295,60400
2022-11-30,3.180000066757202,3.3299999237060547,3.1600000858306885,3.2200000286102295,3.2200000286102295,40100
2022-12-01,3.200000047683716,3.2300000190734863,3.1700000762939453,3.180000066757202,3.180000066757202,88300
2022-12-02,3.200000047683716,3.2300000190734863,3.180000066757202,3.180000066757202,3.180000066757202,61600
2022-12-05,3.1600000858306885,3.1700000762939453,3.119999885559082,3.119999885559082,3.119999885559082,18000
2022-12-06,3.0999999046325684,3.109999895095825,3.0,3.0199999809265137,3.0199999809265137,54100
2022-12-07,3.0299999713897705,3.059999942779541,2.9800000190734863,3.009999990463257,3.009999990463257,53100
2022-12-08,3.0199999809265137,3.059999942779541,2.990000009536743,2.990000009536743,2.990000009536743,29300
2022-12-09,3.2699999809265137,3.309999942779541,2.940000057220459,2.9600000381469727,2.9600000381469727,60600
2022-12-12,2.930000066757202,3.0299999713897705,2.9000000953674316,2.950000047683716,2.950000047683716,35400
2022-12-13,3.069999933242798,3.069999933242798,2.9000000953674316,2.940000057220459,2.940000057220459,25200
2022-12-14,2.940000057220459,3.0,2.859999895095825,2.880000114440918,2.880000114440918,28500
2022-12-15,2.869999885559082,2.880000114440918,2.819999933242798,2.8499999046325684,2.8499999046325684,50700
2022-12-16,2.809999942779541,2.8299999237060547,2.759999990463257,2.819999933242798,2.819999933242798,81900
2022-12-19,2.8299999237060547,2.869999885559082,2.799999952316284,2.809999942779541,2.809999942779541,25800
2022-12-20,2.819999933242798,2.819999933242798,2.7100000381469727,2.7300000190734863,2.7300000190734863,25800
2022-12-21,2.740000009536743,2.799999952316284,2.7100000381469727,2.799999952316284,2.799999952316284,18600
2022-12-22,2.7699999809265137,2.7799999713897705,2.7200000286102295,2.7699999809265137,2.7699999809265137,10500
2022-12-23,2.7799999713897705,2.8399999141693115,2.759999990463257,2.8299999237060547,2.8299999237060547,23000
2022-12-27,2.819999933242798,2.819999933242798,2.759999990463257,2.7699999809265137,2.7699999809265137,32000
2022-12-28,2.7899999618530273,2.7899999618530273,2.6500000953674316,2.6700000762939453,2.6700000762939453,43000
2022-12-29,2.7100000381469727,2.7899999618530273,2.7100000381469727,2.7799999713897705,2.7799999713897705,44500
2022-12-30,2.7100000381469727,2.8299999237060547,2.7100000381469727,2.7699999809265137,2.7699999809265137,62200
2023-01-03,2.809999942779541,3.059999942779541,2.809999942779541,3.0399999618530273,3.0399999618530273,30600
2023-01-04,3.059999942779541,3.119999885559082,3.049999952316284,3.0999999046325684,3.0999999046325684,66600
2023-01-05,3.049999952316284,3.069999933242798,3.0299999713897705,3.059999942779541,3.059999942779541,99100
2023-01-06,3.0799999237060547,3.140000104904175,3.049999952316284,3.0799999237060547,3.0799999237060547,72600
2023-01-09,3.069999933242798,3.200000047683716,2.9600000381469727,3.1700000762939453,3.1700000762939453,14300
2023-01-10,3.119999885559082,3.25,3.109999895095825,3.119999885559082,3.119999885559082,142300
2023-01-11,3.130000114440918,3.2799999713897705,3.119999885559082,3.2200000286102295,3.2200000286102295,12800
2023-01-12,3.240000009536743,3.359999895095825,3.2300000190734863,3.359999895095825,3.359999895095825,47700
2023-01-13,3.430000066757202,3.430000066757202,3.3499999046325684,3.359999895095825,3.359999895095825,36300
2023-01-17,3.369999885559082,3.4600000381469727,3.0999999046325684,3.309999942779541,3.309999942779541,23000
2023-01-18,3.2799999713897705,3.390000104904175,3.2200000286102295,3.240000009536743,3.240000009536743,25000
2023-01-19,3.2200000286102295,3.25,3.140000104904175,3.1500000953674316,3.1500000953674316,6900
2023-01-20,3.1500000953674316,3.299999952316284,3.119999885559082,3.299999952316284,3.299999952316284,25700
2023-01-23,3.299999952316284,3.3299999237060547,3.299999952316284,3.3299999237060547,3.3299999237060547,3900
2023-01-24,3.3399999141693115,3.359999895095825,3.309999942779541,3.309999942779541,3.309999942779541,8600
2023-01-25,3.309999942779541,3.490000009536743,3.299999952316284,3.490000009536743,3.490000009536743,18700
2023-01-26,3.4100000858306885,3.509999990463257,3.369999885559082,3.509999990463257,3.509999990463257,10200
2023-01-27,3.4600000381469727,3.5,3.4200000762939453,3.5,3.5,2200
2023-01-30,3.5199999809265137,3.5199999809265137,3.4800000190734863,3.4800000190734863,3.4800000190734863,5400
2023-01-31,3.4800000190734863,3.5,3.4600000381469727,3.4600000381469727,3.4600000381469727,4100
2023-02-01,3.4800000190734863,3.559999942779541,3.4800000190734863,3.5299999713897705,3.5299999713897705,5800
2023-02-02,3.5999999046325684,3.7100000381469727,3.5999999046325684,3.680000066757202,3.680000066757202,51100
2023-02-03,3.630000114440918,3.700000047683716,3.630000114440918,3.6600000858306885,3.6600000858306885,8800
2023-02-06,3.7200000286102295,3.7200000286102295,3.6600000858306885,3.7100000381469727,3.7100000381469727,7300
2023-02-07,3.559999942779541,3.7100000381469727,3.559999942779541,3.640000104904175,3.640000104904175,24900
2023-02-08,3.5999999046325684,3.630000114440918,3.5899999141693115,3.5999999046325684,3.5999999046325684,4700
2023-02-09,3.6700000762939453,3.6700000762939453,3.549999952316284,3.609999895095825,3.609999895095825,30700
2023-02-10,3.630000114440918,3.630000114440918,3.549999952316284,3.5899999141693115,3.5899999141693115,10000
2023-02-13,3.549999952316284,3.549999952316284,3.430000066757202,3.430000066757202,3.430000066757202,10200
2023-02-14,3.390000104904175,3.509999990463257,3.380000114440918,3.490000009536743,3.490000009536743,6900
2023-02-15,3.450000047683716,3.5399999618530273,3.380000114440918,3.509999990463257,3.509999990463257,21700
2023-02-16,3.549999952316284,3.569999933242798,3.4800000190734863,3.5399999618530273,3.5399999618530273,12600
2023-02-17,3.569999933242798,3.609999895095825,3.5299999713897705,3.5799999237060547,3.5799999237060547,10100
2023-02-21,3.5999999046325684,3.619999885559082,3.5199999809265137,3.5399999618530273,3.5399999618530273,21500
2023-02-22,3.5899999141693115,3.619999885559082,3.5199999809265137,3.5199999809265137,3.5199999809265137,8300
2023-02-23,3.5,3.569999933242798,3.5,3.549999952316284,3.549999952316284,3000
2023-02-24,3.509999990463257,3.509999990463257,3.450000047683716,3.450000047683716,3.450000047683716,2600
2023-02-27,3.5,3.5899999141693115,3.5,3.5199999809265137,3.5199999809265137,6700
2023-02-28,3.5399999618530273,3.619999885559082,3.5,3.509999990463257,3.509999990463257,16800
2023-03-01,3.5399999618530273,3.630000114440918,3.4100000858306885,3.569999933242798,3.569999933242798,23200
2023-03-02,3.5799999237060547,3.619999885559082,3.559999942779541,3.559999942779541,3.559999942779541,3400
2023-03-03,3.559999942779541,3.6600000858306885,3.5199999809265137,3.6600000858306885,3.6600000858306885,24600
2023-03-06,3.6700000762939453,3.700000047683716,3.619999885559082,3.619999885559082,3.619999885559082,4000
2023-03-07,3.450000047683716,3.619999885559082,3.450000047683716,3.5399999618530273,3.5399999618530273,5800
2023-03-08,3.569999933242798,3.640000104904175,3.5399999618530273,3.619999885559082,3.619999885559082,12000
2023-03-09,3.5899999141693115,3.640000104904175,3.5799999237060547,3.630000114440918,3.630000114440918,19500
2023-03-10,3.630000114440918,3.630000114440918,3.490000009536743,3.5799999237060547,3.5799999237060547,13100
2023-03-13,3.450000047683716,3.619999885559082,3.440000057220459,3.490000009536743,3.490000009536743,2800
2023-03-14,3.5999999046325684,3.609999895095825,3.440000057220459,3.440000057220459,3.440000057220459,12200
2023-03-15,3.369999885559082,3.4800000190734863,3.309999942779541,3.380000114440918,3.380000114440918,21500
2023-03-16,3.2899999618530273,3.2899999618530273,3.1500000953674316,3.1500000953674316,3.1500000953674316,9200
2023-03-17,3.1500000953674316,3.25,3.1500000953674316,3.25,3.25,11400
2023-03-20,3.2899999618530273,3.4200000762939453,3.25,3.25,3.25,9800
2023-03-21,3.309999942779541,3.369999885559082,3.190000057220459,3.190000057220459,3.190000057220459,12400
2023-03-22,3.200000047683716,3.309999942779541,3.200000047683716,3.2100000381469727,3.2100000381469727,10600
2023-03-23,3.2899999618530273,3.450000047683716,3.25,3.450000047683716,3.450000047683716,1000
2023-03-24,3.5,3.5,3.059999942779541,3.2100000381469727,3.2100000381469727,18200
2023-03-27,3.299999952316284,3.3299999237060547,3.299999952316284,3.299999952316284,3.299999952316284,1500
2023-03-28,3.299999952316284,3.4200000762939453,3.2899999618530273,3.3299999237060547,3.3299999237060547,5800
2023-03-29,3.390000104904175,3.4700000286102295,3.3399999141693115,3.4600000381469727,3.4600000381469727,1600
2023-03-30,3.4600000381469727,3.5799999237060547,3.259999990463257,3.299999952316284,3.299999952316284,16900
2023-03-31,3.309999942779541,3.369999885559082,3.2100000381469727,3.25,3.25,21000
2023-04-03,3.119999885559082,3.1700000762939453,3.0799999237060547,3.0999999046325684,3.0999999046325684,23000
2023-04-04,3.140000104904175,3.299999952316284,3.130000114440918,3.140000104904175,3.140000104904175,9300
2023-04-05,3.1700000762939453,3.2899999618530273,3.049999952316284,3.0799999237060547,3.0799999237060547,26800
2023-04-06,3.049999952316284,3.130000114440918,3.0399999618530273,3.059999942779541,3.059999942779541,15700
2023-04-10,3.259999990463257,3.2799999713897705,3.140000104904175,3.1700000762939453,3.1700000762939453,24900
2023-04-11,3.2200000286102295,3.2799999713897705,3.2100000381469727,3.240000009536743,3.240000009536743,27300
2023-04-12,3.180000066757202,3.2200000286102295,3.0999999046325684,3.1600000858306885,3.1600000858306885,5400
2023-04-13,3.240000009536743,3.2899999618530273,3.2100000381469727,3.2899999618530273,3.2899999618530273,9700
2023-04-14,3.259999990463257,3.2799999713897705,3.25,3.2799999713897705,3.2799999713897705,1100
2023-04-17,3.2100000381469727,3.2100000381469727,3.190000057220459,3.200000047683716,3.200000047683716,2500
2023-04-18,3.259999990463257,3.2699999809265137,3.1600000858306885,3.2100000381469727,3.2100000381469727,3600
2023-04-19,3.190000057220459,3.25,3.130000114440918,3.130000114440918,3.130000114440918,2200
2023-04-20,3.200000047683716,3.200000047683716,3.119999885559082,3.180000066757202,3.180000066757202,4300
2023-04-21,3.2200000286102295,3.25,3.1600000858306885,3.1600000858306885,3.1600000858306885,8600
2023-04-24,3.140000104904175,3.2200000286102295,3.130000114440918,3.130000114440918,3.130000114440918,1100
2023-04-25,3.0899999141693115,3.0899999141693115,3.0199999809265137,3.0199999809265137,3.0199999809265137,6200
2023-04-26,3.069999933242798,3.1600000858306885,3.0199999809265137,3.049999952316284,3.049999952316284,11400
2023-04-27,3.0799999237060547,3.180000066757202,3.0799999237060547,3.180000066757202,3.180000066757202,12200
2023-04-28,3.2300000190734863,3.2699999809265137,3.190000057220459,3.240000009536743,3.240000009536743,34300
2023-05-01,3.25,3.3499999046325684,3.25,3.2699999809265137,3.2699999809265137,19100
2023-05-02,3.2300000190734863,3.319999933242798,3.119999885559082,3.190000057220459,3.190000057220459,22500
2023-05-03,3.259999990463257,3.309999942779541,3.1600000858306885,3.1600000858306885,3.1600000858306885,4700
2023-05-04,3.109999895095825,3.180000066757202,3.109999895095825,3.180000066757202,3.180000066757202,1800
2023-05-05,3.2100000381469727,3.2699999809265137,3.1700000762939453,3.25,3.25,7700
2023-05-08,3.140000104904175,3.25,3.140000104904175,3.190000057220459,3.190000057220459,4200
2023-05-09,3.130000114440918,3.25,3.130000114440918,3.2200000286102295,3.2200000286102295,3300
2023-05-10,3.109999895095825,3.2100000381469727,3.0899999141693115,3.119999885559082,3.119999885559082,17800
2023-05-11,3.049999952316284,3.240000009536743,3.049999952316284,3.1500000953674316,3.1500000953674316,1500
2023-05-12,3.0899999141693115,3.2100000381469727,3.0899999141693115,3.2100000381469727,3.2100000381469727,1500
2023-05-15,3.049999952316284,3.190000057220459,3.049999952316284,3.049999952316284,3.049999952316284,26500
2023-05-16,3.049999952316284,3.059999942779541,2.9100000858306885,2.9100000858306885,2.9100000858306885,24400
2023-05-17,3.069999933242798,3.0799999237060547,2.9100000858306885,2.990000009536743,2.990000009536743,4000
2023-05-18,2.930000066757202,2.950000047683716,2.9000000953674316,2.950000047683716,2.950000047683716,15100
2023-05-19,2.8399999141693115,2.950000047683716,2.819999933242798,2.930000066757202,2.930000066757202,20400
2023-05-22,2.9000000953674316,2.940000057220459,2.9000000953674316,2.9000000953674316,2.9000000953674316,4600
2023-05-23,2.930000066757202,2.940000057220459,2.9000000953674316,2.9000000953674316,2.9000000953674316,4200
2023-05-24,2.890000104904175,3.0,2.890000104904175,2.990000009536743,2.990000009536743,7700
2023-05-25,2.9100000858306885,2.990000009536743,2.9100000858306885,2.9100000858306885,2.9100000858306885,1500
2023-05-26,2.8299999237060547,2.990000009536743,2.7899999618530273,2.940000057220459,2.940000057220459,88900
2023-05-30,2.819999933242798,2.930000066757202,2.819999933242798,2.9000000953674316,2.9000000953674316,3400
2023-05-31,2.9000000953674316,2.9000000953674316,2.7699999809265137,2.7699999809265137,2.7699999809265137,6100
2023-06-01,2.740000009536743,2.759999990463257,2.740000009536743,2.759999990463257,2.759999990463257,1000
2023-06-02,2.7300000190734863,2.8299999237060547,2.5299999713897705,2.7300000190734863,2.7300000190734863,43200
2023-06-05,2.690000057220459,2.819999933242798,2.630000114440918,2.630000114440918,2.630000114440918,18500
2023-06-06,2.6700000762939453,2.890000104904175,2.6700000762939453,2.8399999141693115,2.8399999141693115,11000
2023-06-07,2.890000104904175,2.9600000381469727,2.799999952316284,2.950000047683716,2.950000047683716,14000
2023-06-08,3.0999999046325684,3.0999999046325684,2.9700000286102295,2.9700000286102295,2.9700000286102295,1000
2023-06-09,2.930000066757202,3.0399999618530273,2.8299999237060547,2.8399999141693115,2.8399999141693115,5900
2023-06-12,2.7899999618530273,2.950000047683716,2.7899999618530273,2.9000000953674316,2.9000000953674316,20900
2023-06-13,2.950000047683716,2.950000047683716,2.890000104904175,2.890000104904175,2.890000104904175,6000
2023-06-14,2.940000057220459,2.940000057220459,2.75,2.75,2.75,4500
2023-06-15,2.8499999046325684,2.950000047683716,2.8499999046325684,2.9200000762939453,2.9200000762939453,16100
2023-06-16,2.890000104904175,2.930000066757202,2.809999942779541,2.819999933242798,2.819999933242798,28700
2023-06-20,2.7699999809265137,2.799999952316284,2.619999885559082,2.619999885559082,2.619999885559082,15800
2023-06-21,2.700000047683716,2.700000047683716,2.630000114440918,2.640000104904175,2.640000104904175,11300
2023-06-22,2.700000047683716,2.7100000381469727,2.619999885559082,2.619999885559082,2.619999885559082,9900
2023-06-23,2.640000104904175,2.799999952316284,2.630000114440918,2.6600000858306885,2.6600000858306885,21400
2023-06-26,2.700000047683716,2.740000009536743,2.6600000858306885,2.7100000381469727,2.7100000381469727,8600
2023-06-27,2.6700000762939453,2.8299999237060547,2.6700000762939453,2.680000066757202,2.680000066757202,14900
2023-06-28,2.640000104904175,2.690000057220459,2.640000104904175,2.640000104904175,2.640000104904175,3800
2023-06-29,2.6500000953674316,2.680000066757202,2.619999885559082,2.6600000858306885,2.6600000858306885,5900
2023-06-30,2.6700000762939453,2.75,2.5999999046325684,2.6500000953674316,2.6500000953674316,15300
2023-07-03,2.740000009536743,2.75,2.6700000762939453,2.7200000286102295,2.7200000286102295,21200
2023-07-05,2.6600000858306885,2.690000057220459,2.559999942779541,2.619999885559082,2.619999885559082,26100
2023-07-06,2.5899999141693115,2.6500000953674316,2.559999942779541,2.5799999237060547,2.5799999237060547,13600
2023-07-07,2.640000104904175,2.7300000190734863,2.569999933242798,2.7300000190734863,2.7300000190734863,23700
2023-07-10,2.6600000858306885,2.7200000286102295,2.5999999046325684,2.5999999046325684,2.5999999046325684,5200
2023-07-11,2.5899999141693115,2.630000114440918,2.559999942779541,2.569999933242798,2.569999933242798,49300
2023-07-12,2.569999933242798,2.6500000953674316,2.549999952316284,2.5799999237060547,2.5799999237060547,38400
2023-07-13,2.559999942779541,2.690000057220459,2.559999942779541,2.690000057220459,2.690000057220459,11300
2023-07-14,2.609999895095825,2.7699999809265137,2.5999999046325684,2.5999999046325684,2.5999999046325684,17000
2023-07-17,2.5799999237060547,3.069999933242798,2.5799999237060547,2.690000057220459,2.690000057220459,980700
2023-07-18,2.690000057220459,2.759999990463257,2.4200000762939453,2.5,2.5,152200
2023-07-19,2.5399999618530273,2.5399999618530273,2.4100000858306885,2.490000009536743,2.490000009536743,33200
2023-07-20,2.440000057220459,2.5899999141693115,2.440000057220459,2.5899999141693115,2.5899999141693115,14700
2023-07-21,2.549999952316284,2.619999885559082,2.509999990463257,2.569999933242798,2.569999933242798,18100
2023-07-24,2.5899999141693115,2.6700000762939453,2.5299999713897705,2.5399999618530273,2.5399999618530273,59800
2023-07-25,2.549999952316284,2.5999999046325684,2.5299999713897705,2.569999933242798,2.569999933242798,33600
2023-07-26,2.619999885559082,2.740000009536743,2.5899999141693115,2.700000047683716,2.700000047683716,18700
2023-07-27,2.740000009536743,2.8399999141693115,2.5899999141693115,2.5999999046325684,2.5999999046325684,21900
2023-07-28,2.6700000762939453,2.7699999809265137,2.5899999141693115,2.700000047683716,2.700000047683716,73700
2023-07-31,2.7300000190734863,2.759999990463257,2.6500000953674316,2.6600000858306885,2.6600000858306885,88500
2023-08-01,2.640000104904175,2.700000047683716,2.5799999237060547,2.680000066757202,2.680000066757202,14700
2023-08-02,2.700000047683716,2.700000047683716,2.609999895095825,2.6500000953674316,2.6500000953674316,2900
2023-08-03,2.7100000381469727,2.7200000286102295,2.630000114440918,2.630000114440918,2.630000114440918,7700
2023-08-04,2.690000057220459,2.75,2.640000104904175,2.680000066757202,2.680000066757202,29000
2023-08-07,2.680000066757202,2.7200000286102295,2.6500000953674316,2.6500000953674316,2.6500000953674316,10600
2023-08-08,2.680000066757202,2.700000047683716,2.6500000953674316,2.6500000953674316,2.6500000953674316,14900
2023-08-09,2.7300000190734863,2.740000009536743,2.640000104904175,2.640000104904175,2.640000104904175,6300
2023-08-10,2.740000009536743,2.740000009536743,2.640000104904175,2.6700000762939453,2.6700000762939453,4300
2023-08-11,2.700000047683716,2.700000047683716,2.630000114440918,2.6500000953674316,2.6500000953674316,18500
2023-08-14,2.700000047683716,2.700000047683716,2.4800000190734863,2.490000009536743,2.490000009536743,64000
2023-08-15,2.509999990463257,2.549999952316284,2.2699999809265137,2.359999895095825,2.359999895095825,135500
2023-08-16,2.3499999046325684,2.5399999618530273,2.2899999618530273,2.4700000286102295,2.4700000286102295,64900
2023-08-17,2.4000000953674316,2.490000009536743,2.359999895095825,2.4100000858306885,2.4100000858306885,20000
2023-08-18,2.450000047683716,2.5999999046325684,2.4100000858306885,2.490000009536743,2.490000009536743,4300
2023-08-21,2.4000000953674316,2.450000047683716,2.299999952316284,2.299999952316284,2.299999952316284,20300
2023-08-22,2.4100000858306885,2.4100000858306885,2.3299999237060547,2.369999885559082,2.369999885559082,15200
2023-08-23,2.3499999046325684,2.369999885559082,2.3299999237060547,2.369999885559082,2.369999885559082,9800
2023-08-24,2.440000057220459,2.440000057220459,2.3499999046325684,2.390000104904175,2.390000104904175,8600
2023-08-25,2.369999885559082,2.4100000858306885,2.359999895095825,2.4100000858306885,2.4100000858306885,15200
2023-08-28,2.4000000953674316,2.4100000858306885,2.380000114440918,2.4100000858306885,2.4100000858306885,7300
2023-08-29,2.430000066757202,2.4600000381469727,2.4100000858306885,2.4100000858306885,2.4100000858306885,7700
2023-08-30,2.390000104904175,2.4600000381469727,2.259999990463257,2.2799999713897705,2.2799999713897705,42800
2023-08-31,2.309999942779541,2.3499999046325684,2.2899999618530273,2.2899999618530273,2.2899999618530273,10600
2023-09-01,2.2899999618530273,2.369999885559082,2.25,2.359999895095825,2.359999895095825,40100
2023-09-05,2.380000114440918,2.5899999141693115,2.299999952316284,2.309999942779541,2.309999942779541,30100
2023-09-06,2.569999933242798,2.569999933242798,2.190000057220459,2.190000057220459,2.190000057220459,48500
2023-09-07,2.2300000190734863,2.2899999618530273,2.2300000190734863,2.2300000190734863,2.2300000190734863,2700
2023-09-08,2.25,2.309999942779541,2.200000047683716,2.25,2.25,22500
2023-09-11,2.2699999809265137,2.3399999141693115,2.2300000190734863,2.25,2.25,9600
2023-09-12,2.2699999809265137,2.2799999713897705,2.190000057220459,2.200000047683716,2.200000047683716,16000
2023-09-13,2.1700000762939453,2.240000009536743,2.1700000762939453,2.1700000762939453,2.1700000762939453,28400
2023-09-14,2.259999990463257,2.259999990463257,2.190000057220459,2.25,2.25,41500
2023-09-15,2.2100000381469727,2.3399999141693115,2.2100000381469727,2.3399999141693115,2.3399999141693115,41300
2023-09-18,2.3299999237060547,2.3299999237060547,2.259999990463257,2.309999942779541,2.309999942779541,11400
2023-09-19,2.319999933242798,2.3299999237060547,2.2100000381469727,2.2300000190734863,2.2300000190734863,36100
2023-09-20,2.259999990463257,2.2699999809265137,2.2100000381469727,2.240000009536743,2.240000009536743,3300
2023-09-21,2.190000057220459,2.2899999618530273,2.190000057220459,2.240000009536743,2.240000009536743,1300
2023-09-22,2.2100000381469727,2.240000009536743,2.190000057220459,2.240000009536743,2.240000009536743,12800
2023-09-25,2.259999990463257,2.2799999713897705,2.1700000762939453,2.1700000762939453,2.1700000762939453,11500
2023-09-26,2.200000047683716,2.2200000286102295,2.180000066757202,2.180000066757202,2.180000066757202,105000
2023-09-27,2.1700000762939453,2.200000047683716,2.130000114440918,2.140000104904175,2.140000104904175,16200
2023-09-28,2.2300000190734863,2.2300000190734863,2.109999895095825,2.119999885559082,2.119999885559082,13800
2023-09-29,2.119999885559082,2.1500000953674316,2.059999942779541,2.119999885559082,2.119999885559082,32900
2023-10-02,2.069999933242798,2.1500000953674316,2.069999933242798,2.0799999237060547,2.0799999237060547,9500
2023-10-03,2.059999942779541,2.069999933242798,2.009999990463257,2.0299999713897705,2.0299999713897705,52200
2023-10-04,2.0899999141693115,2.0899999141693115,2.0199999809265137,2.0199999809265137,2.0199999809265137,8700
2023-10-05,2.069999933242798,2.0899999141693115,2.0,2.0,2.0,20300
2023-10-06,2.0,2.0999999046325684,2.0,2.0799999237060547,2.0799999237060547,46000
2023-10-09,2.069999933242798,2.0899999141693115,2.0399999618530273,2.0899999141693115,2.0899999141693115,8500
2023-10-10,2.069999933242798,2.140000104904175,2.069999933242798,2.0999999046325684,2.0999999046325684,5000
2023-10-11,2.0799999237060547,2.2300000190734863,2.0799999237060547,2.1500000953674316,2.1500000953674316,14300
2023-10-12,2.200000047683716,2.200000047683716,2.0799999237060547,2.180000066757202,2.180000066757202,8000
2023-10-13,2.2200000286102295,2.2200000286102295,2.119999885559082,2.200000047683716,2.200000047683716,26300
2023-10-16,2.200000047683716,2.2200000286102295,2.1600000858306885,2.1700000762939453,2.1700000762939453,12600
2023-10-17,2.190000057220459,2.2699999809265137,2.009999990463257,2.009999990463257,2.009999990463257,144000
2023-10-18,2.0399999618530273,2.0799999237060547,2.0299999713897705,2.0799999237060547,2.0799999237060547,13800
2023-10-19,2.0899999141693115,2.0899999141693115,2.049999952316284,2.059999942779541,2.059999942779541,17100
2023-10-20,2.0399999618530273,2.0799999237060547,2.0299999713897705,2.059999942779541,2.059999942779541,14900
2023-10-23,2.0299999713897705,2.0399999618530273,1.9900000095367432,1.9900000095367432,1.9900000095367432,46800
2023-10-24,2.0199999809265137,2.0199999809265137,1.9900000095367432,2.009999990463257,2.009999990463257,30400
2023-10-25,1.9700000286102295,1.9900000095367432,1.9500000476837158,1.9800000190734863,1.9800000190734863,17300
2023-10-26,1.9700000286102295,1.9900000095367432,1.9600000381469727,1.9800000190734863,1.9800000190734863,17200
2023-10-27,1.9800000190734863,2.009999990463257,1.8700000047683716,1.899999976158142,1.899999976158142,83400
2023-10-30,1.899999976158142,1.899999976158142,1.840000033378601,1.840000033378601,1.840000033378601,40400
2023-10-31,1.850000023841858,1.8700000047683716,1.8300000429153442,1.850000023841858,1.850000023841858,599400
2023-11-01,1.840000033378601,1.850000023841858,1.7999999523162842,1.8200000524520874,1.8200000524520874,109500
2023-11-02,1.850000023841858,1.9299999475479126,1.840000033378601,1.8899999856948853,1.8899999856948853,105500
2023-11-03,1.940000057220459,1.9500000476837158,1.8799999952316284,1.8899999856948853,1.8899999856948853,29900
2023-11-06,1.9199999570846558,1.9199999570846558,1.8899999856948853,1.8899999856948853,1.8899999856948853,6500
2023-11-07,1.8899999856948853,1.9600000381469727,1.8899999856948853,1.8899999856948853,1.8899999856948853,13200
2023-11-08,1.840000033378601,1.899999976158142,1.8200000524520874,1.899999976158142,1.899999976158142,12600
2023-11-09,1.8600000143051147,1.8700000047683716,1.809999942779541,1.840000033378601,1.840000033378601,5200
2023-11-10,1.75,1.7999999523162842,1.7400000095367432,1.75,1.75,63000
2023-11-13,1.7699999809265137,1.8200000524520874,1.75,1.7599999904632568,1.7599999904632568,21300
2023-11-14,1.7999999523162842,1.8899999856948853,1.7999999523162842,1.809999942779541,1.809999942779541,16900
2023-11-15,1.850000023841858,1.8700000047683716,1.809999942779541,1.840000033378601,1.840000033378601,17400
2023-11-16,1.7999999523162842,1.9700000286102295,1.7999999523162842,1.7999999523162842,1.7999999523162842,1900
2023-11-17,1.840000033378601,1.840000033378601,1.7200000286102295,1.75,1.75,23700
2023-11-20,1.75,1.850000023841858,1.75,1.7799999713897705,1.7799999713897705,23300
2023-11-21,1.7899999618530273,1.840000033378601,1.7599999904632568,1.7999999523162842,1.7999999523162842,38300
2023-11-22,1.7599999904632568,1.8200000524520874,1.7599999904632568,1.7799999713897705,1.7799999713897705,16200
2023-11-24,2.0399999618530273,2.0399999618530273,1.75,1.7899999618530273,1.7899999618530273,18000
2023-11-27,1.75,1.809999942779541,1.7100000381469727,1.7100000381469727,1.7100000381469727,50600
2023-11-28,1.7300000190734863,1.850000023841858,1.7300000190734863,1.7999999523162842,1.7999999523162842,28200
2023-11-29,1.850000023841858,2.0299999713897705,1.8300000429153442,1.8300000429153442,1.8300000429153442,47200
2023-11-30,1.8799999952316284,1.8799999952316284,1.7699999809265137,1.8300000429153442,1.8300000429153442,68600
2023-12-01,1.840000033378601,1.8700000047683716,1.809999942779541,1.850000023841858,1.850000023841858,40200
2023-12-04,1.8700000047683716,2.069999933242798,1.8700000047683716,1.9500000476837158,1.9500000476837158,19200
2023-12-05,1.8200000524520874,2.0,1.7999999523162842,1.840000033378601,1.840000033378601,62000
2023-12-06,2.059999942779541,2.059999942779541,1.8899999856948853,1.8899999856948853,1.8899999856948853,14200
2023-12-07,1.9500000476837158,1.9600000381469727,1.8700000047683716,1.8899999856948853,1.8899999856948853,9600
2023-12-08,1.909999966621399,1.940000057220459,1.8300000429153442,1.8600000143051147,1.8600000143051147,41000
2023-12-11,1.8200000524520874,1.899999976158142,1.7799999713897705,1.8200000524520874,1.8200000524520874,36600
2023-12-12,1.840000033378601,1.8899999856948853,1.7200000286102295,1.75,1.75,31600
2023-12-13,1.7300000190734863,1.899999976158142,1.7000000476837158,1.8200000524520874,1.8200000524520874,69000
2023-12-14,1.7899999618530273,1.9700000286102295,1.7899999618530273,1.8700000047683716,1.8700000047683716,28600
2023-12-15,1.850000023841858,1.9700000286102295,1.8200000524520874,1.940000057220459,1.940000057220459,93100
2023-12-18,1.9299999475479126,1.9900000095367432,1.7799999713897705,1.8300000429153442,1.8300000429153442,44400
2023-12-19,1.8799999952316284,1.9199999570846558,1.8300000429153442,1.840000033378601,1.840000033378601,7000
2023-12-20,1.8799999952316284,1.9600000381469727,1.7999999523162842,1.8600000143051147,1.8600000143051147,28700
2023-12-21,1.840000033378601,1.909999966621399,1.8300000429153442,1.8899999856948853,1.8899999856948853,24700
2023-12-22,1.899999976158142,1.9500000476837158,1.850000023841858,1.9299999475479126,1.9299999475479126,13200
2023-12-26,1.9700000286102295,1.9700000286102295,1.8700000047683716,1.9199999570846558,1.9199999570846558,26700
2023-12-27,1.9199999570846558,1.9600000381469727,1.8200000524520874,1.8799999952316284,1.8799999952316284,82200
2023-12-28,1.909999966621399,1.9299999475479126,1.8300000429153442,1.8700000047683716,1.8700000047683716,71400
2023-12-29,1.899999976158142,1.9700000286102295,1.850000023841858,1.909999966621399,1.909999966621399,126000
2024-01-02,1.9700000286102295,2.049999952316284,1.9199999570846558,2.049999952316284,2.049999952316284,18700
2024-01-03,1.9800000190734863,2.1500000953674316,1.9600000381469727,2.059999942779541,2.059999942779541,21600
2024-01-04,2.0299999713897705,2.0799999237060547,2.009999990463257,2.0799999237060547,2.0799999237060547,5200
2024-01-05,2.0799999237060547,2.0799999237060547,1.8600000143051147,1.9600000381469727,1.9600000381469727,25600
2024-01-08,2.009999990463257,2.0199999809265137,1.909999966621399,2.0,2.0,16700
2024-01-09,1.9800000190734863,2.059999942779541,1.9600000381469727,2.009999990463257,2.009999990463257,28400
2024-01-10,2.0299999713897705,2.069999933242798,1.9600000381469727,1.9600000381469727,1.9600000381469727,14600
2024-01-11,1.9800000190734863,1.9800000190734863,1.9500000476837158,1.9800000190734863,1.9800000190734863,2700
2024-01-12,1.9500000476837158,2.119999885559082,1.940000057220459,2.0,2.0,13200
2024-01-16,1.9700000286102295,1.9700000286102295,1.909999966621399,1.909999966621399,1.909999966621399,1700
2024-01-17,1.8600000143051147,1.9299999475479126,1.8600000143051147,1.8799999952316284,1.8799999952316284,13900
2024-01-18,1.9199999570846558,1.9299999475479126,1.909999966621399,1.9299999475479126,1.9299999475479126,8500
2024-01-19,1.8899999856948853,1.9700000286102295,1.8899999856948853,1.9700000286102295,1.9700000286102295,3400
2024-01-22,1.9500000476837158,2.0399999618530273,1.9500000476837158,2.009999990463257,2.009999990463257,3800
2024-01-23,2.0,2.0299999713897705,2.0,2.009999990463257,2.009999990463257,17300
2024-01-24,1.9199999570846558,2.0299999713897705,1.9199999570846558,1.9600000381469727,1.9600000381469727,1600
2024-01-25,2.049999952316284,2.049999952316284,1.9900000095367432,2.009999990463257,2.009999990463257,4400
2024-01-26,2.069999933242798,2.069999933242798,1.940000057220459,1.9800000190734863,1.9800000190734863,18400
2024-01-29,1.9900000095367432,1.9900000095367432,1.940000057220459,1.940000057220459,1.940000057220459,6400
2024-01-30,1.8700000047683716,1.9900000095367432,1.8700000047683716,1.9900000095367432,1.9900000095367432,8100
2024-01-31,1.9700000286102295,1.9900000095367432,1.8600000143051147,1.9700000286102295,1.9700000286102295,26800
2024-02-01,2.0,2.0399999618530273,1.8600000143051147,1.9199999570846558,1.9199999570846558,23400
2024-02-02,1.9600000381469727,2.0,1.940000057220459,2.0,2.0,14800
2024-02-05,1.9299999475479126,1.9500000476837158,1.8700000047683716,1.8899999856948853,1.8899999856948853,22700
2024-02-06,1.8700000047683716,1.9199999570846558,1.8600000143051147,1.8700000047683716,1.8700000047683716,19800
2024-02-07,1.8799999952316284,1.8799999952316284,1.7999999523162842,1.7999999523162842,1.7999999523162842,39800
2024-02-08,1.7999999523162842,1.8600000143051147,1.7999999523162842,1.850000023841858,1.850000023841858,5500
2024-02-09,1.7699999809265137,1.940000057220459,1.7699999809265137,1.909999966621399,1.909999966621399,35600
2024-02-12,1.899999976158142,1.940000057220459,1.8799999952316284,1.8799999952316284,1.8799999952316284,31000
2024-02-13,1.8899999856948853,1.9299999475479126,1.8600000143051147,1.8700000047683716,1.8700000047683716,14400
2024-02-14,1.909999966621399,2.009999990463257,1.8600000143051147,2.009999990463257,2.009999990463257,47300
2024-02-15,1.9900000095367432,2.049999952316284,1.9800000190734863,2.049999952316284,2.049999952316284,38600
2024-02-16,2.009999990463257,2.0399999618530273,1.9700000286102295,2.0399999618530273,2.0399999618530273,12300
2024-02-20,2.0399999618530273,2.0399999618530273,1.940000057220459,1.9500000476837158,1.9500000476837158,14800
2024-02-21,2.0199999809265137,2.0199999809265137,1.9199999570846558,1.9299999475479126,1.9299999475479126,9000
2024-02-22,1.909999966621399,1.909999966621399,1.850000023841858,1.8899999856948853,1.8899999856948853,10100
2024-02-23,1.8600000143051147,1.9700000286102295,1.840000033378601,1.840000033378601,1.840000033378601,15900
2024-02-26,1.8700000047683716,1.8700000047683716,1.8200000524520874,1.8600000143051147,1.8600000143051147,5900
2024-02-27,1.809999942779541,1.850000023841858,1.7899999618530273,1.7899999618530273,1.7899999618530273,18600
2024-02-28,1.8200000524520874,1.8200000524520874,1.7899999618530273,1.7899999618530273,1.7899999618530273,27600
2024-02-29,1.8300000429153442,1.8700000047683716,1.8300000429153442,1.8600000143051147,1.8600000143051147,11000
2024-03-01,1.8700000047683716,1.9500000476837158,1.8700000047683716,1.8700000047683716,1.8700000047683716,42600
2024-03-04,1.899999976158142,1.909999966621399,1.7799999713897705,1.8200000524520874,1.8200000524520874,5100
2024-03-05,1.8600000143051147,1.8600000143051147,1.8200000524520874,1.8200000524520874,1.8200000524520874,1400
2024-03-06,1.809999942779541,1.8600000143051147,1.809999942779541,1.8300000429153442,1.8300000429153442,7500
2024-03-07,1.7400000095367432,1.8600000143051147,1.7400000095367432,1.809999942779541,1.809999942779541,22000
2024-03-08,1.7899999618530273,1.8600000143051147,1.7899999618530273,1.840000033378601,1.840000033378601,2700
2024-03-11,1.8899999856948853,1.8899999856948853,1.809999942779541,1.809999942779541,1.809999942779541,11600
2024-03-12,1.809999942779541,1.8300000429153442,1.7899999618530273,1.7899999618530273,1.7899999618530273,5200
2024-03-13,1.809999942779541,1.809999942779541,1.7599999904632568,1.7599999904632568,1.7599999904632568,7100
2024-03-14,1.75,1.7599999904632568,1.7300000190734863,1.7599999904632568,1.7599999904632568,11400
2024-03-15,1.7999999523162842,1.9199999570846558,1.7400000095367432,1.9199999570846558,1.9199999570846558,82300
2024-03-18,1.940000057220459,1.9500000476837158,1.7999999523162842,1.7999999523162842,1.7999999523162842,26700
2024-03-19,1.8200000524520874,1.940000057220459,1.7699999809265137,1.809999942779541,1.809999942779541,14900
2024-03-20,1.8200000524520874,1.899999976158142,1.7599999904632568,1.7899999618530273,1.7899999618530273,11100
2024-03-21,1.75,1.850000023841858,1.75,1.840000033378601,1.840000033378601,6400
2024-03-22,1.8899999856948853,1.899999976158142,1.7300000190734863,1.8200000524520874,1.8200000524520874,9300
2024-03-25,1.8799999952316284,1.8799999952316284,1.7400000095367432,1.75,1.75,15100
2024-03-26,1.9199999570846558,1.9199999570846558,1.7699999809265137,1.7699999809265137,1.7699999809265137,9200
2024-03-27,1.7699999809265137,1.8200000524520874,1.7599999904632568,1.7699999809265137,1.7699999809265137,14200
2024-03-28,1.7899999618530273,1.850000023841858,1.7799999713897705,1.840000033378601,1.840000033378601,4300
2024-04-01,1.7899999618530273,1.8600000143051147,1.7799999713897705,1.8300000429153442,1.8300000429153442,22200
2024-04-02,1.7999999523162842,1.8300000429153442,1.7999999523162842,1.8300000429153442,1.8300000429153442,5800
2024-04-03,1.8200000524520874,1.899999976158142,1.7999999523162842,1.7999999523162842,1.7999999523162842,2300
2024-04-04,1.8300000429153442,1.8300000429153442,1.7999999523162842,1.8300000429153442,1.8300000429153442,10300
2024-04-05,1.7999999523162842,1.809999942779541,1.7899999618530273,1.7899999618530273,1.7899999618530273,8900
2024-04-08,1.809999942779541,1.8899999856948853,1.7699999809265137,1.7899999618530273,1.7899999618530273,8900
2024-04-09,1.8200000524520874,1.840000033378601,1.7899999618530273,1.809999942779541,1.809999942779541,13800
2024-04-10,1.7899999618530273,1.899999976158142,1.7899999618530273,1.840000033378601,1.840000033378601,5500
2024-04-11,1.7699999809265137,1.7899999618530273,1.6799999475479126,1.7300000190734863,1.7300000190734863,19900
2024-04-12,1.75,1.8300000429153442,1.7400000095367432,1.8300000429153442,1.8300000429153442,4700
2024-04-15,1.850000023841858,1.850000023841858,1.75,1.8300000429153442,1.8300000429153442,9700
2024-04-16,1.7599999904632568,1.840000033378601,1.7300000190734863,1.7300000190734863,1.7300000190734863,18500
2024-04-17,1.7300000190734863,1.8200000524520874,1.7300000190734863,1.75,1.75,2800
2024-04-18,1.7699999809265137,1.8300000429153442,1.5299999713897705,1.659999966621399,1.659999966621399,52200
2024-04-19,1.690000057220459,1.7100000381469727,1.690000057220459,1.7100000381469727,1.7100000381469727,2900
2024-04-22,1.7699999809265137,1.7699999809265137,1.6699999570846558,1.6799999475479126,1.6799999475479126,7600
2024-04-23,1.6799999475479126,1.6799999475479126,1.6100000143051147,1.6399999856948853,1.6399999856948853,16200
2024-04-24,1.659999966621399,1.6699999570846558,1.6399999856948853,1.659999966621399,1.659999966621399,6100
2024-04-25,1.6100000143051147,1.6399999856948853,1.6100000143051147,1.6399999856948853,1.6399999856948853,20000
2024-04-26,1.659999966621399,1.7100000381469727,1.6399999856948853,1.649999976158142,1.649999976158142,15300
2024-04-29,1.649999976158142,1.690000057220459,1.6200000047683716,1.6299999952316284,1.6299999952316284,21100
2024-04-30,1.6299999952316284,1.659999966621399,1.6299999952316284,1.659999966621399,1.659999966621399,5100
2024-05-01,1.6399999856948853,1.6699999570846558,1.6399999856948853,1.6699999570846558,1.6699999570846558,2600
2024-05-02,1.690000057220459,1.7000000476837158,1.6399999856948853,1.7000000476837158,1.7000000476837158,6600
2024-05-03,1.7400000095367432,1.7400000095367432,1.7000000476837158,1.7000000476837158,1.7000000476837158,1300
2024-05-06,1.7300000190734863,1.7799999713897705,1.6299999952316284,1.649999976158142,1.649999976158142,6600
2024-05-07,1.659999966621399,1.7999999523162842,1.659999966621399,1.7100000381469727,1.7100000381469727,4700
2024-05-08,1.6299999952316284,1.8200000524520874,1.6299999952316284,1.7100000381469727,1.7100000381469727,7300
2024-05-09,1.649999976158142,1.7599999904632568,1.649999976158142,1.7300000190734863,1.7300000190734863,3700
2024-05-10,1.6299999952316284,1.7599999904632568,1.6299999952316284,1.7599999904632568,1.7599999904632568,900
2024-05-13,1.7000000476837158,1.75,1.7000000476837158,1.75,1.75,1000
2024-05-14,1.7100000381469727,1.8200000524520874,1.659999966621399,1.7100000381469727,1.7100000381469727,4200
2024-05-15,1.7899999618530273,1.8200000524520874,1.6799999475479126,1.6799999475479126,1.6799999475479126,2700
2024-05-16,1.8200000524520874,1.8200000524520874,1.659999966621399,1.75,1.75,6300
2024-05-17,1.7100000381469727,1.7799999713897705,1.690000057220459,1.7799999713897705,1.7799999713897705,4700
2024-05-20,1.690000057220459,1.7599999904632568,1.659999966621399,1.659999966621399,1.659999966621399,17100
2024-05-21,1.659999966621399,1.659999966621399,1.659999966621399,1.659999966621399,1.659999966621399,500
2024-05-22,1.7100000381469727,1.7400000095367432,1.659999966621399,1.7400000095367432,1.7400000095367432,3100
2024-05-23,1.659999966621399,1.659999966621399,1.6200000047683716,1.6200000047683716,1.6200000047683716,4600
2024-05-24,1.6200000047683716,1.659999966621399,1.6100000143051147,1.6299999952316284,1.6299999952316284,13200
2024-05-28,1.600000023841858,1.6299999952316284,1.590000033378601,1.600000023841858,1.600000023841858,24100
2024-05-29,1.6100000143051147,1.6100000143051147,1.5700000524520874,1.5700000524520874,1.5700000524520874,2800
2024-05-30,1.6399999856948853,1.7000000476837158,1.5700000524520874,1.5800000429153442,1.5800000429153442,3500
2024-05-31,1.5700000524520874,1.6299999952316284,1.559999942779541,1.5700000524520874,1.5700000524520874,10100
2024-06-03,1.5499999523162842,1.559999942779541,1.5099999904632568,1.5499999523162842,1.5499999523162842,10200
2024-06-04,1.5099999904632568,1.5800000429153442,1.4900000095367432,1.5099999904632568,1.5099999904632568,22100
2024-06-05,1.5,1.5700000524520874,1.4800000190734863,1.5399999618530273,1.5399999618530273,12800
2024-06-06,1.5399999618530273,1.559999942779541,1.3899999856948853,1.5399999618530273,1.5399999618530273,44900
2024-06-07,1.5099999904632568,1.5199999809265137,1.5,1.5,1.5,38700
2024-06-10,1.5,1.5499999523162842,1.4700000286102295,1.4800000190734863,1.4800000190734863,23900
2024-06-11,1.5,1.5099999904632568,1.4600000381469727,1.4800000190734863,1.4800000190734863,10000
2024-06-12,1.4600000381469727,1.5,1.4600000381469727,1.4900000095367432,1.4900000095367432,51400
2024-06-13,1.5199999809265137,1.5199999809265137,1.5,1.5,1.5,8000
2024-06-14,1.4700000286102295,1.5099999904632568,1.4700000286102295,1.4800000190734863,1.4800000190734863,2000
2024-06-17,1.4600000381469727,1.5199999809265137,1.4299999475479126,1.4600000381469727,1.4600000381469727,28300
2024-06-18,1.440000057220459,1.440000057220459,1.2200000286102295,1.3300000429153442,1.3300000429153442,144100
2024-06-20,1.350000023841858,1.4600000381469727,1.350000023841858,1.399999976158142,1.399999976158142,20000
2024-06-21,1.4900000095367432,1.5,1.399999976158142,1.409999966621399,1.409999966621399,47600
2024-06-24,1.3700000047683716,1.4800000190734863,1.3700000047683716,1.399999976158142,1.399999976158142,28700
2024-06-25,1.399999976158142,1.4199999570846558,1.3700000047683716,1.3799999952316284,1.3799999952316284,20100
2024-06-26,1.399999976158142,1.440000057220459,1.3899999856948853,1.3899999856948853,1.3899999856948853,21000
2024-06-27,1.409999966621399,1.4299999475479126,1.399999976158142,1.4299999475479126,1.4299999475479126,5300
2024-06-28,1.4299999475479126,1.4800000190734863,1.4199999570846558,1.4199999570846558,1.4199999570846558,21300
2024-07-01,1.399999976158142,1.440000057220459,1.350000023841858,1.4299999475479126,1.4299999475479126,3900
2024-07-02,1.3899999856948853,1.4600000381469727,1.340000033378601,1.340000033378601,1.340000033378601,22500
2024-07-03,1.340000033378601,1.399999976158142,1.340000033378601,1.399999976158142,1.399999976158142,5500
2024-07-05,1.3899999856948853,1.440000057220459,1.350000023841858,1.3700000047683716,1.3700000047683716,25700
2024-07-08,1.3700000047683716,1.3899999856948853,1.350000023841858,1.350000023841858,1.350000023841858,7900
2024-07-09,1.350000023841858,1.3899999856948853,1.350000023841858,1.3899999856948853,1.3899999856948853,4900
2024-07-10,1.350000023841858,1.4299999475479126,1.350000023841858,1.3799999952316284,1.3799999952316284,8500
2024-07-11,1.4199999570846558,1.440000057220459,1.4199999570846558,1.440000057220459,1.440000057220459,3500
2024-07-12,1.4600000381469727,1.4800000190734863,1.4199999570846558,1.4700000286102295,1.4700000286102295,10100
2024-07-15,1.4700000286102295,1.4700000286102295,1.3799999952316284,1.399999976158142,1.399999976158142,24700
2024-07-16,1.4299999475479126,1.4700000286102295,1.4299999475479126,1.4500000476837158,1.4500000476837158,6000
2024-07-17,1.4500000476837158,1.4500000476837158,1.440000057220459,1.440000057220459,1.440000057220459,1100
2024-07-18,1.4700000286102295,1.5199999809265137,1.4299999475479126,1.4700000286102295,1.4700000286102295,8800
2024-07-19,1.4500000476837158,1.4600000381469727,1.3799999952316284,1.4299999475479126,1.4299999475479126,5600
2024-07-22,1.4900000095367432,1.4900000095367432,1.409999966621399,1.4199999570846558,1.4199999570846558,15200
2024-07-23,1.4199999570846558,1.4199999570846558,1.340000033378601,1.3799999952316284,1.3799999952316284,6100
2024-07-24,1.3899999856948853,1.4199999570846558,1.3300000429153442,1.3300000429153442,1.3300000429153442,8300
2024-07-25,1.3300000429153442,1.3600000143051147,1.309999942779541,1.3300000429153442,1.3300000429153442,26500
2024-07-26,1.2999999523162842,1.4199999570846558,1.2999999523162842,1.399999976158142,1.399999976158142,17600
2024-07-29,1.4299999475479126,1.4800000190734863,1.4299999475479126,1.440000057220459,1.440000057220459,25900
2024-07-30,1.4800000190734863,1.6200000047683716,1.440000057220459,1.5499999523162842,1.5499999523162842,19500
2024-07-31,1.5199999809265137,1.5199999809265137,1.4199999570846558,1.4600000381469727,1.4600000381469727,40100
2024-08-01,1.4199999570846558,1.4500000476837158,1.3300000429153442,1.3799999952316284,1.3799999952316284,11500
2024-08-02,1.350000023841858,1.3799999952316284,1.350000023841858,1.3600000143051147,1.3600000143051147,3100
2024-08-05,1.399999976158142,1.399999976158142,1.309999942779541,1.350000023841858,1.350000023841858,16500
2024-08-06,1.3899999856948853,1.4600000381469727,1.3899999856948853,1.4600000381469727,1.4600000381469727,13900
2024-08-07,1.4800000190734863,1.4800000190734863,1.4299999475479126,1.4800000190734863,1.4800000190734863,14900
2024-08-08,1.4700000286102295,1.5199999809265137,1.440000057220459,1.5,1.5,49100
2024-08-09,1.4600000381469727,1.4800000190734863,1.3799999952316284,1.440000057220459,1.440000057220459,13100
2024-08-12,1.4700000286102295,1.4700000286102295,1.350000023841858,1.440000057220459,1.440000057220459,15400
2024-08-13,1.3899999856948853,1.4800000190734863,1.3899999856948853,1.4700000286102295,1.4700000286102295,10500
2024-08-14,1.4199999570846558,1.4700000286102295,1.3700000047683716,1.4199999570846558,1.4199999570846558,9100
2024-08-15,1.4299999475479126,1.4700000286102295,1.3600000143051147,1.3799999952316284,1.3799999952316284,55500
2024-08-16,1.3600000143051147,1.409999966621399,1.3600000143051147,1.409999966621399,1.409999966621399,6000
2024-08-19,1.4199999570846558,1.5800000429153442,1.4199999570846558,1.5800000429153442,1.5800000429153442,28500
2024-08-20,1.5800000429153442,1.7300000190734863,1.5499999523162842,1.7000000476837158,1.7000000476837158,107500
2024-08-21,1.7400000095367432,1.8200000524520874,1.5800000429153442,1.7599999904632568,1.7599999904632568,39300
2024-08-22,1.8200000524520874,1.8200000524520874,1.659999966621399,1.7300000190734863,1.7300000190734863,8600
2024-08-23,1.7200000286102295,1.8300000429153442,1.7200000286102295,1.809999942779541,1.809999942779541,30100
2024-08-26,1.8300000429153442,1.8300000429153442,1.7000000476837158,1.7599999904632568,1.7599999904632568,11700
2024-08-27,1.7200000286102295,1.7599999904632568,1.6699999570846558,1.7200000286102295,1.7200000286102295,15700
2024-08-28,1.7200000286102295,1.7200000286102295,1.659999966621399,1.6699999570846558,1.6699999570846558,2600
2024-08-29,1.649999976158142,1.7699999809265137,1.649999976158142,1.7699999809265137,1.7699999809265137,7600
2024-08-30,1.690000057220459,1.7999999523162842,1.6799999475479126,1.7999999523162842,1.7999999523162842,12000
2024-09-03,1.7999999523162842,1.7999999523162842,1.7200000286102295,1.75,1.75,2700
2024-09-04,1.659999966621399,1.809999942779541,1.5399999618530273,1.809999942779541,1.809999942779541,9000
2024-09-05,1.7999999523162842,1.8200000524520874,1.7200000286102295,1.7899999618530273,1.7899999618530273,9700
2024-09-06,1.75,1.8300000429153442,1.7100000381469727,1.7999999523162842,1.7999999523162842,21700
2024-09-09,1.7699999809265137,1.809999942779541,1.7400000095367432,1.7899999618530273,1.7899999618530273,5000
2024-09-10,1.7799999713897705,1.7799999713897705,1.6699999570846558,1.6699999570846558,1.6699999570846558,11400
2024-09-11,1.7200000286102295,1.7300000190734863,1.6299999952316284,1.7000000476837158,1.7000000476837158,6500
2024-09-12,1.7699999809265137,1.7699999809265137,1.649999976158142,1.7599999904632568,1.7599999904632568,8800
2024-09-13,1.7999999523162842,1.840000033378601,1.7599999904632568,1.7999999523162842,1.7999999523162842,62100
2024-09-16,1.75,1.8899999856948853,1.7200000286102295,1.7999999523162842,1.7999999523162842,57100
2024-09-17,1.7999999523162842,1.8600000143051147,1.7699999809265137,1.840000033378601,1.840000033378601,22200
2024-09-18,1.8799999952316284,1.8799999952316284,1.7799999713897705,1.7799999713897705,1.7799999713897705,25100
2024-09-19,1.809999942779541,1.8200000524520874,1.7799999713897705,1.7799999713897705,1.7799999713897705,4200
2024-09-20,1.7300000190734863,1.7400000095367432,1.5800000429153442,1.5800000429153442,1.5800000429153442,39500
2024-09-23,1.5700000524520874,1.6200000047683716,1.5700000524520874,1.6200000047683716,1.6200000047683716,12200
2024-09-24,1.6100000143051147,1.6299999952316284,1.6100000143051147,1.6100000143051147,1.6100000143051147,3800
2024-09-25,1.600000023841858,1.6399999856948853,1.5800000429153442,1.6200000047683716,1.6200000047683716,2900
2024-09-26,1.5800000429153442,1.6100000143051147,1.5700000524520874,1.6100000143051147,1.6100000143051147,35700
2024-09-27,1.440000057220459,1.6399999856948853,1.440000057220459,1.6100000143051147,1.6100000143051147,9900
2024-09-30,1.5499999523162842,1.6299999952316284,1.5,1.6299999952316284,1.6299999952316284,8900
2024-10-01,1.6299999952316284,1.6299999952316284,1.6299999952316284,1.6299999952316284,1.6299999952316284,500
2024-10-02,1.590000033378601,1.6299999952316284,1.590000033378601,1.6299999952316284,1.6299999952316284,16600
2024-10-03,1.6100000143051147,1.6799999475479126,1.5299999713897705,1.649999976158142,1.649999976158142,35800
2024-10-04,1.690000057220459,1.690000057220459,1.5399999618530273,1.5399999618530273,1.5399999618530273,2700
2024-10-07,1.4900000095367432,1.6200000047683716,1.4900000095367432,1.5700000524520874,1.5700000524520874,20300
2024-10-08,1.6200000047683716,1.6200000047683716,1.559999942779541,1.5800000429153442,1.5800000429153442,1900
2024-10-09,1.5800000429153442,1.5800000429153442,1.5399999618530273,1.5399999618530273,1.5399999618530273,800
2024-10-10,1.590000033378601,1.6299999952316284,1.5700000524520874,1.6200000047683716,1.6200000047683716,20100
2024-10-11,1.5800000429153442,1.6699999570846558,1.5700000524520874,1.649999976158142,1.649999976158142,54500
2024-10-14,1.590000033378601,1.6100000143051147,1.5800000429153442,1.5800000429153442,1.5800000429153442,2400
2024-10-15,1.5800000429153442,1.6399999856948853,1.559999942779541,1.5700000524520874,1.5700000524520874,8800
2024-10-16,1.600000023841858,1.7200000286102295,1.600000023841858,1.7000000476837158,1.7000000476837158,21400
2024-10-17,1.6699999570846558,1.6699999570846558,1.6200000047683716,1.649999976158142,1.649999976158142,19400
2024-10-18,1.6200000047683716,1.649999976158142,1.6100000143051147,1.6299999952316284,1.6299999952316284,66800
2024-10-21,1.6100000143051147,1.649999976158142,1.559999942779541,1.600000023841858,1.600000023841858,2900
2024-10-22,1.6100000143051147,1.6100000143051147,1.2899999618530273,1.3200000524520874,1.3200000524520874,90700
2024-10-23,1.3300000429153442,1.5499999523162842,1.3300000429153442,1.4299999475479126,1.4299999475479126,42000
2024-10-24,1.4500000476837158,1.4500000476837158,1.4199999570846558,1.4500000476837158,1.4500000476837158,15400
2024-10-25,1.5,1.559999942779541,1.4500000476837158,1.4500000476837158,1.4500000476837158,66700
2024-10-28,1.409999966621399,1.4500000476837158,1.409999966621399,1.440000057220459,1.440000057220459,6900
2024-10-29,1.4299999475479126,1.4500000476837158,1.4199999570846558,1.440000057220459,1.440000057220459,6700
2024-10-30,1.4500000476837158,1.5199999809265137,1.3700000047683716,1.409999966621399,1.409999966621399,17000
2024-10-31,1.440000057220459,1.5399999618530273,1.4199999570846558,1.5399999618530273,1.5399999618530273,48800
2024-11-01,1.5,1.5399999618530273,1.4700000286102295,1.5399999618530273,1.5399999618530273,4000
