Date,Open,High,Low,Close,Adj Close,Volume
2021-04-21,15.5,18.68000030517578,14.25,17.739999771118164,17.739999771118164,7199800
2021-04-22,16.200000762939453,21.0,16.200000762939453,19.34000015258789,19.34000015258789,1093700
2021-04-23,19.600000381469727,21.700000762939453,19.360000610351562,20.959999084472656,20.959999084472656,516500
2021-04-26,21.510000228881836,22.420000076293945,20.959999084472656,21.020000457763672,21.020000457763672,252100
2021-04-27,20.5,20.969999313354492,18.010000228881836,18.149999618530273,18.149999618530273,378800
2021-04-28,18.559999465942383,18.989999771118164,17.75,18.6200008392334,18.6200008392334,293600
2021-04-29,18.8700008392334,22.110000610351562,18.518999099731445,21.770000457763672,21.770000457763672,492800
2021-04-30,21.729999542236328,21.75,20.489999771118164,20.799999237060547,20.799999237060547,198300
2021-05-03,21.6200008392334,21.746999740600586,20.75,21.18000030517578,21.18000030517578,199800
2021-05-04,21.1200008392334,22.0,20.899999618530273,21.389999389648438,21.389999389648438,338900
2021-05-05,21.350000381469727,21.79599952697754,20.020000457763672,20.469999313354492,20.469999313354492,236700
2021-05-06,20.239999771118164,22.0,18.139999389648438,21.579999923706055,21.579999923706055,351000
2021-05-07,21.600000381469727,21.600000381469727,19.899999618530273,20.25,20.25,84300
2021-05-10,20.25,20.420000076293945,18.700000762939453,19.90999984741211,19.90999984741211,145500
2021-05-11,19.579999923706055,20.760000228881836,19.0,20.299999237060547,20.299999237060547,120200
2021-05-12,20.18000030517578,20.780000686645508,19.18000030517578,19.59000015258789,19.59000015258789,193100
2021-05-13,19.59000015258789,20.173999786376953,18.753000259399414,19.3700008392334,19.3700008392334,278700
2021-05-14,19.709999084472656,20.059999465942383,19.299999237060547,19.670000076293945,19.670000076293945,110900
2021-05-17,19.809999465942383,20.0,19.280000686645508,19.360000610351562,19.360000610351562,159700
2021-05-18,19.610000610351562,20.0,19.0,19.969999313354492,19.969999313354492,391100
2021-05-19,19.969999313354492,21.6299991607666,19.219999313354492,20.950000762939453,20.950000762939453,194600
2021-05-20,21.079999923706055,26.690000534057617,21.079999923706055,26.399999618530273,26.399999618530273,669700
2021-05-21,26.940000534057617,27.25,26.0,26.610000610351562,26.610000610351562,372100
2021-05-24,26.809999465942383,29.726999282836914,26.420000076293945,29.299999237060547,29.299999237060547,217500
2021-05-25,29.299999237060547,29.90999984741211,25.312999725341797,25.780000686645508,25.780000686645508,261300
2021-05-26,26.0,27.139999389648438,24.260000228881836,26.1200008392334,26.1200008392334,157600
2021-05-27,26.1299991607666,27.200000762939453,25.239999771118164,25.420000076293945,25.420000076293945,133500
2021-05-28,25.43000030517578,26.149999618530273,25.0,26.040000915527344,26.040000915527344,150900
2021-06-01,26.270000457763672,27.989999771118164,26.040000915527344,26.700000762939453,26.700000762939453,189700
2021-06-02,26.989999771118164,27.700000762939453,26.350000381469727,26.729999542236328,26.729999542236328,152600
2021-06-03,26.280000686645508,26.950000762939453,24.309999465942383,26.200000762939453,26.200000762939453,183800
2021-06-04,26.290000915527344,27.81999969482422,25.825000762939453,27.3700008392334,27.3700008392334,239800
2021-06-07,27.860000610351562,27.8700008392334,26.530000686645508,27.31999969482422,27.31999969482422,190100
2021-06-08,27.520000457763672,27.520000457763672,26.030000686645508,26.649999618530273,26.649999618530273,112200
2021-06-09,26.959999084472656,30.481000900268555,25.97800064086914,28.559999465942383,28.559999465942383,677000
2021-06-10,29.06999969482422,29.1299991607666,27.510000228881836,27.84000015258789,27.84000015258789,138800
2021-06-11,27.84000015258789,28.577999114990234,27.100000381469727,28.540000915527344,28.540000915527344,136900
2021-06-14,28.780000686645508,33.470001220703125,28.700000762939453,29.06999969482422,29.06999969482422,538100
2021-06-15,29.790000915527344,31.802000045776367,28.0,28.479999542236328,28.479999542236328,261600
2021-06-16,28.639999389648438,30.399999618530273,28.639999389648438,30.06999969482422,30.06999969482422,203500
2021-06-17,30.229999542236328,34.20000076293945,30.229999542236328,33.849998474121094,33.849998474121094,334300
2021-06-18,33.529998779296875,34.43000030517578,31.020000457763672,31.139999389648438,31.139999389648438,527900
2021-06-21,31.59000015258789,31.59000015258789,26.5,28.020000457763672,28.020000457763672,405300
2021-06-22,28.100000381469727,28.3799991607666,26.649999618530273,26.8799991607666,26.8799991607666,229700
2021-06-23,28.718000411987305,32.81999969482422,28.559999465942383,29.0,29.0,734700
2021-06-24,29.100000381469727,31.726999282836914,29.100000381469727,30.729999542236328,30.729999542236328,372300
2021-06-25,31.049999237060547,31.5,28.639999389648438,28.760000228881836,28.760000228881836,1163000
2021-06-28,29.549999237060547,30.780000686645508,27.559999465942383,28.719999313354492,28.719999313354492,419300
2021-06-29,29.0,29.989999771118164,27.75,27.899999618530273,27.899999618530273,189300
2021-06-30,28.0,28.989999771118164,27.829999923706055,28.649999618530273,28.649999618530273,174500
2021-07-01,28.809999465942383,28.809999465942383,27.56999969482422,27.700000762939453,27.700000762939453,151100
2021-07-02,28.0,28.350000381469727,26.500999450683594,26.579999923706055,26.579999923706055,233700
2021-07-06,27.0,27.177000045776367,25.604999542236328,26.68000030517578,26.68000030517578,273500
2021-07-07,26.290000915527344,27.360000610351562,24.950000762939453,24.950000762939453,24.950000762939453,153500
2021-07-08,24.649999618530273,26.267000198364258,22.549999237060547,25.399999618530273,25.399999618530273,258400
2021-07-09,25.600000381469727,25.75,25.0,25.040000915527344,25.040000915527344,120900
2021-07-12,25.459999084472656,26.3799991607666,25.100000381469727,26.239999771118164,26.239999771118164,181000
2021-07-13,26.360000610351562,27.709999084472656,25.899999618530273,27.09000015258789,27.09000015258789,189200
2021-07-14,27.350000381469727,27.75,24.809999465942383,25.260000228881836,25.260000228881836,296800
2021-07-15,25.25,25.524999618530273,23.6200008392334,24.15999984741211,24.15999984741211,291000
2021-07-16,25.450000762939453,27.889999389648438,24.649999618530273,26.780000686645508,26.780000686645508,462200
2021-07-19,25.959999084472656,27.049999237060547,25.520000457763672,26.84000015258789,26.84000015258789,298500
2021-07-20,26.84000015258789,27.790000915527344,26.5,27.25,27.25,276100
2021-07-21,27.34000015258789,29.3700008392334,27.100000381469727,28.860000610351562,28.860000610351562,355000
2021-07-22,28.670000076293945,29.0,27.459999084472656,27.600000381469727,27.600000381469727,163800
2021-07-23,27.860000610351562,28.559999465942383,26.809999465942383,27.40999984741211,27.40999984741211,78400
2021-07-26,27.93000030517578,30.229999542236328,27.549999237060547,28.860000610351562,28.860000610351562,253600
2021-07-27,24.479999542236328,24.489999771118164,15.371000289916992,15.75,15.75,3437200
2021-07-28,16.25,17.75,15.529999732971191,17.510000228881836,17.510000228881836,1589500
2021-07-29,17.332000732421875,17.770000457763672,16.5,16.950000762939453,16.950000762939453,541000
2021-07-30,16.889999389648438,17.84000015258789,16.520000457763672,17.260000228881836,17.260000228881836,243700
2021-08-02,17.43000030517578,18.3700008392334,17.399999618530273,17.579999923706055,17.579999923706055,294000
2021-08-03,17.760000228881836,17.8799991607666,16.600000381469727,16.850000381469727,16.850000381469727,291000
2021-08-04,16.860000610351562,20.899999618530273,16.860000610351562,20.239999771118164,20.239999771118164,673600
2021-08-05,19.170000076293945,22.788999557495117,18.170000076293945,22.520000457763672,22.520000457763672,594200
2021-08-06,22.81999969482422,23.68000030517578,21.049999237060547,22.290000915527344,22.290000915527344,314800
2021-08-09,22.139999389648438,23.149999618530273,21.270000457763672,22.540000915527344,22.540000915527344,272000
2021-08-10,22.940000534057617,22.940000534057617,21.219999313354492,22.459999084472656,22.459999084472656,189800
2021-08-11,22.670000076293945,22.670000076293945,19.510000228881836,21.1200008392334,21.1200008392334,297100
2021-08-12,22.280000686645508,24.200000762939453,22.0,23.06999969482422,23.06999969482422,498900
2021-08-13,23.329999923706055,23.665000915527344,22.889999389648438,23.1200008392334,23.1200008392334,208400
2021-08-16,23.440000534057617,23.440000534057617,22.719999313354492,22.969999313354492,22.969999313354492,334600
2021-08-17,23.110000610351562,23.200000762939453,19.520000457763672,19.829999923706055,19.829999923706055,405600
2021-08-18,19.868000030517578,20.770000457763672,19.200000762939453,20.420000076293945,20.420000076293945,421900
2021-08-19,20.229999542236328,20.889999389648438,19.68000030517578,19.75,19.75,372200
2021-08-20,20.1299991607666,20.3799991607666,19.5,19.989999771118164,19.989999771118164,243900
2021-08-23,20.0,20.799999237060547,20.0,20.59000015258789,20.59000015258789,163800
2021-08-24,24.364999771118164,27.299999237060547,23.600000381469727,26.84000015258789,26.84000015258789,1947300
2021-08-25,27.009000778198242,29.229000091552734,26.790000915527344,27.600000381469727,27.600000381469727,862200
2021-08-26,27.700000762939453,29.690000534057617,27.049999237060547,28.75,28.75,456100
2021-08-27,28.760000228881836,29.815000534057617,27.1200008392334,27.3700008392334,27.3700008392334,375300
2021-08-30,28.149999618530273,31.75,27.969999313354492,31.200000762939453,31.200000762939453,511500
2021-08-31,31.81999969482422,33.619998931884766,30.309999465942383,33.380001068115234,33.380001068115234,487400
2021-09-01,34.0,35.970001220703125,30.690000534057617,31.670000076293945,31.670000076293945,672700
2021-09-02,32.0,32.540000915527344,31.1299991607666,31.489999771118164,31.489999771118164,340900
2021-09-03,32.45000076293945,34.790000915527344,32.0,33.86000061035156,33.86000061035156,336800
2021-09-07,34.40999984741211,36.79999923706055,32.900001525878906,34.349998474121094,34.349998474121094,409100
2021-09-08,34.439998626708984,34.9900016784668,30.024999618530273,31.049999237060547,31.049999237060547,398500
2021-09-09,31.440000534057617,33.470001220703125,31.299999237060547,31.860000610351562,31.860000610351562,195000
2021-09-10,32.369998931884766,33.13999938964844,31.200000762939453,31.239999771118164,31.239999771118164,254900
2021-09-13,31.329999923706055,31.8700008392334,29.134000778198242,29.799999237060547,29.799999237060547,424000
2021-09-14,30.0,30.90999984741211,29.700000762939453,30.15999984741211,30.15999984741211,241300
2021-09-15,30.149999618530273,30.799999237060547,28.989999771118164,30.649999618530273,30.649999618530273,203100
2021-09-16,30.760000228881836,32.13999938964844,30.149999618530273,31.899999618530273,31.899999618530273,270000
2021-09-17,32.20000076293945,32.5,29.850000381469727,30.829999923706055,30.829999923706055,260100
2021-09-20,29.600000381469727,29.799999237060547,26.5,27.559999465942383,27.559999465942383,404300
2021-09-21,27.540000915527344,28.59000015258789,26.610000610351562,27.040000915527344,27.040000915527344,291500
2021-09-22,27.040000915527344,28.239999771118164,26.729999542236328,27.950000762939453,27.950000762939453,283400
2021-09-23,28.06999969482422,31.0,28.0,30.8799991607666,30.8799991607666,242500
2021-09-24,30.8799991607666,31.329999923706055,29.540000915527344,30.110000610351562,30.110000610351562,194600
2021-09-27,29.950000762939453,30.260000228881836,28.59000015258789,29.81999969482422,29.81999969482422,203200
2021-09-28,28.950000762939453,28.950000762939453,27.139999389648438,28.34000015258789,28.34000015258789,356400
2021-09-29,28.639999389648438,28.75,26.801000595092773,27.049999237060547,27.049999237060547,316700
2021-09-30,27.399999618530273,27.760000228881836,26.656999588012695,27.200000762939453,27.200000762939453,178500
2021-10-01,26.899999618530273,27.149999618530273,25.420000076293945,26.3799991607666,26.3799991607666,216000
2021-10-04,25.920000076293945,25.920000076293945,24.639999389648438,25.389999389648438,25.389999389648438,268700
2021-10-05,25.389999389648438,27.329999923706055,25.270000457763672,27.280000686645508,27.280000686645508,165400
2021-10-06,26.600000381469727,27.389999389648438,25.790000915527344,27.030000686645508,27.030000686645508,121700
2021-10-07,27.3799991607666,27.5,26.329999923706055,27.139999389648438,27.139999389648438,172700
2021-10-08,27.049999237060547,27.573999404907227,25.5,26.329999923706055,26.329999923706055,249800
2021-10-11,26.1299991607666,26.5,24.559999465942383,24.809999465942383,24.809999465942383,209700
2021-10-12,24.920000076293945,25.190000534057617,22.969999313354492,23.31999969482422,23.31999969482422,301800
2021-10-13,23.770000457763672,25.260000228881836,23.5,24.889999389648438,24.889999389648438,127000
2021-10-14,25.700000762939453,26.3439998626709,25.079999923706055,25.809999465942383,25.809999465942383,231300
2021-10-15,26.440000534057617,27.190000534057617,26.09000015258789,26.760000228881836,26.760000228881836,127100
2021-10-18,26.56999969482422,30.510000228881836,26.56999969482422,29.989999771118164,29.989999771118164,394000
2021-10-19,30.940000534057617,30.940000534057617,28.729999542236328,29.110000610351562,29.110000610351562,246400
2021-10-20,29.170000076293945,30.270000457763672,29.00200080871582,30.1299991607666,30.1299991607666,199500
2021-10-21,30.0,30.09000015258789,29.079999923706055,29.850000381469727,29.850000381469727,131700
2021-10-22,30.0,31.790000915527344,29.54400062561035,30.950000762939453,30.950000762939453,245600
2021-10-25,31.34000015258789,33.33000183105469,30.770000457763672,32.380001068115234,32.380001068115234,292900
2021-10-26,33.0,33.0099983215332,31.0,31.780000686645508,31.780000686645508,247400
2021-10-27,32.0,33.47999954223633,31.719999313354492,31.850000381469727,31.850000381469727,210200
2021-10-28,33.06999969482422,33.400001525878906,31.774999618530273,32.04999923706055,32.04999923706055,251500
2021-10-29,32.25,34.45000076293945,32.16999816894531,34.2400016784668,34.2400016784668,285900
2021-11-01,34.5,35.900001525878906,32.91999816894531,34.2400016784668,34.2400016784668,474600
2021-11-02,34.18000030517578,35.33000183105469,30.690000534057617,32.630001068115234,32.630001068115234,330900
2021-11-03,25.06999969482422,25.84000015258789,20.059999465942383,20.850000381469727,20.850000381469727,2194700
2021-11-04,22.43000030517578,22.850000381469727,21.0,22.260000228881836,22.260000228881836,1192700
2021-11-05,22.860000610351562,25.09000015258789,22.799999237060547,24.049999237060547,24.049999237060547,767200
2021-11-08,24.5,24.799999237060547,23.079999923706055,24.299999237060547,24.299999237060547,495500
2021-11-09,24.850000381469727,24.850000381469727,23.450000762939453,24.389999389648438,24.389999389648438,320500
2021-11-10,24.420000076293945,24.5,22.06999969482422,22.850000381469727,22.850000381469727,445700
2021-11-11,22.959999084472656,23.854999542236328,22.600000381469727,23.06999969482422,23.06999969482422,281100
2021-11-12,23.5,23.959999084472656,22.988000869750977,23.860000610351562,23.860000610351562,166800
2021-11-15,24.0,24.700000762939453,23.399999618530273,23.6299991607666,23.6299991607666,297000
2021-11-16,24.0,24.219999313354492,22.81999969482422,22.90999984741211,22.90999984741211,337100
2021-11-17,22.989999771118164,23.020000457763672,21.645000457763672,21.739999771118164,21.739999771118164,284100
2021-11-18,22.8799991607666,22.8799991607666,20.079999923706055,20.190000534057617,20.190000534057617,460700
2021-11-19,20.420000076293945,20.549999237060547,19.5,19.84000015258789,19.84000015258789,520000
2021-11-22,20.09000015258789,20.809999465942383,18.760000228881836,18.81999969482422,18.81999969482422,671100
2021-11-23,18.799999237060547,19.209999084472656,17.520000457763672,18.90999984741211,18.90999984741211,605200
2021-11-24,18.950000762939453,19.670000076293945,18.15999984741211,19.6299991607666,19.6299991607666,240600
2021-11-26,19.1200008392334,19.969999313354492,18.6299991607666,19.09000015258789,19.09000015258789,165300
2021-11-29,19.719999313354492,19.799999237060547,18.450000762939453,19.5,19.5,273400
2021-11-30,19.479999542236328,19.690000534057617,18.31999969482422,18.709999084472656,18.709999084472656,410000
2021-12-01,19.31999969482422,20.260000228881836,17.75,17.8700008392334,17.8700008392334,366700
2021-12-02,17.670000076293945,18.420000076293945,17.489999771118164,18.239999771118164,18.239999771118164,203800
2021-12-03,18.229999542236328,18.889999389648438,17.06999969482422,17.459999084472656,17.459999084472656,252000
2021-12-06,17.5,17.78499984741211,16.406999588012695,17.489999771118164,17.489999771118164,195100
2021-12-07,18.0,19.549999237060547,17.91699981689453,19.260000228881836,19.260000228881836,263800
2021-12-08,19.079999923706055,19.09000015258789,17.510000228881836,18.639999389648438,18.639999389648438,510600
2021-12-09,18.399999618530273,18.799999237060547,17.450000762939453,17.56999969482422,17.56999969482422,159300
2021-12-10,17.780000686645508,18.139999389648438,16.700000762939453,17.010000228881836,17.010000228881836,212000
2021-12-13,16.795000076293945,16.940000534057617,15.800000190734863,15.84000015258789,15.84000015258789,373300
2021-12-14,15.710000038146973,15.984999656677246,15.0,15.149999618530273,15.149999618530273,484500
2021-12-15,15.149999618530273,15.529999732971191,14.390000343322754,15.300000190734863,15.300000190734863,462100
2021-12-16,16.025999069213867,16.025999069213867,14.199999809265137,14.8100004196167,14.8100004196167,414900
2021-12-17,14.8100004196167,15.529999732971191,14.670000076293945,14.989999771118164,14.989999771118164,489000
2021-12-20,15.199999809265137,15.199999809265137,13.8100004196167,14.149999618530273,14.149999618530273,309500
2021-12-21,14.40999984741211,15.550000190734863,14.109999656677246,15.170000076293945,15.170000076293945,319700
2021-12-22,14.850000381469727,15.399999618530273,14.3100004196167,15.180000305175781,15.180000305175781,188600
2021-12-23,15.1899995803833,16.8799991607666,14.949999809265137,16.190000534057617,16.190000534057617,753100
2021-12-27,16.15999984741211,16.415000915527344,15.789999961853027,16.200000762939453,16.200000762939453,289900
2021-12-28,16.270000457763672,16.299999237060547,15.239999771118164,15.350000381469727,15.350000381469727,179100
2021-12-29,15.380000114440918,15.482999801635742,14.899999618530273,15.260000228881836,15.260000228881836,152900
2021-12-30,15.289999961853027,16.850000381469727,15.010000228881836,16.299999237060547,16.299999237060547,512900
2021-12-31,16.15999984741211,16.604999542236328,15.5600004196167,16.219999313354492,16.219999313354492,327000
2022-01-03,15.640000343322754,16.229999542236328,15.390000343322754,15.550000190734863,15.550000190734863,222600
2022-01-04,15.649999618530273,15.880000114440918,14.779999732971191,15.359999656677246,15.359999656677246,296900
2022-01-05,14.920000076293945,15.010000228881836,13.850000381469727,13.920000076293945,13.920000076293945,331400
2022-01-06,13.970000267028809,14.260000228881836,13.140000343322754,13.5,13.5,275700
2022-01-07,13.5,13.979999542236328,12.890000343322754,13.380000114440918,13.380000114440918,189100
2022-01-10,13.15999984741211,13.489999771118164,12.600000381469727,13.4399995803833,13.4399995803833,291500
2022-01-11,13.350000381469727,14.279999732971191,13.1899995803833,14.1899995803833,14.1899995803833,176700
2022-01-12,14.5,14.73900032043457,13.401000022888184,13.579999923706055,13.579999923706055,196200
2022-01-13,13.729999542236328,14.170000076293945,13.0,13.050000190734863,13.050000190734863,168900
2022-01-14,12.890000343322754,13.550000190734863,12.760000228881836,13.520000457763672,13.520000457763672,159400
2022-01-18,13.170000076293945,13.345000267028809,12.300000190734863,12.3100004196167,12.3100004196167,256900
2022-01-19,12.359999656677246,12.359999656677246,11.640000343322754,11.819999694824219,11.819999694824219,282300
2022-01-20,12.130000114440918,12.539999961853027,11.350000381469727,11.350000381469727,11.350000381469727,268000
2022-01-21,11.0600004196167,11.550000190734863,10.710000038146973,10.779999732971191,10.779999732971191,303400
2022-01-24,10.529999732971191,10.850000381469727,9.520000457763672,10.829999923706055,10.829999923706055,380700
2022-01-25,10.5,10.9399995803833,10.109999656677246,10.569999694824219,10.569999694824219,137100
2022-01-26,10.680000305175781,11.1899995803833,10.09000015258789,10.279999732971191,10.279999732971191,223600
2022-01-27,10.5,10.869999885559082,9.279999732971191,9.420000076293945,9.420000076293945,313400
2022-01-28,9.289999961853027,9.569999694824219,8.8100004196167,9.489999771118164,9.489999771118164,593900
2022-01-31,9.5,10.289999961853027,9.5,10.029999732971191,10.029999732971191,240600
2022-02-01,10.449999809265137,10.449999809265137,9.859999656677246,10.170000076293945,10.170000076293945,201300
2022-02-02,10.270000457763672,10.270000457763672,9.664999961853027,9.8100004196167,9.8100004196167,186300
2022-02-03,9.329999923706055,9.729999542236328,9.149999618530273,9.229999542236328,9.229999542236328,202600
2022-02-04,9.199999809265137,9.678999900817871,8.9399995803833,9.640000343322754,9.640000343322754,406400
2022-02-07,9.649999618530273,10.170000076293945,9.442000389099121,9.6899995803833,9.6899995803833,174500
2022-02-08,9.630000114440918,9.949999809265137,9.520000457763672,9.890000343322754,9.890000343322754,336200
2022-02-09,10.170000076293945,10.229999542236328,9.729999542236328,10.039999961853027,10.039999961853027,328300
2022-02-10,9.970000267028809,10.470000267028809,9.850000381469727,10.0600004196167,10.0600004196167,325100
2022-02-11,9.8100004196167,10.418999671936035,9.029999732971191,9.300000190734863,9.300000190734863,150200
2022-02-14,9.25,9.770000457763672,9.154999732971191,9.350000381469727,9.350000381469727,113600
2022-02-15,9.760000228881836,10.130000114440918,9.569999694824219,10.079999923706055,10.079999923706055,168800
2022-02-16,9.970000267028809,10.569999694824219,9.670000076293945,10.399999618530273,10.399999618530273,240500
2022-02-17,10.079999923706055,10.53499984741211,10.0,10.359999656677246,10.359999656677246,248000
2022-02-18,10.300000190734863,10.550000190734863,10.050000190734863,10.180000305175781,10.180000305175781,146000
2022-02-22,10.010000228881836,10.489999771118164,9.710000038146973,10.079999923706055,10.079999923706055,398800
2022-02-23,10.119999885559082,10.5,9.510000228881836,9.6899995803833,9.6899995803833,355300
2022-02-24,9.079999923706055,11.100000381469727,9.0,11.050000190734863,11.050000190734863,300400
2022-02-25,11.100000381469727,11.279999732971191,10.710000038146973,11.239999771118164,11.239999771118164,281700
2022-02-28,11.180000305175781,11.869999885559082,10.899999618530273,11.550000190734863,11.550000190734863,351000
2022-03-01,11.640000343322754,11.890000343322754,11.229999542236328,11.289999961853027,11.289999961853027,218600
2022-03-02,11.390000343322754,11.470000267028809,10.890000343322754,10.970000267028809,10.970000267028809,162900
2022-03-03,11.079999923706055,11.260000228881836,10.25,10.40999984741211,10.40999984741211,130100
2022-03-04,10.300000190734863,10.520000457763672,9.59000015258789,9.829999923706055,9.829999923706055,115100
2022-03-07,10.119999885559082,10.199000358581543,9.770000457763672,9.890000343322754,9.890000343322754,103200
2022-03-08,9.979999542236328,10.539999961853027,9.569999694824219,10.130000114440918,10.130000114440918,206200
2022-03-09,10.479999542236328,11.199999809265137,10.449999809265137,10.649999618530273,10.649999618530273,115800
2022-03-10,10.399999618530273,10.470000267028809,10.020000457763672,10.40999984741211,10.40999984741211,75100
2022-03-11,10.430000305175781,10.520000457763672,9.390000343322754,9.430000305175781,9.430000305175781,131400
2022-03-14,9.34000015258789,9.460000038146973,8.479999542236328,8.699999809265137,8.699999809265137,240400
2022-03-15,8.59000015258789,9.15999984741211,8.59000015258789,9.149999618530273,9.149999618530273,133700
2022-03-16,9.4399995803833,10.170000076293945,9.4399995803833,10.100000381469727,10.100000381469727,171800
2022-03-17,10.079999923706055,10.779999732971191,9.880000114440918,10.680000305175781,10.680000305175781,130900
2022-03-18,10.369999885559082,11.1899995803833,10.369999885559082,10.59000015258789,10.59000015258789,176400
2022-03-21,10.640000343322754,11.380000114440918,10.470000267028809,10.829999923706055,10.829999923706055,138600
2022-03-22,10.850000381469727,11.25,10.734999656677246,11.079999923706055,11.079999923706055,96000
2022-03-23,10.949999809265137,11.399999618530273,10.680000305175781,10.819999694824219,10.819999694824219,124500
2022-03-24,11.010000228881836,11.760000228881836,10.984999656677246,11.710000038146973,11.710000038146973,138600
2022-03-25,11.699999809265137,11.770000457763672,11.130000114440918,11.1899995803833,11.1899995803833,86300
2022-03-28,11.220000267028809,11.524999618530273,10.5,10.9399995803833,10.9399995803833,111700
2022-03-29,11.119999885559082,11.800000190734863,11.039999961853027,11.520000457763672,11.520000457763672,175600
2022-03-30,11.430000305175781,12.140000343322754,11.069999694824219,11.399999618530273,11.399999618530273,194000
2022-03-31,11.3100004196167,11.680000305175781,10.74899959564209,10.829999923706055,10.829999923706055,131500
2022-04-01,10.819999694824219,10.960000038146973,10.350000381469727,10.5,10.5,103700
2022-04-04,10.59000015258789,10.960000038146973,10.59000015258789,10.859999656677246,10.859999656677246,89500
2022-04-05,10.899999618530273,10.899999618530273,9.760000228881836,9.920000076293945,9.920000076293945,141500
2022-04-06,9.739999771118164,9.739999771118164,9.142000198364258,9.229999542236328,9.229999542236328,127800
2022-04-07,9.199999809265137,9.42199993133545,8.029999732971191,8.579999923706055,8.579999923706055,302800
2022-04-08,8.649999618530273,8.869999885559082,8.619999885559082,8.654999732971191,8.654999732971191,250500
2022-04-11,8.600000381469727,8.600000381469727,7.710000038146973,7.800000190734863,7.800000190734863,252600
2022-04-12,8.039999961853027,8.1899995803833,7.289999961853027,7.460000038146973,7.460000038146973,364500
2022-04-13,7.5,8.178999900817871,7.400000095367432,8.010000228881836,8.010000228881836,193400
2022-04-14,8.210000038146973,8.21399974822998,7.639999866485596,7.710000038146973,7.710000038146973,110900
2022-04-18,7.679999828338623,7.679999828338623,7.25,7.380000114440918,7.380000114440918,131400
2022-04-19,7.320000171661377,7.639999866485596,7.21999979019165,7.369999885559082,7.369999885559082,135600
2022-04-20,7.460000038146973,7.53000020980835,6.96999979019165,7.010000228881836,7.010000228881836,122200
2022-04-21,7.070000171661377,7.25,6.400000095367432,6.539999961853027,6.539999961853027,196600
2022-04-22,6.650000095367432,6.755000114440918,6.190000057220459,6.260000228881836,6.260000228881836,196400
2022-04-25,6.159999847412109,6.599999904632568,6.139999866485596,6.590000152587891,6.590000152587891,158800
2022-04-26,6.849999904632568,6.920000076293945,6.460000038146973,6.550000190734863,6.550000190734863,180400
2022-04-27,6.519999980926514,6.704999923706055,6.150000095367432,6.190000057220459,6.190000057220459,145300
2022-04-28,6.289999961853027,6.539999961853027,6.010000228881836,6.449999809265137,6.449999809265137,115500
2022-04-29,6.360000133514404,6.650000095367432,6.110000133514404,6.119999885559082,6.119999885559082,134100
2022-05-02,6.159999847412109,6.289999961853027,5.900000095367432,6.269999980926514,6.269999980926514,149500
2022-05-03,6.260000228881836,6.329999923706055,5.869999885559082,6.320000171661377,6.320000171661377,236400
2022-05-04,6.320000171661377,7.230000019073486,6.050000190734863,7.170000076293945,7.170000076293945,500300
2022-05-05,7.090000152587891,7.210000038146973,6.409999847412109,6.570000171661377,6.570000171661377,156600
2022-05-06,6.550000190734863,6.561999797821045,5.769999980926514,6.099999904632568,6.099999904632568,212600
2022-05-09,5.96999979019165,6.099999904632568,5.599999904632568,5.75,5.75,238300
2022-05-10,5.940000057220459,6.114999771118164,5.5,5.510000228881836,5.510000228881836,175300
2022-05-11,5.519999980926514,5.690000057220459,4.96999979019165,5.0,5.0,171200
2022-05-12,4.900000095367432,5.494999885559082,4.730000019073486,5.28000020980835,5.28000020980835,215400
2022-05-13,5.590000152587891,5.71999979019165,5.320000171661377,5.489999771118164,5.489999771118164,234000
2022-05-16,5.5,5.739999771118164,5.199999809265137,5.550000190734863,5.550000190734863,175900
2022-05-17,5.739999771118164,6.019999980926514,5.670000076293945,5.840000152587891,5.840000152587891,181800
2022-05-18,5.78000020980835,5.935999870300293,5.199999809265137,5.239999771118164,5.239999771118164,128700
2022-05-19,5.239999771118164,5.489999771118164,5.079999923706055,5.230000019073486,5.230000019073486,142000
2022-05-20,5.400000095367432,5.5,4.800000190734863,5.079999923706055,5.079999923706055,189700
2022-05-23,5.079999923706055,5.130000114440918,4.900000095367432,4.929999828338623,4.929999828338623,142500
2022-05-24,4.880000114440918,4.900000095367432,4.429999828338623,4.559999942779541,4.559999942779541,165600
2022-05-25,4.46999979019165,5.489999771118164,4.431000232696533,5.449999809265137,5.449999809265137,400900
2022-05-26,5.630000114440918,6.099999904632568,5.550000190734863,6.03000020980835,6.03000020980835,608000
2022-05-27,6.190000057220459,6.800000190734863,6.099999904632568,6.619999885559082,6.619999885559082,423700
2022-05-31,6.650000095367432,6.758999824523926,6.190000057220459,6.670000076293945,6.670000076293945,556200
2022-06-01,6.829999923706055,6.980000019073486,6.429999828338623,6.690000057220459,6.690000057220459,302400
2022-06-02,6.670000076293945,7.329999923706055,6.550000190734863,7.150000095367432,7.150000095367432,186400
2022-06-03,7.019999980926514,7.019999980926514,6.590000152587891,6.880000114440918,6.880000114440918,198700
2022-06-06,6.949999809265137,8.079999923706055,6.949999809265137,8.050000190734863,8.050000190734863,486700
2022-06-07,7.96999979019165,8.380000114440918,7.800000190734863,8.359999656677246,8.359999656677246,233200
2022-06-08,8.369999885559082,8.569999694824219,8.020000457763672,8.029999732971191,8.029999732971191,146500
2022-06-09,7.75,8.119999885559082,7.590000152587891,7.630000114440918,7.630000114440918,90900
2022-06-10,7.5,7.670000076293945,7.099999904632568,7.489999771118164,7.489999771118164,180500
2022-06-13,6.869999885559082,7.150000095367432,6.71999979019165,6.809999942779541,6.809999942779541,141100
2022-06-14,6.900000095367432,7.230000019073486,6.710000038146973,7.170000076293945,7.170000076293945,99200
2022-06-15,7.150000095367432,7.539999961853027,7.019999980926514,7.420000076293945,7.420000076293945,160000
2022-06-16,7.070000171661377,7.110000133514404,6.400000095367432,6.579999923706055,6.579999923706055,217200
2022-06-17,6.610000133514404,6.909999847412109,6.550000190734863,6.869999885559082,6.869999885559082,163500
2022-06-21,7.070000171661377,7.409999847412109,7.019999980926514,7.139999866485596,7.139999866485596,122100
2022-06-22,6.880000114440918,7.309999942779541,6.820000171661377,7.079999923706055,7.079999923706055,137600
2022-06-23,7.130000114440918,7.380000114440918,7.059999942779541,7.340000152587891,7.340000152587891,78200
2022-06-24,7.510000228881836,7.829999923706055,7.170000076293945,7.199999809265137,7.199999809265137,392700
2022-06-27,7.260000228881836,7.460000038146973,7.03000020980835,7.079999923706055,7.079999923706055,126000
2022-06-28,7.130000114440918,7.239999771118164,6.409999847412109,6.420000076293945,6.420000076293945,86900
2022-06-29,6.409999847412109,6.46999979019165,5.920000076293945,6.179999828338623,6.179999828338623,162900
2022-06-30,6.019999980926514,6.159999847412109,5.829999923706055,6.019999980926514,6.019999980926514,84400
2022-07-01,6.059999942779541,6.340000152587891,5.820000171661377,5.940000057220459,5.940000057220459,80300
2022-07-05,5.800000190734863,6.329999923706055,5.73799991607666,6.329999923706055,6.329999923706055,114900
2022-07-06,6.349999904632568,6.809999942779541,6.329999923706055,6.730000019073486,6.730000019073486,119400
2022-07-07,6.739999771118164,7.369999885559082,6.739999771118164,7.170000076293945,7.170000076293945,95000
2022-07-08,6.989999771118164,7.309999942779541,6.769999980926514,7.159999847412109,7.159999847412109,76000
2022-07-11,7.110000133514404,7.699999809265137,6.829999923706055,7.159999847412109,7.159999847412109,115700
2022-07-12,7.210000038146973,7.296999931335449,6.816999912261963,6.96999979019165,6.96999979019165,67800
2022-07-13,6.75,7.409999847412109,6.71999979019165,7.099999904632568,7.099999904632568,72900
2022-07-14,7.079999923706055,7.46999979019165,6.840000152587891,7.429999828338623,7.429999828338623,67800
2022-07-15,7.570000171661377,7.76200008392334,7.199999809265137,7.679999828338623,7.679999828338623,154400
2022-07-18,7.889999866485596,9.119999885559082,7.849999904632568,8.9399995803833,8.9399995803833,284100
2022-07-19,9.199999809265137,9.729000091552734,8.979999542236328,9.460000038146973,9.460000038146973,217500
2022-07-20,9.489999771118164,10.949999809265137,9.369999885559082,10.850000381469727,10.850000381469727,622000
2022-07-21,11.0,13.210000038146973,10.899999618530273,13.15999984741211,13.15999984741211,924300
2022-07-22,13.180000305175781,13.880000114440918,11.149999618530273,12.800000190734863,12.800000190734863,667900
2022-07-25,12.779999732971191,12.779999732971191,11.157999992370605,11.930000305175781,11.930000305175781,419500
2022-07-26,11.770000457763672,12.482999801635742,11.619999885559082,11.989999771118164,11.989999771118164,509200
2022-07-27,12.539999961853027,13.350000381469727,12.454999923706055,13.149999618530273,13.149999618530273,549300
2022-07-28,13.789999961853027,14.449999809265137,13.010000228881836,14.25,14.25,613500
2022-07-29,14.649999618530273,14.979999542236328,13.350000381469727,13.4399995803833,13.4399995803833,642800
2022-08-01,13.40999984741211,14.899999618530273,12.762999534606934,14.770000457763672,14.770000457763672,371100
2022-08-02,14.569999694824219,15.699999809265137,13.979999542236328,15.449999809265137,15.449999809265137,322600
2022-08-03,15.630000114440918,18.801000595092773,15.600000381469727,17.739999771118164,17.739999771118164,791400
2022-08-04,17.520000457763672,18.531999588012695,17.25,17.329999923706055,17.329999923706055,484900
2022-08-05,17.360000610351562,18.170000076293945,16.579999923706055,17.979999542236328,17.979999542236328,393800
2022-08-08,18.020000457763672,18.790000915527344,17.100000381469727,17.6299991607666,17.6299991607666,531700
2022-08-09,17.3799991607666,17.809999465942383,14.529999732971191,14.949999809265137,14.949999809265137,556700
2022-08-10,15.699999809265137,17.149999618530273,15.319999694824219,16.770000457763672,16.770000457763672,423300
2022-08-11,17.0,17.149999618530273,14.869999885559082,15.0600004196167,15.0600004196167,338100
2022-08-12,15.390000343322754,16.059999465942383,14.819999694824219,14.859999656677246,14.859999656677246,276900
2022-08-15,14.710000038146973,15.0,13.449999809265137,14.25,14.25,381000
2022-08-16,15.970000267028809,20.950000762939453,15.899999618530273,18.950000762939453,18.950000762939453,2560000
2022-08-17,18.6299991607666,19.700000762939453,17.270000457763672,19.030000686645508,19.030000686645508,639500
2022-08-18,19.290000915527344,19.290000915527344,17.75,17.8799991607666,17.8799991607666,334600
2022-08-19,17.8799991607666,17.989999771118164,17.040000915527344,17.440000534057617,17.440000534057617,292600
2022-08-22,17.0,17.190000534057617,14.869999885559082,15.0,15.0,394900
2022-08-23,15.0,15.699999809265137,14.899999618530273,14.989999771118164,14.989999771118164,271500
2022-08-24,15.0,16.100000381469727,14.630000114440918,15.039999961853027,15.039999961853027,335300
2022-08-25,15.220000267028809,16.0,15.119999885559082,15.319999694824219,15.319999694824219,167300
2022-08-26,15.3100004196167,15.329999923706055,14.279999732971191,14.34000015258789,14.34000015258789,106100
2022-08-29,13.8100004196167,15.064000129699707,13.600000381469727,14.470000267028809,14.470000267028809,155300
2022-08-30,14.680000305175781,14.970000267028809,13.520000457763672,13.760000228881836,13.760000228881836,171400
2022-08-31,13.760000228881836,13.890000343322754,12.8100004196167,13.0,13.0,310700
2022-09-01,12.609999656677246,12.960000038146973,11.9399995803833,12.430000305175781,12.430000305175781,362600
2022-09-02,12.640000343322754,13.083999633789062,12.416000366210938,12.649999618530273,12.649999618530273,126600
2022-09-06,12.579999923706055,12.651000022888184,11.279999732971191,11.350000381469727,11.350000381469727,238200
2022-09-07,11.479999542236328,11.90999984741211,11.319999694824219,11.739999771118164,11.739999771118164,167300
2022-09-08,11.350000381469727,12.005000114440918,11.312000274658203,11.989999771118164,11.989999771118164,134800
2022-09-09,12.199999809265137,12.489999771118164,11.170000076293945,11.449999809265137,11.449999809265137,389200
2022-09-12,11.569999694824219,11.710000038146973,10.949999809265137,11.140000343322754,11.140000343322754,199000
2022-09-13,10.699999809265137,12.369999885559082,10.010000228881836,10.4399995803833,10.4399995803833,4063700
2022-09-14,10.5,10.720000267028809,9.59000015258789,9.930000305175781,9.930000305175781,801400
2022-09-15,9.729999542236328,9.880000114440918,8.819999694824219,8.949999809265137,8.949999809265137,452500
2022-09-16,8.75,8.970000267028809,8.505000114440918,8.680000305175781,8.680000305175781,393700
2022-09-19,8.539999961853027,8.789999961853027,8.376999855041504,8.670000076293945,8.670000076293945,182000
2022-09-20,8.489999771118164,8.600000381469727,8.130000114440918,8.170000076293945,8.170000076293945,152600
2022-09-21,8.130000114440918,8.420000076293945,7.869999885559082,8.020000457763672,8.020000457763672,205600
2022-09-22,7.949999809265137,7.989999771118164,7.636000156402588,7.679999828338623,7.679999828338623,170300
2022-09-23,7.550000190734863,7.60099983215332,7.139999866485596,7.309999942779541,7.309999942779541,283000
2022-09-26,7.289999961853027,7.760000228881836,7.110000133514404,7.190000057220459,7.190000057220459,213900
2022-09-27,7.510000228881836,7.914999961853027,7.360000133514404,7.579999923706055,7.579999923706055,251700
2022-09-28,7.610000133514404,8.125,7.550000190734863,8.050000190734863,8.050000190734863,352500
2022-09-29,7.909999847412109,8.050000190734863,7.5,7.920000076293945,7.920000076293945,168000
2022-09-30,7.849999904632568,8.20199966430664,7.599999904632568,7.650000095367432,7.650000095367432,199700
2022-10-03,7.840000152587891,7.8480000495910645,7.440000057220459,7.650000095367432,7.650000095367432,152800
2022-10-04,8.020000457763672,8.390000343322754,7.96999979019165,8.260000228881836,8.260000228881836,303800
2022-10-05,8.1899995803833,8.465999603271484,7.809999942779541,8.380000114440918,8.380000114440918,159100
2022-10-06,8.300000190734863,8.670000076293945,8.210000038146973,8.399999618530273,8.399999618530273,118600
2022-10-07,8.239999771118164,8.239999771118164,7.199999809265137,7.400000095367432,7.400000095367432,312100
2022-10-10,7.460000038146973,7.5,6.75,6.809999942779541,6.809999942779541,209000
2022-10-11,6.789999961853027,6.978000164031982,6.519999980926514,6.929999828338623,6.929999828338623,279900
2022-10-12,6.900000095367432,7.09499979019165,6.644999980926514,6.679999828338623,6.679999828338623,124100
2022-10-13,6.5,7.300000190734863,6.309999942779541,7.139999866485596,7.139999866485596,231300
2022-10-14,7.28000020980835,7.4019999504089355,6.420000076293945,6.449999809265137,6.449999809265137,180900
2022-10-17,6.590000152587891,6.914000034332275,6.460000038146973,6.489999771118164,6.489999771118164,142200
2022-10-18,6.849999904632568,7.130000114440918,6.710000038146973,6.900000095367432,6.900000095367432,172600
2022-10-19,6.869999885559082,7.079999923706055,6.7170000076293945,6.869999885559082,6.869999885559082,86500
2022-10-20,6.880000114440918,7.400000095367432,6.760000228881836,6.800000190734863,6.800000190734863,181800
2022-10-21,6.809999942779541,7.369999885559082,6.699999809265137,7.320000171661377,7.320000171661377,143200
2022-10-24,7.369999885559082,7.440000057220459,7.03000020980835,7.139999866485596,7.139999866485596,180200
2022-10-25,7.199999809265137,7.809999942779541,7.144000053405762,7.710000038146973,7.710000038146973,163600
2022-10-26,7.659999847412109,8.34000015258789,7.599999904632568,7.929999828338623,7.929999828338623,239100
2022-10-27,8.0,8.260000228881836,7.75,7.880000114440918,7.880000114440918,126900
2022-10-28,7.880000114440918,8.170000076293945,7.730000019073486,8.15999984741211,8.15999984741211,103300
2022-10-31,8.149999618530273,8.170000076293945,7.860000133514404,8.109999656677246,8.109999656677246,98200
2022-11-01,8.319999694824219,8.510000228881836,8.039999961853027,8.470000267028809,8.470000267028809,162000
2022-11-02,8.430000305175781,8.600000381469727,7.800000190734863,7.840000152587891,7.840000152587891,161500
2022-11-03,7.820000171661377,8.09000015258789,7.619999885559082,8.0,8.0,107400
2022-11-04,8.289999961853027,8.470000267028809,7.949999809265137,8.449999809265137,8.449999809265137,106900
2022-11-07,8.579999923706055,8.760000228881836,8.25,8.640000343322754,8.640000343322754,172500
2022-11-08,9.5600004196167,11.880000114440918,9.420000076293945,11.369999885559082,11.369999885559082,1662700
2022-11-09,11.369999885559082,11.979999542236328,10.880000114440918,11.40999984741211,11.40999984741211,336300
2022-11-10,12.0,12.5,11.369999885559082,11.520000457763672,11.520000457763672,409900
2022-11-11,11.630000114440918,11.850000381469727,10.670000076293945,11.600000381469727,11.600000381469727,318000
2022-11-14,11.510000228881836,11.510000228881836,10.800000190734863,10.890000343322754,10.890000343322754,178000
2022-11-15,9.010000228881836,10.395000457763672,9.0,9.5,9.5,1355900
2022-11-16,9.510000228881836,9.520000457763672,9.0,9.010000228881836,9.010000228881836,382500
2022-11-17,9.010000228881836,10.0,8.954999923706055,9.489999771118164,9.489999771118164,330300
2022-11-18,9.5,9.65999984741211,8.970000267028809,9.029999732971191,9.029999732971191,174200
2022-11-21,9.029999732971191,9.239999771118164,8.789999961853027,9.170000076293945,9.170000076293945,148300
2022-11-22,9.210000038146973,9.40999984741211,8.829999923706055,9.300000190734863,9.300000190734863,141700
2022-11-23,9.479999542236328,9.600000381469727,9.119999885559082,9.369999885559082,9.369999885559082,187300
2022-11-25,9.369999885559082,9.369999885559082,9.09000015258789,9.220000267028809,9.220000267028809,91700
2022-11-28,9.229999542236328,9.4399995803833,8.800000190734863,8.899999618530273,8.899999618530273,143200
2022-11-29,8.970000267028809,9.380000114440918,8.826000213623047,9.289999961853027,9.289999961853027,154000
2022-11-30,9.390000343322754,9.899999618530273,9.369999885559082,9.869999885559082,9.869999885559082,159200
2022-12-01,9.869999885559082,9.970000267028809,9.649999618530273,9.789999961853027,9.789999961853027,73900
2022-12-02,9.579999923706055,9.960000038146973,9.510000228881836,9.850000381469727,9.850000381469727,74700
2022-12-05,9.949999809265137,9.949999809265137,9.569999694824219,9.630000114440918,9.630000114440918,113400
2022-12-06,9.600000381469727,9.600000381469727,8.779999732971191,8.829999923706055,8.829999923706055,278600
2022-12-07,8.800000190734863,9.430000305175781,8.779999732971191,9.229999542236328,9.229999542236328,143700
2022-12-08,9.239999771118164,9.359999656677246,9.109999656677246,9.229999542236328,9.229999542236328,108000
2022-12-09,9.34000015258789,9.489999771118164,9.15999984741211,9.1899995803833,9.1899995803833,138200
2022-12-12,9.170000076293945,9.40999984741211,8.850000381469727,9.270000457763672,9.270000457763672,228100
2022-12-13,9.5,9.649999618530273,9.029999732971191,9.229999542236328,9.229999542236328,197100
2022-12-14,9.199999809265137,9.25,8.670000076293945,8.890000343322754,8.890000343322754,316900
2022-12-15,8.529999732971191,8.770000457763672,8.100000381469727,8.3100004196167,8.3100004196167,307100
2022-12-16,8.210000038146973,8.40999984741211,8.029999732971191,8.260000228881836,8.260000228881836,328700
2022-12-19,8.239999771118164,8.260000228881836,7.75,8.010000228881836,8.010000228881836,316900
2022-12-20,7.849999904632568,8.210000038146973,7.670000076293945,8.0600004196167,8.0600004196167,193700
2022-12-21,8.029999732971191,8.270000457763672,7.900000095367432,8.069999694824219,8.069999694824219,120400
2022-12-22,7.739999771118164,7.78000020980835,7.28000020980835,7.519999980926514,7.519999980926514,173100
2022-12-23,7.380000114440918,7.489999771118164,7.28000020980835,7.449999809265137,7.449999809265137,98300
2022-12-27,7.340000152587891,7.400000095367432,6.659999847412109,6.679999828338623,6.679999828338623,192600
2022-12-28,6.579999923706055,6.909999847412109,6.578000068664551,6.840000152587891,6.840000152587891,151300
2022-12-29,6.849999904632568,7.320000171661377,6.849999904632568,7.260000228881836,7.260000228881836,143300
2022-12-30,7.090000152587891,7.2820000648498535,6.849999904632568,7.110000133514404,7.110000133514404,191400
2023-01-03,7.289999961853027,7.440000057220459,7.179999828338623,7.420000076293945,7.420000076293945,113300
2023-01-04,7.489999771118164,7.638000011444092,7.190000057220459,7.369999885559082,7.369999885559082,105600
2023-01-05,7.25,7.355000019073486,7.059999942779541,7.150000095367432,7.150000095367432,67800
2023-01-06,7.21999979019165,7.559999942779541,7.114999771118164,7.539999961853027,7.539999961853027,76300
2023-01-09,7.78000020980835,8.234999656677246,7.749000072479248,8.100000381469727,8.100000381469727,131000
2023-01-10,8.109999656677246,8.699999809265137,8.109999656677246,8.529999732971191,8.529999732971191,121200
2023-01-11,8.600000381469727,8.989999771118164,8.449999809265137,8.970000267028809,8.970000267028809,148300
2023-01-12,9.0600004196167,9.0600004196167,8.520000457763672,8.90999984741211,8.90999984741211,122400
2023-01-13,8.760000228881836,9.579999923706055,8.760000228881836,9.449999809265137,9.449999809265137,100900
2023-01-17,9.449999809265137,9.59000015258789,9.0,9.350000381469727,9.350000381469727,102900
2023-01-18,9.5,9.520000457763672,8.869999885559082,8.920000076293945,8.920000076293945,144800
2023-01-19,8.960000038146973,8.960000038146973,8.5,8.5,8.5,96900
2023-01-20,8.59000015258789,9.100000381469727,8.550000190734863,9.020000457763672,9.020000457763672,100300
2023-01-23,9.069999694824219,9.53499984741211,9.020000457763672,9.430000305175781,9.430000305175781,146500
2023-01-24,9.279999732971191,10.236000061035156,9.22700023651123,10.050000190734863,10.050000190734863,154200
2023-01-25,10.010000228881836,10.5600004196167,9.600000381469727,10.5,10.5,137100
2023-01-26,10.430000305175781,11.220000267028809,10.0,11.0,11.0,348800
2023-01-27,10.800000190734863,11.263999938964844,10.489999771118164,10.680000305175781,10.680000305175781,184700
2023-01-30,10.510000228881836,10.510000228881836,10.029999732971191,10.119999885559082,10.119999885559082,199900
2023-01-31,10.220000267028809,10.880000114440918,10.220000267028809,10.819999694824219,10.819999694824219,147000
2023-02-01,10.850000381469727,10.930000305175781,10.276000022888184,10.75,10.75,181000
2023-02-02,11.020000457763672,11.751999855041504,10.970000267028809,11.09000015258789,11.09000015258789,257700
2023-02-03,10.779999732971191,11.649999618530273,10.739999771118164,11.390000343322754,11.390000343322754,134800
2023-02-06,11.199999809265137,11.380000114440918,11.020000457763672,11.270000457763672,11.270000457763672,87500
2023-02-07,11.279999732971191,11.5,10.710000038146973,11.319999694824219,11.319999694824219,162400
2023-02-08,11.260000228881836,12.770000457763672,11.260000228881836,12.329999923706055,12.329999923706055,365500
2023-02-09,12.770000457763672,12.770000457763672,11.085000038146973,11.170000076293945,11.170000076293945,276100
2023-02-10,11.329999923706055,12.029999732971191,11.3100004196167,11.5,11.5,438100
2023-02-13,12.0,12.0,10.760000228881836,11.430000305175781,11.430000305175781,340100
2023-02-14,13.279999732971191,15.329999923706055,12.5,13.979999542236328,13.979999542236328,3095500
2023-02-15,13.970000267028809,15.720000267028809,13.420000076293945,15.699999809265137,15.699999809265137,1111800
2023-02-16,15.5,15.989999771118164,14.25,14.9399995803833,14.9399995803833,1217800
2023-02-17,14.539999961853027,15.270000457763672,14.470000267028809,15.0,15.0,295600
2023-02-21,14.699999809265137,14.788000106811523,12.260000228881836,13.0,13.0,570400
2023-02-22,13.010000228881836,13.430000305175781,12.079999923706055,13.119999885559082,13.119999885559082,471800
2023-02-23,13.319999694824219,13.609999656677246,12.960000038146973,13.369999885559082,13.369999885559082,206600
2023-02-24,12.979999542236328,13.40999984741211,12.979999542236328,13.239999771118164,13.239999771118164,130200
2023-02-27,13.470000267028809,13.5649995803833,11.729999542236328,11.75,11.75,412100
2023-02-28,11.720000267028809,13.364999771118164,11.279999732971191,13.130000114440918,13.130000114440918,1111000
2023-03-01,13.130000114440918,13.479999542236328,12.09000015258789,12.640000343322754,12.640000343322754,617100
2023-03-02,12.529999732971191,13.039999961853027,12.279999732971191,12.640000343322754,12.640000343322754,310300
2023-03-03,12.640000343322754,13.074999809265137,12.520000457763672,12.699999809265137,12.699999809265137,354800
2023-03-06,12.699999809265137,12.8149995803833,11.880000114440918,11.960000038146973,11.960000038146973,336500
2023-03-07,11.949999809265137,13.069999694824219,11.75,12.920000076293945,12.920000076293945,311000
2023-03-08,12.920000076293945,14.770000457763672,12.864999771118164,14.25,14.25,854900
2023-03-09,14.260000228881836,14.649999618530273,13.640000343322754,13.75,13.75,354700
2023-03-10,13.65999984741211,13.789999961853027,12.90999984741211,13.130000114440918,13.130000114440918,203000
2023-03-13,12.6899995803833,12.6899995803833,11.850000381469727,12.430000305175781,12.430000305175781,383400
2023-03-14,12.649999618530273,13.300999641418457,12.100000381469727,12.220000267028809,12.220000267028809,406100
2023-03-15,11.899999618530273,12.288000106811523,11.289999961853027,11.770000457763672,11.770000457763672,654900
2023-03-16,11.699999809265137,12.09000015258789,11.479999542236328,11.720000267028809,11.720000267028809,469500
2023-03-17,11.420000076293945,11.8100004196167,10.90999984741211,10.970000267028809,10.970000267028809,470600
2023-03-20,11.15999984741211,11.15999984741211,10.779999732971191,10.899999618530273,10.899999618530273,246900
2023-03-21,11.229999542236328,11.652000427246094,11.15999984741211,11.239999771118164,11.239999771118164,227300
2023-03-22,11.239999771118164,11.600000381469727,11.0600004196167,11.079999923706055,11.079999923706055,221200
2023-03-23,11.239999771118164,11.699999809265137,11.020000457763672,11.149999618530273,11.149999618530273,175400
2023-03-24,11.0,11.095000267028809,10.244999885559082,10.779999732971191,10.779999732971191,334200
2023-03-27,10.9399995803833,11.0,10.541000366210938,10.710000038146973,10.710000038146973,134200
2023-03-28,10.6899995803833,10.710000038146973,10.289999961853027,10.670000076293945,10.670000076293945,145900
2023-03-29,10.789999961853027,11.25,10.670000076293945,11.140000343322754,11.140000343322754,191500
2023-03-30,11.300000190734863,11.4399995803833,10.930000305175781,11.069999694824219,11.069999694824219,99400
2023-03-31,11.100000381469727,11.420000076293945,10.920000076293945,11.380000114440918,11.380000114440918,239300
2023-04-03,11.470000267028809,11.479999542236328,11.0,11.390000343322754,11.390000343322754,211100
2023-04-04,11.449999809265137,11.449999809265137,10.960000038146973,11.029999732971191,11.029999732971191,168000
2023-04-05,10.869999885559082,10.880000114440918,9.859999656677246,10.029999732971191,10.029999732971191,467200
2023-04-06,10.020000457763672,10.199999809265137,9.850000381469727,10.010000228881836,10.010000228881836,176700
2023-04-10,9.850000381469727,10.204999923706055,9.789999961853027,10.1899995803833,10.1899995803833,183400
2023-04-11,10.3100004196167,10.390000343322754,10.100000381469727,10.130000114440918,10.130000114440918,180800
2023-04-12,10.25,10.420000076293945,9.510000228881836,9.59000015258789,9.59000015258789,238800
2023-04-13,9.710000038146973,10.027000427246094,9.59000015258789,9.899999618530273,9.899999618530273,167700
2023-04-14,9.90999984741211,10.029999732971191,9.739999771118164,9.800000190734863,9.800000190734863,145200
2023-04-17,9.729999542236328,9.930000305175781,9.609999656677246,9.880000114440918,9.880000114440918,110100
2023-04-18,9.899999618530273,10.09000015258789,9.779999732971191,9.84000015258789,9.84000015258789,189400
2023-04-19,9.729999542236328,9.989999771118164,9.541000366210938,9.90999984741211,9.90999984741211,135400
2023-04-20,9.699999809265137,10.350000381469727,9.6899995803833,9.960000038146973,9.960000038146973,172100
2023-04-21,9.930000305175781,10.017000198364258,9.739999771118164,9.899999618530273,9.899999618530273,93600
2023-04-24,9.829999923706055,9.989999771118164,9.399999618530273,9.529999732971191,9.529999732971191,166500
2023-04-25,9.430000305175781,9.4399995803833,8.800000190734863,8.949999809265137,8.949999809265137,224800
2023-04-26,9.0,9.229999542236328,8.829999923706055,9.09000015258789,9.09000015258789,126200
2023-04-27,9.119999885559082,9.234999656677246,8.680000305175781,8.819999694824219,8.819999694824219,209400
2023-04-28,8.869999885559082,9.164999961853027,8.734999656677246,9.039999961853027,9.039999961853027,158500
2023-05-01,9.039999961853027,9.279999732971191,8.9399995803833,9.170000076293945,9.170000076293945,137400
2023-05-02,9.109999656677246,9.390000343322754,9.069999694824219,9.239999771118164,9.239999771118164,118100
2023-05-03,9.15999984741211,9.369999885559082,8.850000381469727,8.989999771118164,8.989999771118164,143900
2023-05-04,8.970000267028809,9.045000076293945,8.600000381469727,8.680000305175781,8.680000305175781,182600
2023-05-05,8.899999618530273,9.4399995803833,8.84000015258789,9.380000114440918,9.380000114440918,147400
2023-05-08,9.399999618530273,9.800000190734863,9.229999542236328,9.630000114440918,9.630000114440918,313800
2023-05-09,10.069999694824219,10.289999961853027,7.769999980926514,8.880000114440918,8.880000114440918,853500
2023-05-10,9.050000190734863,10.149999618530273,8.880000114440918,9.609999656677246,9.609999656677246,486200
2023-05-11,9.640000343322754,9.680000305175781,9.199999809265137,9.350000381469727,9.350000381469727,220400
2023-05-12,9.34000015258789,9.515000343322754,9.199999809265137,9.3100004196167,9.3100004196167,149400
2023-05-15,9.34000015258789,9.869999885559082,9.229999542236328,9.8100004196167,9.8100004196167,219000
2023-05-16,9.680000305175781,9.843000411987305,9.246999740600586,9.609999656677246,9.609999656677246,239500
2023-05-17,9.609999656677246,10.020000457763672,9.59000015258789,9.949999809265137,9.949999809265137,219400
2023-05-18,10.0,10.420000076293945,9.960000038146973,10.390000343322754,10.390000343322754,230200
2023-05-19,10.5,10.510000228881836,10.229999542236328,10.260000228881836,10.260000228881836,169700
2023-05-22,10.010000228881836,10.600000381469727,10.010000228881836,10.529999732971191,10.529999732971191,199900
2023-05-23,10.550000190734863,11.029999732971191,10.4399995803833,10.75,10.75,389700
2023-05-24,10.5600004196167,10.5600004196167,9.510000228881836,9.699999809265137,9.699999809265137,292000
2023-05-25,10.039999961853027,10.079999923706055,9.630000114440918,9.880000114440918,9.880000114440918,184300
2023-05-26,9.930000305175781,10.399999618530273,9.869999885559082,10.210000038146973,10.210000038146973,198600
2023-05-30,10.430000305175781,10.598999977111816,10.25,10.319999694824219,10.319999694824219,186500
2023-05-31,10.25,10.489999771118164,10.029999732971191,10.25,10.25,178100
2023-06-01,10.300000190734863,10.579000473022461,10.140000343322754,10.289999961853027,10.289999961853027,202000
2023-06-02,10.510000228881836,10.529999732971191,10.25,10.369999885559082,10.369999885559082,246900
2023-06-05,10.350000381469727,10.350000381469727,10.010000228881836,10.119999885559082,10.119999885559082,225500
2023-06-06,10.039999961853027,10.399999618530273,9.859999656677246,10.119999885559082,10.119999885559082,331000
2023-06-07,10.220000267028809,10.470000267028809,9.880000114440918,9.9399995803833,9.9399995803833,491100
2023-06-08,9.9399995803833,10.0,9.539999961853027,9.5600004196167,9.5600004196167,258200
2023-06-09,9.640000343322754,9.90999984741211,9.109999656677246,9.149999618530273,9.149999618530273,253800
2023-06-12,9.329999923706055,9.640000343322754,9.270000457763672,9.430000305175781,9.430000305175781,215900
2023-06-13,9.470000267028809,9.6899995803833,9.319999694824219,9.619999885559082,9.619999885559082,212800
2023-06-14,9.630000114440918,9.75,9.350000381469727,9.449999809265137,9.449999809265137,205000
2023-06-15,9.319999694824219,9.529999732971191,9.319999694824219,9.4399995803833,9.4399995803833,213200
2023-06-16,9.550000190734863,9.550000190734863,9.09000015258789,9.1899995803833,9.1899995803833,260600
2023-06-20,9.149999618530273,9.270000457763672,8.890000343322754,9.010000228881836,9.010000228881836,212800
2023-06-21,8.979999542236328,8.979999542236328,8.710000038146973,8.84000015258789,8.84000015258789,221800
2023-06-22,8.760000228881836,8.770000457763672,8.40999984741211,8.489999771118164,8.489999771118164,263200
2023-06-23,8.369999885559082,8.430000305175781,8.085000038146973,8.260000228881836,8.260000228881836,1008500
2023-06-26,8.260000228881836,8.40999984741211,8.0600004196167,8.079999923706055,8.079999923706055,238100
2023-06-27,8.09000015258789,8.640000343322754,7.96999979019165,8.569999694824219,8.569999694824219,285700
2023-06-28,8.399999618530273,8.829999923706055,8.380000114440918,8.579999923706055,8.579999923706055,279200
2023-06-29,8.619999885559082,9.239999771118164,8.600000381469727,9.130000114440918,9.130000114440918,272000
2023-06-30,9.279999732971191,9.574999809265137,9.1899995803833,9.420000076293945,9.420000076293945,265600
2023-07-03,9.390000343322754,9.444999694824219,9.039999961853027,9.300000190734863,9.300000190734863,142800
2023-07-05,9.149999618530273,9.199999809265137,8.710000038146973,8.710000038146973,8.710000038146973,266500
2023-07-06,8.550000190734863,8.5600004196167,8.220000267028809,8.369999885559082,8.369999885559082,247100
2023-07-07,8.399999618530273,8.583000183105469,8.3100004196167,8.34000015258789,8.34000015258789,143500
2023-07-10,8.34000015258789,8.5600004196167,8.210000038146973,8.539999961853027,8.539999961853027,179000
2023-07-11,8.569999694824219,8.84000015258789,8.5,8.789999961853027,8.789999961853027,201200
2023-07-12,9.010000228881836,9.050000190734863,8.760000228881836,8.789999961853027,8.789999961853027,188700
2023-07-13,8.800000190734863,9.329000473022461,8.800000190734863,9.15999984741211,9.15999984741211,310100
2023-07-14,9.1899995803833,9.229999542236328,8.869999885559082,9.130000114440918,9.130000114440918,226900
2023-07-17,9.069999694824219,9.579999923706055,9.010000228881836,9.289999961853027,9.289999961853027,465300
2023-07-18,9.380000114440918,9.692999839782715,9.25,9.59000015258789,9.59000015258789,392100
2023-07-19,9.619999885559082,9.710000038146973,9.359999656677246,9.449999809265137,9.449999809265137,215400
2023-07-20,9.359999656677246,9.359999656677246,8.75,8.829999923706055,8.829999923706055,279400
2023-07-21,8.979999542236328,9.0,8.579999923706055,8.720000267028809,8.720000267028809,201900
2023-07-24,8.699999809265137,8.84000015258789,8.539999961853027,8.579999923706055,8.579999923706055,146800
2023-07-25,8.640000343322754,9.050000190734863,8.640000343322754,8.989999771118164,8.989999771118164,213700
2023-07-26,8.970000267028809,9.420000076293945,8.970000267028809,9.180000305175781,9.180000305175781,148300
2023-07-27,9.319999694824219,9.489999771118164,8.789999961853027,8.890000343322754,8.890000343322754,200400
2023-07-28,9.0600004196167,9.199999809265137,8.899999618530273,9.1899995803833,9.1899995803833,124800
2023-07-31,9.1899995803833,9.850000381469727,9.1899995803833,9.779999732971191,9.779999732971191,329100
2023-08-01,9.710000038146973,11.100000381469727,9.600000381469727,10.720000267028809,10.720000267028809,1351300
2023-08-02,10.5600004196167,10.600000381469727,9.920000076293945,10.180000305175781,10.180000305175781,537300
2023-08-03,10.029999732971191,10.149999618530273,9.649999618530273,9.880000114440918,9.880000114440918,464800
2023-08-04,9.920000076293945,10.699999809265137,9.75,10.170000076293945,10.170000076293945,357300
2023-08-07,10.180000305175781,10.180000305175781,9.125,9.420000076293945,9.420000076293945,696300
2023-08-08,9.260000228881836,9.260000228881836,7.710000038146973,8.220000267028809,8.220000267028809,1646600
2023-08-09,8.180000305175781,8.3100004196167,7.760000228881836,7.800000190734863,7.800000190734863,556300
2023-08-10,7.949999809265137,7.949999809265137,7.329999923706055,7.440000057220459,7.440000057220459,910700
2023-08-11,7.360000133514404,7.360000133514404,6.909999847412109,7.03000020980835,7.03000020980835,751800
2023-08-14,7.010000228881836,7.599999904632568,6.949999809265137,7.590000152587891,7.590000152587891,534800
2023-08-15,7.550000190734863,7.644999980926514,7.340000152587891,7.369999885559082,7.369999885559082,326100
2023-08-16,7.300000190734863,7.300000190734863,6.909999847412109,6.909999847412109,6.909999847412109,554800
2023-08-17,6.940000057220459,6.980000019073486,6.599999904632568,6.75,6.75,424000
2023-08-18,6.659999847412109,6.900000095367432,6.630000114440918,6.690000057220459,6.690000057220459,405500
2023-08-21,6.75,6.809999942779541,6.639999866485596,6.690000057220459,6.690000057220459,278200
2023-08-22,6.78000020980835,6.869999885559082,6.579999923706055,6.599999904632568,6.599999904632568,363100
2023-08-23,6.579999923706055,6.940000057220459,6.570000171661377,6.860000133514404,6.860000133514404,463300
2023-08-24,6.96999979019165,7.0,6.300000190734863,6.320000171661377,6.320000171661377,415600
2023-08-25,6.320000171661377,6.389999866485596,6.090000152587891,6.369999885559082,6.369999885559082,320700
2023-08-28,6.429999828338623,6.5,6.289999961853027,6.329999923706055,6.329999923706055,162300
2023-08-29,6.320000171661377,6.630000114440918,6.25,6.550000190734863,6.550000190734863,260100
2023-08-30,6.519999980926514,6.909999847412109,6.410999774932861,6.829999923706055,6.829999923706055,328500
2023-08-31,6.960000038146973,7.070000171661377,6.670000076293945,6.699999809265137,6.699999809265137,306900
2023-09-01,6.75,6.920000076293945,6.619999885559082,6.889999866485596,6.889999866485596,250700
2023-09-05,6.880000114440918,7.170000076293945,6.820000171661377,7.090000152587891,7.090000152587891,382300
2023-09-06,7.28000020980835,7.28000020980835,6.823999881744385,6.869999885559082,6.869999885559082,215100
2023-09-07,6.71999979019165,6.78000020980835,6.519999980926514,6.650000095367432,6.650000095367432,210000
2023-09-08,6.639999866485596,6.686999797821045,6.449999809265137,6.570000171661377,6.570000171661377,167800
2023-09-11,6.610000133514404,6.670000076293945,6.460000038146973,6.460000038146973,6.460000038146973,203200
2023-09-12,6.409999847412109,6.5279998779296875,6.300000190734863,6.380000114440918,6.380000114440918,217800
2023-09-13,6.400000095367432,6.400000095367432,6.239999771118164,6.264999866485596,6.264999866485596,246700
2023-09-14,6.329999923706055,6.400000095367432,6.139999866485596,6.230000019073486,6.230000019073486,227100
2023-09-15,6.190000057220459,6.210000038146973,6.034999847412109,6.179999828338623,6.179999828338623,793400
2023-09-18,6.110000133514404,6.139999866485596,5.900000095367432,5.980000019073486,5.980000019073486,327700
2023-09-19,5.980000019073486,6.080999851226807,5.861999988555908,5.980000019073486,5.980000019073486,184100
2023-09-20,6.03000020980835,6.074999809265137,5.710000038146973,5.710000038146973,5.710000038146973,221200
2023-09-21,5.679999828338623,5.71999979019165,5.510000228881836,5.639999866485596,5.639999866485596,239700
2023-09-22,5.710000038146973,5.840000152587891,5.53000020980835,5.539999961853027,5.539999961853027,221300
2023-09-25,5.5,5.769999980926514,5.449999809265137,5.690000057220459,5.690000057220459,282000
2023-09-26,5.659999847412109,5.670000076293945,5.300000190734863,5.320000171661377,5.320000171661377,427600
2023-09-27,5.409999847412109,5.699999809265137,5.3979997634887695,5.590000152587891,5.590000152587891,251500
2023-09-28,5.570000171661377,5.880000114440918,5.559999942779541,5.849999904632568,5.849999904632568,229900
2023-09-29,5.980000019073486,6.159999847412109,5.872000217437744,6.019999980926514,6.019999980926514,221500
2023-10-02,6.039999961853027,6.170000076293945,5.829999923706055,5.96999979019165,5.96999979019165,360000
2023-10-03,5.860000133514404,5.934999942779541,5.570000171661377,5.619999885559082,5.619999885559082,253900
2023-10-04,5.619999885559082,5.994999885559082,5.619999885559082,5.96999979019165,5.96999979019165,168000
2023-10-05,5.949999809265137,5.980000019073486,5.800000190734863,5.869999885559082,5.869999885559082,95400
2023-10-06,5.769999980926514,6.005000114440918,5.75,5.840000152587891,5.840000152587891,184500
2023-10-09,5.739999771118164,5.809000015258789,5.550000190734863,5.789999961853027,5.789999961853027,165400
2023-10-10,5.78000020980835,5.973999977111816,5.730000019073486,5.880000114440918,5.880000114440918,196100
2023-10-11,5.909999847412109,6.139999866485596,5.625,5.670000076293945,5.670000076293945,172400
2023-10-12,5.690000057220459,5.730000019073486,5.501999855041504,5.579999923706055,5.579999923706055,149100
2023-10-13,5.599999904632568,5.639999866485596,5.5,5.590000152587891,5.590000152587891,194500
2023-10-16,5.659999847412109,6.059999942779541,5.659999847412109,6.010000228881836,6.010000228881836,134400
2023-10-17,5.849999904632568,6.199999809265137,5.8429999351501465,6.130000114440918,6.130000114440918,206500
2023-10-18,6.119999885559082,6.309999942779541,5.849999904632568,6.03000020980835,6.03000020980835,394600
2023-10-19,5.989999771118164,6.050000190734863,5.71999979019165,5.760000228881836,5.760000228881836,171100
2023-10-20,5.739999771118164,5.816999912261963,5.550000190734863,5.570000171661377,5.570000171661377,179300
2023-10-23,5.519999980926514,5.519999980926514,5.327000141143799,5.349999904632568,5.349999904632568,244800
2023-10-24,5.349999904632568,5.590000152587891,5.349999904632568,5.510000228881836,5.510000228881836,126000
2023-10-25,5.400000095367432,5.420000076293945,5.059999942779541,5.090000152587891,5.090000152587891,270700
2023-10-26,5.119999885559082,5.179999828338623,5.0,5.059999942779541,5.059999942779541,164300
2023-10-27,5.090000152587891,5.150000095367432,4.949999809265137,4.980000019073486,4.980000019073486,153200
2023-10-30,5.059999942779541,5.150000095367432,4.840000152587891,4.900000095367432,4.900000095367432,188000
2023-10-31,5.010000228881836,5.050000190734863,4.809999942779541,4.929999828338623,4.929999828338623,166900
2023-11-01,4.909999847412109,4.989999771118164,4.730000019073486,4.940000057220459,4.940000057220459,211700
2023-11-02,5.110000133514404,5.328000068664551,5.110000133514404,5.260000228881836,5.260000228881836,164000
2023-11-03,5.389999866485596,5.690000057220459,5.389999866485596,5.590000152587891,5.590000152587891,238100
2023-11-06,5.659999847412109,5.679999828338623,5.289999961853027,5.369999885559082,5.369999885559082,156800
2023-11-07,5.329999923706055,5.559999942779541,5.289999961853027,5.380000114440918,5.380000114440918,153900
2023-11-08,5.46999979019165,5.46999979019165,5.230000019073486,5.360000133514404,5.360000133514404,146700
2023-11-09,5.829999923706055,6.21999979019165,5.440000057220459,5.489999771118164,5.489999771118164,403300
2023-11-10,5.550000190734863,5.989999771118164,5.28000020980835,5.829999923706055,5.829999923706055,369100
2023-11-13,5.730000019073486,5.920000076293945,5.400000095367432,5.610000133514404,5.610000133514404,407500
2023-11-14,5.909999847412109,6.25,5.9039998054504395,6.25,6.25,241200
2023-11-15,6.300000190734863,6.769999980926514,6.269999980926514,6.75,6.75,357300
2023-11-16,6.670000076293945,6.75,6.21999979019165,6.269999980926514,6.269999980926514,224600
2023-11-17,6.309999942779541,6.860000133514404,6.269999980926514,6.769999980926514,6.769999980926514,235100
2023-11-20,6.869999885559082,7.105000019073486,6.801000118255615,6.960000038146973,6.960000038146973,328800
2023-11-21,6.809999942779541,6.849999904632568,6.519999980926514,6.840000152587891,6.840000152587891,302500
2023-11-22,6.800000190734863,6.96999979019165,6.574999809265137,6.610000133514404,6.610000133514404,157400
2023-11-24,6.679999828338623,6.889999866485596,6.659999847412109,6.889999866485596,6.889999866485596,52000
2023-11-27,6.829999923706055,6.949999809265137,6.760000228881836,6.849999904632568,6.849999904632568,127500
2023-11-28,6.849999904632568,6.980000019073486,6.664999961853027,6.860000133514404,6.860000133514404,132700
2023-11-29,6.980000019073486,7.389999866485596,6.900000095367432,7.230000019073486,7.230000019073486,334000
2023-11-30,7.400000095367432,7.400000095367432,6.980000019073486,7.050000190734863,7.050000190734863,167400
2023-12-01,7.03000020980835,7.400000095367432,6.699999809265137,7.340000152587891,7.340000152587891,361100
2023-12-04,7.340000152587891,7.590000152587891,7.28000020980835,7.5,7.5,255500
2023-12-05,7.5,7.570000171661377,7.369999885559082,7.489999771118164,7.489999771118164,264800
2023-12-06,7.679999828338623,8.088000297546387,7.599999904632568,7.739999771118164,7.739999771118164,438100
2023-12-07,7.820000171661377,8.135000228881836,7.769999980926514,8.029999732971191,8.029999732971191,260900
2023-12-08,8.079999923706055,8.300000190734863,7.909999847412109,8.069999694824219,8.069999694824219,781800
2023-12-11,8.109999656677246,8.305000305175781,7.985000133514404,8.069999694824219,8.069999694824219,210200
2023-12-12,8.050000190734863,8.140000343322754,7.980000019073486,8.100000381469727,8.100000381469727,177900
2023-12-13,8.100000381469727,8.149999618530273,7.630000114440918,8.149999618530273,8.149999618530273,285300
2023-12-14,8.289999961853027,8.569999694824219,7.929999828338623,8.09000015258789,8.09000015258789,425900
2023-12-15,8.239999771118164,8.279999732971191,7.96999979019165,8.130000114440918,8.130000114440918,428500
2023-12-18,8.130000114440918,8.26200008392334,7.849999904632568,7.960000038146973,7.960000038146973,243200
2023-12-19,8.0,8.25,7.96999979019165,8.199999809265137,8.199999809265137,224400
2023-12-20,8.170000076293945,8.300000190734863,7.71999979019165,7.75,7.75,231900
2023-12-21,8.010000228881836,8.890000343322754,7.920000076293945,8.880000114440918,8.880000114440918,706700
2023-12-22,9.0,9.470000267028809,8.92300033569336,9.4399995803833,9.4399995803833,803000
2023-12-26,9.5,10.0,9.5,9.835000038146973,9.835000038146973,394300
2023-12-27,10.0,10.0,9.59000015258789,9.699999809265137,9.699999809265137,286100
2023-12-28,9.699999809265137,10.039999961853027,9.579999923706055,9.770000457763672,9.770000457763672,275600
2023-12-29,9.829999923706055,9.960000038146973,9.5,9.619999885559082,9.619999885559082,269000
2024-01-02,9.5,9.5,8.890000343322754,8.949999809265137,8.949999809265137,350900
2024-01-03,8.640000343322754,8.850000381469727,8.420000076293945,8.694999694824219,8.694999694824219,313200
2024-01-04,8.680000305175781,8.720000267028809,8.4399995803833,8.489999771118164,8.489999771118164,237400
2024-01-05,8.430000305175781,8.6899995803833,8.359999656677246,8.550000190734863,8.550000190734863,227400
2024-01-08,8.649999618530273,9.319999694824219,8.649999618530273,9.0600004196167,9.0600004196167,278900
2024-01-09,8.890000343322754,9.128999710083008,8.789999961853027,8.90999984741211,8.90999984741211,129400
2024-01-10,9.09000015258789,9.15999984741211,8.819999694824219,8.869999885559082,8.869999885559082,198000
2024-01-11,8.859999656677246,8.890000343322754,8.329999923706055,8.850000381469727,8.850000381469727,303600
2024-01-12,9.0,9.199999809265137,8.579999923706055,8.65999984741211,8.65999984741211,166600
2024-01-16,8.649999618530273,8.6899995803833,8.470000267028809,8.649999618530273,8.649999618530273,196300
2024-01-17,8.5,8.550000190734863,8.279999732971191,8.510000228881836,8.510000228881836,178600
2024-01-18,8.760000228881836,8.800000190734863,8.529999732971191,8.680000305175781,8.680000305175781,181600
2024-01-19,8.84000015258789,8.859000205993652,8.420000076293945,8.819999694824219,8.819999694824219,173400
2024-01-22,9.0,9.482999801635742,8.970000267028809,9.359999656677246,9.359999656677246,351500
2024-01-23,9.5,9.760000228881836,9.329999923706055,9.6899995803833,9.6899995803833,309500
2024-01-24,9.949999809265137,10.069999694824219,9.619999885559082,9.800000190734863,9.800000190734863,593500
2024-01-25,10.020000457763672,10.029999732971191,9.149999618530273,9.180000305175781,9.180000305175781,396500
2024-01-26,9.149999618530273,9.199999809265137,8.399999618530273,8.430000305175781,8.430000305175781,490100
2024-01-29,8.609999656677246,9.329999923706055,8.600000381469727,9.3100004196167,9.3100004196167,341900
2024-01-30,9.3100004196167,9.35099983215332,8.989999771118164,9.020000457763672,9.020000457763672,198500
2024-01-31,8.920000076293945,9.130000114440918,8.640000343322754,8.640000343322754,8.640000343322754,283900
2024-02-01,8.720000267028809,8.9399995803833,8.520000457763672,8.890000343322754,8.890000343322754,209800
2024-02-02,8.8100004196167,9.244999885559082,8.6899995803833,9.1899995803833,9.1899995803833,233900
2024-02-05,9.1899995803833,9.1899995803833,8.720000267028809,9.0,9.0,268200
2024-02-06,9.0,9.069999694824219,8.829999923706055,8.989999771118164,8.989999771118164,142400
2024-02-07,9.0,9.0,8.75,8.890000343322754,8.890000343322754,164200
2024-02-08,8.899999618530273,9.470000267028809,8.859999656677246,9.289999961853027,9.289999961853027,337400
2024-02-09,9.420000076293945,10.319999694824219,9.399999618530273,10.279999732971191,10.279999732971191,507700
2024-02-12,10.34000015258789,10.949999809265137,10.336999893188477,10.5,10.5,446600
2024-02-13,10.180000305175781,10.1899995803833,9.350000381469727,9.399999618530273,9.399999618530273,370600
2024-02-14,9.800000190734863,10.350000381469727,9.539999961853027,10.244999885559082,10.244999885559082,239600
2024-02-15,10.270000457763672,10.390000343322754,9.90999984741211,10.140000343322754,10.140000343322754,262100
2024-02-16,10.010000228881836,10.079999923706055,9.62600040435791,9.930000305175781,9.930000305175781,230300
2024-02-20,9.6899995803833,9.899999618530273,9.40999984741211,9.5,9.5,296400
2024-02-21,9.5,9.949999809265137,9.369999885559082,9.850000381469727,9.850000381469727,431800
2024-02-22,10.25,10.449999809265137,9.800000190734863,9.819999694824219,9.819999694824219,356000
2024-02-23,9.850000381469727,9.904999732971191,9.020000457763672,9.510000228881836,9.510000228881836,397000
2024-02-26,9.899999618530273,11.359999656677246,9.899999618530273,11.0600004196167,11.0600004196167,2008300
2024-02-27,11.859999656677246,12.399999618530273,10.612000465393066,10.819999694824219,10.819999694824219,1591500
2024-02-28,10.949999809265137,12.24899959564209,10.819999694824219,11.970000267028809,11.970000267028809,1246100
2024-02-29,12.300000190734863,12.399999618530273,11.4399995803833,11.5600004196167,11.5600004196167,724800
2024-03-01,11.630000114440918,11.87600040435791,11.1899995803833,11.539999961853027,11.539999961853027,829800
2024-03-04,11.680000305175781,12.239999771118164,11.571000099182129,11.800000190734863,11.800000190734863,852600
2024-03-05,11.520000457763672,11.532999992370605,11.0,11.5,11.5,502400
2024-03-06,11.640000343322754,11.788000106811523,11.381999969482422,11.550000190734863,11.550000190734863,409100
2024-03-07,11.619999885559082,12.579999923706055,11.449999809265137,12.1899995803833,12.1899995803833,1671800
2024-03-08,12.199999809265137,12.970000267028809,11.90999984741211,12.029999732971191,12.029999732971191,887600
2024-03-11,11.869999885559082,11.899999618530273,10.970000267028809,11.079999923706055,11.079999923706055,764400
2024-03-12,11.1899995803833,11.510000228881836,10.880000114440918,11.300000190734863,11.300000190734863,461600
2024-03-13,11.479999542236328,11.630000114440918,10.6899995803833,10.770000457763672,10.770000457763672,415400
2024-03-14,10.600000381469727,10.75,10.01200008392334,10.140000343322754,10.140000343322754,597300
2024-03-15,10.0,10.111000061035156,9.770000457763672,9.9399995803833,9.9399995803833,546400
2024-03-18,10.0,10.479999542236328,9.800000190734863,10.279999732971191,10.279999732971191,450800
2024-03-19,10.180000305175781,10.220000267028809,9.65999984741211,9.84000015258789,9.84000015258789,355600
2024-03-20,9.819999694824219,10.039999961853027,9.390000343322754,9.920000076293945,9.920000076293945,415900
2024-03-21,10.289999961853027,10.859999656677246,10.170000076293945,10.199999809265137,10.199999809265137,449000
2024-03-22,10.069999694824219,10.539999961853027,9.8100004196167,9.819999694824219,9.819999694824219,296300
2024-03-25,9.899999618530273,10.187999725341797,9.819999694824219,9.850000381469727,9.850000381469727,218100
2024-03-26,9.979999542236328,10.489999771118164,9.925000190734863,10.170000076293945,10.170000076293945,294100
2024-03-27,10.15999984741211,10.539999961853027,10.050000190734863,10.449999809265137,10.449999809265137,267700
2024-03-28,10.5,10.550000190734863,10.119999885559082,10.170000076293945,10.170000076293945,320400
2024-04-01,10.229999542236328,10.531000137329102,10.069999694824219,10.140000343322754,10.140000343322754,249100
2024-04-02,9.800000190734863,9.869999885559082,9.5600004196167,9.670000076293945,9.670000076293945,498200
2024-04-03,9.710000038146973,10.04699993133545,9.529999732971191,9.899999618530273,9.899999618530273,315900
2024-04-04,10.109999656677246,10.550000190734863,9.949999809265137,10.039999961853027,10.039999961853027,389800
2024-04-05,10.0,10.270000457763672,9.850000381469727,10.25,10.25,211600
2024-04-08,10.279999732971191,10.539999961853027,10.170000076293945,10.34000015258789,10.34000015258789,241200
2024-04-09,10.449999809265137,10.699999809265137,10.4399995803833,10.619999885559082,10.619999885559082,262100
2024-04-10,10.079999923706055,10.3149995803833,9.859999656677246,9.9399995803833,9.9399995803833,353000
2024-04-11,10.029999732971191,10.125,9.649999618530273,9.930000305175781,9.930000305175781,264800
2024-04-12,9.819999694824219,9.819999694824219,9.609999656677246,9.75,9.75,195100
2024-04-15,9.75,9.800000190734863,9.300000190734863,9.34000015258789,9.34000015258789,278300
2024-04-16,9.199999809265137,9.319999694824219,9.050000190734863,9.140000343322754,9.140000343322754,256000
2024-04-17,9.210000038146973,9.350000381469727,8.75,8.760000228881836,8.760000228881836,267000
2024-04-18,8.699999809265137,8.880000114440918,8.543000221252441,8.630000114440918,8.630000114440918,269100
2024-04-19,8.5,8.75,8.25,8.390000343322754,8.390000343322754,283400
2024-04-22,8.390000343322754,8.65999984741211,8.279999732971191,8.630000114440918,8.630000114440918,242800
2024-04-23,8.640000343322754,9.3100004196167,8.640000343322754,9.09000015258789,9.09000015258789,240300
2024-04-24,9.050000190734863,9.210000038146973,8.859999656677246,9.069999694824219,9.069999694824219,257400
2024-04-25,8.84000015258789,9.347999572753906,8.84000015258789,9.25,9.25,244300
2024-04-26,9.300000190734863,9.829999923706055,9.300000190734863,9.739999771118164,9.739999771118164,205300
2024-04-29,9.899999618530273,10.260000228881836,9.84000015258789,10.260000228881836,10.260000228881836,234600
2024-04-30,10.130000114440918,10.925000190734863,10.010000228881836,10.260000228881836,10.260000228881836,369000
2024-05-01,10.130000114440918,10.600000381469727,10.029999732971191,10.09000015258789,10.09000015258789,226800
2024-05-02,10.319999694824219,10.5,10.180000305175781,10.359999656677246,10.359999656677246,281700
2024-05-03,10.479999542236328,10.539999961853027,9.899999618530273,10.229999542236328,10.229999542236328,396400
2024-05-06,10.34000015258789,10.569999694824219,10.3100004196167,10.380000114440918,10.380000114440918,244500
2024-05-07,10.369999885559082,10.760000228881836,10.3100004196167,10.479999542236328,10.479999542236328,238600
2024-05-08,10.25,10.371000289916992,9.819999694824219,9.869999885559082,9.869999885559082,388400
2024-05-09,8.600000381469727,8.680000305175781,6.440000057220459,6.650000095367432,6.650000095367432,2633600
2024-05-10,7.0,7.820000171661377,7.0,7.639999866485596,7.639999866485596,1321800
2024-05-13,7.840000152587891,7.860000133514404,7.269999980926514,7.760000228881836,7.760000228881836,1247200
2024-05-14,7.829999923706055,8.489999771118164,7.820000171661377,8.180000305175781,8.180000305175781,1286800
2024-05-15,8.350000381469727,8.420000076293945,7.940000057220459,8.25,8.25,739600
2024-05-16,8.270000457763672,8.270000457763672,8.020000457763672,8.109999656677246,8.109999656677246,308800
2024-05-17,8.100000381469727,8.760000228881836,8.0,8.670000076293945,8.670000076293945,765200
2024-05-20,8.670000076293945,8.829999923706055,8.300000190734863,8.380000114440918,8.380000114440918,590000
2024-05-21,8.149999618530273,8.1850004196167,7.929999828338623,8.069999694824219,8.069999694824219,553900
2024-05-22,8.069999694824219,8.199999809265137,7.949999809265137,8.140000343322754,8.140000343322754,345900
2024-05-23,8.170000076293945,8.199999809265137,7.860000133514404,8.0,8.0,430100
2024-05-24,8.039999961853027,8.319999694824219,7.960000038146973,8.229999542236328,8.229999542236328,310400
2024-05-28,8.350000381469727,8.600000381469727,8.020000457763672,8.079999923706055,8.079999923706055,459900
2024-05-29,7.960000038146973,8.039999961853027,7.670000076293945,7.679999828338623,7.679999828338623,468700
2024-05-30,7.699999809265137,7.900000095367432,7.579999923706055,7.619999885559082,7.619999885559082,300000
2024-05-31,7.650000095367432,7.840000152587891,7.519999980926514,7.559999942779541,7.559999942779541,383100
2024-06-03,7.730000019073486,7.829999923706055,7.46999979019165,7.519999980926514,7.519999980926514,386200
2024-06-04,7.46999979019165,7.46999979019165,7.159999847412109,7.389999866485596,7.389999866485596,360000
2024-06-05,7.449999809265137,7.690000057220459,7.260000228881836,7.670000076293945,7.670000076293945,338600
2024-06-06,7.650000095367432,7.889999866485596,7.510000228881836,7.860000133514404,7.860000133514404,232700
2024-06-07,7.75,7.920000076293945,7.510000228881836,7.619999885559082,7.619999885559082,234100
2024-06-10,7.420000076293945,7.860000133514404,7.420000076293945,7.769999980926514,7.769999980926514,336600
2024-06-11,7.710000038146973,8.390000343322754,7.704999923706055,8.380000114440918,8.380000114440918,413000
2024-06-12,8.640000343322754,8.720000267028809,8.3100004196167,8.510000228881836,8.510000228881836,365400
2024-06-13,8.449999809265137,8.5600004196167,8.0,8.180000305175781,8.180000305175781,347600
2024-06-14,8.039999961853027,8.149999618530273,7.860000133514404,8.100000381469727,8.100000381469727,297200
2024-06-17,8.109999656677246,8.109999656677246,7.880000114440918,8.010000228881836,8.010000228881836,197700
2024-06-18,8.0,8.09000015258789,7.730000019073486,7.78000020980835,7.78000020980835,501800
2024-06-20,7.619999885559082,7.659999847412109,7.409999847412109,7.420000076293945,7.420000076293945,331300
2024-06-21,7.389999866485596,7.53000020980835,7.300000190734863,7.480000019073486,7.480000019073486,288900
2024-06-24,7.5,7.619999885559082,7.210000038146973,7.239999771118164,7.239999771118164,289000
2024-06-25,7.199999809265137,7.46999979019165,7.099999904632568,7.460000038146973,7.460000038146973,272700
2024-06-26,7.409999847412109,7.650000095367432,7.400000095367432,7.610000133514404,7.610000133514404,250500
2024-06-27,7.579999923706055,7.730000019073486,7.409999847412109,7.539999961853027,7.539999961853027,187600
2024-06-28,7.550000190734863,7.829999923706055,7.46999979019165,7.650000095367432,7.650000095367432,1419500
2024-07-01,7.630000114440918,7.730000019073486,7.458000183105469,7.570000171661377,7.570000171661377,235700
2024-07-02,7.570000171661377,7.71999979019165,7.559999942779541,7.670000076293945,7.670000076293945,153100
2024-07-03,7.670000076293945,7.75,7.349999904632568,7.369999885559082,7.369999885559082,246700
2024-07-05,7.389999866485596,7.679999828338623,7.25,7.650000095367432,7.650000095367432,371800
2024-07-08,7.739999771118164,7.940000057220459,7.639999866485596,7.659999847412109,7.659999847412109,217300
2024-07-09,7.659999847412109,7.73799991607666,7.449999809265137,7.460000038146973,7.460000038146973,161700
2024-07-10,7.53000020980835,7.539999961853027,7.070000171661377,7.130000114440918,7.130000114440918,391200
2024-07-11,7.309999942779541,7.349999904632568,6.959000110626221,7.059999942779541,7.059999942779541,403700
2024-07-12,7.110000133514404,7.659999847412109,7.110000133514404,7.570000171661377,7.570000171661377,335100
2024-07-15,7.710000038146973,7.900000095367432,7.579999923706055,7.900000095367432,7.900000095367432,368300
2024-07-16,7.949999809265137,8.28499984741211,7.860000133514404,8.25,8.25,362000
2024-07-17,8.130000114440918,8.279000282287598,7.840000152587891,7.909999847412109,7.909999847412109,276900
2024-07-18,7.909999847412109,8.09000015258789,7.500999927520752,7.639999866485596,7.639999866485596,199900
2024-07-19,7.639999866485596,7.639999866485596,7.230000019073486,7.260000228881836,7.260000228881836,223000
2024-07-22,7.369999885559082,7.579999923706055,7.230000019073486,7.5,7.5,300700
2024-07-23,7.440000057220459,7.909999847412109,7.440000057220459,7.840000152587891,7.840000152587891,294600
2024-07-24,7.71999979019165,7.796000003814697,7.211999893188477,7.21999979019165,7.21999979019165,213500
2024-07-25,7.260000228881836,7.616000175476074,7.159999847412109,7.349999904632568,7.349999904632568,327100
2024-07-26,7.380000114440918,7.599999904632568,7.329999923706055,7.539999961853027,7.539999961853027,190000
2024-07-29,7.539999961853027,7.690000057220459,7.400000095367432,7.440000057220459,7.440000057220459,121300
2024-07-30,7.440000057220459,7.539000034332275,7.050000190734863,7.170000076293945,7.170000076293945,210600
2024-07-31,7.289999961853027,7.590000152587891,7.199999809265137,7.400000095367432,7.400000095367432,210800
2024-08-01,7.309999942779541,7.383999824523926,6.769999980926514,6.849999904632568,6.849999904632568,352300
2024-08-02,6.650000095367432,6.659999847412109,6.230000019073486,6.349999904632568,6.349999904632568,432200
2024-08-05,5.989999771118164,6.130000114440918,5.630000114440918,6.019999980926514,6.019999980926514,432900
2024-08-06,6.139999866485596,6.139999866485596,5.849999904632568,5.96999979019165,5.96999979019165,279000
2024-08-07,6.139999866485596,6.289999961853027,5.710999965667725,5.71999979019165,5.71999979019165,398800
2024-08-08,7.349999904632568,8.460000038146973,6.942999839782715,8.4399995803833,8.4399995803833,2311600
2024-08-09,8.399999618530273,8.630000114440918,8.180000305175781,8.289999961853027,8.289999961853027,879100
2024-08-12,8.289999961853027,8.619999885559082,8.220000267028809,8.430000305175781,8.430000305175781,462500
2024-08-13,8.430000305175781,9.5600004196167,8.430000305175781,9.449999809265137,9.449999809265137,780300
2024-08-14,9.449999809265137,9.5600004196167,8.90999984741211,9.220000267028809,9.220000267028809,491600
2024-08-15,9.399999618530273,9.835000038146973,9.305000305175781,9.630000114440918,9.630000114440918,467700
2024-08-16,9.609999656677246,10.5,9.371999740600586,10.09000015258789,10.09000015258789,985100
2024-08-19,10.050000190734863,10.199999809265137,9.710000038146973,10.199999809265137,10.199999809265137,396900
2024-08-20,10.199999809265137,10.354999542236328,9.920000076293945,10.140000343322754,10.140000343322754,273600
2024-08-21,10.229999542236328,10.229999542236328,9.991999626159668,10.170000076293945,10.170000076293945,256700
2024-08-22,10.180000305175781,10.199999809265137,9.5600004196167,9.609999656677246,9.609999656677246,287500
2024-08-23,9.770000457763672,10.020000457763672,9.625,9.75,9.75,295500
2024-08-26,9.770000457763672,9.789999961853027,9.260000228881836,9.350000381469727,9.350000381469727,219100
2024-08-27,9.199999809265137,9.319999694824219,9.029999732971191,9.279999732971191,9.279999732971191,232200
2024-08-28,9.199999809265137,9.210000038146973,8.619999885559082,8.899999618530273,8.899999618530273,281500
2024-08-29,9.039999961853027,9.25,8.899999618530273,9.149999618530273,9.149999618530273,258100
2024-08-30,9.270000457763672,9.270000457763672,8.949999809265137,8.970000267028809,8.970000267028809,204000
2024-09-03,8.829999923706055,8.869999885559082,8.109999656677246,8.270000457763672,8.270000457763672,294900
2024-09-04,8.149999618530273,8.329999923706055,8.039999961853027,8.239999771118164,8.239999771118164,195900
2024-09-05,8.170000076293945,8.300000190734863,8.050000190734863,8.229999542236328,8.229999542236328,237500
2024-09-06,8.199999809265137,8.210000038146973,7.929999828338623,8.079999923706055,8.079999923706055,185400
2024-09-09,8.149999618530273,8.71500015258789,8.130000114440918,8.6899995803833,8.6899995803833,421000
2024-09-10,8.699999809265137,9.3100004196167,8.640000343322754,9.1899995803833,9.1899995803833,881300
2024-09-11,9.289999961853027,9.5600004196167,9.119999885559082,9.470000267028809,9.470000267028809,500100
2024-09-12,9.40999984741211,9.40999984741211,9.010000228881836,9.029999732971191,9.029999732971191,303100
2024-09-13,9.170000076293945,9.4399995803833,9.149999618530273,9.329999923706055,9.329999923706055,240800
2024-09-16,9.350000381469727,9.359999656677246,9.079999923706055,9.229999542236328,9.229999542236328,204900
2024-09-17,9.25,9.300000190734863,9.039999961853027,9.1899995803833,9.1899995803833,232600
2024-09-18,9.229999542236328,9.569999694824219,8.979999542236328,9.010000228881836,9.010000228881836,190100
2024-09-19,9.489999771118164,9.5,9.220000267028809,9.329999923706055,9.329999923706055,189700
2024-09-20,9.279999732971191,9.380000114440918,9.15999984741211,9.170000076293945,9.170000076293945,398700
2024-09-23,9.220000267028809,9.300000190734863,8.869999885559082,8.869999885559082,8.869999885559082,153000
2024-09-24,8.899999618530273,9.0,8.600000381469727,8.970000267028809,8.970000267028809,201500
2024-09-25,8.920000076293945,9.0,8.579999923706055,8.619999885559082,8.619999885559082,160000
2024-09-26,8.9399995803833,9.199999809265137,8.609999656677246,9.050000190734863,9.050000190734863,151500
2024-09-27,9.140000343322754,9.1899995803833,8.914999961853027,9.039999961853027,9.039999961853027,167000
2024-09-30,8.899999618530273,9.130000114440918,8.84000015258789,9.079999923706055,9.079999923706055,197900
2024-10-01,9.0,9.079999923706055,8.40999984741211,8.520000457763672,8.520000457763672,195300
2024-10-02,8.40999984741211,8.71500015258789,8.40999984741211,8.5600004196167,8.5600004196167,182100
2024-10-03,8.489999771118164,8.569999694824219,8.3100004196167,8.390000343322754,8.390000343322754,186900
2024-10-04,8.670000076293945,8.699999809265137,8.390000343322754,8.489999771118164,8.489999771118164,239400
2024-10-07,8.449999809265137,8.550000190734863,8.270999908447266,8.449999809265137,8.449999809265137,205400
2024-10-08,8.449999809265137,8.869999885559082,8.430000305175781,8.739999771118164,8.739999771118164,313200
2024-10-09,8.640000343322754,9.232000350952148,8.640000343322754,8.979999542236328,8.979999542236328,226700
2024-10-10,8.779999732971191,9.390000343322754,8.779999732971191,9.359999656677246,9.359999656677246,331600
2024-10-11,9.279999732971191,9.8100004196167,9.279999732971191,9.640000343322754,9.640000343322754,271900
2024-10-14,9.640000343322754,9.960000038146973,9.548999786376953,9.869999885559082,9.869999885559082,257600
2024-10-15,9.9399995803833,10.210000038146973,9.479999542236328,9.739999771118164,9.739999771118164,328200
2024-10-16,9.890000343322754,9.890000343322754,9.595999717712402,9.729999542236328,9.729999542236328,208500
2024-10-17,9.880000114440918,9.883999824523926,9.5600004196167,9.84000015258789,9.84000015258789,160700
2024-10-18,9.850000381469727,10.1899995803833,9.670000076293945,9.819999694824219,9.819999694824219,298400
2024-10-21,9.899999618530273,9.944999694824219,9.576000213623047,9.720000267028809,9.720000267028809,273300
2024-10-22,9.600000381469727,10.265000343322754,9.550000190734863,9.979999542236328,9.979999542236328,258700
2024-10-23,9.850000381469727,10.180000305175781,9.770000457763672,10.0,10.0,208900
