Date,Open,High,Low,Close,Adj Close,Volume
2016-01-20,120.0,174.8000030517578,120.0,165.30999755859375,165.30999755859375,650
2016-01-21,165.0,172.89999389648438,135.0,163.6999969482422,163.6999969482422,720
2016-01-22,164.0,167.5,153.41000366210938,157.39999389648438,157.39999389648438,860
2016-01-25,113.4000015258789,146.60000610351562,113.4000015258789,140.60000610351562,140.60000610351562,260
2016-01-26,143.00999450683594,143.00999450683594,141.0,141.5,141.5,200
2016-01-27,135.72999572753906,135.72999572753906,135.72999572753906,135.72999572753906,135.72999572753906,30
2016-01-28,139.89999389648438,140.0,139.89999389648438,140.0,140.0,60
2016-01-29,139.0,139.0,139.0,139.0,139.0,30
2016-02-01,132.5,139.89999389648438,122.69999694824219,124.0,124.0,1680
2016-02-02,127.0,127.0,104.69999694824219,118.30000305175781,118.30000305175781,460
2016-02-03,107.5,107.5,78.0,80.0,80.0,1960
2016-02-04,80.0,80.0,56.5,62.75,62.75,4080
2016-02-05,62.599998474121094,74.0,62.400001525878906,72.80000305175781,72.80000305175781,2810
2016-02-08,82.9000015258789,82.9000015258789,70.5999984741211,78.5999984741211,78.5999984741211,800
2016-02-09,80.23999786376953,81.5,80.0199966430664,80.04000091552734,80.04000091552734,390
2016-02-10,80.0,80.0999984741211,79.0,79.0,79.0,160
2016-02-11,79.4000015258789,79.4000015258789,69.5,69.5,69.5,640
2016-02-12,62.5,68.5,62.5,68.5,68.5,150
2016-02-16,74.30000305175781,82.9000015258789,74.30000305175781,76.41000366210938,76.41000366210938,330
2016-02-17,82.4000015258789,83.0,78.4000015258789,78.69999694824219,78.69999694824219,500
2016-02-18,83.0,85.30000305175781,83.0,83.0999984741211,83.0999984741211,470
2016-02-19,88.0,88.0,82.55000305175781,83.72000122070312,83.72000122070312,250
2016-02-22,83.69999694824219,89.0,83.69999694824219,88.63999938964844,88.63999938964844,950
2016-02-23,88.5999984741211,89.16000366210938,87.0,88.5,88.5,220
2016-02-24,81.06999969482422,89.0,80.30000305175781,89.0,89.0,1620
2016-02-25,83.19999694824219,89.0,81.4000015258789,86.22000122070312,86.22000122070312,1750
2016-02-26,89.5,89.79000091552734,89.5,89.62999725341797,89.62999725341797,170
2016-02-29,88.9000015258789,89.0,83.83000183105469,88.80000305175781,88.80000305175781,700
2016-03-01,82.0999984741211,84.0999984741211,80.0999984741211,80.0999984741211,80.0999984741211,120
2016-03-02,81.04000091552734,84.19999694824219,80.5999984741211,83.27999877929688,83.27999877929688,530
2016-03-03,82.5999984741211,83.0,80.5999984741211,80.5999984741211,80.5999984741211,240
2016-03-04,81.80000305175781,81.80000305175781,81.80000305175781,81.80000305175781,81.80000305175781,60
2016-03-07,82.0,82.0,77.0,78.94999694824219,78.94999694824219,160
2016-03-08,79.20999908447266,79.9000015258789,79.20999908447266,79.9000015258789,79.9000015258789,130
2016-03-09,77.0,78.5999984741211,73.0999984741211,78.08000183105469,78.08000183105469,590
2016-03-10,77.0,77.30000305175781,74.5,75.19999694824219,75.19999694824219,270
2016-03-11,76.5,77.5,70.80000305175781,71.7699966430664,71.7699966430664,1270
2016-03-14,70.5999984741211,72.68000030517578,66.5999984741211,67.70999908447266,67.70999908447266,1910
2016-03-15,62.400001525878906,67.0999984741211,62.400001525878906,63.0,63.0,260
2016-03-16,65.18000030517578,66.0,63.099998474121094,65.22000122070312,65.22000122070312,240
2016-03-17,65.5999984741211,65.5999984741211,60.0,62.0,62.0,1040
2016-03-18,67.69999694824219,67.80000305175781,62.79999923706055,62.900001525878906,62.900001525878906,260
2016-03-21,63.0,63.5,60.0,63.5,63.5,1140
2016-03-22,64.0,70.0,62.0,62.0,62.0,860
2016-03-23,60.0,63.790000915527344,60.0,61.119998931884766,61.119998931884766,120
2016-03-24,60.0,63.900001525878906,60.0,63.900001525878906,63.900001525878906,940
2016-03-28,63.79999923706055,65.0,58.5,60.70000076293945,60.70000076293945,4240
2016-03-29,60.0,60.0,58.0,58.0,58.0,1840
2016-03-30,59.79999923706055,60.5,56.779998779296875,60.5,60.5,830
2016-03-31,60.0,60.0,50.20000076293945,54.29999923706055,54.29999923706055,740
2016-04-01,50.599998474121094,56.79999923706055,50.599998474121094,55.29999923706055,55.29999923706055,1010
2016-04-04,54.0,57.79999923706055,49.400001525878906,54.0,54.0,4360
2016-04-05,56.0,60.5,53.099998474121094,54.5,54.5,1630
2016-04-06,56.29999923706055,56.29999923706055,46.599998474121094,54.54999923706055,54.54999923706055,1010
2016-04-07,53.70000076293945,59.79999923706055,50.5,54.20000076293945,54.20000076293945,2630
2016-04-08,53.5,58.900001525878906,49.79999923706055,55.29999923706055,55.29999923706055,3530
2016-04-11,57.79999923706055,57.79999923706055,49.79999923706055,50.099998474121094,50.099998474121094,1650
2016-04-12,53.400001525878906,55.380001068115234,50.0,50.0,50.0,1170
2016-04-13,51.70000076293945,53.5,50.29999923706055,50.29999923706055,50.29999923706055,1710
2016-04-14,50.0,56.0,50.0,50.5,50.5,3220
2016-04-15,51.0,56.0,50.29999923706055,51.900001525878906,51.900001525878906,7700
2016-04-18,53.599998474121094,56.0,50.599998474121094,53.0,53.0,7200
2016-04-19,54.88999938964844,58.400001525878906,54.29999923706055,55.599998474121094,55.599998474121094,6920
2016-04-20,57.599998474121094,59.79999923706055,55.29999923706055,57.5,57.5,2850
2016-04-21,55.29999923706055,61.20000076293945,54.70000076293945,57.70000076293945,57.70000076293945,5620
2016-04-22,57.099998474121094,62.0,56.099998474121094,58.599998474121094,58.599998474121094,6860
2016-04-25,59.900001525878906,61.79999923706055,56.20000076293945,61.099998474121094,61.099998474121094,17360
2016-04-26,61.0,62.0,55.16999816894531,56.400001525878906,56.400001525878906,3310
2016-04-27,55.29999923706055,56.599998474121094,53.70000076293945,55.0,55.0,2200
2016-04-28,54.70000076293945,59.0,49.5,50.0,50.0,4650
2016-04-29,49.900001525878906,56.0,49.5,50.20000076293945,50.20000076293945,9850
2016-05-02,49.599998474121094,75.9000015258789,49.599998474121094,67.5,67.5,26890
2016-05-03,62.0,74.9000015258789,62.0,69.80000305175781,69.80000305175781,22480
2016-05-04,71.9000015258789,94.9000015258789,68.69999694824219,91.80000305175781,91.80000305175781,31960
2016-05-05,90.0,97.9000015258789,84.80000305175781,93.0,93.0,28200
2016-05-06,94.0,94.0,73.94999694824219,75.9000015258789,75.9000015258789,6260
2016-05-09,74.80000305175781,89.0,64.87999725341797,87.0,87.0,18060
2016-05-10,86.69999694824219,88.0,78.0,78.5,78.5,7970
2016-05-11,76.4000015258789,83.0,76.4000015258789,80.0,80.0,20130
2016-05-12,78.0,83.44999694824219,75.0,78.19999694824219,78.19999694824219,3340
2016-05-13,76.19999694824219,84.9000015258789,76.19999694824219,81.30000305175781,81.30000305175781,5320
2016-05-16,80.5999984741211,81.19999694824219,77.55000305175781,80.0,80.0,2640
2016-05-17,79.5,79.5,75.0,76.0,76.0,290
2016-05-18,78.0,82.9000015258789,73.5,74.19999694824219,74.19999694824219,9310
2016-05-19,75.4000015258789,76.0,63.79999923706055,63.900001525878906,63.900001525878906,8060
2016-05-20,63.20000076293945,70.0,61.45000076293945,62.0,62.0,10820
2016-05-23,61.900001525878906,62.599998474121094,48.20000076293945,53.0,53.0,22890
2016-05-24,50.0,54.900001525878906,46.599998474121094,49.900001525878906,49.900001525878906,10800
2016-05-25,50.099998474121094,53.0,49.900001525878906,50.0,50.0,7300
2016-05-26,50.0,52.79999923706055,48.5,50.099998474121094,50.099998474121094,8570
2016-05-27,50.0,55.599998474121094,50.0,50.0,50.0,9200
2016-05-31,50.099998474121094,52.400001525878906,49.599998474121094,50.0,50.0,10910
2016-06-01,50.0,51.0,49.75,50.0,50.0,5160
2016-06-02,50.650001525878906,50.70000076293945,49.900001525878906,50.0,50.0,7670
2016-06-03,50.0,50.099998474121094,48.0,48.70000076293945,48.70000076293945,1820
2016-06-06,50.79999923706055,55.0,50.20000076293945,54.5,54.5,5180
2016-06-07,53.79999923706055,64.94999694824219,53.79999923706055,62.20000076293945,62.20000076293945,15510
2016-06-08,63.099998474121094,70.0,63.099998474121094,63.70000076293945,63.70000076293945,7850
2016-06-09,64.30000305175781,68.88999938964844,62.29999923706055,64.0,64.0,2280
2016-06-10,67.5,67.9000015258789,61.5,61.5,61.5,630
2016-06-13,61.20000076293945,70.4000015258789,58.0,59.900001525878906,59.900001525878906,5300
2016-06-14,59.900001525878906,64.69999694824219,57.70000076293945,59.900001525878906,59.900001525878906,1180
2016-06-15,60.0,61.70000076293945,56.79999923706055,56.79999923706055,56.79999923706055,750
2016-06-16,60.0,60.70000076293945,59.599998474121094,59.599998474121094,59.599998474121094,580
2016-06-17,61.900001525878906,62.5,55.150001525878906,60.0,60.0,1740
2016-06-20,59.79999923706055,67.9000015258789,57.91999816894531,62.400001525878906,62.400001525878906,25560
2016-06-21,61.599998474121094,65.30000305175781,58.20000076293945,59.900001525878906,59.900001525878906,14230
2016-06-22,63.29999923706055,65.80000305175781,60.0,60.5,60.5,9590
2016-06-23,60.70000076293945,63.900001525878906,59.29999923706055,61.0,61.0,4070
2016-06-24,60.20000076293945,65.19999694824219,58.599998474121094,59.5,59.5,13140
2016-06-27,64.0999984741211,72.0,60.0,66.19999694824219,66.19999694824219,36150
2016-06-28,65.30000305175781,70.80000305175781,62.20000076293945,68.0,68.0,28710
2016-06-29,68.4000015258789,70.0,66.69999694824219,68.0,68.0,13670
2016-06-30,67.4000015258789,68.75,60.099998474121094,61.0,61.0,12630
2016-07-01,60.5,66.19999694824219,52.79999923706055,57.70000076293945,57.70000076293945,11510
2016-07-05,57.0,63.5,56.5,60.0,60.0,12960
2016-07-06,60.0,61.599998474121094,58.29999923706055,58.79999923706055,58.79999923706055,14200
2016-07-07,58.79999923706055,63.0,58.79999923706055,59.5,59.5,2450
2016-07-08,60.0,61.0,59.0,59.70000076293945,59.70000076293945,2500
2016-07-11,60.900001525878906,62.70000076293945,56.79999923706055,58.900001525878906,58.900001525878906,4650
2016-07-12,58.5,59.400001525878906,57.70000076293945,59.0,59.0,2130
2016-07-13,58.29999923706055,58.29999923706055,56.29999923706055,57.5,57.5,7310
2016-07-14,57.5,60.400001525878906,57.310001373291016,57.599998474121094,57.599998474121094,2290
2016-07-15,57.400001525878906,58.0,54.29999923706055,54.29999923706055,54.29999923706055,4350
2016-07-18,54.29999923706055,59.900001525878906,48.70000076293945,48.900001525878906,48.900001525878906,12680
2016-07-19,48.599998474121094,54.70000076293945,48.599998474121094,48.900001525878906,48.900001525878906,3560
2016-07-20,49.900001525878906,56.0,49.900001525878906,55.0,55.0,13070
2016-07-21,54.0,57.790000915527344,53.279998779296875,55.0,55.0,4420
2016-07-22,55.0,59.599998474121094,53.400001525878906,55.0,55.0,8770
2016-07-25,54.400001525878906,55.5,51.599998474121094,51.79999923706055,51.79999923706055,710
2016-07-26,51.900001525878906,55.0,50.0,51.0,51.0,11490
2016-07-27,49.5,53.400001525878906,44.0,47.0,47.0,7710
2016-07-28,47.099998474121094,50.689998626708984,47.0,49.5,49.5,2240
2016-07-29,49.29999923706055,51.29999923706055,47.70000076293945,47.70000076293945,47.70000076293945,250
2016-08-01,49.900001525878906,50.97999954223633,40.400001525878906,41.29999923706055,41.29999923706055,5750
2016-08-02,41.900001525878906,42.0,32.900001525878906,33.599998474121094,33.599998474121094,8970
2016-08-03,33.099998474121094,36.0,30.0,31.399999618530273,31.399999618530273,9410
2016-08-04,30.399999618530273,33.5,28.299999237060547,29.0,29.0,6120
2016-08-05,28.700000762939453,30.149999618530273,28.5,29.799999237060547,29.799999237060547,3960
2016-08-08,33.29999923706055,33.29999923706055,28.5,28.600000381469727,28.600000381469727,2940
2016-08-09,28.700000762939453,30.0,28.700000762939453,29.799999237060547,29.799999237060547,1180
2016-08-10,30.850000381469727,31.299999237060547,27.799999237060547,29.0,29.0,1980
2016-08-11,29.0,31.200000762939453,28.799999237060547,29.299999237060547,29.299999237060547,1220
2016-08-12,29.0,30.100000381469727,29.0,29.299999237060547,29.299999237060547,720
2016-08-15,29.299999237060547,30.200000762939453,29.0,29.100000381469727,29.100000381469727,960
2016-08-16,29.5,31.5,29.0,29.5,29.5,5390
2016-08-17,29.600000381469727,30.100000381469727,29.5,29.600000381469727,29.600000381469727,260
2016-08-18,30.0,30.0,29.600000381469727,29.600000381469727,29.600000381469727,1550
2016-08-19,29.5,29.700000762939453,29.0,29.700000762939453,29.700000762939453,840
2016-08-22,29.200000762939453,30.0,29.200000762939453,29.899999618530273,29.899999618530273,1970
2016-08-23,30.0,30.0,29.399999618530273,29.5,29.5,1950
2016-08-24,30.0,30.100000381469727,29.700000762939453,29.899999618530273,29.899999618530273,3200
2016-08-25,30.0,32.0,30.0,30.700000762939453,30.700000762939453,3120
2016-08-26,30.700000762939453,30.700000762939453,29.0,30.0,30.0,3110
2016-08-29,30.200000762939453,30.200000762939453,24.200000762939453,27.0,27.0,4800
2016-08-30,26.399999618530273,26.799999237060547,25.0,26.600000381469727,26.600000381469727,4180
2016-08-31,26.600000381469727,27.5,25.100000381469727,26.200000762939453,26.200000762939453,7190
2016-09-01,25.700000762939453,26.899999618530273,24.899999618530273,26.899999618530273,26.899999618530273,4200
2016-09-02,26.93000030517578,26.93000030517578,25.5,25.799999237060547,25.799999237060547,2980
2016-09-06,25.899999618530273,28.600000381469727,25.899999618530273,27.0,27.0,17780
2016-09-07,27.100000381469727,27.799999237060547,26.0,26.100000381469727,26.100000381469727,3510
2016-09-08,25.899999618530273,26.799999237060547,24.899999618530273,24.899999618530273,24.899999618530273,3000
2016-09-09,24.5,27.0,24.5,25.600000381469727,25.600000381469727,4090
2016-09-12,26.299999237060547,29.5,25.5,27.0,27.0,8830
2016-09-13,27.5,28.59000015258789,25.799999237060547,27.700000762939453,27.700000762939453,13470
2016-09-14,28.299999237060547,29.200000762939453,27.399999618530273,29.200000762939453,29.200000762939453,6810
2016-09-15,29.600000381469727,30.899999618530273,27.299999237060547,28.899999618530273,28.899999618530273,8100
2016-09-16,29.399999618530273,30.5,28.899999618530273,29.200000762939453,29.200000762939453,16210
2016-09-19,29.0,30.299999237060547,25.299999237060547,25.799999237060547,25.799999237060547,5390
2016-09-20,25.799999237060547,26.200000762939453,24.399999618530273,24.799999237060547,24.799999237060547,6600
2016-09-21,24.899999618530273,26.299999237060547,24.899999618530273,25.0,25.0,5190
2016-09-22,25.200000762939453,26.399999618530273,24.600000381469727,25.100000381469727,25.100000381469727,1610
2016-09-23,26.200000762939453,26.799999237060547,25.510000228881836,25.899999618530273,25.899999618530273,980
2016-09-26,26.0,26.0,25.0,25.299999237060547,25.299999237060547,880
2016-09-27,25.100000381469727,25.899999618530273,24.700000762939453,25.0,25.0,760
2016-09-28,24.399999618530273,25.700000762939453,24.299999237060547,24.600000381469727,24.600000381469727,2360
2016-09-29,24.5,25.0,24.5,24.799999237060547,24.799999237060547,1350
2016-09-30,24.5,25.399999618530273,22.899999618530273,23.0,23.0,6590
2016-10-03,23.700000762939453,25.899999618530273,22.100000381469727,22.799999237060547,22.799999237060547,3070
2016-10-04,22.5,24.0,22.5,24.0,24.0,2030
2016-10-05,23.600000381469727,25.200000762939453,23.5,23.5,23.5,3540
2016-10-06,23.200000762939453,23.200000762939453,21.5,21.5,21.5,11250
2016-10-07,21.600000381469727,22.299999237060547,21.399999618530273,21.799999237060547,21.799999237060547,1890
2016-10-10,21.100000381469727,21.600000381469727,20.600000381469727,20.600000381469727,20.600000381469727,10150
2016-10-11,20.799999237060547,21.809999465942383,20.100000381469727,20.799999237060547,20.799999237060547,8830
2016-10-12,20.700000762939453,20.790000915527344,19.0,20.0,20.0,8050
2016-10-13,19.799999237060547,23.899999618530273,19.0,21.0,21.0,17020
2016-10-14,21.799999237060547,27.799999237060547,21.799999237060547,24.0,24.0,59850
2016-10-17,24.5,28.5,24.100000381469727,27.299999237060547,27.299999237060547,14180
2016-10-18,26.899999618530273,28.5,25.5,26.0,26.0,14050
2016-10-19,25.700000762939453,28.0,24.100000381469727,25.700000762939453,25.700000762939453,7490
2016-10-20,25.399999618530273,26.5,25.299999237060547,25.5,25.5,7710
2016-10-21,25.5,25.899999618530273,25.399999618530273,25.899999618530273,25.899999618530273,6010
2016-10-24,26.0,29.389999389648438,25.0,26.600000381469727,26.600000381469727,24000
2016-10-25,27.0,28.5,27.0,27.0,27.0,9900
2016-10-26,27.0,27.5,24.5,24.899999618530273,24.899999618530273,12660
2016-10-27,25.0,25.899999618530273,23.0,23.600000381469727,23.600000381469727,10010
2016-10-28,24.399999618530273,24.399999618530273,22.200000762939453,23.0,23.0,6920
2016-10-31,23.200000762939453,23.200000762939453,21.0,21.899999618530273,21.899999618530273,8170
2016-11-01,21.700000762939453,22.0,21.700000762939453,21.700000762939453,21.700000762939453,140
2016-11-02,21.030000686645508,24.399999618530273,21.030000686645508,23.649999618530273,23.649999618530273,920
2016-11-03,23.799999237060547,24.0,21.200000762939453,22.100000381469727,22.100000381469727,3990
2016-11-04,23.0,24.5,22.700000762939453,23.200000762939453,23.200000762939453,7940
2016-11-07,23.0,24.700000762939453,22.5,22.5,22.5,2940
2016-11-08,22.899999618530273,23.5,22.5,22.899999618530273,22.899999618530273,1810
2016-11-09,22.600000381469727,23.799999237060547,22.5,22.700000762939453,22.700000762939453,1040
2016-11-10,22.899999618530273,23.5,22.600000381469727,22.600000381469727,22.600000381469727,3240
2016-11-11,22.899999618530273,24.200000762939453,16.600000381469727,20.299999237060547,20.299999237060547,25330
2016-11-14,20.200000762939453,20.799999237060547,18.100000381469727,18.399999618530273,18.399999618530273,7200
2016-11-15,19.0,19.700000762939453,18.100000381469727,18.100000381469727,18.100000381469727,2540
2016-11-16,18.899999618530273,22.0,18.899999618530273,21.100000381469727,21.100000381469727,9040
2016-11-17,21.200000762939453,23.989999771118164,21.200000762939453,22.399999618530273,22.399999618530273,9500
2016-11-18,22.600000381469727,23.56999969482422,22.5,23.399999618530273,23.399999618530273,3250
2016-11-21,23.399999618530273,24.0,20.5,22.649999618530273,22.649999618530273,5820
2016-11-22,23.200000762939453,23.899999618530273,22.200000762939453,23.0,23.0,4650
2016-11-23,23.200000762939453,23.5,20.899999618530273,23.0,23.0,7090
2016-11-25,23.0,24.700000762939453,23.0,24.700000762939453,24.700000762939453,1590
2016-11-28,24.100000381469727,24.100000381469727,22.56999969482422,23.0,23.0,910
2016-11-29,23.0,23.0,22.5,23.0,23.0,500
2016-11-30,23.0,23.600000381469727,21.200000762939453,22.56999969482422,22.56999969482422,2730
2016-12-01,22.299999237060547,22.5,21.100000381469727,21.200000762939453,21.200000762939453,490
2016-12-02,21.84000015258789,22.5,21.399999618530273,21.399999618530273,21.399999618530273,750
2016-12-05,21.0,21.670000076293945,21.0,21.0,21.0,2090
2016-12-06,20.299999237060547,21.299999237060547,20.290000915527344,20.399999618530273,20.399999618530273,1240
2016-12-07,20.360000610351562,20.360000610351562,19.200000762939453,19.700000762939453,19.700000762939453,2950
2016-12-08,19.5,20.739999771118164,19.5,19.5,19.5,750
2016-12-09,19.600000381469727,20.700000762939453,19.5,20.399999618530273,20.399999618530273,560
2016-12-12,20.399999618530273,20.399999618530273,19.0,19.299999237060547,19.299999237060547,7240
2016-12-13,19.600000381469727,21.5,19.100000381469727,19.100000381469727,19.100000381469727,8430
2016-12-14,18.799999237060547,20.100000381469727,18.299999237060547,18.5,18.5,6760
2016-12-15,18.600000381469727,20.799999237060547,18.100000381469727,18.100000381469727,18.100000381469727,2990
2016-12-16,19.059999465942383,19.059999465942383,17.0,18.399999618530273,18.399999618530273,14250
2016-12-19,17.899999618530273,17.899999618530273,16.899999618530273,17.0,17.0,5070
2016-12-20,16.899999618530273,18.489999771118164,16.899999618530273,18.0,18.0,2870
2016-12-21,17.1299991607666,18.399999618530273,17.0,18.399999618530273,18.399999618530273,5370
2016-12-22,18.0,18.200000762939453,17.1299991607666,18.0,18.0,1200
2016-12-23,18.0,18.0,17.5,18.0,18.0,560
2016-12-27,18.200000762939453,19.0,17.299999237060547,18.399999618530273,18.399999618530273,2680
2016-12-28,18.600000381469727,19.0,17.5,18.799999237060547,18.799999237060547,780
2016-12-29,18.399999618530273,19.700000762939453,17.399999618530273,19.700000762939453,19.700000762939453,5360
2016-12-30,19.399999618530273,20.799999237060547,18.899999618530273,18.899999618530273,18.899999618530273,11830
2017-01-03,18.700000762939453,19.399999618530273,18.0,18.700000762939453,18.700000762939453,1370
2017-01-04,19.299999237060547,19.299999237060547,18.899999618530273,18.899999618530273,18.899999618530273,2870
2017-01-05,19.200000762939453,19.200000762939453,17.600000381469727,18.200000762939453,18.200000762939453,5990
2017-01-06,18.100000381469727,18.899999618530273,18.100000381469727,18.100000381469727,18.100000381469727,1070
2017-01-09,18.899999618530273,19.5,17.700000762939453,18.399999618530273,18.399999618530273,7250
2017-01-10,18.31999969482422,18.899999618530273,18.31999969482422,18.5,18.5,670
2017-01-11,18.399999618530273,18.799999237060547,17.5,18.0,18.0,6260
2017-01-12,17.799999237060547,18.799999237060547,17.600000381469727,18.100000381469727,18.100000381469727,9410
2017-01-13,18.100000381469727,18.299999237060547,16.899999618530273,16.899999618530273,16.899999618530273,2300
2017-01-17,17.200000762939453,17.700000762939453,16.0,16.0,16.0,4390
2017-01-18,17.0,17.100000381469727,16.0,16.299999237060547,16.299999237060547,1680
2017-01-19,16.600000381469727,17.200000762939453,15.199999809265137,16.899999618530273,16.899999618530273,7790
2017-01-20,15.84000015258789,17.399999618530273,15.100000381469727,16.459999084472656,16.459999084472656,4810
2017-01-23,16.399999618530273,17.299999237060547,15.279999732971191,15.279999732971191,15.279999732971191,2370
2017-01-24,15.199999809265137,15.199999809265137,14.100000381469727,14.600000381469727,14.600000381469727,960
2017-01-25,14.100000381469727,16.579999923706055,13.100000381469727,13.399999618530273,13.399999618530273,2280
2017-01-26,13.5,13.899999618530273,11.699999809265137,13.899999618530273,13.899999618530273,15780
2017-01-27,13.699999809265137,13.699999809265137,11.5,12.199999809265137,12.199999809265137,3070
2017-01-30,12.800000190734863,13.699999809265137,12.100000381469727,12.100000381469727,12.100000381469727,2030
2017-01-31,12.399999618530273,13.5,12.300000190734863,12.399999618530273,12.399999618530273,5150
2017-02-01,12.600000381469727,15.100000381469727,12.600000381469727,13.899999618530273,13.899999618530273,5960
2017-02-02,15.300000190734863,15.300000190734863,13.899999618530273,14.100000381469727,14.100000381469727,6190
2017-02-03,15.300000190734863,15.300000190734863,13.0,13.600000381469727,13.600000381469727,4090
2017-02-06,13.699999809265137,14.199999809265137,13.600000381469727,13.600000381469727,13.600000381469727,1740
2017-02-07,13.600000381469727,14.199999809265137,13.100000381469727,13.699999809265137,13.699999809265137,750
2017-02-08,13.800000190734863,13.800000190734863,13.0,13.0,13.0,260
2017-02-09,13.100000381469727,19.399999618530273,12.239999771118164,13.899999618530273,13.899999618530273,62000
2017-02-10,13.5,13.569999694824219,12.5,12.800000190734863,12.800000190734863,3810
2017-02-13,12.869999885559082,14.0,12.600000381469727,13.0,13.0,4000
2017-02-14,13.300000190734863,14.199999809265137,13.0,13.300000190734863,13.300000190734863,5060
2017-02-15,13.899999618530273,14.140000343322754,13.5,13.800000190734863,13.800000190734863,1830
2017-02-16,13.800000190734863,14.899999618530273,13.300000190734863,13.300000190734863,13.300000190734863,1620
2017-02-17,13.5,13.800000190734863,13.300000190734863,13.399999618530273,13.399999618530273,570
2017-02-21,13.5,13.5,13.0,13.199999809265137,13.199999809265137,3050
2017-02-22,13.0,13.5,13.0,13.0,13.0,1790
2017-02-23,13.0,14.5,12.0,12.800000190734863,12.800000190734863,18030
2017-02-24,12.800000190734863,13.199999809265137,12.5,12.5,12.5,1060
2017-02-27,12.600000381469727,12.600000381469727,12.399999618530273,12.479999542236328,12.479999542236328,450
2017-02-28,12.5,12.699999809265137,12.5,12.600000381469727,12.600000381469727,540
2017-03-01,12.100000381469727,12.369999885559082,11.0,11.699999809265137,11.699999809265137,1280
2017-03-02,11.399999618530273,11.899999618530273,11.0,11.100000381469727,11.100000381469727,2100
2017-03-03,11.600000381469727,11.600000381469727,11.25,11.25,11.25,70
2017-03-06,11.699999809265137,11.699999809265137,11.100000381469727,11.100000381469727,11.100000381469727,320
2017-03-07,11.430000305175781,11.430000305175781,11.0,11.300000190734863,11.300000190734863,200
2017-03-08,11.300000190734863,11.84000015258789,11.100000381469727,11.699999809265137,11.699999809265137,630
2017-03-09,11.199999809265137,12.0,11.199999809265137,11.699999809265137,11.699999809265137,930
2017-03-10,11.600000381469727,11.600000381469727,11.199999809265137,11.199999809265137,11.199999809265137,810
2017-03-13,11.199999809265137,11.199999809265137,11.0,11.0,11.0,380
2017-03-14,13.600000381469727,13.600000381469727,11.399999618530273,12.0,12.0,11530
2017-03-15,12.100000381469727,14.0,11.59000015258789,13.5,13.5,8330
2017-03-16,13.979999542236328,14.699999809265137,12.899999618530273,13.0,13.0,10520
2017-03-17,13.5,15.0,13.5,14.479999542236328,14.479999542236328,8770
2017-03-20,14.699999809265137,14.699999809265137,12.0,12.300000190734863,12.300000190734863,12050
2017-03-21,12.100000381469727,12.199999809265137,10.5,11.0,11.0,12630
2017-03-22,11.100000381469727,12.0,11.100000381469727,11.899999618530273,11.899999618530273,1990
2017-03-23,11.399999618530273,13.9399995803833,11.399999618530273,12.899999618530273,12.899999618530273,6530
2017-03-24,12.800000190734863,13.399999618530273,11.5,12.199999809265137,12.199999809265137,3390
2017-03-27,12.800000190734863,12.800000190734863,11.5,12.0,12.0,1790
2017-03-28,11.899999618530273,12.199999809265137,11.5,11.699999809265137,11.699999809265137,1880
2017-03-29,11.800000190734863,12.5,11.5,11.600000381469727,11.600000381469727,1860
2017-03-30,11.5,12.399999618530273,10.699999809265137,11.199999809265137,11.199999809265137,3810
2017-03-31,11.5,12.300000190734863,10.899999618530273,11.699999809265137,11.699999809265137,2990
2017-04-03,11.699999809265137,11.899999618530273,10.899999618530273,11.100000381469727,11.100000381469727,2730
2017-04-04,11.100000381469727,11.5,10.699999809265137,11.100000381469727,11.100000381469727,11680
2017-04-05,11.300000190734863,11.399999618530273,10.300000190734863,10.5,10.5,6610
2017-04-06,10.5,10.5,8.5600004196167,9.899999618530273,9.899999618530273,4860
2017-04-07,9.600000381469727,10.800000190734863,9.100000381469727,10.800000190734863,10.800000190734863,2190
2017-04-10,10.0,10.0,9.0,9.899999618530273,9.899999618530273,6950
2017-04-11,9.119999885559082,9.600000381469727,8.800000190734863,9.399999618530273,9.399999618530273,2690
2017-04-12,9.399999618530273,9.399999618530273,7.309999942779541,7.800000190734863,7.800000190734863,14530
2017-04-13,7.5,7.900000095367432,7.179999828338623,7.179999828338623,7.179999828338623,6900
2017-04-17,6.5,6.5,3.4000000953674316,5.650000095367432,5.650000095367432,20200
2017-04-18,5.900000095367432,5.900000095367432,5.0,5.300000190734863,5.300000190734863,8480
2017-04-19,5.159999847412109,5.389999866485596,4.260000228881836,5.099999904632568,5.099999904632568,3040
2017-04-20,4.800000190734863,5.309999942779541,4.800000190734863,5.300000190734863,5.300000190734863,5160
2017-04-21,5.570000171661377,5.570000171661377,5.0,5.199999809265137,5.199999809265137,1190
2017-04-24,6.599999904632568,8.5,5.579999923706055,8.5,8.5,32530
2017-04-25,8.5,8.5,6.71999979019165,7.010000228881836,7.010000228881836,7850
2017-04-26,7.010000228881836,8.699999809265137,7.010000228881836,8.0,8.0,9640
2017-04-27,8.0,8.1899995803833,7.0,7.699999809265137,7.699999809265137,3000
2017-04-28,7.300000190734863,8.0,6.800000190734863,7.510000228881836,7.510000228881836,11490
2017-05-01,7.099999904632568,7.989999771118164,6.28000020980835,6.679999828338623,6.679999828338623,10420
2017-05-02,6.679999828338623,7.400000095367432,6.449999809265137,6.449999809265137,6.449999809265137,3470
2017-05-03,7.0,7.0,6.010000228881836,6.78000020980835,6.78000020980835,3030
2017-05-04,6.300000190734863,6.679999828338623,6.199999809265137,6.21999979019165,6.21999979019165,1000
2017-05-05,6.239999771118164,6.599999904632568,5.699999809265137,5.739999771118164,5.739999771118164,3420
2017-05-08,6.199999809265137,6.679999828338623,6.0,6.389999866485596,6.389999866485596,1280
2017-05-09,6.389999866485596,6.400000095367432,5.599999904632568,5.900000095367432,5.900000095367432,2370
2017-05-10,5.599999904632568,6.0,5.0,5.900000095367432,5.900000095367432,5330
2017-05-11,5.199999809265137,5.199999809265137,5.0,5.199999809265137,5.199999809265137,2630
2017-05-12,5.329999923706055,5.599999904632568,5.199999809265137,5.5,5.5,180
2017-05-15,5.199999809265137,5.400000095367432,4.570000171661377,4.800000190734863,4.800000190734863,4460
2017-05-16,4.5,4.699999809265137,4.199999809265137,4.300000190734863,4.300000190734863,3430
2017-05-17,4.199999809265137,4.199999809265137,4.0,4.0,4.0,2350
2017-05-18,4.0,4.199999809265137,4.0,4.130000114440918,4.130000114440918,280
2017-05-19,4.019999980926514,4.289999961853027,4.0,4.0,4.0,1050
2017-05-22,3.9000000953674316,3.9000000953674316,2.799999952316284,3.869999885559082,3.869999885559082,8500
2017-05-23,3.0,3.700000047683716,3.0,3.309999942779541,3.309999942779541,1580
2017-05-24,3.180000066757202,5.0,3.180000066757202,4.599999904632568,4.599999904632568,23820
2017-05-25,4.829999923706055,24.0,4.599999904632568,19.299999237060547,19.299999237060547,1179730
2017-05-26,15.899999618530273,18.899999618530273,10.899999618530273,12.800000190734863,12.800000190734863,475010
2017-05-30,11.5,12.699999809265137,10.100000381469727,10.510000228881836,10.510000228881836,72100
2017-05-31,10.800000190734863,18.799999237060547,10.5,13.5,13.5,653190
2017-06-01,22.700000762939453,23.5,17.200000762939453,18.700000762939453,18.700000762939453,1396180
2017-06-02,17.5,17.700000762939453,14.0,15.100000381469727,15.100000381469727,163540
2017-06-05,15.0,16.0,13.5,14.100000381469727,14.100000381469727,67630
2017-06-06,13.899999618530273,16.299999237060547,13.770000457763672,14.800000190734863,14.800000190734863,64810
2017-06-07,16.0,16.0,13.199999809265137,13.699999809265137,13.699999809265137,47010
2017-06-08,13.100000381469727,14.199999809265137,13.0,13.199999809265137,13.199999809265137,24290
2017-06-09,13.199999809265137,13.199999809265137,11.100000381469727,11.899999618530273,11.899999618530273,54330
2017-06-12,10.899999618530273,11.520000457763672,10.899999618530273,10.899999618530273,10.899999618530273,39410
2017-06-13,10.0,14.5,10.0,11.0,11.0,202690
2017-06-14,10.5,11.399999618530273,8.0,8.899999618530273,8.899999618530273,78670
2017-06-15,8.800000190734863,9.279999732971191,8.109999656677246,8.109999656677246,8.109999656677246,31290
2017-06-16,7.809999942779541,8.109999656677246,5.699999809265137,7.889999866485596,7.889999866485596,89500
2017-06-19,6.510000228881836,7.900000095367432,6.510000228881836,7.900000095367432,7.900000095367432,25680
2017-06-20,7.099999904632568,7.599999904632568,6.800000190734863,7.0,7.0,33140
2017-06-21,6.650000095367432,8.5,6.650000095367432,7.760000228881836,7.760000228881836,55780
2017-06-22,7.46999979019165,8.300000190734863,7.46999979019165,8.100000381469727,8.100000381469727,21390
2017-06-23,7.840000152587891,8.0,7.400000095367432,7.679999828338623,7.679999828338623,9550
2017-06-26,7.539999961853027,7.900000095367432,7.199999809265137,7.5,7.5,7620
2017-06-27,7.349999904632568,7.789999961853027,7.0,7.510000228881836,7.510000228881836,8160
2017-06-28,7.5,7.699999809265137,7.199999809265137,7.440000057220459,7.440000057220459,8580
2017-06-29,7.199999809265137,7.349999904632568,6.699999809265137,7.0,7.0,13060
2017-06-30,7.599999904632568,12.800000190734863,7.349999904632568,8.899999618530273,8.899999618530273,350350
2017-07-03,9.979999542236328,9.979999542236328,8.100000381469727,8.3100004196167,8.3100004196167,40060
2017-07-05,8.729999542236328,8.729999542236328,7.420000076293945,7.699999809265137,7.699999809265137,26600
2017-07-06,7.400000095367432,7.5,6.5,6.690000057220459,6.690000057220459,50590
2017-07-07,5.800000190734863,6.260000228881836,5.099999904632568,5.78000020980835,5.78000020980835,36690
2017-07-10,5.949999809265137,5.949999809265137,5.0,5.099999904632568,5.099999904632568,23850
2017-07-11,5.0,5.300000190734863,5.0,5.039999961853027,5.039999961853027,10320
2017-07-12,5.039999961853027,8.899999618530273,5.039999961853027,6.099999904632568,6.099999904632568,373550
2017-07-13,6.78000020980835,9.399999618530273,6.300000190734863,7.050000190734863,7.050000190734863,335420
2017-07-14,7.550000190734863,8.199999809265137,6.400000095367432,6.900000095367432,6.900000095367432,142770
2017-07-17,6.900000095367432,6.900000095367432,6.300000190734863,6.670000076293945,6.670000076293945,23590
2017-07-18,6.670000076293945,6.670000076293945,5.900000095367432,6.400000095367432,6.400000095367432,36760
2017-07-19,6.71999979019165,6.71999979019165,5.800000190734863,5.980000019073486,5.980000019073486,31220
2017-07-20,6.0,6.199999809265137,5.71999979019165,5.869999885559082,5.869999885559082,20910
2017-07-21,5.800000190734863,5.900000095367432,5.099999904632568,5.400000095367432,5.400000095367432,50740
2017-07-24,6.0,6.0,5.400000095367432,5.420000076293945,5.420000076293945,13520
2017-07-25,5.599999904632568,5.699999809265137,5.599999904632568,5.699999809265137,5.699999809265137,6240
2017-07-26,5.599999904632568,5.599999904632568,5.0,5.329999923706055,5.329999923706055,17250
2017-07-27,5.050000190734863,5.389999866485596,5.0,5.230000019073486,5.230000019073486,8790
2017-07-28,5.25,5.25,5.0,5.190000057220459,5.190000057220459,9770
2017-07-31,5.079999923706055,5.25,4.75,4.909999847412109,4.909999847412109,17420
2017-08-01,5.0,5.599999904632568,4.769999980926514,5.369999885559082,5.369999885559082,11800
2017-08-02,5.369999885559082,6.0,5.039999961853027,5.599999904632568,5.599999904632568,15870
2017-08-03,5.900000095367432,5.900000095367432,4.900000095367432,5.0,5.0,34640
2017-08-04,5.03000020980835,5.039999961853027,4.75,4.989999771118164,4.989999771118164,8750
2017-08-07,4.800000190734863,4.980000019073486,4.75,4.900000095367432,4.900000095367432,5690
2017-08-08,4.75,4.800000190734863,4.300000190734863,4.699999809265137,4.699999809265137,17780
2017-08-09,4.599999904632568,4.900000095367432,4.300000190734863,4.570000171661377,4.570000171661377,15320
2017-08-10,4.800000190734863,4.800000190734863,4.21999979019165,4.449999809265137,4.449999809265137,21720
2017-08-11,4.199999809265137,4.659999847412109,4.0,4.300000190734863,4.300000190734863,7550
2017-08-14,4.099999904632568,4.599999904632568,4.0,4.440000057220459,4.440000057220459,5500
2017-08-15,4.449999809265137,4.5,4.199999809265137,4.300000190734863,4.300000190734863,4290
2017-08-16,4.25,4.489999771118164,4.199999809265137,4.349999904632568,4.349999904632568,8920
2017-08-17,4.349999904632568,6.0,4.170000076293945,4.710000038146973,4.710000038146973,89110
2017-08-18,4.599999904632568,4.800000190734863,4.400000095367432,4.639999866485596,4.639999866485596,5840
2017-08-21,4.5,4.699999809265137,4.230000019073486,4.329999923706055,4.329999923706055,20850
2017-08-22,4.199999809265137,4.5,4.050000190734863,4.119999885559082,4.119999885559082,11820
2017-08-23,4.050000190734863,4.25,3.799999952316284,3.809999942779541,3.809999942779541,19830
2017-08-24,3.990000009536743,5.090000152587891,3.799999952316284,3.799999952316284,3.799999952316284,98800
2017-08-25,3.8499999046325684,4.400000095367432,3.8299999237060547,4.199999809265137,4.199999809265137,44220
2017-08-28,4.409999847412109,4.5,3.809999942779541,4.079999923706055,4.079999923706055,14230
2017-08-29,4.099999904632568,4.199999809265137,3.9800000190734863,4.090000152587891,4.090000152587891,11960
2017-08-30,3.9000000953674316,4.090000152587891,3.809999942779541,4.0,4.0,16060
2017-08-31,4.150000095367432,4.150000095367432,3.859999895095825,3.9000000953674316,3.9000000953674316,7900
2017-09-01,4.099999904632568,4.099999904632568,3.799999952316284,3.799999952316284,3.799999952316284,12670
2017-09-05,3.799999952316284,3.890000104904175,3.799999952316284,3.799999952316284,3.799999952316284,9500
2017-09-06,3.799999952316284,3.809999942779541,3.5,3.630000114440918,3.630000114440918,14680
2017-09-07,3.799999952316284,3.9000000953674316,3.5999999046325684,3.609999895095825,3.609999895095825,13520
2017-09-08,3.5999999046325684,3.799999952316284,3.549999952316284,3.700000047683716,3.700000047683716,10980
2017-09-11,3.75,3.799999952316284,3.5999999046325684,3.75,3.75,15390
2017-09-12,3.7200000286102295,4.400000095367432,3.6600000858306885,4.199999809265137,4.199999809265137,49530
2017-09-13,3.990000009536743,7.360000133514404,3.509999990463257,4.619999885559082,4.619999885559082,363750
2017-09-14,4.53000020980835,6.489999771118164,4.21999979019165,5.050000190734863,5.050000190734863,138200
2017-09-15,5.460000038146973,6.0,4.300000190734863,4.610000133514404,4.610000133514404,59240
2017-09-18,4.900000095367432,5.0,4.409999847412109,4.599999904632568,4.599999904632568,18260
2017-09-19,1.5,1.7000000476837158,0.8299999833106995,1.190000057220459,1.190000057220459,3580640
2017-09-20,1.2000000476837158,1.4700000286102295,1.100000023841858,1.2300000190734863,1.2300000190734863,1674950
2017-09-21,1.2899999618530273,1.3799999952316284,1.0800000429153442,1.159999966621399,1.159999966621399,1217390
2017-09-22,1.2000000476837158,1.2200000286102295,1.0,1.0299999713897705,1.0299999713897705,583190
2017-09-25,1.2000000476837158,1.5,1.1299999952316284,1.309999942779541,1.309999942779541,3320780
2017-09-26,1.3600000143051147,1.3700000047683716,1.1799999475479126,1.2100000381469727,1.2100000381469727,1137320
2017-09-27,1.25,1.25,1.149999976158142,1.1799999475479126,1.1799999475479126,509200
2017-09-28,1.149999976158142,1.25,1.100000023841858,1.149999976158142,1.149999976158142,439450
2017-09-29,1.2000000476837158,1.2000000476837158,1.1299999952316284,1.1799999475479126,1.1799999475479126,403540
2017-10-02,1.2000000476837158,1.2000000476837158,1.100000023841858,1.149999976158142,1.149999976158142,388640
2017-10-03,1.1100000143051147,1.2000000476837158,1.100000023841858,1.1299999952316284,1.1299999952316284,578070
2017-10-04,1.1100000143051147,1.1699999570846558,1.100000023841858,1.1100000143051147,1.1100000143051147,373680
2017-10-05,1.100000023841858,1.1100000143051147,1.0199999809265137,1.0399999618530273,1.0399999618530273,515970
2017-10-06,1.0700000524520874,1.100000023841858,1.0199999809265137,1.0399999618530273,1.0399999618530273,292630
2017-10-09,1.0800000429153442,1.0800000429153442,1.0,1.059999942779541,1.059999942779541,280650
2017-10-10,1.059999942779541,1.2100000381469727,1.0399999618530273,1.1299999952316284,1.1299999952316284,809530
2017-10-11,1.159999966621399,1.1799999475479126,1.0800000429153442,1.1100000143051147,1.1100000143051147,340610
2017-10-12,1.600000023841858,1.940000057220459,1.3600000143051147,1.4600000381469727,1.4600000381469727,4613720
2017-10-13,1.5299999713897705,1.5399999618530273,1.2599999904632568,1.2899999618530273,1.2899999618530273,931460
2017-10-16,1.340000033378601,1.340000033378601,1.2000000476837158,1.25,1.25,530290
2017-10-17,1.3200000524520874,1.340000033378601,1.2400000095367432,1.2899999618530273,1.2899999618530273,417560
2017-10-18,1.2899999618530273,1.4500000476837158,1.2300000190734863,1.399999976158142,1.399999976158142,970620
2017-10-19,1.4900000095367432,1.5499999523162842,1.350000023841858,1.3700000047683716,1.3700000047683716,821340
2017-10-20,1.399999976158142,1.409999966621399,1.2999999523162842,1.340000033378601,1.340000033378601,360770
2017-10-23,1.409999966621399,1.4500000476837158,1.3200000524520874,1.399999976158142,1.399999976158142,383150
2017-10-24,1.3700000047683716,1.4800000190734863,1.350000023841858,1.3600000143051147,1.3600000143051147,571070
2017-10-25,1.350000023841858,1.3899999856948853,1.2000000476837158,1.2699999809265137,1.2699999809265137,642820
2017-10-26,1.309999942779541,1.350000023841858,1.2000000476837158,1.3200000524520874,1.3200000524520874,350460
2017-10-27,1.2999999523162842,1.3600000143051147,1.2599999904632568,1.2799999713897705,1.2799999713897705,330190
2017-10-30,1.4700000286102295,1.649999976158142,1.2999999523162842,1.2999999523162842,1.2999999523162842,1389250
2017-10-31,1.340000033378601,1.340000033378601,1.25,1.2699999809265137,1.2699999809265137,465150
2017-11-01,1.25,1.2899999618530273,1.2200000286102295,1.2300000190734863,1.2300000190734863,278120
2017-11-02,1.2300000190734863,1.2699999809265137,1.2200000286102295,1.25,1.25,198970
2017-11-03,1.2799999713897705,1.2899999618530273,1.2200000286102295,1.2400000095367432,1.2400000095367432,279250
2017-11-06,1.309999942779541,1.309999942779541,1.2300000190734863,1.2400000095367432,1.2400000095367432,268630
2017-11-07,1.2000000476837158,1.25,1.159999966621399,1.25,1.25,446060
2017-11-08,12.0,26.100000381469727,10.0,13.699999809265137,13.699999809265137,1021980
2017-11-09,13.699999809265137,14.0,12.0,12.899999618530273,12.899999618530273,87220
2017-11-10,12.600000381469727,12.699999809265137,11.5,12.300000190734863,12.300000190734863,36860
2017-11-13,12.800000190734863,12.800000190734863,11.100000381469727,11.199999809265137,11.199999809265137,62050
2017-11-14,11.0,11.5,10.899999618530273,11.199999809265137,11.199999809265137,27350
2017-11-15,12.399999618530273,13.1899995803833,11.300000190734863,11.600000381469727,11.600000381469727,132230
2017-11-16,11.5,11.899999618530273,11.399999618530273,11.399999618530273,11.399999618530273,30310
2017-11-17,11.199999809265137,11.600000381469727,11.100000381469727,11.600000381469727,11.600000381469727,30590
2017-11-20,11.5,12.800000190734863,11.199999809265137,11.800000190734863,11.800000190734863,78420
2017-11-21,12.100000381469727,12.300000190734863,11.199999809265137,11.800000190734863,11.800000190734863,41310
2017-11-22,12.300000190734863,12.600000381469727,11.5,11.899999618530273,11.899999618530273,30600
2017-11-24,11.899999618530273,11.899999618530273,11.5,11.800000190734863,11.800000190734863,17520
2017-11-27,11.5,11.529999732971191,11.0,11.100000381469727,11.100000381469727,42020
2017-11-28,11.0,11.600000381469727,10.5,10.5,10.5,30360
2017-11-29,10.899999618530273,10.899999618530273,10.5,10.800000190734863,10.800000190734863,33700
2017-11-30,10.699999809265137,10.800000190734863,10.5,10.6899995803833,10.6899995803833,20800
2017-12-01,10.5,10.5,9.600000381469727,9.789999961853027,9.789999961853027,38660
2017-12-04,9.600000381469727,9.699999809265137,8.529999732971191,8.800000190734863,8.800000190734863,55000
2017-12-05,8.699999809265137,8.960000038146973,6.210000038146973,6.659999847412109,6.659999847412109,132570
2017-12-06,6.699999809265137,6.699999809265137,5.300000190734863,5.800000190734863,5.800000190734863,87790
2017-12-07,6.0,6.0,5.119999885559082,5.329999923706055,5.329999923706055,29440
2017-12-08,5.300000190734863,8.770000457763672,5.099999904632568,6.690000057220459,6.690000057220459,463860
2017-12-11,6.599999904632568,7.300000190734863,6.0,6.289999961853027,6.289999961853027,106600
2017-12-12,6.019999980926514,6.230000019073486,5.5,5.599999904632568,5.599999904632568,55050
2017-12-13,5.730000019073486,6.300000190734863,5.699999809265137,5.800000190734863,5.800000190734863,41640
2017-12-14,5.5,5.900000095367432,5.5,5.699999809265137,5.699999809265137,23380
2017-12-15,6.090000152587891,6.090000152587891,5.599999904632568,5.670000076293945,5.670000076293945,31520
2017-12-18,5.699999809265137,6.400000095367432,5.599999904632568,6.079999923706055,6.079999923706055,86190
2017-12-19,5.949999809265137,6.300000190734863,5.800000190734863,6.099999904632568,6.099999904632568,26010
2017-12-20,6.300000190734863,6.300000190734863,5.849999904632568,6.0,6.0,11620
2017-12-21,6.099999904632568,6.099999904632568,5.800000190734863,5.849999904632568,5.849999904632568,18120
2017-12-22,5.880000114440918,7.5,5.800000190734863,6.0,6.0,106170
2017-12-26,6.0,6.300000190734863,5.949999809265137,6.0,6.0,19100
2017-12-27,6.0,7.949999809265137,6.0,6.849999904632568,6.849999904632568,216570
2017-12-28,6.900000095367432,7.789999961853027,6.5,6.5,6.5,110260
2017-12-29,6.5,6.800000190734863,6.199999809265137,6.389999866485596,6.389999866485596,30800
2018-01-02,6.199999809265137,6.900000095367432,6.199999809265137,6.429999828338623,6.429999828338623,27880
2018-01-03,6.230000019073486,6.5,6.110000133514404,6.230000019073486,6.230000019073486,32970
2018-01-04,6.230000019073486,7.400000095367432,6.199999809265137,6.980000019073486,6.980000019073486,124700
2018-01-05,7.349999904632568,8.399999618530273,7.0,7.289999961853027,7.289999961853027,214090
2018-01-08,7.400000095367432,7.480000019073486,6.5,6.889999866485596,6.889999866485596,45260
2018-01-09,6.800000190734863,7.159999847412109,6.699999809265137,6.900000095367432,6.900000095367432,24500
2018-01-10,7.0,7.0,6.599999904632568,6.650000095367432,6.650000095367432,16450
2018-01-11,6.849999904632568,6.849999904632568,6.300000190734863,6.400000095367432,6.400000095367432,30930
2018-01-12,6.599999904632568,6.599999904632568,6.300000190734863,6.349999904632568,6.349999904632568,17840
2018-01-16,15.100000381469727,15.899999618530273,9.350000381469727,10.399999618530273,10.399999618530273,1803280
2018-01-17,9.399999618530273,9.5,8.109999656677246,8.699999809265137,8.699999809265137,208700
2018-01-18,12.600000381469727,14.0,10.300000190734863,10.899999618530273,10.899999618530273,1964750
2018-01-19,11.5,12.300000190734863,10.800000190734863,11.199999809265137,11.199999809265137,292740
2018-01-22,11.0,11.199999809265137,9.399999618530273,9.800000190734863,9.800000190734863,212240
2018-01-23,9.300000190734863,9.399999618530273,9.0,9.279999732971191,9.279999732971191,107040
2018-01-24,11.899999618530273,12.0,10.399999618530273,10.800000190734863,10.800000190734863,665190
2018-01-25,10.800000190734863,10.800000190734863,10.100000381469727,10.300000190734863,10.300000190734863,96190
2018-01-26,10.300000190734863,11.300000190734863,10.300000190734863,10.90999984741211,10.90999984741211,230190
2018-01-29,10.899999618530273,10.899999618530273,10.199999809265137,10.5,10.5,57090
2018-01-30,10.5,10.699999809265137,9.899999618530273,9.989999771118164,9.989999771118164,84300
2018-01-31,10.100000381469727,10.15999984741211,8.699999809265137,9.289999961853027,9.289999961853027,85720
2018-02-01,9.300000190734863,9.300000190734863,8.800000190734863,9.020000457763672,9.020000457763672,46110
2018-02-02,9.020000457763672,9.149999618530273,8.899999618530273,8.899999618530273,8.899999618530273,37490
2018-02-05,8.819999694824219,8.930000305175781,8.069999694824219,8.100000381469727,8.100000381469727,50640
2018-02-06,7.5,7.800000190734863,7.199999809265137,7.510000228881836,7.510000228881836,115110
2018-02-07,8.199999809265137,8.699999809265137,7.829999923706055,8.199999809265137,8.199999809265137,73090
2018-02-08,8.0,8.039999961853027,7.78000020980835,7.940000057220459,7.940000057220459,19190
2018-02-09,8.069999694824219,8.199999809265137,6.710000038146973,7.5,7.5,63590
2018-02-12,7.5,7.789999961853027,6.599999904632568,7.300000190734863,7.300000190734863,71820
2018-02-13,7.130000114440918,7.300000190734863,7.0,7.28000020980835,7.28000020980835,22060
2018-02-14,7.199999809265137,8.300000190734863,7.199999809265137,8.199999809265137,8.199999809265137,113920
2018-02-15,7.980000019073486,8.5,7.800000190734863,8.229999542236328,8.229999542236328,35480
2018-02-16,8.399999618530273,8.399999618530273,7.800000190734863,7.860000133514404,7.860000133514404,36690
2018-02-20,8.050000190734863,8.050000190734863,7.300000190734863,7.760000228881836,7.760000228881836,44350
2018-02-21,7.699999809265137,7.800000190734863,7.300000190734863,7.400000095367432,7.400000095367432,21750
2018-02-22,7.400000095367432,8.0,7.400000095367432,7.519999980926514,7.519999980926514,49580
2018-02-23,7.590000152587891,8.100000381469727,7.5,7.849999904632568,7.849999904632568,33130
2018-02-26,7.900000095367432,8.130000114440918,7.599999904632568,7.800000190734863,7.800000190734863,8820
2018-02-27,7.599999904632568,7.920000076293945,7.070000171661377,7.699999809265137,7.699999809265137,41720
2018-02-28,7.460000038146973,7.699999809265137,7.400000095367432,7.5,7.5,15510
2018-03-01,7.570000171661377,8.300000190734863,7.5,7.800000190734863,7.800000190734863,31060
2018-03-02,7.599999904632568,7.800000190734863,7.599999904632568,7.610000133514404,7.610000133514404,7040
2018-03-05,7.710000038146973,7.909999847412109,7.599999904632568,7.800000190734863,7.800000190734863,26920
2018-03-06,7.949999809265137,8.109999656677246,7.800000190734863,8.050000190734863,8.050000190734863,34450
2018-03-07,8.199999809265137,8.199999809265137,7.900000095367432,7.960000038146973,7.960000038146973,14230
2018-03-08,8.0,8.039999961853027,7.800000190734863,7.889999866485596,7.889999866485596,26510
2018-03-09,7.829999923706055,8.199999809265137,7.800000190734863,8.100000381469727,8.100000381469727,32570
2018-03-12,8.100000381469727,9.0,8.100000381469727,8.899999618530273,8.899999618530273,64880
2018-03-13,8.100000381469727,8.899999618530273,8.100000381469727,8.899999618530273,8.899999618530273,14010
2018-03-14,8.789999961853027,8.789999961853027,8.350000381469727,8.600000381469727,8.600000381469727,19590
2018-03-15,8.399999618530273,8.600000381469727,8.119999885559082,8.4399995803833,8.4399995803833,11540
2018-03-16,8.600000381469727,8.600000381469727,7.599999904632568,7.800000190734863,7.800000190734863,53170
2018-03-19,7.800000190734863,7.900000095367432,7.300000190734863,7.5,7.5,37090
2018-03-20,7.590000152587891,7.800000190734863,7.0,7.440000057220459,7.440000057220459,48860
2018-03-21,7.449999809265137,7.599999904632568,7.179999828338623,7.349999904632568,7.349999904632568,24910
2018-03-22,7.320000171661377,7.449999809265137,7.239999771118164,7.25,7.25,10700
2018-03-23,7.360000133514404,7.360000133514404,7.010000228881836,7.090000152587891,7.090000152587891,16950
2018-03-26,7.010000228881836,7.25,6.730000019073486,6.860000133514404,6.860000133514404,25240
2018-03-27,6.400000095367432,6.730000019073486,6.199999809265137,6.400000095367432,6.400000095367432,26590
2018-03-28,6.0,6.0,5.099999904632568,5.400000095367432,5.400000095367432,74970
2018-03-29,5.599999904632568,6.0,5.5,5.710000038146973,5.710000038146973,24110
2018-04-02,6.0,6.0,5.21999979019165,5.309999942779541,5.309999942779541,18000
2018-04-03,5.420000076293945,5.599999904632568,4.599999904632568,4.800000190734863,4.800000190734863,40040
2018-04-04,4.849999904632568,4.960000038146973,3.940000057220459,4.170000076293945,4.170000076293945,51540
2018-04-05,4.309999942779541,4.789999961853027,4.199999809265137,4.599999904632568,4.599999904632568,32840
2018-04-06,4.599999904632568,4.650000095367432,4.300000190734863,4.449999809265137,4.449999809265137,19770
2018-04-09,4.730000019073486,4.730000019073486,4.5,4.619999885559082,4.619999885559082,15650
2018-04-10,4.599999904632568,4.71999979019165,4.599999904632568,4.679999828338623,4.679999828338623,14850
2018-04-11,4.679999828338623,5.5,4.679999828338623,5.369999885559082,5.369999885559082,64820
2018-04-12,5.179999828338623,5.96999979019165,5.0,5.199999809265137,5.199999809265137,44890
2018-04-13,5.199999809265137,5.599999904632568,5.010000228881836,5.239999771118164,5.239999771118164,24330
2018-04-16,5.239999771118164,5.300000190734863,5.050000190734863,5.199999809265137,5.199999809265137,11690
2018-04-17,6.5,6.900000095367432,5.5,5.550000190734863,5.550000190734863,116160
2018-04-18,5.800000190734863,5.800000190734863,5.300000190734863,5.369999885559082,5.369999885559082,24120
2018-04-19,5.400000095367432,5.400000095367432,5.179999828338623,5.300000190734863,5.300000190734863,15270
2018-04-20,5.179999828338623,5.300000190734863,5.050000190734863,5.139999866485596,5.139999866485596,11310
2018-04-23,5.139999866485596,5.300000190734863,4.800000190734863,4.909999847412109,4.909999847412109,21500
2018-04-24,4.909999847412109,4.909999847412109,4.909999847412109,4.909999847412109,4.909999847412109,0
2018-04-25,4.909999847412109,4.909999847412109,4.909999847412109,4.909999847412109,4.909999847412109,0
2018-04-26,4.909999847412109,4.909999847412109,4.909999847412109,4.909999847412109,4.909999847412109,0
2018-04-27,4.909999847412109,4.909999847412109,4.909999847412109,4.909999847412109,4.909999847412109,0
2018-04-30,4.909999847412109,4.909999847412109,4.909999847412109,4.909999847412109,4.909999847412109,0
2018-05-01,4.909999847412109,4.909999847412109,4.909999847412109,4.909999847412109,4.909999847412109,0
2018-05-02,4.909999847412109,4.909999847412109,4.909999847412109,4.909999847412109,4.909999847412109,0
2018-05-03,4.909999847412109,4.909999847412109,4.909999847412109,4.909999847412109,4.909999847412109,0
2018-05-04,4.909999847412109,4.909999847412109,4.909999847412109,4.909999847412109,4.909999847412109,0
2018-05-07,4.909999847412109,4.909999847412109,4.909999847412109,4.909999847412109,4.909999847412109,0
2018-05-08,4.900000095367432,5.099999904632568,4.5,4.5,4.5,25360
2018-05-09,4.099999904632568,5.03000020980835,4.099999904632568,4.630000114440918,4.630000114440918,63890
2018-05-10,5.0,5.0,4.519999980926514,4.699999809265137,4.699999809265137,27670
2018-05-11,4.699999809265137,4.699999809265137,4.550000190734863,4.550000190734863,4.550000190734863,9760
2018-05-14,4.650000095367432,4.650000095367432,4.519999980926514,4.519999980926514,4.519999980926514,14570
2018-05-15,4.519999980926514,4.519999980926514,4.300000190734863,4.400000095367432,4.400000095367432,9180
2018-05-16,4.300000190734863,4.5,4.099999904632568,4.099999904632568,4.099999904632568,15740
2018-05-17,4.099999904632568,4.300000190734863,4.0,4.019999980926514,4.019999980926514,18270
2018-05-18,4.0,4.0,3.799999952316284,3.799999952316284,3.799999952316284,17520
2018-05-21,3.799999952316284,5.0,3.799999952316284,3.9200000762939453,3.9200000762939453,192380
2018-05-22,4.079999923706055,4.699999809265137,3.9000000953674316,4.119999885559082,4.119999885559082,76310
2018-05-23,4.320000171661377,4.480000019073486,4.050000190734863,4.099999904632568,4.099999904632568,20090
2018-05-24,4.309999942779541,4.380000114440918,4.050000190734863,4.099999904632568,4.099999904632568,10700
2018-05-25,4.199999809265137,4.300000190734863,4.050000190734863,4.079999923706055,4.079999923706055,9420
2018-05-29,4.0,4.099999904632568,3.9000000953674316,4.039999961853027,4.039999961853027,20920
2018-05-30,4.010000228881836,4.039999961853027,3.930000066757202,3.9800000190734863,3.9800000190734863,4860
2018-05-31,4.050000190734863,4.050000190734863,3.4000000953674316,3.609999895095825,3.609999895095825,49540
2018-06-01,3.700000047683716,3.700000047683716,3.609999895095825,3.609999895095825,3.609999895095825,22380
2018-06-04,3.7899999618530273,3.799999952316284,3.609999895095825,3.609999895095825,3.609999895095825,14430
2018-06-05,3.5999999046325684,3.7799999713897705,3.299999952316284,3.380000114440918,3.380000114440918,11230
2018-06-06,3.549999952316284,3.5999999046325684,3.5,3.5299999713897705,3.5299999713897705,9000
2018-06-07,3.5999999046325684,3.5999999046325684,3.450000047683716,3.490000009536743,3.490000009536743,10940
2018-06-08,3.5,3.5799999237060547,3.5,3.5199999809265137,3.5199999809265137,5460
2018-06-11,3.5999999046325684,3.609999895095825,3.4000000953674316,3.4000000953674316,3.4000000953674316,9340
2018-06-12,3.5,3.5,3.4000000953674316,3.490000009536743,3.490000009536743,4860
2018-06-13,3.5,6.5,3.4200000762939453,4.329999923706055,4.329999923706055,414370
2018-06-14,4.800000190734863,4.96999979019165,4.159999847412109,4.360000133514404,4.360000133514404,106270
2018-06-15,4.400000095367432,4.429999828338623,4.099999904632568,4.110000133514404,4.110000133514404,24880
2018-06-18,4.099999904632568,4.099999904632568,3.8499999046325684,4.0,4.0,25930
2018-06-19,4.0,4.079999923706055,3.700000047683716,3.9100000858306885,3.9100000858306885,34220
2018-06-20,4.099999904632568,4.099999904632568,3.799999952316284,3.9000000953674316,3.9000000953674316,10830
2018-06-21,4.090000152587891,4.090000152587891,3.5999999046325684,3.7899999618530273,3.7899999618530273,9670
2018-06-22,3.5,3.799999952316284,3.5,3.619999885559082,3.619999885559082,20230
2018-06-25,3.609999895095825,3.799999952316284,3.5399999618530273,3.559999942779541,3.559999942779541,5840
2018-06-26,3.6700000762939453,3.700000047683716,3.5399999618530273,3.700000047683716,3.700000047683716,14870
2018-06-27,3.799999952316284,4.400000095367432,3.609999895095825,4.300000190734863,4.300000190734863,135920
2018-06-28,4.800000190734863,6.599999904632568,4.300000190734863,4.400000095367432,4.400000095367432,595690
2018-06-29,4.619999885559082,4.840000152587891,3.799999952316284,3.880000114440918,3.880000114440918,82060
2018-07-02,4.070000171661377,4.079999923706055,3.799999952316284,3.8399999141693115,3.8399999141693115,30890
2018-07-03,4.0,5.400000095367432,3.8499999046325684,4.0,4.0,112070
2018-07-05,4.199999809265137,4.900000095367432,4.199999809265137,4.300000190734863,4.300000190734863,44480
2018-07-06,4.5,4.5,4.039999961853027,4.179999828338623,4.179999828338623,36770
2018-07-09,4.199999809265137,4.199999809265137,3.799999952316284,3.9100000858306885,3.9100000858306885,43330
2018-07-10,4.099999904632568,4.110000133514404,3.9000000953674316,3.9200000762939453,3.9200000762939453,29190
2018-07-11,4.119999885559082,4.119999885559082,3.9000000953674316,4.050000190734863,4.050000190734863,16940
2018-07-12,4.099999904632568,4.599999904632568,3.950000047683716,4.25,4.25,167840
2018-07-13,4.449999809265137,4.449999809265137,4.0,4.099999904632568,4.099999904632568,17710
2018-07-16,4.300000190734863,4.300000190734863,4.0,4.099999904632568,4.099999904632568,16550
2018-07-17,4.150000095367432,4.400000095367432,4.0,4.199999809265137,4.199999809265137,94700
2018-07-18,4.199999809265137,4.300000190734863,4.099999904632568,4.21999979019165,4.21999979019165,33870
2018-07-19,4.400000095367432,4.400000095367432,4.150000095367432,4.199999809265137,4.199999809265137,22110
2018-07-20,4.199999809265137,4.199999809265137,4.0,4.099999904632568,4.099999904632568,14940
2018-07-23,4.170000076293945,4.179999828338623,4.0,4.050000190734863,4.050000190734863,11030
2018-07-24,4.010000228881836,4.349999904632568,4.010000228881836,4.110000133514404,4.110000133514404,73790
2018-07-25,4.159999847412109,4.199999809265137,4.050000190734863,4.070000171661377,4.070000171661377,12210
2018-07-26,4.199999809265137,4.199999809265137,3.7799999713897705,3.950000047683716,3.950000047683716,17210
2018-07-27,4.099999904632568,4.099999904632568,3.799999952316284,3.859999895095825,3.859999895095825,13870
2018-07-30,4.0,4.0,3.809999942779541,3.9000000953674316,3.9000000953674316,15480
2018-07-31,4.099999904632568,4.099999904632568,3.809999942779541,3.9800000190734863,3.9800000190734863,13200
2018-08-01,3.799999952316284,3.9000000953674316,3.759999990463257,3.809999942779541,3.809999942779541,15840
2018-08-02,4.0,4.0,3.740000009536743,3.799999952316284,3.799999952316284,10730
2018-08-03,3.950000047683716,3.950000047683716,3.75,3.799999952316284,3.799999952316284,9320
2018-08-06,4.0,4.0,3.7300000190734863,3.7799999713897705,3.7799999713897705,12690
2018-08-07,3.799999952316284,3.859999895095825,3.700000047683716,3.700000047683716,3.700000047683716,12910
2018-08-08,3.819999933242798,3.819999933242798,3.690000057220459,3.740000009536743,3.740000009536743,10090
2018-08-09,3.6500000953674316,3.809999942779541,3.6500000953674316,3.700000047683716,3.700000047683716,9910
2018-08-10,3.799999952316284,3.799999952316284,3.6700000762939453,3.6700000762939453,3.6700000762939453,8700
2018-08-13,3.700000047683716,3.7200000286102295,3.4000000953674316,3.450000047683716,3.450000047683716,19010
2018-08-14,3.549999952316284,3.569999933242798,3.049999952316284,3.190000057220459,3.190000057220459,24250
2018-08-15,3.049999952316284,3.2799999713897705,2.700000047683716,3.0,3.0,28990
2018-08-16,3.049999952316284,3.0999999046325684,2.9100000858306885,2.930000066757202,2.930000066757202,4670
2018-08-17,3.0799999237060547,3.0999999046325684,2.9000000953674316,2.9100000858306885,2.9100000858306885,8290
2018-08-20,3.0,3.0,2.75,2.819999933242798,2.819999933242798,12360
2018-08-21,2.940000057220459,2.990000009536743,2.690000057220459,2.7200000286102295,2.7200000286102295,13640
2018-08-22,2.859999895095825,2.9000000953674316,2.700000047683716,2.8499999046325684,2.8499999046325684,8350
2018-08-23,2.8399999141693115,2.950000047683716,2.75,2.9000000953674316,2.9000000953674316,15460
2018-08-24,2.990000009536743,3.0,2.799999952316284,2.9600000381469727,2.9600000381469727,11190
2018-08-27,3.0,3.5,2.9000000953674316,3.200000047683716,3.200000047683716,82710
2018-08-28,3.200000047683716,3.390000104904175,3.0,3.2899999618530273,3.2899999618530273,27160
2018-08-29,3.369999885559082,3.549999952316284,3.200000047683716,3.4100000858306885,3.4100000858306885,25990
2018-08-30,3.4100000858306885,4.050000190734863,3.4100000858306885,3.809999942779541,3.809999942779541,53300
2018-08-31,4.269999980926514,4.5,3.7100000381469727,4.090000152587891,4.090000152587891,67260
2018-09-04,3.700000047683716,3.9000000953674316,3.200000047683716,3.630000114440918,3.630000114440918,54630
2018-09-05,3.5,3.690000057220459,3.299999952316284,3.359999895095825,3.359999895095825,18420
2018-09-06,3.299999952316284,3.5,3.299999952316284,3.430000066757202,3.430000066757202,9880
2018-09-07,3.5999999046325684,3.5999999046325684,3.299999952316284,3.4800000190734863,3.4800000190734863,10730
2018-09-10,3.5899999141693115,3.5899999141693115,3.3299999237060547,3.5,3.5,18950
2018-09-11,3.5,3.799999952316284,3.359999895095825,3.75,3.75,46240
2018-09-12,3.4000000953674316,3.6600000858306885,3.359999895095825,3.359999895095825,3.359999895095825,43010
2018-09-13,3.490000009536743,3.5,3.299999952316284,3.299999952316284,3.299999952316284,15920
2018-09-14,3.200000047683716,3.299999952316284,3.0,3.059999942779541,3.059999942779541,21510
2018-09-17,3.069999933242798,3.200000047683716,3.0,3.0,3.0,16770
2018-09-18,3.0,3.0199999809265137,2.640000104904175,2.799999952316284,2.799999952316284,37880
2018-09-19,2.9000000953674316,2.9000000953674316,2.5999999046325684,2.6500000953674316,2.6500000953674316,27620
2018-09-20,2.5999999046325684,2.6500000953674316,2.5,2.5899999141693115,2.5899999141693115,25400
2018-09-21,2.7799999713897705,2.799999952316284,2.5299999713897705,2.700000047683716,2.700000047683716,20070
2018-09-24,2.700000047683716,3.299999952316284,2.700000047683716,3.140000104904175,3.140000104904175,60470
2018-09-25,3.4000000953674316,3.4000000953674316,2.799999952316284,2.950000047683716,2.950000047683716,39010
2018-09-26,2.869999885559082,3.049999952316284,2.869999885559082,3.0,3.0,9360
2018-09-27,2.9000000953674316,3.1500000953674316,2.9000000953674316,2.9700000286102295,2.9700000286102295,8500
2018-09-28,3.0,3.049999952316284,2.869999885559082,2.880000114440918,2.880000114440918,13380
2018-10-01,3.0,3.0,2.859999895095825,3.0,3.0,13570
2018-10-02,3.0,3.0,2.799999952316284,2.8399999141693115,2.8399999141693115,12770
2018-10-03,2.809999942779541,3.25,2.799999952316284,2.9800000190734863,2.9800000190734863,72010
2018-10-04,3.069999933242798,3.0799999237060547,2.819999933242798,2.9000000953674316,2.9000000953674316,9980
2018-10-05,2.9000000953674316,3.1700000762939453,2.9000000953674316,2.9600000381469727,2.9600000381469727,12890
2018-10-08,3.0799999237060547,3.0799999237060547,2.7799999713897705,2.819999933242798,2.819999933242798,13560
2018-10-09,2.9000000953674316,3.200000047683716,2.799999952316284,2.9000000953674316,2.9000000953674316,34700
2018-10-10,2.990000009536743,3.0299999713897705,2.799999952316284,2.890000104904175,2.890000104904175,12140
2018-10-11,3.0,3.0,2.5999999046325684,2.7799999713897705,2.7799999713897705,13980
2018-10-12,2.6600000858306885,2.890000104904175,2.6500000953674316,2.799999952316284,2.799999952316284,5110
2018-10-15,2.6500000953674316,2.799999952316284,2.569999933242798,2.7899999618530273,2.7899999618530273,11150
2018-10-16,2.8499999046325684,2.8499999046325684,2.5999999046325684,2.799999952316284,2.799999952316284,8360
2018-10-17,2.619999885559082,2.8299999237060547,2.5999999046325684,2.799999952316284,2.799999952316284,6580
2018-10-18,2.9000000953674316,4.5,2.700000047683716,3.200000047683716,3.200000047683716,519580
2018-10-19,3.200000047683716,3.5,2.9000000953674316,2.950000047683716,2.950000047683716,46460
2018-10-22,3.049999952316284,3.049999952316284,2.799999952316284,2.930000066757202,2.930000066757202,19740
2018-10-23,2.9000000953674316,3.200000047683716,2.75,2.9000000953674316,2.9000000953674316,63230
2018-10-24,2.8299999237060547,3.0999999046325684,2.7699999809265137,2.7799999713897705,2.7799999713897705,32000
2018-10-25,2.700000047683716,2.890000104904175,2.700000047683716,2.759999990463257,2.759999990463257,14380
2018-10-26,2.700000047683716,2.7899999618530273,2.700000047683716,2.7200000286102295,2.7200000286102295,8750
2018-10-29,2.8399999141693115,2.890000104904175,2.5999999046325684,2.890000104904175,2.890000104904175,24920
2018-10-30,2.890000104904175,3.200000047683716,2.5999999046325684,2.700000047683716,2.700000047683716,42080
2018-10-31,2.700000047683716,2.799999952316284,2.5999999046325684,2.5999999046325684,2.5999999046325684,26230
2018-11-01,2.700000047683716,2.700000047683716,2.5999999046325684,2.609999895095825,2.609999895095825,10250
2018-11-02,2.740000009536743,3.490000009536743,2.740000009536743,2.9000000953674316,2.9000000953674316,140720
2018-11-05,3.049999952316284,3.049999952316284,2.799999952316284,2.940000057220459,2.940000057220459,13290
2018-11-06,2.9100000858306885,2.950000047683716,2.799999952316284,2.8299999237060547,2.8299999237060547,15150
2018-11-07,2.799999952316284,2.799999952316284,2.700000047683716,2.7699999809265137,2.7699999809265137,28300
2018-11-08,2.799999952316284,2.799999952316284,2.6600000858306885,2.700000047683716,2.700000047683716,27370
2018-11-09,2.890000104904175,2.890000104904175,2.6500000953674316,2.700000047683716,2.700000047683716,12940
2018-11-12,2.7799999713897705,2.7799999713897705,2.6500000953674316,2.7100000381469727,2.7100000381469727,9820
2018-11-13,2.75,2.799999952316284,2.7100000381469727,2.7699999809265137,2.7699999809265137,13090
2018-11-14,2.7100000381469727,2.7699999809265137,2.5999999046325684,2.5999999046325684,2.5999999046325684,28350
2018-11-15,2.680000066757202,2.7100000381469727,2.319999933242798,2.6600000858306885,2.6600000858306885,77070
2018-11-16,2.680000066757202,3.6640000343322754,2.200000047683716,2.200000047683716,2.200000047683716,738800
2018-11-19,2.3499999046325684,2.4000000953674316,2.0199999809265137,2.3299999237060547,2.3299999237060547,111600
2018-11-20,2.25,2.7850000858306885,2.203000068664551,2.359999895095825,2.359999895095825,239300
2018-11-21,2.430000066757202,3.25,2.1700000762939453,2.4800000190734863,2.4800000190734863,421200
2018-11-23,2.390000104904175,2.5390000343322754,2.309999942779541,2.3499999046325684,2.3499999046325684,21400
2018-11-26,2.450000047683716,2.6500000953674316,2.299999952316284,2.390000104904175,2.390000104904175,181100
2018-11-27,2.5,2.5,2.109999895095825,2.25,2.25,45000
2018-11-28,2.180000066757202,2.2300000190734863,2.0799999237060547,2.1500000953674316,2.1500000953674316,18400
2018-11-29,2.1500000953674316,2.2260000705718994,1.6799999475479126,1.7599999904632568,1.7599999904632568,145900
2018-11-30,1.7599999904632568,1.8200000524520874,1.6390000581741333,1.6970000267028809,1.6970000267028809,69600
2018-12-03,1.7100000381469727,1.8940000534057617,1.5800000429153442,1.6699999570846558,1.6699999570846558,34300
2018-12-04,1.6200000047683716,1.781999945640564,1.590000033378601,1.690000057220459,1.690000057220459,51800
2018-12-06,1.7300000190734863,1.7300000190734863,1.5199999809265137,1.6610000133514404,1.6610000133514404,12100
2018-12-07,1.6759999990463257,1.690000057220459,1.2999999523162842,1.3600000143051147,1.3600000143051147,131300
2018-12-10,1.3700000047683716,1.3700000047683716,1.1399999856948853,1.2000000476837158,1.2000000476837158,32500
2018-12-11,1.2000000476837158,1.3300000429153442,1.1460000276565552,1.1799999475479126,1.1799999475479126,37500
2018-12-12,1.2039999961853027,1.2039999961853027,1.090000033378601,1.1799999475479126,1.1799999475479126,17000
2018-12-13,1.2100000381469727,1.2610000371932983,1.0700000524520874,1.1790000200271606,1.1790000200271606,18300
2018-12-14,1.159999966621399,1.2100000381469727,1.100000023841858,1.100000023841858,1.100000023841858,20600
2018-12-17,1.0,1.0,0.8700000047683716,0.8700000047683716,0.8700000047683716,68200
2018-12-18,0.871999979019165,1.0,0.8100000023841858,0.8109999895095825,0.8109999895095825,23400
2018-12-19,0.8600000143051147,0.8600000143051147,0.800000011920929,0.800000011920929,0.800000011920929,13100
2018-12-20,0.8199999928474426,1.059999942779541,0.7599999904632568,0.9570000171661377,0.9570000171661377,63300
2018-12-21,0.8339999914169312,0.9380000233650208,0.8050000071525574,0.8069999814033508,0.8069999814033508,22200
2018-12-24,0.8059999942779541,0.8299999833106995,0.7699999809265137,0.8069999814033508,0.8069999814033508,9200
2018-12-26,0.8069999814033508,0.8259999752044678,0.6539999842643738,0.7459999918937683,0.7459999918937683,13800
2018-12-27,0.7450000047683716,0.8610000014305115,0.7450000047683716,0.8100000023841858,0.8100000023841858,15600
2018-12-28,0.7400000095367432,0.8180000185966492,0.6069999933242798,0.7699999809265137,0.7699999809265137,18700
2018-12-31,0.7400000095367432,1.1699999570846558,0.6539999842643738,0.8560000061988831,0.8560000061988831,194300
2019-01-02,0.8690000176429749,0.8790000081062317,0.7820000052452087,0.8339999914169312,0.8339999914169312,14100
2019-01-03,0.781000018119812,0.8989999890327454,0.781000018119812,0.8870000243186951,0.8870000243186951,13400
2019-01-04,0.8880000114440918,0.8999999761581421,0.8769999742507935,0.8769999742507935,0.8769999742507935,10300
2019-01-07,0.9200000166893005,0.9399999976158142,0.8769999742507935,0.878000020980835,0.878000020980835,5900
2019-01-08,0.9210000038146973,1.1200000047683716,0.9210000038146973,1.0299999713897705,1.0299999713897705,102400
2019-01-09,1.0800000429153442,1.1200000047683716,0.9520000219345093,0.9520000219345093,0.9520000219345093,25100
2019-01-10,0.9980000257492065,1.0299999713897705,0.9800000190734863,1.0199999809265137,1.0199999809265137,12400
2019-01-11,1.0299999713897705,1.059000015258789,0.8920000195503235,0.8999999761581421,0.8999999761581421,23400
2019-01-14,0.9449999928474426,0.9580000042915344,0.9449999928474426,0.9449999928474426,0.9449999928474426,27000
2019-01-15,0.9919999837875366,0.9919999837875366,0.8700000047683716,0.8999999761581421,0.8999999761581421,15800
2019-01-16,0.9449999928474426,0.949999988079071,0.8799999952316284,0.8840000033378601,0.8840000033378601,15300
2019-01-17,0.8799999952316284,1.0410000085830688,0.8500000238418579,1.0399999618530273,1.0399999618530273,137900
2019-01-18,1.149999976158142,1.149999976158142,1.0,1.0499999523162842,1.0499999523162842,58800
2019-01-22,1.0299999713897705,1.1699999570846558,0.9300000071525574,0.9750000238418579,0.9750000238418579,46000
2019-01-23,1.1490000486373901,3.799999952316284,1.1469999551773071,2.869999885559082,2.869999885559082,5916700
2019-01-24,2.680000066757202,2.869999885559082,2.049999952316284,2.5799999237060547,2.5799999237060547,1300000
2019-01-25,2.5,3.0,2.2799999713897705,2.4000000953674316,2.4000000953674316,766900
2019-01-28,2.3499999046325684,2.575000047683716,2.1600000858306885,2.2300000190734863,2.2300000190734863,195900
2019-01-29,2.3399999141693115,2.364000082015991,1.9500000476837158,1.9769999980926514,1.9769999980926514,128600
2019-01-30,1.9900000095367432,2.5199999809265137,1.9500000476837158,2.049999952316284,2.049999952316284,497900
2019-01-31,2.200000047683716,2.390000104904175,2.0999999046325684,2.2100000381469727,2.2100000381469727,253500
2019-02-01,2.2699999809265137,2.4800000190734863,2.0910000801086426,2.390000104904175,2.390000104904175,251800
2019-02-04,2.390000104904175,2.630000114440918,2.309999942779541,2.5999999046325684,2.5999999046325684,93100
2019-02-05,2.7300000190734863,3.3299999237060547,2.5250000953674316,2.9730000495910645,2.9730000495910645,344000
2019-02-06,3.059999942779541,3.630000114440918,3.0299999713897705,3.119999885559082,3.119999885559082,445400
2019-02-07,3.0399999618530273,3.109999895095825,2.7699999809265137,2.8399999141693115,2.8399999141693115,77900
2019-02-08,2.799999952316284,2.9700000286102295,2.690000057220459,2.700000047683716,2.700000047683716,34800
2019-02-11,3.2300000190734863,4.920000076293945,3.109999895095825,3.619999885559082,3.619999885559082,10518500
2019-02-12,3.940000057220459,4.150000095367432,3.180000066757202,3.5,3.5,1003200
2019-02-13,3.490000009536743,3.5899999141693115,3.2100000381469727,3.259999990463257,3.259999990463257,154300
2019-02-14,3.2100000381469727,3.2260000705718994,2.9600000381469727,3.180000066757202,3.180000066757202,130700
2019-02-15,3.119999885559082,3.1500000953674316,2.7200000286102295,2.75,2.75,189700
2019-02-19,2.7699999809265137,2.8480000495910645,2.4000000953674316,2.4700000286102295,2.4700000286102295,186400
2019-02-20,2.4600000381469727,2.549999952316284,2.4000000953674316,2.5299999713897705,2.5299999713897705,60600
2019-02-21,2.5,2.5,2.25,2.2699999809265137,2.2699999809265137,47300
2019-02-22,2.2899999618530273,2.5480000972747803,2.2899999618530273,2.390000104904175,2.390000104904175,77700
2019-02-25,2.4700000286102295,2.8299999237060547,2.421999931335449,2.799999952316284,2.799999952316284,303100
2019-02-26,2.859999895095825,2.890000104904175,2.671999931335449,2.7799999713897705,2.7799999713897705,60900
2019-02-27,2.700000047683716,2.7899999618530273,2.5959999561309814,2.7300000190734863,2.7300000190734863,24100
2019-02-28,2.7200000286102295,2.7200000286102295,2.490000009536743,2.569999933242798,2.569999933242798,34600
2019-03-01,2.5899999141693115,2.619999885559082,2.4000000953674316,2.5,2.5,29900
2019-03-04,2.549999952316284,2.75,2.4200000762939453,2.75,2.75,98100
2019-03-05,2.740000009536743,2.9609999656677246,2.569000005722046,2.6500000953674316,2.6500000953674316,152900
2019-03-06,2.6470000743865967,2.9000000953674316,2.630000114440918,2.7899999618530273,2.7899999618530273,37300
2019-03-07,2.7799999713897705,2.799999952316284,2.5859999656677246,2.5859999656677246,2.5859999656677246,45800
2019-03-08,2.569999933242798,2.9000000953674316,2.5209999084472656,2.6700000762939453,2.6700000762939453,52300
2019-03-11,2.7200000286102295,2.888000011444092,2.5799999237060547,2.5999999046325684,2.5999999046325684,114900
2019-03-12,2.690000057220459,2.7200000286102295,2.569999933242798,2.5999999046325684,2.5999999046325684,24700
2019-03-13,2.5899999141693115,2.700000047683716,2.559999942779541,2.609999895095825,2.609999895095825,11300
2019-03-14,2.5899999141693115,2.6640000343322754,2.5199999809265137,2.549999952316284,2.549999952316284,25400
2019-03-15,2.5899999141693115,2.6600000858306885,2.5299999713897705,2.5899999141693115,2.5899999141693115,7400
2019-03-18,2.5799999237060547,2.7200000286102295,2.549999952316284,2.6700000762939453,2.6700000762939453,20600
2019-03-19,2.6700000762939453,2.7699999809265137,2.569999933242798,2.619999885559082,2.619999885559082,16900
2019-03-20,2.619999885559082,2.680000066757202,2.559999942779541,2.609999895095825,2.609999895095825,27600
2019-03-21,6.849999904632568,7.320000171661377,4.019999980926514,4.199999809265137,4.199999809265137,13836300
2019-03-22,4.150000095367432,4.150000095367432,3.450000047683716,3.869999885559082,3.869999885559082,384100
2019-03-25,3.740000009536743,4.139999866485596,3.6500000953674316,4.099999904632568,4.099999904632568,188500
2019-03-26,4.409999847412109,5.300000190734863,4.170000076293945,4.860000133514404,4.860000133514404,654200
2019-03-27,4.820000171661377,4.820000171661377,4.550000190734863,4.679999828338623,4.679999828338623,104100
2019-03-28,4.650000095367432,4.909999847412109,4.5,4.679999828338623,4.679999828338623,64400
2019-03-29,4.730000019073486,4.866000175476074,4.686999797821045,4.690000057220459,4.690000057220459,41900
2019-04-01,4.78000020980835,4.78000020980835,4.46999979019165,4.480000019073486,4.480000019073486,64100
2019-04-02,4.489999771118164,4.710000038146973,4.400000095367432,4.46999979019165,4.46999979019165,37100
2019-04-03,4.510000228881836,4.559999942779541,4.199999809265137,4.289999961853027,4.289999961853027,35900
2019-04-04,4.5,4.5229997634887695,3.7200000286102295,3.8499999046325684,3.8499999046325684,101900
2019-04-05,3.859999895095825,3.990000009536743,3.8399999141693115,3.880000114440918,3.880000114440918,22800
2019-04-08,3.9200000762939453,4.210000038146973,3.9000000953674316,3.9800000190734863,3.9800000190734863,32000
2019-04-09,4.170000076293945,4.175000190734863,3.950000047683716,4.025000095367432,4.025000095367432,17600
2019-04-10,4.050000190734863,4.050000190734863,3.630000114440918,3.630000114440918,3.630000114440918,97000
2019-04-11,3.7100000381469727,3.9600000381469727,3.6600000858306885,3.680000066757202,3.680000066757202,34000
2019-04-12,3.799999952316284,4.489999771118164,3.6600000858306885,4.489999771118164,4.489999771118164,216100
2019-04-15,4.269999980926514,4.460000038146973,4.058000087738037,4.159999847412109,4.159999847412109,38600
2019-04-16,4.28000020980835,4.400000095367432,4.070000171661377,4.150000095367432,4.150000095367432,22400
2019-04-17,4.260000228881836,4.3979997634887695,3.9100000858306885,4.170000076293945,4.170000076293945,89300
2019-04-18,4.289999961853027,4.328000068664551,3.8499999046325684,4.014999866485596,4.014999866485596,35300
2019-04-22,4.019999980926514,4.230000019073486,4.019999980926514,4.070000171661377,4.070000171661377,20500
2019-04-23,4.110000133514404,4.599999904632568,4.099999904632568,4.429999828338623,4.429999828338623,87800
2019-04-24,4.519999980926514,4.53000020980835,4.300000190734863,4.5,4.5,13500
2019-04-25,4.449999809265137,4.5,4.210000038146973,4.210000038146973,4.210000038146973,18200
2019-04-26,4.389999866485596,4.400000095367432,4.210000038146973,4.34499979019165,4.34499979019165,6200
2019-04-29,4.300000190734863,4.361999988555908,4.0,4.099999904632568,4.099999904632568,69000
2019-04-30,4.289999961853027,4.449999809265137,4.171000003814697,4.340000152587891,4.340000152587891,38600
2019-05-01,4.400000095367432,4.400000095367432,4.199999809265137,4.400000095367432,4.400000095367432,10500
2019-05-02,4.369999885559082,4.413000106811523,4.199999809265137,4.199999809265137,4.199999809265137,9200
2019-05-03,4.309999942779541,4.761000156402588,4.309999942779541,4.349999904632568,4.349999904632568,98300
2019-05-06,4.230000019073486,4.369999885559082,4.050000190734863,4.099999904632568,4.099999904632568,27800
2019-05-07,3.990000009536743,4.179999828338623,3.990000009536743,4.059999942779541,4.059999942779541,14600
2019-05-08,3.9700000286102295,4.099999904632568,3.359999895095825,3.549999952316284,3.549999952316284,98500
2019-05-09,3.5199999809265137,3.630000114440918,3.38100004196167,3.4800000190734863,3.4800000190734863,18100
2019-05-10,3.4600000381469727,3.5,3.4000000953674316,3.4700000286102295,3.4700000286102295,6200
2019-05-13,3.4800000190734863,3.509999990463257,3.4100000858306885,3.4100000858306885,3.4100000858306885,15400
2019-05-14,3.490000009536743,4.144999980926514,3.4670000076293945,3.630000114440918,3.630000114440918,157200
2019-05-15,3.75,3.75,3.4000000953674316,3.569999933242798,3.569999933242798,36900
2019-05-16,3.700000047683716,3.700000047683716,3.25,3.4700000286102295,3.4700000286102295,35000
2019-05-17,3.4000000953674316,3.7039999961853027,3.0799999237060547,3.0799999237060547,3.0799999237060547,39000
2019-05-20,3.069999933242798,3.5,2.7200000286102295,2.9000000953674316,2.9000000953674316,502900
2019-05-21,2.869999885559082,3.25,2.869999885559082,2.9700000286102295,2.9700000286102295,30000
2019-05-22,2.9700000286102295,3.1600000858306885,2.549999952316284,2.9200000762939453,2.9200000762939453,104400
2019-05-23,2.9000000953674316,3.0899999141693115,2.5799999237060547,2.690000057220459,2.690000057220459,137800
2019-05-24,2.700000047683716,2.996999979019165,2.549999952316284,2.5999999046325684,2.5999999046325684,13400
2019-05-28,2.7300000190734863,2.990000009536743,2.6089999675750732,2.7899999618530273,2.7899999618530273,101900
2019-05-29,2.690000057220459,2.890000104904175,2.6600000858306885,2.6600000858306885,2.6600000858306885,17600
2019-05-30,2.7300000190734863,2.759999990463257,2.630000114440918,2.630000114440918,2.630000114440918,6800
2019-05-31,2.680000066757202,2.890000104904175,2.680000066757202,2.7899999618530273,2.7899999618530273,23300
2019-06-03,2.8299999237060547,2.875999927520752,2.75600004196167,2.75600004196167,2.75600004196167,9200
2019-06-04,2.859999895095825,2.859999895095825,2.609999895095825,2.6700000762939453,2.6700000762939453,9400
2019-06-05,2.7699999809265137,2.809999942779541,2.5899999141693115,2.7799999713897705,2.7799999713897705,7200
2019-06-06,2.759999990463257,2.809999942779541,2.6500000953674316,2.6600000858306885,2.6600000858306885,10800
2019-06-07,2.7200000286102295,2.75,2.609999895095825,2.609999895095825,2.609999895095825,8800
2019-06-10,2.700000047683716,2.700000047683716,2.5299999713897705,2.690000057220459,2.690000057220459,48700
2019-06-11,2.680000066757202,2.680000066757202,2.5,2.549999952316284,2.549999952316284,11700
2019-06-12,2.549999952316284,2.549999952316284,2.299999952316284,2.549999952316284,2.549999952316284,16400
2019-06-13,2.5799999237060547,2.5799999237060547,2.0,2.130000114440918,2.130000114440918,36400
2019-06-14,2.2100000381469727,2.3399999141693115,2.059999942779541,2.2200000286102295,2.2200000286102295,26900
2019-06-17,2.2200000286102295,2.359999895095825,2.0299999713897705,2.140000104904175,2.140000104904175,19800
2019-06-18,2.140000104904175,2.1700000762939453,2.115000009536743,2.1600000858306885,2.1600000858306885,3900
2019-06-19,2.2699999809265137,2.2699999809265137,1.8300000429153442,1.899999976158142,1.899999976158142,25800
2019-06-20,1.9520000219345093,2.069999933242798,1.8300000429153442,1.909999966621399,1.909999966621399,31800
2019-06-21,1.9900000095367432,2.0199999809265137,1.850000023841858,1.940000057220459,1.940000057220459,2800
2019-06-24,1.9700000286102295,2.0399999618530273,1.9040000438690186,2.0,2.0,11800
2019-06-25,2.0,2.0199999809265137,1.9199999570846558,1.9730000495910645,1.9730000495910645,10300
2019-06-26,1.9500000476837158,2.390000104904175,1.9500000476837158,2.2019999027252197,2.2019999027252197,69200
2019-06-27,2.200000047683716,2.200000047683716,2.0460000038146973,2.049999952316284,2.049999952316284,23400
2019-06-28,2.062999963760376,2.0999999046325684,2.009999990463257,2.009999990463257,2.009999990463257,4600
2019-07-01,2.109999895095825,2.3440001010894775,2.0399999618530273,2.130000114440918,2.130000114440918,25100
2019-07-02,2.2200000286102295,2.2880001068115234,2.0899999141693115,2.140000104904175,2.140000104904175,18000
2019-07-03,2.259999990463257,2.2799999713897705,2.1549999713897705,2.1600000858306885,2.1600000858306885,15700
2019-07-05,2.2300000190734863,2.240000009536743,2.1700000762939453,2.191999912261963,2.191999912261963,1400
2019-07-08,2.200000047683716,2.2230000495910645,2.130000114440918,2.130000114440918,2.130000114440918,6600
2019-07-09,2.200000047683716,2.3399999141693115,2.1649999618530273,2.2200000286102295,2.2200000286102295,37600
2019-07-10,2.240999937057495,2.319999933242798,2.1500000953674316,2.244999885559082,2.244999885559082,17400
2019-07-11,2.180000066757202,2.243000030517578,2.180000066757202,2.243000030517578,2.243000030517578,2400
2019-07-12,2.2300000190734863,2.359999895095825,2.2300000190734863,2.240000009536743,2.240000009536743,9500
2019-07-15,2.2699999809265137,2.319999933242798,2.2009999752044678,2.319999933242798,2.319999933242798,2800
2019-07-16,2.309999942779541,2.309999942779541,2.194999933242798,2.2799999713897705,2.2799999713897705,20500
2019-07-17,2.2799999713897705,2.2799999713897705,2.109999895095825,2.190000057220459,2.190000057220459,12300
2019-07-18,2.190000057220459,2.190000057220459,2.109999895095825,2.119999885559082,2.119999885559082,2000
2019-07-19,2.119999885559082,2.190000057220459,2.069999933242798,2.0999999046325684,2.0999999046325684,11200
2019-07-22,2.0999999046325684,2.0999999046325684,1.899999976158142,1.9759999513626099,1.9759999513626099,3900
2019-07-23,2.190000057220459,2.190000057220459,1.9390000104904175,2.109999895095825,2.109999895095825,7700
2019-07-24,2.075000047683716,2.075000047683716,2.075000047683716,2.075000047683716,2.075000047683716,1200
2019-07-25,2.0399999618530273,2.200000047683716,2.0399999618530273,2.190000057220459,2.190000057220459,6100
2019-07-26,2.200000047683716,2.299999952316284,2.049999952316284,2.25,2.25,21200
2019-07-29,2.2200000286102295,2.2200000286102295,1.9600000381469727,2.0,2.0,17800
2019-07-30,2.0,2.1600000858306885,1.9600000381469727,1.9600000381469727,1.9600000381469727,4700
2019-07-31,1.9800000190734863,2.069999933242798,1.9600000381469727,2.0,2.0,5100
2019-08-01,2.058000087738037,2.1489999294281006,1.899999976158142,2.049999952316284,2.049999952316284,11900
2019-08-02,2.0299999713897705,2.059999942779541,1.909999966621399,1.909999966621399,1.909999966621399,3400
2019-08-05,1.8899999856948853,1.899999976158142,1.5399999618530273,1.899999976158142,1.899999976158142,7900
2019-08-06,1.9199999570846558,1.9199999570846558,1.7100000381469727,1.850000023841858,1.850000023841858,1600
2019-08-07,1.8200000524520874,1.899999976158142,1.8200000524520874,1.8940000534057617,1.8940000534057617,2300
2019-08-08,1.8700000047683716,1.8880000114440918,1.7000000476837158,1.850000023841858,1.850000023841858,6200
2019-08-09,1.850000023841858,2.0,1.850000023841858,2.0,2.0,700
2019-08-12,1.9600000381469727,1.9600000381469727,1.850000023841858,1.850000023841858,1.850000023841858,4800
2019-08-13,1.7899999618530273,1.9800000190734863,1.7599999904632568,1.9800000190734863,1.9800000190734863,10900
2019-08-14,1.8880000114440918,1.8880000114440918,1.6299999952316284,1.7000000476837158,1.7000000476837158,4000
2019-08-15,1.7599999904632568,1.9500000476837158,1.690000057220459,1.9500000476837158,1.9500000476837158,1600
2019-08-16,1.940000057220459,1.940000057220459,1.7109999656677246,1.7899999618530273,1.7899999618530273,3700
2019-08-19,1.850000023841858,1.940999984741211,1.7599999904632568,1.7680000066757202,1.7680000066757202,8700
2019-08-20,1.7799999713897705,1.899999976158142,1.7790000438690186,1.899999976158142,1.899999976158142,6300
2019-08-21,1.909999966621399,1.909999966621399,1.7699999809265137,1.7799999713897705,1.7799999713897705,13600
2019-08-22,1.7799999713897705,1.8600000143051147,1.777999997138977,1.7999999523162842,1.7999999523162842,1700
2019-08-23,1.909999966621399,1.909999966621399,1.7699999809265137,1.7799999713897705,1.7799999713897705,15600
2019-08-26,1.690000057220459,2.5299999713897705,1.690000057220459,1.9500000476837158,1.9500000476837158,152000
2019-08-27,1.9500000476837158,2.0999999046325684,1.899999976158142,2.0,2.0,35600
2019-08-28,1.940000057220459,2.0,1.9199999570846558,2.0,2.0,8300
2019-08-29,2.0,2.0,1.9500000476837158,1.9500000476837158,1.9500000476837158,6700
2019-08-30,1.9800000190734863,2.0799999237060547,1.9500000476837158,1.9900000095367432,1.9900000095367432,7100
2019-09-03,2.0199999809265137,2.069999933242798,2.0,2.0299999713897705,2.0299999713897705,7300
2019-09-04,2.069999933242798,2.069999933242798,1.7000000476837158,1.7000000476837158,1.7000000476837158,5300
2019-09-05,2.0179998874664307,2.069999933242798,1.7999999523162842,1.8279999494552612,1.8279999494552612,19000
2019-09-06,1.937999963760376,1.9600000381469727,1.937999963760376,1.9600000381469727,1.9600000381469727,1200
2019-09-09,2.0,2.009999990463257,1.8799999952316284,1.8799999952316284,1.8799999952316284,2800
2019-09-10,2.0999999046325684,2.680000066757202,1.9700000286102295,2.1700000762939453,2.1700000762939453,314100
2019-09-11,2.049999952316284,2.1700000762939453,2.0230000019073486,2.135999917984009,2.135999917984009,37100
2019-09-12,2.1600000858306885,2.240000009536743,2.0799999237060547,2.240000009536743,2.240000009536743,18100
2019-09-13,2.200000047683716,2.299999952316284,2.200000047683716,2.299999952316284,2.299999952316284,14100
2019-09-16,2.25,2.2899999618530273,2.0799999237060547,2.1500000953674316,2.1500000953674316,15100
2019-09-17,2.2200000286102295,2.427000045776367,2.1600000858306885,2.259999990463257,2.259999990463257,9900
2019-09-18,3.9100000858306885,4.0,3.0199999809265137,3.759999990463257,3.759999990463257,15096200
2019-09-19,3.390000104904175,3.5899999141693115,3.130000114440918,3.299999952316284,3.299999952316284,713000
2019-09-20,3.390000104904175,3.6600000858306885,3.299999952316284,3.5199999809265137,3.5199999809265137,314200
2019-09-23,3.490000009536743,3.559999942779541,3.2300000190734863,3.2699999809265137,3.2699999809265137,102700
2019-09-24,3.4000000953674316,3.5,3.25,3.359999895095825,3.359999895095825,120900
2019-09-25,3.5,3.549999952316284,3.2699999809265137,3.5,3.5,56900
2019-09-26,3.4600000381469727,3.690000057220459,3.450000047683716,3.5799999237060547,3.5799999237060547,72200
2019-09-27,3.630000114440918,4.0,3.5840001106262207,3.7300000190734863,3.7300000190734863,222800
2019-09-30,3.6700000762939453,3.799999952316284,3.5899999141693115,3.619999885559082,3.619999885559082,39200
2019-10-01,3.5899999141693115,3.869999885559082,3.5899999141693115,3.680000066757202,3.680000066757202,75900
2019-10-02,3.680000066757202,3.680000066757202,3.4000000953674316,3.5,3.5,59200
2019-10-03,3.5,3.5,3.299999952316284,3.319999933242798,3.319999933242798,34600
2019-10-04,3.3299999237060547,3.4609999656677246,3.2699999809265137,3.2699999809265137,3.2699999809265137,15400
2019-10-07,3.240000009536743,3.4730000495910645,3.180000066757202,3.180000066757202,3.180000066757202,22100
2019-10-08,3.1500000953674316,3.259999990463257,3.1500000953674316,3.1600000858306885,3.1600000858306885,16000
2019-10-09,3.190000057220459,3.2699999809265137,3.1600000858306885,3.1600000858306885,3.1600000858306885,6600
2019-10-10,3.1500000953674316,3.1500000953674316,2.819999933242798,2.819999933242798,2.819999933242798,33900
2019-10-11,2.809999942779541,2.859999895095825,2.5799999237060547,2.5999999046325684,2.5999999046325684,41600
2019-10-14,2.549999952316284,2.549999952316284,2.3399999141693115,2.440000057220459,2.440000057220459,44300
2019-10-15,2.4200000762939453,2.5899999141693115,2.3399999141693115,2.450000047683716,2.450000047683716,60000
2019-10-16,2.4700000286102295,2.688999891281128,2.4600000381469727,2.609999895095825,2.609999895095825,33400
2019-10-17,2.703000068664551,2.803999900817871,2.680000066757202,2.7100000381469727,2.7100000381469727,19000
2019-10-18,2.7300000190734863,2.7300000190734863,2.390000104904175,2.450000047683716,2.450000047683716,28100
2019-10-21,2.390000104904175,2.503999948501587,2.385999917984009,2.4000000953674316,2.4000000953674316,14200
2019-10-22,2.4040000438690186,2.4600000381469727,2.3550000190734863,2.436000108718872,2.436000108718872,24100
2019-10-23,2.446000099182129,2.5,2.437999963760376,2.484999895095825,2.484999895095825,21700
2019-10-24,2.5299999713897705,2.609999895095825,2.430000066757202,2.430000066757202,2.430000066757202,11800
2019-10-25,2.450000047683716,2.549999952316284,2.4200000762939453,2.4200000762939453,2.4200000762939453,28300
2019-10-28,2.430000066757202,2.5399999618530273,2.430000066757202,2.5,2.5,14200
2019-10-29,2.430000066757202,2.6600000858306885,2.430000066757202,2.4800000190734863,2.4800000190734863,29700
2019-10-30,2.490000009536743,2.75,2.490000009536743,2.7300000190734863,2.7300000190734863,26600
2019-10-31,2.740000009536743,2.9000000953674316,2.5299999713897705,2.7300000190734863,2.7300000190734863,28300
2019-11-01,2.7300000190734863,2.990000009536743,2.6730000972747803,2.700000047683716,2.700000047683716,69200
2019-11-04,2.759999990463257,2.88700008392334,2.700000047683716,2.759999990463257,2.759999990463257,17900
2019-11-05,2.700000047683716,2.7799999713897705,2.6579999923706055,2.7339999675750732,2.7339999675750732,13200
2019-11-06,2.75,2.822000026702881,2.6019999980926514,2.75,2.75,4000
2019-11-07,2.75,2.759999990463257,2.549999952316284,2.625,2.625,8800
2019-11-08,2.5399999618530273,2.5899999141693115,2.5399999618530273,2.569999933242798,2.569999933242798,3500
2019-11-11,2.569000005722046,2.5810000896453857,2.5,2.5,2.5,5300
2019-11-12,2.4800000190734863,2.7200000286102295,2.4800000190734863,2.5799999237060547,2.5799999237060547,10400
2019-11-13,2.5999999046325684,2.63100004196167,2.4700000286102295,2.4700000286102295,2.4700000286102295,8100
2019-11-14,2.572000026702881,2.572000026702881,2.240000009536743,2.4100000858306885,2.4100000858306885,14700
2019-11-15,2.430000066757202,2.430000066757202,2.2269999980926514,2.259999990463257,2.259999990463257,18000
2019-11-18,2.190000057220459,2.4700000286102295,2.190000057220459,2.2639999389648438,2.2639999389648438,7300
2019-11-19,2.299999952316284,2.4100000858306885,2.2750000953674316,2.2750000953674316,2.2750000953674316,3500
2019-11-20,2.369999885559082,2.369999885559082,2.180999994277954,2.309999942779541,2.309999942779541,4100
2019-11-21,2.359999895095825,2.359999895095825,2.0999999046325684,2.0999999046325684,2.0999999046325684,16500
2019-11-22,2.200000047683716,2.259999990463257,2.0899999141693115,2.25,2.25,10000
2019-11-25,2.2209999561309814,2.25,1.9600000381469727,2.049999952316284,2.049999952316284,30800
2019-11-26,2.0199999809265137,2.119999885559082,2.0,2.009999990463257,2.009999990463257,13800
2019-11-27,2.009999990463257,2.0799999237060547,2.009999990463257,2.0399999618530273,2.0399999618530273,7600
2019-11-29,1.9900000095367432,2.069000005722046,1.940000057220459,1.940000057220459,1.940000057220459,4100
2019-12-02,1.909999966621399,2.190000057220459,1.899999976158142,2.1089999675750732,2.1089999675750732,69500
2019-12-03,2.109999895095825,2.121000051498413,2.0,2.009999990463257,2.009999990463257,22300
2019-12-04,2.003000020980835,2.003000020980835,1.909999966621399,1.9299999475479126,1.9299999475479126,21400
2019-12-05,1.9500000476837158,2.055000066757202,1.9199999570846558,1.9889999628067017,1.9889999628067017,13700
2019-12-06,1.9900000095367432,2.0850000381469727,1.899999976158142,1.9529999494552612,1.9529999494552612,35400
2019-12-09,1.9800000190734863,2.078000068664551,1.9500000476837158,1.9500000476837158,1.9500000476837158,21800
2019-12-10,1.9700000286102295,2.058000087738037,1.9700000286102295,2.0190000534057617,2.0190000534057617,18000
2019-12-11,2.009999990463257,2.01200008392334,1.9500000476837158,1.9600000381469727,1.9600000381469727,20200
2019-12-12,1.9500000476837158,1.9500000476837158,1.8550000190734863,1.8600000143051147,1.8600000143051147,14300
2019-12-13,1.8899999856948853,1.9279999732971191,1.809999942779541,1.809999942779541,1.809999942779541,9600
2019-12-16,1.8700000047683716,1.909999966621399,1.8300000429153442,1.909999966621399,1.909999966621399,22200
2019-12-17,1.8639999628067017,1.899999976158142,1.8300000429153442,1.8700000047683716,1.8700000047683716,4900
2019-12-18,1.8600000143051147,1.8680000305175781,1.809999942779541,1.847000002861023,1.847000002861023,5100
2019-12-19,1.8200000524520874,1.9769999980926514,1.8200000524520874,1.8389999866485596,1.8389999866485596,3300
2019-12-20,1.899999976158142,1.9199999570846558,1.8600000143051147,1.8890000581741333,1.8890000581741333,6200
2019-12-23,1.899999976158142,1.9199999570846558,1.850000023841858,1.8700000047683716,1.8700000047683716,8400
2019-12-24,1.899999976158142,1.99399995803833,1.8799999952316284,1.9800000190734863,1.9800000190734863,10700
2019-12-26,1.9249999523162842,1.9249999523162842,1.7999999523162842,1.8600000143051147,1.8600000143051147,23200
2019-12-27,1.8899999856948853,1.8899999856948853,1.7999999523162842,1.875,1.875,6000
2019-12-30,1.8799999952316284,1.972000002861023,1.8200000524520874,1.8730000257492065,1.8730000257492065,27400
2019-12-31,1.8609999418258667,1.8700000047683716,1.8600000143051147,1.8600000143051147,1.8600000143051147,3400
2020-01-02,1.8300000429153442,1.8980000019073486,1.8300000429153442,1.8600000143051147,1.8600000143051147,4800
2020-01-03,1.8799999952316284,2.180000066757202,1.8799999952316284,1.9600000381469727,1.9600000381469727,89200
2020-01-06,1.899999976158142,2.0739998817443848,1.899999976158142,2.0,2.0,21000
2020-01-07,2.0,2.0,1.9559999704360962,1.9850000143051147,1.9850000143051147,6800
2020-01-08,1.9500000476837158,2.0399999618530273,1.8799999952316284,1.9240000247955322,1.9240000247955322,23500
2020-01-09,1.8700000047683716,2.0,1.8609999418258667,1.9889999628067017,1.9889999628067017,18800
2020-01-10,2.0,2.049999952316284,1.909999966621399,1.9630000591278076,1.9630000591278076,22300
2020-01-13,1.9199999570846558,2.0190000534057617,1.8899999856948853,2.009999990463257,2.009999990463257,43400
2020-01-14,2.049999952316284,2.0899999141693115,1.9500000476837158,1.9900000095367432,1.9900000095367432,45700
2020-01-15,2.015000104904175,2.069999933242798,1.899999976158142,1.9249999523162842,1.9249999523162842,24100
2020-01-16,2.0,2.1489999294281006,1.9450000524520874,2.0299999713897705,2.0299999713897705,24700
2020-01-17,2.0899999141693115,2.1500000953674316,2.0,2.049999952316284,2.049999952316284,38000
2020-01-21,2.0299999713897705,2.0999999046325684,2.0,2.0409998893737793,2.0409998893737793,14300
2020-01-22,2.049999952316284,2.25,1.940000057220459,2.244999885559082,2.244999885559082,34500
2020-01-23,2.1500000953674316,2.25,2.0350000858306885,2.200000047683716,2.200000047683716,65800
2020-01-24,2.25,2.25,1.9600000381469727,2.0999999046325684,2.0999999046325684,58100
2020-01-27,2.0199999809265137,2.0199999809265137,1.940000057220459,1.9589999914169312,1.9589999914169312,33200
2020-01-28,2.049999952316284,2.109999895095825,1.9880000352859497,2.049999952316284,2.049999952316284,21200
2020-01-29,2.009999990463257,2.01200008392334,1.8600000143051147,1.8700000047683716,1.8700000047683716,27700
2020-01-30,1.968999981880188,1.968999981880188,1.9049999713897705,1.9199999570846558,1.9199999570846558,11000
2020-01-31,1.8910000324249268,1.9199999570846558,1.559999942779541,1.7599999904632568,1.7599999904632568,41100
2020-02-03,1.7300000190734863,1.8769999742507935,1.7000000476837158,1.7589999437332153,1.7589999437332153,33000
2020-02-04,1.809999942779541,1.809999942779541,1.5199999809265137,1.5549999475479126,1.5549999475479126,63500
2020-02-05,1.7100000381469727,1.7100000381469727,1.5,1.559999942779541,1.559999942779541,29500
2020-02-06,1.5700000524520874,1.6299999952316284,1.4800000190734863,1.5,1.5,54400
2020-02-07,1.5,1.5499999523162842,1.3200000524520874,1.3600000143051147,1.3600000143051147,24400
2020-02-10,1.3600000143051147,1.399999976158142,1.2200000286102295,1.2300000190734863,1.2300000190734863,54600
2020-02-11,1.2300000190734863,1.694000005722046,1.2300000190734863,1.25,1.25,211500
2020-02-12,1.25,1.2999999523162842,1.2300000190734863,1.2999999523162842,1.2999999523162842,70300
2020-02-13,1.2400000095367432,1.350000023841858,1.2309999465942383,1.2799999713897705,1.2799999713897705,42800
2020-02-14,1.3300000429153442,1.399999976158142,1.25,1.3300000429153442,1.3300000429153442,28200
2020-02-18,1.3899999856948853,1.5700000524520874,1.2999999523162842,1.3600000143051147,1.3600000143051147,65300
2020-02-19,1.409999966621399,1.409999966621399,1.350000023841858,1.3760000467300415,1.3760000467300415,16300
2020-02-20,1.440000057220459,1.7100000381469727,1.399999976158142,1.5099999904632568,1.5099999904632568,399500
2020-02-21,1.5700000524520874,1.5700000524520874,1.399999976158142,1.409999966621399,1.409999966621399,63600
2020-02-24,1.399999976158142,1.409999966621399,1.309999942779541,1.340000033378601,1.340000033378601,28000
2020-02-25,1.309999942779541,1.4299999475479126,1.2549999952316284,1.2799999713897705,1.2799999713897705,37500
2020-02-26,1.2799999713897705,1.309999942779541,1.1950000524520874,1.25,1.25,33100
2020-02-27,1.25,1.25,1.1100000143051147,1.2050000429153442,1.2050000429153442,48000
2020-02-28,1.1699999570846558,1.1699999570846558,0.9700000286102295,1.0,1.0,66000
2020-03-02,1.0099999904632568,1.25,1.0099999904632568,1.0499999523162842,1.0499999523162842,20800
2020-03-03,1.149999976158142,1.1579999923706055,1.0199999809265137,1.0199999809265137,1.0199999809265137,23300
2020-03-04,1.090000033378601,1.0959999561309814,0.996999979019165,1.0729999542236328,1.0729999542236328,23100
2020-03-05,1.100000023841858,1.100000023841858,1.0,1.059999942779541,1.059999942779541,6400
2020-03-06,1.0800000429153442,1.2000000476837158,1.0,1.1469999551773071,1.1469999551773071,37700
2020-03-09,1.1699999570846558,1.1699999570846558,0.8799999952316284,1.0520000457763672,1.0520000457763672,31000
2020-03-10,1.0499999523162842,1.121000051498413,0.925000011920929,1.100000023841858,1.100000023841858,14000
2020-03-11,1.1100000143051147,1.1399999856948853,1.0,1.0199999809265137,1.0199999809265137,7300
2020-03-12,0.8999999761581421,0.9800000190734863,0.7799999713897705,0.8169999718666077,0.8169999718666077,37100
2020-03-13,0.9300000071525574,1.0499999523162842,0.8579999804496765,1.0299999713897705,1.0299999713897705,84400
2020-03-16,0.8500000238418579,1.0199999809265137,0.800000011920929,0.8500000238418579,0.8500000238418579,44200
2020-03-17,0.8489999771118164,0.8999999761581421,0.8399999737739563,0.8500000238418579,0.8500000238418579,23900
2020-03-18,0.8500000238418579,0.9570000171661377,0.550000011920929,0.652999997138977,0.652999997138977,37000
2020-03-19,0.5899999737739563,0.6600000262260437,0.550000011920929,0.640999972820282,0.640999972820282,22700
2020-03-20,0.6000000238418579,0.7039999961853027,0.5979999899864197,0.6629999876022339,0.6629999876022339,31200
2020-03-23,0.6000000238418579,0.6710000038146973,0.6000000238418579,0.6010000109672546,0.6010000109672546,24100
2020-03-24,0.5889999866485596,0.699999988079071,0.5889999866485596,0.6660000085830688,0.6660000085830688,43600
2020-03-25,0.6499999761581421,0.8149999976158142,0.6499999761581421,0.7860000133514404,0.7860000133514404,34700
2020-03-26,0.7200000286102295,0.8370000123977661,0.7200000286102295,0.7419999837875366,0.7419999837875366,31300
2020-03-27,0.6899999976158142,0.7170000076293945,0.6499999761581421,0.6899999976158142,0.6899999976158142,23800
2020-03-30,0.6460000276565552,0.7400000095367432,0.6460000276565552,0.6600000262260437,0.6600000262260437,26700
2020-03-31,0.6119999885559082,0.6899999976158142,0.6119999885559082,0.6600000262260437,0.6600000262260437,27500
2020-04-01,0.6200000047683716,0.6840000152587891,0.6200000047683716,0.625,0.625,28800
2020-04-02,0.5799999833106995,0.75,0.5799999833106995,0.699999988079071,0.699999988079071,49900
2020-04-03,0.6600000262260437,0.7400000095367432,0.6600000262260437,0.6800000071525574,0.6800000071525574,18500
2020-04-06,0.6499999761581421,0.7200000286102295,0.6240000128746033,0.6930000185966492,0.6930000185966492,16600
2020-04-07,0.7279999852180481,0.7369999885559082,0.6800000071525574,0.6930000185966492,0.6930000185966492,30200
2020-04-08,0.6600000262260437,0.7200000286102295,0.6600000262260437,0.6610000133514404,0.6610000133514404,28500
2020-04-09,0.652999997138977,0.7200000286102295,0.6200000047683716,0.640999972820282,0.640999972820282,42200
2020-04-13,0.6499999761581421,0.699999988079071,0.6399999856948853,0.6800000071525574,0.6800000071525574,33600
2020-04-14,0.6299999952316284,0.75,0.6299999952316284,0.6700000166893005,0.6700000166893005,56800
2020-04-15,0.6100000143051147,0.7099999785423279,0.6100000143051147,0.6299999952316284,0.6299999952316284,53400
2020-04-16,0.6000000238418579,1.2000000476837158,0.6000000238418579,0.8740000128746033,0.8740000128746033,726700
2020-04-17,0.9100000262260437,0.9300000071525574,0.7200000286102295,0.8299999833106995,0.8299999833106995,167500
2020-04-20,0.6399999856948853,0.800000011920929,0.6110000014305115,0.7580000162124634,0.7580000162124634,88400
2020-04-21,0.7419999837875366,0.8399999737739563,0.6600000262260437,0.722000002861023,0.722000002861023,61600
2020-04-22,0.6800000071525574,0.7770000100135803,0.6800000071525574,0.7300000190734863,0.7300000190734863,80000
2020-04-23,0.6370000243186951,0.7799999713897705,0.6370000243186951,0.7200000286102295,0.7200000286102295,104500
2020-04-24,0.6859999895095825,0.7559999823570251,0.6700000166893005,0.7300000190734863,0.7300000190734863,78700
2020-04-27,0.6499999761581421,0.7260000109672546,0.6449999809265137,0.718999981880188,0.718999981880188,140300
2020-04-28,0.6499999761581421,0.7390000224113464,0.6499999761581421,0.6899999976158142,0.6899999976158142,98200
2020-04-29,0.6299999952316284,0.7300000190734863,0.6299999952316284,0.6899999976158142,0.6899999976158142,103400
2020-04-30,0.6600000262260437,1.190000057220459,0.6600000262260437,0.9300000071525574,0.9300000071525574,1818500
2020-05-01,1.7000000476837158,1.8799999952316284,1.1699999570846558,1.2599999904632568,1.2599999904632568,13142200
2020-05-04,1.100000023841858,1.2200000286102295,1.0,1.100000023841858,1.100000023841858,917500
2020-05-05,1.1100000143051147,1.2000000476837158,0.9599999785423279,1.0700000524520874,1.0700000524520874,483400
2020-05-06,0.9520000219345093,1.0399999618530273,0.9319999814033508,0.9629999995231628,0.9629999995231628,350100
2020-05-07,0.8999999761581421,0.9700000286102295,0.8999999761581421,0.902999997138977,0.902999997138977,275100
2020-05-08,0.8029999732971191,0.9100000262260437,0.8029999732971191,0.878000020980835,0.878000020980835,295800
2020-05-11,0.7599999904632568,0.8600000143051147,0.75,0.8299999833106995,0.8299999833106995,308800
2020-05-12,0.7599999904632568,0.8080000281333923,0.75,0.7599999904632568,0.7599999904632568,367700
2020-05-13,0.675000011920929,0.800000011920929,0.6700000166893005,0.7590000033378601,0.7590000033378601,517400
2020-05-14,0.671999990940094,0.7400000095367432,0.671999990940094,0.699999988079071,0.699999988079071,289800
2020-05-15,0.6439999938011169,0.8299999833106995,0.6439999938011169,0.7480000257492065,0.7480000257492065,708500
2020-05-18,0.7210000157356262,0.8600000143051147,0.7210000157356262,0.8050000071525574,0.8050000071525574,594200
2020-05-19,0.8040000200271606,0.8489999771118164,0.7599999904632568,0.8199999928474426,0.8199999928474426,347300
2020-05-20,0.8610000014305115,0.949999988079071,0.8270000219345093,0.8899999856948853,0.8899999856948853,628500
2020-05-21,0.8560000061988831,1.0299999713897705,0.8560000061988831,0.9760000109672546,0.9760000109672546,727800
2020-05-22,0.9900000095367432,1.0870000123977661,0.949999988079071,0.9789999723434448,0.9789999723434448,782000
2020-05-26,0.9470000267028809,1.0299999713897705,0.8999999761581421,0.949999988079071,0.949999988079071,339400
2020-05-27,0.9309999942779541,0.9819999933242798,0.9100000262260437,0.9430000185966492,0.9430000185966492,202800
2020-05-28,0.949999988079071,0.9700000286102295,0.8999999761581421,0.921999990940094,0.921999990940094,194500
2020-05-29,0.9269999861717224,0.9350000023841858,0.800000011920929,0.8410000205039978,0.8410000205039978,215600
2020-06-01,0.8500000238418579,0.9100000262260437,0.8100000023841858,0.8830000162124634,0.8830000162124634,166800
2020-06-02,0.8650000095367432,0.9179999828338623,0.8199999928474426,0.8930000066757202,0.8930000066757202,98700
2020-06-03,0.8960000276565552,0.9200000166893005,0.8349999785423279,0.9079999923706055,0.9079999923706055,143200
2020-06-04,0.8999999761581421,0.9200000166893005,0.8600000143051147,0.8899999856948853,0.8899999856948853,116500
2020-06-05,0.9070000052452087,0.9900000095367432,0.8769999742507935,0.9459999799728394,0.9459999799728394,382100
2020-06-08,0.9750000238418579,1.059999942779541,0.9700000286102295,1.0,1.0,524100
2020-06-09,1.0199999809265137,1.0299999713897705,0.9300000071525574,1.0,1.0,233700
2020-06-10,1.0,1.2699999809265137,0.9300000071525574,1.0099999904632568,1.0099999904632568,1343300
2020-06-11,1.0299999713897705,1.159999966621399,0.9020000100135803,0.9319999814033508,0.9319999814033508,802200
2020-06-12,1.0099999904632568,1.0099999904632568,0.9200000166893005,0.9300000071525574,0.9300000071525574,193800
2020-06-15,0.9660000205039978,0.9900000095367432,0.8820000290870667,0.9490000009536743,0.9490000009536743,139600
2020-06-16,0.9850000143051147,0.9909999966621399,0.9409999847412109,0.9649999737739563,0.9649999737739563,77400
2020-06-17,0.9649999737739563,1.1399999856948853,0.9309999942779541,0.9909999966621399,0.9909999966621399,865100
2020-06-18,0.949999988079071,1.1299999952316284,0.949999988079071,0.9900000095367432,0.9900000095367432,490800
2020-06-19,0.9900000095367432,1.0299999713897705,0.9300000071525574,0.9750000238418579,0.9750000238418579,263700
2020-06-22,0.9570000171661377,1.1100000143051147,0.9399999976158142,1.090000033378601,1.090000033378601,700400
2020-06-23,1.1100000143051147,1.659999966621399,1.0499999523162842,1.350000023841858,1.350000023841858,3826800
2020-06-24,1.2699999809265137,1.312999963760376,1.1399999856948853,1.1399999856948853,1.1399999856948853,511500
2020-06-25,1.1200000047683716,1.2400000095367432,1.100000023841858,1.100000023841858,1.100000023841858,243800
2020-06-26,1.1399999856948853,1.1779999732971191,1.0,1.0299999713897705,1.0299999713897705,201900
2020-06-29,1.059999942779541,1.1200000047683716,1.0299999713897705,1.059999942779541,1.059999942779541,119500
2020-06-30,1.059999942779541,1.1399999856948853,1.0099999904632568,1.0499999523162842,1.0499999523162842,290900
2020-07-01,1.059999942779541,1.3600000143051147,1.0099999904632568,1.0499999523162842,1.0499999523162842,2436300
2020-07-02,1.059999942779541,1.1579999923706055,1.0499999523162842,1.0700000524520874,1.0700000524520874,367800
2020-07-06,1.1100000143051147,1.1399999856948853,1.0700000524520874,1.0700000524520874,1.0700000524520874,252800
2020-07-07,1.1200000047683716,1.1200000047683716,1.0299999713897705,1.059999942779541,1.059999942779541,167500
2020-07-08,1.0700000524520874,1.2339999675750732,1.0499999523162842,1.100000023841858,1.100000023841858,692000
2020-07-09,1.1399999856948853,1.190000057220459,1.090000033378601,1.1799999475479126,1.1799999475479126,225700
2020-07-10,1.1699999570846558,1.2300000190734863,1.149999976158142,1.2000000476837158,1.2000000476837158,183500
2020-07-13,1.2400000095367432,1.2580000162124634,1.0800000429153442,1.1100000143051147,1.1100000143051147,289400
2020-07-14,1.090000033378601,1.1100000143051147,1.0800000429153442,1.090000033378601,1.090000033378601,91700
2020-07-15,1.100000023841858,1.2200000286102295,1.100000023841858,1.190000057220459,1.190000057220459,433400
2020-07-16,1.2100000381469727,1.2300000190734863,1.1200000047683716,1.159999966621399,1.159999966621399,136200
2020-07-17,1.1699999570846558,1.3799999952316284,1.159999966621399,1.2000000476837158,1.2000000476837158,819800
2020-07-20,1.2300000190734863,1.2899999618530273,1.190000057220459,1.2400000095367432,1.2400000095367432,178600
2020-07-21,1.2599999904632568,1.350000023841858,1.2330000400543213,1.2799999713897705,1.2799999713897705,285900
2020-07-22,2.0,2.0989999771118164,1.399999976158142,1.559999942779541,1.559999942779541,5809600
2020-07-23,1.4800000190734863,1.659999966621399,1.4500000476837158,1.5299999713897705,1.5299999713897705,559700
2020-07-24,1.5,1.5379999876022339,1.371000051498413,1.4249999523162842,1.4249999523162842,200600
2020-07-27,1.4199999570846558,1.6299999952316284,1.350000023841858,1.5,1.5,989500
2020-07-28,1.4500000476837158,1.7400000095367432,1.3899999856948853,1.5,1.5,1074100
2020-07-29,1.5,1.5499999523162842,1.3899999856948853,1.4500000476837158,1.4500000476837158,284200
2020-07-30,1.4199999570846558,1.5,1.3700000047683716,1.3899999856948853,1.3899999856948853,188700
2020-07-31,1.3899999856948853,1.5299999713897705,1.3300000429153442,1.399999976158142,1.399999976158142,1222700
2020-08-03,1.3799999952316284,1.6699999570846558,1.350000023841858,1.5399999618530273,1.5399999618530273,1386000
2020-08-04,1.559999942779541,1.559999942779541,1.4600000381469727,1.5299999713897705,1.5299999713897705,190600
2020-08-05,1.5199999809265137,1.659999966621399,1.5199999809265137,1.590000033378601,1.590000033378601,398200
2020-08-06,1.6200000047683716,1.6699999570846558,1.5800000429153442,1.6399999856948853,1.6399999856948853,214700
2020-08-07,1.6799999475479126,1.809999942779541,1.6510000228881836,1.7400000095367432,1.7400000095367432,325800
2020-08-10,1.7599999904632568,1.7899999618530273,1.6799999475479126,1.7400000095367432,1.7400000095367432,162400
2020-08-11,1.7000000476837158,1.7029999494552612,1.5199999809265137,1.5299999713897705,1.5299999713897705,261100
2020-08-12,1.5499999523162842,1.6799999475479126,1.5299999713897705,1.5499999523162842,1.5499999523162842,78600
2020-08-13,1.5499999523162842,1.5800000429153442,1.5210000276565552,1.559999942779541,1.559999942779541,70600
2020-08-14,1.5399999618530273,1.559999942779541,1.4800000190734863,1.5,1.5,89400
2020-08-17,1.5499999523162842,1.5700000524520874,1.4600000381469727,1.4600000381469727,1.4600000381469727,61800
2020-08-18,1.4800000190734863,1.5299999713897705,1.409999966621399,1.4880000352859497,1.4880000352859497,155900
2020-08-19,1.5199999809265137,1.5800000429153442,1.444000005722046,1.4819999933242798,1.4819999933242798,284600
2020-08-20,1.5,1.5099999904632568,1.4199999570846558,1.4700000286102295,1.4700000286102295,114100
2020-08-21,1.440000057220459,1.4900000095367432,1.350000023841858,1.3600000143051147,1.3600000143051147,79600
2020-08-24,1.3799999952316284,1.4279999732971191,1.3300000429153442,1.3700000047683716,1.3700000047683716,142700
2020-08-25,1.3899999856948853,1.409999966621399,1.3300000429153442,1.3700000047683716,1.3700000047683716,197600
2020-08-26,1.3600000143051147,1.4299999475479126,1.3200000524520874,1.3600000143051147,1.3600000143051147,143100
2020-08-27,1.399999976158142,1.4290000200271606,1.25,1.3200000524520874,1.3200000524520874,165700
2020-08-28,1.3300000429153442,1.440000057220459,1.2599999904632568,1.2899999618530273,1.2899999618530273,188900
2020-08-31,1.2899999618530273,1.2899999618530273,1.149999976158142,1.149999976158142,1.149999976158142,150400
2020-09-01,1.149999976158142,1.350000023841858,1.1399999856948853,1.1799999475479126,1.1799999475479126,580800
2020-09-02,1.159999966621399,1.159999966621399,1.090000033378601,1.1050000190734863,1.1050000190734863,117000
2020-09-03,1.0800000429153442,1.1200000047683716,1.0,1.0299999713897705,1.0299999713897705,129500
2020-09-04,1.059999942779541,1.0800000429153442,0.9649999737739563,1.0199999809265137,1.0199999809265137,89100
2020-09-08,1.0199999809265137,1.0720000267028809,0.9909999966621399,1.0099999904632568,1.0099999904632568,100900
2020-09-09,1.0199999809265137,1.1200000047683716,1.0,1.0299999713897705,1.0299999713897705,147900
2020-09-10,1.0299999713897705,1.0499999523162842,1.0099999904632568,1.0099999904632568,1.0099999904632568,65200
2020-09-11,1.059999942779541,1.0700000524520874,1.0,1.0099999904632568,1.0099999904632568,67100
2020-09-14,1.0099999904632568,1.149999976158142,1.0,1.059999942779541,1.059999942779541,171400
2020-09-15,1.100000023841858,1.2699999809265137,1.0609999895095825,1.2100000381469727,1.2100000381469727,1339000
2020-09-16,1.2100000381469727,1.2319999933242798,1.159999966621399,1.2000000476837158,1.2000000476837158,142100
2020-09-17,1.1699999570846558,1.1699999570846558,1.1100000143051147,1.1299999952316284,1.1299999952316284,91800
2020-09-18,1.1299999952316284,1.1699999570846558,1.1200000047683716,1.1399999856948853,1.1399999856948853,86200
2020-09-21,1.1299999952316284,1.1299999952316284,1.0700000524520874,1.0700000524520874,1.0700000524520874,50000
2020-09-22,1.0800000429153442,1.093999981880188,0.9710000157356262,1.0479999780654907,1.0479999780654907,171100
2020-09-23,3.5399999618530273,46.66999816894531,3.299999952316284,14.0,14.0,348301800
2020-09-24,27.100000381469727,28.709999084472656,12.5,13.100000381469727,13.100000381469727,29555000
2020-09-25,9.619999885559082,12.899999618530273,8.989999771118164,9.989999771118164,9.989999771118164,20799900
2020-09-28,9.899999618530273,12.0,9.050000190734863,10.239999771118164,10.239999771118164,10957600
2020-09-29,9.220000267028809,9.5,7.199999809265137,7.460000038146973,7.460000038146973,3718300
2020-09-30,8.0,9.75,7.199999809265137,7.199999809265137,7.199999809265137,13898700
2020-10-01,6.199999809265137,6.21999979019165,5.349999904632568,5.710000038146973,5.710000038146973,5239200
2020-10-02,5.550000190734863,6.380000114440918,5.5,5.679999828338623,5.679999828338623,8758600
2020-10-05,5.980000019073486,7.539999961853027,5.860000133514404,6.860000133514404,6.860000133514404,17765800
2020-10-06,7.0,8.670000076293945,6.869999885559082,7.769999980926514,7.769999980926514,15655800
2020-10-07,8.890000343322754,9.09000015258789,8.0,8.350000381469727,8.350000381469727,8042300
2020-10-08,8.449999809265137,8.699999809265137,7.579999923706055,8.100000381469727,8.100000381469727,3720500
2020-10-09,7.860000133514404,7.889999866485596,7.260000228881836,7.409999847412109,7.409999847412109,2496300
2020-10-12,7.760000228881836,7.789999961853027,7.0,7.099999904632568,7.099999904632568,2064400
2020-10-13,7.059999942779541,7.670000076293945,6.800000190734863,7.380000114440918,7.380000114440918,2265500
2020-10-14,7.349999904632568,7.539999961853027,7.110000133514404,7.179999828338623,7.179999828338623,1506400
2020-10-15,12.15999984741211,12.380000114440918,8.930000305175781,9.140000343322754,9.140000343322754,59155100
2020-10-16,8.5,9.149999618530273,8.050000190734863,8.789999961853027,8.789999961853027,5230500
2020-10-19,8.510000228881836,9.369999885559082,8.199999809265137,9.220000267028809,9.220000267028809,1965700
2020-10-20,9.211999893188477,9.350000381469727,8.699999809265137,8.699999809265137,8.699999809265137,1671500
2020-10-21,8.630000114440918,8.664999961853027,7.900000095367432,8.010000228881836,8.010000228881836,2166800
2020-10-22,8.010000228881836,8.350000381469727,7.409999847412109,8.170000076293945,8.170000076293945,1958800
2020-10-23,7.900000095367432,8.449999809265137,7.769999980926514,8.300000190734863,8.300000190734863,1089000
2020-10-26,8.039999961853027,8.1899995803833,7.710000038146973,7.940000057220459,7.940000057220459,640400
2020-10-27,9.729999542236328,9.779999732971191,8.390000343322754,8.819999694824219,8.819999694824219,19178700
2020-10-28,8.270000457763672,9.100000381469727,8.119999885559082,8.770000457763672,8.770000457763672,1474300
2020-10-29,8.760000228881836,8.800000190734863,8.390000343322754,8.470000267028809,8.470000267028809,834800
2020-10-30,8.380000114440918,8.579999923706055,7.840000152587891,7.849999904632568,7.849999904632568,893000
2020-11-02,8.210000038146973,8.220000267028809,7.730000019073486,7.789999961853027,7.789999961853027,776000
2020-11-03,7.800000190734863,8.479999542236328,7.699999809265137,7.920000076293945,7.920000076293945,1492900
2020-11-04,7.949999809265137,8.079999923706055,7.639999866485596,7.900000095367432,7.900000095367432,907400
2020-11-05,7.96999979019165,8.079999923706055,7.730000019073486,8.069999694824219,8.069999694824219,1391100
2020-11-06,7.96999979019165,8.020000457763672,7.78000020980835,7.840000152587891,7.840000152587891,665700
2020-11-09,8.449999809265137,8.579999923706055,7.800000190734863,7.909999847412109,7.909999847412109,1515600
2020-11-10,7.900000095367432,7.989999771118164,7.329999923706055,7.710000038146973,7.710000038146973,827400
2020-11-11,7.679999828338623,7.800000190734863,7.519999980926514,7.670000076293945,7.670000076293945,449400
2020-11-12,7.570000171661377,7.900000095367432,7.400000095367432,7.730000019073486,7.730000019073486,965800
2020-11-13,7.920000076293945,8.25,7.75,7.869999885559082,7.869999885559082,2335900
2020-11-16,8.100000381469727,8.770000457763672,7.90500020980835,8.699999809265137,8.699999809265137,2749300
2020-11-17,8.329999923706055,8.48799991607666,8.010000228881836,8.25,8.25,1413300
2020-11-18,8.149999618530273,8.357999801635742,7.829999923706055,7.96999979019165,7.96999979019165,1315300
2020-11-19,8.010000228881836,8.819999694824219,7.909999847412109,8.720000267028809,8.720000267028809,2623100
2020-11-20,8.579999923706055,11.029999732971191,8.5,9.5600004196167,9.5600004196167,10776400
2020-11-23,10.571000099182129,11.430000305175781,10.140000343322754,10.720000267028809,10.720000267028809,5930300
2020-11-24,16.06999969482422,16.18000030517578,11.609999656677246,11.880000114440918,11.880000114440918,14219500
2020-11-25,10.649999618530273,12.489999771118164,10.399999618530273,11.510000228881836,11.510000228881836,3867200
2020-11-27,12.850000381469727,12.850000381469727,11.550000190734863,11.90999984741211,11.90999984741211,1786300
2020-11-30,11.949999809265137,12.085000038146973,10.300000190734863,11.1899995803833,11.1899995803833,1772400
2020-12-01,11.329999923706055,11.550000190734863,10.609999656677246,10.850000381469727,10.850000381469727,1050200
2020-12-02,10.100000381469727,10.489999771118164,9.699999809265137,10.100000381469727,10.100000381469727,950500
2020-12-03,9.430000305175781,9.5,8.850000381469727,8.920000076293945,8.920000076293945,2823200
2020-12-04,9.131999969482422,9.149999618530273,8.539999961853027,8.850000381469727,8.850000381469727,1797200
2020-12-07,8.600000381469727,9.050000190734863,8.449999809265137,8.800000190734863,8.800000190734863,1941900
2020-12-08,8.710000038146973,8.739999771118164,8.199999809265137,8.34000015258789,8.34000015258789,1718600
2020-12-09,8.350000381469727,8.434000015258789,7.820000171661377,8.020000457763672,8.020000457763672,1776400
2020-12-10,7.874000072479248,8.149999618530273,7.75,8.130000114440918,8.130000114440918,1769800
2020-12-11,8.100000381469727,8.15999984741211,7.769999980926514,7.869999885559082,7.869999885559082,1462900
2020-12-14,8.0,8.0,7.369999885559082,7.429999828338623,7.429999828338623,1587500
2020-12-15,7.46999979019165,7.880000114440918,7.429999828338623,7.639999866485596,7.639999866485596,1143400
2020-12-16,7.610000133514404,8.15999984741211,7.599999904632568,8.050000190734863,8.050000190734863,3178600
2020-12-17,7.960000038146973,8.149999618530273,7.619999885559082,7.75,7.75,1758700
2020-12-18,7.75,8.100000381469727,7.409999847412109,7.840000152587891,7.840000152587891,1978400
2020-12-21,7.75,7.889999866485596,7.506999969482422,7.579999923706055,7.579999923706055,1561300
2020-12-22,7.650000095367432,8.229999542236328,7.639999866485596,8.020000457763672,8.020000457763672,2897800
2020-12-23,8.010000228881836,8.829999923706055,7.860000133514404,8.600000381469727,8.600000381469727,3296100
2020-12-24,8.600000381469727,8.670000076293945,7.809999942779541,7.880000114440918,7.880000114440918,1452700
2020-12-28,8.100000381469727,8.930000305175781,8.079999923706055,8.729999542236328,8.729999542236328,3947500
2020-12-29,8.729999542236328,8.729999542236328,7.900000095367432,8.289999961853027,8.289999961853027,1883200
2020-12-30,8.369999885559082,8.40999984741211,8.0,8.100000381469727,8.100000381469727,3397900
2020-12-31,8.140000343322754,8.34000015258789,7.820000171661377,7.889999866485596,7.889999866485596,1505800
2021-01-04,8.0,8.149999618530273,7.619999885559082,7.860000133514404,7.860000133514404,1246000
2021-01-05,7.849999904632568,8.350000381469727,7.71999979019165,8.109999656677246,8.109999656677246,1411000
2021-01-06,8.399999618530273,9.460000038146973,8.300000190734863,8.579999923706055,8.579999923706055,5267300
2021-01-07,9.206000328063965,9.600000381469727,8.869999885559082,9.329999923706055,9.329999923706055,2745300
2021-01-08,9.423999786376953,9.520000457763672,8.609999656677246,8.880000114440918,8.880000114440918,1622100
2021-01-11,8.539999961853027,8.84000015258789,8.300000190734863,8.390000343322754,8.390000343322754,1157500
2021-01-12,8.829000473022461,9.789999961853027,8.729999542236328,9.579999923706055,9.579999923706055,3431600
2021-01-13,9.350000381469727,9.720000267028809,8.829999923706055,8.90999984741211,8.90999984741211,1852400
2021-01-14,9.0,9.199999809265137,8.869999885559082,8.949999809265137,8.949999809265137,1490600
2021-01-15,9.020000457763672,9.329999923706055,8.369999885559082,8.369999885559082,8.369999885559082,2500000
2021-01-19,8.65999984741211,9.460000038146973,8.449999809265137,9.4399995803833,9.4399995803833,3184000
2021-01-20,10.505000114440918,11.789999961853027,10.220000267028809,10.770000457763672,10.770000457763672,11581700
2021-01-21,10.520000457763672,12.239999771118164,9.770000457763672,11.479999542236328,11.479999542236328,5913800
2021-01-22,10.800000190734863,11.479999542236328,10.600000381469727,11.229999542236328,11.229999542236328,2994700
2021-01-25,11.869999885559082,12.6899995803833,10.800000190734863,11.640000343322754,11.640000343322754,4696700
2021-01-26,11.9399995803833,11.949999809265137,10.800000190734863,11.020000457763672,11.020000457763672,2302900
2021-01-27,10.260000228881836,11.420000076293945,9.989999771118164,10.460000038146973,10.460000038146973,2585700
2021-01-28,10.255000114440918,10.670000076293945,9.5,10.34000015258789,10.34000015258789,1681800
2021-01-29,10.010000228881836,10.1899995803833,9.0600004196167,9.75,9.75,1366000
2021-02-01,10.0,10.029000282287598,9.300000190734863,9.699999809265137,9.699999809265137,959900
2021-02-02,9.949999809265137,11.199999809265137,9.880000114440918,10.539999961853027,10.539999961853027,2246200
2021-02-03,10.61400032043457,11.470000267028809,10.59000015258789,10.970000267028809,10.970000267028809,2021400
2021-02-04,11.319999694824219,11.720000267028809,10.899999618530273,11.520000457763672,11.520000457763672,1826500
2021-02-05,11.470000267028809,11.470000267028809,10.710000038146973,11.239999771118164,11.239999771118164,1058400
2021-02-08,11.430000305175781,12.59000015258789,11.039999961853027,12.40999984741211,12.40999984741211,3769700
2021-02-09,11.8100004196167,11.899999618530273,10.8100004196167,11.210000038146973,11.210000038146973,3087800
2021-02-10,11.140000343322754,11.300000190734863,10.5,10.859999656677246,10.859999656677246,1830200
2021-02-11,10.9399995803833,11.039999961853027,10.0600004196167,10.779999732971191,10.779999732971191,1331000
2021-02-12,10.619999885559082,10.619999885559082,10.270000457763672,10.300000190734863,10.300000190734863,844800
2021-02-16,10.697999954223633,11.067999839782715,10.300000190734863,10.920000076293945,10.920000076293945,1437600
2021-02-17,10.600000381469727,10.710000038146973,9.970000267028809,10.609999656677246,10.609999656677246,1061100
2021-02-18,10.229999542236328,10.5,9.710000038146973,9.8100004196167,9.8100004196167,842600
2021-02-19,9.960000038146973,10.73900032043457,9.760000228881836,10.229999542236328,10.229999542236328,1853000
2021-02-22,10.039999961853027,10.079999923706055,9.199999809265137,9.329999923706055,9.329999923706055,1490500
2021-02-23,8.520000457763672,8.710000038146973,7.539999961853027,8.359999656677246,8.359999656677246,1555000
2021-02-24,8.550000190734863,8.979999542236328,8.460000038146973,8.609999656677246,8.609999656677246,923200
2021-02-25,8.579999923706055,8.689000129699707,7.769999980926514,7.960000038146973,7.960000038146973,1048600
2021-02-26,8.039999961853027,9.029999732971191,7.989999771118164,8.90999984741211,8.90999984741211,1623000
2021-03-01,9.069999694824219,9.430000305175781,8.829999923706055,8.930000305175781,8.930000305175781,906000
2021-03-02,8.90999984741211,8.90999984741211,8.140000343322754,8.270000457763672,8.270000457763672,957900
2021-03-03,8.319999694824219,8.699999809265137,7.940000057220459,8.010000228881836,8.010000228881836,926900
2021-03-04,7.760000228881836,7.809999942779541,6.760000228881836,7.420000076293945,7.420000076293945,1408900
2021-03-05,7.578000068664551,7.578000068664551,6.199999809265137,6.809999942779541,6.809999942779541,1327800
2021-03-08,6.900000095367432,7.260000228881836,6.800000190734863,6.809999942779541,6.809999942779541,729200
2021-03-09,7.099999904632568,7.460000038146973,7.0,7.320000171661377,7.320000171661377,760400
2021-03-10,7.5,7.849999904632568,7.25,7.349999904632568,7.349999904632568,902400
2021-03-11,7.599999904632568,7.960000038146973,7.5,7.960000038146973,7.960000038146973,690900
2021-03-12,7.579999923706055,8.039999961853027,7.510000228881836,8.010000228881836,8.010000228881836,500800
2021-03-15,8.362000465393066,8.449999809265137,7.800000190734863,7.840000152587891,7.840000152587891,908700
2021-03-16,8.010000228881836,8.0600004196167,7.579999923706055,7.800000190734863,7.800000190734863,517800
2021-03-17,7.539999961853027,8.180000305175781,7.300000190734863,8.039999961853027,8.039999961853027,481200
2021-03-18,7.920000076293945,7.980000019073486,7.579999923706055,7.679999828338623,7.679999828338623,421800
2021-03-19,7.699999809265137,7.989999771118164,7.519999980926514,7.989999771118164,7.989999771118164,434900
2021-03-22,7.980000019073486,8.380000114440918,7.820000171661377,8.1899995803833,8.1899995803833,781600
2021-03-23,8.149999618530273,8.154999732971191,7.409999847412109,7.5,7.5,567200
2021-03-24,7.510000228881836,7.579999923706055,6.809999942779541,6.860000133514404,6.860000133514404,728700
2021-03-25,6.800000190734863,6.949999809265137,6.429999828338623,6.860000133514404,6.860000133514404,642700
2021-03-26,7.050000190734863,7.070000171661377,6.400000095367432,6.820000171661377,6.820000171661377,407400
2021-03-29,6.849999904632568,6.980000019073486,6.550000190734863,6.949999809265137,6.949999809265137,366000
2021-03-30,6.840000152587891,7.320000171661377,6.710000038146973,7.170000076293945,7.170000076293945,505100
2021-03-31,7.380000114440918,7.559999942779541,7.230000019073486,7.5,7.5,458800
2021-04-01,7.769999980926514,7.840000152587891,7.400000095367432,7.53000020980835,7.53000020980835,372100
2021-04-05,7.699999809265137,7.704999923706055,7.269999980926514,7.369999885559082,7.369999885559082,308700
2021-04-06,7.369999885559082,7.550000190734863,7.28000020980835,7.489999771118164,7.489999771118164,259900
2021-04-07,7.5,7.590000152587891,7.070000171661377,7.179999828338623,7.179999828338623,276100
2021-04-08,7.179999828338623,7.53000020980835,7.119999885559082,7.5,7.5,240800
2021-04-09,7.409999847412109,7.53000020980835,7.28000020980835,7.369999885559082,7.369999885559082,174900
2021-04-12,7.309999942779541,7.340000152587891,6.931000232696533,6.949999809265137,6.949999809265137,261800
2021-04-13,7.019999980926514,7.190000057220459,6.75,7.119999885559082,7.119999885559082,255500
2021-04-14,7.099999904632568,7.159999847412109,6.765999794006348,6.769999980926514,6.769999980926514,374600
2021-04-15,6.809999942779541,6.8520002365112305,6.380000114440918,6.389999866485596,6.389999866485596,445600
2021-04-16,6.420000076293945,6.480000019073486,6.059999942779541,6.21999979019165,6.21999979019165,451800
2021-04-19,6.190000057220459,6.230000019073486,5.71999979019165,6.03000020980835,6.03000020980835,417300
2021-04-20,5.929999828338623,6.070000171661377,5.820000171661377,5.860000133514404,5.860000133514404,307000
2021-04-21,5.929999828338623,6.309999942779541,5.860000133514404,6.210000038146973,6.210000038146973,687700
2021-04-22,6.349999904632568,6.559999942779541,6.170000076293945,6.329999923706055,6.329999923706055,293600
2021-04-23,6.380000114440918,6.630000114440918,6.340000152587891,6.510000228881836,6.510000228881836,256300
2021-04-26,6.519999980926514,6.909999847412109,6.456999778747559,6.710000038146973,6.710000038146973,236300
2021-04-27,6.769999980926514,6.980000019073486,6.650000095367432,6.980000019073486,6.980000019073486,184700
2021-04-28,6.921000003814697,6.960000038146973,6.820000171661377,6.880000114440918,6.880000114440918,160800
2021-04-29,7.070000171661377,7.300000190734863,6.690000057220459,7.090000152587891,7.090000152587891,451200
2021-04-30,6.940000057220459,7.050000190734863,6.659999847412109,6.730000019073486,6.730000019073486,203400
2021-05-03,6.900000095367432,6.980000019073486,6.510000228881836,6.800000190734863,6.800000190734863,190800
2021-05-04,6.739999771118164,6.739999771118164,6.164999961853027,6.480000019073486,6.480000019073486,547000
2021-05-05,6.46999979019165,6.590000152587891,6.300000190734863,6.320000171661377,6.320000171661377,263900
2021-05-06,6.260000228881836,6.329999923706055,5.909999847412109,6.039999961853027,6.039999961853027,249900
2021-05-07,6.150000095367432,6.360000133514404,6.099999904632568,6.159999847412109,6.159999847412109,194500
2021-05-10,6.090000152587891,6.130000114440918,5.75,5.760000228881836,5.760000228881836,296400
2021-05-11,5.449999809265137,5.800000190734863,5.400000095367432,5.650000095367432,5.650000095367432,437100
2021-05-12,5.539999961853027,5.849999904632568,5.525000095367432,5.539999961853027,5.539999961853027,382900
2021-05-13,5.630000114440918,5.75,5.0,5.019999980926514,5.019999980926514,422900
2021-05-14,5.210000038146973,5.360000133514404,5.070000171661377,5.159999847412109,5.159999847412109,199900
2021-05-17,5.380000114440918,5.389999866485596,5.099999904632568,5.210000038146973,5.210000038146973,239300
2021-05-18,5.210000038146973,5.599999904632568,5.150000095367432,5.480000019073486,5.480000019073486,326700
2021-05-19,5.260000228881836,5.389999866485596,5.159999847412109,5.269999980926514,5.269999980926514,159100
2021-05-20,5.199999809265137,5.599999904632568,5.199999809265137,5.360000133514404,5.360000133514404,219500
2021-05-21,5.460000038146973,5.550000190734863,5.400000095367432,5.480000019073486,5.480000019073486,231300
2021-05-24,5.559999942779541,5.561999797821045,5.199999809265137,5.21999979019165,5.21999979019165,237600
2021-05-25,5.25,5.295000076293945,5.050000190734863,5.119999885559082,5.119999885559082,251100
2021-05-26,5.25,5.730000019073486,5.119999885559082,5.610000133514404,5.610000133514404,501700
2021-05-27,5.599999904632568,5.670000076293945,5.460000038146973,5.650000095367432,5.650000095367432,256300
2021-05-28,5.670000076293945,5.940000057220459,5.599999904632568,5.599999904632568,5.599999904632568,271600
2021-06-01,5.840000152587891,6.429999828338623,5.760000228881836,6.119999885559082,6.119999885559082,851900
2021-06-02,6.090000152587891,6.139999866485596,5.809999942779541,5.929999828338623,5.929999828338623,317600
2021-06-03,6.320000171661377,6.639999866485596,5.960000038146973,6.070000171661377,6.070000171661377,1400900
2021-06-04,6.050000190734863,6.380000114440918,6.039999961853027,6.110000133514404,6.110000133514404,392600
2021-06-07,6.110000133514404,6.309999942779541,5.929999828338623,6.25,6.25,318600
2021-06-08,6.25,6.340000152587891,6.059999942779541,6.230000019073486,6.230000019073486,318700
2021-06-09,8.0,8.585000038146973,7.21999979019165,7.989999771118164,7.989999771118164,10462700
2021-06-10,7.610000133514404,7.948999881744385,7.010000228881836,7.329999923706055,7.329999923706055,1345500
2021-06-11,7.184000015258789,7.309999942779541,6.820000171661377,6.909999847412109,6.909999847412109,783500
2021-06-14,7.019999980926514,7.079999923706055,6.585000038146973,6.760000228881836,6.760000228881836,791100
2021-06-15,6.760000228881836,6.800000190734863,6.550000190734863,6.559999942779541,6.559999942779541,331200
2021-06-16,7.679999828338623,7.949999809265137,6.869999885559082,7.239999771118164,7.239999771118164,17122200
2021-06-17,6.940000057220459,7.139999866485596,6.690000057220459,6.800000190734863,6.800000190734863,1536200
2021-06-18,6.769999980926514,6.800000190734863,6.519999980926514,6.800000190734863,6.800000190734863,725100
2021-06-21,6.730000019073486,6.920000076293945,6.511000156402588,6.900000095367432,6.900000095367432,518800
2021-06-22,7.0,7.0,6.710000038146973,6.829999923706055,6.829999923706055,295500
2021-06-23,6.800000190734863,7.03000020980835,6.619999885559082,6.800000190734863,6.800000190734863,766900
2021-06-24,6.889999866485596,6.920000076293945,6.75,6.800000190734863,6.800000190734863,247300
2021-06-25,6.739999771118164,6.919000148773193,6.53000020980835,6.690000057220459,6.690000057220459,950200
2021-06-28,6.659999847412109,6.849999904632568,6.650000095367432,6.840000152587891,6.840000152587891,498800
2021-06-29,6.860000133514404,7.119999885559082,6.820000171661377,7.03000020980835,7.03000020980835,582300
2021-06-30,7.099999904632568,7.099999904632568,6.656000137329102,6.679999828338623,6.679999828338623,459900
2021-07-01,6.710000038146973,6.849999904632568,6.5879998207092285,6.75,6.75,353600
2021-07-02,6.800000190734863,6.800000190734863,6.449999809265137,6.489999771118164,6.489999771118164,379300
2021-07-06,6.46999979019165,6.570000171661377,6.230000019073486,6.329999923706055,6.329999923706055,378700
2021-07-07,6.300000190734863,6.380000114440918,5.929999828338623,6.090000152587891,6.090000152587891,467100
2021-07-08,5.949999809265137,6.230000019073486,5.849999904632568,6.019999980926514,6.019999980926514,282300
2021-07-09,6.170000076293945,6.170000076293945,5.96999979019165,6.110000133514404,6.110000133514404,247900
2021-07-12,7.691999912261963,7.730000019073486,6.380000114440918,6.570000171661377,6.570000171661377,15189800
2021-07-13,6.400000095367432,6.539999961853027,6.124000072479248,6.159999847412109,6.159999847412109,1269500
2021-07-14,6.159999847412109,6.25,5.690000057220459,5.71999979019165,5.71999979019165,861900
2021-07-15,5.670000076293945,5.880000114440918,5.570000171661377,5.730000019073486,5.730000019073486,365400
2021-07-16,5.760000228881836,5.793000221252441,5.610000133514404,5.650000095367432,5.650000095367432,258100
2021-07-19,5.559999942779541,5.579999923706055,5.349999904632568,5.460000038146973,5.460000038146973,390100
2021-07-20,5.489999771118164,5.75,5.389999866485596,5.630000114440918,5.630000114440918,276500
2021-07-21,5.610000133514404,5.949999809265137,5.610000133514404,5.920000076293945,5.920000076293945,560800
2021-07-22,5.949999809265137,5.949999809265137,5.679999828338623,5.710000038146973,5.710000038146973,173400
2021-07-23,5.699999809265137,5.7230000495910645,5.449999809265137,5.550000190734863,5.550000190734863,229700
2021-07-26,5.492000102996826,5.78000020980835,5.465000152587891,5.579999923706055,5.579999923706055,324700
2021-07-27,5.5,5.550000190734863,5.150000095367432,5.260000228881836,5.260000228881836,352400
2021-07-28,5.300000190734863,5.489999771118164,5.289999961853027,5.440000057220459,5.440000057220459,406500
2021-07-29,5.5,5.639999866485596,5.409999847412109,5.519999980926514,5.519999980926514,258500
2021-07-30,5.366000175476074,5.579999923706055,5.35099983215332,5.449999809265137,5.449999809265137,134300
2021-08-02,5.5,5.679999828338623,5.453000068664551,5.489999771118164,5.489999771118164,140700
2021-08-03,5.539999961853027,5.639999866485596,5.4070000648498535,5.53000020980835,5.53000020980835,178700
2021-08-04,5.46999979019165,5.605000019073486,5.309999942779541,5.360000133514404,5.360000133514404,150500
2021-08-05,5.380000114440918,5.559999942779541,5.35699987411499,5.409999847412109,5.409999847412109,123300
2021-08-06,5.510000228881836,5.800000190734863,5.400000095367432,5.610000133514404,5.610000133514404,433300
2021-08-09,5.570000171661377,5.699999809265137,5.449999809265137,5.610000133514404,5.610000133514404,310400
2021-08-10,5.699999809265137,5.769999980926514,5.514999866485596,5.539999961853027,5.539999961853027,215300
2021-08-11,5.53000020980835,5.650000095367432,5.28000020980835,5.360000133514404,5.360000133514404,258000
2021-08-12,5.429999828338623,5.46999979019165,5.059999942779541,5.369999885559082,5.369999885559082,283700
2021-08-13,5.380000114440918,5.400000095367432,5.159999847412109,5.179999828338623,5.179999828338623,153600
2021-08-16,5.099999904632568,5.179999828338623,4.940000057220459,4.949999809265137,4.949999809265137,337600
2021-08-17,4.909999847412109,4.909999847412109,4.679999828338623,4.804999828338623,4.804999828338623,247000
2021-08-18,4.849999904632568,5.070000171661377,4.75,4.829999923706055,4.829999923706055,192000
2021-08-19,4.800000190734863,4.888000011444092,4.599999904632568,4.630000114440918,4.630000114440918,178500
2021-08-20,4.590000152587891,4.809999942779541,4.590000152587891,4.800000190734863,4.800000190734863,104200
2021-08-23,4.900000095367432,5.079999923706055,4.880000114440918,4.980000019073486,4.980000019073486,232400
2021-08-24,5.090000152587891,5.21999979019165,4.989999771118164,5.170000076293945,5.170000076293945,188800
2021-08-25,5.150000095367432,5.429999828338623,5.150000095367432,5.21999979019165,5.21999979019165,191900
2021-08-26,5.150000095367432,5.300000190734863,5.050000190734863,5.099999904632568,5.099999904632568,140800
2021-08-27,5.099999904632568,5.275000095367432,5.079999923706055,5.239999771118164,5.239999771118164,136500
2021-08-30,5.289999961853027,5.579999923706055,5.136000156402588,5.460000038146973,5.460000038146973,196200
2021-08-31,5.409999847412109,5.429999828338623,5.28000020980835,5.340000152587891,5.340000152587891,128800
2021-09-01,5.320000171661377,5.453999996185303,5.300000190734863,5.320000171661377,5.320000171661377,100500
2021-09-02,5.340000152587891,5.590000152587891,5.289999961853027,5.340000152587891,5.340000152587891,291900
2021-09-03,5.389999866485596,5.46999979019165,5.110000133514404,5.110000133514404,5.110000133514404,136600
2021-09-07,5.25,6.480000019073486,5.25,5.590000152587891,5.590000152587891,12028600
2021-09-08,5.550000190734863,5.71999979019165,5.309999942779541,5.650000095367432,5.650000095367432,877400
2021-09-09,5.828999996185303,5.949999809265137,5.540999889373779,5.71999979019165,5.71999979019165,1239200
2021-09-10,5.71999979019165,5.760000228881836,5.349999904632568,5.440000057220459,5.440000057220459,427800
2021-09-13,5.519999980926514,5.545000076293945,5.320000171661377,5.480000019073486,5.480000019073486,348700
2021-09-14,5.5,5.5,5.190000057220459,5.25,5.25,300300
2021-09-15,5.25,5.414000034332275,5.170000076293945,5.380000114440918,5.380000114440918,203200
2021-09-16,5.400000095367432,5.540999889373779,5.289999961853027,5.440000057220459,5.440000057220459,259200
2021-09-17,5.5,5.679999828338623,5.400000095367432,5.619999885559082,5.619999885559082,388000
2021-09-20,5.460000038146973,5.46999979019165,5.025000095367432,5.139999866485596,5.139999866485596,325400
2021-09-21,5.159999847412109,5.329999923706055,5.150000095367432,5.289999961853027,5.289999961853027,207300
2021-09-22,5.360000133514404,5.510000228881836,5.309999942779541,5.480000019073486,5.480000019073486,327600
2021-09-23,5.489999771118164,5.570000171661377,5.349999904632568,5.53000020980835,5.53000020980835,254200
2021-09-24,5.429999828338623,5.5,5.340000152587891,5.360000133514404,5.360000133514404,161800
2021-09-27,5.559999942779541,5.730000019073486,5.46999979019165,5.619999885559082,5.619999885559082,962200
2021-09-28,5.510000228881836,5.690000057220459,5.420000076293945,5.539999961853027,5.539999961853027,548600
2021-09-29,5.570000171661377,5.590000152587891,5.03000020980835,5.03000020980835,5.03000020980835,943800
2021-09-30,5.1020002365112305,5.130000114440918,4.889999866485596,5.019999980926514,5.019999980926514,390900
2021-10-01,5.039999961853027,5.073999881744385,4.864999771118164,4.989999771118164,4.989999771118164,269700
2021-10-04,4.909999847412109,4.940000057220459,4.710000038146973,4.820000171661377,4.820000171661377,300000
2021-10-05,4.800000190734863,4.900000095367432,4.550000190734863,4.619999885559082,4.619999885559082,299900
2021-10-06,4.579999923706055,4.619999885559082,4.349999904632568,4.360000133514404,4.360000133514404,631400
2021-10-07,4.46999979019165,4.539999961853027,4.400000095367432,4.510000228881836,4.510000228881836,261500
2021-10-08,4.53000020980835,4.570000171661377,4.420000076293945,4.480000019073486,4.480000019073486,182800
2021-10-11,4.460000038146973,4.599999904632568,4.460000038146973,4.46999979019165,4.46999979019165,146200
2021-10-12,4.449999809265137,4.699999809265137,4.449999809265137,4.679999828338623,4.679999828338623,164000
2021-10-13,4.75,4.860000133514404,4.650000095367432,4.829999923706055,4.829999923706055,135300
2021-10-14,4.880000114440918,4.880000114440918,4.730000019073486,4.800000190734863,4.800000190734863,128300
2021-10-15,4.849999904632568,4.900000095367432,4.769999980926514,4.800000190734863,4.800000190734863,119400
2021-10-18,4.769999980926514,4.940000057220459,4.742000102996826,4.889999866485596,4.889999866485596,129400
2021-10-19,4.909999847412109,5.25,4.900000095367432,5.179999828338623,5.179999828338623,342800
2021-10-20,5.179999828338623,5.210000038146973,5.010000228881836,5.079999923706055,5.079999923706055,134000
2021-10-21,5.079999923706055,5.239999771118164,5.050000190734863,5.079999923706055,5.079999923706055,141000
2021-10-22,5.059999942779541,5.070000171661377,4.849999904632568,4.949999809265137,4.949999809265137,188800
2021-10-25,4.929999828338623,5.130000114440918,4.880000114440918,5.099999904632568,5.099999904632568,149200
2021-10-26,5.139999866485596,5.139999866485596,5.0,5.0,5.0,181900
2021-10-27,5.03000020980835,5.070000171661377,4.820000171661377,4.840000152587891,4.840000152587891,163400
2021-10-28,4.849999904632568,5.28000020980835,4.849999904632568,5.25,5.25,1271000
2021-10-29,5.179999828338623,5.300000190734863,4.869999885559082,4.929999828338623,4.929999828338623,679100
2021-11-01,5.0,5.239999771118164,4.98799991607666,5.159999847412109,5.159999847412109,436500
2021-11-02,5.179999828338623,5.185999870300293,4.909999847412109,5.110000133514404,5.110000133514404,278900
2021-11-03,5.059999942779541,5.139999866485596,5.0,5.099999904632568,5.099999904632568,162100
2021-11-04,5.179999828338623,5.179999828338623,4.949999809265137,4.989999771118164,4.989999771118164,161500
2021-11-05,4.96999979019165,5.0,4.840000152587891,4.869999885559082,4.869999885559082,228300
2021-11-08,5.03000020980835,5.849999904632568,4.949999809265137,5.429999828338623,5.429999828338623,3559900
2021-11-09,5.329999923706055,5.329999923706055,4.909999847412109,5.039999961853027,5.039999961853027,739100
2021-11-10,4.989999771118164,5.050000190734863,4.800000190734863,4.889999866485596,4.889999866485596,648400
2021-11-11,4.900000095367432,5.547999858856201,4.820000171661377,5.420000076293945,5.420000076293945,1849000
2021-11-12,5.340000152587891,5.460000038146973,5.110000133514404,5.309999942779541,5.309999942779541,719100
2021-11-15,5.400000095367432,5.980000019073486,5.329999923706055,5.639999866485596,5.639999866485596,2319900
2021-11-16,5.550000190734863,6.650000095367432,5.409999847412109,6.150000095367432,6.150000095367432,7347800
2021-11-17,6.909999847412109,7.690000057220459,6.559999942779541,7.25,7.25,22581500
2021-11-18,6.929999828338623,7.21999979019165,6.119999885559082,6.820000171661377,6.820000171661377,6803300
2021-11-19,6.460000038146973,6.670000076293945,5.699999809265137,6.0,6.0,3128300
2021-11-22,5.920000076293945,5.949999809265137,5.199999809265137,5.53000020980835,5.53000020980835,1993900
2021-11-23,5.289999961853027,5.579999923706055,5.289999961853027,5.550000190734863,5.550000190734863,668100
2021-11-24,5.489999771118164,5.690000057220459,5.309999942779541,5.570000171661377,5.570000171661377,596500
2021-11-26,5.28000020980835,5.389999866485596,5.079999923706055,5.309999942779541,5.309999942779541,432000
2021-11-29,5.460000038146973,5.679999828338623,5.28000020980835,5.46999979019165,5.46999979019165,728300
2021-11-30,5.420000076293945,5.550000190734863,5.135000228881836,5.25,5.25,578200
2021-12-01,5.300000190734863,5.400000095367432,4.7230000495910645,4.800000190734863,4.800000190734863,706400
2021-12-02,4.869999885559082,4.980000019073486,4.53000020980835,4.639999866485596,4.639999866485596,725700
2021-12-03,4.659999847412109,4.75,4.070000171661377,4.070000171661377,4.070000171661377,1078200
2021-12-06,4.150000095367432,4.210000038146973,3.859999895095825,4.03000020980835,4.03000020980835,531700
2021-12-07,4.130000114440918,4.340000152587891,4.119999885559082,4.199999809265137,4.199999809265137,374500
2021-12-08,4.260000228881836,4.380000114440918,4.079999923706055,4.320000171661377,4.320000171661377,407900
2021-12-09,4.559999942779541,4.630000114440918,4.190000057220459,4.190000057220459,4.190000057220459,515100
2021-12-10,4.190000057220459,4.25,4.0,4.070000171661377,4.070000171661377,248500
2021-12-13,4.070000171661377,4.119999885559082,3.869999885559082,3.9600000381469727,3.9600000381469727,333200
2021-12-14,3.880000114440918,3.947000026702881,3.819999933242798,3.880000114440918,3.880000114440918,278500
2021-12-15,3.9000000953674316,3.990000009536743,3.6700000762939453,3.9800000190734863,3.9800000190734863,469700
2021-12-16,4.059999942779541,4.083000183105469,3.759999990463257,3.759999990463257,3.759999990463257,235500
2021-12-17,3.7200000286102295,4.050000190734863,3.609999895095825,4.019999980926514,4.019999980926514,371200
2021-12-20,3.890000104904175,3.9800000190734863,3.7699999809265137,3.890000104904175,3.890000104904175,328900
2021-12-21,3.9000000953674316,4.090000152587891,3.9000000953674316,4.059999942779541,4.059999942779541,224200
2021-12-22,4.03000020980835,4.119999885559082,3.9600000381469727,4.019999980926514,4.019999980926514,177600
2021-12-23,4.0,4.449999809265137,3.950000047683716,4.25,4.25,681900
2021-12-27,4.230000019073486,4.304999828338623,4.099999904632568,4.159999847412109,4.159999847412109,393400
2021-12-28,4.139999866485596,4.159999847412109,3.9800000190734863,3.9800000190734863,3.9800000190734863,274300
2021-12-29,3.9800000190734863,3.990000009536743,3.7799999713897705,3.7899999618530273,3.7899999618530273,379800
2021-12-30,3.759999990463257,3.944999933242798,3.6700000762939453,3.6700000762939453,3.6700000762939453,965600
2021-12-31,3.7100000381469727,3.7799999713897705,3.5999999046325684,3.609999895095825,3.609999895095825,388700
2022-01-03,3.630000114440918,4.019999980926514,3.630000114440918,3.930000066757202,3.930000066757202,380700
2022-01-04,4.0,4.0,3.630000114440918,3.7100000381469727,3.7100000381469727,400900
2022-01-05,3.700000047683716,3.759999990463257,3.369999885559082,3.4700000286102295,3.4700000286102295,344600
2022-01-06,3.440000057220459,3.559999942779541,3.2699999809265137,3.4100000858306885,3.4100000858306885,251700
2022-01-07,3.4200000762939453,3.549999952316284,3.3299999237060547,3.4000000953674316,3.4000000953674316,194000
2022-01-10,3.4000000953674316,3.497999906539917,3.3350000381469727,3.4100000858306885,3.4100000858306885,189000
2022-01-11,3.4200000762939453,3.619999885559082,3.4000000953674316,3.509999990463257,3.509999990463257,171200
2022-01-12,3.569999933242798,3.569999933242798,3.430000066757202,3.4600000381469727,3.4600000381469727,139600
2022-01-13,3.5,3.5299999713897705,3.380000114440918,3.390000104904175,3.390000104904175,188300
2022-01-14,3.3499999046325684,3.450000047683716,3.319999933242798,3.4200000762939453,3.4200000762939453,167300
2022-01-18,3.4000000953674316,3.5,3.25,3.2899999618530273,3.2899999618530273,214900
2022-01-19,3.309999942779541,3.3399999141693115,3.0199999809265137,3.0299999713897705,3.0299999713897705,267800
2022-01-20,3.0399999618530273,3.188999891281128,2.940000057220459,2.9549999237060547,2.9549999237060547,181900
2022-01-21,2.890000104904175,2.9100000858306885,2.680000066757202,2.7100000381469727,2.7100000381469727,309100
2022-01-24,2.630000114440918,2.950000047683716,2.430000066757202,2.940000057220459,2.940000057220459,482400
2022-01-25,2.8499999046325684,2.950000047683716,2.799999952316284,2.8499999046325684,2.8499999046325684,88900
2022-01-26,2.950000047683716,3.049999952316284,2.8499999046325684,2.9000000953674316,2.9000000953674316,150500
2022-01-27,2.9800000190734863,2.9800000190734863,2.609999895095825,2.690000057220459,2.690000057220459,167400
2022-01-28,2.680000066757202,2.7300000190734863,2.549999952316284,2.7100000381469727,2.7100000381469727,115400
2022-01-31,2.700000047683716,2.950000047683716,2.700000047683716,2.880000114440918,2.880000114440918,208600
2022-02-01,2.9000000953674316,3.1700000762939453,2.869999885559082,3.130000114440918,3.130000114440918,218100
2022-02-02,3.1700000762939453,3.1700000762939453,2.9200000762939453,2.930000066757202,2.930000066757202,245900
2022-02-03,2.799999952316284,2.9489998817443848,2.7799999713897705,2.8299999237060547,2.8299999237060547,57000
2022-02-04,2.799999952316284,3.130000114440918,2.7899999618530273,3.0999999046325684,3.0999999046325684,261200
2022-02-07,3.0899999141693115,3.2699999809265137,3.061000108718872,3.1600000858306885,3.1600000858306885,143600
2022-02-08,3.1500000953674316,3.2679998874664307,3.1500000953674316,3.259999990463257,3.259999990463257,99000
2022-02-09,3.309999942779541,3.549999952316284,3.309999942779541,3.490000009536743,3.490000009536743,234300
2022-02-10,3.4100000858306885,3.619999885559082,3.309999942779541,3.4700000286102295,3.4700000286102295,217500
2022-02-11,3.4600000381469727,3.569999933242798,3.2300000190734863,3.2699999809265137,3.2699999809265137,141300
2022-02-14,3.2699999809265137,3.359999895095825,3.190000057220459,3.2300000190734863,3.2300000190734863,83500
2022-02-15,3.2899999618530273,3.619999885559082,3.2750000953674316,3.5899999141693115,3.5899999141693115,193000
2022-02-16,3.549999952316284,3.565000057220459,3.4200000762939453,3.5199999809265137,3.5199999809265137,71800
2022-02-17,3.440000057220459,3.569999933242798,3.380000114440918,3.380000114440918,3.380000114440918,79900
2022-02-18,3.430000066757202,3.5,3.309999942779541,3.3299999237060547,3.3299999237060547,98000
2022-02-22,3.1600000858306885,3.25,2.9100000858306885,2.9100000858306885,2.9100000858306885,236100
2022-02-23,2.9700000286102295,3.0999999046325684,2.890000104904175,2.930000066757202,2.930000066757202,101700
2022-02-24,2.700000047683716,3.1500000953674316,2.700000047683716,3.119999885559082,3.119999885559082,154700
2022-02-25,3.109999895095825,3.109999895095825,3.0,3.069999933242798,3.069999933242798,62100
2022-02-28,3.0299999713897705,3.380000114440918,3.0299999713897705,3.180000066757202,3.180000066757202,314500
2022-03-01,3.180000066757202,3.359999895095825,3.119999885559082,3.2100000381469727,3.2100000381469727,84600
2022-03-02,3.240000009536743,3.259999990463257,3.1600000858306885,3.1600000858306885,3.1600000858306885,66200
2022-03-03,3.1600000858306885,3.25,3.0299999713897705,3.0299999713897705,3.0299999713897705,85500
2022-03-04,3.0299999713897705,3.0799999237060547,2.630000114440918,2.700000047683716,2.700000047683716,293000
2022-03-07,2.700000047683716,3.9800000190734863,2.700000047683716,3.4700000286102295,3.4700000286102295,3468200
2022-03-08,4.099999904632568,4.349999904632568,3.490000009536743,3.859999895095825,3.859999895095825,4638700
2022-03-09,3.690000057220459,3.700000047683716,3.309999942779541,3.5399999618530273,3.5399999618530273,621500
2022-03-10,3.5399999618530273,3.5769999027252197,3.2300000190734863,3.309999942779541,3.309999942779541,401800
2022-03-11,3.319999933242798,3.3499999046325684,2.927999973297119,3.0199999809265137,3.0199999809265137,333000
2022-03-14,3.0999999046325684,3.115000009536743,2.75,2.759999990463257,2.759999990463257,378000
2022-03-15,2.8399999141693115,3.0999999046325684,2.700000047683716,3.0999999046325684,3.0999999046325684,463800
2022-03-16,3.1700000762939453,3.299999952316284,3.0,3.2899999618530273,3.2899999618530273,347300
2022-03-17,3.2200000286102295,3.430000066757202,3.1700000762939453,3.4200000762939453,3.4200000762939453,327800
2022-03-18,3.359999895095825,3.6600000858306885,3.3499999046325684,3.5199999809265137,3.5199999809265137,405200
2022-03-21,3.509999990463257,3.6050000190734863,3.3399999141693115,3.5799999237060547,3.5799999237060547,267300
2022-03-22,3.5899999141693115,3.6600000858306885,3.4700000286102295,3.5,3.5,233200
2022-03-23,3.4800000190734863,3.5899999141693115,3.365000009536743,3.4000000953674316,3.4000000953674316,246400
2022-03-24,3.1600000858306885,3.2739999294281006,2.75,2.930000066757202,2.930000066757202,3528800
2022-03-25,2.8499999046325684,2.940000057220459,2.7699999809265137,2.819999933242798,2.819999933242798,1008200
2022-03-28,2.8299999237060547,2.9800000190734863,2.7899999618530273,2.8499999046325684,2.8499999046325684,902300
2022-03-29,2.9000000953674316,3.059999942779541,2.890000104904175,2.990000009536743,2.990000009536743,798500
2022-03-30,2.990000009536743,3.1500000953674316,2.9000000953674316,3.0399999618530273,3.0399999618530273,3329200
2022-03-31,3.0299999713897705,3.0299999713897705,2.8399999141693115,2.869999885559082,2.869999885559082,591900
2022-04-01,2.9100000858306885,2.940000057220459,2.7699999809265137,2.8399999141693115,2.8399999141693115,3654500
2022-04-04,3.6700000762939453,3.690000057220459,3.115000009536743,3.1700000762939453,3.1700000762939453,13372200
2022-04-05,3.059999942779541,3.0999999046325684,2.8499999046325684,2.869999885559082,2.869999885559082,2770200
2022-04-06,2.819999933242798,2.8499999046325684,2.7699999809265137,2.799999952316284,2.799999952316284,881300
2022-04-07,2.8299999237060547,2.869999885559082,2.6500000953674316,2.6500000953674316,2.6500000953674316,952100
2022-04-08,2.690000057220459,2.7200000286102295,2.569999933242798,2.6600000858306885,2.6600000858306885,579200
2022-04-11,2.5799999237060547,2.6600000858306885,2.5299999713897705,2.619999885559082,2.619999885559082,595300
2022-04-12,2.6600000858306885,2.6600000858306885,2.5199999809265137,2.549999952316284,2.549999952316284,436600
2022-04-13,2.549999952316284,2.6500000953674316,2.5199999809265137,2.630000114440918,2.630000114440918,365600
2022-04-14,2.619999885559082,2.6700000762939453,2.390000104904175,2.5299999713897705,2.5299999713897705,539800
2022-04-18,2.5299999713897705,2.5299999713897705,2.4000000953674316,2.430000066757202,2.430000066757202,313200
2022-04-19,2.430000066757202,2.4800000190734863,2.3949999809265137,2.4700000286102295,2.4700000286102295,264900
2022-04-20,2.5,2.5,2.4000000953674316,2.4200000762939453,2.4200000762939453,255600
2022-04-21,2.440000057220459,2.4700000286102295,2.2200000286102295,2.25,2.25,477600
2022-04-22,2.25,2.299999952316284,2.049999952316284,2.119999885559082,2.119999885559082,467600
2022-04-25,2.049999952316284,2.200000047683716,2.049999952316284,2.109999895095825,2.109999895095825,316400
2022-04-26,2.069999933242798,2.0899999141693115,1.9600000381469727,1.9700000286102295,1.9700000286102295,301400
2022-04-27,1.9800000190734863,2.0850000381469727,1.9700000286102295,1.9800000190734863,1.9800000190734863,183300
2022-04-28,2.0,2.0799999237060547,1.9199999570846558,2.059999942779541,2.059999942779541,213300
2022-04-29,2.009999990463257,2.1500000953674316,2.0,2.0,2.0,179600
2022-05-02,2.0,2.0799999237060547,1.9450000524520874,2.0399999618530273,2.0399999618530273,153500
2022-05-03,2.069999933242798,2.119999885559082,1.9900000095367432,2.0899999141693115,2.0899999141693115,148300
2022-05-04,2.2200000286102295,2.240000009536743,2.0799999237060547,2.2300000190734863,2.2300000190734863,341800
2022-05-05,2.2100000381469727,2.2300000190734863,2.059999942779541,2.0899999141693115,2.0899999141693115,161400
2022-05-06,2.059999942779541,2.0850000381469727,1.975000023841858,2.0199999809265137,2.0199999809265137,249000
2022-05-09,1.940000057220459,1.9900000095367432,1.815000057220459,1.840000033378601,1.840000033378601,234400
2022-05-10,1.9199999570846558,1.9299999475479126,1.7100000381469727,1.7799999713897705,1.7799999713897705,244100
2022-05-11,1.7400000095367432,1.840000033378601,1.6399999856948853,1.649999976158142,1.649999976158142,207900
2022-05-12,1.590000033378601,1.7699999809265137,1.5099999904632568,1.7200000286102295,1.7200000286102295,232700
2022-05-13,1.840000033378601,1.9470000267028809,1.7799999713897705,1.8799999952316284,1.8799999952316284,373600
2022-05-16,1.899999976158142,1.9839999675750732,1.8200000524520874,1.9199999570846558,1.9199999570846558,207300
2022-05-17,1.9900000095367432,2.0399999618530273,1.8899999856948853,1.9500000476837158,1.9500000476837158,146800
2022-05-18,1.9600000381469727,1.9700000286102295,1.8600000143051147,1.8899999856948853,1.8899999856948853,78800
2022-05-19,1.8799999952316284,2.0999999046325684,1.8600000143051147,2.069999933242798,2.069999933242798,508700
2022-05-20,2.0899999141693115,2.130000114440918,1.9600000381469727,2.0399999618530273,2.0399999618530273,168500
2022-05-23,2.069999933242798,2.069999933242798,1.9500000476837158,1.9900000095367432,1.9900000095367432,94000
2022-05-24,1.940000057220459,1.965000033378601,1.850000023841858,1.899999976158142,1.899999976158142,120400
2022-05-25,1.899999976158142,1.9500000476837158,1.8899999856948853,1.9299999475479126,1.9299999475479126,52400
2022-05-26,1.9500000476837158,2.0799999237060547,1.8899999856948853,2.069999933242798,2.069999933242798,248800
2022-05-27,2.069999933242798,2.109999895095825,2.0399999618530273,2.0899999141693115,2.0899999141693115,130800
2022-05-31,2.0899999141693115,2.1500000953674316,2.059999942779541,2.119999885559082,2.119999885559082,196500
2022-06-01,2.1500000953674316,2.1500000953674316,1.9900000095367432,2.009999990463257,2.009999990463257,101700
2022-06-02,2.049999952316284,2.109999895095825,2.0299999713897705,2.0899999141693115,2.0899999141693115,74800
2022-06-03,2.0199999809265137,2.2799999713897705,2.0199999809265137,2.2200000286102295,2.2200000286102295,332200
2022-06-06,2.3499999046325684,2.4100000858306885,2.109999895095825,2.200000047683716,2.200000047683716,784900
2022-06-07,2.200000047683716,2.299999952316284,2.0999999046325684,2.2799999713897705,2.2799999713897705,255400
2022-06-08,2.259999990463257,2.4000000953674316,2.2300000190734863,2.299999952316284,2.299999952316284,459100
2022-06-09,2.299999952316284,2.4100000858306885,2.2839999198913574,2.369999885559082,2.369999885559082,302800
2022-06-10,2.3299999237060547,2.3299999237060547,2.130000114440918,2.130000114440918,2.130000114440918,192700
2022-06-13,2.0,2.0199999809265137,1.8700000047683716,1.899999976158142,1.899999976158142,167000
2022-06-14,2.0,2.0,1.8240000009536743,1.8899999856948853,1.8899999856948853,116200
2022-06-15,1.909999966621399,1.9700000286102295,1.8600000143051147,1.899999976158142,1.899999976158142,138000
2022-06-16,1.899999976158142,1.899999976158142,1.7000000476837158,1.7300000190734863,1.7300000190734863,132600
2022-06-17,1.75,1.840000033378601,1.75,1.8300000429153442,1.8300000429153442,114800
2022-06-21,1.850000023841858,1.940000057220459,1.850000023841858,1.8899999856948853,1.8899999856948853,83800
2022-06-22,1.8200000524520874,2.200000047683716,1.7999999523162842,1.9800000190734863,1.9800000190734863,4486200
2022-06-23,2.009999990463257,2.119999885559082,1.8899999856948853,1.9299999475479126,1.9299999475479126,501200
2022-06-24,1.9500000476837158,1.9700000286102295,1.809999942779541,1.899999976158142,1.899999976158142,307800
2022-06-27,1.899999976158142,1.9900000095367432,1.840000033378601,1.9500000476837158,1.9500000476837158,198900
2022-06-28,1.909999966621399,2.049999952316284,1.850000023841858,1.8600000143051147,1.8600000143051147,214700
2022-06-29,1.8799999952316284,1.8899999856948853,1.7100000381469727,1.7100000381469727,1.7100000381469727,193800
2022-06-30,1.75,1.7649999856948853,1.659999966621399,1.7300000190734863,1.7300000190734863,181500
2022-07-01,1.75,1.75,1.659999966621399,1.6799999475479126,1.6799999475479126,90500
2022-07-05,1.649999976158142,1.690000057220459,1.600000023841858,1.6799999475479126,1.6799999475479126,87300
2022-07-06,1.690000057220459,1.6979999542236328,1.649999976158142,1.6699999570846558,1.6699999570846558,67300
2022-07-07,1.7000000476837158,1.7999999523162842,1.684000015258789,1.7799999713897705,1.7799999713897705,144400
2022-07-08,1.7899999618530273,1.850000023841858,1.7200000286102295,1.7899999618530273,1.7899999618530273,91800
2022-07-11,1.7599999904632568,1.7879999876022339,1.6799999475479126,1.6799999475479126,1.6799999475479126,47600
2022-07-12,1.7000000476837158,1.7899999618530273,1.6799999475479126,1.75,1.75,75500
2022-07-13,1.7000000476837158,1.7799999713897705,1.649999976158142,1.7400000095367432,1.7400000095367432,54000
2022-07-14,1.690000057220459,1.8300000429153442,1.690000057220459,1.7300000190734863,1.7300000190734863,175300
2022-07-15,1.7400000095367432,1.7400000095367432,1.649999976158142,1.659999966621399,1.659999966621399,132100
2022-07-18,1.7200000286102295,1.7699999809265137,1.7000000476837158,1.7400000095367432,1.7400000095367432,77200
2022-07-19,1.7400000095367432,1.7999999523162842,1.7200000286102295,1.7799999713897705,1.7799999713897705,75900
2022-07-20,1.7799999713897705,1.8200000524520874,1.7100000381469727,1.746999979019165,1.746999979019165,299700
2022-07-21,1.7300000190734863,1.809999942779541,1.7200000286102295,1.7799999713897705,1.7799999713897705,68600
2022-07-22,1.7799999713897705,1.7799999713897705,1.659999966621399,1.6699999570846558,1.6699999570846558,129300
2022-07-25,1.6699999570846558,1.7089999914169312,1.649999976158142,1.6799999475479126,1.6799999475479126,57000
2022-07-26,1.7000000476837158,1.7200000286102295,1.6349999904632568,1.6699999570846558,1.6699999570846558,79500
2022-07-27,1.7100000381469727,1.7100000381469727,1.6299999952316284,1.690000057220459,1.690000057220459,77900
2022-07-28,1.75,1.850000023841858,1.7400000095367432,1.8200000524520874,1.8200000524520874,373000
2022-07-29,1.809999942779541,1.8899999856948853,1.7899999618530273,1.8700000047683716,1.8700000047683716,355900
2022-08-01,1.8899999856948853,1.8899999856948853,1.7799999713897705,1.7799999713897705,1.7799999713897705,203900
2022-08-02,1.7999999523162842,1.8899999856948853,1.75,1.850000023841858,1.850000023841858,302500
2022-08-03,1.8600000143051147,1.8899999856948853,1.7599999904632568,1.850000023841858,1.850000023841858,149000
2022-08-04,1.8300000429153442,1.9600000381469727,1.7899999618530273,1.7999999523162842,1.7999999523162842,286500
2022-08-05,1.8300000429153442,1.899999976158142,1.7699999809265137,1.8300000429153442,1.8300000429153442,369200
2022-08-08,1.909999966621399,2.0899999141693115,1.8799999952316284,2.049999952316284,2.049999952316284,677500
2022-08-09,2.0,2.0199999809265137,1.8300000429153442,1.8799999952316284,1.8799999952316284,326500
2022-08-10,2.0,2.0899999141693115,1.899999976158142,2.069999933242798,2.069999933242798,260200
2022-08-11,2.130000114440918,2.2699999809265137,2.0899999141693115,2.2300000190734863,2.2300000190734863,433000
2022-08-12,2.25,2.25,2.1689999103546143,2.2300000190734863,2.2300000190734863,264300
2022-08-15,2.2799999713897705,2.3529999256134033,2.190000057220459,2.319999933242798,2.319999933242798,324600
2022-08-16,2.319999933242798,2.369999885559082,2.049999952316284,2.190000057220459,2.190000057220459,434900
2022-08-17,2.1700000762939453,2.190000057220459,2.009999990463257,2.069999933242798,2.069999933242798,241200
2022-08-18,2.140000104904175,2.240000009536743,2.009999990463257,2.2200000286102295,2.2200000286102295,237100
2022-08-19,2.119999885559082,2.1489999294281006,2.0799999237060547,2.0999999046325684,2.0999999046325684,104700
2022-08-22,2.119999885559082,2.119999885559082,2.0199999809265137,2.059999942779541,2.059999942779541,45500
2022-08-23,2.130000114440918,2.190000057220459,2.0999999046325684,2.140000104904175,2.140000104904175,178000
2022-08-24,2.1600000858306885,2.200000047683716,2.0999999046325684,2.119999885559082,2.119999885559082,120800
2022-08-25,2.2100000381469727,2.2149999141693115,2.130000114440918,2.140000104904175,2.140000104904175,182300
2022-08-26,2.109999895095825,2.1500000953674316,1.9299999475479126,1.9700000286102295,1.9700000286102295,253800
2022-08-29,1.9500000476837158,1.9730000495910645,1.9199999570846558,1.9500000476837158,1.9500000476837158,103000
2022-08-30,1.9500000476837158,1.9509999752044678,1.7699999809265137,1.7999999523162842,1.7999999523162842,203400
2022-08-31,1.809999942779541,1.9500000476837158,1.7200000286102295,1.75,1.75,821300
2022-09-01,1.7300000190734863,1.75,1.649999976158142,1.7400000095367432,1.7400000095367432,120500
2022-09-02,1.75,1.809999942779541,1.6799999475479126,1.7699999809265137,1.7699999809265137,101500
2022-09-06,1.7999999523162842,1.8029999732971191,1.7000000476837158,1.7200000286102295,1.7200000286102295,73400
2022-09-07,1.7000000476837158,1.7400000095367432,1.5800000429153442,1.600000023841858,1.600000023841858,285600
2022-09-08,1.6200000047683716,1.7999999523162842,1.6200000047683716,1.7999999523162842,1.7999999523162842,560100
2022-09-09,1.7999999523162842,1.840000033378601,1.7699999809265137,1.7799999713897705,1.7799999713897705,129100
2022-09-12,1.8300000429153442,1.8300000429153442,1.7100000381469727,1.75,1.75,211700
2022-09-13,1.6799999475479126,1.7999999523162842,1.6699999570846558,1.75,1.75,201100
2022-09-14,1.7400000095367432,1.7400000095367432,1.6100000143051147,1.7200000286102295,1.7200000286102295,131000
2022-09-15,1.7799999713897705,1.7799999713897705,1.649999976158142,1.6699999570846558,1.6699999570846558,225000
2022-09-16,1.649999976158142,1.6679999828338623,1.590000033378601,1.649999976158142,1.649999976158142,238700
2022-09-19,1.6299999952316284,1.715999960899353,1.600000023841858,1.6299999952316284,1.6299999952316284,431500
2022-09-20,1.6100000143051147,1.6410000324249268,1.5800000429153442,1.6200000047683716,1.6200000047683716,124900
2022-09-21,1.6399999856948853,1.7200000286102295,1.600000023841858,1.7000000476837158,1.7000000476837158,368800
2022-09-22,1.75,1.7599999904632568,1.6100000143051147,1.649999976158142,1.649999976158142,464200
2022-09-23,1.6200000047683716,1.6200000047683716,1.5,1.5199999809265137,1.5199999809265137,357100
2022-09-26,1.5299999713897705,1.5800000429153442,1.409999966621399,1.4600000381469727,1.4600000381469727,307400
2022-09-27,1.4900000095367432,1.5,1.3250000476837158,1.350000023841858,1.350000023841858,389500
2022-09-28,1.2999999523162842,1.4700000286102295,1.2999999523162842,1.4500000476837158,1.4500000476837158,381200
2022-09-29,1.3799999952316284,1.399999976158142,1.3200000524520874,1.350000023841858,1.350000023841858,175200
2022-09-30,1.3300000429153442,1.3600000143051147,1.2999999523162842,1.309999942779541,1.309999942779541,94500
2022-10-03,1.2999999523162842,1.3799999952316284,1.2999999523162842,1.350000023841858,1.350000023841858,86900
2022-10-04,1.3700000047683716,1.4600000381469727,1.3700000047683716,1.4500000476837158,1.4500000476837158,117100
2022-10-05,1.4199999570846558,1.4800000190734863,1.3660000562667847,1.4550000429153442,1.4550000429153442,95300
2022-10-06,1.4600000381469727,1.4900000095367432,1.3700000047683716,1.399999976158142,1.399999976158142,119300
2022-10-07,1.3799999952316284,1.4299999475479126,1.340000033378601,1.3600000143051147,1.3600000143051147,84500
2022-10-10,1.3799999952316284,1.3799999952316284,1.2799999713897705,1.2999999523162842,1.2999999523162842,88500
2022-10-11,1.2999999523162842,1.2999999523162842,1.2300000190734863,1.2699999809265137,1.2699999809265137,88800
2022-10-12,1.2599999904632568,1.3209999799728394,1.2000000476837158,1.25,1.25,195600
2022-10-13,1.2000000476837158,1.2799999713897705,1.2000000476837158,1.2300000190734863,1.2300000190734863,116100
2022-10-14,1.2300000190734863,1.2599999904632568,1.190000057220459,1.2000000476837158,1.2000000476837158,39600
2022-10-17,1.2400000095367432,1.3559999465942383,1.2200000286102295,1.2999999523162842,1.2999999523162842,92400
2022-10-18,1.3459999561309814,1.3600000143051147,1.2599999904632568,1.3300000429153442,1.3300000429153442,62500
2022-10-19,1.3200000524520874,1.340000033378601,1.25,1.2699999809265137,1.2699999809265137,64300
2022-10-20,1.2999999523162842,1.340000033378601,1.2599999904632568,1.2999999523162842,1.2999999523162842,87200
2022-10-21,1.2999999523162842,1.347000002861023,1.2699999809265137,1.309999942779541,1.309999942779541,72000
2022-10-24,1.3700000047683716,1.399999976158142,1.281999945640564,1.340000033378601,1.340000033378601,65000
2022-10-25,1.3700000047683716,1.4199999570846558,1.350000023841858,1.3899999856948853,1.3899999856948853,118300
2022-10-26,1.409999966621399,1.4299999475479126,1.3200000524520874,1.350000023841858,1.350000023841858,88900
2022-10-27,1.3899999856948853,1.4179999828338623,1.309999942779541,1.399999976158142,1.399999976158142,66200
2022-10-28,1.4199999570846558,1.4600000381469727,1.3700000047683716,1.4199999570846558,1.4199999570846558,32500
2022-10-31,1.3700000047683716,1.4900000095367432,1.3700000047683716,1.4500000476837158,1.4500000476837158,111900
2022-11-01,1.4700000286102295,1.4900000095367432,1.409999966621399,1.409999966621399,1.409999966621399,57800
2022-11-02,1.4500000476837158,1.4600000381469727,1.309999942779541,1.350000023841858,1.350000023841858,47300
2022-11-03,1.3200000524520874,1.399999976158142,1.309999942779541,1.399999976158142,1.399999976158142,67800
2022-11-04,1.399999976158142,1.4500000476837158,1.3600000143051147,1.409999966621399,1.409999966621399,27800
2022-11-07,1.350000023841858,1.4700000286102295,1.350000023841858,1.4199999570846558,1.4199999570846558,96100
2022-11-08,1.4299999475479126,1.4700000286102295,1.3799999952316284,1.399999976158142,1.399999976158142,23300
2022-11-09,1.399999976158142,1.440000057220459,1.340000033378601,1.3600000143051147,1.3600000143051147,50900
2022-11-10,1.3600000143051147,1.4800000190734863,1.3600000143051147,1.3799999952316284,1.3799999952316284,268800
2022-11-11,1.440000057220459,1.4700000286102295,1.4179999828338623,1.4700000286102295,1.4700000286102295,67400
2022-11-14,1.4600000381469727,1.5399999618530273,1.4199999570846558,1.5199999809265137,1.5199999809265137,151200
2022-11-15,1.559999942779541,1.649999976158142,1.5199999809265137,1.5399999618530273,1.5399999618530273,169900
2022-11-16,1.5399999618530273,1.5399999618530273,1.4329999685287476,1.4700000286102295,1.4700000286102295,61900
2022-11-17,1.4600000381469727,1.5299999713897705,1.4019999504089355,1.5299999713897705,1.5299999713897705,88900
2022-11-18,1.559999942779541,1.559999942779541,1.4500000476837158,1.5,1.5,29000
2022-11-21,1.4800000190734863,1.524999976158142,1.4299999475479126,1.4500000476837158,1.4500000476837158,70000
2022-11-22,1.4199999570846558,1.4800000190734863,1.4199999570846558,1.4500000476837158,1.4500000476837158,98100
2022-11-23,1.4500000476837158,1.5449999570846558,1.4500000476837158,1.5,1.5,45800
2022-11-25,1.5299999713897705,1.5299999713897705,1.4579999446868896,1.5299999713897705,1.5299999713897705,16000
2022-11-28,1.5199999809265137,1.5199999809265137,1.440000057220459,1.4800000190734863,1.4800000190734863,49600
2022-11-29,1.5,1.5,1.3949999809265137,1.440000057220459,1.440000057220459,59300
2022-11-30,1.4199999570846558,1.4800000190734863,1.3899999856948853,1.4500000476837158,1.4500000476837158,123800
2022-12-01,1.4500000476837158,1.4900000095367432,1.4299999475479126,1.4800000190734863,1.4800000190734863,69000
2022-12-02,1.4299999475479126,1.5099999904632568,1.4190000295639038,1.5099999904632568,1.5099999904632568,64500
2022-12-05,1.5,1.5,1.4299999475479126,1.4500000476837158,1.4500000476837158,85200
2022-12-06,1.4600000381469727,1.4700000286102295,1.399999976158142,1.440000057220459,1.440000057220459,110500
2022-12-07,1.4199999570846558,1.440000057220459,1.399999976158142,1.399999976158142,1.399999976158142,85600
2022-12-08,1.399999976158142,1.4199999570846558,1.3799999952316284,1.3799999952316284,1.3799999952316284,91800
2022-12-09,1.3600000143051147,1.3899999856948853,1.3200000524520874,1.3600000143051147,1.3600000143051147,117900
2022-12-12,1.3300000429153442,1.3899999856948853,1.3200000524520874,1.3700000047683716,1.3700000047683716,156000
2022-12-13,1.399999976158142,1.399999976158142,1.340000033378601,1.3799999952316284,1.3799999952316284,82800
2022-12-14,1.399999976158142,1.399999976158142,1.3300000429153442,1.340000033378601,1.340000033378601,33000
2022-12-15,1.3200000524520874,1.340000033378601,1.2699999809265137,1.2999999523162842,1.2999999523162842,95400
2022-12-16,1.25,1.2599999904632568,1.0499999523162842,1.090000033378601,1.090000033378601,235000
2022-12-19,1.1200000047683716,1.1399999856948853,1.090000033378601,1.090000033378601,1.090000033378601,100200
2022-12-20,1.0800000429153442,1.090000033378601,0.949999988079071,0.949999988079071,0.949999988079071,225900
2022-12-21,0.9599999785423279,1.0,0.9549999833106995,0.9599999785423279,0.9599999785423279,131300
2022-12-22,0.9900000095367432,1.0,0.8360000252723694,0.843999981880188,0.843999981880188,192200
2022-12-23,0.8799999952316284,0.8799999952316284,0.8009999990463257,0.8199999928474426,0.8199999928474426,167100
2022-12-27,0.8100000023841858,0.8500000238418579,0.7699999809265137,0.7699999809265137,0.7699999809265137,156900
2022-12-28,0.7979999780654907,0.800000011920929,0.7360000014305115,0.7400000095367432,0.7400000095367432,341700
2022-12-29,0.7760000228881836,0.8199999928474426,0.7300000190734863,0.7519999742507935,0.7519999742507935,249300
2022-12-30,0.7699999809265137,0.8600000143051147,0.7649999856948853,0.8600000143051147,0.8600000143051147,228800
2023-01-03,0.8799999952316284,0.8999999761581421,0.8700000047683716,0.8989999890327454,0.8989999890327454,112300
2023-01-04,0.8799999952316284,0.9300000071525574,0.8600000143051147,0.925000011920929,0.925000011920929,104500
2023-01-05,0.9100000262260437,0.9599999785423279,0.8619999885559082,0.9200000166893005,0.9200000166893005,80700
2023-01-06,0.9300000071525574,0.9700000286102295,0.8999999761581421,0.9399999976158142,0.9399999976158142,104700
2023-01-09,0.9700000286102295,1.1649999618530273,0.9700000286102295,1.059999942779541,1.059999942779541,344700
2023-01-10,1.0800000429153442,1.1399999856948853,1.0800000429153442,1.1399999856948853,1.1399999856948853,146000
2023-01-11,1.2300000190734863,1.2400000095367432,1.1200000047683716,1.2400000095367432,1.2400000095367432,291000
2023-01-12,1.2400000095367432,1.2719999551773071,1.1399999856948853,1.2200000286102295,1.2200000286102295,188200
2023-01-13,1.2300000190734863,1.340000033378601,1.2000000476837158,1.340000033378601,1.340000033378601,178400
2023-01-17,1.5,1.6299999952316284,1.3600000143051147,1.6100000143051147,1.6100000143051147,475900
2023-01-18,1.6799999475479126,1.8600000143051147,1.649999976158142,1.840000033378601,1.840000033378601,759000
2023-01-19,1.8200000524520874,1.8200000524520874,1.6200000047683716,1.690000057220459,1.690000057220459,255100
2023-01-20,1.7200000286102295,1.7799999713897705,1.649999976158142,1.7699999809265137,1.7699999809265137,173600
2023-01-23,1.850000023841858,1.850000023841858,1.7200000286102295,1.7699999809265137,1.7699999809265137,241300
2023-01-24,1.7699999809265137,1.7999999523162842,1.6699999570846558,1.7100000381469727,1.7100000381469727,132600
2023-01-25,1.7000000476837158,1.7000000476837158,1.559999942779541,1.690000057220459,1.690000057220459,147600
2023-01-26,1.7000000476837158,1.7400000095367432,1.659999966621399,1.659999966621399,1.659999966621399,77200
2023-01-27,1.659999966621399,1.7300000190734863,1.600000023841858,1.7200000286102295,1.7200000286102295,173600
2023-01-30,1.6799999475479126,1.7200000286102295,1.6399999856948853,1.6399999856948853,1.6399999856948853,74300
2023-01-31,1.7100000381469727,1.7100000381469727,1.6299999952316284,1.659999966621399,1.659999966621399,91200
2023-02-01,1.7100000381469727,1.7100000381469727,1.625,1.7000000476837158,1.7000000476837158,99300
2023-02-02,1.7200000286102295,1.7799999713897705,1.690000057220459,1.7200000286102295,1.7200000286102295,263700
2023-02-03,1.7200000286102295,1.7599999904632568,1.659999966621399,1.7300000190734863,1.7300000190734863,159900
2023-02-06,1.75,1.7790000438690186,1.6749999523162842,1.7400000095367432,1.7400000095367432,58600
2023-02-07,1.7200000286102295,1.746999979019165,1.6640000343322754,1.7100000381469727,1.7100000381469727,58200
2023-02-08,1.75,1.75,1.7000000476837158,1.7300000190734863,1.7300000190734863,70100
2023-02-09,1.7400000095367432,1.7400000095367432,1.659999966621399,1.7000000476837158,1.7000000476837158,108800
2023-02-10,1.6799999475479126,1.6799999475479126,1.5800000429153442,1.6299999952316284,1.6299999952316284,87600
2023-02-13,1.7100000381469727,1.7100000381469727,1.6100000143051147,1.6399999856948853,1.6399999856948853,46800
2023-02-14,1.6399999856948853,1.690000057220459,1.5700000524520874,1.6699999570846558,1.6699999570846558,91200
2023-02-15,1.7000000476837158,1.7200000286102295,1.6399999856948853,1.7000000476837158,1.7000000476837158,71400
2023-02-16,1.690000057220459,1.7079999446868896,1.649999976158142,1.6799999475479126,1.6799999475479126,90300
2023-02-17,1.659999966621399,1.6799999475479126,1.6200000047683716,1.6200000047683716,1.6200000047683716,40300
2023-02-21,1.600000023841858,1.6100000143051147,1.5199999809265137,1.5399999618530273,1.5399999618530273,66500
2023-02-22,1.5399999618530273,1.5859999656677246,1.409999966621399,1.4500000476837158,1.4500000476837158,105900
2023-02-23,1.4800000190734863,1.5,1.4240000247955322,1.4800000190734863,1.4800000190734863,34500
2023-02-24,1.475000023841858,1.4800000190734863,1.399999976158142,1.409999966621399,1.409999966621399,40600
2023-02-27,1.4199999570846558,1.440000057220459,1.350000023841858,1.36899995803833,1.36899995803833,51600
2023-02-28,1.3700000047683716,1.3700000047683716,1.190000057220459,1.309999942779541,1.309999942779541,138700
2023-03-01,1.2899999618530273,1.378999948501587,1.2899999618530273,1.2949999570846558,1.2949999570846558,39800
2023-03-02,1.2999999523162842,1.3200000524520874,1.2799999713897705,1.2899999618530273,1.2899999618530273,35700
2023-03-03,1.2799999713897705,1.3200000524520874,1.2799999713897705,1.3200000524520874,1.3200000524520874,29600
2023-03-06,1.2999999523162842,1.340000033378601,1.2799999713897705,1.2799999713897705,1.2799999713897705,52200
2023-03-07,1.309999942779541,1.3320000171661377,1.2599999904632568,1.2599999904632568,1.2599999904632568,24700
2023-03-08,1.2599999904632568,1.2899999618530273,1.2300000190734863,1.2300000190734863,1.2300000190734863,34800
2023-03-09,1.149999976158142,1.2100000381469727,1.1399999856948853,1.1399999856948853,1.1399999856948853,100000
2023-03-10,1.1399999856948853,1.1799999475479126,1.0800000429153442,1.0800000429153442,1.0800000429153442,58100
2023-03-13,1.0800000429153442,1.0989999771118164,1.0399999618530273,1.0850000381469727,1.0850000381469727,51100
2023-03-14,1.100000023841858,1.159000039100647,1.0800000429153442,1.0800000429153442,1.0800000429153442,37000
2023-03-15,1.0800000429153442,1.0800000429153442,1.0,1.0199999809265137,1.0199999809265137,70800
2023-03-16,1.0499999523162842,1.0800000429153442,1.0199999809265137,1.0800000429153442,1.0800000429153442,128100
2023-03-17,1.100000023841858,1.1399999856948853,1.100000023841858,1.1200000047683716,1.1200000047683716,70300
2023-03-20,1.149999976158142,1.1519999504089355,1.0839999914169312,1.100000023841858,1.100000023841858,42300
2023-03-21,1.1299999952316284,1.159999966621399,1.1299999952316284,1.149999976158142,1.149999976158142,45200
2023-03-22,1.1399999856948853,1.2109999656677246,1.1399999856948853,1.2000000476837158,1.2000000476837158,63300
2023-03-23,1.2200000286102295,1.2599999904632568,1.2000000476837158,1.2200000286102295,1.2200000286102295,76000
2023-03-24,1.2599999904632568,1.2599999904632568,1.190000057220459,1.2300000190734863,1.2300000190734863,56700
2023-03-27,1.2400000095367432,1.2450000047683716,1.2000000476837158,1.2450000047683716,1.2450000047683716,51600
2023-03-28,1.25,1.25,1.159999966621399,1.1699999570846558,1.1699999570846558,51500
2023-03-29,1.1699999570846558,1.2000000476837158,1.1200000047683716,1.1399999856948853,1.1399999856948853,108000
2023-03-30,1.149999976158142,1.2100000381469727,1.149999976158142,1.2000000476837158,1.2000000476837158,45100
2023-03-31,1.190000057220459,1.25,1.1699999570846558,1.1990000009536743,1.1990000009536743,82700
2023-04-03,1.25,1.25,1.149999976158142,1.1699999570846558,1.1699999570846558,75900
2023-04-04,1.1699999570846558,1.1699999570846558,1.1100000143051147,1.149999976158142,1.149999976158142,68200
2023-04-05,1.1299999952316284,1.1399999856948853,1.1100000143051147,1.1399999856948853,1.1399999856948853,30200
2023-04-06,1.149999976158142,1.159999966621399,1.1100000143051147,1.159999966621399,1.159999966621399,41000
2023-04-10,1.2000000476837158,1.2000000476837158,1.149999976158142,1.1799999475479126,1.1799999475479126,31700
2023-04-11,1.190000057220459,1.2000000476837158,1.149999976158142,1.1799999475479126,1.1799999475479126,21400
2023-04-12,1.059999942779541,1.1799999475479126,1.059999942779541,1.1299999952316284,1.1299999952316284,92900
2023-04-13,1.1200000047683716,1.149999976158142,1.100000023841858,1.149999976158142,1.149999976158142,51600
2023-04-14,1.1299999952316284,1.159999966621399,1.1200000047683716,1.1399999856948853,1.1399999856948853,244100
2023-04-17,1.1399999856948853,1.309999942779541,1.1200000047683716,1.284999966621399,1.284999966621399,194800
2023-04-18,1.2699999809265137,1.2999999523162842,1.2200000286102295,1.2799999713897705,1.2799999713897705,62900
2023-04-19,1.2300000190734863,1.2799999713897705,1.2100000381469727,1.25,1.25,64400
2023-04-20,1.2699999809265137,1.350000023841858,1.25,1.3300000429153442,1.3300000429153442,137700
2023-04-21,1.3200000524520874,1.409999966621399,1.25,1.3990000486373901,1.3990000486373901,69800
2023-04-24,1.3300000429153442,1.5,1.3300000429153442,1.4299999475479126,1.4299999475479126,157200
2023-04-25,1.3899999856948853,1.4149999618530273,1.309999942779541,1.3200000524520874,1.3200000524520874,59500
2023-04-26,1.309999942779541,1.3799999952316284,1.2899999618530273,1.3200000524520874,1.3200000524520874,51800
2023-04-27,1.3200000524520874,1.3200000524520874,1.2599999904632568,1.309000015258789,1.309000015258789,54600
2023-04-28,1.2999999523162842,1.350000023841858,1.2799999713897705,1.309999942779541,1.309999942779541,27700
2023-05-01,1.350000023841858,1.3700000047683716,1.2699999809265137,1.2799999713897705,1.2799999713897705,49100
2023-05-02,1.2599999904632568,1.315999984741211,1.1399999856948853,1.1449999809265137,1.1449999809265137,96200
2023-05-03,1.149999976158142,1.2400000095367432,1.1200000047683716,1.2200000286102295,1.2200000286102295,121200
2023-05-04,1.2000000476837158,1.2400000095367432,1.2000000476837158,1.2050000429153442,1.2050000429153442,30200
2023-05-05,1.2400000095367432,1.2699999809265137,1.2000000476837158,1.2599999904632568,1.2599999904632568,47300
2023-05-08,1.2200000286102295,1.25,1.2000000476837158,1.2000000476837158,1.2000000476837158,41000
2023-05-09,1.2000000476837158,1.25,1.2000000476837158,1.218999981880188,1.218999981880188,29800
2023-05-10,1.2400000095367432,1.2699999809265137,1.2000000476837158,1.2599999904632568,1.2599999904632568,62200
2023-05-11,1.2300000190734863,1.2879999876022339,1.2000000476837158,1.2000000476837158,1.2000000476837158,59800
2023-05-12,1.2000000476837158,1.2430000305175781,1.159999966621399,1.190000057220459,1.190000057220459,81900
2023-05-15,1.2000000476837158,1.2599999904632568,1.190000057220459,1.2300000190734863,1.2300000190734863,22300
2023-05-16,1.2899999618530273,1.2899999618530273,1.159999966621399,1.2200000286102295,1.2200000286102295,63500
2023-05-17,1.2000000476837158,1.2400000095367432,1.190000057220459,1.2400000095367432,1.2400000095367432,42500
2023-05-18,1.2200000286102295,1.2300000190734863,1.1799999475479126,1.2100000381469727,1.2100000381469727,42900
2023-05-19,1.190000057220459,1.2100000381469727,1.1799999475479126,1.190000057220459,1.190000057220459,28600
2023-05-22,1.2200000286102295,1.2999999523162842,1.2100000381469727,1.2999999523162842,1.2999999523162842,70600
2023-05-23,1.3200000524520874,1.3899999856948853,1.2999999523162842,1.309999942779541,1.309999942779541,91000
2023-05-24,1.2799999713897705,1.3559999465942383,1.2699999809265137,1.309999942779541,1.309999942779541,48100
2023-05-25,1.3300000429153442,1.3300000429153442,1.2100000381469727,1.2649999856948853,1.2649999856948853,54800
2023-05-26,1.2699999809265137,1.2899999618530273,1.2000000476837158,1.2400000095367432,1.2400000095367432,110500
2023-05-30,1.2200000286102295,1.2799999713897705,1.1699999570846558,1.2000000476837158,1.2000000476837158,79800
2023-05-31,1.2400000095367432,1.2400000095367432,1.1699999570846558,1.190000057220459,1.190000057220459,43000
2023-06-01,1.2100000381469727,1.2200000286102295,1.159999966621399,1.2000000476837158,1.2000000476837158,48300
2023-06-02,1.2000000476837158,1.3600000143051147,1.2000000476837158,1.340000033378601,1.340000033378601,172300
2023-06-05,1.340000033378601,1.3600000143051147,1.2899999618530273,1.3600000143051147,1.3600000143051147,63500
2023-06-06,1.3300000429153442,1.5,1.309999942779541,1.4700000286102295,1.4700000286102295,110400
2023-06-07,1.5,1.590000033378601,1.440000057220459,1.559999942779541,1.559999942779541,122300
2023-06-08,1.600000023841858,1.600000023841858,1.5499999523162842,1.5750000476837158,1.5750000476837158,55300
2023-06-09,1.600000023841858,1.6100000143051147,1.3650000095367432,1.4800000190734863,1.4800000190734863,119000
2023-06-12,1.5199999809265137,1.5199999809265137,1.4199999570846558,1.475000023841858,1.475000023841858,58800
2023-06-13,1.4500000476837158,1.5199999809265137,1.4299999475479126,1.440000057220459,1.440000057220459,103900
2023-06-14,1.440000057220459,1.4700000286102295,1.399999976158142,1.399999976158142,1.399999976158142,82600
2023-06-15,1.399999976158142,1.4600000381469727,1.3899999856948853,1.409999966621399,1.409999966621399,49700
2023-06-16,1.4199999570846558,1.4299999475479126,1.399999976158142,1.4299999475479126,1.4299999475479126,35200
2023-06-20,1.4199999570846558,1.4199999570846558,1.3630000352859497,1.3700000047683716,1.3700000047683716,25500
2023-06-21,1.3700000047683716,1.3910000324249268,1.340000033378601,1.3600000143051147,1.3600000143051147,37300
2023-06-22,1.3300000429153442,1.3359999656677246,1.25,1.2999999523162842,1.2999999523162842,59200
2023-06-23,1.2699999809265137,1.2899999618530273,1.25600004196167,1.2899999618530273,1.2899999618530273,66200
2023-06-26,1.2899999618530273,1.350000023841858,1.2419999837875366,1.25,1.25,72400
2023-06-27,1.2599999904632568,1.2949999570846558,1.2200000286102295,1.25,1.25,43900
2023-06-28,1.2100000381469727,1.2879999876022339,1.2000000476837158,1.225000023841858,1.225000023841858,57900
2023-06-29,1.2300000190734863,1.3300000429153442,1.2300000190734863,1.2999999523162842,1.2999999523162842,90000
2023-06-30,1.3200000524520874,1.399999976158142,1.2799999713897705,1.399999976158142,1.399999976158142,34000
2023-07-03,1.399999976158142,1.4199999570846558,1.3639999628067017,1.3799999952316284,1.3799999952316284,66700
2023-07-05,1.3799999952316284,1.3799999952316284,1.3300000429153442,1.340000033378601,1.340000033378601,19200
2023-07-06,1.2899999618530273,1.3600000143051147,1.2799999713897705,1.3300000429153442,1.3300000429153442,91000
2023-07-07,1.3300000429153442,1.38100004196167,1.2400000095367432,1.3300000429153442,1.3300000429153442,64200
2023-07-10,1.3300000429153442,1.3910000324249268,1.2599999904632568,1.3700000047683716,1.3700000047683716,40400
2023-07-11,1.3359999656677246,1.4199999570846558,1.3359999656677246,1.4199999570846558,1.4199999570846558,49700
2023-07-12,1.3700000047683716,1.4199999570846558,1.350000023841858,1.3600000143051147,1.3600000143051147,76900
2023-07-13,1.340000033378601,1.4700000286102295,1.340000033378601,1.440000057220459,1.440000057220459,108000
2023-07-14,1.440000057220459,1.4639999866485596,1.350000023841858,1.3700000047683716,1.3700000047683716,206800
2023-07-17,1.409999966621399,1.4299999475479126,1.3600000143051147,1.4299999475479126,1.4299999475479126,107700
2023-07-18,1.409999966621399,1.5399999618530273,1.409999966621399,1.472000002861023,1.472000002861023,274200
2023-07-19,1.4850000143051147,1.5700000524520874,1.4199999570846558,1.4700000286102295,1.4700000286102295,100400
2023-07-20,1.4600000381469727,1.5,1.3799999952316284,1.399999976158142,1.399999976158142,56800
2023-07-21,1.409999966621399,1.4500000476837158,1.3700000047683716,1.3799999952316284,1.3799999952316284,76100
2023-07-24,1.399999976158142,1.399999976158142,1.2999999523162842,1.3799999952316284,1.3799999952316284,109700
2023-07-25,1.3700000047683716,1.3799999952316284,1.3109999895095825,1.3799999952316284,1.3799999952316284,68900
2023-07-26,1.3300000429153442,1.399999976158142,1.3300000429153442,1.3600000143051147,1.3600000143051147,68200
2023-07-27,1.3899999856948853,1.3899999856948853,1.3300000429153442,1.3300000429153442,1.3300000429153442,32900
2023-07-28,1.350000023841858,1.3899999856948853,1.2999999523162842,1.3200000524520874,1.3200000524520874,73600
2023-07-31,1.3200000524520874,1.3899999856948853,1.2949999570846558,1.350000023841858,1.350000023841858,91600
2023-08-01,1.340000033378601,1.350000023841858,1.3250000476837158,1.3300000429153442,1.3300000429153442,35600
2023-08-02,1.2599999904632568,1.2999999523162842,1.2130000591278076,1.2699999809265137,1.2699999809265137,193500
2023-08-03,1.2699999809265137,1.309999942779541,1.2599999904632568,1.2799999713897705,1.2799999713897705,46500
2023-08-04,1.2799999713897705,1.3300000429153442,1.2699999809265137,1.2799999713897705,1.2799999713897705,39500
2023-08-07,1.2599999904632568,1.2899999618530273,1.2400000095367432,1.2400000095367432,1.2400000095367432,48100
2023-08-08,1.2300000190734863,1.2999999523162842,1.2200000286102295,1.2599999904632568,1.2599999904632568,84000
2023-08-09,1.2799999713897705,1.2799999713897705,1.1799999475479126,1.1799999475479126,1.1799999475479126,87600
2023-08-10,1.1799999475479126,1.25,1.1200000047683716,1.1699999570846558,1.1699999570846558,94900
2023-08-11,1.149999976158142,1.1699999570846558,1.0800000429153442,1.1200000047683716,1.1200000047683716,120000
2023-08-14,1.1799999475479126,1.1799999475479126,1.0800000429153442,1.1399999856948853,1.1399999856948853,63700
2023-08-15,1.159999966621399,1.159999966621399,1.0800000429153442,1.1200000047683716,1.1200000047683716,34000
2023-08-16,1.0800000429153442,1.1330000162124634,1.0800000429153442,1.090000033378601,1.090000033378601,68700
2023-08-17,1.1799999475479126,1.1799999475479126,1.0499999523162842,1.059999942779541,1.059999942779541,114800
2023-08-18,1.0700000524520874,1.1100000143051147,1.0499999523162842,1.0800000429153442,1.0800000429153442,77900
2023-08-21,1.0800000429153442,1.1330000162124634,1.0499999523162842,1.059999942779541,1.059999942779541,88300
2023-08-22,1.059999942779541,1.100000023841858,1.0499999523162842,1.0880000591278076,1.0880000591278076,66600
2023-08-23,1.0700000524520874,1.100000023841858,1.0499999523162842,1.0700000524520874,1.0700000524520874,52800
2023-08-24,1.059999942779541,1.0700000524520874,1.0099999904632568,1.0149999856948853,1.0149999856948853,107200
2023-08-25,1.0390000343322754,1.0399999618530273,1.0099999904632568,1.0199999809265137,1.0199999809265137,51400
2023-08-28,1.0399999618530273,1.0399999618530273,1.0,1.0199999809265137,1.0199999809265137,68400
2023-08-29,1.0,1.0700000524520874,1.0,1.0199999809265137,1.0199999809265137,99500
2023-08-30,1.0199999809265137,1.0800000429153442,1.0199999809265137,1.0700000524520874,1.0700000524520874,68800
2023-08-31,1.100000023841858,1.100000023841858,1.0399999618530273,1.090000033378601,1.090000033378601,41000
2023-09-01,1.0800000429153442,1.0800000429153442,0.9900000095367432,1.0299999713897705,1.0299999713897705,95100
2023-09-05,1.059999942779541,1.100000023841858,1.0099999904632568,1.059999942779541,1.059999942779541,98300
2023-09-06,1.0499999523162842,1.0720000267028809,1.0,1.0099999904632568,1.0099999904632568,66600
2023-09-07,1.0299999713897705,1.0299999713897705,0.8999999761581421,0.9580000042915344,0.9580000042915344,334000
2023-09-08,0.9300000071525574,0.949999988079071,0.8899999856948853,0.8899999856948853,0.8899999856948853,121900
2023-09-11,0.9399999976158142,0.9399999976158142,0.8100000023841858,0.8100000023841858,0.8100000023841858,251400
2023-09-12,0.8500000238418579,0.8500000238418579,0.8100000023841858,0.8479999899864197,0.8479999899864197,83100
2023-09-13,0.8500000238418579,0.9490000009536743,0.8399999737739563,0.9169999957084656,0.9169999957084656,59300
2023-09-14,0.949999988079071,0.9649999737739563,0.9169999957084656,0.9440000057220459,0.9440000057220459,64100
2023-09-15,0.9599999785423279,0.9800000190734863,0.9100000262260437,0.9570000171661377,0.9570000171661377,63200
2023-09-18,0.9589999914169312,0.9789999723434448,0.9200000166893005,0.9210000038146973,0.9210000038146973,55400
2023-09-19,0.9010000228881836,0.949999988079071,0.9010000228881836,0.9200000166893005,0.9200000166893005,74200
2023-09-20,0.8999999761581421,0.9359999895095825,0.8999999761581421,0.9100000262260437,0.9100000262260437,15000
2023-09-21,0.8999999761581421,0.9100000262260437,0.8899999856948853,0.9049999713897705,0.9049999713897705,19300
2023-09-22,0.8899999856948853,0.8999999761581421,0.8199999928474426,0.8569999933242798,0.8569999933242798,66200
2023-09-25,0.875,0.8999999761581421,0.8600000143051147,0.8790000081062317,0.8790000081062317,15200
2023-09-26,0.8899999856948853,0.8899999856948853,0.8399999737739563,0.859000027179718,0.859000027179718,44300
2023-09-27,0.8650000095367432,0.8679999709129333,0.8299999833106995,0.847000002861023,0.847000002861023,26600
2023-09-28,0.8500000238418579,0.8799999952316284,0.8199999928474426,0.8199999928474426,0.8199999928474426,46400
2023-09-29,0.8500000238418579,0.8500000238418579,0.7900000214576721,0.800000011920929,0.800000011920929,84700
2023-10-02,0.675000011920929,0.7900000214576721,0.675000011920929,0.7160000205039978,0.7160000205039978,385300
2023-10-03,0.7699999809265137,0.7900000214576721,0.7300000190734863,0.7480000257492065,0.7480000257492065,126300
2023-10-04,0.7480000257492065,0.75,0.7099999785423279,0.7200000286102295,0.7200000286102295,57700
2023-10-05,0.7490000128746033,0.7490000128746033,0.7289999723434448,0.7300000190734863,0.7300000190734863,34500
2023-10-06,0.7300000190734863,0.7699999809265137,0.7300000190734863,0.7400000095367432,0.7400000095367432,26400
2023-10-09,0.7699999809265137,0.7699999809265137,0.7300000190734863,0.7350000143051147,0.7350000143051147,23200
2023-10-10,0.7400000095367432,0.7680000066757202,0.7350000143051147,0.7680000066757202,0.7680000066757202,75100
2023-10-11,0.7599999904632568,0.7799999713897705,0.75,0.75,0.75,57100
2023-10-12,0.7009999752044678,0.7400000095367432,0.6959999799728394,0.7099999785423279,0.7099999785423279,69800
2023-10-13,0.7099999785423279,0.7300000190734863,0.6970000267028809,0.7099999785423279,0.7099999785423279,34600
2023-10-16,0.6930000185966492,0.7400000095367432,0.6800000071525574,0.6899999976158142,0.6899999976158142,71300
2023-10-17,0.6800000071525574,0.7300000190734863,0.6800000071525574,0.699999988079071,0.699999988079071,50000
2023-10-18,0.699999988079071,0.718999981880188,0.6850000023841858,0.6850000023841858,0.6850000023841858,78800
2023-10-19,0.718999981880188,0.718999981880188,0.6600000262260437,0.6729999780654907,0.6729999780654907,102300
2023-10-20,0.6729999780654907,0.699999988079071,0.6729999780654907,0.6800000071525574,0.6800000071525574,42600
2023-10-23,0.699999988079071,0.699999988079071,0.6700000166893005,0.6800000071525574,0.6800000071525574,30500
2023-10-24,0.6779999732971191,0.6990000009536743,0.6600000262260437,0.6700000166893005,0.6700000166893005,59700
2023-10-25,0.6700000166893005,0.6970000267028809,0.6629999876022339,0.6769999861717224,0.6769999861717224,11700
2023-10-26,0.6600000262260437,0.6700000166893005,0.6600000262260437,0.6620000004768372,0.6620000004768372,75400
2023-10-27,0.6499999761581421,0.6620000004768372,0.6200000047683716,0.6330000162124634,0.6330000162124634,40700
2023-10-30,0.6399999856948853,0.6399999856948853,0.49000000953674316,0.5730000138282776,0.5730000138282776,209800
2023-10-31,0.5580000281333923,0.609000027179718,0.5580000281333923,0.6000000238418579,0.6000000238418579,38000
2023-11-01,0.6000000238418579,0.6650000214576721,0.6000000238418579,0.6399999856948853,0.6399999856948853,33400
2023-11-02,0.6499999761581421,0.699999988079071,0.6309999823570251,0.6660000085830688,0.6660000085830688,59000
2023-11-03,0.6700000166893005,0.7300000190734863,0.6700000166893005,0.6899999976158142,0.6899999976158142,38600
2023-11-06,0.7099999785423279,0.8299999833106995,0.7099999785423279,0.7829999923706055,0.7829999923706055,215200
2023-11-07,0.800000011920929,0.800000011920929,0.699999988079071,0.7229999899864197,0.7229999899864197,51000
2023-11-08,0.699999988079071,0.7229999899864197,0.5799999833106995,0.6200000047683716,0.6200000047683716,107900
2023-11-09,0.6399999856948853,0.6899999976158142,0.6299999952316284,0.640999972820282,0.640999972820282,79100
2023-11-10,0.6899999976158142,0.703000009059906,0.6570000052452087,0.6710000038146973,0.6710000038146973,45300
2023-11-13,0.699999988079071,0.699999988079071,0.6299999952316284,0.6880000233650208,0.6880000233650208,26100
2023-11-14,0.7139999866485596,0.7300000190734863,0.6600000262260437,0.6970000267028809,0.6970000267028809,81500
2023-11-15,0.7200000286102295,0.7820000052452087,0.7200000286102295,0.7260000109672546,0.7260000109672546,78000
2023-11-16,0.7260000109672546,0.7310000061988831,0.6970000267028809,0.7039999961853027,0.7039999961853027,20200
2023-11-17,0.7200000286102295,0.7429999709129333,0.699999988079071,0.7319999933242798,0.7319999933242798,19700
2023-11-20,0.7289999723434448,0.7799999713897705,0.6600000262260437,0.7099999785423279,0.7099999785423279,164600
2023-11-21,0.7099999785423279,0.7149999737739563,0.6700000166893005,0.6710000038146973,0.6710000038146973,153000
2023-11-22,0.699999988079071,0.699999988079071,0.6600000262260437,0.6899999976158142,0.6899999976158142,56900
2023-11-24,0.6899999976158142,0.6990000009536743,0.6499999761581421,0.6710000038146973,0.6710000038146973,34500
2023-11-27,0.6399999856948853,0.6620000004768372,0.6299999952316284,0.6489999890327454,0.6489999890327454,76200
2023-11-28,0.6200000047683716,0.6629999876022339,0.6129999756813049,0.6159999966621399,0.6159999966621399,89200
2023-11-29,0.6000000238418579,0.6499999761581421,0.6000000238418579,0.6309999823570251,0.6309999823570251,112800
2023-11-30,0.621999979019165,0.6679999828338623,0.621999979019165,0.6299999952316284,0.6299999952316284,51400
2023-12-01,0.6299999952316284,0.6779999732971191,0.6299999952316284,0.6420000195503235,0.6420000195503235,63200
2023-12-04,0.6700000166893005,0.7400000095367432,0.6499999761581421,0.722000002861023,0.722000002861023,80500
2023-12-05,0.7329999804496765,0.75,0.699999988079071,0.7429999709129333,0.7429999709129333,97600
2023-12-06,0.7210000157356262,0.75,0.6399999856948853,0.7400000095367432,0.7400000095367432,174800
2023-12-07,0.75,0.800000011920929,0.7009999752044678,0.7829999923706055,0.7829999923706055,93800
2023-12-08,0.7919999957084656,0.8399999737739563,0.7360000014305115,0.8109999895095825,0.8109999895095825,115500
2023-12-11,0.8450000286102295,0.9300000071525574,0.800000011920929,0.9010000228881836,0.9010000228881836,212800
2023-12-12,0.8870000243186951,0.9990000128746033,0.8799999952316284,0.9850000143051147,0.9850000143051147,189000
2023-12-13,0.9700000286102295,1.0,0.949999988079071,0.9879999756813049,0.9879999756813049,137100
2023-12-14,0.9800000190734863,1.25,0.9549999833106995,1.190000057220459,1.190000057220459,276800
2023-12-15,1.2000000476837158,1.2599999904632568,0.8619999885559082,0.9319999814033508,0.9319999814033508,440200
2023-12-18,0.9599999785423279,1.0,0.8859999775886536,0.8859999775886536,0.8859999775886536,184600
2023-12-19,0.8899999856948853,0.9100000262260437,0.8479999899864197,0.8709999918937683,0.8709999918937683,123200
2023-12-20,0.8600000143051147,0.8999999761581421,0.8529999852180481,0.8700000047683716,0.8700000047683716,88300
2023-12-21,0.8740000128746033,0.8799999952316284,0.8299999833106995,0.8769999742507935,0.8769999742507935,57000
2023-12-22,0.8399999737739563,0.8799999952316284,0.8330000042915344,0.8399999737739563,0.8399999737739563,76400
2023-12-26,0.8299999833106995,0.8600000143051147,0.8009999990463257,0.8399999737739563,0.8399999737739563,103000
2023-12-27,0.8069999814033508,0.8450000286102295,0.7799999713897705,0.8149999976158142,0.8149999976158142,155500
2023-12-28,0.800000011920929,0.8399999737739563,0.7900000214576721,0.7950000166893005,0.7950000166893005,78200
2023-12-29,0.7770000100135803,0.8100000023841858,0.7749999761581421,0.7820000052452087,0.7820000052452087,82700
2024-01-02,0.800000011920929,0.800000011920929,0.7620000243186951,0.7680000066757202,0.7680000066757202,55400
2024-01-03,0.777999997138977,0.7900000214576721,0.75,0.7889999747276306,0.7889999747276306,70100
2024-01-04,0.8029999732971191,0.8029999732971191,0.6859999895095825,0.765999972820282,0.765999972820282,86300
2024-01-05,0.7450000047683716,0.7599999904632568,0.7450000047683716,0.7599999904632568,0.7599999904632568,19000
2024-01-08,0.7409999966621399,0.7910000085830688,0.7300000190734863,0.7480000257492065,0.7480000257492065,49500
2024-01-09,0.722000002861023,0.7599999904632568,0.722000002861023,0.7329999804496765,0.7329999804496765,45200
2024-01-10,0.7329999804496765,0.75,0.7200000286102295,0.7300000190734863,0.7300000190734863,39500
2024-01-11,0.7149999737739563,0.7400000095367432,0.7149999737739563,0.7289999723434448,0.7289999723434448,15900
2024-01-12,0.7179999947547913,0.75,0.7179999947547913,0.7200000286102295,0.7200000286102295,28800
2024-01-16,0.7179999947547913,0.7409999966621399,0.6850000023841858,0.6940000057220459,0.6940000057220459,37500
2024-01-17,0.6710000038146973,0.699999988079071,0.6499999761581421,0.6700000166893005,0.6700000166893005,68800
2024-01-18,0.6600000262260437,0.7139999866485596,0.6600000262260437,0.6800000071525574,0.6800000071525574,41700
2024-01-19,0.6650000214576721,0.699999988079071,0.6600000262260437,0.6610000133514404,0.6610000133514404,59300
2024-01-22,0.6430000066757202,0.699999988079071,0.6430000066757202,0.6700000166893005,0.6700000166893005,52700
2024-01-23,0.7039999961853027,0.7039999961853027,0.6600000262260437,0.6600000262260437,0.6600000262260437,85000
2024-01-24,0.6600000262260437,0.699999988079071,0.6299999952316284,0.6389999985694885,0.6389999985694885,77800
2024-01-25,0.6019999980926514,0.6420000195503235,0.5899999737739563,0.5920000076293945,0.5920000076293945,142600
2024-01-26,0.6179999709129333,0.6449999809265137,0.6000000238418579,0.6000000238418579,0.6000000238418579,79100
2024-01-29,0.6000000238418579,0.6399999856948853,0.5899999737739563,0.5910000205039978,0.5910000205039978,63400
2024-01-30,0.6150000095367432,0.6399999856948853,0.6000000238418579,0.6129999756813049,0.6129999756813049,109100
2024-01-31,0.6000000238418579,0.6349999904632568,0.6000000238418579,0.6119999885559082,0.6119999885559082,33700
2024-02-01,0.6140000224113464,0.6290000081062317,0.6000000238418579,0.6129999756813049,0.6129999756813049,95900
2024-02-02,0.6000000238418579,0.6129999756813049,0.5820000171661377,0.5989999771118164,0.5989999771118164,66300
2024-02-05,0.5799999833106995,0.5899999737739563,0.5799999833106995,0.5839999914169312,0.5839999914169312,36600
2024-02-06,0.5899999737739563,0.6169999837875366,0.5809999704360962,0.5809999704360962,0.5809999704360962,76100
2024-02-07,0.5899999737739563,0.6159999966621399,0.5809999704360962,0.5809999704360962,0.5809999704360962,30300
2024-02-08,0.5809999704360962,0.6000000238418579,0.5809999704360962,0.5899999737739563,0.5899999737739563,48100
2024-02-09,0.5899999737739563,0.6000000238418579,0.5799999833106995,0.5910000205039978,0.5910000205039978,63400
2024-02-12,0.578000009059906,0.6000000238418579,0.578000009059906,0.5849999785423279,0.5849999785423279,53200
2024-02-13,0.6000000238418579,0.6000000238418579,0.574999988079071,0.5799999833106995,0.5799999833106995,45200
2024-02-14,0.5799999833106995,0.7200000286102295,0.5699999928474426,0.7200000286102295,0.7200000286102295,409800
2024-02-15,0.699999988079071,0.75,0.6759999990463257,0.7409999966621399,0.7409999966621399,129100
2024-02-16,0.7580000162124634,0.7580000162124634,0.6800000071525574,0.6940000057220459,0.6940000057220459,110100
2024-02-20,0.6899999976158142,0.6949999928474426,0.6100000143051147,0.6299999952316284,0.6299999952316284,104300
2024-02-21,0.6309999823570251,0.6790000200271606,0.5899999737739563,0.6299999952316284,0.6299999952316284,128300
2024-02-22,0.6259999871253967,0.6489999890327454,0.6000000238418579,0.6230000257492065,0.6230000257492065,73200
2024-02-23,0.6200000047683716,0.6299999952316284,0.6100000143051147,0.6110000014305115,0.6110000014305115,36300
2024-02-26,0.6110000014305115,0.621999979019165,0.5950000286102295,0.6100000143051147,0.6100000143051147,96100
2024-02-27,0.6000000238418579,0.6980000138282776,0.6000000238418579,0.6190000176429749,0.6190000176429749,99000
2024-02-28,0.6449999809265137,0.6700000166893005,0.6209999918937683,0.6330000162124634,0.6330000162124634,90400
2024-02-29,0.6570000052452087,0.6629999876022339,0.6330000162124634,0.6399999856948853,0.6399999856948853,32600
2024-03-01,0.6399999856948853,0.6570000052452087,0.6399999856948853,0.6539999842643738,0.6539999842643738,42200
2024-03-04,0.6759999990463257,0.6759999990463257,0.6309999823570251,0.6539999842643738,0.6539999842643738,46200
2024-03-05,0.597000002861023,0.652999997138977,0.597000002861023,0.6179999709129333,0.6179999709129333,63800
2024-03-06,0.6010000109672546,0.6399999856948853,0.6010000109672546,0.6179999709129333,0.6179999709129333,35700
2024-03-07,0.6320000290870667,0.6499999761581421,0.6000000238418579,0.6140000224113464,0.6140000224113464,49300
2024-03-08,0.6240000128746033,0.6499999761581421,0.5889999866485596,0.6190000176429749,0.6190000176429749,222900
2024-03-11,0.6100000143051147,0.6579999923706055,0.6010000109672546,0.625,0.625,166200
2024-03-12,0.6399999856948853,0.6499999761581421,0.6050000190734863,0.625,0.625,44700
2024-03-13,0.6100000143051147,0.6499999761581421,0.6100000143051147,0.6230000257492065,0.6230000257492065,33300
2024-03-14,0.6100000143051147,0.6299999952316284,0.5979999899864197,0.6060000061988831,0.6060000061988831,53900
2024-03-15,0.6320000290870667,0.6320000290870667,0.6050000190734863,0.6100000143051147,0.6100000143051147,32500
2024-03-18,0.6069999933242798,0.6269999742507935,0.6069999933242798,0.6079999804496765,0.6079999804496765,66800
2024-03-19,0.6119999885559082,0.6200000047683716,0.6069999933242798,0.6179999709129333,0.6179999709129333,39000
2024-03-20,0.6200000047683716,0.6200000047683716,0.5809999704360962,0.609000027179718,0.609000027179718,78400
2024-03-21,0.6000000238418579,0.6200000047683716,0.5960000157356262,0.6000000238418579,0.6000000238418579,32900
2024-03-22,0.5820000171661377,0.6100000143051147,0.5799999833106995,0.5879999995231628,0.5879999995231628,95500
2024-03-25,0.5830000042915344,0.6000000238418579,0.5799999833106995,0.5799999833106995,0.5799999833106995,87000
2024-03-26,0.5899999737739563,0.6200000047683716,0.5809999704360962,0.5830000042915344,0.5830000042915344,49500
2024-03-27,0.5899999737739563,0.6100000143051147,0.5799999833106995,0.6000000238418579,0.6000000238418579,66800
2024-03-28,0.6000000238418579,0.6200000047683716,0.5849999785423279,0.6169999837875366,0.6169999837875366,84100
2024-04-01,0.6000000238418579,0.609000027179718,0.5899999737739563,0.5950000286102295,0.5950000286102295,35900
2024-04-02,0.5950000286102295,0.5950000286102295,0.550000011920929,0.5699999928474426,0.5699999928474426,108500
2024-04-03,0.5669999718666077,0.5809999704360962,0.5400000214576721,0.5699999928474426,0.5699999928474426,51800
2024-04-04,0.5699999928474426,0.5770000219345093,0.5400000214576721,0.5540000200271606,0.5540000200271606,108600
2024-04-05,0.5550000071525574,0.5789999961853027,0.5550000071525574,0.5569999814033508,0.5569999814033508,32100
2024-04-08,0.578000009059906,0.6399999856948853,0.578000009059906,0.6389999985694885,0.6389999985694885,194800
2024-04-09,0.6299999952316284,0.6439999938011169,0.5799999833106995,0.6119999885559082,0.6119999885559082,139300
2024-04-10,0.6179999709129333,0.6179999709129333,0.5320000052452087,0.5630000233650208,0.5630000233650208,142300
2024-04-11,0.5699999928474426,0.5699999928474426,0.5609999895095825,0.5690000057220459,0.5690000057220459,28400
2024-04-12,0.5699999928474426,0.5809999704360962,0.5559999942779541,0.5580000281333923,0.5580000281333923,29100
2024-04-15,0.5649999976158142,0.5649999976158142,0.5049999952316284,0.5099999904632568,0.5099999904632568,68500
2024-04-16,0.5239999890327454,0.527999997138977,0.5,0.5,0.5,68900
2024-04-17,0.5,0.527999997138977,0.49000000953674316,0.49300000071525574,0.49300000071525574,57200
2024-04-18,0.5099999904632568,0.5099999904632568,0.49300000071525574,0.4950000047683716,0.4950000047683716,29100
2024-04-19,0.49300000071525574,0.5099999904632568,0.4749999940395355,0.4830000102519989,0.4830000102519989,87200
2024-04-22,0.47600001096725464,0.49799999594688416,0.4699999988079071,0.47999998927116394,0.47999998927116394,70300
2024-04-23,0.46000000834465027,0.5299999713897705,0.46000000834465027,0.5249999761581421,0.5249999761581421,206500
2024-04-24,0.5299999713897705,0.550000011920929,0.5249999761581421,0.5389999747276306,0.5389999747276306,62900
2024-04-25,0.5400000214576721,0.5419999957084656,0.5019999742507935,0.5040000081062317,0.5040000081062317,74700
2024-04-26,0.4749999940395355,0.5,0.4749999940395355,0.48500001430511475,0.48500001430511475,49900
2024-04-29,0.49000000953674316,0.5260000228881836,0.4860000014305115,0.4950000047683716,0.4950000047683716,32600
2024-04-30,0.49799999594688416,0.49799999594688416,0.4869999885559082,0.4869999885559082,0.4869999885559082,37700
2024-05-01,0.4880000054836273,0.49799999594688416,0.4620000123977661,0.4790000021457672,0.4790000021457672,77800
2024-05-02,0.4749999940395355,0.4880000054836273,0.46299999952316284,0.4830000102519989,0.4830000102519989,31200
2024-05-03,0.47999998927116394,0.5090000033378601,0.47999998927116394,0.5,0.5,28000
2024-05-06,0.5049999952316284,0.5299999713897705,0.49000000953674316,0.492000013589859,0.492000013589859,49000
2024-05-07,0.5019999742507935,0.5270000100135803,0.49300000071525574,0.5199999809265137,0.5199999809265137,56900
2024-05-08,0.49300000071525574,0.5270000100135803,0.49300000071525574,0.5009999871253967,0.5009999871253967,34100
2024-05-09,0.5,0.5270000100135803,0.5,0.515999972820282,0.515999972820282,33400
2024-05-10,0.5130000114440918,0.5199999809265137,0.5009999871253967,0.5170000195503235,0.5170000195503235,27300
2024-05-13,0.5099999904632568,0.5400000214576721,0.5099999904632568,0.5149999856948853,0.5149999856948853,101800
2024-05-14,0.5,0.5720000267028809,0.5,0.5649999976158142,0.5649999976158142,167600
2024-05-15,0.531000018119812,0.5950000286102295,0.531000018119812,0.5830000042915344,0.5830000042915344,98000
2024-05-16,0.6000000238418579,0.625,0.5149999856948853,0.5189999938011169,0.5189999938011169,183800
2024-05-17,0.5899999737739563,0.6499999761581421,0.5799999833106995,0.6370000243186951,0.6370000243186951,401100
2024-05-20,0.6499999761581421,0.7059999704360962,0.5899999737739563,0.6600000262260437,0.6600000262260437,411400
2024-05-21,0.6769999861717224,0.6769999861717224,0.6100000143051147,0.6399999856948853,0.6399999856948853,89700
2024-05-22,0.6809999942779541,0.6809999942779541,0.6200000047683716,0.6399999856948853,0.6399999856948853,71500
2024-05-23,0.6299999952316284,0.6600000262260437,0.5770000219345093,0.6100000143051147,0.6100000143051147,66500
2024-05-24,0.609000027179718,0.6110000014305115,0.5630000233650208,0.5659999847412109,0.5659999847412109,47800
2024-05-28,0.5730000138282776,0.6000000238418579,0.5730000138282776,0.5899999737739563,0.5899999737739563,68500
2024-05-29,0.5649999976158142,0.6000000238418579,0.5649999976158142,0.5960000157356262,0.5960000157356262,14800
2024-05-30,0.5830000042915344,0.6000000238418579,0.5830000042915344,0.5849999785423279,0.5849999785423279,29000
2024-05-31,0.5789999961853027,0.6079999804496765,0.5630000233650208,0.5699999928474426,0.5699999928474426,30200
2024-06-03,0.5640000104904175,0.6100000143051147,0.5640000104904175,0.6000000238418579,0.6000000238418579,64700
2024-06-04,0.578000009059906,0.6000000238418579,0.5640000104904175,0.578000009059906,0.578000009059906,46700
2024-06-05,0.5709999799728394,0.6000000238418579,0.5640000104904175,0.5640000104904175,0.5640000104904175,50200
2024-06-06,0.550000011920929,0.5950000286102295,0.5249999761581421,0.5649999976158142,0.5649999976158142,114000
2024-06-07,0.5879999995231628,0.5899999737739563,0.550000011920929,0.5519999861717224,0.5519999861717224,57800
2024-06-10,0.550000011920929,0.5609999895095825,0.5400000214576721,0.5450000166893005,0.5450000166893005,35200
2024-06-11,0.5400000214576721,0.5600000023841858,0.5220000147819519,0.5220000147819519,0.5220000147819519,46200
2024-06-12,0.550000011920929,0.550000011920929,0.5009999871253967,0.5400000214576721,0.5400000214576721,47500
2024-06-13,0.5249999761581421,0.5299999713897705,0.5,0.5099999904632568,0.5099999904632568,76500
2024-06-14,0.49799999594688416,0.49900001287460327,0.47999998927116394,0.48500001430511475,0.48500001430511475,42600
2024-06-17,0.48500001430511475,0.5099999904632568,0.48500001430511475,0.5099999904632568,0.5099999904632568,52500
2024-06-18,0.5099999904632568,0.5389999747276306,0.46000000834465027,0.4830000102519989,0.4830000102519989,162800
2024-06-20,0.4650000035762787,0.4819999933242798,0.44999998807907104,0.4580000042915344,0.4580000042915344,77600
2024-06-21,0.4699999988079071,0.47999998927116394,0.44999998807907104,0.47999998927116394,0.47999998927116394,97300
2024-06-24,0.4950000047683716,0.4950000047683716,0.45100000500679016,0.46000000834465027,0.46000000834465027,46300
2024-06-25,0.453000009059906,0.47999998927116394,0.4519999921321869,0.4569999873638153,0.4569999873638153,23300
2024-06-26,0.4690000116825104,0.4699999988079071,0.45100000500679016,0.4519999921321869,0.4519999921321869,19100
2024-06-27,0.46000000834465027,0.46000000834465027,0.4519999921321869,0.46000000834465027,0.46000000834465027,21300
2024-06-28,0.48399999737739563,0.48399999737739563,0.44999998807907104,0.44999998807907104,0.44999998807907104,42000
2024-07-01,0.47999998927116394,0.4869999885559082,0.44999998807907104,0.46299999952316284,0.46299999952316284,33200
2024-07-02,0.4519999921321869,0.4650000035762787,0.4300000071525574,0.4490000009536743,0.4490000009536743,73700
2024-07-03,0.4359999895095825,0.4659999907016754,0.4359999895095825,0.4490000009536743,0.4490000009536743,13700
2024-07-05,0.4399999976158142,0.4519999921321869,0.4399999976158142,0.4480000138282776,0.4480000138282776,23500
2024-07-08,0.44999998807907104,0.46000000834465027,0.4399999976158142,0.4429999887943268,0.4429999887943268,54400
2024-07-09,0.4309999942779541,0.46000000834465027,0.3970000147819519,0.4059999883174896,0.4059999883174896,74900
2024-07-10,0.41999998688697815,0.4300000071525574,0.4000000059604645,0.4099999964237213,0.4099999964237213,83000
2024-07-11,0.4099999964237213,0.41999998688697815,0.4009999930858612,0.4129999876022339,0.4129999876022339,69500
2024-07-12,0.41999998688697815,0.4300000071525574,0.41600000858306885,0.41999998688697815,0.41999998688697815,55600
2024-07-15,0.4440000057220459,0.4440000057220459,0.41499999165534973,0.4180000126361847,0.4180000126361847,65700
2024-07-16,0.421999990940094,0.4399999976158142,0.41200000047683716,0.43799999356269836,0.43799999356269836,97700
2024-07-17,0.43700000643730164,0.4390000104904175,0.41200000047683716,0.4300000071525574,0.4300000071525574,45900
2024-07-18,0.4390000104904175,0.4390000104904175,0.4180000126361847,0.4180000126361847,0.4180000126361847,22100
2024-07-19,0.4309999942779541,0.4309999942779541,0.3230000138282776,0.3799999952316284,0.3799999952316284,83700
2024-07-22,0.36000001430511475,0.40400001406669617,0.36000001430511475,0.3799999952316284,0.3799999952316284,58300
2024-07-23,0.375,0.4000000059604645,0.3720000088214874,0.382999986410141,0.382999986410141,43500
2024-07-24,0.3840000033378601,0.38499999046325684,0.3479999899864197,0.367000013589859,0.367000013589859,129900
2024-07-25,0.37400001287460327,0.38600000739097595,0.3499999940395355,0.3499999940395355,0.3499999940395355,71600
2024-07-26,0.35199999809265137,0.36500000953674316,0.3400000035762787,0.35100001096725464,0.35100001096725464,67500
2024-07-29,0.3580000102519989,0.36000001430511475,0.3449999988079071,0.3490000069141388,0.3490000069141388,61100
2024-07-30,0.3490000069141388,0.3569999933242798,0.33000001311302185,0.33500000834465027,0.33500000834465027,78300
2024-07-31,0.33500000834465027,0.36000001430511475,0.33000001311302185,0.3400000035762787,0.3400000035762787,184200
2024-08-01,0.3440000116825104,0.3569999933242798,0.3310000002384186,0.33899998664855957,0.33899998664855957,30200
2024-08-02,0.32600000500679016,0.35499998927116394,0.3199999928474426,0.3199999928474426,0.3199999928474426,53100
2024-08-05,0.3190000057220459,0.3540000021457672,0.30000001192092896,0.30000001192092896,0.30000001192092896,120400
2024-08-06,0.32499998807907104,0.34299999475479126,0.3009999990463257,0.3109999895095825,0.3109999895095825,37800
2024-08-07,0.3100000023841858,0.31700000166893005,0.28999999165534973,0.29499998688697815,0.29499998688697815,75300
2024-08-08,0.2939999997615814,0.3070000112056732,0.2800000011920929,0.29100000858306885,0.29100000858306885,113700
2024-08-09,0.28200000524520874,0.29499998688697815,0.2709999978542328,0.2800000011920929,0.2800000011920929,57900
2024-08-12,0.2800000011920929,0.2800000011920929,0.27000001072883606,0.27000001072883606,0.27000001072883606,41700
2024-08-13,0.27000001072883606,0.28999999165534973,0.27000001072883606,0.2879999876022339,0.2879999876022339,120600
2024-08-14,0.2930000126361847,0.2939999997615814,0.27000001072883606,0.27900001406669617,0.27900001406669617,51900
2024-08-15,0.27000001072883606,0.3400000035762787,0.27000001072883606,0.3100000023841858,0.3100000023841858,262600
2024-08-16,0.3199999928474426,0.3199999928474426,0.2809999883174896,0.2980000078678131,0.2980000078678131,50900
2024-08-19,0.3100000023841858,0.3310000002384186,0.30399999022483826,0.31299999356269836,0.31299999356269836,53900
2024-08-20,0.3050000071525574,0.3160000145435333,0.30300000309944153,0.3089999854564667,0.3089999854564667,22900
2024-08-21,0.31299999356269836,0.3499999940395355,0.3059999942779541,0.3319999873638153,0.3319999873638153,125100
2024-08-22,0.3499999940395355,0.3569999933242798,0.3109999895095825,0.33500000834465027,0.33500000834465027,99500
2024-08-23,0.35499998927116394,0.35499998927116394,0.3310000002384186,0.3490000069141388,0.3490000069141388,78100
2024-08-26,0.36899998784065247,0.3700000047683716,0.3400000035762787,0.3400000035762787,0.3400000035762787,62000
2024-08-27,0.3409999907016754,0.35499998927116394,0.3199999928474426,0.3330000042915344,0.3330000042915344,52800
2024-08-28,0.3440000116825104,0.3440000116825104,0.3199999928474426,0.3319999873638153,0.3319999873638153,50800
2024-08-29,0.3400000035762787,0.3400000035762787,0.3109999895095825,0.328000009059906,0.328000009059906,102100
2024-08-30,0.328000009059906,0.3400000035762787,0.3199999928474426,0.3330000042915344,0.3330000042915344,58300
2024-09-03,0.33899998664855957,0.3400000035762787,0.3199999928474426,0.3199999928474426,0.3199999928474426,30900
2024-09-04,0.3199999928474426,0.3499999940395355,0.3190000057220459,0.3370000123977661,0.3370000123977661,111900
2024-09-05,0.34299999475479126,0.3499999940395355,0.32199999690055847,0.32199999690055847,0.32199999690055847,25900
2024-09-06,0.32499998807907104,0.33500000834465027,0.31200000643730164,0.3160000145435333,0.3160000145435333,35000
2024-09-09,0.3199999928474426,0.3199999928474426,0.30300000309944153,0.3070000112056732,0.3070000112056732,29600
2024-09-10,0.30300000309944153,0.3149999976158142,0.28999999165534973,0.3059999942779541,0.3059999942779541,140000
2024-09-11,0.29899999499320984,0.6100000143051147,0.29899999499320984,0.5400000214576721,0.5400000214576721,19324000
2024-09-12,0.4399999976158142,0.4699999988079071,0.38499999046325684,0.42399999499320984,0.42399999499320984,10462600
2024-09-13,0.3959999978542328,0.5899999737739563,0.38999998569488525,0.47999998927116394,0.47999998927116394,6336500
2024-09-16,0.49000000953674316,0.49799999594688416,0.36000001430511475,0.42100000381469727,0.42100000381469727,1142400
2024-09-17,0.4099999964237213,0.4519999921321869,0.3700000047683716,0.41499999165534973,0.41499999165534973,373200
2024-09-18,0.3930000066757202,0.43799999356269836,0.37599998712539673,0.38999998569488525,0.38999998569488525,338300
2024-09-19,0.39100000262260437,0.41999998688697815,0.3840000033378601,0.4050000011920929,0.4050000011920929,483900
2024-09-20,0.3930000066757202,0.40799999237060547,0.38499999046325684,0.40799999237060547,0.40799999237060547,209900
2024-09-23,0.44999998807907104,0.44999998807907104,0.39500001072883606,0.4020000100135803,0.4020000100135803,218300
2024-09-24,0.38499999046325684,0.4000000059604645,0.3799999952316284,0.39399999380111694,0.39399999380111694,346400
2024-09-25,0.39399999380111694,0.40299999713897705,0.3700000047683716,0.3869999945163727,0.3869999945163727,299600
2024-09-26,0.3869999945163727,0.41999998688697815,0.3799999952316284,0.3880000114440918,0.3880000114440918,335200
2024-09-27,0.3930000066757202,0.4399999976158142,0.3919999897480011,0.42500001192092896,0.42500001192092896,300400
