Date,Adj Close,Close,High,Low,Open,Volume
2021-11-03,13.770000457763672,13.770000457763672,13.770000457763672,13.770000457763672,13.770000457763672,100
2021-11-04,26.649999618530273,26.649999618530273,64.0,17.25,17.25,43900
2021-11-05,33.619998931884766,33.619998931884766,36.04999923706055,26.020000457763672,26.1299991607666,1762000
2021-11-08,40.0,40.0,42.0,31.51099967956543,32.0,547300
2021-11-09,42.560001373291016,42.560001373291016,44.34000015258789,39.220001220703125,40.099998474121094,404200
2021-11-10,40.400001525878906,40.400001525878906,42.0,39.5099983215332,41.0,815000
2021-11-11,40.0,40.0,41.5,36.689998626708984,40.43000030517578,344100
2021-11-12,38.369998931884766,38.369998931884766,39.9900016784668,34.75,38.529998779296875,511100
2021-11-15,37.25,37.25,38.18000030517578,33.599998474121094,38.02000045776367,429800
2021-11-16,37.27000045776367,37.27000045776367,38.40999984741211,35.689998626708984,36.119998931884766,434000
2021-11-17,35.529998779296875,35.529998779296875,37.369998931884766,34.810001373291016,37.20000076293945,360800
2021-11-18,34.7599983215332,34.7599983215332,37.13999938964844,32.0099983215332,35.41999816894531,547700
2021-11-19,36.13999938964844,36.13999938964844,37.689998626708984,34.720001220703125,35.33000183105469,345500
2021-11-22,33.349998474121094,33.349998474121094,36.150001525878906,33.09000015258789,36.13999938964844,391800
2021-11-23,32.400001525878906,32.400001525878906,33.599998474121094,30.1200008392334,33.0,640500
2021-11-24,30.780000686645508,30.780000686645508,32.0,29.25,32.0,331800
2021-11-26,28.6299991607666,28.6299991607666,29.950000762939453,28.40999984741211,29.5,262000
2021-11-29,26.760000228881836,26.760000228881836,29.5,26.635000228881836,28.739999771118164,482300
2021-11-30,26.34000015258789,26.34000015258789,27.420000076293945,25.600000381469727,26.149999618530273,633600
2021-12-01,26.5,26.5,28.90999984741211,25.729999542236328,26.170000076293945,716200
2021-12-02,28.43000030517578,28.43000030517578,28.729999542236328,25.0,26.25,457800
2021-12-03,27.1299991607666,27.1299991607666,28.270000457763672,26.059999465942383,28.270000457763672,495900
2021-12-06,25.860000610351562,25.860000610351562,28.0,24.899999618530273,27.110000610351562,554900
2021-12-07,29.950000762939453,29.950000762939453,31.3799991607666,26.010000228881836,26.40999984741211,611400
2021-12-08,33.38999938964844,33.38999938964844,34.02000045776367,29.049999237060547,29.950000762939453,459300
2021-12-09,30.950000762939453,30.950000762939453,34.0,30.704999923706055,33.38999938964844,450800
2021-12-10,29.170000076293945,29.170000076293945,31.579999923706055,28.610000610351562,31.200000762939453,342700
2021-12-13,31.579999923706055,31.579999923706055,32.880001068115234,28.40999984741211,29.1200008392334,422500
2021-12-14,28.31999969482422,28.31999969482422,31.0,27.600000381469727,30.170000076293945,443300
2021-12-15,28.600000381469727,28.600000381469727,29.0,25.360000610351562,28.40999984741211,585100
2021-12-16,29.799999237060547,29.799999237060547,30.670000076293945,28.229999542236328,28.829999923706055,317700
2021-12-17,32.58000183105469,32.58000183105469,32.900001525878906,27.719999313354492,29.309999465942383,2375900
2021-12-20,32.13999938964844,32.13999938964844,32.65299987792969,29.649999618530273,31.610000610351562,456100
2021-12-21,30.040000915527344,30.040000915527344,33.25,29.219999313354492,32.029998779296875,662200
2021-12-22,31.43000030517578,31.43000030517578,32.439998626708984,29.540000915527344,29.8700008392334,270100
2021-12-23,31.010000228881836,31.010000228881836,31.399999618530273,29.440000534057617,31.399999618530273,429400
2021-12-27,31.020000457763672,31.020000457763672,31.700000762939453,29.3799991607666,30.670000076293945,364200
2021-12-28,27.8799991607666,27.8799991607666,31.5,27.739999771118164,30.760000228881836,377300
2021-12-29,26.850000381469727,26.850000381469727,28.0,26.5,27.600000381469727,368400
2021-12-30,25.920000076293945,25.920000076293945,27.700000762939453,25.520000457763672,26.709999084472656,327400
2021-12-31,25.6299991607666,25.6299991607666,26.940000534057617,25.18000030517578,25.850000381469727,268200
2022-01-03,26.719999313354492,26.719999313354492,26.8799991607666,25.0,25.59000015258789,243200
2022-01-04,25.049999237060547,25.049999237060547,27.040000915527344,24.670000076293945,26.799999237060547,371900
2022-01-05,22.889999389648438,22.889999389648438,25.559999465942383,22.530000686645508,24.850000381469727,387800
2022-01-06,25.229999542236328,25.229999542236328,25.670000076293945,21.889999389648438,24.059999465942383,543400
2022-01-07,23.889999389648438,23.889999389648438,26.239999771118164,23.68000030517578,25.0,342400
2022-01-10,23.469999313354492,23.469999313354492,24.190000534057617,22.530000686645508,23.899999618530273,592300
2022-01-11,22.68000030517578,22.68000030517578,24.700000762939453,22.110000610351562,23.020000457763672,397800
2022-01-12,22.079999923706055,22.079999923706055,22.799999237060547,21.358999252319336,22.670000076293945,454200
2022-01-13,20.770000457763672,20.770000457763672,22.6299991607666,20.469999313354492,22.270000457763672,322900
2022-01-14,22.5,22.5,22.8799991607666,20.399999618530273,20.56999969482422,450700
2022-01-18,20.18000030517578,20.18000030517578,22.125,20.139999389648438,21.829999923706055,454300
2022-01-19,20.170000076293945,20.170000076293945,21.239999771118164,19.079999923706055,20.260000228881836,259000
2022-01-20,19.84000015258789,19.84000015258789,22.209999084472656,19.75,20.610000610351562,434700
2022-01-21,20.06999969482422,20.06999969482422,21.31999969482422,19.097000122070312,19.90999984741211,691700
2022-01-24,20.670000076293945,20.670000076293945,21.0,18.809999465942383,19.079999923706055,690300
2022-01-25,19.729999542236328,19.729999542236328,20.889999389648438,18.6200008392334,20.450000762939453,390500
2022-01-26,17.850000381469727,17.850000381469727,20.479999542236328,17.690000534057617,19.940000534057617,458400
2022-01-27,16.760000228881836,16.760000228881836,18.229999542236328,16.676000595092773,18.010000228881836,431700
2022-01-28,15.75,15.75,17.170000076293945,15.600000381469727,17.170000076293945,937200
2022-01-31,18.670000076293945,18.670000076293945,18.670000076293945,15.649999618530273,15.649999618530273,566000
2022-02-01,17.510000228881836,17.510000228881836,18.649999618530273,17.190000534057617,18.100000381469727,453600
2022-02-02,15.989999771118164,15.989999771118164,17.469999313354492,15.819999694824219,17.469999313354492,515800
2022-02-03,15.609999656677246,15.609999656677246,16.760000228881836,15.100000381469727,15.5600004196167,768100
2022-02-04,15.579999923706055,15.579999923706055,15.970000267028809,15.0,15.970000267028809,456500
2022-02-07,15.770000457763672,15.770000457763672,16.209999084472656,15.460000038146973,15.5600004196167,306200
2022-02-08,15.529999732971191,15.529999732971191,16.0,15.210000038146973,15.979999542236328,223900
2022-02-09,16.270000457763672,16.270000457763672,16.290000915527344,15.5600004196167,15.600000381469727,458300
2022-02-10,15.40999984741211,15.40999984741211,16.889999389648438,15.0,16.690000534057617,575700
2022-02-11,14.510000228881836,14.510000228881836,15.699999809265137,14.319999694824219,15.380000114440918,390000
2022-02-14,14.069999694824219,14.069999694824219,14.75,13.829999923706055,14.729999542236328,263100
2022-02-15,15.199999809265137,15.199999809265137,15.399999618530273,14.095000267028809,14.199999809265137,341900
2022-02-16,15.130000114440918,15.130000114440918,15.239999771118164,14.479999542236328,15.100000381469727,218500
2022-02-17,14.300000190734863,14.300000190734863,15.170000076293945,13.899999618530273,15.0600004196167,355300
2022-02-18,14.4399995803833,14.4399995803833,14.6899995803833,13.850000381469727,14.199999809265137,530400
2022-02-22,14.420000076293945,14.420000076293945,15.510000228881836,14.010000228881836,14.460000038146973,366600
2022-02-23,13.619999885559082,13.619999885559082,14.96500015258789,13.569999694824219,14.430000305175781,349800
2022-02-24,14.75,14.75,14.800000190734863,13.020000457763672,13.119999885559082,535800
2022-02-25,14.75,14.75,14.90999984741211,14.0,14.850000381469727,232500
2022-02-28,14.84000015258789,14.84000015258789,14.949999809265137,13.8100004196167,14.5,324800
2022-03-01,13.40999984741211,13.40999984741211,14.984999656677246,12.805000305175781,14.770000457763672,442200
2022-03-02,13.430000305175781,13.430000305175781,13.75,12.92300033569336,13.420000076293945,201600
2022-03-03,12.890000343322754,12.890000343322754,13.579999923706055,12.489999771118164,13.380000114440918,366200
2022-03-04,12.180000305175781,12.180000305175781,12.880000114440918,12.109999656677246,12.600000381469727,299600
2022-03-07,12.180000305175781,12.180000305175781,12.529999732971191,11.71500015258789,12.130000114440918,332900
2022-03-08,12.180000305175781,12.180000305175781,13.050000190734863,11.470000267028809,12.109999656677246,341300
2022-03-09,12.960000038146973,12.960000038146973,13.119999885559082,11.930000305175781,12.1899995803833,452200
2022-03-10,12.569999694824219,12.569999694824219,12.729999542236328,12.130000114440918,12.369999885559082,207400
2022-03-11,11.949999809265137,11.949999809265137,12.890000343322754,11.899999618530273,12.529999732971191,333300
2022-03-14,11.670000076293945,11.670000076293945,12.329999923706055,11.550000190734863,11.920000076293945,456000
2022-03-15,12.199999809265137,12.199999809265137,12.210000038146973,11.430000305175781,11.609999656677246,213300
2022-03-16,13.979999542236328,13.979999542236328,14.020000457763672,12.329999923706055,12.529999732971191,906400
2022-03-17,14.90999984741211,14.90999984741211,14.90999984741211,13.770000457763672,14.09000015258789,785600
2022-03-18,16.299999237060547,16.299999237060547,16.34000015258789,14.520000457763672,14.520000457763672,1007700
2022-03-21,16.290000915527344,16.290000915527344,17.149999618530273,15.739999771118164,16.059999465942383,996200
2022-03-22,17.149999618530273,17.149999618530273,17.469999313354492,15.489999771118164,16.309999465942383,786800
2022-03-23,16.93000030517578,16.93000030517578,18.05900001525879,16.81999969482422,16.959999084472656,381200
2022-03-24,18.1200008392334,18.1200008392334,18.15999984741211,16.795000076293945,17.040000915527344,344100
2022-03-25,17.5,17.5,18.15999984741211,16.829999923706055,18.15999984741211,340700
2022-03-28,18.059999465942383,18.059999465942383,18.28499984741211,17.450000762939453,17.610000610351562,463600
2022-03-29,17.93000030517578,17.93000030517578,18.739999771118164,17.584999084472656,18.389999389648438,582400
2022-03-30,17.209999084472656,17.209999084472656,18.56999969482422,17.149999618530273,17.799999237060547,338300
2022-03-31,17.059999465942383,17.059999465942383,18.0,17.0,17.360000610351562,327800
2022-04-01,18.170000076293945,18.170000076293945,18.209999084472656,17.079999923706055,17.260000228881836,370900
2022-04-04,18.809999465942383,18.809999465942383,18.915000915527344,17.6299991607666,18.350000381469727,377000
2022-04-05,18.06999969482422,18.06999969482422,19.329999923706055,17.979999542236328,18.649999618530273,476300
2022-04-06,17.979999542236328,17.979999542236328,18.15999984741211,16.989999771118164,17.81999969482422,399600
2022-04-07,17.479999542236328,17.479999542236328,18.18000030517578,17.0,17.760000228881836,313500
2022-04-08,16.780000686645508,16.780000686645508,17.809999465942383,16.434999465942383,17.360000610351562,277800
2022-04-11,15.949999809265137,15.949999809265137,16.6299991607666,15.850000381469727,16.3799991607666,545600
2022-04-12,16.030000686645508,16.030000686645508,16.780000686645508,15.633000373840332,16.280000686645508,291400
2022-04-13,16.84000015258789,16.84000015258789,17.100000381469727,16.020000457763672,16.020000457763672,382300
2022-04-14,16.829999923706055,16.829999923706055,17.350000381469727,16.450000762939453,16.729999542236328,475900
2022-04-18,15.609999656677246,15.609999656677246,17.059999465942383,15.121000289916992,16.93000030517578,426500
2022-04-19,15.859999656677246,15.859999656677246,15.930000305175781,15.194999694824219,15.569999694824219,266200
2022-04-20,16.15999984741211,16.15999984741211,16.540000915527344,15.4399995803833,16.059999465942383,262700
2022-04-21,15.399999618530273,15.399999618530273,16.209999084472656,15.239999771118164,16.209999084472656,406700
2022-04-22,14.989999771118164,14.989999771118164,15.75,14.920000076293945,15.369999885559082,377600
2022-04-25,15.359999656677246,15.359999656677246,15.550000190734863,14.510000228881836,14.850000381469727,352000
2022-04-26,14.079999923706055,14.079999923706055,15.569999694824219,13.979999542236328,15.25,552100
2022-04-27,13.800000190734863,13.800000190734863,14.34000015258789,13.510000228881836,13.729999542236328,470100
2022-04-28,14.25,14.25,14.704999923706055,13.229999542236328,14.149999618530273,440200
2022-04-29,13.460000038146973,13.460000038146973,14.729999542236328,13.449999809265137,13.90999984741211,279100
2022-05-02,14.619999885559082,14.619999885559082,14.729000091552734,13.510000228881836,14.020000457763672,509000
2022-05-03,14.329999923706055,14.329999923706055,14.819999694824219,14.050000190734863,14.5600004196167,262600
2022-05-04,15.140000343322754,15.140000343322754,15.180000305175781,13.579999923706055,14.420000076293945,397800
2022-05-05,14.0,14.0,15.119000434875488,13.529999732971191,15.069999694824219,573400
2022-05-06,13.100000381469727,13.100000381469727,13.9399995803833,12.829999923706055,13.59000015258789,400400
2022-05-09,11.869999885559082,11.869999885559082,13.229999542236328,11.8100004196167,12.760000228881836,622700
2022-05-10,12.510000228881836,12.510000228881836,13.020000457763672,11.770000457763672,12.619999885559082,593600
2022-05-11,10.90999984741211,10.90999984741211,12.6850004196167,10.779999732971191,12.479999542236328,606300
2022-05-12,11.239999771118164,11.239999771118164,11.5600004196167,10.569999694824219,10.680000305175781,634700
2022-05-13,11.920000076293945,11.920000076293945,12.029999732971191,10.744000434875488,11.34000015258789,736300
2022-05-16,11.970000267028809,11.970000267028809,12.279999732971191,11.510000228881836,11.829999923706055,480600
2022-05-17,12.880000114440918,12.880000114440918,13.140000343322754,12.15999984741211,12.359999656677246,639800
2022-05-18,11.369999885559082,11.369999885559082,12.600000381469727,11.020000457763672,12.25,892500
2022-05-19,11.779999732971191,11.779999732971191,11.829999923706055,11.149999618530273,11.34000015258789,549800
2022-05-20,12.350000381469727,12.350000381469727,12.4399995803833,11.300000190734863,11.880000114440918,623300
2022-05-23,12.350000381469727,12.350000381469727,12.770000457763672,12.0600004196167,12.550000190734863,343800
2022-05-24,12.0600004196167,12.0600004196167,12.350000381469727,11.460000038146973,12.100000381469727,496400
2022-05-25,11.520000457763672,11.520000457763672,12.399999618530273,11.40999984741211,12.0,445800
2022-05-26,11.729999542236328,11.729999542236328,12.319999694824219,11.470000267028809,11.5,321400
2022-05-27,12.140000343322754,12.140000343322754,12.40999984741211,11.369999885559082,11.779999732971191,381600
2022-05-31,12.399999618530273,12.399999618530273,12.770000457763672,11.993000030517578,12.140000343322754,634300
2022-06-01,11.850000381469727,11.850000381469727,12.949999809265137,11.640000343322754,12.4399995803833,600800
2022-06-02,11.399999618530273,11.399999618530273,11.890000343322754,11.100000381469727,11.760000228881836,545600
2022-06-03,11.670000076293945,11.670000076293945,12.149999618530273,11.109999656677246,11.220000267028809,704100
2022-06-06,11.65999984741211,11.65999984741211,12.630000114440918,11.279999732971191,12.020000457763672,749700
2022-06-07,13.229999542236328,13.229999542236328,13.319999694824219,11.460000038146973,11.460000038146973,723000
2022-06-08,13.510000228881836,13.510000228881836,14.130000114440918,13.09000015258789,13.09000015258789,425600
2022-06-09,13.220000267028809,13.220000267028809,13.720000267028809,13.109999656677246,13.350000381469727,473900
2022-06-10,11.75,11.75,13.119999885559082,11.625,12.819999694824219,565300
2022-06-13,11.1899995803833,11.1899995803833,11.609999656677246,11.020000457763672,11.149999618530273,768800
2022-06-14,10.710000038146973,10.710000038146973,11.279999732971191,10.369999885559082,11.279999732971191,624100
2022-06-15,10.960000038146973,10.960000038146973,11.140000343322754,10.449999809265137,10.8100004196167,718900
2022-06-16,10.550000190734863,10.550000190734863,10.859999656677246,9.90999984741211,10.449999809265137,818900
2022-06-17,11.979999542236328,11.979999542236328,12.600000381469727,10.649999618530273,10.649999618530273,2678500
2022-06-21,12.5600004196167,12.5600004196167,13.260000228881836,12.319999694824219,12.460000038146973,815400
2022-06-22,13.149999618530273,13.149999618530273,13.600000381469727,12.260000228881836,12.260000228881836,628600
2022-06-23,14.180000305175781,14.180000305175781,14.229999542236328,12.975000381469727,13.229999542236328,642500
2022-06-24,13.739999771118164,13.739999771118164,14.460000038146973,13.289999961853027,14.359999656677246,2169800
2022-06-27,13.600000381469727,13.600000381469727,13.880000114440918,13.239999771118164,13.619999885559082,301900
2022-06-28,13.399999618530273,13.399999618530273,13.819999694824219,13.180000305175781,13.569999694824219,391400
2022-06-29,13.1899995803833,13.1899995803833,13.539999961853027,12.770000457763672,13.270000457763672,292600
2022-06-30,13.199999809265137,13.199999809265137,13.460000038146973,12.539999961853027,12.779999732971191,376600
2022-07-01,13.34000015258789,13.34000015258789,13.600000381469727,12.770000457763672,12.960000038146973,334100
2022-07-05,13.880000114440918,13.880000114440918,14.0600004196167,12.829999923706055,13.0600004196167,451500
2022-07-06,14.069999694824219,14.069999694824219,14.6899995803833,13.75,13.960000038146973,696000
2022-07-07,14.649999618530273,14.649999618530273,15.0600004196167,14.010000228881836,14.119999885559082,637200
2022-07-08,14.869999885559082,14.869999885559082,15.0600004196167,14.430000305175781,14.470000267028809,487300
2022-07-11,12.899999618530273,12.899999618530273,14.970000267028809,12.760000228881836,14.710000038146973,430800
2022-07-12,13.789999961853027,13.789999961853027,13.84000015258789,12.289999961853027,12.880000114440918,504300
2022-07-13,14.520000457763672,14.520000457763672,14.710000038146973,13.319999694824219,13.319999694824219,392800
2022-07-14,13.90999984741211,13.90999984741211,14.420000076293945,13.84000015258789,14.420000076293945,246000
2022-07-15,13.829999923706055,13.829999923706055,14.279999732971191,13.630000114440918,14.279999732971191,221300
2022-07-18,12.5600004196167,12.5600004196167,14.520000457763672,12.510000228881836,14.270000457763672,378500
2022-07-19,13.079999923706055,13.079999923706055,13.489999771118164,12.65999984741211,12.670000076293945,382600
2022-07-20,13.399999618530273,13.399999618530273,13.90999984741211,12.949999809265137,13.34000015258789,421800
2022-07-21,13.350000381469727,13.350000381469727,13.539999961853027,13.09000015258789,13.369999885559082,185200
2022-07-22,13.180000305175781,13.180000305175781,13.354999542236328,12.789999961853027,13.34000015258789,350900
2022-07-25,13.3100004196167,13.3100004196167,13.484999656677246,12.850000381469727,13.34000015258789,246900
2022-07-26,13.350000381469727,13.350000381469727,13.680000305175781,12.640000343322754,13.25,393800
2022-07-27,14.649999618530273,14.649999618530273,14.788999557495117,13.609999656677246,13.609999656677246,507500
2022-07-28,14.569999694824219,14.569999694824219,14.800000190734863,13.880000114440918,14.710000038146973,342900
2022-07-29,14.390000343322754,14.390000343322754,14.4399995803833,13.899999618530273,14.430000305175781,346300
2022-08-01,14.300000190734863,14.300000190734863,14.5,13.979999542236328,14.25,303900
2022-08-02,15.0,15.0,15.069999694824219,14.109999656677246,14.149999618530273,352200
2022-08-03,15.380000114440918,15.380000114440918,16.209999084472656,15.109999656677246,15.15999984741211,548200
2022-08-04,15.989999771118164,15.989999771118164,16.03499984741211,15.130000114440918,15.479999542236328,334000
2022-08-05,16.610000610351562,16.610000610351562,16.709999084472656,15.390000343322754,15.619999885559082,590400
2022-08-08,17.31999969482422,17.31999969482422,17.5,16.799999237060547,16.84000015258789,414400
2022-08-09,16.700000762939453,16.700000762939453,17.15999984741211,16.219999313354492,17.0,289000
2022-08-10,17.219999313354492,17.219999313354492,18.8799991607666,17.030000686645508,17.75,1034200
2022-08-11,16.59000015258789,16.59000015258789,18.010000228881836,16.479999542236328,17.360000610351562,833000
2022-08-12,16.469999313354492,16.469999313354492,17.239999771118164,16.3700008392334,16.84000015258789,566200
2022-08-15,16.5,16.5,16.90999984741211,16.100000381469727,16.270000457763672,589800
2022-08-16,15.960000038146973,15.960000038146973,16.670000076293945,15.760000228881836,16.5,389000
2022-08-17,15.569999694824219,15.569999694824219,16.260000228881836,15.489999771118164,15.75,346300
2022-08-18,15.220000267028809,15.220000267028809,15.65999984741211,14.770000457763672,15.65999984741211,371300
2022-08-19,14.770000457763672,14.770000457763672,15.1899995803833,14.699999809265137,14.920000076293945,216000
2022-08-22,15.350000381469727,15.350000381469727,15.399999618530273,14.359999656677246,14.539999961853027,248300
2022-08-23,15.75,15.75,15.90999984741211,15.234999656677246,15.4399995803833,290600
2022-08-24,17.020000457763672,17.020000457763672,17.18000030517578,15.595000267028809,15.770000457763672,279000
2022-08-25,17.540000915527344,17.540000915527344,17.68000030517578,16.889999389648438,17.239999771118164,453500
2022-08-26,15.25,15.25,17.690000534057617,15.149999618530273,17.690000534057617,402900
2022-08-29,14.989999771118164,14.989999771118164,15.720000267028809,14.835000038146973,15.069999694824219,260000
2022-08-30,14.449999809265137,14.449999809265137,15.75,14.220000267028809,15.100000381469727,275500
2022-08-31,14.729999542236328,14.729999542236328,14.949000358581543,14.40999984741211,14.770000457763672,246800
2022-09-01,15.449999809265137,15.449999809265137,15.539999961853027,14.180000305175781,14.710000038146973,251800
2022-09-02,14.640000343322754,14.640000343322754,15.720000267028809,14.510000228881836,15.720000267028809,228900
2022-09-06,13.899999618530273,13.899999618530273,14.8100004196167,13.829999923706055,14.539999961853027,266300
2022-09-07,14.699999809265137,14.699999809265137,14.8100004196167,14.010000228881836,14.050000190734863,336200
2022-09-08,16.040000915527344,16.040000915527344,16.184999465942383,14.520000457763672,14.520000457763672,360600
2022-09-09,16.010000228881836,16.010000228881836,16.344999313354492,15.895000457763672,16.200000762939453,234400
2022-09-12,15.710000038146973,15.710000038146973,16.010000228881836,15.3100004196167,16.010000228881836,187400
2022-09-13,15.529999732971191,15.529999732971191,15.760000228881836,15.109999656677246,15.109999656677246,346100
2022-09-14,15.579999923706055,15.579999923706055,15.800000190734863,15.25,15.800000190734863,285700
2022-09-15,15.90999984741211,15.90999984741211,16.239999771118164,15.40999984741211,15.479999542236328,298200
2022-09-16,14.430000305175781,14.430000305175781,15.670000076293945,14.130000114440918,15.59000015258789,545100
2022-09-19,14.819999694824219,14.819999694824219,14.989999771118164,14.010000228881836,14.399999618530273,301300
2022-09-20,14.680000305175781,14.680000305175781,14.979999542236328,14.350000381469727,14.670000076293945,197300
2022-09-21,14.199999809265137,14.199999809265137,15.0,14.100000381469727,14.819999694824219,263100
2022-09-22,13.899999618530273,13.899999618530273,14.25,13.5,13.90999984741211,262900
2022-09-23,13.579999923706055,13.579999923706055,13.789999961853027,13.1899995803833,13.789999961853027,259800
2022-09-26,12.869999885559082,12.869999885559082,13.670000076293945,12.760000228881836,13.579999923706055,216600
2022-09-27,13.859999656677246,13.859999656677246,13.9399995803833,13.045000076293945,13.229999542236328,340400
2022-09-28,15.239999771118164,15.239999771118164,15.479999542236328,13.920000076293945,13.920000076293945,412300
2022-09-29,14.0600004196167,14.0600004196167,14.970000267028809,13.930000305175781,14.9399995803833,259700
2022-09-30,14.550000190734863,14.550000190734863,15.199999809265137,14.0,14.0,270900
2022-10-03,14.640000343322754,14.640000343322754,15.0,14.399999618530273,15.0,195800
2022-10-04,15.420000076293945,15.420000076293945,15.430000305175781,14.630000114440918,14.829999923706055,336600
2022-10-05,14.979999542236328,14.979999542236328,15.28499984741211,14.619999885559082,15.140000343322754,653400
2022-10-06,14.609999656677246,14.609999656677246,15.272000312805176,14.520000457763672,14.859999656677246,282200
2022-10-07,14.050000190734863,14.050000190734863,14.979000091552734,14.0,14.270000457763672,279300
2022-10-10,13.649999618530273,13.649999618530273,14.029999732971191,13.260000228881836,13.989999771118164,218700
2022-10-11,14.289999961853027,14.289999961853027,14.819999694824219,13.111000061035156,13.670000076293945,298200
2022-10-12,14.779999732971191,14.779999732971191,15.015000343322754,13.550000190734863,14.40999984741211,268400
2022-10-13,15.279999732971191,15.279999732971191,15.399999618530273,14.239999771118164,14.239999771118164,432700
2022-10-14,14.729999542236328,14.729999542236328,15.630000114440918,14.670000076293945,15.470000267028809,333800
2022-10-17,14.670000076293945,14.670000076293945,15.350000381469727,14.359999656677246,15.039999961853027,274600
2022-10-18,15.020000457763672,15.020000457763672,15.289999961853027,14.710000038146973,15.050000190734863,214500
2022-10-19,14.079999923706055,14.079999923706055,15.329999923706055,13.829999923706055,14.930000305175781,394000
2022-10-20,13.930000305175781,13.930000305175781,14.59000015258789,13.819999694824219,14.09000015258789,172800
2022-10-21,14.850000381469727,14.850000381469727,14.949999809265137,13.819999694824219,14.0600004196167,301600
2022-10-24,14.829999923706055,14.829999923706055,15.0,14.15999984741211,14.850000381469727,158300
2022-10-25,14.795000076293945,14.795000076293945,15.3100004196167,14.75,14.9399995803833,258500
2022-10-26,15.449999809265137,15.449999809265137,15.640000343322754,14.850000381469727,14.850000381469727,989600
2022-10-27,15.479999542236328,15.479999542236328,16.1299991607666,15.0600004196167,15.670000076293945,575400
2022-10-28,15.239999771118164,15.239999771118164,15.649999618530273,14.800000190734863,15.649999618530273,353600
2022-10-31,15.880000114440918,15.880000114440918,16.260000228881836,15.350000381469727,15.5,583800
2022-11-01,15.789999961853027,15.789999961853027,16.170000076293945,15.5649995803833,16.1299991607666,394400
2022-11-02,15.609999656677246,15.609999656677246,16.709999084472656,15.4399995803833,15.829999923706055,525600
2022-11-03,15.34000015258789,15.34000015258789,16.049999237060547,15.01099967956543,15.289999961853027,203400
2022-11-04,15.510000228881836,15.510000228881836,15.619999885559082,15.095000267028809,15.609999656677246,303800
2022-11-07,15.1899995803833,15.1899995803833,16.0,15.170000076293945,15.510000228881836,274500
2022-11-08,16.219999313354492,16.219999313354492,16.65999984741211,15.460000038146973,15.510000228881836,578700
2022-11-09,15.670000076293945,15.670000076293945,16.219999313354492,15.569999694824219,16.219999313354492,276900
2022-11-10,17.0,17.0,17.559999465942383,16.200000762939453,16.200000762939453,738100
2022-11-11,16.700000762939453,16.700000762939453,17.424999237060547,16.5,17.100000381469727,520800
2022-11-14,16.93000030517578,16.93000030517578,17.358999252319336,16.18000030517578,16.489999771118164,404400
2022-11-15,16.8700008392334,16.8700008392334,17.53499984741211,16.496000289916992,17.350000381469727,307600
2022-11-16,16.110000610351562,16.110000610351562,17.040000915527344,15.920000076293945,16.719999313354492,318800
2022-11-17,15.979999542236328,15.979999542236328,16.03499984741211,15.550000190734863,15.899999618530273,171500
2022-11-18,15.680000305175781,15.680000305175781,16.389999389648438,15.390000343322754,16.389999389648438,260000
2022-11-21,14.0,14.0,15.579999923706055,13.399999618530273,15.260000228881836,708500
2022-11-22,15.399999618530273,15.399999618530273,15.529999732971191,13.774999618530273,14.050000190734863,484900
2022-11-23,15.569999694824219,15.569999694824219,16.149999618530273,15.220000267028809,15.399999618530273,481100
2022-11-25,15.880000114440918,15.880000114440918,15.9399995803833,15.4399995803833,15.529999732971191,117700
2022-11-28,15.170000076293945,15.170000076293945,16.149999618530273,15.0,15.819999694824219,339200
2022-11-29,14.989999771118164,14.989999771118164,15.949999809265137,14.800000190734863,15.100000381469727,285400
2022-11-30,15.670000076293945,15.670000076293945,15.739999771118164,15.010000228881836,15.210000038146973,613400
2022-12-01,15.279999732971191,15.279999732971191,15.9399995803833,14.920000076293945,15.779999732971191,273600
2022-12-02,16.040000915527344,16.040000915527344,16.170000076293945,14.829999923706055,15.130000114440918,312600
2022-12-05,15.359999656677246,15.359999656677246,16.010000228881836,14.960000038146973,16.010000228881836,353500
2022-12-06,14.930000305175781,14.930000305175781,15.305000305175781,14.699999809265137,15.119999885559082,316200
2022-12-07,14.399999618530273,14.399999618530273,15.039999961853027,14.369999885559082,14.640000343322754,386400
2022-12-08,14.449999809265137,14.449999809265137,14.649999618530273,13.899999618530273,14.4399995803833,247600
2022-12-09,13.59000015258789,13.59000015258789,14.425000190734863,13.470000267028809,14.350000381469727,501300
2022-12-12,12.710000038146973,12.710000038146973,13.609999656677246,12.350000381469727,13.609999656677246,729100
2022-12-13,12.5,12.5,13.5,12.25,13.130000114440918,533200
2022-12-14,12.300000190734863,12.300000190734863,12.6850004196167,12.119999885559082,12.489999771118164,486900
2022-12-15,11.15999984741211,11.15999984741211,12.170000076293945,10.829999923706055,12.109999656677246,690900
2022-12-16,10.739999771118164,10.739999771118164,11.199999809265137,10.631999969482422,10.880000114440918,1285300
2022-12-19,10.3100004196167,10.3100004196167,11.239999771118164,10.114999771118164,10.779999732971191,530100
2022-12-20,10.0,10.0,10.35099983215332,9.744999885559082,10.239999771118164,629600
2022-12-21,9.029999732971191,9.029999732971191,10.100000381469727,8.829999923706055,10.100000381469727,1365500
2022-12-22,9.369999885559082,9.369999885559082,9.380000114440918,8.649999618530273,9.109999656677246,706100
2022-12-23,9.029999732971191,9.029999732971191,9.479999542236328,8.930000305175781,9.3100004196167,330000
2022-12-27,8.59000015258789,8.59000015258789,9.100000381469727,8.539999961853027,9.020000457763672,408400
2022-12-28,8.569999694824219,8.569999694824219,8.739999771118164,8.4399995803833,8.59000015258789,353000
2022-12-29,8.960000038146973,8.960000038146973,9.119999885559082,8.619999885559082,8.680000305175781,437900
2022-12-30,9.369999885559082,9.369999885559082,9.40999984741211,8.670000076293945,8.84000015258789,503900
2023-01-03,9.289999961853027,9.289999961853027,9.579999923706055,9.100000381469727,9.380000114440918,343600
2023-01-04,9.710000038146973,9.710000038146973,10.029999732971191,9.229999542236328,9.350000381469727,405500
2023-01-05,9.630000114440918,9.630000114440918,9.720000267028809,9.449999809265137,9.65999984741211,277900
2023-01-06,9.989999771118164,9.989999771118164,10.651000022888184,9.550000190734863,10.489999771118164,657600
2023-01-09,10.319999694824219,10.319999694824219,10.75,9.979999542236328,10.270000457763672,1867400
2023-01-10,10.6899995803833,10.6899995803833,10.760000228881836,10.225000381469727,10.420000076293945,995000
2023-01-11,10.369999885559082,10.369999885559082,10.829999923706055,10.260000228881836,10.680000305175781,543300
2023-01-12,10.529999732971191,10.529999732971191,10.65999984741211,10.25,10.460000038146973,536700
2023-01-13,10.390000343322754,10.390000343322754,10.609999656677246,10.119999885559082,10.430000305175781,513500
2023-01-17,10.25,10.25,10.5,10.069999694824219,10.40999984741211,347700
2023-01-18,9.75,9.75,10.529999732971191,9.6899995803833,10.279999732971191,337100
2023-01-19,9.760000228881836,9.760000228881836,10.0,9.5,9.720000267028809,337800
2023-01-20,11.039999961853027,11.039999961853027,11.069999694824219,9.880000114440918,9.949999809265137,457000
2023-01-23,11.430000305175781,11.430000305175781,11.520000457763672,10.96500015258789,11.029999732971191,605400
2023-01-24,12.210000038146973,12.210000038146973,12.531000137329102,11.350000381469727,11.430000305175781,886900
2023-01-25,12.739999771118164,12.739999771118164,12.75,11.829999923706055,11.890000343322754,612400
2023-01-26,12.880000114440918,12.880000114440918,13.5,12.550000190734863,12.850000381469727,785000
2023-01-27,13.25,13.25,13.300000190734863,12.640000343322754,12.850000381469727,814400
2023-01-30,12.84000015258789,12.84000015258789,13.489999771118164,12.510000228881836,13.039999961853027,673900
2023-01-31,13.600000381469727,13.600000381469727,13.720000267028809,12.729999542236328,12.920000076293945,565900
2023-02-01,13.199999809265137,13.199999809265137,13.920000076293945,13.0600004196167,13.920000076293945,957500
2023-02-02,13.989999771118164,13.989999771118164,14.3100004196167,13.444000244140625,13.550000190734863,617100
2023-02-03,14.130000114440918,14.130000114440918,14.520000457763672,13.65999984741211,13.65999984741211,723000
2023-02-06,14.979999542236328,14.979999542236328,15.25,14.15999984741211,14.15999984741211,681800
2023-02-07,13.890000343322754,13.890000343322754,14.770000457763672,13.479999542236328,14.699999809265137,802400
2023-02-08,13.65999984741211,13.65999984741211,14.1899995803833,13.609999656677246,13.899999618530273,518700
2023-02-09,13.050000190734863,13.050000190734863,13.774999618530273,13.0,13.710000038146973,474700
2023-02-10,12.850000381469727,12.850000381469727,14.40999984741211,11.710000038146973,12.949999809265137,1853800
2023-02-13,12.699999809265137,12.699999809265137,12.979999542236328,12.25,12.75,1014300
2023-02-14,12.890000343322754,12.890000343322754,13.029999732971191,12.350000381469727,12.539999961853027,963900
2023-02-15,12.920000076293945,12.920000076293945,13.010000228881836,12.670000076293945,12.859999656677246,645600
2023-02-16,12.579999923706055,12.579999923706055,12.930000305175781,12.279999732971191,12.640000343322754,809600
2023-02-17,13.6899995803833,13.6899995803833,13.710000038146973,12.510000228881836,12.640000343322754,697500
2023-02-21,12.720000267028809,12.720000267028809,13.5,12.579999923706055,13.40999984741211,596300
2023-02-22,12.979999542236328,12.979999542236328,13.005000114440918,12.5600004196167,12.699999809265137,414400
2023-02-23,13.1899995803833,13.1899995803833,13.319999694824219,12.850000381469727,13.079999923706055,370700
2023-02-24,13.1899995803833,13.1899995803833,13.399999618530273,12.9399995803833,13.109999656677246,542300
2023-02-27,13.739999771118164,13.739999771118164,13.789999961853027,13.244999885559082,13.350000381469727,367900
2023-02-28,13.489999771118164,13.489999771118164,13.970000267028809,13.142000198364258,13.670000076293945,361600
2023-03-01,11.010000228881836,11.010000228881836,11.600000381469727,10.729999542236328,11.225000381469727,4455100
2023-03-02,11.100000381469727,11.100000381469727,11.34000015258789,10.619999885559082,10.960000038146973,1647600
2023-03-03,11.5600004196167,11.5600004196167,11.59000015258789,10.880000114440918,10.970000267028809,696200
2023-03-06,11.050000190734863,11.050000190734863,11.729999542236328,10.84000015258789,11.609999656677246,1210300
2023-03-07,10.90999984741211,10.90999984741211,11.210000038146973,10.829999923706055,11.039999961853027,935700
2023-03-08,10.789999961853027,10.789999961853027,10.970000267028809,10.699999809265137,10.850000381469727,927200
2023-03-09,10.710000038146973,10.710000038146973,11.239999771118164,10.5,10.800000190734863,632700
2023-03-10,10.180000305175781,10.180000305175781,10.6899995803833,9.880000114440918,10.6899995803833,1837200
2023-03-13,10.350000381469727,10.350000381469727,10.65999984741211,9.770000457763672,10.079999923706055,1008900
2023-03-14,10.329999923706055,10.329999923706055,10.779999732971191,10.15999984741211,10.609999656677246,890000
2023-03-15,10.170000076293945,10.170000076293945,10.329999923706055,9.970000267028809,10.149999618530273,626600
2023-03-16,9.819999694824219,9.819999694824219,10.020000457763672,9.760000228881836,10.020000457763672,1016700
2023-03-17,10.0,10.0,10.25,9.5,10.145000457763672,2831000
2023-03-20,9.649999618530273,9.649999618530273,10.020000457763672,9.329999923706055,9.869999885559082,1053500
2023-03-21,9.90999984741211,9.90999984741211,10.010000228881836,9.600000381469727,9.699999809265137,507000
2023-03-22,9.34000015258789,9.34000015258789,9.920000076293945,9.329999923706055,9.819999694824219,970800
2023-03-23,9.489999771118164,9.489999771118164,9.600000381469727,9.270000457763672,9.470000267028809,736100
2023-03-24,9.239999771118164,9.239999771118164,9.529999732971191,9.050000190734863,9.399999618530273,1189500
2023-03-27,9.449999809265137,9.449999809265137,9.880000114440918,9.329999923706055,9.329999923706055,501800
2023-03-28,9.210000038146973,9.210000038146973,9.569999694824219,9.210000038146973,9.34000015258789,374200
2023-03-29,9.979999542236328,9.979999542236328,9.989999771118164,9.130000114440918,9.25,554300
2023-03-30,9.880000114440918,9.880000114440918,10.149999618530273,9.789999961853027,10.039999961853027,707300
2023-03-31,10.199999809265137,10.199999809265137,10.380000114440918,9.880000114440918,9.960000038146973,973400
2023-04-03,10.180000305175781,10.180000305175781,10.350000381469727,9.979999542236328,10.109999656677246,518700
2023-04-04,10.020000457763672,10.020000457763672,10.279999732971191,9.880000114440918,10.279999732971191,1029300
2023-04-05,9.9399995803833,9.9399995803833,10.109999656677246,9.869999885559082,9.930000305175781,668600
2023-04-06,10.020000457763672,10.020000457763672,10.229999542236328,9.77299976348877,9.960000038146973,717800
2023-04-10,9.380000114440918,9.380000114440918,10.010000228881836,9.350000381469727,9.869999885559082,622900
2023-04-11,9.0600004196167,9.0600004196167,9.470000267028809,9.0,9.350000381469727,779000
2023-04-12,8.869999885559082,8.869999885559082,9.1899995803833,8.779999732971191,9.15999984741211,716400
2023-04-13,9.649999618530273,9.649999618530273,9.979999542236328,8.930000305175781,8.960000038146973,1262900
2023-04-14,9.319999694824219,9.319999694824219,9.699999809265137,9.010000228881836,9.579999923706055,546800
2023-04-17,9.520000457763672,9.520000457763672,9.819999694824219,9.350000381469727,9.350000381469727,775100
2023-04-18,9.0600004196167,9.0600004196167,9.6899995803833,8.880000114440918,9.609999656677246,543600
2023-04-19,8.869999885559082,8.869999885559082,9.170000076293945,8.619999885559082,8.930000305175781,1082700
2023-04-20,8.539999961853027,8.539999961853027,8.859999656677246,8.520000457763672,8.729999542236328,638900
2023-04-21,8.5600004196167,8.5600004196167,8.600000381469727,8.329999923706055,8.529999732971191,1074500
2023-04-24,8.460000038146973,8.460000038146973,8.694999694824219,8.25,8.550000190734863,770800
2023-04-25,8.579999923706055,8.579999923706055,8.609999656677246,8.289999961853027,8.369999885559082,600600
2023-04-26,8.449999809265137,8.449999809265137,8.819999694824219,8.34000015258789,8.600000381469727,564700
2023-04-27,8.989999771118164,8.989999771118164,9.239999771118164,8.449999809265137,8.510000228881836,1093800
2023-04-28,9.510000228881836,9.510000228881836,9.720000267028809,8.899999618530273,8.979999542236328,556300
2023-05-01,10.300000190734863,10.300000190734863,10.359999656677246,9.550000190734863,9.550000190734863,688100
2023-05-02,10.180000305175781,10.180000305175781,10.760000228881836,10.029999732971191,10.319999694824219,1202900
2023-05-03,10.050000190734863,10.050000190734863,10.479999542236328,9.800000190734863,10.479999542236328,1374800
2023-05-04,11.510000228881836,11.510000228881836,11.760000228881836,9.859999656677246,10.050000190734863,2784400
2023-05-05,11.430000305175781,11.430000305175781,12.005000114440918,11.34000015258789,11.539999961853027,966300
2023-05-08,11.300000190734863,11.300000190734863,11.649999618530273,11.109999656677246,11.489999771118164,473500
2023-05-09,11.329999923706055,11.329999923706055,11.5,11.15999984741211,11.239999771118164,764800
2023-05-10,11.789999961853027,11.789999961853027,11.829999923706055,11.279999732971191,11.420000076293945,804100
2023-05-11,11.779999732971191,11.779999732971191,11.932000160217285,11.40999984741211,11.75,495300
2023-05-12,11.420000076293945,11.420000076293945,11.899999618530273,11.270000457763672,11.869999885559082,476600
2023-05-15,11.640000343322754,11.640000343322754,11.930000305175781,11.399999618530273,11.420000076293945,490500
2023-05-16,11.029999732971191,11.029999732971191,11.5,10.989999771118164,11.5,412600
2023-05-17,11.4399995803833,11.4399995803833,11.46500015258789,10.829999923706055,11.0600004196167,550500
2023-05-18,11.100000381469727,11.100000381469727,11.470000267028809,10.739999771118164,11.390000343322754,470800
2023-05-19,11.420000076293945,11.420000076293945,11.619999885559082,11.239999771118164,11.239999771118164,507300
2023-05-22,11.539999961853027,11.539999961853027,11.654000282287598,11.21500015258789,11.510000228881836,592700
2023-05-23,12.010000228881836,12.010000228881836,12.414999961853027,11.460000038146973,11.539999961853027,1695100
2023-05-24,11.949999809265137,11.949999809265137,12.069999694824219,11.579999923706055,11.850000381469727,479300
2023-05-25,11.420000076293945,11.420000076293945,12.140000343322754,11.319999694824219,12.069999694824219,559500
2023-05-26,11.979999542236328,11.979999542236328,12.140000343322754,11.430000305175781,11.59000015258789,1286500
2023-05-30,11.930000305175781,11.930000305175781,12.34000015258789,11.65999984741211,12.010000228881836,741200
2023-05-31,11.90999984741211,11.90999984741211,12.359999656677246,11.729999542236328,11.949999809265137,627800
2023-06-01,12.079999923706055,12.079999923706055,12.180000305175781,11.72599983215332,11.970000267028809,379400
2023-06-02,12.149999618530273,12.149999618530273,12.350000381469727,11.920000076293945,12.210000038146973,747200
2023-06-05,11.779999732971191,11.779999732971191,12.449999809265137,11.779999732971191,12.079999923706055,569000
2023-06-06,11.859999656677246,11.859999656677246,12.100000381469727,11.6899995803833,11.800000190734863,488400
2023-06-07,12.109999656677246,12.109999656677246,12.199999809265137,11.770000457763672,11.880000114440918,425000
2023-06-08,12.479999542236328,12.479999542236328,12.5600004196167,11.9399995803833,12.09000015258789,532900
2023-06-09,12.390000343322754,12.390000343322754,12.6899995803833,12.225000381469727,12.609999656677246,570500
2023-06-12,12.1899995803833,12.1899995803833,12.668999671936035,12.119999885559082,12.470000267028809,420000
2023-06-13,11.8100004196167,11.8100004196167,12.449999809265137,11.779999732971191,12.270000457763672,674800
2023-06-14,10.75,10.75,11.100000381469727,10.0,10.989999771118164,3006500
2023-06-15,10.739999771118164,10.739999771118164,10.829999923706055,10.479999542236328,10.720000267028809,914500
2023-06-16,10.210000038146973,10.210000038146973,10.890000343322754,10.100000381469727,10.890000343322754,1850500
2023-06-20,10.1899995803833,10.1899995803833,10.329999923706055,9.880000114440918,10.170000076293945,866700
2023-06-21,10.210000038146973,10.210000038146973,10.359999656677246,9.84000015258789,10.119999885559082,858600
2023-06-22,10.229999542236328,10.229999542236328,10.399999618530273,10.010000228881836,10.199999809265137,484500
2023-06-23,10.0,10.0,10.210000038146973,9.765000343322754,10.100000381469727,2576700
2023-06-26,9.859999656677246,9.859999656677246,10.0600004196167,9.800000190734863,9.970000267028809,373900
2023-06-27,9.949999809265137,9.949999809265137,10.170000076293945,9.760000228881836,9.899999618530273,550800
2023-06-28,9.899999618530273,9.899999618530273,9.930000305175781,9.46500015258789,9.930000305175781,834000
2023-06-29,9.979999542236328,9.979999542236328,10.09000015258789,9.8149995803833,9.890000343322754,459900
2023-06-30,10.119999885559082,10.119999885559082,10.279999732971191,10.0,10.109999656677246,447200
2023-07-03,10.039999961853027,10.039999961853027,10.270000457763672,9.8100004196167,10.140000343322754,342900
2023-07-05,10.260000228881836,10.260000228881836,10.380000114440918,9.899999618530273,10.050000190734863,278400
2023-07-06,10.430000305175781,10.430000305175781,10.479999542236328,9.90999984741211,10.119999885559082,304000
2023-07-07,10.699999809265137,10.699999809265137,10.90999984741211,10.4350004196167,10.470000267028809,318600
2023-07-10,11.199999809265137,11.199999809265137,11.21500015258789,10.680000305175781,10.680000305175781,493900
2023-07-11,10.819999694824219,10.819999694824219,11.15999984741211,10.680000305175781,11.15999984741211,319500
2023-07-12,10.979999542236328,10.979999542236328,11.289999961853027,10.899999618530273,10.989999771118164,375200
2023-07-13,10.600000381469727,10.600000381469727,11.100000381469727,10.59000015258789,11.029999732971191,368500
2023-07-14,10.279999732971191,10.279999732971191,10.649999618530273,10.119999885559082,10.649999618530273,356000
2023-07-17,10.34000015258789,10.34000015258789,10.699999809265137,10.25,10.289999961853027,400500
2023-07-18,10.5,10.5,10.800000190734863,10.300000190734863,10.399999618530273,423800
2023-07-19,10.5,10.5,10.890000343322754,10.430000305175781,10.5600004196167,343200
2023-07-20,10.489999771118164,10.489999771118164,10.770000457763672,10.40999984741211,10.470000267028809,447900
2023-07-21,10.4399995803833,10.4399995803833,10.817999839782715,10.369999885559082,10.489999771118164,674900
2023-07-24,9.829999923706055,9.829999923706055,10.579999923706055,9.770000457763672,10.449999809265137,642600
2023-07-25,9.819999694824219,9.819999694824219,9.899999618530273,9.550000190734863,9.8100004196167,479100
2023-07-26,9.460000038146973,9.460000038146973,10.020000457763672,9.399999618530273,9.880000114440918,698400
2023-07-27,8.1899995803833,8.1899995803833,8.949999809265137,8.039999961853027,8.949999809265137,3162600
2023-07-28,7.820000171661377,7.820000171661377,8.050000190734863,7.460000038146973,7.960000038146973,2497000
2023-07-31,7.590000152587891,7.590000152587891,8.079999923706055,7.510000228881836,7.869999885559082,1283400
2023-08-01,6.940000057220459,6.940000057220459,7.639999866485596,6.760000228881836,7.590000152587891,4032400
2023-08-02,6.449999809265137,6.449999809265137,7.039999961853027,6.4029998779296875,6.949999809265137,1571300
2023-08-03,6.150000095367432,6.150000095367432,6.5,6.059999942779541,6.5,1995900
2023-08-04,6.079999923706055,6.079999923706055,6.465000152587891,6.050000190734863,6.369999885559082,630100
2023-08-07,6.050000190734863,6.050000190734863,6.070000171661377,5.78000020980835,6.070000171661377,899200
2023-08-08,5.789999961853027,5.789999961853027,6.090000152587891,5.730000019073486,6.050000190734863,986500
2023-08-09,5.820000171661377,5.820000171661377,5.909999847412109,5.644999980926514,5.78000020980835,1197800
2023-08-10,5.980000019073486,5.980000019073486,5.989999771118164,5.75,5.849999904632568,1794400
2023-08-11,5.949999809265137,5.949999809265137,6.28000020980835,5.889999866485596,5.96999979019165,1163700
2023-08-14,6.03000020980835,6.03000020980835,6.459000110626221,5.440000057220459,6.440000057220459,1761100
2023-08-15,6.329999923706055,6.329999923706055,6.789999961853027,6.210000038146973,6.449999809265137,2775600
2023-08-16,5.724999904632568,5.724999904632568,6.369999885559082,5.710000038146973,6.329999923706055,1193000
2023-08-17,5.619999885559082,5.619999885559082,6.03000020980835,5.550000190734863,5.929999828338623,1171600
2023-08-18,5.559999942779541,5.559999942779541,5.739999771118164,5.510000228881836,5.53000020980835,806100
2023-08-21,5.840000152587891,5.840000152587891,5.994999885559082,5.369999885559082,5.75,1464300
2023-08-22,5.510000228881836,5.510000228881836,6.0,5.449999809265137,5.949999809265137,1140500
2023-08-23,5.409999847412109,5.409999847412109,5.760000228881836,5.369999885559082,5.650000095367432,1168400
2023-08-24,5.46999979019165,5.46999979019165,5.579999923706055,5.349999904632568,5.389999866485596,807100
2023-08-25,5.5,5.5,5.539999961853027,5.260000228881836,5.46999979019165,829800
2023-08-28,5.420000076293945,5.420000076293945,5.590000152587891,5.255000114440918,5.510000228881836,869100
2023-08-29,5.5,5.5,5.545000076293945,5.329999923706055,5.400000095367432,797800
2023-08-30,5.369999885559082,5.369999885559082,5.579999923706055,5.28000020980835,5.550000190734863,1498700
2023-08-31,5.190000057220459,5.190000057220459,5.400000095367432,5.179999828338623,5.360000133514404,831500
2023-09-01,5.170000076293945,5.170000076293945,5.380000114440918,5.139999866485596,5.21999979019165,775200
2023-09-05,4.940000057220459,4.940000057220459,5.199999809265137,4.809999942779541,5.150000095367432,1298200
2023-09-06,4.840000152587891,4.840000152587891,5.0,4.760000228881836,4.960000038146973,902100
2023-09-07,4.699999809265137,4.699999809265137,4.800000190734863,4.465000152587891,4.800000190734863,2017800
2023-09-08,4.699999809265137,4.699999809265137,4.909999847412109,4.559999942779541,4.690000057220459,1454600
2023-09-11,4.380000114440918,4.380000114440918,4.670000076293945,4.34499979019165,4.670000076293945,1131700
2023-09-12,4.159999847412109,4.159999847412109,4.599999904632568,4.099999904632568,4.599999904632568,2077600
2023-09-13,3.7699999809265137,3.7699999809265137,4.090000152587891,3.690000057220459,3.9700000286102295,1936900
2023-09-14,3.619999885559082,3.619999885559082,3.809999942779541,3.5399999618530273,3.809999942779541,1742300
2023-09-15,4.050000190734863,4.050000190734863,4.170000076293945,3.609999895095825,3.619999885559082,7032500
2023-09-18,3.7200000286102295,3.7200000286102295,4.260000228881836,3.640000104904175,4.070000171661377,1040500
2023-09-19,3.509999990463257,3.509999990463257,3.759999990463257,3.4800000190734863,3.7300000190734863,674200
2023-09-20,3.430000066757202,3.430000066757202,3.640000104904175,3.4200000762939453,3.5299999713897705,1196500
2023-09-21,3.140000104904175,3.140000104904175,3.484999895095825,3.140000104904175,3.4700000286102295,1286000
2023-09-22,3.1500000953674316,3.1500000953674316,3.244999885559082,3.009999990463257,3.1500000953674316,1231500
2023-09-25,3.2300000190734863,3.2300000190734863,3.2899999618530273,3.069999933242798,3.1600000858306885,1362300
2023-09-26,3.450000047683716,3.450000047683716,3.5199999809265137,3.299999952316284,3.4200000762939453,2569500
2023-09-27,3.559999942779541,3.559999942779541,3.680000066757202,3.4100000858306885,3.450000047683716,3917800
2023-09-28,3.7799999713897705,3.7799999713897705,3.8450000286102295,3.5199999809265137,3.5299999713897705,1284500
2023-09-29,3.9200000762939453,3.9200000762939453,3.9600000381469727,3.759999990463257,3.7899999618530273,1243600
2023-10-02,3.9700000286102295,3.9700000286102295,3.990000009536743,3.805000066757202,3.890000104904175,2424200
2023-10-03,4.059999942779541,4.059999942779541,4.09499979019165,3.7200000286102295,3.9100000858306885,1091100
2023-10-04,4.059999942779541,4.059999942779541,4.429999828338623,3.950000047683716,4.059999942779541,1397700
2023-10-05,4.150000095367432,4.150000095367432,4.179999828338623,3.9200000762939453,4.03000020980835,642300
2023-10-06,4.0,4.0,4.139999866485596,3.8299999237060547,4.139999866485596,1216300
2023-10-09,4.199999809265137,4.199999809265137,4.210000038146973,3.9100000858306885,3.9800000190734863,736200
2023-10-10,4.489999771118164,4.489999771118164,4.525000095367432,4.139999866485596,4.170000076293945,937400
2023-10-11,4.440000057220459,4.440000057220459,4.610000133514404,4.28000020980835,4.460000038146973,2067500
2023-10-12,4.28000020980835,4.28000020980835,4.625,4.244999885559082,4.599999904632568,2474700
2023-10-13,4.420000076293945,4.420000076293945,4.449999809265137,4.230000019073486,4.28000020980835,685200
2023-10-16,4.289999961853027,4.289999961853027,4.510000228881836,4.190000057220459,4.429999828338623,502600
2023-10-17,4.110000133514404,4.110000133514404,4.480000019073486,4.019999980926514,4.239999771118164,3106800
2023-10-18,4.0,4.0,4.289999961853027,3.924999952316284,4.090000152587891,6277000
2023-10-19,3.819999933242798,3.819999933242798,4.03000020980835,3.809999942779541,3.9800000190734863,1016300
2023-10-20,3.759999990463257,3.759999990463257,4.025000095367432,3.674999952316284,3.809999942779541,1331900
2023-10-23,3.740000009536743,3.740000009536743,3.7799999713897705,3.5799999237060547,3.75,1044500
2023-10-24,3.7300000190734863,3.7300000190734863,3.884999990463257,3.6700000762939453,3.75,895300
2023-10-25,3.5399999618530273,3.5399999618530273,3.7200000286102295,3.505000114440918,3.559999942779541,1155200
2023-10-26,2.549999952316284,2.549999952316284,3.2899999618530273,2.4749999046325684,3.140000104904175,4268300
2023-10-27,2.1500000953674316,2.1500000953674316,2.5299999713897705,2.049999952316284,2.4600000381469727,5334500
2023-10-30,2.259999990463257,2.259999990463257,2.325000047683716,1.8550000190734863,2.109999895095825,3846300
2023-10-31,2.440000057220459,2.440000057220459,2.5,2.200000047683716,2.2799999713897705,1331600
2023-11-01,2.3299999237060547,2.3299999237060547,2.490000009536743,2.299999952316284,2.430000066757202,776700
2023-11-02,2.319999933242798,2.319999933242798,2.4600000381469727,2.2799999713897705,2.3499999046325684,1126400
2023-11-03,2.5,2.5,2.744999885559082,2.359999895095825,2.4200000762939453,1912400
2023-11-06,2.4700000286102295,2.4700000286102295,2.694999933242798,2.4700000286102295,2.5,2092600
2023-11-07,2.5399999618530273,2.5399999618530273,2.640000104904175,2.2200000286102295,2.5399999618530273,1419500
2023-11-08,2.390000104904175,2.390000104904175,2.5999999046325684,2.3550000190734863,2.450000047683716,540800
2023-11-09,2.259999990463257,2.259999990463257,2.375,2.194999933242798,2.299999952316284,662500
2023-11-10,2.180000066757202,2.180000066757202,2.319999933242798,2.1600000858306885,2.319999933242798,1044200
2023-11-13,2.259999990463257,2.259999990463257,2.2699999809265137,2.009999990463257,2.180000066757202,885100
2023-11-14,2.2799999713897705,2.2799999713897705,2.6500000953674316,1.8890000581741333,2.1500000953674316,1898500
2023-11-15,2.3299999237060547,2.3299999237060547,2.5,2.259999990463257,2.2799999713897705,1147600
2023-11-16,2.115000009536743,2.115000009536743,2.380000114440918,2.069999933242798,2.380000114440918,1870800
2023-11-17,2.130000114440918,2.130000114440918,2.309999942779541,2.0450000762939453,2.2100000381469727,1249500
2023-11-20,1.7400000095367432,1.7400000095367432,1.899999976158142,1.649999976158142,1.8799999952316284,8180200
2023-11-21,1.5700000524520874,1.5700000524520874,1.75,1.5499999523162842,1.75,1787600
2023-11-22,1.7400000095367432,1.7400000095367432,1.7400000095367432,1.534999966621399,1.6200000047683716,3247800
2023-11-24,1.7699999809265137,1.7699999809265137,1.8949999809265137,1.6799999475479126,1.690000057220459,923200
2023-11-27,1.8200000524520874,1.8200000524520874,1.8899999856948853,1.7300000190734863,1.7799999713897705,5599400
2023-11-28,1.8799999952316284,1.8799999952316284,1.9199999570846558,1.75,1.899999976158142,1235700
2023-11-29,1.9199999570846558,1.9199999570846558,2.0850000381469727,1.8899999856948853,1.9500000476837158,826300
2023-11-30,1.8300000429153442,1.8300000429153442,2.0160000324249268,1.8200000524520874,1.9500000476837158,1542100
2023-12-01,1.940000057220459,1.940000057220459,1.9500000476837158,1.6749999523162842,1.8300000429153442,775100
2023-12-04,2.059999942779541,2.059999942779541,2.2100000381469727,1.9199999570846558,1.940000057220459,1681700
2023-12-05,2.1500000953674316,2.1500000953674316,2.2049999237060547,2.0230000019073486,2.049999952316284,1312700
2023-12-06,2.3499999046325684,2.3499999046325684,2.4600000381469727,2.1500000953674316,2.1600000858306885,1864200
2023-12-07,2.6500000953674316,2.6500000953674316,2.694999933242798,2.2899999618530273,2.359999895095825,2114800
2023-12-08,3.0999999046325684,3.0999999046325684,3.115000009536743,2.5999999046325684,2.6500000953674316,6412500
2023-12-11,3.2300000190734863,3.2300000190734863,3.240000009536743,2.7799999713897705,3.009999990463257,5314000
2023-12-12,3.25,3.25,3.390000104904175,2.865000009536743,3.0999999046325684,3670200
2023-12-13,3.299999952316284,3.299999952316284,3.319999933242798,2.9800000190734863,3.200000047683716,1856500
2023-12-14,3.559999942779541,3.559999942779541,3.630000114440918,3.2750000953674316,3.3499999046325684,1819500
2023-12-15,3.740000009536743,3.740000009536743,3.7799999713897705,3.4730000495910645,3.619999885559082,2804100
2023-12-18,3.4600000381469727,3.4600000381469727,3.7300000190734863,3.259999990463257,3.7300000190734863,1792900
2023-12-19,3.609999895095825,3.609999895095825,3.7799999713897705,3.4549999237060547,3.490000009536743,1795300
2023-12-20,3.380000114440918,3.380000114440918,3.6500000953674316,3.375,3.630000114440918,1449700
2023-12-21,3.8499999046325684,3.8499999046325684,3.924999952316284,3.430000066757202,3.4600000381469727,1198900
2023-12-22,3.940000057220459,3.940000057220459,3.9749999046325684,3.700000047683716,3.880000114440918,1259200
2023-12-26,3.9700000286102295,3.9700000286102295,4.006999969482422,3.6600000858306885,3.819999933242798,964700
2023-12-27,4.420000076293945,4.420000076293945,4.429999828338623,3.9800000190734863,4.0,1383000
2023-12-28,4.579999923706055,4.579999923706055,4.690000057220459,4.320000171661377,4.320000171661377,1710100
2023-12-29,4.269999980926514,4.269999980926514,4.554999828338623,4.170000076293945,4.300000190734863,1159700
2024-01-02,4.099999904632568,4.099999904632568,4.489999771118164,4.085000038146973,4.230000019073486,2974000
2024-01-03,3.8399999141693115,3.8399999141693115,4.159999847412109,3.819999933242798,4.099999904632568,1704200
2024-01-04,3.6500000953674316,3.6500000953674316,3.940000057220459,3.630000114440918,3.859999895095825,1588500
2024-01-05,3.7899999618530273,3.7899999618530273,3.9800000190734863,3.5299999713897705,3.619999885559082,2133400
2024-01-08,3.9700000286102295,3.9700000286102295,4.039999961853027,3.4100000858306885,3.740000009536743,884400
2024-01-09,4.159999847412109,4.159999847412109,4.204999923706055,3.809999942779541,3.9600000381469727,898500
2024-01-10,4.045000076293945,4.045000076293945,4.360000133514404,3.880000114440918,4.159999847412109,618100
2024-01-11,3.8399999141693115,3.8399999141693115,4.014999866485596,3.7300000190734863,3.9700000286102295,419500
2024-01-12,3.740000009536743,3.740000009536743,4.130000114440918,3.700000047683716,3.890000104904175,414900
2024-01-16,3.5,3.5,3.7200000286102295,3.369999885559082,3.6600000858306885,1069000
2024-01-17,3.4000000953674316,3.4000000953674316,3.490000009536743,3.309999942779541,3.4200000762939453,656900
2024-01-18,3.2100000381469727,3.2100000381469727,3.430000066757202,3.140000104904175,3.430000066757202,675100
2024-01-19,3.0899999141693115,3.0899999141693115,3.25,3.049999952316284,3.25,721800
2024-01-22,3.1500000953674316,3.1500000953674316,3.234999895095825,3.069999933242798,3.0899999141693115,727200
2024-01-23,3.0999999046325684,3.0999999046325684,3.299999952316284,3.0899999141693115,3.240000009536743,713800
2024-01-24,3.0899999141693115,3.0899999141693115,3.1549999713897705,3.0199999809265137,3.0799999237060547,1082100
2024-01-25,3.2899999618530273,3.2899999618530273,3.3399999141693115,3.119999885559082,3.130000114440918,1097300
2024-01-26,3.2200000286102295,3.2200000286102295,3.4100000858306885,2.8949999809265137,3.3299999237060547,1260100
2024-01-29,3.490000009536743,3.490000009536743,3.494999885559082,3.130000114440918,3.2799999713897705,448500
2024-01-30,4.010000228881836,4.010000228881836,4.369999885559082,3.450000047683716,3.880000114440918,4401900
2024-01-31,5.139999866485596,5.139999866485596,6.199999809265137,4.010000228881836,4.010000228881836,13771300
2024-02-01,5.190000057220459,5.190000057220459,5.385000228881836,4.78000020980835,5.300000190734863,2503500
2024-02-02,5.25,5.25,5.639999866485596,4.949999809265137,5.130000114440918,2255200
2024-02-05,5.650000095367432,5.650000095367432,5.78000020980835,4.860000133514404,5.300000190734863,1694300
2024-02-06,5.550000190734863,5.550000190734863,5.909999847412109,5.46999979019165,5.599999904632568,1023300
2024-02-07,5.590000152587891,5.590000152587891,5.699999809265137,5.438000202178955,5.539999961853027,1086500
2024-02-08,5.989999771118164,5.989999771118164,6.170000076293945,5.599999904632568,5.639999866485596,1069800
2024-02-09,5.989999771118164,5.989999771118164,6.25,5.829999923706055,6.010000228881836,739200
2024-02-12,5.920000076293945,5.920000076293945,6.199999809265137,5.869999885559082,6.010000228881836,700300
2024-02-13,5.650000095367432,5.650000095367432,5.800000190734863,5.480000019073486,5.515999794006348,1021200
2024-02-14,5.53000020980835,5.53000020980835,5.840000152587891,5.519999980926514,5.769999980926514,600800
2024-02-15,5.769999980926514,5.769999980926514,6.034999847412109,5.519999980926514,5.559999942779541,655500
2024-02-16,6.0,6.0,6.130000114440918,5.690000057220459,5.760000228881836,767300
2024-02-20,5.840000152587891,5.840000152587891,6.400000095367432,5.769999980926514,6.010000228881836,1076400
2024-02-21,5.579999923706055,5.579999923706055,5.849999904632568,5.545000076293945,5.760000228881836,517100
2024-02-22,5.25,5.25,5.644999980926514,4.989999771118164,5.579999923706055,922300
2024-02-23,5.389999866485596,5.389999866485596,5.449999809265137,5.119999885559082,5.119999885559082,430500
2024-02-26,5.5,5.5,5.60099983215332,5.329999923706055,5.340000152587891,498800
2024-02-27,5.960000038146973,5.960000038146973,5.974999904632568,5.5,5.5,947000
2024-02-28,5.440000057220459,5.440000057220459,6.0,5.420000076293945,5.900000095367432,642200
2024-02-29,5.199999809265137,5.199999809265137,5.53000020980835,5.199999809265137,5.519999980926514,487200
2024-03-01,5.639999866485596,5.639999866485596,5.699999809265137,5.239999771118164,5.420000076293945,666000
2024-03-04,5.420000076293945,5.420000076293945,5.690000057220459,5.230000019073486,5.690000057220459,676900
2024-03-05,5.789999961853027,5.789999961853027,5.90500020980835,5.289999961853027,5.510000228881836,1072000
2024-03-06,5.670000076293945,5.670000076293945,5.889999866485596,5.409999847412109,5.800000190734863,975000
2024-03-07,5.380000114440918,5.380000114440918,5.824999809265137,5.360000133514404,5.679999828338623,803300
2024-03-08,4.71999979019165,4.71999979019165,5.849999904632568,4.559999942779541,5.590000152587891,3763400
2024-03-11,4.579999923706055,4.579999923706055,4.869999885559082,4.400000095367432,4.71999979019165,1005200
2024-03-12,4.730000019073486,4.730000019073486,4.849999904632568,4.480000019073486,4.579999923706055,729700
2024-03-13,4.010000228881836,4.010000228881836,4.400000095367432,3.880000114440918,4.300000190734863,1835900
2024-03-14,3.9600000381469727,3.9600000381469727,4.019999980926514,3.8499999046325684,4.019999980926514,549000
2024-03-15,4.010000228881836,4.010000228881836,4.389999866485596,3.869999885559082,4.050000190734863,941000
2024-03-18,4.190000057220459,4.190000057220459,5.199999809265137,3.950000047683716,4.409999847412109,6913700
2024-03-19,4.489999771118164,4.489999771118164,4.659999847412109,4.0,4.019999980926514,2729300
2024-03-20,4.539999961853027,4.539999961853027,4.610000133514404,4.289999961853027,4.5,913300
2024-03-21,4.989999771118164,4.989999771118164,5.03000020980835,4.510000228881836,4.550000190734863,1618500
2024-03-22,5.130000114440918,5.130000114440918,5.260000228881836,4.889999866485596,4.980000019073486,895500
2024-03-25,4.900000095367432,4.900000095367432,5.570000171661377,4.860000133514404,5.099999904632568,1524600
2024-03-26,4.960000038146973,4.960000038146973,5.642000198364258,4.900000095367432,5.329999923706055,1973400
2024-03-27,5.380000114440918,5.380000114440918,5.400000095367432,4.804999828338623,4.980000019073486,1097500
2024-03-28,5.349999904632568,5.349999904632568,5.559999942779541,5.239999771118164,5.380000114440918,1095300
2024-04-01,5.789999961853027,5.789999961853027,5.989999771118164,5.389999866485596,5.53000020980835,1248100
2024-04-02,4.940000057220459,4.940000057220459,5.699999809265137,4.929999828338623,5.639999866485596,1082400
2024-04-03,4.980000019073486,4.980000019073486,5.159999847412109,4.78000020980835,4.960000038146973,621800
2024-04-04,5.010000228881836,5.010000228881836,5.119999885559082,4.909999847412109,5.039999961853027,482900
2024-04-05,4.920000076293945,4.920000076293945,5.900000095367432,4.914999961853027,5.409999847412109,4389900
2024-04-08,5.510000228881836,5.510000228881836,5.71999979019165,5.050000190734863,5.25,1718700
2024-04-09,5.630000114440918,5.630000114440918,5.809999942779541,5.460000038146973,5.480000019073486,1351300
2024-04-10,5.230000019073486,5.230000019073486,5.5,5.186999797821045,5.400000095367432,856000
2024-04-11,5.519999980926514,5.519999980926514,5.519999980926514,5.110000133514404,5.210000038146973,712900
2024-04-12,5.039999961853027,5.039999961853027,5.494999885559082,4.961999893188477,5.46999979019165,797600
2024-04-15,4.985000133514404,4.985000133514404,5.119999885559082,4.949999809265137,4.96999979019165,393300
2024-04-16,4.860000133514404,4.860000133514404,4.989999771118164,4.699999809265137,4.989999771118164,932500
2024-04-17,5.059999942779541,5.059999942779541,5.199999809265137,4.869999885559082,4.909999847412109,895900
2024-04-18,4.639999866485596,4.639999866485596,5.070000171661377,4.610000133514404,5.010000228881836,714000
2024-04-19,4.519999980926514,4.519999980926514,4.760000228881836,4.454999923706055,4.610000133514404,608600
2024-04-22,4.650000095367432,4.650000095367432,4.71999979019165,4.34499979019165,4.550000190734863,406400
2024-04-23,4.630000114440918,4.630000114440918,4.860000133514404,4.59499979019165,4.650000095367432,292100
2024-04-24,4.269999980926514,4.269999980926514,4.738999843597412,4.210000038146973,4.630000114440918,470200
2024-04-25,4.289999961853027,4.289999961853027,4.349999904632568,3.440000057220459,4.0,3725800
2024-04-26,4.255000114440918,4.255000114440918,4.379000186920166,4.135000228881836,4.25,311500
2024-04-29,4.590000152587891,4.590000152587891,4.659999847412109,4.190000057220459,4.190000057220459,668200
2024-04-30,4.559999942779541,4.559999942779541,4.614999771118164,4.429999828338623,4.510000228881836,529300
2024-05-01,4.599999904632568,4.599999904632568,4.800000190734863,4.539999961853027,4.570000171661377,761400
2024-05-02,4.929999828338623,4.929999828338623,4.960000038146973,4.664999961853027,4.670000076293945,568600
2024-05-03,4.760000228881836,4.760000228881836,5.130000114440918,4.599999904632568,4.929999828338623,598300
2024-05-06,4.949999809265137,4.949999809265137,4.9670000076293945,4.75,4.789999961853027,453500
2024-05-07,4.960000038146973,4.960000038146973,5.099999904632568,4.929999828338623,4.989999771118164,363300
2024-05-08,4.480000019073486,4.480000019073486,5.070000171661377,4.460000038146973,4.909999847412109,700300
2024-05-09,4.434999942779541,4.434999942779541,4.559999942779541,4.324999809265137,4.429999828338623,478500
2024-05-10,4.380000114440918,4.380000114440918,4.489999771118164,4.239999771118164,4.46999979019165,403700
2024-05-13,4.489999771118164,4.489999771118164,4.5980000495910645,4.440000057220459,4.46999979019165,229900
2024-05-14,4.730000019073486,4.730000019073486,4.914999961853027,4.5,4.510000228881836,506400
2024-05-15,4.869999885559082,4.869999885559082,5.03000020980835,4.75,4.840000152587891,290500
2024-05-16,5.0,5.0,5.019999980926514,4.71999979019165,4.829999923706055,373900
2024-05-17,4.800000190734863,4.800000190734863,5.03000020980835,4.699999809265137,4.989999771118164,240100
2024-05-20,4.380000114440918,4.380000114440918,4.820000171661377,4.360000133514404,4.769999980926514,492800
2024-05-21,4.380000114440918,4.380000114440918,4.510000228881836,4.21999979019165,4.349999904632568,378500
2024-05-22,4.550000190734863,4.550000190734863,4.710000038146973,4.389999866485596,4.389999866485596,330900
2024-05-23,4.400000095367432,4.400000095367432,4.6579999923706055,4.320000171661377,4.599999904632568,398200
2024-05-24,4.510000228881836,4.510000228881836,4.519999980926514,4.295000076293945,4.389999866485596,379400
2024-05-28,4.269999980926514,4.269999980926514,4.630000114440918,4.239999771118164,4.590000152587891,295000
2024-05-29,4.21999979019165,4.21999979019165,4.230000019073486,4.054999828338623,4.21999979019165,475100
2024-05-30,4.360000133514404,4.360000133514404,4.5279998779296875,4.190000057220459,4.260000228881836,416800
2024-05-31,4.230000019073486,4.230000019073486,4.489999771118164,4.170000076293945,4.389999866485596,339700
2024-06-03,4.179999828338623,4.179999828338623,4.349999904632568,4.119999885559082,4.28000020980835,1681000
2024-06-04,4.300000190734863,4.300000190734863,4.400000095367432,4.099999904632568,4.159999847412109,392100
2024-06-05,4.559999942779541,4.559999942779541,4.639999866485596,4.289999961853027,4.289999961853027,958200
2024-06-06,4.130000114440918,4.130000114440918,4.190000057220459,3.859999895095825,4.050000190734863,1249000
2024-06-07,3.9149999618530273,3.9149999618530273,4.03000020980835,3.869999885559082,4.03000020980835,474400
2024-06-10,3.930000066757202,3.930000066757202,3.9600000381469727,3.759999990463257,3.859999895095825,563500
2024-06-11,3.930000066757202,3.930000066757202,4.0,3.7200000286102295,3.880000114440918,211000
2024-06-12,4.199999809265137,4.199999809265137,4.289999961853027,3.990000009536743,4.099999904632568,530400
2024-06-13,4.090000152587891,4.090000152587891,4.199999809265137,4.0,4.199999809265137,216300
2024-06-14,3.950000047683716,3.950000047683716,4.110000133514404,3.875,4.039999961853027,195600
2024-06-17,4.079999923706055,4.079999923706055,4.139999866485596,3.8399999141693115,3.950000047683716,258700
2024-06-18,3.890000104904175,3.890000104904175,4.179999828338623,3.8399999141693115,4.059999942779541,306300
2024-06-20,3.759999990463257,3.759999990463257,3.9049999713897705,3.7100000381469727,3.8499999046325684,407600
2024-06-21,3.7200000286102295,3.7200000286102295,3.865000009536743,3.700000047683716,3.809999942779541,686200
2024-06-24,3.859999895095825,3.859999895095825,3.9000000953674316,3.6600000858306885,3.7200000286102295,502700
2024-06-25,3.759999990463257,3.759999990463257,3.9000000953674316,3.7200000286102295,3.859999895095825,396800
2024-06-26,3.5999999046325684,3.5999999046325684,3.740000009536743,3.5399999618530273,3.7100000381469727,761200
2024-06-27,3.759999990463257,3.759999990463257,3.9800000190734863,3.674999952316284,3.740000009536743,1250600
2024-06-28,3.8499999046325684,3.8499999046325684,3.8499999046325684,3.700000047683716,3.799999952316284,622300
2024-07-01,4.050000190734863,4.050000190734863,4.139999866485596,3.8299999237060547,3.8299999237060547,574200
2024-07-02,3.859999895095825,3.859999895095825,4.159999847412109,3.8399999141693115,4.019999980926514,290300
2024-07-03,4.010000228881836,4.010000228881836,4.090000152587891,3.8399999141693115,3.890000104904175,339500
2024-07-05,4.03000020980835,4.03000020980835,4.050000190734863,3.880000114440918,3.9600000381469727,336400
2024-07-08,3.950000047683716,3.950000047683716,4.130000114440918,3.799999952316284,4.03000020980835,569300
2024-07-09,3.940000057220459,3.940000057220459,4.0,3.880000114440918,3.9600000381469727,211600
2024-07-10,3.8499999046325684,3.8499999046325684,4.099999904632568,3.75,3.9700000286102295,765100
2024-07-11,4.150000095367432,4.150000095367432,4.369999885559082,3.75,3.950000047683716,1768300
2024-07-12,4.440000057220459,4.440000057220459,4.610000133514404,4.170000076293945,4.179999828338623,785900
2024-07-15,4.769999980926514,4.769999980926514,4.849999904632568,4.409999847412109,4.449999809265137,544200
2024-07-16,4.909999847412109,4.909999847412109,5.034999847412109,4.789999961853027,4.829999923706055,597000
2024-07-17,4.769999980926514,4.769999980926514,5.0,4.610000133514404,4.860000133514404,325100
2024-07-18,4.519999980926514,4.519999980926514,4.789999961853027,4.46999979019165,4.78000020980835,626900
2024-07-19,4.46999979019165,4.46999979019165,4.599999904632568,4.320000171661377,4.590000152587891,345600
2024-07-22,4.550000190734863,4.550000190734863,4.619999885559082,4.369999885559082,4.550000190734863,308600
2024-07-23,4.574999809265137,4.574999809265137,4.619999885559082,4.46999979019165,4.5,197300
2024-07-24,4.380000114440918,4.380000114440918,4.75,4.349999904632568,4.53000020980835,167300
2024-07-25,4.570000171661377,4.570000171661377,4.679999828338623,4.230000019073486,4.400000095367432,364900
2024-07-26,4.789999961853027,4.789999961853027,4.824999809265137,4.53000020980835,4.690000057220459,337200
2024-07-29,4.809999942779541,4.809999942779541,4.889999866485596,4.635000228881836,4.699999809265137,430300
2024-07-30,4.920000076293945,4.920000076293945,4.980000019073486,4.820000171661377,4.849999904632568,542900
2024-07-31,4.71999979019165,4.71999979019165,5.0,4.639999866485596,4.920000076293945,387500
2024-08-01,4.28000020980835,4.28000020980835,4.710000038146973,4.170000076293945,4.710000038146973,398400
2024-08-02,4.099999904632568,4.099999904632568,4.236999988555908,4.019999980926514,4.019999980926514,209000
2024-08-05,4.050000190734863,4.050000190734863,4.130000114440918,3.890000104904175,4.070000171661377,411000
2024-08-06,4.019999980926514,4.019999980926514,4.059999942779541,3.890000104904175,4.059999942779541,363600
2024-08-07,4.349999904632568,4.349999904632568,4.900000095367432,4.304999828338623,4.46999979019165,655100
2024-08-08,4.559999942779541,4.559999942779541,4.659999847412109,4.360000133514404,4.360000133514404,283600
2024-08-09,4.179999828338623,4.179999828338623,4.610000133514404,4.170000076293945,4.550000190734863,273900
2024-08-12,4.21999979019165,4.21999979019165,4.340000152587891,4.079999923706055,4.199999809265137,429000
2024-08-13,4.380000114440918,4.380000114440918,4.5,4.190000057220459,4.260000228881836,192800
2024-08-14,4.349999904632568,4.349999904632568,4.429999828338623,4.25,4.380000114440918,193100
2024-08-15,4.590000152587891,4.590000152587891,4.710000038146973,4.340000152587891,4.53000020980835,386700
2024-08-16,4.769999980926514,4.769999980926514,4.769999980926514,4.559999942779541,4.599999904632568,856500
2024-08-19,4.730000019073486,4.730000019073486,4.880000114440918,4.559999942779541,4.71999979019165,415200
2024-08-20,4.699999809265137,4.699999809265137,4.800000190734863,4.639999866485596,4.71999979019165,226100
2024-08-21,4.71999979019165,4.71999979019165,4.8429999351501465,4.570000171661377,4.75,248300
2024-08-22,4.559999942779541,4.559999942779541,4.840000152587891,4.550000190734863,4.71999979019165,127500
2024-08-23,4.75,4.75,4.820000171661377,4.539999961853027,4.579999923706055,266000
2024-08-26,4.690000057220459,4.690000057220459,4.989999771118164,4.659999847412109,4.78000020980835,287600
2024-08-27,4.570000171661377,4.570000171661377,4.769999980926514,4.5,4.639999866485596,185300
2024-08-28,4.440000057220459,4.440000057220459,4.559999942779541,4.420000076293945,4.53000020980835,110600
2024-08-29,4.820000171661377,4.820000171661377,5.039999961853027,4.439000129699707,4.5,496300
2024-08-30,4.869999885559082,4.869999885559082,4.900000095367432,4.670000076293945,4.849999904632568,223200
2024-09-03,4.429999828338623,4.429999828338623,4.980000019073486,4.429999828338623,4.860000133514404,326900
2024-09-04,4.409999847412109,4.409999847412109,4.869999885559082,4.320000171661377,4.869999885559082,313300
2024-09-05,4.440000057220459,4.440000057220459,4.505000114440918,4.329999923706055,4.429999828338623,100200
2024-09-06,4.400000095367432,4.400000095367432,4.499000072479248,4.28000020980835,4.409999847412109,138100
2024-09-09,4.360000133514404,4.360000133514404,4.474999904632568,4.284999847412109,4.400000095367432,142700
2024-09-10,4.5,4.5,4.570000171661377,4.224999904632568,4.340000152587891,143300
2024-09-11,4.5,4.5,4.590000152587891,4.349999904632568,4.460000038146973,149600
2024-09-12,4.590000152587891,4.590000152587891,4.710000038146973,4.489999771118164,4.550000190734863,649900
2024-09-13,4.710000038146973,4.710000038146973,4.71999979019165,4.610000133514404,4.670000076293945,181800
2024-09-16,4.809999942779541,4.809999942779541,4.840000152587891,4.619999885559082,4.71999979019165,191000
2024-09-17,4.800000190734863,4.800000190734863,4.960000038146973,4.769999980926514,4.809999942779541,305300
2024-09-18,4.71999979019165,4.71999979019165,4.914999961853027,4.650000095367432,4.769999980926514,220100
2024-09-19,4.869999885559082,4.869999885559082,4.90500020980835,4.769999980926514,4.889999866485596,172500
2024-09-20,5.050000190734863,5.050000190734863,5.230000019073486,4.789999961853027,4.789999961853027,868400
2024-09-23,4.789999961853027,4.789999961853027,5.090000152587891,4.769999980926514,5.090000152587891,281200
2024-09-24,4.769999980926514,4.769999980926514,5.010000228881836,4.60099983215332,4.829999923706055,376200
2024-09-25,4.320000171661377,4.320000171661377,4.510000228881836,4.210000038146973,4.320000171661377,1031000
2024-09-26,4.760000228881836,4.760000228881836,4.880000114440918,4.349999904632568,4.369999885559082,466600
2024-09-27,4.929999828338623,4.929999828338623,4.940000057220459,4.28000020980835,4.829999923706055,632800
2024-09-30,4.71999979019165,4.71999979019165,4.929999828338623,4.519999980926514,4.860000133514404,166400
2024-10-01,4.599999904632568,4.599999904632568,4.795000076293945,4.440000057220459,4.71999979019165,345000
2024-10-02,4.809999942779541,4.809999942779541,4.829999923706055,4.480999946594238,4.610000133514404,219400
2024-10-03,4.75,4.75,4.820000171661377,4.599999904632568,4.800000190734863,199700
2024-10-04,4.809999942779541,4.809999942779541,4.920000076293945,4.699999809265137,4.75,155100
2024-10-07,4.800000190734863,4.800000190734863,4.829999923706055,4.599999904632568,4.809999942779541,216500
2024-10-08,4.739999771118164,4.739999771118164,4.78000020980835,4.659999847412109,4.769999980926514,117800
2024-10-09,4.880000114440918,4.880000114440918,4.900000095367432,4.679999828338623,4.739999771118164,140400
2024-10-10,4.820000171661377,4.820000171661377,4.849999904632568,4.730000019073486,4.809999942779541,146300
2024-10-11,5.010000228881836,5.010000228881836,5.03000020980835,4.809999942779541,4.809999942779541,524200
2024-10-14,5.0,5.0,5.099999904632568,4.940000057220459,5.010000228881836,309500
2024-10-15,4.960000038146973,4.960000038146973,5.010000228881836,4.900000095367432,4.980000019073486,230000
2024-10-16,4.989999771118164,4.989999771118164,5.03000020980835,4.894999980926514,5.0,210200
2024-10-17,4.980000019073486,4.980000019073486,5.0,4.860000133514404,4.989999771118164,192400
2024-10-18,4.989999771118164,4.989999771118164,5.03000020980835,4.929999828338623,5.0,146300
2024-10-21,4.96999979019165,4.96999979019165,5.019999980926514,4.873000144958496,4.980000019073486,101300
2024-10-22,5.210000038146973,5.210000038146973,5.300000190734863,4.909999847412109,4.929999828338623,679400
2024-10-23,5.059999942779541,5.059999942779541,5.215000152587891,4.989999771118164,5.170000076293945,207000
2024-10-24,4.940000057220459,4.940000057220459,5.110000133514404,4.909999847412109,5.070000171661377,139800
2024-10-25,4.849999904632568,4.849999904632568,5.039999961853027,4.814000129699707,5.010000228881836,227800
2024-10-28,4.980000019073486,4.980000019073486,5.050000190734863,4.820000171661377,4.929999828338623,151500
2024-10-29,4.809999942779541,4.809999942779541,5.017000198364258,4.710000038146973,4.949999809265137,227300
2024-10-30,4.579999923706055,4.579999923706055,4.800000190734863,4.579999923706055,4.78000020980835,163800
2024-10-31,4.340000152587891,4.340000152587891,4.610000133514404,4.340000152587891,4.559999942779541,392100
2024-11-01,4.400000095367432,4.400000095367432,4.570000171661377,4.340000152587891,4.400000095367432,172100
2024-11-04,4.510000228881836,4.510000228881836,4.599999904632568,4.364999771118164,4.380000114440918,174300
2024-11-05,4.699999809265137,4.699999809265137,4.800000190734863,4.46999979019165,4.599999904632568,268200
2024-11-06,4.949999809265137,4.949999809265137,5.039999961853027,4.739999771118164,4.940000057220459,797000
2024-11-07,5.010000228881836,5.010000228881836,5.119999885559082,4.880000114440918,4.980000019073486,1230500
2024-11-08,4.730000019073486,4.730000019073486,5.039999961853027,4.684999942779541,5.019999980926514,211500
2024-11-11,4.599999904632568,4.599999904632568,4.820000171661377,4.570000171661377,4.730000019073486,212200
2024-11-12,4.28000020980835,4.28000020980835,4.769999980926514,4.230000019073486,4.579999923706055,344700
2024-11-13,4.130000114440918,4.130000114440918,4.46999979019165,4.125,4.389999866485596,220100
2024-11-14,3.9200000762939453,3.9200000762939453,4.320000171661377,3.9000000953674316,4.130000114440918,283600
2024-11-15,3.5199999809265137,3.5199999809265137,3.9600000381469727,3.509999990463257,3.9600000381469727,414800
2024-11-18,3.359999895095825,3.359999895095825,3.5850000381469727,3.309999942779541,3.5299999713897705,483100
2024-11-19,3.2200000286102295,3.2200000286102295,3.4100000858306885,3.200000047683716,3.4100000858306885,351100
2024-11-20,3.109999895095825,3.109999895095825,3.2200000286102295,3.0199999809265137,3.2200000286102295,314700
2024-11-21,3.1600000858306885,3.1600000858306885,3.1700000762939453,3.0199999809265137,3.109999895095825,230600
2024-11-22,3.609999895095825,3.609999895095825,3.7290000915527344,3.1600000858306885,3.1600000858306885,483300
2024-11-25,3.75,3.75,3.8399999141693115,3.549999952316284,3.680000066757202,511700
2024-11-26,3.690000057220459,3.690000057220459,3.7899999618530273,3.609999895095825,3.7200000286102295,154500
2024-11-27,3.9600000381469727,3.9600000381469727,4.03000020980835,3.690000057220459,3.7200000286102295,208200
2024-11-29,3.990000009536743,3.990000009536743,4.110000133514404,3.9700000286102295,3.9700000286102295,93000
2024-12-02,3.9800000190734863,3.9800000190734863,4.139999866485596,3.9600000381469727,4.0,169200
2024-12-03,3.7799999713897705,3.7799999713897705,3.9700000286102295,3.7699999809265137,3.9600000381469727,131000
2024-12-04,3.6500000953674316,3.6500000953674316,3.7300000190734863,3.569999933242798,3.7300000190734863,261900
2024-12-05,3.4100000858306885,3.4100000858306885,3.6600000858306885,3.390000104904175,3.6500000953674316,139800
2024-12-06,3.5299999713897705,3.5299999713897705,3.6600000858306885,3.4800000190734863,3.490000009536743,142100
