Date,Open,High,Low,Close,Adj Close,Volume
2016-09-21,2.875,3.0399999618530273,2.7799999713897705,3.009999990463257,3.009999990463257,63438000
2016-09-22,3.0999999046325684,3.1700000762939453,2.8410000801086426,2.890000104904175,2.890000104904175,22728000
2016-09-23,2.884999990463257,2.890000104904175,2.684000015258789,2.7660000324249268,2.7660000324249268,10587000
2016-09-26,2.7100000381469727,2.8420000076293945,2.700000047683716,2.7769999504089355,2.7769999504089355,3061000
2016-09-27,2.8329999446868896,3.0848000049591064,2.7339999675750732,2.997999906539917,2.997999906539917,10158000
2016-09-28,3.072999954223633,3.3399999141693115,3.002000093460083,3.3389999866485596,3.3389999866485596,20565000
2016-09-29,3.259999990463257,3.319499969482422,2.880000114440918,2.8989999294281006,2.8989999294281006,17033000
2016-09-30,2.934999942779541,3.0950000286102295,2.9189999103546143,2.9210000038146973,2.9210000038146973,9490000
2016-10-03,2.9119999408721924,2.9316999912261963,2.61899995803833,2.638000011444092,2.638000011444092,10804000
2016-10-04,2.6389999389648438,2.7249999046325684,2.36299991607666,2.382999897003174,2.382999897003174,13381000
2016-10-05,2.441999912261963,2.5199999809265137,2.3499999046325684,2.4779999256134033,2.4779999256134033,9634000
2016-10-06,2.51200008392334,2.694000005722046,2.4612998962402344,2.6080000400543213,2.6080000400543213,8553000
2016-10-07,2.5280001163482666,2.6489999294281006,2.502000093460083,2.625999927520752,2.625999927520752,4485000
2016-10-10,2.5769999027252197,2.63700008392334,2.5100998878479004,2.5280001163482666,2.5280001163482666,3645000
2016-10-11,2.50600004196167,2.5924999713897705,2.3499999046325684,2.552000045776367,2.552000045776367,5394000
2016-10-12,2.5320000648498535,2.696000099182129,2.5320000648498535,2.690000057220459,2.690000057220459,3318000
2016-10-13,2.640000104904175,2.6730000972747803,2.549999952316284,2.5969998836517334,2.5969998836517334,2453000
2016-10-14,2.6110000610351562,2.7239999771118164,2.6050000190734863,2.635999917984009,2.635999917984009,2229000
2016-10-17,2.7019999027252197,2.7249999046325684,2.614000082015991,2.627000093460083,2.627000093460083,3376000
2016-10-18,2.627000093460083,2.6507999897003174,2.5810000896453857,2.5880000591278076,2.5880000591278076,1716000
2016-10-19,2.575000047683716,2.621999979019165,2.525099992752075,2.5460000038146973,2.5460000038146973,1116000
2016-10-20,2.509999990463257,2.6659998893737793,2.505000114440918,2.6489999294281006,2.6489999294281006,1041000
2016-10-21,2.6510000228881836,2.75,2.624000072479248,2.747999906539917,2.747999906539917,2359000
2016-10-24,2.73799991607666,2.869999885559082,2.7049999237060547,2.8519999980926514,2.8519999980926514,2728000
2016-10-25,2.8610000610351562,2.947000026702881,2.856800079345703,2.880000114440918,2.880000114440918,2805000
2016-10-26,2.8949999809265137,2.9089999198913574,2.7890000343322754,2.818000078201294,2.818000078201294,1825000
2016-10-27,2.815999984741211,2.8596999645233154,2.5439999103546143,2.552000045776367,2.552000045776367,3674000
2016-10-28,2.575000047683716,2.67549991607666,2.549999952316284,2.561000108718872,2.561000108718872,1685000
2016-10-31,2.6010000705718994,2.6010000705718994,2.4170000553131104,2.5179998874664307,2.5179998874664307,1765000
2016-11-01,2.5439999103546143,2.569999933242798,2.5,2.5239999294281006,2.5239999294281006,889000
2016-11-02,2.502000093460083,2.5999999046325684,2.4200000762939453,2.443000078201294,2.443000078201294,1825000
2016-11-03,2.4260001182556152,2.451200008392334,2.2009999752044678,2.2899999618530273,2.2899999618530273,4019000
2016-11-04,2.2929999828338623,2.4189000129699707,2.2790000438690186,2.38700008392334,2.38700008392334,1537000
2016-11-07,2.4159998893737793,2.434000015258789,2.2274999618530273,2.2899999618530273,2.2899999618530273,2068000
2016-11-08,2.4260001182556152,2.430000066757202,2.255000114440918,2.2799999713897705,2.2799999713897705,5774000
2016-11-09,2.2149999141693115,2.3499999046325684,2.200000047683716,2.2950000762939453,2.2950000762939453,5573000
2016-11-10,2.390000104904175,2.434000015258789,2.31850004196167,2.3429999351501465,2.3429999351501465,5620000
2016-11-11,2.500999927520752,2.6489999294281006,2.4019999504089355,2.5450000762939453,2.5450000762939453,11264000
2016-11-14,2.556999921798706,2.734999895095825,2.549999952316284,2.5769999027252197,2.5769999027252197,6952000
2016-11-15,2.5840001106262207,2.611999988555908,2.503000020980835,2.5250000953674316,2.5250000953674316,5441000
2016-11-16,2.5,2.5969998836517334,2.4800000190734863,2.5360000133514404,2.5360000133514404,4681000
2016-11-17,2.556999921798706,2.6459999084472656,2.5409998893737793,2.5929999351501465,2.5929999351501465,6080000
2016-11-18,2.5969998836517334,2.924999952316284,2.5969998836517334,2.9100000858306885,2.9100000858306885,8259000
2016-11-21,2.885999917984009,3.0480000972747803,2.799999952316284,2.933000087738037,2.933000087738037,7483000
2016-11-22,2.940000057220459,2.9600000381469727,2.8320000171661377,2.872999906539917,2.872999906539917,3833000
2016-11-23,2.871000051498413,3.049999952316284,2.819000005722046,3.0190000534057617,3.0190000534057617,5275000
2016-11-25,2.999000072479248,3.0480000972747803,2.865999937057495,2.9079999923706055,2.9079999923706055,2576000
2016-11-28,2.927999973297119,2.927999973297119,2.571000099182129,2.6700000762939453,2.6700000762939453,9057000
2016-11-29,2.6649999618530273,2.7780001163482666,2.549999952316284,2.7119998931884766,2.7119998931884766,4603000
2016-11-30,2.694000005722046,2.783799886703491,2.5815000534057617,2.6579999923706055,2.6579999923706055,3137000
2016-12-01,2.640000104904175,2.700000047683716,2.5480000972747803,2.6080000400543213,2.6080000400543213,4862000
2016-12-02,2.5869998931884766,2.6480000019073486,2.562000036239624,2.619999885559082,2.619999885559082,3055000
2016-12-05,2.619999885559082,2.7209999561309814,2.609100103378296,2.6619999408721924,2.6619999408721924,2795000
2016-12-06,2.6610000133514404,2.8410000801086426,2.6080000400543213,2.809999942779541,2.809999942779541,5033000
2016-12-07,2.812000036239624,2.8524999618530273,2.746000051498413,2.757999897003174,2.757999897003174,2082000
2016-12-08,2.753000020980835,2.8638999462127686,2.700000047683716,2.740999937057495,2.740999937057495,1664000
2016-12-09,2.75600004196167,2.8429999351501465,2.7060000896453857,2.746999979019165,2.746999979019165,3625000
2016-12-12,2.864000082015991,2.9549999237060547,2.809999942779541,2.936000108718872,2.936000108718872,4978000
2016-12-13,2.940000057220459,3.0380001068115234,2.867000102996826,2.928999900817871,2.928999900817871,5632000
2016-12-14,2.9119999408721924,2.9549999237060547,2.7929999828338623,2.799999952316284,2.799999952316284,5030000
2016-12-15,2.809999942779541,2.9649999141693115,2.803999900817871,2.9519999027252197,2.9519999027252197,4314000
2016-12-16,2.9690001010894775,2.996999979019165,2.864000082015991,2.9230000972747803,2.9230000972747803,11764000
2016-12-19,2.936000108718872,2.990000009536743,2.875999927520752,2.921999931335449,2.921999931335449,3269000
2016-12-20,2.938999891281128,3.1429998874664307,2.8929998874664307,3.109999895095825,3.109999895095825,5311000
2016-12-21,3.121999979019165,3.121999979019165,2.9839999675750732,3.0360000133514404,3.0360000133514404,3475000
2016-12-22,3.0199999809265137,3.0915000438690186,2.950000047683716,3.0320000648498535,3.0320000648498535,2712000
2016-12-23,3.0460000038146973,3.0739998817443848,2.9549999237060547,3.015000104904175,3.015000104904175,1064000
2016-12-27,3.0460000038146973,3.062999963760376,2.9600000381469727,2.99399995803833,2.99399995803833,1709000
2016-12-28,2.984999895095825,3.0225000381469727,2.8440001010894775,2.8489999771118164,2.8489999771118164,2334000
2016-12-29,2.859999895095825,2.9119999408721924,2.812000036239624,2.8380000591278076,2.8380000591278076,2070000
2016-12-30,2.8350000381469727,2.872999906539917,2.693000078201294,2.7669999599456787,2.7669999599456787,2850000
2017-01-03,2.805000066757202,2.875999927520752,2.6449999809265137,2.693000078201294,2.693000078201294,4430000
2017-01-04,2.7009999752044678,2.865000009536743,2.640000104904175,2.7100000381469727,2.7100000381469727,4258000
2017-01-05,2.690000057220459,2.7709999084472656,2.6519999504089355,2.744999885559082,2.744999885559082,1615000
2017-01-06,2.750999927520752,2.7899999618530273,2.690000057220459,2.7699999809265137,2.7699999809265137,2368000
2017-01-09,2.75600004196167,2.8940000534057617,2.7330000400543213,2.8440001010894775,2.8440001010894775,2490000
2017-01-10,2.8420000076293945,2.9000000953674316,2.7750000953674316,2.885999917984009,2.885999917984009,3098000
2017-01-11,2.878999948501587,3.009999990463257,2.8289999961853027,2.9749999046325684,2.9749999046325684,2555000
2017-01-12,2.9630000591278076,2.9739999771118164,2.8536999225616455,2.937000036239624,2.937000036239624,1442000
2017-01-13,2.941999912261963,3.049999952316284,2.9200000762939453,2.934999942779541,2.934999942779541,1628000
2017-01-17,2.921999931335449,2.9519999027252197,2.88700008392334,2.8989999294281006,2.8989999294281006,698000
2017-01-18,2.9110000133514404,2.9509999752044678,2.8580000400543213,2.9010000228881836,2.9010000228881836,1296000
2017-01-19,2.86299991607666,2.921999931335449,2.859999895095825,2.9000000953674316,2.9000000953674316,992000
2017-01-20,2.8980000019073486,2.9600000381469727,2.8980000019073486,2.9260001182556152,2.9260001182556152,810000
2017-01-23,2.928999900817871,2.992000102996826,2.9170000553131104,2.9790000915527344,2.9790000915527344,748000
2017-01-24,2.996999979019165,3.003999948501587,2.930000066757202,2.9649999141693115,2.9649999141693115,1546000
2017-01-25,2.992000102996826,3.125,2.9800000190734863,3.0409998893737793,3.0409998893737793,2513000
2017-01-26,3.0390000343322754,3.109999895095825,3.0220000743865967,3.078000068664551,3.078000068664551,1532000
2017-01-27,3.069000005722046,3.1057000160217285,3.0460000038146973,3.0829999446868896,3.0829999446868896,1338000
2017-01-30,3.069999933242798,3.0894999504089355,2.930000066757202,2.9749999046325684,2.9749999046325684,3095000
2017-01-31,2.9639999866485596,3.01200008392334,2.9119999408721924,2.9660000801086426,2.9660000801086426,3387000
2017-02-01,2.996999979019165,3.007999897003174,2.890000104904175,2.9590001106262207,2.9590001106262207,2558000
2017-02-02,2.937999963760376,2.950000047683716,2.8910000324249268,2.9019999504089355,2.9019999504089355,774000
2017-02-03,2.9230000972747803,2.9230000972747803,2.8440001010894775,2.8919999599456787,2.8919999599456787,2289000
2017-02-06,2.874000072479248,2.8989999294281006,2.828000068664551,2.880000114440918,2.880000114440918,848000
2017-02-07,2.946000099182129,2.946000099182129,2.811000108718872,2.8550000190734863,2.8550000190734863,1215000
2017-02-08,2.8429999351501465,2.9010000228881836,2.822999954223633,2.8340001106262207,2.8340001106262207,631000
2017-02-09,2.8369998931884766,2.9110000133514404,2.8359999656677246,2.9040000438690186,2.9040000438690186,1194000
2017-02-10,2.9119999408721924,2.953000068664551,2.8910000324249268,2.9049999713897705,2.9049999713897705,947000
2017-02-13,2.9159998893737793,3.0480000972747803,2.9159998893737793,3.00600004196167,3.00600004196167,2087000
2017-02-14,3.010999917984009,3.2190001010894775,2.9860000610351562,3.0350000858306885,3.0350000858306885,4723000
2017-02-15,3.049999952316284,3.184000015258789,3.049999952316284,3.1670000553131104,3.1670000553131104,1362000
2017-02-16,3.2130000591278076,3.3499999046325684,3.1540000438690186,3.3359999656677246,3.3359999656677246,5570000
2017-02-17,3.4000000953674316,3.5360000133514404,3.188999891281128,3.240999937057495,3.240999937057495,10482000
2017-02-21,3.3359999656677246,3.571000099182129,3.244999885559082,3.5,3.5,4889000
2017-02-22,3.4800000190734863,3.5490000247955322,3.3940000534057617,3.430000066757202,3.430000066757202,2010000
2017-02-23,3.5999999046325684,3.687000036239624,3.4855000972747803,3.6389999389648438,3.6389999389648438,4643000
2017-02-24,3.743000030517578,3.813999891281128,3.6623001098632812,3.7320001125335693,3.7320001125335693,4877000
2017-02-27,3.747999906539917,3.747999906539917,3.5199999809265137,3.683000087738037,3.683000087738037,6252000
2017-02-28,3.811000108718872,4.2270002365112305,3.7760000228881836,4.2210001945495605,4.2210001945495605,44078000
2017-03-01,4.15500020980835,4.400000095367432,4.10099983215332,4.304999828338623,4.304999828338623,8176000
2017-03-02,4.232999801635742,4.324999809265137,4.171000003814697,4.24399995803833,4.24399995803833,4527000
2017-03-03,4.269000053405762,4.514999866485596,4.195000171661377,4.460000038146973,4.460000038146973,6569000
2017-03-06,4.449999809265137,4.449999809265137,4.0920000076293945,4.234000205993652,4.234000205993652,7248000
2017-03-07,4.211999893188477,4.440000057220459,4.13700008392334,4.4079999923706055,4.4079999923706055,4240000
2017-03-08,4.421000003814697,4.449999809265137,4.315999984741211,4.330999851226807,4.330999851226807,2637000
2017-03-09,4.333000183105469,4.438000202178955,4.2789998054504395,4.438000202178955,4.438000202178955,2615000
2017-03-10,4.447000026702881,4.602499961853027,4.400000095367432,4.578999996185303,4.578999996185303,5095000
2017-03-13,4.578999996185303,4.620999813079834,4.302000045776367,4.335000038146973,4.335000038146973,3667000
2017-03-14,4.322999954223633,4.39900016784668,4.107999801635742,4.122000217437744,4.122000217437744,4793000
2017-03-15,4.1020002365112305,4.21999979019165,4.040999889373779,4.15500020980835,4.15500020980835,7895000
2017-03-16,4.184000015258789,4.21999979019165,3.9700000286102295,4.01800012588501,4.01800012588501,4591000
2017-03-17,4.00600004196167,4.019999980926514,3.867000102996826,3.9509999752044678,3.9509999752044678,6284000
2017-03-20,3.880000114440918,3.9818999767303467,3.799999952316284,3.809999942779541,3.809999942779541,6816000
2017-03-21,3.7679998874664307,3.875,3.655100107192993,3.755000114440918,3.755000114440918,13642000
2017-03-22,3.7230000495910645,3.88070011138916,3.7049999237060547,3.864000082015991,3.864000082015991,7840000
2017-03-23,3.8410000801086426,3.878000020980835,3.680000066757202,3.7019999027252197,3.7019999027252197,4725000
2017-03-24,3.700000047683716,3.739000082015991,3.5880000591278076,3.6019999980926514,3.6019999980926514,8435000
2017-03-27,3.562999963760376,3.7929999828338623,3.4790000915527344,3.7219998836517334,3.7219998836517334,9820000
2017-03-28,3.7260000705718994,3.7300000190734863,3.575000047683716,3.6489999294281006,3.6489999294281006,5386000
2017-03-29,3.625,3.8329999446868896,3.625,3.7980000972747803,3.7980000972747803,9090000
2017-03-30,3.7780001163482666,3.868000030517578,3.6419999599456787,3.6730000972747803,3.6730000972747803,7199000
2017-03-31,3.684999942779541,3.7799999713897705,3.6110000610351562,3.7249999046325684,3.7249999046325684,8256000
2017-04-03,3.7190001010894775,3.7669999599456787,3.683000087738037,3.7019999027252197,3.7019999027252197,6111000
2017-04-04,3.7009999752044678,3.73799991607666,3.5390000343322754,3.632999897003174,3.632999897003174,6290000
2017-04-05,3.6500000953674316,3.75,3.5969998836517334,3.7049999237060547,3.7049999237060547,6405000
2017-04-06,3.744999885559082,3.8299999237060547,3.7320001125335693,3.7709999084472656,3.7709999084472656,4696000
2017-04-07,3.7660000324249268,3.7960000038146973,3.690000057220459,3.6989998817443848,3.6989998817443848,3379000
2017-04-10,3.7109999656677246,3.7720000743865967,3.6679999828338623,3.690000057220459,3.690000057220459,2336000
2017-04-11,3.680000066757202,3.813999891281128,3.6679999828338623,3.755000114440918,3.755000114440918,6296000
2017-04-12,3.7690000534057617,3.7704999446868896,3.694999933242798,3.7209999561309814,3.7209999561309814,4835000
2017-04-13,3.697999954223633,3.7578999996185303,3.566999912261963,3.684999942779541,3.684999942779541,3788000
2017-04-17,3.6649999618530273,3.74399995803833,3.593100070953369,3.6440000534057617,3.6440000534057617,4417000
2017-04-18,3.631999969482422,3.640000104904175,3.503999948501587,3.5190000534057617,3.5190000534057617,6662000
2017-04-19,3.5320000648498535,3.6050000190734863,3.5299999713897705,3.5859999656677246,3.5859999656677246,4163000
2017-04-20,3.5989999771118164,3.6714999675750732,3.5829999446868896,3.622999906539917,3.622999906539917,2553000
2017-04-21,3.628999948501587,3.6489999294281006,3.565000057220459,3.5980000495910645,3.5980000495910645,2474000
2017-04-24,3.63700008392334,3.7219998836517334,3.615999937057495,3.6470000743865967,3.6470000743865967,4538000
2017-04-25,3.6559998989105225,3.690000057220459,3.5969998836517334,3.619999885559082,3.619999885559082,4192000
2017-04-26,3.619999885559082,3.7090001106262207,3.619999885559082,3.632999897003174,3.632999897003174,2612000
2017-04-27,3.640000104904175,3.806999921798706,3.555999994277954,3.7690000534057617,3.7690000534057617,5702000
2017-04-28,3.809999942779541,3.8440001010894775,3.6610000133514404,3.734999895095825,3.734999895095825,5302000
2017-05-01,3.760999917984009,3.793800115585327,3.687000036239624,3.759000062942505,3.759000062942505,2844000
2017-05-02,3.7760000228881836,3.9000000953674316,3.75,3.828000068664551,3.828000068664551,6404000
2017-05-03,3.8329999446868896,3.877000093460083,3.755000114440918,3.805999994277954,3.805999994277954,2388000
2017-05-04,3.805999994277954,4.005000114440918,3.7709999084472656,3.984999895095825,3.984999895095825,12119000
2017-05-05,3.9860000610351562,4.0279998779296875,3.878999948501587,4.006999969482422,4.006999969482422,6733000
2017-05-08,4.0229997634887695,4.066999912261963,3.950000047683716,4.039000034332275,4.039000034332275,4349000
2017-05-09,4.03000020980835,4.16349983215332,4.019999980926514,4.085999965667725,4.085999965667725,6592000
2017-05-10,4.085999965667725,4.107699871063232,3.9820001125335693,4.005000114440918,4.005000114440918,3580000
2017-05-11,4.008999824523926,4.021999835968018,3.924999952316284,3.989000082015991,3.989000082015991,12562000
2017-05-12,4.757999897003174,5.368000030517578,4.659999847412109,5.190000057220459,5.190000057220459,124614000
2017-05-15,5.202000141143799,5.449999809265137,5.168000221252441,5.35699987411499,5.35699987411499,32905000
2017-05-16,5.422999858856201,5.426000118255615,5.190999984741211,5.21999979019165,5.21999979019165,9825000
2017-05-17,5.109000205993652,5.252999782562256,4.769000053405762,4.775000095367432,4.775000095367432,19592000
2017-05-18,4.789999961853027,5.188000202178955,4.769999980926514,5.138000011444092,5.138000011444092,17028000
2017-05-19,5.199999809265137,5.246500015258789,4.9629998207092285,5.006999969482422,5.006999969482422,15223000
2017-05-22,4.900000095367432,5.314700126647949,4.876999855041504,5.250999927520752,5.250999927520752,13188000
2017-05-23,5.275000095367432,5.438000202178955,5.090000152587891,5.3480000495910645,5.3480000495910645,12437000
2017-05-24,5.2769999504089355,5.3470001220703125,5.150000095367432,5.150000095367432,5.150000095367432,44220000
2017-05-25,5.203999996185303,5.304999828338623,5.13700008392334,5.198999881744385,5.198999881744385,16972000
2017-05-26,5.218999862670898,5.328000068664551,5.1519999504089355,5.223999977111816,5.223999977111816,8963000
2017-05-30,5.271999835968018,5.517000198364258,5.131499767303467,5.348999977111816,5.348999977111816,18300000
2017-05-31,5.39900016784668,5.539000034332275,5.224999904632568,5.5,5.5,18680000
2017-06-01,5.5929999351501465,5.6479997634887695,5.34499979019165,5.495999813079834,5.495999813079834,14295000
2017-06-02,5.504000186920166,5.739500045776367,5.431000232696533,5.696000099182129,5.696000099182129,13774000
2017-06-05,5.729000091552734,5.756999969482422,5.544000148773193,5.568999767303467,5.568999767303467,8337000
2017-06-06,5.539000034332275,5.681000232696533,5.4710001945495605,5.584000110626221,5.584000110626221,8108000
2017-06-07,5.560999870300293,5.65500020980835,5.361999988555908,5.438000202178955,5.438000202178955,8478000
2017-06-08,5.5229997634887695,5.585999965667725,5.388000011444092,5.544000148773193,5.544000148773193,8004000
2017-06-09,5.554999828338623,5.645899772644043,5.068999767303467,5.136000156402588,5.136000156402588,20548000
2017-06-12,5.10099983215332,5.124000072479248,4.906000137329102,5.005000114440918,5.005000114440918,13164000
2017-06-13,5.138000011444092,5.199999809265137,4.927999973297119,5.014999866485596,5.014999866485596,9598000
2017-06-14,5.039999961853027,5.099999904632568,4.881999969482422,4.923999786376953,4.923999786376953,8387000
2017-06-15,4.9120001792907715,4.97599983215332,4.734000205993652,4.864999771118164,4.864999771118164,14370000
2017-06-16,4.869999885559082,5.039000034332275,4.8404998779296875,4.993000030517578,4.993000030517578,16122000
2017-06-19,5.122000217437744,5.224999904632568,5.019999980926514,5.206999778747559,5.206999778747559,12542000
2017-06-20,5.229000091552734,5.229000091552734,5.0,5.089000225067139,5.089000225067139,9163000
2017-06-21,5.0920000076293945,5.25,5.089000225067139,5.235000133514404,5.235000133514404,7674000
2017-06-22,5.250999927520752,5.271900177001953,5.130000114440918,5.184999942779541,5.184999942779541,9536000
2017-06-23,5.199999809265137,5.429999828338623,5.181000232696533,5.421000003814697,5.421000003814697,21434000
2017-06-26,5.460000038146973,5.508200168609619,5.198999881744385,5.308000087738037,5.308000087738037,7457000
2017-06-27,5.275000095367432,5.309999942779541,5.007999897003174,5.051000118255615,5.051000118255615,7338000
2017-06-28,5.051000118255615,5.27400016784668,5.01200008392334,5.254000186920166,5.254000186920166,8281000
2017-06-29,5.228000164031982,5.228000164031982,5.006999969482422,5.084000110626221,5.084000110626221,6357000
2017-06-30,5.090000152587891,5.125199794769287,5.006999969482422,5.011000156402588,5.011000156402588,3994000
2017-07-03,5.063000202178955,5.063000202178955,4.809000015258789,4.9720001220703125,4.9720001220703125,5469000
2017-07-05,5.008999824523926,5.065999984741211,4.887400150299072,4.98799991607666,4.98799991607666,4517000
2017-07-06,4.914000034332275,5.033899784088135,4.835000038146973,4.863999843597412,4.863999843597412,8162000
2017-07-07,4.88100004196167,5.050000190734863,4.822000026702881,4.989999771118164,4.989999771118164,6094000
2017-07-10,5.006999969482422,5.064000129699707,4.960999965667725,5.014999866485596,5.014999866485596,4076000
2017-07-11,5.014999866485596,5.260499954223633,4.992000102996826,5.117000102996826,5.117000102996826,8952000
2017-07-12,5.193999767303467,5.28000020980835,5.144999980926514,5.151000022888184,5.151000022888184,8039000
2017-07-13,5.178999900817871,5.199999809265137,5.065000057220459,5.079999923706055,5.079999923706055,6127000
2017-07-14,5.051000118255615,5.145999908447266,5.0289998054504395,5.10099983215332,5.10099983215332,6161000
2017-07-17,5.139999866485596,5.139999866485596,5.00600004196167,5.039000034332275,5.039000034332275,4640000
2017-07-18,5.01800012588501,5.039000034332275,4.927999973297119,4.988999843597412,4.988999843597412,5470000
2017-07-19,5.010000228881836,5.535999774932861,5.005000114440918,5.468999862670898,5.468999862670898,23354000
2017-07-20,5.5,5.574999809265137,5.326000213623047,5.452000141143799,5.452000141143799,12090000
2017-07-21,5.46999979019165,5.499000072479248,5.190000057220459,5.232999801635742,5.232999801635742,12478000
2017-07-24,5.203000068664551,5.449999809265137,5.201000213623047,5.410999774932861,5.410999774932861,8469000
2017-07-25,5.38700008392334,5.706999778747559,5.341000080108643,5.567999839782715,5.567999839782715,19295000
2017-07-26,5.599999904632568,5.670000076293945,5.458000183105469,5.497000217437744,5.497000217437744,7617000
2017-07-27,5.557000160217285,5.7870001792907715,5.110000133514404,5.309999942779541,5.309999942779541,17632000
2017-07-28,5.2789998054504395,5.389999866485596,5.21999979019165,5.341000080108643,5.341000080108643,7193000
2017-07-31,5.433000087738037,5.486999988555908,5.244500160217285,5.330999851226807,5.330999851226807,4881000
2017-08-01,5.348999977111816,5.388899803161621,5.275000095367432,5.3420000076293945,5.3420000076293945,5155000
2017-08-02,5.373000144958496,5.436999797821045,5.252999782562256,5.301000118255615,5.301000118255615,4133000
2017-08-03,5.2829999923706055,5.513700008392334,5.269800186157227,5.447999954223633,5.447999954223633,4959000
2017-08-04,5.445000171661377,5.4720001220703125,5.326000213623047,5.339000225067139,5.339000225067139,4007000
2017-08-07,5.386000156402588,5.682000160217285,5.330999851226807,5.551000118255615,5.551000118255615,8586000
2017-08-08,5.570000171661377,5.659999847412109,5.421999931335449,5.452000141143799,5.452000141143799,8595000
2017-08-09,5.414999961853027,5.482999801635742,5.330399990081787,5.39900016784668,5.39900016784668,9354000
2017-08-10,5.4070000648498535,5.443999767303467,4.929999828338623,5.00600004196167,5.00600004196167,22467000
2017-08-11,5.556000232696533,5.6579999923706055,5.054999828338623,5.445000171661377,5.445000171661377,39024000
2017-08-14,5.550000190734863,5.627999782562256,5.235000133514404,5.363999843597412,5.363999843597412,17186000
2017-08-15,5.34499979019165,5.375,4.980000019073486,5.1020002365112305,5.1020002365112305,20145000
2017-08-16,5.072000026702881,5.172999858856201,5.01200008392334,5.057000160217285,5.057000160217285,11871000
2017-08-17,5.03000020980835,5.190000057220459,4.769000053405762,4.836999893188477,4.836999893188477,17611000
2017-08-18,4.836999893188477,5.026000022888184,4.64900016784668,4.951000213623047,4.951000213623047,13717000
2017-08-21,4.931000232696533,5.019999980926514,4.802999973297119,5.001999855041504,5.001999855041504,8083000
2017-08-22,5.002999782562256,5.063000202178955,4.9019999504089355,5.0279998779296875,5.0279998779296875,7365000
2017-08-23,4.936999797821045,5.021999835968018,4.925000190734863,4.999000072479248,4.999000072479248,4566000
2017-08-24,5.048999786376953,5.188000202178955,5.00600004196167,5.099999904632568,5.099999904632568,8849000
2017-08-25,5.138000011444092,5.168000221252441,5.030300140380859,5.104000091552734,5.104000091552734,10545000
2017-08-28,5.129000186920166,5.1579999923706055,5.02400016784668,5.139999866485596,5.139999866485596,5865000
2017-08-29,5.050000190734863,5.218999862670898,5.050000190734863,5.175000190734863,5.175000190734863,7565000
2017-08-30,5.176000118255615,5.333000183105469,5.175000190734863,5.300000190734863,5.300000190734863,6090000
2017-08-31,5.333000183105469,5.3979997634887695,5.25540018081665,5.296999931335449,5.296999931335449,4780000
2017-09-01,5.306000232696533,5.439000129699707,5.260000228881836,5.36899995803833,5.36899995803833,7912000
2017-09-05,5.315000057220459,5.36299991607666,5.159999847412109,5.35099983215332,5.35099983215332,7750000
2017-09-06,5.35699987411499,5.498000144958496,5.35699987411499,5.485000133514404,5.485000133514404,8428000
2017-09-07,5.499000072479248,5.756999969482422,5.486499786376953,5.708000183105469,5.708000183105469,10832000
2017-09-08,5.705999851226807,5.920000076293945,5.578999996185303,5.623000144958496,5.623000144958496,13719000
2017-09-11,5.695000171661377,6.089000225067139,5.534999847412109,6.057000160217285,6.057000160217285,16850000
2017-09-12,6.190000057220459,6.285999774932861,6.010000228881836,6.168000221252441,6.168000221252441,13370000
2017-09-13,6.176000118255615,6.255000114440918,5.994999885559082,6.01200008392334,6.01200008392334,8652000
2017-09-14,5.999000072479248,6.058899879455566,5.901000022888184,5.96999979019165,5.96999979019165,8137000
2017-09-15,5.96999979019165,6.079800128936768,5.914000034332275,5.98799991607666,5.98799991607666,13322000
2017-09-18,6.039000034332275,6.118000030517578,5.935999870300293,6.008999824523926,6.008999824523926,6441000
2017-09-19,6.013999938964844,6.203999996185303,5.97599983215332,6.171999931335449,6.171999931335449,12147000
2017-09-20,6.203000068664551,6.267499923706055,5.849999904632568,5.980999946594238,5.980999946594238,14447000
2017-09-21,6.001999855041504,6.170000076293945,5.830999851226807,5.953999996185303,5.953999996185303,9252000
2017-09-22,5.892000198364258,6.014500141143799,5.875999927520752,5.980000019073486,5.980000019073486,4949000
2017-09-25,5.9730000495910645,5.980000019073486,5.560999870300293,5.636000156402588,5.636000156402588,10783000
2017-09-26,5.696000099182129,5.820000171661377,5.5665998458862305,5.60099983215332,5.60099983215332,8064000
2017-09-27,5.644000053405762,5.86299991607666,5.625,5.7789998054504395,5.7789998054504395,6663000
2017-09-28,5.730000019073486,5.876999855041504,5.690100193023682,5.831999778747559,5.831999778747559,4185000
2017-09-29,5.831999778747559,6.171999931335449,5.831999778747559,6.151000022888184,6.151000022888184,11334000
2017-10-02,6.201000213623047,6.23960018157959,5.941999912261963,5.955999851226807,5.955999851226807,7308000
2017-10-03,5.999000072479248,6.053999900817871,5.920000076293945,6.052999973297119,6.052999973297119,8537000
2017-10-04,6.038000106811523,6.191999912261963,5.909999847412109,6.013999938964844,6.013999938964844,7888000
2017-10-05,6.060999870300293,6.117000102996826,5.85699987411499,6.0960001945495605,6.0960001945495605,9309000
2017-10-06,6.034999847412109,6.52400016784668,6.002999782562256,6.427999973297119,6.427999973297119,16123000
2017-10-09,6.5,6.642000198364258,6.418000221252441,6.418000221252441,6.418000221252441,10483000
2017-10-10,6.451000213623047,6.520999908447266,6.395999908447266,6.4120001792907715,6.4120001792907715,4879000
2017-10-11,6.409999847412109,6.525000095367432,6.375999927520752,6.486000061035156,6.486000061035156,3971000
2017-10-12,6.485000133514404,6.6479997634887695,6.426000118255615,6.531000137329102,6.531000137329102,6756000
2017-10-13,6.650000095367432,6.730000019073486,6.553999900817871,6.651000022888184,6.651000022888184,6347000
2017-10-16,6.682000160217285,6.688899993896484,6.302000045776367,6.453000068664551,6.453000068664551,10556000
2017-10-17,6.428999900817871,6.489999771118164,6.331999778747559,6.388999938964844,6.388999938964844,4931000
2017-10-18,6.316999912261963,6.440999984741211,6.309999942779541,6.4070000648498535,6.4070000648498535,3607000
2017-10-19,6.300000190734863,6.335999965667725,6.151000022888184,6.323999881744385,6.323999881744385,5761000
2017-10-20,6.390999794006348,6.464000225067139,6.265999794006348,6.361999988555908,6.361999988555908,9789000
2017-10-23,6.47599983215332,6.480000019073486,6.331999778747559,6.3460001945495605,6.3460001945495605,6568000
2017-10-24,6.434999942779541,6.434999942779541,6.311100006103516,6.330999851226807,6.330999851226807,5179000
2017-10-25,6.3420000076293945,6.478000164031982,6.169000148773193,6.256999969482422,6.256999969482422,5028000
2017-10-26,6.309000015258789,6.447999954223633,6.210999965667725,6.26800012588501,6.26800012588501,4897000
2017-10-27,6.301000118255615,6.413000106811523,6.236000061035156,6.396999835968018,6.396999835968018,5079000
2017-10-30,6.440000057220459,6.480000019073486,6.290999889373779,6.420000076293945,6.420000076293945,3796000
2017-10-31,6.464000225067139,6.677999973297119,6.420000076293945,6.5920000076293945,6.5920000076293945,6417000
2017-11-01,6.633999824523926,6.665999889373779,6.3379998207092285,6.506999969482422,6.506999969482422,7136000
2017-11-02,6.47599983215332,6.47599983215332,6.297999858856201,6.406000137329102,6.406000137329102,5900000
2017-11-03,6.427999973297119,6.491000175476074,6.281000137329102,6.461999893188477,6.461999893188477,7705000
2017-11-06,6.51800012588501,6.558000087738037,6.400000095367432,6.538000106811523,6.538000106811523,7466000
2017-11-07,6.538000106811523,6.565999984741211,6.40500020980835,6.466000080108643,6.466000080108643,6599000
2017-11-08,6.440000057220459,6.4770002365112305,6.017000198364258,6.164999961853027,6.164999961853027,16566000
2017-11-09,6.050000190734863,6.1020002365112305,5.686500072479248,5.927999973297119,5.927999973297119,24684000
2017-11-10,5.135000228881836,5.3470001220703125,4.925099849700928,5.0995001792907715,5.0995001792907715,98413000
2017-11-13,5.10699987411499,5.13700008392334,4.684000015258789,4.8404998779296875,4.8404998779296875,49058000
2017-11-14,4.821000099182129,4.9309000968933105,4.631999969482422,4.704999923706055,4.704999923706055,20647000
2017-11-15,4.60699987411499,4.824999809265137,4.513000011444092,4.823999881744385,4.823999881744385,18245000
2017-11-16,4.849999904632568,5.013999938964844,4.805699825286865,4.889999866485596,4.889999866485596,15550000
2017-11-17,4.915999889373779,5.0329999923706055,4.888999938964844,5.000999927520752,5.000999927520752,10877000
2017-11-20,5.019999980926514,5.105000019073486,4.98199987411499,5.039999961853027,5.039999961853027,10570000
2017-11-21,5.074999809265137,5.21999979019165,5.047999858856201,5.191999912261963,5.191999912261963,10030000
2017-11-22,5.210999965667725,5.230999946594238,5.10099983215332,5.111999988555908,5.111999988555908,7244000
2017-11-24,5.10699987411499,5.151000022888184,5.020999908447266,5.11899995803833,5.11899995803833,3777000
2017-11-27,5.114999771118164,5.125999927520752,4.974999904632568,4.988999843597412,4.988999843597412,8798000
2017-11-28,4.991000175476074,5.035999774932861,4.856299877166748,5.013999938964844,5.013999938964844,8936000
2017-11-29,4.964000225067139,5.0,4.681000232696533,4.841000080108643,4.841000080108643,11450000
2017-11-30,4.834000110626221,4.923999786376953,4.762800216674805,4.914000034332275,4.914000034332275,10838000
2017-12-01,4.839000225067139,4.94189977645874,4.640999794006348,4.800000190734863,4.800000190734863,7937000
2017-12-04,4.857999801635742,4.900000095367432,4.495999813079834,4.525000095367432,4.525000095367432,16978000
2017-12-05,4.5,4.650000095367432,4.480999946594238,4.506999969482422,4.506999969482422,9569000
2017-12-06,4.473999977111816,4.499000072479248,4.343999862670898,4.418000221252441,4.418000221252441,10604000
2017-12-07,4.40500020980835,4.552999973297119,4.380000114440918,4.533999919891357,4.533999919891357,11820000
2017-12-08,4.563000202178955,4.644999980926514,4.4816999435424805,4.525000095367432,4.525000095367432,8912000
2017-12-11,4.698999881744385,4.928999900817871,4.682000160217285,4.829999923706055,4.829999923706055,15728000
2017-12-12,4.815000057220459,4.9070000648498535,4.678999900817871,4.685999870300293,4.685999870300293,8463000
2017-12-13,4.699999809265137,4.909800052642822,4.685999870300293,4.900000095367432,4.900000095367432,8870000
2017-12-14,4.90500020980835,4.948999881744385,4.793000221252441,4.896999835968018,4.896999835968018,8876000
2017-12-15,4.9070000648498535,4.991000175476074,4.835000038146973,4.925000190734863,4.925000190734863,8942000
2017-12-18,4.9670000076293945,5.0320000648498535,4.9079999923706055,4.980000019073486,4.980000019073486,8036000
2017-12-19,4.974999904632568,5.038000106811523,4.835999965667725,4.894000053405762,4.894000053405762,5480000
2017-12-20,4.979000091552734,5.090000152587891,4.918000221252441,4.959000110626221,4.959000110626221,5595000
2017-12-21,4.986000061035156,4.986000061035156,4.598999977111816,4.616000175476074,4.616000175476074,18377000
2017-12-22,4.638999938964844,4.718999862670898,4.557000160217285,4.622000217437744,4.622000217437744,8866000
2017-12-26,4.620999813079834,4.64900016784668,4.5289998054504395,4.6479997634887695,4.6479997634887695,3910000
2017-12-27,4.630000114440918,4.763899803161621,4.6020002365112305,4.701000213623047,4.701000213623047,5698000
2017-12-28,4.695000171661377,4.714000225067139,4.60699987411499,4.642000198364258,4.642000198364258,5952000
2017-12-29,4.626999855041504,4.650000095367432,4.558000087738037,4.572999954223633,4.572999954223633,7743000
2018-01-02,4.568999767303467,4.671000003814697,4.545000076293945,4.640999794006348,4.640999794006348,6902000
2018-01-03,4.640999794006348,4.866000175476074,4.590000152587891,4.790999889373779,4.790999889373779,8218000
2018-01-04,4.8429999351501465,4.859000205993652,4.715199947357178,4.764999866485596,4.764999866485596,5647000
2018-01-05,4.809999942779541,4.888999938964844,4.75,4.835000038146973,4.835000038146973,5841000
2018-01-08,4.849999904632568,4.877999782562256,4.718999862670898,4.7870001792907715,4.7870001792907715,5727000
2018-01-09,4.801000118255615,4.875,4.729000091552734,4.742000102996826,4.742000102996826,4435000
2018-01-10,4.767000198364258,4.845900058746338,4.672999858856201,4.789999961853027,4.789999961853027,5736000
2018-01-11,4.818999767303467,4.98199987411499,4.738999843597412,4.895999908447266,4.895999908447266,8776000
2018-01-12,4.89900016784668,4.999000072479248,4.811999797821045,4.913000106811523,4.913000106811523,8488000
2018-01-16,4.965000152587891,5.0,4.817999839782715,4.833000183105469,4.833000183105469,9061000
2018-01-17,4.876999855041504,4.966000080108643,4.84499979019165,4.947999954223633,4.947999954223633,5172000
2018-01-18,4.949999809265137,5.025000095367432,4.824999809265137,4.835999965667725,4.835999965667725,8649000
2018-01-19,4.918000221252441,4.9868998527526855,4.690000057220459,4.736000061035156,4.736000061035156,14905000
2018-01-22,4.756999969482422,4.888999938964844,4.691999912261963,4.864999771118164,4.864999771118164,7145000
2018-01-23,4.876999855041504,4.979000091552734,4.8018999099731445,4.940000057220459,4.940000057220459,5765000
2018-01-24,4.974999904632568,5.046999931335449,4.816999912261963,4.880000114440918,4.880000114440918,8770000
2018-01-25,4.915999889373779,4.979000091552734,4.870999813079834,4.947999954223633,4.947999954223633,4753000
2018-01-26,4.982999801635742,5.194900035858154,4.954999923706055,5.124000072479248,5.124000072479248,8967000
2018-01-29,5.144000053405762,5.14900016784668,4.949999809265137,5.054999828338623,5.054999828338623,6139000
2018-01-30,4.959000110626221,5.0,4.8470001220703125,4.86899995803833,4.86899995803833,7174000
2018-01-31,4.910999774932861,4.936500072479248,4.76200008392334,4.8480000495910645,4.8480000495910645,7744000
2018-02-01,4.785999774932861,4.81850004196167,4.3429999351501465,4.583000183105469,4.583000183105469,23680000
2018-02-02,4.5970001220703125,4.736499786376953,4.521999835968018,4.676000118255615,4.676000118255615,16993000
2018-02-05,4.584000110626221,4.696000099182129,4.5,4.510000228881836,4.510000228881836,8309000
2018-02-06,4.4039998054504395,4.5929999351501465,4.355000019073486,4.546999931335449,4.546999931335449,11596000
2018-02-07,4.519999980926514,4.561200141906738,4.416999816894531,4.420000076293945,4.420000076293945,11578000
2018-02-08,4.451000213623047,4.499000072479248,4.302999973297119,4.334000110626221,4.334000110626221,5844000
2018-02-09,4.363999843597412,4.416999816894531,4.070000171661377,4.28000020980835,4.28000020980835,9703000
2018-02-12,4.385000228881836,4.433000087738037,4.209000110626221,4.388000011444092,4.388000011444092,7762000
2018-02-13,4.375999927520752,4.535999774932861,4.361999988555908,4.521999835968018,4.521999835968018,7144000
2018-02-14,4.498000144958496,4.790500164031982,4.435999870300293,4.7210001945495605,4.7210001945495605,11445000
2018-02-15,4.738999843597412,4.843999862670898,4.691999912261963,4.830999851226807,4.830999851226807,5516000
2018-02-16,4.817999839782715,4.910999774932861,4.770999908447266,4.841000080108643,4.841000080108643,4919000
2018-02-20,4.800000190734863,5.039000034332275,4.800000190734863,5.019999980926514,5.019999980926514,9635000
2018-02-21,5.026000022888184,5.173999786376953,4.964000225067139,4.980999946594238,4.980999946594238,9964000
2018-02-22,4.997000217437744,5.093999862670898,4.800000190734863,4.840000152587891,4.840000152587891,18809000
2018-02-23,5.474999904632568,6.019000053405762,5.469099998474121,5.99399995803833,5.99399995803833,62295000
2018-02-26,5.989999771118164,6.0929999351501465,5.638000011444092,5.736999988555908,5.736999988555908,21588000
2018-02-27,5.686999797821045,5.757999897003174,5.554500102996826,5.556000232696533,5.556000232696533,11974000
2018-02-28,5.577000141143799,5.694399833679199,5.505000114440918,5.625999927520752,5.625999927520752,10046000
2018-03-01,5.581999778747559,5.645100116729736,5.322999954223633,5.432000160217285,5.432000160217285,12200000
2018-03-02,5.400000095367432,5.710999965667725,5.315000057220459,5.690999984741211,5.690999984741211,13658000
2018-03-05,5.691999912261963,5.880000114440918,5.664999961853027,5.823999881744385,5.823999881744385,10525000
2018-03-06,5.815999984741211,5.894999980926514,5.7129998207092285,5.798999786376953,5.798999786376953,6247000
2018-03-07,5.701000213623047,5.9120001792907715,5.699999809265137,5.86899995803833,5.86899995803833,5947000
2018-03-08,5.927000045776367,5.989999771118164,5.761000156402588,5.791999816894531,5.791999816894531,6316000
2018-03-09,5.848999977111816,5.910999774932861,5.809999942779541,5.886000156402588,5.886000156402588,5581000
2018-03-12,5.900000095367432,5.991000175476074,5.867000102996826,5.953000068664551,5.953000068664551,4982000
2018-03-13,5.900000095367432,5.991000175476074,5.769999980926514,5.795000076293945,5.795000076293945,5558000
2018-03-14,5.801000118255615,5.989999771118164,5.7729997634887695,5.85699987411499,5.85699987411499,8232000
2018-03-15,5.900000095367432,5.929999828338623,5.781000137329102,5.839000225067139,5.839000225067139,5570000
2018-03-16,5.828000068664551,5.857999801635742,5.73199987411499,5.790999889373779,5.790999889373779,7691000
2018-03-19,5.765999794006348,5.826000213623047,5.500999927520752,5.559999942779541,5.559999942779541,9624000
2018-03-20,5.559999942779541,5.7270002365112305,5.552999973297119,5.699999809265137,5.699999809265137,7379000
2018-03-21,5.672999858856201,5.744999885559082,5.565000057220459,5.651000022888184,5.651000022888184,4905000
2018-03-22,5.564000129699707,5.669000148773193,5.447999954223633,5.452000141143799,5.452000141143799,6327000
2018-03-23,5.465000152587891,5.487500190734863,5.329999923706055,5.334000110626221,5.334000110626221,6566000
2018-03-26,5.425000190734863,5.5329999923706055,5.408999919891357,5.521999835968018,5.521999835968018,5919000
2018-03-27,5.558000087738037,5.623000144958496,5.1620001792907715,5.223999977111816,5.223999977111816,10110000
2018-03-28,5.206999778747559,5.250999927520752,5.035999774932861,5.0960001945495605,5.0960001945495605,11189000
2018-03-29,5.110000133514404,5.150000095367432,4.730999946594238,4.961999893188477,4.961999893188477,23561000
2018-04-02,4.895999908447266,4.961999893188477,4.728000164031982,4.801000118255615,4.801000118255615,8606000
2018-04-03,4.828000068664551,4.870999813079834,4.695000171661377,4.745999813079834,4.745999813079834,7597000
2018-04-04,4.6519999504089355,4.816999912261963,4.577199935913086,4.789999961853027,4.789999961853027,7718000
2018-04-05,4.923999786376953,5.048999786376953,4.889999866485596,4.89900016784668,4.89900016784668,14064000
2018-04-06,4.855000019073486,4.940999984741211,4.716000080108643,4.76800012588501,4.76800012588501,5130000
2018-04-09,4.820000171661377,4.926000118255615,4.769999980926514,4.794000148773193,4.794000148773193,5816000
2018-04-10,4.876999855041504,5.00600004196167,4.813000202178955,4.973999977111816,4.973999977111816,5372000
2018-04-11,4.920000076293945,5.125999927520752,4.910999774932861,5.085999965667725,5.085999965667725,6669000
2018-04-12,5.116000175476074,5.230999946594238,5.090000152587891,5.209000110626221,5.209000110626221,5353000
2018-04-13,5.249000072479248,5.300000190734863,5.1620001792907715,5.229000091552734,5.229000091552734,8528000
2018-04-16,5.263999938964844,5.299900054931641,5.204999923706055,5.25600004196167,5.25600004196167,6275000
2018-04-17,5.298999786376953,5.500999927520752,5.2870001792907715,5.421000003814697,5.421000003814697,6927000
2018-04-18,5.413000106811523,5.447999954223633,5.317999839782715,5.40500020980835,5.40500020980835,4357000
2018-04-19,5.359000205993652,5.422999858856201,5.308000087738037,5.3979997634887695,5.3979997634887695,3561000
2018-04-20,5.380000114440918,5.442999839782715,5.361499786376953,5.413000106811523,5.413000106811523,3485000
2018-04-23,5.440999984741211,5.442999839782715,5.339000225067139,5.372000217437744,5.372000217437744,2967000
2018-04-24,5.415999889373779,5.415999889373779,5.1519999504089355,5.25,5.25,4954000
2018-04-25,5.26800012588501,5.2779998779296875,5.046000003814697,5.10099983215332,5.10099983215332,6750000
2018-04-26,5.1519999504089355,5.2779998779296875,5.135000228881836,5.210999965667725,5.210999965667725,4744000
2018-04-27,5.260000228881836,5.288000106811523,5.151500225067139,5.173999786376953,5.173999786376953,3522000
2018-04-30,5.170000076293945,5.191299915313721,5.091000080108643,5.117000102996826,5.117000102996826,5773000
2018-05-01,5.120999813079834,5.131999969482422,4.934500217437744,4.945000171661377,4.945000171661377,9783000
2018-05-02,5.074999809265137,5.249100208282471,4.929999828338623,4.934000015258789,4.934000015258789,8745000
2018-05-03,4.906000137329102,4.959000110626221,4.761000156402588,4.943999767303467,4.943999767303467,6926000
2018-05-04,4.943999767303467,4.982999801635742,4.880799770355225,4.942999839782715,4.942999839782715,6859000
2018-05-07,4.986000061035156,5.146999835968018,4.9654998779296875,5.089000225067139,5.089000225067139,7346000
2018-05-08,5.052000045776367,5.159999847412109,4.994999885559082,5.093999862670898,5.093999862670898,5762000
2018-05-09,5.125,5.176000118255615,4.991000175476074,5.1519999504089355,5.1519999504089355,9494000
2018-05-10,5.256999969482422,5.461999893188477,5.236999988555908,5.2729997634887695,5.2729997634887695,28046000
2018-05-11,6.775000095367432,7.579999923706055,6.730999946594238,7.560999870300293,7.560999870300293,127624000
2018-05-14,7.551000118255615,7.7428998947143555,7.25,7.492000102996826,7.492000102996826,41209000
2018-05-15,7.373000144958496,8.097000122070312,7.371799945831299,8.022000312805176,8.022000312805176,45812000
2018-05-16,7.939000129699707,8.336999893188477,7.939000129699707,8.074999809265137,8.074999809265137,28294000
2018-05-17,8.01200008392334,8.306900024414062,8.008299827575684,8.043999671936035,8.043999671936035,17576000
2018-05-18,8.0649995803833,8.581000328063965,8.062999725341797,8.562999725341797,8.562999725341797,28689000
2018-05-21,8.574999809265137,8.779999732971191,8.178000450134277,8.295999526977539,8.295999526977539,22086000
2018-05-22,8.300000190734863,8.508999824523926,8.175000190734863,8.222999572753906,8.222999572753906,15089000
2018-05-23,8.210000038146973,8.371000289916992,8.175999641418457,8.295999526977539,8.295999526977539,7708000
2018-05-24,8.270999908447266,8.395000457763672,8.184399604797363,8.298999786376953,8.298999786376953,5829000
2018-05-25,8.291999816894531,8.487000465393066,8.211999893188477,8.255999565124512,8.255999565124512,7233000
2018-05-29,8.206999778747559,8.319999694824219,8.182000160217285,8.27299976348877,8.27299976348877,8021000
2018-05-30,8.324999809265137,8.541000366210938,8.279999732971191,8.454000473022461,8.454000473022461,9650000
2018-05-31,8.480999946594238,8.571999549865723,8.418000221252441,8.553000450134277,8.553000450134277,6884000
2018-06-01,8.604000091552734,9.13700008392334,8.510000228881836,8.663999557495117,8.663999557495117,31263000
2018-06-04,8.5,8.572999954223633,8.008999824523926,8.319999694824219,8.319999694824219,23859000
2018-06-05,8.321999549865723,8.836000442504883,8.321999549865723,8.793000221252441,8.793000221252441,15436000
2018-06-06,8.86400032043457,8.894000053405762,8.618000030517578,8.626999855041504,8.626999855041504,8422000
2018-06-07,8.67199993133545,8.704999923706055,8.414999961853027,8.654999732971191,8.654999732971191,7254000
2018-06-08,8.682999610900879,8.954000473022461,8.67199993133545,8.862000465393066,8.862000465393066,7559000
2018-06-11,8.857999801635742,8.975000381469727,8.68809986114502,8.881999969482422,8.881999969482422,7169000
2018-06-12,8.840999603271484,9.180000305175781,8.820099830627441,9.07699966430664,9.07699966430664,11557000
2018-06-13,9.1899995803833,9.253000259399414,8.913599967956543,9.005999565124512,9.005999565124512,9005000
2018-06-14,9.232999801635742,9.289999961853027,8.850000381469727,9.053000450134277,9.053000450134277,12579000
2018-06-15,9.006999969482422,9.038000106811523,8.812000274658203,9.01200008392334,9.01200008392334,9103000
2018-06-18,8.994000434875488,9.300000190734863,8.928999900817871,9.291999816894531,9.291999816894531,10207000
2018-06-19,9.189000129699707,9.291000366210938,8.651000022888184,9.14900016784668,9.14900016784668,11342000
2018-06-20,9.175999641418457,9.449000358581543,9.175999641418457,9.336000442504883,9.336000442504883,6417000
2018-06-21,9.413999557495117,9.435500144958496,9.050000190734863,9.154000282287598,9.154000282287598,7653000
2018-06-22,9.258999824523926,9.265000343322754,8.97599983215332,9.206000328063965,9.206000328063965,16171000
2018-06-25,9.050999641418457,9.14900016784668,8.470000267028809,8.934000015258789,8.934000015258789,14703000
2018-06-26,8.937999725341797,9.218999862670898,8.842599868774414,9.164999961853027,9.164999961853027,7473000
2018-06-27,9.201000213623047,9.333000183105469,8.949999809265137,8.958000183105469,8.958000183105469,6590000
2018-06-28,8.92300033569336,9.307999610900879,8.901000022888184,9.220999717712402,9.220999717712402,6208000
2018-06-29,9.288999557495117,9.46399974822998,9.202400207519531,9.380000114440918,9.380000114440918,7148000
2018-07-02,9.253999710083008,9.4350004196167,9.206000328063965,9.420000076293945,9.420000076293945,7303000
2018-07-03,9.484999656677246,9.508700370788574,9.079999923706055,9.100000381469727,9.100000381469727,4575000
2018-07-05,9.199999809265137,9.307000160217285,9.115400314331055,9.277000427246094,9.277000427246094,6333000
2018-07-06,9.25,9.480999946594238,9.196100234985352,9.399999618530273,9.399999618530273,6048000
2018-07-09,9.392000198364258,9.470999717712402,9.281999588012695,9.454999923706055,9.454999923706055,5477000
2018-07-10,9.4399995803833,9.595999717712402,9.15999984741211,9.269000053405762,9.269000053405762,5251000
2018-07-11,9.178000450134277,9.33899974822998,9.092000007629395,9.163999557495117,9.163999557495117,5413000
2018-07-12,9.234999656677246,9.494999885559082,9.11400032043457,9.482999801635742,9.482999801635742,5097000
2018-07-13,9.494999885559082,9.5,9.291500091552734,9.413999557495117,9.413999557495117,2888000
2018-07-16,9.420999526977539,9.446000099182129,9.239999771118164,9.333000183105469,9.333000183105469,5430000
2018-07-17,9.461000442504883,9.520000457763672,9.21399974822998,9.489999771118164,9.489999771118164,7249000
2018-07-18,9.498000144958496,9.53600025177002,9.372099876403809,9.517999649047852,9.517999649047852,3860000
2018-07-19,9.503999710083008,9.564000129699707,9.354000091552734,9.470000267028809,9.470000267028809,3276000
2018-07-20,9.472000122070312,9.786999702453613,9.472000122070312,9.729999542236328,9.729999542236328,9465000
2018-07-23,9.75,9.782400131225586,9.352999687194824,9.48799991607666,9.48799991607666,7594000
2018-07-24,9.60200023651123,9.699999809265137,8.751999855041504,9.024999618530273,9.024999618530273,11754000
2018-07-25,9.062000274658203,9.473999977111816,9.041000366210938,9.314000129699707,9.314000129699707,5945000
2018-07-26,9.199999809265137,9.437999725341797,9.02299976348877,9.279000282287598,9.279000282287598,4458000
2018-07-27,9.333999633789062,9.38700008392334,8.734000205993652,8.949999809265137,8.949999809265137,9957000
2018-07-30,9.0,9.029999732971191,8.413000106811523,8.595999717712402,8.595999717712402,9196000
2018-07-31,8.600000381469727,8.765000343322754,8.366000175476074,8.432000160217285,8.432000160217285,9192000
2018-08-01,8.411999702453613,8.817000389099121,8.411999702453613,8.684000015258789,8.684000015258789,8746000
2018-08-02,8.619999885559082,8.918000221252441,8.57229995727539,8.848999977111816,8.848999977111816,5099000
2018-08-03,8.850000381469727,8.928199768066406,8.58899974822998,8.687000274658203,8.687000274658203,5952000
2018-08-06,8.699999809265137,8.936400413513184,8.576299667358398,8.913999557495117,8.913999557495117,4181000
2018-08-07,9.031000137329102,9.154000282287598,8.86299991607666,9.012999534606934,9.012999534606934,5967000
2018-08-08,9.029999732971191,9.21500015258789,8.951000213623047,9.13700008392334,9.13700008392334,7260000
2018-08-09,9.149999618530273,9.484000205993652,9.149999618530273,9.329000473022461,9.329000473022461,19607000
2018-08-10,11.550000190734863,13.083999633789062,11.22700023651123,12.793000221252441,12.793000221252441,103549000
2018-08-13,12.800999641418457,12.970000267028809,12.350000381469727,12.569000244140625,12.569000244140625,26741000
2018-08-14,12.649999618530273,13.345999717712402,12.532999992370605,13.300000190734863,13.300000190734863,23240000
2018-08-15,13.298999786376953,13.383999824523926,12.32040023803711,12.668999671936035,12.668999671936035,17901000
2018-08-16,12.875,13.084099769592285,12.574000358581543,12.723999977111816,12.723999977111816,9592000
2018-08-17,12.711999893188477,12.800000190734863,12.454000473022461,12.560999870300293,12.560999870300293,7982000
2018-08-20,12.65999984741211,12.725000381469727,12.38599967956543,12.53600025177002,12.53600025177002,6463000
2018-08-21,12.604000091552734,13.020999908447266,12.4399995803833,12.902999877929688,12.902999877929688,10162000
2018-08-22,12.902999877929688,13.09589958190918,12.772000312805176,12.968000411987305,12.968000411987305,7533000
2018-08-23,12.960000038146973,13.682999610900879,12.960000038146973,13.670000076293945,13.670000076293945,14757000
2018-08-24,13.774999618530273,14.079000473022461,13.572999954223633,13.835000038146973,13.835000038146973,11622000
2018-08-27,14.005000114440918,14.21500015258789,13.904999732971191,13.972000122070312,13.972000122070312,7554000
2018-08-28,14.079999923706055,14.208999633789062,13.72599983215332,14.008999824523926,14.008999824523926,5439000
2018-08-29,14.0,14.347000122070312,13.956299781799316,14.166000366210938,14.166000366210938,5494000
2018-08-30,14.170000076293945,14.29800033569336,13.980999946594238,14.07800006866455,14.07800006866455,5234000
2018-08-31,13.958999633789062,14.237000465393066,13.951000213623047,14.187999725341797,14.187999725341797,5058000
2018-09-04,14.187000274658203,14.741999626159668,14.11709976196289,14.668999671936035,14.668999671936035,10704000
2018-09-05,14.638999938964844,14.749500274658203,13.449999809265137,14.189000129699707,14.189000129699707,14978000
2018-09-06,14.21399974822998,14.300000190734863,13.668000221252441,13.925000190734863,13.925000190734863,9140000
2018-09-07,13.78499984741211,14.645999908447266,13.626999855041504,14.196999549865723,14.196999549865723,8019000
2018-09-10,14.354999542236328,14.545000076293945,14.010000228881836,14.244000434875488,14.244000434875488,7162000
2018-09-11,14.156000137329102,14.901599884033203,14.100000381469727,14.772000312805176,14.772000312805176,8713000
2018-09-12,14.899999618530273,14.899999618530273,14.057000160217285,14.583999633789062,14.583999633789062,9048000
2018-09-13,14.699999809265137,15.175999641418457,14.466099739074707,14.562000274658203,14.562000274658203,7996000
2018-09-14,14.579999923706055,14.800999641418457,14.435999870300293,14.609000205993652,14.609000205993652,5699000
2018-09-17,14.586999893188477,14.819999694824219,14.211999893188477,14.265000343322754,14.265000343322754,6184000
2018-09-18,14.239999771118164,14.64799976348877,14.22599983215332,14.472999572753906,14.472999572753906,6048000
2018-09-19,14.529999732971191,14.616999626159668,14.175999641418457,14.484999656677246,14.484999656677246,6045000
2018-09-20,14.222000122070312,14.508999824523926,14.145000457763672,14.322999954223633,14.322999954223633,7980000
2018-09-21,14.380999565124512,14.42300033569336,14.072999954223633,14.185999870300293,14.185999870300293,12226000
2018-09-24,14.062000274658203,14.258000373840332,13.5649995803833,13.934000015258789,13.934000015258789,9283000
2018-09-25,14.302000045776367,15.58899974822998,14.215999603271484,15.468000411987305,15.468000411987305,22365000
2018-09-26,15.321000099182129,15.883999824523926,15.027999877929688,15.574999809265137,15.574999809265137,14789000
2018-09-27,15.807000160217285,16.149999618530273,15.300000190734863,15.491999626159668,15.491999626159668,11827000
2018-09-28,15.404999732971191,15.571000099182129,15.039999961853027,15.090999603271484,15.090999603271484,9515000
2018-10-01,15.151000022888184,15.276000022888184,14.219499588012695,14.35200023651123,14.35200023651123,16759000
2018-10-02,14.151000022888184,14.182000160217285,13.026000022888184,13.336999893188477,13.336999893188477,24175000
2018-10-03,13.699999809265137,14.053999900817871,13.423999786376953,13.885000228881836,13.885000228881836,19101000
2018-10-04,13.751999855041504,13.8100004196167,13.27299976348877,13.623000144958496,13.623000144958496,8300000
2018-10-05,13.479000091552734,13.877799987792969,13.112000465393066,13.34000015258789,13.34000015258789,8920000
2018-10-08,13.161999702453613,13.600000381469727,12.810999870300293,13.1899995803833,13.1899995803833,11707000
2018-10-09,13.319999694824219,13.595000267028809,12.875,12.892000198364258,12.892000198364258,9014000
2018-10-10,12.800000190734863,12.815999984741211,11.854999542236328,11.864999771118164,11.864999771118164,19673000
2018-10-11,11.800000190734863,12.437000274658203,11.604999542236328,11.77299976348877,11.77299976348877,17210000
2018-10-12,12.375,12.824000358581543,11.935999870300293,12.305999755859375,12.305999755859375,19998000
2018-10-15,12.256999969482422,12.5649995803833,12.092000007629395,12.38700008392334,12.38700008392334,12492000
2018-10-16,12.65999984741211,13.02180004119873,12.493000030517578,12.98900032043457,12.98900032043457,11497000
2018-10-17,13.050000190734863,13.199999809265137,12.552000045776367,12.82800006866455,12.82800006866455,9483000
2018-10-18,12.682000160217285,12.822999954223633,12.312999725341797,12.472000122070312,12.472000122070312,8916000
2018-10-19,12.51200008392334,12.647000312805176,12.020000457763672,12.130000114440918,12.130000114440918,9594000
2018-10-22,12.210000038146973,12.53499984741211,12.072699546813965,12.4399995803833,12.4399995803833,7501000
2018-10-23,12.043000221252441,12.458999633789062,11.928000450134277,12.274999618530273,12.274999618530273,8716000
2018-10-24,12.218000411987305,12.5,11.343000411987305,11.380000114440918,11.380000114440918,14164000
2018-10-25,11.5600004196167,11.86299991607666,11.35770034790039,11.62399959564209,11.62399959564209,11740000
2018-10-26,11.300000190734863,11.407999992370605,10.65839958190918,11.031000137329102,11.031000137329102,15623000
2018-10-29,11.288000106811523,11.468000411987305,10.621999740600586,10.911999702453613,10.911999702453613,12289000
2018-10-30,10.708999633789062,11.548999786376953,10.5024995803833,11.527999877929688,11.527999877929688,12672000
2018-10-31,11.911999702453613,12.574999809265137,11.752099990844727,12.354999542236328,12.354999542236328,14916000
2018-11-01,12.479000091552734,12.725000381469727,12.121000289916992,12.65999984741211,12.65999984741211,7723000
2018-11-02,12.732000350952148,12.942999839782715,12.506999969482422,12.795000076293945,12.795000076293945,9469000
2018-11-05,12.743000030517578,12.819999694824219,12.00220012664795,12.300000190734863,12.300000190734863,12931000
2018-11-06,12.220999717712402,12.569000244140625,12.031000137329102,12.211000442504883,12.211000442504883,6336000
2018-11-07,12.440999984741211,13.270000457763672,12.331000328063965,13.187999725341797,13.187999725341797,18020000
2018-11-08,13.166000366210938,13.187000274658203,12.104000091552734,12.220000267028809,12.220000267028809,28593000
2018-11-09,11.131999969482422,13.095999717712402,11.020000457763672,12.256999969482422,12.256999969482422,59331000
2018-11-12,12.123000144958496,12.14840030670166,10.64799976348877,11.093000411987305,11.093000411987305,28859000
2018-11-13,11.149999618530273,11.380000114440918,10.552499771118164,11.206000328063965,11.206000328063965,20366000
2018-11-14,11.48799991607666,11.914999961853027,11.303000450134277,11.651000022888184,11.651000022888184,22376000
2018-11-15,11.555999755859375,12.387999534606934,11.430000305175781,12.333999633789062,12.333999633789062,12869000
2018-11-16,12.055999755859375,12.732999801635742,11.951000213623047,12.52299976348877,12.52299976348877,13434000
2018-11-19,12.385000228881836,12.402099609375,11.189000129699707,11.373000144958496,11.373000144958496,17476000
2018-11-20,10.550000190734863,11.602999687194824,10.534000396728516,11.32699966430664,11.32699966430664,12592000
2018-11-21,11.5625,11.97599983215332,11.312000274658203,11.852999687194824,11.852999687194824,7632000
2018-11-23,11.64900016784668,12.061699867248535,11.600000381469727,11.9350004196167,11.9350004196167,3588000
2018-11-26,12.298999786376953,13.096099853515625,11.916000366210938,12.9399995803833,12.9399995803833,16540000
2018-11-27,12.717000007629395,12.946999549865723,12.505999565124512,12.942999839782715,12.942999839782715,10412000
2018-11-28,13.185999870300293,13.593999862670898,12.810999870300293,13.565999984741211,13.565999984741211,16127000
2018-11-29,13.439499855041504,14.347000122070312,13.439499855041504,14.081000328063965,14.081000328063965,15479000
2018-11-30,14.001999855041504,14.30150032043457,13.861000061035156,14.244999885559082,14.244999885559082,9912000
2018-12-03,14.800999641418457,14.8996000289917,14.154999732971191,14.861000061035156,14.861000061035156,13734000
2018-12-04,14.625,14.89900016784668,13.829999923706055,14.01099967956543,14.01099967956543,15121000
2018-12-06,13.390000343322754,14.197999954223633,12.811599731445312,14.187000274658203,14.187000274658203,21715000
2018-12-07,14.217000007629395,14.598999977111816,13.229499816894531,13.357000350952148,13.357000350952148,15011000
2018-12-10,13.357000350952148,13.849499702453613,12.958999633789062,13.475000381469727,13.475000381469727,10631000
2018-12-11,13.958999633789062,13.98799991607666,13.416999816894531,13.781000137329102,13.781000137329102,8362000
2018-12-12,14.116999626159668,14.800000190734863,14.079999923706055,14.34000015258789,14.34000015258789,11784000
2018-12-13,14.414999961853027,14.513899803161621,13.78849983215332,13.899999618530273,13.899999618530273,9519000
2018-12-14,13.706999778747559,14.324000358581543,13.619999885559082,13.652999877929688,13.652999877929688,10196000
2018-12-17,13.5649995803833,13.661299705505371,12.277400016784668,12.447999954223633,12.447999954223633,17149000
2018-12-18,12.626999855041504,12.748499870300293,12.038000106811523,12.381999969482422,12.381999969482422,12790000
2018-12-19,12.42199993133545,12.732999801635742,11.85509967803955,12.154999732971191,12.154999732971191,11432000
2018-12-20,12.017999649047852,12.324000358581543,11.026000022888184,11.708999633789062,11.708999633789062,15192000
2018-12-21,11.734999656677246,11.75100040435791,10.612000465393066,10.654999732971191,10.654999732971191,22281000
2018-12-24,10.368000030517578,10.875,10.235099792480469,10.439000129699707,10.439000129699707,10349000
2018-12-26,10.644000053405762,11.10099983215332,10.317999839782715,11.081000328063965,11.081000328063965,17039000
2018-12-27,10.899999618530273,11.39799976348877,10.630000114440918,11.395999908447266,11.395999908447266,12035000
2018-12-28,11.51200008392334,11.699999809265137,11.142999649047852,11.444999694824219,11.444999694824219,8424000
2018-12-31,11.609000205993652,11.697999954223633,11.314000129699707,11.605999946594238,11.605999946594238,6842000
2019-01-02,11.185999870300293,11.767000198364258,11.105999946594238,11.616000175476074,11.616000175476074,8393000
2019-01-03,11.324999809265137,11.621000289916992,10.937999725341797,10.956000328063965,10.956000328063965,7754000
2019-01-04,11.32699966430664,12.062999725341797,11.055000305175781,11.791999816894531,11.791999816894531,11460000
2019-01-07,11.991000175476074,12.628399848937988,11.866000175476074,12.456999778747559,12.456999778747559,10790000
2019-01-08,12.723999977111816,12.845999717712402,12.16100025177002,12.805000305175781,12.805000305175781,9501000
2019-01-09,12.892999649047852,12.994000434875488,12.515000343322754,12.880000114440918,12.880000114440918,8543000
2019-01-10,12.699999809265137,13.1899995803833,12.555000305175781,12.967000007629395,12.967000007629395,9205000
2019-01-11,12.88599967956543,13.04699993133545,12.635000228881836,12.729999542236328,12.729999542236328,7974000
2019-01-14,12.527000427246094,12.991000175476074,12.399999618530273,12.848999977111816,12.848999977111816,7785000
2019-01-15,12.890999794006348,13.34000015258789,12.800000190734863,13.041000366210938,13.041000366210938,9004000
2019-01-16,13.135000228881836,13.428000450134277,13.041000366210938,13.050999641418457,13.050999641418457,6300000
2019-01-17,12.96399974822998,13.47599983215332,12.800000190734863,13.317999839782715,13.317999839782715,6582000
2019-01-18,13.449999809265137,13.934900283813477,13.380999565124512,13.89900016784668,13.89900016784668,10931000
2019-01-22,13.793999671936035,13.819999694824219,13.255999565124512,13.402000427246094,13.402000427246094,9799000
2019-01-23,13.529000282287598,13.77869987487793,13.201000213623047,13.383999824523926,13.383999824523926,7156000
2019-01-24,13.4350004196167,13.574000358581543,13.206000328063965,13.503999710083008,13.503999710083008,5449000
2019-01-25,13.649999618530273,13.991000175476074,13.62600040435791,13.777999877929688,13.777999877929688,7556000
2019-01-28,13.619000434875488,13.657999992370605,13.352999687194824,13.569000244140625,13.569000244140625,6096000
2019-01-29,13.571000099182129,13.697999954223633,13.296500205993652,13.456000328063965,13.456000328063965,5475000
2019-01-30,13.699999809265137,14.178999900817871,13.53950023651123,14.005000114440918,14.005000114440918,8174000
2019-01-31,14.005000114440918,14.57800006866455,14.005000114440918,14.267999649047852,14.267999649047852,10216000
2019-02-01,14.246999740600586,14.600000381469727,14.215900421142578,14.526000022888184,14.526000022888184,7564000
2019-02-04,14.600000381469727,15.515000343322754,14.567000389099121,15.166999816894531,15.166999816894531,15938000
2019-02-05,15.314000129699707,15.75,15.298999786376953,15.515999794006348,15.515999794006348,12206000
2019-02-06,15.5,15.597000122070312,14.618000030517578,14.75,14.75,17402000
2019-02-07,14.539999961853027,14.539999961853027,13.858200073242188,14.204000473022461,14.204000473022461,13474000
2019-02-08,13.949999809265137,14.690999984741211,13.878000259399414,14.618000030517578,14.618000030517578,8589000
2019-02-11,14.800999641418457,15.0,14.515999794006348,14.890000343322754,14.890000343322754,8303000
2019-02-12,15.100000381469727,15.35099983215332,15.015999794006348,15.29800033569336,15.29800033569336,8447000
2019-02-13,15.489999771118164,15.657999992370605,14.756999969482422,15.133999824523926,15.133999824523926,10626000
2019-02-14,14.99899959564209,15.493499755859375,14.99899959564209,15.343000411987305,15.343000411987305,9669000
2019-02-15,15.5,15.82699966430664,15.310999870300293,15.812000274658203,15.812000274658203,12816000
2019-02-19,15.899999618530273,16.56999969482422,15.652000427246094,16.170000076293945,16.170000076293945,21537000
2019-02-20,15.675000190734863,15.678999900817871,14.550999641418457,15.008999824523926,15.008999824523926,41778000
2019-02-21,15.008999824523926,15.319999694824219,14.836000442504883,15.048999786376953,15.048999786376953,22960000
2019-02-22,17.5,20.014999389648438,17.350000381469727,19.773000717163086,19.773000717163086,79714000
2019-02-25,19.357999801635742,20.229999542236328,19.246999740600586,19.761999130249023,19.761999130249023,31954000
2019-02-26,19.5,19.781999588012695,19.163999557495117,19.549999237060547,19.549999237060547,18426000
2019-02-27,19.466999053955078,19.959999084472656,19.466999053955078,19.5,19.5,12362000
2019-02-28,19.399999618530273,19.895000457763672,19.253400802612305,19.753999710083008,19.753999710083008,15040000
2019-03-01,19.916000366210938,20.14699935913086,19.35099983215332,19.511999130249023,19.511999130249023,15741000
2019-03-04,19.687000274658203,19.770999908447266,18.267099380493164,18.937999725341797,18.937999725341797,21646000
2019-03-05,18.795000076293945,19.211000442504883,18.624099731445312,19.12299919128418,19.12299919128418,9928000
2019-03-06,19.040000915527344,19.049999237060547,18.420499801635742,18.635000228881836,18.635000228881836,13115000
2019-03-07,18.586999893188477,19.18899917602539,18.47369956970215,18.8799991607666,18.8799991607666,13886000
2019-03-08,18.51300048828125,19.47599983215332,18.050100326538086,19.434999465942383,19.434999465942383,16822000
2019-03-11,19.48699951171875,20.63599967956543,19.434999465942383,20.437999725341797,20.437999725341797,23273000
2019-03-12,20.538000106811523,20.858200073242188,20.159000396728516,20.780000686645508,20.780000686645508,12661000
2019-03-13,20.850000381469727,20.92300033569336,20.295000076293945,20.518999099731445,20.518999099731445,12166000
2019-03-14,20.520000457763672,20.986000061035156,20.273000717163086,20.822999954223633,20.822999954223633,9778000
2019-03-15,20.85700035095215,21.18709945678711,20.645999908447266,20.700000762939453,20.700000762939453,11668000
2019-03-18,20.799999237060547,20.974000930786133,20.086000442504883,20.375,20.375,16528000
2019-03-19,20.43899917602539,20.735000610351562,20.174999237060547,20.566999435424805,20.566999435424805,7479000
2019-03-20,20.545000076293945,20.819000244140625,20.1210994720459,20.59600067138672,20.59600067138672,8407000
2019-03-21,20.44700050354004,21.447999954223633,20.439699172973633,21.35700035095215,21.35700035095215,11256000
2019-03-22,21.264999389648438,21.469900131225586,20.122699737548828,20.291000366210938,20.291000366210938,14978000
2019-03-25,20.149999618530273,20.44499969482422,19.62700080871582,19.70400047302246,19.70400047302246,16799000
2019-03-26,20.152999877929688,20.25,18.42799949645996,18.694000244140625,18.694000244140625,31590000
2019-03-27,18.770999908447266,18.964000701904297,17.829999923706055,18.038000106811523,18.038000106811523,23282000
2019-03-28,18.059999465942383,18.989999771118164,18.010000228881836,18.650999069213867,18.650999069213867,20644000
2019-03-29,18.910999298095703,19.937000274658203,18.84000015258789,19.795000076293945,19.795000076293945,22979000
2019-04-01,20.1560001373291,20.623899459838867,19.70400047302246,20.613000869750977,20.613000869750977,21394000
2019-04-02,20.600000381469727,20.74799919128418,20.26810073852539,20.68400001525879,20.68400001525879,11414000
2019-04-03,20.850000381469727,20.9689998626709,20.322999954223633,20.72100067138672,20.72100067138672,13634000
2019-04-04,20.700000762939453,20.80929946899414,19.28499984741211,19.799999237060547,19.799999237060547,17032000
2019-04-05,19.99799919128418,20.0,19.34000015258789,19.652000427246094,19.652000427246094,10069000
2019-04-08,19.55299949645996,19.76300048828125,19.121000289916992,19.75,19.75,10035000
2019-04-09,19.64699935913086,19.96299934387207,19.45199966430664,19.48200035095215,19.48200035095215,7579000
2019-04-10,19.496999740600586,20.441999435424805,19.48200035095215,19.988000869750977,19.988000869750977,16545000
2019-04-11,20.121000289916992,20.354000091552734,19.965999603271484,20.035999298095703,20.035999298095703,6959000
2019-04-12,20.260000228881836,20.583999633789062,19.9950008392334,20.049999237060547,20.049999237060547,8903000
2019-04-15,19.92799949645996,20.268999099731445,19.58799934387207,20.215999603271484,20.215999603271484,7158000
2019-04-16,20.374000549316406,20.81399917602539,20.124000549316406,20.326000213623047,20.326000213623047,10159000
2019-04-17,20.469999313354492,20.556900024414062,19.700000762939453,19.878999710083008,19.878999710083008,7807000
2019-04-18,19.81800079345703,19.990999221801758,19.433000564575195,19.874000549316406,19.874000549316406,7253000
2019-04-22,19.825000762939453,21.200000762939453,19.700000762939453,21.10300064086914,21.10300064086914,15065000
2019-04-23,21.239999771118164,21.5,20.562599182128906,21.072999954223633,21.072999954223633,9940000
2019-04-24,21.224000930786133,21.381999969482422,20.670000076293945,20.77899932861328,20.77899932861328,7251000
2019-04-25,21.003000259399414,21.687999725341797,20.81800079345703,21.475000381469727,21.475000381469727,10263000
2019-04-26,21.423999786376953,21.729999542236328,21.15999984741211,21.52400016784668,21.52400016784668,8491000
2019-04-29,21.729999542236328,22.63800048828125,21.649999618530273,22.589000701904297,22.589000701904297,15626000
2019-04-30,21.958999633789062,22.47800064086914,21.66699981689453,22.148000717163086,22.148000717163086,17207000
2019-05-01,22.288999557495117,22.56399917602539,21.899999618530273,22.121999740600586,22.121999740600586,10321000
2019-05-02,22.0,22.732999801635742,22.0,22.516000747680664,22.516000747680664,11006000
2019-05-03,22.701000213623047,23.26959991455078,22.264400482177734,23.195999145507812,23.195999145507812,13170000
2019-05-06,22.5,22.96299934387207,22.06100082397461,22.55900001525879,22.55900001525879,17463000
2019-05-07,22.23699951171875,22.566999435424805,21.423999786376953,21.764999389648438,21.764999389648438,16899000
2019-05-08,21.624000549316406,22.577999114990234,21.549999237060547,22.211000442504883,22.211000442504883,16428000
2019-05-09,21.799999237060547,21.799999237060547,18.049999237060547,18.992000579833984,18.992000579833984,89636000
2019-05-10,19.10099983215332,19.267000198364258,18.181499481201172,18.35099983215332,18.35099983215332,37203000
2019-05-13,17.57699966430664,18.152000427246094,17.360000610351562,17.676000595092773,17.676000595092773,20945000
2019-05-14,17.95199966430664,18.716999053955078,17.78499984741211,18.525999069213867,18.525999069213867,22281000
2019-05-15,18.538999557495117,20.138999938964844,18.47599983215332,19.988000869750977,19.988000869750977,35029000
2019-05-16,20.06399917602539,20.93899917602539,19.744400024414062,20.20400047302246,20.20400047302246,32752000
2019-05-17,19.86199951171875,20.26099967956543,19.60449981689453,19.802000045776367,19.802000045776367,14971000
2019-05-20,19.316999435424805,20.152000427246094,19.05500030517578,19.816999435424805,19.816999435424805,13900000
2019-05-21,20.0049991607666,20.775999069213867,19.809999465942383,19.902999877929688,19.902999877929688,17819000
2019-05-22,19.71299934387207,20.599000930786133,19.700000762939453,19.889999389648438,19.889999389648438,12670000
2019-05-23,19.600000381469727,19.799999237060547,19.225000381469727,19.52899932861328,19.52899932861328,14847000
2019-05-24,19.75,19.974000930786133,19.378000259399414,19.59000015258789,19.59000015258789,12202000
2019-05-28,19.69499969482422,20.36199951171875,19.62299919128418,20.208999633789062,20.208999633789062,16896000
2019-05-29,20.200000762939453,20.472000122070312,19.899999618530273,20.145000457763672,20.145000457763672,15192000
2019-05-30,20.302000045776367,20.444000244140625,20.01799964904785,20.18899917602539,20.18899917602539,11554000
2019-05-31,19.799999237060547,20.160999298095703,19.60099983215332,19.881000518798828,19.881000518798828,9883000
2019-06-03,19.98699951171875,20.270000457763672,19.600000381469727,19.742000579833984,19.742000579833984,17046000
2019-06-04,20.083999633789062,22.336999893188477,20.049999237060547,22.291000366210938,22.291000366210938,30842000
2019-06-05,22.45800018310547,23.399999618530273,22.45800018310547,23.229999542236328,23.229999542236328,27099000
2019-06-06,23.299999237060547,23.802799224853516,22.43600082397461,23.72599983215332,23.72599983215332,19792000
2019-06-07,23.899999618530273,25.0,23.801000595092773,24.503999710083008,24.503999710083008,19434000
2019-06-10,24.93600082397461,25.71299934387207,24.74799919128418,24.988000869750977,24.988000869750977,18224000
2019-06-11,25.36199951171875,25.548999786376953,24.586999893188477,24.93600082397461,24.93600082397461,15235000
2019-06-12,23.739999771118164,24.57900047302246,23.165000915527344,24.219999313354492,24.219999313354492,25271000
2019-06-13,24.28499984741211,24.89900016784668,24.22100067138672,24.687999725341797,24.687999725341797,10809000
2019-06-14,24.36400032043457,24.687999725341797,24.076000213623047,24.493999481201172,24.493999481201172,11232000
2019-06-17,24.652999877929688,25.39299964904785,24.617000579833984,24.81100082397461,24.81100082397461,9853000
2019-06-18,25.256999969482422,25.549999237060547,24.450000762939453,24.51799964904785,24.51799964904785,10622000
2019-06-19,24.753999710083008,25.17099952697754,24.389999389648438,25.1299991607666,25.1299991607666,8149000
2019-06-20,25.5,25.79949951171875,24.729999542236328,25.108999252319336,25.108999252319336,11310000
2019-06-21,24.905000686645508,25.02079963684082,23.77199935913086,24.134000778198242,24.134000778198242,16360000
2019-06-24,24.200000762939453,24.290000915527344,23.147899627685547,23.429000854492188,23.429000854492188,12324000
2019-06-25,23.450000762939453,23.691999435424805,22.507999420166016,22.687999725341797,22.687999725341797,11136000
2019-06-26,23.224000930786133,23.474000930786133,22.37700080871582,22.594999313354492,22.594999313354492,12126000
2019-06-27,22.611000061035156,23.292999267578125,22.56599998474121,23.145000457763672,23.145000457763672,7733000
2019-06-28,23.450000762939453,23.450000762939453,22.671499252319336,22.777999877929688,22.777999877929688,47733000
2019-07-01,23.600000381469727,23.940000534057617,22.9689998626709,23.37700080871582,23.37700080871582,12103000
2019-07-02,22.909000396728516,23.437999725341797,22.579999923706055,23.42099952697754,23.42099952697754,13069000
2019-07-03,23.430999755859375,23.517499923706055,22.974000930786133,23.382999420166016,23.382999420166016,5304000
2019-07-05,23.16699981689453,23.923500061035156,22.882999420166016,23.777000427246094,23.777000427246094,9273000
2019-07-08,23.56999969482422,24.214000701904297,23.459999084472656,23.968000411987305,23.968000411987305,10450000
2019-07-09,23.878999710083008,24.16900062561035,23.54210090637207,24.117000579833984,24.117000579833984,11965000
2019-07-10,24.343000411987305,24.755399703979492,23.910999298095703,23.94300079345703,23.94300079345703,10754000
2019-07-11,24.149999618530273,24.30299949645996,23.839000701904297,24.07900047302246,24.07900047302246,5303000
2019-07-12,24.143999099731445,24.54199981689453,23.725000381469727,24.405000686645508,24.405000686645508,8476000
2019-07-15,24.45800018310547,24.968000411987305,24.215999603271484,24.81599998474121,24.81599998474121,8393000
2019-07-16,24.801000595092773,24.933300018310547,24.148300170898438,24.354000091552734,24.354000091552734,6871000
2019-07-17,24.405000686645508,24.775999069213867,24.215999603271484,24.417999267578125,24.417999267578125,7252000
2019-07-18,23.969999313354492,24.25,22.86199951171875,24.1560001373291,24.1560001373291,20381000
2019-07-19,24.39900016784668,24.450000762939453,23.518999099731445,23.5310001373291,23.5310001373291,8236000
2019-07-22,23.60300064086914,25.18600082397461,23.5314998626709,24.902999877929688,24.902999877929688,14512000
2019-07-23,25.06999969482422,25.10300064086914,24.128000259399414,24.542999267578125,24.542999267578125,10357000
2019-07-24,23.93000030517578,24.888999938964844,23.68000030517578,24.83799934387207,24.83799934387207,12709000
2019-07-25,24.801000595092773,25.765600204467773,24.5,25.52199935913086,25.52199935913086,12251000
2019-07-26,25.733999252319336,27.97100067138672,25.733999252319336,27.854999542236328,27.854999542236328,26299000
2019-07-29,27.899999618530273,27.92099952697754,25.701000213623047,26.035999298095703,26.035999298095703,28331000
2019-07-30,25.68400001525879,26.925600051879883,25.451900482177734,26.51300048828125,26.51300048828125,13308000
2019-07-31,26.639999389648438,27.152999877929688,26.027999877929688,26.33099937438965,26.33099937438965,11908000
2019-08-01,26.43899917602539,27.434099197387695,26.22800064086914,26.464000701904297,26.464000701904297,13278000
2019-08-02,26.263999938964844,26.79800033569336,25.542999267578125,26.097999572753906,26.097999572753906,11949000
2019-08-05,25.0,25.549299240112305,24.5310001373291,24.97800064086914,24.97800064086914,19902000
2019-08-06,25.51300048828125,26.049999237060547,24.549999237060547,25.187000274658203,25.187000274658203,12737000
2019-08-07,24.812999725341797,25.940000534057617,24.702199935913086,25.722999572753906,25.722999572753906,9988000
2019-08-08,26.25,27.391000747680664,26.100000381469727,27.367000579833984,27.367000579833984,33750000
2019-08-09,27.15999984741211,28.951000213623047,26.733999252319336,27.194000244140625,27.194000244140625,35699000
2019-08-12,27.114999771118164,27.18400001525879,25.350000381469727,25.507999420166016,25.507999420166016,21649000
2019-08-13,25.459999084472656,26.600000381469727,25.242000579833984,26.464000701904297,26.464000701904297,19415000
2019-08-14,25.604000091552734,25.899999618530273,24.709999084472656,25.038999557495117,25.038999557495117,16920000
2019-08-15,25.05900001525879,25.38599967956543,24.240999221801758,24.351999282836914,24.351999282836914,15060000
2019-08-16,24.70599937438965,25.229000091552734,24.202999114990234,24.86199951171875,24.86199951171875,10849000
2019-08-19,25.378999710083008,25.538000106811523,24.266000747680664,24.29199981689453,24.29199981689453,13760000
2019-08-20,24.284000396728516,25.27899932861328,23.900999069213867,25.011999130249023,25.011999130249023,13919000
2019-08-21,25.475000381469727,26.45800018310547,25.20210075378418,26.01099967956543,26.01099967956543,16601000
2019-08-22,25.905000686645508,26.461000442504883,25.586999893188477,25.983999252319336,25.983999252319336,19031000
2019-08-23,25.8799991607666,26.565000534057617,24.513999938964844,24.64299964904785,24.64299964904785,14746000
2019-08-26,25.1560001373291,25.197999954223633,24.34000015258789,25.086000442504883,25.086000442504883,12074000
2019-08-27,25.31800079345703,25.6033992767334,24.266000747680664,24.611000061035156,24.611000061035156,9428000
2019-08-28,24.415000915527344,25.033000946044922,24.051000595092773,24.839000701904297,24.839000701904297,7077000
2019-08-29,25.224000930786133,25.5,24.839000701904297,25.006999969482422,25.006999969482422,8729000
2019-08-30,25.18000030517578,25.246000289916992,24.05620002746582,24.57699966430664,24.57699966430664,7969000
2019-09-03,24.21299934387207,24.59000015258789,23.399999618530273,23.49799919128418,23.49799919128418,12633000
2019-09-04,23.975000381469727,24.368999481201172,23.812999725341797,24.018999099731445,24.018999099731445,9886000
2019-09-05,24.43600082397461,24.520000457763672,23.66200065612793,24.371000289916992,24.371000289916992,9300000
2019-09-06,24.393999099731445,24.54800033569336,23.268999099731445,23.312999725341797,23.312999725341797,9927000
2019-09-09,23.513999938964844,23.54840087890625,20.825000762939453,21.367000579833984,21.367000579833984,35075000
2019-09-10,20.83099937438965,21.767000198364258,20.628999710083008,21.006000518798828,21.006000518798828,23526000
2019-09-11,21.100000381469727,21.493000030517578,20.85099983215332,21.17099952697754,21.17099952697754,15009000
2019-09-12,21.378000259399414,21.962600708007812,21.257400512695312,21.388999938964844,21.388999938964844,12109000
2019-09-13,21.301000595092773,21.378999710083008,20.67099952697754,20.749000549316406,20.749000549316406,13563000
2019-09-16,20.42099952697754,21.19700050354004,20.299999237060547,21.084999084472656,21.084999084472656,8463000
2019-09-17,21.06399917602539,21.73699951171875,20.913999557495117,21.325000762939453,21.325000762939453,9188000
2019-09-18,21.280000686645508,21.600000381469727,20.44499969482422,20.812000274658203,20.812000274658203,14859000
2019-09-19,20.95199966430664,21.334999084472656,20.709999084472656,21.038000106811523,21.038000106811523,10807000
2019-09-20,21.233999252319336,21.448999404907227,20.075000762939453,20.704999923706055,20.704999923706055,18064000
2019-09-23,20.599000930786133,20.976999282836914,20.062999725341797,20.29199981689453,20.29199981689453,13011000
2019-09-24,20.5,20.583200454711914,19.010000228881836,19.26099967956543,19.26099967956543,25223000
2019-09-25,19.114999771118164,19.51099967956543,18.34000015258789,19.45800018310547,19.45800018310547,27955000
2019-09-26,19.698999404907227,19.93600082397461,19.134000778198242,19.440000534057617,19.440000534057617,12780000
2019-09-27,19.452999114990234,19.69300079345703,18.072999954223633,18.47599983215332,18.47599983215332,19842000
2019-09-30,18.51799964904785,18.94700050354004,18.009599685668945,18.7549991607666,18.7549991607666,13713000
2019-10-01,18.801000595092773,18.985000610351562,18.270999908447266,18.358999252319336,18.358999252319336,13767000
2019-10-02,18.083999633789062,18.715999603271484,18.038000106811523,18.39900016784668,18.39900016784668,12949000
2019-10-03,18.41900062561035,19.113500595092773,18.06800079345703,18.958999633789062,18.958999633789062,13376000
2019-10-04,19.149999618530273,19.368999481201172,18.525999069213867,18.774999618530273,18.774999618530273,13315000
2019-10-07,18.781999588012695,19.54400062561035,18.774999618530273,19.40399932861328,19.40399932861328,15399000
2019-10-08,19.18199920654297,19.36400032043457,18.8700008392334,19.04400062561035,19.04400062561035,12829000
2019-10-09,19.26799964904785,19.428600311279297,18.865999221801758,19.10300064086914,19.10300064086914,6647000
2019-10-10,18.9950008392334,19.361000061035156,18.542999267578125,18.565000534057617,18.565000534057617,11117000
2019-10-11,19.320999145507812,20.190000534057617,19.070999145507812,19.843000411987305,19.843000411987305,26318000
2019-10-14,19.79800033569336,20.155500411987305,19.67300033569336,20.128999710083008,20.128999710083008,8143000
2019-10-15,20.267000198364258,21.218000411987305,20.267000198364258,21.200000762939453,21.200000762939453,17277000
2019-10-16,20.81999969482422,20.989999771118164,19.524999618530273,19.583999633789062,19.583999633789062,24626000
2019-10-17,19.72800064086914,20.308000564575195,19.231000900268555,20.14900016784668,20.14900016784668,11459000
2019-10-18,20.1200008392334,20.234600067138672,18.625999450683594,19.481000900268555,19.481000900268555,20221000
2019-10-21,19.615999221801758,20.476999282836914,19.570999145507812,20.083999633789062,20.083999633789062,9292000
2019-10-22,20.208999633789062,20.243999481201172,18.8700008392334,18.981000900268555,18.981000900268555,13326000
2019-10-23,18.950000762939453,19.6200008392334,18.90399932861328,19.211000442504883,19.211000442504883,10535000
2019-10-24,19.492000579833984,19.75,18.722000122070312,19.69700050354004,19.69700050354004,16046000
2019-10-25,19.538999557495117,20.3799991607666,19.167999267578125,20.261999130249023,20.261999130249023,15090000
2019-10-28,20.527000427246094,21.665000915527344,20.052000045776367,20.996999740600586,20.996999740600586,30062000
2019-10-29,20.969999313354492,21.172000885009766,20.35300064086914,20.731000900268555,20.731000900268555,9148000
2019-10-30,20.864999771118164,21.065000534057617,20.573400497436523,20.965999603271484,20.965999603271484,7060000
2019-10-31,20.993000030517578,21.134000778198242,20.024999618530273,20.079999923706055,20.079999923706055,11339000
2019-11-01,20.270999908447266,20.687999725341797,20.104000091552734,20.309999465942383,20.309999465942383,10015000
2019-11-04,20.549999237060547,20.759000778198242,19.733999252319336,20.288999557495117,20.288999557495117,12275000
2019-11-05,20.358999252319336,20.45599937438965,19.860000610351562,19.952999114990234,19.952999114990234,10132000
2019-11-06,20.125999450683594,20.148000717163086,19.17799949645996,19.441999435424805,19.441999435424805,13927000
2019-11-07,19.319000244140625,19.5,18.7189998626709,19.274999618530273,19.274999618530273,33248000
2019-11-08,18.86400032043457,20.43000030517578,18.59000015258789,19.55299949645996,19.55299949645996,37055000
2019-11-11,19.211999893188477,21.777999877929688,19.100000381469727,21.701000213623047,21.701000213623047,34273000
2019-11-12,21.799999237060547,22.836999893188477,21.518999099731445,22.385000228881836,22.385000228881836,31951000
2019-11-13,22.257999420166016,22.93600082397461,22.1200008392334,22.885000228881836,22.885000228881836,14007000
2019-11-14,22.799999237060547,23.124000549316406,22.43000030517578,22.808000564575195,22.808000564575195,12164000
2019-11-15,22.902999877929688,23.33799934387207,22.7189998626709,22.915000915527344,22.915000915527344,10436000
2019-11-18,22.812000274658203,23.49799919128418,22.75149917602539,23.174999237060547,23.174999237060547,9770000
2019-11-19,23.267000198364258,23.70800018310547,22.899999618530273,23.64699935913086,23.64699935913086,11873000
2019-11-20,23.600000381469727,24.31100082397461,23.506999969482422,24.047000885009766,24.047000885009766,13423000
2019-11-21,24.121000289916992,24.59600067138672,23.98699951171875,24.006999969482422,24.006999969482422,10852000
2019-11-22,24.125,24.518999099731445,23.95800018310547,24.371000289916992,24.371000289916992,10149000
2019-11-25,24.600000381469727,25.73900032043457,24.50200080871582,25.68899917602539,25.68899917602539,16755000
2019-11-26,25.700000762939453,26.43199920654297,25.608999252319336,26.329999923706055,26.329999923706055,19168000
2019-11-27,26.350000381469727,26.709999084472656,26.04199981689453,26.517000198364258,26.517000198364258,9540000
2019-11-29,26.363000869750977,26.763999938964844,26.243999481201172,26.333999633789062,26.333999633789062,4836000
2019-12-02,26.11199951171875,26.25,22.7189998626709,22.73900032043457,22.73900032043457,37869000
2019-12-03,22.104999542236328,23.868000030517578,22.051000595092773,23.750999450683594,23.750999450683594,20391000
2019-12-04,24.010000228881836,24.67650032043457,23.61199951171875,24.413999557495117,24.413999557495117,15977000
2019-12-05,24.5,24.586000442504883,23.649999618530273,24.04199981689453,24.04199981689453,10176000
2019-12-06,25.55699920654297,25.739999771118164,24.57200050354004,24.735000610351562,24.735000610351562,19711000
2019-12-09,24.735000610351562,25.394800186157227,24.63599967956543,24.948999404907227,24.948999404907227,10104000
2019-12-10,24.947999954223633,25.27199935913086,24.7450008392334,25.006999969482422,25.006999969482422,8868000
2019-12-11,25.17300033569336,25.25,24.424999237060547,25.04800033569336,25.04800033569336,14038000
2019-12-12,24.920000076293945,25.200000762939453,24.12299919128418,24.639999389648438,24.639999389648438,13373000
2019-12-13,24.597999572753906,25.600000381469727,24.52079963684082,25.2450008392334,25.2450008392334,15525000
2019-12-16,25.43400001525879,25.92300033569336,25.062000274658203,25.384000778198242,25.384000778198242,15400000
2019-12-17,25.54800033569336,25.54800033569336,24.776500701904297,25.003000259399414,25.003000259399414,11039000
2019-12-18,24.924999237060547,25.982900619506836,24.90999984741211,25.312000274658203,25.312000274658203,13727000
2019-12-19,25.55299949645996,26.451000213623047,25.480600357055664,26.270999908447266,26.270999908447266,15611000
2019-12-20,26.43899917602539,26.496999740600586,25.909000396728516,26.375,26.375,11889000
2019-12-23,26.593000411987305,27.462400436401367,26.43000030517578,26.864999771118164,26.864999771118164,19460000
2019-12-24,26.899999618530273,27.099000930786133,26.333999633789062,26.799999237060547,26.799999237060547,6200000
2019-12-26,26.899999618530273,27.88599967956543,26.899999618530273,27.35099983215332,27.35099983215332,20552000
2019-12-27,27.586000442504883,27.780000686645508,27.052000045776367,27.235000610351562,27.235000610351562,11142000
2019-12-30,27.207000732421875,27.224000930786133,25.1299991607666,25.27199935913086,25.27199935913086,28854000
2019-12-31,24.910999298095703,26.061899185180664,24.6200008392334,25.97800064086914,25.97800064086914,19646000
2020-01-02,26.351999282836914,27.212799072265625,26.105499267578125,27.145000457763672,27.145000457763672,22197000
2020-01-03,26.475000381469727,27.339000701904297,26.224000930786133,27.19099998474121,27.19099998474121,13736000
2020-01-06,26.701000213623047,28.006999969482422,26.60099983215332,27.791000366210938,27.791000366210938,18238000
2020-01-07,27.90399932861328,28.559999465942383,27.429000854492188,28.027999877929688,28.027999877929688,21999000
2020-01-08,28.027999877929688,28.929000854492188,27.913999557495117,28.520000457763672,28.520000457763672,20523000
2020-01-09,29.10099983215332,29.141000747680664,28.070999145507812,28.663999557495117,28.663999557495117,20672000
2020-01-10,28.584999084472656,28.610000610351562,27.600000381469727,27.775999069213867,27.775999069213867,19620000
2020-01-13,28.141000747680664,29.389999389648438,27.900400161743164,28.816999435424805,28.816999435424805,23046000
2020-01-14,28.979000091552734,29.3700008392334,27.979000091552734,28.416000366210938,28.416000366210938,18658000
2020-01-15,28.260000228881836,29.073999404907227,28.25,28.479999542236328,28.479999542236328,14693000
2020-01-16,28.632999420166016,28.844999313354492,27.902999877929688,28.100000381469727,28.100000381469727,15080000
2020-01-17,28.358999252319336,28.562999725341797,27.70800018310547,28.094999313354492,28.094999313354492,18731000
2020-01-21,28.094999313354492,28.881999969482422,27.663999557495117,28.00200080871582,28.00200080871582,15690000
2020-01-22,28.388999938964844,28.815000534057617,28.11199951171875,28.22249984741211,28.22249984741211,12679000
2020-01-23,28.224000930786133,28.224000930786133,27.121000289916992,28.038999557495117,28.038999557495117,10772000
2020-01-24,28.329999923706055,28.65999984741211,27.69099998474121,28.017000198364258,28.017000198364258,13925000
2020-01-27,26.94099998474121,27.708599090576172,26.48900032043457,27.322999954223633,27.322999954223633,23745000
2020-01-28,27.500999450683594,28.413999557495117,27.38759994506836,28.179000854492188,28.179000854492188,21851000
2020-01-29,28.40399932861328,28.496999740600586,27.98900032043457,28.10300064086914,28.10300064086914,12249000
2020-01-30,27.740999221801758,28.10300064086914,27.225000381469727,27.763999938964844,27.763999938964844,14851000
2020-01-31,27.84600067138672,27.899999618530273,26.600000381469727,26.917999267578125,26.917999267578125,15751000
2020-02-03,26.80699920654297,27.531299591064453,26.600000381469727,27.402000427246094,27.402000427246094,17840000
2020-02-04,27.95599937438965,30.608999252319336,27.950000762939453,30.312999725341797,30.312999725341797,25938000
2020-02-05,30.958999633789062,31.39929962158203,28.268999099731445,28.75200080871582,28.75200080871582,28377000
2020-02-06,28.893999099731445,29.54599952697754,28.375999450683594,28.871000289916992,28.871000289916992,14216000
2020-02-07,28.82200050354004,29.825000762939453,28.621000289916992,29.132999420166016,29.132999420166016,15811000
2020-02-10,29.152999877929688,29.974000930786133,29.10300064086914,29.81100082397461,29.81100082397461,9970000
2020-02-11,30.100000381469727,30.351999282836914,29.322999954223633,29.639999389648438,29.639999389648438,20218000
2020-02-12,30.049999237060547,30.767000198364258,29.47920036315918,30.479000091552734,30.479000091552734,19197000
2020-02-13,30.052000045776367,30.777000427246094,29.909000396728516,30.656999588012695,30.656999588012695,7956000
2020-02-14,30.96299934387207,31.368000030517578,30.299999237060547,30.530000686645508,30.530000686645508,12044000
2020-02-18,30.600000381469727,31.14900016784668,30.415800094604492,30.8439998626709,30.8439998626709,11614000
2020-02-19,31.209999084472656,31.825000762939453,30.850000381469727,31.542999267578125,31.542999267578125,19120000
2020-02-20,31.486000061035156,32.37799835205078,30.264999389648438,31.145000457763672,31.145000457763672,21514000
2020-02-21,30.899999618530273,31.200000762939453,29.700000762939453,30.190000534057617,30.190000534057617,13401000
2020-02-24,27.799999237060547,28.898000717163086,26.910999298095703,28.320999145507812,28.320999145507812,20997000
2020-02-25,29.04599952697754,29.165700912475586,27.052000045776367,27.35099983215332,27.35099983215332,18786000
2020-02-26,27.350000381469727,28.288000106811523,26.301000595092773,26.690000534057617,26.690000534057617,18754000
2020-02-27,25.315000534057617,26.179000854492188,24.145999908447266,25.000999450683594,25.000999450683594,33457000
2020-02-28,26.469999313354492,28.76300048828125,25.75,28.725000381469727,28.725000381469727,52216000
2020-03-02,29.551000595092773,29.75,27.50200080871582,28.81100082397461,28.81100082397461,30320000
2020-03-03,28.635000228881836,29.079999923706055,27.309999465942383,27.767000198364258,27.767000198364258,20810000
2020-03-04,28.433000564575195,28.600000381469727,26.649999618530273,27.496999740600586,27.496999740600586,17685000
2020-03-05,26.80500030517578,27.75819969177246,26.624000549316406,27.117000579833984,27.117000579833984,14001000
2020-03-06,26.499000549316406,26.592599868774414,24.588499069213867,25.29400062561035,25.29400062561035,22486000
2020-03-09,22.576000213623047,23.797000885009766,21.599000930786133,21.65399932861328,21.65399932861328,29419000
2020-03-10,23.023000717163086,23.636999130249023,21.121999740600586,23.56999969482422,23.56999969482422,26180000
2020-03-11,22.700000762939453,23.600000381469727,21.752899169921875,22.393999099731445,22.393999099731445,21542000
2020-03-12,20.049999237060547,20.996999740600586,19.100000381469727,19.264999389648438,19.264999389648438,30180000
2020-03-13,20.899999618530273,20.899999618530273,18.40130043029785,20.0,20.0,23602000
2020-03-16,17.599000930786133,18.229999542236328,16.048999786376953,16.048999786376953,16.048999786376953,27825000
2020-03-17,16.5,18.344999313354492,15.305000305175781,17.0,17.0,26163000
2020-03-18,15.699999809265137,16.5,13.901000022888184,14.439000129699707,14.439000129699707,31626000
2020-03-19,14.619999885559082,17.0,13.600000381469727,16.743999481201172,16.743999481201172,31830000
2020-03-20,17.320999145507812,18.94300079345703,16.875999450683594,17.0,17.0,31360000
2020-03-23,17.069000244140625,17.969999313354492,16.0,17.66699981689453,17.66699981689453,20168000
2020-03-24,19.216999053955078,20.197999954223633,18.799999237060547,19.399999618530273,19.399999618530273,23940000
2020-03-25,19.957000732421875,20.724000930786133,18.111000061035156,19.694000244140625,19.694000244140625,28768000
2020-03-26,19.822999954223633,21.49519920349121,19.822999954223633,20.905000686645508,20.905000686645508,17430000
2020-03-27,19.950000762939453,20.658000946044922,19.049999237060547,19.9689998626709,19.9689998626709,15251000
2020-03-30,19.69700050354004,20.201099395751953,19.069000244140625,19.750999450683594,19.750999450683594,17093000
2020-03-31,19.610000610351562,20.100000381469727,18.851900100708008,19.299999237060547,19.299999237060547,19276000
2020-04-01,18.489999771118164,18.68600082397461,17.020000457763672,17.229999542236328,17.229999542236328,20772000
2020-04-02,17.0,17.43899917602539,16.027000427246094,16.47800064086914,16.47800064086914,21000000
2020-04-03,16.577999114990234,16.850000381469727,15.350000381469727,16.038999557495117,16.038999557495117,21384000
2020-04-06,16.950000762939453,19.048999786376953,16.628999710083008,19.0049991607666,19.0049991607666,31106000
2020-04-07,20.5,21.097999572753906,19.02899932861328,19.134000778198242,19.134000778198242,23772000
2020-04-08,19.70400047302246,20.89900016784668,19.56089973449707,20.735000610351562,20.735000610351562,18004000
2020-04-09,21.700000762939453,22.561199188232422,20.726999282836914,21.375999450683594,21.375999450683594,24676000
2020-04-13,21.53499984741211,21.993999481201172,20.655000686645508,21.86199951171875,21.86199951171875,17023000
2020-04-14,23.187000274658203,24.0,22.61440086364746,23.340999603271484,23.340999603271484,20471000
2020-04-15,22.450000762939453,23.100000381469727,22.100000381469727,22.6560001373291,22.6560001373291,13492000
2020-04-16,23.024999618530273,23.416000366210938,21.70199966430664,22.072999954223633,22.072999954223633,19971000
2020-04-17,23.121999740600586,23.174999237060547,22.123699188232422,22.851999282836914,22.851999282836914,16451000
2020-04-20,22.423999786376953,24.56999969482422,22.301000595092773,23.299999237060547,23.299999237060547,21194000
2020-04-21,22.959999084472656,23.385000228881836,21.25,21.614999771118164,21.614999771118164,19549000
2020-04-22,22.690000534057617,24.48900032043457,22.600000381469727,24.41900062561035,24.41900062561035,22085000
2020-04-23,25.00200080871582,26.631999969482422,24.80459976196289,25.39699935913086,25.39699935913086,33668000
2020-04-24,25.5,25.924400329589844,24.841999053955078,25.663000106811523,25.663000106811523,16929000
2020-04-27,26.329999923706055,26.878000259399414,26.05500030517578,26.316999435424805,26.316999435424805,16954000
2020-04-28,26.95400047302246,27.069000244140625,25.207399368286133,25.79400062561035,25.79400062561035,16849000
2020-04-29,26.82900047302246,29.5,26.73310089111328,29.41900062561035,29.41900062561035,31871000
2020-04-30,29.572999954223633,30.604000091552734,28.847000122070312,29.257999420166016,29.257999420166016,27146000
2020-05-01,28.209999084472656,28.788000106811523,27.208999633789062,27.889999389648438,27.889999389648438,23631000
2020-05-04,27.422000885009766,29.17300033569336,27.214000701904297,29.052000045776367,29.052000045776367,18056000
2020-05-05,30.0,31.18000030517578,29.663000106811523,30.36400032043457,30.36400032043457,25623000
2020-05-06,30.43400001525879,31.724000930786133,30.35300064086914,31.224000930786133,31.224000930786133,33083000
2020-05-07,32.150001525878906,32.734798431396484,31.301000595092773,32.25,32.25,30686000
2020-05-08,29.93000030517578,31.749000549316406,29.027999877929688,31.549999237060547,31.549999237060547,52253000
2020-05-11,30.69499969482422,31.215999603271484,30.069000244140625,30.533000946044922,30.533000946044922,29489000
2020-05-12,30.7549991607666,32.0,30.329299926757812,31.06399917602539,31.06399917602539,26907000
2020-05-13,31.25200080871582,31.597999572753906,28.534000396728516,29.236000061035156,29.236000061035156,35310000
2020-05-14,28.451000213623047,29.767000198364258,27.899999618530273,29.729999542236328,29.729999542236328,19090000
2020-05-15,29.149999618530273,30.44300079345703,29.049999237060547,30.000999450683594,30.000999450683594,13036000
2020-05-18,31.04800033569336,31.097000122070312,29.53499984741211,29.67300033569336,29.67300033569336,18929000
2020-05-19,29.902000427246094,30.170000076293945,29.351499557495117,29.40999984741211,29.40999984741211,13978000
2020-05-20,30.145000457763672,30.198999404907227,29.200000762939453,29.710500717163086,29.710500717163086,13156000
2020-05-21,29.641000747680664,30.850000381469727,29.17300033569336,30.441999435424805,30.441999435424805,18222000
2020-05-22,30.72599983215332,31.497600555419922,30.24799919128418,30.760000228881836,30.760000228881836,15648000
2020-05-26,31.475000381469727,31.475000381469727,29.822900772094727,29.929000854492188,29.929000854492188,15175000
2020-05-27,29.850000381469727,29.850000381469727,26.899999618530273,29.42300033569336,29.42300033569336,27629000
2020-05-28,29.143999099731445,30.430999755859375,29.062000274658203,29.816999435424805,29.816999435424805,14051000
2020-05-29,30.059999465942383,31.163999557495117,29.910999298095703,31.1560001373291,31.1560001373291,33064000
2020-06-01,31.016000747680664,31.416000366210938,30.51300048828125,31.0310001373291,31.0310001373291,10902000
2020-06-02,31.000999450683594,32.21699905395508,30.524999618530273,31.826000213623047,31.826000213623047,23015000
2020-06-03,32.0,35.623600006103516,31.7450008392334,35.49800109863281,35.49800109863281,38466000
2020-06-04,35.10100173950195,35.54399871826172,33.34299850463867,33.7239990234375,33.7239990234375,22372000
2020-06-05,33.70000076293945,36.04199981689453,33.29999923706055,35.42900085449219,35.42900085449219,22818000
2020-06-08,35.630001068115234,36.0,34.83599853515625,35.83100128173828,35.83100128173828,14452000
2020-06-09,35.513999938964844,37.027000427246094,35.34600067138672,36.29800033569336,36.29800033569336,12988000
2020-06-10,36.5,37.28799819946289,36.17879867553711,36.85200119018555,36.85200119018555,13410000
2020-06-11,35.22999954223633,36.4370002746582,34.5010986328125,34.75400161743164,34.75400161743164,18679000
2020-06-12,36.099998474121094,36.349998474121094,34.30400085449219,35.45100021362305,35.45100021362305,13015000
2020-06-15,34.55500030517578,37.33100128173828,34.5,37.060001373291016,37.060001373291016,21650000
2020-06-16,37.73500061035156,37.95199966430664,36.74800109863281,37.202999114990234,37.202999114990234,17620000
2020-06-17,37.66600036621094,39.50419998168945,37.31399917602539,38.24399948120117,38.24399948120117,18035000
2020-06-18,38.255001068115234,39.64899826049805,38.10300064086914,39.43899917602539,39.43899917602539,17922000
2020-06-19,40.0,40.654998779296875,39.099998474121094,39.47800064086914,39.47800064086914,16435000
2020-06-22,40.39899826049805,40.74800109863281,39.869998931884766,40.279998779296875,40.279998779296875,14669000
2020-06-23,40.900001525878906,42.10599899291992,40.36199951171875,41.00299835205078,41.00299835205078,15571000
2020-06-24,40.900001525878906,41.14500045776367,38.80400085449219,39.637001037597656,39.637001037597656,18340000
2020-06-25,39.215999603271484,41.0099983215332,38.84700012207031,40.97100067138672,40.97100067138672,14859000
2020-06-26,41.02899932861328,41.89699935913086,39.37730026245117,40.702999114990234,40.702999114990234,28566000
2020-06-29,40.5890007019043,40.77170181274414,39.130001068115234,40.6150016784668,40.6150016784668,17207000
2020-06-30,40.7400016784668,41.770999908447266,40.4182014465332,40.650001525878906,40.650001525878906,17047000
2020-07-01,40.70800018310547,43.32400131225586,40.69459915161133,42.91400146484375,42.91400146484375,22305000
2020-07-02,43.67499923706055,45.58100128173828,43.52949905395508,44.292999267578125,44.292999267578125,22737000
2020-07-06,46.1510009765625,46.5994987487793,44.11000061035156,44.70800018310547,44.70800018310547,28491000
2020-07-07,44.5,46.53200149536133,44.400299072265625,45.07099914550781,45.07099914550781,12714000
2020-07-08,45.922000885009766,46.5359992980957,45.55500030517578,46.249000549316406,46.249000549316406,12512000
2020-07-09,47.0,47.11199951171875,44.4010009765625,46.29999923706055,46.29999923706055,18245000
2020-07-10,46.1150016784668,46.27899932861328,45.06949996948242,46.198001861572266,46.198001861572266,9657000
2020-07-13,46.86399841308594,47.56700134277344,42.2239990234375,43.0629997253418,43.0629997253418,22733000
2020-07-14,42.89899826049805,43.5,40.79999923706055,43.20399856567383,43.20399856567383,21573000
2020-07-15,43.7760009765625,44.39899826049805,42.47999954223633,43.637001037597656,43.637001037597656,14427000
2020-07-16,42.77299880981445,43.275001525878906,42.112998962402344,42.9109992980957,42.9109992980957,12669000
2020-07-17,43.08000183105469,43.68299865722656,42.507198333740234,43.303001403808594,43.303001403808594,7623000
2020-07-20,43.57500076293945,45.8650016784668,43.21699905395508,45.76499938964844,45.76499938964844,12076000
2020-07-21,46.000999450683594,46.1349983215332,44.220001220703125,44.40800094604492,44.40800094604492,9098000
2020-07-22,44.53099822998047,45.39899826049805,43.91310119628906,44.332000732421875,44.332000732421875,5868000
2020-07-23,44.099998474121094,45.150001525878906,41.9010009765625,42.43899917602539,42.43899917602539,12993000
2020-07-24,41.395999908447266,43.34000015258789,40.400001525878906,42.606998443603516,42.606998443603516,9772000
2020-07-27,43.00600051879883,43.42399978637695,41.70899963378906,43.215999603271484,43.215999603271484,9015000
2020-07-28,43.00699996948242,43.57099914550781,41.900001525878906,41.94599914550781,41.94599914550781,7634000
2020-07-29,42.5880012512207,43.21099853515625,42.20000076293945,42.784000396728516,42.784000396728516,7012000
2020-07-30,42.391998291015625,43.290000915527344,42.177799224853516,43.02899932861328,43.02899932861328,5819000
2020-07-31,43.96099853515625,45.20000076293945,43.72999954223633,45.13199996948242,45.13199996948242,16618000
2020-08-03,45.599998474121094,47.81999969482422,45.500999450683594,47.53200149536133,47.53200149536133,12921000
2020-08-04,47.46900177001953,48.36389923095703,46.660400390625,48.111000061035156,48.111000061035156,8199000
2020-08-05,48.11000061035156,50.0,48.07590103149414,49.5989990234375,49.5989990234375,10525000
2020-08-06,49.29349899291992,49.40999984741211,47.04999923706055,48.07500076293945,48.07500076293945,21366000
2020-08-07,49.60200119018555,51.0,47.79999923706055,49.31999969482422,49.31999969482422,24080000
2020-08-10,49.084999084472656,49.33700180053711,45.65599822998047,46.573001861572266,46.573001861572266,19588000
2020-08-11,45.518001556396484,46.3390998840332,44.45399856567383,44.564998626708984,44.564998626708984,17237000
2020-08-12,44.99589920043945,46.74800109863281,44.99589920043945,46.00299835205078,46.00299835205078,10050000
2020-08-13,46.505001068115234,48.186500549316406,46.33100128173828,47.183998107910156,47.183998107910156,10381000
2020-08-14,47.5,48.07899856567383,46.244998931884766,46.560001373291016,46.560001373291016,10328000
2020-08-17,47.24399948120117,47.70000076293945,46.900001525878906,47.48500061035156,47.48500061035156,5810000
2020-08-18,47.75,48.400001525878906,46.70000076293945,46.90800094604492,46.90800094604492,5493000
2020-08-19,46.900001525878906,47.05500030517578,45.76100158691406,46.4010009765625,46.4010009765625,6083000
2020-08-20,45.999000549316406,47.20899963378906,45.79999923706055,47.0260009765625,47.0260009765625,5436000
2020-08-21,46.84000015258789,47.4010009765625,46.13199996948242,46.178001403808594,46.178001403808594,5789000
2020-08-24,46.768798828125,47.474998474121094,46.33300018310547,46.66600036621094,46.66600036621094,8367000
2020-08-25,46.34600067138672,47.077999114990234,45.92399978637695,46.9900016784668,46.9900016784668,5994000
2020-08-26,47.345001220703125,49.099998474121094,47.345001220703125,48.104000091552734,48.104000091552734,9380000
2020-08-27,47.986000061035156,48.48759841918945,46.547000885009766,47.40999984741211,47.40999984741211,8800000
2020-08-28,47.608001708984375,49.47370147705078,47.46099853515625,48.56999969482422,48.56999969482422,9950000
2020-08-31,48.619998931884766,49.034000396728516,47.5260009765625,48.130001068115234,48.130001068115234,6211000
2020-09-01,48.66600036621094,50.2239990234375,48.400001525878906,50.138999938964844,50.138999938964844,8185000
2020-09-02,51.209999084472656,51.52000045776367,47.8484992980957,51.5004997253418,51.5004997253418,17285000
2020-09-03,49.553199768066406,50.016998291015625,45.79999923706055,46.46500015258789,46.46500015258789,15207000
2020-09-04,45.624000549316406,46.762001037597656,41.12300109863281,44.125999450683594,44.125999450683594,23417000
2020-09-08,41.70000076293945,43.97999954223633,41.20000076293945,42.00899887084961,42.00899887084961,9198000
2020-09-09,43.41170120239258,43.97100067138672,42.305999755859375,43.30400085449219,43.30400085449219,9473000
2020-09-10,44.099998474121094,45.36800003051758,42.51100158691406,42.71099853515625,42.71099853515625,8801000
2020-09-11,43.215999603271484,43.58689880371094,40.85300064086914,41.86399841308594,41.86399841308594,7193000
2020-09-14,42.64500045776367,43.25400161743164,42.03799819946289,42.750999450683594,42.750999450683594,5656000
2020-09-15,44.207000732421875,44.900001525878906,43.439998626708984,44.529998779296875,44.529998779296875,8201000
2020-09-16,44.45399856567383,45.75090026855469,44.04050064086914,44.13100051879883,44.13100051879883,11311000
2020-09-17,42.30099868774414,42.948001861572266,41.30550003051758,42.87699890136719,42.87699890136719,14576000
2020-09-18,43.41999816894531,43.819000244140625,42.391998291015625,43.57500076293945,43.57500076293945,13714000
2020-09-21,42.35100173950195,46.24800109863281,42.29610061645508,46.154998779296875,46.154998779296875,13347000
2020-09-22,46.695499420166016,46.87699890136719,45.016998291015625,46.77199935913086,46.77199935913086,9679000
2020-09-23,46.53799819946289,47.249000549316406,45.5724983215332,45.72700119018555,45.72700119018555,6858000
2020-09-24,44.957000732421875,46.02069854736328,43.71699905395508,45.31999969482422,45.31999969482422,8627000
2020-09-25,45.582000732421875,47.620399475097656,44.82699966430664,47.31700134277344,47.31700134277344,7129000
2020-09-28,48.00400161743164,48.8650016784668,47.70000076293945,48.76300048828125,48.76300048828125,5780000
2020-09-29,48.85200119018555,50.67499923706055,48.8380012512207,49.83000183105469,49.83000183105469,12273000
2020-09-30,49.6609992980957,52.03850173950195,49.500999450683594,51.87799835205078,51.87799835205078,10812000
2020-10-01,52.999000549316406,55.67449951171875,52.60100173950195,55.516998291015625,55.516998291015625,16664000
2020-10-02,53.595001220703125,56.99300003051758,53.23400115966797,55.64799880981445,55.64799880981445,13515000
2020-10-05,56.66299819946289,57.54899978637695,56.22700119018555,57.39099884033203,57.39099884033203,7731000
2020-10-06,57.29999923706055,59.75,57.275001525878906,58.525001525878906,58.525001525878906,11523000
2020-10-07,59.499000549316406,60.84000015258789,58.62900161743164,59.34299850463867,59.34299850463867,12044000
2020-10-08,60.3489990234375,60.77000045776367,59.21699905395508,60.55500030517578,60.55500030517578,7004000
2020-10-09,60.4010009765625,62.0890007019043,60.209999084472656,61.31100082397461,61.31100082397461,9021000
2020-10-12,62.19900131225586,62.8650016784668,61.00400161743164,62.66600036621094,62.66600036621094,7618000
2020-10-13,62.465999603271484,65.26499938964844,62.34000015258789,65.0719985961914,65.0719985961914,8239000
2020-10-14,66.69999694824219,67.5,64.2074966430664,65.39600372314453,65.39600372314453,16800000
2020-10-15,62.400001525878906,63.21099853515625,59.63199996948242,60.000999450683594,60.000999450683594,23620000
2020-10-16,61.22200012207031,61.797000885009766,59.72200012207031,60.5,60.5,13654000
2020-10-19,60.85900115966797,62.7760009765625,60.68299865722656,61.82899856567383,61.82899856567383,8369000
2020-10-20,62.4010009765625,62.96200180053711,61.028099060058594,61.229000091552734,61.229000091552734,6107000
2020-10-21,62.27000045776367,64.5999984741211,61.709999084472656,62.46699905395508,62.46699905395508,10400000
2020-10-22,62.308998107910156,62.67599868774414,60.1682014465332,60.691001892089844,60.691001892089844,7806000
2020-10-23,61.150001525878906,62.04999923706055,59.60419845581055,61.99100112915039,61.99100112915039,6213000
2020-10-26,61.196998596191406,63.13999938964844,59.625,60.832000732421875,60.832000732421875,5480000
2020-10-27,61.499000549316406,62.13800048828125,60.66600036621094,61.33599853515625,61.33599853515625,4666000
2020-10-28,60.02000045776367,60.119598388671875,58.53799819946289,59.64899826049805,59.64899826049805,6019000
2020-10-29,60.308998107910156,62.39899826049805,59.97600173950195,61.79800033569336,61.79800033569336,5631000
2020-10-30,61.20800018310547,61.674400329589844,56.2130012512207,56.64500045776367,56.64500045776367,10829000
2020-11-02,57.15399932861328,57.15999984741211,54.34600067138672,55.91600036621094,55.91600036621094,8701000
2020-11-03,56.500999450683594,58.95000076293945,56.047000885009766,58.608001708984375,58.608001708984375,6101000
2020-11-04,61.0,64.79499816894531,60.60100173950195,63.242000579833984,63.242000579833984,12172000
2020-11-05,65.16200256347656,66.4375,64.22699737548828,64.7300033569336,64.7300033569336,14041000
2020-11-06,73.14099884033203,84.75,72.52999877929688,81.93399810791016,81.93399810791016,44645000
2020-11-09,80.0,81.93399810791016,75.90599822998047,76.13700103759766,76.13700103759766,16339000
2020-11-10,76.5,76.99749755859375,69.73600006103516,70.72799682617188,70.72799682617188,16537000
2020-11-11,72.6500015258789,74.88800048828125,71.25599670410156,74.2040023803711,74.2040023803711,11846000
2020-11-12,74.54499816894531,76.19200134277344,73.62999725341797,74.0,74.0,6035000
2020-11-13,74.5999984741211,75.37300109863281,72.30699920654297,73.47699737548828,73.47699737548828,6287000
2020-11-16,72.0009994506836,74.93499755859375,71.4375,74.61299896240234,74.61299896240234,8525000
2020-11-17,75.34300231933594,79.60900115966797,74.7040023803711,79.50599670410156,79.50599670410156,11543000
2020-11-18,78.6500015258789,80.4020004272461,76.6500015258789,77.24199676513672,77.24199676513672,7318000
2020-11-19,77.59600067138672,82.34400177001953,77.44400024414062,80.59200286865234,80.59200286865234,10220000
2020-11-20,80.88800048828125,83.70249938964844,80.6510009765625,82.69999694824219,82.69999694824219,7539000
2020-11-23,84.0999984741211,84.3302001953125,81.6719970703125,83.96499633789062,83.96499633789062,9135000
2020-11-24,83.7490005493164,85.87300109863281,82.9520034790039,84.41000366210938,84.41000366210938,7922000
2020-11-25,84.80000305175781,86.82330322265625,84.41699981689453,86.22699737548828,86.22699737548828,5930000
2020-11-27,87.03600311279297,87.97200012207031,85.99600219726562,87.30999755859375,87.30999755859375,4266000
2020-11-30,88.0,90.427001953125,85.75,90.10700225830078,90.10700225830078,9661000
2020-12-01,90.40599822998047,90.5,87.5270004272461,89.01300048828125,89.01300048828125,7612000
2020-12-02,87.0999984741211,87.68270111083984,85.16699981689453,86.69200134277344,86.69200134277344,6233000
2020-12-03,87.20600128173828,89.8759994506836,87.0999984741211,88.71800231933594,88.71800231933594,4965000
2020-12-04,89.22000122070312,91.20099639892578,88.875,90.37799835205078,90.37799835205078,5054000
2020-12-07,90.70099639892578,91.5,89.6500015258789,91.26300048828125,91.26300048828125,3835000
2020-12-08,91.0,92.21900177001953,90.74199676513672,91.5,91.5,3775000
2020-12-09,91.86799621582031,93.45700073242188,87.24800109863281,88.5260009765625,88.5260009765625,9023000
2020-12-10,87.61699676513672,91.9540023803711,87.10250091552734,91.75800323486328,91.75800323486328,5446000
2020-12-11,91.56700134277344,93.0,90.4000015258789,92.61399841308594,92.61399841308594,5075000
2020-12-14,92.9000015258789,93.29949951171875,90.38200378417969,92.24199676513672,92.24199676513672,5767000
2020-12-15,92.32599639892578,94.79199981689453,92.32499694824219,93.31300354003906,93.31300354003906,7330000
2020-12-16,92.7959976196289,94.18000030517578,91.22000122070312,93.97200012207031,93.97200012207031,5168000
2020-12-17,94.5,95.44999694824219,93.55000305175781,94.23999786376953,94.23999786376953,4260000
2020-12-18,94.99500274658203,95.90799713134766,93.72599792480469,95.1500015258789,95.1500015258789,6252000
2020-12-21,93.80000305175781,96.33999633789062,92.12799835205078,93.5530014038086,93.5530014038086,7537000
2020-12-22,94.22599792480469,97.27999877929688,93.17649841308594,97.11199951171875,97.11199951171875,5960000
2020-12-23,96.9000015258789,97.0,92.19100189208984,92.39900207519531,92.39900207519531,8183000
2020-12-24,93.01000213623047,94.34400177001953,92.9000015258789,93.177001953125,93.177001953125,3181000
2020-12-28,94.16799926757812,94.16799926757812,83.01799774169922,83.26200103759766,83.26200103759766,23085000
2020-12-29,84.01599884033203,84.03099822998047,79.60600280761719,82.02899932861328,82.02899932861328,15876000
2020-12-30,82.0999984741211,83.4000015258789,80.77999877929688,81.80000305175781,81.80000305175781,13649000
2020-12-31,82.30000305175781,82.30000305175781,79.82499694824219,80.0999984741211,80.0999984741211,7900000
2021-01-04,80.5999984741211,80.6500015258789,75.5999984741211,77.34300231933594,77.34300231933594,12177000
2021-01-05,77.6760025024414,80.0,77.19920349121094,78.85399627685547,78.85399627685547,8202000
2021-01-06,76.66539764404297,77.27799987792969,73.83300018310547,74.06099700927734,74.06099700927734,14599000
2021-01-07,75.5,76.45040130615234,74.05049896240234,76.3030014038086,76.3030014038086,14377000
2021-01-08,77.1989974975586,80.19339752197266,76.30000305175781,79.58100128173828,79.58100128173828,10808000
2021-01-11,77.60099792480469,79.8594970703125,76.5999984741211,77.92900085449219,77.92900085449219,6510000
2021-01-12,78.88300323486328,81.45829772949219,78.3010025024414,80.55999755859375,80.55999755859375,7891000
2021-01-13,81.0999984741211,81.5999984741211,78.35199737548828,78.54499816894531,78.54499816894531,6738000
2021-01-14,79.16500091552734,79.97899627685547,77.15229797363281,77.52999877929688,77.52999877929688,6386000
2021-01-15,77.52999877929688,79.11699676513672,76.7166976928711,78.53600311279297,78.53600311279297,5218000
2021-01-19,79.22699737548828,79.61599731445312,76.5999984741211,78.06199645996094,78.06199645996094,6422000
2021-01-20,78.70500183105469,81.49800109863281,78.0,81.0989990234375,81.0989990234375,6973000
2021-01-21,83.39099884033203,83.9280014038086,81.23799896240234,81.3030014038086,81.3030014038086,7616000
2021-01-22,81.16999816894531,82.0999984741211,80.0,81.2959976196289,81.2959976196289,3781000
2021-01-25,81.71499633789062,82.64399719238281,76.60030364990234,78.55899810791016,78.55899810791016,7658000
2021-01-26,79.30000305175781,79.51499938964844,77.2229995727539,77.62899780273438,77.62899780273438,4511000
2021-01-27,75.9000015258789,77.94000244140625,73.11199951171875,75.62999725341797,75.62999725341797,7074000
2021-01-28,77.49949645996094,80.39730072021484,76.80000305175781,79.4520034790039,79.4520034790039,7933000
2021-01-29,78.65699768066406,79.79199981689453,75.36579895019531,76.5989990234375,76.5989990234375,5824000
2021-02-01,78.24700164794922,79.94400024414062,77.11000061035156,79.32099914550781,79.32099914550781,6812000
2021-02-02,81.0,83.5,80.63999938964844,83.1449966430664,83.1449966430664,6527000
2021-02-03,85.0009994506836,87.51399993896484,83.72899627685547,83.91500091552734,83.91500091552734,8364000
2021-02-04,85.0999984741211,85.98179626464844,84.01190185546875,85.4020004272461,85.4020004272461,4105000
2021-02-05,86.43060302734375,87.14250183105469,84.48999786376953,85.50599670410156,85.50599670410156,5764000
2021-02-08,86.5,87.8010025024414,85.1050033569336,85.23100280761719,85.23100280761719,4854000
2021-02-09,85.0,87.0,83.8499984741211,86.46099853515625,86.46099853515625,4265000
2021-02-10,87.14199829101562,87.8239974975586,84.12210083007812,86.19200134277344,86.19200134277344,5360000
2021-02-11,86.70099639892578,87.05699920654297,84.7030029296875,86.68399810791016,86.68399810791016,3960000
2021-02-12,86.10099792480469,87.41500091552734,85.71399688720703,86.4000015258789,86.4000015258789,4074000
2021-02-16,86.9530029296875,88.08999633789062,84.79499816894531,86.89800262451172,86.89800262451172,6879000
2021-02-17,85.0999984741211,85.65299987792969,81.66000366210938,84.44200134277344,84.44200134277344,7628000
2021-02-18,83.56900024414062,84.98999786376953,82.34400177001953,84.6500015258789,84.6500015258789,8884000
2021-02-19,84.0989990234375,92.11199951171875,83.5999984741211,90.33499908447266,90.33499908447266,23760000
2021-02-22,88.47200012207031,90.21700286865234,84.40899658203125,84.52200317382812,84.52200317382812,11643000
2021-02-23,81.0,81.0,74.50140380859375,79.10900115966797,79.10900115966797,14834000
2021-02-24,79.052001953125,79.38999938964844,75.7020034790039,78.10399627685547,78.10399627685547,6837000
2021-02-25,77.29299926757812,79.5999984741211,74.5,75.45899963378906,75.45899963378906,7966000
2021-02-26,76.52999877929688,81.27200317382812,76.1500015258789,80.53900146484375,80.53900146484375,9060000
2021-03-01,81.9800033569336,83.4000015258789,79.7156982421875,83.23400115966797,83.23400115966797,5125000
2021-03-02,83.5,83.5,79.68900299072266,79.79100036621094,79.79100036621094,4627000
2021-03-03,79.12000274658203,79.1688003540039,69.0999984741211,69.59300231933594,69.59300231933594,18668000
2021-03-04,69.0009994506836,69.4990005493164,61.492000579833984,64.01599884033203,64.01599884033203,21327000
2021-03-05,65.0,66.5,56.10200119018555,65.41699981689453,65.41699981689453,30282000
2021-03-08,67.802001953125,72.33899688720703,66.10099792480469,67.89399719238281,67.89399719238281,24636000
2021-03-09,71.9000015258789,72.7770004272461,68.1780014038086,71.93199920654297,71.93199920654297,13768000
2021-03-10,73.5999984741211,74.91799926757812,70.57499694824219,72.26100158691406,72.26100158691406,7753000
2021-03-11,74.50399780273438,75.90299987792969,72.83699798583984,75.6500015258789,75.6500015258789,6744000
2021-03-12,73.50199890136719,75.32499694824219,72.73799896240234,75.12200164794922,75.12200164794922,5833000
2021-03-15,75.20500183105469,76.19999694824219,74.12799835205078,75.82599639892578,75.82599639892578,5480000
2021-03-16,76.43000030517578,80.5,75.50309753417969,76.89199829101562,76.89199829101562,11218000
2021-03-17,74.76300048828125,77.97100067138672,73.01290130615234,77.1510009765625,77.1510009765625,8103000
2021-03-18,74.9020004272461,75.31400299072266,69.35700225830078,70.01000213623047,70.01000213623047,9635000
2021-03-19,70.5,73.80000305175781,69.70099639892578,73.32099914550781,73.32099914550781,7993000
2021-03-22,74.22540283203125,75.29900360107422,72.91400146484375,74.08499908447266,74.08499908447266,5633000
2021-03-23,74.21299743652344,75.0,71.55500030517578,72.43099975585938,72.43099975585938,4746000
2021-03-24,72.46099853515625,72.54450225830078,66.2854995727539,66.80599975585938,66.80599975585938,8322000
2021-03-25,65.30000305175781,66.54199981689453,63.20000076293945,65.33799743652344,65.33799743652344,12676000
2021-03-26,65.45700073242188,67.64299774169922,64.46499633789062,67.12100219726562,67.12100219726562,6772000
2021-03-29,66.80400085449219,67.6989974975586,60.599998474121094,61.257999420166016,61.257999420166016,10003000
2021-03-30,60.500999450683594,63.15449905395508,59.111000061035156,62.5880012512207,62.5880012512207,8824000
2021-03-31,63.96500015258789,66.45600128173828,63.65399932861328,65.16600036621094,65.16600036621094,7273000
2021-04-01,67.39099884033203,68.33550262451172,65.44400024414062,65.88400268554688,65.88400268554688,5643000
2021-04-05,67.5,67.5,63.930999755859375,65.31800079345703,65.31800079345703,4160000
2021-04-06,66.60749816894531,68.05599975585938,65.21099853515625,66.96299743652344,66.96299743652344,6996000
2021-04-07,67.0,68.49700164794922,66.30400085449219,67.78700256347656,67.78700256347656,4720000
2021-04-08,68.71299743652344,70.21900177001953,67.69999694824219,69.04000091552734,69.04000091552734,6782000
2021-04-09,69.0,69.625,67.21700286865234,69.25599670410156,69.25599670410156,5835000
2021-04-12,68.74299621582031,71.85600280761719,67.80000305175781,70.58599853515625,70.58599853515625,6075000
2021-04-13,71.57599639892578,73.5,71.24140167236328,72.2969970703125,72.2969970703125,6079000
2021-04-14,72.69000244140625,73.6083984375,70.31500244140625,71.61000061035156,71.61000061035156,7662000
2021-04-15,73.30000305175781,74.28700256347656,72.28099822998047,73.5,73.5,6002000
2021-04-16,73.10099792480469,73.4000015258789,71.26300048828125,71.88600158691406,71.88600158691406,4994000
2021-04-19,70.23899841308594,71.77400207519531,68.72100067138672,69.5479965209961,69.5479965209961,5953000
2021-04-20,69.51899719238281,69.94999694824219,67.0250015258789,68.60700225830078,68.60700225830078,4711000
2021-04-21,68.33399963378906,70.7979965209961,67.58350372314453,70.72699737548828,70.72699737548828,4135000
2021-04-22,71.11100006103516,72.79900360107422,69.76799774169922,70.02300262451172,70.02300262451172,6987000
2021-04-23,70.7770004272461,73.08000183105469,69.89099884033203,72.64900207519531,72.64900207519531,4460000
2021-04-26,73.0,75.18000030517578,71.83599853515625,74.76399993896484,74.76399993896484,4315000
2021-04-27,74.88300323486328,75.5999984741211,73.30899810791016,74.86199951171875,74.86199951171875,5373000
2021-04-28,75.11100006103516,75.88999938964844,73.75599670410156,74.63700103759766,74.63700103759766,4003000
2021-04-29,75.88899993896484,76.86699676513672,73.28900146484375,74.89800262451172,74.89800262451172,6907000
2021-04-30,73.58399963378906,75.45140075683594,72.7959976196289,72.93099975585938,72.93099975585938,4556000
2021-05-03,73.23600006103516,73.57499694824219,69.52999877929688,70.15599822998047,70.15599822998047,5019000
2021-05-04,69.3292007446289,69.3292007446289,64.72109985351562,66.65499877929688,66.65499877929688,6144000
2021-05-05,67.93800354003906,67.93800354003906,63.79600143432617,63.91400146484375,63.91400146484375,5312000
2021-05-06,63.5,64.43099975585938,59.16899871826172,61.22999954223633,61.22999954223633,11225000
2021-05-07,62.85020065307617,66.7020034790039,62.70000076293945,66.14299774169922,66.14299774169922,11327000
2021-05-10,56.742000579833984,56.78900146484375,48.01499938964844,48.959999084472656,48.959999084472656,87309000
2021-05-11,47.48550033569336,51.5531005859375,46.709999084472656,51.435001373291016,51.435001373291016,36805000
2021-05-12,50.29999923706055,52.125,49.611000061035156,50.47600173950195,50.47600173950195,21363000
2021-05-13,50.84000015258789,51.72999954223633,48.75699996948242,49.349998474121094,49.349998474121094,18577000
2021-05-14,50.34199905395508,52.426998138427734,48.946998596191406,51.749000549316406,51.749000549316406,13961000
2021-05-17,51.01300048828125,51.900001525878906,49.63719940185547,50.763999938964844,50.763999938964844,11669000
2021-05-18,50.720001220703125,52.14799880981445,50.29690170288086,50.849998474121094,50.849998474121094,7280000
2021-05-19,50.0,50.90999984741211,49.07500076293945,50.90999984741211,50.90999984741211,8642000
2021-05-20,51.599998474121094,54.5989990234375,51.29999923706055,54.33000183105469,54.33000183105469,11388000
2021-05-21,55.38019943237305,55.5,53.45370101928711,53.97200012207031,53.97200012207031,9425000
2021-05-24,54.70500183105469,56.22050094604492,54.0,55.55699920654297,55.55699920654297,8550000
2021-05-25,56.525001525878906,56.66600036621094,55.257999420166016,56.12900161743164,56.12900161743164,9358000
2021-05-26,56.516998291015625,58.59700012207031,56.28799819946289,58.14699935913086,58.14699935913086,10411000
2021-05-27,57.88100051879883,59.02000045776367,56.202999114990234,58.45800018310547,58.45800018310547,9121000
2021-05-28,58.84000015258789,59.5,58.25550079345703,58.81399917602539,58.81399917602539,6430000
2021-06-01,59.51499938964844,60.273799896240234,57.81840133666992,58.310001373291016,58.310001373291016,6463000
2021-06-02,58.1510009765625,58.805999755859375,57.0099983215332,58.18899917602539,58.18899917602539,6689000
2021-06-03,57.500999450683594,57.84000015258789,56.28099822998047,56.79600143432617,56.79600143432617,5820000
2021-06-04,57.25699996948242,58.49100112915039,57.215999603271484,57.474998474121094,57.474998474121094,4894000
2021-06-07,57.400001525878906,60.24399948120117,56.69900131225586,59.98500061035156,59.98500061035156,6899000
2021-06-08,60.45399856567383,62.80419921875,60.27069854736328,60.48699951171875,60.48699951171875,10906000
2021-06-09,61.0,61.36600112915039,58.45000076293945,58.529998779296875,58.529998779296875,9337000
2021-06-10,58.5,59.16559982299805,57.529998779296875,59.027000427246094,59.027000427246094,8994000
2021-06-11,59.59299850463867,60.7599983215332,59.1609992980957,59.98099899291992,59.98099899291992,6114000
2021-06-14,60.64400100708008,61.55229949951172,59.96699905395508,60.15599822998047,60.15599822998047,6242000
2021-06-15,60.04800033569336,60.09400177001953,58.25,58.57600021362305,58.57600021362305,7733000
2021-06-16,58.5,60.099998474121094,57.75699996948242,59.02000045776367,59.02000045776367,8644000
2021-06-17,59.13999938964844,63.34000015258789,58.5099983215332,62.13999938964844,62.13999938964844,13050800
2021-06-18,61.810001373291016,62.70000076293945,60.029998779296875,60.880001068115234,60.880001068115234,8938200
2021-06-21,60.68000030517578,62.249000549316406,59.119998931884766,61.2599983215332,61.2599983215332,6057400
2021-06-22,60.869998931884766,64.77999877929688,60.79999923706055,64.5,64.5,6670700
2021-06-23,64.947998046875,65.9800033569336,63.66999816894531,65.38999938964844,65.38999938964844,5735600
2021-06-24,66.2300033569336,77.97000122070312,66.0,75.87999725341797,75.87999725341797,35328600
2021-06-25,75.7490005493164,78.69999694824219,74.11000061035156,76.0199966430664,76.0199966430664,12332600
2021-06-28,77.06999969482422,80.58999633789062,76.77999877929688,79.88999938964844,79.88999938964844,8575400
2021-06-29,79.5,81.25,78.68399810791016,79.97000122070312,79.97000122070312,5378900
2021-06-30,78.88999938964844,78.98999786376953,77.19000244140625,77.36000061035156,77.36000061035156,5376300
2021-07-01,77.16000366210938,77.6500015258789,75.63999938964844,76.68000030517578,76.68000030517578,4121200
2021-07-02,77.86000061035156,78.83000183105469,76.13999938964844,76.62000274658203,76.62000274658203,3093300
2021-07-06,76.87999725341797,77.78199768066406,75.36000061035156,76.55999755859375,76.55999755859375,3775500
2021-07-07,78.06999969482422,81.88999938964844,76.75,77.63999938964844,77.63999938964844,9143300
2021-07-08,74.56999969482422,77.56999969482422,73.19999694824219,76.11000061035156,76.11000061035156,6485900
2021-07-09,77.5199966430664,78.73999786376953,75.52899932861328,77.94999694824219,77.94999694824219,3663400
2021-07-12,78.55000305175781,79.41699981689453,76.42900085449219,77.8499984741211,77.8499984741211,3240500
2021-07-13,77.97000122070312,79.16999816894531,75.55999755859375,76.5,76.5,4259600
2021-07-14,77.44000244140625,78.22899627685547,73.44000244140625,73.62999725341797,73.62999725341797,4875500
2021-07-15,72.41000366210938,74.5999984741211,70.76000213623047,71.98999786376953,71.98999786376953,4643800
2021-07-16,72.86000061035156,72.86499786376953,69.36399841308594,70.62000274658203,70.62000274658203,5164500
2021-07-19,67.91999816894531,71.44999694824219,67.37000274658203,70.94000244140625,70.94000244140625,5635200
2021-07-20,71.69400024414062,73.83000183105469,69.33999633789062,73.0,73.0,4596600
2021-07-21,73.44000244140625,74.41000366210938,72.5,74.1500015258789,74.1500015258789,2759200
2021-07-22,74.70999908447266,75.30000305175781,72.62999725341797,74.11000061035156,74.11000061035156,2651200
2021-07-23,77.47000122070312,82.66000366210938,77.44999694824219,81.1500015258789,81.1500015258789,11687700
2021-07-26,80.06900024414062,81.90699768066406,78.76000213623047,81.44999694824219,81.44999694824219,4875700
2021-07-27,81.58000183105469,84.9800033569336,79.62999725341797,82.68000030517578,82.68000030517578,10167900
2021-07-28,83.19999694824219,86.1500015258789,82.8499984741211,85.55999755859375,85.55999755859375,6587500
2021-07-29,84.30000305175781,85.97000122070312,83.83000183105469,84.0999984741211,84.0999984741211,5015000
2021-07-30,82.5,83.8499984741211,81.75,81.91000366210938,81.91000366210938,5072900
2021-08-02,82.16000366210938,84.05999755859375,81.11000061035156,83.19000244140625,83.19000244140625,4491600
2021-08-03,83.0,84.61499786376953,81.7699966430664,83.16000366210938,83.16000366210938,2874800
2021-08-04,83.0,86.69000244140625,82.76000213623047,86.44000244140625,86.44000244140625,4350000
2021-08-05,84.80000305175781,86.26000213623047,83.05999755859375,83.37999725341797,83.37999725341797,4785700
2021-08-06,83.1500015258789,84.98999786376953,82.30999755859375,84.04000091552734,84.04000091552734,3502300
2021-08-09,82.56999969482422,83.87999725341797,78.25,81.31999969482422,81.31999969482422,8622000
2021-08-10,82.8499984741211,90.0,82.8499984741211,87.52999877929688,87.52999877929688,12900500
2021-08-11,86.30999755859375,86.66000366210938,81.45099639892578,82.4000015258789,82.4000015258789,6665700
2021-08-12,82.2699966430664,85.75,82.25,85.61000061035156,85.61000061035156,5309200
2021-08-13,85.0,85.0,80.77999877929688,80.91000366210938,80.91000366210938,5839200
2021-08-16,80.0979995727539,80.5,77.31999969482422,78.95999908447266,78.95999908447266,4698700
2021-08-17,78.5,79.69000244140625,77.93000030517578,79.26000213623047,79.26000213623047,3754600
2021-08-18,79.5199966430664,80.0,76.8499984741211,76.9000015258789,76.9000015258789,2683800
2021-08-19,75.68000030517578,77.55000305175781,75.13999938964844,75.79000091552734,75.79000091552734,2841700
2021-08-20,75.91999816894531,77.48999786376953,75.79000091552734,77.18000030517578,77.18000030517578,2150800
2021-08-23,77.66000366210938,79.7699966430664,77.66000366210938,79.38999938964844,79.38999938964844,2116700
2021-08-24,80.0999984741211,81.9800033569336,79.66000366210938,80.62000274658203,80.62000274658203,2766600
2021-08-25,80.7760009765625,80.98999786376953,79.5199966430664,80.05999755859375,80.05999755859375,1804900
2021-08-26,79.8499984741211,81.05000305175781,78.21800231933594,78.41999816894531,78.41999816894531,2024700
2021-08-27,79.18000030517578,80.9800033569336,78.80000305175781,80.58000183105469,80.58000183105469,2494600
2021-08-30,80.5999984741211,81.97000122070312,80.33999633789062,80.70999908447266,80.70999908447266,5011300
2021-08-31,80.12000274658203,81.0199966430664,79.16999816894531,80.05000305175781,80.05000305175781,2713200
2021-09-01,80.25,80.69999694824219,78.81999969482422,79.51000213623047,79.51000213623047,2523600
2021-09-02,79.93299865722656,80.0,77.69999694824219,78.0199966430664,78.0199966430664,2817800
2021-09-03,77.9800033569336,78.97899627685547,76.66000366210938,78.19999694824219,78.19999694824219,2415300
2021-09-07,78.44000244140625,78.44000244140625,75.09300231933594,75.27999877929688,75.27999877929688,3543600
2021-09-08,74.94999694824219,75.0199966430664,71.8499984741211,72.30000305175781,72.30000305175781,4783900
2021-09-09,72.13999938964844,73.5999984741211,71.1510009765625,72.81999969482422,72.81999969482422,3447700
2021-09-10,73.66000366210938,74.45999908447266,72.59300231933594,72.77999877929688,72.77999877929688,2619800
2021-09-13,72.3499984741211,72.38999938964844,69.30000305175781,71.19999694824219,71.19999694824219,4137200
2021-09-14,71.5,72.7300033569336,70.44999694824219,70.83000183105469,70.83000183105469,2881500
2021-09-15,70.5199966430664,71.0199966430664,69.19999694824219,70.81999969482422,70.81999969482422,3011300
2021-09-16,70.44999694824219,73.4000015258789,70.0999984741211,73.19999694824219,73.19999694824219,3244900
2021-09-17,73.11000061035156,74.0999984741211,71.87000274658203,72.58000183105469,72.58000183105469,4109200
2021-09-20,69.61000061035156,71.30999755859375,68.51000213623047,69.70999908447266,69.70999908447266,3316000
2021-09-21,70.47000122070312,72.73999786376953,70.30000305175781,72.13999938964844,72.13999938964844,2878800
2021-09-22,72.30000305175781,75.83000183105469,71.8499984741211,75.58000183105469,75.58000183105469,4015300
2021-09-23,76.62000274658203,77.2300033569336,75.73999786376953,76.4000015258789,76.4000015258789,2756000
2021-09-24,75.0999984741211,76.58999633789062,73.94000244140625,76.45999908447266,76.45999908447266,2252700
2021-09-27,75.72000122070312,75.94999694824219,74.38999938964844,75.79000091552734,75.79000091552734,2396100
2021-09-28,73.91000366210938,74.25,69.19999694824219,69.2699966430664,69.2699966430664,5598900
2021-09-29,70.69999694824219,70.98999786376953,67.70999908447266,67.80999755859375,67.80999755859375,3416800
2021-09-30,68.58000183105469,70.91000366210938,67.80000305175781,70.30000305175781,70.30000305175781,3745900
2021-10-01,70.02999877929688,70.76000213623047,68.69999694824219,70.41999816894531,70.41999816894531,1971900
2021-10-04,69.16000366210938,69.31999969482422,65.31999969482422,66.02999877929688,66.02999877929688,5402200
2021-10-05,66.83999633789062,68.38999938964844,66.5999984741211,67.5999984741211,67.5999984741211,2692900
2021-10-06,66.30000305175781,69.58999633789062,66.22000122070312,68.29000091552734,68.29000091552734,2604000
2021-10-07,69.51300048828125,71.06999969482422,69.44000244140625,70.41999816894531,70.41999816894531,2650200
2021-10-08,70.83000183105469,71.98500061035156,69.77999877929688,71.0,71.0,3482300
2021-10-11,70.5,72.19999694824219,70.11000061035156,70.72000122070312,70.72000122070312,2048800
2021-10-12,71.79000091552734,73.37000274658203,70.80999755859375,72.75,72.75,2702900
2021-10-13,73.38999938964844,75.94000244140625,73.38999938964844,75.72000122070312,75.72000122070312,3857600
2021-10-14,77.05000305175781,79.16999816894531,76.79000091552734,77.08999633789062,77.08999633789062,3545300
2021-10-15,77.41000366210938,78.94000244140625,76.06999969482422,78.45999908447266,78.45999908447266,2850600
2021-10-18,78.45999908447266,81.0999984741211,77.7699966430664,80.81999969482422,80.81999969482422,3106800
2021-10-19,81.16000366210938,82.72000122070312,80.55000305175781,81.41000366210938,81.41000366210938,2973800
2021-10-20,82.16500091552734,82.98999786376953,79.3499984741211,79.55999755859375,79.55999755859375,2523300
2021-10-21,79.16999816894531,81.38999938964844,78.65299987792969,81.05999755859375,81.05999755859375,2566100
2021-10-22,76.7300033569336,78.33999633789062,73.23999786376953,73.95999908447266,73.95999908447266,7445000
2021-10-25,74.16000366210938,76.6500015258789,73.87000274658203,76.11000061035156,76.11000061035156,3049700
2021-10-26,76.94999694824219,78.4000015258789,75.61000061035156,76.77999877929688,76.77999877929688,3023100
2021-10-27,76.5,77.69000244140625,73.0,73.05000305175781,73.05000305175781,3940100
2021-10-28,73.25,75.75,73.21499633789062,75.43000030517578,75.43000030517578,2337000
2021-10-29,74.58599853515625,76.04000091552734,74.08999633789062,74.91000366210938,74.91000366210938,2332800
2021-11-01,75.19499969482422,76.68000030517578,74.0999984741211,76.48999786376953,76.48999786376953,2631600
2021-11-02,76.05999755859375,76.3499984741211,73.04399871826172,75.04000091552734,75.04000091552734,3255100
2021-11-03,75.2699966430664,76.86000061035156,73.68000030517578,76.70999908447266,76.70999908447266,2718800
2021-11-04,75.66000366210938,75.66000366210938,71.25,72.43000030517578,72.43000030517578,5337800
2021-11-05,72.98999786376953,72.98999786376953,68.45999908447266,68.55000305175781,68.55000305175781,8623100
2021-11-08,84.30000305175781,89.76000213623047,80.70999908447266,88.75,88.75,31558100
2021-11-09,89.60700225830078,98.19999694824219,89.11399841308594,97.08999633789062,97.08999633789062,17242200
2021-11-10,91.98999786376953,95.87000274658203,87.28399658203125,88.66000366210938,88.66000366210938,10017900
2021-11-11,90.4000015258789,92.55999755859375,88.6500015258789,91.55000305175781,91.55000305175781,3865800
2021-11-12,93.69999694824219,100.58999633789062,93.5999984741211,100.33000183105469,100.33000183105469,12305800
2021-11-15,99.91000366210938,108.5199966430664,99.58000183105469,105.44999694824219,105.44999694824219,11751100
2021-11-16,104.72000122070312,111.81999969482422,104.20999908447266,111.63999938964844,111.63999938964844,8831300
2021-11-17,111.08999633789062,114.08999633789062,107.05000305175781,107.5,107.5,5411400
2021-11-18,108.29000091552734,110.3030014038086,104.0199966430664,105.47000122070312,105.47000122070312,5715700
2021-11-19,108.2300033569336,110.62999725341797,107.04000091552734,107.79000091552734,107.79000091552734,4363500
2021-11-22,107.30999755859375,107.79000091552734,98.70999908447266,103.2699966430664,103.2699966430664,8108100
2021-11-23,101.26000213623047,105.69000244140625,98.72000122070312,102.73999786376953,102.73999786376953,6011300
2021-11-24,102.22000122070312,106.45999908447266,100.86000061035156,106.20999908447266,106.20999908447266,5319800
2021-11-26,103.81999969482422,108.48999786376953,103.25,103.9800033569336,103.9800033569336,2548100
2021-11-29,105.22000122070312,108.19999694824219,103.0,107.05999755859375,107.05999755859375,3165000
2021-11-30,107.36299896240234,110.86699676513672,101.58999633789062,103.41999816894531,103.41999816894531,5772100
2021-12-01,105.1969985961914,105.85399627685547,94.43000030517578,95.22000122070312,95.22000122070312,5195100
2021-12-02,95.31700134277344,98.77999877929688,93.70999908447266,95.88999938964844,95.88999938964844,5205800
2021-12-03,95.69999694824219,95.75499725341797,88.18000030517578,89.51000213623047,89.51000213623047,6010400
2021-12-06,87.61000061035156,91.81999969482422,85.3499984741211,89.62999725341797,89.62999725341797,4806700
2021-12-07,94.3499984741211,97.58899688720703,94.19000244140625,95.72000122070312,95.72000122070312,3919400
2021-12-08,95.5199966430664,99.0,93.08000183105469,97.9000015258789,97.9000015258789,2607200
2021-12-09,97.62000274658203,99.49700164794922,93.8499984741211,94.51000213623047,94.51000213623047,2535500
2021-12-10,96.30000305175781,98.30500030517578,93.27200317382812,94.05999755859375,94.05999755859375,2643300
2021-12-13,94.41000366210938,95.20999908447266,90.62000274658203,92.5,92.5,3059500
2021-12-14,90.16000366210938,91.4000015258789,85.87999725341797,88.33000183105469,88.33000183105469,4165800
2021-12-15,88.4800033569336,92.16000366210938,84.41999816894531,91.43000030517578,91.43000030517578,4469100
2021-12-16,92.62000274658203,92.69999694824219,85.36000061035156,87.11000061035156,87.11000061035156,3559900
2021-12-17,84.51000213623047,90.18000030517578,84.19999694824219,89.98999786376953,89.98999786376953,4019100
2021-12-20,88.06999969482422,89.1500015258789,86.5,88.04000091552734,88.04000091552734,3936800
2021-12-21,91.4000015258789,93.75,88.87000274658203,93.52999877929688,93.52999877929688,4251100
2021-12-22,92.19999694824219,94.13999938964844,91.11000061035156,93.48999786376953,93.48999786376953,2401000
2021-12-23,94.31999969482422,96.62000274658203,92.30999755859375,96.05000305175781,96.05000305175781,3079200
2021-12-27,96.52999877929688,98.5999984741211,95.93000030517578,97.68000030517578,97.68000030517578,2118900
2021-12-28,98.21499633789062,98.21499633789062,94.0,94.79000091552734,94.79000091552734,1894200
2021-12-29,94.0719985961914,94.55000305175781,91.04000091552734,92.56999969482422,92.56999969482422,2085800
2021-12-30,92.11000061035156,95.55000305175781,91.80999755859375,94.2699966430664,94.2699966430664,2244800
2021-12-31,94.18000030517578,94.8499984741211,91.56999969482422,91.63999938964844,91.63999938964844,2294500
2022-01-03,92.66000366210938,93.26000213623047,88.2300033569336,90.11000061035156,90.11000061035156,3735200
2022-01-04,89.9800033569336,90.8499984741211,81.66999816894531,85.36000061035156,85.36000061035156,7467000
2022-01-05,83.5199966430664,84.4800033569336,78.25,79.63999938964844,79.63999938964844,6571000
2022-01-06,78.0,81.0,75.69999694824219,76.93000030517578,76.93000030517578,5358300
2022-01-07,78.0,82.4000015258789,77.41999816894531,78.94000244140625,78.94000244140625,6380000
2022-01-10,75.51000213623047,81.27999877929688,73.80000305175781,81.0,81.0,7083200
2022-01-11,80.34100341796875,85.8499984741211,78.75,84.87999725341797,84.87999725341797,6040000
2022-01-12,85.5199966430664,87.68000030517578,81.8010025024414,82.38999938964844,82.38999938964844,3478500
2022-01-13,82.48999786376953,82.59500122070312,75.70999908447266,75.76000213623047,75.76000213623047,4193100
2022-01-14,74.83000183105469,76.43000030517578,72.41999816894531,75.47000122070312,75.47000122070312,4793500
2022-01-18,72.81999969482422,74.88999938964844,70.27999877929688,71.0,71.0,5549900
2022-01-19,71.61000061035156,72.4800033569336,68.33999633789062,69.0,69.0,4991300
2022-01-20,70.18199920654297,72.33999633789062,67.41000366210938,67.7300033569336,67.7300033569336,3941400
2022-01-21,66.11000061035156,66.69000244140625,59.29999923706055,59.45000076293945,59.45000076293945,13187800
2022-01-24,56.31999969482422,65.48999786376953,55.04999923706055,65.33000183105469,65.33000183105469,15942100
2022-01-25,62.88999938964844,65.4800033569336,62.25,62.66999816894531,62.66999816894531,9275600
2022-01-26,66.58000183105469,66.98999786376953,60.36000061035156,61.459999084472656,61.459999084472656,9489300
2022-01-27,62.650001525878906,64.44999694824219,59.61000061035156,60.16999816894531,60.16999816894531,5788000
2022-01-28,60.88999938964844,64.0999984741211,57.81999969482422,63.599998474121094,63.599998474121094,6200000
2022-01-31,64.37999725341797,69.68000030517578,63.9379997253418,69.54000091552734,69.54000091552734,7080800
2022-02-01,70.45999908447266,71.30000305175781,68.36000061035156,71.08999633789062,71.08999633789062,6232100
2022-02-02,72.87000274658203,74.32499694824219,69.34500122070312,70.01000213623047,70.01000213623047,6771900
2022-02-03,64.43000030517578,68.25,63.31999969482422,65.83999633789062,65.83999633789062,8252900
2022-02-04,67.66000366210938,73.30500030517578,66.5469970703125,73.04000091552734,73.04000091552734,7950200
2022-02-07,72.97000122070312,76.69999694824219,72.5,73.56999969482422,73.56999969482422,5984300
2022-02-08,72.4000015258789,76.76000213623047,72.19999694824219,76.48999786376953,76.48999786376953,5551700
2022-02-09,77.7300033569336,80.01000213623047,76.66500091552734,79.94000244140625,79.94000244140625,5499900
2022-02-10,78.70999908447266,85.08000183105469,78.61000061035156,82.13999938964844,82.13999938964844,8586700
2022-02-11,81.30999755859375,83.33000183105469,74.8499984741211,76.30000305175781,76.30000305175781,9431600
2022-02-14,75.93000030517578,79.37000274658203,75.38999938964844,76.51000213623047,76.51000213623047,6342700
2022-02-15,79.23999786376953,80.8499984741211,77.0999984741211,80.5199966430664,80.5199966430664,7196000
2022-02-16,76.81999969482422,81.77300262451172,71.05000305175781,80.91000366210938,80.91000366210938,19244700
2022-02-17,78.4749984741211,83.66999816894531,78.16999816894531,79.41000366210938,79.41000366210938,7533000
2022-02-18,78.75,81.38999938964844,77.44999694824219,78.05000305175781,78.05000305175781,7191400
2022-02-22,75.375,79.39700317382812,74.44999694824219,74.80000305175781,74.80000305175781,6140700
2022-02-23,75.98999786376953,76.62999725341797,73.30999755859375,74.12000274658203,74.12000274658203,4995500
2022-02-24,69.66500091552734,83.22000122070312,68.26000213623047,82.81999969482422,82.81999969482422,9859300
2022-02-25,81.98999786376953,84.44999694824219,80.16000366210938,83.62999725341797,83.62999725341797,5456300
2022-02-28,83.5,86.87999725341797,82.43000030517578,85.31999969482422,85.31999969482422,5525900
2022-03-01,85.49500274658203,86.23999786376953,81.0199966430664,82.08000183105469,82.08000183105469,5086700
2022-03-02,83.45999908447266,83.45999908447266,78.51499938964844,82.26000213623047,82.26000213623047,3598200
2022-03-03,82.37000274658203,82.91999816894531,78.47000122070312,79.27999877929688,79.27999877929688,4114800
2022-03-04,79.79000091552734,81.19000244140625,75.0999984741211,75.66000366210938,75.66000366210938,3690000
2022-03-07,75.5999984741211,76.81999969482422,66.05500030517578,66.11000061035156,66.11000061035156,7883200
2022-03-08,65.62000274658203,65.69999694824219,60.61000061035156,62.349998474121094,62.349998474121094,10640200
2022-03-09,65.19999694824219,67.4000015258789,63.599998474121094,66.4000015258789,66.4000015258789,4988300
2022-03-10,64.79000091552734,65.1500015258789,61.34000015258789,63.029998779296875,63.029998779296875,4812900
2022-03-11,63.95000076293945,63.95000076293945,56.779998779296875,56.79999923706055,56.79999923706055,7767100
2022-03-14,56.400001525878906,56.88999938964844,51.18000030517578,52.47999954223633,52.47999954223633,10391900
2022-03-15,52.61000061035156,54.43000030517578,51.599998474121094,53.869998931884766,53.869998931884766,8935100
2022-03-16,55.52000045776367,60.77000045776367,55.33000183105469,60.310001373291016,60.310001373291016,9222400
2022-03-17,59.529998779296875,65.67500305175781,58.70000076293945,65.41000366210938,65.41000366210938,7499200
2022-03-18,64.77999877929688,68.98999786376953,64.62000274658203,68.80999755859375,68.80999755859375,7960600
2022-03-21,68.22000122070312,69.41000366210938,64.43000030517578,66.95999908447266,66.95999908447266,5576200
2022-03-22,66.87999725341797,69.31500244140625,65.0999984741211,67.75,67.75,5148500
2022-03-23,66.4800033569336,70.08999633789062,65.12000274658203,66.63999938964844,66.63999938964844,6276500
2022-03-24,67.11000061035156,68.54000091552734,64.86499786376953,68.4000015258789,68.4000015258789,4053800
2022-03-25,68.2300033569336,68.76000213623047,62.90999984741211,65.44999694824219,65.44999694824219,8411500
2022-03-28,65.5999984741211,69.12999725341797,65.4000015258789,68.88999938964844,68.88999938964844,5542500
2022-03-29,70.62999725341797,73.95500183105469,69.52999877929688,73.33000183105469,73.33000183105469,5641600
2022-03-30,72.0199966430664,74.05000305175781,70.62999725341797,71.62999725341797,71.62999725341797,4682300
2022-03-31,71.7699966430664,72.27999877929688,69.2300033569336,69.25,69.25,3089300
2022-04-01,69.8499984741211,75.3499984741211,69.36000061035156,72.33000183105469,72.33000183105469,7051900
2022-04-04,72.52999877929688,75.9800033569336,72.52999877929688,75.22000122070312,75.22000122070312,3640000
2022-04-05,74.61000061035156,75.3499984741211,70.87999725341797,71.97000122070312,71.97000122070312,3470400
2022-04-06,70.13999938964844,70.77999877929688,66.19999694824219,67.7300033569336,67.7300033569336,4597300
2022-04-07,67.5199966430664,69.9800033569336,65.76499938964844,68.55999755859375,68.55999755859375,4167500
2022-04-08,67.25,69.29399871826172,66.19999694824219,67.79000091552734,67.79000091552734,2898000
2022-04-11,66.06999969482422,68.47899627685547,64.4000015258789,67.19999694824219,67.19999694824219,3433600
2022-04-12,68.9000015258789,70.62000274658203,65.76000213623047,65.83999633789062,65.83999633789062,3244400
2022-04-13,65.66000366210938,67.87999725341797,64.22100067138672,67.01000213623047,67.01000213623047,2805500
2022-04-14,66.6500015258789,67.04000091552734,63.56999969482422,63.58000183105469,63.58000183105469,3693800
2022-04-18,63.02000045776367,63.63999938964844,60.2400016784668,62.029998779296875,62.029998779296875,3197800
2022-04-19,61.97999954223633,67.70999908447266,61.189998626708984,66.88999938964844,66.88999938964844,5730000
2022-04-20,69.30000305175781,71.5999984741211,66.62000274658203,66.91999816894531,66.91999816894531,8277800
2022-04-21,68.38999938964844,69.81999969482422,63.060001373291016,63.470001220703125,63.470001220703125,5747100
2022-04-22,62.7599983215332,64.48999786376953,59.290000915527344,59.439998626708984,59.439998626708984,6086000
2022-04-25,59.0,63.130001068115234,58.7599983215332,63.02000045776367,63.02000045776367,4150900
2022-04-26,61.900001525878906,62.61000061035156,59.36000061035156,59.56999969482422,59.56999969482422,3352000
2022-04-27,59.25,62.25,56.689998626708984,57.029998779296875,57.029998779296875,5188800
2022-04-28,58.619998931884766,61.85499954223633,56.77000045776367,60.79999923706055,60.79999923706055,4798500
2022-04-29,60.36000061035156,63.79999923706055,58.5,58.91999816894531,58.91999816894531,4340300
2022-05-02,58.5099983215332,62.119998931884766,57.72999954223633,62.08000183105469,62.08000183105469,4501900
2022-05-03,61.89500045776367,63.15999984741211,58.36000061035156,60.29999923706055,60.29999923706055,5955000
2022-05-04,60.59000015258789,62.790000915527344,56.099998474121094,62.4900016784668,62.4900016784668,6284200
2022-05-05,61.2599983215332,61.70000076293945,53.80500030517578,55.15999984741211,55.15999984741211,6786200
2022-05-06,54.15999984741211,54.470001220703125,48.5099983215332,48.91999816894531,48.91999816894531,10956100
2022-05-09,47.0,47.779998779296875,42.779998779296875,44.9900016784668,44.9900016784668,11856300
2022-05-10,46.400001525878906,47.20000076293945,39.38999938964844,43.75,43.75,16025200
2022-05-11,42.11000061035156,44.84000015258789,40.904998779296875,43.34000015258789,43.34000015258789,16938100
2022-05-12,41.91999816894531,46.959999084472656,40.45000076293945,44.84000015258789,44.84000015258789,10645700
2022-05-13,46.869998931884766,52.150001525878906,46.65999984741211,51.91999816894531,51.91999816894531,7664400
2022-05-16,53.5099983215332,54.400001525878906,50.880001068115234,50.970001220703125,50.970001220703125,9444600
2022-05-17,53.209999084472656,54.88999938964844,51.060001373291016,53.369998931884766,53.369998931884766,5087500
2022-05-18,51.599998474121094,54.63999938964844,50.150001525878906,50.779998779296875,50.779998779296875,5962100
2022-05-19,50.880001068115234,54.97999954223633,50.75,53.68000030517578,53.68000030517578,6511600
2022-05-20,55.099998474121094,55.279998779296875,49.64500045776367,52.63999938964844,52.63999938964844,5568800
2022-05-23,52.29999923706055,53.0,49.689998626708984,52.5,52.5,4245400
2022-05-24,46.0,46.25,40.099998474121094,42.779998779296875,42.779998779296875,21153200
2022-05-25,42.0099983215332,46.70500183105469,42.0099983215332,46.33000183105469,46.33000183105469,7976400
2022-05-26,44.84000015258789,49.75,44.15999984741211,49.029998779296875,49.029998779296875,13548500
2022-05-27,49.779998779296875,52.5099983215332,49.779998779296875,52.4900016784668,52.4900016784668,6251300
2022-05-31,52.939998626708984,53.88999938964844,50.459999084472656,52.04999923706055,52.04999923706055,6116200
2022-06-01,52.7400016784668,54.97700119018555,50.959999084472656,51.560001373291016,51.560001373291016,6043500
2022-06-02,51.5099983215332,55.13999938964844,51.25,54.61000061035156,54.61000061035156,5068100
2022-06-03,52.59000015258789,53.849998474121094,50.176998138427734,51.150001525878906,51.150001525878906,4895500
2022-06-06,52.15999984741211,53.310001373291016,50.20000076293945,52.65999984741211,52.65999984741211,4820300
2022-06-07,51.84000015258789,53.47999954223633,51.125,53.209999084472656,53.209999084472656,4570400
2022-06-08,53.400001525878906,55.86000061035156,52.939998626708984,54.709999084472656,54.709999084472656,3432800
2022-06-09,53.900001525878906,54.349998474121094,52.11000061035156,52.5099983215332,52.5099983215332,4557600
2022-06-10,51.0,52.060001373291016,48.540000915527344,49.27000045776367,49.27000045776367,5022200
2022-06-13,46.0,47.63999938964844,43.630001068115234,45.58000183105469,45.58000183105469,8091600
2022-06-14,46.2599983215332,47.43000030517578,45.06999969482422,45.400001525878906,45.400001525878906,6104700
2022-06-15,45.95000076293945,49.178001403808594,45.479000091552734,48.13999938964844,48.13999938964844,6395700
2022-06-16,45.81999969482422,47.619998931884766,43.2599983215332,44.22999954223633,44.22999954223633,5427300
2022-06-17,44.505001068115234,47.61000061035156,44.505001068115234,46.29999923706055,46.29999923706055,5562200
2022-06-21,47.34000015258789,49.65999984741211,47.040000915527344,47.060001373291016,47.060001373291016,4939200
2022-06-22,46.2599983215332,47.9900016784668,45.13999938964844,45.380001068115234,45.380001068115234,7202800
2022-06-23,45.849998474121094,47.86000061035156,44.36000061035156,47.470001220703125,47.470001220703125,4822800
2022-06-24,48.130001068115234,49.65999984741211,47.08000183105469,49.4900016784668,49.4900016784668,7069600
2022-06-27,49.689998626708984,50.20000076293945,47.619998931884766,47.84000015258789,47.84000015258789,3572800
2022-06-28,47.900001525878906,48.91999816894531,43.86000061035156,44.150001525878906,44.150001525878906,4147400
2022-06-29,43.709999084472656,44.15999984741211,42.369998931884766,43.34000015258789,43.34000015258789,4006000
2022-06-30,42.400001525878906,42.79999923706055,40.34000015258789,41.88999938964844,41.88999938964844,5452000
2022-07-01,42.130001068115234,42.52000045776367,40.63999938964844,41.65999984741211,41.65999984741211,5334100
2022-07-05,41.02000045776367,44.45000076293945,40.029998779296875,44.290000915527344,44.290000915527344,4205600
2022-07-06,43.970001220703125,45.2599983215332,42.86000061035156,42.9900016784668,42.9900016784668,3913000
2022-07-07,43.35499954223633,45.93000030517578,43.189998626708984,45.529998779296875,45.529998779296875,4759500
2022-07-08,44.279998779296875,46.810001373291016,43.650001525878906,45.630001068115234,45.630001068115234,3544900
2022-07-11,44.650001525878906,45.07500076293945,42.880001068115234,43.5099983215332,43.5099983215332,3103700
2022-07-12,43.63999938964844,46.150001525878906,43.13999938964844,45.150001525878906,45.150001525878906,7147200
2022-07-13,43.810001373291016,46.89500045776367,42.45000076293945,44.15999984741211,44.15999984741211,6932500
2022-07-14,43.630001068115234,43.724998474121094,39.0,41.209999084472656,41.209999084472656,11144000
2022-07-15,42.40999984741211,43.595001220703125,41.61000061035156,43.099998474121094,43.099998474121094,4986800
2022-07-18,44.040000915527344,45.84000015258789,43.31999969482422,43.619998931884766,43.619998931884766,4870500
2022-07-19,44.779998779296875,46.1349983215332,43.560001373291016,46.02000045776367,46.02000045776367,4461300
2022-07-20,46.36000061035156,50.939998626708984,46.0,49.779998779296875,49.779998779296875,8517300
2022-07-21,49.56999969482422,51.189998626708984,49.029998779296875,50.9900016784668,50.9900016784668,4967900
2022-07-22,47.900001525878906,50.599998474121094,46.36000061035156,47.27000045776367,47.27000045776367,9175600
2022-07-25,47.150001525878906,47.83000183105469,45.779998779296875,46.560001373291016,46.560001373291016,3391600
2022-07-26,45.66999816894531,45.66999816894531,42.36000061035156,42.72999954223633,42.72999954223633,7453900
2022-07-27,43.959999084472656,47.40999984741211,43.41999816894531,46.630001068115234,46.630001068115234,7836100
2022-07-28,45.93000030517578,47.54999923706055,45.310001373291016,47.130001068115234,47.130001068115234,5907700
2022-07-29,43.400001525878906,45.439998626708984,41.90999984741211,45.0,45.0,13536900
2022-08-01,44.29999923706055,45.95000076293945,43.5,45.43000030517578,45.43000030517578,6020400
2022-08-02,44.84000015258789,49.04999923706055,44.70000076293945,47.70000076293945,47.70000076293945,5878500
2022-08-03,48.65999984741211,50.584999084472656,48.11000061035156,50.029998779296875,50.029998779296875,4728100
2022-08-04,50.150001525878906,50.66999816894531,48.91299819946289,50.459999084472656,50.459999084472656,4393400
2022-08-05,49.77000045776367,52.97999954223633,49.220001220703125,52.779998779296875,52.779998779296875,5625800
2022-08-08,53.5099983215332,57.209999084472656,53.209999084472656,54.970001220703125,54.970001220703125,6819900
2022-08-09,53.5099983215332,55.56999969482422,52.79999923706055,54.5,54.5,8164900
2022-08-10,68.13999938964844,74.87000274658203,68.05999755859375,74.23999786376953,74.23999786376953,42341000
2022-08-11,74.5999984741211,76.33999633789062,71.5199966430664,71.58999633789062,71.58999633789062,12147200
2022-08-12,73.0,75.4800033569336,71.20999908447266,74.48999786376953,74.48999786376953,7796700
2022-08-15,74.08499908447266,76.75,73.66000366210938,75.41000366210938,75.41000366210938,5951200
2022-08-16,74.95500183105469,75.43000030517578,72.61000061035156,73.73999786376953,73.73999786376953,4770000
2022-08-17,72.0999984741211,72.36000061035156,69.51000213623047,70.16999816894531,70.16999816894531,7223000
2022-08-18,70.52999877929688,70.91000366210938,68.94999694824219,69.12000274658203,69.12000274658203,4170000
2022-08-19,67.55000305175781,67.94000244140625,65.16999816894531,65.69000244140625,65.69000244140625,5025600
2022-08-22,64.0,64.7300033569336,62.56999969482422,63.939998626708984,63.939998626708984,4766100
2022-08-23,64.0999984741211,65.40499877929688,63.130001068115234,63.38999938964844,63.38999938964844,2894300
2022-08-24,63.7400016784668,65.87999725341797,63.650001525878906,63.900001525878906,63.900001525878906,3728300
2022-08-25,64.58000183105469,66.30999755859375,63.869998931884766,66.2300033569336,66.2300033569336,3567900
2022-08-26,66.1500015258789,66.4800033569336,62.869998931884766,63.40999984741211,63.40999984741211,3687100
2022-08-29,62.060001373291016,64.19999694824219,61.790000915527344,62.52000045776367,62.52000045776367,2836100
2022-08-30,63.54999923706055,64.79000091552734,61.119998931884766,62.81999969482422,62.81999969482422,5077000
2022-08-31,64.80000305175781,65.58999633789062,62.15299987792969,62.70000076293945,62.70000076293945,4473000
2022-09-01,61.189998626708984,62.02000045776367,59.0,61.88999938964844,61.88999938964844,4708900
2022-09-02,63.029998779296875,63.38999938964844,60.70000076293945,61.27000045776367,61.27000045776367,3856500
2022-09-06,61.5,61.529998779296875,59.38999938964844,60.029998779296875,60.029998779296875,3171700
2022-09-07,59.86000061035156,62.619998931884766,59.77000045776367,62.18000030517578,62.18000030517578,3746900
2022-09-08,61.61000061035156,64.54000091552734,61.130001068115234,64.38999938964844,64.38999938964844,4127900
2022-09-09,65.30000305175781,67.2249984741211,65.05000305175781,66.87999725341797,66.87999725341797,4670800
2022-09-12,67.23999786376953,67.7699966430664,65.91999816894531,67.43000030517578,67.43000030517578,3681300
2022-09-13,63.689998626708984,64.93000030517578,62.7599983215332,63.849998474121094,63.849998474121094,4012500
2022-09-14,63.970001220703125,64.16999816894531,61.91999816894531,63.61000061035156,63.61000061035156,4149200
2022-09-15,62.18000030517578,64.69999694824219,61.619998931884766,62.779998779296875,62.779998779296875,3774700
2022-09-16,61.290000915527344,62.630001068115234,60.86000061035156,61.88999938964844,61.88999938964844,4104100
2022-09-19,60.93000030517578,63.5,60.79999923706055,63.029998779296875,63.029998779296875,3032500
2022-09-20,62.060001373291016,63.33000183105469,61.54999923706055,61.56999969482422,61.56999969482422,3028800
2022-09-21,62.099998474121094,64.45500183105469,61.119998931884766,61.630001068115234,61.630001068115234,4484700
2022-09-22,60.83000183105469,61.790000915527344,58.95899963378906,59.2400016784668,59.2400016784668,4102700
2022-09-23,57.994998931884766,58.630001068115234,55.92499923706055,57.70000076293945,57.70000076293945,6962400
2022-09-26,57.630001068115234,60.15299987792969,57.439998626708984,57.45000076293945,57.45000076293945,5856500
2022-09-27,59.279998779296875,61.0,58.97999954223633,59.34000015258789,59.34000015258789,4939400
2022-09-28,59.58000183105469,63.279998779296875,59.20000076293945,62.959999084472656,62.959999084472656,5209900
2022-09-29,61.334999084472656,62.279998779296875,59.56999969482422,60.79999923706055,60.79999923706055,4873100
2022-09-30,60.66999816894531,63.1150016784668,59.68000030517578,59.75,59.75,10174500
2022-10-03,60.25,61.689998626708984,59.5,61.130001068115234,61.130001068115234,5130100
2022-10-04,63.4900016784668,64.65699768066406,62.529998779296875,63.65999984741211,63.65999984741211,7026000
2022-10-05,61.959999084472656,64.0,59.560001373291016,61.79999923706055,61.79999923706055,7378900
2022-10-06,62.04999923706055,64.54000091552734,61.099998474121094,61.16999816894531,61.16999816894531,5310100
2022-10-07,59.5,59.50299835205078,55.79999923706055,56.790000915527344,56.790000915527344,6144100
2022-10-10,56.90999984741211,56.97999954223633,53.939998626708984,54.83000183105469,54.83000183105469,5448600
2022-10-11,53.95000076293945,54.310001373291016,51.33000183105469,52.5,52.5,5506700
2022-10-12,52.689998626708984,53.22999954223633,50.41999816894531,52.619998931884766,52.619998931884766,5042300
2022-10-13,49.61000061035156,53.27000045776367,48.15999984741211,52.470001220703125,52.470001220703125,7512200
2022-10-14,53.40999984741211,53.7599983215332,50.38999938964844,50.599998474121094,50.599998474121094,3357100
2022-10-17,52.86000061035156,54.939998626708984,52.33000183105469,54.61000061035156,54.61000061035156,6100600
2022-10-18,56.5099983215332,57.459999084472656,55.084999084472656,56.38999938964844,56.38999938964844,6265100
2022-10-19,55.9900016784668,56.70000076293945,54.75,55.22999954223633,55.22999954223633,3836600
2022-10-20,55.18000030517578,58.66999816894531,55.099998474121094,56.47999954223633,56.47999954223633,5732300
2022-10-21,54.290000915527344,56.994998931884766,52.810001373291016,56.93000030517578,56.93000030517578,6054700
2022-10-24,57.25,57.29999923706055,53.97999954223633,55.66999816894531,55.66999816894531,3750300
2022-10-25,56.43000030517578,58.529998779296875,56.43000030517578,57.84000015258789,57.84000015258789,4325100
2022-10-26,54.720001220703125,57.25,53.17599868774414,55.36000061035156,55.36000061035156,6901600
2022-10-27,55.66999816894531,56.375,53.130001068115234,53.7599983215332,53.7599983215332,4887000
2022-10-28,53.040000915527344,53.900001525878906,52.31999969482422,53.709999084472656,53.709999084472656,4369900
2022-10-31,53.34000015258789,54.459999084472656,52.650001525878906,53.2400016784668,53.2400016784668,4210000
2022-11-01,55.40999984741211,56.150001525878906,53.08000183105469,53.08000183105469,53.08000183105469,3310000
2022-11-02,52.84000015258789,52.86000061035156,49.470001220703125,49.5,49.5,4500500
2022-11-03,48.0,50.59000015258789,47.880001068115234,49.16999816894531,49.16999816894531,4842200
2022-11-04,50.31999969482422,50.45000076293945,44.5099983215332,46.25,46.25,8669000
2022-11-07,46.625,47.380001068115234,43.119998931884766,43.720001220703125,43.720001220703125,9266500
2022-11-08,44.0099983215332,44.400001525878906,42.40999984741211,43.369998931884766,43.369998931884766,9484900
2022-11-09,46.86000061035156,47.25,39.43000030517578,39.88999938964844,39.88999938964844,20870600
2022-11-10,43.400001525878906,49.029998779296875,43.268001556396484,47.5099983215332,47.5099983215332,13282500
2022-11-11,46.904998779296875,49.70000076293945,46.400001525878906,48.77000045776367,48.77000045776367,7504100
2022-11-14,47.849998474121094,49.5,47.130001068115234,47.7599983215332,47.7599983215332,6182600
2022-11-15,50.0,54.810001373291016,49.52000045776367,53.560001373291016,53.560001373291016,10762000
2022-11-16,52.810001373291016,53.81999969482422,50.61000061035156,51.41999816894531,51.41999816894531,5474500
2022-11-17,48.970001220703125,50.88999938964844,48.689998626708984,50.060001373291016,50.060001373291016,3503400
2022-11-18,51.619998931884766,51.790000915527344,49.19300079345703,49.77000045776367,49.77000045776367,3622800
2022-11-21,48.845001220703125,49.939998626708984,47.939998626708984,48.31999969482422,48.31999969482422,3152600
2022-11-22,47.939998626708984,48.599998474121094,46.93000030517578,48.380001068115234,48.380001068115234,2361800
2022-11-23,48.61000061035156,50.5099983215332,48.2400016784668,49.540000915527344,49.540000915527344,2464700
2022-11-25,49.154998779296875,49.54999923706055,48.529998779296875,49.38999938964844,49.38999938964844,1168300
2022-11-28,48.56999969482422,49.310001373291016,48.16999816894531,49.0099983215332,49.0099983215332,3044500
2022-11-29,49.685001373291016,49.76499938964844,48.2599983215332,48.689998626708984,48.689998626708984,2992400
2022-11-30,48.56999969482422,52.43000030517578,48.04999923706055,52.13999938964844,52.13999938964844,5222700
2022-12-01,51.97999954223633,53.380001068115234,51.400001525878906,51.90999984741211,51.90999984741211,4225700
2022-12-02,50.81999969482422,54.970001220703125,50.5,54.4900016784668,54.4900016784668,4552200
2022-12-05,54.029998779296875,54.91999816894531,50.45500183105469,50.84000015258789,50.84000015258789,3482400
2022-12-06,51.08000183105469,51.2400016784668,47.189998626708984,47.45000076293945,47.45000076293945,4085700
2022-12-07,47.22999954223633,48.16999816894531,46.029998779296875,47.77000045776367,47.77000045776367,3952700
2022-12-08,48.13999938964844,49.689998626708984,47.20000076293945,48.5099983215332,48.5099983215332,3178200
2022-12-09,48.720001220703125,49.18000030517578,47.5,47.810001373291016,47.810001373291016,2444900
2022-12-12,48.310001373291016,49.560001373291016,47.22999954223633,49.220001220703125,49.220001220703125,3609800
2022-12-13,53.220001220703125,54.470001220703125,50.619998931884766,51.939998626708984,51.939998626708984,5516200
2022-12-14,51.79999923706055,53.119998931884766,50.27000045776367,50.939998626708984,50.939998626708984,4288800
2022-12-15,48.15999984741211,48.959999084472656,46.560001373291016,46.779998779296875,46.779998779296875,5953100
2022-12-16,46.58000183105469,47.61000061035156,45.310001373291016,46.150001525878906,46.150001525878906,7885500
2022-12-19,45.720001220703125,46.029998779296875,43.95000076293945,44.130001068115234,44.130001068115234,4699800
2022-12-20,43.90999984741211,46.810001373291016,43.540000915527344,46.59000015258789,46.59000015258789,4536300
2022-12-21,47.005001068115234,47.38999938964844,45.65599822998047,46.56999969482422,46.56999969482422,2819500
2022-12-22,45.529998779296875,45.63999938964844,43.36000061035156,44.900001525878906,44.900001525878906,3661900
2022-12-23,44.5,45.029998779296875,43.63999938964844,44.880001068115234,44.880001068115234,2421700
2022-12-27,44.45000076293945,44.45000076293945,42.79499816894531,43.81999969482422,43.81999969482422,2639400
2022-12-28,43.709999084472656,44.220001220703125,42.709999084472656,43.31999969482422,43.31999969482422,2766500
2022-12-29,44.29999923706055,45.75,43.7599983215332,45.34000015258789,45.34000015258789,2946300
2022-12-30,44.02000045776367,45.0099983215332,43.775001525878906,44.83000183105469,44.83000183105469,3110400
2023-01-03,45.9900016784668,46.29999923706055,43.38999938964844,44.02000045776367,44.02000045776367,2855600
2023-01-04,44.470001220703125,44.68000030517578,42.9370002746582,44.310001373291016,44.310001373291016,4653700
2023-01-05,43.790000915527344,43.93000030517578,42.347999572753906,42.59000015258789,42.59000015258789,3908000
2023-01-06,43.060001373291016,43.060001373291016,41.20000076293945,42.290000915527344,42.290000915527344,3976700
2023-01-09,43.150001525878906,44.8849983215332,42.77000045776367,43.9900016784668,43.9900016784668,4005300
2023-01-10,43.59000015258789,44.849998474121094,43.27000045776367,44.84000015258789,44.84000015258789,2909700
2023-01-11,45.31999969482422,47.369998931884766,44.77799987792969,47.310001373291016,47.310001373291016,4579900
2023-01-12,47.380001068115234,47.529998779296875,45.599998474121094,46.70000076293945,46.70000076293945,4378500
2023-01-13,45.72999954223633,47.16999816894531,45.29999923706055,47.029998779296875,47.029998779296875,4198100
2023-01-17,46.83000183105469,47.599998474121094,45.970001220703125,47.06999969482422,47.06999969482422,3369500
2023-01-18,47.93000030517578,48.0,45.29999923706055,45.68000030517578,45.68000030517578,3543300
2023-01-19,44.88999938964844,45.5,44.189998626708984,44.2599983215332,44.2599983215332,3043000
2023-01-20,44.529998779296875,45.790000915527344,44.08000183105469,45.56999969482422,45.56999969482422,3157000
2023-01-23,45.869998931884766,48.119998931884766,45.45000076293945,47.189998626708984,47.189998626708984,4386800
2023-01-24,45.95000076293945,47.88999938964844,45.79999923706055,47.619998931884766,47.619998931884766,3936100
2023-01-25,45.94499969482422,48.75,45.20899963378906,48.709999084472656,48.709999084472656,5887000
2023-01-26,50.0,50.611000061035156,48.63999938964844,49.75,49.75,3787600
2023-01-27,49.52000045776367,52.599998474121094,49.45000076293945,51.95000076293945,51.95000076293945,4227400
2023-01-30,51.0,51.20000076293945,49.06999969482422,49.220001220703125,49.220001220703125,3588000
2023-01-31,49.22999954223633,50.77000045776367,49.209999084472656,50.70000076293945,50.70000076293945,3678800
2023-02-01,50.900001525878906,52.72999954223633,49.689998626708984,52.310001373291016,52.310001373291016,3936800
2023-02-02,56.54999923706055,58.38999938964844,55.61000061035156,57.0099983215332,57.0099983215332,8060500
2023-02-03,54.2599983215332,55.61000061035156,52.900001525878906,53.099998474121094,53.099998474121094,4539500
2023-02-06,52.40999984741211,54.04999923706055,51.928001403808594,52.34000015258789,52.34000015258789,4160000
2023-02-07,52.34000015258789,53.13999938964844,50.66999816894531,52.70000076293945,52.70000076293945,4210500
2023-02-08,52.45000076293945,53.56999969482422,51.54999923706055,51.75,51.75,2712000
2023-02-09,52.70000076293945,53.20000076293945,49.79999923706055,49.880001068115234,49.880001068115234,3587900
2023-02-10,48.939998626708984,49.59000015258789,48.279998779296875,48.689998626708984,48.689998626708984,3560000
2023-02-13,48.849998474121094,49.470001220703125,47.95000076293945,48.630001068115234,48.630001068115234,4577300
2023-02-14,48.18000030517578,50.709999084472656,47.68000030517578,49.91999816894531,49.91999816894531,6354500
2023-02-15,58.099998474121094,66.3499984741211,57.04999923706055,66.30000305175781,66.30000305175781,33413700
2023-02-16,64.9000015258789,65.79199981689453,62.630001068115234,63.06999969482422,63.06999969482422,11457100
2023-02-17,62.119998931884766,64.30000305175781,60.119998931884766,60.29999923706055,60.29999923706055,8217300
2023-02-21,58.400001525878906,59.939998626708984,55.9010009765625,56.75,56.75,6998600
2023-02-22,56.79999923706055,57.79999923706055,55.59000015258789,56.40999984741211,56.40999984741211,5325800
2023-02-23,57.02000045776367,57.790000915527344,54.83000183105469,56.25,56.25,4683400
2023-02-24,54.33000183105469,55.54999923706055,54.099998474121094,54.970001220703125,54.970001220703125,3960500
2023-02-27,55.369998931884766,55.540000915527344,54.41999816894531,55.08000183105469,55.08000183105469,3238200
2023-02-28,55.380001068115234,57.05500030517578,55.20000076293945,55.959999084472656,55.959999084472656,4048500
2023-03-01,55.75,56.50299835205078,55.13800048828125,55.40999984741211,55.40999984741211,2983100
2023-03-02,54.81999969482422,56.40999984741211,54.5,56.38999938964844,56.38999938964844,3184800
2023-03-03,56.810001373291016,57.77000045776367,56.060001373291016,57.290000915527344,57.290000915527344,3818600
2023-03-06,57.95000076293945,58.630001068115234,56.810001373291016,56.83000183105469,56.83000183105469,3461000
2023-03-07,56.88999938964844,58.869998931884766,56.59000015258789,57.63999938964844,57.63999938964844,3546500
2023-03-08,57.5,59.189998626708984,57.42499923706055,58.220001220703125,58.220001220703125,4304800
2023-03-09,57.0,59.665000915527344,55.369998931884766,55.7599983215332,55.7599983215332,6017000
2023-03-10,55.39500045776367,55.59000015258789,52.3849983215332,53.349998474121094,53.349998474121094,4469800
2023-03-13,52.099998474121094,55.05500030517578,50.32500076293945,54.25,54.25,3518400
2023-03-14,55.869998931884766,56.95500183105469,55.369998931884766,56.529998779296875,56.529998779296875,3729400
2023-03-15,55.224998474121094,56.34000015258789,54.58000183105469,55.09000015258789,55.09000015258789,3713200
2023-03-16,55.18000030517578,59.130001068115234,54.900001525878906,58.880001068115234,58.880001068115234,4157200
2023-03-17,57.77000045776367,59.20000076293945,56.88999938964844,58.5099983215332,58.5099983215332,4666100
2023-03-20,58.04999923706055,58.22999954223633,56.29999923706055,56.84000015258789,56.84000015258789,2970800
2023-03-21,57.349998474121094,59.5099983215332,57.34000015258789,59.2400016784668,59.2400016784668,2755500
2023-03-22,59.5,60.400001525878906,57.810001373291016,57.88999938964844,57.88999938964844,2384800
2023-03-23,59.310001373291016,62.53200149536133,59.0,60.189998626708984,60.189998626708984,4035300
2023-03-24,59.66999816894531,60.52000045776367,58.81999969482422,60.45000076293945,60.45000076293945,2808100
2023-03-27,61.0,61.65999984741211,59.54999923706055,59.900001525878906,59.900001525878906,4109700
2023-03-28,59.630001068115234,59.650001525878906,58.209999084472656,58.2400016784668,58.2400016784668,2829100
2023-03-29,59.540000915527344,59.9900016784668,58.29600143432617,59.84000015258789,59.84000015258789,2476000
2023-03-30,61.22999954223633,61.439998626708984,59.630001068115234,60.09000015258789,60.09000015258789,2505500
2023-03-31,60.099998474121094,61.34000015258789,59.56999969482422,60.90999984741211,60.90999984741211,3407200
2023-04-03,60.0,60.63999938964844,59.20000076293945,60.459999084472656,60.459999084472656,2104300
2023-04-04,61.11000061035156,61.88999938964844,60.119998931884766,60.58000183105469,60.58000183105469,2121200
2023-04-05,59.72999954223633,59.84000015258789,57.52000045776367,58.63999938964844,58.63999938964844,2923100
2023-04-06,58.0,60.959999084472656,57.16999816894531,60.849998474121094,60.849998474121094,3240600
2023-04-10,59.84000015258789,61.755001068115234,59.65999984741211,61.52000045776367,61.52000045776367,3286400
2023-04-11,61.4900016784668,61.939998626708984,60.52000045776367,61.5099983215332,61.5099983215332,2544200
2023-04-12,62.595001220703125,63.08000183105469,59.9900016784668,60.02000045776367,60.02000045776367,2257100
2023-04-13,61.029998779296875,61.88999938964844,60.84400177001953,61.33000183105469,61.33000183105469,1949900
2023-04-14,61.0,61.70000076293945,60.084999084472656,60.689998626708984,60.689998626708984,1501400
2023-04-17,60.70000076293945,61.36000061035156,60.04499816894531,61.20000076293945,61.20000076293945,1525300
2023-04-18,62.5099983215332,63.38999938964844,61.4900016784668,62.119998931884766,62.119998931884766,3209000
2023-04-19,60.93000030517578,62.150001525878906,60.849998474121094,61.61000061035156,61.61000061035156,1510600
2023-04-20,60.525001525878906,63.18000030517578,60.52000045776367,62.220001220703125,62.220001220703125,3290600
2023-04-21,62.209999084472656,62.84000015258789,61.7400016784668,62.189998626708984,62.189998626708984,2106300
2023-04-24,62.2599983215332,62.91600036621094,60.810001373291016,61.459999084472656,61.459999084472656,1990200
2023-04-25,61.27000045776367,61.9900016784668,59.36000061035156,59.369998931884766,59.369998931884766,3198400
2023-04-26,60.5,61.9900016784668,59.97999954223633,60.0,60.0,4191200
2023-04-27,61.72999954223633,64.79000091552734,61.68000030517578,64.22000122070312,64.22000122070312,5890000
2023-04-28,64.22000122070312,65.66500091552734,63.20000076293945,64.33999633789062,64.33999633789062,4235400
2023-05-01,63.86000061035156,64.5199966430664,62.47999954223633,62.939998626708984,62.939998626708984,5457700
2023-05-02,62.939998626708984,63.369998931884766,61.43000030517578,62.58000183105469,62.58000183105469,3797100
2023-05-03,63.349998474121094,63.95500183105469,62.40999984741211,62.5099983215332,62.5099983215332,5232000
2023-05-04,62.790000915527344,63.619998931884766,61.380001068115234,61.439998626708984,61.439998626708984,3346000
2023-05-05,62.0099983215332,62.84000015258789,61.369998931884766,62.70000076293945,62.70000076293945,2431100
2023-05-08,62.54999923706055,65.03399658203125,62.119998931884766,64.66999816894531,64.66999816894531,4371600
2023-05-09,63.849998474121094,64.55500030517578,63.209999084472656,64.12000274658203,64.12000274658203,3468100
2023-05-10,65.55000305175781,66.41999816894531,64.5,64.97000122070312,64.97000122070312,9553500
2023-05-11,67.7300033569336,68.25,60.560001373291016,64.52999877929688,64.52999877929688,17176500
2023-05-12,64.16000366210938,65.08000183105469,61.29999923706055,62.29999923706055,62.29999923706055,6960800
2023-05-15,62.27000045776367,64.12000274658203,61.58000183105469,63.97999954223633,63.97999954223633,3714400
2023-05-16,63.63999938964844,64.83000183105469,63.380001068115234,64.13999938964844,64.13999938964844,3297400
2023-05-17,64.47000122070312,66.2699966430664,63.61000061035156,66.16000366210938,66.16000366210938,3801900
2023-05-18,66.30000305175781,68.26000213623047,66.19000244140625,67.5199966430664,67.5199966430664,3433800
2023-05-19,67.58999633789062,67.69999694824219,66.30999755859375,66.81999969482422,66.81999969482422,2230000
2023-05-22,66.76000213623047,69.37000274658203,66.70999908447266,68.5199966430664,68.5199966430664,3085900
2023-05-23,67.7699966430664,69.13999938964844,66.73999786376953,66.81999969482422,66.81999969482422,2655600
2023-05-24,66.08000183105469,66.81999969482422,64.55999755859375,66.30000305175781,66.30000305175781,3208600
2023-05-25,67.26000213623047,67.5999984741211,65.68000030517578,66.26000213623047,66.26000213623047,2006400
2023-05-26,66.5,68.26000213623047,66.33999633789062,67.66999816894531,67.66999816894531,2337100
2023-05-30,69.01000213623047,70.04000091552734,68.70999908447266,69.9800033569336,69.9800033569336,3280000
2023-05-31,69.55000305175781,70.38999938964844,68.52999877929688,70.08000183105469,70.08000183105469,3585900
2023-06-01,70.12000274658203,73.62999725341797,69.84500122070312,73.26000213623047,73.26000213623047,4517500
2023-06-02,75.73999786376953,78.5999984741211,74.08000183105469,74.23999786376953,74.23999786376953,7142000
2023-06-05,73.48999786376953,76.05999755859375,72.69999694824219,75.37000274658203,75.37000274658203,4527000
2023-06-06,75.12999725341797,76.50900268554688,74.31999969482422,74.87999725341797,74.87999725341797,4312000
2023-06-07,75.94000244140625,77.13999938964844,73.58000183105469,73.66000366210938,73.66000366210938,4507200
2023-06-08,73.41000366210938,75.30000305175781,72.78900146484375,74.54000091552734,74.54000091552734,3109400
2023-06-09,74.8499984741211,75.44000244140625,74.08000183105469,74.58000183105469,74.58000183105469,2412200
2023-06-12,74.75,75.61000061035156,73.9000015258789,75.4800033569336,75.4800033569336,2908300
2023-06-13,76.37999725341797,77.72000122070312,75.55999755859375,77.5199966430664,77.5199966430664,3063200
2023-06-14,77.33000183105469,77.36499786376953,75.80999755859375,76.80999755859375,76.80999755859375,2958600
2023-06-15,76.0,77.73999786376953,75.86000061035156,77.2699966430664,77.2699966430664,2508200
2023-06-16,77.58999633789062,77.75,76.05999755859375,76.43000030517578,76.43000030517578,2921500
2023-06-20,75.62999725341797,76.69999694824219,74.22000122070312,75.68000030517578,75.68000030517578,2928500
2023-06-21,75.97000122070312,77.07499694824219,75.2300033569336,76.45999908447266,76.45999908447266,3166600
2023-06-22,75.87999725341797,77.5250015258789,75.41999816894531,76.80000305175781,76.80000305175781,2408800
2023-06-23,75.47000122070312,76.58999633789062,75.08000183105469,76.23999786376953,76.23999786376953,3797800
2023-06-26,76.04000091552734,77.69000244140625,75.1449966430664,75.2300033569336,75.2300033569336,1950600
2023-06-27,76.25,77.23999786376953,75.44999694824219,76.7699966430664,76.7699966430664,2048300
2023-06-28,76.58000183105469,79.37999725341797,76.33999633789062,78.25,78.25,3425100
2023-06-29,78.29000091552734,79.3550033569336,77.02999877929688,77.37000274658203,77.37000274658203,3809400
2023-06-30,78.37000274658203,78.83000183105469,77.04000091552734,77.22000122070312,77.22000122070312,2745600
2023-07-03,77.23999786376953,77.54000091552734,76.40899658203125,77.44999694824219,77.44999694824219,1410000
2023-07-05,76.91000366210938,77.76000213623047,76.19999694824219,77.16999816894531,77.16999816894531,1780600
2023-07-06,75.76000213623047,75.8499984741211,73.91000366210938,75.3499984741211,75.3499984741211,4003800
2023-07-07,75.4000015258789,76.47000122070312,75.12999725341797,75.80000305175781,75.80000305175781,2312000
2023-07-10,75.48999786376953,76.22799682617188,74.98999786376953,75.91000366210938,75.91000366210938,2544000
2023-07-11,76.47000122070312,83.04000091552734,76.38999938964844,82.69000244140625,82.69000244140625,6828900
2023-07-12,83.70999908447266,84.91999816894531,82.9000015258789,84.51000213623047,84.51000213623047,4477200
2023-07-13,87.5999984741211,90.5,86.6500015258789,87.01000213623047,87.01000213623047,10621000
2023-07-14,87.72000122070312,91.1500015258789,87.66000366210938,88.0,88.0,31281800
2023-07-17,87.73999786376953,91.66000366210938,86.56999969482422,90.69000244140625,90.69000244140625,7272400
2023-07-18,90.4000015258789,91.19999694824219,86.4000015258789,88.52999877929688,88.52999877929688,6818200
2023-07-19,87.6500015258789,89.72000122070312,86.87000274658203,88.30999755859375,88.30999755859375,6503500
2023-07-20,86.9000015258789,87.33999633789062,83.69999694824219,84.4000015258789,84.4000015258789,5253600
2023-07-21,84.88500213623047,85.87999725341797,83.83999633789062,84.16000366210938,84.16000366210938,8187300
2023-07-24,84.44000244140625,84.44000244140625,81.91000366210938,82.06999969482422,82.06999969482422,4072000
2023-07-25,82.62000274658203,84.50499725341797,82.55999755859375,83.2300033569336,83.2300033569336,2884100
2023-07-26,82.5199966430664,84.62000274658203,82.41999816894531,84.58999633789062,84.58999633789062,3176300
2023-07-27,87.83000183105469,89.5,85.01000213623047,85.37999725341797,85.37999725341797,5763700
2023-07-28,89.0199966430664,90.84500122070312,88.1050033569336,90.44999694824219,90.44999694824219,5267700
2023-07-31,90.83499908447266,91.8499984741211,89.29000091552734,91.26000213623047,91.26000213623047,3855200
2023-08-01,90.33999633789062,90.66999816894531,88.91999816894531,90.05000305175781,90.05000305175781,2353800
2023-08-02,88.31999969482422,88.55500030517578,85.29000091552734,86.63999938964844,86.63999938964844,3588300
2023-08-03,85.66999816894531,86.87999725341797,84.47000122070312,84.76000213623047,84.76000213623047,2714300
2023-08-04,85.52999877929688,86.5,83.66999816894531,84.83999633789062,84.83999633789062,2270500
2023-08-07,85.36000061035156,85.9800033569336,84.15499877929688,85.80000305175781,85.80000305175781,2717400
2023-08-08,84.69999694824219,85.54000091552734,83.75,85.30000305175781,85.30000305175781,3969500
2023-08-09,84.6500015258789,85.0,80.69999694824219,80.93000030517578,80.93000030517578,8054000
2023-08-10,79.12000274658203,81.5,76.4000015258789,77.08999633789062,77.08999633789062,8956400
2023-08-11,76.51000213623047,76.68000030517578,74.05899810791016,74.62000274658203,74.62000274658203,5798900
2023-08-14,74.05000305175781,75.36000061035156,73.83999633789062,75.26000213623047,75.26000213623047,3748000
2023-08-15,74.74500274658203,74.74500274658203,73.36000061035156,73.69000244140625,73.69000244140625,2511300
2023-08-16,73.73999786376953,74.23999786376953,72.41999816894531,72.73999786376953,72.73999786376953,2965500
2023-08-17,72.73999786376953,72.94999694824219,70.4800033569336,71.19000244140625,71.19000244140625,4117900
2023-08-18,70.08000183105469,72.72000122070312,69.72000122070312,72.18000030517578,72.18000030517578,3590200
2023-08-21,72.22000122070312,73.80000305175781,72.11000061035156,73.33999633789062,73.33999633789062,3219500
2023-08-22,73.58999633789062,74.9000015258789,73.38800048828125,74.58999633789062,74.58999633789062,2820200
2023-08-23,75.02999877929688,78.19000244140625,74.97000122070312,77.66999816894531,77.66999816894531,3839900
2023-08-24,78.19999694824219,78.79000091552734,74.47000122070312,74.51000213623047,74.51000213623047,2605100
2023-08-25,74.51000213623047,76.23999786376953,73.55000305175781,75.91000366210938,75.91000366210938,2439600
2023-08-28,76.77999877929688,77.04000091552734,75.55000305175781,76.20999908447266,76.20999908447266,1898600
2023-08-29,76.0,78.88999938964844,75.68000030517578,78.80000305175781,78.80000305175781,2436100
2023-08-30,78.69999694824219,80.41000366210938,78.34500122070312,80.27999877929688,80.27999877929688,2358700
2023-08-31,79.58999633789062,80.63999938964844,79.1500015258789,80.02999877929688,80.02999877929688,3362100
2023-09-01,80.87000274658203,81.4800033569336,79.5199966430664,79.93000030517578,79.93000030517578,3050300
2023-09-05,79.19000244140625,81.875,78.66999816894531,81.41999816894531,81.41999816894531,3212100
2023-09-06,82.5,83.55999755859375,81.5199966430664,83.47000122070312,83.47000122070312,3885800
2023-09-07,81.87000274658203,84.73999786376953,81.55999755859375,84.30999755859375,84.30999755859375,3038700
2023-09-08,84.25,85.94999694824219,83.48999786376953,83.88999938964844,83.88999938964844,2934400
2023-09-11,84.79000091552734,86.95999908447266,84.33100128173828,86.52999877929688,86.52999877929688,2991000
2023-09-12,85.58000183105469,87.73999786376953,85.5,85.80000305175781,85.80000305175781,2822100
2023-09-13,85.75,86.9800033569336,84.91000366210938,85.33000183105469,85.33000183105469,2531600
2023-09-14,85.68000030517578,85.88500213623047,83.76000213623047,85.37000274658203,85.37000274658203,3139000
2023-09-15,85.2300033569336,85.23999786376953,82.30999755859375,83.37999725341797,83.37999725341797,4216200
2023-09-18,82.72000122070312,83.06999969482422,80.37000274658203,80.70999908447266,80.70999908447266,3255500
2023-09-19,80.45999908447266,80.95999908447266,78.6500015258789,79.05999755859375,79.05999755859375,4049000
2023-09-20,79.19999694824219,79.8949966430664,78.25,78.29000091552734,78.29000091552734,3017600
2023-09-21,77.25,77.77999877929688,75.44000244140625,75.72000122070312,75.72000122070312,3147100
2023-09-22,76.72000122070312,77.38899993896484,75.66000366210938,76.3499984741211,76.3499984741211,2929500
2023-09-25,75.70999908447266,76.44999694824219,74.2699966430664,75.0999984741211,75.0999984741211,2704000
2023-09-26,74.63999938964844,74.91000366210938,73.76000213623047,74.37000274658203,74.37000274658203,2588900
2023-09-27,74.5199966430664,76.38999938964844,74.44999694824219,75.43000030517578,75.43000030517578,3804900
2023-09-28,76.5199966430664,78.7300033569336,75.79000091552734,77.69000244140625,77.69000244140625,3064900
2023-09-29,78.9800033569336,79.45999908447266,77.79000091552734,78.1500015258789,78.1500015258789,2643400
2023-10-02,78.15499877929688,79.19000244140625,77.45999908447266,78.30999755859375,78.30999755859375,2525400
2023-10-03,77.04000091552734,78.91999816894531,75.94000244140625,76.4000015258789,76.4000015258789,2549500
2023-10-04,77.1500015258789,79.75,76.95999908447266,79.37000274658203,79.37000274658203,3209100
2023-10-05,79.19000244140625,79.30000305175781,76.62000274658203,78.16000366210938,78.16000366210938,2565300
2023-10-06,77.25,83.31999969482422,77.12000274658203,82.1500015258789,82.1500015258789,4822400
2023-10-09,81.19000244140625,84.69999694824219,80.91000366210938,83.95999908447266,83.95999908447266,3615200
2023-10-10,84.37000274658203,86.04000091552734,83.81999969482422,85.16000366210938,85.16000366210938,2961000
2023-10-11,86.01000213623047,86.42500305175781,84.18000030517578,84.7699966430664,84.7699966430664,3104900
2023-10-12,85.37999725341797,85.9800033569336,83.76000213623047,84.48999786376953,84.48999786376953,3141900
2023-10-13,85.05999755859375,85.26000213623047,79.87000274658203,80.23999786376953,80.23999786376953,5060000
2023-10-16,77.73999786376953,81.43000030517578,76.8499984741211,80.87000274658203,80.87000274658203,4892300
2023-10-17,80.0,81.16000366210938,79.41000366210938,79.58999633789062,79.58999633789062,4247400
2023-10-18,78.81999969482422,79.47000122070312,76.37000274658203,76.7699966430664,76.7699966430664,3511200
2023-10-19,77.5,78.33999633789062,75.41500091552734,75.87000274658203,75.87000274658203,3439100
2023-10-20,75.88999938964844,76.33999633789062,73.19999694824219,74.05999755859375,74.05999755859375,3778600
2023-10-23,73.5999984741211,74.58000183105469,72.19000244140625,73.63999938964844,73.63999938964844,4548200
2023-10-24,75.02999877929688,76.52999877929688,74.7699966430664,76.5199966430664,76.5199966430664,3196000
2023-10-25,74.88999938964844,75.1729965209961,71.4000015258789,71.66999816894531,71.66999816894531,3587900
2023-10-26,70.75,70.91999816894531,64.69000244140625,66.22000122070312,66.22000122070312,9263700
2023-10-27,67.16999816894531,68.33899688720703,66.37000274658203,66.86000061035156,66.86000061035156,3958900
2023-10-30,67.97000122070312,68.22000122070312,66.5199966430664,67.94999694824219,67.94999694824219,3029000
2023-10-31,68.22000122070312,71.06999969482422,68.16999816894531,70.95999908447266,70.95999908447266,4152900
2023-11-01,70.38999938964844,71.33999633789062,69.20999908447266,70.76000213623047,70.76000213623047,3078000
2023-11-02,75.0,76.12999725341797,74.33999633789062,75.68000030517578,75.68000030517578,4675300
2023-11-03,76.63999938964844,80.06999969482422,76.49800109863281,79.08000183105469,79.08000183105469,4708200
2023-11-06,79.4000015258789,79.7699966430664,76.47000122070312,77.47000122070312,77.47000122070312,3047800
2023-11-07,78.20999908447266,79.8499984741211,77.0,77.69999694824219,77.69999694824219,3074100
2023-11-08,77.5999984741211,78.88999938964844,77.16000366210938,78.83999633789062,78.83999633789062,3857500
2023-11-09,79.69999694824219,80.37999725341797,76.47000122070312,76.80999755859375,76.80999755859375,12310100
2023-11-10,61.665000915527344,65.5999984741211,60.22999954223633,64.01000213623047,64.01000213623047,42618700
2023-11-13,64.1500015258789,65.0,61.7400016784668,63.459999084472656,63.459999084472656,11521800
2023-11-14,65.98999786376953,68.37999725341797,65.69999694824219,67.62999725341797,67.62999725341797,10281700
2023-11-15,68.1500015258789,69.25,66.5999984741211,68.05000305175781,68.05000305175781,6301300
2023-11-16,67.72000122070312,68.04000091552734,65.91999816894531,66.30000305175781,66.30000305175781,4581300
2023-11-17,66.4800033569336,66.6500015258789,64.7699966430664,66.47000122070312,66.47000122070312,5549500
2023-11-20,66.3499984741211,67.9800033569336,66.12999725341797,67.29000091552734,67.29000091552734,4830100
2023-11-21,66.83000183105469,66.93000030517578,65.52999877929688,65.8499984741211,65.8499984741211,3681600
2023-11-22,66.43000030517578,67.55999755859375,66.05000305175781,66.83000183105469,66.83000183105469,4554400
2023-11-24,66.66000366210938,67.45999908447266,66.4000015258789,67.2699966430664,67.2699966430664,1933900
2023-11-27,67.0,70.11000061035156,66.9800033569336,69.19000244140625,69.19000244140625,5790100
2023-11-28,68.72000122070312,70.0199966430664,68.47000122070312,69.02999877929688,69.02999877929688,3845200
2023-11-29,70.0,72.33999633789062,69.91999816894531,70.37000274658203,70.37000274658203,4645800
2023-11-30,70.9000015258789,71.79000091552734,69.43000030517578,70.45999908447266,70.45999908447266,5980900
2023-12-01,70.13999938964844,71.91000366210938,69.19999694824219,71.5999984741211,71.5999984741211,5417400
2023-12-04,70.19000244140625,70.7750015258789,67.3499984741211,68.76000213623047,68.76000213623047,6863300
2023-12-05,68.3499984741211,69.26499938964844,67.83000183105469,68.33000183105469,68.33000183105469,3343300
2023-12-06,69.2300033569336,69.72000122070312,68.27999877929688,68.30999755859375,68.30999755859375,3203000
2023-12-07,68.56999969482422,69.25,68.16999816894531,68.77999877929688,68.77999877929688,2740000
2023-12-08,68.18000030517578,70.72000122070312,68.0199966430664,70.62999725341797,70.62999725341797,4206800
2023-12-11,71.0199966430664,72.69400024414062,70.27999877929688,71.62999725341797,71.62999725341797,4116400
2023-12-12,71.75,71.80999755859375,70.1500015258789,71.3499984741211,71.3499984741211,3960700
2023-12-13,71.5999984741211,74.37999725341797,71.19000244140625,74.01000213623047,74.01000213623047,4131600
2023-12-14,74.99500274658203,77.31999969482422,74.69999694824219,76.08000183105469,76.08000183105469,5174200
2023-12-15,76.83000183105469,76.94000244140625,74.36000061035156,74.88999938964844,74.88999938964844,6446200
2023-12-18,75.3499984741211,76.05500030517578,74.37999725341797,75.62999725341797,75.62999725341797,3437000
2023-12-19,75.80000305175781,77.79000091552734,75.80000305175781,77.6500015258789,77.6500015258789,3330500
2023-12-20,77.38999938964844,78.33999633789062,75.30000305175781,75.47000122070312,75.47000122070312,4329900
2023-12-21,76.75,77.48999786376953,75.45999908447266,76.37999725341797,76.37999725341797,2266100
2023-12-22,75.55000305175781,75.64399719238281,72.79000091552734,73.43000030517578,73.43000030517578,7138800
2023-12-26,73.68000030517578,73.81999969482422,72.2699966430664,73.58999633789062,73.58999633789062,3697200
2023-12-27,73.8499984741211,74.48999786376953,73.3499984741211,74.08000183105469,74.08000183105469,2541100
2023-12-28,73.79000091552734,74.33999633789062,73.22000122070312,73.4000015258789,73.4000015258789,2571600
2023-12-29,73.30000305175781,73.48100280761719,71.63999938964844,71.95999908447266,71.95999908447266,3764400
2024-01-02,71.6500015258789,71.6500015258789,69.91000366210938,70.58999633789062,70.58999633789062,4800600
2024-01-03,69.5,70.08300018310547,68.2300033569336,69.31999969482422,69.31999969482422,3721900
2024-01-04,68.75,69.16500091552734,68.06999969482422,68.4000015258789,68.4000015258789,4219400
2024-01-05,67.85199737548828,68.94999694824219,67.54000091552734,67.63999938964844,67.63999938964844,4534000
2024-01-08,67.88999938964844,69.62999725341797,67.16999816894531,68.98999786376953,68.98999786376953,5640900
2024-01-09,68.33000183105469,69.43399810791016,67.69000244140625,68.44999694824219,68.44999694824219,4344500
2024-01-10,68.44000244140625,69.08000183105469,67.30999755859375,68.4800033569336,68.4800033569336,5070000
2024-01-11,68.59500122070312,69.0199966430664,66.97000122070312,68.08000183105469,68.08000183105469,5622500
2024-01-12,68.12999725341797,69.16000366210938,66.44999694824219,66.95999908447266,66.95999908447266,6356000
2024-01-16,66.2699966430664,66.2699966430664,63.45000076293945,63.7599983215332,63.7599983215332,7784700
2024-01-17,62.7599983215332,64.54000091552734,61.474998474121094,64.5,64.5,6107100
2024-01-18,65.7699966430664,66.33499908447266,63.625,65.05000305175781,65.05000305175781,5002900
2024-01-19,65.36000061035156,67.01000213623047,64.44999694824219,66.8499984741211,66.8499984741211,4020900
2024-01-22,68.08999633789062,70.8499984741211,67.9000015258789,69.38999938964844,69.38999938964844,4968900
2024-01-23,70.19000244140625,71.68000030517578,69.45999908447266,70.18000030517578,70.18000030517578,4002800
2024-01-24,71.5,72.1500015258789,69.5,69.6500015258789,69.6500015258789,3520400
2024-01-25,70.87000274658203,70.9000015258789,68.29000091552734,69.12000274658203,69.12000274658203,4156200
2024-01-26,69.12999725341797,69.61000061035156,67.80000305175781,68.01000213623047,68.01000213623047,3517100
2024-01-29,68.38999938964844,71.5199966430664,68.24500274658203,71.51000213623047,71.51000213623047,4079800
2024-01-30,71.0,71.5199966430664,69.19999694824219,69.27999877929688,69.27999877929688,3629500
2024-01-31,67.91000366210938,70.6709976196289,67.55699920654297,68.43000030517578,68.43000030517578,3113600
2024-02-01,68.75,69.66000366210938,66.87000274658203,67.20999908447266,67.20999908447266,5561300
2024-02-02,68.48999786376953,70.61000061035156,67.33000183105469,70.0,70.0,8022700
2024-02-05,68.98999786376953,69.36000061035156,66.55999755859375,67.5,67.5,4717400
2024-02-06,68.02999877929688,68.9800033569336,67.7699966430664,68.5999984741211,68.5999984741211,3469100
2024-02-07,68.8499984741211,70.44999694824219,68.31999969482422,69.5999984741211,69.5999984741211,4261200
2024-02-08,69.69999694824219,71.02799987792969,68.6500015258789,70.16999816894531,70.16999816894531,4089100
2024-02-09,71.16000366210938,72.56999969482422,70.76000213623047,71.30999755859375,71.30999755859375,5434900
2024-02-12,70.80000305175781,75.79000091552734,70.70999908447266,73.91000366210938,73.91000366210938,7225000
2024-02-13,71.38999938964844,73.7699966430664,71.11000061035156,72.94000244140625,72.94000244140625,5011700
2024-02-14,74.30000305175781,74.43000030517578,72.20999908447266,74.30999755859375,74.30999755859375,3975200
2024-02-15,73.68000030517578,76.16999816894531,73.68000030517578,75.70999908447266,75.70999908447266,9616800
2024-02-16,89.5,94.0,85.68000030517578,88.93000030517578,88.93000030517578,29549700
2024-02-20,85.61000061035156,86.45999908447266,80.66500091552734,82.55999755859375,82.55999755859375,11845800
2024-02-21,81.22000122070312,82.19000244140625,80.0199966430664,82.08000183105469,82.08000183105469,5746200
2024-02-22,83.61000061035156,84.37000274658203,81.87000274658203,83.5,83.5,5515000
2024-02-23,83.91999816894531,84.04000091552734,80.97000122070312,81.44000244140625,81.44000244140625,4517100
2024-02-26,81.5,82.37999725341797,80.29000091552734,82.19000244140625,82.19000244140625,4563500
2024-02-27,82.9800033569336,85.6500015258789,82.30000305175781,85.5999984741211,85.5999984741211,5089400
2024-02-28,84.55999755859375,85.69000244140625,84.08999633789062,84.9000015258789,84.9000015258789,3933300
2024-02-29,85.5,85.97000122070312,84.56999969482422,85.43000030517578,85.43000030517578,4771300
2024-03-01,85.9000015258789,86.0,83.54000091552734,83.88999938964844,83.88999938964844,4644200
2024-03-04,82.95999908447266,83.6500015258789,81.91999816894531,83.44999694824219,83.44999694824219,3449100
2024-03-05,82.2699966430664,82.49600219726562,80.70999908447266,81.44999694824219,81.44999694824219,2974500
2024-03-06,82.5999984741211,83.01000213623047,81.20999908447266,82.18000030517578,82.18000030517578,3481100
2024-03-07,82.5999984741211,83.30000305175781,81.5999984741211,81.83000183105469,81.83000183105469,2935300
2024-03-08,81.7699966430664,83.73999786376953,81.31999969482422,81.58999633789062,81.58999633789062,3544900
2024-03-11,81.01000213623047,82.16000366210938,80.63999938964844,81.44999694824219,81.44999694824219,2340600
2024-03-12,82.0,82.25,80.01000213623047,80.43000030517578,80.43000030517578,2943600
2024-03-13,80.13999938964844,81.51000213623047,80.02999877929688,80.16000366210938,80.16000366210938,3319900
2024-03-14,80.3499984741211,80.41000366210938,76.98999786376953,77.52999877929688,77.52999877929688,5793100
2024-03-15,77.52999877929688,78.05000305175781,76.41999816894531,76.72000122070312,76.72000122070312,4365300
2024-03-18,77.76000213623047,79.0199966430664,77.0199966430664,78.3499984741211,78.3499984741211,3047300
2024-03-19,78.37000274658203,80.08000183105469,77.94999694824219,79.76000213623047,79.76000213623047,3581300
2024-03-20,80.6500015258789,84.4800033569336,80.54399871826172,83.47000122070312,83.47000122070312,6542800
2024-03-21,84.7300033569336,85.41999816894531,84.29000091552734,85.05999755859375,85.05999755859375,4484600
2024-03-22,85.2699966430664,85.52999877929688,84.05999755859375,85.05999755859375,85.05999755859375,3025400
2024-03-25,85.0,87.61000061035156,84.91999816894531,87.55000305175781,87.55000305175781,3426300
2024-03-26,88.0,89.87999725341797,86.88999938964844,87.05000305175781,87.05000305175781,4727600
2024-03-27,87.9800033569336,88.33999633789062,86.02999877929688,87.20999908447266,87.20999908447266,2795200
2024-03-28,87.51000213623047,88.19000244140625,86.81999969482422,87.41999816894531,87.41999816894531,3053100
2024-04-01,87.4000015258789,88.61000061035156,86.77999877929688,87.30999755859375,87.30999755859375,1821500
2024-04-02,85.16000366210938,87.3499984741211,84.33000183105469,87.08999633789062,87.08999633789062,2587500
2024-04-03,86.5199966430664,87.90599822998047,86.20999908447266,86.94000244140625,86.94000244140625,2126600
2024-04-04,87.8499984741211,88.19000244140625,84.5199966430664,84.55999755859375,84.55999755859375,3812300
2024-04-05,84.58000183105469,86.93000030517578,84.12000274658203,85.83000183105469,85.83000183105469,1938800
2024-04-08,86.12000274658203,87.0,85.30000305175781,86.68000030517578,86.68000030517578,1644200
2024-04-09,87.05000305175781,87.75,86.41000366210938,86.83999633789062,86.83999633789062,1716600
2024-04-10,84.55999755859375,86.77999877929688,84.11000061035156,86.44000244140625,86.44000244140625,2260900
2024-04-11,86.9000015258789,87.9800033569336,85.8499984741211,87.69999694824219,87.69999694824219,2674000
2024-04-12,86.79000091552734,87.22000122070312,85.5999984741211,86.37000274658203,86.37000274658203,2349100
2024-04-15,86.46499633789062,86.5,80.63999938964844,80.98999786376953,80.98999786376953,3833700
2024-04-16,81.0,82.41999816894531,79.30000305175781,82.12999725341797,82.12999725341797,2872100
2024-04-17,82.55999755859375,82.63999938964844,80.0999984741211,80.12999725341797,80.12999725341797,1861900
2024-04-18,80.37000274658203,81.98999786376953,79.94000244140625,80.80999755859375,80.80999755859375,1916100
2024-04-19,80.5999984741211,80.66999816894531,76.83000183105469,77.30000305175781,77.30000305175781,3058700
2024-04-22,78.0999984741211,78.96800231933594,76.12000274658203,77.83999633789062,77.83999633789062,2535800
2024-04-23,78.0,82.16999816894531,77.91000366210938,81.06999969482422,81.06999969482422,3251400
2024-04-24,84.5,85.43000030517578,82.7699966430664,83.79000091552734,83.79000091552734,6568200
2024-04-25,80.0,83.5199966430664,79.62999725341797,83.33999633789062,83.33999633789062,4238700
2024-04-26,84.87000274658203,85.75,84.5199966430664,84.7300033569336,84.7300033569336,2944900
2024-04-29,84.5,85.23999786376953,83.77999877929688,84.5,84.5,1757100
2024-04-30,84.7300033569336,84.80000305175781,82.8499984741211,82.8499984741211,82.8499984741211,2442200
2024-05-01,83.13999938964844,87.37999725341797,83.13999938964844,85.41000366210938,85.41000366210938,3352000
2024-05-02,88.16000366210938,88.7699966430664,85.69999694824219,88.12000274658203,88.12000274658203,4148600
2024-05-03,89.2699966430664,90.69000244140625,87.7699966430664,88.58999633789062,88.58999633789062,3778000
2024-05-06,89.0,91.58000183105469,89.0,91.36000061035156,91.36000061035156,3560900
2024-05-07,90.62999725341797,92.18499755859375,89.58999633789062,89.63999938964844,89.63999938964844,4950400
2024-05-08,87.48999786376953,88.23999786376953,85.70999908447266,86.0199966430664,86.0199966430664,6603700
2024-05-09,88.0,89.86000061035156,85.80000305175781,88.66999816894531,88.66999816894531,8744600
2024-05-10,88.75,88.98999786376953,86.74400329589844,87.26000213623047,87.26000213623047,4294700
2024-05-13,87.91000366210938,89.33000183105469,87.4749984741211,87.52999877929688,87.52999877929688,2694300
2024-05-14,87.52999877929688,87.79000091552734,85.58000183105469,86.18000030517578,86.18000030517578,3271700
2024-05-15,87.73999786376953,91.5,85.11000061035156,90.25,90.25,7631100
2024-05-16,90.25,95.3499984741211,90.01000213623047,93.19000244140625,93.19000244140625,10923900
2024-05-17,93.66999816894531,94.95999908447266,93.44999694824219,94.77999877929688,94.77999877929688,4700200
2024-05-20,94.4800033569336,97.6500015258789,94.19999694824219,97.5,97.5,3793300
2024-05-21,97.0,97.0,94.88999938964844,95.6500015258789,95.6500015258789,2713900
2024-05-22,95.73999786376953,96.16999816894531,94.52999877929688,95.31999969482422,95.31999969482422,1940500
2024-05-23,95.31999969482422,96.19000244140625,92.12000274658203,92.51000213623047,92.51000213623047,2535900
2024-05-24,93.23999786376953,95.3030014038086,92.61000061035156,94.75,94.75,1999700
2024-05-28,94.5,95.68000030517578,94.0999984741211,95.08999633789062,95.08999633789062,1904300
2024-05-29,93.02999877929688,96.08999633789062,93.02999877929688,95.44999694824219,95.44999694824219,2570400
2024-05-30,95.29000091552734,95.66000366210938,93.07499694824219,93.70999908447266,93.70999908447266,2348700
2024-05-31,93.69999694824219,94.80500030517578,91.46499633789062,92.77999877929688,92.77999877929688,3071100
2024-06-03,93.29000091552734,94.29000091552734,91.54000091552734,93.11000061035156,93.11000061035156,1940800
2024-06-04,92.33999633789062,95.16000366210938,92.25,94.4800033569336,94.4800033569336,3023000
2024-06-05,95.2699966430664,97.8499984741211,94.69000244140625,97.41000366210938,97.41000366210938,4674300
2024-06-06,97.43000030517578,98.18000030517578,96.5,97.19000244140625,97.19000244140625,1837800
2024-06-07,96.2300033569336,97.08899688720703,94.0999984741211,94.16999816894531,94.16999816894531,3268800
2024-06-10,93.9000015258789,94.03500366210938,90.76000213623047,92.6500015258789,92.6500015258789,5002400
2024-06-11,93.19000244140625,94.44999694824219,92.01000213623047,92.19000244140625,92.19000244140625,5523200
2024-06-12,94.58499908447266,98.0999984741211,94.16899871826172,97.45999908447266,97.45999908447266,4466100
2024-06-13,97.77999877929688,98.0,94.87000274658203,95.62000274658203,95.62000274658203,2501700
2024-06-14,95.06999969482422,95.75,94.68000030517578,95.66000366210938,95.66000366210938,2012900
2024-06-17,95.25,99.02999877929688,94.66000366210938,97.68000030517578,97.68000030517578,3162500
2024-06-18,98.0199966430664,99.54000091552734,97.28199768066406,99.25,99.25,2781700
2024-06-20,99.01000213623047,99.18000030517578,96.5999984741211,97.27999877929688,97.27999877929688,2987000
2024-06-21,98.06500244140625,98.06500244140625,96.4000015258789,97.70999908447266,97.70999908447266,4007500
2024-06-24,97.0199966430664,97.58999633789062,95.72000122070312,95.76000213623047,95.76000213623047,3374500
2024-06-25,96.05000305175781,98.75,95.18000030517578,97.7300033569336,97.7300033569336,2610600
2024-06-26,97.16000366210938,98.86000061035156,97.13999938964844,97.70999908447266,97.70999908447266,2404100
2024-06-27,97.5,99.31999969482422,97.16999816894531,98.22000122070312,98.22000122070312,2644600
2024-06-28,98.4800033569336,98.66000366210938,96.0999984741211,97.66999816894531,97.66999816894531,6329000
2024-07-01,97.43000030517578,98.4000015258789,96.13999938964844,97.97000122070312,97.97000122070312,2085800
2024-07-02,97.62999725341797,99.0,96.93000030517578,98.33999633789062,98.33999633789062,2444000
2024-07-03,98.4800033569336,100.25,97.95999908447266,99.47000122070312,99.47000122070312,2281000
2024-07-05,99.19999694824219,100.29000091552734,98.76000213623047,99.9000015258789,99.9000015258789,2439200
2024-07-08,99.9800033569336,99.9800033569336,98.4020004272461,99.08000183105469,99.08000183105469,2005100
2024-07-09,99.4800033569336,101.62000274658203,98.51000213623047,101.5199966430664,101.5199966430664,4147300
2024-07-10,102.18000030517578,102.66999816894531,98.0999984741211,99.81999969482422,99.81999969482422,4390300
2024-07-11,101.05000305175781,101.13500213623047,98.27999877929688,98.56999969482422,98.56999969482422,3405000
2024-07-12,98.0,100.66000366210938,96.55000305175781,99.4800033569336,99.4800033569336,3159500
2024-07-15,99.80000305175781,102.13999938964844,99.13999938964844,100.08999633789062,100.08999633789062,3362100
2024-07-16,100.9000015258789,101.58899688720703,99.37999725341797,100.94999694824219,100.94999694824219,2283700
2024-07-17,98.63999938964844,99.37999725341797,94.83999633789062,95.23999786376953,95.23999786376953,5465200
2024-07-18,96.25,97.86499786376953,94.62999725341797,95.72000122070312,95.72000122070312,2806900
2024-07-19,95.3499984741211,97.19499969482422,95.29000091552734,96.01000213623047,96.01000213623047,2093300
2024-07-22,98.2699966430664,100.80000305175781,97.2699966430664,100.44000244140625,100.44000244140625,4749900
2024-07-23,100.69999694824219,102.38999938964844,99.56999969482422,100.9000015258789,100.9000015258789,2694500
2024-07-24,97.5,97.75,89.26000213623047,89.31999969482422,89.31999969482422,8057800
2024-07-25,90.19999694824219,93.1050033569336,88.81999969482422,90.87999725341797,90.87999725341797,4904700
2024-07-26,92.9800033569336,93.01499938964844,90.7509994506836,92.43000030517578,92.43000030517578,2699800
2024-07-29,93.06999969482422,94.29000091552734,91.47000122070312,92.20999908447266,92.20999908447266,2363400
2024-07-30,92.41999816894531,93.16999816894531,88.26000213623047,89.83999633789062,89.83999633789062,3452800
2024-07-31,90.73999786376953,91.4749984741211,89.02999877929688,89.87999725341797,89.87999725341797,4521800
2024-08-01,90.5199966430664,91.93599700927734,85.66000366210938,87.75,87.75,3724300
2024-08-02,84.5999984741211,85.76000213623047,81.77999877929688,83.08000183105469,83.08000183105469,4948900
2024-08-05,77.31999969482422,84.69999694824219,77.11000061035156,83.22000122070312,83.22000122070312,5742300
2024-08-06,84.36000061035156,86.12999725341797,83.19999694824219,84.79000091552734,84.79000091552734,3644200
2024-08-07,86.3499984741211,87.31999969482422,84.33000183105469,84.91000366210938,84.91000366210938,4381900
2024-08-08,86.61499786376953,88.6500015258789,84.41999816894531,88.2699966430664,88.2699966430664,6289500
2024-08-09,90.06999969482422,99.55000305175781,90.0,99.30000305175781,99.30000305175781,13299300
2024-08-12,99.69000244140625,99.69000244140625,96.87999725341797,97.04000091552734,97.04000091552734,4915600
2024-08-13,98.08000183105469,98.81999969482422,96.37999725341797,98.31999969482422,98.31999969482422,3648500
2024-08-14,98.55000305175781,100.33000183105469,97.43000030517578,98.69000244140625,98.69000244140625,3552900
2024-08-15,100.22000122070312,101.58000183105469,99.30000305175781,100.5,100.5,2818500
2024-08-16,99.0,102.43000030517578,98.75,101.43000030517578,101.43000030517578,3519200
2024-08-19,101.4000015258789,102.7699966430664,100.5,102.63999938964844,102.63999938964844,2505400
2024-08-20,102.55000305175781,103.3499984741211,101.69999694824219,102.13999938964844,102.13999938964844,1924400
2024-08-21,102.48999786376953,104.44000244140625,101.91000366210938,104.36000061035156,104.36000061035156,2087700
2024-08-22,104.69000244140625,104.69000244140625,102.91000366210938,103.16999816894531,103.16999816894531,2159600
2024-08-23,104.80999755859375,105.38999938964844,103.44000244140625,105.0,105.0,2060900
2024-08-26,104.69999694824219,105.38999938964844,103.33000183105469,103.97000122070312,103.97000122070312,2110800
2024-08-27,103.01000213623047,104.55999755859375,102.1500015258789,103.91999816894531,103.91999816894531,2570200
2024-08-28,103.87999725341797,103.9800033569336,101.52999877929688,102.18000030517578,102.18000030517578,1943500
2024-08-29,102.9000015258789,105.22000122070312,102.78099822998047,103.51000213623047,103.51000213623047,2106000
2024-08-30,104.0,105.08000183105469,103.44000244140625,104.52999877929688,104.52999877929688,2143100
2024-09-03,103.93000030517578,103.93000030517578,100.16000366210938,100.97000122070312,100.97000122070312,2762200
2024-09-04,102.19000244140625,103.5999984741211,101.03800201416016,101.3499984741211,101.3499984741211,2513300
2024-09-05,100.76000213623047,103.83999633789062,100.73999786376953,103.54000091552734,103.54000091552734,2801700
2024-09-06,103.68000030517578,104.93000030517578,99.12999725341797,100.30999755859375,100.30999755859375,3847300
2024-09-09,99.83999633789062,101.45999908447266,97.83999633789062,99.31999969482422,99.31999969482422,3253700
2024-09-10,100.08999633789062,100.63999938964844,98.13999938964844,99.70999908447266,99.70999908447266,1940800
2024-09-11,100.13999938964844,101.94000244140625,98.62000274658203,101.61000061035156,101.61000061035156,2906300
2024-09-12,101.62000274658203,104.5,101.16000366210938,104.5,104.5,2977500
2024-09-13,105.0,107.6449966430664,104.8550033569336,106.05999755859375,106.05999755859375,3314700
2024-09-16,105.97000122070312,106.91999816894531,105.0,105.37000274658203,105.37000274658203,2147200
2024-09-17,106.44000244140625,107.20999908447266,105.16999816894531,105.83999633789062,105.83999633789062,2286400
2024-09-18,106.5,109.5,106.41000366210938,108.0199966430664,108.0199966430664,3786200
2024-09-19,110.91000366210938,111.80000305175781,109.10600280761719,110.13999938964844,110.13999938964844,3166000
2024-09-20,109.5999984741211,110.26000213623047,108.5,109.51000213623047,109.51000213623047,3261200
2024-09-23,110.0,110.2300033569336,107.9000015258789,108.52999877929688,108.52999877929688,2392200
2024-09-24,109.0,110.80999755859375,108.23999786376953,110.79000091552734,110.79000091552734,2383400
2024-09-25,110.75,111.34500122070312,109.91000366210938,110.72000122070312,110.72000122070312,2050700
2024-09-26,112.20999908447266,112.22000122070312,108.14800262451172,109.36000061035156,109.36000061035156,3096000
2024-09-27,109.5999984741211,110.44999694824219,108.95999908447266,109.44999694824219,109.44999694824219,1700400
2024-09-30,109.0,109.76000213623047,108.12000274658203,109.6500015258789,109.6500015258789,2154500
2024-10-01,110.58499908447266,110.75,106.69999694824219,108.72000122070312,108.72000122070312,2306900
2024-10-02,108.38999938964844,109.44999694824219,107.8740005493164,108.70999908447266,108.70999908447266,1715700
2024-10-03,108.37000274658203,111.58000183105469,108.0,111.45999908447266,111.45999908447266,2258900
2024-10-04,113.05999755859375,113.83999633789062,111.8499984741211,113.0,113.0,2937300
2024-10-07,112.77999877929688,113.68000030517578,111.16000366210938,111.80000305175781,111.80000305175781,2112800
2024-10-08,111.80000305175781,114.58000183105469,111.25,114.52999877929688,114.52999877929688,2411100
2024-10-09,114.4000015258789,116.30999755859375,114.26000213623047,115.56999969482422,115.56999969482422,2544400
2024-10-10,114.76000213623047,116.58999633789062,114.76000213623047,115.70999908447266,115.70999908447266,2025300
2024-10-11,115.30999755859375,118.33999633789062,114.41000366210938,117.9000015258789,117.9000015258789,2712800
2024-10-14,118.81999969482422,118.81999969482422,117.0999984741211,117.97000122070312,117.97000122070312,2641200
2024-10-15,118.4800033569336,118.54000091552734,115.91999816894531,117.68000030517578,117.68000030517578,2352800
2024-10-16,118.0,118.5999984741211,116.73899841308594,117.94000244140625,117.94000244140625,1288800
2024-10-17,118.73999786376953,118.9000015258789,117.0199966430664,117.62999725341797,117.62999725341797,1635500
2024-10-18,117.43000030517578,119.43000030517578,115.30000305175781,118.76000213623047,118.76000213623047,2627600
2024-10-21,117.88999938964844,119.5,116.8499984741211,118.20999908447266,118.20999908447266,1916400
2024-10-22,116.87999725341797,120.77999877929688,116.61000061035156,118.94000244140625,118.94000244140625,2859200
2024-10-23,117.80999755859375,119.3499984741211,115.86000061035156,117.16999816894531,117.16999816894531,2177600
2024-10-24,117.52999877929688,118.45999908447266,116.58999633789062,118.20999908447266,118.20999908447266,1372900
2024-10-25,119.79000091552734,121.44000244140625,118.19000244140625,119.47000122070312,119.47000122070312,2881100
2024-10-28,120.18000030517578,120.23999786376953,118.4800033569336,118.9800033569336,118.9800033569336,3063600
2024-10-29,119.3499984741211,121.88999938964844,118.81999969482422,121.62000274658203,121.62000274658203,3042100
2024-10-30,121.62000274658203,123.8499984741211,121.12999725341797,121.9800033569336,121.9800033569336,2602100
2024-10-31,121.0,121.55999755859375,117.79199981689453,120.20999908447266,120.20999908447266,3454800
2024-11-01,119.86000061035156,120.80999755859375,118.87999725341797,119.19000244140625,119.19000244140625,3333900
2024-11-04,119.18000030517578,120.36000061035156,117.88999938964844,118.2699966430664,118.2699966430664,3396800
2024-11-05,119.02999877929688,120.4209976196289,118.48999786376953,119.94000244140625,119.94000244140625,2243800
2024-11-06,122.55000305175781,124.9800033569336,122.5,124.80999755859375,124.80999755859375,3891100
2024-11-07,127.55000305175781,132.64999389648438,127.48500061035156,132.52999877929688,132.52999877929688,8526500
2024-11-08,116.11000061035156,126.94999694824219,116.0,125.12999725341797,125.12999725341797,13646200
2024-11-11,125.37000274658203,131.8000030517578,125.12999725341797,129.33999633789062,129.33999633789062,6755600
2024-11-12,128.36000061035156,131.3300018310547,128.36000061035156,131.1999969482422,131.1999969482422,3241100
2024-11-13,130.89999389648438,132.55999755859375,127.12999725341797,127.25,127.25,4263500
2024-11-14,127.47000122070312,127.47000122070312,123.30000305175781,125.87999725341797,125.87999725341797,2680500
2024-11-15,124.24500274658203,124.5,117.73999786376953,118.1500015258789,118.1500015258789,5116200
