Date,Open,High,Low,Close,Adj Close,Volume
2022-02-03,24.700000762939453,24.780000686645508,24.559999465942383,24.579999923706055,24.579999923706055,7718031
2022-02-04,24.649999618530273,24.649999618530273,24.59000015258789,24.649999618530273,24.649999618530273,6084930
2022-02-07,24.600000381469727,24.649999618530273,24.5,24.600000381469727,24.600000381469727,381710
2022-02-08,24.649999618530273,24.649999618530273,24.600000381469727,24.600000381469727,24.600000381469727,624707
2022-02-09,24.610000610351562,24.8700008392334,24.350000381469727,24.610000610351562,24.610000610351562,1184507
2022-02-10,24.510000228881836,24.510000228881836,23.75,24.110000610351562,24.110000610351562,960192
2022-02-11,24.149999618530273,24.149999618530273,23.059999465942383,23.510000228881836,23.510000228881836,225925
2022-02-14,23.0,23.799999237060547,22.25,22.5,22.5,194575
2022-02-15,24.030000686645508,24.030000686645508,22.799999237060547,23.0,23.0,201554
2022-02-16,22.5,23.18000030517578,22.5,23.100000381469727,23.100000381469727,116745
2022-02-17,23.5,23.5,22.950000762939453,22.950000762939453,22.950000762939453,184717
2022-02-18,22.899999618530273,23.18000030517578,22.899999618530273,23.1200008392334,23.1200008392334,145920
2022-02-22,23.06999969482422,23.350000381469727,23.04010009765625,23.1299991607666,23.1299991607666,353864
2022-02-23,23.34000015258789,23.350000381469727,23.15999984741211,23.25,23.25,402637
2022-02-24,23.139999389648438,23.90999984741211,22.56999969482422,23.899999618530273,23.899999618530273,950114
2022-02-25,23.700000762939453,24.0,23.3700008392334,23.864999771118164,23.864999771118164,296618
2022-02-28,23.899999618530273,24.049999237060547,23.610000610351562,23.84000015258789,23.84000015258789,2262312
2022-03-01,23.690000534057617,23.8799991607666,23.649999618530273,23.860000610351562,23.860000610351562,126138
2022-03-02,23.719999313354492,23.979999542236328,23.420000076293945,23.889999389648438,23.889999389648438,203194
2022-03-03,23.739999771118164,23.760000228881836,23.59000015258789,23.700000762939453,23.700000762939453,145990
2022-03-04,23.645000457763672,23.68000030517578,23.190000534057617,23.219999313354492,23.219999313354492,252437
2022-03-07,23.329999923706055,23.329999923706055,23.020000457763672,23.18000030517578,23.18000030517578,212565
2022-03-08,23.1299991607666,23.368000030517578,23.020000457763672,23.100000381469727,23.100000381469727,226565
2022-03-09,23.149999618530273,23.489999771118164,23.0,23.290000915527344,23.290000915527344,200000
2022-03-10,23.15999984741211,23.224700927734375,23.049999237060547,23.149999618530273,23.149999618530273,189822
2022-03-11,23.059999465942383,23.14889907836914,22.75,22.84000015258789,22.84000015258789,360957
2022-03-14,22.75,22.75,21.93000030517578,22.18000030517578,22.18000030517578,116113
2022-03-15,22.18000030517578,22.350000381469727,21.940000534057617,22.270000457763672,22.270000457763672,174267
2022-03-16,22.34000015258789,22.600000381469727,22.170000076293945,22.600000381469727,22.600000381469727,62441
2022-03-17,22.639999389648438,22.799999237060547,22.40999984741211,22.770000457763672,22.770000457763672,95619
2022-03-18,22.81999969482422,22.950000762939453,22.67300033569336,22.950000762939453,22.950000762939453,19413
2022-03-21,22.889999389648438,22.889999389648438,22.450000762939453,22.520000457763672,22.520000457763672,121920
2022-03-22,22.420000076293945,22.450000762939453,22.09000015258789,22.25,22.25,142214
2022-03-23,22.229999542236328,22.350000381469727,22.06999969482422,22.149999618530273,22.149999618530273,278101
2022-03-24,22.149999618530273,22.3799991607666,22.100000381469727,22.350000381469727,22.350000381469727,192990
2022-03-25,22.399999618530273,22.429800033569336,22.059999465942383,22.170000076293945,22.170000076293945,57313
2022-03-28,22.229999542236328,22.28420066833496,22.100000381469727,22.260000228881836,22.260000228881836,69455
2022-03-29,22.399999618530273,22.540000915527344,22.350000381469727,22.459999084472656,22.459999084472656,97224
2022-03-30,22.329999923706055,22.639999389648438,22.25,22.469999313354492,22.469999313354492,31040
2022-03-31,22.5,22.7091007232666,22.5,22.559999465942383,22.559999465942383,50263
2022-04-01,22.469999313354492,22.638099670410156,22.43000030517578,22.530000686645508,22.530000686645508,33754
2022-04-04,22.6299991607666,22.670000076293945,22.329999923706055,22.399999618530273,22.399999618530273,86242
2022-04-05,22.34000015258789,22.389999389648438,22.040000915527344,22.06909942626953,22.06909942626953,101250
2022-04-06,21.93000030517578,22.040000915527344,21.84000015258789,21.899999618530273,21.899999618530273,89614
2022-04-07,21.889999389648438,22.161500930786133,21.809999465942383,22.1200008392334,22.1200008392334,95662
2022-04-08,22.059999465942383,22.059999465942383,21.75,21.889999389648438,21.889999389648438,181087
2022-04-11,21.790000915527344,21.790000915527344,21.350000381469727,21.40999984741211,21.40999984741211,86695
2022-04-12,21.639999389648438,21.639999389648438,21.0,21.06999969482422,21.06999969482422,54894
2022-04-13,21.290000915527344,21.36669921875,20.889999389648438,20.93000030517578,20.93000030517578,38610
2022-04-14,21.030000686645508,21.200000762939453,20.790000915527344,20.84000015258789,20.84000015258789,107644
2022-04-18,20.84000015258789,21.149999618530273,20.84000015258789,20.84000015258789,20.84000015258789,57954
2022-04-19,20.84000015258789,20.84000015258789,20.549999237060547,20.65999984741211,20.65999984741211,97317
2022-04-20,20.75,20.8700008392334,20.510000228881836,20.700000762939453,20.700000762939453,42295
2022-04-21,20.889999389648438,20.899999618530273,20.400100708007812,20.43269920349121,20.43269920349121,51161
2022-04-22,20.479999542236328,20.479999542236328,20.09000015258789,20.280000686645508,20.280000686645508,79290
2022-04-25,20.280000686645508,20.290000915527344,20.100000381469727,20.290000915527344,20.290000915527344,78930
2022-04-26,20.270000457763672,20.37190055847168,20.100000381469727,20.149999618530273,20.149999618530273,124782
2022-04-27,20.219999313354492,20.23979949951172,19.850000381469727,19.850000381469727,19.850000381469727,142591
2022-04-28,19.950000762939453,20.0,19.610000610351562,19.8799991607666,19.8799991607666,271563
2022-04-29,19.809999465942383,19.84000015258789,19.541000366210938,19.829999923706055,19.829999923706055,87007
2022-05-02,19.700000762939453,19.729999542236328,19.06999969482422,19.25,19.25,49892
2022-05-03,19.219999313354492,19.399999618530273,18.950000762939453,19.030000686645508,19.030000686645508,144311
2022-05-04,18.920000076293945,19.75,18.8700008392334,19.729999542236328,19.729999542236328,149319
2022-05-05,19.469999313354492,19.469999313354492,19.094200134277344,19.40999984741211,19.40999984741211,40902
2022-05-06,19.229999542236328,19.326099395751953,19.0,19.06999969482422,19.06999969482422,66457
2022-05-09,19.0,19.010099411010742,18.84000015258789,18.850000381469727,18.850000381469727,80511
2022-05-10,18.979999542236328,19.299999237060547,18.959999084472656,19.270000457763672,19.270000457763672,78730
2022-05-11,19.190000534057617,19.6299991607666,19.190000534057617,19.389999389648438,19.389999389648438,74107
2022-05-12,19.40999984741211,19.59000015258789,19.229999542236328,19.459999084472656,19.459999084472656,161257
2022-05-13,19.559999465942383,19.719999313354492,19.530000686645508,19.530000686645508,19.530000686645508,50028
2022-05-16,19.56999969482422,19.889999389648438,19.505199432373047,19.829999923706055,19.829999923706055,71231
2022-05-17,19.940000534057617,19.959999084472656,19.559999465942383,19.559999465942383,19.559999465942383,141598
2022-05-18,19.610000610351562,19.68000030517578,19.190000534057617,19.510000228881836,19.510000228881836,156474
2022-05-19,19.540000915527344,19.729999542236328,19.40999984741211,19.690000534057617,19.690000534057617,122441
2022-05-20,19.790000915527344,19.790000915527344,19.420000076293945,19.469999313354492,19.469999313354492,52751
2022-05-23,19.56999969482422,19.600000381469727,19.3700008392334,19.530000686645508,19.530000686645508,33183
2022-05-24,19.530000686645508,19.75,19.31999969482422,19.75,19.75,66261
2022-05-25,19.829999923706055,20.280000686645508,19.829999923706055,20.270000457763672,20.270000457763672,41835
2022-05-26,20.190000534057617,20.809999465942383,20.190000534057617,20.65999984741211,20.65999984741211,72307
2022-05-27,20.920000076293945,21.469999313354492,20.81060028076172,21.280000686645508,21.280000686645508,63163
2022-05-31,21.280000686645508,21.40329933166504,20.829999923706055,21.299999237060547,21.299999237060547,103123
2022-06-01,21.3700008392334,21.449899673461914,21.079999923706055,21.100000381469727,21.100000381469727,41675
2022-06-02,21.149999618530273,21.219999313354492,20.930099487304688,21.200000762939453,21.200000762939453,109038
2022-06-03,21.040000915527344,21.170000076293945,20.874099731445312,21.1200008392334,21.1200008392334,75413
2022-06-06,21.200000762939453,21.31999969482422,20.829999923706055,20.8799991607666,20.8799991607666,100457
2022-06-07,20.8799991607666,21.18000030517578,20.8799991607666,21.09000015258789,21.09000015258789,36721
2022-06-08,21.079999923706055,21.1200008392334,20.8700008392334,20.8700008392334,20.8700008392334,33321
2022-06-09,20.809999465942383,20.8700008392334,20.43000030517578,20.600000381469727,20.600000381469727,85657
2022-06-10,20.420000076293945,20.420000076293945,20.002500534057617,20.290000915527344,20.290000915527344,50955
2022-06-13,19.950000762939453,19.950000762939453,19.31999969482422,19.345300674438477,19.345300674438477,71055
2022-06-14,19.389999389648438,19.700000762939453,19.15999984741211,19.34000015258789,19.34000015258789,58218
2022-06-15,19.56999969482422,19.889999389648438,19.350000381469727,19.6299991607666,19.6299991607666,158259
2022-06-16,19.399999618530273,19.6299991607666,19.260000228881836,19.444000244140625,19.444000244140625,52393
2022-06-17,19.559999465942383,19.68000030517578,19.459999084472656,19.609899520874023,19.609899520874023,46404
2022-06-21,19.8700008392334,20.06999969482422,19.643299102783203,20.0,20.0,51889
2022-06-22,20.010000228881836,20.149999618530273,19.920000076293945,20.040000915527344,20.040000915527344,44396
2022-06-23,20.100000381469727,20.18000030517578,19.959999084472656,20.059999465942383,20.059999465942383,89980
2022-06-24,20.15999984741211,20.308000564575195,20.06999969482422,20.09000015258789,20.09000015258789,88656
2022-06-27,20.139999389648438,20.25,19.93000030517578,20.149999618530273,20.149999618530273,30469
2022-06-28,20.1299991607666,20.23889923095703,19.90999984741211,19.969999313354492,19.969999313354492,63153
2022-06-29,19.850000381469727,19.950000762939453,19.790000915527344,19.950000762939453,19.950000762939453,26941
2022-06-30,19.950000762939453,20.260000228881836,19.799999237060547,20.260000228881836,20.260000228881836,392652
2022-07-01,20.219999313354492,20.600000381469727,20.170000076293945,20.549999237060547,20.549999237060547,66739
2022-07-05,20.549999237060547,20.68000030517578,20.383699417114258,20.6200008392334,20.6200008392334,67777
2022-07-06,20.639999389648438,20.65999984741211,20.440000534057617,20.65999984741211,20.65999984741211,24322
2022-07-07,20.709999084472656,20.834199905395508,20.6200008392334,20.639999389648438,20.639999389648438,26172
2022-07-08,20.65999984741211,20.84000015258789,20.5,20.84000015258789,20.84000015258789,30165
2022-07-11,20.84000015258789,20.940000534057617,20.742599487304688,20.940000534057617,20.940000534057617,25280
2022-07-12,20.940000534057617,21.18000030517578,20.770000457763672,20.790000915527344,20.790000915527344,33621
2022-07-13,20.559999465942383,20.920000076293945,20.559999465942383,20.920000076293945,20.920000076293945,32251
2022-07-14,20.809999465942383,20.920000076293945,20.649999618530273,20.860000610351562,20.860000610351562,31733
2022-07-15,21.0,21.309999465942383,20.90999984741211,21.200000762939453,21.200000762939453,89008
2022-07-18,21.190000534057617,21.209999084472656,21.050100326538086,21.100000381469727,21.100000381469727,43746
2022-07-19,21.149999618530273,21.15999984741211,20.950000762939453,20.950000762939453,20.950000762939453,26224
2022-07-20,21.06999969482422,21.1299991607666,20.93000030517578,21.019899368286133,21.019899368286133,25675
2022-07-21,21.06999969482422,21.130699157714844,20.95009994506836,21.0,21.0,67156
2022-07-22,21.059999465942383,21.270599365234375,21.040000915527344,21.1200008392334,21.1200008392334,18344
2022-07-25,21.149999618530273,21.18000030517578,20.959999084472656,21.049999237060547,21.049999237060547,37823
2022-07-26,21.1200008392334,21.149999618530273,20.940000534057617,21.0,21.0,39911
2022-07-27,21.079999923706055,21.100000381469727,20.90999984741211,21.0,21.0,95084
2022-07-28,21.030000686645508,21.13559913635254,20.829999923706055,21.0,21.0,85641
2022-07-29,21.049999237060547,21.290000915527344,21.049999237060547,21.149999618530273,21.149999618530273,180661
2022-08-01,21.059999465942383,21.329999923706055,21.059999465942383,21.280000686645508,21.280000686645508,247659
2022-08-02,21.15999984741211,21.950000762939453,21.15999984741211,21.799999237060547,21.799999237060547,113083
2022-08-03,21.780000686645508,22.100000381469727,21.780000686645508,22.100000381469727,22.100000381469727,59952
2022-08-04,22.059999465942383,22.09000015258789,21.829999923706055,22.079999923706055,22.079999923706055,35199
2022-08-05,21.90999984741211,22.0,21.68000030517578,21.770000457763672,21.770000457763672,29077
2022-08-08,21.790000915527344,21.799999237060547,21.469999313354492,21.649999618530273,21.649999618530273,80827
2022-08-09,21.649999618530273,21.700000762939453,21.31999969482422,21.3700008392334,21.3700008392334,29148
2022-08-10,21.559999465942383,21.739999771118164,21.489999771118164,21.68000030517578,21.68000030517578,52457
2022-08-11,21.739999771118164,21.739999771118164,21.559999465942383,21.639999389648438,21.639999389648438,58026
2022-08-12,21.639999389648438,21.706199645996094,21.549999237060547,21.579999923706055,21.579999923706055,34035
2022-08-15,21.639999389648438,21.760000228881836,21.635000228881836,21.700000762939453,21.700000762939453,87493
2022-08-16,21.75,21.760000228881836,21.549999237060547,21.549999237060547,21.549999237060547,145264
2022-08-17,21.469999313354492,21.5,21.219999313354492,21.280000686645508,21.280000686645508,44569
2022-08-18,21.219999313354492,21.31999969482422,21.18000030517578,21.270000457763672,21.270000457763672,60441
2022-08-19,21.110000610351562,21.219999313354492,20.899999618530273,20.969999313354492,20.969999313354492,89925
2022-08-22,20.889999389648438,21.020000457763672,20.674999237060547,20.700000762939453,20.700000762939453,57530
2022-08-23,20.670000076293945,20.850000381469727,19.719999313354492,20.1200008392334,20.1200008392334,133024
2022-08-24,20.229999542236328,20.56999969482422,20.020000457763672,20.389999389648438,20.389999389648438,66802
2022-08-25,20.530000686645508,20.850000381469727,20.382299423217773,20.65999984741211,20.65999984741211,97682
2022-08-26,20.75,20.8700008392334,20.3700008392334,20.5,20.5,215363
2022-08-29,20.399999618530273,20.479999542236328,20.34000015258789,20.3700008392334,20.3700008392334,93841
2022-08-30,20.43000030517578,20.489999771118164,20.170000076293945,20.299999237060547,20.299999237060547,116962
2022-08-31,20.3799991607666,20.3799991607666,19.81999969482422,19.899999618530273,19.899999618530273,239372
2022-09-01,19.920000076293945,19.920000076293945,19.600000381469727,19.829999923706055,19.829999923706055,42963
2022-09-02,19.8799991607666,20.003400802612305,19.84000015258789,19.889999389648438,19.889999389648438,30794
2022-09-06,19.8799991607666,19.88990020751953,19.65999984741211,19.760000228881836,19.760000228881836,49359
2022-09-07,19.729999542236328,19.889999389648438,19.729999542236328,19.809999465942383,19.809999465942383,16563
2022-09-08,19.75,19.940000534057617,19.724000930786133,19.770000457763672,19.770000457763672,48751
2022-09-09,19.889999389648438,19.989999771118164,19.780000686645508,19.860000610351562,19.860000610351562,47297
2022-09-12,19.90999984741211,20.06049919128418,19.860000610351562,19.90999984741211,19.90999984741211,30851
2022-09-13,19.670000076293945,19.889999389648438,19.670000076293945,19.860000610351562,19.860000610351562,55696
2022-09-14,19.8700008392334,19.959999084472656,19.789400100708008,19.940000534057617,19.940000534057617,51506
2022-09-15,19.84000015258789,19.93000030517578,19.739999771118164,19.739999771118164,19.739999771118164,55331
2022-09-16,19.65999984741211,19.690000534057617,19.450000762939453,19.68000030517578,19.68000030517578,31139
2022-09-19,19.670000076293945,19.670000076293945,19.450000762939453,19.549999237060547,19.549999237060547,46469
2022-09-20,19.440000534057617,19.530000686645508,19.299999237060547,19.489999771118164,19.489999771118164,46701
2022-09-21,19.489999771118164,19.75,19.37220001220703,19.68000030517578,19.68000030517578,29887
2022-09-22,19.6200008392334,19.6200008392334,19.299999237060547,19.389999389648438,19.389999389648438,32172
2022-09-23,19.360000610351562,19.360000610351562,19.059999465942383,19.170000076293945,19.170000076293945,55192
2022-09-26,19.200000762939453,19.290000915527344,19.04010009765625,19.200000762939453,19.200000762939453,133930
2022-09-27,19.270000457763672,19.299999237060547,19.100000381469727,19.25,19.25,51098
2022-09-28,19.260000228881836,19.549999237060547,19.190000534057617,19.399999618530273,19.399999618530273,94224
2022-09-29,19.15999984741211,19.3700008392334,18.92009925842285,19.25,19.25,146163
2022-09-30,19.1299991607666,19.389999389648438,19.1299991607666,19.360000610351562,19.360000610351562,430645
2022-10-03,19.530000686645508,19.649999618530273,19.497900009155273,19.549999237060547,19.549999237060547,39238
2022-10-04,19.600000381469727,19.780000686645508,19.59000015258789,19.600000381469727,19.600000381469727,50265
2022-10-05,19.5,19.540000915527344,19.417200088500977,19.450000762939453,19.450000762939453,45081
2022-10-06,19.489999771118164,19.489999771118164,19.219999313354492,19.299999237060547,19.299999237060547,14383
2022-10-07,19.18000030517578,19.280000686645508,18.96179962158203,19.16200065612793,19.16200065612793,21808
2022-10-10,19.229999542236328,19.229999542236328,18.959999084472656,19.0,19.0,40176
2022-10-11,18.989999771118164,19.0,18.860000610351562,18.8700008392334,18.8700008392334,52309
2022-10-12,18.860000610351562,18.920000076293945,18.739999771118164,18.770000457763672,18.770000457763672,62652
2022-10-13,18.549999237060547,18.831300735473633,18.485000610351562,18.639999389648438,18.639999389648438,74989
2022-10-14,18.739999771118164,18.739999771118164,18.520000457763672,18.56999969482422,18.56999969482422,48301
2022-10-17,18.799999237060547,18.829200744628906,18.540000915527344,18.600000381469727,18.600000381469727,58033
2022-10-18,18.739999771118164,18.80900001525879,18.579999923706055,18.579999923706055,18.579999923706055,37322
2022-10-19,18.520000457763672,18.579999923706055,18.43000030517578,18.479999542236328,18.479999542236328,52622
2022-10-20,18.450000762939453,18.450000762939453,18.170000076293945,18.290000915527344,18.290000915527344,34234
2022-10-21,18.239999771118164,18.280000686645508,18.059999465942383,18.260000228881836,18.260000228881836,50804
2022-10-24,18.260000228881836,18.459999084472656,18.170799255371094,18.34000015258789,18.34000015258789,61251
2022-10-25,18.469999313354492,18.579999923706055,18.290000915527344,18.5,18.5,75771
2022-10-26,18.594999313354492,18.709999084472656,18.43000030517578,18.520000457763672,18.520000457763672,66706
2022-10-27,18.6299991607666,18.6697998046875,18.459999084472656,18.489999771118164,18.489999771118164,35465
2022-10-28,18.530000686645508,18.6200008392334,18.417200088500977,18.6200008392334,18.6200008392334,33383
2022-10-31,18.59000015258789,18.690000534057617,18.459999084472656,18.5,18.5,113451
2022-11-01,18.690000534057617,18.690000534057617,18.360000610351562,18.520000457763672,18.520000457763672,47667
2022-11-02,18.5,18.700000762939453,18.329999923706055,18.600000381469727,18.600000381469727,52074
2022-11-03,18.530000686645508,18.530000686645508,18.360000610351562,18.489999771118164,18.489999771118164,40408
2022-11-04,18.56999969482422,18.639999389648438,18.399999618530273,18.489999771118164,18.489999771118164,53621
2022-11-07,18.530000686645508,18.610000610351562,18.390100479125977,18.540000915527344,18.540000915527344,50826
2022-11-08,18.6200008392334,19.030000686645508,18.6200008392334,18.989999771118164,18.989999771118164,41278
2022-11-09,19.020000457763672,19.1299991607666,18.820100784301758,18.920000076293945,18.920000076293945,83958
2022-11-10,19.469999313354492,20.128599166870117,19.437999725341797,20.128599166870117,20.128599166870117,40565
2022-11-11,20.110000610351562,20.579999923706055,19.96190071105957,20.290000915527344,20.290000915527344,26270
2022-11-14,20.280000686645508,20.289899826049805,19.94499969482422,20.040000915527344,20.040000915527344,44563
2022-11-15,20.34000015258789,20.450000762939453,20.1481990814209,20.3700008392334,20.3700008392334,39257
2022-11-16,20.3700008392334,20.450000762939453,20.299999237060547,20.389999389648438,20.389999389648438,27560
2022-11-17,20.25,20.299999237060547,20.170000076293945,20.270000457763672,20.270000457763672,47872
2022-11-18,20.31999969482422,20.420000076293945,20.209999084472656,20.3700008392334,20.3700008392334,67521
2022-11-21,20.43000030517578,20.520000457763672,20.30820083618164,20.450000762939453,20.450000762939453,46080
2022-11-22,20.5,20.6200008392334,20.290000915527344,20.399999618530273,20.399999618530273,56012
2022-11-23,20.469999313354492,20.59000015258789,20.318199157714844,20.43000030517578,20.43000030517578,63391
2022-11-25,20.459999084472656,20.559999465942383,20.399999618530273,20.489999771118164,20.489999771118164,11423
2022-11-28,20.489999771118164,20.55500030517578,20.1200008392334,20.1200008392334,20.1200008392334,97655
2022-11-29,20.09000015258789,20.25,19.889999389648438,19.93000030517578,19.93000030517578,82329
2022-11-30,19.950000762939453,20.270000457763672,19.700000762939453,20.18000030517578,20.18000030517578,80377
2022-12-01,20.3799991607666,20.517200469970703,20.19529914855957,20.440000534057617,20.440000534057617,74517
2022-12-02,20.350000381469727,20.479999542236328,20.239999771118164,20.459999084472656,20.459999084472656,50479
2022-12-05,20.309999465942383,20.440000534057617,20.04010009765625,20.06999969482422,20.06999969482422,73273
2022-12-06,20.200000762939453,20.280000686645508,19.770000457763672,20.020000457763672,20.020000457763672,48006
2022-12-07,20.09000015258789,20.139999389648438,19.959999084472656,20.1299991607666,20.1299991607666,41470
2022-12-08,20.18000030517578,20.270000457763672,19.920000076293945,19.979999542236328,19.979999542236328,65031
2022-12-09,19.93000030517578,19.985000610351562,19.68000030517578,19.690000534057617,19.690000534057617,54457
2022-12-12,19.700000762939453,19.799999237060547,19.579999923706055,19.600000381469727,19.600000381469727,66449
2022-12-13,19.899999618530273,20.030000686645508,19.712600708007812,19.809999465942383,19.809999465942383,57048
2022-12-14,19.809999465942383,19.950000762939453,19.690000534057617,19.829999923706055,19.829999923706055,59197
2022-12-15,19.829999923706055,19.8700008392334,19.649999618530273,19.649999618530273,19.649999618530273,71605
2022-12-16,19.6299991607666,19.690000534057617,19.5,19.690000534057617,19.690000534057617,104603
2022-12-19,19.639999389648438,19.799999237060547,19.540000915527344,19.674999237060547,19.674999237060547,66250
2022-12-20,19.639999389648438,19.709999084472656,19.469999313354492,19.549999237060547,19.549999237060547,82098
2022-12-21,19.600000381469727,19.670000076293945,19.440000534057617,19.520000457763672,19.520000457763672,122729
2022-12-22,19.489999771118164,19.5,19.1299991607666,19.260000228881836,19.260000228881836,59380
2022-12-23,19.31999969482422,19.459999084472656,19.1200008392334,19.190000534057617,19.190000534057617,79878
2022-12-27,19.110000610351562,19.229999542236328,18.815000534057617,18.8799991607666,18.8799991607666,51675
2022-12-28,18.950000762939453,18.950000762939453,18.6200008392334,18.670000076293945,18.670000076293945,120177
2022-12-29,18.540000915527344,18.6299991607666,18.360000610351562,18.399999618530273,18.399999618530273,107267
2022-12-30,18.3799991607666,18.700000762939453,18.329999923706055,18.329999923706055,18.329999923706055,150774
2023-01-03,18.549999237060547,18.93470001220703,18.49679946899414,18.579999923706055,18.579999923706055,47803
2023-01-04,18.719999313354492,19.13990020751953,18.719999313354492,19.079999923706055,19.079999923706055,32653
2023-01-05,19.010000228881836,19.65999984741211,18.810100555419922,19.579999923706055,19.579999923706055,43367
2023-01-06,19.690000534057617,20.190000534057617,19.690000534057617,20.100000381469727,20.100000381469727,79458
2023-01-09,20.18000030517578,20.38990020751953,20.014299392700195,20.232799530029297,20.232799530029297,66431
2023-01-10,20.25,20.315799713134766,20.149999618530273,20.28499984741211,20.28499984741211,19677
2023-01-11,20.290000915527344,20.290000915527344,20.149999618530273,20.15999984741211,20.15999984741211,39241
2023-01-12,20.299999237060547,20.378000259399414,20.156700134277344,20.254499435424805,20.254499435424805,24523
2023-01-13,20.25,20.450000762939453,20.25,20.329999923706055,20.329999923706055,29316
2023-01-17,20.420000076293945,20.75,20.3700008392334,20.6835994720459,20.6835994720459,64760
2023-01-18,20.8799991607666,21.102800369262695,20.760000228881836,20.770000457763672,20.770000457763672,45441
2023-01-19,20.809999465942383,21.07990074157715,20.68000030517578,21.020000457763672,21.020000457763672,40221
2023-01-20,21.110000610351562,21.138200759887695,20.950000762939453,21.049999237060547,21.049999237060547,30526
2023-01-23,21.049999237060547,21.399999618530273,21.049999237060547,21.25,21.25,52993
2023-01-24,21.3799991607666,21.389999389648438,21.18000030517578,21.290000915527344,21.290000915527344,29917
2023-01-25,21.18000030517578,21.334999084472656,21.15999984741211,21.299999237060547,21.299999237060547,26506
2023-01-26,21.399999618530273,21.399999618530273,21.209999084472656,21.209999084472656,21.209999084472656,88043
2023-01-27,21.280000686645508,21.43000030517578,21.049999237060547,21.06999969482422,21.06999969482422,118690
2023-01-30,21.1200008392334,21.3700008392334,21.024099349975586,21.299999237060547,21.299999237060547,53829
2023-01-31,21.34000015258789,21.540000915527344,21.329999923706055,21.540000915527344,21.540000915527344,65907
2023-02-01,21.549999237060547,21.610000610351562,21.31999969482422,21.489999771118164,21.489999771118164,54680
2023-02-02,21.610000610351562,21.860000610351562,21.610000610351562,21.760000228881836,21.760000228881836,54874
2023-02-03,21.540000915527344,21.6299991607666,21.200000762939453,21.239999771118164,21.239999771118164,71546
2023-02-06,21.139999389648438,21.139999389648438,20.75,20.8700008392334,20.8700008392334,64557
2023-02-07,20.959999084472656,21.0,20.520000457763672,20.719999313354492,20.719999313354492,96856
2023-02-08,20.770000457763672,20.84000015258789,20.600000381469727,20.719999313354492,20.719999313354492,56705
2023-02-09,20.899999618530273,20.940000534057617,20.649999618530273,20.690000534057617,20.690000534057617,33963
2023-02-10,20.690000534057617,20.690000534057617,20.489999771118164,20.6299991607666,20.6299991607666,31920
2023-02-13,20.649999618530273,20.770000457763672,20.549999237060547,20.770000457763672,20.770000457763672,30754
2023-02-14,20.739999771118164,20.8799991607666,20.59000015258789,20.809499740600586,20.809499740600586,64461
2023-02-15,20.75,20.81999969482422,20.719999313354492,20.739999771118164,20.739999771118164,27302
2023-02-16,20.639999389648438,20.649999618530273,20.450000762939453,20.459999084472656,20.459999084472656,22804
2023-02-17,20.399999618530273,20.530000686645508,20.239999771118164,20.43000030517578,20.43000030517578,20461
2023-02-21,20.25,20.260000228881836,19.700000762939453,19.729999542236328,19.729999542236328,58201
2023-02-22,19.799999237060547,20.149999618530273,19.799999237060547,19.989999771118164,19.989999771118164,55927
2023-02-23,20.1299991607666,20.401399612426758,20.079999923706055,20.350000381469727,20.350000381469727,38286
2023-02-24,20.229999542236328,20.290000915527344,20.118499755859375,20.190000534057617,20.190000534057617,22852
2023-02-27,20.329999923706055,20.399999618530273,20.040000915527344,20.1200008392334,20.1200008392334,40891
2023-02-28,20.149999618530273,20.360000610351562,20.030000686645508,20.360000610351562,20.360000610351562,44852
2023-03-01,20.329999923706055,20.329999923706055,20.1299991607666,20.219999313354492,20.219999313354492,18037
2023-03-02,20.049999237060547,20.18000030517578,19.90999984741211,20.1299991607666,20.1299991607666,33990
2023-03-03,20.260000228881836,20.489200592041016,20.190000534057617,20.3799991607666,20.3799991607666,32041
2023-03-06,20.479999542236328,20.533100128173828,20.350000381469727,20.350000381469727,20.350000381469727,36910
2023-03-07,20.389999389648438,20.40679931640625,20.149999618530273,20.270000457763672,20.270000457763672,55695
2023-03-08,20.219999313354492,20.3799991607666,20.09000015258789,20.149999618530273,20.149999618530273,17745
2023-03-09,20.239999771118164,20.239999771118164,19.639999389648438,19.649999618530273,19.649999618530273,51476
2023-03-10,19.649999618530273,19.8799991607666,19.209999084472656,19.75,19.75,59703
2023-03-13,19.459999084472656,19.459999084472656,18.329999923706055,18.540000915527344,18.540000915527344,112804
2023-03-14,19.040000915527344,20.100000381469727,18.895000457763672,19.959999084472656,19.959999084472656,105165
2023-03-15,19.600000381469727,20.440000534057617,19.34000015258789,20.209999084472656,20.209999084472656,70894
2023-03-16,20.229999542236328,21.030000686645508,19.854999542236328,20.950000762939453,20.950000762939453,96449
2023-03-17,20.8700008392334,21.06999969482422,20.434999465942383,20.860000610351562,20.860000610351562,145996
2023-03-20,20.979999542236328,21.239999771118164,20.739999771118164,20.799999237060547,20.799999237060547,117623
2023-03-21,20.989999771118164,21.190000534057617,20.93000030517578,21.0049991607666,21.0049991607666,102151
2023-03-22,21.049999237060547,21.309999465942383,20.90999984741211,20.90999984741211,20.90999984741211,109723
2023-03-23,21.040000915527344,21.149999618530273,20.511699676513672,20.579999923706055,20.579999923706055,102598
2023-03-24,20.610000610351562,20.749399185180664,20.18000030517578,20.59000015258789,20.59000015258789,61889
2023-03-27,20.8700008392334,21.149999618530273,20.760000228881836,20.809999465942383,20.809999465942383,49965
2023-03-28,20.760000228881836,20.969999313354492,20.760000228881836,20.850000381469727,20.850000381469727,24830
2023-03-29,20.889999389648438,21.360000610351562,20.889999389648438,21.149999618530273,21.149999618530273,60049
2023-03-30,21.040000915527344,21.09000015258789,20.8700008392334,20.969999313354492,20.969999313354492,67882
2023-03-31,21.079999923706055,21.190000534057617,20.93000030517578,21.139999389648438,21.139999389648438,134847
2023-04-03,21.139999389648438,21.25,20.959999084472656,21.200000762939453,21.200000762939453,33228
2023-04-04,21.200000762939453,21.280000686645508,21.010000228881836,21.15999984741211,21.15999984741211,33419
2023-04-05,21.09000015258789,21.299999237060547,20.960100173950195,21.229999542236328,21.229999542236328,41414
2023-04-06,21.260000228881836,21.469999313354492,21.200000762939453,21.350000381469727,21.350000381469727,30868
2023-04-10,21.260000228881836,21.440000534057617,21.260000228881836,21.3799991607666,21.3799991607666,35674
2023-04-11,21.43000030517578,21.579999923706055,21.309999465942383,21.5,21.5,63198
2023-04-12,21.6200008392334,21.6200008392334,21.3700008392334,21.459999084472656,21.459999084472656,69863
2023-04-13,21.510000228881836,21.510000228881836,21.350000381469727,21.360000610351562,21.360000610351562,91948
2023-04-14,21.399999618530273,21.5,21.200000762939453,21.290000915527344,21.290000915527344,78832
2023-04-17,21.360000610351562,21.43000030517578,21.110000610351562,21.170000076293945,21.170000076293945,79227
2023-04-18,21.170000076293945,21.190000534057617,21.010000228881836,21.010000228881836,21.010000228881836,40823
2023-04-19,20.979999542236328,21.170000076293945,20.950000762939453,21.1299991607666,21.1299991607666,56148
2023-04-20,21.1299991607666,21.18000030517578,21.020000457763672,21.040000915527344,21.040000915527344,39688
2023-04-21,21.170000076293945,21.184099197387695,21.0,21.1299991607666,21.1299991607666,32336
2023-04-24,21.170000076293945,21.18000030517578,20.799999237060547,20.860000610351562,20.860000610351562,42760
2023-04-25,20.780000686645508,20.940000534057617,20.25,20.270000457763672,20.270000457763672,63283
2023-04-26,20.34000015258789,20.549999237060547,20.17329978942871,20.18000030517578,20.18000030517578,80630
2023-04-27,20.31999969482422,20.559999465942383,20.2898006439209,20.5,20.5,63633
2023-04-28,20.549999237060547,20.700000762939453,20.479999542236328,20.479999542236328,20.479999542236328,97158
2023-05-01,20.510000228881836,20.549999237060547,19.420000076293945,19.469999313354492,19.469999313354492,105064
2023-05-02,19.56999969482422,19.56999969482422,18.665000915527344,19.0,19.0,101786
2023-05-03,19.0,19.045000076293945,18.139999389648438,18.139999389648438,18.139999389648438,70528
2023-05-04,17.809999465942383,17.899999618530273,16.010000228881836,16.5,16.5,233679
2023-05-05,17.360000610351562,17.40999984741211,16.510000228881836,17.219999313354492,17.219999313354492,93683
2023-05-08,17.43000030517578,17.899900436401367,17.34000015258789,17.520000457763672,17.520000457763672,68569
2023-05-09,17.700000762939453,17.809999465942383,17.261199951171875,17.655000686645508,17.655000686645508,49720
2023-05-10,17.969999313354492,18.469999313354492,17.920000076293945,18.34000015258789,18.34000015258789,55931
2023-05-11,18.200000762939453,18.479999542236328,18.1299991607666,18.295000076293945,18.295000076293945,30498
2023-05-12,18.6299991607666,18.6299991607666,18.209999084472656,18.3799991607666,18.3799991607666,27803
2023-05-15,18.3799991607666,18.68000030517578,18.25,18.649999618530273,18.649999618530273,87622
2023-05-16,18.6299991607666,18.759899139404297,18.010000228881836,18.010000228881836,18.010000228881836,69042
2023-05-17,18.280000686645508,18.690000534057617,18.0,18.690000534057617,18.690000534057617,53150
2023-05-18,18.65999984741211,19.559999465942383,18.379899978637695,19.059999465942383,19.059999465942383,76718
2023-05-19,19.290000915527344,19.290000915527344,18.739999771118164,18.950000762939453,18.950000762939453,45749
2023-05-22,19.059999465942383,19.149999618530273,18.81999969482422,18.959999084472656,18.959999084472656,19536
2023-05-23,19.020000457763672,19.31999969482422,19.020000457763672,19.09000015258789,19.09000015258789,33037
2023-05-24,19.049999237060547,19.34000015258789,19.010000228881836,19.149999618530273,19.149999618530273,51057
2023-05-25,19.25,19.3799991607666,18.860000610351562,19.079999923706055,19.079999923706055,26537
2023-05-26,19.229999542236328,19.290000915527344,19.09000015258789,19.149999618530273,19.149999618530273,8677
2023-05-30,19.450000762939453,19.719999313354492,19.33799934387207,19.469999313354492,19.469999313354492,40822
2023-05-31,19.59000015258789,19.649999618530273,19.309999465942383,19.309999465942383,19.309999465942383,85398
2023-06-01,19.520000457763672,19.65999984741211,19.385000228881836,19.399999618530273,19.399999618530273,32841
2023-06-02,19.6200008392334,19.950000762939453,19.565000534057617,19.690000534057617,19.690000534057617,39009
2023-06-05,19.860000610351562,20.760000228881836,19.479999542236328,19.479999542236328,19.479999542236328,30709
2023-06-06,19.670000076293945,19.739999771118164,19.389999389648438,19.389999389648438,19.389999389648438,23319
2023-06-07,19.59000015258789,19.649999618530273,19.219999313354492,19.229999542236328,19.229999542236328,32358
2023-06-08,19.360000610351562,19.479999542236328,19.1200008392334,19.299999237060547,19.299999237060547,43653
2023-06-09,19.389999389648438,19.459999084472656,19.299999237060547,19.389999389648438,19.389999389648438,22586
2023-06-12,19.540000915527344,19.540000915527344,19.103200912475586,19.239999771118164,19.239999771118164,30247
2023-06-13,19.420000076293945,19.420000076293945,19.18000030517578,19.190000534057617,19.190000534057617,29896
2023-06-14,19.239999771118164,19.260000228881836,19.020000457763672,19.1200008392334,19.1200008392334,37292
2023-06-15,19.1200008392334,19.290000915527344,18.799999237060547,19.139999389648438,19.139999389648438,20332
2023-06-16,19.270000457763672,19.290000915527344,19.09000015258789,19.09000015258789,19.09000015258789,27073
2023-06-20,19.170000076293945,19.204599380493164,18.969999313354492,18.969999313354492,18.969999313354492,24765
2023-06-21,19.030000686645508,19.200000762939453,18.850000381469727,19.06999969482422,19.06999969482422,48947
2023-06-22,19.079999923706055,19.1299991607666,18.709999084472656,18.81999969482422,18.81999969482422,50880
2023-06-23,18.860000610351562,19.09000015258789,18.760000228881836,18.969999313354492,18.969999313354492,24311
2023-06-26,19.040000915527344,19.34469985961914,18.979999542236328,19.020000457763672,19.020000457763672,24393
2023-06-27,19.15999984741211,19.25,19.049999237060547,19.1299991607666,19.1299991607666,25239
2023-06-28,19.270000457763672,19.389999389648438,19.059999465942383,19.389999389648438,19.389999389648438,27820
2023-06-29,19.149999618530273,19.149999618530273,18.719999313354492,18.719999313354492,18.719999313354492,44882
2023-06-30,18.8700008392334,19.100000381469727,18.84000015258789,19.100000381469727,19.100000381469727,83474
2023-07-03,19.149999618530273,19.260000228881836,18.950000762939453,19.190000534057617,19.190000534057617,10114
2023-07-05,19.209999084472656,19.209999084472656,18.860000610351562,18.889999389648438,18.889999389648438,35384
2023-07-06,18.799999237060547,18.799999237060547,18.219999313354492,18.5,18.5,31367
2023-07-07,18.5,18.709999084472656,18.40999984741211,18.5,18.5,18240
2023-07-10,18.709999084472656,18.75979995727539,18.54990005493164,18.649999618530273,18.649999618530273,21552
2023-07-11,18.700000762939453,18.850000381469727,18.639999389648438,18.84000015258789,18.84000015258789,23978
2023-07-12,19.0,19.059999465942383,18.840099334716797,18.934999465942383,18.934999465942383,36152
2023-07-13,19.059999465942383,19.1299991607666,18.940000534057617,19.100000381469727,19.100000381469727,87362
2023-07-14,19.18000030517578,19.200000762939453,18.790000915527344,19.040000915527344,19.040000915527344,28133
2023-07-17,19.059999465942383,19.059999465942383,18.719999313354492,18.799999237060547,18.799999237060547,28917
2023-07-18,18.829999923706055,18.989999771118164,18.790000915527344,18.989999771118164,18.989999771118164,25868
2023-07-19,19.049999237060547,19.25,19.049999237060547,19.229999542236328,19.229999542236328,37024
2023-07-20,19.149999618530273,19.149999618530273,18.950000762939453,19.110000610351562,19.110000610351562,38895
2023-07-21,19.06999969482422,19.260000228881836,19.040000915527344,19.06999969482422,19.06999969482422,38685
2023-07-24,19.18000030517578,19.199600219726562,19.040000915527344,19.170000076293945,19.170000076293945,28705
2023-07-25,19.079999923706055,19.0935001373291,18.979999542236328,19.040000915527344,19.040000915527344,35325
2023-07-26,19.139999389648438,19.309999465942383,19.05500030517578,19.209999084472656,19.209999084472656,22139
2023-07-27,19.3700008392334,19.489999771118164,19.190000534057617,19.290000915527344,19.290000915527344,47424
2023-07-28,19.350000381469727,19.350000381469727,18.920000076293945,19.079999923706055,19.079999923706055,73514
2023-07-31,19.149999618530273,19.3799991607666,19.149999618530273,19.34000015258789,19.34000015258789,54521
2023-08-01,19.270000457763672,19.290000915527344,19.15920066833496,19.25,19.25,48984
2023-08-02,19.1200008392334,19.229999542236328,18.989999771118164,19.229999542236328,19.229999542236328,24916
2023-08-03,19.1200008392334,19.139999389648438,18.979999542236328,19.049999237060547,19.049999237060547,25426
2023-08-04,19.1200008392334,19.260000228881836,19.1200008392334,19.18000030517578,19.18000030517578,26858
2023-08-07,19.270000457763672,19.299999237060547,19.059999465942383,19.219999313354492,19.219999313354492,27258
2023-08-08,19.0,19.154399871826172,18.90999984741211,19.06329917907715,19.06329917907715,28163
2023-08-09,19.149999618530273,19.149999618530273,19.0,19.0,19.0,26301
2023-08-10,19.15999984741211,19.229999542236328,19.058300018310547,19.209999084472656,19.209999084472656,84281
2023-08-11,19.139999389648438,19.25,19.09000015258789,19.200000762939453,19.200000762939453,59761
2023-08-14,19.200000762939453,19.280000686645508,19.100000381469727,19.219999313354492,19.219999313354492,33361
2023-08-15,19.170000076293945,19.229999542236328,19.079999923706055,19.170000076293945,19.170000076293945,116873
2023-08-16,19.15999984741211,19.269899368286133,19.030000686645508,19.1299991607666,19.1299991607666,46729
2023-08-17,19.170000076293945,19.197099685668945,18.899999618530273,19.06999969482422,19.06999969482422,53895
2023-08-18,18.950000762939453,19.07740020751953,18.899999618530273,18.940000534057617,18.940000534057617,42664
2023-08-21,18.889999389648438,18.978500366210938,18.829999923706055,18.84000015258789,18.84000015258789,31402
2023-08-22,18.93000030517578,19.010000228881836,18.809999465942383,18.829999923706055,18.829999923706055,33728
2023-08-23,18.899999618530273,19.09000015258789,18.899999618530273,19.049999237060547,19.049999237060547,26042
2023-08-24,19.100000381469727,19.110000610351562,18.95800018310547,19.049999237060547,19.049999237060547,21990
2023-08-25,19.09000015258789,19.09000015258789,18.84000015258789,18.84000015258789,18.84000015258789,27272
2023-08-28,19.010000228881836,19.010000228881836,18.770000457763672,18.790000915527344,18.790000915527344,19979
2023-08-29,18.850000381469727,18.98040008544922,18.809999465942383,18.934999465942383,18.934999465942383,13262
2023-08-30,18.979999542236328,19.049999237060547,18.899999618530273,18.90999984741211,18.90999984741211,16144
2023-08-31,18.920000076293945,19.309999465942383,18.8799991607666,19.309999465942383,19.309999465942383,95212
2023-09-01,19.229999542236328,19.260000228881836,19.120100021362305,19.190000534057617,19.190000534057617,18128
2023-09-05,19.1299991607666,19.200000762939453,19.030000686645508,19.049999237060547,19.049999237060547,30315
2023-09-06,19.059999465942383,19.17060089111328,18.93000030517578,18.93000030517578,18.93000030517578,13790
2023-09-07,18.989999771118164,19.100000381469727,18.860000610351562,18.959999084472656,18.959999084472656,22694
2023-09-08,19.049999237060547,19.139999389648438,18.959999084472656,19.0,19.0,16065
2023-09-11,19.0,19.100000381469727,18.979999542236328,18.979999542236328,18.979999542236328,18268
2023-09-12,19.030000686645508,19.079999923706055,18.908300399780273,19.020000457763672,19.020000457763672,20098
2023-09-13,19.06999969482422,19.09000015258789,18.809999465942383,18.93000030517578,18.93000030517578,35778
2023-09-14,19.059999465942383,19.200000762939453,19.0,19.200000762939453,19.200000762939453,30358
2023-09-15,19.15999984741211,19.200000762939453,18.972299575805664,19.1200008392334,19.1200008392334,60164
2023-09-18,19.049999237060547,19.280000686645508,19.049999237060547,19.239999771118164,19.239999771118164,37702
2023-09-19,19.200000762939453,19.329999923706055,19.170000076293945,19.309999465942383,19.309999465942383,31843
2023-09-20,19.329999923706055,19.428499221801758,19.229999542236328,19.329999923706055,19.329999923706055,33130
2023-09-21,19.149999618530273,19.24020004272461,18.889999389648438,19.110000610351562,19.110000610351562,45830
2023-09-22,19.15999984741211,19.31999969482422,19.149999618530273,19.290000915527344,19.290000915527344,122681
2023-09-25,19.149999618530273,19.239999771118164,19.020000457763672,19.229999542236328,19.229999542236328,64580
2023-09-26,19.200000762939453,19.239999771118164,18.5,18.510000228881836,18.510000228881836,100823
2023-09-27,18.6299991607666,18.68000030517578,18.329999923706055,18.579999923706055,18.579999923706055,77171
2023-09-28,18.229999542236328,18.309999465942383,18.139999389648438,18.309999465942383,18.309999465942383,34609
2023-09-29,18.440000534057617,18.610000610351562,18.280000686645508,18.290000915527344,18.290000915527344,166270
2023-10-02,18.25,18.3700008392334,17.920000076293945,17.973499298095703,17.973499298095703,37041
2023-10-03,17.90999984741211,17.90999984741211,17.0,17.219999313354492,17.219999313354492,104422
2023-10-04,17.389999389648438,17.404600143432617,16.860000610351562,16.8700008392334,16.8700008392334,41137
2023-10-05,16.989999771118164,16.989999771118164,16.670000076293945,16.729999542236328,16.729999542236328,66758
2023-10-06,16.479999542236328,16.850000381469727,16.399999618530273,16.690000534057617,16.690000534057617,36632
2023-10-09,16.709999084472656,17.059999465942383,16.600000381469727,17.040000915527344,17.040000915527344,80312
2023-10-10,17.09000015258789,17.229999542236328,16.850000381469727,17.18000030517578,17.18000030517578,37051
2023-10-11,17.25,17.350000381469727,17.127599716186523,17.219999313354492,17.219999313354492,41993
2023-10-12,17.209999084472656,17.235000610351562,16.709999084472656,16.799999237060547,16.799999237060547,73043
2023-10-13,16.899999618530273,17.020000457763672,16.31999969482422,16.350000381469727,16.350000381469727,86632
2023-10-16,16.489999771118164,16.670000076293945,16.309999465942383,16.59000015258789,16.59000015258789,42215
2023-10-17,16.479999542236328,16.81999969482422,16.440000534057617,16.700000762939453,16.700000762939453,46006
2023-10-18,16.579999923706055,16.70199966430664,16.549999237060547,16.649999618530273,16.649999618530273,20398
2023-10-19,16.65999984741211,16.719999313354492,16.440000534057617,16.440000534057617,16.440000534057617,55178
2023-10-20,16.440000534057617,16.81999969482422,16.225000381469727,16.81999969482422,16.81999969482422,111978
2023-10-23,16.719999313354492,16.843900680541992,16.579999923706055,16.720199584960938,16.720199584960938,37564
2023-10-24,16.84000015258789,16.979999542236328,16.760000228881836,16.850000381469727,16.850000381469727,34669
2023-10-25,16.770000457763672,16.82990074157715,16.65999984741211,16.65999984741211,16.65999984741211,29731
2023-10-26,16.760000228881836,16.809999465942383,16.6200008392334,16.709999084472656,16.709999084472656,21393
2023-10-27,16.780000686645508,16.850000381469727,16.600000381469727,16.600000381469727,16.600000381469727,34753
2023-10-30,16.68000030517578,16.690000534057617,16.520000457763672,16.520000457763672,16.520000457763672,20127
2023-10-31,16.600000381469727,16.920000076293945,16.520000457763672,16.860000610351562,16.860000610351562,126758
2023-11-01,16.860000610351562,17.219999313354492,16.739999771118164,17.100000381469727,17.100000381469727,33156
2023-11-02,17.25,17.749900817871094,17.25,17.610000610351562,17.610000610351562,48483
2023-11-03,17.760000228881836,18.149999618530273,17.760000228881836,18.09000015258789,18.09000015258789,67342
2023-11-06,18.1299991607666,18.709999084472656,17.981700897216797,18.519899368286133,18.519899368286133,52355
2023-11-07,18.56999969482422,18.639999389648438,18.410900115966797,18.600000381469727,18.600000381469727,28893
2023-11-08,18.639999389648438,18.769399642944336,18.55500030517578,18.610000610351562,18.610000610351562,34596
2023-11-09,18.610000610351562,18.700000762939453,18.280000686645508,18.350000381469727,18.350000381469727,32660
2023-11-10,18.360000610351562,18.479900360107422,18.25,18.399999618530273,18.399999618530273,21944
2023-11-13,18.3700008392334,18.760000228881836,18.25,18.579999923706055,18.579999923706055,62532
2023-11-14,18.700000762939453,18.92919921875,18.639999389648438,18.640399932861328,18.640399932861328,82751
2023-11-15,18.56999969482422,18.670000076293945,18.420000076293945,18.420000076293945,18.420000076293945,35907
2023-11-16,18.559999465942383,18.639999389648438,18.448299407958984,18.639999389648438,18.639999389648438,33429
2023-11-17,18.639999389648438,18.75,18.420000076293945,18.450000762939453,18.450000762939453,51173
2023-11-20,18.540000915527344,18.540000915527344,18.35070037841797,18.389999389648438,18.389999389648438,41254
2023-11-21,18.43000030517578,18.510000228881836,18.170000076293945,18.18000030517578,18.18000030517578,24598
2023-11-22,18.25,18.440000534057617,17.829999923706055,18.0,18.0,38403
2023-11-24,18.100000381469727,18.200000762939453,17.969999313354492,18.190000534057617,18.190000534057617,14728
2023-11-27,18.149999618530273,18.622499465942383,18.04010009765625,18.6200008392334,18.6200008392334,31680
2023-11-28,18.6200008392334,18.739900588989258,18.475000381469727,18.549999237060547,18.549999237060547,48273
2023-11-29,18.690000534057617,19.280000686645508,18.592899322509766,19.0,19.0,57329
2023-11-30,19.149999618530273,19.329999923706055,18.979999542236328,18.979999542236328,18.979999542236328,129103
2023-12-01,19.079999923706055,19.440000534057617,19.030000686645508,19.440000534057617,19.440000534057617,52381
2023-12-04,19.280000686645508,19.469999313354492,19.15999984741211,19.239999771118164,19.239999771118164,39627
2023-12-05,19.34000015258789,19.34000015258789,19.079999923706055,19.079999923706055,19.079999923706055,73258
2023-12-06,19.190000534057617,19.399999618530273,19.010000228881836,19.010000228881836,19.010000228881836,41287
2023-12-07,19.100000381469727,19.260000228881836,18.979999542236328,19.010000228881836,19.010000228881836,41230
2023-12-08,18.950000762939453,19.049999237060547,18.810100555419922,18.832500457763672,18.832500457763672,33874
2023-12-11,18.829999923706055,19.014299392700195,18.469999313354492,18.639999389648438,18.639999389648438,55226
2023-12-12,18.639999389648438,18.760000228881836,18.540000915527344,18.670000076293945,18.670000076293945,48405
2023-12-13,18.670000076293945,19.18000030517578,18.6200008392334,19.18000030517578,19.18000030517578,56430
2023-12-14,19.270000457763672,19.790000915527344,19.270000457763672,19.698699951171875,19.698699951171875,80241
2023-12-15,19.579999923706055,19.84000015258789,19.479999542236328,19.600000381469727,19.600000381469727,53042
2023-12-18,19.600000381469727,19.75,19.399999618530273,19.5,19.5,46540
2023-12-19,19.5,19.690000534057617,19.1299991607666,19.5,19.5,156028
2023-12-20,19.469999313354492,19.690000534057617,19.430099487304688,19.559999465942383,19.559999465942383,70469
2023-12-21,19.700000762939453,19.850000381469727,19.489999771118164,19.6299991607666,19.6299991607666,61154
2023-12-22,19.760000228881836,19.899999618530273,19.621000289916992,19.889999389648438,19.889999389648438,59453
2023-12-26,19.809999465942383,20.34000015258789,19.809999465942383,20.09000015258789,20.09000015258789,51732
2023-12-27,20.100000381469727,20.3700008392334,20.04759979248047,20.190000534057617,20.190000534057617,56768
2023-12-28,20.09000015258789,20.209999084472656,19.709999084472656,19.809999465942383,19.809999465942383,102183
2023-12-29,19.809999465942383,19.89859962463379,19.5,19.530000686645508,19.530000686645508,75323
2024-01-02,19.65999984741211,19.75,19.515899658203125,19.729999542236328,19.729999542236328,48007
2024-01-03,19.649999618530273,19.850000381469727,19.440500259399414,19.729999542236328,19.729999542236328,40071
2024-01-04,19.700000762939453,19.940000534057617,19.459999084472656,19.829999923706055,19.829999923706055,31299
2024-01-05,19.790000915527344,19.961999893188477,19.75,19.81999969482422,19.81999969482422,22812
2024-01-08,19.860000610351562,19.93000030517578,19.729999542236328,19.780000686645508,19.780000686645508,55362
2024-01-09,19.690000534057617,20.0,19.690000534057617,19.889999389648438,19.889999389648438,24455
2024-01-10,19.829999923706055,19.950000762939453,19.799999237060547,19.809999465942383,19.809999465942383,27548
2024-01-11,19.790000915527344,20.0,19.709999084472656,19.8700008392334,19.8700008392334,65751
2024-01-12,19.90999984741211,19.989999771118164,19.84000015258789,19.95009994506836,19.95009994506836,42486
2024-01-16,19.920000076293945,19.950000762939453,19.729999542236328,19.780000686645508,19.780000686645508,32327
2024-01-17,19.700000762939453,19.790000915527344,19.610000610351562,19.770000457763672,19.770000457763672,19368
2024-01-18,19.719999313354492,19.889999389648438,19.510000228881836,19.600000381469727,19.600000381469727,35035
2024-01-19,19.59000015258789,19.850000381469727,19.579999923706055,19.760000228881836,19.760000228881836,24455
2024-01-22,19.850000381469727,19.950000762939453,19.709999084472656,19.799999237060547,19.799999237060547,28493
2024-01-23,19.81999969482422,19.989999771118164,19.799999237060547,19.90999984741211,19.90999984741211,44684
2024-01-24,19.950000762939453,19.989900588989258,19.860000610351562,19.969999313354492,19.969999313354492,58176
2024-01-25,20.06999969482422,20.370100021362305,19.960100173950195,20.270000457763672,20.270000457763672,43599
2024-01-26,20.260000228881836,20.440000534057617,20.150100708007812,20.299999237060547,20.299999237060547,61444
2024-01-29,20.3799991607666,20.520000457763672,20.299999237060547,20.489999771118164,20.489999771118164,57719
2024-01-30,20.530000686645508,20.639999389648438,20.44499969482422,20.6299991607666,20.6299991607666,46662
2024-01-31,20.56999969482422,20.709999084472656,20.299999237060547,20.34000015258789,20.34000015258789,139421
2024-02-01,20.450000762939453,20.799999237060547,20.079999923706055,20.65999984741211,20.65999984741211,65716
2024-02-02,20.5,20.56999969482422,20.450000762939453,20.469999313354492,20.469999313354492,23290
2024-02-05,20.389999389648438,20.420000076293945,20.25,20.299999237060547,20.299999237060547,37398
2024-02-06,20.299999237060547,20.399999618530273,20.200000762939453,20.239999771118164,20.239999771118164,27616
2024-02-07,20.329999923706055,20.3700008392334,20.200000762939453,20.200000762939453,20.200000762939453,60777
2024-02-08,20.200000762939453,20.280000686645508,20.061599731445312,20.270000457763672,20.270000457763672,25531
2024-02-09,20.280000686645508,20.469999313354492,20.280000686645508,20.469999313354492,20.469999313354492,20350
2024-02-12,20.459999084472656,20.552799224853516,20.360599517822266,20.510000228881836,20.510000228881836,35671
2024-02-13,20.260000228881836,20.315900802612305,20.08049964904785,20.229999542236328,20.229999542236328,54856
2024-02-14,20.1200008392334,20.3700008392334,20.1200008392334,20.170000076293945,20.170000076293945,29554
2024-02-15,20.290000915527344,20.350000381469727,20.110000610351562,20.219999313354492,20.219999313354492,35443
2024-02-16,20.100000381469727,20.280000686645508,20.100000381469727,20.219900131225586,20.219900131225586,28192
2024-02-20,20.229999542236328,20.378700256347656,20.059999465942383,20.270000457763672,20.270000457763672,22779
2024-02-21,20.350000381469727,20.43000030517578,20.15999984741211,20.15999984741211,20.15999984741211,13184
2024-02-22,20.299999237060547,20.399999618530273,20.204200744628906,20.25,20.25,20655
2024-02-23,20.280000686645508,20.6200008392334,20.25,20.520000457763672,20.520000457763672,42094
2024-02-26,20.610000610351562,20.65519905090332,20.520000457763672,20.540000915527344,20.540000915527344,21983
2024-02-27,20.6299991607666,20.68000030517578,20.450000762939453,20.450000762939453,20.450000762939453,53002
2024-02-28,20.43000030517578,20.649999618530273,20.43000030517578,20.540000915527344,20.540000915527344,32145
2024-02-29,20.549999237060547,21.200000762939453,20.489999771118164,21.020000457763672,21.020000457763672,199526
2024-03-01,20.959999084472656,21.077699661254883,20.799999237060547,20.895000457763672,20.895000457763672,82749
2024-03-04,20.799999237060547,20.93000030517578,20.719999313354492,20.719999313354492,20.719999313354492,41511
2024-03-05,20.780000686645508,20.920000076293945,20.739999771118164,20.81999969482422,20.81999969482422,45559
2024-03-06,20.8799991607666,21.110000610351562,20.75,20.770000457763672,20.770000457763672,86829
2024-03-07,20.940000534057617,21.010000228881836,20.81999969482422,20.93000030517578,20.93000030517578,27739
2024-03-08,20.989999771118164,21.139999389648438,20.959999084472656,21.030099868774414,21.030099868774414,28592
2024-03-11,21.06999969482422,21.110000610351562,20.950000762939453,20.989999771118164,20.989999771118164,53702
2024-03-12,21.010000228881836,21.079999923706055,20.885299682617188,21.030000686645508,21.030000686645508,19207
2024-03-13,20.979999542236328,21.079999923706055,20.979999542236328,20.989999771118164,20.989999771118164,34573
2024-03-14,20.979999542236328,21.049999237060547,20.829999923706055,20.850000381469727,20.850000381469727,31258
2024-03-15,20.81999969482422,21.010000228881836,20.709999084472656,20.75,20.75,32564
2024-03-18,20.75,20.899999618530273,20.670000076293945,20.84000015258789,20.84000015258789,36357
2024-03-19,20.899999618530273,21.079999923706055,20.829999923706055,20.979999542236328,20.979999542236328,55234
2024-03-20,21.040000915527344,21.079999923706055,20.84000015258789,20.969999313354492,20.969999313354492,37405
2024-03-21,21.1200008392334,21.260000228881836,21.100000381469727,21.100000381469727,21.100000381469727,47560
2024-03-22,21.190000534057617,21.25,20.989999771118164,21.020000457763672,21.020000457763672,70409
2024-03-25,20.989999771118164,21.149999618530273,20.895000457763672,20.920000076293945,20.920000076293945,42349
2024-03-26,20.989999771118164,21.1200008392334,20.88990020751953,21.040000915527344,21.040000915527344,63757
2024-03-27,20.8799991607666,21.059999465942383,20.75,20.969999313354492,20.969999313354492,109828
2024-03-28,20.969999313354492,21.239999771118164,20.8799991607666,20.90999984741211,20.90999984741211,66422
2024-04-01,20.8799991607666,21.010000228881836,20.66160011291504,20.850000381469727,20.850000381469727,41955
2024-04-02,20.700000762939453,20.719999313354492,20.43000030517578,20.440000534057617,20.440000534057617,144525
2024-04-03,20.34000015258789,20.540000915527344,20.290000915527344,20.489999771118164,20.489999771118164,30381
2024-04-04,20.510000228881836,20.690000534057617,20.510000228881836,20.549999237060547,20.549999237060547,40256
2024-04-05,20.530000686645508,20.649999618530273,20.45009994506836,20.600000381469727,20.600000381469727,22475
2024-04-08,20.639999389648438,20.649999618530273,20.510000228881836,20.520000457763672,20.520000457763672,32313
2024-04-09,20.59000015258789,20.610000610351562,20.520000457763672,20.547800064086914,20.547800064086914,18136
2024-04-10,20.360000610351562,20.360000610351562,19.90999984741211,20.049999237060547,20.049999237060547,52408
2024-04-11,20.1200008392334,20.1200008392334,19.71179962158203,19.829999923706055,19.829999923706055,47519
2024-04-12,19.860000610351562,19.969999313354492,19.65999984741211,19.670000076293945,19.670000076293945,34821
2024-04-15,19.729999542236328,19.729999542236328,19.100000381469727,19.100000381469727,19.100000381469727,43108
2024-04-16,19.010000228881836,19.360000610351562,18.899999618530273,19.079999923706055,19.079999923706055,32168
2024-04-17,19.270000457763672,19.3700008392334,19.09000015258789,19.18000030517578,19.18000030517578,23249
2024-04-18,19.280000686645508,19.34000015258789,19.149999618530273,19.18000030517578,19.18000030517578,38834
2024-04-19,19.200000762939453,19.389999389648438,19.170000076293945,19.280000686645508,19.280000686645508,61046
2024-04-22,19.329999923706055,19.5,19.329999923706055,19.450000762939453,19.450000762939453,30784
2024-04-23,19.540000915527344,19.8700008392334,19.540000915527344,19.8700008392334,19.8700008392334,23876
2024-04-24,19.809999465942383,19.860000610351562,19.549999237060547,19.799999237060547,19.799999237060547,23125
2024-04-25,19.530000686645508,19.639999389648438,19.350000381469727,19.540000915527344,19.540000915527344,33367
2024-04-26,19.639999389648438,19.711999893188477,19.450000762939453,19.469999313354492,19.469999313354492,44180
2024-04-29,19.639999389648438,19.739999771118164,19.44230079650879,19.65999984741211,19.65999984741211,58021
2024-04-30,19.639999389648438,19.649999618530273,19.43000030517578,19.43000030517578,19.43000030517578,57459
2024-05-01,19.510000228881836,19.68000030517578,19.450000762939453,19.520000457763672,19.520000457763672,23636
2024-05-02,19.6299991607666,19.820100784301758,19.564599990844727,19.6200008392334,19.6200008392334,32732
2024-05-03,19.850000381469727,20.010000228881836,19.7810001373291,19.90999984741211,19.90999984741211,25058
2024-05-06,20.030000686645508,20.139999389648438,19.954999923706055,20.0,20.0,18192
2024-05-07,20.139999389648438,20.200000762939453,19.889999389648438,19.889999389648438,19.889999389648438,18547
2024-05-08,19.860000610351562,20.02790069580078,19.6299991607666,19.649999618530273,19.649999618530273,29864
2024-05-09,19.700000762939453,19.709999084472656,19.579999923706055,19.600000381469727,19.600000381469727,30076
2024-05-10,19.690000534057617,19.709999084472656,19.549999237060547,19.700000762939453,19.700000762939453,13544
2024-05-13,19.709999084472656,19.779800415039062,19.70159912109375,19.739999771118164,19.739999771118164,16676
2024-05-14,19.790000915527344,19.799999237060547,19.59000015258789,19.59000015258789,19.59000015258789,20104
2024-05-15,19.780000686645508,19.8799991607666,19.760000228881836,19.809999465942383,19.809999465942383,22244
2024-05-16,19.809999465942383,19.860000610351562,19.730100631713867,19.81999969482422,19.81999969482422,19358
2024-05-17,19.719999313354492,19.860000610351562,19.719999313354492,19.81999969482422,19.81999969482422,28205
2024-05-20,19.729999542236328,19.899999618530273,19.729999542236328,19.829999923706055,19.829999923706055,19628
2024-05-21,19.93000030517578,20.010000228881836,19.850000381469727,19.860000610351562,19.860000610351562,81195
2024-05-22,19.899999618530273,20.0,19.790000915527344,19.850000381469727,19.850000381469727,24766
2024-05-23,19.90999984741211,19.940000534057617,19.520000457763672,19.559999465942383,19.559999465942383,49550
2024-05-24,19.65999984741211,19.799999237060547,19.604999542236328,19.729999542236328,19.729999542236328,17453
2024-05-28,19.729999542236328,19.920000076293945,19.700000762939453,19.700000762939453,19.700000762939453,64147
2024-05-29,19.6200008392334,19.649999618530273,19.43400001525879,19.489999771118164,19.489999771118164,35596
2024-05-30,19.540000915527344,19.93000030517578,19.43000030517578,19.739999771118164,19.739999771118164,39678
2024-05-31,19.899999618530273,20.04990005493164,19.84000015258789,19.84000015258789,19.84000015258789,46572
2024-06-03,19.93000030517578,20.100000381469727,19.86989974975586,19.93000030517578,19.93000030517578,36778
2024-06-04,19.93000030517578,20.170000076293945,19.93000030517578,20.0,20.0,14914
2024-06-05,20.020000457763672,20.1299991607666,19.930099487304688,19.959999084472656,19.959999084472656,31731
2024-06-06,20.010000228881836,20.149999618530273,20.0049991607666,20.06999969482422,20.06999969482422,13932
2024-06-07,19.959999084472656,20.040000915527344,19.649999618530273,20.010000228881836,20.010000228881836,34577
2024-06-10,20.0,20.0,19.81999969482422,19.829999923706055,19.829999923706055,24893
2024-06-11,19.920000076293945,19.920000076293945,19.719999313354492,19.719999313354492,19.719999313354492,71181
2024-06-12,19.950000762939453,20.1299991607666,19.90999984741211,19.920000076293945,19.920000076293945,45087
2024-06-13,20.06999969482422,20.1200008392334,19.850000381469727,19.93000030517578,19.93000030517578,23401
2024-06-14,19.90999984741211,20.0,19.763999938964844,19.770000457763672,19.770000457763672,21747
2024-06-17,19.829999923706055,19.90999984741211,19.658000946044922,19.799999237060547,19.799999237060547,57128
2024-06-18,19.81999969482422,20.170000076293945,19.81999969482422,19.950000762939453,19.950000762939453,62982
2024-06-20,19.940000534057617,20.079999923706055,19.90999984741211,19.969999313354492,19.969999313354492,22671
2024-06-21,19.979999542236328,20.170000076293945,19.979999542236328,20.0,20.0,30372
2024-06-24,20.06999969482422,20.15999984741211,20.059999465942383,20.06999969482422,20.06999969482422,19676
2024-06-25,20.15999984741211,20.209999084472656,20.059999465942383,20.09000015258789,20.09000015258789,33445
2024-06-26,20.049999237060547,20.190000534057617,20.049999237060547,20.1200008392334,20.1200008392334,52152
2024-06-27,20.18000030517578,20.280000686645508,20.149999618530273,20.15999984741211,20.15999984741211,36529
2024-06-28,19.989999771118164,20.030000686645508,19.700000762939453,19.719999313354492,19.719999313354492,46997
2024-07-01,19.700000762939453,19.75,19.434999465942383,19.59000015258789,19.59000015258789,59475
2024-07-02,19.65999984741211,19.780000686645508,19.6200008392334,19.700000762939453,19.700000762939453,27117
2024-07-03,19.81999969482422,19.979999542236328,19.700000762939453,19.799999237060547,19.799999237060547,16616
2024-07-05,19.940000534057617,19.98889923095703,19.790000915527344,19.8700008392334,19.8700008392334,20144
2024-07-08,19.93000030517578,19.940000534057617,19.799999237060547,19.809999465942383,19.809999465942383,24982
2024-07-09,19.809999465942383,19.809999465942383,19.709999084472656,19.719999313354492,19.719999313354492,26941
2024-07-10,19.75,19.950000762939453,19.75,19.920000076293945,19.920000076293945,20277
2024-07-11,20.059999465942383,20.260000228881836,20.059999465942383,20.239999771118164,20.239999771118164,24785
2024-07-12,20.25,20.429000854492188,20.25,20.399999618530273,20.399999618530273,22497
2024-07-15,20.399999618530273,20.450000762939453,20.299999237060547,20.34000015258789,20.34000015258789,26236
2024-07-16,20.399999618530273,20.440000534057617,20.309999465942383,20.350000381469727,20.350000381469727,40491
2024-07-17,20.350000381469727,20.440000534057617,20.299999237060547,20.309999465942383,20.309999465942383,24852
2024-07-18,20.34000015258789,20.458799362182617,20.190000534057617,20.260000228881836,20.260000228881836,44760
2024-07-19,20.31999969482422,20.3700008392334,20.229999542236328,20.280000686645508,20.280000686645508,54870
2024-07-22,20.280000686645508,20.469999313354492,20.280000686645508,20.3700008392334,20.3700008392334,27042
2024-07-23,20.43000030517578,20.43000030517578,20.22909927368164,20.229999542236328,20.229999542236328,40064
2024-07-24,20.229999542236328,20.25830078125,19.899999618530273,19.90999984741211,19.90999984741211,30218
2024-07-25,20.0,20.14859962463379,19.950000762939453,19.950000762939453,19.950000762939453,35720
2024-07-26,20.100000381469727,20.18000030517578,20.040000915527344,20.1299991607666,20.1299991607666,25049
2024-07-29,20.229999542236328,20.229999542236328,20.059999465942383,20.09000015258789,20.09000015258789,22235
2024-07-30,20.15999984741211,20.170000076293945,20.049999237060547,20.170000076293945,20.170000076293945,24500
2024-07-31,20.200000762939453,20.260000228881836,20.06999969482422,20.170000076293945,20.170000076293945,52751
2024-08-01,20.18000030517578,20.3799991607666,20.18000030517578,20.350000381469727,20.350000381469727,34875
2024-08-02,20.229999542236328,20.5,20.200000762939453,20.34000015258789,20.34000015258789,32983
2024-08-05,19.6299991607666,20.170000076293945,19.6299991607666,20.0,20.0,29527
2024-08-06,20.020000457763672,20.290000915527344,20.010000228881836,20.190000534057617,20.190000534057617,96533
2024-08-07,20.15999984741211,20.434999465942383,20.15999984741211,20.25,20.25,32008
2024-08-08,20.290000915527344,20.489999771118164,20.25,20.34000015258789,20.34000015258789,43161
2024-08-09,20.350000381469727,20.494300842285156,20.334999084472656,20.34000015258789,20.34000015258789,25103
2024-08-12,20.329999923706055,20.40999984741211,20.229999542236328,20.229999542236328,20.229999542236328,29654
2024-08-13,20.329999923706055,20.540000915527344,20.329999923706055,20.469999313354492,20.469999313354492,28229
2024-08-14,20.530000686645508,20.780000686645508,20.510000228881836,20.6299991607666,20.6299991607666,33596
2024-08-15,20.639999389648438,20.709999084472656,20.530000686645508,20.6200008392334,20.6200008392334,36922
2024-08-16,20.700000762939453,20.799999237060547,20.690000534057617,20.719999313354492,20.719999313354492,30525
2024-08-19,20.780000686645508,20.927099227905273,20.770000457763672,20.809999465942383,20.809999465942383,34683
2024-08-20,20.899999618530273,20.93000030517578,20.829999923706055,20.8799991607666,20.8799991607666,19191
2024-08-21,20.93000030517578,21.079999923706055,20.90999984741211,21.020000457763672,21.020000457763672,28512
2024-08-22,21.079999923706055,21.099300384521484,20.93000030517578,20.93000030517578,20.93000030517578,41689
2024-08-23,21.059999465942383,21.209999084472656,20.969999313354492,21.139999389648438,21.139999389648438,40202
2024-08-26,21.239999771118164,21.270000457763672,21.149999618530273,21.15999984741211,21.15999984741211,26336
2024-08-27,21.1200008392334,21.260000228881836,21.1200008392334,21.18000030517578,21.18000030517578,21771
2024-08-28,21.239999771118164,21.299999237060547,21.186800003051758,21.190000534057617,21.190000534057617,21143
2024-08-29,21.270000457763672,21.3799991607666,21.260000228881836,21.260000228881836,21.260000228881836,23550
2024-08-30,21.43000030517578,21.43000030517578,21.100000381469727,21.200000762939453,21.200000762939453,69552
2024-09-03,21.200000762939453,21.260000228881836,21.149999618530273,21.149999618530273,21.149999618530273,41878
2024-09-04,21.219999313354492,21.40999984741211,21.219999313354492,21.350000381469727,21.350000381469727,47917
2024-09-05,21.420000076293945,21.5,21.3799991607666,21.5,21.5,55945
2024-09-06,21.59000015258789,21.6299991607666,21.280000686645508,21.360000610351562,21.360000610351562,40030
2024-09-09,21.479999542236328,21.59000015258789,21.459999084472656,21.530000686645508,21.530000686645508,36623
2024-09-10,21.649999618530273,21.73979949951172,21.489999771118164,21.649999618530273,21.649999618530273,42695
2024-09-11,21.700000762939453,21.8700008392334,21.559999465942383,21.739999771118164,21.739999771118164,26503
2024-09-12,21.809999465942383,21.940000534057617,21.709999084472656,21.790000915527344,21.790000915527344,30276
2024-09-13,21.90999984741211,22.09000015258789,21.889999389648438,21.989999771118164,21.989999771118164,48856
2024-09-16,22.1200008392334,22.329999923706055,22.030399322509766,22.229999542236328,22.229999542236328,73546
2024-09-17,22.3799991607666,22.559999465942383,22.270000457763672,22.420000076293945,22.420000076293945,55786
2024-09-18,22.5,22.649999618530273,22.350000381469727,22.469999313354492,22.469999313354492,78970
2024-09-19,22.600000381469727,22.690000534057617,22.540000915527344,22.600000381469727,22.600000381469727,149327
2024-09-20,22.610000610351562,22.760000228881836,22.600000381469727,22.68000030517578,22.68000030517578,59249
2024-09-23,22.770000457763672,22.790000915527344,22.579999923706055,22.579999923706055,22.579999923706055,53091
2024-09-24,22.6200008392334,22.770000457763672,22.520000457763672,22.700000762939453,22.700000762939453,41808
2024-09-25,22.770000457763672,22.8700008392334,22.700000762939453,22.719999313354492,22.719999313354492,62515
2024-09-26,22.889999389648438,22.969900131225586,22.729999542236328,22.790000915527344,22.790000915527344,95378
2024-09-27,22.920000076293945,22.959999084472656,22.709999084472656,22.719999313354492,22.719999313354492,119003
2024-09-30,22.459999084472656,22.530000686645508,22.049999237060547,22.059999465942383,22.059999465942383,189688
2024-10-01,22.149999618530273,22.37420082092285,22.110000610351562,22.209999084472656,22.209999084472656,60663
2024-10-02,22.219999313354492,22.360000610351562,22.18000030517578,22.360000610351562,22.360000610351562,40280
2024-10-03,22.329999923706055,22.510000228881836,22.280000686645508,22.350000381469727,22.350000381469727,88499
2024-10-04,22.270000457763672,22.270000457763672,22.09000015258789,22.1299991607666,22.1299991607666,48618
2024-10-07,22.059999465942383,22.149999618530273,21.84000015258789,21.90999984741211,21.90999984741211,34998
2024-10-08,21.90999984741211,22.170000076293945,21.90999984741211,22.079999923706055,22.079999923706055,106899
2024-10-09,22.149999618530273,22.25,22.052799224853516,22.06999969482422,22.06999969482422,46339
2024-10-10,22.079999923706055,22.1200008392334,21.920000076293945,21.920000076293945,21.920000076293945,43880
2024-10-11,22.0,22.1299991607666,21.940000534057617,22.1299991607666,22.1299991607666,36032
2024-10-14,22.1299991607666,22.248300552368164,21.959999084472656,22.15999984741211,22.15999984741211,23204
2024-10-15,22.270000457763672,22.510000228881836,22.25,22.309999465942383,22.309999465942383,41270
2024-10-16,22.469999313354492,22.530000686645508,22.334999084472656,22.450000762939453,22.450000762939453,44809
2024-10-17,22.40999984741211,22.440000534057617,22.280000686645508,22.34000015258789,22.34000015258789,33175
2024-10-18,22.450000762939453,22.540000915527344,22.329999923706055,22.329999923706055,22.329999923706055,38500
2024-10-21,22.260000228881836,22.260000228881836,21.899999618530273,22.0,22.0,49849
2024-10-22,22.06999969482422,22.149999618530273,21.84000015258789,22.079999923706055,22.079999923706055,49619
2024-10-23,21.969999313354492,21.99449920654297,21.709999084472656,21.809999465942383,21.809999465942383,52926
2024-10-24,21.93000030517578,21.93000030517578,21.709999084472656,21.780000686645508,21.780000686645508,44493
2024-10-25,21.90999984741211,22.010000228881836,21.6299991607666,21.700000762939453,21.700000762939453,66154
