Date,Open,High,Low,Close,Adj Close,Volume
1984-09-14,1.9062999486923218,1.9062999486923218,1.8437999486923218,1.8437999486923218,0.8293951749801636,129600
1984-09-17,1.9062999486923218,1.9062999486923218,1.8437999486923218,1.8437999486923218,0.8293951749801636,16000
1984-09-18,1.9062999486923218,1.9062999486923218,1.8437999486923218,1.8437999486923218,0.8293951749801636,33600
1984-09-19,1.9062999486923218,1.9062999486923218,1.8437999486923218,1.8437999486923218,0.8293951749801636,59200
1984-09-20,1.875,1.9062999486923218,1.875,1.875,0.8434296250343323,1300800
1984-09-21,1.9062999486923218,1.9062999486923218,1.8437999486923218,1.8437999486923218,0.8293951749801636,16000
1984-09-24,1.875,1.9062999486923218,1.875,1.875,0.8434296250343323,107200
1984-09-25,1.875,1.9062999486923218,1.875,1.875,0.8434296250343323,32000
1984-09-26,1.875,1.9375,1.875,1.875,0.8434296250343323,16000
1984-09-27,1.875,1.9062999486923218,1.875,1.875,0.8434296250343323,16000
1984-09-28,1.875,1.875,1.875,1.875,0.8434296250343323,0
1984-10-01,1.875,1.875,1.875,1.875,0.8434296250343323,0
1984-10-02,1.875,1.9375,1.875,1.875,0.8434296250343323,48000
1984-10-03,1.875,1.875,1.875,1.875,0.8434296250343323,0
1984-10-04,1.875,1.875,1.875,1.875,0.8434296250343323,0
1984-10-05,1.875,1.9062999486923218,1.875,1.875,0.8434296250343323,40000
1984-10-08,1.875,1.9375,1.875,1.875,0.8434296250343323,32000
1984-10-09,1.875,1.9375,1.875,1.875,0.8434296250343323,16000
1984-10-10,1.875,1.9375,1.875,1.875,0.8434296250343323,1600
1984-10-11,1.875,1.9375,1.875,1.875,0.8434296250343323,76800
1984-10-12,1.875,1.9375,1.875,1.875,0.8434296250343323,9600
1984-10-15,1.875,1.9687999486923218,1.875,1.875,0.8434296250343323,38400
1984-10-16,1.9687999486923218,1.9687999486923218,1.9062999486923218,1.9062999486923218,0.857509434223175,4800
1984-10-17,1.9687999486923218,1.9687999486923218,1.9062999486923218,1.9062999486923218,0.857509434223175,35200
1984-10-18,1.9375,2.0,1.9375,1.9375,0.8715439438819885,19200
1984-10-19,2.0313000679016113,2.0313000679016113,1.9687999486923218,1.9687999486923218,0.8856239318847656,16000
1984-10-22,1.9687999486923218,1.9687999486923218,1.9687999486923218,1.9687999486923218,0.8856239318847656,0
1984-10-23,1.9687999486923218,1.9687999486923218,1.9687999486923218,1.9687999486923218,0.8856239318847656,0
1984-10-24,2.0,2.0625,2.0,2.0,0.8996585011482239,86400
1984-10-25,2.0,2.078200101852417,2.0,2.0,0.8996585011482239,160000
1984-10-26,2.0,2.078200101852417,2.0,2.0,0.8996585011482239,4800
1984-10-29,2.0,2.078200101852417,2.0,2.0,0.8996585011482239,12800
1984-10-30,2.0,2.078200101852417,2.0,2.0,0.8996585011482239,8000
1984-10-31,2.0,2.0,2.0,2.0,0.8996585011482239,0
1984-11-01,2.0,2.078200101852417,2.0,2.0,0.8996585011482239,14400
1984-11-02,2.0,2.078200101852417,2.0,2.0,0.8996585011482239,160000
1984-11-05,2.0313000679016113,2.0938000679016113,2.0313000679016113,2.0313000679016113,0.9137383103370667,28800
1984-11-06,2.1563000679016113,2.25,2.1563000679016113,2.1563000679016113,0.9699668288230896,177600
1984-11-07,2.1563000679016113,2.2188000679016113,2.1563000679016113,2.1563000679016113,0.9699668288230896,6400
1984-11-08,2.1563000679016113,2.2188000679016113,2.1563000679016113,2.1563000679016113,0.9699668288230896,3200
1984-11-09,2.0938000679016113,2.125,2.0938000679016113,2.0938000679016113,0.941852867603302,25600
1984-11-12,2.0313000679016113,2.125,2.0313000679016113,2.0313000679016113,0.9137383103370667,16000
1984-11-13,2.0313000679016113,2.125,2.0313000679016113,2.0313000679016113,0.9137383103370667,8000
1984-11-14,2.0313000679016113,2.078200101852417,2.0313000679016113,2.0313000679016113,0.9137383103370667,9600
1984-11-15,2.0,2.078200101852417,2.0,2.0,0.8996585011482239,8000
1984-11-16,2.0,2.0938000679016113,2.0,2.0,0.8996585011482239,14400
1984-11-19,2.0,2.0938000679016113,2.0,2.0,0.8996585011482239,1600
1984-11-20,2.0,2.0,2.0,2.0,0.8996585011482239,0
1984-11-21,2.0,2.0,2.0,2.0,0.8996585011482239,0
1984-11-23,2.0,2.0,2.0,2.0,0.8996585011482239,0
1984-11-26,2.0,2.0,2.0,2.0,0.8996585011482239,0
1984-11-27,2.0313000679016113,2.125,2.0313000679016113,2.0313000679016113,0.9137383103370667,160000
1984-11-28,1.9375,1.9375,1.8437999486923218,1.8437999486923218,0.8293951749801636,89600
1984-11-29,1.9687999486923218,1.9687999486923218,1.8437999486923218,1.8437999486923218,0.8293951749801636,131200
1984-11-30,1.9687999486923218,1.9687999486923218,1.8437999486923218,1.8437999486923218,0.8293951749801636,33600
1984-12-03,1.9687999486923218,1.9687999486923218,1.8437999486923218,1.8437999486923218,0.8293951749801636,6400
1984-12-04,1.9375,1.9375,1.8437999486923218,1.8437999486923218,0.8293951749801636,6400
1984-12-05,1.875,1.9687999486923218,1.875,1.875,0.8434296250343323,24000
1984-12-06,1.875,1.875,1.875,1.875,0.8434296250343323,0
1984-12-07,1.875,1.9375,1.875,1.875,0.8434296250343323,56000
1984-12-10,1.875,1.9375,1.875,1.875,0.8434296250343323,32000
1984-12-11,1.875,1.9375,1.875,1.875,0.8434296250343323,43200
1984-12-12,1.875,1.9687999486923218,1.875,1.875,0.8434296250343323,72000
1984-12-13,1.875,1.9687999486923218,1.875,1.875,0.8434296250343323,8000
1984-12-14,1.875,1.9687999486923218,1.875,1.875,0.8434296250343323,124800
1984-12-17,2.0,2.0,1.9062999486923218,1.9062999486923218,0.857509434223175,105600
1984-12-18,2.0313000679016113,2.0313000679016113,1.9062999486923218,1.9062999486923218,0.857509434223175,17600
1984-12-19,2.0,2.0,1.9062999486923218,1.9062999486923218,0.857509434223175,9600
1984-12-20,2.0,2.0,1.9062999486923218,1.9062999486923218,0.8653168678283691,1600
1984-12-21,2.0,2.0,1.9062999486923218,1.9062999486923218,0.8653168678283691,8000
1984-12-24,2.0,2.0,1.9062999486923218,1.9062999486923218,0.8653168678283691,16000
1984-12-26,2.0,2.0,1.9062999486923218,1.9062999486923218,0.8653168678283691,17600
1984-12-27,1.9062999486923218,1.9062999486923218,1.9062999486923218,1.9062999486923218,0.8653168678283691,0
1984-12-28,1.9687999486923218,1.9687999486923218,1.9062999486923218,1.9062999486923218,0.8653168678283691,20800
1984-12-31,1.9062999486923218,1.9062999486923218,1.9062999486923218,1.9062999486923218,0.8653168678283691,0
1985-01-02,2.0313000679016113,2.0313000679016113,1.9062999486923218,1.9062999486923218,0.8653168678283691,176000
1985-01-03,2.0313000679016113,2.0313000679016113,1.9062999486923218,1.9062999486923218,0.8653168678283691,16000
1985-01-04,2.0,2.0,1.9062999486923218,1.9062999486923218,0.8653168678283691,27200
1985-01-07,2.0,2.0,1.9062999486923218,1.9062999486923218,0.8653168678283691,16000
1985-01-08,2.0313000679016113,2.0313000679016113,1.9062999486923218,1.9062999486923218,0.8653168678283691,41600
1985-01-09,2.0313000679016113,2.0313000679016113,1.9062999486923218,1.9062999486923218,0.8653168678283691,16000
1985-01-10,1.9531999826431274,2.0469000339508057,1.9531999826431274,1.9531999826431274,0.8866057395935059,68800
1985-01-11,2.0625,2.0625,1.9687999486923218,1.9687999486923218,0.8936874270439148,17600
1985-01-14,2.078200101852417,2.078200101852417,1.9687999486923218,1.9687999486923218,0.8936874270439148,88000
1985-01-15,2.078200101852417,2.078200101852417,1.9687999486923218,1.9687999486923218,0.8936874270439148,35200
1985-01-16,1.9687999486923218,1.9687999486923218,1.9687999486923218,1.9687999486923218,0.8936874270439148,0
1985-01-17,2.0,2.1094000339508057,2.0,2.0,0.9078496694564819,30400
1985-01-18,2.0,2.0,2.0,2.0,0.9078496694564819,0
1985-01-21,2.0,2.0,2.0,2.0,0.9078496694564819,0
1985-01-22,2.0313000679016113,2.1094000339508057,2.0313000679016113,2.0313000679016113,0.9220576882362366,8000
1985-01-23,2.0313000679016113,2.0938000679016113,2.0313000679016113,2.0313000679016113,0.9220576882362366,12800
1985-01-24,2.0313000679016113,2.1094000339508057,2.0313000679016113,2.0313000679016113,0.9220576882362366,12800
1985-01-25,2.0938000679016113,2.1719000339508057,2.0938000679016113,2.0938000679016113,0.9504281878471375,64000
1985-01-28,2.0938000679016113,2.203200101852417,2.0938000679016113,2.0938000679016113,0.9504281878471375,192000
1985-01-29,2.0938000679016113,2.203200101852417,2.0938000679016113,2.0938000679016113,0.9504281878471375,14400
1985-01-30,2.0938000679016113,2.203200101852417,2.0938000679016113,2.0938000679016113,0.9504281878471375,1600
1985-01-31,2.1094000339508057,2.2188000679016113,2.1094000339508057,2.1094000339508057,0.9575088620185852,32000
1985-02-01,2.125,2.2344000339508057,2.125,2.125,0.9645901918411255,17600
1985-02-04,2.125,2.125,2.125,2.125,0.9645901918411255,0
1985-02-05,2.1563000679016113,2.25,2.1563000679016113,2.1563000679016113,0.9787982106208801,32000
1985-02-06,2.1875,2.2813000679016113,2.1875,2.1875,0.992960512638092,28800
1985-02-07,2.1875,2.25,2.1875,2.1875,0.992960512638092,28800
1985-02-08,2.1719000339508057,2.25,2.1719000339508057,2.1719000339508057,0.9858794212341309,104000
1985-02-11,2.1563000679016113,2.25,2.1563000679016113,2.1563000679016113,0.9787982106208801,3200
1985-02-12,2.1563000679016113,2.25,2.1563000679016113,2.1563000679016113,0.9787982106208801,1600
1985-02-13,2.1563000679016113,2.1563000679016113,2.1563000679016113,2.1563000679016113,0.9787982106208801,0
1985-02-14,2.1563000679016113,2.25,2.1563000679016113,2.1563000679016113,0.9787982106208801,1600
1985-02-15,2.1563000679016113,2.25,2.1563000679016113,2.1563000679016113,0.9787982106208801,27200
1985-02-19,2.1563000679016113,2.2188000679016113,2.1563000679016113,2.1563000679016113,0.9787982106208801,148800
1985-02-20,2.1563000679016113,2.2188000679016113,2.1563000679016113,2.1563000679016113,0.9787982106208801,14400
1985-02-21,2.1563000679016113,2.2188000679016113,2.1563000679016113,2.1563000679016113,0.9787982106208801,88000
1985-02-22,2.1563000679016113,2.1563000679016113,2.1563000679016113,2.1563000679016113,0.9787982106208801,0
1985-02-25,2.078200101852417,2.1875,2.078200101852417,2.078200101852417,0.9433466792106628,20800
1985-02-26,1.9375,2.0625,1.9375,1.9375,0.879479169845581,369600
1985-02-27,1.875,1.9687999486923218,1.875,1.875,0.8511090278625488,483200
1985-02-28,1.8125,1.875,1.8125,1.8125,0.8227386474609375,288000
1985-03-01,1.8125,1.875,1.8125,1.8125,0.8227386474609375,12800
1985-03-04,1.8125,1.875,1.8125,1.8125,0.8227386474609375,136000
1985-03-05,1.8125,1.9062999486923218,1.8125,1.8125,0.8227386474609375,192000
1985-03-06,1.8125,1.9062999486923218,1.8125,1.8125,0.8227386474609375,315200
1985-03-07,1.875,1.875,1.7812999486923218,1.7812999486923218,0.8085759878158569,195200
1985-03-08,1.875,1.875,1.7812999486923218,1.7812999486923218,0.8085759878158569,145600
1985-03-11,1.75,1.8437999486923218,1.75,1.75,0.7943683862686157,105600
1985-03-12,1.75,1.8125,1.75,1.75,0.7943683862686157,40000
1985-03-13,1.75,1.8125,1.75,1.75,0.7943683862686157,104000
1985-03-14,1.75,1.8125,1.75,1.75,0.7943683862686157,160000
1985-03-15,1.75,1.8125,1.75,1.75,0.7943683862686157,248000
1985-03-18,1.75,1.75,1.75,1.75,0.7943683862686157,0
1985-03-19,1.75,1.875,1.75,1.75,0.7943683862686157,96000
1985-03-20,1.75,1.75,1.75,1.75,0.7943683862686157,0
1985-03-21,1.75,1.8125,1.75,1.75,0.7943683862686157,353600
1985-03-22,1.75,1.75,1.75,1.75,0.7943683862686157,0
1985-03-25,1.75,1.875,1.75,1.75,0.7943683862686157,166400
1985-03-26,1.875,1.875,1.7812999486923218,1.7812999486923218,0.8085759878158569,403200
1985-03-27,1.8437999486923218,1.8437999486923218,1.7812999486923218,1.7812999486923218,0.8085759878158569,240000
1985-03-28,1.8437999486923218,1.8437999486923218,1.7812999486923218,1.7812999486923218,0.8085759878158569,14400
1985-03-29,1.8437999486923218,1.8437999486923218,1.7812999486923218,1.7812999486923218,0.8164598345756531,238400
1985-04-01,1.8437999486923218,1.8437999486923218,1.7812999486923218,1.7812999486923218,0.8164598345756531,43200
1985-04-02,1.8437999486923218,1.8437999486923218,1.7812999486923218,1.7812999486923218,0.8164598345756531,38400
1985-04-03,1.8437999486923218,1.8437999486923218,1.7812999486923218,1.7812999486923218,0.8164598345756531,20800
1985-04-04,1.7812999486923218,1.7812999486923218,1.7812999486923218,1.7812999486923218,0.8164598345756531,0
1985-04-08,1.7812999486923218,1.7812999486923218,1.7812999486923218,1.7812999486923218,0.8164598345756531,0
1985-04-09,1.7812999486923218,1.7812999486923218,1.7812999486923218,1.7812999486923218,0.8164598345756531,0
1985-04-10,1.8125,1.875,1.8125,1.8125,0.8307605385780334,80000
1985-04-11,1.8125,1.875,1.8125,1.8125,0.8307605385780334,1600
1985-04-12,1.8125,1.875,1.8125,1.8125,0.8307605385780334,3200
1985-04-15,1.8125,1.875,1.8125,1.8125,0.8307605385780334,60800
1985-04-16,1.8125,1.875,1.8125,1.8125,0.8307605385780334,27200
1985-04-17,1.8125,1.875,1.8125,1.8125,0.8307605385780334,80000
1985-04-18,1.8125,1.875,1.8125,1.8125,0.8307605385780334,1600
1985-04-19,1.8125,1.875,1.8125,1.8125,0.8307605385780334,81600
1985-04-22,1.8125,1.8437999486923218,1.8125,1.8125,0.8307605385780334,160000
1985-04-23,1.8125,1.8437999486923218,1.8125,1.8125,0.8307605385780334,160000
1985-04-24,1.8125,1.8125,1.8125,1.8125,0.8307605385780334,0
1985-04-25,1.8125,1.8437999486923218,1.8125,1.8125,0.8307605385780334,16000
1985-04-26,1.8125,1.8125,1.8125,1.8125,0.8307605385780334,0
1985-04-29,1.8125,1.8437999486923218,1.8125,1.8125,0.8307605385780334,80000
1985-04-30,1.8125,1.8437999486923218,1.8125,1.8125,0.8307605385780334,11200
1985-05-01,1.8125,1.8437999486923218,1.8125,1.8125,0.8307605385780334,59200
1985-05-02,1.8125,1.8125,1.8125,1.8125,0.8307605385780334,0
1985-05-03,1.8125,1.8125,1.8125,1.8125,0.8307605385780334,0
1985-05-06,1.8437999486923218,1.8437999486923218,1.7812999486923218,1.7812999486923218,0.8164598345756531,80000
1985-05-07,1.8125,1.8125,1.7812999486923218,1.7812999486923218,0.8164598345756531,56000
1985-05-08,1.7812999486923218,1.7812999486923218,1.7187999486923218,1.7187999486923218,0.7878130078315735,70400
1985-05-09,1.7812999486923218,1.7812999486923218,1.7187999486923218,1.7187999486923218,0.7878130078315735,96000
1985-05-10,1.7812999486923218,1.7812999486923218,1.7187999486923218,1.7187999486923218,0.7878130078315735,49600
1985-05-13,1.7187999486923218,1.7187999486923218,1.7187999486923218,1.7187999486923218,0.7878130078315735,0
1985-05-14,1.7812999486923218,1.7812999486923218,1.7187999486923218,1.7187999486923218,0.7878130078315735,392000
1985-05-15,1.8125,1.8125,1.7187999486923218,1.7187999486923218,0.7878130078315735,8000
1985-05-16,1.7187999486923218,1.7187999486923218,1.7187999486923218,1.7187999486923218,0.7878130078315735,0
1985-05-17,1.7187999486923218,1.7187999486923218,1.7187999486923218,1.7187999486923218,0.7878130078315735,0
1985-05-20,1.7187999486923218,1.7187999486923218,1.7187999486923218,1.7187999486923218,0.7878130078315735,0
1985-05-21,1.7344000339508057,1.8125,1.7344000339508057,1.7344000339508057,0.794964075088501,4800
1985-05-22,1.7344000339508057,1.8125,1.7344000339508057,1.7344000339508057,0.794964075088501,4800
1985-05-23,1.7344000339508057,1.7344000339508057,1.7344000339508057,1.7344000339508057,0.794964075088501,0
1985-05-24,1.7344000339508057,1.8125,1.7344000339508057,1.7344000339508057,0.794964075088501,59200
1985-05-28,1.7344000339508057,1.8125,1.7344000339508057,1.7344000339508057,0.794964075088501,11200
1985-05-29,1.7969000339508057,1.7969000339508057,1.7187999486923218,1.7187999486923218,0.7878130078315735,4800
1985-05-30,1.7812999486923218,1.7812999486923218,1.7187999486923218,1.7187999486923218,0.7878130078315735,3200
1985-05-31,1.7187999486923218,1.7187999486923218,1.7187999486923218,1.7187999486923218,0.7878130078315735,0
1985-06-03,1.7812999486923218,1.7812999486923218,1.7187999486923218,1.7187999486923218,0.7878130078315735,6400
1985-06-04,1.7187999486923218,1.7187999486923218,1.7187999486923218,1.7187999486923218,0.7878130078315735,0
1985-06-05,1.7344000339508057,1.7812999486923218,1.7344000339508057,1.7344000339508057,0.794964075088501,32000
1985-06-06,1.7344000339508057,1.7812999486923218,1.7344000339508057,1.7344000339508057,0.794964075088501,4800
1985-06-07,1.7344000339508057,1.7812999486923218,1.7344000339508057,1.7344000339508057,0.794964075088501,6400
1985-06-10,1.7344000339508057,1.7344000339508057,1.7344000339508057,1.7344000339508057,0.794964075088501,0
1985-06-11,1.7344000339508057,1.7344000339508057,1.7344000339508057,1.7344000339508057,0.794964075088501,0
1985-06-12,1.7344000339508057,1.8125,1.7344000339508057,1.7344000339508057,0.794964075088501,36800
1985-06-13,1.7344000339508057,1.7812999486923218,1.7344000339508057,1.7344000339508057,0.794964075088501,78400
1985-06-14,1.8125,1.8125,1.7187999486923218,1.7187999486923218,0.7878130078315735,25600
1985-06-17,1.7812999486923218,1.7812999486923218,1.7187999486923218,1.7187999486923218,0.7878130078315735,32000
1985-06-18,1.7031999826431274,1.7812999486923218,1.7031999826431274,1.7031999826431274,0.7806628942489624,33600
1985-06-19,1.6875,1.7812999486923218,1.6875,1.6875,0.7734665274620056,80000
1985-06-20,1.6875,1.6875,1.6875,1.6875,0.7734665274620056,0
1985-06-21,1.6875,1.6875,1.6875,1.6875,0.7734665274620056,0
1985-06-24,1.6875,1.6875,1.6875,1.6875,0.7734665274620056,0
1985-06-25,1.6875,1.7812999486923218,1.6875,1.6875,0.7734665274620056,20800
1985-06-26,1.6875,1.7812999486923218,1.6875,1.6875,0.7734665274620056,1600
1985-06-27,1.6875,1.7812999486923218,1.6875,1.6875,0.7734665274620056,24000
1985-06-28,1.6875,1.7812999486923218,1.6875,1.6875,0.7814316153526306,52800
1985-07-01,1.6875,1.7812999486923218,1.6875,1.6875,0.7814316153526306,24000
1985-07-02,1.6875,1.8125,1.6875,1.6875,0.7814316153526306,102400
1985-07-03,1.8125,1.8125,1.7187999486923218,1.7187999486923218,0.7959254384040833,14400
1985-07-05,1.7187999486923218,1.7187999486923218,1.7187999486923218,1.7187999486923218,0.7959254384040833,0
1985-07-08,1.7187999486923218,1.7187999486923218,1.7187999486923218,1.7187999486923218,0.7959254384040833,0
1985-07-09,1.8125,1.8125,1.7187999486923218,1.7187999486923218,0.7959254384040833,99200
1985-07-10,1.7187999486923218,1.7187999486923218,1.7187999486923218,1.7187999486923218,0.7959254384040833,0
1985-07-11,1.7812999486923218,1.7812999486923218,1.7187999486923218,1.7187999486923218,0.7959254384040833,12800
1985-07-12,1.7812999486923218,1.7812999486923218,1.7187999486923218,1.7187999486923218,0.7959254384040833,80000
1985-07-15,1.7187999486923218,1.7187999486923218,1.7187999486923218,1.7187999486923218,0.7959254384040833,0
1985-07-16,1.75,1.7812999486923218,1.75,1.75,0.8103732466697693,256000
1985-07-17,1.8125,1.8125,1.8125,1.8125,0.8393151164054871,86400
1985-07-18,1.8125,1.8125,1.8125,1.8125,0.8393151164054871,0
1985-07-19,1.8125,1.8125,1.8125,1.8125,0.8393151164054871,1600
1985-07-22,1.8125,1.8125,1.8125,1.8125,0.8393151164054871,144000
1985-07-23,1.8125,1.8125,1.8125,1.8125,0.8393151164054871,8000
1985-07-24,1.7734999656677246,1.7812999486923218,1.7734999656677246,1.7734999656677246,0.8212556838989258,16000
1985-07-25,1.7734999656677246,1.7734999656677246,1.7734999656677246,1.7734999656677246,0.8212556838989258,0
1985-07-26,1.8125,1.8125,1.8125,1.8125,0.8393151164054871,3200
1985-07-29,1.7812999486923218,1.7812999486923218,1.7187999486923218,1.7187999486923218,0.7959254384040833,40000
1985-07-30,1.7187999486923218,1.7187999486923218,1.7187999486923218,1.7187999486923218,0.7959254384040833,14400
1985-07-31,1.75,1.75,1.75,1.75,0.8103732466697693,81600
1985-08-01,1.75,1.75,1.75,1.75,0.8103732466697693,3200
1985-08-02,1.75,1.75,1.75,1.75,0.8103732466697693,102400
1985-08-05,1.7187999486923218,1.7187999486923218,1.7187999486923218,1.7187999486923218,0.7959254384040833,32000
1985-08-06,1.8125,1.8125,1.8125,1.8125,0.8393151164054871,297600
1985-08-07,1.8437999486923218,1.8437999486923218,1.8437999486923218,1.8437999486923218,0.8538094758987427,11200
1985-08-08,1.8125,1.8125,1.8125,1.8125,0.8393151164054871,619200
1985-08-09,1.75,1.75,1.75,1.75,0.8103732466697693,1600
1985-08-12,1.75,1.75,1.75,1.75,0.8103732466697693,0
1985-08-13,1.8281999826431274,1.8281999826431274,1.8281999826431274,1.8281999826431274,0.8465859293937683,195200
1985-08-14,1.8281999826431274,1.8281999826431274,1.8281999826431274,1.8281999826431274,0.8465859293937683,0
1985-08-15,1.8437999486923218,1.8437999486923218,1.8437999486923218,1.8437999486923218,0.8538094758987427,4800
1985-08-16,1.75,1.75,1.75,1.75,0.8103732466697693,12800
1985-08-19,1.75,1.75,1.75,1.75,0.8103732466697693,4800
1985-08-20,1.75,1.75,1.75,1.75,0.8103732466697693,0
1985-08-21,1.75,1.8437999486923218,1.75,1.75,0.8103732466697693,14400
1985-08-22,1.75,1.8437999486923218,1.75,1.75,0.8103732466697693,235200
1985-08-23,1.8281999826431274,1.8281999826431274,1.8281999826431274,1.8281999826431274,0.8465859293937683,224000
1985-08-26,1.875,1.9062999486923218,1.875,1.875,0.868257462978363,187200
1985-08-27,1.9062999486923218,1.9062999486923218,1.9062999486923218,1.9062999486923218,0.8827511668205261,14400
1985-08-28,1.875,1.875,1.875,1.875,0.868257462978363,8000
1985-08-29,1.875,1.875,1.875,1.875,0.868257462978363,0
1985-08-30,1.9687999486923218,1.9687999486923218,1.9687999486923218,1.9687999486923218,0.9116927981376648,348800
1985-09-03,1.9687999486923218,1.9687999486923218,1.9687999486923218,1.9687999486923218,0.9116927981376648,0
1985-09-04,1.9687999486923218,1.9687999486923218,1.9687999486923218,1.9687999486923218,0.9116927981376648,48000
1985-09-05,2.0625,2.0625,2.0625,2.0625,0.9550825357437134,4800
1985-09-06,1.9844000339508057,1.9844000339508057,1.9844000339508057,1.9844000339508057,0.9189170002937317,4800
1985-09-09,2.0,2.0625,2.0,2.0,0.9261414408683777,60800
1985-09-10,2.0313000679016113,2.0938000679016113,2.0313000679016113,2.0313000679016113,0.9406351447105408,961600
1985-09-11,2.0,2.0,2.0,2.0,0.9261414408683777,8000
1985-09-12,2.0,2.0313000679016113,2.0,2.0,0.9261414408683777,187200
1985-09-13,2.0469000339508057,2.0469000339508057,2.0469000339508057,2.0469000339508057,0.9478591084480286,310400
1985-09-16,2.015700101852417,2.015700101852417,2.015700101852417,2.015700101852417,0.9334114193916321,9600
1985-09-17,2.0313000679016113,2.039099931716919,2.0313000679016113,2.0313000679016113,0.9406351447105408,182400
1985-09-18,2.0313000679016113,2.0313000679016113,2.0313000679016113,2.0313000679016113,0.9406351447105408,0
1985-09-19,2.0313000679016113,2.0313000679016113,1.9687999486923218,1.9687999486923218,0.9116927981376648,44800
1985-09-20,1.9687999486923218,1.9687999486923218,1.9687999486923218,1.9687999486923218,0.9116927981376648,12800
1985-09-23,2.0625,2.0625,1.9687999486923218,1.9687999486923218,0.9116927981376648,24000
1985-09-24,1.9687999486923218,1.9687999486923218,1.9687999486923218,1.9687999486923218,0.9116927981376648,11200
1985-09-25,2.0313000679016113,2.0313000679016113,2.0313000679016113,2.0313000679016113,0.9406351447105408,22400
1985-09-26,1.9687999486923218,1.9687999486923218,1.9687999486923218,1.9687999486923218,0.9116927981376648,3200
1985-09-30,1.9375,1.9375,1.9375,1.9375,0.9051063060760498,83200
1985-10-01,2.0313000679016113,2.0313000679016113,2.0313000679016113,2.0313000679016113,0.948925256729126,995200
1985-10-02,2.0313000679016113,2.0313000679016113,2.0313000679016113,2.0313000679016113,0.948925256729126,691200
1985-10-03,1.9844000339508057,1.9844000339508057,1.9844000339508057,1.9844000339508057,0.9270155429840088,19200
1985-10-04,2.0469000339508057,2.0625,2.0469000339508057,2.0469000339508057,0.9562129974365234,3097600
1985-10-07,2.0625,2.0625,2.0625,2.0625,0.9634999632835388,400000
1985-10-08,2.0625,2.0625,2.0625,2.0625,0.9634999632835388,187200
1985-10-09,2.0,2.0938000679016113,2.0,2.0,0.9343038201332092,16000
1985-10-10,2.0469000339508057,2.0469000339508057,2.0469000339508057,2.0469000339508057,0.9562129974365234,32000
1985-10-11,2.0,2.0,2.0,2.0,0.9343038201332092,12800
1985-10-14,2.0,2.0,2.0,2.0,0.9343038201332092,8000
1985-10-15,2.0313000679016113,2.0313000679016113,2.0313000679016113,2.0313000679016113,0.948925256729126,136000
1985-10-16,2.0625,2.0625,2.0625,2.0625,0.9634999632835388,3200
1985-10-17,2.0313000679016113,2.0313000679016113,2.0313000679016113,2.0313000679016113,0.948925256729126,644800
1985-10-18,2.0625,2.0625,2.0625,2.0625,0.9634999632835388,3200
1985-10-21,2.0625,2.0625,2.0625,2.0625,0.9634999632835388,1600
1985-10-22,2.0625,2.0625,2.0625,2.0625,0.9634999632835388,177600
1985-10-23,2.0938000679016113,2.0938000679016113,2.0938000679016113,2.0938000679016113,0.9781222343444824,1600
1985-10-24,2.0469000339508057,2.0469000339508057,2.0469000339508057,2.0469000339508057,0.9562129974365234,128000
1985-10-25,2.0469000339508057,2.0938000679016113,2.0469000339508057,2.0469000339508057,0.9562129974365234,276800
1985-10-28,2.0625,2.0938000679016113,2.0625,2.0625,0.9634999632835388,480000
1985-10-29,2.0625,2.0625,2.0625,2.0625,0.9634999632835388,11200
1985-10-30,2.125,2.125,2.125,2.125,0.9926975965499878,56000
1985-10-31,2.1563000679016113,2.1563000679016113,2.1563000679016113,2.1563000679016113,1.0073190927505493,1600
1985-11-01,2.1719000339508057,2.1719000339508057,2.1719000339508057,2.1719000339508057,1.0146068334579468,99200
1985-11-04,2.125,2.125,2.125,2.125,0.9926975965499878,16000
1985-11-05,2.1875,2.1875,2.1875,2.1875,1.0218945741653442,32000
1985-11-06,2.1875,2.1875,2.1875,2.1875,1.0218945741653442,0
1985-11-07,2.25,2.25,2.25,2.25,1.0510914325714111,1600
1985-11-08,2.25,2.25,2.25,2.25,1.0510914325714111,1600
1985-11-11,2.25,2.25,2.25,2.25,1.0510914325714111,56000
1985-11-12,2.375,2.375,2.375,2.375,1.1094846725463867,9600
1985-11-13,2.4063000679016113,2.4063000679016113,2.4063000679016113,2.4063000679016113,1.1241074800491333,16000
1985-11-14,2.4063000679016113,2.4063000679016113,2.4063000679016113,2.4063000679016113,1.1241074800491333,102400
1985-11-15,2.375,2.375,2.375,2.375,1.1094846725463867,352000
1985-11-18,2.3125,2.3125,2.3125,2.3125,1.0802881717681885,4800
1985-11-19,2.3125,2.390700101852417,2.3125,2.3125,1.0802881717681885,1488000
1985-11-20,2.2813000679016113,2.2813000679016113,2.2813000679016113,2.2813000679016113,1.0657131671905518,20800
1985-11-21,2.2813000679016113,2.4063000679016113,2.2813000679016113,2.2813000679016113,1.0657131671905518,35200
1985-11-22,2.25,2.25,2.25,2.25,1.0510914325714111,1600
1985-11-25,2.25,2.25,2.25,2.25,1.0510914325714111,0
1985-11-26,2.25,2.25,2.25,2.25,1.0510914325714111,0
1985-11-27,2.25,2.25,2.25,2.25,1.0510914325714111,0
1985-11-29,2.25,2.25,2.25,2.25,1.0510914325714111,0
1985-12-02,2.25,2.25,2.25,2.25,1.0510914325714111,3200
1985-12-03,2.3125,2.3125,2.3125,2.3125,1.0802881717681885,32000
1985-12-04,2.3125,2.3125,2.3125,2.3125,1.0802881717681885,0
1985-12-05,2.3125,2.3125,2.3125,2.3125,1.0802881717681885,0
1985-12-06,2.3125,2.3125,2.3125,2.3125,1.0802881717681885,0
1985-12-09,2.375,2.375,2.3125,2.375,1.1094846725463867,107200
1985-12-10,2.3438000679016113,2.3438000679016113,2.3438000679016113,2.3438000679016113,1.0949101448059082,1600
1985-12-11,2.3438000679016113,2.3438000679016113,2.3438000679016113,2.3438000679016113,1.0949101448059082,0
1985-12-12,2.4688000679016113,2.4688000679016113,2.375,2.4688000679016113,1.153304100036621,126400
1985-12-13,2.4688000679016113,2.4688000679016113,2.375,2.4688000679016113,1.153304100036621,32000
1985-12-16,2.4688000679016113,2.4688000679016113,2.4688000679016113,2.4688000679016113,1.153304100036621,0
1985-12-17,2.4688000679016113,2.4688000679016113,2.4688000679016113,2.4688000679016113,1.153304100036621,0
1985-12-18,2.375,2.375,2.375,2.375,1.1094846725463867,3200
1985-12-19,2.375,2.375,2.375,2.375,1.1094846725463867,0
1985-12-20,2.375,2.375,2.375,2.375,1.117578387260437,0
1985-12-23,2.375,2.375,2.375,2.375,1.117578387260437,0
1985-12-24,2.375,2.375,2.375,2.375,1.117578387260437,3200
1985-12-26,2.375,2.375,2.375,2.375,1.117578387260437,19200
1985-12-27,2.375,2.375,2.375,2.375,1.117578387260437,3200
1985-12-30,2.375,2.4688000679016113,2.375,2.375,1.117578387260437,8000
1985-12-31,2.4688000679016113,2.4688000679016113,2.4063000679016113,2.4688000679016113,1.1617175340652466,156800
1986-01-02,2.4375,2.4375,2.375,2.4375,1.1469883918762207,240000
1986-01-03,2.375,2.4688000679016113,2.375,2.375,1.117578387260437,24000
1986-01-06,2.375,2.375,2.375,2.375,1.117578387260437,4800
1986-01-07,2.375,2.375,2.375,2.375,1.117578387260437,0
1986-01-08,2.3438000679016113,2.3438000679016113,2.3438000679016113,2.3438000679016113,1.1028972864151,1600
1986-01-09,2.3438000679016113,2.3438000679016113,2.3438000679016113,2.3438000679016113,1.1028972864151,0
1986-01-10,2.3515989780426025,2.375,2.3359999656677246,2.351599931716919,1.1065669059753418,648000
1986-01-13,2.4375,2.4375,2.3438000679016113,2.4375,1.1469883918762207,113600
1986-01-14,2.3125,2.3125,2.3125,2.3125,1.0881685018539429,32000
1986-01-15,2.4375,2.4375,2.3125,2.4375,1.1469883918762207,19200
1986-01-16,2.4375,2.4375,2.4375,2.4375,1.1469883918762207,0
1986-01-17,2.3125,2.375,2.3125,2.3125,1.0881685018539429,27200
1986-01-20,2.3125,2.3125,2.3125,2.3125,1.0881685018539429,0
1986-01-21,2.2813000679016113,2.3125,2.2188000679016113,2.2813000679016113,1.073487401008606,17600
1986-01-22,2.304698944091797,2.3125,2.2969000339508057,2.3046998977661133,1.0844985246658325,1342400
1986-01-23,2.2188000679016113,2.2188000679016113,2.2188000679016113,2.2188000679016113,1.0440773963928223,1600
1986-01-24,2.3438000679016113,2.3438000679016113,2.3438000679016113,2.3438000679016113,1.1028972864151,1600
1986-01-27,2.25,2.3438000679016113,2.25,2.25,1.0587589740753174,97600
1986-01-28,2.25,2.25,2.25,2.25,1.0587589740753174,3200
1986-01-29,2.3125,2.3125,2.2813000679016113,2.3125,1.0881685018539429,464000
1986-01-30,2.3125,2.3125,2.3125,2.3125,1.0881685018539429,0
1986-01-31,2.25,2.25,2.25,2.25,1.0587589740753174,59200
1986-02-03,2.25,2.25,2.25,2.25,1.0587589740753174,3200
1986-02-04,2.25,2.25,2.25,2.25,1.0587589740753174,8000
1986-02-05,2.25,2.25,2.25,2.25,1.0587589740753174,0
1986-02-06,2.2734999656677246,2.2734999656677246,2.25,2.2734999656677246,1.0698171854019165,9600
1986-02-07,2.1719000339508057,2.25,2.1719000339508057,2.1719000339508057,1.0220084190368652,148800
1986-02-10,2.1875,2.203200101852417,2.1875,2.1875,1.0293492078781128,57600
1986-02-11,2.1563000679016113,2.1563000679016113,2.1563000679016113,2.1563000679016113,1.0146669149398804,16000
1986-02-12,2.1563000679016113,2.1563000679016113,2.1563000679016113,2.1563000679016113,1.0146669149398804,12800
1986-02-13,2.125,2.125,2.125,2.125,0.9999389052391052,8000
1986-02-14,2.2188000679016113,2.2188000679016113,2.2188000679016113,2.2188000679016113,1.0440773963928223,6400
1986-02-18,2.1875,2.1875,2.0938000679016113,2.1875,1.0293492078781128,24000
1986-02-19,2.2188000679016113,2.25,2.0938000679016113,2.2188000679016113,1.0440773963928223,377600
1986-02-20,2.25,2.25,2.25,2.25,1.0587589740753174,40000
1986-02-21,2.2188000679016113,2.3125,2.2188000679016113,2.2188000679016113,1.0440773963928223,22400
1986-02-24,2.2188000679016113,2.2188000679016113,2.2188000679016113,2.2188000679016113,1.0440773963928223,0
1986-02-25,2.2188000679016113,2.2188000679016113,2.2188000679016113,2.2188000679016113,1.0440773963928223,0
1986-02-26,2.25,2.25,2.25,2.25,1.0587589740753174,1600
1986-02-27,2.3125,2.3125,2.3125,2.3125,1.0881685018539429,17600
1986-02-28,2.3125,2.3125,2.3125,2.3125,1.0881685018539429,0
1986-03-03,2.3125,2.3125,2.3125,2.3125,1.0881685018539429,0
1986-03-04,2.3125,2.3125,2.25,2.3125,1.0881685018539429,232000
1986-03-05,2.25,2.2813000679016113,2.25,2.25,1.0587589740753174,275200
1986-03-06,2.25,2.25,2.25,2.25,1.0587589740753174,0
1986-03-07,2.25,2.25,2.25,2.25,1.0587589740753174,0
1986-03-10,2.328200101852417,2.328200101852417,2.328200101852417,2.328200101852417,1.0955568552017212,32000
1986-03-11,2.328200101852417,2.328200101852417,2.328200101852417,2.328200101852417,1.0955568552017212,0
1986-03-12,2.328200101852417,2.328200101852417,2.328200101852417,2.328200101852417,1.0955568552017212,0
1986-03-13,2.3125,2.3125,2.3125,2.3125,1.0881685018539429,28800
1986-03-14,2.3125,2.3125,2.3125,2.3125,1.0881685018539429,1600
1986-03-17,2.3125,2.375,2.3125,2.3125,1.0881685018539429,140800
1986-03-18,2.328200101852417,2.375,2.3125,2.328200101852417,1.0955568552017212,241600
1986-03-19,2.3125,2.328200101852417,2.2813000679016113,2.3125,1.0881685018539429,32000
1986-03-20,2.3125,2.375,2.3125,2.3125,1.0881685018539429,28800
1986-03-21,2.375,2.375,2.3046998977661133,2.375,1.117578387260437,1292800
1986-03-24,2.3594000339508057,2.375,2.3438000679016113,2.3594000339508057,1.1102386713027954,488000
1986-03-25,2.2813000679016113,2.2813000679016113,2.2813000679016113,2.2813000679016113,1.073487401008606,3200
1986-03-26,2.3125,2.3125,2.3125,2.3125,1.0881685018539429,60800
1986-03-27,2.375,2.375,2.3125,2.375,1.117578387260437,880000
1986-03-31,2.3438000679016113,2.3438000679016113,2.2813000679016113,2.3438000679016113,1.1109424829483032,96000
1986-04-01,2.3125,2.328200101852417,2.3125,2.3125,1.096107006072998,1088000
1986-04-02,2.3438000679016113,2.3438000679016113,2.2969000339508057,2.3438000679016113,1.1109424829483032,580800
1986-04-03,2.3438000679016113,2.3438000679016113,2.2813000679016113,2.3438000679016113,1.1109424829483032,294400
1986-04-04,2.3125,2.3125,2.25,2.3125,1.096107006072998,417600
1986-04-07,2.2969000339508057,2.2969000339508057,2.25,2.2969000339508057,1.0887130498886108,76800
1986-04-08,2.2969000339508057,2.2969000339508057,2.2969000339508057,2.2969000339508057,1.0887130498886108,0
1986-04-09,2.2969000339508057,2.2969000339508057,2.2969000339508057,2.2969000339508057,1.0887130498886108,0
1986-04-10,2.1875,2.2188000679016113,2.1875,2.1875,1.0368585586547852,33600
1986-04-11,2.1875,2.1875,2.1875,2.1875,1.0368585586547852,57600
1986-04-14,2.1875,2.1875,2.1875,2.1875,1.0368585586547852,0
1986-04-15,2.1875,2.1875,2.1875,2.1875,1.0368585586547852,24000
1986-04-16,2.2813000679016113,2.2813000679016113,2.2813000679016113,2.2813000679016113,1.0813186168670654,1600
1986-04-17,2.2813000679016113,2.2813000679016113,2.25,2.2813000679016113,1.0813186168670654,56000
1986-04-18,2.2813000679016113,2.2813000679016113,2.2188000679016113,2.2813000679016113,1.0813186168670654,36800
1986-04-21,2.25,2.25,2.25,2.25,1.0664820671081543,4800
1986-04-22,2.25,2.25,2.25,2.25,1.0664820671081543,1600
1986-04-23,2.25,2.25,2.25,2.25,1.0664820671081543,4800
1986-04-24,2.25,2.25,2.1563000679016113,2.25,1.0664820671081543,11200
1986-04-25,2.25,2.25,2.25,2.25,1.0664820671081543,3200
1986-04-28,2.25,2.25,2.25,2.25,1.0664820671081543,0
1986-04-29,2.1875,2.2188000679016113,2.1875,2.1875,1.0368585586547852,64000
1986-04-30,2.2188000679016113,2.2188000679016113,2.2188000679016113,2.2188000679016113,1.0516940355300903,22400
1986-05-01,2.2188000679016113,2.2188000679016113,2.1563000679016113,2.2188000679016113,1.0516940355300903,22400
1986-05-02,2.2188000679016113,2.2188000679016113,2.2188000679016113,2.2188000679016113,1.0516940355300903,8000
1986-05-05,2.1875,2.203200101852417,2.0938000679016113,2.1875,1.0368585586547852,179200
1986-05-06,2.125,2.125,2.0938000679016113,2.125,1.0072336196899414,12800
1986-05-07,2.125,2.125,2.1094000339508057,2.125,1.0072336196899414,73600
1986-05-08,2.1563000679016113,2.1563000679016113,2.140700101852417,2.1563000679016113,1.0220695734024048,232000
1986-05-09,2.1563000679016113,2.1875,2.1563000679016113,2.1563000679016113,1.0220695734024048,240000
1986-05-12,2.125,2.125,2.125,2.125,1.0072336196899414,3200
1986-05-13,2.125,2.1875,2.125,2.125,1.0072336196899414,112000
1986-05-14,2.1875,2.1875,2.1875,2.1875,1.0368585586547852,24000
1986-05-15,2.1875,2.1875,2.1875,2.1875,1.0368585586547852,0
1986-05-16,2.1875,2.1875,2.1875,2.1875,1.0368585586547852,0
1986-05-19,2.1875,2.1875,2.1875,2.1875,1.0368585586547852,0
1986-05-20,2.1875,2.1875,2.1875,2.1875,1.0368585586547852,0
1986-05-21,2.125,2.125,2.125,2.125,1.0072336196899414,8000
1986-05-22,2.125,2.125,2.125,2.125,1.0072336196899414,0
1986-05-23,2.125,2.125,2.0938000679016113,2.125,1.0072336196899414,57600
1986-05-27,2.0313000679016113,2.0938000679016113,2.0313000679016113,2.0313000679016113,0.9628206491470337,2388800
1986-05-28,2.0,2.0625,2.0,2.0,0.9479841589927673,32000
1986-05-29,2.0390989780426025,2.078200101852417,2.0313000679016113,2.039099931716919,0.966517448425293,1772800
1986-05-30,2.0625,2.0625,2.0625,2.0625,0.9776086211204529,12800
1986-06-02,2.0625,2.0625,2.0625,2.0625,0.9776086211204529,6400
1986-06-03,2.078200101852417,2.078200101852417,2.078200101852417,2.078200101852417,0.9850514531135559,32000
1986-06-04,2.078200101852417,2.078200101852417,2.078200101852417,2.078200101852417,0.9850514531135559,0
1986-06-05,2.078200101852417,2.078200101852417,2.078200101852417,2.078200101852417,0.9850514531135559,0
1986-06-06,2.0625,2.0625,2.0625,2.0625,0.9776086211204529,64000
1986-06-09,2.0625,2.0625,2.0,2.0625,0.9776086211204529,35200
1986-06-10,2.0625,2.0625,2.0625,2.0625,0.9776086211204529,0
1986-06-11,2.0,2.0938000679016113,2.0,2.0,0.9479841589927673,38400
1986-06-12,2.0,2.0,2.0,2.0,0.9479841589927673,3200
1986-06-13,2.0,2.0313000679016113,2.0,2.0,0.9479841589927673,1561600
1986-06-16,1.9687999486923218,1.9687999486923218,1.9062999486923218,1.9062999486923218,0.903571367263794,43200
1986-06-17,1.9219000339508057,2.0,1.9062999486923218,1.9219000339508057,0.9109655618667603,225600
1986-06-18,2.0,2.0625,2.0,2.0,0.9479841589927673,308800
1986-06-19,2.0313000679016113,2.125,2.0313000679016113,2.0313000679016113,0.9628206491470337,609600
1986-06-20,2.0313000679016113,2.0313000679016113,2.0313000679016113,2.0313000679016113,0.9628206491470337,1600
1986-06-23,2.0859999656677246,2.0938000679016113,2.0625,2.0859999656677246,0.98874831199646,216000
1986-06-24,2.1563000679016113,2.1563000679016113,2.1563000679016113,2.1563000679016113,1.0220695734024048,1600
1986-06-25,2.1563000679016113,2.1563000679016113,2.1563000679016113,2.1563000679016113,1.0220695734024048,0
1986-06-26,2.0625,2.140700101852417,2.0625,2.0625,0.9776086211204529,321600
1986-06-27,2.125,2.1563000679016113,2.125,2.125,1.0157040357589722,326400
1986-06-30,2.0625,2.140700101852417,2.0625,2.0625,0.9858295917510986,75200
1986-07-01,2.1563000679016113,2.1563000679016113,2.1563000679016113,2.1563000679016113,1.0306644439697266,19200
1986-07-02,2.125,2.125,2.125,2.125,1.0157040357589722,160000
1986-07-03,2.0625,2.0625,2.0625,2.0625,0.9858295917510986,35200
1986-07-07,2.0625,2.1563000679016113,2.0625,2.0625,0.9858295917510986,8000
1986-07-08,2.0625,2.125,2.0313000679016113,2.0625,0.9858295917510986,257600
1986-07-09,2.125,2.1875,2.0625,2.125,1.0157040357589722,326400
1986-07-10,2.0938000679016113,2.1563000679016113,2.0938000679016113,2.0938000679016113,1.0007907152175903,568000
1986-07-11,2.0938000679016113,2.0938000679016113,2.0938000679016113,2.0938000679016113,1.0007907152175903,0
1986-07-14,2.0625,2.0625,2.0625,2.0625,0.9858295917510986,80000
1986-07-15,2.1563000679016113,2.1563000679016113,2.0313000679016113,2.1563000679016113,1.0306644439697266,248000
1986-07-16,2.0625,2.1563000679016113,2.0625,2.0625,0.9858295917510986,147200
1986-07-17,2.0625,2.0625,2.0625,2.0625,0.9858295917510986,0
1986-07-18,2.0625,2.0625,2.0625,2.0625,0.9858295917510986,0
1986-07-21,2.0625,2.0625,2.0625,2.0625,0.9858295917510986,0
1986-07-22,2.0625,2.0625,2.0625,2.0625,0.9858295917510986,0
1986-07-23,2.1563000679016113,2.1563000679016113,2.0625,2.1563000679016113,1.0306644439697266,11200
1986-07-24,2.1563000679016113,2.1563000679016113,2.1563000679016113,2.1563000679016113,1.0306644439697266,3200
1986-07-25,2.1563000679016113,2.1563000679016113,2.1563000679016113,2.1563000679016113,1.0306644439697266,1600
1986-07-28,2.1563000679016113,2.1563000679016113,2.0938000679016113,2.1563000679016113,1.0306644439697266,118400
1986-07-29,2.0625,2.0625,2.0625,2.0625,0.9858295917510986,3200
1986-07-30,2.0469000339508057,2.0469000339508057,2.0469000339508057,2.0469000339508057,0.9783737659454346,32000
1986-07-31,2.0469000339508057,2.0469000339508057,2.0469000339508057,2.0469000339508057,0.9783737659454346,0
1986-08-01,2.0625,2.078200101852417,2.0625,2.0625,0.9858295917510986,241600
1986-08-04,2.078200101852417,2.078200101852417,2.0625,2.078200101852417,0.9933345913887024,134400
1986-08-05,2.078200101852417,2.078200101852417,2.078200101852417,2.078200101852417,0.9933345913887024,0
1986-08-06,2.0625,2.0938000679016113,2.0313000679016113,2.0625,0.9858295917510986,947200
1986-08-07,2.0625,2.0625,2.0625,2.0625,0.9858295917510986,0
1986-08-08,2.0625,2.0625,2.0625,2.0625,0.9858295917510986,0
1986-08-11,2.0313000679016113,2.0313000679016113,2.0313000679016113,2.0313000679016113,0.9709170460700989,11200
1986-08-12,2.0313000679016113,2.0313000679016113,2.0313000679016113,2.0313000679016113,0.9709170460700989,27200
1986-08-13,2.0313000679016113,2.0313000679016113,2.0313000679016113,2.0313000679016113,0.9709170460700989,0
1986-08-14,2.078200101852417,2.078200101852417,2.0625,2.078200101852417,0.9933345913887024,128000
1986-08-15,2.0625,2.0625,2.0625,2.0625,0.9858295917510986,12800
1986-08-18,2.0625,2.0625,2.0625,2.0625,0.9858295917510986,8000
1986-08-19,2.1094000339508057,2.1094000339508057,2.1094000339508057,2.1094000339508057,1.0082472562789917,8000
1986-08-20,2.125,2.125,2.125,2.125,1.0157040357589722,12800
1986-08-21,2.0938000679016113,2.0938000679016113,2.0625,2.0938000679016113,1.0007907152175903,288000
1986-08-22,2.0469000339508057,2.0938000679016113,2.0469000339508057,2.0469000339508057,0.9783737659454346,204800
1986-08-25,2.0625,2.125,2.0625,2.0625,0.9858295917510986,43200
1986-08-26,2.0625,2.078200101852417,2.0625,2.0625,0.9858295917510986,1401600
1986-08-27,2.0938000679016113,2.0938000679016113,2.0625,2.0938000679016113,1.0007907152175903,35200
1986-08-28,2.0938000679016113,2.0938000679016113,2.0625,2.0938000679016113,1.0007907152175903,88000
1986-08-29,2.0625,2.0938000679016113,2.0625,2.0625,0.9858295917510986,169600
1986-09-02,2.078200101852417,2.078200101852417,2.0313000679016113,2.078200101852417,0.9933345913887024,144000
1986-09-03,2.0469000339508057,2.0938000679016113,2.0313000679016113,2.0469000339508057,0.9783737659454346,526400
1986-09-04,2.0938000679016113,2.0938000679016113,2.0938000679016113,2.0938000679016113,1.0007907152175903,11200
1986-09-05,2.0625,2.1875,2.0625,2.0625,0.9858295917510986,38400
1986-09-08,2.125,2.1563000679016113,2.125,2.125,1.0157040357589722,24000
1986-09-09,2.0625,2.0625,2.0625,2.0625,0.9858295917510986,16000
1986-09-10,2.0313000679016113,2.0313000679016113,2.0313000679016113,2.0313000679016113,0.9709170460700989,6400
1986-09-11,2.0313000679016113,2.0313000679016113,2.0313000679016113,2.0313000679016113,0.9709170460700989,8000
1986-09-12,2.0,2.0,2.0,2.0,0.9559563994407654,3200
1986-09-15,2.0,2.0,2.0,2.0,0.9559563994407654,0
1986-09-16,2.0,2.0,2.0,2.0,0.9559563994407654,0
1986-09-17,2.0,2.0,2.0,2.0,0.9559563994407654,0
1986-09-18,2.0938000679016113,2.0938000679016113,2.0938000679016113,2.0938000679016113,1.0007907152175903,64000
1986-09-19,2.0313000679016113,2.0313000679016113,2.0313000679016113,2.0313000679016113,0.9709170460700989,32000
1986-09-22,1.9687999486923218,1.9687999486923218,1.9687999486923218,1.9687999486923218,0.9410436153411865,1600
1986-09-23,2.0625,2.0625,2.0,2.0625,0.9858295917510986,2608000
1986-09-24,1.9687999486923218,1.9687999486923218,1.9687999486923218,1.9687999486923218,0.9410436153411865,8000
1986-09-25,2.0938000679016113,2.0938000679016113,2.0625,2.0938000679016113,1.0007907152175903,88000
1986-09-26,2.125,2.125,2.0,2.125,1.0157040357589722,227200
1986-09-29,2.125,2.125,2.0313000679016113,2.125,1.0239924192428589,30400
1986-09-30,2.0313000679016113,2.125,2.0313000679016113,2.0313000679016113,0.9788400530815125,384000
1986-10-01,2.0313000679016113,2.0313000679016113,2.0313000679016113,2.0313000679016113,0.9788400530815125,0
1986-10-02,2.125,2.125,2.0313000679016113,2.125,1.0239924192428589,12800
1986-10-03,2.125,2.125,2.125,2.125,1.0239924192428589,0
1986-10-06,2.0313000679016113,2.0313000679016113,2.0313000679016113,2.0313000679016113,0.9788400530815125,24000
1986-10-07,2.0313000679016113,2.0313000679016113,2.0313000679016113,2.0313000679016113,0.9788400530815125,27200
1986-10-08,2.0390989780426025,2.039099931716919,2.0,2.039099931716919,0.9825992584228516,100800
1986-10-09,2.0469000339508057,2.0469000339508057,2.039099931716919,2.0469000339508057,0.9863575100898743,96000
1986-10-10,2.0234999656677246,2.0625,2.0234999656677246,2.0234999656677246,0.9750815033912659,128000
1986-10-13,2.015700101852417,2.015700101852417,2.0,2.015700101852417,0.9713234305381775,60800
1986-10-14,2.015700101852417,2.015700101852417,2.015700101852417,2.015700101852417,0.9713234305381775,0
1986-10-15,2.0234999656677246,2.0938000679016113,2.0234999656677246,2.0234999656677246,0.9750815033912659,40000
1986-10-16,2.0938000679016113,2.0938000679016113,2.0938000679016113,2.0938000679016113,1.0089576244354248,1600
1986-10-17,2.0938000679016113,2.0938000679016113,2.0938000679016113,2.0938000679016113,1.0089576244354248,17600
1986-10-20,2.0938000679016113,2.0938000679016113,2.0938000679016113,2.0938000679016113,1.0089576244354248,0
1986-10-21,2.125,2.1563000679016113,2.0625,2.125,1.0239924192428589,208000
1986-10-22,2.125,2.1563000679016113,2.125,2.125,1.0239924192428589,416000
1986-10-23,2.125,2.125,2.125,2.125,1.0239924192428589,80000
1986-10-24,2.2188000679016113,2.2188000679016113,2.125,2.2188000679016113,1.0691922903060913,97600
1986-10-27,2.2188000679016113,2.2188000679016113,2.1875,2.2188000679016113,1.0691922903060913,16000
1986-10-28,2.25,2.25,2.25,2.25,1.0842268466949463,64000
1986-10-29,2.1875,2.25,2.1875,2.1875,1.0541096925735474,288000
1986-10-30,2.25,2.25,2.1563000679016113,2.25,1.0842268466949463,331200
1986-10-31,2.25,2.25,2.1875,2.25,1.0842268466949463,627200
1986-11-03,2.2188000679016113,2.2188000679016113,2.2188000679016113,2.2188000679016113,1.0691922903060913,80000
1986-11-04,2.1875,2.1875,2.125,2.1875,1.0541096925735474,124800
1986-11-05,2.1563000679016113,2.1875,2.125,2.1563000679016113,1.0390747785568237,433600
1986-11-06,2.125,2.125,2.125,2.125,1.0239924192428589,30400
1986-11-07,2.125,2.125,2.125,2.125,1.0239924192428589,8000
1986-11-10,2.125,2.125,2.125,2.125,1.0239924192428589,1600
1986-11-11,2.125,2.125,2.125,2.125,1.0239924192428589,0
1986-11-12,2.1563000679016113,2.1875,2.1563000679016113,2.1563000679016113,1.0390747785568237,59200
1986-11-13,2.0938000679016113,2.1563000679016113,2.0938000679016113,2.0938000679016113,1.0089576244354248,38400
1986-11-14,2.0938000679016113,2.0938000679016113,2.0938000679016113,2.0938000679016113,1.0089576244354248,11200
1986-11-17,2.0625,2.140700101852417,2.0625,2.0625,0.9938742518424988,49600
1986-11-18,2.0938000679016113,2.0938000679016113,2.0,2.0938000679016113,1.0089576244354248,36800
1986-11-19,2.0625,2.0938000679016113,2.0625,2.0625,0.9938742518424988,566400
1986-11-20,2.0938000679016113,2.0938000679016113,2.0938000679016113,2.0938000679016113,1.0089576244354248,4800
1986-11-21,2.0938000679016113,2.0938000679016113,2.0938000679016113,2.0938000679016113,1.0089576244354248,0
1986-11-24,2.0938000679016113,2.0938000679016113,2.0938000679016113,2.0938000679016113,1.0089576244354248,0
1986-11-25,2.0625,2.0938000679016113,1.9687999486923218,2.0625,0.9938742518424988,164800
1986-11-26,2.0625,2.0625,1.9687999486923218,1.9687999486923218,0.9487228989601135,99200
1986-11-28,1.9687999486923218,1.9687999486923218,1.9687999486923218,1.9687999486923218,0.9487228989601135,0
1986-12-01,2.0313000679016113,2.0313000679016113,2.0313000679016113,2.0313000679016113,0.9788400530815125,40000
1986-12-02,2.078200101852417,2.140700101852417,2.0625,2.078200101852417,1.001440167427063,550400
1986-12-03,2.0938000679016113,2.1563000679016113,2.0313000679016113,2.0938000679016113,1.0089576244354248,86400
1986-12-04,2.0938000679016113,2.125,2.0938000679016113,2.0938000679016113,1.0089576244354248,96000
1986-12-05,2.0938000679016113,2.0938000679016113,2.0938000679016113,2.0938000679016113,1.0089576244354248,8000
1986-12-08,2.0625,2.0625,2.0313000679016113,2.0625,0.9938742518424988,84800
1986-12-09,2.0313000679016113,2.0313000679016113,2.0313000679016113,2.0313000679016113,0.9788400530815125,1600
1986-12-10,2.0625,2.0625,2.0313000679016113,2.0625,0.9938742518424988,80000
1986-12-11,2.0625,2.078200101852417,2.0625,2.0625,0.9938742518424988,38400
1986-12-12,2.0625,2.0625,2.0625,2.0625,0.9938742518424988,0
1986-12-15,2.0,2.0,2.0,2.0,0.9637572765350342,11200
1986-12-16,2.0313000679016113,2.0313000679016113,2.0,2.0313000679016113,0.9788400530815125,166400
1986-12-17,2.0,2.0938000679016113,2.0,2.0,0.9637572765350342,40000
1986-12-18,2.0,2.0,1.9844000339508057,2.0,0.9637572765350342,80000
1986-12-19,2.0938000679016113,2.0938000679016113,2.0,2.0938000679016113,1.0089576244354248,48000
1986-12-22,2.0313000679016113,2.125,2.0313000679016113,2.0313000679016113,0.9869474768638611,46400
1986-12-23,2.0313000679016113,2.125,2.0313000679016113,2.0313000679016113,0.9869474768638611,54400
1986-12-24,2.125,2.125,2.125,2.125,1.0324736833572388,19200
1986-12-26,2.125,2.125,2.125,2.125,1.0324736833572388,0
1986-12-29,2.0313000679016113,2.0313000679016113,2.0313000679016113,2.0313000679016113,0.9869474768638611,11200
1986-12-30,2.0,2.125,2.0,2.0,0.9717394113540649,166400
1986-12-31,2.0938000679016113,2.0938000679016113,2.0,2.0938000679016113,1.0173149108886719,110400
1987-01-02,2.140700101852417,2.140700101852417,2.125,2.140700101852417,1.0401015281677246,192000
1987-01-05,2.25,2.25,2.1563000679016113,2.25,1.0932071208953857,164800
1987-01-06,2.1875,2.1875,2.1563000679016113,2.1875,1.0628408193588257,11200
1987-01-07,2.1875,2.203200101852417,2.1875,2.1875,1.0628408193588257,91200
1987-01-08,2.25,2.25,2.2188000679016113,2.25,1.0932071208953857,96000
1987-01-09,2.25,2.25,2.2188000679016113,2.25,1.0932071208953857,76800
1987-01-12,2.1875,2.1875,2.1875,2.1875,1.0628408193588257,41600
1987-01-13,2.25,2.25,2.2344000339508057,2.25,1.0932071208953857,96000
1987-01-14,2.265700101852417,2.265700101852417,2.2188000679016113,2.265700101852417,1.1008354425430298,150400
1987-01-15,2.265700101852417,2.2813000679016113,2.25,2.265700101852417,1.1008354425430298,198400
1987-01-16,2.25,2.3125,2.2188000679016113,2.25,1.0932071208953857,296000
1987-01-19,2.1875,2.25,2.1875,2.1875,1.0628408193588257,40000
1987-01-20,2.25,2.265700101852417,2.25,2.25,1.0932071208953857,64000
1987-01-21,2.25,2.2813000679016113,2.1875,2.25,1.0932071208953857,99200
1987-01-22,2.1563000679016113,2.1719000339508057,2.1563000679016113,2.1563000679016113,1.047681212425232,88000
1987-01-23,2.25,2.25,2.25,2.25,1.0932071208953857,44800
1987-01-26,2.25,2.25,2.25,2.25,1.0932071208953857,0
1987-01-27,2.1875,2.1875,2.1875,2.1875,1.0628408193588257,9600
1987-01-28,2.1640989780426025,2.25,2.1563000679016113,2.164099931716919,1.0514707565307617,115200
1987-01-29,2.164099931716919,2.164099931716919,2.164099931716919,2.164099931716919,1.0514707565307617,0
1987-01-30,2.164099931716919,2.164099931716919,2.164099931716919,2.164099931716919,1.0514707565307617,0
1987-02-02,2.25,2.25,2.2344000339508057,2.25,1.0932071208953857,96000
1987-02-03,2.1563000679016113,2.25,2.1563000679016113,2.1563000679016113,1.047681212425232,17600
1987-02-04,2.1719000339508057,2.1719000339508057,2.125,2.1719000339508057,1.0552610158920288,40000
1987-02-05,2.1719000339508057,2.1719000339508057,2.1719000339508057,2.1719000339508057,1.0552610158920288,0
1987-02-06,2.1719000339508057,2.1719000339508057,2.1719000339508057,2.1719000339508057,1.0552610158920288,0
1987-02-09,2.25,2.25,2.25,2.25,1.0932071208953857,28800
1987-02-10,2.25,2.265700101852417,2.2188000679016113,2.25,1.0932071208953857,816000
1987-02-11,2.1563000679016113,2.25,2.1563000679016113,2.1563000679016113,1.047681212425232,372800
1987-02-12,2.25,2.25,2.25,2.25,1.0932071208953857,8000
1987-02-13,2.25,2.25,2.25,2.25,1.0932071208953857,0
1987-02-17,2.25,2.25,2.25,2.25,1.0932071208953857,33600
1987-02-18,2.2813000679016113,2.2813000679016113,2.2813000679016113,2.2813000679016113,1.1084150075912476,4800
1987-02-19,2.2813000679016113,2.2813000679016113,2.2813000679016113,2.2813000679016113,1.1084150075912476,0
1987-02-20,2.3125,2.3125,2.3125,2.3125,1.1235735416412354,16000
1987-02-23,2.25,2.25,2.2188000679016113,2.25,1.0932071208953857,176000
1987-02-24,2.25,2.3438000679016113,2.25,2.25,1.0932071208953857,24000
1987-02-25,2.25,2.25,2.25,2.25,1.0932071208953857,25600
1987-02-26,2.4375,2.4375,2.2813000679016113,2.4375,1.1843078136444092,51200
1987-02-27,2.4375,2.4375,2.4375,2.4375,1.1843078136444092,0
1987-03-02,2.4375,2.4375,2.3438000679016113,2.4375,1.1843078136444092,56000
1987-03-03,2.4375,2.4375,2.3438000679016113,2.4375,1.1843078136444092,656000
1987-03-04,2.4375,2.4375,2.4375,2.4375,1.1843078136444092,0
1987-03-05,2.4375,2.4375,2.4375,2.4375,1.1843078136444092,1600
1987-03-06,2.4219000339508057,2.4219000339508057,2.4063000679016113,2.4219000339508057,1.1767281293869019,51200
1987-03-09,2.4219000339508057,2.4219000339508057,2.4219000339508057,2.4219000339508057,1.1767281293869019,0
1987-03-10,2.5,2.5,2.4063000679016113,2.5,1.214674949645996,179200
1987-03-11,2.5,2.5,2.5,2.5,1.214674949645996,8000
1987-03-12,2.6875,2.6875,2.5,2.6875,1.3057756423950195,1852800
1987-03-13,2.6875,2.6875,2.6875,2.6875,1.3057756423950195,11200
1987-03-16,2.7188000679016113,2.7188000679016113,2.5938000679016113,2.7188000679016113,1.3209829330444336,91200
1987-03-17,2.7188000679016113,2.7188000679016113,2.7188000679016113,2.7188000679016113,1.3209829330444336,12800
1987-03-18,2.6719000339508057,2.6719000339508057,2.625,2.6719000339508057,1.2981964349746704,256000
1987-03-19,2.6719000339508057,2.6719000339508057,2.6719000339508057,2.6719000339508057,1.2981964349746704,0
1987-03-20,2.6719000339508057,2.6719000339508057,2.6719000339508057,2.6719000339508057,1.2981964349746704,0
1987-03-23,2.6875,2.7188000679016113,2.625,2.6875,1.3057756423950195,1222400
1987-03-24,2.6563000679016113,2.6563000679016113,2.6563000679016113,2.6563000679016113,1.2906166315078735,8000
1987-03-25,2.6563000679016113,2.6563000679016113,2.6563000679016113,2.6563000679016113,1.2906166315078735,0
1987-03-26,2.7813000679016113,2.7813000679016113,2.6563000679016113,2.7813000679016113,1.3513504266738892,12800
1987-03-27,2.7188000679016113,2.7344000339508057,2.7188000679016113,2.7188000679016113,1.3209829330444336,128000
1987-03-30,2.6719000339508057,2.6719000339508057,2.6719000339508057,2.6719000339508057,1.3064610958099365,8000
1987-03-31,2.75,2.75,2.6563000679016113,2.75,1.344648838043213,152000
1987-04-01,2.6875,2.7813000679016113,2.6875,2.6875,1.3140889406204224,88000
1987-04-02,2.7813000679016113,2.7813000679016113,2.6875,2.7813000679016113,1.359953761100769,347200
1987-04-03,2.765700101852417,2.765700101852417,2.7188000679016113,2.765700101852417,1.352325677871704,609600
1987-04-06,2.7813000679016113,2.7813000679016113,2.7813000679016113,2.7813000679016113,1.359953761100769,16000
1987-04-07,2.6875,2.6875,2.6875,2.6875,1.3140889406204224,3200
1987-04-08,2.6563000679016113,2.703200101852417,2.6563000679016113,2.6563000679016113,1.2988333702087402,73600
1987-04-09,2.6563000679016113,2.6563000679016113,2.6563000679016113,2.6563000679016113,1.2988333702087402,0
1987-04-10,2.6563000679016113,2.6563000679016113,2.6563000679016113,2.6563000679016113,1.2988333702087402,6400
1987-04-13,2.703200101852417,2.703200101852417,2.6563000679016113,2.703200101852417,1.3217655420303345,145600
1987-04-14,2.6875,2.6875,2.6563000679016113,2.6875,1.3140889406204224,161600
1987-04-15,2.625,2.6719000339508057,2.625,2.625,1.2835288047790527,36800
1987-04-16,2.625,2.625,2.625,2.625,1.2835288047790527,0
1987-04-20,2.625,2.625,2.625,2.625,1.2835288047790527,16000
1987-04-21,2.625,2.625,2.625,2.625,1.2835288047790527,51200
1987-04-22,2.5,2.6875,2.5,2.5,1.222408413887024,52800
1987-04-23,2.4375,2.5313000679016113,2.4375,2.4375,1.191847801208496,9600
1987-04-24,2.4375,2.4375,2.4375,2.4375,1.191847801208496,0
1987-04-27,2.4375,2.4375,2.4063000679016113,2.4375,1.191847801208496,28800
1987-04-28,2.375,2.4375,2.375,2.375,1.161287546157837,25600
1987-04-29,2.3438000679016113,2.3438000679016113,2.3438000679016113,2.3438000679016113,1.1460318565368652,17600
1987-04-30,2.4375,2.4375,2.4375,2.4375,1.191847801208496,4800
1987-05-01,2.3438000679016113,2.4375,2.3438000679016113,2.3438000679016113,1.1460318565368652,6400
1987-05-04,2.3125,2.3125,2.3125,2.3125,1.130726933479309,1600
1987-05-05,2.3125,2.3125,2.3125,2.3125,1.130726933479309,0
1987-05-06,2.3125,2.3125,2.3125,2.3125,1.130726933479309,0
1987-05-07,2.3125,2.3125,2.3125,2.3125,1.130726933479309,0
1987-05-08,2.3125,2.3125,2.3125,2.3125,1.130726933479309,3200
1987-05-11,2.3125,2.3125,2.3125,2.3125,1.130726933479309,0
1987-05-12,2.3125,2.3125,2.3125,2.3125,1.130726933479309,0
1987-05-13,2.2813000679016113,2.4063000679016113,2.2813000679016113,2.2813000679016113,1.1154723167419434,65600
1987-05-14,2.2813000679016113,2.2813000679016113,2.2813000679016113,2.2813000679016113,1.1154723167419434,8000
1987-05-15,2.2813000679016113,2.2813000679016113,2.2813000679016113,2.2813000679016113,1.1154723167419434,0
1987-05-18,2.3828999996185303,2.4375,2.2813000679016113,2.3828999996185303,1.1651511192321777,1297600
1987-05-19,2.5313000679016113,2.5313000679016113,2.4375,2.5313000679016113,1.2377123832702637,102400
1987-05-20,2.4375,2.5313000679016113,2.4375,2.4375,1.191847801208496,51200
1987-05-21,2.4063000679016113,2.5313000679016113,2.4063000679016113,2.4063000679016113,1.1765928268432617,14400
1987-05-22,2.390700101852417,2.390700101852417,2.390700101852417,2.390700101852417,1.1689643859863281,16000
1987-05-26,2.390700101852417,2.390700101852417,2.390700101852417,2.390700101852417,1.1689643859863281,0
1987-05-27,2.5,2.5,2.5,2.5,1.222408413887024,4800
1987-05-28,2.4063000679016113,2.4063000679016113,2.375,2.4063000679016113,1.1765928268432617,136000
1987-05-29,2.5,2.5,2.5,2.5,1.222408413887024,16000
1987-06-01,2.375,2.5,2.375,2.375,1.161287546157837,12800
1987-06-02,2.375,2.375,2.375,2.375,1.161287546157837,0
1987-06-03,2.375,2.375,2.375,2.375,1.161287546157837,0
1987-06-04,2.4688000679016113,2.5,2.375,2.4688000679016113,1.2071517705917358,452800
1987-06-05,2.5,2.5,2.4375,2.5,1.222408413887024,32000
1987-06-08,2.5,2.5,2.4375,2.5,1.222408413887024,35200
1987-06-09,2.4375,2.4375,2.4375,2.4375,1.191847801208496,3200
1987-06-10,2.476599931716919,2.476599931716919,2.476599931716919,2.476599931716919,1.2109663486480713,6400
1987-06-11,2.4375,2.4375,2.4375,2.4375,1.191847801208496,8000
1987-06-12,2.4375,2.4375,2.4375,2.4375,1.191847801208496,0
1987-06-15,2.4375,2.4375,2.375,2.4375,1.191847801208496,24000
1987-06-16,2.5,2.5,2.375,2.5,1.222408413887024,1049600
1987-06-17,2.5,2.5,2.375,2.5,1.222408413887024,217600
1987-06-18,2.5,2.5,2.4063000679016113,2.5,1.222408413887024,118400
1987-06-19,2.5,2.5,2.4219000339508057,2.5,1.222408413887024,408000
1987-06-22,2.4219000339508057,2.4375,2.4063000679016113,2.4219000339508057,1.1842198371887207,1672000
1987-06-23,2.4609999656677246,2.4609999656677246,2.4296998977661133,2.4609999656677246,1.2033389806747437,400000
1987-06-24,2.4063000679016113,2.4063000679016113,2.4063000679016113,2.4063000679016113,1.1765928268432617,3200
1987-06-25,2.5313000679016113,2.5313000679016113,2.4688000679016113,2.5313000679016113,1.2377123832702637,164800
1987-06-26,2.5313000679016113,2.5313000679016113,2.5313000679016113,2.5313000679016113,1.2377123832702637,0
1987-06-29,2.5938000679016113,2.5938000679016113,2.5313000679016113,2.5938000679016113,1.2682725191116333,57600
1987-06-30,2.640700101852417,2.6563000679016113,2.5625,2.640700101852417,1.2998243570327759,84800
1987-07-01,2.6875,2.6875,2.6563000679016113,2.6875,1.3228611946105957,28800
1987-07-02,2.75,2.75,2.6875,2.75,1.353624701499939,40000
1987-07-06,2.8438000679016113,2.8438000679016113,2.7813000679016113,2.8438000679016113,1.3997962474822998,57600
1987-07-07,2.8438000679016113,2.8438000679016113,2.75,2.8438000679016113,1.3997962474822998,9600
1987-07-08,2.75,2.8438000679016113,2.75,2.75,1.353624701499939,19200
1987-07-09,2.7813000679016113,2.7813000679016113,2.6563000679016113,2.7813000679016113,1.369032621383667,75200
1987-07-10,2.7188000679016113,2.7813000679016113,2.7188000679016113,2.7188000679016113,1.3382682800292969,86400
1987-07-13,2.75,2.7813000679016113,2.6875,2.75,1.353624701499939,142400
1987-07-14,2.6953999996185303,2.6953999996185303,2.6953999996185303,2.6953999996185303,1.3267505168914795,67200
1987-07-15,2.6875,2.7813000679016113,2.6875,2.6875,1.3228611946105957,20800
1987-07-16,2.7813000679016113,2.7813000679016113,2.7813000679016113,2.7813000679016113,1.369032621383667,4800
1987-07-17,2.7813000679016113,2.7813000679016113,2.7813000679016113,2.7813000679016113,1.369032621383667,8000
1987-07-20,2.6875,2.6875,2.6875,2.6875,1.3228611946105957,3200
1987-07-21,2.6875,2.6875,2.6875,2.6875,1.3228611946105957,0
1987-07-22,2.6875,2.6875,2.6875,2.6875,1.3228611946105957,0
1987-07-23,2.7188000679016113,2.7813000679016113,2.7188000679016113,2.7188000679016113,1.3382682800292969,27200
1987-07-24,2.75,2.75,2.6563000679016113,2.75,1.353624701499939,27200
1987-07-27,2.75,2.75,2.75,2.75,1.353624701499939,3200
1987-07-28,2.75,2.75,2.75,2.75,1.353624701499939,3200
1987-07-29,2.75,2.75,2.75,2.75,1.353624701499939,8000
1987-07-30,2.75,2.75,2.75,2.75,1.353624701499939,14400
1987-07-31,2.75,2.75,2.75,2.75,1.353624701499939,0
1987-08-03,2.75,2.75,2.6563000679016113,2.75,1.353624701499939,321600
1987-08-04,2.6563000679016113,2.6563000679016113,2.6563000679016113,2.6563000679016113,1.3075034618377686,17600
1987-08-05,2.6563000679016113,2.6563000679016113,2.6563000679016113,2.6563000679016113,1.3075034618377686,3200
1987-08-06,2.6563000679016113,2.6563000679016113,2.6563000679016113,2.6563000679016113,1.3075034618377686,3200
1987-08-07,2.6563000679016113,2.75,2.6563000679016113,2.6563000679016113,1.3075034618377686,24000
1987-08-10,2.75,2.75,2.625,2.75,1.353624701499939,25600
1987-08-11,2.75,2.75,2.75,2.75,1.353624701499939,0
1987-08-12,2.625,2.625,2.625,2.625,1.2920970916748047,1600
1987-08-13,2.7344000339508057,2.75,2.625,2.7344000339508057,1.345946192741394,177600
1987-08-14,2.6563000679016113,2.75,2.6563000679016113,2.6563000679016113,1.3075034618377686,28800
1987-08-17,2.6563000679016113,2.6563000679016113,2.6563000679016113,2.6563000679016113,1.3075034618377686,0
1987-08-18,2.6875,2.75,2.6875,2.6875,1.3228611946105957,6400
1987-08-19,2.75,2.75,2.75,2.75,1.353624701499939,6400
1987-08-20,2.75,2.75,2.75,2.75,1.353624701499939,3200
1987-08-21,2.75,2.75,2.75,2.75,1.353624701499939,3200
1987-08-24,2.6563000679016113,2.6563000679016113,2.6563000679016113,2.6563000679016113,1.3075034618377686,11200
1987-08-25,2.6563000679016113,2.6563000679016113,2.6563000679016113,2.6563000679016113,1.3075034618377686,3200
1987-08-26,2.8125,2.8125,2.7188000679016113,2.8125,1.3843892812728882,276800
1987-08-27,2.6875,2.6875,2.6875,2.6875,1.3228611946105957,8000
1987-08-28,2.6875,2.6875,2.6875,2.6875,1.3228611946105957,1600
1987-08-31,2.6875,2.6875,2.6875,2.6875,1.3228611946105957,0
1987-09-01,2.6875,2.6875,2.6875,2.6875,1.3228611946105957,11200
1987-09-02,2.5,2.625,2.5,2.5,1.230568289756775,24000
1987-09-03,2.5,2.5313000679016113,2.5,2.5,1.230568289756775,124800
1987-09-04,2.5,2.5,2.5,2.5,1.230568289756775,0
1987-09-08,2.4375,2.5313000679016113,2.4375,2.4375,1.1998032331466675,136000
1987-09-09,2.5313000679016113,2.5313000679016113,2.4375,2.5313000679016113,1.2459752559661865,131200
1987-09-10,2.5625,2.5625,2.5313000679016113,2.5625,1.2613331079483032,12800
1987-09-11,2.5625,2.5625,2.4688000679016113,2.5625,1.2613331079483032,27200
1987-09-14,2.5938000679016113,2.5938000679016113,2.5313000679016113,2.5938000679016113,1.2767388820648193,40000
1987-09-15,2.5938000679016113,2.5938000679016113,2.5938000679016113,2.5938000679016113,1.2767388820648193,1600
1987-09-16,2.4688000679016113,2.4688000679016113,2.4688000679016113,2.4688000679016113,1.2152105569839478,32000
1987-09-17,2.5938000679016113,2.5938000679016113,2.5938000679016113,2.5938000679016113,1.2767388820648193,1600
1987-09-18,2.4688000679016113,2.4688000679016113,2.4688000679016113,2.4688000679016113,1.2152105569839478,8000
1987-09-21,2.4688000679016113,2.4688000679016113,2.4688000679016113,2.4688000679016113,1.2152105569839478,8000
1987-09-22,2.4688000679016113,2.4688000679016113,2.4688000679016113,2.4688000679016113,1.2152105569839478,0
1987-09-23,2.4688000679016113,2.4688000679016113,2.4688000679016113,2.4688000679016113,1.2152105569839478,0
1987-09-24,2.5,2.5938000679016113,2.5,2.5,1.230568289756775,84800
1987-09-25,2.4688000679016113,2.4688000679016113,2.4688000679016113,2.4688000679016113,1.2152105569839478,8000
1987-09-28,2.5938000679016113,2.5938000679016113,2.5938000679016113,2.5938000679016113,1.2856967449188232,8000
1987-09-29,2.4688000679016113,2.4688000679016113,2.4688000679016113,2.4688000679016113,1.2237361669540405,8000
1987-09-30,2.4844000339508057,2.4844000339508057,2.4688000679016113,2.4844000339508057,1.2314692735671997,64000
1987-10-01,2.4375,2.4688000679016113,2.4375,2.4375,1.2082220315933228,62400
1987-10-02,2.4375,2.4375,2.4375,2.4375,1.2082220315933228,0
1987-10-05,2.5313000679016113,2.5313000679016113,2.5313000679016113,2.5313000679016113,1.2547167539596558,1600
1987-10-06,2.4063000679016113,2.4063000679016113,2.4063000679016113,2.4063000679016113,1.1927573680877686,9600
1987-10-07,2.4063000679016113,2.4375,2.4063000679016113,2.4063000679016113,1.1927573680877686,320000
1987-10-08,2.375,2.4688000679016113,2.375,2.375,1.1772414445877075,116800
1987-10-09,2.3125,2.375,2.3125,2.3125,1.1462615728378296,112000
1987-10-12,2.3125,2.3125,2.3125,2.3125,1.1462615728378296,0
1987-10-13,2.4063000679016113,2.4375,2.4063000679016113,2.4063000679016113,1.1927573680877686,65600
1987-10-14,2.3125,2.3125,2.3125,2.3125,1.1462615728378296,12800
1987-10-15,2.3594000339508057,2.375,2.3125,2.3594000339508057,1.169508934020996,1060800
1987-10-16,2.3125,2.3125,2.3125,2.3125,1.1462615728378296,4800
1987-10-19,2.0469000339508057,2.2813000679016113,2.0469000339508057,2.0469000339508057,1.0146088600158691,49600
1987-10-20,1.875,1.9375,1.875,1.875,0.9294010996818542,729600
1987-10-21,1.875,2.0,1.875,1.875,0.9294010996818542,6400
1987-10-22,1.875,1.9219000339508057,1.875,1.875,0.9294010996818542,334400
1987-10-23,1.875,1.875,1.875,1.875,0.9294010996818542,1600
1987-10-26,1.875,1.9062999486923218,1.7969000339508057,1.875,0.9294010996818542,1043200
1987-10-27,1.75,1.75,1.6875,1.75,0.8674412965774536,32000
1987-10-28,1.5937989950180054,1.6094000339508057,1.5625,1.5937999486923218,0.7900161743164062,488000
1987-10-29,1.5937989950180054,1.625,1.5781999826431274,1.5937999486923218,0.7900161743164062,150400
1987-10-30,1.5625,1.5625,1.5625,1.5625,0.7745007276535034,25600
1987-11-02,1.5937989950180054,1.625,1.5625,1.5937999486923218,0.7900161743164062,3140800
1987-11-03,1.5781999826431274,1.6562999486923218,1.5625,1.5781999826431274,0.78228360414505,104000
1987-11-04,1.6875,1.6875,1.5625,1.6875,0.8364613056182861,281600
1987-11-05,1.6719000339508057,1.6875,1.6719000339508057,1.6719000339508057,0.8287287950515747,568000
1987-11-06,1.7187989950180054,1.75,1.6875,1.7187999486923218,0.8519757390022278,137600
1987-11-09,1.7187999486923218,1.7187999486923218,1.7187999486923218,1.7187999486923218,0.8519757390022278,80000
1987-11-10,1.6875,1.7187999486923218,1.6875,1.6875,0.8364613056182861,70400
1987-11-11,1.6875,1.8125,1.6875,1.6875,0.8364613056182861,12800
1987-11-12,1.6875,1.6875,1.6875,1.6875,0.8364613056182861,1600
1987-11-13,1.6875,1.8125,1.6875,1.6875,0.8364613056182861,57600
1987-11-16,1.7344000339508057,1.75,1.7187999486923218,1.7344000339508057,0.8597084879875183,212800
1987-11-17,1.7812989950180054,1.7812999486923218,1.7187999486923218,1.7812999486923218,0.8829561471939087,481600
1987-11-18,1.8125,1.8125,1.7187999486923218,1.7187999486923218,0.8519757390022278,51200
1987-11-19,1.7187999486923218,1.7187999486923218,1.7187999486923218,1.7187999486923218,0.8519757390022278,14400
1987-11-20,1.625,1.6875,1.625,1.625,0.80548095703125,91200
1987-11-23,1.7187999486923218,1.7187999486923218,1.7187999486923218,1.7187999486923218,0.8519757390022278,1600
1987-11-24,1.6094000339508057,1.6406999826431274,1.6094000339508057,1.6094000339508057,0.7977483868598938,739200
1987-11-25,1.6094000339508057,1.6094000339508057,1.5625,1.6094000339508057,0.7977483868598938,190400
1987-11-27,1.6094000339508057,1.6094000339508057,1.6094000339508057,1.6094000339508057,0.7977483868598938,0
1987-11-30,1.4375,1.5625,1.4375,1.4375,0.7125409245491028,145600
1987-12-01,1.4375,1.4453999996185303,1.4375,1.4375,0.7125409245491028,56000
1987-12-02,1.4375,1.5625,1.4375,1.4375,0.7125409245491028,171200
1987-12-03,1.4375,1.5,1.4062999486923218,1.4375,0.7125409245491028,1712000
1987-12-04,1.3125,1.4453999996185303,1.3125,1.3125,0.6505812406539917,1736000
1987-12-07,1.3203999996185303,1.3281999826431274,1.3125,1.3203999996185303,0.654496967792511,660800
1987-12-08,1.3125,1.4062999486923218,1.3125,1.3125,0.6505812406539917,136000
1987-12-09,1.3125,1.375,1.3125,1.3125,0.6505812406539917,168000
1987-12-10,1.3125,1.375,1.3125,1.3125,0.6505812406539917,537600
1987-12-11,1.3125,1.375,1.3125,1.3125,0.6505812406539917,73600
1987-12-14,1.3828999996185303,1.4375,1.3125,1.3828999996185303,0.6854767203330994,92800
1987-12-15,1.4375,1.4609999656677246,1.3437999486923218,1.4375,0.7125409245491028,80000
1987-12-16,1.5,1.5,1.375,1.5,0.7435205578804016,484800
1987-12-17,1.375,1.5,1.375,1.375,0.6815609931945801,152000
1987-12-18,1.5,1.5,1.375,1.5,0.7435205578804016,6400
1987-12-21,1.4375,1.5,1.375,1.4375,0.720806360244751,592000
1987-12-22,1.375,1.5,1.375,1.375,0.6894667744636536,660800
1987-12-23,1.4062989950180054,1.5,1.375,1.4062999486923218,0.7051617503166199,225600
1987-12-24,1.4687989950180054,1.5,1.4062999486923218,1.4687999486923218,0.7365014553070068,44800
1987-12-28,1.4453999996185303,1.4453999996185303,1.4062999486923218,1.4453999996185303,0.7247677445411682,49600
1987-12-29,1.5312989950180054,1.5312999486923218,1.4062999486923218,1.5312999486923218,0.7678400874137878,126400
1987-12-30,1.4375,1.5312999486923218,1.4062999486923218,1.4375,0.720806360244751,35200
1987-12-31,1.5,1.5937999486923218,1.5,1.5,0.7521452903747559,76800
1988-01-04,1.5,1.5,1.5,1.5,0.7521452903747559,0
1988-01-05,1.6562989950180054,1.7187999486923218,1.625,1.6562999486923218,0.8305189609527588,36800
1988-01-06,1.6562999486923218,1.6562999486923218,1.6562999486923218,1.6562999486923218,0.8305189609527588,12800
1988-01-07,1.7578999996185303,1.7578999996185303,1.75,1.7578999996185303,0.8814648389816284,321600
1988-01-08,1.7578999996185303,1.7578999996185303,1.7578999996185303,1.7578999996185303,0.8814648389816284,0
1988-01-11,1.7031999826431274,1.7031999826431274,1.7031999826431274,1.7031999826431274,0.8540367484092712,19200
1988-01-12,1.7344000339508057,1.7344000339508057,1.6562999486923218,1.6562999486923218,0.8305189609527588,761600
1988-01-13,1.6562999486923218,1.6562999486923218,1.6562999486923218,1.6562999486923218,0.8305189609527588,1600
1988-01-14,1.7656999826431274,1.7656999826431274,1.6875,1.7656999826431274,0.8853756189346313,705600
1988-01-15,1.7656999826431274,1.7812999486923218,1.6875,1.7656999826431274,0.8853756189346313,350400
1988-01-18,1.6875,1.6875,1.6875,1.6875,0.846163809299469,9600
1988-01-19,1.6875,1.6875,1.6875,1.6875,0.846163809299469,0
1988-01-20,1.7812999486923218,1.7812999486923218,1.7812999486923218,1.7812999486923218,0.8931984305381775,1600
1988-01-21,1.7031999826431274,1.7187999486923218,1.6875,1.7031999826431274,0.8540367484092712,576000
1988-01-22,1.7187989950180054,1.7187999486923218,1.6875,1.7187999486923218,0.8618581891059875,11200
1988-01-25,1.7187999486923218,1.7187999486923218,1.7187999486923218,1.7187999486923218,0.8618581891059875,0
1988-01-26,1.6875,1.6875,1.6875,1.6875,0.846163809299469,24000
1988-01-27,1.6875,1.6875,1.6875,1.6875,0.846163809299469,0
1988-01-28,1.6875,1.6875,1.6875,1.6875,0.846163809299469,8000
1988-01-29,1.7812999486923218,1.7812999486923218,1.6562999486923218,1.6562999486923218,0.8305189609527588,25600
1988-02-01,1.6562999486923218,1.6562999486923218,1.6562999486923218,1.6562999486923218,0.8305189609527588,44800
1988-02-02,1.6562999486923218,1.6562999486923218,1.6562999486923218,1.6562999486923218,0.8305189609527588,0
1988-02-03,1.7187999486923218,1.7187999486923218,1.7187999486923218,1.7187999486923218,0.8618581891059875,1600
1988-02-04,1.7187999486923218,1.7187999486923218,1.7187999486923218,1.7187999486923218,0.8618581891059875,0
1988-02-05,1.7187999486923218,1.7187999486923218,1.7187999486923218,1.7187999486923218,0.8618581891059875,16000
1988-02-08,1.6875,1.6875,1.6562999486923218,1.6875,0.846163809299469,184000
1988-02-09,1.6719000339508057,1.7187999486923218,1.6406999826431274,1.6719000339508057,0.8383418917655945,259200
1988-02-10,1.75,1.75,1.7187999486923218,1.75,0.8775032162666321,76800
1988-02-11,1.7187989950180054,1.7187999486923218,1.6562999486923218,1.7187999486923218,0.8618581891059875,112000
1988-02-12,1.7812999486923218,1.7812999486923218,1.7812999486923218,1.7812999486923218,0.8931984305381775,16000
1988-02-16,1.9687989950180054,2.0313000679016113,1.8125,1.9687999486923218,0.987216055393219,876800
1988-02-17,1.9375,2.0313000679016113,1.9375,1.9375,0.9715219140052795,244800
1988-02-18,2.0625,2.0625,1.9375,2.0625,1.0341999530792236,209600
1988-02-19,2.0625,2.125,2.0625,2.0625,1.0341999530792236,180800
1988-02-22,2.1875,2.1875,2.0938000679016113,2.1875,1.0968788862228394,481600
1988-02-23,2.125,2.1875,2.0938000679016113,2.125,1.065540075302124,108800
1988-02-24,2.1563000679016113,2.1875,2.125,2.1563000679016113,1.0812345743179321,225600
1988-02-25,2.0313000679016113,2.1563000679016113,2.0313000679016113,2.0313000679016113,1.0185552835464478,3200
1988-02-26,2.0313000679016113,2.0313000679016113,2.0313000679016113,2.0313000679016113,1.0185552835464478,1600
1988-02-29,2.1563000679016113,2.1563000679016113,2.1563000679016113,2.1563000679016113,1.0812345743179321,8000
1988-03-01,2.0313000679016113,2.0625,2.0313000679016113,2.0313000679016113,1.0185552835464478,35200
1988-03-02,2.0313000679016113,2.0313000679016113,2.0313000679016113,2.0313000679016113,1.0185552835464478,0
1988-03-03,2.0313000679016113,2.0313000679016113,2.0313000679016113,2.0313000679016113,1.0185552835464478,0
1988-03-04,2.0469000339508057,2.0625,1.9687999486923218,2.0469000339508057,1.0263781547546387,592000
1988-03-07,2.0469000339508057,2.0469000339508057,2.0469000339508057,2.0469000339508057,1.0263781547546387,0
1988-03-08,2.0313000679016113,2.0313000679016113,2.0313000679016113,2.0313000679016113,1.0185552835464478,80000
1988-03-09,2.015700101852417,2.0938000679016113,2.0,2.015700101852417,1.0107342004776,667200
1988-03-10,2.25,2.5,2.0,2.25,1.1282185316085815,361600
1988-03-11,2.2813000679016113,2.3438000679016113,2.25,2.2813000679016113,1.1439133882522583,134400
1988-03-14,2.375,2.390700101852417,2.2813000679016113,2.375,1.1908968687057495,452800
1988-03-15,2.4063000679016113,2.4063000679016113,2.3125,2.4063000679016113,1.2065927982330322,547200
1988-03-16,2.453200101852417,2.4688000679016113,2.3438000679016113,2.453200101852417,1.2301090955734253,664000
1988-03-17,2.4688000679016113,2.5313000679016113,2.375,2.4688000679016113,1.2379311323165894,800000
1988-03-18,2.4688000679016113,2.5625,2.4688000679016113,2.4688000679016113,1.2379311323165894,128000
1988-03-21,2.4688000679016113,2.5625,2.4688000679016113,2.4688000679016113,1.2379311323165894,441600
1988-03-22,2.4688000679016113,2.5625,2.4688000679016113,2.4688000679016113,1.2379311323165894,46400
1988-03-23,2.5,2.5,2.4375,2.5,1.253576636314392,28800
1988-03-24,2.5,2.5313000679016113,2.4063000679016113,2.5,1.253576636314392,232000
1988-03-25,2.4375,2.5,2.375,2.4375,1.2307039499282837,12800
1988-03-28,2.3438000679016113,2.4688000679016113,2.3438000679016113,2.3438000679016113,1.183393955230713,192000
1988-03-29,2.3984999656677246,2.4688000679016113,2.3438000679016113,2.3984999656677246,1.2110120058059692,820800
1988-03-30,2.390700101852417,2.4063000679016113,2.375,2.390700101852417,1.207074761390686,254400
1988-03-31,2.4609999656677246,2.4688000679016113,2.375,2.4609999656677246,1.2425692081451416,86400
1988-04-04,2.4688000679016113,2.4688000679016113,2.375,2.4688000679016113,1.2465068101882935,104000
1988-04-05,2.4063000679016113,2.4063000679016113,2.4063000679016113,2.4063000679016113,1.214951515197754,8000
1988-04-06,2.4688000679016113,2.4688000679016113,2.4063000679016113,2.4688000679016113,1.2465068101882935,27200
1988-04-07,2.4844000339508057,2.4844000339508057,2.4375,2.4844000339508057,1.2543840408325195,825600
1988-04-08,2.4063000679016113,2.5,2.4063000679016113,2.4063000679016113,1.214951515197754,113600
1988-04-11,2.5,2.5,2.5,2.5,1.2622606754302979,3200
1988-04-12,2.4063000679016113,2.4063000679016113,2.4063000679016113,2.4063000679016113,1.214951515197754,48000
1988-04-13,2.4375,2.4375,2.4375,2.4375,1.2307039499282837,48000
1988-04-14,2.375,2.4063000679016113,2.375,2.375,1.1991469860076904,17600
1988-04-15,2.375,2.4688000679016113,2.375,2.375,1.1991469860076904,33600
1988-04-18,2.4688000679016113,2.4688000679016113,2.4375,2.4688000679016113,1.2465068101882935,108800
1988-04-19,2.3438000679016113,2.4688000679016113,2.3438000679016113,2.3438000679016113,1.183393955230713,9600
1988-04-20,2.429698944091797,2.4296998977661133,2.3438000679016113,2.4296998977661133,1.2267659902572632,33600
1988-04-21,2.3438000679016113,2.3438000679016113,2.3438000679016113,2.3438000679016113,1.183393955230713,4800
1988-04-22,2.3438000679016113,2.4063000679016113,2.3438000679016113,2.3438000679016113,1.183393955230713,65600
1988-04-25,2.3438000679016113,2.3438000679016113,2.3438000679016113,2.3438000679016113,1.183393955230713,57600
1988-04-26,2.375,2.375,2.375,2.375,1.1991469860076904,32000
1988-04-27,2.3438000679016113,2.3438000679016113,2.3438000679016113,2.3438000679016113,1.183393955230713,3200
1988-04-28,2.3594000339508057,2.375,2.3438000679016113,2.3594000339508057,1.1912709474563599,550400
1988-04-29,2.3438000679016113,2.4688000679016113,2.3438000679016113,2.3438000679016113,1.183393955230713,88000
1988-05-02,2.3438000679016113,2.3438000679016113,2.3438000679016113,2.3438000679016113,1.183393955230713,38400
1988-05-03,2.4063000679016113,2.4063000679016113,2.4063000679016113,2.4063000679016113,1.214951515197754,16000
1988-05-04,2.4688000679016113,2.4688000679016113,2.4688000679016113,2.4688000679016113,1.2465068101882935,4800
1988-05-05,2.375,2.375,2.3438000679016113,2.375,1.1991469860076904,49600
1988-05-06,2.3438000679016113,2.4063000679016113,2.3438000679016113,2.3438000679016113,1.183393955230713,4800
1988-05-09,2.3594000339508057,2.4688000679016113,2.3594000339508057,2.3594000339508057,1.1912709474563599,128000
1988-05-10,2.3438000679016113,2.4375,2.3438000679016113,2.3438000679016113,1.183393955230713,35200
1988-05-11,2.3438000679016113,2.3438000679016113,2.25,2.3438000679016113,1.183393955230713,249600
1988-05-12,2.3438000679016113,2.3438000679016113,2.2188000679016113,2.3438000679016113,1.183393955230713,19200
1988-05-13,2.3438000679016113,2.3438000679016113,2.25,2.3438000679016113,1.183393955230713,27200
1988-05-16,2.3125,2.4063000679016113,2.2813000679016113,2.3125,1.1675913333892822,40000
1988-05-17,2.3438000679016113,2.3438000679016113,2.3125,2.3438000679016113,1.183393955230713,476800
1988-05-18,2.375,2.4063000679016113,2.3594000339508057,2.375,1.1991469860076904,160000
1988-05-19,2.3125,2.3594000339508057,2.3125,2.3125,1.1675913333892822,116800
1988-05-20,2.3125,2.4375,2.3125,2.3125,1.1675913333892822,17600
1988-05-23,2.3438000679016113,2.3438000679016113,2.328200101852417,2.3438000679016113,1.183393955230713,640000
1988-05-24,2.4219000339508057,2.4219000339508057,2.375,2.4219000339508057,1.2228280305862427,54400
1988-05-25,2.4219000339508057,2.4219000339508057,2.4219000339508057,2.4219000339508057,1.2228280305862427,0
1988-05-26,2.4063000679016113,2.4063000679016113,2.3438000679016113,2.4063000679016113,1.214951515197754,14400
1988-05-27,2.3438000679016113,2.3438000679016113,2.328200101852417,2.3438000679016113,1.183393955230713,320000
1988-05-31,2.3125,2.3125,2.3125,2.3125,1.1675913333892822,3200
1988-06-01,2.3125,2.3438000679016113,2.3125,2.3125,1.1675913333892822,664000
1988-06-02,2.3125,2.3125,2.3125,2.3125,1.1675913333892822,0
1988-06-03,2.3125,2.3125,2.3125,2.3125,1.1675913333892822,0
1988-06-06,2.3438000679016113,2.3438000679016113,2.3125,2.3438000679016113,1.183393955230713,240000
1988-06-07,2.3438000679016113,2.3438000679016113,2.3438000679016113,2.3438000679016113,1.183393955230713,0
1988-06-08,2.3438000679016113,2.3438000679016113,2.3438000679016113,2.3438000679016113,1.183393955230713,0
1988-06-09,2.4375,2.4375,2.4375,2.4375,1.2307039499282837,4800
1988-06-10,2.4375,2.4375,2.4375,2.4375,1.2307039499282837,9600
1988-06-13,2.3125,2.3125,2.3125,2.3125,1.1675913333892822,8000
1988-06-14,2.3125,2.4375,2.3125,2.3125,1.1675913333892822,3200
1988-06-15,2.3125,2.3125,2.3125,2.3125,1.1675913333892822,3200
1988-06-16,2.3125,2.3125,2.3125,2.3125,1.1675913333892822,0
1988-06-17,2.3438000679016113,2.4375,2.3125,2.3438000679016113,1.183393955230713,67200
1988-06-20,2.3438000679016113,2.3438000679016113,2.3438000679016113,2.3438000679016113,1.183393955230713,0
1988-06-21,2.3125,2.3438000679016113,2.3125,2.3125,1.1675913333892822,105600
1988-06-22,2.4063000679016113,2.4063000679016113,2.3125,2.4063000679016113,1.214951515197754,6400
1988-06-23,2.4063000679016113,2.4063000679016113,2.4063000679016113,2.4063000679016113,1.214951515197754,0
1988-06-24,2.4063000679016113,2.4063000679016113,2.4063000679016113,2.4063000679016113,1.214951515197754,0
1988-06-27,2.4063000679016113,2.4063000679016113,2.4063000679016113,2.4063000679016113,1.214951515197754,1600
1988-06-28,2.4063000679016113,2.4063000679016113,2.4063000679016113,2.4063000679016113,1.214951515197754,4800
1988-06-29,2.3125,2.4063000679016113,2.3125,2.3125,1.1675913333892822,8000
1988-06-30,2.4063000679016113,2.4063000679016113,2.3438000679016113,2.4063000679016113,1.2240551710128784,19200
1988-07-01,2.4063000679016113,2.4063000679016113,2.4063000679016113,2.4063000679016113,1.2240551710128784,0
1988-07-05,2.3125,2.3125,2.3125,2.3125,1.1763404607772827,12800
1988-07-06,2.2813000679016113,2.3125,2.2813000679016113,2.2813000679016113,1.1604688167572021,22400
1988-07-07,2.2813000679016113,2.2813000679016113,2.2813000679016113,2.2813000679016113,1.1604688167572021,8000
1988-07-08,2.2813000679016113,2.2813000679016113,2.2813000679016113,2.2813000679016113,1.1604688167572021,1600
1988-07-11,2.2813000679016113,2.2813000679016113,2.2813000679016113,2.2813000679016113,1.1604688167572021,0
1988-07-12,2.2813000679016113,2.2813000679016113,2.2813000679016113,2.2813000679016113,1.1604688167572021,110400
1988-07-13,2.2813000679016113,2.2813000679016113,2.2813000679016113,2.2813000679016113,1.1604688167572021,0
1988-07-14,2.375,2.375,2.375,2.375,1.2081329822540283,8000
1988-07-15,2.3125,2.3125,2.3125,2.3125,1.1763404607772827,160000
1988-07-18,2.3125,2.3125,2.3125,2.3125,1.1763404607772827,0
1988-07-19,2.3125,2.3125,2.3125,2.3125,1.1763404607772827,0
1988-07-20,2.375,2.375,2.2813000679016113,2.375,1.2081329822540283,243200
1988-07-21,2.375,2.375,2.375,2.375,1.2081329822540283,4800
1988-07-22,2.2813000679016113,2.3438000679016113,2.2813000679016113,2.2813000679016113,1.1604688167572021,60800
1988-07-25,2.2813000679016113,2.375,2.2813000679016113,2.2813000679016113,1.1604688167572021,3200
1988-07-26,2.3438000679016113,2.3438000679016113,2.3438000679016113,2.3438000679016113,1.192262887954712,16000
1988-07-27,2.3438000679016113,2.3438000679016113,2.3438000679016113,2.3438000679016113,1.192262887954712,0
1988-07-28,2.3438000679016113,2.3438000679016113,2.3438000679016113,2.3438000679016113,1.192262887954712,0
1988-07-29,2.375,2.375,2.375,2.375,1.2081329822540283,4800
1988-08-01,2.2813000679016113,2.375,2.265700101852417,2.2813000679016113,1.1604688167572021,369600
1988-08-02,2.3125,2.3125,2.25,2.3125,1.1763404607772827,291200
1988-08-03,2.2813000679016113,2.3125,2.265700101852417,2.2813000679016113,1.1604688167572021,150400
1988-08-04,2.265700101852417,2.3125,2.25,2.265700101852417,1.1525338888168335,49600
1988-08-05,2.3125,2.3125,2.25,2.3125,1.1763404607772827,76800
1988-08-08,2.265700101852417,2.3125,2.25,2.265700101852417,1.1525338888168335,1062400
1988-08-09,2.265700101852417,2.265700101852417,2.265700101852417,2.265700101852417,1.1525338888168335,0
1988-08-10,2.265700101852417,2.265700101852417,2.265700101852417,2.265700101852417,1.1525338888168335,0
1988-08-11,2.3125,2.3125,2.3125,2.3125,1.1763404607772827,3200
1988-08-12,2.3125,2.3125,2.3125,2.3125,1.1763404607772827,0
1988-08-15,2.2188000679016113,2.2188000679016113,2.1875,2.2188000679016113,1.128676176071167,41600
1988-08-16,2.1563000679016113,2.1563000679016113,2.1563000679016113,2.1563000679016113,1.0968836545944214,16000
1988-08-17,2.1563000679016113,2.1563000679016113,2.1563000679016113,2.1563000679016113,1.0968836545944214,3200
1988-08-18,2.1563000679016113,2.1563000679016113,2.1563000679016113,2.1563000679016113,1.0968836545944214,16000
1988-08-19,2.1563000679016113,2.1563000679016113,2.1563000679016113,2.1563000679016113,1.0968836545944214,27200
1988-08-22,2.1563000679016113,2.1563000679016113,2.1563000679016113,2.1563000679016113,1.0968836545944214,0
1988-08-23,2.2188000679016113,2.2188000679016113,2.2188000679016113,2.2188000679016113,1.128676176071167,8000
1988-08-24,2.1563000679016113,2.1563000679016113,2.1563000679016113,2.1563000679016113,1.0968836545944214,76800
1988-08-25,2.1563000679016113,2.1563000679016113,2.1563000679016113,2.1563000679016113,1.0968836545944214,20800
1988-08-26,2.1563000679016113,2.1563000679016113,2.1563000679016113,2.1563000679016113,1.0968836545944214,0
1988-08-29,2.2188000679016113,2.2188000679016113,2.1875,2.2188000679016113,1.128676176071167,547200
1988-08-30,2.2188000679016113,2.25,2.1563000679016113,2.2188000679016113,1.128676176071167,739200
1988-08-31,2.25,2.25,2.25,2.25,1.144547462463379,20800
1988-09-01,2.1563000679016113,2.25,2.1563000679016113,2.1563000679016113,1.0968836545944214,116800
1988-09-02,2.1563000679016113,2.1563000679016113,2.1563000679016113,2.1563000679016113,1.0968836545944214,11200
1988-09-06,2.25,2.25,2.25,2.25,1.144547462463379,3200
1988-09-07,2.203200101852417,2.203200101852417,2.1563000679016113,2.203200101852417,1.1207404136657715,105600
1988-09-08,2.2188000679016113,2.2188000679016113,2.2188000679016113,2.2188000679016113,1.128676176071167,6400
1988-09-09,2.2188000679016113,2.2188000679016113,2.2188000679016113,2.2188000679016113,1.128676176071167,0
1988-09-12,2.2188000679016113,2.2188000679016113,2.2188000679016113,2.2188000679016113,1.128676176071167,0
1988-09-13,2.1719000339508057,2.25,2.1719000339508057,2.1719000339508057,1.1048187017440796,89600
1988-09-14,2.1563000679016113,2.1563000679016113,2.1563000679016113,2.1563000679016113,1.0968836545944214,16000
1988-09-15,2.25,2.25,2.2188000679016113,2.25,1.144547462463379,9600
1988-09-16,2.140700101852417,2.25,2.140700101852417,2.140700101852417,1.0889478921890259,1643200
1988-09-19,2.125,2.25,2.125,2.125,1.0809614658355713,779200
1988-09-20,2.125,2.125,2.125,2.125,1.0809614658355713,25600
1988-09-21,2.1875,2.1875,2.1875,2.1875,1.1127545833587646,17600
1988-09-22,2.2188000679016113,2.2188000679016113,2.1875,2.2188000679016113,1.128676176071167,4155200
1988-09-23,2.3125,2.375,2.2188000679016113,2.3125,1.1763404607772827,136000
1988-09-26,2.5313000679016113,2.5313000679016113,2.3125,2.5313000679016113,1.2876412868499756,382400
1988-09-27,2.5938000679016113,2.625,2.4375,2.5938000679016113,1.328460693359375,355200
1988-09-28,2.625,2.6875,2.5938000679016113,2.625,1.3444411754608154,568000
1988-09-29,2.6094000339508057,2.6875,2.5625,2.6094000339508057,1.3364505767822266,142400
1988-09-30,2.5469000339508057,2.625,2.5469000339508057,2.5469000339508057,1.3044400215148926,54400
1988-10-03,2.5313000679016113,2.625,2.5313000679016113,2.5313000679016113,1.296450138092041,52800
1988-10-04,2.5625,2.5625,2.5313000679016113,2.5625,1.3124308586120605,115200
1988-10-05,2.5938000679016113,2.5938000679016113,2.5938000679016113,2.5938000679016113,1.328460693359375,1600
1988-10-06,2.515700101852417,2.5938000679016113,2.515700101852417,2.515700101852417,1.2884607315063477,30400
1988-10-07,2.4844000339508057,2.5,2.4844000339508057,2.4844000339508057,1.2724297046661377,38400
1988-10-10,2.4688000679016113,2.4688000679016113,2.4688000679016113,2.4688000679016113,1.2644402980804443,3200
1988-10-11,2.4688000679016113,2.4688000679016113,2.4688000679016113,2.4688000679016113,1.2644402980804443,19200
1988-10-12,2.4063000679016113,2.4375,2.4063000679016113,2.4063000679016113,1.232429027557373,49600
1988-10-13,2.4063000679016113,2.5,2.4063000679016113,2.4063000679016113,1.232429027557373,12800
1988-10-14,2.4688000679016113,2.4688000679016113,2.4063000679016113,2.4688000679016113,1.2644402980804443,14400
1988-10-17,2.4375,2.4375,2.4063000679016113,2.4375,1.2484089136123657,83200
1988-10-18,2.4063000679016113,2.4375,2.4063000679016113,2.4063000679016113,1.232429027557373,22400
1988-10-19,2.4063000679016113,2.4375,2.4063000679016113,2.4063000679016113,1.232429027557373,17600
1988-10-20,2.4844000339508057,2.5313000679016113,2.453200101852417,2.4844000339508057,1.2724297046661377,473600
1988-10-21,2.5469000339508057,2.5625,2.4688000679016113,2.5469000339508057,1.3044400215148926,436800
1988-10-24,2.5469000339508057,2.5469000339508057,2.4844000339508057,2.5469000339508057,1.3044400215148926,169600
1988-10-25,2.6563000679016113,2.6563000679016113,2.5,2.6563000679016113,1.3604718446731567,2052800
1988-10-26,2.640700101852417,2.6875,2.640700101852417,2.640700101852417,1.3524816036224365,257600
1988-10-27,2.6875,2.6875,2.625,2.6875,1.3764517307281494,251200
1988-10-28,2.625,2.6875,2.625,2.625,1.3444411754608154,315200
1988-10-31,2.625,2.6719000339508057,2.625,2.625,1.3444411754608154,27200
1988-11-01,2.625,2.6719000339508057,2.625,2.625,1.3444411754608154,80000
1988-11-02,2.625,2.6719000339508057,2.625,2.625,1.3444411754608154,59200
1988-11-03,2.625,2.6563000679016113,2.6094000339508057,2.625,1.3444411754608154,83200
1988-11-04,2.5938000679016113,2.5938000679016113,2.5938000679016113,2.5938000679016113,1.328460693359375,1600
1988-11-07,2.5938000679016113,2.5938000679016113,2.5938000679016113,2.5938000679016113,1.328460693359375,16000
1988-11-08,2.5625,2.5938000679016113,2.5625,2.5625,1.3124308586120605,35200
1988-11-09,2.5,2.5313000679016113,2.4375,2.5,1.280419111251831,128000
1988-11-10,2.515700101852417,2.5313000679016113,2.515700101852417,2.515700101852417,1.2884607315063477,57600
1988-11-11,2.5313000679016113,2.5313000679016113,2.4688000679016113,2.5313000679016113,1.296450138092041,57600
1988-11-14,2.5313000679016113,2.5313000679016113,2.5313000679016113,2.5313000679016113,1.296450138092041,0
1988-11-15,2.5313000679016113,2.5313000679016113,2.5313000679016113,2.5313000679016113,1.296450138092041,0
1988-11-16,2.4688000679016113,2.4688000679016113,2.4688000679016113,2.4688000679016113,1.2644402980804443,3200
1988-11-17,2.4688000679016113,2.4688000679016113,2.4688000679016113,2.4688000679016113,1.2644402980804443,12800
1988-11-18,2.4688000679016113,2.5313000679016113,2.4688000679016113,2.4688000679016113,1.2644402980804443,43200
1988-11-21,2.5313000679016113,2.5313000679016113,2.5,2.5313000679016113,1.296450138092041,46400
1988-11-22,2.5,2.5625,2.5,2.5,1.280419111251831,28800
1988-11-23,2.5625,2.5625,2.5625,2.5625,1.3124308586120605,9600
1988-11-25,2.5625,2.5625,2.5625,2.5625,1.3124308586120605,1600
1988-11-28,2.5313000679016113,2.5313000679016113,2.5,2.5313000679016113,1.296450138092041,4800
1988-11-29,2.5625,2.5938000679016113,2.5313000679016113,2.5625,1.3124308586120605,297600
1988-11-30,2.5625,2.5625,2.5625,2.5625,1.3124308586120605,3200
1988-12-01,2.5625,2.5625,2.5625,2.5625,1.3124308586120605,0
1988-12-02,2.4688000679016113,2.5,2.4375,2.4688000679016113,1.2644402980804443,27200
1988-12-05,2.4688000679016113,2.4688000679016113,2.4688000679016113,2.4688000679016113,1.2644402980804443,0
1988-12-06,2.5625,2.5625,2.5625,2.5625,1.3124308586120605,3200
1988-12-07,2.5625,2.5625,2.5625,2.5625,1.3124308586120605,1600
1988-12-08,2.5625,2.5625,2.5625,2.5625,1.3124308586120605,1600
1988-12-09,2.5625,2.5625,2.5625,2.5625,1.3124308586120605,0
1988-12-12,2.5,2.5,2.4688000679016113,2.5,1.280419111251831,20800
1988-12-13,2.5,2.5,2.5,2.5,1.280419111251831,0
1988-12-14,2.5625,2.5625,2.5625,2.5625,1.3124308586120605,6400
1988-12-15,2.4688000679016113,2.4688000679016113,2.4688000679016113,2.4688000679016113,1.2644402980804443,3200
1988-12-16,2.5,2.5,2.5,2.5,1.280419111251831,19200
1988-12-19,2.5390989780426025,2.5625,2.4688000679016113,2.539099931716919,1.3004460334777832,140800
1988-12-20,2.539099931716919,2.539099931716919,2.539099931716919,2.539099931716919,1.3004460334777832,0
1988-12-21,2.5625,2.5625,2.5625,2.5625,1.3213813304901123,8000
1988-12-22,2.5,2.5625,2.4844000339508057,2.5,1.2891521453857422,115200
1988-12-23,2.5313000679016113,2.5313000679016113,2.5313000679016113,2.5313000679016113,1.3052921295166016,3200
1988-12-27,2.5313000679016113,2.5313000679016113,2.5313000679016113,2.5313000679016113,1.3052921295166016,32000
1988-12-28,2.5469000339508057,2.5469000339508057,2.5,2.5469000339508057,1.313336968421936,59200
1988-12-29,2.5,2.5,2.5,2.5,1.2891521453857422,24000
1988-12-30,2.5938000679016113,2.5938000679016113,2.5938000679016113,2.5938000679016113,1.3375215530395508,8000
1989-01-03,2.5938000679016113,2.5938000679016113,2.5938000679016113,2.5938000679016113,1.3375215530395508,8000
1989-01-04,2.625,2.625,2.5313000679016113,2.625,1.3536101579666138,595200
1989-01-05,2.7813000679016113,2.7813000679016113,2.640700101852417,2.7813000679016113,1.434207797050476,632000
1989-01-06,2.703200101852417,2.7813000679016113,2.703200101852417,2.703200101852417,1.393935203552246,8000
1989-01-09,2.703200101852417,2.7813000679016113,2.703200101852417,2.703200101852417,1.393935203552246,17600
1989-01-10,2.75,2.75,2.6875,2.75,1.4180675745010376,14400
1989-01-11,2.6875,2.6875,2.6875,2.6875,1.3858399391174316,1600
1989-01-12,2.75,2.75,2.75,2.75,1.4180675745010376,8000
1989-01-13,2.75,2.75,2.75,2.75,1.4180675745010376,0
1989-01-16,2.703200101852417,2.703200101852417,2.6875,2.703200101852417,1.393935203552246,78400
1989-01-17,2.7813000679016113,2.7813000679016113,2.75,2.7813000679016113,1.434207797050476,68800
1989-01-18,2.7813000679016113,2.7813000679016113,2.703200101852417,2.7813000679016113,1.434207797050476,9600
1989-01-19,2.7813000679016113,2.7813000679016113,2.703200101852417,2.7813000679016113,1.434207797050476,17600
1989-01-20,2.75,2.7813000679016113,2.75,2.75,1.4180675745010376,32000
1989-01-23,2.7578999996185303,2.7578999996185303,2.7188000679016113,2.7578999996185303,1.4221413135528564,366400
1989-01-24,2.7969000339508057,2.828200101852417,2.7188000679016113,2.7969000339508057,1.4422515630722046,587200
1989-01-25,2.9063000679016113,2.9063000679016113,2.7813000679016113,2.9063000679016113,1.4986660480499268,297600
1989-01-26,2.9375,3.0,2.9063000679016113,2.9375,1.5147534608840942,65600
1989-01-27,2.9688000679016113,3.0,2.9688000679016113,2.9688000679016113,1.530894160270691,52800
1989-01-30,3.0625,3.0625,2.9921998977661133,3.0625,1.579211950302124,102400
1989-01-31,3.0313000679016113,3.125,3.0,3.0313000679016113,1.5631232261657715,43200
1989-02-01,3.125,3.2188000679016113,3.0313000679016113,3.125,1.6114410161972046,342400
1989-02-02,3.125,3.2188000679016113,3.125,3.125,1.6114410161972046,275200
1989-02-03,3.125,3.1875,3.125,3.125,1.6114410161972046,41600
1989-02-06,3.1875,3.1875,3.125,3.1875,1.643669843673706,75200
1989-02-07,3.1875,3.1875,3.125,3.1875,1.643669843673706,283200
1989-02-08,3.1563000679016113,3.1875,3.1563000679016113,3.1563000679016113,1.6275806427001953,25600
1989-02-09,3.1875,3.1875,3.125,3.1875,1.643669843673706,9600
1989-02-10,3.1328999996185303,3.1875,3.125,3.1328999996185303,1.6155143976211548,97600
1989-02-13,3.125,3.1563000679016113,3.0625,3.125,1.6114410161972046,318400
1989-02-14,3.125,3.125,3.125,3.125,1.6114410161972046,0
1989-02-15,3.125,3.125,3.125,3.125,1.6114410161972046,0
1989-02-16,3.0625,3.078200101852417,3.0625,3.0625,1.579211950302124,195200
1989-02-17,2.9688000679016113,3.125,2.9688000679016113,2.9688000679016113,1.530894160270691,78400
1989-02-21,3.0625,3.0625,2.9688000679016113,3.0625,1.579211950302124,41600
1989-02-22,2.9688000679016113,3.0625,2.9688000679016113,2.9688000679016113,1.530894160270691,216000
1989-02-23,3.0,3.0,2.9688000679016113,3.0,1.5469837188720703,96000
1989-02-24,3.0625,3.0625,3.0,3.0625,1.579211950302124,1059200
1989-02-27,3.0938000679016113,3.0938000679016113,3.0313000679016113,3.0938000679016113,1.5953518152236938,8000
1989-02-28,3.2813000679016113,3.2813000679016113,3.0938000679016113,3.2813000679016113,1.6920385360717773,158400
1989-03-01,3.375,3.375,3.2813000679016113,3.375,1.7403559684753418,240000
1989-03-02,3.265700101852417,3.375,3.265700101852417,3.265700101852417,1.6839938163757324,12800
1989-03-03,3.2578999996185303,3.3125,3.2421998977661133,3.2578999996185303,1.679972767829895,347200
1989-03-06,3.2344000339508057,3.2813000679016113,3.2344000339508057,3.2344000339508057,1.6678541898727417,3200
1989-03-07,3.2344000339508057,3.2344000339508057,3.2344000339508057,3.2344000339508057,1.6678541898727417,0
1989-03-08,3.25,3.25,3.25,3.25,1.6758977174758911,1600
1989-03-09,3.25,3.2734999656677246,3.25,3.25,1.6758977174758911,88000
1989-03-10,3.3125,3.3125,3.25,3.3125,1.7081265449523926,164800
1989-03-13,3.25,3.3125,3.25,3.25,1.6758977174758911,92800
1989-03-14,3.25,3.25,3.25,3.25,1.6758977174758911,0
1989-03-15,3.3125,3.3125,3.3125,3.3125,1.7081265449523926,1600
1989-03-16,3.25,3.3125,3.25,3.25,1.6758977174758911,4800
1989-03-17,3.25,3.25,3.25,3.25,1.6758977174758911,209600
1989-03-20,3.3125,3.3125,3.25,3.3125,1.7081265449523926,1556800
1989-03-21,3.3125,3.3125,3.2813000679016113,3.3125,1.7081265449523926,56000
1989-03-22,3.4063000679016113,3.5,3.3125,3.4063000679016113,1.756496787071228,552000
1989-03-23,3.4688000679016113,3.5625,3.4688000679016113,3.4688000679016113,1.7887247800827026,80000
1989-03-27,3.4375,3.5625,3.4375,3.4375,1.7725849151611328,84800
1989-03-28,3.5625,3.5625,3.4375,3.5625,1.846280574798584,129600
1989-03-29,3.5625,3.5625,3.4688000679016113,3.5625,1.846280574798584,248000
1989-03-30,3.4688000679016113,3.5625,3.4688000679016113,3.4688000679016113,1.7977197170257568,9600
1989-03-31,3.5625,3.5625,3.4688000679016113,3.5625,1.846280574798584,40000
1989-04-03,3.5313000679016113,3.5313000679016113,3.4688000679016113,3.5313000679016113,1.8301109075546265,84800
1989-04-04,3.5625,3.5625,3.5625,3.5625,1.846280574798584,8000
1989-04-05,3.5625,3.5625,3.4375,3.5625,1.846280574798584,152000
1989-04-06,3.5469000339508057,3.5469000339508057,3.4375,3.5469000339508057,1.83819580078125,67200
1989-04-07,3.4688000679016113,3.5625,3.4375,3.4688000679016113,1.7977197170257568,150400
1989-04-10,3.5625,3.5625,3.4375,3.5625,1.846280574798584,6400
1989-04-11,3.4375,3.5625,3.4375,3.4375,1.7814990282058716,43200
1989-04-12,3.5625,3.5625,3.5625,3.5625,1.846280574798584,20800
1989-04-13,3.5625,3.5625,3.5625,3.5625,1.846280574798584,0
1989-04-14,3.5625,3.5625,3.4375,3.5625,1.846280574798584,835200
1989-04-17,3.5938000679016113,3.5938000679016113,3.5,3.5938000679016113,1.862501859664917,51200
1989-04-18,3.640700101852417,3.640700101852417,3.5,3.640700101852417,1.886807918548584,46400
1989-04-19,3.6563000679016113,3.6563000679016113,3.5625,3.6563000679016113,1.8948930501937866,152000
1989-04-20,3.6875,3.6875,3.6875,3.6875,1.9110616445541382,19200
1989-04-21,3.7188000679016113,3.7188000679016113,3.7188000679016113,3.7188000679016113,1.9272838830947876,4800
1989-04-24,3.7188000679016113,3.7188000679016113,3.625,3.7188000679016113,1.9272838830947876,214400
1989-04-25,4.0,4.0,3.625,4.0,2.0730161666870117,526400
1989-04-26,3.9688000679016113,4.015699863433838,3.9375,3.9688000679016113,2.056847095489502,982400
1989-04-27,4.0156989097595215,4.0625,3.9375,4.015699863433838,2.08115291595459,251200
1989-04-28,3.9844000339508057,4.0625,3.9375,3.9844000339508057,2.0649313926696777,224000
1989-05-01,4.0,4.093800067901611,3.9688000679016113,4.0,2.0730161666870117,83200
1989-05-02,4.0,4.093800067901611,4.0,4.0,2.0730161666870117,566400
1989-05-03,4.0781989097595215,4.093800067901611,4.031300067901611,4.078199863433838,2.1135449409484863,73600
1989-05-04,4.0625,4.093800067901611,4.031300067901611,4.0625,2.1054069995880127,206400
1989-05-05,4.031300067901611,4.078199863433838,4.031300067901611,4.031300067901611,2.089238166809082,377600
1989-05-08,4.0625,4.093800067901611,4.031300067901611,4.0625,2.1054069995880127,240000
1989-05-09,4.0625,4.0625,4.0625,4.0625,2.1054069995880127,0
1989-05-10,4.031300067901611,4.039100170135498,4.031300067901611,4.031300067901611,2.089238166809082,28800
1989-05-11,4.093800067901611,4.093800067901611,4.0,4.093800067901611,2.121629238128662,9600
1989-05-12,4.031300067901611,4.093800067901611,4.031300067901611,4.031300067901611,2.089238166809082,35200
1989-05-15,4.125,4.125,4.031300067901611,4.125,2.137798309326172,126400
1989-05-16,4.0625,4.0625,4.0625,4.0625,2.1054069995880127,4800
1989-05-17,4.0625,4.0625,4.0625,4.0625,2.1054069995880127,11200
1989-05-18,4.0625,4.0625,4.0625,4.0625,2.1054069995880127,43200
1989-05-19,4.0625,4.0625,4.046899795532227,4.0625,2.1054069995880127,806400
1989-05-22,4.023499965667725,4.125,4.023499965667725,4.023499965667725,2.085195541381836,88000
1989-05-23,4.031300067901611,4.031300067901611,4.031300067901611,4.031300067901611,2.089238166809082,3200
1989-05-24,4.0,4.031300067901611,4.0,4.0,2.0730161666870117,20800
1989-05-25,4.0,4.0,4.0,4.0,2.0730161666870117,22400
1989-05-26,4.093800067901611,4.093800067901611,4.093800067901611,4.093800067901611,2.121629238128662,16000
1989-05-30,4.0,4.093800067901611,4.0,4.0,2.0730161666870117,11200
1989-05-31,4.0,4.0,4.0,4.0,2.0730161666870117,9600
1989-06-01,3.9375,4.031300067901611,3.9375,3.9375,2.040626287460327,116800
1989-06-02,3.9375,4.0,3.9063000679016113,3.9375,2.040626287460327,140800
1989-06-05,3.9063000679016113,3.953200101852417,3.9063000679016113,3.9063000679016113,2.02445650100708,150400
1989-06-06,3.9063000679016113,3.953200101852417,3.9063000679016113,3.9063000679016113,2.02445650100708,19200
1989-06-07,3.9375,3.9375,3.9375,3.9375,2.040626287460327,32000
1989-06-08,3.9063000679016113,4.0,3.9063000679016113,3.9063000679016113,2.02445650100708,35200
1989-06-09,3.875,3.9375,3.875,3.875,2.008234977722168,401600
1989-06-12,3.8438000679016113,3.9375,3.8438000679016113,3.8438000679016113,1.992064356803894,68800
1989-06-13,3.7813000679016113,3.9063000679016113,3.7813000679016113,3.7813000679016113,1.9596744775772095,382400
1989-06-14,3.8125,3.8438000679016113,3.75,3.8125,1.9758436679840088,172800
1989-06-15,3.75,3.8438000679016113,3.75,3.75,1.943453311920166,6400
1989-06-16,3.75,3.8125,3.75,3.75,1.943453311920166,20800
1989-06-19,3.8438000679016113,3.8438000679016113,3.75,3.8438000679016113,1.992064356803894,6400
1989-06-20,3.75,3.765700101852417,3.75,3.75,1.943453311920166,44800
1989-06-21,3.75,3.75,3.75,3.75,1.943453311920166,57600
1989-06-22,3.75,3.75,3.75,3.75,1.943453311920166,49600
1989-06-23,3.75,3.8125,3.6875,3.75,1.943453311920166,38400
1989-06-26,3.7813000679016113,3.7813000679016113,3.7188000679016113,3.7813000679016113,1.9596744775772095,6400
1989-06-27,3.6875,3.6875,3.6563000679016113,3.6875,1.9110616445541382,49600
1989-06-28,3.6875,3.75,3.5938000679016113,3.6875,1.9200178384780884,60800
1989-06-29,3.5625,3.5625,3.5469000339508057,3.5625,1.8549327850341797,70400
1989-06-30,3.5625,3.5625,3.5,3.5625,1.8549327850341797,62400
1989-07-03,3.5625,3.5625,3.5625,3.5625,1.8549327850341797,0
1989-07-05,3.4688000679016113,3.5,3.4688000679016113,3.4688000679016113,1.806143879890442,521600
1989-07-06,3.4844000339508057,3.5469000339508057,3.4688000679016113,3.4844000339508057,1.814267873764038,203200
1989-07-07,3.5625,3.5625,3.4688000679016113,3.5625,1.8549327850341797,25600
1989-07-10,3.5,3.5,3.5,3.5,1.822390079498291,8000
1989-07-11,3.625,3.625,3.5,3.625,1.887475848197937,64000
1989-07-12,3.6719000339508057,3.6875,3.6563000679016113,3.6719000339508057,1.9118949174880981,88000
1989-07-13,3.6563000679016113,3.6563000679016113,3.6563000679016113,3.6563000679016113,1.9037742614746094,3200
1989-07-14,3.6563000679016113,3.6563000679016113,3.6563000679016113,3.6563000679016113,1.9037742614746094,16000
1989-07-17,3.6563000679016113,3.6563000679016113,3.6563000679016113,3.6563000679016113,1.9037742614746094,12800
1989-07-18,3.6563000679016113,3.6563000679016113,3.6563000679016113,3.6563000679016113,1.9037742614746094,4800
1989-07-19,3.6563000679016113,3.6563000679016113,3.6563000679016113,3.6563000679016113,1.9037742614746094,0
1989-07-20,3.7188000679016113,3.7188000679016113,3.6719000339508057,3.7188000679016113,1.9363154172897339,96000
1989-07-21,3.75,3.75,3.6875,3.75,1.9525606632232666,8000
1989-07-24,3.6875,3.6875,3.6875,3.6875,1.9200178384780884,9600
1989-07-25,3.6563000679016113,3.703200101852417,3.6563000679016113,3.6563000679016113,1.9037742614746094,508800
1989-07-26,3.6875,3.7813000679016113,3.6719000339508057,3.6875,1.9200178384780884,160000
1989-07-27,3.6875,3.6875,3.6875,3.6875,1.9200178384780884,11200
1989-07-28,3.6875,3.6875,3.6875,3.6875,1.9200178384780884,14400
1989-07-31,3.6875,3.6875,3.6875,3.6875,1.9200178384780884,12800
1989-08-01,3.703200101852417,3.75,3.6875,3.703200101852417,1.9281929731369019,801600
1989-08-02,3.6875,3.6875,3.6875,3.6875,1.9200178384780884,11200
1989-08-03,3.8438000679016113,3.8438000679016113,3.75,3.8438000679016113,2.0014002323150635,67200
1989-08-04,3.875,3.875,3.75,3.875,2.0176455974578857,56000
1989-08-07,3.9063000679016113,3.9063000679016113,3.875,3.9063000679016113,2.0339431762695312,203200
1989-08-08,3.875,3.875,3.8438000679016113,3.875,2.0176455974578857,19200
1989-08-09,4.0,4.0,3.8438000679016113,4.0,2.082730770111084,289600
1989-08-10,3.9375,4.0,3.9219000339508057,3.9375,2.0501890182495117,48000
1989-08-11,3.9063000679016113,3.914099931716919,3.9063000679016113,3.9063000679016113,2.0339431762695312,17600
1989-08-14,3.9063000679016113,3.9063000679016113,3.9063000679016113,3.9063000679016113,2.0339431762695312,1600
1989-08-15,3.9063000679016113,3.9063000679016113,3.9063000679016113,3.9063000679016113,2.0339431762695312,8000
1989-08-16,3.9063000679016113,3.9063000679016113,3.9063000679016113,3.9063000679016113,2.0339431762695312,16000
1989-08-17,4.0,4.0,3.9375,4.0,2.082730770111084,80000
1989-08-18,4.0,4.0,4.0,4.0,2.082730770111084,0
1989-08-21,4.0,4.0,4.0,4.0,2.082730770111084,0
1989-08-22,3.9063000679016113,3.9375,3.9063000679016113,3.9063000679016113,2.0339431762695312,49600
1989-08-23,4.0,4.0,3.9688000679016113,4.0,2.082730770111084,19200
1989-08-24,3.953200101852417,4.0,3.9375,3.953200101852417,2.0583627223968506,67200
1989-08-25,3.9375,3.9375,3.9375,3.9375,2.0501890182495117,12800
1989-08-28,4.0,4.0,4.0,4.0,2.082730770111084,1600
1989-08-29,3.953200101852417,3.953200101852417,3.9375,3.953200101852417,2.0583627223968506,24000
1989-08-30,3.8438000679016113,3.9063000679016113,3.8438000679016113,3.8438000679016113,2.0014002323150635,72000
1989-08-31,3.9063000679016113,3.9063000679016113,3.8125,3.9063000679016113,2.0339431762695312,152000
1989-09-01,3.9063000679016113,3.9063000679016113,3.9063000679016113,3.9063000679016113,2.0339431762695312,19200
1989-09-05,3.9063000679016113,3.9063000679016113,3.9063000679016113,3.9063000679016113,2.0339431762695312,118400
1989-09-06,3.9375,3.9688000679016113,3.875,3.9375,2.0501890182495117,428800
1989-09-07,4.0,4.0,3.9063000679016113,4.0,2.082730770111084,99200
1989-09-08,4.007900238037109,4.007900238037109,4.0,4.007900238037109,2.086845636367798,184000
1989-09-11,4.031300067901611,4.039100170135498,4.015699863433838,4.031300067901611,2.0990278720855713,347200
1989-09-12,4.0,4.0,4.0,4.0,2.082730770111084,6400
1989-09-13,4.0156989097595215,4.0625,4.0,4.015699863433838,2.0909061431884766,43200
1989-09-14,4.031300067901611,4.031300067901611,4.031300067901611,4.031300067901611,2.0990278720855713,12800
1989-09-15,4.093800067901611,4.093800067901611,4.031300067901611,4.093800067901611,2.1315715312957764,908800
1989-09-18,4.156300067901611,4.156300067901611,4.125,4.156300067901611,2.164113998413086,96000
1989-09-19,4.1875,4.1875,4.101600170135498,4.1875,2.1803600788116455,27200
1989-09-20,4.1875,4.1875,4.1875,4.1875,2.1803600788116455,0
1989-09-21,4.2656989097595215,4.265699863433838,4.1875,4.265699863433838,2.2210772037506104,49600
1989-09-22,4.3125,4.3125,4.218800067901611,4.3125,2.2454450130462646,100800
1989-09-25,4.25,4.328199863433838,4.25,4.25,2.212902307510376,19200
1989-09-26,4.328199863433838,4.328199863433838,4.328199863433838,4.328199863433838,2.253619432449341,1600
1989-09-27,4.281300067901611,4.281300067901611,4.218800067901611,4.281300067901611,2.2380940914154053,76800
1989-09-28,4.218800067901611,4.218800067901611,4.218800067901611,4.218800067901611,2.2054216861724854,25600
1989-09-29,4.218800067901611,4.218800067901611,4.218800067901611,4.218800067901611,2.2054216861724854,1600
1989-10-02,4.3125,4.3125,4.218800067901611,4.3125,2.254403591156006,8000
1989-10-03,4.281300067901611,4.3125,4.218800067901611,4.281300067901611,2.2380940914154053,62400
1989-10-04,4.2656989097595215,4.265699863433838,4.218800067901611,4.265699863433838,2.2299375534057617,1312000
1989-10-05,4.265699863433838,4.265699863433838,4.265699863433838,4.265699863433838,2.2299375534057617,0
1989-10-06,4.2656989097595215,4.265699863433838,4.218800067901611,4.265699863433838,2.2299375534057617,1932800
1989-10-09,4.265699863433838,4.265699863433838,4.265699863433838,4.265699863433838,2.2299375534057617,0
1989-10-10,4.3125,4.3125,4.3125,4.3125,2.254403591156006,3200
1989-10-11,4.2656989097595215,4.343800067901611,4.25,4.265699863433838,2.2299375534057617,104000
1989-10-12,4.265699863433838,4.265699863433838,4.265699863433838,4.265699863433838,2.2299375534057617,48000
1989-10-13,4.218800067901611,4.281300067901611,4.218800067901611,4.218800067901611,2.2054216861724854,113600
1989-10-16,4.125,4.156300067901611,4.031300067901611,4.125,2.156386375427246,81600
1989-10-17,4.0625,4.125,4.0625,4.0625,2.123713493347168,24000
1989-10-18,4.0625,4.0625,4.0625,4.0625,2.123713493347168,35200
1989-10-19,4.0625,4.093800067901611,4.0625,4.0625,2.123713493347168,48000
1989-10-20,4.0625,4.156300067901611,4.0625,4.0625,2.123713493347168,33600
1989-10-23,4.0625,4.0625,4.0625,4.0625,2.123713493347168,52800
1989-10-24,4.0,4.031300067901611,4.0,4.0,2.0910401344299316,27200
1989-10-25,4.0,4.0,4.0,4.0,2.0910401344299316,3200
1989-10-26,4.0,4.0,4.0,4.0,2.0910401344299316,27200
1989-10-27,4.0,4.0,4.0,4.0,2.0910401344299316,0
1989-10-30,3.9688000679016113,4.0,3.9688000679016113,3.9688000679016113,2.074730157852173,46400
1989-10-31,3.9688000679016113,3.9688000679016113,3.9688000679016113,3.9688000679016113,2.074730157852173,0
1989-11-01,4.031300067901611,4.0625,4.0,4.031300067901611,2.1074025630950928,16000
1989-11-02,4.031300067901611,4.031300067901611,3.9688000679016113,4.031300067901611,2.1074025630950928,9600
1989-11-03,3.9688000679016113,3.9688000679016113,3.9688000679016113,3.9688000679016113,2.074730157852173,9600
1989-11-06,3.9688000679016113,3.9688000679016113,3.9688000679016113,3.9688000679016113,2.074730157852173,22400
1989-11-07,4.031300067901611,4.031300067901611,4.031300067901611,4.031300067901611,2.1074025630950928,4800
1989-11-08,3.9688000679016113,4.031300067901611,3.9688000679016113,3.9688000679016113,2.074730157852173,70400
1989-11-09,3.9688000679016113,3.9688000679016113,3.9688000679016113,3.9688000679016113,2.074730157852173,0
1989-11-10,3.9219000339508057,4.031300067901611,3.9063000679016113,3.9219000339508057,2.0502138137817383,208000
1989-11-13,3.9063000679016113,3.9688000679016113,3.9063000679016113,3.9063000679016113,2.0420584678649902,6400
1989-11-14,3.9063000679016113,3.9063000679016113,3.9063000679016113,3.9063000679016113,2.0420584678649902,20800
1989-11-15,3.9063000679016113,3.9063000679016113,3.875,3.9063000679016113,2.0420584678649902,97600
1989-11-16,3.9375,3.9375,3.875,3.9375,2.058368682861328,40000
1989-11-17,3.875,3.875,3.875,3.875,2.025696277618408,43200
1989-11-20,3.875,3.875,3.875,3.875,2.025696277618408,3200
1989-11-21,3.875,3.9375,3.875,3.875,2.025696277618408,11200
1989-11-22,3.875,3.9375,3.875,3.875,2.025696277618408,6400
1989-11-24,3.875,3.875,3.875,3.875,2.025696277618408,0
1989-11-27,3.8125,3.9219000339508057,3.8125,3.8125,1.9930236339569092,51200
1989-11-28,3.6875,3.8125,3.6563000679016113,3.6875,1.9276776313781738,228800
1989-11-29,3.6563000679016113,3.6875,3.6563000679016113,3.6563000679016113,1.9113693237304688,43200
1989-11-30,3.7188000679016113,3.7188000679016113,3.625,3.7188000679016113,1.9440407752990723,105600
1989-12-01,3.5938000679016113,3.5938000679016113,3.5938000679016113,3.5938000679016113,1.878696084022522,3200
1989-12-04,3.5625,3.5938000679016113,3.5625,3.5625,1.8623340129852295,25600
1989-12-05,3.6875,3.6875,3.5625,3.6875,1.9276776313781738,24000
1989-12-06,3.6875,3.6875,3.5625,3.6875,1.9276776313781738,6400
1989-12-07,3.5625,3.5625,3.5625,3.5625,1.8623340129852295,8000
1989-12-08,3.5625,3.5625,3.5625,3.5625,1.8623340129852295,32000
1989-12-11,3.3438000679016113,3.5313000679016113,3.3438000679016113,3.3438000679016113,1.7480063438415527,249600
1989-12-12,3.4375,3.4375,3.3438000679016113,3.4375,1.7969883680343628,406400
1989-12-13,3.4375,3.4375,3.3438000679016113,3.4375,1.7969883680343628,38400
1989-12-14,3.375,3.4688000679016113,3.375,3.375,1.7643159627914429,121600
1989-12-15,3.3594000339508057,3.375,3.3594000339508057,3.3594000339508057,1.7561609745025635,123200
1989-12-18,3.3438000679016113,3.3438000679016113,3.3438000679016113,3.3438000679016113,1.7480063438415527,36800
1989-12-19,3.3438000679016113,3.3438000679016113,3.3438000679016113,3.3438000679016113,1.7480063438415527,16000
1989-12-20,3.4375,3.4375,3.3438000679016113,3.4375,1.7969883680343628,228800
1989-12-21,3.4375,3.4375,3.4375,3.4375,1.806025505065918,16000
1989-12-22,3.4375,3.4375,3.4375,3.4375,1.806025505065918,0
1989-12-26,3.4375,3.4375,3.4375,3.4375,1.806025505065918,0
1989-12-27,3.4375,3.4375,3.4375,3.4375,1.806025505065918,0
1989-12-28,3.265700101852417,3.3125,3.25,3.265700101852417,1.715762972831726,52800
1989-12-29,3.3125,3.3125,3.25,3.3125,1.7403510808944702,94400
1990-01-02,3.3125,3.3125,3.25,3.3125,1.7403510808944702,8000
1990-01-03,3.25,3.25,3.25,3.25,1.7075135707855225,1600
1990-01-04,3.3438000679016113,3.3438000679016113,3.3438000679016113,3.3438000679016113,1.7567955255508423,1600
1990-01-05,3.25,3.25,3.25,3.25,1.7075135707855225,1600
1990-01-08,3.3438000679016113,3.3438000679016113,3.25,3.3438000679016113,1.7567955255508423,108800
1990-01-09,3.25,3.3438000679016113,3.25,3.25,1.7075135707855225,3200
1990-01-10,3.3359999656677246,3.3438000679016113,3.2813000679016113,3.3359999656677246,1.7526984214782715,43200
1990-01-11,3.2813000679016113,3.2813000679016113,3.2813000679016113,3.2813000679016113,1.7239596843719482,4800
1990-01-12,3.2813000679016113,3.2813000679016113,3.2813000679016113,3.2813000679016113,1.7239596843719482,158400
1990-01-15,3.3438000679016113,3.3438000679016113,3.2813000679016113,3.3438000679016113,1.7567955255508423,17600
1990-01-16,3.25,3.3438000679016113,3.25,3.25,1.7075135707855225,25600
1990-01-17,3.3438000679016113,3.3438000679016113,3.25,3.3438000679016113,1.7567955255508423,16000
1990-01-18,3.25,3.3438000679016113,3.25,3.25,1.7075135707855225,115200
1990-01-19,3.25,3.25,3.25,3.25,1.7075135707855225,24000
1990-01-22,3.25,3.25,3.25,3.25,1.7075135707855225,4800
1990-01-23,3.25,3.25,3.25,3.25,1.7075135707855225,83200
1990-01-24,3.0625,3.1875,3.0625,3.0625,1.6090039014816284,92800
1990-01-25,3.0625,3.0625,3.0625,3.0625,1.6090039014816284,22400
1990-01-26,3.1875,3.1875,3.0625,3.1875,1.6746776103973389,97600
1990-01-29,3.0625,3.0625,3.0625,3.0625,1.6090039014816284,1600
1990-01-30,3.0625,3.0625,3.0625,3.0625,1.6090039014816284,20800
1990-01-31,3.0625,3.0625,3.0625,3.0625,1.6090039014816284,8000
1990-02-01,2.875,3.0625,2.875,2.875,1.5104938745498657,107200
1990-02-02,2.7188000679016113,2.875,2.7188000679016113,2.7188000679016113,1.4284276962280273,72000
1990-02-05,2.375,2.625,2.375,2.375,1.247799038887024,72000
1990-02-06,2.5313000679016113,2.5313000679016113,2.375,2.5313000679016113,1.3299168348312378,787200
1990-02-07,2.4219000339508057,2.4688000679016113,2.4219000339508057,2.4219000339508057,1.27243971824646,8000
1990-02-08,2.5313000679016113,2.5313000679016113,2.4219000339508057,2.5313000679016113,1.3299168348312378,3200
1990-02-09,2.4375,2.5313000679016113,2.4375,2.4375,1.2806355953216553,11200
1990-02-12,2.4375,2.4375,2.4375,2.4375,1.2806355953216553,0
1990-02-13,2.4609999656677246,2.4609999656677246,2.4219000339508057,2.4609999656677246,1.2929818630218506,252800
1990-02-14,2.4375,2.5313000679016113,2.4375,2.4375,1.2806355953216553,249600
1990-02-15,2.75,2.75,2.625,2.75,1.4448198080062866,57600
1990-02-16,2.8438000679016113,2.8438000679016113,2.75,2.8438000679016113,1.4941020011901855,9600
1990-02-20,2.8438000679016113,2.8438000679016113,2.75,2.8438000679016113,1.4941020011901855,19200
1990-02-21,2.6875,2.7188000679016113,2.6875,2.6875,1.411982536315918,16000
1990-02-22,2.6875,2.6875,2.6875,2.6875,1.411982536315918,4800
1990-02-23,2.578200101852417,2.578200101852417,2.5,2.578200101852417,1.354557752609253,24000
1990-02-26,2.453200101852417,2.5,2.453200101852417,2.453200101852417,1.2888846397399902,9600
1990-02-27,2.5625,2.5625,2.4844000339508057,2.5625,1.3463099002838135,163200
1990-02-28,2.5313000679016113,2.5313000679016113,2.5313000679016113,2.5313000679016113,1.3299168348312378,8000
1990-03-01,2.5,2.5625,2.5,2.5,1.313472867012024,20800
1990-03-02,2.5,2.5938000679016113,2.5,2.5,1.313472867012024,4800
1990-03-05,2.5938000679016113,2.5938000679016113,2.5,2.5938000679016113,1.3627547025680542,11200
1990-03-06,2.5,2.5938000679016113,2.5,2.5,1.313472867012024,25600
1990-03-07,2.5,2.5,2.5,2.5,1.313472867012024,0
1990-03-08,2.5625,2.5625,2.5469000339508057,2.5625,1.3463099002838135,152000
1990-03-09,2.5625,2.5625,2.5625,2.5625,1.3463099002838135,16000
1990-03-12,2.5625,2.5625,2.5625,2.5625,1.3463099002838135,0
1990-03-13,2.375,2.5,2.375,2.375,1.247799038887024,171200
1990-03-14,2.4063000679016113,2.4688000679016113,2.375,2.4063000679016113,1.264243245124817,169600
1990-03-15,2.4688000679016113,2.4688000679016113,2.4063000679016113,2.4688000679016113,1.2970800399780273,75200
1990-03-16,2.4688000679016113,2.4688000679016113,2.4063000679016113,2.4688000679016113,1.2970800399780273,198400
1990-03-19,2.4688000679016113,2.4688000679016113,2.4688000679016113,2.4688000679016113,1.2970800399780273,41600
1990-03-20,2.4688000679016113,2.4688000679016113,2.453200101852417,2.4688000679016113,1.2970800399780273,9600
1990-03-21,2.4063000679016113,2.4063000679016113,2.4063000679016113,2.4063000679016113,1.264243245124817,1600
1990-03-22,2.4688000679016113,2.4688000679016113,2.4063000679016113,2.4688000679016113,1.2970800399780273,40000
1990-03-23,2.4688000679016113,2.4688000679016113,2.4063000679016113,2.4688000679016113,1.2970800399780273,48000
1990-03-26,2.4688000679016113,2.4688000679016113,2.4688000679016113,2.4688000679016113,1.2970800399780273,1600
1990-03-27,2.4375,2.4688000679016113,2.4063000679016113,2.4375,1.2806355953216553,20800
1990-03-28,2.4688000679016113,2.4688000679016113,2.4296998977661133,2.4688000679016113,1.306297779083252,83200
1990-03-29,2.4688000679016113,2.4688000679016113,2.4063000679016113,2.4688000679016113,1.306297779083252,88000
1990-03-30,2.4375,2.453200101852417,2.4063000679016113,2.4375,1.2897363901138306,140800
1990-04-02,2.4688000679016113,2.4688000679016113,2.4063000679016113,2.4688000679016113,1.306297779083252,24000
1990-04-03,2.4688000679016113,2.4688000679016113,2.4063000679016113,2.4688000679016113,1.306297779083252,176000
1990-04-04,2.4688000679016113,2.4688000679016113,2.4375,2.4688000679016113,1.306297779083252,73600
1990-04-05,2.453200101852417,2.4688000679016113,2.453200101852417,2.453200101852417,1.2980443239212036,38400
1990-04-06,2.453200101852417,2.453200101852417,2.453200101852417,2.453200101852417,1.2980443239212036,0
1990-04-09,2.4375,2.4688000679016113,2.4375,2.4375,1.2897363901138306,64000
1990-04-10,2.4375,2.4375,2.4375,2.4375,1.2897363901138306,25600
1990-04-11,2.4375,2.4688000679016113,2.4375,2.4375,1.2897363901138306,28800
1990-04-12,2.4688000679016113,2.4688000679016113,2.4375,2.4688000679016113,1.306297779083252,30400
1990-04-16,2.4375,2.4688000679016113,2.4375,2.4375,1.2897363901138306,52800
1990-04-17,2.4375,2.4688000679016113,2.4375,2.4375,1.2897363901138306,43200
1990-04-18,2.4375,2.4688000679016113,2.4375,2.4375,1.2897363901138306,99200
1990-04-19,2.4375,2.4375,2.4375,2.4375,1.2897363901138306,0
1990-04-20,2.4375,2.4375,2.4375,2.4375,1.2897363901138306,1600
1990-04-23,2.4375,2.4375,2.4375,2.4375,1.2897363901138306,14400
1990-04-24,2.4375,2.4375,2.4375,2.4375,1.2897363901138306,16000
1990-04-25,2.4375,2.4375,2.4375,2.4375,1.2897363901138306,0
1990-04-26,2.4375,2.4375,2.4375,2.4375,1.2897363901138306,0
1990-04-27,2.4375,2.4375,2.4375,2.4375,1.2897363901138306,16000
1990-04-30,2.4688000679016113,2.4688000679016113,2.4375,2.4688000679016113,1.306297779083252,3200
1990-05-01,2.4375,2.4375,2.4375,2.4375,1.2897363901138306,16000
1990-05-02,2.4375,2.4375,2.4375,2.4375,1.2897363901138306,4800
1990-05-03,2.4688000679016113,2.4688000679016113,2.453200101852417,2.4688000679016113,1.306297779083252,164800
1990-05-04,2.4688000679016113,2.4688000679016113,2.4688000679016113,2.4688000679016113,1.306297779083252,3200
1990-05-07,2.5938000679016113,2.5938000679016113,2.5,2.5938000679016113,1.3724390268325806,41600
1990-05-08,2.5938000679016113,2.5938000679016113,2.5938000679016113,2.5938000679016113,1.3724390268325806,3200
1990-05-09,2.5938000679016113,2.5938000679016113,2.539099931716919,2.5938000679016113,1.3724390268325806,49600
1990-05-10,2.5625,2.5938000679016113,2.5469000339508057,2.5625,1.35587739944458,80000
1990-05-11,2.5625,2.5625,2.5625,2.5625,1.35587739944458,0
1990-05-14,2.5313000679016113,2.5938000679016113,2.5313000679016113,2.5313000679016113,1.3393683433532715,6400
1990-05-15,2.5313000679016113,2.5313000679016113,2.5313000679016113,2.5313000679016113,1.3393683433532715,0
1990-05-16,2.5313000679016113,2.5313000679016113,2.5313000679016113,2.5313000679016113,1.3393683433532715,0
1990-05-17,2.5938000679016113,2.5938000679016113,2.5938000679016113,2.5938000679016113,1.3724390268325806,8000
1990-05-18,2.5938000679016113,2.5938000679016113,2.5313000679016113,2.5938000679016113,1.3724390268325806,366400
1990-05-21,2.5938000679016113,2.5938000679016113,2.578200101852417,2.5938000679016113,1.3724390268325806,116800
1990-05-22,2.5625,2.640700101852417,2.5625,2.5625,1.35587739944458,171200
1990-05-23,2.6563000679016113,2.6563000679016113,2.625,2.6563000679016113,1.4055092334747314,65600
1990-05-24,2.5938000679016113,2.5938000679016113,2.5938000679016113,2.5938000679016113,1.3724390268325806,1600
1990-05-25,2.6875,2.6875,2.664099931716919,2.664099931716919,1.4096360206604004,28800
1990-05-29,2.6875,2.6875,2.6719000339508057,2.6875,1.4220178127288818,212800
1990-05-30,2.9688000679016113,2.9688000679016113,2.6875,2.9688000679016113,1.5708599090576172,129600
1990-05-31,2.9688000679016113,2.9688000679016113,2.9063000679016113,2.9688000679016113,1.5708599090576172,16000
1990-06-01,2.9688000679016113,2.9688000679016113,2.9063000679016113,2.9688000679016113,1.5708599090576172,24000
1990-06-04,3.0313000679016113,3.0313000679016113,3.0313000679016113,3.0313000679016113,1.6039297580718994,1600
1990-06-05,3.0,3.0,3.0,3.0,1.5873689651489258,3200
1990-06-06,3.0,3.0,3.0,3.0,1.5873689651489258,4800
1990-06-07,3.0,3.0,3.0,3.0,1.5873689651489258,0
1990-06-08,3.0,3.0,3.0,3.0,1.5873689651489258,28800
1990-06-11,3.0,3.0,3.0,3.0,1.5873689651489258,6400
1990-06-12,3.0,3.0,3.0,3.0,1.5873689651489258,0
1990-06-13,3.0,3.0,3.0,3.0,1.5873689651489258,0
1990-06-14,3.0,3.0,3.0,3.0,1.5873689651489258,3200
1990-06-15,2.9688000679016113,3.0,2.9688000679016113,2.9688000679016113,1.5708599090576172,32000
1990-06-18,2.9688000679016113,2.9688000679016113,2.9688000679016113,2.9688000679016113,1.5708599090576172,0
1990-06-19,2.9063000679016113,2.9063000679016113,2.9063000679016113,2.9063000679016113,1.5377901792526245,9600
1990-06-20,2.9063000679016113,2.9063000679016113,2.9063000679016113,2.9063000679016113,1.5377901792526245,4800
1990-06-21,2.9063000679016113,3.0,2.9063000679016113,2.9063000679016113,1.5377901792526245,32000
1990-06-22,2.875,3.0,2.875,2.875,1.5212281942367554,113600
1990-06-25,2.9063000679016113,2.9063000679016113,2.9063000679016113,2.9063000679016113,1.5377901792526245,4800
1990-06-26,2.8125,2.8438000679016113,2.8125,2.8125,1.4881576299667358,28800
1990-06-27,2.7188000679016113,2.7344000339508057,2.7188000679016113,2.7188000679016113,1.4385790824890137,11200
1990-06-28,2.7188000679016113,2.7188000679016113,2.7188000679016113,2.7188000679016113,1.4477373361587524,19200
1990-06-29,2.8438000679016113,2.8438000679016113,2.8438000679016113,2.8438000679016113,1.5142995119094849,8000
1990-07-02,2.8438000679016113,2.8438000679016113,2.8438000679016113,2.8438000679016113,1.5142995119094849,1600
1990-07-03,2.8438000679016113,2.8438000679016113,2.8438000679016113,2.8438000679016113,1.5142995119094849,0
1990-07-05,2.7188000679016113,2.75,2.7188000679016113,2.7188000679016113,1.4477373361587524,24000
1990-07-06,2.6875,2.6875,2.6875,2.6875,1.4310716390609741,1600
1990-07-09,2.8125,2.8125,2.6875,2.8125,1.497632384300232,12800
1990-07-10,2.6875,2.6875,2.6875,2.6875,1.4310716390609741,17600
1990-07-11,2.6875,2.6875,2.6875,2.6875,1.4310716390609741,0
1990-07-12,2.6875,2.6875,2.6875,2.6875,1.4310716390609741,0
1990-07-13,2.6875,2.6875,2.6875,2.6875,1.4310716390609741,0
1990-07-16,2.6875,2.6875,2.6875,2.6875,1.4310716390609741,0
1990-07-17,2.6875,2.6875,2.6875,2.6875,1.4310716390609741,1600
1990-07-18,2.6875,2.6875,2.6875,2.6875,1.4310716390609741,8000
1990-07-19,2.6875,2.6875,2.6875,2.6875,1.4310716390609741,9600
1990-07-20,2.6875,2.6875,2.6875,2.6875,1.4310716390609741,0
1990-07-23,2.6563000679016113,2.6875,2.6563000679016113,2.6563000679016113,1.414457082748413,36800
1990-07-24,2.625,2.625,2.625,2.625,1.3977898359298706,3200
1990-07-25,2.625,2.625,2.625,2.625,1.3977898359298706,11200
1990-07-26,2.625,2.625,2.625,2.625,1.3977898359298706,14400
1990-07-27,2.625,2.625,2.625,2.625,1.3977898359298706,4800
1990-07-30,2.625,2.625,2.5938000679016113,2.625,1.3977898359298706,27200
1990-07-31,2.625,2.6563000679016113,2.6094000339508057,2.625,1.3977898359298706,206400
1990-08-01,2.625,2.625,2.625,2.625,1.3977898359298706,0
1990-08-02,2.5938000679016113,2.625,2.5938000679016113,2.5938000679016113,1.3811767101287842,83200
1990-08-03,2.5,2.5938000679016113,2.5,2.5,1.3312289714813232,64000
1990-08-06,2.375,2.5,2.375,2.375,1.2646678686141968,35200
1990-08-07,2.390700101852417,2.4375,2.375,2.390700101852417,1.2730276584625244,70400
1990-08-08,2.4375,2.4375,2.4375,2.4375,1.2979480028152466,28800
1990-08-09,2.4375,2.4375,2.4375,2.4375,1.2979480028152466,0
1990-08-10,2.4375,2.4375,2.4063000679016113,2.4375,1.2979480028152466,33600
1990-08-13,2.375,2.375,2.375,2.375,1.2646678686141968,1600
1990-08-14,2.375,2.4063000679016113,2.375,2.375,1.2646678686141968,19200
1990-08-15,2.4063000679016113,2.4375,2.375,2.4063000679016113,1.281334638595581,94400
1990-08-16,2.3125,2.390700101852417,2.3125,2.3125,1.2313873767852783,169600
1990-08-17,2.2813000679016113,2.2813000679016113,2.25,2.2813000679016113,1.2147730588912964,83200
1990-08-20,2.25,2.25,2.25,2.25,1.1981064081192017,6400
1990-08-21,2.125,2.25,2.125,2.125,1.131544589996338,75200
1990-08-22,2.125,2.125,1.9687999486923218,1.9687999486923218,1.0483697652816772,70400
1990-08-23,1.8125,1.9375,1.8125,1.8125,0.9651404619216919,72000
1990-08-24,1.875,1.875,1.8125,1.875,0.9984217286109924,46400
1990-08-27,2.0938000679016113,2.0938000679016113,1.875,2.0938000679016113,1.1149311065673828,123200
1990-08-28,2.2813000679016113,2.2813000679016113,2.1563000679016113,2.2813000679016113,1.2147730588912964,54400
1990-08-29,2.1875,2.1875,2.1875,2.1875,1.1648250818252563,3200
1990-08-30,2.1875,2.1875,2.1875,2.1875,1.1648250818252563,24000
1990-08-31,2.1875,2.1875,2.1875,2.1875,1.1648250818252563,0
1990-09-04,2.1875,2.1875,2.1875,2.1875,1.1648250818252563,16000
1990-09-05,2.1875,2.1875,2.1875,2.1875,1.1648250818252563,19200
1990-09-06,2.1875,2.1875,2.1875,2.1875,1.1648250818252563,1600
1990-09-07,2.2344000339508057,2.2813000679016113,2.2344000339508057,2.2344000339508057,1.1897987127304077,64000
1990-09-10,2.25,2.25,2.2344000339508057,2.25,1.1981064081192017,65600
1990-09-11,2.25,2.25,2.1875,2.25,1.1981064081192017,11200
1990-09-12,2.1875,2.25,2.1875,2.1875,1.1648250818252563,73600
1990-09-13,2.1563000679016113,2.25,2.1563000679016113,2.1563000679016113,1.1482113599777222,126400
1990-09-14,2.125,2.1875,2.125,2.125,1.131544589996338,30400
1990-09-17,2.0938000679016113,2.125,2.0938000679016113,2.0938000679016113,1.1149311065673828,19200
1990-09-18,2.0625,2.0938000679016113,2.0625,2.0625,1.0982640981674194,43200
1990-09-19,2.0,2.1563000679016113,2.0,2.0,1.0649830102920532,142400
1990-09-20,2.0469000339508057,2.0469000339508057,2.0469000339508057,2.0469000339508057,1.0899567604064941,16000
1990-09-21,1.9375,2.0,1.9375,1.9375,1.0317023992538452,35200
1990-09-24,1.8125,1.875,1.8125,1.8125,0.9651404619216919,14400
1990-09-25,1.875,1.875,1.8125,1.875,0.9984217286109924,72000
1990-09-26,1.8125,1.875,1.7969000339508057,1.8125,0.9651404619216919,56000
1990-09-27,1.8125,1.8125,1.75,1.8125,0.9743871688842773,9600
1990-09-28,1.8437989950180054,1.8437999486923218,1.75,1.8437999486923218,0.9912142157554626,1254400
1990-10-01,1.875,1.875,1.7812999486923218,1.7812999486923218,0.957615077495575,57600
1990-10-02,1.8125,1.8125,1.7812999486923218,1.8125,0.9743871688842773,19200
1990-10-03,1.8125,1.8437999486923218,1.7812999486923218,1.8125,0.9743871688842773,134400
1990-10-04,1.8125,1.8125,1.8125,1.8125,0.9743871688842773,91200
1990-10-05,1.8125,1.8125,1.7812999486923218,1.7812999486923218,0.957615077495575,486400
1990-10-08,1.7812999486923218,1.7812999486923218,1.7812999486923218,1.7812999486923218,0.957615077495575,0
1990-10-09,1.7656999826431274,1.7969000339508057,1.7656999826431274,1.7656999826431274,0.9492279887199402,107200
1990-10-10,1.75,1.75,1.75,1.75,0.9407878518104553,20800
1990-10-11,1.75,1.75,1.75,1.75,0.9407878518104553,3200
1990-10-12,1.75,1.75,1.75,1.75,0.9407878518104553,0
1990-10-15,1.7969000339508057,1.7969000339508057,1.75,1.7969000339508057,0.9660009741783142,32000
1990-10-16,1.7812999486923218,1.7812999486923218,1.7187999486923218,1.7187999486923218,0.9240145683288574,32000
1990-10-17,1.75,1.75,1.7187999486923218,1.7187999486923218,0.9240145683288574,257600
1990-10-18,1.6875,1.75,1.6875,1.6875,0.9071885943412781,102400
1990-10-19,1.6875,1.75,1.6875,1.6875,0.9071885943412781,20800
1990-10-22,1.6875,1.6875,1.6875,1.6875,0.9071885943412781,0
1990-10-23,1.6875,1.6875,1.6875,1.6875,0.9071885943412781,11200
1990-10-24,1.6875,1.7812999486923218,1.6875,1.6875,0.9071885943412781,14400
1990-10-25,1.6875,1.6875,1.6875,1.6875,0.9071885943412781,4800
1990-10-26,1.6875,1.7187999486923218,1.6875,1.6875,0.9071885943412781,99200
1990-10-29,1.6875,1.7031999826431274,1.6875,1.6875,0.9071885943412781,457600
1990-10-30,1.6875,1.6875,1.6875,1.6875,0.9071885943412781,1600
1990-10-31,1.6875,1.6875,1.6875,1.6875,0.9071885943412781,14400
1990-11-01,1.6875,1.75,1.6875,1.6875,0.9071885943412781,168000
1990-11-02,1.75,1.75,1.75,1.75,0.9407878518104553,14400
1990-11-05,1.6875,1.6875,1.6875,1.6875,0.9071885943412781,3200
1990-11-06,1.6875,1.6875,1.6875,1.6875,0.9071885943412781,0
1990-11-07,1.7187989950180054,1.7187999486923218,1.6875,1.7187999486923218,0.9240145683288574,12800
1990-11-08,1.6875,1.6875,1.6875,1.6875,0.9071885943412781,1600
1990-11-09,1.6875,1.6875,1.6875,1.6875,0.9071885943412781,3200
1990-11-12,1.6875,1.75,1.6875,1.6875,0.9071885943412781,43200
1990-11-13,1.7109999656677246,1.7109999656677246,1.6875,1.7109999656677246,0.9198222160339355,171200
1990-11-14,1.6953999996185303,1.75,1.6875,1.6953999996185303,0.9114354848861694,84800
1990-11-15,1.7109999656677246,1.7187999486923218,1.7031999826431274,1.7109999656677246,0.9198222160339355,99200
1990-11-16,1.6719000339508057,1.6875,1.625,1.6719000339508057,0.8988016843795776,84800
1990-11-19,1.625,1.625,1.625,1.625,0.8735885620117188,6400
1990-11-20,1.625,1.625,1.625,1.625,0.8735885620117188,0
1990-11-21,1.7187989950180054,1.7187999486923218,1.625,1.7187999486923218,0.9240145683288574,41600
1990-11-23,1.7187999486923218,1.7187999486923218,1.7187999486923218,1.7187999486923218,0.9240145683288574,0
1990-11-26,1.625,1.625,1.625,1.625,0.8735885620117188,3200
1990-11-27,1.6172000169754028,1.625,1.6172000169754028,1.6172000169754028,0.8693960905075073,321600
1990-11-28,1.6875,1.6875,1.625,1.6875,0.9071885943412781,41600
1990-11-29,1.625,1.625,1.625,1.625,0.8735885620117188,1600
1990-11-30,1.625,1.6875,1.625,1.625,0.8735885620117188,8000
1990-12-03,1.625,1.6875,1.625,1.625,0.8735885620117188,72000
1990-12-04,1.6719000339508057,1.6875,1.6719000339508057,1.6719000339508057,0.8988016843795776,275200
1990-12-05,1.6406999826431274,1.6406999826431274,1.6406999826431274,1.6406999826431274,0.882029116153717,1600
1990-12-06,1.6406999826431274,1.7187999486923218,1.6406999826431274,1.6406999826431274,0.882029116153717,16000
1990-12-07,1.7031999826431274,1.7187999486923218,1.6953999996185303,1.7031999826431274,0.9156290888786316,89600
1990-12-10,1.7187999486923218,1.7187999486923218,1.7187999486923218,1.7187999486923218,0.9240145683288574,20800
1990-12-11,1.7812989950180054,1.7812999486923218,1.6562999486923218,1.7812999486923218,0.957615077495575,116800
1990-12-12,1.7812999486923218,1.7812999486923218,1.7812999486923218,1.7812999486923218,0.957615077495575,11200
1990-12-13,1.875,1.875,1.7812999486923218,1.875,1.0079872608184814,17600
1990-12-14,1.875,1.875,1.875,1.875,1.0079872608184814,1600
1990-12-17,1.875,1.875,1.8125,1.875,1.0079872608184814,92800
1990-12-18,1.875,1.875,1.875,1.875,1.0079872608184814,51200
1990-12-19,1.875,1.9062999486923218,1.875,1.875,1.0079872608184814,27200
1990-12-20,1.9375,1.9375,1.9219000339508057,1.9375,1.0415868759155273,256000
1990-12-21,1.8125,1.9687999486923218,1.8125,1.8125,0.9831149578094482,158400
1990-12-24,1.8594000339508057,1.8594000339508057,1.8125,1.8594000339508057,1.0085543394088745,22400
1990-12-26,1.8125,1.8594000339508057,1.8125,1.8125,0.9831149578094482,64000
1990-12-27,1.8125,1.9062999486923218,1.8125,1.8125,0.9831149578094482,140800
1990-12-28,1.8437989950180054,1.8437999486923218,1.8125,1.8437999486923218,1.0000922679901123,48000
1990-12-31,1.875,1.875,1.8125,1.875,1.0170156955718994,27200
1991-01-02,1.875,1.875,1.875,1.875,1.0170156955718994,0
1991-01-03,1.8125,1.875,1.7812999486923218,1.8125,0.9831149578094482,147200
1991-01-04,1.8125,1.9062999486923218,1.8125,1.8125,0.9831149578094482,17600
1991-01-07,1.8594000339508057,1.8594000339508057,1.8594000339508057,1.8594000339508057,1.0085543394088745,4800
1991-01-08,1.8125,1.8125,1.7969000339508057,1.8125,0.9831149578094482,958400
1991-01-09,1.8281999826431274,1.8281999826431274,1.7812999486923218,1.7812999486923218,0.9661919474601746,185600
1991-01-10,1.7812999486923218,1.7812999486923218,1.7812999486923218,1.7812999486923218,0.9661919474601746,0
1991-01-11,1.7812999486923218,1.7812999486923218,1.7812999486923218,1.7812999486923218,0.9661919474601746,32000
1991-01-14,1.7812999486923218,1.7812999486923218,1.7812999486923218,1.7812999486923218,0.9661919474601746,1600
1991-01-15,1.7812999486923218,1.7812999486923218,1.7812999486923218,1.7812999486923218,0.9661919474601746,1600
1991-01-16,1.8281999826431274,1.8281999826431274,1.8281999826431274,1.8281999826431274,0.9916308522224426,16000
1991-01-17,1.8125,1.8125,1.8125,1.8125,0.9831149578094482,16000
1991-01-18,1.8125,1.875,1.8125,1.8125,0.9831149578094482,3200
1991-01-21,1.7812999486923218,1.7812999486923218,1.7812999486923218,1.7812999486923218,0.9661919474601746,1600
1991-01-22,1.8437999486923218,1.8437999486923218,1.8437999486923218,1.8437999486923218,1.0000922679901123,25600
1991-01-23,1.8437999486923218,1.8437999486923218,1.8437999486923218,1.8437999486923218,1.0000922679901123,0
1991-01-24,1.8437999486923218,1.8437999486923218,1.8437999486923218,1.8437999486923218,1.0000922679901123,0
1991-01-25,1.8437999486923218,1.8437999486923218,1.8437999486923218,1.8437999486923218,1.0000922679901123,0
1991-01-28,1.8437999486923218,1.8437999486923218,1.8437999486923218,1.8437999486923218,1.0000922679901123,0
1991-01-29,1.8437999486923218,1.8437999486923218,1.8437999486923218,1.8437999486923218,1.0000922679901123,0
1991-01-30,1.875,1.875,1.875,1.875,1.0170156955718994,1600
1991-01-31,1.875,1.875,1.8125,1.875,1.0170156955718994,43200
1991-02-01,1.8125,1.875,1.8125,1.8125,0.9831149578094482,164800
1991-02-04,1.8125,1.8906999826431274,1.8125,1.8125,0.9831149578094482,249600
1991-02-05,1.8594000339508057,1.8594000339508057,1.8125,1.8594000339508057,1.0085543394088745,208000
1991-02-06,1.875,1.875,1.8437999486923218,1.875,1.0170156955718994,236800
1991-02-07,1.9062989950180054,1.9062999486923218,1.8906999826431274,1.9062999486923218,1.0339932441711426,140800
1991-02-08,1.9375,1.9375,1.8437999486923218,1.8437999486923218,1.0000922679901123,25600
1991-02-11,1.9375,1.9687999486923218,1.875,1.9375,1.050916075706482,84800
1991-02-12,1.9297000169754028,1.9687999486923218,1.875,1.9297000169754028,1.0466855764389038,204800
1991-02-13,1.875,1.9375,1.875,1.875,1.0170156955718994,38400
1991-02-14,1.9531999826431274,1.9687999486923218,1.9531999826431274,1.9531999826431274,1.059431791305542,145600
1991-02-15,1.9687999486923218,1.9687999486923218,1.9062999486923218,1.9062999486923218,1.0339932441711426,89600
1991-02-19,1.9687989950180054,1.9687999486923218,1.875,1.9687999486923218,1.0678935050964355,11200
1991-02-20,1.875,1.9687999486923218,1.875,1.875,1.0170156955718994,24000
1991-02-21,1.875,1.875,1.875,1.875,1.0170156955718994,0
1991-02-22,1.9687999486923218,1.9687999486923218,1.9687999486923218,1.9687999486923218,1.0678935050964355,8000
1991-02-25,1.9609999656677246,1.9687999486923218,1.9375,1.9609999656677246,1.0636627674102783,235200
1991-02-26,1.9687999486923218,1.9687999486923218,1.9687999486923218,1.9687999486923218,1.0678935050964355,3200
1991-02-27,1.9687999486923218,1.9687999486923218,1.9687999486923218,1.9687999486923218,1.0678935050964355,1600
1991-02-28,1.9687989950180054,1.9687999486923218,1.9375,1.9687999486923218,1.0678935050964355,1019200
1991-03-01,1.9687989950180054,1.9687999486923218,1.875,1.9687999486923218,1.0678935050964355,16000
1991-03-04,1.9687989950180054,1.9687999486923218,1.875,1.9687999486923218,1.0678935050964355,86400
1991-03-05,1.9375,1.9687999486923218,1.9375,1.9375,1.050916075706482,368000
1991-03-06,1.9375,1.9687999486923218,1.9062999486923218,1.9375,1.050916075706482,68800
1991-03-07,1.9687999486923218,1.9687999486923218,1.9687999486923218,1.9687999486923218,1.0678935050964355,16000
1991-03-08,1.9687989950180054,1.9687999486923218,1.9375,1.9687999486923218,1.0678935050964355,17600
1991-03-11,2.0,2.0,1.9375,2.0,1.084816813468933,350400
1991-03-12,2.0,2.0,1.9375,2.0,1.084816813468933,144000
1991-03-13,1.9687989950180054,1.9687999486923218,1.9375,1.9687999486923218,1.0678935050964355,1928000
1991-03-14,2.0938000679016113,2.0938000679016113,1.9687999486923218,1.9687999486923218,1.0678935050964355,56000
1991-03-15,1.9687999486923218,1.9687999486923218,1.9687999486923218,1.9687999486923218,1.0678935050964355,0
1991-03-18,2.0,2.0,2.0,2.0,1.084816813468933,59200
1991-03-19,2.0625,2.0625,2.0,2.0625,1.1187169551849365,24000
1991-03-20,2.015700101852417,2.0625,2.0,2.015700101852417,1.0933328866958618,123200
1991-03-21,2.0078999996185303,2.0313000679016113,2.0078999996185303,2.0078999996185303,1.089102029800415,432000
1991-03-22,2.0313000679016113,2.0313000679016113,1.9687999486923218,2.0313000679016113,1.101794719696045,4800
1991-03-25,2.0,2.0313000679016113,2.0,2.0,1.084816813468933,712000
1991-03-26,2.0313000679016113,2.0313000679016113,2.0313000679016113,2.0313000679016113,1.101794719696045,3200
1991-03-27,2.0,2.0625,2.0,2.0,1.0940808057785034,174400
1991-03-28,2.0625,2.0625,2.0313000679016113,2.0625,1.1282706260681152,108800
1991-04-01,2.0859999656677246,2.0938000679016113,2.0313000679016113,2.0859999656677246,1.141126275062561,638400
1991-04-02,2.1719000339508057,2.2188000679016113,2.1094000339508057,2.1719000339508057,1.1881165504455566,889600
1991-04-03,2.25,2.25,2.1875,2.25,1.2308406829833984,41600
1991-04-04,2.25,2.25,2.1563000679016113,2.25,1.2308406829833984,49600
1991-04-05,2.25,2.25,2.25,2.25,1.2308406829833984,4800
1991-04-08,2.2188000679016113,2.2188000679016113,2.203200101852417,2.2188000679016113,1.2137730121612549,11200
1991-04-09,2.125,2.125,2.125,2.125,1.1624608039855957,14400
1991-04-10,2.125,2.1875,2.125,2.125,1.1624608039855957,102400
1991-04-11,2.1563000679016113,2.1563000679016113,2.125,2.1563000679016113,1.1795833110809326,83200
1991-04-12,2.2813000679016113,2.2813000679016113,2.1875,2.2813000679016113,1.247963309288025,723200
1991-04-15,2.2188000679016113,2.2813000679016113,2.2188000679016113,2.2188000679016113,1.2137730121612549,12800
1991-04-16,2.2188000679016113,2.2813000679016113,2.2188000679016113,2.2188000679016113,1.2137730121612549,12800
1991-04-17,2.2188000679016113,2.3125,2.2188000679016113,2.2188000679016113,1.2137730121612549,193600
1991-04-18,2.2188000679016113,2.2188000679016113,2.2188000679016113,2.2188000679016113,1.2137730121612549,12800
1991-04-19,2.2969000339508057,2.2969000339508057,2.25,2.2969000339508057,1.2564972639083862,648000
1991-04-22,2.3125,2.3125,2.3125,2.3125,1.2650305032730103,1600
1991-04-23,2.1875,2.1875,2.1875,2.1875,1.1966501474380493,6400
1991-04-24,2.3125,2.3125,2.2188000679016113,2.3125,1.2650305032730103,4800
1991-04-25,2.3125,2.3125,2.3125,2.3125,1.2650305032730103,0
1991-04-26,2.2188000679016113,2.2188000679016113,2.2188000679016113,2.2188000679016113,1.2137730121612549,1600
1991-04-29,2.2969000339508057,2.2969000339508057,2.1875,2.2969000339508057,1.2564972639083862,14400
1991-04-30,2.25,2.2578999996185303,2.25,2.25,1.2308406829833984,137600
1991-05-01,2.2188000679016113,2.265700101852417,2.2188000679016113,2.2188000679016113,1.2137730121612549,44800
1991-05-02,2.203200101852417,2.203200101852417,2.1875,2.203200101852417,1.2052392959594727,1619200
1991-05-03,2.203200101852417,2.203200101852417,2.203200101852417,2.203200101852417,1.2052392959594727,0
1991-05-06,2.3125,2.3125,2.25,2.3125,1.2650305032730103,38400
1991-05-07,2.25,2.2734999656677246,2.25,2.25,1.2308406829833984,132800
1991-05-08,2.2969000339508057,2.2969000339508057,2.2813000679016113,2.2969000339508057,1.2564972639083862,320000
1991-05-09,2.25,2.25,2.25,2.25,1.2308406829833984,4800
1991-05-10,2.2813000679016113,2.2813000679016113,2.25,2.2813000679016113,1.247963309288025,14400
1991-05-13,2.2813000679016113,2.2813000679016113,2.2813000679016113,2.2813000679016113,1.247963309288025,0
1991-05-14,2.2188000679016113,2.25,2.2188000679016113,2.2188000679016113,1.2137730121612549,140800
1991-05-15,2.2188000679016113,2.2344000339508057,2.1875,2.2188000679016113,1.2137730121612549,931200
1991-05-16,2.2188000679016113,2.2813000679016113,2.2188000679016113,2.2188000679016113,1.2137730121612549,44800
1991-05-17,2.25,2.25,2.25,2.25,1.2308406829833984,8000
1991-05-20,2.25,2.3125,2.25,2.25,1.2308406829833984,121600
1991-05-21,2.3125,2.3125,2.2813000679016113,2.3125,1.2650305032730103,46400
1991-05-22,2.3125,2.3125,2.3125,2.3125,1.2650305032730103,3200
1991-05-23,2.3125,2.3125,2.25,2.3125,1.2650305032730103,33600
1991-05-24,2.3125,2.3125,2.3125,2.3125,1.2650305032730103,0
1991-05-28,2.25,2.25,2.25,2.25,1.2308406829833984,4800
1991-05-29,2.25,2.25,2.25,2.25,1.2308406829833984,0
1991-05-30,2.3125,2.3125,2.3125,2.3125,1.2650305032730103,1600
1991-05-31,2.3125,2.3125,2.25,2.3125,1.2650305032730103,20800
1991-06-03,2.25,2.3125,2.25,2.25,1.2308406829833984,12800
1991-06-04,2.3125,2.3125,2.25,2.3125,1.2650305032730103,43200
1991-06-05,2.2813000679016113,2.2813000679016113,2.2813000679016113,2.2813000679016113,1.247963309288025,9600
1991-06-06,2.2734999656677246,2.2734999656677246,2.2734999656677246,2.2734999656677246,1.2436964511871338,76800
1991-06-07,2.2734999656677246,2.2734999656677246,2.2734999656677246,2.2734999656677246,1.2436964511871338,0
1991-06-10,2.25,2.25,2.25,2.25,1.2308406829833984,36800
1991-06-11,2.3125,2.3125,2.25,2.3125,1.2650305032730103,12800
1991-06-12,2.25,2.25,2.25,2.25,1.2308406829833984,3200
1991-06-13,2.25,2.25,2.25,2.25,1.2308406829833984,0
1991-06-14,2.25,2.3125,2.1719000339508057,2.25,1.2308406829833984,318400
1991-06-17,2.25,2.25,2.2421998977661133,2.25,1.2308406829833984,382400
1991-06-18,2.25,2.25,2.25,2.25,1.2308406829833984,19200
1991-06-19,2.3125,2.3125,2.3125,2.3125,1.2650305032730103,3200
1991-06-20,2.25,2.25,2.25,2.25,1.2308406829833984,40000
1991-06-21,2.25,2.25,2.25,2.25,1.2308406829833984,0
1991-06-24,2.265700101852417,2.265700101852417,2.2578999996185303,2.265700101852417,1.2394295930862427,128000
1991-06-25,2.2734999656677246,2.3125,2.265700101852417,2.2734999656677246,1.2436964511871338,337600
1991-06-26,2.3594000339508057,2.3594000339508057,2.3125,2.3594000339508057,1.290686845779419,43200
1991-06-27,2.3125,2.3125,2.3125,2.3125,1.2650305032730103,3200
1991-06-28,2.3125,2.3125,2.3125,2.3125,1.2745096683502197,36800
1991-07-01,2.4688000679016113,2.4688000679016113,2.2813000679016113,2.4688000679016113,1.3606529235839844,182400
1991-07-02,2.4688000679016113,2.4688000679016113,2.4688000679016113,2.4688000679016113,1.3606529235839844,1600
1991-07-03,2.1563000679016113,2.515700101852417,2.1563000679016113,2.1563000679016113,1.1884222030639648,10067200
1991-07-05,2.1094000339508057,2.1875,2.0625,2.1094000339508057,1.1625734567642212,193600
1991-07-08,2.2188000679016113,2.2188000679016113,2.1563000679016113,2.2188000679016113,1.2228690385818481,228800
1991-07-09,2.265700101852417,2.265700101852417,2.203200101852417,2.265700101852417,1.248716950416565,139200
1991-07-10,2.2813000679016113,2.2813000679016113,2.2813000679016113,2.2813000679016113,1.257314682006836,1600
1991-07-11,2.1875,2.2813000679016113,2.1875,2.1875,1.205617070198059,104000
1991-07-12,2.2734999656677246,2.2813000679016113,2.1875,2.2734999656677246,1.2530165910720825,96000
1991-07-15,2.1875,2.2813000679016113,2.1875,2.1875,1.205617070198059,553600
1991-07-16,2.25,2.3125,2.2188000679016113,2.25,1.2400643825531006,38400
1991-07-17,2.3438000679016113,2.3438000679016113,2.25,2.3438000679016113,1.2917611598968506,244800
1991-07-18,2.2969000339508057,2.2969000339508057,2.2969000339508057,2.2969000339508057,1.2659125328063965,8000
1991-07-19,2.2969000339508057,2.2969000339508057,2.2969000339508057,2.2969000339508057,1.2659125328063965,0
1991-07-22,2.2969000339508057,2.2969000339508057,2.25,2.2969000339508057,1.2659125328063965,24000
1991-07-23,2.25,2.3438000679016113,2.25,2.25,1.2400643825531006,16000
1991-07-24,2.2813000679016113,2.2813000679016113,2.2813000679016113,2.2813000679016113,1.257314682006836,36800
1991-07-25,2.2813000679016113,2.2813000679016113,2.2813000679016113,2.2813000679016113,1.257314682006836,1600
1991-07-26,2.2969000339508057,2.2969000339508057,2.2813000679016113,2.2969000339508057,1.2659125328063965,128000
1991-07-29,2.2969000339508057,2.2969000339508057,2.2969000339508057,2.2969000339508057,1.2659125328063965,0
1991-07-30,2.2813000679016113,2.2813000679016113,2.2813000679016113,2.2813000679016113,1.257314682006836,9600
1991-07-31,2.3125,2.3125,2.2813000679016113,2.3125,1.2745096683502197,3200
1991-08-01,2.2813000679016113,2.2813000679016113,2.2813000679016113,2.2813000679016113,1.257314682006836,4800
1991-08-02,2.2813000679016113,2.2813000679016113,2.2813000679016113,2.2813000679016113,1.257314682006836,28800
1991-08-05,2.2813000679016113,2.2813000679016113,2.2813000679016113,2.2813000679016113,1.257314682006836,1600
1991-08-06,2.3125,2.3125,2.2813000679016113,2.3125,1.2745096683502197,35200
1991-08-07,2.375,2.375,2.3125,2.375,1.3089569807052612,6400
1991-08-08,2.375,2.375,2.375,2.375,1.3089569807052612,0
1991-08-09,2.3125,2.3125,2.3125,2.3125,1.2745096683502197,4800
1991-08-12,2.3125,2.3125,2.3125,2.3125,1.2745096683502197,1600
1991-08-13,2.3125,2.3125,2.3125,2.3125,1.2745096683502197,9600
1991-08-14,2.3125,2.3125,2.3125,2.3125,1.2745096683502197,0
1991-08-15,2.2969000339508057,2.3203999996185303,2.2813000679016113,2.2969000339508057,1.2659125328063965,203200
1991-08-16,2.25,2.3125,2.1875,2.25,1.2400643825531006,318400
1991-08-19,2.1563000679016113,2.1875,2.0938000679016113,2.1563000679016113,1.1884222030639648,105600
1991-08-20,2.125,2.1563000679016113,2.125,2.125,1.1711716651916504,14400
1991-08-21,2.1563000679016113,2.1875,2.125,2.1563000679016113,1.1884222030639648,464000
1991-08-22,2.1484999656677246,2.1484999656677246,2.125,2.1484999656677246,1.184123158454895,51200
1991-08-23,2.125,2.125,2.125,2.125,1.1711716651916504,3200
1991-08-26,2.140700101852417,2.140700101852417,2.125,2.140700101852417,1.1798250675201416,52800
1991-08-27,2.1719000339508057,2.2188000679016113,2.1563000679016113,2.1719000339508057,1.1970199346542358,1209600
1991-08-28,2.2188000679016113,2.2188000679016113,2.125,2.2188000679016113,1.2228690385818481,25600
1991-08-29,2.125,2.125,2.125,2.125,1.1711716651916504,4800
1991-08-30,2.2188000679016113,2.2188000679016113,2.2188000679016113,2.2188000679016113,1.2228690385818481,6400
1991-09-03,2.1563000679016113,2.1563000679016113,2.1563000679016113,2.1563000679016113,1.1884222030639648,3200
1991-09-04,2.1563000679016113,2.1563000679016113,2.1563000679016113,2.1563000679016113,1.1884222030639648,8000
1991-09-05,2.1563000679016113,2.1563000679016113,2.1563000679016113,2.1563000679016113,1.1884222030639648,4800
1991-09-06,2.1563000679016113,2.1563000679016113,2.1563000679016113,2.1563000679016113,1.1884222030639648,27200
1991-09-09,2.25,2.25,2.25,2.25,1.2400643825531006,3200
1991-09-10,2.125,2.1563000679016113,2.125,2.125,1.1711716651916504,35200
1991-09-11,2.125,2.125,2.125,2.125,1.1711716651916504,17600
1991-09-12,2.125,2.125,2.0938000679016113,2.125,1.1711716651916504,57600
1991-09-13,2.0938000679016113,2.125,2.0938000679016113,2.0938000679016113,1.1539756059646606,60800
1991-09-16,2.125,2.125,2.0625,2.125,1.1711716651916504,60800
1991-09-17,2.0625,2.0938000679016113,2.0625,2.0625,1.136725664138794,4800
1991-09-18,2.0625,2.0625,2.0625,2.0625,1.136725664138794,0
1991-09-19,2.0625,2.0625,2.0625,2.0625,1.136725664138794,1600
1991-09-20,2.0625,2.125,2.0625,2.0625,1.136725664138794,36800
1991-09-23,2.0625,2.1563000679016113,2.0625,2.0625,1.136725664138794,6400
1991-09-24,2.0625,2.0625,2.0625,2.0625,1.136725664138794,4800
1991-09-25,2.0859999656677246,2.0938000679016113,2.0859999656677246,2.0859999656677246,1.1496773958206177,89600
1991-09-26,2.1563000679016113,2.1563000679016113,2.0313000679016113,2.1563000679016113,1.1884222030639648,27200
1991-09-27,2.1563000679016113,2.1563000679016113,2.1563000679016113,2.1563000679016113,1.197977900505066,3200
1991-09-30,2.1563000679016113,2.1563000679016113,2.0313000679016113,2.1563000679016113,1.197977900505066,224000
1991-10-01,2.1563000679016113,2.1563000679016113,2.0938000679016113,2.1563000679016113,1.197977900505066,12800
1991-10-02,2.1484999656677246,2.1484999656677246,2.0938000679016113,2.1484999656677246,1.1936450004577637,51200
1991-10-03,2.1484999656677246,2.1484999656677246,2.1484999656677246,2.1484999656677246,1.1936450004577637,0
1991-10-04,2.0938000679016113,2.0938000679016113,2.0938000679016113,2.0938000679016113,1.163254737854004,3200
1991-10-07,2.0938000679016113,2.0938000679016113,2.0938000679016113,2.0938000679016113,1.163254737854004,3200
1991-10-08,2.0938000679016113,2.0938000679016113,2.0938000679016113,2.0938000679016113,1.163254737854004,3200
1991-10-09,2.140700101852417,2.140700101852417,2.140700101852417,2.140700101852417,1.1893123388290405,14400
1991-10-10,2.0938000679016113,2.140700101852417,2.0938000679016113,2.0938000679016113,1.163254737854004,17600
1991-10-11,2.0938000679016113,2.0938000679016113,2.0938000679016113,2.0938000679016113,1.163254737854004,0
1991-10-14,2.0938000679016113,2.0938000679016113,2.0938000679016113,2.0938000679016113,1.163254737854004,3200
1991-10-15,2.140700101852417,2.140700101852417,2.140700101852417,2.140700101852417,1.1893123388290405,4800
1991-10-16,2.140700101852417,2.140700101852417,2.140700101852417,2.140700101852417,1.1893123388290405,0
1991-10-17,2.0938000679016113,2.0938000679016113,2.0938000679016113,2.0938000679016113,1.163254737854004,1600
1991-10-18,2.0938000679016113,2.0938000679016113,2.0938000679016113,2.0938000679016113,1.163254737854004,0
1991-10-21,2.0938000679016113,2.0938000679016113,2.0938000679016113,2.0938000679016113,1.163254737854004,1600
1991-10-22,2.0938000679016113,2.0938000679016113,2.0938000679016113,2.0938000679016113,1.163254737854004,0
1991-10-23,2.0938000679016113,2.0938000679016113,2.0938000679016113,2.0938000679016113,1.163254737854004,1600
1991-10-24,2.0938000679016113,2.0938000679016113,2.0938000679016113,2.0938000679016113,1.163254737854004,1600
1991-10-25,2.0938000679016113,2.0938000679016113,2.0938000679016113,2.0938000679016113,1.163254737854004,11200
1991-10-28,2.0938000679016113,2.125,2.0938000679016113,2.0938000679016113,1.163254737854004,24000
1991-10-29,2.1875,2.1875,2.1875,2.1875,1.2153117656707764,4800
1991-10-30,2.0938000679016113,2.0938000679016113,2.0938000679016113,2.0938000679016113,1.163254737854004,6400
1991-10-31,2.0938000679016113,2.0938000679016113,2.0938000679016113,2.0938000679016113,1.163254737854004,62400
1991-11-01,2.0938000679016113,2.101599931716919,2.0938000679016113,2.0938000679016113,1.163254737854004,113600
1991-11-04,2.0938000679016113,2.0938000679016113,2.0938000679016113,2.0938000679016113,1.163254737854004,1600
1991-11-05,2.0625,2.0938000679016113,2.0,2.0625,1.1458656787872314,112000
1991-11-06,2.0625,2.0625,2.0625,2.0625,1.1458656787872314,0
1991-11-07,2.0,2.0938000679016113,2.0,2.0,1.1111422777175903,8000
1991-11-08,2.0234999656677246,2.0938000679016113,2.0,2.0234999656677246,1.1241986751556396,403200
1991-11-11,2.0625,2.0625,1.9375,2.0625,1.1458656787872314,232000
1991-11-12,2.0625,2.0625,2.0,2.0625,1.1458656787872314,577600
1991-11-13,2.0938000679016113,2.0938000679016113,2.0,2.0938000679016113,1.163254737854004,54400
1991-11-14,2.0,2.0,2.0,2.0,1.1111422777175903,1600
1991-11-15,2.078200101852417,2.125,2.0625,2.078200101852417,1.1545884609222412,134400
1991-11-18,2.0313000679016113,2.0625,2.0,2.0313000679016113,1.128531813621521,104000
1991-11-19,2.0313000679016113,2.0313000679016113,2.015700101852417,2.0313000679016113,1.128531813621521,6400
1991-11-20,1.9375,2.0313000679016113,1.9375,1.9375,1.076419472694397,108800
1991-11-21,1.9062989950180054,2.0,1.875,1.9062999486923218,1.0590853691101074,316800
1991-11-22,1.9687989950180054,2.0,1.9062999486923218,1.9687999486923218,1.0938092470169067,24000
1991-11-25,1.9687989950180054,1.9687999486923218,1.875,1.9687999486923218,1.0938092470169067,184000
1991-11-26,1.9375,2.0313000679016113,1.9375,1.9375,1.076419472694397,76800
1991-11-27,2.0,2.0313000679016113,1.9375,2.0,1.1111422777175903,196800
1991-11-29,1.9375,1.9375,1.9375,1.9375,1.076419472694397,19200
1991-12-02,1.875,2.0,1.875,1.875,1.0416966676712036,115200
1991-12-03,1.875,2.0,1.875,1.875,1.0416966676712036,9600
1991-12-04,1.8906999826431274,2.0,1.8594000339508057,1.8906999826431274,1.0504192113876343,510400
1991-12-05,1.9531999826431274,1.9531999826431274,1.8437999486923218,1.8437999486923218,1.0243617296218872,216000
1991-12-06,1.9531999826431274,1.9531999826431274,1.9531999826431274,1.9531999826431274,1.0851417779922485,11200
1991-12-09,1.9375,1.9375,1.8437999486923218,1.8437999486923218,1.0243617296218872,158400
1991-12-10,1.7969000339508057,1.9062999486923218,1.7969000339508057,1.7969000339508057,0.9983056783676147,132800
1991-12-11,1.9687989950180054,1.9687999486923218,1.8437999486923218,1.9687999486923218,1.0938092470169067,2321600
1991-12-12,1.9687989950180054,1.9687999486923218,1.875,1.9687999486923218,1.0938092470169067,24000
1991-12-13,1.875,1.875,1.875,1.875,1.0416966676712036,41600
1991-12-16,1.9375,1.9375,1.8437999486923218,1.9375,1.076419472694397,30400
1991-12-17,1.9687989950180054,1.9687999486923218,1.875,1.9687999486923218,1.0938092470169067,17600
1991-12-18,1.9687989950180054,1.9687999486923218,1.875,1.9687999486923218,1.0938092470169067,22400
1991-12-19,1.9375,1.9531999826431274,1.875,1.9375,1.076419472694397,20800
1991-12-20,1.9375,1.9375,1.875,1.9375,1.0860602855682373,582400
1991-12-23,1.875,1.875,1.8437999486923218,1.8437999486923218,1.033536672592163,40000
1991-12-24,1.9375,1.9375,1.9375,1.9375,1.0860602855682373,30400
1991-12-26,1.9375,1.9375,1.8437999486923218,1.9375,1.0860602855682373,12800
1991-12-27,1.9375,1.9375,1.8437999486923218,1.9375,1.0860602855682373,110400
1991-12-30,1.875,1.9687999486923218,1.8437999486923218,1.875,1.0510259866714478,108800
1991-12-31,2.0313000679016113,2.0313000679016113,1.875,2.0313000679016113,1.13864004611969,912000
1992-01-02,1.9375,2.0313000679016113,1.9375,1.9375,1.0860602855682373,110400
1992-01-03,1.9375,2.0313000679016113,1.9375,1.9375,1.0860602855682373,25600
1992-01-06,1.9844000339508057,1.9844000339508057,1.9844000339508057,1.9844000339508057,1.1123507022857666,16000
1992-01-07,2.0,2.0313000679016113,1.9375,2.0,1.121094822883606,19200
1992-01-08,2.0625,2.0625,1.9375,2.0625,1.156129002571106,126400
1992-01-09,2.0313000679016113,2.0938000679016113,2.0,2.0313000679016113,1.13864004611969,16000
1992-01-10,2.140700101852417,2.140700101852417,2.140700101852417,2.140700101852417,1.199964165687561,1600
1992-01-13,2.2813000679016113,2.2813000679016113,2.0625,2.2813000679016113,1.2787774801254272,120000
1992-01-14,2.3438000679016113,2.3438000679016113,2.2813000679016113,2.3438000679016113,1.313811182975769,19200
1992-01-15,2.375,2.375,2.2813000679016113,2.375,1.3313006162643433,62400
1992-01-16,2.3438000679016113,2.375,2.25,2.3438000679016113,1.313811182975769,35200
1992-01-17,2.3438000679016113,2.3438000679016113,2.25,2.3438000679016113,1.313811182975769,25600
1992-01-20,2.3438000679016113,2.3438000679016113,2.3438000679016113,2.3438000679016113,1.313811182975769,14400
1992-01-21,2.2813000679016113,2.2813000679016113,2.1875,2.2813000679016113,1.2787774801254272,62400
1992-01-22,2.1875,2.2813000679016113,2.1875,2.1875,1.226197361946106,22400
1992-01-23,2.1875,2.2813000679016113,2.1875,2.1875,1.226197361946106,11200
1992-01-24,2.2813000679016113,2.2813000679016113,2.1875,2.2813000679016113,1.2787774801254272,139200
1992-01-27,2.2813000679016113,2.2813000679016113,2.1875,2.2813000679016113,1.2787774801254272,123200
1992-01-28,2.2813000679016113,2.2813000679016113,2.1875,2.2813000679016113,1.2787774801254272,11200
1992-01-29,2.3125,2.3125,2.1875,2.3125,1.2962652444839478,102400
1992-01-30,2.3125,2.3125,2.2344000339508057,2.3125,1.2962652444839478,30400
1992-01-31,2.3125,2.3125,2.2344000339508057,2.3125,1.2962652444839478,41600
1992-02-03,2.2969000339508057,2.4063000679016113,2.2813000679016113,2.2969000339508057,1.2875211238861084,73600
1992-02-04,2.390700101852417,2.390700101852417,2.2969000339508057,2.390700101852417,1.3401013612747192,83200
1992-02-05,2.4063000679016113,2.4063000679016113,2.2969000339508057,2.4063000679016113,1.3488452434539795,6400
1992-02-06,2.625,2.625,2.414099931716919,2.625,1.4714374542236328,166400
1992-02-07,2.5,2.625,2.5,2.5,1.4013690948486328,81600
1992-02-10,2.5313000679016113,2.5313000679016113,2.4375,2.5313000679016113,1.4189136028289795,41600
1992-02-11,2.4375,2.5313000679016113,2.4375,2.4375,1.3663344383239746,4800
1992-02-12,2.5078999996185303,2.5078999996185303,2.4375,2.5078999996185303,1.4057960510253906,252800
1992-02-13,2.5313000679016113,2.5313000679016113,2.4375,2.5313000679016113,1.4189136028289795,14400
1992-02-14,2.4375,2.5313000679016113,2.4375,2.4375,1.3663344383239746,11200
1992-02-18,2.5313000679016113,2.5313000679016113,2.4375,2.5313000679016113,1.4189136028289795,20800
1992-02-19,2.5313000679016113,2.5313000679016113,2.5313000679016113,2.5313000679016113,1.4189136028289795,4800
1992-02-20,2.5313000679016113,2.5313000679016113,2.4063000679016113,2.5313000679016113,1.4189136028289795,22400
1992-02-21,2.5938000679016113,2.5938000679016113,2.5938000679016113,2.5938000679016113,1.4539475440979004,48000
1992-02-24,2.5,2.625,2.5,2.5,1.4013690948486328,11200
1992-02-25,2.5313000679016113,2.625,2.5313000679016113,2.5313000679016113,1.4189136028289795,12800
1992-02-26,2.5313000679016113,2.625,2.5,2.5313000679016113,1.4189136028289795,84800
1992-02-27,2.625,2.625,2.5313000679016113,2.625,1.4714374542236328,51200
1992-02-28,2.5703999996185303,2.5703999996185303,2.5313000679016113,2.5703999996185303,1.4408310651779175,44800
1992-03-02,2.625,2.625,2.5313000679016113,2.625,1.4714374542236328,3200
1992-03-03,2.5938000679016113,2.625,2.5625,2.5938000679016113,1.4539475440979004,60800
1992-03-04,2.6875,2.6875,2.5938000679016113,2.6875,1.506470799446106,1160000
1992-03-05,2.625,2.6875,2.625,2.625,1.4714374542236328,20800
1992-03-06,2.625,2.6875,2.625,2.625,1.4714374542236328,22400
1992-03-09,2.625,2.6875,2.625,2.625,1.4714374542236328,27200
1992-03-10,2.6563000679016113,2.6875,2.625,2.6563000679016113,1.488982081413269,75200
1992-03-11,2.6875,2.6875,2.625,2.6875,1.506470799446106,67200
1992-03-12,2.625,2.6875,2.625,2.625,1.4714374542236328,72000
1992-03-13,2.6563000679016113,2.6875,2.625,2.6563000679016113,1.488982081413269,67200
1992-03-16,2.6875,2.6875,2.625,2.6875,1.506470799446106,20800
1992-03-17,2.625,2.6875,2.625,2.625,1.4714374542236328,3200
1992-03-18,2.6875,2.6875,2.625,2.6875,1.506470799446106,16000
1992-03-19,2.6563000679016113,2.6875,2.625,2.6563000679016113,1.488982081413269,24000
1992-03-20,2.6563000679016113,2.6563000679016113,2.6563000679016113,2.6563000679016113,1.488982081413269,0
1992-03-23,2.625,2.625,2.625,2.625,1.4714374542236328,1600
1992-03-24,2.6328999996185303,2.6875,2.625,2.6328999996185303,1.4758658409118652,24000
1992-03-25,2.625,2.6875,2.625,2.625,1.4714374542236328,3200
1992-03-26,2.6875,2.6875,2.6875,2.6875,1.506470799446106,3200
1992-03-27,2.6875,2.6875,2.6875,2.6875,1.506470799446106,3200
1992-03-30,2.6875,2.6875,2.625,2.6875,1.516174554824829,4800
1992-03-31,2.6875,2.6875,2.625,2.6875,1.516174554824829,51200
1992-04-01,2.6875,2.6875,2.5625,2.6875,1.516174554824829,1187200
1992-04-02,2.5625,2.5625,2.5625,2.5625,1.445654273033142,11200
1992-04-03,2.5625,2.6875,2.5625,2.5625,1.445654273033142,25600
1992-04-06,2.6563000679016113,2.6563000679016113,2.5625,2.6563000679016113,1.498572826385498,38400
1992-04-07,2.5625,2.6094000339508057,2.5625,2.5625,1.445654273033142,86400
1992-04-08,2.5625,2.5625,2.5625,2.5625,1.445654273033142,3200
1992-04-09,2.6563000679016113,2.6563000679016113,2.5625,2.6563000679016113,1.498572826385498,48000
1992-04-10,2.6875,2.6875,2.5938000679016113,2.6875,1.516174554824829,68800
1992-04-13,2.6875,2.6875,2.5938000679016113,2.6875,1.516174554824829,30400
1992-04-14,2.6875,2.6875,2.5938000679016113,2.6875,1.516174554824829,8000
1992-04-15,2.5938000679016113,2.6563000679016113,2.5938000679016113,2.5938000679016113,1.4633127450942993,17600
1992-04-16,2.6094000339508057,2.6875,2.6094000339508057,2.6094000339508057,1.4721142053604126,17600
1992-04-20,2.5938000679016113,2.5938000679016113,2.5938000679016113,2.5938000679016113,1.4633127450942993,8000
1992-04-21,2.6875,2.6875,2.578200101852417,2.6875,1.516174554824829,6400
1992-04-22,2.6875,2.6875,2.578200101852417,2.6875,1.516174554824829,8000
1992-04-23,2.6563000679016113,2.6563000679016113,2.5625,2.6563000679016113,1.498572826385498,57600
1992-04-24,2.6563000679016113,2.6563000679016113,2.5625,2.6563000679016113,1.498572826385498,9600
1992-04-27,2.6563000679016113,2.6563000679016113,2.5625,2.6563000679016113,1.498572826385498,9600
1992-04-28,2.6563000679016113,2.6563000679016113,2.5625,2.6563000679016113,1.498572826385498,24000
1992-04-29,2.5938000679016113,2.5938000679016113,2.5625,2.5938000679016113,1.4633127450942993,57600
1992-04-30,2.515700101852417,2.625,2.515700101852417,2.515700101852417,1.4192532300949097,70400
1992-05-01,2.5938000679016113,2.5938000679016113,2.515700101852417,2.5938000679016113,1.4633127450942993,6400
1992-05-04,2.5938000679016113,2.5938000679016113,2.515700101852417,2.5938000679016113,1.4633127450942993,19200
1992-05-05,2.5938000679016113,2.5938000679016113,2.515700101852417,2.5938000679016113,1.4633127450942993,8000
1992-05-06,2.5313000679016113,2.5313000679016113,2.4844000339508057,2.5313000679016113,1.4280527830123901,155200
1992-05-07,2.5,2.5313000679016113,2.4219000339508057,2.5,1.410395860671997,185600
1992-05-08,2.453200101852417,2.5,2.4219000339508057,2.453200101852417,1.3839925527572632,60800
1992-05-11,2.453200101852417,2.5,2.4219000339508057,2.453200101852417,1.3839925527572632,88000
1992-05-12,2.5,2.5,2.4375,2.5,1.410395860671997,24000
1992-05-13,2.4844000339508057,2.5,2.4844000339508057,2.4844000339508057,1.4015939235687256,64000
1992-05-14,2.4688000679016113,2.4688000679016113,2.4453999996185303,2.4688000679016113,1.3927931785583496,304000
1992-05-15,2.5,2.5,2.4375,2.5,1.410395860671997,300800
1992-05-18,2.4688000679016113,2.5,2.4375,2.4688000679016113,1.3927931785583496,192000
1992-05-19,2.5,2.5,2.4375,2.5,1.410395860671997,369600
1992-05-20,2.4375,2.5,2.4375,2.4375,1.3751351833343506,25600
1992-05-21,2.5,2.5,2.5,2.5,1.410395860671997,19200
1992-05-22,2.4063000679016113,2.4375,2.375,2.4063000679016113,1.3575336933135986,366400
1992-05-26,2.4219000339508057,2.4219000339508057,2.390700101852417,2.4219000339508057,1.366335153579712,83200
1992-05-27,2.5,2.5,2.390700101852417,2.5,1.410395860671997,20800
1992-05-28,2.5,2.5,2.4375,2.5,1.410395860671997,27200
1992-05-29,2.4375,2.5,2.4063000679016113,2.4375,1.3751351833343506,28800
1992-06-01,2.5,2.5,2.5,2.5,1.410395860671997,14400
1992-06-02,2.5313000679016113,2.5313000679016113,2.5313000679016113,2.5313000679016113,1.4280527830123901,6400
1992-06-03,2.453200101852417,2.5313000679016113,2.4375,2.453200101852417,1.3839925527572632,147200
1992-06-04,2.4219000339508057,2.515700101852417,2.4219000339508057,2.4219000339508057,1.366335153579712,14400
1992-06-05,2.4453999996185303,2.515700101852417,2.4219000339508057,2.4453999996185303,1.3795918226242065,497600
1992-06-08,2.5,2.515700101852417,2.4219000339508057,2.5,1.410395860671997,40000
1992-06-09,2.4219000339508057,2.515700101852417,2.4219000339508057,2.4219000339508057,1.366335153579712,4800
1992-06-10,2.4375,2.515700101852417,2.4219000339508057,2.4375,1.3751351833343506,12800
1992-06-11,2.4219000339508057,2.515700101852417,2.4219000339508057,2.4219000339508057,1.366335153579712,11200
1992-06-12,2.515700101852417,2.515700101852417,2.515700101852417,2.515700101852417,1.4192532300949097,1600
1992-06-15,2.515700101852417,2.515700101852417,2.515700101852417,2.515700101852417,1.4192532300949097,1600
1992-06-16,2.515700101852417,2.515700101852417,2.4219000339508057,2.515700101852417,1.4192532300949097,38400
1992-06-17,2.4375,2.515700101852417,2.4219000339508057,2.4375,1.3751351833343506,4800
1992-06-18,2.4219000339508057,2.515700101852417,2.4219000339508057,2.4219000339508057,1.366335153579712,3200
1992-06-19,2.515700101852417,2.515700101852417,2.4219000339508057,2.515700101852417,1.4192532300949097,8000
1992-06-22,2.515700101852417,2.515700101852417,2.4219000339508057,2.515700101852417,1.4192532300949097,11200
1992-06-23,2.515700101852417,2.515700101852417,2.515700101852417,2.515700101852417,1.4192532300949097,11200
1992-06-24,2.4219000339508057,2.4688000679016113,2.4219000339508057,2.4219000339508057,1.366335153579712,14400
1992-06-25,2.5,2.515700101852417,2.4219000339508057,2.5,1.410395860671997,76800
1992-06-26,2.4453999996185303,2.5,2.414099931716919,2.4453999996185303,1.3795918226242065,24000
1992-06-29,2.5,2.5,2.4063000679016113,2.5,1.4203852415084839,75200
1992-06-30,2.4844000339508057,2.4844000339508057,2.4063000679016113,2.4844000339508057,1.4115227460861206,617600
1992-07-01,2.4063000679016113,2.4844000339508057,2.4063000679016113,2.4063000679016113,1.3671495914459229,147200
1992-07-02,2.4375,2.515700101852417,2.4063000679016113,2.4375,1.3848756551742554,152000
1992-07-06,2.515700101852417,2.515700101852417,2.515700101852417,2.515700101852417,1.429305076599121,16000
1992-07-07,2.4375,2.515700101852417,2.4375,2.4375,1.3848756551742554,9600
1992-07-08,2.4375,2.515700101852417,2.4375,2.4375,1.3848756551742554,14400
1992-07-09,2.4375,2.4375,2.4375,2.4375,1.3848756551742554,0
1992-07-10,2.515700101852417,2.515700101852417,2.4375,2.515700101852417,1.429305076599121,57600
1992-07-13,2.453200101852417,2.515700101852417,2.453200101852417,2.453200101852417,1.3937960863113403,33600
1992-07-14,2.515700101852417,2.515700101852417,2.4688000679016113,2.515700101852417,1.429305076599121,320000
1992-07-15,2.515700101852417,2.515700101852417,2.515700101852417,2.515700101852417,1.429305076599121,32000
1992-07-16,2.515700101852417,2.515700101852417,2.515700101852417,2.515700101852417,1.429305076599121,17600
1992-07-17,2.515700101852417,2.515700101852417,2.515700101852417,2.515700101852417,1.429305076599121,4800
1992-07-20,2.515700101852417,2.515700101852417,2.515700101852417,2.515700101852417,1.429305076599121,6400
1992-07-21,2.515700101852417,2.515700101852417,2.453200101852417,2.515700101852417,1.429305076599121,51200
1992-07-22,2.515700101852417,2.515700101852417,2.453200101852417,2.515700101852417,1.429305076599121,24000
1992-07-23,2.515700101852417,2.515700101852417,2.453200101852417,2.515700101852417,1.429305076599121,4800
1992-07-24,2.453200101852417,2.453200101852417,2.453200101852417,2.453200101852417,1.3937960863113403,52800
1992-07-27,2.453200101852417,2.515700101852417,2.453200101852417,2.453200101852417,1.3937960863113403,11200
1992-07-28,2.4844000339508057,2.4844000339508057,2.4844000339508057,2.4844000339508057,1.4115227460861206,12800
1992-07-29,2.515700101852417,2.515700101852417,2.515700101852417,2.515700101852417,1.429305076599121,3200
1992-07-30,2.515700101852417,2.515700101852417,2.4844000339508057,2.515700101852417,1.429305076599121,14400
1992-07-31,2.515700101852417,2.515700101852417,2.453200101852417,2.515700101852417,1.429305076599121,16000
1992-08-03,2.5,2.515700101852417,2.453200101852417,2.5,1.4203852415084839,203200
1992-08-04,2.4375,2.5,2.4375,2.4375,1.3848756551742554,20800
1992-08-05,2.4375,2.4375,2.4375,2.4375,1.3848756551742554,1600
1992-08-06,2.5,2.5,2.5,2.5,1.4203852415084839,1600
1992-08-07,2.4375,2.5,2.4375,2.4375,1.3848756551742554,35200
1992-08-10,2.4375,2.5,2.4375,2.4375,1.3848756551742554,24000
1992-08-11,2.4375,2.5,2.4375,2.4375,1.3848756551742554,11200
1992-08-12,2.5,2.5,2.5,2.5,1.4203852415084839,1600
1992-08-13,2.5,2.5,2.5,2.5,1.4203852415084839,20800
1992-08-14,2.453200101852417,2.453200101852417,2.453200101852417,2.453200101852417,1.3937960863113403,80000
1992-08-17,2.5,2.5,2.5,2.5,1.4203852415084839,12800
1992-08-18,2.4688000679016113,2.5,2.4688000679016113,2.4688000679016113,1.4026591777801514,9600
1992-08-19,2.4375,2.5,2.4375,2.4375,1.3848756551742554,11200
1992-08-20,2.5,2.5,2.5,2.5,1.4203852415084839,1600
1992-08-21,2.453200101852417,2.5,2.453200101852417,2.453200101852417,1.3937960863113403,12800
1992-08-24,2.453200101852417,2.5,2.453200101852417,2.453200101852417,1.3937960863113403,112000
1992-08-25,2.4375,2.4375,2.4375,2.4375,1.3848756551742554,1600
1992-08-26,2.5,2.5,2.5,2.5,1.4203852415084839,14400
1992-08-27,2.453200101852417,2.4688000679016113,2.453200101852417,2.453200101852417,1.3937960863113403,81600
1992-08-28,2.4688000679016113,2.4688000679016113,2.4219000339508057,2.4688000679016113,1.4026591777801514,92800
1992-08-31,2.4219000339508057,2.5,2.4219000339508057,2.4219000339508057,1.3760125637054443,12800
1992-09-01,2.5469000339508057,2.5469000339508057,2.4375,2.5469000339508057,1.447031855583191,8067200
1992-09-02,2.4688000679016113,2.5469000339508057,2.4688000679016113,2.4688000679016113,1.4026591777801514,4800
1992-09-03,2.625,2.625,2.5,2.625,1.4914051294326782,228800
1992-09-04,2.6719000339508057,2.6719000339508057,2.625,2.6719000339508057,1.5180505514144897,19200
1992-09-08,2.625,2.6719000339508057,2.625,2.625,1.4914051294326782,97600
1992-09-09,2.6094000339508057,2.6719000339508057,2.6094000339508057,2.6094000339508057,1.4825413227081299,54400
1992-09-10,2.6563000679016113,2.6563000679016113,2.5625,2.6563000679016113,1.509188175201416,59200
1992-09-11,2.5938000679016113,2.6563000679016113,2.5938000679016113,2.5938000679016113,1.4736781120300293,105600
1992-09-14,2.6563000679016113,2.6563000679016113,2.5938000679016113,2.6563000679016113,1.509188175201416,20800
1992-09-15,2.5938000679016113,2.6563000679016113,2.5938000679016113,2.5938000679016113,1.4736781120300293,132800
1992-09-16,2.5938000679016113,2.625,2.5938000679016113,2.5938000679016113,1.4736781120300293,36800
1992-09-17,2.6719000339508057,2.7188000679016113,2.625,2.6719000339508057,1.5180505514144897,305600
1992-09-18,2.6875,2.75,2.6875,2.6875,1.5269145965576172,62400
1992-09-21,2.6953999996185303,2.6953999996185303,2.6875,2.6953999996185303,1.5314029455184937,57600
1992-09-22,2.6875,2.6875,2.6875,2.6875,1.5269145965576172,52800
1992-09-23,2.6875,2.6875,2.6875,2.6875,1.5269145965576172,33600
1992-09-24,2.7188000679016113,2.7188000679016113,2.6875,2.7188000679016113,1.5446979999542236,12800
1992-09-25,2.7188000679016113,2.7188000679016113,2.6875,2.7188000679016113,1.5446979999542236,12800
1992-09-28,2.6875,2.6875,2.6875,2.6875,1.5366358757019043,14400
1992-09-29,2.6875,2.6875,2.6875,2.6875,1.5366358757019043,11200
1992-09-30,2.6953999996185303,2.7188000679016113,2.6875,2.6953999996185303,1.5411529541015625,187200
1992-10-01,2.6875,2.7188000679016113,2.6875,2.6875,1.5366358757019043,24000
1992-10-02,2.6875,2.6875,2.6875,2.6875,1.5366358757019043,0
1992-10-05,2.6563000679016113,2.6875,2.6563000679016113,2.6563000679016113,1.5187963247299194,83200
1992-10-06,2.6875,2.6875,2.6875,2.6875,1.5366358757019043,11200
1992-10-07,2.6563000679016113,2.6563000679016113,2.6563000679016113,2.6563000679016113,1.5187963247299194,1600
1992-10-08,2.6563000679016113,2.6563000679016113,2.6563000679016113,2.6563000679016113,1.5187963247299194,24000
1992-10-09,2.6563000679016113,2.6563000679016113,2.6563000679016113,2.6563000679016113,1.5187963247299194,6400
1992-10-12,2.6563000679016113,2.6563000679016113,2.6563000679016113,2.6563000679016113,1.5187963247299194,0
1992-10-13,2.6563000679016113,2.6563000679016113,2.6563000679016113,2.6563000679016113,1.5187963247299194,20800
1992-10-14,2.6563000679016113,2.6563000679016113,2.6563000679016113,2.6563000679016113,1.5187963247299194,3200
1992-10-15,2.7188000679016113,2.7188000679016113,2.6563000679016113,2.7188000679016113,1.5545324087142944,4800
1992-10-16,2.6563000679016113,2.6563000679016113,2.6563000679016113,2.6563000679016113,1.5187963247299194,17600
1992-10-19,2.6719000339508057,2.7344000339508057,2.6563000679016113,2.6719000339508057,1.5277152061462402,4800
1992-10-20,2.6719000339508057,2.7344000339508057,2.6719000339508057,2.6719000339508057,1.5277152061462402,94400
1992-10-21,2.7813000679016113,2.7813000679016113,2.703200101852417,2.7813000679016113,1.5902674198150635,3200
1992-10-22,2.7188000679016113,2.75,2.7188000679016113,2.7188000679016113,1.5545324087142944,40000
1992-10-23,2.7188000679016113,2.7188000679016113,2.7188000679016113,2.7188000679016113,1.5545324087142944,6400
1992-10-26,2.7188000679016113,2.7813000679016113,2.7188000679016113,2.7188000679016113,1.5545324087142944,113600
1992-10-27,2.75,2.8125,2.75,2.75,1.572372317314148,68800
1992-10-28,2.804698944091797,2.8046998977661133,2.75,2.8046998977661133,1.6036475896835327,64000
1992-10-29,2.75,2.75,2.7344000339508057,2.75,1.572372317314148,32000
1992-10-30,2.8125,2.8125,2.7188000679016113,2.8125,1.6081078052520752,9600
1992-11-02,2.7344000339508057,2.765700101852417,2.7344000339508057,2.7344000339508057,1.5634509325027466,16000
1992-11-03,2.7969000339508057,2.7969000339508057,2.7969000339508057,2.7969000339508057,1.5991870164871216,24000
1992-11-04,2.7188000679016113,2.7188000679016113,2.7188000679016113,2.7188000679016113,1.5545324087142944,33600
1992-11-05,2.7188000679016113,2.7188000679016113,2.7188000679016113,2.7188000679016113,1.5545324087142944,0
1992-11-06,2.8125,2.8125,2.7813000679016113,2.8125,1.6081078052520752,526400
1992-11-09,2.8515989780426025,2.8594000339508057,2.828200101852417,2.851599931716919,1.6304645538330078,83200
1992-11-10,2.875,2.875,2.828200101852417,2.875,1.6438430547714233,6400
1992-11-11,2.828200101852417,2.828200101852417,2.828200101852417,2.828200101852417,1.6170830726623535,36800
1992-11-12,2.828200101852417,2.828200101852417,2.828200101852417,2.828200101852417,1.6170830726623535,12800
1992-11-13,2.875,2.875,2.828200101852417,2.875,1.6438430547714233,30400
1992-11-16,2.875,2.9375,2.8438000679016113,2.875,1.6438430547714233,86400
1992-11-17,2.890700101852417,2.890700101852417,2.8438000679016113,2.890700101852417,1.6528199911117554,224000
1992-11-18,2.9219000339508057,2.9219000339508057,2.875,2.9219000339508057,1.670659065246582,155200
1992-11-19,2.9219000339508057,2.9219000339508057,2.914099931716919,2.9219000339508057,1.670659065246582,24000
1992-11-20,2.9140989780426025,2.9219000339508057,2.9063000679016113,2.914099931716919,1.666198492050171,225600
1992-11-23,2.9219000339508057,2.9375,2.9219000339508057,2.9219000339508057,1.670659065246582,113600
1992-11-24,2.9219000339508057,2.9375,2.9219000339508057,2.9219000339508057,1.670659065246582,240000
1992-11-25,2.9219000339508057,2.9219000339508057,2.9219000339508057,2.9219000339508057,1.670659065246582,0
1992-11-27,2.9219000339508057,2.9375,2.9219000339508057,2.9219000339508057,1.670659065246582,6400
1992-11-30,3.0,3.0,2.9219000339508057,3.0,1.7153149843215942,51200
1992-12-01,2.953200101852417,2.9688000679016113,2.9219000339508057,2.953200101852417,1.6885552406311035,507200
1992-12-02,2.9375,3.0313000679016113,2.9375,2.9375,1.6795790195465088,6400
1992-12-03,2.9688000679016113,3.0313000679016113,2.953200101852417,2.9688000679016113,1.6974745988845825,54400
1992-12-04,3.0,3.0625,2.9688000679016113,3.0,1.7153149843215942,75200
1992-12-07,3.015700101852417,3.078200101852417,3.0,3.015700101852417,1.724291205406189,30400
1992-12-08,3.0313000679016113,3.0313000679016113,3.0313000679016113,3.0313000679016113,1.7332104444503784,3200
1992-12-09,3.0625,3.0938000679016113,3.0313000679016113,3.0625,1.7510502338409424,275200
1992-12-10,3.0625,3.0625,3.0625,3.0625,1.7510502338409424,0
1992-12-11,3.0469000339508057,3.0469000339508057,3.0469000339508057,3.0469000339508057,1.742130160331726,3200
1992-12-14,3.0469000339508057,3.1094000339508057,3.0469000339508057,3.0469000339508057,1.742130160331726,196800
1992-12-15,3.0313000679016113,3.0313000679016113,3.0313000679016113,3.0313000679016113,1.7332104444503784,1600
1992-12-16,3.0313000679016113,3.0313000679016113,3.0313000679016113,3.0313000679016113,1.7332104444503784,0
1992-12-17,3.0313000679016113,3.0313000679016113,3.0313000679016113,3.0313000679016113,1.7332104444503784,6400
1992-12-18,3.0313000679016113,3.0313000679016113,3.0313000679016113,3.0313000679016113,1.7332104444503784,0
1992-12-21,3.0313000679016113,3.125,3.0313000679016113,3.0313000679016113,1.7431011199951172,14400
1992-12-22,3.0313000679016113,3.0313000679016113,3.0313000679016113,3.0313000679016113,1.7431011199951172,3200
1992-12-23,3.125,3.125,3.0313000679016113,3.125,1.7969814538955688,102400
1992-12-24,3.125,3.125,3.125,3.125,1.7969814538955688,12800
1992-12-28,3.140700101852417,3.140700101852417,3.0625,3.140700101852417,1.806010127067566,174400
1992-12-29,3.0625,3.0625,3.0625,3.0625,1.761042594909668,14400
1992-12-30,3.140700101852417,3.140700101852417,3.0625,3.140700101852417,1.806010127067566,3200
1992-12-31,3.140700101852417,3.140700101852417,3.0469000339508057,3.140700101852417,1.806010127067566,88000
1993-01-04,3.0469000339508057,3.0469000339508057,3.0469000339508057,3.0469000339508057,1.7520716190338135,8000
1993-01-05,3.0469000339508057,3.125,3.0469000339508057,3.0469000339508057,1.7520716190338135,19200
1993-01-06,3.0469000339508057,3.0469000339508057,3.0469000339508057,3.0469000339508057,1.7520716190338135,19200
1993-01-07,3.1719000339508057,3.1875,3.0938000679016113,3.1719000339508057,1.823951005935669,251200
1993-01-08,3.1875,3.25,3.1875,3.1875,1.8329216241836548,70400
1993-01-11,3.1875,3.25,3.1875,3.1875,1.8329216241836548,38400
1993-01-12,3.1875,3.2344000339508057,3.1875,3.1875,1.8329216241836548,470400
1993-01-13,3.1719000339508057,3.2344000339508057,3.1719000339508057,3.1719000339508057,1.823951005935669,243200
1993-01-14,3.1875,3.1875,3.1719000339508057,3.1875,1.8329216241836548,105600
1993-01-15,3.1719000339508057,3.1719000339508057,3.1719000339508057,3.1719000339508057,1.823951005935669,11200
1993-01-18,3.1719000339508057,3.2344000339508057,3.1719000339508057,3.1719000339508057,1.823951005935669,368000
1993-01-19,3.203200101852417,3.2109999656677246,3.1719000339508057,3.203200101852417,1.8419500589370728,284800
1993-01-20,3.1953999996185303,3.2188000679016113,3.1875,3.1953999996185303,1.8374649286270142,188800
1993-01-21,3.1875,3.1875,3.1875,3.1875,1.8329216241836548,25600
1993-01-22,3.2344000339508057,3.2344000339508057,3.1875,3.2344000339508057,1.859890341758728,40000
1993-01-25,3.1719000339508057,3.2344000339508057,3.1719000339508057,3.1719000339508057,1.823951005935669,41600
1993-01-26,3.2344000339508057,3.2344000339508057,3.1719000339508057,3.2344000339508057,1.859890341758728,49600
1993-01-27,3.1719000339508057,3.1719000339508057,3.1719000339508057,3.1719000339508057,1.823951005935669,6400
1993-01-28,3.25,3.25,3.1719000339508057,3.25,1.8688610792160034,51200
1993-01-29,3.1719000339508057,3.2344000339508057,3.1719000339508057,3.1719000339508057,1.823951005935669,43200
1993-02-01,3.1719000339508057,3.265700101852417,3.1719000339508057,3.1719000339508057,1.823951005935669,49600
1993-02-02,3.1719000339508057,3.1719000339508057,3.1719000339508057,3.1719000339508057,1.823951005935669,25600
1993-02-03,3.265700101852417,3.265700101852417,3.1719000339508057,3.265700101852417,1.8778904676437378,9600
1993-02-04,3.1719000339508057,3.1719000339508057,3.1719000339508057,3.1719000339508057,1.823951005935669,1600
1993-02-05,3.1719000339508057,3.25,3.1719000339508057,3.1719000339508057,1.823951005935669,3200
1993-02-08,3.1719000339508057,3.1719000339508057,3.1719000339508057,3.1719000339508057,1.823951005935669,12800
1993-02-09,3.1719000339508057,3.2344000339508057,3.1719000339508057,3.1719000339508057,1.823951005935669,3200
1993-02-10,3.1719000339508057,3.1719000339508057,3.1719000339508057,3.1719000339508057,1.823951005935669,16000
1993-02-11,3.1719000339508057,3.1719000339508057,3.1719000339508057,3.1719000339508057,1.823951005935669,3200
1993-02-12,3.1719000339508057,3.2344000339508057,3.1719000339508057,3.1719000339508057,1.823951005935669,134400
1993-02-16,3.0938000679016113,3.1875,3.0938000679016113,3.0938000679016113,1.779040813446045,80000
1993-02-17,2.9688000679016113,3.125,2.9688000679016113,2.9688000679016113,1.7071613073349,80000
1993-02-18,2.9688000679016113,3.0625,2.9688000679016113,2.9688000679016113,1.7071613073349,43200
1993-02-19,3.0625,3.0625,3.0625,3.0625,1.761042594909668,1600
1993-02-22,3.0469000339508057,3.0469000339508057,3.0469000339508057,3.0469000339508057,1.7520716190338135,8000
1993-02-23,2.9688000679016113,2.9688000679016113,2.9688000679016113,2.9688000679016113,1.7071613073349,8000
1993-02-24,2.9688000679016113,3.0078999996185303,2.9688000679016113,2.9688000679016113,1.7071613073349,91200
1993-02-25,2.9063000679016113,2.9688000679016113,2.9063000679016113,2.9063000679016113,1.6712220907211304,174400
1993-02-26,3.0,3.0,2.9375,3.0,1.7251033782958984,291200
1993-03-01,3.0,3.0,3.0,3.0,1.7251033782958984,4800
1993-03-02,2.9375,2.953200101852417,2.9375,2.9375,1.6891635656356812,89600
1993-03-03,2.875,3.0,2.875,2.875,1.6532237529754639,56000
1993-03-04,2.9219000339508057,2.9219000339508057,2.9063000679016113,2.9219000339508057,1.6801927089691162,112000
1993-03-05,2.9375,3.0,2.9375,2.9375,1.6891635656356812,118400
1993-03-08,3.0,3.0,3.0,3.0,1.7251033782958984,16000
1993-03-09,2.9375,2.9844000339508057,2.9375,2.9375,1.6891635656356812,64000
1993-03-10,2.9844000339508057,2.9844000339508057,2.9375,2.9844000339508057,1.7161318063735962,44800
1993-03-11,3.0,3.0,2.9688000679016113,3.0,1.7251033782958984,9600
1993-03-12,2.9688000679016113,3.0,2.9688000679016113,2.9688000679016113,1.7071613073349,33600
1993-03-15,3.0,3.0,2.9688000679016113,3.0,1.7251033782958984,24000
1993-03-16,3.0,3.0,3.0,3.0,1.7251033782958984,8000
1993-03-17,3.0390989780426025,3.039099931716919,2.9688000679016113,3.039099931716919,1.7475862503051758,56000
1993-03-18,3.0,3.0,2.9688000679016113,3.0,1.7251033782958984,11200
1993-03-19,2.9688000679016113,2.9688000679016113,2.9688000679016113,2.9688000679016113,1.7071613073349,1600
1993-03-22,3.0625,3.0625,2.9688000679016113,3.0625,1.761042594909668,33600
1993-03-23,3.0313000679016113,3.0313000679016113,3.0313000679016113,3.0313000679016113,1.7431011199951172,4800
1993-03-24,3.0313000679016113,3.0313000679016113,3.0313000679016113,3.0313000679016113,1.7431011199951172,3200
1993-03-25,3.0313000679016113,3.0313000679016113,3.0313000679016113,3.0313000679016113,1.7431011199951172,14400
1993-03-26,3.0,3.0938000679016113,3.0,3.0,1.7251033782958984,116800
1993-03-29,3.0859999656677246,3.0859999656677246,3.0313000679016113,3.0859999656677246,1.77455472946167,281600
1993-03-30,3.0625,3.0625,3.0,3.0625,1.770912766456604,38400
1993-03-31,3.0313000679016113,3.0313000679016113,3.0313000679016113,3.0313000679016113,1.7528711557388306,4800
1993-04-01,3.0313000679016113,3.0625,3.0313000679016113,3.0313000679016113,1.7528711557388306,17600
1993-04-02,3.0625,3.0625,3.0,3.0625,1.770912766456604,49600
1993-04-05,3.0,3.0,3.0,3.0,1.7347710132598877,16000
1993-04-06,2.9688000679016113,3.0313000679016113,2.9688000679016113,2.9688000679016113,1.7167296409606934,65600
1993-04-07,3.0313000679016113,3.0313000679016113,3.0313000679016113,3.0313000679016113,1.7528711557388306,1600
1993-04-08,2.9688000679016113,3.0313000679016113,2.9688000679016113,2.9688000679016113,1.7167296409606934,24000
1993-04-12,2.9688000679016113,3.0,2.9688000679016113,2.9688000679016113,1.7167296409606934,9600
1993-04-13,3.0,3.0313000679016113,3.0,3.0,1.7347710132598877,12800
1993-04-14,2.9688000679016113,3.0313000679016113,2.9688000679016113,2.9688000679016113,1.7167296409606934,494400
1993-04-15,2.9688000679016113,2.9688000679016113,2.9688000679016113,2.9688000679016113,1.7167296409606934,0
1993-04-16,2.9688000679016113,2.9688000679016113,2.9688000679016113,2.9688000679016113,1.7167296409606934,8000
1993-04-19,2.9688000679016113,3.0,2.9688000679016113,2.9688000679016113,1.7167296409606934,14400
1993-04-20,2.9375,3.0,2.9375,2.9375,1.6986303329467773,60800
1993-04-21,2.9375,3.0,2.9375,2.9375,1.6986303329467773,33600
1993-04-22,2.9688000679016113,2.9688000679016113,2.9375,2.9688000679016113,1.7167296409606934,30400
1993-04-23,2.9375,2.9688000679016113,2.9375,2.9375,1.6986303329467773,38400
1993-04-26,2.9375,2.9375,2.9375,2.9375,1.6986303329467773,19200
1993-04-27,2.9375,2.9453999996185303,2.9375,2.9375,1.6986303329467773,334400
1993-04-28,2.9375,2.9375,2.9375,2.9375,1.6986303329467773,699200
1993-04-29,2.9844000339508057,2.9844000339508057,2.9375,2.9844000339508057,1.7257497310638428,14400
1993-04-30,3.0,3.0,2.9688000679016113,3.0,1.7347710132598877,120000
1993-05-03,2.9765989780426025,2.976599931716919,2.9375,2.976599931716919,1.7212398052215576,70400
1993-05-04,2.9844000339508057,2.9844000339508057,2.9375,2.9844000339508057,1.7257497310638428,96000
1993-05-05,2.9688000679016113,2.9688000679016113,2.9375,2.9688000679016113,1.7167296409606934,24000
1993-05-06,2.9688000679016113,2.9688000679016113,2.9688000679016113,2.9688000679016113,1.7167296409606934,0
1993-05-07,3.0,3.0,3.0,3.0,1.7347710132598877,8000
1993-05-10,2.9375,3.0,2.9375,2.9375,1.6986303329467773,126400
1993-05-11,2.9375,2.9375,2.9375,2.9375,1.6986303329467773,0
1993-05-12,3.0,3.0,2.9375,3.0,1.7347710132598877,94400
1993-05-13,2.9688000679016113,2.9688000679016113,2.9688000679016113,2.9688000679016113,1.7167296409606934,4800
1993-05-14,2.9688000679016113,2.9844000339508057,2.9688000679016113,2.9688000679016113,1.7167296409606934,33600
1993-05-17,2.9765989780426025,2.976599931716919,2.9688000679016113,2.976599931716919,1.7212398052215576,108800
1993-05-18,2.976599931716919,2.976599931716919,2.976599931716919,2.976599931716919,1.7212398052215576,0
1993-05-19,2.9688000679016113,2.9688000679016113,2.9688000679016113,2.9688000679016113,1.7167296409606934,1600
1993-05-20,2.9688000679016113,3.015700101852417,2.9688000679016113,2.9688000679016113,1.7167296409606934,11200
1993-05-21,2.9375,3.015700101852417,2.9375,2.9375,1.6986303329467773,4800
1993-05-24,3.015700101852417,3.015700101852417,3.015700101852417,3.015700101852417,1.7438504695892334,1600
1993-05-25,3.0,3.0,3.0,3.0,1.7347710132598877,4800
1993-05-26,2.9375,2.9375,2.9375,2.9375,1.6986303329467773,6400
1993-05-27,2.9375,3.015700101852417,2.9375,2.9375,1.6986303329467773,17600
1993-05-28,3.0,3.0,2.9375,3.0,1.7347710132598877,22400
1993-06-01,3.015700101852417,3.015700101852417,3.015700101852417,3.015700101852417,1.7438504695892334,1600
1993-06-02,3.0,3.0,3.0,3.0,1.7347710132598877,4800
1993-06-03,3.0,3.0,3.0,3.0,1.7347710132598877,0
1993-06-04,3.0,3.0,3.0,3.0,1.7347710132598877,0
1993-06-07,2.9375,2.9375,2.9375,2.9375,1.6986303329467773,19200
1993-06-08,2.9688000679016113,3.0,2.9688000679016113,2.9688000679016113,1.7167296409606934,19200
1993-06-09,3.0,3.015700101852417,3.0,3.0,1.7347710132598877,33600
1993-06-10,3.0,3.0,3.0,3.0,1.7347710132598877,0
1993-06-11,3.015700101852417,3.015700101852417,2.9375,3.015700101852417,1.7438504695892334,22400
1993-06-14,3.015700101852417,3.015700101852417,2.9375,3.015700101852417,1.7438504695892334,38400
1993-06-15,2.9375,3.015700101852417,2.9375,2.9375,1.6986303329467773,64000
1993-06-16,2.953200101852417,3.015700101852417,2.953200101852417,2.953200101852417,1.7077089548110962,16000
1993-06-17,2.9375,3.015700101852417,2.9375,2.9375,1.6986303329467773,25600
1993-06-18,2.9688000679016113,3.015700101852417,2.9375,2.9688000679016113,1.7167296409606934,80000
1993-06-21,2.9375,3.015700101852417,2.9375,2.9375,1.6986303329467773,86400
1993-06-22,2.9844000339508057,3.015700101852417,2.9375,2.9844000339508057,1.7257497310638428,51200
1993-06-23,3.0,3.0,2.976599931716919,3.0,1.7347710132598877,30400
1993-06-24,3.0,3.0,3.0,3.0,1.7347710132598877,1600
1993-06-25,3.0,3.0,3.0,3.0,1.7347710132598877,0
1993-06-28,2.9844000339508057,3.0,2.9844000339508057,2.9844000339508057,1.735701084136963,9600
1993-06-29,2.828200101852417,2.9375,2.828200101852417,2.828200101852417,1.6448572874069214,94400
1993-06-30,2.828200101852417,2.9375,2.828200101852417,2.828200101852417,1.6448572874069214,180800
1993-07-01,2.7813000679016113,2.8125,2.6875,2.7813000679016113,1.6175808906555176,171200
1993-07-02,2.7813000679016113,2.7813000679016113,2.6875,2.7813000679016113,1.6175808906555176,25600
1993-07-06,2.6875,2.7813000679016113,2.6875,2.6875,1.5630275011062622,27200
1993-07-07,2.625,2.625,2.625,2.625,1.526678204536438,38400
1993-07-08,2.625,2.7188000679016113,2.625,2.625,1.526678204536438,9600
1993-07-09,2.625,2.7188000679016113,2.625,2.625,1.526678204536438,20800
1993-07-12,2.625,2.75,2.625,2.625,1.526678204536438,28800
1993-07-13,2.640700101852417,2.640700101852417,2.625,2.640700101852417,1.535809874534607,20800
1993-07-14,2.7344000339508057,2.7344000339508057,2.640700101852417,2.7344000339508057,1.5903043746948242,161600
1993-07-15,2.7188000679016113,2.7188000679016113,2.7188000679016113,2.7188000679016113,1.5812313556671143,24000
1993-07-16,2.6719000339508057,2.75,2.6719000339508057,2.6719000339508057,1.553954839706421,8000
1993-07-19,2.6875,2.75,2.6719000339508057,2.6875,1.5630275011062622,56000
1993-07-20,2.6875,2.7813000679016113,2.6875,2.6875,1.5630275011062622,81600
1993-07-21,2.6719000339508057,2.75,2.6719000339508057,2.6719000339508057,1.553954839706421,4800
1993-07-22,2.7813000679016113,2.7813000679016113,2.6719000339508057,2.7813000679016113,1.6175808906555176,6400
1993-07-23,2.6719000339508057,2.7344000339508057,2.6719000339508057,2.6719000339508057,1.553954839706421,56000
1993-07-26,2.7188000679016113,2.7188000679016113,2.703200101852417,2.7188000679016113,1.5812313556671143,30400
1993-07-27,2.6719000339508057,2.6719000339508057,2.6719000339508057,2.6719000339508057,1.553954839706421,8000
1993-07-28,2.6719000339508057,2.6719000339508057,2.6719000339508057,2.6719000339508057,1.553954839706421,3200
1993-07-29,2.6719000339508057,2.6719000339508057,2.6719000339508057,2.6719000339508057,1.553954839706421,4800
1993-07-30,2.7188000679016113,2.75,2.6719000339508057,2.7188000679016113,1.5812313556671143,17600
1993-08-02,2.6719000339508057,2.6719000339508057,2.6719000339508057,2.6719000339508057,1.553954839706421,9600
1993-08-03,2.7188000679016113,2.7813000679016113,2.7188000679016113,2.7188000679016113,1.5812313556671143,102400
1993-08-04,2.8125,2.8125,2.7188000679016113,2.8125,1.6357265710830688,43200
1993-08-05,2.8125,2.8125,2.75,2.8125,1.6357265710830688,43200
1993-08-06,2.75,2.75,2.75,2.75,1.5993772745132446,9600
1993-08-09,2.7813000679016113,2.7813000679016113,2.75,2.7813000679016113,1.6175808906555176,27200
1993-08-10,2.75,2.8125,2.75,2.75,1.5993772745132446,30400
1993-08-11,2.765700101852417,2.765700101852417,2.765700101852417,2.765700101852417,1.6085076332092285,6400
1993-08-12,2.8125,2.8438000679016113,2.8125,2.8125,1.6357265710830688,25600
1993-08-13,2.765700101852417,2.765700101852417,2.765700101852417,2.765700101852417,1.6085076332092285,8000
1993-08-16,2.7813000679016113,2.8594000339508057,2.7813000679016113,2.7813000679016113,1.6175808906555176,86400
1993-08-17,2.8203999996185303,2.828200101852417,2.8125,2.8203999996185303,1.6403205394744873,52800
1993-08-18,2.7813000679016113,2.7813000679016113,2.7813000679016113,2.7813000679016113,1.6175808906555176,30400
1993-08-19,2.7813000679016113,2.7813000679016113,2.7813000679016113,2.7813000679016113,1.6175808906555176,0
1993-08-20,2.8125,2.8125,2.75,2.8125,1.6357265710830688,14400
1993-08-23,2.8438000679016113,2.8438000679016113,2.828200101852417,2.8438000679016113,1.6539297103881836,9600
1993-08-24,2.8125,2.8438000679016113,2.75,2.8125,1.6357265710830688,16000
1993-08-25,2.8125,2.8594000339508057,2.75,2.8125,1.6357265710830688,57600
1993-08-26,2.75,2.75,2.75,2.75,1.5993772745132446,28800
1993-08-27,2.75,2.75,2.75,2.75,1.5993772745132446,1600
1993-08-30,2.75,2.75,2.75,2.75,1.5993772745132446,4800
1993-08-31,2.8125,2.8438000679016113,2.75,2.8125,1.6357265710830688,75200
1993-09-01,2.828200101852417,2.8594000339508057,2.828200101852417,2.828200101852417,1.6448572874069214,19200
1993-09-02,2.765700101852417,2.765700101852417,2.765700101852417,2.765700101852417,1.6085076332092285,3200
1993-09-03,2.75,2.75,2.75,2.75,1.5993772745132446,3200
1993-09-07,2.7813000679016113,2.8438000679016113,2.7813000679016113,2.7813000679016113,1.6175808906555176,35200
1993-09-08,2.804698944091797,2.8438000679016113,2.7813000679016113,2.8046998977661133,1.6311901807785034,48000
1993-09-09,2.828200101852417,2.828200101852417,2.7813000679016113,2.828200101852417,1.6448572874069214,28800
1993-09-10,2.7813000679016113,2.7813000679016113,2.7813000679016113,2.7813000679016113,1.6175808906555176,9600
1993-09-13,2.8125,2.875,2.7813000679016113,2.8125,1.6357265710830688,108800
1993-09-14,2.828200101852417,2.828200101852417,2.828200101852417,2.828200101852417,1.6448572874069214,1600
1993-09-15,2.875,2.9375,2.8438000679016113,2.875,1.6720765829086304,48000
1993-09-16,2.9609999656677246,2.976599931716919,2.9609999656677246,2.9609999656677246,1.722093105316162,32000
1993-09-17,2.9375,3.0,2.9063000679016113,2.9375,1.7084251642227173,372800
1993-09-20,2.953200101852417,2.953200101852417,2.953200101852417,2.953200101852417,1.7175562381744385,6400
1993-09-21,2.9453999996185303,2.9453999996185303,2.9375,2.9453999996185303,1.7130194902420044,76800
1993-09-22,3.0313000679016113,3.4609999656677246,2.9375,3.0313000679016113,1.7629789113998413,8156800
1993-09-23,3.4688000679016113,3.5313000679016113,3.3438000679016113,3.4688000679016113,2.017426013946533,595200
1993-09-24,3.4688000679016113,3.5313000679016113,3.4688000679016113,3.4688000679016113,2.017426013946533,22400
1993-09-27,3.5625,3.5625,3.4688000679016113,3.5625,2.07192063331604,115200
1993-09-28,3.4688000679016113,3.4688000679016113,3.4688000679016113,3.4688000679016113,2.0272130966186523,24000
1993-09-29,3.578200101852417,3.578200101852417,3.5,3.578200101852417,2.0911455154418945,33600
1993-09-30,3.578200101852417,3.578200101852417,3.5,3.578200101852417,2.0911455154418945,9600
1993-10-01,3.5,3.578200101852417,3.5,3.5,2.0454471111297607,89600
1993-10-04,3.5313000679016113,3.578200101852417,3.5,3.5313000679016113,2.0637381076812744,204800
1993-10-05,3.5625,3.578200101852417,3.5,3.5625,2.0819711685180664,651200
1993-10-06,3.5625,3.5938000679016113,3.5,3.5625,2.0819711685180664,139200
1993-10-07,3.625,3.625,3.5313000679016113,3.625,2.118497371673584,768000
1993-10-08,3.5313000679016113,3.625,3.5313000679016113,3.5313000679016113,2.0637381076812744,393600
1993-10-11,3.6563000679016113,3.6563000679016113,3.5625,3.6563000679016113,2.136791467666626,33600
1993-10-12,3.7813000679016113,3.7813000679016113,3.625,3.7813000679016113,2.20984148979187,97600
1993-10-13,3.7969000339508057,3.828200101852417,3.75,3.7969000339508057,2.2189579010009766,118400
1993-10-14,3.875,3.875,3.75,3.875,2.264601469039917,60800
1993-10-15,3.9063000679016113,3.9063000679016113,3.8125,3.9063000679016113,2.2828938961029053,123200
1993-10-18,3.8594000339508057,3.9063000679016113,3.8125,3.8594000339508057,2.255483865737915,38400
1993-10-19,3.875,3.875,3.8125,3.875,2.264601469039917,24000
1993-10-20,3.8125,3.9063000679016113,3.7813000679016113,3.8125,2.2280752658843994,24000
1993-10-21,3.7813000679016113,3.8438000679016113,3.7813000679016113,3.7813000679016113,2.20984148979187,70400
1993-10-22,3.7813000679016113,3.875,3.7813000679016113,3.7813000679016113,2.20984148979187,19200
1993-10-25,3.7813000679016113,3.7813000679016113,3.7813000679016113,3.7813000679016113,2.20984148979187,0
1993-10-26,3.7813000679016113,3.7813000679016113,3.7813000679016113,3.7813000679016113,2.20984148979187,0
1993-10-27,3.875,3.875,3.875,3.875,2.264601469039917,1600
1993-10-28,3.890700101852417,3.9688000679016113,3.875,3.890700101852417,2.2737767696380615,145600
1993-10-29,3.9063000679016113,3.9688000679016113,3.9063000679016113,3.9063000679016113,2.2828938961029053,25600
1993-11-01,3.9375,3.9688000679016113,3.9063000679016113,3.9375,2.3011279106140137,28800
1993-11-02,4.0,4.093800067901611,3.9375,4.0,2.337653636932373,288000
1993-11-03,4.125,4.125,4.046899795532227,4.125,2.4107048511505127,232000
1993-11-04,4.031300067901611,4.125,4.031300067901611,4.031300067901611,2.3559463024139404,40000
1993-11-05,4.031300067901611,4.031300067901611,4.031300067901611,4.031300067901611,2.3559463024139404,9600
1993-11-08,4.125,4.125,4.031300067901611,4.125,2.4107048511505127,32000
1993-11-09,4.0625,4.125,4.0625,4.0625,2.3741776943206787,22400
1993-11-10,4.031300067901611,4.093800067901611,3.9688000679016113,4.031300067901611,2.3559463024139404,294400
1993-11-11,3.9688000679016113,4.0625,3.9688000679016113,3.9688000679016113,2.3194186687469482,72000
1993-11-12,3.9688000679016113,4.0625,3.9688000679016113,3.9688000679016113,2.3194186687469482,35200
1993-11-15,4.0625,4.125,4.0625,4.0625,2.3741776943206787,36800
1993-11-16,4.031300067901611,4.093800067901611,4.031300067901611,4.031300067901611,2.3559463024139404,12800
1993-11-17,4.031300067901611,4.140699863433838,4.031300067901611,4.031300067901611,2.3559463024139404,227200
1993-11-18,4.218800067901611,4.218800067901611,4.093800067901611,4.218800067901611,2.4655215740203857,268800
1993-11-19,4.1875,4.195400238037109,4.140699863433838,4.1875,2.447230577468872,352000
1993-11-22,4.218800067901611,4.218800067901611,4.125,4.218800067901611,2.4655215740203857,174400
1993-11-23,4.25,4.25,4.1875,4.25,2.483757257461548,329600
1993-11-24,4.281300067901611,4.281300067901611,4.218800067901611,4.281300067901611,2.502049446105957,140800
1993-11-26,4.218800067901611,4.218800067901611,4.218800067901611,4.218800067901611,2.4655215740203857,1600
1993-11-29,4.406300067901611,4.406300067901611,4.3125,4.406300067901611,2.5750997066497803,78400
1993-11-30,4.5,4.5625,4.375,4.5,2.629859685897827,102400
1993-12-01,4.531300067901611,4.625,4.5,4.531300067901611,2.6481504440307617,150400
1993-12-02,4.54689884185791,4.546899795532227,4.531300067901611,4.546899795532227,2.65726900100708,192000
1993-12-03,4.554698944091797,4.554699897766113,4.531300067901611,4.554699897766113,2.661827802658081,88000
1993-12-06,4.5,4.625,4.5,4.5,2.629859685897827,107200
1993-12-07,4.406300067901611,4.445400238037109,4.406300067901611,4.406300067901611,2.5750997066497803,44800
1993-12-08,4.406300067901611,4.468800067901611,4.406300067901611,4.406300067901611,2.5750997066497803,102400
1993-12-09,4.406300067901611,4.406300067901611,4.406300067901611,4.406300067901611,2.5750997066497803,1600
1993-12-10,4.406300067901611,4.406300067901611,4.406300067901611,4.406300067901611,2.5750997066497803,0
1993-12-13,4.406300067901611,4.421899795532227,4.406300067901611,4.406300067901611,2.5750997066497803,344000
1993-12-14,4.468800067901611,4.5,4.406300067901611,4.468800067901611,2.6116251945495605,17600
1993-12-15,4.3906989097595215,4.4375,4.375,4.390699863433838,2.565983533859253,334400
1993-12-16,4.375,4.375,4.375,4.375,2.5568082332611084,11200
1993-12-17,4.5,4.5,4.5,4.5,2.629859685897827,16000
1993-12-20,4.468800067901611,4.468800067901611,4.375,4.468800067901611,2.6116251945495605,6400
1993-12-21,4.468800067901611,4.5,4.390699863433838,4.468800067901611,2.6116251945495605,145600
1993-12-22,4.468800067901611,4.484399795532227,4.4375,4.468800067901611,2.6217167377471924,100800
1993-12-23,4.531300067901611,4.531300067901611,4.4375,4.531300067901611,2.658383369445801,68800
1993-12-27,4.4375,4.531300067901611,4.4375,4.4375,2.6033544540405273,9600
1993-12-28,4.460999965667725,4.531300067901611,4.4375,4.460999965667725,2.6171398162841797,620800
1993-12-29,4.460999965667725,4.460999965667725,4.460999965667725,4.460999965667725,2.6171398162841797,0
1993-12-30,4.4375,4.4375,4.4375,4.4375,2.6033544540405273,19200
1993-12-31,4.4375,4.468800067901611,4.4375,4.4375,2.6033544540405273,48000
1994-01-03,4.4375,4.4375,4.4375,4.4375,2.6033544540405273,33600
1994-01-04,4.468800067901611,4.468800067901611,4.445400238037109,4.468800067901611,2.6217167377471924,35200
1994-01-05,4.375,4.468800067901611,4.375,4.375,2.5666861534118652,14400
1994-01-06,4.453199863433838,4.453199863433838,4.453199863433838,4.453199863433838,2.6125643253326416,8000
1994-01-07,4.4531989097595215,4.453199863433838,4.4375,4.453199863433838,2.6125643253326416,56000
1994-01-10,4.468800067901611,4.468800067901611,4.375,4.468800067901611,2.6217167377471924,3200
1994-01-11,4.375,4.375,4.375,4.375,2.5666861534118652,8000
1994-01-12,4.406300067901611,4.406300067901611,4.390699863433838,4.406300067901611,2.585049867630005,96000
1994-01-13,4.375,4.375,4.375,4.375,2.5666861534118652,9600
1994-01-14,4.453199863433838,4.453199863433838,4.453199863433838,4.453199863433838,2.6125643253326416,9600
1994-01-17,4.468800067901611,4.468800067901611,4.375,4.468800067901611,2.6217167377471924,36800
1994-01-18,4.468800067901611,4.468800067901611,4.468800067901611,4.468800067901611,2.6217167377471924,11200
1994-01-19,4.445400238037109,4.468800067901611,4.4375,4.445400238037109,2.6079885959625244,33600
1994-01-20,4.4531989097595215,4.460999965667725,4.375,4.453199863433838,2.6125643253326416,86400
1994-01-21,4.453199863433838,4.453199863433838,4.453199863433838,4.453199863433838,2.6125643253326416,0
1994-01-24,4.4375,4.468800067901611,4.4375,4.4375,2.6033544540405273,56000
1994-01-25,4.375,4.468800067901611,4.375,4.375,2.5666861534118652,11200
1994-01-26,4.656300067901611,4.656300067901611,4.4375,4.656300067901611,2.731717348098755,113600
1994-01-27,4.5625,4.5625,4.546899795532227,4.546899795532227,2.6675355434417725,38400
1994-01-28,4.718800067901611,4.718800067901611,4.546899795532227,4.718800067901611,2.768383264541626,49600
1994-01-31,4.75,4.75,4.625,4.75,2.786688804626465,25600
1994-02-01,4.6875,4.6875,4.625,4.6875,2.750020742416382,33600
1994-02-02,4.781300067901611,4.781300067901611,4.75,4.781300067901611,2.8050522804260254,57600
1994-02-03,4.8281989097595215,4.843800067901611,4.8125,4.828199863433838,2.8325653076171875,16000
1994-02-04,4.820400238037109,4.890699863433838,4.8125,4.820400238037109,2.8279905319213867,115200
1994-02-07,4.804698944091797,4.820400238037109,4.796899795532227,4.804699897766113,2.818779945373535,72000
1994-02-08,4.968800067901611,4.968800067901611,4.875,4.968800067901611,2.9150516986846924,75200
1994-02-09,5.0,5.0,4.9375,5.0,2.9333558082580566,59200
1994-02-10,5.125,5.125,5.0,5.125,3.0066895484924316,68800
1994-02-11,5.031300067901611,5.031300067901611,5.031300067901611,5.031300067901611,2.9517199993133545,60800
1994-02-14,5.031300067901611,5.093800067901611,5.031300067901611,5.031300067901611,2.9517199993133545,432000
1994-02-15,5.031300067901611,5.0625,5.031300067901611,5.031300067901611,2.9517199993133545,88000
1994-02-16,5.125,5.125,5.125,5.125,3.0066895484924316,1600
1994-02-17,5.0625,5.125,5.0625,5.0625,2.970022678375244,9600
1994-02-18,5.125,5.218800067901611,5.125,5.125,3.0066895484924316,57600
1994-02-22,5.125,5.132900238037109,5.125,5.125,3.0066895484924316,35200
1994-02-23,5.25,5.25,5.25,5.25,3.0800235271453857,3200
1994-02-24,5.125,5.156300067901611,5.125,5.125,3.0066895484924316,83200
1994-02-25,5.218800067901611,5.218800067901611,5.125,5.218800067901611,3.0617191791534424,30400
1994-02-28,5.218800067901611,5.218800067901611,5.218800067901611,5.218800067901611,3.0617191791534424,9600
1994-03-01,5.218800067901611,5.218800067901611,5.218800067901611,5.218800067901611,3.0617191791534424,1600
1994-03-02,5.218800067901611,5.218800067901611,5.125,5.218800067901611,3.0617191791534424,89600
1994-03-03,5.125,5.132900238037109,5.125,5.125,3.0066895484924316,25600
1994-03-04,5.125,5.125,5.125,5.125,3.0066895484924316,9600
1994-03-07,5.125,5.125,5.125,5.125,3.0066895484924316,0
1994-03-08,5.125,5.125,5.125,5.125,3.0066895484924316,8000
1994-03-09,5.218800067901611,5.218800067901611,5.125,5.218800067901611,3.0617191791534424,60800
1994-03-10,5.343800067901611,5.343800067901611,5.156300067901611,5.343800067901611,3.1350550651550293,108800
1994-03-11,5.3125,5.3125,5.218800067901611,5.3125,3.1166908740997314,8000
1994-03-14,5.343800067901611,5.343800067901611,5.218800067901611,5.343800067901611,3.1350550651550293,64000
1994-03-15,5.3125,5.328199863433838,5.3125,5.3125,3.1166908740997314,56000
1994-03-16,5.625,5.625,5.375,5.625,3.3000271320343018,145600
1994-03-17,5.625,5.75,5.625,5.625,3.3000271320343018,24000
1994-03-18,5.75,5.75,5.625,5.75,3.3733606338500977,24000
1994-03-21,5.625,5.710999965667725,5.625,5.625,3.3000271320343018,92800
1994-03-22,5.718800067901611,5.718800067901611,5.625,5.718800067901611,3.3550562858581543,33600
1994-03-23,5.67189884185791,5.6875,5.625,5.671899795532227,3.3275389671325684,43200
1994-03-24,5.625,5.625,5.625,5.625,3.3000271320343018,43200
1994-03-25,5.656300067901611,5.656300067901611,5.656300067901611,5.656300067901611,3.3183884620666504,1600
1994-03-28,5.593800067901611,5.625,5.5,5.593800067901611,3.2817211151123047,120000
1994-03-29,5.625,5.625,5.531300067901611,5.625,3.3102033138275146,163200
1994-03-30,5.60939884185791,5.609399795532227,5.5,5.609399795532227,3.30102276802063,57600
1994-03-31,5.54689884185791,5.625,5.5,5.546899795532227,3.264244556427002,116800
1994-04-04,5.3125,5.5,5.281300067901611,5.3125,3.1263020038604736,259200
1994-04-05,5.343800067901611,5.359399795532227,5.3125,5.343800067901611,3.1447229385375977,200000
1994-04-06,5.4375,5.4375,5.343800067901611,5.4375,3.1998631954193115,41600
1994-04-07,5.343800067901611,5.343800067901611,5.343800067901611,5.343800067901611,3.1447229385375977,9600
1994-04-08,5.4375,5.4375,5.359399795532227,5.359399795532227,3.1539032459259033,22400
1994-04-11,5.343800067901611,5.343800067901611,5.343800067901611,5.343800067901611,3.1447229385375977,1600
1994-04-12,5.343800067901611,5.390699863433838,5.343800067901611,5.343800067901611,3.1447229385375977,28800
1994-04-13,5.3125,5.343800067901611,5.3125,5.3125,3.1263020038604736,52800
1994-04-14,5.375,5.406300067901611,5.375,5.375,3.163083553314209,36800
1994-04-15,5.375,5.375,5.3125,5.375,3.163083553314209,40000
1994-04-18,5.3125,5.406300067901611,5.3125,5.3125,3.1263020038604736,14400
1994-04-19,5.3125,5.3125,5.3125,5.3125,3.1263020038604736,1600
1994-04-20,5.35939884185791,5.359399795532227,5.3125,5.359399795532227,3.1539032459259033,51200
1994-04-21,5.359399795532227,5.359399795532227,5.359399795532227,5.359399795532227,3.1539032459259033,0
1994-04-22,5.3125,5.359399795532227,5.3125,5.3125,3.1263020038604736,49600
1994-04-25,5.320400238037109,5.320400238037109,5.3125,5.320400238037109,3.1309518814086914,4800
1994-04-26,5.320400238037109,5.375,5.3125,5.320400238037109,3.1309518814086914,76800
1994-04-28,5.343800067901611,5.375,5.3125,5.343800067901611,3.1447229385375977,75200
1994-04-29,5.375,5.375,5.3125,5.375,3.163083553314209,19200
1994-05-02,5.304698944091797,5.375,5.281300067901611,5.304699897766113,3.1217119693756104,97600
1994-05-03,5.25,5.3125,5.156300067901611,5.25,3.089524269104004,46400
1994-05-04,5.17189884185791,5.171899795532227,5.164100170135498,5.171899795532227,3.043562173843384,172800
1994-05-05,5.156300067901611,5.156300067901611,5.156300067901611,5.156300067901611,3.034383773803711,6400
1994-05-06,5.156300067901611,5.156300067901611,5.156300067901611,5.156300067901611,3.034383773803711,6400
1994-05-09,5.1875,5.1875,5.156300067901611,5.1875,3.052743434906006,112000
1994-05-10,5.156300067901611,5.25,5.156300067901611,5.156300067901611,3.034383773803711,84800
1994-05-11,5.156300067901611,5.1875,5.156300067901611,5.156300067901611,3.034383773803711,24000
1994-05-12,5.125,5.164100170135498,5.125,5.125,3.015963315963745,73600
1994-05-13,5.1406989097595215,5.140699863433838,5.125,5.140699863433838,3.025202512741089,9600
1994-05-16,5.140699863433838,5.140699863433838,5.140699863433838,5.140699863433838,3.025202512741089,0
1994-05-17,5.125,5.125,5.125,5.125,3.015963315963745,14400
1994-05-18,5.125,5.125,5.125,5.125,3.015963315963745,0
1994-05-19,5.1875,5.203199863433838,5.156300067901611,5.1875,3.052743434906006,332800
1994-05-20,5.1875,5.1875,5.1875,5.1875,3.052743434906006,0
1994-05-23,5.156300067901611,5.179699897766113,5.156300067901611,5.156300067901611,3.034383773803711,25600
1994-05-24,5.281300067901611,5.281300067901611,5.156300067901611,5.281300067901611,3.1079437732696533,24000
1994-05-25,5.156300067901611,5.156300067901611,5.156300067901611,5.156300067901611,3.034383773803711,9600
1994-05-26,5.156300067901611,5.156300067901611,5.156300067901611,5.156300067901611,3.034383773803711,0
1994-05-27,5.2656989097595215,5.265699863433838,5.156300067901611,5.265699863433838,3.0987627506256104,12800
1994-05-31,5.171899795532227,5.171899795532227,5.171899795532227,5.171899795532227,3.043562173843384,3200
1994-06-01,5.171899795532227,5.171899795532227,5.171899795532227,5.171899795532227,3.043562173843384,0
1994-06-02,5.156300067901611,5.156300067901611,5.156300067901611,5.156300067901611,3.034383773803711,1600
1994-06-03,5.265699863433838,5.265699863433838,5.265699863433838,5.265699863433838,3.0987627506256104,40000
1994-06-06,5.265699863433838,5.265699863433838,5.265699863433838,5.265699863433838,3.0987627506256104,0
1994-06-07,5.265699863433838,5.265699863433838,5.265699863433838,5.265699863433838,3.0987627506256104,0
1994-06-08,5.265699863433838,5.265699863433838,5.265699863433838,5.265699863433838,3.0987627506256104,0
1994-06-09,5.179698944091797,5.1875,5.171899795532227,5.179699897766113,3.0481536388397217,332800
1994-06-10,5.179699897766113,5.179699897766113,5.179699897766113,5.179699897766113,3.0481536388397217,0
1994-06-13,5.226600170135498,5.226600170135498,5.1875,5.226600170135498,3.075753927230835,12800
1994-06-14,5.25,5.25,5.171899795532227,5.171899795532227,3.043562173843384,73600
1994-06-15,5.195400238037109,5.195400238037109,5.171899795532227,5.171899795532227,3.043562173843384,99200
1994-06-16,5.171899795532227,5.171899795532227,5.171899795532227,5.171899795532227,3.043562173843384,0
1994-06-17,5.171899795532227,5.171899795532227,5.171899795532227,5.171899795532227,3.043562173843384,1600
1994-06-20,5.1875,5.1875,5.1875,5.1875,3.052743434906006,16000
1994-06-21,5.281300067901611,5.281300067901611,5.281300067901611,5.281300067901611,3.1079437732696533,8000
1994-06-22,5.234399795532227,5.234399795532227,5.234399795532227,5.234399795532227,3.08034348487854,11200
1994-06-23,5.23439884185791,5.234399795532227,5.1875,5.234399795532227,3.08034348487854,17600
1994-06-24,5.3125,5.3125,5.281300067901611,5.3125,3.1263020038604736,91200
1994-06-27,5.3125,5.3125,5.3125,5.3125,3.1263020038604736,0
1994-06-28,5.343800067901611,5.4375,5.343800067901611,5.343800067901611,3.1447229385375977,260800
1994-06-29,5.343800067901611,5.406300067901611,5.343800067901611,5.343800067901611,3.1561813354492188,65600
1994-06-30,5.3125,5.375,5.3125,5.3125,3.137693166732788,76800
1994-07-01,5.351600170135498,5.351600170135498,5.3125,5.351600170135498,3.1607890129089355,46400
1994-07-05,5.406300067901611,5.406300067901611,5.406300067901611,5.406300067901611,3.19309663772583,1600
1994-07-06,5.406300067901611,5.406300067901611,5.359399795532227,5.359399795532227,3.1653950214385986,6400
1994-07-07,5.35939884185791,5.359399795532227,5.343800067901611,5.359399795532227,3.1653950214385986,81600
1994-07-08,5.3125,5.359399795532227,5.3125,5.3125,3.137693166732788,8000
1994-07-11,5.406300067901611,5.406300067901611,5.343800067901611,5.406300067901611,3.19309663772583,340800
1994-07-12,5.343800067901611,5.343800067901611,5.25,5.343800067901611,3.1561813354492188,198400
1994-07-13,5.296899795532227,5.296899795532227,5.296899795532227,5.296899795532227,3.1284823417663574,60800
1994-07-14,5.25,5.3125,5.25,5.25,3.1007814407348633,5600
1994-07-15,5.328197956085205,5.375,5.25,5.328199863433838,3.1469688415527344,36800
1994-07-18,5.328199863433838,5.328199863433838,5.328199863433838,5.328199863433838,3.1469688415527344,0
1994-07-19,5.3125,5.375,5.3125,5.3125,3.137693166732788,7200
1994-07-20,5.3125,5.3125,5.3125,5.3125,3.137693166732788,16000
1994-07-21,5.25,5.375,5.25,5.25,3.1007814407348633,48800
1994-07-22,5.25,5.343800067901611,5.25,5.25,3.1007814407348633,48800
1994-07-25,5.375,5.375,5.265699863433838,5.265699863433838,3.110053062438965,12800
1994-07-26,5.375,5.375,5.375,5.375,3.174609422683716,800
1994-07-27,5.3125,5.3125,5.265699863433838,5.3125,3.137693166732788,80000
1994-07-28,5.25,5.3125,5.25,5.25,3.1007814407348633,4000
1994-07-29,5.375,5.375,5.265699863433838,5.375,3.174609422683716,122400
1994-08-01,5.375,5.375,5.375,5.375,3.174609422683716,19200
1994-08-02,5.375,5.375,5.375,5.375,3.174609422683716,4800
1994-08-03,5.25,5.281300067901611,5.25,5.25,3.1007814407348633,39200
1994-08-04,5.281300067901611,5.343800067901611,5.25,5.281300067901611,3.1192681789398193,309600
1994-08-05,5.281300067901611,5.375,5.281300067901611,5.281300067901611,3.1192681789398193,18400
1994-08-08,5.375,5.375,5.375,5.375,3.174609422683716,1600
1994-08-09,5.375,5.375,5.375,5.375,3.174609422683716,0
1994-08-10,5.375,5.375,5.375,5.375,3.174609422683716,4800
1994-08-11,5.265697956085205,5.375,5.25,5.265699863433838,3.110053062438965,8000
1994-08-12,5.234397888183594,5.265699863433838,5.218800067901611,5.234399795532227,3.0915660858154297,95200
1994-08-15,5.218800067901611,5.265699863433838,5.218800067901611,5.218800067901611,3.08235239982605,8800
1994-08-16,5.25,5.25,5.25,5.25,3.1007814407348633,6400
1994-08-17,5.125,5.25,5.125,5.125,3.0269527435302734,96000
1994-08-18,5.125,5.125,5.125,5.125,3.0269527435302734,0
1994-08-19,5.156300067901611,5.156300067901611,5.156300067901611,5.156300067901611,3.0454397201538086,800
1994-08-22,5.218800067901611,5.218800067901611,5.218800067901611,5.218800067901611,3.08235239982605,8000
1994-08-23,5.218800067901611,5.218800067901611,5.156300067901611,5.218800067901611,3.08235239982605,38400
1994-08-24,5.1875,5.1875,5.156300067901611,5.1875,3.06386661529541,188800
1994-08-25,5.156300067901611,5.218800067901611,5.148499965667725,5.156300067901611,3.0454397201538086,28000
1994-08-26,5.218800067901611,5.218800067901611,5.156300067901611,5.218800067901611,3.08235239982605,3200
1994-08-29,5.156300067901611,5.156300067901611,5.156300067901611,5.156300067901611,3.0454397201538086,800
1994-08-30,5.1875,5.1875,5.156300067901611,5.1875,3.06386661529541,44000
1994-08-31,5.218800067901611,5.218800067901611,5.156300067901611,5.218800067901611,3.08235239982605,39200
1994-09-01,5.031300067901611,5.218800067901611,5.031300067901611,5.031300067901611,2.971611976623535,499200
1994-09-02,5.031300067901611,5.093800067901611,5.031300067901611,5.031300067901611,2.971611976623535,36000
1994-09-06,5.093800067901611,5.093800067901611,5.031300067901611,5.093800067901611,3.00852632522583,6400
1994-09-07,5.046897888183594,5.093800067901611,5.031300067901611,5.046899795532227,2.9808247089385986,33600
1994-09-08,5.109397888183594,5.109399795532227,5.093800067901611,5.109399795532227,3.0177385807037354,24000
1994-09-09,5.3125,5.3125,5.125,5.3125,3.137693166732788,104800
1994-09-12,5.218800067901611,5.218800067901611,5.218800067901611,5.218800067901611,3.08235239982605,64000
1994-09-13,5.3125,5.3125,5.3125,5.3125,3.137693166732788,11200
1994-09-14,5.281300067901611,5.343800067901611,5.25,5.281300067901611,3.1192681789398193,108000
1994-09-15,5.3125,5.375,5.281300067901611,5.3125,3.137693166732788,19200
1994-09-16,5.375,5.375,5.281300067901611,5.375,3.174609422683716,17600
1994-09-19,5.468800067901611,5.468800067901611,5.375,5.468800067901611,3.2300102710723877,52000
1994-09-20,5.4375,5.468800067901611,5.343800067901611,5.4375,3.211522102355957,191200
1994-09-21,5.375,5.375,5.359399795532227,5.375,3.174609422683716,160000
1994-09-22,5.343800067901611,5.468800067901611,5.343800067901611,5.343800067901611,3.1561813354492188,176800
1994-09-23,5.4375,5.4375,5.4375,5.4375,3.211522102355957,6400
1994-09-26,5.406300067901611,5.468800067901611,5.343800067901611,5.406300067901611,3.19309663772583,99200
1994-09-27,5.5,5.656300067901611,5.468800067901611,5.5,3.2484371662139893,262400
1994-09-28,5.531300067901611,5.531300067901611,5.531300067901611,5.531300067901611,3.2784881591796875,4000
1994-09-29,5.5,5.5,5.5,5.5,3.2599358558654785,16800
1994-09-30,5.531300067901611,5.531300067901611,5.421899795532227,5.531300067901611,3.2784881591796875,16800
1994-10-03,5.406300067901611,5.406300067901611,5.406300067901611,5.406300067901611,3.204399824142456,800
1994-10-04,5.453197956085205,5.453199863433838,5.406300067901611,5.453199863433838,3.23219633102417,8800
1994-10-05,5.406300067901611,5.531300067901611,5.406300067901611,5.406300067901611,3.204399824142456,150400
1994-10-06,5.406300067901611,5.406300067901611,5.406300067901611,5.406300067901611,3.204399824142456,0
1994-10-07,5.5,5.5,5.5,5.5,3.2599358558654785,1600
1994-10-10,5.421899795532227,5.421899795532227,5.421899795532227,5.421899795532227,3.2136447429656982,5600
1994-10-11,5.406300067901611,5.468800067901611,5.406300067901611,5.406300067901611,3.204399824142456,48800
1994-10-12,5.5,5.5,5.468800067901611,5.5,3.2599358558654785,56800
1994-10-13,5.5,5.5,5.5,5.5,3.2599358558654785,1600
1994-10-14,5.5,5.5,5.5,5.5,3.2599358558654785,0
1994-10-17,5.5,5.5,5.5,5.5,3.2599358558654785,1600
1994-10-18,5.5,5.5,5.5,5.5,3.2599358558654785,0
1994-10-19,5.5,5.5,5.5,5.5,3.2599358558654785,0
1994-10-20,5.5,5.5,5.5,5.5,3.2599358558654785,0
1994-10-21,5.4375,5.4375,5.4375,5.4375,3.222890615463257,2400
1994-10-24,5.4375,5.484399795532227,5.4375,5.4375,3.222890615463257,228000
1994-10-25,5.468800067901611,5.468800067901611,5.468800067901611,5.468800067901611,3.241443634033203,8000
1994-10-26,5.468800067901611,5.468800067901611,5.468800067901611,5.468800067901611,3.241443634033203,0
1994-10-27,5.468800067901611,5.468800067901611,5.468800067901611,5.468800067901611,3.241443634033203,0
1994-10-28,5.468800067901611,5.468800067901611,5.468800067901611,5.468800067901611,3.241443634033203,4000
1994-10-31,5.468999862670898,5.468999862670898,5.468999862670898,5.468999862670898,3.2415623664855957,8000
1994-11-01,5.438000202178955,5.438000202178955,5.438000202178955,5.438000202178955,3.2231879234313965,2400
1994-11-02,5.4070000648498535,5.5,5.4070000648498535,5.4070000648498535,3.2048122882843018,2400
1994-11-03,5.4070000648498535,5.4070000648498535,5.4070000648498535,5.4070000648498535,3.2048122882843018,0
1994-11-04,5.4070000648498535,5.5,5.4070000648498535,5.4070000648498535,3.2048122882843018,53600
1994-11-07,5.438000202178955,5.438000202178955,5.4070000648498535,5.438000202178955,3.2231879234313965,35200
1994-11-08,5.438000202178955,5.438000202178955,5.438000202178955,5.438000202178955,3.2231879234313965,0
1994-11-09,5.438000202178955,5.438000202178955,5.438000202178955,5.438000202178955,3.2231879234313965,0
1994-11-10,5.438000202178955,5.438000202178955,5.438000202178955,5.438000202178955,3.2231879234313965,3200
1994-11-11,5.4070000648498535,5.4070000648498535,5.4070000648498535,5.4070000648498535,3.2048122882843018,2400
1994-11-14,5.5,5.5,5.5,5.5,3.2599358558654785,2400
1994-11-15,5.421999931335449,5.421999931335449,5.421999931335449,5.421999931335449,3.2137041091918945,3200
1994-11-16,5.421999931335449,5.421999931335449,5.421999931335449,5.421999931335449,3.2137041091918945,0
1994-11-17,5.414999961853027,5.414999961853027,5.414999961853027,5.414999961853027,3.209554433822632,5600
1994-11-18,5.5,5.5,5.5,5.5,3.2599358558654785,800
1994-11-21,5.438000202178955,5.438000202178955,5.4070000648498535,5.438000202178955,3.2231879234313965,448800
1994-11-22,5.438000202178955,5.438000202178955,5.438000202178955,5.438000202178955,3.2231879234313965,29600
1994-11-23,5.438000202178955,5.438000202178955,5.438000202178955,5.438000202178955,3.2231879234313965,0
1994-11-25,5.4070000648498535,5.5,5.4070000648498535,5.4070000648498535,3.2048122882843018,2400
1994-11-28,5.5,5.5,5.5,5.5,3.2599358558654785,8000
1994-11-29,5.5,5.5,5.5,5.5,3.2599358558654785,0
1994-11-30,5.4070000648498535,5.5,5.4070000648498535,5.4070000648498535,3.2048122882843018,2400
1994-12-01,5.4070000648498535,5.4070000648498535,5.4070000648498535,5.4070000648498535,3.2048122882843018,0
1994-12-02,5.4070000648498535,5.4070000648498535,5.4070000648498535,5.4070000648498535,3.2048122882843018,0
1994-12-05,5.5,5.5,5.4070000648498535,5.5,3.2599358558654785,826400
1994-12-06,5.5,5.5,5.5,5.5,3.2599358558654785,0
1994-12-07,5.4070000648498535,5.4070000648498535,5.4070000648498535,5.4070000648498535,3.2048122882843018,24000
1994-12-08,5.4070000648498535,5.4070000648498535,5.313000202178955,5.4070000648498535,3.2048122882843018,290400
1994-12-09,5.343999862670898,5.4070000648498535,5.343999862670898,5.343999862670898,3.1674728393554688,13600
1994-12-12,5.4070000648498535,5.4070000648498535,5.343999862670898,5.4070000648498535,3.2048122882843018,28000
1994-12-13,5.343999862670898,5.4070000648498535,5.343999862670898,5.343999862670898,3.1674728393554688,64800
1994-12-14,5.4070000648498535,5.4070000648498535,5.360000133514404,5.4070000648498535,3.2048122882843018,375200
1994-12-15,5.4070000648498535,5.4070000648498535,5.343999862670898,5.4070000648498535,3.2048122882843018,36800
1994-12-16,5.360000133514404,5.4070000648498535,5.343999862670898,5.360000133514404,3.1769559383392334,58400
1994-12-19,5.343999862670898,5.4070000648498535,5.343999862670898,5.343999862670898,3.1674728393554688,5600
1994-12-20,5.468999862670898,5.5,5.343999862670898,5.468999862670898,3.2415623664855957,147200
1994-12-21,5.5,5.5,5.5,5.5,3.271541118621826,10400
1994-12-22,5.5,5.5,5.5,5.5,3.271541118621826,48000
1994-12-23,5.5,5.515999794006348,5.485000133514404,5.5,3.271541118621826,70400
1994-12-27,5.468999862670898,5.468999862670898,5.468999862670898,5.468999862670898,3.253101348876953,800
1994-12-28,5.5320000648498535,5.5320000648498535,5.468999862670898,5.5320000648498535,3.290574789047241,18400
1994-12-29,5.5,5.5320000648498535,5.5,5.5,3.271541118621826,2400
1994-12-30,5.5320000648498535,5.5320000648498535,5.5320000648498535,5.5320000648498535,3.290574789047241,23200
1995-01-03,5.5320000648498535,5.5320000648498535,5.5320000648498535,5.5320000648498535,3.290574789047241,800
1995-01-04,5.468999862670898,5.468999862670898,5.468999862670898,5.468999862670898,3.253101348876953,8000
1995-01-05,5.625,5.625,5.468999862670898,5.625,3.345895528793335,182400
1995-01-06,5.688000202178955,5.718999862670898,5.563000202178955,5.688000202178955,3.3833670616149902,180800
1995-01-09,5.75,5.75,5.625,5.75,3.42024827003479,96800
1995-01-10,5.7820000648498535,5.843999862670898,5.6570000648498535,5.7820000648498535,3.4392824172973633,404000
1995-01-11,5.9070000648498535,5.9070000648498535,5.7820000648498535,5.9070000648498535,3.5136361122131348,112800
1995-01-12,5.9070000648498535,5.938000202178955,5.813000202178955,5.9070000648498535,3.5136361122131348,119200
1995-01-13,6.218999862670898,6.313000202178955,6.0,6.218999862670898,3.699220895767212,116000
1995-01-16,6.390997886657715,6.438000202178955,6.25,6.390999794006348,3.8015291690826416,118400
1995-01-17,6.438000202178955,6.438000202178955,6.343999862670898,6.438000202178955,3.8294875621795654,12000
1995-01-18,6.343999862670898,6.343999862670898,6.343999862670898,6.343999862670898,3.7735748291015625,12800
1995-01-19,6.25,6.343999862670898,6.25,6.25,3.717661142349243,51200
1995-01-20,6.25,6.25,6.25,6.25,3.717661142349243,1600
1995-01-23,6.25,6.2820000648498535,6.25,6.25,3.717661142349243,307200
1995-01-24,6.375,6.375,6.25,6.375,3.79201340675354,282400
1995-01-25,6.375,6.382999897003174,6.2820000648498535,6.375,3.79201340675354,46400
1995-01-26,6.375,6.375,6.375,6.375,3.79201340675354,16800
1995-01-27,6.375,6.438000202178955,6.375,6.375,3.79201340675354,760000
1995-01-30,6.421999931335449,6.468999862670898,6.375,6.421999931335449,3.819969892501831,24800
1995-01-31,6.375,6.5,6.375,6.375,3.79201340675354,17600
1995-02-01,6.390999794006348,6.390999794006348,6.390999794006348,6.390999794006348,3.8015291690826416,20000
1995-02-02,6.375,6.468999862670898,6.375,6.375,3.79201340675354,4000
1995-02-03,6.375,6.468999862670898,6.375,6.375,3.79201340675354,24800
1995-02-06,6.4070000648498535,6.5,6.4070000648498535,6.4070000648498535,3.8110461235046387,11200
1995-02-07,6.468999862670898,6.5,6.4070000648498535,6.468999862670898,3.847926378250122,68000
1995-02-08,6.468999862670898,6.468999862670898,6.468999862670898,6.468999862670898,3.847926378250122,7200
1995-02-09,6.468999862670898,6.5,6.468999862670898,6.468999862670898,3.847926378250122,56000
1995-02-10,6.5,6.5,6.4070000648498535,6.5,3.866365909576416,23200
1995-02-13,6.390997886657715,6.468999862670898,6.375,6.390999794006348,3.8015291690826416,33600
1995-02-14,6.375,6.468999862670898,6.375,6.375,3.79201340675354,112800
1995-02-15,6.468999862670898,6.468999862670898,6.4070000648498535,6.468999862670898,3.847926378250122,19200
1995-02-16,6.375,6.468999862670898,6.375,6.375,3.79201340675354,86400
1995-02-17,6.4070000648498535,6.468999862670898,6.375,6.4070000648498535,3.8110461235046387,24000
1995-02-21,6.375,6.375,6.375,6.375,3.79201340675354,6400
1995-02-22,6.375,6.468999862670898,6.375,6.375,3.79201340675354,126400
1995-02-23,6.390997886657715,6.468999862670898,6.375,6.390999794006348,3.8015291690826416,211200
1995-02-24,6.375,6.468999862670898,6.375,6.375,3.79201340675354,10400
1995-02-27,6.2820000648498535,6.438000202178955,6.2820000648498535,6.2820000648498535,3.736694574356079,22400
1995-02-28,6.375,6.375,6.2820000648498535,6.375,3.79201340675354,24800
1995-03-01,6.375,6.375,6.375,6.375,3.79201340675354,1600
1995-03-02,6.375,6.375,6.375,6.375,3.79201340675354,0
1995-03-03,6.313000202178955,6.375,6.313000202178955,6.313000202178955,3.755136489868164,59200
1995-03-06,6.468999862670898,6.468999862670898,6.2820000648498535,6.468999862670898,3.847926378250122,193600
1995-03-07,6.578999996185303,6.625,6.468999862670898,6.578999996185303,3.913356304168701,494400
1995-03-08,6.5320000648498535,6.625,6.5320000648498535,6.5320000648498535,3.88539981842041,38400
1995-03-09,6.578999996185303,6.625,6.578999996185303,6.578999996185303,3.913356304168701,27200
1995-03-10,6.563000202178955,6.625,6.5320000648498535,6.563000202178955,3.9038398265838623,92000
1995-03-13,6.546999931335449,6.625,6.5,6.546999931335449,3.894324541091919,107200
1995-03-14,6.5,6.625,6.5,6.5,3.866365909576416,32000
1995-03-15,6.563000202178955,6.563000202178955,6.468999862670898,6.563000202178955,3.9038398265838623,32800
1995-03-16,6.468999862670898,6.563000202178955,6.468999862670898,6.468999862670898,3.847926378250122,2400
1995-03-17,6.5,6.563000202178955,6.468999862670898,6.5,3.866365909576416,34400
1995-03-20,6.468999862670898,6.468999862670898,6.468999862670898,6.468999862670898,3.847926378250122,4000
1995-03-21,6.515997886657715,6.515999794006348,6.468999862670898,6.515999794006348,3.8758840560913086,6400
1995-03-22,6.5320000648498535,6.5320000648498535,6.468999862670898,6.5320000648498535,3.88539981842041,82400
1995-03-23,6.438000202178955,6.563000202178955,6.438000202178955,6.438000202178955,3.8294875621795654,32800
1995-03-24,6.5,6.5,6.375,6.5,3.866365909576416,14400
1995-03-27,6.375,6.375,6.375,6.375,3.79201340675354,9600
1995-03-28,6.5,6.5,6.5,6.5,3.866365909576416,6400
1995-03-29,6.438000202178955,6.5,6.375,6.438000202178955,3.8294875621795654,5600
1995-03-30,6.4070000648498535,6.5,6.4070000648498535,6.4070000648498535,3.8225655555725098,12000
1995-03-31,6.5,6.5,6.4070000648498535,6.5,3.8780517578125,1600
1995-04-03,6.4070000648498535,6.5,6.343999862670898,6.4070000648498535,3.8225655555725098,859200
1995-04-04,6.4070000648498535,6.5,6.375,6.4070000648498535,3.8225655555725098,77600
1995-04-05,6.375,6.438000202178955,6.375,6.375,3.803474187850952,15200
1995-04-06,6.4070000648498535,6.5,6.375,6.4070000648498535,3.8225655555725098,6400
1995-04-07,6.4070000648498535,6.438000202178955,6.4070000648498535,6.4070000648498535,3.8225655555725098,16000
1995-04-10,6.438000202178955,6.438000202178955,6.438000202178955,6.438000202178955,3.8410606384277344,4800
1995-04-11,6.375,6.5,6.375,6.375,3.803474187850952,5600
1995-04-12,6.438000202178955,6.438000202178955,6.375,6.438000202178955,3.8410606384277344,38400
1995-04-13,6.438000202178955,6.438000202178955,6.375,6.438000202178955,3.8410606384277344,26400
1995-04-17,6.438000202178955,6.438000202178955,6.4070000648498535,6.438000202178955,3.8410606384277344,8000
1995-04-18,6.438000202178955,6.5,6.438000202178955,6.438000202178955,3.8410606384277344,5600
1995-04-19,6.593999862670898,6.593999862670898,6.453999996185303,6.593999862670898,3.934135675430298,47200
1995-04-20,6.5,6.5,6.5,6.5,3.8780517578125,9600
1995-04-21,6.5,6.5,6.5,6.5,3.8780517578125,13600
1995-04-24,6.718999862670898,6.718999862670898,6.5,6.718999862670898,4.0087127685546875,157600
1995-04-25,6.875,7.0,6.7820000648498535,6.875,4.10178804397583,66400
1995-04-26,6.968999862670898,7.0,6.875,6.968999862670898,4.1578688621521,14400
1995-04-27,6.875,6.875,6.875,6.875,4.10178804397583,4000
1995-04-28,7.0,7.0320000648498535,6.875,7.0,4.176363945007324,63200
1995-05-01,7.0,7.0320000648498535,6.968999862670898,7.0,4.176363945007324,45600
1995-05-02,7.0320000648498535,7.0320000648498535,7.0,7.0320000648498535,4.195456027984619,12800
1995-05-03,7.0320000648498535,7.0320000648498535,7.0320000648498535,7.0320000648498535,4.195456027984619,0
1995-05-04,6.968999862670898,7.0,6.968999862670898,6.968999862670898,4.1578688621521,273600
1995-05-05,7.0320000648498535,7.0320000648498535,6.968999862670898,7.0320000648498535,4.195456027984619,24800
1995-05-08,7.0320000648498535,7.0320000648498535,7.0320000648498535,7.0320000648498535,4.195456027984619,4000
1995-05-09,6.968999862670898,7.0320000648498535,6.968999862670898,6.968999862670898,4.1578688621521,1600
1995-05-10,7.063000202178955,7.063000202178955,7.0,7.063000202178955,4.21395206451416,89600
1995-05-11,7.110000133514404,7.1570000648498535,7.063000202178955,7.110000133514404,4.241991996765137,15200
1995-05-12,7.078999996185303,7.125,7.063000202178955,7.078999996185303,4.2234954833984375,51200
1995-05-15,7.063000202178955,7.063000202178955,7.063000202178955,7.063000202178955,4.21395206451416,2400
1995-05-16,7.063000202178955,7.063000202178955,7.063000202178955,7.063000202178955,4.21395206451416,4000
1995-05-17,7.093999862670898,7.188000202178955,7.093999862670898,7.093999862670898,4.232447147369385,8800
1995-05-18,7.188000202178955,7.188000202178955,7.063000202178955,7.188000202178955,4.28853178024292,13600
1995-05-19,7.188000202178955,7.188000202178955,7.188000202178955,7.188000202178955,4.28853178024292,0
1995-05-22,7.0,7.125,7.0,7.0,4.176363945007324,161600
1995-05-23,7.125,7.125,7.046999931335449,7.125,4.250943660736084,152800
1995-05-24,7.110000133514404,7.188000202178955,7.063000202178955,7.110000133514404,4.241991996765137,612800
1995-05-25,7.1570000648498535,7.188000202178955,7.063000202178955,7.1570000648498535,4.270033359527588,21600
1995-05-26,7.1570000648498535,7.1570000648498535,7.1570000648498535,7.1570000648498535,4.270033359527588,8000
1995-05-30,7.093999862670898,7.188000202178955,7.093999862670898,7.093999862670898,4.232447147369385,2400
1995-05-31,7.125,7.125,7.063000202178955,7.125,4.250943660736084,2400
1995-06-01,7.125,7.125,7.125,7.125,4.250943660736084,0
1995-06-02,7.125,7.125,7.125,7.125,4.250943660736084,0
1995-06-05,7.188000202178955,7.188000202178955,7.063000202178955,7.188000202178955,4.28853178024292,408000
1995-06-06,7.188000202178955,7.188000202178955,7.125,7.188000202178955,4.28853178024292,91200
1995-06-07,7.188000202178955,7.188000202178955,7.063000202178955,7.188000202178955,4.28853178024292,3200
1995-06-08,7.188000202178955,7.188000202178955,7.188000202178955,7.188000202178955,4.28853178024292,0
1995-06-09,7.071000099182129,7.188000202178955,7.071000099182129,7.071000099182129,4.218724250793457,24800
1995-06-12,7.063000202178955,7.188000202178955,7.063000202178955,7.063000202178955,4.21395206451416,21600
1995-06-13,7.063000202178955,7.078999996185303,7.063000202178955,7.063000202178955,4.21395206451416,86400
1995-06-14,7.093999862670898,7.093999862670898,7.093999862670898,7.093999862670898,4.232447147369385,25600
1995-06-15,7.063000202178955,7.188000202178955,7.063000202178955,7.063000202178955,4.21395206451416,6400
1995-06-16,7.078999996185303,7.078999996185303,7.063000202178955,7.078999996185303,4.2234954833984375,24000
1995-06-19,7.078999996185303,7.078999996185303,7.078999996185303,7.078999996185303,4.2234954833984375,0
1995-06-20,7.063000202178955,7.078999996185303,7.063000202178955,7.063000202178955,4.21395206451416,45600
1995-06-21,7.063000202178955,7.063000202178955,7.063000202178955,7.063000202178955,4.21395206451416,0
1995-06-22,7.093999862670898,7.188000202178955,7.063000202178955,7.093999862670898,4.232447147369385,36800
1995-06-23,7.188000202178955,7.188000202178955,7.188000202178955,7.188000202178955,4.28853178024292,9600
1995-06-26,7.063000202178955,7.1570000648498535,7.063000202178955,7.063000202178955,4.21395206451416,26400
1995-06-27,7.063000202178955,7.063000202178955,7.063000202178955,7.063000202178955,4.21395206451416,3200
1995-06-28,7.125,7.188000202178955,7.093999862670898,7.125,4.250943660736084,23200
1995-06-29,7.188000202178955,7.188000202178955,7.188000202178955,7.188000202178955,4.28853178024292,800
1995-06-30,7.110000133514404,7.140999794006348,7.093999862670898,7.110000133514404,4.241991996765137,27200
1995-07-03,7.093999862670898,7.093999862670898,7.093999862670898,7.093999862670898,4.245524883270264,16000
1995-07-05,7.1020002365112305,7.188000202178955,7.093999862670898,7.1020002365112305,4.250310897827148,202400
1995-07-06,7.0320000648498535,7.188000202178955,7.0320000648498535,7.0320000648498535,4.208419322967529,73600
1995-07-07,7.063000202178955,7.063000202178955,6.938000202178955,7.063000202178955,4.226971626281738,184000
1995-07-10,7.063000202178955,7.063000202178955,7.063000202178955,7.063000202178955,4.226971626281738,10400
1995-07-11,7.063000202178955,7.063000202178955,7.063000202178955,7.063000202178955,4.226971626281738,0
1995-07-12,6.921999931335449,6.953999996185303,6.921999931335449,6.921999931335449,4.142587184906006,11200
1995-07-13,6.9070000648498535,6.9070000648498535,6.9070000648498535,6.9070000648498535,4.133610725402832,2400
1995-07-14,6.9070000648498535,6.9070000648498535,6.9070000648498535,6.9070000648498535,4.133610725402832,0
1995-07-17,6.9070000648498535,6.9070000648498535,6.9070000648498535,6.9070000648498535,4.133610725402832,0
1995-07-18,6.938000202178955,6.938000202178955,6.875,6.938000202178955,4.152163028717041,18400
1995-07-19,6.921999931335449,6.921999931335449,6.890999794006348,6.890999794006348,4.124034404754639,31200
1995-07-20,6.843999862670898,6.860000133514404,6.843999862670898,6.843999862670898,4.0959062576293945,13600
1995-07-21,6.7820000648498535,6.813000202178955,6.7820000648498535,6.7820000648498535,4.058801651000977,24000
1995-07-24,6.860000133514404,6.860000133514404,6.813000202178955,6.860000133514404,4.105483055114746,16000
1995-07-25,6.875,6.9070000648498535,6.875,6.875,4.114459991455078,16000
1995-07-26,6.875,6.890999794006348,6.875,6.875,4.114459991455078,9600
1995-07-27,6.843999862670898,6.875,6.828999996185303,6.843999862670898,4.0959062576293945,20800
1995-07-28,6.813000202178955,6.860000133514404,6.813000202178955,6.813000202178955,4.077356338500977,22400
1995-07-31,6.843999862670898,6.843999862670898,6.843999862670898,6.843999862670898,4.0959062576293945,5600
1995-08-01,6.875,6.875,6.860000133514404,6.875,4.114459991455078,11200
1995-08-02,6.813000202178955,6.890999794006348,6.796999931335449,6.813000202178955,4.077356338500977,57600
1995-08-03,6.7820000648498535,6.796999931335449,6.765999794006348,6.7820000648498535,4.058801651000977,28000
1995-08-04,6.7820000648498535,6.796999931335449,6.7820000648498535,6.7820000648498535,4.058801651000977,15200
1995-08-07,6.7820000648498535,6.7820000648498535,6.7820000648498535,6.7820000648498535,4.058801651000977,6400
1995-08-08,6.843999862670898,6.843999862670898,6.765999794006348,6.843999862670898,4.0959062576293945,33600
1995-08-09,6.875,6.875,6.860000133514404,6.875,4.114459991455078,2400
1995-08-10,6.875,6.890999794006348,6.875,6.875,4.114459991455078,3200
1995-08-11,6.890999794006348,6.890999794006348,6.890999794006348,6.890999794006348,4.124034404754639,4000
1995-08-14,6.875,6.875,6.875,6.875,4.114459991455078,3200
1995-08-15,6.828999996185303,6.860000133514404,6.828999996185303,6.828999996185303,4.086930274963379,170400
1995-08-16,6.828999996185303,6.828999996185303,6.828999996185303,6.828999996185303,4.086930274963379,0
1995-08-17,6.813000202178955,6.813000202178955,6.813000202178955,6.813000202178955,4.077356338500977,2400
1995-08-18,6.9070000648498535,6.9070000648498535,6.813000202178955,6.9070000648498535,4.133610725402832,22400
1995-08-21,6.953999996185303,6.953999996185303,6.938000202178955,6.953999996185303,4.161737442016602,3200
1995-08-22,6.953999996185303,6.985000133514404,6.953999996185303,6.953999996185303,4.161737442016602,4000
1995-08-23,6.953999996185303,6.968999862670898,6.938000202178955,6.953999996185303,4.161737442016602,14400
1995-08-24,6.953999996185303,6.953999996185303,6.921999931335449,6.953999996185303,4.161737442016602,4800
1995-08-25,6.953999996185303,6.953999996185303,6.953999996185303,6.953999996185303,4.161737442016602,0
1995-08-28,6.953999996185303,6.985000133514404,6.953999996185303,6.953999996185303,4.161737442016602,28000
1995-08-29,7.046999931335449,7.046999931335449,6.968999862670898,7.046999931335449,4.2173967361450195,12800
1995-08-30,7.046999931335449,7.046999931335449,7.046999931335449,7.046999931335449,4.2173967361450195,0
1995-08-31,7.078999996185303,7.078999996185303,7.046999931335449,7.078999996185303,4.236547470092773,6400
1995-09-01,7.093999862670898,7.093999862670898,7.093999862670898,7.093999862670898,4.245524883270264,800
1995-09-05,7.078999996185303,7.078999996185303,7.078999996185303,7.078999996185303,4.236547470092773,800
1995-09-06,7.078999996185303,7.078999996185303,7.078999996185303,7.078999996185303,4.236547470092773,0
1995-09-07,7.140997886657715,7.140999794006348,7.063000202178955,7.140999794006348,4.273650646209717,6400
1995-09-08,7.1570000648498535,7.203999996185303,7.1570000648498535,7.1570000648498535,4.28322696685791,12000
1995-09-11,7.1570000648498535,7.188000202178955,7.1570000648498535,7.1570000648498535,4.28322696685791,3200
1995-09-12,7.078999996185303,7.171999931335449,7.078999996185303,7.078999996185303,4.236547470092773,57600
1995-09-13,7.110000133514404,7.110000133514404,7.0320000648498535,7.110000133514404,4.255100727081299,33600
1995-09-14,7.125,7.125,7.125,7.125,4.264078140258789,1600
1995-09-15,7.110000133514404,7.1570000648498535,7.110000133514404,7.110000133514404,4.255100727081299,28800
1995-09-18,7.125,7.125,7.125,7.125,4.264078140258789,9600
1995-09-19,7.125,7.125,7.125,7.125,4.264078140258789,0
1995-09-20,7.1570000648498535,7.1570000648498535,7.140999794006348,7.1570000648498535,4.28322696685791,16800
1995-09-21,7.188000202178955,7.188000202178955,7.110000133514404,7.188000202178955,4.301779270172119,20000
1995-09-22,7.188000202178955,7.188000202178955,7.188000202178955,7.188000202178955,4.301779270172119,0
1995-09-25,7.1570000648498535,7.171999931335449,7.1570000648498535,7.1570000648498535,4.28322696685791,11200
1995-09-26,7.188000202178955,7.235000133514404,7.188000202178955,7.188000202178955,4.301779270172119,20000
1995-09-27,7.2820000648498535,7.2820000648498535,7.188000202178955,7.2820000648498535,4.358036041259766,20800
1995-09-28,7.375,7.4070000648498535,7.375,7.375,4.413695335388184,4800
1995-09-29,7.343999862670898,7.390999794006348,7.328999996185303,7.343999862670898,4.395140171051025,24000
1995-10-02,7.390997886657715,7.4070000648498535,7.360000133514404,7.390999794006348,4.423267841339111,15200
1995-10-03,7.375,7.375,7.375,7.375,4.426811218261719,1600
1995-10-04,7.375,7.375,7.375,7.375,4.426811218261719,0
1995-10-05,7.4070000648498535,7.4070000648498535,7.343999862670898,7.4070000648498535,4.446017742156982,7200
1995-10-06,7.438000202178955,7.438000202178955,7.421999931335449,7.438000202178955,4.464624881744385,12000
1995-10-09,7.468999862670898,7.468999862670898,7.468999862670898,7.468999862670898,4.4832329750061035,800
1995-10-10,7.5,7.5,7.5,7.5,4.501842021942139,1600
1995-10-11,7.421999931335449,7.468999862670898,7.421999931335449,7.421999931335449,4.455021858215332,103200
1995-10-12,7.438000202178955,7.438000202178955,7.390999794006348,7.390999794006348,4.4364142417907715,8800
1995-10-13,7.421999931335449,7.421999931335449,7.421999931335449,7.421999931335449,4.455021858215332,800
1995-10-16,7.421999931335449,7.421999931335449,7.421999931335449,7.421999931335449,4.455021858215332,0
1995-10-17,7.438000202178955,7.438000202178955,7.4070000648498535,7.438000202178955,4.464624881744385,2400
1995-10-18,7.5,7.5,7.453999996185303,7.5,4.501842021942139,4800
1995-10-19,7.625,7.625,7.563000202178955,7.625,4.576870918273926,1600
1995-10-20,7.438000202178955,7.563000202178955,7.438000202178955,7.438000202178955,4.464624881744385,8800
1995-10-23,7.4070000648498535,7.5,7.4070000648498535,7.4070000648498535,4.446017742156982,5600
1995-10-24,7.438000202178955,7.438000202178955,7.438000202178955,7.438000202178955,4.464624881744385,400
1995-10-25,7.468999862670898,7.468999862670898,7.4070000648498535,7.468999862670898,4.4832329750061035,2800
1995-10-26,7.5,7.5,7.5,7.5,4.501842021942139,10000
1995-10-27,7.438000202178955,7.468999862670898,7.4070000648498535,7.438000202178955,4.464624881744385,41200
1995-10-30,7.5,7.5,7.5,7.5,4.501842021942139,1600
1995-10-31,7.438000202178955,7.563000202178955,7.438000202178955,7.438000202178955,4.464624881744385,7200
1995-11-01,7.218999862670898,7.375,7.218999862670898,7.218999862670898,4.3331708908081055,16000
1995-11-02,7.2820000648498535,7.2820000648498535,7.2820000648498535,7.2820000648498535,4.370987415313721,1200
1995-11-03,7.343999862670898,7.5,7.343999862670898,7.343999862670898,4.408201217651367,10800
1995-11-06,7.375,7.375,7.375,7.375,4.426811218261719,400
1995-11-07,7.438000202178955,7.438000202178955,7.438000202178955,7.438000202178955,4.464624881744385,1200
1995-11-08,7.25,7.438000202178955,7.188000202178955,7.25,4.351780414581299,209200
1995-11-09,7.688000202178955,7.718999862670898,7.313000202178955,7.688000202178955,4.614686012268066,30000
1995-11-10,7.688000202178955,7.688000202178955,7.688000202178955,7.688000202178955,4.614686012268066,0
1995-11-13,7.75,7.75,7.718999862670898,7.75,4.6519012451171875,15600
1995-11-14,7.938000202178955,7.938000202178955,7.75,7.938000202178955,4.764749050140381,4800
1995-11-15,7.875,8.062999725341797,7.875,7.875,4.72693395614624,10800
1995-11-16,7.875,8.093999862670898,7.875,7.875,4.72693395614624,26800
1995-11-17,7.938000202178955,7.938000202178955,7.875,7.938000202178955,4.764749050140381,4800
1995-11-20,7.9070000648498535,7.938000202178955,7.9070000648498535,7.9070000648498535,4.74614143371582,12400
1995-11-21,7.843999862670898,7.968999862670898,7.843999862670898,7.843999862670898,4.708324909210205,3200
1995-11-22,7.593999862670898,7.9070000648498535,7.593999862670898,7.593999862670898,4.558262825012207,20000
1995-11-24,7.593999862670898,7.593999862670898,7.593999862670898,7.593999862670898,4.558262825012207,0
1995-11-27,7.625,7.625,7.563000202178955,7.625,4.576870918273926,3600
1995-11-28,7.875,7.9070000648498535,7.688000202178955,7.875,4.72693395614624,64400
1995-11-29,8.156996726989746,8.156999588012695,7.968999862670898,8.156999588012695,4.896200656890869,7200
1995-11-30,8.125,8.25,8.125,8.125,4.876993179321289,6400
1995-12-01,8.312999725341797,8.312999725341797,8.187999725341797,8.312999725341797,4.989841938018799,55600
1995-12-04,8.562999725341797,8.562999725341797,8.375,8.562999725341797,5.139904499053955,175600
1995-12-05,8.656996726989746,8.75,8.593999862670898,8.656999588012695,5.196324348449707,12000
1995-12-06,8.75,8.75,8.718999862670898,8.75,5.252151012420654,44400
1995-12-07,8.593999862670898,8.75,8.531999588012695,8.593999862670898,5.158510208129883,96400
1995-12-08,8.375,8.625,8.375,8.375,5.027052879333496,144000
1995-12-11,8.218999862670898,8.312999725341797,8.156999588012695,8.218999862670898,4.9334187507629395,471200
1995-12-12,8.25,8.25,8.187999725341797,8.25,4.952023983001709,97600
1995-12-13,8.343999862670898,8.343999862670898,8.281999588012695,8.343999862670898,5.00844669342041,5200
1995-12-14,8.25,8.281999588012695,8.218999862670898,8.25,4.952023983001709,260400
1995-12-15,8.25,8.25,8.156999588012695,8.156999588012695,4.896200656890869,12400
1995-12-18,8.0,8.093999862670898,7.875,8.0,4.801962375640869,335600
1995-12-19,7.938000202178955,7.938000202178955,7.875,7.938000202178955,4.764749050140381,26000
1995-12-20,7.968999862670898,7.968999862670898,7.968999862670898,7.968999862670898,4.783357620239258,34000
1995-12-21,8.031996726989746,8.062999725341797,7.938000202178955,8.031999588012695,4.821171283721924,243200
1995-12-22,8.062999725341797,8.062999725341797,8.062999725341797,8.062999725341797,4.839777946472168,2800
1995-12-26,8.031996726989746,8.031999588012695,8.0,8.031999588012695,4.834300518035889,4400
1995-12-27,8.031996726989746,8.031999588012695,8.0,8.031999588012695,4.834300518035889,133600
1995-12-28,8.0,8.093999862670898,8.0,8.0,4.815040111541748,6800
1995-12-29,8.187999725341797,8.187999725341797,8.125,8.187999725341797,4.928194522857666,38400
1996-01-02,8.218999862670898,8.25,8.187999725341797,8.218999862670898,4.946854114532471,12800
1996-01-03,8.199999809265137,8.199999809265137,8.125,8.199999809265137,4.935419082641602,128800
1996-01-04,8.156999588012695,8.156999588012695,8.156999588012695,8.156999588012695,4.909536838531494,122400
1996-01-05,8.156996726989746,8.156999588012695,8.093999862670898,8.156999588012695,4.909536838531494,13200
1996-01-08,8.156999588012695,8.156999588012695,8.156999588012695,8.156999588012695,4.909536838531494,0
1996-01-09,8.125,8.156999588012695,8.125,8.125,4.89027738571167,8800
1996-01-10,8.125,8.125,8.031999588012695,8.031999588012695,4.834300518035889,3200
1996-01-11,8.156996726989746,8.156999588012695,7.968999862670898,8.156999588012695,4.909536838531494,23600
1996-01-12,8.0,8.140999794006348,8.0,8.0,4.815040111541748,8400
1996-01-15,7.75,7.968999862670898,7.718999862670898,7.75,4.664570331573486,24800
1996-01-16,7.688000202178955,7.813000202178955,7.688000202178955,7.688000202178955,4.627254009246826,6000
1996-01-17,7.625,7.688000202178955,7.625,7.625,4.589337348937988,3200
1996-01-18,7.625,7.625,7.593999862670898,7.625,4.589337348937988,410000
1996-01-19,7.375,7.688000202178955,7.375,7.375,4.438867092132568,41600
1996-01-22,7.375,7.438000202178955,7.343999862670898,7.375,4.438867092132568,319200
1996-01-23,7.313000202178955,7.375,7.25,7.313000202178955,4.401552200317383,80000
1996-01-24,7.313000202178955,7.313000202178955,7.313000202178955,7.313000202178955,4.401552200317383,6000
1996-01-25,7.313000202178955,7.313000202178955,7.313000202178955,7.313000202178955,4.401552200317383,0
1996-01-26,7.375,7.375,7.313000202178955,7.375,4.438867092132568,13600
1996-01-29,7.375,7.4070000648498535,7.375,7.375,4.438867092132568,4000
1996-01-30,7.5,7.5,7.375,7.5,4.514102935791016,10000
1996-01-31,7.625,7.625,7.5,7.625,4.589337348937988,10800
1996-02-01,7.563000202178955,7.6570000648498535,7.5320000648498535,7.563000202178955,4.55202054977417,106400
1996-02-02,7.593999862670898,7.593999862670898,7.5,7.593999862670898,4.5706787109375,56400
1996-02-05,7.4070000648498535,7.593999862670898,7.343999862670898,7.4070000648498535,4.458124160766602,16000
1996-02-06,7.5320000648498535,7.5320000648498535,7.438000202178955,7.5320000648498535,4.533361434936523,58000
1996-02-07,7.51200008392334,7.5320000648498535,7.5,7.51200008392334,4.521326065063477,81600
1996-02-08,7.593999862670898,7.625,7.5,7.593999862670898,4.5706787109375,8400
1996-02-09,7.75,7.75,7.688000202178955,7.75,4.664570331573486,10800
1996-02-12,7.843999862670898,7.843999862670898,7.843999862670898,7.843999862670898,4.721148490905762,16400
1996-02-13,8.0,8.0,7.9070000648498535,8.0,4.815040111541748,5600
1996-02-14,8.031999588012695,8.031999588012695,8.031999588012695,8.031999588012695,4.834300518035889,400
1996-02-15,8.0,8.218999862670898,8.0,8.0,4.815040111541748,12800
1996-02-16,8.031996726989746,8.031999588012695,7.938000202178955,8.031999588012695,4.834300518035889,8800
1996-02-20,8.093999862670898,8.093999862670898,8.031999588012695,8.093999862670898,4.871618270874023,2800
1996-02-21,8.187999725341797,8.218999862670898,8.125,8.187999725341797,4.928194522857666,69600
1996-02-22,8.25,8.25,8.125,8.25,4.965513229370117,19200
1996-02-23,8.38700008392334,8.531999588012695,8.312999725341797,8.38700008392334,5.04796838760376,12400
1996-02-26,8.5,8.562999725341797,8.5,8.5,5.115981101989746,4400
1996-02-27,8.468999862670898,8.468999862670898,8.406999588012695,8.406999588012695,5.0600056648254395,4000
1996-02-28,8.343999862670898,8.406999588012695,8.343999862670898,8.343999862670898,5.022089004516602,2800
1996-02-29,8.375,8.437999725341797,8.281999588012695,8.375,5.040746212005615,14000
1996-03-01,8.406996726989746,8.5,8.375,8.406999588012695,5.0600056648254395,20000
1996-03-04,8.406999588012695,8.406999588012695,8.406999588012695,8.406999588012695,5.0600056648254395,0
1996-03-05,8.375,8.437999725341797,8.375,8.375,5.040746212005615,193200
1996-03-06,8.437999725341797,8.437999725341797,8.437999725341797,8.437999725341797,5.0786638259887695,1600
1996-03-07,8.25,8.468999862670898,8.25,8.25,4.965513229370117,23600
1996-03-08,8.343999862670898,8.343999862670898,8.156999588012695,8.156999588012695,4.909536838531494,10400
1996-03-11,7.9070000648498535,8.093999862670898,7.9070000648498535,7.9070000648498535,4.759066581726074,7200
1996-03-12,7.9070000648498535,8.0,7.9070000648498535,7.9070000648498535,4.759066581726074,4400
1996-03-13,7.75,8.062999725341797,7.75,7.75,4.664570331573486,34800
1996-03-14,8.437999725341797,8.5,7.813000202178955,8.437999725341797,5.0786638259887695,121200
1996-03-15,8.468999862670898,8.531999588012695,8.468999862670898,8.468999862670898,5.097324371337891,12000
1996-03-18,8.5,8.5,8.406999588012695,8.406999588012695,5.0600056648254395,10000
1996-03-19,8.437999725341797,8.437999725341797,8.437999725341797,8.437999725341797,5.0786638259887695,800
1996-03-20,8.343999862670898,8.437999725341797,8.343999862670898,8.343999862670898,5.022089004516602,12000
1996-03-21,8.25,8.375,8.25,8.25,4.965513229370117,64000
1996-03-22,8.281996726989746,8.343999862670898,8.218999862670898,8.281999588012695,4.984771728515625,12400
1996-03-25,8.25,8.375,8.25,8.25,4.965513229370117,7200
1996-03-26,8.437999725341797,8.5,8.375,8.437999725341797,5.0786638259887695,49200
1996-03-27,8.468999862670898,8.468999862670898,8.406999588012695,8.406999588012695,5.0600056648254395,2400
1996-03-28,8.375,8.437999725341797,8.375,8.375,5.040746212005615,1200
1996-03-29,8.343999862670898,8.437999725341797,8.343999862670898,8.343999862670898,5.022089004516602,4400
1996-04-01,8.5,8.5,8.343999862670898,8.5,5.115981101989746,28800
1996-04-02,8.562999725341797,8.562999725341797,8.468999862670898,8.562999725341797,5.167214870452881,25600
1996-04-03,8.5,8.5,8.5,8.5,5.129197120666504,8000
1996-04-04,8.468999862670898,8.468999862670898,8.437999725341797,8.468999862670898,5.110490798950195,8400
1996-04-08,8.25,8.406999588012695,8.25,8.25,4.97833776473999,11200
1996-04-09,8.406996726989746,8.406999588012695,8.281999588012695,8.406999588012695,5.073077201843262,18000
1996-04-10,8.375,8.375,8.156999588012695,8.156999588012695,4.9222187995910645,32800
1996-04-11,8.093999862670898,8.093999862670898,8.031999588012695,8.093999862670898,4.8842034339904785,11200
1996-04-12,8.0,8.093999862670898,8.0,8.0,4.82747745513916,14400
1996-04-15,8.062999725341797,8.062999725341797,7.938000202178955,8.062999725341797,4.865494728088379,5200
1996-04-16,8.125,8.125,8.062999725341797,8.125,4.9029083251953125,16000
1996-04-17,8.125,8.156999588012695,8.093999862670898,8.125,4.9029083251953125,6400
1996-04-18,8.312999725341797,8.312999725341797,8.187999725341797,8.312999725341797,5.016355037689209,25200
1996-04-19,8.437999725341797,8.437999725341797,8.375,8.437999725341797,5.09178352355957,15200
1996-04-22,8.5,8.5,8.406999588012695,8.5,5.129197120666504,14400
1996-04-23,8.468999862670898,8.593999862670898,8.468999862670898,8.468999862670898,5.110490798950195,47600
1996-04-24,8.5,8.625,8.437999725341797,8.5,5.129197120666504,20400
1996-04-25,8.75,8.75,8.5,8.75,5.280056953430176,14400
1996-04-26,8.625,8.718999862670898,8.625,8.625,5.20462703704834,10000
1996-04-29,8.687999725341797,8.875,8.625,8.687999725341797,5.2426438331604,25200
1996-04-30,8.625,8.75,8.593999862670898,8.625,5.20462703704834,25600
1996-05-01,8.687999725341797,8.75,8.687999725341797,8.687999725341797,5.2426438331604,6000
1996-05-02,8.781996726989746,8.781999588012695,8.656999588012695,8.781999588012695,5.299365043640137,7600
1996-05-03,8.625,8.781999588012695,8.625,8.625,5.20462703704834,8400
1996-05-06,8.562999725341797,8.812999725341797,8.562999725341797,8.562999725341797,5.167214870452881,24000
1996-05-07,8.625,8.718999862670898,8.593999862670898,8.625,5.20462703704834,14000
1996-05-08,8.437999725341797,8.593999862670898,8.312999725341797,8.437999725341797,5.09178352355957,20800
1996-05-09,8.25,8.375,8.25,8.25,4.97833776473999,5200
1996-05-10,8.281996726989746,8.281999588012695,8.187999725341797,8.281999588012695,4.997646808624268,8400
1996-05-13,8.281996726989746,8.312999725341797,8.25,8.281999588012695,4.997646808624268,10800
1996-05-14,8.375,8.562999725341797,8.312999725341797,8.375,5.053766250610352,34000
1996-05-15,8.437999725341797,8.468999862670898,8.343999862670898,8.437999725341797,5.09178352355957,17600
1996-05-16,8.5,8.5,8.5,8.5,5.129197120666504,3200
1996-05-17,8.468999862670898,8.5,8.437999725341797,8.468999862670898,5.110490798950195,7200
1996-05-20,8.437999725341797,8.5,8.375,8.437999725341797,5.09178352355957,18400
1996-05-21,8.125,8.5,8.125,8.125,4.9029083251953125,26400
1996-05-22,8.25,8.25,8.062999725341797,8.25,4.97833776473999,9600
1996-05-23,8.437999725341797,8.437999725341797,8.281999588012695,8.437999725341797,5.09178352355957,14800
1996-05-24,8.375,8.375,8.375,8.375,5.053766250610352,26000
1996-05-28,8.218999862670898,8.375,8.187999725341797,8.218999862670898,4.959632873535156,12000
1996-05-29,7.813000202178955,8.218999862670898,7.813000202178955,7.813000202178955,4.714635848999023,26000
1996-05-30,7.75,7.875,7.75,7.75,4.676620006561279,26800
1996-05-31,7.9070000648498535,7.9070000648498535,7.7820000648498535,7.9070000648498535,4.771359920501709,6000
1996-06-03,7.968999862670898,7.968999862670898,7.9070000648498535,7.968999862670898,4.808772087097168,2400
1996-06-04,7.9070000648498535,7.968999862670898,7.9070000648498535,7.9070000648498535,4.771359920501709,800
1996-06-05,7.968999862670898,7.968999862670898,7.938000202178955,7.968999862670898,4.808772087097168,7200
1996-06-06,7.796999931335449,7.968999862670898,7.718999862670898,7.796999931335449,4.704982757568359,110800
1996-06-07,7.813000202178955,7.813000202178955,7.813000202178955,7.813000202178955,4.714635848999023,400
1996-06-10,7.5320000648498535,7.7820000648498535,7.468999862670898,7.5320000648498535,4.545072078704834,46000
1996-06-11,7.75,7.75,7.563000202178955,7.75,4.676620006561279,24400
1996-06-12,7.625,7.843999862670898,7.625,7.625,4.601193428039551,44800
1996-06-13,7.593999862670898,7.625,7.5,7.593999862670898,4.582484722137451,6000
1996-06-14,7.563000202178955,7.718999862670898,7.563000202178955,7.563000202178955,4.563778400421143,23200
1996-06-17,7.688000202178955,7.688000202178955,7.625,7.688000202178955,4.639207363128662,6800
1996-06-18,7.688000202178955,7.7820000648498535,7.625,7.688000202178955,4.639207363128662,11600
1996-06-19,7.563000202178955,7.813000202178955,7.563000202178955,7.563000202178955,4.563778400421143,18400
1996-06-20,7.5,7.5320000648498535,7.438000202178955,7.5,4.525763034820557,25200
1996-06-21,7.5,7.593999862670898,7.468999862670898,7.5,4.525763034820557,20000
1996-06-24,7.438000202178955,7.5,7.438000202178955,7.438000202178955,4.488347053527832,4800
1996-06-25,7.375,7.375,7.375,7.375,4.450331211090088,37600
1996-06-26,7.25,7.4070000648498535,7.25,7.25,4.374903678894043,21600
1996-06-27,7.188000202178955,7.188000202178955,7.1570000648498535,7.188000202178955,4.337490558624268,2400
1996-06-28,7.25,7.343999862670898,7.188000202178955,7.25,4.374903678894043,26400
1996-07-01,7.25,7.2820000648498535,7.1570000648498535,7.25,4.374903678894043,10800
1996-07-02,7.25,7.313000202178955,7.218999862670898,7.25,4.390040874481201,14800
1996-07-03,7.218999862670898,7.343999862670898,7.218999862670898,7.218999862670898,4.371270656585693,14800
1996-07-05,7.313000202178955,7.313000202178955,7.2820000648498535,7.313000202178955,4.428189277648926,2400
1996-07-08,7.313000202178955,7.375,7.313000202178955,7.313000202178955,4.428189277648926,251600
1996-07-09,7.375,7.375,7.313000202178955,7.375,4.465732097625732,7200
1996-07-10,7.5,7.5,7.375,7.5,4.541420936584473,18000
1996-07-11,7.5320000648498535,7.5320000648498535,7.5,7.5320000648498535,4.560798168182373,10400
1996-07-12,7.468999862670898,7.5320000648498535,7.468999862670898,7.468999862670898,4.522650241851807,9200
1996-07-15,7.25,7.4070000648498535,7.25,7.25,4.390040874481201,15600
1996-07-16,7.218999862670898,7.218999862670898,7.188000202178955,7.218999862670898,4.371270656585693,9600
1996-07-17,7.25,7.25,7.218999862670898,7.25,4.390040874481201,35600
1996-07-18,7.188000202178955,7.2820000648498535,7.188000202178955,7.188000202178955,4.352498531341553,3600
1996-07-19,7.343999862670898,7.343999862670898,7.25,7.343999862670898,4.446960926055908,28400
1996-07-22,7.188000202178955,7.2820000648498535,7.188000202178955,7.188000202178955,4.352498531341553,19600
1996-07-23,7.188000202178955,7.188000202178955,7.188000202178955,7.188000202178955,4.352498531341553,0
1996-07-24,6.875,7.063000202178955,6.875,6.875,4.162970066070557,37200
1996-07-25,6.9070000648498535,7.0,6.875,6.9070000648498535,4.182348728179932,27600
1996-07-26,6.968999862670898,6.968999862670898,6.968999862670898,6.968999862670898,4.2198896408081055,2000
1996-07-29,7.063000202178955,7.125,7.0,7.063000202178955,4.2768096923828125,4800
1996-07-30,7.218999862670898,7.218999862670898,7.125,7.218999862670898,4.371270656585693,7600
1996-07-31,7.218999862670898,7.2820000648498535,7.218999862670898,7.218999862670898,4.371270656585693,14400
1996-08-01,7.25,7.2820000648498535,7.218999862670898,7.25,4.390040874481201,11600
1996-08-02,7.468999862670898,7.5,7.313000202178955,7.468999862670898,4.522650241851807,26800
1996-08-05,7.468999862670898,7.593999862670898,7.468999862670898,7.468999862670898,4.522650241851807,22400
1996-08-06,7.25,7.438000202178955,7.25,7.25,4.390040874481201,12800
1996-08-07,7.343999862670898,7.343999862670898,7.2820000648498535,7.343999862670898,4.446960926055908,1200
1996-08-08,7.4070000648498535,7.468999862670898,7.4070000648498535,7.4070000648498535,4.485109806060791,7600
1996-08-09,7.438000202178955,7.438000202178955,7.438000202178955,7.438000202178955,4.503879547119141,800
1996-08-12,7.343999862670898,7.343999862670898,7.343999862670898,7.343999862670898,4.446960926055908,40800
1996-08-13,7.4070000648498535,7.468999862670898,7.343999862670898,7.4070000648498535,4.485109806060791,13200
1996-08-14,7.438000202178955,7.468999862670898,7.438000202178955,7.438000202178955,4.503879547119141,13200
1996-08-15,7.343999862670898,7.468999862670898,7.343999862670898,7.343999862670898,4.446960926055908,10800
1996-08-16,7.343999862670898,7.343999862670898,7.343999862670898,7.343999862670898,4.446960926055908,0
1996-08-19,7.343999862670898,7.4070000648498535,7.343999862670898,7.343999862670898,4.446960926055908,5200
1996-08-20,7.188000202178955,7.2820000648498535,7.188000202178955,7.188000202178955,4.352498531341553,8000
1996-08-21,7.093999862670898,7.188000202178955,6.938000202178955,7.093999862670898,4.295579433441162,35600
1996-08-22,7.25,7.25,7.125,7.25,4.390040874481201,18800
1996-08-23,7.093999862670898,7.25,7.093999862670898,7.093999862670898,4.295579433441162,26400
1996-08-26,7.1570000648498535,7.1570000648498535,7.093999862670898,7.1570000648498535,4.333726406097412,5600
1996-08-27,7.1570000648498535,7.25,7.063000202178955,7.1570000648498535,4.333726406097412,14800
1996-08-28,7.188000202178955,7.218999862670898,7.188000202178955,7.188000202178955,4.352498531341553,13200
1996-08-29,7.218999862670898,7.218999862670898,7.218999862670898,7.218999862670898,4.371270656585693,10800
1996-08-30,7.125,7.218999862670898,7.125,7.125,4.314350128173828,11600
1996-09-03,6.938000202178955,7.125,6.875,6.938000202178955,4.201117038726807,21200
1996-09-04,7.25,7.25,7.0,7.25,4.390040874481201,19600
1996-09-05,7.1570000648498535,7.188000202178955,7.093999862670898,7.1570000648498535,4.333726406097412,10800
1996-09-06,7.1570000648498535,7.1570000648498535,7.1570000648498535,7.1570000648498535,4.333726406097412,4400
1996-09-09,7.063000202178955,7.188000202178955,7.063000202178955,7.063000202178955,4.2768096923828125,7600
1996-09-10,7.1570000648498535,7.1570000648498535,7.125,7.1570000648498535,4.333726406097412,203200
1996-09-11,7.25,7.313000202178955,7.188000202178955,7.25,4.390040874481201,208800
1996-09-12,7.1570000648498535,7.218999862670898,7.1570000648498535,7.1570000648498535,4.333726406097412,4800
1996-09-13,7.218999862670898,7.218999862670898,7.1570000648498535,7.218999862670898,4.371270656585693,5200
1996-09-16,7.375,7.375,7.25,7.375,4.465732097625732,10400
1996-09-17,7.313000202178955,7.313000202178955,7.2820000648498535,7.313000202178955,4.428189277648926,2800
1996-09-18,7.438000202178955,7.563000202178955,7.375,7.438000202178955,4.503879547119141,35200
1996-09-19,7.313000202178955,7.375,7.313000202178955,7.313000202178955,4.428189277648926,4800
1996-09-20,7.218999862670898,7.343999862670898,7.218999862670898,7.218999862670898,4.371270656585693,17600
1996-09-23,7.188000202178955,7.218999862670898,7.188000202178955,7.188000202178955,4.352498531341553,11600
1996-09-24,7.188000202178955,7.188000202178955,7.188000202178955,7.188000202178955,4.352498531341553,1200
1996-09-25,7.1570000648498535,7.188000202178955,7.125,7.1570000648498535,4.333726406097412,6400
1996-09-26,7.125,7.188000202178955,7.093999862670898,7.125,4.314350128173828,6400
1996-09-27,7.2820000648498535,7.2820000648498535,7.1570000648498535,7.2820000648498535,4.409417629241943,8800
1996-09-30,7.218999862670898,7.375,7.218999862670898,7.218999862670898,4.371270656585693,40800
1996-10-01,7.0,7.25,7.0,7.0,4.238657474517822,24400
1996-10-02,7.093999862670898,7.093999862670898,7.0,7.093999862670898,4.310977458953857,6000
1996-10-03,7.25,7.25,7.093999862670898,7.25,4.405776500701904,8800
1996-10-04,7.218999862670898,7.313000202178955,7.1570000648498535,7.218999862670898,4.386937618255615,21600
1996-10-07,7.1570000648498535,7.25,7.1570000648498535,7.1570000648498535,4.349258899688721,7200
1996-10-08,7.25,7.2820000648498535,7.218999862670898,7.25,4.405776500701904,7200
1996-10-09,7.218999862670898,7.25,7.218999862670898,7.218999862670898,4.386937618255615,4800
1996-10-10,7.438000202178955,7.468999862670898,7.1570000648498535,7.438000202178955,4.520023345947266,25200
1996-10-11,7.438000202178955,7.468999862670898,7.375,7.438000202178955,4.520023345947266,12800
1996-10-14,7.375,7.5,7.375,7.375,4.481738567352295,10800
1996-10-15,7.343999862670898,7.438000202178955,7.343999862670898,7.343999862670898,4.462900638580322,2800
1996-10-16,7.218999862670898,7.2820000648498535,7.218999862670898,7.218999862670898,4.386937618255615,9600
1996-10-17,7.2820000648498535,7.2820000648498535,7.25,7.2820000648498535,4.425221920013428,6000
1996-10-18,7.218999862670898,7.4070000648498535,7.218999862670898,7.218999862670898,4.386937618255615,14400
1996-10-21,7.313000202178955,7.375,7.2820000648498535,7.313000202178955,4.444060325622559,7600
1996-10-22,7.25,7.313000202178955,7.218999862670898,7.25,4.405776500701904,6000
1996-10-23,7.218999862670898,7.218999862670898,7.218999862670898,7.218999862670898,4.386937618255615,1200
1996-10-24,7.2820000648498535,7.4070000648498535,7.188000202178955,7.2820000648498535,4.425221920013428,248400
1996-10-25,7.688000202178955,7.688000202178955,7.343999862670898,7.688000202178955,4.671947002410889,85600
1996-10-28,7.688000202178955,7.688000202178955,7.625,7.688000202178955,4.671947002410889,33200
1996-10-29,7.5,7.6570000648498535,7.468999862670898,7.5,4.557699680328369,35600
1996-10-30,7.5,7.5,7.468999862670898,7.5,4.557699680328369,7600
1996-10-31,7.6570000648498535,7.6570000648498535,7.5,7.6570000648498535,4.653109550476074,19200
1996-11-01,7.625,7.688000202178955,7.625,7.625,4.633660316467285,12000
1996-11-04,7.75,7.75,7.625,7.75,4.709624767303467,55600
1996-11-05,7.6570000648498535,7.75,7.6570000648498535,7.6570000648498535,4.653109550476074,25200
1996-11-06,7.688000202178955,7.718999862670898,7.625,7.688000202178955,4.671947002410889,26800
1996-11-07,7.688000202178955,7.718999862670898,7.6570000648498535,7.688000202178955,4.671947002410889,21200
1996-11-08,7.625,7.625,7.593999862670898,7.625,4.633660316467285,22400
1996-11-11,7.593999862670898,7.593999862670898,7.593999862670898,7.593999862670898,4.614821910858154,4800
1996-11-12,7.625,7.6570000648498535,7.563000202178955,7.625,4.633660316467285,21200
1996-11-13,7.625,7.625,7.563000202178955,7.625,4.633660316467285,19200
1996-11-14,7.563000202178955,7.625,7.563000202178955,7.563000202178955,4.595983505249023,15200
1996-11-15,7.563000202178955,7.593999862670898,7.563000202178955,7.563000202178955,4.595983505249023,14800
1996-11-18,7.563000202178955,7.593999862670898,7.563000202178955,7.563000202178955,4.595983505249023,18800
1996-11-19,7.625,7.625,7.563000202178955,7.625,4.633660316467285,19600
1996-11-20,7.6570000648498535,7.6570000648498535,7.610000133514404,7.6570000648498535,4.653109550476074,12800
1996-11-21,7.468999862670898,7.625,7.468999862670898,7.468999862670898,4.538860321044922,22400
1996-11-22,7.468999862670898,7.563000202178955,7.468999862670898,7.468999862670898,4.538860321044922,9200
1996-11-25,7.375,7.468999862670898,7.343999862670898,7.375,4.481738567352295,94800
1996-11-26,7.25,7.313000202178955,7.218999862670898,7.25,4.405776500701904,11200
1996-11-27,7.2820000648498535,7.2820000648498535,7.188000202178955,7.2820000648498535,4.425221920013428,28000
1996-11-29,7.375,7.4070000648498535,7.343999862670898,7.375,4.481738567352295,8800
1996-12-02,7.593999862670898,7.593999862670898,7.375,7.593999862670898,4.614821910858154,25600
1996-12-03,7.468999862670898,7.563000202178955,7.468999862670898,7.468999862670898,4.538860321044922,26000
1996-12-04,7.5,7.563000202178955,7.5,7.5,4.557699680328369,35200
1996-12-05,7.468999862670898,7.546999931335449,7.468999862670898,7.468999862670898,4.538860321044922,55600
1996-12-06,7.218999862670898,7.4070000648498535,7.188000202178955,7.218999862670898,4.386937618255615,22000
1996-12-09,7.188000202178955,7.25,7.1570000648498535,7.188000202178955,4.368098735809326,26400
1996-12-10,7.313000202178955,7.375,7.25,7.313000202178955,4.444060325622559,151200
1996-12-11,7.313000202178955,7.4070000648498535,7.25,7.313000202178955,4.444060325622559,80400
1996-12-12,7.218999862670898,7.313000202178955,7.218999862670898,7.218999862670898,4.386937618255615,51200
1996-12-13,7.125,7.2820000648498535,7.125,7.125,4.3298139572143555,30400
1996-12-16,6.9070000648498535,7.218999862670898,6.9070000648498535,6.9070000648498535,4.197338581085205,35200
1996-12-17,6.875,6.9070000648498535,6.6570000648498535,6.875,4.177889823913574,66400
1996-12-18,6.968999862670898,7.0320000648498535,6.843999862670898,6.968999862670898,4.235013961791992,704400
1996-12-19,7.093999862670898,7.1570000648498535,6.938000202178955,7.093999862670898,4.310977458953857,21600
1996-12-20,7.25,7.25,7.125,7.25,4.405776500701904,24400
1996-12-23,7.218999862670898,7.218999862670898,7.1570000648498535,7.218999862670898,4.386937618255615,5600
1996-12-24,7.4070000648498535,7.4070000648498535,7.1570000648498535,7.4070000648498535,4.516827583312988,15200
1996-12-26,7.6570000648498535,7.6570000648498535,7.4070000648498535,7.6570000648498535,4.669278621673584,14400
1996-12-27,7.875,7.938000202178955,7.718999862670898,7.875,4.8022141456604,19200
1996-12-30,7.875,7.875,7.688000202178955,7.875,4.8022141456604,23600
1996-12-31,8.062999725341797,8.062999725341797,7.9070000648498535,8.062999725341797,4.9168572425842285,14400
1997-01-02,8.0,8.0,7.938000202178955,8.0,4.878442287445068,14400
1997-01-03,7.938000202178955,8.0,7.843999862670898,7.938000202178955,4.840632915496826,13600
1997-01-06,7.813000202178955,7.938000202178955,7.7820000648498535,7.813000202178955,4.764407634735107,10400
1997-01-07,7.75,7.813000202178955,7.75,7.75,4.725990295410156,63600
1997-01-08,7.688000202178955,7.7820000648498535,7.688000202178955,7.688000202178955,4.688182353973389,32000
1997-01-09,7.5320000648498535,7.75,7.5,7.5320000648498535,4.5930495262146,49600
1997-01-10,7.6570000648498535,7.6570000648498535,7.593999862670898,7.6570000648498535,4.669278621673584,12400
1997-01-13,7.5320000648498535,7.7820000648498535,7.5320000648498535,7.5320000648498535,4.5930495262146,24800
1997-01-14,7.375,7.468999862670898,7.25,7.375,4.497312068939209,58400
1997-01-15,7.313000202178955,7.5,7.313000202178955,7.313000202178955,4.459504127502441,36800
1997-01-16,7.093999862670898,7.25,7.093999862670898,7.093999862670898,4.32595682144165,36400
1997-01-17,7.093999862670898,7.125,7.063000202178955,7.093999862670898,4.32595682144165,31600
1997-01-20,7.188000202178955,7.188000202178955,7.0320000648498535,7.188000202178955,4.383279800415039,8000
1997-01-21,7.063000202178955,7.125,7.0320000648498535,7.063000202178955,4.307054042816162,50800
1997-01-22,7.063000202178955,7.125,7.063000202178955,7.063000202178955,4.307054042816162,7200
1997-01-23,7.188000202178955,7.218999862670898,7.125,7.188000202178955,4.383279800415039,28800
1997-01-24,7.188000202178955,7.188000202178955,7.125,7.188000202178955,4.383279800415039,16400
1997-01-27,7.813000202178955,7.813000202178955,7.218999862670898,7.813000202178955,4.764407634735107,68800
1997-01-28,7.6570000648498535,7.75,7.6570000648498535,7.6570000648498535,4.669278621673584,20400
1997-01-29,7.688000202178955,7.688000202178955,7.593999862670898,7.688000202178955,4.688182353973389,24400
1997-01-30,7.6570000648498535,7.688000202178955,7.563000202178955,7.6570000648498535,4.669278621673584,16400
1997-01-31,7.593999862670898,7.75,7.593999862670898,7.593999862670898,4.630859375,12000
1997-02-03,7.6570000648498535,7.703999996185303,7.593999862670898,7.6570000648498535,4.669278621673584,12800
1997-02-04,7.688000202178955,7.75,7.593999862670898,7.688000202178955,4.688182353973389,21200
1997-02-05,7.75,7.75,7.6570000648498535,7.75,4.725990295410156,8000
1997-02-06,7.625,7.688000202178955,7.593999862670898,7.625,4.649764060974121,6400
1997-02-07,7.5320000648498535,7.625,7.5320000648498535,7.5320000648498535,4.5930495262146,44800
1997-02-10,7.625,7.625,7.563000202178955,7.625,4.649764060974121,7200
1997-02-11,7.625,7.6570000648498535,7.593999862670898,7.625,4.649764060974121,2400
1997-02-12,7.593999862670898,7.6570000648498535,7.593999862670898,7.593999862670898,4.630859375,2000
1997-02-13,7.6570000648498535,7.718999862670898,7.625,7.6570000648498535,4.669278621673584,2800
1997-02-14,7.563000202178955,7.6570000648498535,7.563000202178955,7.563000202178955,4.611956596374512,4400
1997-02-18,7.563000202178955,7.625,7.563000202178955,7.563000202178955,4.611956596374512,42400
1997-02-19,7.625,7.625,7.563000202178955,7.625,4.649764060974121,9600
1997-02-20,7.563000202178955,7.563000202178955,7.563000202178955,7.563000202178955,4.611956596374512,2400
1997-02-21,7.468999862670898,7.593999862670898,7.438000202178955,7.468999862670898,4.554633140563965,35600
1997-02-24,7.438000202178955,7.438000202178955,7.438000202178955,7.438000202178955,4.535730838775635,400
1997-02-25,7.438000202178955,7.438000202178955,7.438000202178955,7.438000202178955,4.535730838775635,400
1997-02-26,7.063000202178955,7.438000202178955,7.0320000648498535,7.063000202178955,4.307054042816162,32400
1997-02-27,7.0320000648498535,7.125,7.0320000648498535,7.0320000648498535,4.288149833679199,24800
1997-02-28,7.188000202178955,7.188000202178955,7.0320000648498535,7.188000202178955,4.383279800415039,235200
1997-03-03,7.343999862670898,7.343999862670898,7.188000202178955,7.343999862670898,4.478409290313721,20000
1997-03-04,7.5,7.563000202178955,7.375,7.5,4.573537826538086,22000
1997-03-05,7.593999862670898,7.718999862670898,7.563000202178955,7.593999862670898,4.630859375,24400
1997-03-06,7.718999862670898,7.718999862670898,7.563000202178955,7.718999862670898,4.7070841789245605,14800
1997-03-07,7.688000202178955,7.688000202178955,7.6570000648498535,7.688000202178955,4.688182353973389,9200
1997-03-10,7.718999862670898,7.718999862670898,7.5,7.718999862670898,4.7070841789245605,108800
1997-03-11,7.968999862670898,7.968999862670898,7.625,7.968999862670898,4.859536170959473,54400
1997-03-12,7.75,7.968999862670898,7.718999862670898,7.75,4.725990295410156,32000
1997-03-13,7.593999862670898,7.75,7.563000202178955,7.593999862670898,4.630859375,6000
1997-03-14,7.593999862670898,7.593999862670898,7.5,7.593999862670898,4.630859375,22000
1997-03-17,7.468999862670898,7.625,7.438000202178955,7.468999862670898,4.554633140563965,34800
1997-03-18,7.468999862670898,7.468999862670898,7.438000202178955,7.468999862670898,4.554633140563965,11200
1997-03-19,7.25,7.4070000648498535,7.25,7.25,4.421086311340332,16000
1997-03-20,7.25,7.375,7.188000202178955,7.25,4.421086311340332,16000
1997-03-21,7.5,7.5320000648498535,7.188000202178955,7.5,4.573537826538086,61200
1997-03-24,7.563000202178955,7.563000202178955,7.5,7.563000202178955,4.611956596374512,16800
1997-03-25,7.5320000648498535,7.563000202178955,7.5320000648498535,7.5320000648498535,4.5930495262146,3200
1997-03-26,7.5320000648498535,7.5320000648498535,7.5320000648498535,7.5320000648498535,4.5930495262146,4800
1997-03-27,7.625,7.688000202178955,7.563000202178955,7.625,4.649764060974121,112000
1997-03-31,7.563000202178955,7.718999862670898,7.563000202178955,7.563000202178955,4.611956596374512,45600
1997-04-01,7.625,7.625,7.5320000648498535,7.625,4.649764060974121,19600
1997-04-02,7.6570000648498535,7.718999862670898,7.563000202178955,7.6570000648498535,4.68463659286499,26000
1997-04-03,7.688000202178955,7.688000202178955,7.625,7.688000202178955,4.703602313995361,20800
1997-04-04,7.688000202178955,7.688000202178955,7.688000202178955,7.688000202178955,4.703602313995361,0
1997-04-07,7.6570000648498535,7.718999862670898,7.625,7.6570000648498535,4.68463659286499,14000
1997-04-08,7.688000202178955,7.75,7.688000202178955,7.688000202178955,4.703602313995361,6000
1997-04-09,7.625,7.625,7.625,7.625,4.665060043334961,13200
1997-04-10,7.625,7.625,7.625,7.625,4.665060043334961,0
1997-04-11,7.563000202178955,7.6570000648498535,7.563000202178955,7.563000202178955,4.627126693725586,29600
1997-04-14,7.563000202178955,7.593999862670898,7.5320000648498535,7.563000202178955,4.627126693725586,15200
1997-04-15,7.625,7.625,7.563000202178955,7.625,4.665060043334961,10800
1997-04-16,7.563000202178955,7.688000202178955,7.563000202178955,7.563000202178955,4.627126693725586,22800
1997-04-17,7.5,7.563000202178955,7.5,7.5,4.5885820388793945,13200
1997-04-18,7.5,7.5,7.5,7.5,4.5885820388793945,0
1997-04-21,7.593999862670898,7.625,7.5,7.593999862670898,4.646092891693115,21200
1997-04-22,7.563000202178955,7.625,7.5,7.563000202178955,4.627126693725586,26000
1997-04-23,7.5320000648498535,7.625,7.5320000648498535,7.5320000648498535,4.608161926269531,5600
1997-04-24,7.563000202178955,7.625,7.563000202178955,7.563000202178955,4.627126693725586,4000
1997-04-25,7.468999862670898,7.5320000648498535,7.468999862670898,7.468999862670898,4.569614887237549,11200
1997-04-28,7.4070000648498535,7.438000202178955,7.4070000648498535,7.4070000648498535,4.53168249130249,6800
1997-04-29,7.5,7.5,7.4070000648498535,7.5,4.5885820388793945,31600
1997-04-30,7.5320000648498535,7.563000202178955,7.5,7.5320000648498535,4.608161926269531,10800
1997-05-01,7.5320000648498535,7.5320000648498535,7.5320000648498535,7.5320000648498535,4.608161926269531,0
1997-05-02,8.125,8.125,7.75,8.125,4.97096586227417,34400
1997-05-05,8.062999725341797,8.343999862670898,8.062999725341797,8.062999725341797,4.9330315589904785,29200
1997-05-06,7.938000202178955,8.0,7.9070000648498535,7.938000202178955,4.8565545082092285,13600
1997-05-07,7.843999862670898,8.0,7.7820000648498535,7.843999862670898,4.799047946929932,19200
1997-05-08,7.5,7.7820000648498535,7.468999862670898,7.5,4.5885820388793945,90400
1997-05-09,7.5,7.5,7.5,7.5,4.5885820388793945,1600
1997-05-12,7.563000202178955,7.593999862670898,7.468999862670898,7.563000202178955,4.627126693725586,82000
1997-05-13,7.468999862670898,7.563000202178955,7.468999862670898,7.468999862670898,4.569614887237549,243600
1997-05-14,7.563000202178955,7.6570000648498535,7.5320000648498535,7.563000202178955,4.627126693725586,18000
1997-05-15,7.688000202178955,7.75,7.563000202178955,7.688000202178955,4.703602313995361,57600
1997-05-16,7.625,7.75,7.625,7.625,4.665060043334961,12000
1997-05-19,7.875,7.875,7.688000202178955,7.875,4.81801176071167,17200
1997-05-20,7.843999862670898,7.875,7.843999862670898,7.843999862670898,4.799047946929932,800
1997-05-21,7.813000202178955,7.875,7.813000202178955,7.813000202178955,4.7800822257995605,16400
1997-05-22,7.813000202178955,7.875,7.75,7.813000202178955,4.7800822257995605,22800
1997-05-23,8.0,8.0,7.7820000648498535,8.0,4.894488334655762,34400
1997-05-27,8.0,8.125,8.0,8.0,4.894488334655762,38400
1997-05-28,7.843999862670898,8.031999588012695,7.813000202178955,7.843999862670898,4.799047946929932,47200
1997-05-29,7.7820000648498535,7.875,7.718999862670898,7.7820000648498535,4.761112689971924,21600
1997-05-30,7.938000202178955,7.938000202178955,7.813000202178955,7.938000202178955,4.8565545082092285,22000
1997-06-02,8.0,8.093999862670898,8.0,8.0,4.894488334655762,22000
1997-06-03,8.281996726989746,8.312999725341797,8.093999862670898,8.281999588012695,5.067018508911133,39600
1997-06-04,8.25,8.343999862670898,8.25,8.25,5.047442436218262,11200
1997-06-05,8.468999862670898,8.562999725341797,8.281999588012695,8.468999862670898,5.181427001953125,18800
1997-06-06,8.468999862670898,8.468999862670898,8.468999862670898,8.468999862670898,5.181427001953125,0
1997-06-09,8.468999862670898,8.468999862670898,8.468999862670898,8.468999862670898,5.181427001953125,0
1997-06-10,8.5,8.5,8.375,8.5,5.200395107269287,50400
1997-06-11,8.75,8.781999588012695,8.531999588012695,8.75,5.3533477783203125,17200
1997-06-12,8.687999725341797,8.843999862670898,8.687999725341797,8.687999725341797,5.315414905548096,22000
1997-06-13,8.781996726989746,8.781999588012695,8.718999862670898,8.781999588012695,5.372925281524658,48400
1997-06-16,8.843999862670898,8.843999862670898,8.781999588012695,8.781999588012695,5.372925281524658,36400
1997-06-17,8.812999725341797,8.812999725341797,8.781999588012695,8.781999588012695,5.372925281524658,15200
1997-06-18,8.593999862670898,8.75,8.593999862670898,8.593999862670898,5.257903099060059,28800
1997-06-19,8.593999862670898,8.656999588012695,8.562999725341797,8.593999862670898,5.257903099060059,76400
1997-06-20,8.468999862670898,8.562999725341797,8.437999725341797,8.468999862670898,5.181427001953125,110000
1997-06-23,8.343999862670898,8.5,8.343999862670898,8.343999862670898,5.104950428009033,32400
1997-06-24,8.375,8.437999725341797,8.312999725341797,8.375,5.123917579650879,82000
1997-06-25,8.42199993133545,8.454000473022461,8.375,8.42199993133545,5.152670383453369,28000
1997-06-26,8.265999794006348,8.42199993133545,8.265999794006348,8.265999794006348,5.057229042053223,22800
1997-06-27,8.125,8.406999588012695,8.125,8.125,4.97096586227417,62800
1997-06-30,8.468999862670898,8.468999862670898,8.031999588012695,8.468999862670898,5.181427001953125,87600
1997-07-01,8.562999725341797,8.562999725341797,8.437999725341797,8.562999725341797,5.2389397621154785,72000
1997-07-02,8.562999725341797,8.593999862670898,8.562999725341797,8.562999725341797,5.2389397621154785,38800
1997-07-03,8.54699993133545,8.54699993133545,8.531999588012695,8.54699993133545,5.246425628662109,11200
1997-07-07,8.579000473022461,8.687999725341797,8.562999725341797,8.579000473022461,5.266066551208496,72800
1997-07-08,8.625,8.625,8.437999725341797,8.625,5.294307708740234,39200
1997-07-09,8.454000473022461,8.656999588012695,8.454000473022461,8.454000473022461,5.189340114593506,52000
1997-07-10,8.437999725341797,8.484999656677246,8.437999725341797,8.437999725341797,5.179518222808838,11600
1997-07-11,8.312999725341797,8.437999725341797,8.265999794006348,8.312999725341797,5.102789402008057,36400
1997-07-14,8.29699993133545,8.406999588012695,8.281999588012695,8.29699993133545,5.0929694175720215,60400
1997-07-15,8.187999725341797,8.437999725341797,8.187999725341797,8.187999725341797,5.026060581207275,76800
1997-07-16,8.281996726989746,8.281999588012695,8.218999862670898,8.281999588012695,5.083760738372803,17200
1997-07-17,7.875,8.218999862670898,7.875,7.875,4.833930969238281,41600
1997-07-18,7.9070000648498535,7.938000202178955,7.828999996185303,7.9070000648498535,4.853575706481934,94000
1997-07-21,8.031996726989746,8.031999588012695,7.875,8.031999588012695,4.93030309677124,25600
1997-07-22,8.031999588012695,8.031999588012695,8.031999588012695,8.031999588012695,4.93030309677124,0
1997-07-23,8.204000473022461,8.25,8.062999725341797,8.204000473022461,5.03588342666626,100000
1997-07-24,8.204000473022461,8.204000473022461,8.17199993133545,8.204000473022461,5.03588342666626,22000
1997-07-25,7.875,8.25,7.875,7.875,4.833930969238281,80400
1997-07-28,7.9070000648498535,7.9070000648498535,7.875,7.9070000648498535,4.853575706481934,32000
1997-07-29,7.9070000648498535,7.9070000648498535,7.875,7.9070000648498535,4.853575706481934,69600
1997-07-30,7.968999862670898,8.031999588012695,7.938000202178955,7.968999862670898,4.891632556915283,43200
1997-07-31,8.031996726989746,8.031999588012695,8.0,8.031999588012695,4.93030309677124,20000
1997-08-01,8.079000473022461,8.093999862670898,8.015999794006348,8.079000473022461,4.9591546058654785,27200
1997-08-04,8.079000473022461,8.093999862670898,8.015999794006348,8.079000473022461,4.9591546058654785,36000
1997-08-05,8.17199993133545,8.204000473022461,8.079000473022461,8.17199993133545,5.016238689422607,35600
1997-08-06,8.218999862670898,8.234999656677246,8.204000473022461,8.218999862670898,5.0450897216796875,9200
1997-08-07,8.343999862670898,8.343999862670898,8.281999588012695,8.343999862670898,5.121816158294678,26000
1997-08-08,8.265999794006348,8.359999656677246,8.25,8.265999794006348,5.073938846588135,14400
1997-08-11,8.312999725341797,8.312999725341797,8.281999588012695,8.312999725341797,5.102789402008057,8800
1997-08-12,8.204000473022461,8.375,8.204000473022461,8.204000473022461,5.03588342666626,33200
1997-08-13,8.0,8.187999725341797,8.0,8.0,4.910658836364746,47200
1997-08-14,7.938000202178955,7.968999862670898,7.9070000648498535,7.938000202178955,4.8726019859313965,105200
1997-08-15,7.875,7.938000202178955,7.860000133514404,7.875,4.833930969238281,32000
1997-08-18,7.9070000648498535,7.938000202178955,7.860000133514404,7.9070000648498535,4.853575706481934,26400
1997-08-19,7.9070000648498535,7.938000202178955,7.890999794006348,7.9070000648498535,4.853575706481934,42000
1997-08-20,8.015999794006348,8.015999794006348,7.921999931335449,8.015999794006348,4.920481204986572,55600
1997-08-21,8.0,8.062999725341797,7.968999862670898,8.0,4.910658836364746,73200
1997-08-22,8.0,8.0,7.985000133514404,8.0,4.910658836364746,10000
1997-08-25,7.968999862670898,7.985000133514404,7.968999862670898,7.968999862670898,4.891632556915283,8400
1997-08-26,7.938000202178955,8.031999588012695,7.9070000648498535,7.938000202178955,4.8726019859313965,10800
1997-08-27,7.875,7.968999862670898,7.813000202178955,7.875,4.833930969238281,18000
1997-08-28,7.968999862670898,7.968999862670898,7.875,7.968999862670898,4.891632556915283,2400
1997-08-29,8.109999656677246,8.125,7.985000133514404,8.109999656677246,4.978179454803467,20800
1997-09-02,8.062999725341797,8.17199993133545,8.062999725341797,8.062999725341797,4.949330806732178,20400
1997-09-03,8.25,8.281999588012695,8.031999588012695,8.25,5.0641188621521,34800
1997-09-04,8.321000099182129,8.321000099182129,8.29699993133545,8.321000099182129,5.107700347900391,9600
1997-09-05,8.5,8.5,8.343999862670898,8.5,5.2175774574279785,220800
1997-09-08,8.734999656677246,8.75,8.531999588012695,8.734999656677246,5.3618245124816895,35200
1997-09-09,8.734999656677246,8.734999656677246,8.734999656677246,8.734999656677246,5.3618245124816895,0
1997-09-10,8.75,8.812999725341797,8.734999656677246,8.75,5.371035575866699,9200
1997-09-11,8.859999656677246,8.859999656677246,8.75,8.859999656677246,5.438556671142578,30800
1997-09-12,9.17199993133545,9.218999862670898,8.859999656677246,9.17199993133545,5.630074501037598,58400
1997-09-15,9.312999725341797,9.343999862670898,9.187999725341797,9.312999725341797,5.716622829437256,20800
1997-09-16,9.25,9.375,9.25,9.25,5.677950382232666,38400
1997-09-17,9.281996726989746,9.343999862670898,9.265999794006348,9.281999588012695,5.697592258453369,42400
1997-09-18,9.454000473022461,9.5,9.281999588012695,9.454000473022461,5.803171157836914,33200
1997-09-19,9.640999794006348,9.704000473022461,9.437999725341797,9.640999794006348,5.917959690093994,32000
1997-09-22,9.640999794006348,9.640999794006348,9.640999794006348,9.640999794006348,5.917959690093994,0
1997-09-23,9.906996726989746,9.906999588012695,9.640999794006348,9.906999588012695,6.081238746643066,9200
1997-09-24,9.75,9.968999862670898,9.75,9.75,5.984869003295898,55200
1997-09-25,9.704000473022461,9.718999862670898,9.704000473022461,9.704000473022461,5.9566330909729,4000
1997-09-26,9.687999725341797,9.765999794006348,9.640999794006348,9.687999725341797,5.946807384490967,28800
1997-09-29,9.75,9.843999862670898,9.625,9.75,5.984869003295898,22400
1997-09-30,9.579000473022461,9.781999588012695,9.579000473022461,9.579000473022461,5.879898548126221,20800
1997-10-01,9.593999862670898,9.656999588012695,9.531999588012695,9.593999862670898,5.906498908996582,44400
1997-10-02,9.625,9.687999725341797,9.579000473022461,9.625,5.925581932067871,5600
1997-10-03,9.954000473022461,9.984999656677246,9.781999588012695,9.954000473022461,6.128129005432129,78800
1997-10-06,10.079000473022461,10.079000473022461,9.843999862670898,10.079000473022461,6.2050862312316895,112400
1997-10-07,10.42199993133545,10.42199993133545,10.156999588012695,10.42199993133545,6.416252613067627,18400
1997-10-08,10.531996726989746,10.593999862670898,10.281999588012695,10.531999588012695,6.483971118927002,89200
1997-10-09,10.609999656677246,10.656999588012695,10.468999862670898,10.609999656677246,6.531993865966797,104400
1997-10-10,10.718999862670898,10.859999656677246,10.579000473022461,10.718999862670898,6.599096775054932,31200
1997-10-13,11.093999862670898,11.093999862670898,10.704000473022461,11.093999862670898,6.829962730407715,48000
1997-10-14,10.984999656677246,11.234999656677246,10.937999725341797,10.984999656677246,6.7628607749938965,44400
1997-10-15,10.954000473022461,11.0,10.875,10.954000473022461,6.743772983551025,7200
1997-10-16,11.031996726989746,11.079000473022461,10.954000473022461,11.031999588012695,6.791795253753662,17200
1997-10-17,10.937999725341797,11.015999794006348,10.92199993133545,10.937999725341797,6.733922958374023,30800
1997-10-20,10.812999725341797,10.92199993133545,10.812999725341797,10.812999725341797,6.656971454620361,8400
1997-10-21,10.79699993133545,10.812999725341797,10.704000473022461,10.79699993133545,6.647117614746094,25200
1997-10-22,10.92199993133545,10.937999725341797,10.79699993133545,10.92199993133545,6.724074363708496,6400
1997-10-23,10.829000473022461,10.937999725341797,10.781999588012695,10.829000473022461,6.666820526123047,24400
1997-10-24,10.781996726989746,10.829000473022461,10.687999725341797,10.781999588012695,6.637884140014648,16400
1997-10-27,10.437999725341797,10.781999588012695,10.437999725341797,10.437999725341797,6.426097869873047,34800
1997-10-28,10.375,10.375,10.109999656677246,10.375,6.387314796447754,58000
1997-10-29,10.75,10.829000473022461,10.437999725341797,10.75,6.6181840896606445,63200
1997-10-30,10.937999725341797,11.0,10.704000473022461,10.937999725341797,6.733922958374023,28800
1997-10-31,10.968999862670898,10.968999862670898,10.812999725341797,10.968999862670898,6.753011703491211,22800
1997-11-03,11.015999794006348,11.015999794006348,10.92199993133545,11.015999794006348,6.78194522857666,10000
1997-11-04,11.125,11.156999588012695,11.04699993133545,11.125,6.849050045013428,5200
1997-11-05,11.312999725341797,11.312999725341797,11.187999725341797,11.312999725341797,6.964791297912598,14000
1997-11-06,11.640999794006348,11.640999794006348,11.375,11.640999794006348,7.166723728179932,30000
1997-11-07,11.562999725341797,11.656999588012695,11.54699993133545,11.562999725341797,7.118704795837402,14400
1997-11-10,11.67199993133545,11.718999862670898,11.656999588012695,11.67199993133545,7.185806751251221,10800
1997-11-11,11.5,11.67199993133545,11.5,11.5,7.079913139343262,8400
1997-11-12,11.515999794006348,11.531999588012695,11.484999656677246,11.515999794006348,7.089767932891846,8000
1997-11-13,11.515999794006348,11.515999794006348,11.390999794006348,11.515999794006348,7.089767932891846,15200
1997-11-14,11.515999794006348,11.531999588012695,11.42199993133545,11.515999794006348,7.089767932891846,34400
1997-11-17,11.704000473022461,11.718999862670898,11.5,11.704000473022461,7.205506801605225,9200
1997-11-18,11.54699993133545,11.704000473022461,11.531999588012695,11.54699993133545,7.108850479125977,12800
1997-11-19,11.42199993133545,11.593999862670898,11.406999588012695,11.42199993133545,7.031894683837891,11200
1997-11-20,11.515999794006348,11.609999656677246,11.390999794006348,11.515999794006348,7.089767932891846,24800
1997-11-21,11.625,11.625,11.42199993133545,11.625,7.156872749328613,62000
1997-11-24,11.437999725341797,11.562999725341797,11.390999794006348,11.437999725341797,7.041746616363525,30000
1997-11-25,11.437999725341797,11.437999725341797,11.375,11.437999725341797,7.041746616363525,18400
1997-11-26,11.454000473022461,11.562999725341797,11.406999588012695,11.454000473022461,7.051596164703369,46000
1997-11-28,11.42199993133545,11.454000473022461,11.406999588012695,11.42199993133545,7.031894683837891,7600
1997-12-01,11.609999656677246,11.625,11.468999862670898,11.609999656677246,7.147637844085693,14000
1997-12-02,11.937999725341797,11.937999725341797,11.562999725341797,11.937999725341797,7.349569797515869,18800
1997-12-03,12.312999725341797,12.312999725341797,12.0,12.312999725341797,7.580438137054443,27200
1997-12-04,12.859999656677246,12.906999588012695,12.343999862670898,12.859999656677246,7.917195796966553,42800
1997-12-05,13.329000473022461,13.329000473022461,12.875,13.329000473022461,8.205930709838867,26800
1997-12-08,13.656996726989746,13.765999794006348,13.406999588012695,13.656999588012695,8.407864570617676,34000
1997-12-09,13.531996726989746,13.734999656677246,13.468999862670898,13.531999588012695,8.330904006958008,22000
1997-12-10,13.531999588012695,13.531999588012695,13.531999588012695,13.531999588012695,8.330904006958008,0
1997-12-11,13.204000473022461,13.390999794006348,13.140999794006348,13.204000473022461,8.128974914550781,46800
1997-12-12,13.204000473022461,13.234999656677246,13.204000473022461,13.204000473022461,8.128974914550781,2000
1997-12-15,13.079000473022461,13.218999862670898,13.079000473022461,13.079000473022461,8.052021026611328,25200
1997-12-16,13.390999794006348,13.390999794006348,13.04699993133545,13.390999794006348,8.244099617004395,12000
1997-12-17,13.406996726989746,13.406999588012695,13.265999794006348,13.406999588012695,8.253952980041504,12000
1997-12-18,13.718999862670898,13.718999862670898,13.437999725341797,13.718999862670898,8.446033477783203,7200
1997-12-19,14.25,14.25,13.640999794006348,14.25,8.772940635681152,69200
1997-12-22,13.656996726989746,14.062999725341797,13.625,13.656999588012695,8.407864570617676,44000
1997-12-23,13.609999656677246,13.734999656677246,13.609999656677246,13.609999656677246,8.396265029907227,54000
1997-12-24,13.734999656677246,13.734999656677246,13.531999588012695,13.734999656677246,8.47337818145752,40400
1997-12-26,13.734999656677246,13.734999656677246,13.531999588012695,13.531999588012695,8.348142623901367,18400
1997-12-29,13.687999725341797,13.718999862670898,13.515999794006348,13.687999725341797,8.44438362121582,55600
1997-12-30,13.640999794006348,13.734999656677246,13.625,13.640999794006348,8.41539192199707,53200
1997-12-31,13.562999725341797,13.640999794006348,13.5,13.562999725341797,8.367267608642578,38800
1998-01-02,13.281996726989746,13.593999862670898,13.25,13.281999588012695,8.193916320800781,19600
1998-01-05,13.079000473022461,13.343999862670898,13.079000473022461,13.079000473022461,8.068680763244629,33600
1998-01-06,12.734999656677246,13.093999862670898,12.687999725341797,12.734999656677246,7.856456279754639,55600
1998-01-07,12.765999794006348,12.79699993133545,12.718999862670898,12.765999794006348,7.875589370727539,132400
1998-01-08,12.765999794006348,12.859999656677246,12.75,12.765999794006348,7.875589370727539,67200
1998-01-09,12.718999862670898,12.75,12.704000473022461,12.718999862670898,7.846590042114258,45200
1998-01-12,12.42199993133545,12.625,12.42199993133545,12.42199993133545,7.663366794586182,76400
1998-01-13,12.625,12.704000473022461,12.390999794006348,12.625,7.788599014282227,44400
1998-01-14,12.625,12.625,12.625,12.625,7.788599014282227,0
1998-01-15,12.468999862670898,12.484999656677246,12.343999862670898,12.468999862670898,7.692357540130615,39200
1998-01-16,12.75,12.75,12.531999588012695,12.75,7.865715503692627,12800
1998-01-20,12.79699993133545,12.954000473022461,12.75,12.79699993133545,7.894710063934326,35200
1998-01-21,12.579000473022461,12.843999862670898,12.515999794006348,12.579000473022461,7.760222434997559,24000
1998-01-22,12.562999725341797,12.593999862670898,12.515999794006348,12.562999725341797,7.750352382659912,14000
1998-01-23,12.54699993133545,12.593999862670898,12.515999794006348,12.54699993133545,7.740477561950684,8800
1998-01-26,12.579000473022461,12.609999656677246,12.454000473022461,12.579000473022461,7.760222434997559,33200
1998-01-27,12.718999862670898,12.75,12.5,12.718999862670898,7.846590042114258,30000
1998-01-28,13.125,13.125,12.75,13.125,8.097057342529297,46800
1998-01-29,13.312999725341797,13.375,13.156999588012695,13.312999725341797,8.21303653717041,26000
1998-01-30,13.093999862670898,13.359999656677246,13.093999862670898,13.093999862670898,8.0779390335083,32400
1998-02-02,12.937999725341797,13.187999725341797,12.937999725341797,12.937999725341797,7.981693267822266,58400
1998-02-03,13.25,13.25,12.92199993133545,13.25,8.174171447753906,33600
1998-02-04,14.0,14.0,13.29699993133545,14.0,8.636863708496094,36800
1998-02-05,13.92199993133545,14.031999588012695,13.890999794006348,13.92199993133545,8.588744163513184,15200
1998-02-06,13.79699993133545,13.875,13.79699993133545,13.79699993133545,8.511629104614258,13200
1998-02-09,13.718999862670898,13.75,13.656999588012695,13.718999862670898,8.46351146697998,16800
1998-02-10,13.843999862670898,13.906999588012695,13.734999656677246,13.843999862670898,8.54062271118164,14000
1998-02-11,13.29699993133545,13.687999725341797,13.187999725341797,13.29699993133545,8.203168869018555,49200
1998-02-12,13.015999794006348,13.25,13.0,13.015999794006348,8.029817581176758,38000
1998-02-13,13.359999656677246,13.406999588012695,13.079000473022461,13.359999656677246,8.242034912109375,16400
1998-02-17,13.343999862670898,13.343999862670898,13.218999862670898,13.218999862670898,8.155051231384277,12000
1998-02-18,13.156999588012695,13.156999588012695,13.079000473022461,13.079000473022461,8.068680763244629,17600
1998-02-19,13.062999725341797,13.062999725341797,13.04699993133545,13.04699993133545,8.048937797546387,6400
1998-02-20,13.0,13.0,12.92199993133545,12.937999725341797,7.981693267822266,8800
1998-02-23,13.0,13.0,12.906999588012695,12.906999588012695,7.962571144104004,11600
1998-02-24,12.75,12.75,12.312999725341797,12.329000473022461,7.605993270874023,23600
1998-02-25,12.42199993133545,12.42199993133545,12.329000473022461,12.329000473022461,7.605993270874023,19600
1998-02-26,12.359999656677246,12.359999656677246,12.25,12.329000473022461,7.605993270874023,34800
1998-02-27,12.5,12.5,12.390999794006348,12.390999794006348,7.644244194030762,18000
1998-03-02,12.562999725341797,12.562999725341797,12.5,12.54699993133545,7.740477561950684,84400
1998-03-03,13.109999656677246,13.109999656677246,12.579000473022461,13.079000473022461,8.068680763244629,57600
1998-03-04,13.25,13.25,13.0,13.234999656677246,8.164918899536133,76000
1998-03-05,13.156999588012695,13.156999588012695,12.968999862670898,13.015999794006348,8.029817581176758,33200
1998-03-06,13.125,13.125,13.062999725341797,13.093999862670898,8.0779390335083,7200
1998-03-09,13.218999862670898,13.218999862670898,13.062999725341797,13.204000473022461,8.145792007446289,7200
1998-03-10,13.843999862670898,13.843999862670898,13.25,13.843999862670898,8.54062271118164,53600
1998-03-11,14.0,14.0,13.906999588012695,13.984999656677246,8.627608299255371,37200
1998-03-12,13.984999656677246,13.984999656677246,13.75,13.75,8.48263168334961,21200
1998-03-13,13.954000473022461,13.954000473022461,13.75,13.75,8.48263168334961,30800
1998-03-16,13.812999725341797,13.812999725341797,13.687999725341797,13.734999656677246,8.47337818145752,9600
1998-03-17,13.75,13.75,13.718999862670898,13.75,8.48263168334961,9600
1998-03-18,13.781999588012695,13.781999588012695,13.734999656677246,13.781999588012695,8.502374649047852,15200
1998-03-19,14.0,14.0,13.843999862670898,14.0,8.636863708496094,10400
1998-03-20,14.0,14.0,13.937999725341797,13.968999862670898,8.617737770080566,25200
1998-03-23,13.954000473022461,13.954000473022461,13.890999794006348,13.890999794006348,8.569618225097656,16400
1998-03-24,13.92199993133545,13.92199993133545,13.765999794006348,13.765999794006348,8.492504119873047,29600
1998-03-25,13.906999588012695,13.906999588012695,13.718999862670898,13.75,8.48263168334961,14400
1998-03-26,13.781999588012695,13.781999588012695,13.704000473022461,13.765999794006348,8.492504119873047,6400
1998-03-27,13.812999725341797,13.812999725341797,13.734999656677246,13.79699993133545,8.511629104614258,14800
1998-03-30,13.75,13.75,13.593999862670898,13.75,8.48263168334961,8800
1998-03-31,13.765999794006348,13.765999794006348,13.625,13.765999794006348,8.492504119873047,38800
1998-04-01,13.75,13.75,13.687999725341797,13.704000473022461,8.471610069274902,148400
1998-04-02,13.765999794006348,13.765999794006348,13.687999725341797,13.687999725341797,8.46171760559082,5600
1998-04-03,13.765999794006348,13.765999794006348,13.67199993133545,13.67199993133545,8.451825141906738,13200
1998-04-06,13.704000473022461,13.704000473022461,13.531999588012695,13.531999588012695,8.365276336669922,16400
1998-04-07,13.515999794006348,13.515999794006348,13.312999725341797,13.312999725341797,8.229897499084473,12800
1998-04-08,13.265999794006348,13.265999794006348,13.156999588012695,13.156999588012695,8.133458137512207,4400
1998-04-09,13.17199993133545,13.17199993133545,12.984999656677246,13.093999862670898,8.094514846801758,28800
1998-04-13,13.187999725341797,13.187999725341797,12.859999656677246,12.859999656677246,7.949859619140625,23200
1998-04-14,12.954000473022461,12.954000473022461,12.859999656677246,12.890999794006348,7.96902322769165,41600
1998-04-15,12.875,13.04699993133545,12.859999656677246,12.875,7.959135055541992,73200
1998-04-16,13.218999862670898,13.312999725341797,12.906999588012695,13.218999862670898,8.17179012298584,31600
1998-04-17,13.125,13.125,13.062999725341797,13.125,8.113679885864258,80000
1998-04-20,13.218999862670898,13.218999862670898,13.140999794006348,13.187999725341797,8.152624130249023,8400
1998-04-21,13.437999725341797,13.437999725341797,13.156999588012695,13.42199993133545,8.297282218933105,16400
1998-04-22,13.437999725341797,13.437999725341797,13.406999588012695,13.406999588012695,8.288010597229004,10000
1998-04-23,13.406999588012695,13.406999588012695,13.17199993133545,13.17199993133545,8.142732620239258,10400
1998-04-24,13.234999656677246,13.234999656677246,13.125,13.125,8.113679885864258,22000
1998-04-27,13.062999725341797,13.062999725341797,12.734999656677246,12.75,7.881863594055176,15200
1998-04-28,13.125,13.125,12.812999725341797,13.062999725341797,8.075352668762207,20400
1998-04-29,13.375,13.375,13.125,13.375,8.26822566986084,13200
1998-04-30,13.859999656677246,13.859999656677246,13.437999725341797,13.843999862670898,8.558151245117188,34400
1998-05-01,13.890999794006348,13.890999794006348,13.890999794006348,13.890999794006348,8.587209701538086,400
1998-05-04,13.890999794006348,13.890999794006348,13.812999725341797,13.812999725341797,8.538991928100586,3600
1998-05-05,13.75,13.75,13.5,13.656999588012695,8.442556381225586,30400
1998-05-06,13.829000473022461,13.829000473022461,13.625,13.812999725341797,8.538991928100586,99200
1998-05-07,13.829000473022461,13.829000473022461,13.765999794006348,13.781999588012695,8.519830703735352,10000
1998-05-08,13.765999794006348,13.765999794006348,13.625,13.625,8.422773361206055,58000
1998-05-11,13.625,13.625,13.562999725341797,13.562999725341797,8.384443283081055,6800
1998-05-12,13.562999725341797,13.562999725341797,13.5,13.5,8.345498085021973,6000
1998-05-13,13.54699993133545,13.54699993133545,13.484999656677246,13.484999656677246,8.336227416992188,4000
1998-05-14,13.812999725341797,13.812999725341797,13.704000473022461,13.704000473022461,8.471610069274902,42000
1998-05-15,13.829000473022461,13.829000473022461,13.687999725341797,13.781999588012695,8.519830703735352,9200
1998-05-18,13.812999725341797,13.812999725341797,13.5,13.5,8.345498085021973,23600
1998-05-19,13.843999862670898,13.843999862670898,13.562999725341797,13.843999862670898,8.558151245117188,29600
1998-05-20,14.0,14.0,13.843999862670898,13.937999725341797,8.616267204284668,14000
1998-05-21,13.937999725341797,13.937999725341797,13.906999588012695,13.906999588012695,8.597105026245117,5600
1998-05-22,13.968999862670898,13.968999862670898,13.829000473022461,13.843999862670898,8.558151245117188,13200
1998-05-26,13.687999725341797,13.968999862670898,13.687999725341797,13.687999725341797,8.46171760559082,16800
1998-05-27,13.640999794006348,13.640999794006348,13.579000473022461,13.593999862670898,8.40361213684082,21200
1998-05-28,13.54699993133545,13.593999862670898,13.515999794006348,13.54699993133545,8.374557495117188,11200
1998-05-29,13.54699993133545,13.54699993133545,13.5,13.5,8.345498085021973,10800
1998-06-01,13.484999656677246,13.484999656677246,13.281999588012695,13.375,8.26822566986084,34000
1998-06-02,13.531999588012695,13.531999588012695,13.343999862670898,13.531999588012695,8.365276336669922,62800
1998-06-03,13.515999794006348,13.515999794006348,13.454000473022461,13.454000473022461,8.317069053649902,7200
1998-06-04,13.484999656677246,13.484999656677246,13.437999725341797,13.484999656677246,8.336227416992188,12400
1998-06-05,13.484999656677246,13.484999656677246,13.390999794006348,13.468999862670898,8.326335906982422,8800
1998-06-08,13.5,13.5,13.484999656677246,13.484999656677246,8.336227416992188,26800
1998-06-09,13.579000473022461,13.579000473022461,13.484999656677246,13.562999725341797,8.384443283081055,8800
1998-06-10,13.687999725341797,13.687999725341797,13.531999588012695,13.67199993133545,8.451825141906738,18000
1998-06-11,13.687999725341797,13.687999725341797,13.593999862670898,13.640999794006348,8.432663917541504,14000
1998-06-12,13.625,13.625,13.562999725341797,13.562999725341797,8.384443283081055,9200
1998-06-15,13.5,13.5,13.343999862670898,13.343999862670898,8.249062538146973,17200
1998-06-16,13.406999588012695,13.406999588012695,13.29699993133545,13.312999725341797,8.229897499084473,27200
1998-06-17,13.515999794006348,13.515999794006348,13.312999725341797,13.5,8.345498085021973,11200
1998-06-18,13.515999794006348,13.515999794006348,13.454000473022461,13.5,8.345498085021973,4400
1998-06-19,13.656999588012695,13.656999588012695,13.54699993133545,13.640999794006348,8.432663917541504,34000
1998-06-22,13.734999656677246,13.734999656677246,13.625,13.67199993133545,8.451825141906738,3600
1998-06-23,13.75,13.75,13.640999794006348,13.640999794006348,8.432663917541504,14400
1998-06-24,13.75,13.75,13.640999794006348,13.75,8.500044822692871,20800
1998-06-25,14.187999725341797,14.187999725341797,13.75,14.187999725341797,8.770811080932617,79200
1998-06-26,14.484999656677246,14.484999656677246,14.187999725341797,14.359999656677246,8.87713623046875,60800
1998-06-29,15.125,15.125,14.42199993133545,15.125,9.35004997253418,69200
1998-06-30,15.454000473022461,15.454000473022461,15.187999725341797,15.218999862670898,9.408161163330078,76400
1998-07-01,15.234999656677246,15.234999656677246,15.0,15.0,9.272777557373047,24000
1998-07-02,15.062999725341797,15.062999725341797,15.0,15.062999725341797,9.311724662780762,2800
1998-07-06,15.0,15.156999588012695,14.968999862670898,15.0,9.292455673217773,14000
1998-07-07,15.343999862670898,15.343999862670898,15.0,15.343999862670898,9.505560874938965,23200
1998-07-08,15.954000473022461,15.954000473022461,15.390999794006348,15.937999725341797,9.87354564666748,38000
1998-07-09,16.110000610351562,16.110000610351562,15.906999588012695,16.062999725341797,9.950980186462402,32000
1998-07-10,16.187999725341797,16.187999725341797,16.0,16.047000885009766,9.941072463989258,22000
1998-07-13,16.125,16.125,15.984999656677246,15.984999656677246,9.902664184570312,17200
1998-07-14,16.0939998626709,16.0939998626709,16.016000747680664,16.016000747680664,9.921869277954102,11600
1998-07-15,15.906996726989746,16.047000885009766,15.843999862670898,15.906999588012695,9.854342460632324,15600
1998-07-16,15.92199993133545,15.92199993133545,15.812999725341797,15.92199993133545,9.863632202148438,21200
1998-07-17,15.984999656677246,15.984999656677246,15.718999862670898,15.718999862670898,9.737871170043945,20800
1998-07-20,15.781999588012695,15.781999588012695,15.390999794006348,15.390999794006348,9.53468132019043,22400
1998-07-21,15.329000473022461,15.329000473022461,15.079000473022461,15.079000473022461,9.341394424438477,54800
1998-07-22,15.5,15.5,14.968999862670898,15.5,9.60219955444336,31200
1998-07-23,15.468999862670898,15.468999862670898,15.281999588012695,15.281999588012695,9.46715259552002,23200
1998-07-24,15.281999588012695,15.281999588012695,15.079000473022461,15.125,9.369894981384277,84000
1998-07-27,15.031999588012695,15.031999588012695,14.843999862670898,15.015999794006348,9.302366256713867,14800
1998-07-28,15.015999794006348,15.015999794006348,14.687999725341797,14.718999862670898,9.118378639221191,38400
1998-07-29,14.781999588012695,14.781999588012695,14.687999725341797,14.704000473022461,9.109086990356445,25600
1998-07-30,14.468999862670898,14.734999656677246,14.406999588012695,14.468999862670898,8.963505744934082,47600
1998-07-31,14.640999794006348,14.640999794006348,14.468999862670898,14.468999862670898,8.963505744934082,32800
1998-08-03,14.484999656677246,14.484999656677246,14.390999794006348,14.390999794006348,8.915180206298828,14000
1998-08-04,14.468999862670898,14.468999862670898,14.234999656677246,14.42199993133545,8.9343843460083,52400
1998-08-05,14.484999656677246,14.484999656677246,14.42199993133545,14.484999656677246,8.973416328430176,59200
1998-08-06,14.5,14.5,14.437999725341797,14.5,8.982709884643555,70800
1998-08-07,15.718999862670898,15.718999862670898,14.562999725341797,15.579000473022461,9.651145935058594,187600
1998-08-10,15.875,15.875,15.609999656677246,15.843999862670898,9.815309524536133,64800
1998-08-11,16.0,16.0,15.579000473022461,16.0,9.91195297241211,90000
1998-08-12,16.766000747680664,16.766000747680664,15.954000473022461,16.641000747680664,10.309054374694824,103200
1998-08-13,16.5939998626709,16.5939998626709,16.266000747680664,16.266000747680664,10.076740264892578,33600
1998-08-14,16.266000747680664,16.266000747680664,16.141000747680664,16.20400047302246,10.038331031799316,18400
1998-08-17,16.406999588012695,16.406999588012695,16.25,16.281999588012695,10.086651802062988,31200
1998-08-18,16.4689998626709,16.4689998626709,16.156999588012695,16.172000885009766,10.018509864807129,89200
1998-08-19,16.187999725341797,16.187999725341797,16.062999725341797,16.187999725341797,10.028419494628906,30000
1998-08-20,16.125,16.125,16.0,16.07900047302246,9.960895538330078,42400
1998-08-21,16.07900047302246,16.07900047302246,15.968999862670898,16.031999588012695,9.93177604675293,18400
1998-08-24,16.0,16.0,15.821000099182129,15.829000473022461,9.80601978302002,38800
1998-08-25,15.968999862670898,15.968999862670898,15.843999862670898,15.92199993133545,9.863632202148438,36000
1998-08-26,15.92199993133545,15.92199993133545,15.906999588012695,15.906999588012695,9.854342460632324,13600
1998-08-27,15.906999588012695,15.906999588012695,15.765999794006348,15.765999794006348,9.766987800598145,8000
1998-08-28,15.75,15.75,15.187999725341797,15.265999794006348,9.45723819732666,50400
1998-08-31,15.204000473022461,15.204000473022461,14.562999725341797,14.562999725341797,9.021734237670898,72400
1998-09-01,14.531999588012695,14.531999588012695,14.218999862670898,14.329000473022461,8.876774787902832,84400
1998-09-02,14.468999862670898,14.468999862670898,14.312999725341797,14.468999862670898,8.963505744934082,35200
1998-09-03,14.406999588012695,14.406999588012695,14.109999656677246,14.109999656677246,8.741105079650879,54800
1998-09-04,14.125,14.125,14.062999725341797,14.062999725341797,8.71198558807373,9200
1998-09-08,14.281999588012695,14.281999588012695,14.125,14.281999588012695,8.847655296325684,237600
1998-09-09,14.687999725341797,14.687999725341797,14.218999862670898,14.640999794006348,9.070059776306152,53600
1998-09-10,14.579000473022461,14.579000473022461,14.265999794006348,14.54699993133545,9.011823654174805,188000
1998-09-11,14.515999794006348,14.515999794006348,14.312999725341797,14.515999794006348,8.992620468139648,79600
1998-09-14,14.875,14.875,14.515999794006348,14.54699993133545,9.011823654174805,94800
1998-09-15,14.640999794006348,14.640999794006348,14.312999725341797,14.579000473022461,9.031652450561523,96000
1998-09-16,14.609999656677246,14.609999656677246,14.5,14.593999862670898,9.04094409942627,60800
1998-09-17,14.687999725341797,14.687999725341797,14.454000473022461,14.656999588012695,9.079964637756348,69200
1998-09-18,15.079000473022461,15.079000473022461,14.75,15.079000473022461,9.341394424438477,68000
1998-09-21,15.062999725341797,15.062999725341797,14.843999862670898,15.031999588012695,9.312281608581543,45600
1998-09-22,15.140999794006348,15.140999794006348,14.984999656677246,15.0,9.292455673217773,109600
1998-09-23,15.390999794006348,15.390999794006348,15.062999725341797,15.390999794006348,9.53468132019043,24400
1998-09-24,15.687999725341797,15.687999725341797,15.390999794006348,15.468999862670898,9.582996368408203,36400
1998-09-25,15.42199993133545,15.42199993133545,15.234999656677246,15.312999725341797,9.486360549926758,69200
1998-09-28,15.515999794006348,15.515999794006348,15.312999725341797,15.515999794006348,9.612117767333984,76800
1998-09-29,15.515999794006348,15.515999794006348,15.406999588012695,15.468999862670898,9.582996368408203,29200
1998-09-30,15.484999656677246,15.484999656677246,15.359999656677246,15.359999656677246,9.535144805908203,30400
1998-10-01,15.375,15.375,15.187999725341797,15.218999862670898,9.447609901428223,113200
1998-10-02,15.187999725341797,15.187999725341797,14.937999725341797,15.031999588012695,9.331525802612305,112000
1998-10-05,15.0,15.0,14.859999656677246,14.859999656677246,9.224752426147461,67600
1998-10-06,14.984999656677246,14.984999656677246,14.781999588012695,14.984999656677246,9.302348136901855,256400
1998-10-07,14.968999862670898,14.968999862670898,14.906999588012695,14.954000473022461,9.283101081848145,142400
1998-10-08,14.906999588012695,14.906999588012695,14.781999588012695,14.781999588012695,9.176329612731934,59600
1998-10-09,15.156999588012695,15.156999588012695,14.75,15.156999588012695,9.409125328063965,86400
1998-10-12,15.640999794006348,15.640999794006348,15.156999588012695,15.579000473022461,9.671091079711914,93600
1998-10-13,15.625,15.625,15.5,15.54699993133545,9.651225090026855,41200
1998-10-14,16.031999588012695,16.031999588012695,15.54699993133545,16.031999588012695,9.952296257019043,56000
1998-10-15,16.25,16.25,15.968999862670898,15.968999862670898,9.913187980651855,62000
1998-10-16,16.016000747680664,16.016000747680664,15.968999862670898,16.0,9.932435989379883,76800
1998-10-19,16.125,16.125,15.968999862670898,16.062999725341797,9.971542358398438,29000
1998-10-20,16.8439998626709,16.8439998626709,16.125,16.8439998626709,10.456371307373047,101600
1998-10-21,16.9689998626709,16.9689998626709,16.656999588012695,16.937999725341797,10.51472282409668,33800
1998-10-22,17.312999725341797,17.312999725341797,16.75,17.25,10.708414077758789,66800
1998-10-23,17.9689998626709,17.9689998626709,17.125,17.625,10.941203117370605,71400
1998-10-26,18.2189998626709,18.2189998626709,17.562999725341797,18.2189998626709,11.309942245483398,38800
1998-10-27,18.4689998626709,18.4689998626709,17.375,17.687999725341797,10.980311393737793,56200
1998-10-28,17.625,17.625,17.5,17.562999725341797,10.9027099609375,16800
1998-10-29,18.0939998626709,18.0939998626709,17.687999725341797,18.0939998626709,11.232340812683105,56200
1998-10-30,18.812999725341797,18.812999725341797,18.187999725341797,18.281999588012695,11.349053382873535,34200
1998-11-02,19.125,19.125,18.25,19.125,11.872368812561035,78200
1998-11-03,19.062999725341797,19.062999725341797,18.687999725341797,18.8439998626709,11.697931289672852,22800
1998-11-04,19.437999725341797,19.437999725341797,18.5,19.437999725341797,12.066668510437012,84000
1998-11-05,19.656999588012695,19.656999588012695,19.312999725341797,19.4689998626709,12.085911750793457,41200
1998-11-06,19.562999725341797,19.562999725341797,18.875,18.875,11.71716594696045,79600
1998-11-09,18.937999725341797,18.937999725341797,18.281999588012695,18.3439998626709,11.387541770935059,253400
1998-11-10,18.5,18.5,18.0,18.375,11.406786918640137,46600
1998-11-11,18.531999588012695,18.531999588012695,18.281999588012695,18.3439998626709,11.387541770935059,13600
1998-11-12,18.5,18.5,18.0,18.375,11.406786918640137,46600
1998-11-13,18.531999588012695,18.531999588012695,18.25,18.25,11.329184532165527,20800
1998-11-16,18.375,18.375,18.125,18.25,11.329184532165527,10600
1998-11-17,18.125,18.125,17.5,18.125,11.251587867736816,43000
1998-11-18,18.375,18.375,17.875,18.062999725341797,11.213101387023926,114400
1998-11-19,18.0,18.0,17.25,17.25,10.708414077758789,30800
1998-11-20,17.312999725341797,17.312999725341797,17.125,17.25,10.708414077758789,5000
1998-11-23,17.25,17.25,16.4689998626709,16.625,10.32042121887207,46800
1998-11-24,17.125,17.125,16.437999725341797,17.125,10.630810737609863,74800
1998-11-25,17.125,17.125,17.125,17.125,10.630810737609863,12400
1998-11-27,17.25,17.25,17.25,17.25,10.708414077758789,1000
1998-11-30,17.281999588012695,17.281999588012695,17.0939998626709,17.281999588012695,10.728272438049316,29000
1998-12-01,17.7189998626709,17.7189998626709,17.125,17.5,10.863608360290527,96800
1998-12-02,18.4689998626709,18.4689998626709,17.5939998626709,18.4689998626709,11.465136528015137,100800
1998-12-03,18.5939998626709,18.5939998626709,18.4689998626709,18.5,11.48437786102295,51000
1998-12-04,18.5,18.5,18.375,18.437999725341797,11.445891380310059,73800
1998-12-07,18.7189998626709,18.7189998626709,18.312999725341797,18.7189998626709,11.620327949523926,125400
1998-12-08,19.437999725341797,19.437999725341797,19.0,19.187999725341797,11.911471366882324,327800
1998-12-09,19.875,19.875,19.125,19.437999725341797,12.066668510437012,132000
1998-12-10,19.531999588012695,19.531999588012695,19.3439998626709,19.406999588012695,12.047418594360352,145400
1998-12-11,19.437999725341797,19.437999725341797,19.312999725341797,19.437999725341797,12.066668510437012,83600
1998-12-14,19.5,19.5,19.2189998626709,19.2189998626709,11.930717468261719,101600
1998-12-15,19.312999725341797,19.312999725341797,19.125,19.25,11.949965476989746,68800
1998-12-16,19.625,19.625,19.312999725341797,19.562999725341797,12.144261360168457,113000
1998-12-17,19.7189998626709,19.7189998626709,19.375,19.562999725341797,12.144261360168457,92400
1998-12-18,19.781999588012695,19.781999588012695,19.562999725341797,19.7189998626709,12.241106986999512,53400
1998-12-21,20.0,20.0,19.687999725341797,20.0,12.415541648864746,91000
1998-12-22,20.625,20.625,19.8439998626709,20.5,12.74626350402832,48200
1998-12-23,21.125,21.125,20.625,21.062999725341797,13.096314430236816,13400
1998-12-24,21.375,21.375,21.0939998626709,21.375,13.290312767028809,8000
1998-12-28,22.8439998626709,22.8439998626709,21.5,22.8439998626709,14.20368480682373,38200
1998-12-29,22.875,22.875,22.5,22.781999588012695,14.165133476257324,15600
1998-12-30,22.9689998626709,22.9689998626709,22.75,22.9689998626709,14.281412124633789,50400
1998-12-31,24.156999588012695,24.156999588012695,22.812999725341797,24.156999588012695,15.020075798034668,61200
1999-01-04,24.906999588012695,24.906999588012695,24.062999725341797,24.125,15.0001802444458,113000
1999-01-05,24.156999588012695,24.156999588012695,23.437999725341797,23.781999588012695,14.786911010742188,113400
1999-01-06,23.875,23.875,23.625,23.656999588012695,14.70919418334961,128400
1999-01-07,23.531999588012695,23.531999588012695,23.125,23.437999725341797,14.573025703430176,85800
1999-01-08,23.656999588012695,23.656999588012695,23.25,23.656999588012695,14.70919418334961,49600
1999-01-11,23.781999588012695,23.781999588012695,23.4689998626709,23.5,14.611568450927734,60600
1999-01-12,23.5939998626709,23.5939998626709,23.062999725341797,23.281999588012695,14.47602367401123,50200
1999-01-13,23.156999588012695,23.156999588012695,22.812999725341797,23.0,14.30068588256836,32400
1999-01-14,22.875,22.875,22.25,22.5,13.989797592163086,96400
1999-01-15,22.75,22.75,21.625,22.75,14.145238876342773,113200
1999-01-19,22.937999725341797,22.937999725341797,22.781999588012695,22.812999725341797,14.184418678283691,57800
1999-01-20,23.375,23.375,22.812999725341797,23.0,14.30068588256836,42800
1999-01-21,23.0,23.0,22.625,22.906999588012695,14.24286937713623,38000
1999-01-22,22.9689998626709,22.9689998626709,22.687999725341797,22.687999725341797,14.106693267822266,26000
1999-01-25,22.7189998626709,22.7189998626709,22.406999588012695,22.687999725341797,14.106693267822266,31600
1999-01-26,22.7189998626709,22.7189998626709,22.625,22.7189998626709,14.125971794128418,19200
1999-01-27,22.687999725341797,22.687999725341797,22.406999588012695,22.656999588012695,14.087417602539062,29000
1999-01-28,22.656999588012695,22.656999588012695,22.312999725341797,22.312999725341797,13.87352466583252,61000
1999-01-29,23.187999725341797,23.187999725341797,22.312999725341797,23.187999725341797,14.417579650878906,113800
1999-02-01,23.4689998626709,23.4689998626709,23.125,23.125,14.378405570983887,33000
1999-02-02,23.4689998626709,23.4689998626709,22.8439998626709,23.4689998626709,14.592301368713379,100600
1999-02-03,23.4689998626709,23.4689998626709,23.0939998626709,23.0939998626709,14.359134674072266,31200
1999-02-04,23.156999588012695,23.156999588012695,22.5939998626709,22.5939998626709,14.048245429992676,151800
1999-02-05,22.875,22.875,22.5,22.812999725341797,14.184418678283691,47600
1999-02-08,22.812999725341797,22.812999725341797,22.5,22.5939998626709,14.048245429992676,46600
1999-02-09,22.75,22.75,22.4689998626709,22.687999725341797,14.106693267822266,27600
1999-02-10,22.75,22.75,22.187999725341797,22.312999725341797,13.87352466583252,71600
1999-02-11,22.75,22.75,22.375,22.75,14.145238876342773,53800
1999-02-12,22.7189998626709,22.7189998626709,22.406999588012695,22.562999725341797,14.028968811035156,111000
1999-02-16,22.937999725341797,22.937999725341797,22.4689998626709,22.937999725341797,14.262136459350586,105600
1999-02-17,23.0,23.0,22.437999725341797,22.437999725341797,13.951255798339844,45400
1999-02-18,22.562999725341797,22.562999725341797,22.375,22.5,13.989797592163086,118800
1999-02-19,22.812999725341797,22.812999725341797,22.375,22.656999588012695,14.087417602539062,80800
1999-02-22,22.7189998626709,22.7189998626709,22.562999725341797,22.7189998626709,14.125971794128418,13800
1999-02-23,22.687999725341797,22.687999725341797,22.437999725341797,22.562999725341797,14.028968811035156,104800
1999-02-24,22.5939998626709,22.5939998626709,22.5,22.5,13.989797592163086,24400
1999-02-25,22.562999725341797,22.562999725341797,22.25,22.312999725341797,13.87352466583252,34600
1999-02-26,22.281999588012695,22.281999588012695,22.0939998626709,22.281999588012695,13.854253768920898,51000
1999-03-01,22.281999588012695,22.281999588012695,22.187999725341797,22.25,13.834359169006348,14400
1999-03-02,22.3439998626709,22.3439998626709,21.9689998626709,21.9689998626709,13.659646034240723,43400
1999-03-03,21.9689998626709,21.9689998626709,20.937999725341797,21.0,13.057148933410645,46800
1999-03-04,21.0,21.0,20.156999588012695,20.156999588012695,12.533001899719238,33400
1999-03-05,20.406999588012695,20.406999588012695,20.125,20.406999588012695,12.688436508178711,84000
1999-03-08,20.375,20.375,20.25,20.25,12.590819358825684,85200
1999-03-09,20.437999725341797,20.437999725341797,20.2189998626709,20.25,12.590819358825684,37200
1999-03-10,20.375,20.375,20.187999725341797,20.312999725341797,12.629992485046387,39200
1999-03-11,21.25,21.25,20.187999725341797,20.781999588012695,12.921606063842773,113600
1999-03-12,20.906999588012695,20.906999588012695,20.7189998626709,20.7189998626709,12.882429122924805,16200
1999-03-15,21.0,21.0,20.5939998626709,21.0,13.057148933410645,61000
1999-03-16,21.0,21.0,20.75,20.781999588012695,12.921606063842773,69600
1999-03-17,20.75,20.75,20.4689998626709,20.5,12.74626350402832,97400
1999-03-18,20.5939998626709,20.5939998626709,20.437999725341797,20.5,12.74626350402832,72400
1999-03-19,20.437999725341797,20.437999725341797,20.156999588012695,20.2189998626709,12.57154655456543,24200
1999-03-22,20.187999725341797,20.187999725341797,19.75,19.75,12.279940605163574,142400
1999-03-23,19.75,19.75,19.25,19.25,11.96905517578125,135600
1999-03-24,19.562999725341797,19.562999725341797,19.156999588012695,19.5,12.124495506286621,65800
1999-03-25,20.25,20.25,19.687999725341797,20.062999725341797,12.474549293518066,73200
1999-03-26,20.0,20.0,19.937999725341797,19.937999725341797,12.396828651428223,92600
1999-03-29,20.3439998626709,20.3439998626709,20.0,20.3439998626709,12.649271965026855,95200
1999-03-30,21.156999588012695,21.156999588012695,20.187999725341797,20.937999725341797,13.039021492004395,58600
1999-03-31,21.062999725341797,21.062999725341797,20.812999725341797,21.0,13.077634811401367,48400
1999-04-01,21.0,21.0,20.312999725341797,20.312999725341797,12.669057846069336,31000
1999-04-05,20.437999725341797,20.437999725341797,20.2189998626709,20.2189998626709,12.610430717468262,21200
1999-04-06,20.375,20.375,20.156999588012695,20.2189998626709,12.610430717468262,35400
1999-04-07,20.25,20.25,19.937999725341797,19.937999725341797,12.43517017364502,21800
1999-04-08,20.062999725341797,20.062999725341797,19.937999725341797,20.0,12.473841667175293,25800
1999-04-09,19.9689998626709,19.9689998626709,19.4689998626709,19.531999588012695,12.181957244873047,111600
1999-04-12,19.8439998626709,19.8439998626709,19.25,19.25,12.006073951721191,110400
1999-04-13,19.9689998626709,19.9689998626709,19.5939998626709,19.9689998626709,12.454505920410156,35200
1999-04-14,20.031999588012695,20.031999588012695,19.875,20.0,12.473841667175293,87600
1999-04-15,19.9689998626709,19.9689998626709,19.4689998626709,19.4689998626709,12.142663955688477,13800
1999-04-16,19.4689998626709,19.4689998626709,19.25,19.25,12.006073951721191,82600
1999-04-19,19.437999725341797,19.437999725341797,19.0,19.25,12.006073951721191,87000
1999-04-20,19.5939998626709,19.5939998626709,19.2189998626709,19.5939998626709,12.220627784729004,28000
1999-04-21,20.25,20.25,19.687999725341797,20.156999588012695,12.571765899658203,185400
1999-04-22,20.281999588012695,20.281999588012695,19.781999588012695,19.8439998626709,12.376548767089844,28600
1999-04-23,19.9689998626709,19.9689998626709,19.75,19.9689998626709,12.454505920410156,9000
1999-04-26,20.375,20.375,19.9689998626709,20.3439998626709,12.688396453857422,49400
1999-04-27,20.625,20.625,20.312999725341797,20.5939998626709,12.844316482543945,53600
1999-04-28,20.75,20.75,20.422000885009766,20.687999725341797,12.90294075012207,31800
1999-04-29,20.937999725341797,20.937999725341797,20.406999588012695,20.406999588012695,12.727683067321777,55000
1999-04-30,20.406999588012695,20.406999588012695,19.9689998626709,20.2189998626709,12.610430717468262,21600
1999-05-03,20.812999725341797,20.812999725341797,20.062999725341797,20.5,12.785693168640137,46600
1999-05-04,20.875,20.875,20.437999725341797,20.437999725341797,12.747024536132812,41800
1999-05-05,20.5,20.5,20.156999588012695,20.3439998626709,12.688396453857422,22600
1999-05-06,20.5939998626709,20.5939998626709,20.0,20.5939998626709,12.844316482543945,24400
1999-05-07,20.5,20.5,20.25,20.406999588012695,12.727683067321777,14400
1999-05-10,21.312999725341797,21.312999725341797,20.406999588012695,21.312999725341797,13.292757034301758,31400
1999-05-11,21.9689998626709,21.9689998626709,21.312999725341797,21.9689998626709,13.70189094543457,37800
1999-05-12,22.031999588012695,22.031999588012695,21.687999725341797,22.0,13.721223831176758,13600
1999-05-13,21.9689998626709,21.9689998626709,21.562999725341797,21.8439998626709,13.623929977416992,9600
1999-05-14,22.0,22.0,21.7189998626709,21.7189998626709,13.54596996307373,13400
1999-05-17,21.656999588012695,21.656999588012695,20.687999725341797,20.75,12.941610336303711,27400
1999-05-18,21.031999588012695,21.031999588012695,20.625,20.937999725341797,13.058858871459961,10000
1999-05-19,21.437999725341797,21.437999725341797,21.0,21.406999588012695,13.351374626159668,28800
1999-05-20,22.156999588012695,22.156999588012695,21.3439998626709,21.875,13.643267631530762,31000
1999-05-21,22.187999725341797,22.187999725341797,21.656999588012695,22.031999588012695,13.74118423461914,40400
1999-05-24,22.062999725341797,22.062999725341797,21.875,21.937999725341797,13.682562828063965,9200
1999-05-25,22.062999725341797,22.062999725341797,21.687999725341797,21.906999588012695,13.663225173950195,12000
1999-05-26,21.9689998626709,21.9689998626709,21.812999725341797,21.812999725341797,13.604597091674805,6000
1999-05-27,21.937999725341797,21.937999725341797,21.75,21.812999725341797,13.604597091674805,11800
1999-05-28,22.125,22.125,21.5939998626709,21.5939998626709,13.46801471710205,35800
1999-06-01,21.625,21.937999725341797,21.5,21.937999725341797,13.682562828063965,50200
1999-06-02,22.0,22.25,21.187999725341797,21.687999725341797,13.526628494262695,72000
1999-06-03,21.9375,21.937999725341797,21.562999725341797,21.562999725341797,13.448673248291016,22700
1999-06-04,21.375,21.937999725341797,21.375,21.937999725341797,13.682562828063965,27600
1999-06-07,22.1875,23.125,22.0,22.75,14.188990592956543,133300
1999-06-08,23.0,23.0,21.75,21.75,13.565305709838867,24800
1999-06-09,21.9375,21.937999725341797,21.75,21.812999725341797,13.604597091674805,9000
1999-06-10,21.8125,21.812999725341797,21.375,21.812999725341797,13.604597091674805,6400
1999-06-11,21.5625,21.687999725341797,20.625,20.812999725341797,12.980902671813965,24800
1999-06-14,20.8125,20.812999725341797,19.562999725341797,19.562999725341797,12.201286315917969,30600
1999-06-15,19.625,19.687999725341797,18.0,18.937999725341797,11.811482429504395,78400
1999-06-16,18.8125,20.0,18.5,19.937999725341797,12.43517017364502,60000
1999-06-17,19.6875,20.125,19.562999725341797,20.125,12.55180835723877,35200
1999-06-18,21.625,21.625,20.875,20.875,13.019571304321289,62600
1999-06-21,21.125,21.5,20.875,21.0,13.097532272338867,20400
1999-06-22,21.562999725341797,21.562999725341797,20.937999725341797,21.5,13.409378051757812,5700
1999-06-23,22.0,22.0,20.312999725341797,20.562999725341797,12.824979782104492,31300
1999-06-24,20.5625,20.562999725341797,19.437999725341797,19.562999725341797,12.201286315917969,26000
1999-06-25,19.6875,19.937999725341797,19.375,19.687999725341797,12.279251098632812,23100
1999-06-28,20.0625,20.312999725341797,19.75,20.062999725341797,12.513130187988281,28800
1999-06-29,20.0625,20.062999725341797,19.937999725341797,19.937999725341797,12.43517017364502,46500
1999-06-30,20.0,20.125,17.625,17.625,10.992571830749512,312300
1999-07-01,18.125,18.437999725341797,17.687999725341797,17.75,11.070536613464355,203000
1999-07-02,18.125,18.187999725341797,17.812999725341797,17.937999725341797,11.187787055969238,58400
1999-07-06,17.9375,18.5,17.812999725341797,18.5,11.561248779296875,74800
1999-07-07,18.875,20.5,18.875,19.25,12.029953002929688,211500
1999-07-08,19.25,19.375,18.937999725341797,19.125,11.951834678649902,72700
1999-07-09,19.0,19.187999725341797,18.875,19.125,11.951834678649902,7300
1999-07-12,20.125,20.125,19.687999725341797,19.812999725341797,12.381782531738281,22900
1999-07-13,19.9375,19.937999725341797,19.125,19.312999725341797,12.069314002990723,28300
1999-07-14,19.3125,19.312999725341797,18.312999725341797,18.312999725341797,11.44438648223877,24000
1999-07-15,18.4375,18.5,18.187999725341797,18.25,11.405014038085938,34700
1999-07-16,18.1875,18.812999725341797,18.125,18.812999725341797,11.756852149963379,147000
1999-07-19,18.8125,19.062999725341797,18.25,18.25,11.405014038085938,38200
1999-07-20,18.125,18.25,17.0,18.187999725341797,11.366265296936035,49900
1999-07-21,18.25,18.875,18.0,18.312999725341797,11.44438648223877,14600
1999-07-22,18.375,18.375,17.75,17.875,11.170669555664062,13300
1999-07-23,17.8125,17.937999725341797,17.5,17.625,11.014431953430176,20000
1999-07-26,17.5,17.562999725341797,17.312999725341797,17.312999725341797,10.819456100463867,59300
1999-07-27,17.375,17.437999725341797,17.25,17.25,10.780092239379883,35500
1999-07-28,17.3125,17.312999725341797,17.0,17.062999725341797,10.66321849822998,310500
1999-07-29,17.0,17.125,16.75,16.937999725341797,10.585101127624512,76500
1999-07-30,16.875,17.0,16.75,16.875,10.545732498168945,50000
1999-08-02,16.9375,17.0,16.687999725341797,16.812999725341797,10.506985664367676,40600
1999-08-03,16.9375,17.0,16.625,16.937999725341797,10.585101127624512,133700
1999-08-04,17.0625,17.25,17.0,17.0,10.62385082244873,105100
1999-08-05,16.875,16.875,16.5,16.562999725341797,10.350749969482422,46300
1999-08-06,16.5,16.875,16.375,16.75,10.467618942260742,46300
1999-08-09,16.75,17.062999725341797,16.75,17.0,10.62385082244873,61200
1999-08-10,17.125,17.125,16.937999725341797,17.125,10.701971054077148,35100
1999-08-11,17.125,17.187999725341797,17.062999725341797,17.125,10.701971054077148,13100
1999-08-12,17.812999725341797,17.812999725341797,17.062999725341797,17.812999725341797,11.13192081451416,35500
1999-08-13,17.875,18.562999725341797,17.875,18.312999725341797,11.44438648223877,98700
1999-08-16,18.25,18.5,18.125,18.312999725341797,11.44438648223877,28200
1999-08-17,18.25,18.5,18.187999725341797,18.5,11.561248779296875,37500
1999-08-18,18.375,18.437999725341797,18.062999725341797,18.125,11.326900482177734,16600
1999-08-19,18.0625,18.187999725341797,17.812999725341797,18.0,11.248779296875,16300
1999-08-20,17.875,17.875,17.437999725341797,17.562999725341797,10.975688934326172,23400
1999-08-23,17.5,18.0,17.5,18.0,11.248779296875,26400
1999-08-24,17.9375,18.0,17.375,17.375,10.858202934265137,29100
1999-08-25,17.75,17.75,17.625,17.625,11.014431953430176,5600
1999-08-26,17.5,17.5,17.125,17.375,10.858202934265137,96700
1999-08-27,17.5,17.5,17.125,17.25,10.780092239379883,59000
1999-08-30,17.25,17.25,16.812999725341797,16.812999725341797,10.506985664367676,24200
1999-08-31,16.8125,16.812999725341797,16.25,16.25,10.15515422821045,90200
1999-09-01,16.375,16.562999725341797,16.375,16.437999725341797,10.272638320922852,12500
1999-09-02,16.375,16.562999725341797,16.25,16.5,10.311387062072754,55800
1999-09-03,16.5625,16.625,16.375,16.437999725341797,10.272638320922852,18400
1999-09-07,16.5625,16.562999725341797,15.75,15.75,9.84268569946289,105900
1999-09-08,15.875,16.0,15.75,15.875,9.920804023742676,93300
1999-09-09,16.6560001373291,16.6560001373291,15.937999725341797,16.375,10.233267784118652,71300
1999-09-10,16.5,16.812999725341797,16.312999725341797,16.812999725341797,10.506985664367676,14800
1999-09-13,16.9375,17.0,16.625,17.0,10.62385082244873,58900
1999-09-14,17.0,17.125,17.0,17.125,10.701971054077148,74800
1999-09-15,17.1875,17.437999725341797,17.125,17.25,10.780092239379883,22700
1999-09-16,17.25,17.5,17.25,17.437999725341797,10.897568702697754,40200
1999-09-17,17.75,17.75,17.312999725341797,17.687999725341797,11.053805351257324,51200
1999-09-20,17.625,17.625,17.312999725341797,17.312999725341797,10.819456100463867,59600
1999-09-21,17.25,17.25,16.375,16.437999725341797,10.272638320922852,50000
1999-09-22,16.5,16.5,15.75,15.875,9.920804023742676,46900
1999-09-23,16.312999725341797,16.312999725341797,15.937999725341797,16.187999725341797,10.116403579711914,24200
1999-09-24,16.125,16.187999725341797,16.062999725341797,16.125,10.077033042907715,16100
1999-09-27,16.375,16.375,16.187999725341797,16.375,10.233267784118652,13000
1999-09-28,16.5625,16.562999725341797,16.062999725341797,16.375,10.233267784118652,34400
1999-09-29,16.1875,16.312999725341797,16.062999725341797,16.187999725341797,10.138446807861328,51600
1999-09-30,16.25,16.25,15.687999725341797,15.687999725341797,9.825299263000488,129400
1999-10-01,16.312999725341797,16.312999725341797,15.687999725341797,16.187999725341797,10.138446807861328,41600
1999-10-04,16.0,16.437999725341797,15.937999725341797,16.437999725341797,10.295022010803223,48800
1999-10-05,16.625,16.625,16.062999725341797,16.625,10.412138938903809,81700
1999-10-06,16.625,17.125,16.625,16.625,10.412138938903809,79500
1999-10-07,16.625,16.687999725341797,16.562999725341797,16.625,10.412138938903809,39700
1999-10-08,16.4375,16.562999725341797,16.312999725341797,16.562999725341797,10.373302459716797,26800
1999-10-11,16.5625,16.812999725341797,16.312999725341797,16.687999725341797,10.451594352722168,53000
1999-10-12,16.812999725341797,16.812999725341797,16.687999725341797,16.812999725341797,10.529881477355957,67400
1999-10-13,17.0,17.125,16.812999725341797,16.812999725341797,10.529881477355957,31000
1999-10-14,17.0,17.062999725341797,16.875,16.937999725341797,10.608168601989746,35400
1999-10-15,16.875,16.875,16.5,16.625,10.412138938903809,7600
1999-10-18,16.625,16.625,16.375,16.375,10.255561828613281,33900
1999-10-19,16.5,16.75,16.5,16.75,10.490422248840332,28200
1999-10-20,16.875,17.0,16.75,17.0,10.64699935913086,54700
1999-10-21,16.9375,17.062999725341797,16.75,17.0,10.64699935913086,130000
1999-10-22,17.0,17.125,16.875,16.937999725341797,10.608168601989746,17800
1999-10-25,16.9375,16.937999725341797,16.625,16.687999725341797,10.451594352722168,91300
1999-10-26,17.0,17.0,16.812999725341797,16.937999725341797,10.608168601989746,29100
1999-10-27,17.0,17.0,16.812999725341797,16.937999725341797,10.608168601989746,39300
1999-10-28,17.0,17.0,16.937999725341797,16.937999725341797,10.608168601989746,19200
1999-10-29,16.9375,17.0,16.875,16.875,10.56871509552002,21300
1999-11-01,16.9375,16.937999725341797,16.687999725341797,16.75,10.490422248840332,31900
1999-11-02,16.6875,16.937999725341797,16.625,16.687999725341797,10.451594352722168,26300
1999-11-03,16.5625,16.562999725341797,16.062999725341797,16.125,10.098986625671387,28100
1999-11-04,16.562999725341797,16.562999725341797,16.187999725341797,16.437999725341797,10.295022010803223,18300
1999-11-05,16.375,16.75,16.375,16.5,10.33385181427002,45400
1999-11-08,16.375,17.0,16.375,16.875,10.56871509552002,48300
1999-11-09,16.875,17.125,16.875,16.875,10.56871509552002,53000
1999-11-10,16.5,17.0,16.5,17.0,10.64699935913086,27900
1999-11-11,16.9375,16.937999725341797,16.875,16.937999725341797,10.608168601989746,9500
1999-11-12,16.9375,16.937999725341797,16.875,16.875,10.56871509552002,2000
1999-11-15,16.875,16.937999725341797,16.812999725341797,16.937999725341797,10.608168601989746,7100
1999-11-16,16.875,17.0,16.875,16.937999725341797,10.608168601989746,45600
1999-11-17,17.0,17.0,16.937999725341797,16.937999725341797,10.608168601989746,71600
1999-11-18,16.9375,17.0,16.812999725341797,17.0,10.64699935913086,25900
1999-11-19,16.875,17.0,16.875,16.875,10.56871509552002,15200
1999-11-22,16.875,16.937999725341797,16.75,16.75,10.490422248840332,30600
1999-11-23,16.875,17.125,16.5,16.5,10.33385181427002,141600
1999-11-24,16.4375,16.437999725341797,15.937999725341797,15.937999725341797,9.981876373291016,38500
1999-11-26,15.875,15.937999725341797,15.687999725341797,15.687999725341797,9.825299263000488,11200
1999-11-29,15.875,15.875,15.0,15.062999725341797,9.433868408203125,90400
1999-11-30,15.0625,15.5,14.937999725341797,15.125,9.472694396972656,146300
1999-12-01,15.1875,16.0,15.062999725341797,15.937999725341797,9.981876373291016,182400
1999-12-02,16.0,17.562999725341797,16.0,17.312999725341797,10.843029975891113,66500
1999-12-03,18.5,18.5,17.312999725341797,18.5,11.586437225341797,131300
1999-12-06,18.375,18.437999725341797,18.125,18.25,11.429862976074219,91500
1999-12-07,18.25,18.375,18.125,18.375,11.508155822753906,30700
1999-12-08,18.3125,18.312999725341797,17.5,17.75,11.116716384887695,17200
1999-12-09,17.6875,17.75,17.5,17.75,11.116716384887695,21800
1999-12-10,17.75,17.75,17.0,17.0,10.64699935913086,105800
1999-12-13,17.125,17.125,16.5,16.625,10.412138938903809,62200
1999-12-14,16.6875,16.75,16.375,16.375,10.255561828613281,18500
1999-12-15,16.375,16.375,15.75,16.187999725341797,10.138446807861328,37300
1999-12-16,16.125,16.812999725341797,16.125,16.75,10.490422248840332,21600
1999-12-17,17.0,17.437999725341797,16.937999725341797,17.062999725341797,10.686450958251953,45600
1999-12-20,17.1875,17.375,17.125,17.187999725341797,10.764741897583008,29400
1999-12-21,17.0625,17.25,17.0,17.125,10.747546195983887,41500
1999-12-22,17.0625,17.25,16.875,17.125,10.747546195983887,24600
1999-12-23,17.562999725341797,17.562999725341797,17.5,17.562999725341797,11.022430419921875,6300
1999-12-27,18.25,18.25,17.5,18.062999725341797,11.336231231689453,33600
1999-12-28,18.1875,18.375,17.375,17.687999725341797,11.100884437561035,69800
1999-12-29,17.625,17.687999725341797,17.625,17.625,11.06134033203125,3600
1999-12-30,17.5,17.5,17.25,17.312999725341797,10.865532875061035,14400
1999-12-31,17.3125,17.312999725341797,16.75,16.75,10.512197494506836,324800
2000-01-03,16.75,17.125,16.75,16.875,10.590649604797363,45100
2000-01-04,16.75,16.937999725341797,16.5,16.5,10.355299949645996,55500
2000-01-05,16.5,16.812999725341797,16.5,16.812999725341797,10.551735877990723,37400
2000-01-06,16.8125,17.437999725341797,16.75,17.437999725341797,10.94398021697998,31100
2000-01-07,17.3125,17.437999725341797,17.187999725341797,17.375,10.904438972473145,31200
2000-01-10,17.3125,17.312999725341797,16.625,16.937999725341797,10.630186080932617,34500
2000-01-11,16.875,16.875,16.437999725341797,16.687999725341797,10.473286628723145,54500
2000-01-12,16.8125,16.875,16.625,16.687999725341797,10.473286628723145,39300
2000-01-13,16.5625,16.812999725341797,16.437999725341797,16.437999725341797,10.316389083862305,19200
2000-01-14,16.3125,16.312999725341797,15.562999725341797,15.562999725341797,9.767244338989258,16700
2000-01-18,15.5,16.0,15.375,15.75,9.88460636138916,67200
2000-01-19,16.937999725341797,16.937999725341797,15.812999725341797,16.75,10.512197494506836,59200
2000-01-20,16.0,16.812999725341797,16.0,16.0,10.041502952575684,81500
2000-01-21,16.0,16.062999725341797,15.75,15.937999725341797,10.002593040466309,34000
2000-01-24,15.75,15.875,15.437999725341797,15.625,9.806154251098633,90000
2000-01-25,15.5625,15.562999725341797,14.75,14.937999725341797,9.374994277954102,167700
2000-01-26,15.0,15.0,14.687999725341797,14.875,9.335458755493164,1468900
2000-01-27,14.9375,15.0,14.875,15.0,9.413909912109375,20000
2000-01-28,14.9375,15.0,14.875,15.0,9.413909912109375,62500
2000-01-31,15.0625,15.062999725341797,14.937999725341797,15.0,9.413909912109375,26700
2000-02-01,14.875,15.0,14.812999725341797,14.937999725341797,9.374994277954102,40000
2000-02-02,14.9375,14.937999725341797,14.75,14.937999725341797,9.374994277954102,17500
2000-02-03,14.9375,15.0,14.75,14.75,9.257010459899902,26500
2000-02-04,14.75,14.937999725341797,14.562999725341797,14.812999725341797,9.296546936035156,66200
2000-02-07,15.0,15.0,14.875,15.0,9.413909912109375,162900
2000-02-08,15.0,15.0,14.75,14.875,9.335458755493164,47600
2000-02-09,14.9375,14.937999725341797,14.75,14.812999725341797,9.296546936035156,8700
2000-02-10,14.75,14.75,14.5,14.5,9.100109100341797,32300
2000-02-11,14.75,14.75,14.5,14.5,9.100109100341797,93600
2000-02-14,14.75,14.75,14.562999725341797,14.562999725341797,9.139650344848633,231100
2000-02-15,14.625,14.625,14.5,14.5,9.100109100341797,20300
2000-02-16,14.812999725341797,14.812999725341797,14.562999725341797,14.75,9.257010459899902,33800
2000-02-17,14.75,14.75,14.687999725341797,14.75,9.257010459899902,95900
2000-02-18,14.6875,14.687999725341797,14.25,14.25,8.943214416503906,29700
2000-02-22,14.1875,14.187999725341797,13.937999725341797,13.937999725341797,8.747403144836426,13700
2000-02-23,14.0,14.062999725341797,13.937999725341797,14.0,8.786314964294434,12600
2000-02-24,14.0,14.187999725341797,14.0,14.125,8.864765167236328,54500
2000-02-25,14.25,14.25,14.125,14.187999725341797,8.904300689697266,31400
2000-02-28,14.1875,14.437999725341797,14.125,14.375,9.021660804748535,22900
2000-02-29,14.25,14.312999725341797,14.187999725341797,14.25,8.943214416503906,19000
2000-03-01,14.1875,14.375,14.125,14.312999725341797,8.98275089263916,35900
2000-03-02,14.25,14.687999725341797,14.25,14.562999725341797,9.139650344848633,318200
2000-03-03,15.0,15.0,14.375,14.75,9.257010459899902,77000
2000-03-06,14.375,14.75,14.312999725341797,14.437999725341797,9.061203002929688,44200
2000-03-07,14.4375,14.5,14.25,14.25,8.943214416503906,19400
2000-03-08,14.375,14.375,14.187999725341797,14.375,9.021660804748535,30200
2000-03-09,14.3125,14.437999725341797,13.875,13.875,8.707864761352539,160700
2000-03-10,14.0625,14.375,13.75,14.375,9.021660804748535,47200
2000-03-13,13.875,14.125,13.875,14.125,8.864765167236328,30400
2000-03-14,14.25,14.75,14.25,14.687999725341797,9.218097686767578,66100
2000-03-15,15.125,15.125,14.812999725341797,15.125,9.492354393005371,116200
2000-03-16,15.0,15.437999725341797,15.0,15.437999725341797,9.688796997070312,107100
2000-03-17,15.375,15.562999725341797,15.375,15.5,9.727704048156738,21000
2000-03-20,15.625,16.25,15.625,16.187999725341797,10.159489631652832,72000
2000-03-21,16.5,17.0,16.5,16.937999725341797,10.630186080932617,51700
2000-03-22,16.875,16.937999725341797,16.75,16.75,10.512197494506836,12300
2000-03-23,17.125,17.125,16.812999725341797,17.0,10.669097900390625,21200
2000-03-24,17.125,17.125,17.0,17.125,10.747546195983887,13200
2000-03-27,17.375,17.375,17.125,17.25,10.825997352600098,46500
2000-03-28,17.375,17.375,17.25,17.375,10.904438972473145,99600
2000-03-29,17.375,17.375,16.25,16.25,10.198403358459473,71900
2000-03-30,16.375,16.375,16.062999725341797,16.312999725341797,10.260420799255371,197600
2000-03-31,16.1875,18.0,16.125,18.0,11.321486473083496,131100
2000-04-03,17.875,17.875,17.062999725341797,17.125,10.771146774291992,42300
2000-04-04,17.125,17.187999725341797,16.187999725341797,16.5,10.378034591674805,17500
2000-04-05,16.5,16.625,16.375,16.562999725341797,10.417657852172852,23700
2000-04-06,16.937999725341797,16.937999725341797,16.562999725341797,16.937999725341797,10.653525352478027,15300
2000-04-07,16.75,16.937999725341797,16.75,16.812999725341797,10.574899673461914,5600
2000-04-10,16.75,16.937999725341797,16.75,16.75,10.5352783203125,53800
2000-04-11,16.75,16.812999725341797,16.75,16.75,10.5352783203125,7300
2000-04-12,16.75,16.875,16.75,16.812999725341797,10.574899673461914,40300
2000-04-13,16.75,16.812999725341797,16.75,16.75,10.5352783203125,23900
2000-04-14,16.75,16.75,15.937999725341797,16.125,10.142169952392578,60100
2000-04-17,16.0625,16.25,15.875,16.187999725341797,10.18179702758789,16300
2000-04-18,16.125,16.125,15.625,16.125,10.142169952392578,236200
2000-04-19,16.5,16.5,16.187999725341797,16.375,10.299416542053223,87800
2000-04-20,16.4375,16.687999725341797,16.25,16.625,10.456655502319336,323800
2000-04-24,16.625,16.625,16.375,16.625,10.456655502319336,20000
2000-04-25,16.6875,17.0,16.625,16.875,10.613900184631348,56700
2000-04-26,16.9375,17.25,16.812999725341797,17.25,10.849767684936523,68100
2000-04-27,17.125,17.187999725341797,17.125,17.125,10.771146774291992,1200
2000-04-28,17.125,17.437999725341797,17.125,17.25,10.849767684936523,25400
2000-05-01,17.25,17.625,17.25,17.562999725341797,11.046631813049316,16700
2000-05-02,17.6875,17.75,17.5,17.625,11.085627555847168,36100
2000-05-03,17.6875,17.687999725341797,17.5,17.625,11.085627555847168,15000
2000-05-04,17.625,17.75,17.562999725341797,17.687999725341797,11.125251770019531,45900
2000-05-05,17.625,17.75,17.625,17.75,11.164247512817383,47600
2000-05-08,17.937999725341797,17.937999725341797,17.687999725341797,17.937999725341797,11.28249454498291,95900
2000-05-09,18.187999725341797,18.187999725341797,17.875,18.187999725341797,11.439735412597656,12900
2000-05-10,17.9375,18.0,17.875,18.0,11.321486473083496,13000
2000-05-11,18.0625,18.125,17.937999725341797,18.125,11.400114059448242,23900
2000-05-12,18.0625,18.25,18.0,18.25,11.47873592376709,18400
2000-05-15,18.1875,18.875,18.0,18.875,11.87183952331543,51300
2000-05-16,18.8125,18.937999725341797,18.75,18.875,11.87183952331543,36100
2000-05-17,18.875,19.125,18.875,19.062999725341797,11.99008846282959,59900
2000-05-18,19.0,19.062999725341797,19.0,19.0,11.950464248657227,44400
2000-05-19,19.0,19.0,18.812999725341797,18.937999725341797,11.911465644836426,74900
2000-05-22,19.0,19.0,18.75,18.875,11.87183952331543,37600
2000-05-23,19.0,19.0,18.75,18.812999725341797,11.832845687866211,1700100
2000-05-24,19.062999725341797,19.062999725341797,18.812999725341797,19.0,11.950464248657227,96800
2000-05-25,18.8125,18.937999725341797,18.625,18.75,11.793217658996582,32800
2000-05-26,18.625,18.687999725341797,18.0,18.187999725341797,11.439735412597656,124800
2000-05-30,18.1875,18.562999725341797,18.062999725341797,18.562999725341797,11.675603866577148,23900
2000-05-31,18.4375,18.437999725341797,17.812999725341797,17.812999725341797,11.203875541687012,19900
2000-06-01,18.4375,19.25,17.687999725341797,19.187999725341797,12.068706512451172,85000
2000-06-02,21.125,21.125,19.187999725341797,20.75,13.051166534423828,46300
2000-06-05,21.187999725341797,21.187999725341797,20.812999725341797,21.062999725341797,13.248029708862305,41000
2000-06-06,20.375,21.187999725341797,20.375,20.375,12.81530475616455,15000
2000-06-07,20.5,20.937999725341797,20.312999725341797,20.937999725341797,13.169408798217773,23200
2000-06-08,20.875,21.125,20.75,21.125,13.287023544311523,37100
2000-06-09,21.0625,21.125,20.937999725341797,21.125,13.287023544311523,16100
2000-06-12,21.312999725341797,21.312999725341797,21.062999725341797,21.25,13.365645408630371,33600
2000-06-13,21.25,21.5,21.25,21.5,13.522895812988281,56100
2000-06-14,21.5,22.187999725341797,21.5,22.187999725341797,13.955626487731934,108300
2000-06-15,22.1875,22.812999725341797,22.062999725341797,22.625,14.230490684509277,80000
2000-06-16,22.625,23.812999725341797,22.625,23.75,14.938078880310059,158900
2000-06-19,23.875,24.812999725341797,23.875,24.625,15.488428115844727,265100
2000-06-20,24.875,24.875,24.437999725341797,24.812999725341797,15.606671333312988,320600
2000-06-21,24.8125,24.937999725341797,23.437999725341797,23.812999725341797,14.977702140808105,252500
2000-06-22,23.6875,23.75,22.312999725341797,23.562999725341797,14.820460319519043,130500
2000-06-23,23.5,23.5,23.0,23.312999725341797,14.663220405578613,58700
2000-06-26,23.375,23.875,23.375,23.75,14.938078880310059,82000
2000-06-27,23.375,23.625,23.0,23.062999725341797,14.505980491638184,92300
2000-06-28,23.375,24.937999725341797,23.062999725341797,24.937999725341797,15.685300827026367,178200
2000-06-29,24.9375,26.0,24.562999725341797,25.687999725341797,16.157024383544922,358600
2000-06-30,25.875,26.0,22.5,22.5,14.151862144470215,407100
2000-07-03,23.0,23.562999725341797,23.0,23.437999725341797,14.741840362548828,45800
2000-07-05,23.0,23.687999725341797,22.812999725341797,23.687999725341797,14.924549102783203,89900
2000-07-06,23.0,23.625,22.75,23.25,14.648589134216309,64100
2000-07-07,23.25,23.812999725341797,23.062999725341797,23.812999725341797,15.003310203552246,27200
2000-07-10,23.875,24.125,23.562999725341797,23.875,15.04236888885498,50300
2000-07-11,23.875,23.875,23.0,23.187999725341797,14.609525680541992,63200
2000-07-12,23.1875,23.187999725341797,22.937999725341797,23.062999725341797,14.530776977539062,47500
2000-07-13,23.0625,23.062999725341797,22.937999725341797,23.0,14.491080284118652,33400
2000-07-14,23.0,23.0,22.187999725341797,22.375,14.09730339050293,86200
2000-07-17,22.5,22.5,22.25,22.5,14.17605209350586,45300
2000-07-18,22.437999725341797,22.437999725341797,22.187999725341797,22.187999725341797,13.979487419128418,9800
2000-07-19,22.125,22.125,21.875,21.875,13.782282829284668,10400
2000-07-20,21.75,21.875,21.5,21.687999725341797,13.664462089538574,35200
2000-07-21,21.75,21.75,21.562999725341797,21.562999725341797,13.58570384979248,27400
2000-07-24,21.562999725341797,21.562999725341797,21.0,21.0,13.230986595153809,15100
2000-07-25,20.875,20.875,20.0,20.312999725341797,12.798145294189453,59500
2000-07-26,20.25,21.312999725341797,20.25,21.312999725341797,13.428194999694824,49300
2000-07-27,21.25,21.25,21.0,21.0,13.230986595153809,8600
2000-07-28,21.0,21.062999725341797,20.875,21.062999725341797,13.270676612854004,24400
2000-07-31,21.0625,21.875,21.0,21.875,13.782282829284668,20800
2000-08-01,21.9375,22.312999725341797,21.875,22.25,14.018550872802734,33300
2000-08-02,22.1875,22.187999725341797,21.625,22.062999725341797,13.900720596313477,34100
2000-08-03,22.0,22.312999725341797,22.0,22.312999725341797,14.058231353759766,34200
2000-08-04,22.25,22.4060001373291,22.0,22.0,13.861031532287598,27600
2000-08-07,21.875,22.5,21.812999725341797,22.5,14.17605209350586,21100
2000-08-08,23.375,23.375,22.437999725341797,23.25,14.648589134216309,48500
2000-08-09,23.125,23.187999725341797,22.75,22.812999725341797,14.373262405395508,15000
2000-08-10,22.875,22.937999725341797,22.75,22.75,14.333573341369629,18400
2000-08-11,22.75,22.75,22.25,22.312999725341797,14.058231353759766,70000
2000-08-14,22.3125,22.437999725341797,22.0,22.437999725341797,14.137001037597656,16000
2000-08-15,22.375,22.375,22.125,22.312999725341797,14.058231353759766,9800
2000-08-16,22.4375,22.562999725341797,22.312999725341797,22.437999725341797,14.137001037597656,16200
2000-08-17,22.4375,22.437999725341797,22.312999725341797,22.375,14.09730339050293,43400
2000-08-18,22.3125,22.375,22.25,22.312999725341797,14.058231353759766,2600
2000-08-21,22.3125,22.312999725341797,22.187999725341797,22.312999725341797,14.058231353759766,3800
2000-08-22,22.25,22.25,22.125,22.187999725341797,13.979487419128418,1000
2000-08-23,22.1875,22.187999725341797,21.5,21.625,13.624768257141113,21400
2000-08-24,21.5625,21.625,21.5,21.562999725341797,13.58570384979248,4200
2000-08-25,21.5625,21.562999725341797,21.187999725341797,21.25,13.388498306274414,22700
2000-08-28,21.25,21.25,20.937999725341797,20.937999725341797,13.191923141479492,9500
2000-08-29,20.875,20.875,20.062999725341797,20.562999725341797,12.955656051635742,30200
2000-08-30,20.5625,20.562999725341797,20.312999725341797,20.375,12.837211608886719,14000
2000-08-31,20.375,20.375,19.875,19.875,12.52217960357666,19000
2000-09-01,20.0,20.0,19.562999725341797,20.0,12.60094165802002,25100
2000-09-05,20.0,20.0,19.812999725341797,20.0,12.60094165802002,24700
2000-09-06,20.0,20.125,19.75,20.062999725341797,12.640630722045898,91600
2000-09-07,20.125,20.812999725341797,20.125,20.75,13.073476791381836,39900
2000-09-08,20.625,21.375,20.625,21.312999725341797,13.428194999694824,49400
2000-09-11,21.3125,21.625,21.25,21.437999725341797,13.506948471069336,37700
2000-09-12,21.937999725341797,21.937999725341797,21.437999725341797,21.812999725341797,13.743216514587402,17300
2000-09-13,22.5,22.5,21.812999725341797,22.312999725341797,14.058231353759766,27100
2000-09-14,22.3125,22.625,22.25,22.437999725341797,14.137001037597656,25000
2000-09-15,22.125,22.5,22.125,22.5,14.17605209350586,84100
2000-09-18,22.375,22.5,21.875,22.0,13.861031532287598,73500
2000-09-19,21.875,21.937999725341797,21.75,21.875,13.782282829284668,14000
2000-09-20,21.875,22.0,21.875,22.0,13.861031532287598,23800
2000-09-21,22.0,22.0,21.5,21.75,13.703527450561523,29900
2000-09-22,22.562999725341797,22.562999725341797,21.687999725341797,22.562999725341797,14.215747833251953,92000
2000-09-25,23.312999725341797,23.312999725341797,22.562999725341797,22.875,14.412331581115723,168000
2000-09-26,22.875,22.875,22.187999725341797,22.437999725341797,14.137001037597656,38600
2000-09-27,22.375,22.937999725341797,22.375,22.937999725341797,14.452019691467285,9300
2000-09-28,23.125,23.437999725341797,23.062999725341797,23.25,14.648589134216309,37700
2000-09-29,23.1875,23.187999725341797,22.875,22.937999725341797,14.476929664611816,91000
2000-10-02,22.875,22.875,22.625,22.75,14.358275413513184,28800
2000-10-03,22.6875,22.875,22.562999725341797,22.562999725341797,14.240248680114746,25700
2000-10-04,22.687999725341797,22.687999725341797,22.562999725341797,22.625,14.27938175201416,9300
2000-10-05,22.5625,22.687999725341797,22.5,22.687999725341797,14.31913948059082,13500
2000-10-06,22.625,22.625,22.312999725341797,22.312999725341797,14.082459449768066,12500
2000-10-09,22.5,22.5,22.312999725341797,22.312999725341797,14.082459449768066,6900
2000-10-10,22.1875,22.25,21.312999725341797,21.312999725341797,13.451336860656738,21500
2000-10-11,21.5,21.5,21.312999725341797,21.437999725341797,13.53022575378418,14000
2000-10-12,21.4375,21.5,20.437999725341797,20.437999725341797,12.899092674255371,38300
2000-10-13,20.4375,20.625,20.187999725341797,20.625,13.017114639282227,25200
2000-10-16,20.5625,20.937999725341797,20.437999725341797,20.812999725341797,13.135767936706543,27200
2000-10-17,20.8125,20.937999725341797,20.312999725341797,20.625,13.017114639282227,24900
2000-10-18,20.625,20.75,20.5,20.75,13.096007347106934,11200
2000-10-19,20.8125,21.125,20.75,21.0,13.253787994384766,18300
2000-10-20,21.125,21.25,20.937999725341797,21.0,13.253787994384766,23500
2000-10-23,20.875,21.0,20.75,21.0,13.253787994384766,35900
2000-10-24,20.9375,20.937999725341797,20.75,20.875,13.174895286560059,31700
2000-10-25,20.875,20.937999725341797,20.812999725341797,20.937999725341797,13.214659690856934,30400
2000-10-26,20.6875,20.937999725341797,20.625,20.937999725341797,13.214659690856934,28000
2000-10-27,20.9375,21.75,20.875,21.625,13.648250579833984,36000
2000-10-30,21.5,21.5,20.0,20.25,12.780441284179688,53600
2000-10-31,20.25,20.687999725341797,20.25,20.437999725341797,12.899092674255371,28800
2000-11-01,21.0,21.0,20.437999725341797,20.937999725341797,13.214659690856934,27000
2000-11-02,20.875,21.375,20.75,21.375,13.490470886230469,38100
2000-11-03,21.25,21.25,20.562999725341797,21.0,13.253787994384766,25600
2000-11-06,20.9375,21.062999725341797,20.812999725341797,21.0,13.253787994384766,17300
2000-11-07,20.875,21.5,20.75,21.5,13.569357872009277,18500
2000-11-08,21.5625,21.562999725341797,21.062999725341797,21.062999725341797,13.293546676635742,4400
2000-11-09,21.0,21.0,20.0,20.375,12.859335899353027,60400
2000-11-10,20.5,20.625,20.375,20.437999725341797,12.899092674255371,12900
2000-11-13,20.4375,20.5,20.375,20.5,12.938225746154785,12100
2000-11-14,20.5,20.5,20.375,20.437999725341797,12.899092674255371,24900
2000-11-15,20.937999725341797,20.937999725341797,20.437999725341797,20.937999725341797,13.214659690856934,31900
2000-11-16,21.0,21.062999725341797,20.937999725341797,21.0,13.253787994384766,20300
2000-11-17,21.1875,21.437999725341797,20.875,21.25,13.41157054901123,29300
2000-11-20,21.25,21.25,20.875,21.0,13.253787994384766,16200
2000-11-21,21.0625,21.125,20.875,21.0,13.253787994384766,22200
2000-11-22,21.125,21.25,20.937999725341797,21.25,13.41157054901123,14500
2000-11-24,21.1875,21.437999725341797,21.125,21.437999725341797,13.53022575378418,7100
2000-11-27,21.4375,21.625,21.375,21.5,13.569357872009277,20600
2000-11-28,21.5,21.5,20.75,20.75,13.096007347106934,34500
2000-11-29,20.75,20.875,20.0,20.25,12.780441284179688,24400
2000-11-30,20.3125,20.312999725341797,19.875,20.0,12.62265682220459,29600
2000-12-01,19.9375,20.062999725341797,19.75,20.062999725341797,12.662415504455566,14800
2000-12-04,20.125,20.125,18.5,18.875,11.912626266479492,81400
2000-12-05,19.0,19.875,18.937999725341797,19.875,12.543761253356934,30100
2000-12-06,20.0,20.375,19.687999725341797,19.687999725341797,12.425738334655762,17900
2000-12-07,19.625,19.75,19.437999725341797,19.5,12.307089805603027,25800
2000-12-08,19.5,19.625,19.25,19.562999725341797,12.346850395202637,44200
2000-12-11,19.5,21.0,19.5,20.687999725341797,13.056876182556152,45300
2000-12-12,20.75,21.0,20.562999725341797,20.625,13.017114639282227,18800
2000-12-13,20.625,21.312999725341797,20.625,21.125,13.332674980163574,36100
2000-12-14,21.125,21.125,20.812999725341797,20.812999725341797,13.135767936706543,10200
2000-12-15,20.6875,21.25,20.25,21.125,13.332674980163574,54100
2000-12-18,21.125,21.5,21.062999725341797,21.187999725341797,13.37243938446045,21400
2000-12-19,21.1875,21.25,20.812999725341797,20.937999725341797,13.214659690856934,44800
2000-12-20,20.9375,20.937999725341797,19.5,19.75,12.48873233795166,54200
2000-12-21,19.875,20.562999725341797,19.875,20.562999725341797,13.002826690673828,15900
2000-12-22,20.5625,21.0,20.125,20.375,12.883955955505371,73800
2000-12-26,21.0,21.0,20.437999725341797,20.937999725341797,13.23995304107666,13300
2000-12-27,20.8125,21.062999725341797,20.5,21.062999725341797,13.318991661071777,28400
2000-12-28,21.0625,21.625,20.812999725341797,21.625,13.674370765686035,25400
2000-12-29,21.5,21.562999725341797,20.937999725341797,21.5,13.595329284667969,34800
2001-01-02,21.375,21.562999725341797,20.875,20.875,13.200112342834473,21900
2001-01-03,20.75,22.5,20.75,22.5,14.22767448425293,21600
2001-01-04,22.5,22.812999725341797,22.25,22.25,14.06958293914795,18700
2001-01-05,22.25,22.25,21.312999725341797,21.437999725341797,13.55612564086914,29200
2001-01-08,21.437999725341797,21.5,21.312999725341797,21.5,13.595329284667969,6000
2001-01-09,21.437999725341797,21.5,20.562999725341797,21.0,13.279153823852539,18100
2001-01-10,21.0,21.0,20.625,20.75,13.121065139770508,24400
2001-01-11,20.625,20.75,20.312999725341797,20.312999725341797,12.844740867614746,38000
2001-01-12,20.312999725341797,20.375,19.937999725341797,20.125,12.725859642028809,57100
2001-01-16,20.125,22.0,19.5,19.5,12.330649375915527,171900
2001-01-17,19.687999725341797,20.25,19.312999725341797,19.5,12.330649375915527,119600
2001-01-18,19.5,19.625,19.187999725341797,19.625,12.409692764282227,32700
2001-01-19,19.562999725341797,19.625,18.375,18.75,11.856389045715332,53600
2001-01-22,18.812999725341797,19.25,18.812999725341797,19.25,12.172566413879395,33900
2001-01-23,19.25,19.937999725341797,19.25,19.562999725341797,12.370482444763184,39700
2001-01-24,19.562999725341797,19.687999725341797,19.375,19.562999725341797,12.370482444763184,26600
2001-01-25,19.687999725341797,19.75,19.562999725341797,19.562999725341797,12.370482444763184,41000
2001-01-26,19.5,19.5,19.187999725341797,19.187999725341797,12.133358001708984,12300
2001-01-29,19.299999237060547,20.200000762939453,19.299999237060547,20.100000381469727,12.710052490234375,25900
2001-01-30,20.049999237060547,20.25,20.010000228881836,20.25,12.804906845092773,24200
2001-01-31,20.18000030517578,20.239999771118164,20.0,20.010000228881836,12.653138160705566,23100
2001-02-01,20.100000381469727,20.25,19.809999465942383,19.93000030517578,12.602555274963379,41500
2001-02-02,19.899999618530273,19.950000762939453,19.600000381469727,19.600000381469727,12.393878936767578,11700
2001-02-05,19.600000381469727,19.799999237060547,19.600000381469727,19.75,12.48873233795166,7200
2001-02-06,19.799999237060547,20.200000762939453,19.799999237060547,20.0,12.646815299987793,53500
2001-02-07,20.0,20.75,19.899999618530273,20.75,13.121065139770508,91900
2001-02-08,20.649999618530273,21.200000762939453,20.559999465942383,20.81999969482422,13.165334701538086,29500
2001-02-09,20.809999465942383,20.809999465942383,20.1299991607666,20.139999389648438,12.735342979431152,14200
2001-02-12,20.09000015258789,20.299999237060547,20.0,20.299999237060547,12.836522102355957,16100
2001-02-13,20.350000381469727,20.549999237060547,19.950000762939453,20.040000915527344,12.672114372253418,26000
2001-02-14,20.0,20.149999618530273,19.950000762939453,20.149999618530273,12.741673469543457,5600
2001-02-15,20.100000381469727,20.25,19.899999618530273,19.979999542236328,12.634174346923828,20700
2001-02-16,19.959999084472656,19.959999084472656,19.799999237060547,19.799999237060547,12.520349502563477,12300
2001-02-20,19.850000381469727,20.0,19.690000534057617,19.690000534057617,12.450790405273438,43200
2001-02-21,19.940000534057617,20.5,19.940000534057617,20.15999984741211,12.747990608215332,85400
2001-02-22,20.149999618530273,21.350000381469727,20.149999618530273,21.049999237060547,13.310771942138672,52500
2001-02-23,21.049999237060547,21.25,21.0,21.100000381469727,13.342390060424805,84300
2001-02-26,21.139999389648438,21.15999984741211,21.0,21.15999984741211,13.380338668823242,25400
2001-02-27,21.110000610351562,21.450000762939453,21.0,21.100000381469727,13.342390060424805,29500
2001-02-28,21.110000610351562,21.299999237060547,21.0,21.020000457763672,13.291805267333984,23700
2001-03-01,21.010000228881836,21.489999771118164,20.649999618530273,21.469999313354492,13.576359748840332,37000
2001-03-02,21.479999542236328,21.5,21.40999984741211,21.450000762939453,13.56371021270752,31200
2001-03-05,21.450000762939453,21.649999618530273,20.899999618530273,20.899999618530273,13.215921401977539,41900
2001-03-06,20.90999984741211,20.90999984741211,20.700000762939453,20.850000381469727,13.184309005737305,5200
2001-03-07,20.799999237060547,20.950000762939453,20.5,20.950000762939453,13.247547149658203,15600
2001-03-08,21.0,21.0,19.760000228881836,20.0,12.646815299987793,60100
2001-03-09,19.950000762939453,19.959999084472656,19.299999237060547,19.299999237060547,12.20417594909668,230400
2001-03-12,19.299999237060547,19.309999465942383,19.049999237060547,19.049999237060547,12.046091079711914,57100
2001-03-13,19.25,19.450000762939453,19.049999237060547,19.450000762939453,12.299030303955078,30400
2001-03-14,19.100000381469727,19.100000381469727,18.299999237060547,18.299999237060547,11.571843147277832,21800
2001-03-15,18.399999618530273,19.0,18.389999389648438,18.700000762939453,11.824772834777832,67100
2001-03-16,18.799999237060547,19.049999237060547,18.700000762939453,18.700000762939453,11.824772834777832,73200
2001-03-19,18.729999542236328,19.299999237060547,18.700000762939453,19.299999237060547,12.20417594909668,61800
2001-03-20,19.25,19.68000030517578,19.200000762939453,19.200000762939453,12.140948295593262,23300
2001-03-21,19.450000762939453,19.450000762939453,18.950000762939453,19.049999237060547,12.046091079711914,44300
2001-03-22,19.0,19.0,18.010000228881836,18.239999771118164,11.533889770507812,108400
2001-03-23,18.25,18.649999618530273,18.149999618530273,18.5,11.698308944702148,140700
2001-03-26,18.559999465942383,18.700000762939453,18.25,18.260000228881836,11.546544075012207,21800
2001-03-27,18.15999984741211,18.950000762939453,18.049999237060547,18.799999237060547,11.888009071350098,102700
2001-03-28,18.799999237060547,18.799999237060547,18.399999618530273,18.399999618530273,11.635071754455566,56400
2001-03-29,18.299999237060547,18.649999618530273,18.25,18.549999237060547,11.755474090576172,53000
2001-03-30,18.549999237060547,18.950000762939453,18.549999237060547,18.899999618530273,11.977278709411621,59000
2001-04-02,18.850000381469727,18.989999771118164,18.700000762939453,18.700000762939453,11.850536346435547,20600
2001-04-03,18.68000030517578,18.75,18.399999618530273,18.489999771118164,11.717452049255371,65100
2001-04-04,18.520000457763672,18.670000076293945,18.479999542236328,18.600000381469727,11.787162780761719,24000
2001-04-05,18.549999237060547,19.450000762939453,18.5,19.450000762939453,12.325826644897461,40800
2001-04-06,19.350000381469727,19.350000381469727,18.139999389648438,18.25,11.565363883972168,60700
2001-04-09,18.260000228881836,18.950000762939453,18.25,18.950000762939453,12.008967399597168,24100
2001-04-10,19.0,19.100000381469727,18.799999237060547,18.950000762939453,12.008967399597168,38900
2001-04-11,18.950000762939453,18.950000762939453,18.450000762939453,18.700000762939453,11.850536346435547,31900
2001-04-12,18.700000762939453,19.010000228881836,18.399999618530273,19.010000228881836,12.04699420928955,48500
2001-04-16,19.0,19.06999969482422,18.780000686645508,18.899999618530273,11.977278709411621,37600
2001-04-17,18.920000076293945,19.40999984741211,18.649999618530273,19.40999984741211,12.30047607421875,40100
2001-04-18,20.0,20.100000381469727,19.450000762939453,19.459999084472656,12.332170486450195,90600
2001-04-19,19.399999618530273,19.399999618530273,19.049999237060547,19.18000030517578,12.1547212600708,19600
2001-04-20,19.100000381469727,19.100000381469727,18.75,18.75,11.882221221923828,14800
2001-04-23,18.850000381469727,19.0,18.110000610351562,18.149999618530273,11.501989364624023,24400
2001-04-24,18.350000381469727,18.43000030517578,17.899999618530273,18.190000534057617,11.527341842651367,88200
2001-04-25,18.209999084472656,18.5,18.209999084472656,18.440000534057617,11.685770034790039,43900
2001-04-26,18.399999618530273,18.399999618530273,18.0,18.399999618530273,11.660419464111328,26400
2001-04-27,18.43000030517578,18.850000381469727,18.43000030517578,18.84000015258789,11.93925952911377,58700
2001-04-30,18.850000381469727,18.90999984741211,18.649999618530273,18.649999618530273,11.818852424621582,17800
2001-05-01,18.65999984741211,19.34000015258789,18.549999237060547,19.34000015258789,12.25611686706543,20600
2001-05-02,19.34000015258789,19.34000015258789,19.170000076293945,19.170000076293945,12.148384094238281,18800
2001-05-03,19.149999618530273,19.420000076293945,19.149999618530273,19.299999237060547,12.23076343536377,23100
2001-05-04,19.350000381469727,20.450000762939453,19.350000381469727,20.450000762939453,12.95954418182373,65000
2001-05-07,20.3799991607666,20.459999084472656,20.100000381469727,20.100000381469727,12.737740516662598,54900
2001-05-08,20.0,20.059999465942383,19.25,19.25,12.199085235595703,67800
2001-05-09,19.049999237060547,19.350000381469727,19.049999237060547,19.149999618530273,12.135709762573242,30000
2001-05-10,19.200000762939453,19.25,18.969999313354492,19.0,12.040654182434082,50100
2001-05-11,19.0,19.09000015258789,18.899999618530273,18.950000762939453,12.008967399597168,18400
2001-05-14,18.959999084472656,19.0,18.889999389648438,18.989999771118164,12.03431224822998,59600
2001-05-15,18.989999771118164,19.299999237060547,18.96500015258789,19.299999237060547,12.23076343536377,113900
2001-05-16,19.299999237060547,19.75,19.299999237060547,19.649999618530273,12.45256233215332,48000
2001-05-17,19.399999618530273,20.139999389648438,19.399999618530273,20.049999237060547,12.706059455871582,138400
2001-05-18,19.5,19.899999618530273,19.5,19.899999618530273,12.611004829406738,32400
2001-05-21,20.0,20.149999618530273,19.979999542236328,20.149999618530273,12.769436836242676,27700
2001-05-22,20.190000534057617,20.350000381469727,20.1200008392334,20.280000686645508,12.851815223693848,114400
2001-05-23,20.299999237060547,20.309999465942383,20.149999618530273,20.200000762939453,12.801117897033691,30600
2001-05-24,20.25,21.100000381469727,20.239999771118164,21.100000381469727,13.371460914611816,67400
2001-05-25,21.100000381469727,21.649999618530273,21.079999923706055,21.469999313354492,13.605937004089355,69200
2001-05-29,21.469999313354492,21.469999313354492,20.5,20.5,12.991228103637695,22800
2001-05-30,20.530000686645508,20.579999923706055,20.440000534057617,20.459999084472656,12.965883255004883,15200
2001-05-31,20.5,20.549999237060547,20.100000381469727,20.200000762939453,12.801117897033691,39200
2001-06-01,20.25,20.299999237060547,20.100000381469727,20.1200008392334,12.750420570373535,79700
2001-06-04,20.200000762939453,20.75,20.100000381469727,20.75,13.149651527404785,46200
2001-06-05,20.5,21.350000381469727,20.5,21.350000381469727,13.529887199401855,62600
2001-06-06,21.350000381469727,21.600000381469727,21.325000762939453,21.559999465942383,13.662970542907715,24200
2001-06-07,21.559999465942383,22.299999237060547,21.559999465942383,22.200000762939453,14.068551063537598,50500
2001-06-08,22.149999618530273,22.43000030517578,22.149999618530273,22.43000030517578,14.214306831359863,14400
2001-06-11,22.350000381469727,22.68000030517578,22.260000228881836,22.600000381469727,14.322041511535645,19900
2001-06-12,22.549999237060547,23.15999984741211,22.475000381469727,23.06999969482422,14.619892120361328,67300
2001-06-13,23.0,23.149999618530273,22.979999542236328,23.079999923706055,14.626216888427734,34000
2001-06-14,23.06999969482422,23.06999969482422,22.860000610351562,23.0,14.575529098510742,33400
2001-06-15,22.969999313354492,22.979999542236328,22.709999084472656,22.799999237060547,14.448782920837402,63500
2001-06-18,22.600000381469727,22.65999984741211,22.399999618530273,22.549999237060547,14.290351867675781,33800
2001-06-19,22.600000381469727,22.600000381469727,22.200000762939453,22.5,14.258670806884766,36300
2001-06-20,22.420000076293945,23.149999618530273,22.420000076293945,23.149999618530273,14.670581817626953,24200
2001-06-21,22.299999237060547,23.399999618530273,22.299999237060547,23.399999618530273,14.829005241394043,39500
2001-06-22,23.350000381469727,23.40999984741211,23.200000762939453,23.239999771118164,14.727617263793945,13500
2001-06-25,23.200000762939453,23.239999771118164,23.100000381469727,23.200000762939453,14.702260971069336,15400
2001-06-26,23.209999084472656,23.8799991607666,23.209999084472656,23.68000030517578,15.006464958190918,41000
2001-06-27,23.729999542236328,23.799999237060547,23.399999618530273,23.549999237060547,14.924062728881836,33200
2001-06-28,23.56999969482422,23.690000534057617,23.149999618530273,23.170000076293945,14.683259010314941,42000
2001-06-29,23.170000076293945,23.649999618530273,22.75,23.649999618530273,14.987444877624512,203900
2001-07-02,23.850000381469727,23.889999389648438,23.0,23.020000457763672,14.588201522827148,48700
2001-07-03,22.979999542236328,23.139999389648438,22.829999923706055,23.0,14.604071617126465,43900
2001-07-05,23.030000686645508,23.229999542236328,22.920000076293945,22.989999771118164,14.597718238830566,24800
2001-07-06,23.030000686645508,23.030000686645508,22.6299991607666,22.6299991607666,14.369136810302734,21900
2001-07-09,22.649999618530273,22.649999618530273,22.25,22.600000381469727,14.350102424621582,29600
2001-07-10,22.5,22.639999389648438,22.3799991607666,22.3799991607666,14.210397720336914,32800
2001-07-11,22.3799991607666,22.389999389648438,22.25,22.31999969482422,14.172303199768066,22000
2001-07-12,22.350000381469727,23.100000381469727,22.34000015258789,22.959999084472656,14.578680038452148,31300
2001-07-13,22.959999084472656,23.100000381469727,22.940000534057617,23.020000457763672,14.616780281066895,18200
2001-07-16,23.049999237060547,23.18000030517578,22.25,22.25,14.127854347229004,24000
2001-07-17,22.299999237060547,22.540000915527344,22.149999618530273,22.540000915527344,14.311997413635254,26100
2001-07-18,22.600000381469727,22.600000381469727,21.200000762939453,21.34000015258789,13.550039291381836,41000
2001-07-19,21.440000534057617,21.479999542236328,21.299999237060547,21.450000762939453,13.619887351989746,76800
2001-07-20,21.5,21.600000381469727,21.270000457763672,21.5,13.651626586914062,24700
2001-07-23,21.5,21.5,20.950000762939453,21.149999618530273,13.429396629333496,23500
2001-07-24,21.149999618530273,21.200000762939453,20.450000762939453,20.649999618530273,13.11191463470459,30900
2001-07-25,20.799999237060547,20.799999237060547,20.559999465942383,20.59000015258789,13.073824882507324,21500
2001-07-26,20.600000381469727,20.84000015258789,20.399999618530273,20.799999237060547,13.207157135009766,67400
2001-07-27,20.799999237060547,20.850000381469727,20.299999237060547,20.299999237060547,12.889681816101074,36800
2001-07-30,20.329999923706055,20.440000534057617,20.219999313354492,20.34000015258789,12.915080070495605,30400
2001-07-31,20.350000381469727,20.59000015258789,20.200000762939453,20.399999618530273,12.953177452087402,72000
2001-08-01,20.3799991607666,20.469999313354492,20.25,20.3799991607666,12.940471649169922,12900
2001-08-02,20.399999618530273,20.440000534057617,20.239999771118164,20.239999771118164,12.851581573486328,12500
2001-08-03,20.270000457763672,20.270000457763672,19.899999618530273,19.920000076293945,12.648397445678711,22300
2001-08-06,19.920000076293945,20.139999389648438,19.920000076293945,19.950000762939453,12.667449951171875,36300
2001-08-07,19.950000762939453,20.049999237060547,19.690000534057617,19.979999542236328,12.686497688293457,18800
2001-08-08,19.989999771118164,20.049999237060547,19.93000030517578,19.979999542236328,12.686497688293457,27400
2001-08-09,19.989999771118164,20.5,19.989999771118164,20.5,13.016676902770996,95700
2001-08-10,20.489999771118164,20.600000381469727,20.200000762939453,20.450000762939453,12.98492431640625,130700
2001-08-13,20.489999771118164,21.940000534057617,20.450000762939453,21.709999084472656,13.784979820251465,98300
2001-08-14,21.780000686645508,21.860000610351562,21.350000381469727,21.739999771118164,13.804021835327148,70000
2001-08-15,21.799999237060547,21.90999984741211,21.729999542236328,21.860000610351562,13.880221366882324,23500
2001-08-16,21.84000015258789,22.600000381469727,21.700000762939453,22.59000015258789,14.343742370605469,117300
2001-08-17,22.559999465942383,22.6200008392334,22.510000228881836,22.510000228881836,14.29294204711914,74700
2001-08-20,22.489999771118164,22.850000381469727,22.459999084472656,22.559999465942383,14.324701309204102,26900
2001-08-21,22.530000686645508,22.530000686645508,22.1200008392334,22.1200008392334,14.045309066772461,26300
2001-08-22,22.149999618530273,22.25,22.0,22.149999618530273,14.064348220825195,23100
2001-08-23,22.149999618530273,22.209999084472656,21.899999618530273,21.899999618530273,13.905618667602539,44300
2001-08-24,21.93000030517578,22.1299991607666,21.90999984741211,22.1299991607666,14.051657676696777,15200
2001-08-27,22.1299991607666,22.1299991607666,21.850000381469727,21.850000381469727,13.873870849609375,17400
2001-08-28,21.850000381469727,21.860000610351562,21.0,21.06999969482422,13.3785982131958,29400
2001-08-29,21.09000015258789,21.110000610351562,20.399999618530273,20.399999618530273,12.953177452087402,30100
2001-08-30,20.420000076293945,20.5,20.0,20.219999313354492,12.838882446289062,42400
2001-08-31,20.270000457763672,20.31999969482422,20.049999237060547,20.149999618530273,12.79443645477295,45300
2001-09-04,20.1299991607666,20.3799991607666,20.0,20.25,12.857929229736328,65800
2001-09-05,20.25,20.600000381469727,19.90999984741211,20.469999313354492,12.997629165649414,230900
2001-09-06,20.479999542236328,20.700000762939453,20.450000762939453,20.579999923706055,13.067469596862793,28300
2001-09-07,20.579999923706055,20.579999923706055,20.0,20.079999923706055,12.749990463256836,46400
2001-09-10,20.25,20.799999237060547,20.229999542236328,20.799999237060547,13.207157135009766,30100
2001-09-17,20.649999618530273,20.75,20.25,20.299999237060547,12.889681816101074,55500
2001-09-18,20.309999465942383,20.399999618530273,19.649999618530273,20.100000381469727,12.762688636779785,60400
2001-09-19,20.100000381469727,20.1200008392334,19.649999618530273,20.049999237060547,12.730937957763672,28700
2001-09-20,20.030000686645508,20.030000686645508,18.899999618530273,19.540000915527344,12.40710735321045,66700
2001-09-21,19.5,19.799999237060547,19.3700008392334,19.649999618530273,12.476953506469727,135300
2001-09-24,20.899999618530273,20.899999618530273,19.5,19.649999618530273,12.476953506469727,79500
2001-09-25,19.75,20.799999237060547,19.75,20.739999771118164,13.169065475463867,60600
2001-09-26,20.739999771118164,20.799999237060547,20.219999313354492,20.229999542236328,12.845235824584961,43000
2001-09-27,20.229999542236328,20.799999237060547,20.21500015258789,20.700000762939453,13.143664360046387,64700
2001-09-28,20.75,21.25,20.149999618530273,20.8799991607666,13.257964134216309,105300
2001-10-01,20.829999923706055,20.829999923706055,19.81999969482422,20.0,12.7266206741333,61800
2001-10-02,20.200000762939453,20.200000762939453,19.899999618530273,19.979999542236328,12.713898658752441,51000
2001-10-03,20.0,20.399999618530273,19.93000030517578,20.399999618530273,12.981159210205078,19700
2001-10-04,20.600000381469727,21.1200008392334,20.520000457763672,21.079999923706055,13.413857460021973,24800
2001-10-05,21.09000015258789,21.780000686645508,21.0,21.700000762939453,13.808391571044922,37100
2001-10-08,21.709999084472656,21.709999084472656,21.489999771118164,21.530000686645508,13.70020866394043,16500
2001-10-09,21.5,21.5,20.350000381469727,20.479999542236328,13.032058715820312,18700
2001-10-10,20.485000610351562,21.600000381469727,20.485000610351562,21.600000381469727,13.744752883911133,29300
2001-10-11,21.6200008392334,22.0,21.600000381469727,21.850000381469727,13.903834342956543,23700
2001-10-12,21.850000381469727,21.850000381469727,21.200000762939453,21.450000762939453,13.649307250976562,17000
2001-10-15,21.420000076293945,21.65999984741211,21.40999984741211,21.65999984741211,13.782937049865723,16500
2001-10-16,21.459999084472656,21.899999618530273,21.450000762939453,21.84000015258789,13.897473335266113,33500
2001-10-17,21.799999237060547,21.829999923706055,20.81999969482422,20.81999969482422,13.248421669006348,23500
2001-10-18,21.06999969482422,21.06999969482422,20.200000762939453,20.209999084472656,12.860252380371094,40700
2001-10-19,20.309999465942383,20.350000381469727,19.989999771118164,20.350000381469727,12.949344635009766,28000
2001-10-22,20.3799991607666,20.799999237060547,20.25,20.799999237060547,13.235685348510742,53600
2001-10-23,20.790000915527344,21.350000381469727,20.65999984741211,21.350000381469727,13.585670471191406,35100
2001-10-24,21.350000381469727,21.350000381469727,21.170000076293945,21.309999465942383,13.560216903686523,15300
2001-10-25,21.299999237060547,21.850000381469727,21.100000381469727,21.719999313354492,13.8211088180542,39300
2001-10-26,21.725000381469727,21.799999237060547,21.100000381469727,21.100000381469727,13.426591873168945,31100
2001-10-29,21.0,21.0,20.299999237060547,20.329999923706055,12.936609268188477,34100
2001-10-30,20.3799991607666,20.5,20.139999389648438,20.299999237060547,12.917524337768555,19500
2001-10-31,20.309999465942383,20.360000610351562,20.100000381469727,20.200000762939453,12.853889465332031,21200
2001-11-01,20.200000762939453,21.0,20.100000381469727,21.0,13.362957000732422,28300
2001-11-02,20.979999542236328,21.100000381469727,20.469999313354492,20.469999313354492,13.02569580078125,40700
2001-11-05,20.489999771118164,20.809999465942383,20.489999771118164,20.600000381469727,13.108420372009277,18100
2001-11-06,20.6299991607666,20.739999771118164,19.299999237060547,20.25,12.88570785522461,51600
2001-11-07,20.270000457763672,20.399999618530273,19.84000015258789,20.0,12.7266206741333,30700
2001-11-08,20.100000381469727,20.684999465942383,20.100000381469727,20.600000381469727,13.108420372009277,37300
2001-11-09,20.549999237060547,20.670000076293945,20.399999618530273,20.510000228881836,13.05115795135498,29500
2001-11-12,20.520000457763672,21.049999237060547,20.510000228881836,21.0,13.362957000732422,32900
2001-11-13,21.049999237060547,22.0,21.010000228881836,22.0,13.999284744262695,68600
2001-11-14,22.149999618530273,22.780000686645508,22.100000381469727,22.760000228881836,14.482898712158203,49600
2001-11-15,22.780000686645508,22.829999923706055,22.450000762939453,22.709999084472656,14.451078414916992,64600
2001-11-16,22.709999084472656,22.709999084472656,21.75,22.1299991607666,14.082005500793457,92200
2001-11-19,22.1299991607666,22.350000381469727,21.809999465942383,22.34000015258789,14.215635299682617,23600
2001-11-20,22.299999237060547,23.010000228881836,22.299999237060547,22.6299991607666,14.40017032623291,33300
2001-11-21,22.6299991607666,22.6299991607666,22.399999618530273,22.5,14.317452430725098,13100
2001-11-23,22.5,22.979999542236328,22.5,22.969999313354492,14.616528511047363,9200
2001-11-26,22.989999771118164,23.440000534057617,22.5,23.440000534057617,14.915605545043945,35100
2001-11-27,23.5,23.5,23.200000762939453,23.290000915527344,14.820151329040527,16400
2001-11-28,23.200000762939453,23.639999389648438,23.0,23.25,14.794690132141113,36500
2001-11-29,23.290000915527344,24.100000381469727,23.270000457763672,24.100000381469727,15.335578918457031,38700
2001-11-30,24.100000381469727,24.100000381469727,23.100000381469727,23.190000534057617,14.756514549255371,42200
2001-12-03,23.389999389648438,23.549999237060547,23.079999923706055,23.079999923706055,14.686524391174316,22900
2001-12-04,23.100000381469727,23.25,23.010000228881836,23.25,14.794690132141113,28700
2001-12-05,23.25,23.25,22.989999771118164,23.190000534057617,14.756514549255371,42300
2001-12-06,23.149999618530273,23.149999618530273,22.639999389648438,22.950000762939453,14.603802680969238,115900
2001-12-07,22.600000381469727,22.610000610351562,21.950000762939453,22.3799991607666,14.241097450256348,72600
2001-12-10,22.350000381469727,22.350000381469727,21.860000610351562,21.860000610351562,13.910195350646973,55700
2001-12-11,21.860000610351562,21.860000610351562,21.600000381469727,21.600000381469727,13.744752883911133,43500
2001-12-12,21.610000610351562,21.610000610351562,20.450000762939453,20.540000915527344,13.07024097442627,37800
2001-12-13,20.639999389648438,20.639999389648438,20.3799991607666,20.3799991607666,12.968423843383789,80700
2001-12-14,20.350000381469727,20.799999237060547,20.200000762939453,20.719999313354492,13.184781074523926,80600
2001-12-17,20.690000534057617,21.5,20.690000534057617,21.5,13.681117057800293,66400
2001-12-18,21.309999465942383,21.75,21.290000915527344,21.75,13.840200424194336,159300
2001-12-19,21.700000762939453,22.260000228881836,21.25,21.899999618530273,13.93565845489502,88600
2001-12-20,21.700000762939453,22.209999084472656,21.700000762939453,22.200000762939453,14.126551628112793,38800
2001-12-21,23.5,23.5,23.100000381469727,23.399999618530273,14.920389175415039,177800
2001-12-24,23.350000381469727,23.43000030517578,23.290000915527344,23.399999618530273,14.920389175415039,14400
2001-12-26,23.399999618530273,23.6200008392334,23.329999923706055,23.600000381469727,15.04791259765625,37900
2001-12-27,23.600000381469727,23.770000457763672,23.479999542236328,23.479999542236328,14.971402168273926,48200
2001-12-28,23.43000030517578,23.43000030517578,22.8799991607666,23.25,14.824742317199707,45600
2001-12-31,23.219999313354492,23.450000762939453,22.799999237060547,23.030000686645508,14.684466361999512,40500
2002-01-02,23.18000030517578,23.18000030517578,22.239999771118164,22.5,14.346527099609375,119000
2002-01-03,22.5,23.25,22.5,23.25,14.824742317199707,53700
2002-01-04,23.299999237060547,23.34000015258789,22.989999771118164,23.200000762939453,14.792865753173828,48700
2002-01-07,23.25,23.43000030517578,22.950000762939453,22.950000762939453,14.63345718383789,49800
2002-01-08,23.350000381469727,23.75,23.229999542236328,23.75,15.143562316894531,51700
2002-01-09,23.700000762939453,23.850000381469727,23.100000381469727,23.100000381469727,14.729104042053223,99800
2002-01-10,23.110000610351562,23.1200008392334,22.420000076293945,22.649999618530273,14.442173957824707,170300
2002-01-11,22.6299991607666,22.75,22.200000762939453,22.360000610351562,14.257270812988281,37500
2002-01-14,22.40999984741211,22.40999984741211,21.899999618530273,22.200000762939453,14.155244827270508,67800
2002-01-15,22.200000762939453,23.06999969482422,22.200000762939453,22.799999237060547,14.537817001342773,41300
2002-01-16,22.899999618530273,22.950000762939453,22.239999771118164,22.309999465942383,14.225378036499023,37400
2002-01-17,22.059999465942383,22.8700008392334,22.024999618530273,22.8700008392334,14.582449913024902,62700
2002-01-18,22.850000381469727,23.149999618530273,22.440000534057617,22.5,14.346527099609375,38400
2002-01-22,22.600000381469727,22.610000610351562,21.90999984741211,22.100000381469727,14.09147834777832,145000
2002-01-23,22.079999923706055,22.549999237060547,21.799999237060547,22.549999237060547,14.378410339355469,49200
2002-01-24,22.600000381469727,22.670000076293945,22.299999237060547,22.299999237060547,14.219005584716797,14000
2002-01-25,22.280000686645508,22.399999618530273,22.0,22.049999237060547,14.059603691101074,28400
2002-01-28,22.200000762939453,22.209999084472656,21.829999923706055,22.209999084472656,14.161619186401367,48100
2002-01-29,22.209999084472656,22.350000381469727,22.149999618530273,22.280000686645508,14.206259727478027,41900
2002-01-30,22.280000686645508,22.899999618530273,22.200000762939453,22.899999618530273,14.601584434509277,56100
2002-01-31,22.8700008392334,22.950000762939453,22.290000915527344,22.950000762939453,14.63345718383789,59300
2002-02-01,22.989999771118164,22.989999771118164,22.31999969482422,22.329999923706055,14.238136291503906,20400
2002-02-04,22.34000015258789,22.350000381469727,22.25,22.260000228881836,14.193509101867676,56800
2002-02-05,22.25,22.700000762939453,22.149999618530273,22.700000762939453,14.47406005859375,23700
2002-02-06,22.690000534057617,22.850000381469727,22.200000762939453,22.700000762939453,14.47406005859375,49000
2002-02-07,22.709999084472656,22.75,22.3799991607666,22.579999923706055,14.397542953491211,45900
2002-02-08,22.600000381469727,22.75,22.299999237060547,22.600000381469727,14.410300254821777,309500
2002-02-11,22.549999237060547,23.09000015258789,22.549999237060547,23.040000915527344,14.690845489501953,29500
2002-02-12,23.06999969482422,23.6200008392334,22.8799991607666,23.600000381469727,15.04791259765625,27600
2002-02-13,23.610000610351562,23.6299991607666,23.200000762939453,23.489999771118164,14.977781295776367,33900
2002-02-14,23.40999984741211,23.489999771118164,23.149999618530273,23.229999542236328,14.811993598937988,43600
2002-02-15,23.170000076293945,23.25,22.920000076293945,23.25,14.824742317199707,40200
2002-02-19,23.229999542236328,23.649999618530273,23.229999542236328,23.510000228881836,14.990531921386719,39800
2002-02-20,23.5,24.0,23.450000762939453,24.0,15.302960395812988,39800
2002-02-21,23.950000762939453,23.950000762939453,23.5,23.5,14.98415470123291,23300
2002-02-22,23.549999237060547,24.600000381469727,23.450000762939453,24.600000381469727,15.685543060302734,41700
2002-02-25,24.799999237060547,25.0,24.600000381469727,24.989999771118164,15.934203147888184,51000
2002-02-26,24.950000762939453,25.81999969482422,24.950000762939453,25.790000915527344,16.444311141967773,46000
2002-02-27,26.020000457763672,26.299999237060547,26.010000228881836,26.149999618530273,16.673856735229492,62200
2002-02-28,26.049999237060547,26.1200008392334,25.389999389648438,25.450000762939453,16.227519989013672,61100
2002-03-01,25.5,25.700000762939453,25.100000381469727,25.700000762939453,16.386924743652344,72000
2002-03-04,25.799999237060547,26.200000762939453,25.649999618530273,26.100000381469727,16.641983032226562,54000
2002-03-05,26.100000381469727,26.100000381469727,25.81999969482422,25.899999618530273,16.514448165893555,26800
2002-03-06,25.899999618530273,26.110000610351562,25.75,26.09000015258789,16.635610580444336,41900
2002-03-07,26.209999084472656,26.209999084472656,25.399999618530273,25.559999465942383,16.29766082763672,41600
2002-03-08,25.549999237060547,25.68000030517578,25.399999618530273,25.610000610351562,16.329545974731445,32600
2002-03-11,25.709999084472656,25.709999084472656,25.360000610351562,25.540000915527344,16.284908294677734,15700
2002-03-12,25.549999237060547,25.549999237060547,24.920000076293945,25.399999618530273,16.19563865661621,146600
2002-03-13,25.43000030517578,25.43000030517578,24.8799991607666,24.959999084472656,15.915079116821289,20800
2002-03-14,24.950000762939453,25.549999237060547,24.950000762939453,25.489999771118164,16.253023147583008,96000
2002-03-15,25.450000762939453,25.739999771118164,25.450000762939453,25.510000228881836,16.26578140258789,120200
2002-03-18,25.520000457763672,25.75,25.489999771118164,25.59000015258789,16.316791534423828,61800
2002-03-19,25.540000915527344,25.989999771118164,25.540000915527344,25.989999771118164,16.571834564208984,50700
2002-03-20,25.989999771118164,26.5,25.899999618530273,26.1200008392334,16.654727935791016,34100
2002-03-21,26.100000381469727,26.549999237060547,26.020000457763672,26.299999237060547,16.769498825073242,76000
2002-03-22,26.399999618530273,26.600000381469727,26.299999237060547,26.399999618530273,16.833269119262695,87500
2002-03-25,26.399999618530273,26.399999618530273,25.93000030517578,25.940000534057617,16.53995704650879,36400
2002-03-26,26.049999237060547,26.299999237060547,25.850000381469727,26.299999237060547,16.769498825073242,50500
2002-03-27,26.0,26.5,26.0,26.5,16.925983428955078,57300
2002-03-28,26.549999237060547,26.899999618530273,26.200000762939453,26.200000762939453,16.734376907348633,86800
2002-04-01,26.25,26.350000381469727,25.690000534057617,26.0,16.606632232666016,75600
2002-04-02,26.079999923706055,26.200000762939453,25.850000381469727,25.850000381469727,16.510826110839844,17900
2002-04-03,25.950000762939453,26.100000381469727,25.8799991607666,25.950000762939453,16.574689865112305,61800
2002-04-04,25.799999237060547,26.149999618530273,25.799999237060547,26.06999969482422,16.651344299316406,109100
2002-04-05,26.1299991607666,26.510000228881836,26.0,26.34000015258789,16.823787689208984,105300
2002-04-08,26.34000015258789,26.510000228881836,26.079999923706055,26.360000610351562,16.836559295654297,102100
2002-04-09,26.450000762939453,27.149999618530273,26.450000762939453,27.100000381469727,17.3092098236084,43200
2002-04-10,27.06999969482422,27.200000762939453,26.829999923706055,27.049999237060547,17.27728843688965,157000
2002-04-11,27.049999237060547,27.200000762939453,26.670000076293945,26.670000076293945,17.03456687927246,41100
2002-04-12,26.670000076293945,27.59000015258789,26.200000762939453,27.459999084472656,17.539148330688477,129500
2002-04-15,27.5,27.6299991607666,27.209999084472656,27.329999923706055,17.456117630004883,32200
2002-04-16,27.549999237060547,27.549999237060547,26.959999084472656,27.06999969482422,17.290058135986328,214300
2002-04-17,27.06999969482422,27.06999969482422,26.920000076293945,26.950000762939453,17.213409423828125,67700
2002-04-18,26.950000762939453,27.0,26.600000381469727,26.649999618530273,17.021800994873047,155100
2002-04-19,26.600000381469727,26.6200008392334,26.399999618530273,26.43000030517578,16.881275177001953,66200
2002-04-22,26.200000762939453,26.239999771118164,25.850000381469727,26.100000381469727,16.670501708984375,45400
2002-04-23,26.0,26.780000686645508,25.899999618530273,26.25,16.766313552856445,162500
2002-04-24,26.350000381469727,26.75,26.350000381469727,26.610000610351562,16.99625015258789,33300
2002-04-25,26.6200008392334,26.850000381469727,26.5,26.6299991607666,17.009021759033203,124200
2002-04-26,26.3799991607666,26.399999618530273,26.100000381469727,26.1299991607666,16.689661026000977,104300
2002-04-29,26.1299991607666,26.200000762939453,26.0,26.190000534057617,16.72798728942871,57000
2002-04-30,26.25,26.600000381469727,26.25,26.600000381469727,16.989858627319336,58400
2002-05-01,26.549999237060547,26.68000030517578,25.950000762939453,26.479999542236328,16.9132137298584,140300
2002-05-02,26.479999542236328,26.860000610351562,26.399999618530273,26.729999542236328,17.072893142700195,127800
2002-05-03,26.729999542236328,26.729999542236328,26.399999618530273,26.5,16.925983428955078,36600
2002-05-06,26.549999237060547,26.59000015258789,25.899999618530273,26.010000228881836,16.613021850585938,61200
2002-05-07,26.040000915527344,26.239999771118164,25.969999313354492,26.149999618530273,16.702434539794922,53200
2002-05-08,26.100000381469727,26.600000381469727,26.100000381469727,26.549999237060547,16.957916259765625,49000
2002-05-09,26.5,26.799999237060547,26.299999237060547,26.5,16.925983428955078,105200
2002-05-10,26.459999084472656,26.5,26.0,26.280000686645508,16.785470962524414,90900
2002-05-13,26.3799991607666,26.770000457763672,26.239999771118164,26.770000457763672,17.098438262939453,56300
2002-05-14,26.719999313354492,27.0,26.549999237060547,26.979999542236328,17.23257827758789,68800
2002-05-15,26.8799991607666,27.260000228881836,26.799999237060547,27.260000228881836,17.41141700744629,43700
2002-05-16,27.260000228881836,27.3799991607666,27.049999237060547,27.299999237060547,17.436960220336914,29600
2002-05-17,27.31999969482422,27.549999237060547,27.190000534057617,27.270000457763672,17.41779899597168,22500
2002-05-20,27.170000076293945,27.219999313354492,26.850000381469727,26.950000762939453,17.213409423828125,16000
2002-05-21,26.950000762939453,27.0,26.360000610351562,26.540000915527344,16.9515380859375,37200
2002-05-22,26.540000915527344,26.549999237060547,25.75,26.190000534057617,16.72798728942871,140300
2002-05-23,26.190000534057617,26.190000534057617,25.81999969482422,26.049999237060547,16.63856315612793,102400
2002-05-24,26.049999237060547,26.049999237060547,25.670000076293945,25.780000686645508,16.466123580932617,94700
2002-05-28,25.790000915527344,25.790000915527344,24.600000381469727,25.1200008392334,16.04456329345703,52400
2002-05-29,25.170000076293945,25.700000762939453,25.170000076293945,25.649999618530273,16.383075714111328,60800
2002-05-30,25.600000381469727,26.049999237060547,25.5,26.010000228881836,16.613021850585938,40300
2002-05-31,26.0,26.100000381469727,25.760000228881836,25.760000228881836,16.453340530395508,104900
2002-06-03,25.729999542236328,25.729999542236328,25.399999618530273,25.459999084472656,16.261720657348633,48100
2002-06-04,25.399999618530273,25.700000762939453,25.350000381469727,25.700000762939453,16.415014266967773,46000
2002-06-05,25.68000030517578,25.719999313354492,25.399999618530273,25.719999313354492,16.427785873413086,39300
2002-06-06,25.719999313354492,25.81999969482422,25.25,25.25,16.12759017944336,49600
2002-06-07,25.18000030517578,25.3799991607666,25.18000030517578,25.25,16.12759017944336,98900
2002-06-10,25.25,25.25,25.100000381469727,25.100000381469727,16.03178596496582,48500
2002-06-11,25.100000381469727,25.25,25.100000381469727,25.100000381469727,16.03178596496582,32700
2002-06-12,25.110000610351562,25.25,25.024999618530273,25.219999313354492,16.10843276977539,34400
2002-06-13,25.229999542236328,25.260000228881836,25.100000381469727,25.110000610351562,16.038169860839844,51100
2002-06-14,25.06999969482422,25.299999237060547,24.889999389648438,25.25,16.12759017944336,48300
2002-06-17,25.25,25.299999237060547,25.110000610351562,25.299999237060547,16.15952491760254,89400
2002-06-18,25.25,25.399999618530273,24.979999542236328,24.979999542236328,15.955131530761719,254800
2002-06-19,24.920000076293945,25.0,24.0,24.459999084472656,15.623005867004395,98100
2002-06-20,24.469999313354492,25.1299991607666,24.459999084472656,24.950000762939453,15.935976028442383,166000
2002-06-21,25.0,25.399999618530273,24.799999237060547,25.149999618530273,16.0637264251709,214200
2002-06-24,25.149999618530273,25.200000762939453,24.290000915527344,24.450000762939453,15.616623878479004,206000
2002-06-25,24.399999618530273,24.600000381469727,24.299999237060547,24.600000381469727,15.712428092956543,180300
2002-06-26,24.350000381469727,24.5,24.200000762939453,24.299999237060547,15.520812034606934,147100
2002-06-27,24.350000381469727,24.450000762939453,23.59000015258789,24.299999237060547,15.520812034606934,203700
2002-06-28,24.18000030517578,24.549999237060547,23.809999465942383,23.979999542236328,15.316423416137695,520700
2002-07-01,23.979999542236328,24.110000610351562,23.700000762939453,23.950000762939453,15.297266960144043,121900
2002-07-02,23.799999237060547,23.850000381469727,23.489999771118164,23.75,15.201253890991211,146900
2002-07-03,23.700000762939453,23.700000762939453,23.100000381469727,23.100000381469727,14.78521728515625,72600
2002-07-05,23.059999465942383,23.68000030517578,23.020000457763672,23.440000534057617,15.002835273742676,48500
2002-07-08,23.5,23.600000381469727,22.959999084472656,22.979999542236328,14.708407402038574,61900
2002-07-09,23.020000457763672,23.100000381469727,22.850000381469727,23.0,14.721214294433594,88300
2002-07-10,23.010000228881836,23.049999237060547,22.25,22.600000381469727,14.46519660949707,123300
2002-07-11,22.600000381469727,22.600000381469727,21.8700008392334,22.450000762939453,14.369180679321289,83900
2002-07-12,22.450000762939453,22.5,21.950000762939453,21.979999542236328,14.068354606628418,295900
2002-07-15,21.950000762939453,22.0,20.75,21.440000534057617,13.722726821899414,219600
2002-07-16,21.459999084472656,21.459999084472656,21.0,21.06999969482422,13.485913276672363,116600
2002-07-17,21.270000457763672,21.309999465942383,21.100000381469727,21.25,13.601125717163086,66100
2002-07-18,21.239999771118164,21.299999237060547,20.649999618530273,20.780000686645508,13.30029582977295,106900
2002-07-19,20.75,20.75,19.68000030517578,19.959999084472656,12.7754545211792,236400
2002-07-22,19.899999618530273,20.049999237060547,19.739999771118164,19.799999237060547,12.673044204711914,68900
2002-07-23,19.850000381469727,20.049999237060547,19.450000762939453,19.700000762939453,12.609038352966309,128100
2002-07-24,19.450000762939453,19.649999618530273,19.260000228881836,19.610000610351562,12.551437377929688,132600
2002-07-25,19.549999237060547,20.850000381469727,19.450000762939453,20.799999237060547,13.31309700012207,76300
2002-07-26,20.850000381469727,21.0,20.520000457763672,20.520000457763672,13.13388442993164,99000
2002-07-29,20.520000457763672,21.40999984741211,20.520000457763672,21.399999618530273,13.697123527526855,46200
2002-07-30,21.350000381469727,21.899999618530273,21.149999618530273,21.75,13.92115306854248,41900
2002-07-31,21.649999618530273,22.100000381469727,21.520000457763672,22.020000457763672,14.093962669372559,61400
2002-08-01,21.969999313354492,22.030000686645508,21.600000381469727,21.670000076293945,13.869938850402832,57400
2002-08-02,21.65999984741211,21.65999984741211,21.0,21.149999618530273,13.537115097045898,44500
2002-08-05,21.100000381469727,21.170000076293945,20.549999237060547,20.549999237060547,13.153084754943848,35900
2002-08-06,20.549999237060547,20.81999969482422,20.149999618530273,20.15999984741211,12.903460502624512,177900
2002-08-07,20.209999084472656,20.280000686645508,19.969999313354492,20.1299991607666,12.884255409240723,169600
2002-08-08,20.139999389648438,20.5,19.959999084472656,20.290000915527344,12.986676216125488,109400
2002-08-09,20.34000015258789,21.200000762939453,20.229999542236328,20.799999237060547,13.31309700012207,112500
2002-08-12,20.75,20.889999389648438,20.600000381469727,20.709999084472656,13.255491256713867,73900
2002-08-13,20.649999618530273,20.75,20.450000762939453,20.459999084472656,13.095477104187012,32900
2002-08-14,20.459999084472656,20.459999084472656,20.260000228881836,20.299999237060547,12.993067741394043,56500
2002-08-15,20.399999618530273,21.389999389648438,20.399999618530273,21.389999389648438,13.690731048583984,80000
2002-08-16,21.31999969482422,21.670000076293945,21.25,21.309999465942383,13.639518737792969,90900
2002-08-19,21.299999237060547,21.299999237060547,21.15999984741211,21.209999084472656,13.575512886047363,153200
2002-08-20,21.149999618530273,21.350000381469727,21.1299991607666,21.25,13.601125717163086,43400
2002-08-21,21.219999313354492,21.600000381469727,21.100000381469727,21.600000381469727,13.825140953063965,62200
2002-08-22,21.549999237060547,22.15999984741211,21.549999237060547,22.06999969482422,14.125967025756836,61900
2002-08-23,22.25,22.559999465942383,22.100000381469727,22.420000076293945,14.349982261657715,109900
2002-08-26,22.399999618530273,22.600000381469727,22.3799991607666,22.600000381469727,14.46519660949707,76200
2002-08-27,22.579999923706055,22.959999084472656,22.5,22.959999084472656,14.695609092712402,87300
2002-08-28,22.959999084472656,23.299999237060547,22.920000076293945,23.299999237060547,14.913226127624512,174500
2002-08-29,23.270000457763672,23.270000457763672,22.950000762939453,23.25,14.88122272491455,78800
2002-08-30,23.25,23.649999618530273,23.059999465942383,23.15999984741211,14.823616981506348,56900
2002-09-03,23.170000076293945,23.170000076293945,22.25,22.350000381469727,14.305179595947266,53000
2002-09-04,22.200000762939453,22.8799991607666,22.200000762939453,22.6299991607666,14.484392166137695,53100
2002-09-05,22.3799991607666,22.700000762939453,21.899999618530273,22.559999465942383,14.439596176147461,84300
2002-09-06,22.600000381469727,23.010000228881836,22.549999237060547,23.010000228881836,14.727607727050781,70700
2002-09-09,23.059999465942383,23.15999984741211,22.690000534057617,22.8799991607666,14.644408226013184,71300
2002-09-10,22.979999542236328,23.100000381469727,22.56999969482422,22.979999542236328,14.708407402038574,109100
2002-09-11,23.079999923706055,23.079999923706055,22.75,22.799999237060547,14.5931978225708,28000
2002-09-12,22.700000762939453,22.8700008392334,22.549999237060547,22.690000534057617,14.522795677185059,34600
2002-09-13,22.649999618530273,22.719999313354492,22.260000228881836,22.5,14.401189804077148,36200
2002-09-16,22.510000228881836,22.600000381469727,21.850000381469727,22.18000030517578,14.196372985839844,56000
2002-09-17,22.280000686645508,22.350000381469727,21.950000762939453,22.049999237060547,14.113161087036133,108200
2002-09-18,22.0,22.049999237060547,21.75,21.979999542236328,14.068354606628418,62700
2002-09-19,21.8799991607666,21.8799991607666,21.440000534057617,21.440000534057617,13.722726821899414,24800
2002-09-20,21.540000915527344,22.729999542236328,21.40999984741211,22.6299991607666,14.484392166137695,81800
2002-09-23,22.530000686645508,22.530000686645508,21.6200008392334,21.809999465942383,13.959554672241211,39600
2002-09-24,21.559999465942383,21.739999771118164,21.0,21.25,13.601125717163086,74800
2002-09-25,21.25,21.75,21.25,21.75,13.92115306854248,78400
2002-09-26,21.700000762939453,22.100000381469727,21.649999618530273,22.0,14.08115291595459,51000
2002-09-27,21.979999542236328,22.309999465942383,21.6299991607666,21.739999771118164,13.914750099182129,42900
2002-09-30,21.649999618530273,22.100000381469727,21.530000686645508,22.010000228881836,14.120031356811523,58200
2002-10-01,21.950000762939453,22.09000015258789,21.75,22.059999465942383,14.152112007141113,54600
2002-10-02,22.0,22.649999618530273,21.940000534057617,22.25,14.273998260498047,77400
2002-10-03,22.100000381469727,22.600000381469727,22.09000015258789,22.149999618530273,14.209850311279297,134300
2002-10-04,22.149999618530273,22.149999618530273,21.84000015258789,22.0,14.113612174987793,89300
2002-10-07,21.940000534057617,22.100000381469727,21.700000762939453,22.010000228881836,14.120031356811523,38400
2002-10-08,22.0,22.030000686645508,21.399999618530273,21.600000381469727,13.857011795043945,41500
2002-10-09,21.5,21.579999923706055,21.200000762939453,21.31999969482422,13.677380561828613,39100
2002-10-10,21.219999313354492,21.690000534057617,20.75,21.68000030517578,13.908331871032715,78100
2002-10-11,21.719999313354492,22.25,21.600000381469727,22.010000228881836,14.120031356811523,68000
2002-10-14,22.079999923706055,22.3799991607666,21.700000762939453,22.079999923706055,14.164942741394043,73800
2002-10-15,22.280000686645508,22.280000686645508,21.93000030517578,21.93000030517578,14.06871509552002,87200
2002-10-16,22.0,22.079999923706055,21.65999984741211,21.84000015258789,14.01097297668457,41700
2002-10-17,21.81999969482422,22.5,21.81999969482422,22.5,14.434386253356934,19300
2002-10-18,22.700000762939453,22.700000762939453,21.920000076293945,22.0,14.113612174987793,87100
2002-10-21,22.0,22.0,21.600000381469727,21.799999237060547,13.985309600830078,41400
2002-10-22,21.799999237060547,22.0,21.670000076293945,21.989999771118164,14.107198715209961,170100
2002-10-23,22.5,22.5,21.899999618530273,21.940000534057617,14.075126647949219,99800
2002-10-24,21.84000015258789,22.200000762939453,21.829999923706055,21.850000381469727,14.017386436462402,40100
2002-10-25,21.940000534057617,22.489999771118164,21.940000534057617,22.420000076293945,14.383069038391113,49000
2002-10-28,22.6200008392334,22.709999084472656,22.09000015258789,22.219999313354492,14.254758834838867,30700
2002-10-29,22.299999237060547,22.299999237060547,21.829999923706055,21.899999618530273,14.049470901489258,49200
2002-10-30,21.75,22.09000015258789,21.75,21.799999237060547,13.985309600830078,32600
2002-10-31,21.649999618530273,22.030000686645508,21.649999618530273,21.979999542236328,14.100788116455078,37200
2002-11-01,21.899999618530273,22.0,21.75,22.0,14.113612174987793,46900
2002-11-04,21.75,22.110000610351562,21.75,22.059999465942383,14.152112007141113,40800
2002-11-05,22.110000610351562,22.299999237060547,21.899999618530273,22.299999237060547,14.30607795715332,72700
2002-11-06,22.399999618530273,22.799999237060547,22.25,22.799999237060547,14.626842498779297,48500
2002-11-07,22.75,22.8700008392334,22.600000381469727,22.75,14.594771385192871,53600
2002-11-08,22.770000457763672,22.799999237060547,22.75,22.799999237060547,14.626842498779297,21900
2002-11-11,22.799999237060547,22.799999237060547,22.68000030517578,22.770000457763672,14.607599258422852,55200
2002-11-12,22.700000762939453,23.100000381469727,22.700000762939453,22.850000381469727,14.658921241760254,47900
2002-11-13,22.829999923706055,22.989999771118164,22.65999984741211,22.68000030517578,14.54985523223877,56800
2002-11-14,22.75,22.889999389648438,22.700000762939453,22.700000762939453,14.562697410583496,43700
2002-11-15,22.799999237060547,22.979999542236328,22.649999618530273,22.799999237060547,14.626842498779297,118300
2002-11-18,23.0,23.0,22.649999618530273,22.809999465942383,14.633252143859863,46100
2002-11-19,22.649999618530273,22.799999237060547,22.549999237060547,22.639999389648438,14.524201393127441,31200
2002-11-20,22.6200008392334,22.709999084472656,22.600000381469727,22.600000381469727,14.49854564666748,25800
2002-11-21,22.600000381469727,22.75,22.450000762939453,22.479999542236328,14.421548843383789,118800
2002-11-22,22.43000030517578,22.479999542236328,22.299999237060547,22.440000534057617,14.395892143249512,87200
2002-11-25,22.440000534057617,22.549999237060547,22.1200008392334,22.170000076293945,14.222679138183594,59200
2002-11-26,22.149999618530273,22.15999984741211,21.200000762939453,21.270000457763672,13.645297050476074,63500
2002-11-27,21.280000686645508,21.5,21.020000457763672,21.329999923706055,13.683797836303711,60100
2002-11-29,21.229999542236328,21.469999313354492,21.1200008392334,21.299999237060547,13.66455078125,33700
2002-12-02,21.350000381469727,21.5,21.0,21.5,13.792854309082031,77100
2002-12-03,21.75,22.5,21.549999237060547,22.43000030517578,14.389484405517578,77000
2002-12-04,22.530000686645508,22.6299991607666,22.299999237060547,22.450000762939453,14.402305603027344,80700
2002-12-05,22.549999237060547,22.549999237060547,22.09000015258789,22.450000762939453,14.402305603027344,49700
2002-12-06,22.450000762939453,23.059999465942383,22.219999313354492,22.950000762939453,14.723068237304688,97700
2002-12-09,22.700000762939453,23.200000762939453,22.649999618530273,22.93000030517578,14.710247039794922,69000
2002-12-10,22.899999618530273,22.899999618530273,22.18000030517578,22.6200008392334,14.511377334594727,154100
2002-12-11,22.770000457763672,23.399999618530273,22.75,23.399999618530273,15.011756896972656,69100
2002-12-12,23.399999618530273,23.75,23.200000762939453,23.549999237060547,15.107987403869629,45200
2002-12-13,23.799999237060547,23.799999237060547,23.200000762939453,23.200000762939453,14.883452415466309,62000
2002-12-16,23.299999237060547,23.670000076293945,22.899999618530273,23.0,14.755155563354492,86700
2002-12-17,23.059999465942383,23.200000762939453,22.899999618530273,23.190000534057617,14.877039909362793,106400
2002-12-18,23.09000015258789,23.1200008392334,22.610000610351562,22.739999771118164,14.588356018066406,86200
2002-12-19,22.600000381469727,22.6299991607666,22.469999313354492,22.549999237060547,14.49833869934082,133800
2002-12-20,22.799999237060547,23.34000015258789,22.59000015258789,23.270000457763672,14.96125316619873,55400
2002-12-23,23.3700008392334,23.3700008392334,22.90999984741211,23.0,14.7876615524292,67800
2002-12-24,23.100000381469727,23.100000381469727,22.760000228881836,23.0,14.7876615524292,27100
2002-12-26,23.049999237060547,23.450000762939453,23.0,23.420000076293945,15.057698249816895,86900
2002-12-27,23.219999313354492,23.309999465942383,23.030000686645508,23.110000610351562,14.858388900756836,23000
2002-12-30,23.209999084472656,23.31999969482422,23.049999237060547,23.209999084472656,14.922674179077148,21300
2002-12-31,23.260000228881836,24.010000228881836,23.149999618530273,24.010000228881836,15.437032699584961,51200
2003-01-02,24.100000381469727,24.299999237060547,23.950000762939453,24.190000534057617,15.552767753601074,104400
2003-01-03,24.149999618530273,24.364999771118164,23.75,23.81999969482422,15.314879417419434,122100
2003-01-06,23.719999313354492,24.030000686645508,23.59000015258789,23.90999984741211,15.372739791870117,66400
2003-01-07,23.950000762939453,24.049999237060547,23.760000228881836,23.790000915527344,15.295591354370117,23900
2003-01-08,23.690000534057617,23.8799991607666,23.649999618530273,23.860000610351562,15.340592384338379,23900
2003-01-09,23.760000228881836,24.049999237060547,23.600000381469727,23.780000686645508,15.289155960083008,35300
2003-01-10,23.829999923706055,23.979999542236328,23.829999923706055,23.959999084472656,15.404891014099121,42600
2003-01-13,23.920000076293945,23.959999084472656,23.850000381469727,23.920000076293945,15.379168510437012,45500
2003-01-14,23.81999969482422,23.989999771118164,23.700000762939453,23.989999771118164,15.424174308776855,40100
2003-01-15,23.989999771118164,23.989999771118164,23.5,23.559999465942383,15.147713661193848,48600
2003-01-16,23.6299991607666,24.059999465942383,23.6299991607666,24.059999465942383,15.469178199768066,61500
2003-01-17,24.0,24.270000457763672,23.959999084472656,24.200000762939453,15.559198379516602,45600
2003-01-21,24.350000381469727,24.350000381469727,23.549999237060547,23.829999923706055,15.321306228637695,56700
2003-01-22,23.8799991607666,24.0,23.739999771118164,23.809999465942383,15.308445930480957,51900
2003-01-23,23.959999084472656,24.030000686645508,23.600000381469727,23.600000381469727,15.173432350158691,38100
2003-01-24,23.399999618530273,23.920000076293945,23.399999618530273,23.850000381469727,15.334158897399902,68800
2003-01-27,23.799999237060547,23.84000015258789,23.510000228881836,23.780000686645508,15.289155960083008,34200
2003-01-28,23.729999542236328,23.729999542236328,23.25,23.5,15.109136581420898,70300
2003-01-29,23.5,23.5,23.0,23.299999237060547,14.980544090270996,70700
2003-01-30,23.299999237060547,23.309999465942383,22.84000015258789,22.850000381469727,14.691216468811035,22200
2003-01-31,22.700000762939453,23.329999923706055,22.700000762939453,23.309999465942383,14.98697280883789,33800
2003-02-03,23.360000610351562,23.399999618530273,23.0,23.030000686645508,14.80694580078125,48500
2003-02-04,23.030000686645508,23.15999984741211,22.790000915527344,22.8799991607666,14.710504531860352,74300
2003-02-05,22.799999237060547,22.8700008392334,22.549999237060547,22.639999389648438,14.556212425231934,46400
2003-02-06,22.600000381469727,22.790000915527344,22.399999618530273,22.670000076293945,14.5754976272583,60500
2003-02-07,22.75,23.149999618530273,22.6299991607666,23.149999618530273,14.884109497070312,21000
2003-02-10,23.0,23.690000534057617,22.979999542236328,23.610000610351562,15.179853439331055,60200
2003-02-11,22.799999237060547,23.049999237060547,22.450000762939453,22.6200008392334,14.543351173400879,118100
2003-02-12,22.600000381469727,22.799999237060547,22.5,22.75,14.626924514770508,67000
2003-02-13,22.700000762939453,22.700000762939453,22.174999237060547,22.420000076293945,14.414758682250977,52900
2003-02-14,22.5,22.56999969482422,22.139999389648438,22.34000015258789,14.36331844329834,27300
2003-02-18,22.350000381469727,22.5,22.149999618530273,22.5,14.466194152832031,35400
2003-02-19,22.399999618530273,22.75,22.350000381469727,22.700000762939453,14.594785690307617,39900
2003-02-20,22.700000762939453,22.700000762939453,22.25,22.25,14.305455207824707,32500
2003-02-21,22.3700008392334,22.979999542236328,21.829999923706055,22.760000228881836,14.633358001708984,72600
2003-02-24,22.799999237060547,22.920000076293945,22.75,22.829999923706055,14.678364753723145,50200
2003-02-25,22.84000015258789,23.0,22.799999237060547,22.93000030517578,14.742655754089355,31800
2003-02-26,22.950000762939453,22.950000762939453,22.75,22.850000381469727,14.691216468811035,11900
2003-02-27,22.799999237060547,23.0,22.649999618530273,22.920000076293945,14.736227035522461,35500
2003-02-28,22.969999313354492,23.0,22.700000762939453,22.700000762939453,14.594785690307617,14100
2003-03-03,22.760000228881836,22.81999969482422,22.670000076293945,22.729999542236328,14.614062309265137,26100
2003-03-04,22.799999237060547,22.81999969482422,22.299999237060547,22.360000610351562,14.37618637084961,28500
2003-03-05,22.260000228881836,22.5,21.959999084472656,22.0,14.1447172164917,34600
2003-03-06,22.100000381469727,22.280000686645508,21.889999389648438,22.280000686645508,14.324748039245605,35800
2003-03-07,22.329999923706055,22.329999923706055,22.0,22.049999237060547,14.176867485046387,18000
2003-03-10,21.950000762939453,22.049999237060547,21.950000762939453,21.989999771118164,14.138291358947754,33400
2003-03-11,21.950000762939453,21.959999084472656,21.75,21.780000686645508,14.003270149230957,23900
2003-03-12,21.75,21.790000915527344,21.5,21.510000228881836,13.829676628112793,34700
2003-03-13,21.600000381469727,21.690000534057617,21.510000228881836,21.690000534057617,13.945413589477539,63200
2003-03-14,21.75,21.8799991607666,21.700000762939453,21.799999237060547,14.016132354736328,69400
2003-03-17,21.75,21.8700008392334,21.690000534057617,21.8700008392334,14.06113338470459,57600
2003-03-18,21.899999618530273,21.959999084472656,21.700000762939453,21.75,13.983983039855957,75700
2003-03-19,21.75,21.850000381469727,21.5,21.84000015258789,14.041852951049805,65300
2003-03-20,21.8700008392334,22.239999771118164,21.850000381469727,21.969999313354492,14.125433921813965,37300
2003-03-21,22.06999969482422,22.549999237060547,22.06999969482422,22.549999237060547,14.49833869934082,54000
2003-03-24,22.610000610351562,22.610000610351562,22.0,22.270000457763672,14.318314552307129,40000
2003-03-25,22.25,22.75,22.1200008392334,22.75,14.626924514770508,29200
2003-03-26,22.75,22.899999618530273,22.5,22.899999618530273,14.723365783691406,14600
2003-03-27,22.8700008392334,22.93000030517578,22.6299991607666,22.8799991607666,14.710504531860352,12300
2003-03-28,22.8799991607666,22.8799991607666,22.479999542236328,22.520000457763672,14.479055404663086,32400
2003-03-31,22.530000686645508,22.760000228881836,22.25,22.68000030517578,14.614362716674805,28500
2003-04-01,22.520000457763672,22.65999984741211,21.959999084472656,22.059999465942383,14.214859962463379,56900
2003-04-02,22.15999984741211,22.889999389648438,22.15999984741211,22.510000228881836,14.504827499389648,64400
2003-04-03,22.479999542236328,22.68000030517578,22.260000228881836,22.299999237060547,14.369510650634766,39400
2003-04-04,22.5,22.940000534057617,22.5,22.93000030517578,14.775459289550781,30700
2003-04-07,23.030000686645508,23.600000381469727,22.93000030517578,23.0,14.820564270019531,46700
2003-04-08,23.100000381469727,23.56999969482422,22.950000762939453,23.350000381469727,15.046099662780762,98000
2003-04-09,23.299999237060547,23.360000610351562,22.950000762939453,23.049999237060547,14.852785110473633,35700
2003-04-10,23.149999618530273,23.200000762939453,22.899999618530273,23.0,14.820564270019531,39800
2003-04-11,23.25,23.299999237060547,23.1200008392334,23.18000030517578,14.93656063079834,15200
2003-04-14,23.229999542236328,24.100000381469727,23.219999313354492,24.010000228881836,15.471386909484863,58200
2003-04-15,24.010000228881836,24.3799991607666,24.0,24.06999969482422,15.510046005249023,76800
2003-04-16,24.1200008392334,24.18000030517578,23.969999313354492,23.989999771118164,15.458499908447266,104900
2003-04-17,24.0,24.1200008392334,23.969999313354492,24.040000915527344,15.49071979522705,39300
2003-04-21,24.09000015258789,24.100000381469727,23.950000762939453,24.010000228881836,15.471386909484863,57500
2003-04-22,24.010000228881836,24.1200008392334,23.850000381469727,24.079999923706055,15.51649284362793,221100
2003-04-23,24.110000610351562,24.239999771118164,24.0,24.239999771118164,15.619595527648926,526700
2003-04-24,24.139999389648438,24.299999237060547,23.899999618530273,24.299999237060547,15.65825080871582,20500
2003-04-25,24.299999237060547,24.299999237060547,23.700000762939453,24.0,15.464944839477539,20500
2003-04-28,24.049999237060547,24.350000381469727,24.049999237060547,24.299999237060547,15.65825080871582,17700
2003-04-29,24.270000457763672,24.299999237060547,23.989999771118164,24.239999771118164,15.619595527648926,24500
2003-04-30,24.239999771118164,24.770000457763672,24.1299991607666,24.510000228881836,15.793574333190918,310600
2003-05-01,24.510000228881836,24.510000228881836,24.049999237060547,24.219999313354492,15.606700897216797,21500
2003-05-02,24.18000030517578,24.5,24.149999618530273,24.420000076293945,15.735580444335938,21400
2003-05-05,24.75,24.760000228881836,24.6200008392334,24.649999618530273,15.883782386779785,57500
2003-05-06,24.75,24.75,24.59000015258789,24.639999389648438,15.877333641052246,30800
2003-05-07,24.700000762939453,24.979999542236328,24.399999618530273,24.399999618530273,15.722685813903809,68400
2003-05-08,24.200000762939453,24.25,24.0,24.209999084472656,15.60025405883789,59900
2003-05-09,24.229999542236328,24.450000762939453,24.1200008392334,24.15999984741211,15.5680513381958,46000
2003-05-12,24.170000076293945,24.850000381469727,24.100000381469727,24.700000762939453,15.916004180908203,186600
2003-05-13,24.760000228881836,24.889999389648438,24.579999923706055,24.770000457763672,15.96111011505127,76400
2003-05-14,24.920000076293945,25.350000381469727,24.80500030517578,25.25,16.270410537719727,128300
2003-05-15,25.25,25.399999618530273,24.950000762939453,25.280000686645508,16.28973960876465,103000
2003-05-16,25.280000686645508,25.299999237060547,25.15999984741211,25.299999237060547,16.3026123046875,98400
2003-05-19,25.299999237060547,25.299999237060547,24.84000015258789,25.100000381469727,16.173744201660156,84100
2003-05-20,25.100000381469727,25.75,25.0,25.709999084472656,16.56682014465332,95800
2003-05-21,25.709999084472656,25.8700008392334,25.290000915527344,25.5,16.431499481201172,62400
2003-05-22,25.600000381469727,25.8799991607666,25.299999237060547,25.760000228881836,16.599037170410156,26200
2003-05-23,25.860000610351562,26.3799991607666,25.760000228881836,26.25,16.91478157043457,26300
2003-05-27,26.299999237060547,26.399999618530273,25.90999984741211,26.100000381469727,16.81812286376953,39400
2003-05-28,26.100000381469727,26.3799991607666,25.93000030517578,26.030000686645508,16.77301788330078,30400
2003-05-29,26.0,26.15999984741211,25.149999618530273,25.510000228881836,16.43794822692871,54400
2003-05-30,25.65999984741211,25.700000762939453,25.200000762939453,25.450000762939453,16.39927864074707,63800
2003-06-02,25.600000381469727,26.040000915527344,25.450000762939453,25.959999084472656,16.727907180786133,112500
2003-06-03,25.950000762939453,26.100000381469727,25.799999237060547,26.100000381469727,16.81812286376953,26700
2003-06-04,26.1200008392334,26.1200008392334,25.25,25.25,16.270410537719727,153900
2003-06-05,25.100000381469727,25.209999084472656,24.25,24.700000762939453,15.916004180908203,147900
2003-06-06,24.549999237060547,25.0,24.260000228881836,24.299999237060547,15.65825080871582,113700
2003-06-09,24.450000762939453,24.610000610351562,24.329999923706055,24.479999542236328,15.774239540100098,89900
2003-06-10,24.530000686645508,25.0,24.489999771118164,25.0,16.109317779541016,53100
2003-06-11,24.850000381469727,24.90999984741211,24.0,24.06999969482422,15.510046005249023,53600
2003-06-12,23.920000076293945,24.559999465942383,23.920000076293945,24.299999237060547,15.65825080871582,149200
2003-06-13,24.5,24.59000015258789,24.229999542236328,24.229999542236328,15.61314582824707,27800
2003-06-16,24.229999542236328,24.889999389648438,24.200000762939453,24.799999237060547,15.980441093444824,70900
2003-06-17,25.399999618530273,25.540000915527344,25.200000762939453,25.389999389648438,16.360618591308594,88900
2003-06-18,25.690000534057617,25.799999237060547,25.100000381469727,25.31999969482422,16.315509796142578,90700
2003-06-19,25.450000762939453,25.600000381469727,25.100000381469727,25.200000762939453,16.238195419311523,63000
2003-06-20,25.450000762939453,25.510000228881836,25.15999984741211,25.270000457763672,16.283294677734375,77300
2003-06-23,25.56999969482422,25.90999984741211,25.5,25.799999237060547,16.62481117248535,187800
2003-06-24,26.0,26.100000381469727,25.899999618530273,25.90999984741211,16.695690155029297,190300
2003-06-25,26.020000457763672,26.200000762939453,25.90999984741211,26.200000762939453,16.882566452026367,181100
2003-06-26,26.200000762939453,26.25,25.860000610351562,25.899999618530273,16.689241409301758,92200
2003-06-27,26.0,26.25,25.850000381469727,26.0,16.75368881225586,50300
2003-06-30,26.149999618530273,26.31999969482422,25.940000534057617,26.200000762939453,16.882566452026367,50700
2003-07-01,26.149999618530273,26.149999618530273,25.700000762939453,26.0,16.75368881225586,73300
2003-07-02,26.530000686645508,26.81999969482422,26.329999923706055,26.649999618530273,17.2155704498291,172200
2003-07-03,26.649999618530273,26.670000076293945,26.43000030517578,26.549999237060547,17.150962829589844,38100
2003-07-07,26.450000762939453,27.0,26.450000762939453,26.5,17.118669509887695,103500
2003-07-08,26.799999237060547,27.299999237060547,26.780000686645508,27.209999084472656,17.577314376831055,144500
2003-07-09,27.260000228881836,27.280000686645508,26.799999237060547,26.899999618530273,17.377065658569336,155600
2003-07-10,27.0,27.049999237060547,26.399999618530273,27.010000228881836,17.448123931884766,88600
2003-07-11,26.959999084472656,27.229999542236328,26.829999923706055,27.100000381469727,17.506258010864258,50700
2003-07-14,27.100000381469727,27.170000076293945,26.8700008392334,27.040000915527344,17.46750259399414,45700
2003-07-15,27.030000686645508,27.06999969482422,26.790000915527344,26.899999618530273,17.377065658569336,110800
2003-07-16,26.950000762939453,27.020000457763672,26.540000915527344,26.700000762939453,17.247865676879883,94000
2003-07-17,25.950000762939453,26.450000762939453,25.5,26.25,16.957172393798828,115300
2003-07-18,26.350000381469727,26.59000015258789,26.260000228881836,26.549999237060547,17.150962829589844,46800
2003-07-21,26.5,26.5,25.950000762939453,26.09000015258789,16.853818893432617,39400
2003-07-22,26.149999618530273,26.360000610351562,26.059999465942383,26.329999923706055,17.008852005004883,20800
2003-07-23,26.350000381469727,26.350000381469727,26.0,26.170000076293945,16.905494689941406,33300
2003-07-24,26.200000762939453,26.209999084472656,26.100000381469727,26.100000381469727,16.860273361206055,29300
2003-07-25,26.15999984741211,26.5,25.770000457763672,26.5,17.118669509887695,58900
2003-07-28,26.5,26.90999984741211,26.389999389648438,26.809999465942383,17.31892204284668,78500
2003-07-29,26.809999465942383,26.899999618530273,26.75,26.850000381469727,17.344758987426758,56400
2003-07-30,26.899999618530273,26.899999618530273,26.56999969482422,26.600000381469727,17.183258056640625,28700
2003-07-31,26.600000381469727,26.610000610351562,26.329999923706055,26.329999923706055,17.008852005004883,162600
2003-08-01,26.399999618530273,26.549999237060547,26.209999084472656,26.43000030517578,17.073448181152344,173000
2003-08-04,26.43000030517578,26.540000915527344,26.040000915527344,26.440000534057617,17.079914093017578,129100
2003-08-05,26.31999969482422,26.8799991607666,26.200000762939453,26.8799991607666,17.364145278930664,61800
2003-08-06,26.799999237060547,26.84000015258789,26.329999923706055,26.389999389648438,17.0476131439209,26100
2003-08-07,26.290000915527344,26.5,26.0,26.360000610351562,17.028223037719727,25800
2003-08-08,26.459999084472656,26.479999542236328,26.200000762939453,26.399999618530273,17.05406951904297,34100
2003-08-11,26.649999618530273,26.940000534057617,26.3799991607666,26.940000534057617,17.40290641784668,49600
2003-08-12,26.889999389648438,27.15999984741211,26.799999237060547,27.0,17.441661834716797,50700
2003-08-13,27.100000381469727,27.200000762939453,26.899999618530273,27.0,17.441661834716797,42400
2003-08-14,27.0,27.350000381469727,26.899999618530273,27.299999237060547,17.635461807250977,76000
2003-08-15,27.399999618530273,27.899999618530273,27.34000015258789,27.889999389648438,18.01659393310547,12500
2003-08-18,28.09000015258789,28.360000610351562,28.0,28.0,18.087646484375,43500
2003-08-19,28.0,28.399999618530273,27.75,28.260000228881836,18.255603790283203,22100
2003-08-20,28.200000762939453,28.389999389648438,27.75,28.100000381469727,18.152246475219727,83600
2003-08-21,28.049999237060547,28.219999313354492,27.860000610351562,27.860000610351562,17.997211456298828,13800
2003-08-22,27.899999618530273,27.989999771118164,27.780000686645508,27.84000015258789,17.984296798706055,9400
2003-08-25,27.739999771118164,27.790000915527344,27.360000610351562,27.440000534057617,17.72589683532715,168500
2003-08-26,27.34000015258789,27.81999969482422,27.209999084472656,27.809999465942383,17.964914321899414,44800
2003-08-27,27.709999084472656,27.829999923706055,27.530000686645508,27.829999923706055,17.977832794189453,18900
2003-08-28,27.850000381469727,28.139999389648438,27.799999237060547,27.950000762939453,18.055349349975586,33000
2003-08-29,27.969999313354492,27.979999542236328,27.84000015258789,27.950000762939453,18.055349349975586,34800
2003-09-02,28.0,28.170000076293945,27.75,27.799999237060547,17.958457946777344,31500
2003-09-03,27.649999618530273,27.850000381469727,27.0,27.299999237060547,17.635461807250977,63300
2003-09-04,27.200000762939453,27.5,26.899999618530273,27.030000686645508,17.461044311523438,76900
2003-09-05,27.229999542236328,27.600000381469727,26.989999771118164,27.0,17.441661834716797,70000
2003-09-08,26.850000381469727,27.18000030517578,26.850000381469727,27.100000381469727,17.506258010864258,42300
2003-09-09,26.899999618530273,27.049999237060547,26.799999237060547,26.979999542236328,17.42873764038086,47800
2003-09-10,27.229999542236328,27.31999969482422,27.059999465942383,27.280000686645508,17.622535705566406,78200
2003-09-11,27.280000686645508,28.030000686645508,27.239999771118164,28.010000228881836,18.0941104888916,56300
2003-09-12,27.90999984741211,27.920000076293945,27.510000228881836,27.520000457763672,17.777570724487305,38100
2003-09-15,27.459999084472656,27.5,26.75,26.799999237060547,17.312469482421875,29100
2003-09-16,26.950000762939453,27.049999237060547,26.719999313354492,27.049999237060547,17.47396469116211,52100
2003-09-17,27.049999237060547,27.280000686645508,26.920000076293945,27.0,17.441661834716797,73000
2003-09-18,27.020000457763672,27.06999969482422,26.940000534057617,27.010000228881836,17.448123931884766,30400
2003-09-19,27.030000686645508,27.149999618530273,26.920000076293945,27.100000381469727,17.506258010864258,80300
2003-09-22,27.100000381469727,27.100000381469727,26.809999465942383,26.989999771118164,17.43520164489746,45600
2003-09-23,26.940000534057617,27.0,26.899999618530273,26.899999618530273,17.377065658569336,18500
2003-09-24,27.0,27.0,26.760000228881836,26.920000076293945,17.389984130859375,42600
2003-09-25,26.920000076293945,27.020000457763672,26.690000534057617,26.899999618530273,17.377065658569336,50300
2003-09-26,26.75,26.809999465942383,26.229999542236328,26.260000228881836,16.963632583618164,34200
2003-09-29,26.200000762939453,26.3700008392334,25.989999771118164,25.989999771118164,16.789215087890625,36800
2003-09-30,26.0,26.0,25.649999618530273,25.989999771118164,16.831310272216797,85800
2003-10-01,25.649999618530273,26.079999923706055,25.649999618530273,26.079999923706055,16.88958740234375,43000
2003-10-02,26.06999969482422,26.5,25.969999313354492,26.469999313354492,17.142166137695312,42900
2003-10-03,26.399999618530273,27.0,26.399999618530273,26.700000762939453,17.29111099243164,33600
2003-10-06,26.600000381469727,26.989999771118164,26.600000381469727,26.950000762939453,17.45301628112793,19000
2003-10-07,26.75,26.989999771118164,26.600000381469727,26.889999389648438,17.414154052734375,24200
2003-10-08,26.84000015258789,26.899999618530273,26.670000076293945,26.799999237060547,17.355871200561523,24700
2003-10-09,26.600000381469727,26.899999618530273,26.600000381469727,26.719999313354492,17.304058074951172,38000
2003-10-10,26.739999771118164,26.799999237060547,26.34000015258789,26.350000381469727,17.064443588256836,36900
2003-10-13,26.25,26.469999313354492,26.1299991607666,26.229999542236328,16.98673439025879,50400
2003-10-14,26.299999237060547,26.299999237060547,25.899999618530273,26.040000915527344,16.863693237304688,51300
2003-10-15,26.040000915527344,26.200000762939453,26.030000686645508,26.149999618530273,16.9349308013916,257000
2003-10-16,26.100000381469727,26.899999618530273,26.040000915527344,26.829999923706055,17.375303268432617,43800
2003-10-17,26.75,26.84000015258789,26.510000228881836,26.6200008392334,17.23931121826172,61700
2003-10-20,26.75,26.799999237060547,26.549999237060547,26.56999969482422,17.206920623779297,24100
2003-10-21,26.510000228881836,26.799999237060547,26.43000030517578,26.68000030517578,17.278156280517578,27600
2003-10-22,26.600000381469727,26.65999984741211,26.270000457763672,26.270000457763672,17.01263999938965,32600
2003-10-23,26.100000381469727,26.170000076293945,25.959999084472656,25.989999771118164,16.831310272216797,108200
2003-10-24,25.950000762939453,26.1200008392334,25.6200008392334,25.799999237060547,16.708271026611328,54800
2003-10-27,25.8799991607666,26.190000534057617,25.8700008392334,26.09000015258789,16.896068572998047,29600
2003-10-28,26.09000015258789,26.139999389648438,25.850000381469727,26.0,16.837791442871094,40600
2003-10-29,26.0,26.0,25.700000762939453,25.889999389648438,16.766550064086914,19000
2003-10-30,25.969999313354492,25.979999542236328,25.700000762939453,25.81999969482422,16.721223831176758,43800
2003-10-31,25.81999969482422,26.0,25.5,26.0,16.837791442871094,88700
2003-11-03,26.0,26.0,25.5,25.920000076293945,16.785980224609375,137500
2003-11-04,25.950000762939453,26.309999465942383,25.8799991607666,26.309999465942383,17.03853988647461,165500
2003-11-05,26.389999389648438,26.549999237060547,26.18000030517578,26.549999237060547,17.1939640045166,34600
2003-11-06,26.5,26.5,26.350000381469727,26.420000076293945,17.109777450561523,34600
2003-11-07,26.399999618530273,26.489999771118164,26.15999984741211,26.3799991607666,17.083866119384766,40300
2003-11-10,26.049999237060547,26.280000686645508,26.0,26.079999923706055,16.88958740234375,63500
2003-11-11,26.0,26.059999465942383,25.68000030517578,25.75,16.67588996887207,73400
2003-11-12,25.75,26.020000457763672,25.75,26.020000457763672,16.850732803344727,260600
2003-11-13,26.049999237060547,26.549999237060547,26.030000686645508,26.549999237060547,17.1939640045166,35400
2003-11-14,26.549999237060547,26.670000076293945,26.469999313354492,26.489999771118164,17.15511131286621,27000
2003-11-17,26.450000762939453,26.450000762939453,25.799999237060547,25.799999237060547,16.708271026611328,53300
2003-11-18,25.899999618530273,26.1200008392334,25.770000457763672,25.809999465942383,16.714738845825195,26800
2003-11-19,25.809999465942383,25.809999465942383,25.56999969482422,25.56999969482422,16.559303283691406,218200
2003-11-20,25.6299991607666,25.709999084472656,25.420000076293945,25.43000030517578,16.468647003173828,51100
2003-11-21,25.549999237060547,25.649999618530273,25.399999618530273,25.479999542236328,16.50103759765625,44500
2003-11-24,25.5,25.75,25.469999313354492,25.700000762939453,16.64350700378418,108500
2003-11-25,25.850000381469727,26.09000015258789,25.770000457763672,25.799999237060547,16.708271026611328,276800
2003-11-26,25.799999237060547,26.0,25.700000762939453,25.81999969482422,16.721223831176758,123500
2003-11-28,25.899999618530273,26.049999237060547,25.799999237060547,26.0,16.837791442871094,104900
2003-12-01,26.0,26.100000381469727,25.770000457763672,25.81999969482422,16.721223831176758,236200
2003-12-02,25.84000015258789,25.84000015258789,25.68000030517578,25.68000030517578,16.63054656982422,84900
2003-12-03,25.68000030517578,26.110000610351562,25.68000030517578,26.0,16.837791442871094,94400
2003-12-04,26.0,26.049999237060547,25.309999465942383,25.479999542236328,16.50103759765625,105200
2003-12-05,25.43000030517578,25.43000030517578,24.860000610351562,24.920000076293945,16.13837242126465,125600
2003-12-08,25.049999237060547,25.389999389648438,24.959999084472656,25.100000381469727,16.254940032958984,221700
2003-12-09,24.850000381469727,25.09000015258789,24.0,24.239999771118164,15.698001861572266,270700
2003-12-10,24.0,24.479999542236328,24.0,24.399999618530273,15.801615715026855,175000
2003-12-11,24.399999618530273,24.860000610351562,24.260000228881836,24.780000686645508,16.047706604003906,195300
2003-12-12,24.729999542236328,24.850000381469727,24.600000381469727,24.739999771118164,16.021804809570312,70700
2003-12-15,25.049999237060547,25.100000381469727,24.690000534057617,24.75,16.028274536132812,145600
2003-12-16,24.75,24.850000381469727,24.65999984741211,24.81999969482422,16.073619842529297,103500
2003-12-17,24.850000381469727,25.3700008392334,24.75,25.350000381469727,16.41684341430664,206000
2003-12-18,25.450000762939453,25.799999237060547,25.25,25.700000762939453,16.64350700378418,187400
2003-12-19,25.649999618530273,25.649999618530273,25.110000610351562,25.309999465942383,16.390933990478516,154000
2003-12-22,25.549999237060547,25.56999969482422,25.200000762939453,25.399999618530273,16.449220657348633,132800
2003-12-23,25.399999618530273,25.559999465942383,25.3799991607666,25.469999313354492,16.53687286376953,70800
2003-12-24,25.549999237060547,25.670000076293945,25.360000610351562,25.600000381469727,16.621278762817383,36700
2003-12-26,25.520000457763672,25.540000915527344,25.25,25.3799991607666,16.478429794311523,51000
2003-12-29,25.399999618530273,26.1200008392334,25.350000381469727,26.049999237060547,16.91344451904297,117700
2003-12-30,26.399999618530273,26.399999618530273,25.920000076293945,26.309999465942383,17.082250595092773,440400
2003-12-31,26.309999465942383,26.399999618530273,25.799999237060547,26.030000686645508,16.900468826293945,101000
2004-01-02,26.040000915527344,26.389999389648438,26.0,26.34000015258789,17.10173988342285,116100
2004-01-05,26.850000381469727,26.850000381469727,26.43000030517578,26.43000030517578,17.160173416137695,118100
2004-01-06,26.31999969482422,26.520000457763672,26.260000228881836,26.43000030517578,17.160173416137695,78300
2004-01-07,26.399999618530273,26.799999237060547,26.399999618530273,26.649999618530273,17.303014755249023,148000
2004-01-08,26.799999237060547,26.899999618530273,26.549999237060547,26.799999237060547,17.400402069091797,71400
2004-01-09,26.75,26.899999618530273,26.6200008392334,26.6299991607666,17.290021896362305,101800
2004-01-12,26.68000030517578,26.68000030517578,26.149999618530273,26.149999618530273,16.97837257385254,63500
2004-01-13,26.200000762939453,26.5,26.049999237060547,26.350000381469727,17.10822868347168,83200
2004-01-14,26.110000610351562,26.829999923706055,26.059999465942383,26.6299991607666,17.290021896362305,120800
2004-01-15,26.649999618530273,26.649999618530273,26.350000381469727,26.43000030517578,17.160173416137695,69500
2004-01-16,26.549999237060547,26.75,26.479999542236328,26.510000228881836,17.21211051940918,31200
2004-01-20,26.600000381469727,26.850000381469727,26.559999465942383,26.829999923706055,17.419876098632812,84500
2004-01-21,26.899999618530273,26.899999618530273,26.520000457763672,26.59000015258789,17.264060974121094,48200
2004-01-22,26.850000381469727,26.850000381469727,26.40999984741211,26.579999923706055,17.257553100585938,69800
2004-01-23,26.579999923706055,26.68000030517578,26.290000915527344,26.399999618530273,17.14069366455078,63700
2004-01-26,26.600000381469727,26.81999969482422,26.549999237060547,26.81999969482422,17.413387298583984,44100
2004-01-27,26.799999237060547,27.06999969482422,26.700000762939453,26.709999084472656,17.341968536376953,197000
2004-01-28,26.75,26.84000015258789,26.31999969482422,26.329999923706055,17.09523582458496,52300
2004-01-29,26.450000762939453,26.600000381469727,26.25,26.25,17.043302536010742,53200
2004-01-30,26.399999618530273,26.75,26.209999084472656,26.75,17.367938995361328,75600
2004-02-02,26.75,26.950000762939453,26.540000915527344,26.59000015258789,17.264060974121094,49100
2004-02-03,26.690000534057617,26.8799991607666,26.350000381469727,26.350000381469727,17.10822868347168,94600
2004-02-04,26.200000762939453,26.6299991607666,26.200000762939453,26.309999465942383,17.082250595092773,49300
2004-02-05,26.229999542236328,26.399999618530273,26.200000762939453,26.350000381469727,17.10822868347168,109400
2004-02-06,26.350000381469727,26.479999542236328,26.270000457763672,26.43000030517578,17.160173416137695,85300
2004-02-09,26.420000076293945,26.739999771118164,26.40999984741211,26.639999389648438,17.296518325805664,62900
2004-02-10,26.719999313354492,26.950000762939453,26.700000762939453,26.850000381469727,17.432870864868164,167600
2004-02-11,26.600000381469727,27.290000915527344,26.600000381469727,26.969999313354492,17.510774612426758,147200
2004-02-12,26.899999618530273,27.100000381469727,26.799999237060547,26.899999618530273,17.465330123901367,89400
2004-02-13,26.81999969482422,27.0,26.780000686645508,26.899999618530273,17.465330123901367,46000
2004-02-17,26.979999542236328,27.25,26.979999542236328,27.100000381469727,17.59518051147461,122300
2004-02-18,27.100000381469727,27.149999618530273,26.950000762939453,27.059999465942383,17.5692138671875,110200
2004-02-19,27.0,27.100000381469727,26.75,26.799999237060547,17.400402069091797,76400
2004-02-20,26.600000381469727,26.8799991607666,26.510000228881836,26.649999618530273,17.303014755249023,57700
2004-02-23,26.700000762939453,26.950000762939453,26.700000762939453,26.889999389648438,17.45883560180664,45900
2004-02-24,26.799999237060547,26.799999237060547,26.549999237060547,26.579999923706055,17.257553100585938,40900
2004-02-25,26.6200008392334,26.6200008392334,26.350000381469727,26.510000228881836,17.21211051940918,37800
2004-02-26,26.479999542236328,26.639999389648438,26.299999237060547,26.399999618530273,17.14069366455078,82900
2004-02-27,26.399999618530273,26.610000610351562,26.1299991607666,26.290000915527344,17.06926727294922,92500
2004-03-01,26.399999618530273,26.600000381469727,26.260000228881836,26.280000686645508,17.062776565551758,86900
2004-03-02,26.600000381469727,27.100000381469727,26.600000381469727,27.0,17.530250549316406,186300
2004-03-03,27.049999237060547,27.18000030517578,26.940000534057617,27.010000228881836,17.5367431640625,44500
2004-03-04,27.020000457763672,27.239999771118164,26.989999771118164,27.15999984741211,17.634140014648438,302000
2004-03-05,27.219999313354492,28.0,27.219999313354492,27.969999313354492,18.16004180908203,116300
2004-03-08,27.969999313354492,28.100000381469727,27.860000610351562,28.100000381469727,18.244449615478516,88400
2004-03-09,28.100000381469727,28.229999542236328,28.079999923706055,28.219999313354492,18.322368621826172,145000
2004-03-10,28.25,28.3799991607666,28.15999984741211,28.299999237060547,18.374296188354492,124600
2004-03-11,28.299999237060547,29.079999923706055,28.299999237060547,28.850000381469727,18.73140525817871,247700
2004-03-12,28.850000381469727,29.190000534057617,28.75,29.110000610351562,18.900211334228516,175800
2004-03-15,29.110000610351562,29.18000030517578,28.799999237060547,29.110000610351562,18.900211334228516,171200
2004-03-16,28.950000762939453,29.149999618530273,28.850000381469727,29.110000610351562,18.900211334228516,108100
2004-03-17,29.100000381469727,29.450000762939453,29.06999969482422,29.329999923706055,19.04305076599121,38900
2004-03-18,29.25,29.389999389648438,29.100000381469727,29.309999465942383,19.030061721801758,54400
2004-03-19,29.549999237060547,29.549999237060547,29.399999618530273,29.420000076293945,19.10148811340332,45300
2004-03-22,29.3700008392334,29.549999237060547,29.079999923706055,29.079999923706055,18.88072395324707,83700
2004-03-23,28.950000762939453,29.200000762939453,28.899999618530273,29.110000610351562,18.900211334228516,77700
2004-03-24,29.049999237060547,29.5,29.0,29.200000762939453,18.95864486694336,126700
2004-03-25,29.149999618530273,29.329999923706055,29.010000228881836,29.079999923706055,18.88072395324707,92900
2004-03-26,29.06999969482422,29.649999618530273,29.0,29.520000457763672,19.16641616821289,54700
2004-03-29,29.420000076293945,29.799999237060547,29.420000076293945,29.799999237060547,19.348207473754883,39100
2004-03-30,29.75,29.760000228881836,29.610000610351562,29.700000762939453,19.283288955688477,119400
2004-03-31,29.600000381469727,29.969999313354492,29.600000381469727,29.93000030517578,19.47523307800293,200800
2004-04-01,29.93000030517578,30.3799991607666,29.860000610351562,30.190000534057617,19.644412994384766,178800
2004-04-02,30.200000762939453,31.469999313354492,30.200000762939453,31.299999237060547,20.36668586730957,92100
2004-04-05,31.100000381469727,31.600000381469727,30.950000762939453,31.579999923706055,20.548877716064453,118800
2004-04-06,31.5,31.5,31.0,31.040000915527344,20.197505950927734,48800
2004-04-07,30.940000534057617,31.049999237060547,30.450000762939453,30.489999771118164,19.83962059020996,53800
2004-04-08,30.360000610351562,31.030000686645508,30.360000610351562,31.0,20.171472549438477,47500
2004-04-12,31.040000915527344,31.040000915527344,30.469999313354492,30.530000686645508,19.865652084350586,45000
2004-04-13,30.600000381469727,30.65999984741211,30.350000381469727,30.459999084472656,19.82010269165039,48300
2004-04-14,30.209999084472656,30.649999618530273,30.110000610351562,30.549999237060547,19.878662109375,66800
2004-04-15,30.649999618530273,30.899999618530273,30.649999618530273,30.799999237060547,20.04132843017578,48500
2004-04-16,30.700000762939453,30.889999389648438,30.6299991607666,30.770000457763672,20.021812438964844,19500
2004-04-19,30.700000762939453,31.299999237060547,30.510000228881836,31.299999237060547,20.36668586730957,44600
2004-04-20,31.299999237060547,31.299999237060547,30.6299991607666,31.0,20.171472549438477,38000
2004-04-21,31.0,31.0,30.68000030517578,30.68000030517578,19.963253021240234,51700
2004-04-22,30.68000030517578,31.270000457763672,30.600000381469727,31.049999237060547,20.20400619506836,33300
2004-04-23,31.0,31.549999237060547,30.75,31.5,20.496822357177734,39300
2004-04-26,31.399999618530273,31.450000762939453,30.780000686645508,30.790000915527344,20.03483009338379,24800
2004-04-27,30.790000915527344,30.899999618530273,30.600000381469727,30.700000762939453,19.976268768310547,31900
2004-04-28,30.700000762939453,30.700000762939453,30.0,30.139999389648438,19.61187171936035,62200
2004-04-29,29.93000030517578,30.75,29.899999618530273,30.260000228881836,19.68996238708496,56700
2004-04-30,30.360000610351562,30.799999237060547,30.299999237060547,30.600000381469727,19.911205291748047,33100
2004-05-03,30.399999618530273,30.799999237060547,30.100000381469727,30.639999389648438,19.937227249145508,34700
2004-05-04,30.639999389648438,30.700000762939453,30.469999313354492,30.690000534057617,19.96976089477539,23000
2004-05-05,30.5,30.889999389648438,30.5,30.600000381469727,19.911205291748047,32100
2004-05-06,30.600000381469727,30.600000381469727,30.100000381469727,30.399999618530273,19.781063079833984,25000
2004-05-07,30.299999237060547,30.299999237060547,29.600000381469727,29.799999237060547,19.390649795532227,34300
2004-05-10,29.700000762939453,29.700000762939453,29.0,29.270000457763672,19.0457763671875,41100
2004-05-11,29.149999618530273,29.459999084472656,29.09000015258789,29.31999969482422,19.078310012817383,25900
2004-05-12,29.149999618530273,29.719999313354492,28.799999237060547,29.530000686645508,19.214963912963867,54500
2004-05-13,29.5,30.5,29.5,30.149999618530273,19.618377685546875,49000
2004-05-14,30.020000457763672,30.440000534057617,30.0,30.350000381469727,19.748517990112305,25000
2004-05-17,30.360000610351562,30.360000610351562,29.520000457763672,29.75,19.358104705810547,42100
2004-05-18,30.0,30.450000762939453,30.0,30.059999465942383,19.559825897216797,45500
2004-05-19,30.200000762939453,30.299999237060547,30.0,30.149999618530273,19.618377685546875,49000
2004-05-20,30.25,30.5,30.040000915527344,30.479999542236328,19.83311653137207,59900
2004-05-21,30.549999237060547,31.5,30.469999313354492,31.25,20.33415412902832,92600
2004-05-24,31.299999237060547,31.5,31.020000457763672,31.06999969482422,20.217021942138672,10600
2004-05-25,31.200000762939453,31.309999465942383,31.0,31.149999618530273,20.269079208374023,58400
2004-05-26,31.049999237060547,31.600000381469727,31.030000686645508,31.600000381469727,20.56188201904297,42900
2004-05-27,31.549999237060547,31.84000015258789,31.479999542236328,31.530000686645508,20.51634407043457,38900
2004-05-28,31.780000686645508,31.860000610351562,31.670000076293945,31.799999237060547,20.69202423095703,30400
2004-06-01,31.799999237060547,31.799999237060547,31.510000228881836,31.649999618530273,20.59442138671875,25600
2004-06-02,31.700000762939453,31.90999984741211,31.479999542236328,31.780000686645508,20.67902183532715,74900
2004-06-03,31.780000686645508,32.06999969482422,31.6299991607666,31.68000030517578,20.613948822021484,58500
2004-06-04,31.75,31.809999465942383,31.540000915527344,31.600000381469727,20.56188201904297,21500
2004-06-07,31.610000610351562,31.799999237060547,31.520000457763672,31.799999237060547,20.69202423095703,25000
2004-06-08,31.649999618530273,31.899999618530273,31.5,31.559999465942383,20.535860061645508,36000
2004-06-09,31.520000457763672,31.899999618530273,31.520000457763672,31.75,20.65949821472168,29900
2004-06-10,31.75,31.989999771118164,31.56999969482422,31.690000534057617,20.620447158813477,21200
2004-06-14,31.520000457763672,31.690000534057617,31.299999237060547,31.600000381469727,20.56188201904297,52200
2004-06-15,31.520000457763672,32.0,31.510000228881836,31.75,20.65949821472168,82100
2004-06-16,31.799999237060547,32.060001373291016,31.75,32.04999923706055,20.85470199584961,68200
2004-06-17,33.5,33.5,32.29999923706055,32.45000076293945,21.1149845123291,109300
2004-06-18,32.459999084472656,32.459999084472656,31.829999923706055,31.829999923706055,20.711551666259766,67600
2004-06-21,31.579999923706055,31.81999969482422,31.010000228881836,31.399999618530273,20.431751251220703,115300
2004-06-22,31.350000381469727,31.520000457763672,31.100000381469727,31.489999771118164,20.490320205688477,105800
2004-06-23,31.59000015258789,31.90999984741211,31.469999313354492,31.889999389648438,20.750587463378906,53000
2004-06-24,31.690000534057617,31.719999313354492,31.1299991607666,31.469999313354492,20.477298736572266,44700
2004-06-25,31.56999969482422,32.040000915527344,31.0,31.0,20.171472549438477,56500
2004-06-28,31.25,32.45000076293945,31.25,32.0099983215332,20.82867431640625,82400
2004-06-29,32.0,33.20000076293945,32.0,32.77000045776367,21.323204040527344,104100
2004-06-30,32.70000076293945,32.959999084472656,32.0,32.0,20.82216453552246,57500
2004-07-01,32.11000061035156,32.68899917602539,32.0,32.43000030517578,21.15153694152832,37100
2004-07-02,32.33000183105469,32.400001525878906,32.099998474121094,32.27000045776367,21.047189712524414,13300
2004-07-06,32.369998931884766,32.369998931884766,32.0,32.0099983215332,20.877605438232422,13500
2004-07-07,32.099998474121094,32.20000076293945,32.0,32.04999923706055,20.9036922454834,29500
2004-07-08,32.02000045776367,32.95000076293945,32.02000045776367,32.459999084472656,21.171113967895508,47500
2004-07-09,32.36000061035156,32.369998931884766,32.0,32.02000045776367,20.884130477905273,34000
2004-07-12,32.119998931884766,32.119998931884766,31.709999084472656,31.799999237060547,20.740636825561523,24200
2004-07-13,31.649999618530273,31.829999923706055,31.40999984741211,31.510000228881836,20.55150032043457,52200
2004-07-14,31.420000076293945,31.75,31.020000457763672,31.100000381469727,20.28409194946289,37900
2004-07-15,31.100000381469727,31.649999618530273,30.93000030517578,31.100000381469727,20.28409194946289,31500
2004-07-16,30.950000762939453,31.399999618530273,30.950000762939453,31.239999771118164,20.375396728515625,20200
2004-07-19,31.389999389648438,31.649999618530273,31.239999771118164,31.639999389648438,20.636281967163086,54300
2004-07-20,31.489999771118164,31.700000762939453,31.049999237060547,31.200000762939453,20.34930419921875,58200
2004-07-21,31.25,31.350000381469727,30.889999389648438,30.899999618530273,20.15363311767578,45700
2004-07-22,30.799999237060547,31.0,30.459999084472656,30.68000030517578,20.010154724121094,21200
2004-07-23,30.93000030517578,31.75,30.93000030517578,31.530000686645508,20.564538955688477,44200
2004-07-26,31.649999618530273,32.09000015258789,31.649999618530273,32.060001373291016,20.91022491455078,53300
2004-07-27,32.25,32.380001068115234,32.150001525878906,32.150001525878906,20.968915939331055,34000
2004-07-28,32.150001525878906,32.45000076293945,32.150001525878906,32.25,21.034151077270508,33000
2004-07-29,32.45000076293945,32.9900016784668,32.45000076293945,32.540000915527344,21.223283767700195,73100
2004-07-30,32.70000076293945,32.7400016784668,32.36000061035156,32.36000061035156,21.105884552001953,43300
2004-08-02,32.36000061035156,32.97999954223633,32.13999938964844,32.93000030517578,21.4776554107666,29800
2004-08-03,32.93000030517578,33.04999923706055,32.75,33.04999923706055,21.555917739868164,65300
2004-08-04,32.900001525878906,33.380001068115234,32.779998779296875,33.04999923706055,21.555917739868164,62300
2004-08-05,32.93000030517578,32.93000030517578,32.630001068115234,32.66999816894531,21.308073043823242,25600
2004-08-06,32.650001525878906,33.099998474121094,32.529998779296875,32.529998779296875,21.216766357421875,27800
2004-08-09,32.0,32.220001220703125,31.0,31.0,20.218862533569336,63100
2004-08-10,31.049999237060547,31.610000610351562,31.0,31.579999923706055,20.597152709960938,86700
2004-08-11,31.75,32.65999984741211,31.65999984741211,32.63999938964844,21.28849983215332,62100
2004-08-12,32.599998474121094,33.119998931884766,32.59000015258789,32.84000015258789,21.4189510345459,104200
2004-08-13,32.75,32.81999969482422,32.22999954223633,32.29999923706055,21.066747665405273,37800
2004-08-16,32.209999084472656,32.439998626708984,32.209999084472656,32.400001525878906,21.131982803344727,28000
2004-08-17,32.47999954223633,32.75,32.400001525878906,32.40999984741211,21.13849449157715,41800
2004-08-18,32.40999984741211,32.75,32.279998779296875,32.70000076293945,21.327632904052734,26100
2004-08-19,32.79999923706055,32.79999923706055,32.25,32.38999938964844,21.125452041625977,36900
2004-08-20,32.29999923706055,32.79999923706055,32.29999923706055,32.70000076293945,21.327632904052734,28400
2004-08-23,32.599998474121094,32.650001525878906,32.5,32.529998779296875,21.216766357421875,12800
2004-08-24,32.45000076293945,32.650001525878906,32.29999923706055,32.34000015258789,21.09284019470215,18000
2004-08-25,32.34000015258789,32.599998474121094,32.33000183105469,32.38999938964844,21.125452041625977,15400
2004-08-26,32.29999923706055,32.400001525878906,32.0,32.0,20.8710880279541,42500
2004-08-27,32.06999969482422,32.29999923706055,31.920000076293945,32.099998474121094,20.93630027770996,34000
2004-08-30,32.20000076293945,32.290000915527344,31.950000762939453,31.950000762939453,20.838476181030273,26000
2004-08-31,32.0,32.29999923706055,31.709999084472656,31.709999084472656,20.681934356689453,39000
2004-09-01,31.709999084472656,31.84000015258789,31.450000762939453,31.530000686645508,20.564538955688477,77700
2004-09-02,31.549999237060547,31.65999984741211,31.209999084472656,31.399999618530273,20.47975730895996,61900
2004-09-03,31.280000686645508,31.5,31.0,31.350000381469727,20.447141647338867,74200
2004-09-07,31.399999618530273,32.95000076293945,31.299999237060547,32.95000076293945,21.490686416625977,130900
2004-09-08,32.95000076293945,32.95000076293945,32.66999816894531,32.779998779296875,21.379819869995117,64100
2004-09-09,32.70000076293945,32.900001525878906,32.599998474121094,32.709999084472656,21.334157943725586,38600
2004-09-10,32.650001525878906,32.75,32.369998931884766,32.369998931884766,21.112401962280273,41900
2004-09-13,32.25,32.83000183105469,32.25,32.7599983215332,21.366775512695312,29800
2004-09-14,32.83000183105469,32.83000183105469,32.43000030517578,32.540000915527344,21.223283767700195,18400
2004-09-15,32.599998474121094,32.599998474121094,32.349998474121094,32.45000076293945,21.16458511352539,83800
2004-09-16,32.400001525878906,32.54999923706055,32.400001525878906,32.5,21.197193145751953,29800
2004-09-17,32.41999816894531,32.41999816894531,32.20000076293945,32.20000076293945,21.00152587890625,36700
2004-09-20,32.20000076293945,32.58000183105469,32.20000076293945,32.58000183105469,21.249378204345703,10400
2004-09-21,32.540000915527344,32.540000915527344,32.029998779296875,32.310001373291016,21.07327651977539,21700
2004-09-22,31.700000762939453,32.099998474121094,31.5,31.780000686645508,20.727598190307617,48200
2004-09-23,31.68000030517578,31.700000762939453,31.149999618530273,31.59000015258789,20.603675842285156,26600
2004-09-24,31.440000534057617,31.850000381469727,31.43000030517578,31.59000015258789,20.603675842285156,18200
2004-09-27,31.649999618530273,32.0,31.299999237060547,31.610000610351562,20.616718292236328,29300
2004-09-28,31.510000228881836,31.510000228881836,30.81999969482422,31.329999923706055,20.434099197387695,30000
2004-09-29,31.100000381469727,32.060001373291016,30.950000762939453,31.670000076293945,20.705427169799805,77000
2004-09-30,31.6200008392334,32.45000076293945,31.399999618530273,31.950000762939453,20.888473510742188,136300
2004-10-01,31.700000762939453,32.41999816894531,31.489999771118164,32.119998931884766,20.999622344970703,125100
2004-10-04,32.31999969482422,32.849998474121094,32.31999969482422,32.70000076293945,21.37881851196289,30200
2004-10-05,32.79999923706055,32.849998474121094,32.599998474121094,32.720001220703125,21.391902923583984,24200
2004-10-06,32.779998779296875,32.90999984741211,32.56999969482422,32.880001068115234,21.496509552001953,35700
2004-10-07,32.79999923706055,32.900001525878906,32.45000076293945,32.5,21.248065948486328,24200
2004-10-08,32.5099983215332,32.5099983215332,32.130001068115234,32.369998931884766,21.163068771362305,6500
2004-10-11,32.54999923706055,32.93000030517578,32.04999923706055,32.630001068115234,21.333053588867188,34000
2004-10-12,32.54999923706055,32.88999938964844,32.400001525878906,32.52000045776367,21.26113510131836,28800
2004-10-13,32.5,32.95000076293945,32.29999923706055,32.790000915527344,21.43765640258789,40000
2004-10-14,32.900001525878906,32.900001525878906,32.56999969482422,32.59000015258789,21.306903839111328,29000
2004-10-15,32.599998474121094,32.70000076293945,32.36000061035156,32.400001525878906,21.182693481445312,17800
2004-10-18,32.29999923706055,32.40999984741211,32.2400016784668,32.2599983215332,21.091156005859375,25000
2004-10-19,32.400001525878906,32.4900016784668,31.799999237060547,31.899999618530273,20.855791091918945,47000
2004-10-20,31.899999618530273,31.979999542236328,31.579999923706055,31.979999542236328,20.90808868408203,31100
2004-10-21,32.0,32.08000183105469,31.834999084472656,31.979999542236328,20.90808868408203,37100
2004-10-22,31.850000381469727,32.119998931884766,31.729999542236328,31.8799991607666,20.842714309692383,19700
2004-10-25,31.5,32.060001373291016,31.420000076293945,31.899999618530273,20.855791091918945,18300
2004-10-26,31.760000228881836,32.45000076293945,31.709999084472656,31.780000686645508,20.777334213256836,27400
2004-10-27,31.530000686645508,32.88999938964844,31.489999771118164,32.88999938964844,21.503034591674805,35800
2004-10-28,32.63999938964844,32.70000076293945,32.22999954223633,32.400001525878906,21.182693481445312,21300
2004-10-29,32.25,32.52000045776367,32.220001220703125,32.45000076293945,21.215368270874023,37700
2004-11-01,32.400001525878906,32.95000076293945,32.150001525878906,32.95000076293945,21.542264938354492,41100
2004-11-02,32.97999954223633,33.0,32.349998474121094,32.560001373291016,21.28728485107422,37700
2004-11-03,32.619998931884766,32.79999923706055,32.400001525878906,32.72999954223633,21.3984375,65100
2004-11-04,32.7400016784668,33.2599983215332,32.599998474121094,33.25,21.7384033203125,78600
2004-11-05,33.150001525878906,33.15999984741211,32.470001220703125,32.5099983215332,21.25459861755371,77600
2004-11-08,32.45000076293945,33.13999938964844,32.45000076293945,32.880001068115234,21.496509552001953,47100
2004-11-09,33.04999923706055,33.20000076293945,32.650001525878906,32.68000030517578,21.365739822387695,68400
2004-11-10,32.68000030517578,33.0,32.599998474121094,33.0,21.57494354248047,242000
2004-11-11,33.0,33.5,33.0,33.25,21.7384033203125,148600
2004-11-12,33.27000045776367,33.41999816894531,33.130001068115234,33.279998779296875,21.758010864257812,20600
2004-11-15,32.54999923706055,33.099998474121094,32.5099983215332,33.0,21.57494354248047,46100
2004-11-16,32.849998474121094,33.060001373291016,32.4900016784668,32.5,21.248065948486328,75300
2004-11-17,32.5,32.560001373291016,32.06999969482422,32.439998626708984,21.208839416503906,89600
2004-11-18,32.439998626708984,33.150001525878906,32.400001525878906,32.61000061035156,21.319974899291992,74700
2004-11-19,32.45000076293945,32.88999938964844,32.400001525878906,32.75,21.4114990234375,39700
2004-11-22,32.81999969482422,33.09000015258789,32.81999969482422,32.900001525878906,21.50957489013672,34500
2004-11-23,32.75,33.16999816894531,32.75,32.97999954223633,21.561887741088867,32200
2004-11-24,32.900001525878906,33.29999923706055,32.900001525878906,32.97999954223633,21.561887741088867,73300
2004-11-26,33.20000076293945,33.439998626708984,33.15999984741211,33.29999923706055,21.771093368530273,27800
2004-11-29,33.79999923706055,33.79999923706055,33.29999923706055,33.599998474121094,21.967222213745117,45300
2004-11-30,33.349998474121094,33.75,33.04999923706055,33.04999923706055,21.607637405395508,75800
2004-12-01,33.04999923706055,33.54999923706055,32.93000030517578,33.349998474121094,21.803773880004883,51800
2004-12-02,33.36000061035156,33.5099983215332,33.310001373291016,33.310001373291016,21.777626037597656,23500
2004-12-03,33.209999084472656,33.5,33.099998474121094,33.279998779296875,21.758010864257812,40500
2004-12-06,33.04999923706055,33.599998474121094,33.04999923706055,33.38999938964844,21.829931259155273,81200
2004-12-07,33.5,33.599998474121094,33.029998779296875,33.220001220703125,21.718788146972656,98800
2004-12-08,33.29999923706055,33.70000076293945,33.220001220703125,33.650001525878906,21.999910354614258,57800
2004-12-09,33.68000030517578,34.08000183105469,33.52000045776367,33.880001068115234,22.15028953552246,89100
2004-12-10,33.95000076293945,33.97999954223633,33.5099983215332,33.970001220703125,22.20912742614746,42000
2004-12-13,33.849998474121094,34.52000045776367,33.849998474121094,34.52000045776367,22.568716049194336,74700
2004-12-14,35.20000076293945,35.58000183105469,34.52000045776367,34.849998474121094,22.784454345703125,69100
2004-12-15,35.0,35.099998474121094,34.650001525878906,35.099998474121094,22.94791030883789,31900
2004-12-16,35.349998474121094,35.349998474121094,34.75,35.0,22.882530212402344,106600
2004-12-17,35.25,35.25,34.70000076293945,34.95000076293945,22.849834442138672,51100
2004-12-20,34.849998474121094,34.849998474121094,34.060001373291016,34.06999969482422,22.274511337280273,38700
2004-12-21,34.0,34.38999938964844,33.900001525878906,34.20000076293945,22.3594970703125,90900
2004-12-22,34.099998474121094,34.599998474121094,34.06999969482422,34.2400016784668,22.38565444946289,49300
2004-12-23,34.40999984741211,34.439998626708984,33.900001525878906,34.220001220703125,22.421689987182617,34000
2004-12-27,34.25,34.630001068115234,33.65999984741211,34.33000183105469,22.49376106262207,58100
2004-12-28,34.349998474121094,34.5,33.70000076293945,34.43000030517578,22.559284210205078,64600
2004-12-29,34.349998474121094,34.959999084472656,34.29999923706055,34.939998626708984,22.893449783325195,41900
2004-12-30,34.849998474121094,34.849998474121094,34.5,34.650001525878906,22.70342254638672,22300
2004-12-31,34.650001525878906,34.900001525878906,34.650001525878906,34.84000015258789,22.827926635742188,24000
2005-01-03,34.84000015258789,34.95000076293945,34.5,34.52000045776367,22.618257522583008,37500
2005-01-04,34.099998474121094,35.09000015258789,34.099998474121094,34.70000076293945,22.736190795898438,56100
2005-01-05,34.45000076293945,34.70000076293945,34.220001220703125,34.5,22.60515594482422,57900
2005-01-06,34.5,35.09000015258789,34.4900016784668,34.900001525878906,22.867244720458984,124000
2005-01-07,34.970001220703125,35.06999969482422,34.52000045776367,34.90999984741211,22.873779296875,45800
2005-01-10,35.0,35.2400016784668,34.91999816894531,34.91999816894531,22.88034439086914,45300
2005-01-11,35.0,35.18000030517578,34.7400016784668,34.81999969482422,22.8148193359375,48200
2005-01-12,34.97999954223633,35.220001220703125,34.68000030517578,34.72999954223633,22.755859375,89300
2005-01-13,34.79999923706055,35.33000183105469,34.529998779296875,34.95000076293945,22.899988174438477,77100
2005-01-14,34.97999954223633,34.97999954223633,34.20000076293945,34.5099983215332,22.61170196533203,33300
2005-01-18,34.5099983215332,34.790000915527344,34.29999923706055,34.66999816894531,22.716541290283203,47600
2005-01-19,34.75,34.959999084472656,34.5,34.720001220703125,22.74929428100586,30400
2005-01-20,34.70000076293945,35.4900016784668,34.68000030517578,35.25,23.0965633392334,33100
2005-01-21,35.099998474121094,35.099998474121094,34.040000915527344,34.18000030517578,22.39547348022461,76300
2005-01-24,34.279998779296875,34.404998779296875,34.0,34.099998474121094,22.343059539794922,37300
2005-01-25,34.04999923706055,34.290000915527344,33.779998779296875,34.20000076293945,22.40858268737793,78900
2005-01-26,34.849998474121094,34.849998474121094,33.400001525878906,33.7599983215332,22.120285034179688,62900
2005-01-27,33.7599983215332,33.83000183105469,33.439998626708984,33.45000076293945,21.91716766357422,22600
2005-01-28,33.45000076293945,33.959999084472656,33.099998474121094,33.5,21.949926376342773,74200
2005-01-31,33.099998474121094,33.65999984741211,33.099998474121094,33.650001525878906,22.048198699951172,22600
2005-02-01,33.599998474121094,34.130001068115234,33.560001373291016,34.130001068115234,22.362722396850586,36100
2005-02-02,34.25,34.25,33.29999923706055,33.52000045776367,21.963027954101562,35500
2005-02-03,33.31999969482422,34.040000915527344,33.31999969482422,34.0099983215332,22.284086227416992,30100
2005-02-04,34.0099983215332,34.310001373291016,34.0,34.25,22.44133949279785,53600
2005-02-07,34.279998779296875,34.400001525878906,34.04999923706055,34.29999923706055,22.474105834960938,39700
2005-02-08,34.52000045776367,34.939998626708984,34.27000045776367,34.54999923706055,22.63790512084961,62300
2005-02-09,34.29999923706055,34.4900016784668,34.04999923706055,34.150001525878906,22.375818252563477,58600
2005-02-10,34.060001373291016,34.560001373291016,34.060001373291016,34.5,22.60515594482422,42200
2005-02-11,34.900001525878906,35.29999923706055,34.7400016784668,35.08000183105469,22.985183715820312,51800
2005-02-14,35.25,35.45000076293945,35.099998474121094,35.2599983215332,23.103120803833008,34000
2005-02-15,35.20000076293945,35.650001525878906,35.15999984741211,35.54999923706055,23.29312515258789,56500
2005-02-16,35.54999923706055,35.560001373291016,35.040000915527344,35.09000015258789,22.991735458374023,21700
2005-02-17,35.0,35.68000030517578,35.0,35.5,23.260374069213867,45200
2005-02-18,35.29999923706055,35.43000030517578,35.099998474121094,35.20000076293945,23.063800811767578,24900
2005-02-22,35.22999954223633,35.22999954223633,34.400001525878906,34.400001525878906,22.539627075195312,49400
2005-02-23,34.29999923706055,35.13999938964844,34.29999923706055,34.349998474121094,22.50685691833496,60000
2005-02-24,34.04999923706055,34.459999084472656,33.58000183105469,34.0,22.27753448486328,75000
2005-02-25,34.20000076293945,34.869998931884766,33.97999954223633,34.75,22.76896095275879,63900
2005-02-28,34.95000076293945,35.150001525878906,34.529998779296875,34.75,22.76896095275879,41000
2005-03-01,35.25,35.5,34.290000915527344,34.72999954223633,22.755859375,76500
2005-03-02,35.0,35.38999938964844,35.0,35.29999923706055,23.129331588745117,70700
2005-03-03,35.5,35.650001525878906,34.4900016784668,35.25,23.0965633392334,69700
2005-03-04,35.150001525878906,35.59000015258789,35.0,35.150001525878906,23.031047821044922,60700
2005-03-07,34.5,35.119998931884766,34.5,35.029998779296875,22.952423095703125,46600
2005-03-08,35.029998779296875,35.630001068115234,34.7400016784668,35.349998474121094,23.162086486816406,92900
2005-03-09,35.369998931884766,35.54999923706055,35.209999084472656,35.25,23.0965633392334,114700
2005-03-10,35.279998779296875,35.470001220703125,34.75,35.099998474121094,22.998289108276367,81000
2005-03-11,35.16999816894531,35.349998474121094,35.099998474121094,35.25,23.0965633392334,157400
2005-03-14,35.400001525878906,35.439998626708984,35.279998779296875,35.400001525878906,23.19485092163086,150500
2005-03-15,35.5,36.0099983215332,35.459999084472656,35.599998474121094,23.325899124145508,89100
2005-03-16,35.599998474121094,36.150001525878906,35.400001525878906,35.90999984741211,23.52900505065918,95700
2005-03-17,36.15999984741211,36.29999923706055,35.900001525878906,36.11000061035156,23.66005516052246,75800
2005-03-18,36.20000076293945,36.2599983215332,35.709999084472656,36.0099983215332,23.59454345703125,90200
2005-03-21,35.95000076293945,35.959999084472656,35.099998474121094,35.439998626708984,23.221050262451172,49800
2005-03-22,35.0,36.08000183105469,35.0,35.59000015258789,23.319339752197266,83000
2005-03-23,35.59000015258789,35.790000915527344,35.290000915527344,35.439998626708984,23.221050262451172,57700
2005-03-24,35.29999923706055,35.65999984741211,34.77000045776367,35.31999969482422,23.142431259155273,49700
2005-03-28,35.400001525878906,35.70000076293945,35.18000030517578,35.4900016784668,23.253820419311523,37400
2005-03-29,35.150001525878906,35.72999954223633,35.099998474121094,35.459999084472656,23.234161376953125,80500
2005-03-30,35.5,35.720001220703125,35.45000076293945,35.540000915527344,23.286579132080078,69000
2005-03-31,35.470001220703125,36.0099983215332,35.20000076293945,35.25,23.145404815673828,74900
2005-04-01,35.349998474121094,35.95000076293945,35.25,35.95000076293945,23.605026245117188,49400
2005-04-04,35.75,36.06999969482422,35.5,36.029998779296875,23.65756607055664,42600
2005-04-05,36.029998779296875,36.540000915527344,36.029998779296875,36.470001220703125,23.946468353271484,36200
2005-04-06,36.470001220703125,36.61000061035156,36.099998474121094,36.4900016784668,23.959606170654297,93700
2005-04-07,36.4900016784668,36.97999954223633,36.4900016784668,36.90999984741211,24.23537254333496,48800
2005-04-08,36.91999816894531,36.9900016784668,36.70000076293945,36.709999084472656,24.10405921936035,51800
2005-04-11,36.709999084472656,36.900001525878906,36.5,36.900001525878906,24.22881507873535,47400
2005-04-12,36.79999923706055,36.880001068115234,36.099998474121094,36.400001525878906,23.900516510009766,63700
2005-04-13,36.5,36.720001220703125,35.72999954223633,35.849998474121094,23.53936767578125,48400
2005-04-14,35.95000076293945,36.16999816894531,35.54999923706055,35.75,23.47371482849121,35300
2005-04-15,35.790000915527344,36.04999923706055,35.18000030517578,35.18000030517578,23.099449157714844,33900
2005-04-18,35.04999923706055,35.5099983215332,35.04999923706055,35.400001525878906,23.243896484375,38400
2005-04-19,35.29999923706055,35.849998474121094,35.2400016784668,35.84000015258789,23.532806396484375,91400
2005-04-20,35.84000015258789,36.16999816894531,35.04999923706055,35.4900016784668,23.302982330322266,56200
2005-04-21,35.400001525878906,36.099998474121094,35.209999084472656,35.779998779296875,23.4934139251709,65800
2005-04-22,35.70000076293945,35.7599983215332,34.25,34.349998474121094,22.554452896118164,173700
2005-04-25,34.29999923706055,34.86000061035156,34.279998779296875,34.61000061035156,22.725183486938477,48100
2005-04-26,34.45000076293945,35.2400016784668,34.37200164794922,35.040000915527344,23.007530212402344,51300
2005-04-27,35.0,35.81999969482422,34.95000076293945,35.650001525878906,23.40805435180664,61000
2005-04-28,35.650001525878906,35.849998474121094,35.540000915527344,35.599998474121094,23.37522315979004,51300
2005-04-29,35.599998474121094,36.279998779296875,35.599998474121094,36.15999984741211,23.742931365966797,45600
2005-05-02,36.16999816894531,36.27000045776367,35.650001525878906,35.72999954223633,23.460582733154297,54700
2005-05-03,35.72999954223633,36.279998779296875,35.709999084472656,36.08000183105469,23.690393447875977,56400
2005-05-04,35.880001068115234,36.2599983215332,35.880001068115234,36.2400016784668,23.795454025268555,49900
2005-05-05,36.150001525878906,37.220001220703125,36.099998474121094,37.0,24.294464111328125,59500
2005-05-06,37.0,37.15999984741211,37.0,37.06999969482422,24.34042739868164,45700
2005-05-09,37.150001525878906,37.220001220703125,36.790000915527344,37.04999923706055,24.327302932739258,28500
2005-05-10,37.150001525878906,37.20000076293945,36.650001525878906,36.790000915527344,24.15659523010254,37300
2005-05-11,36.849998474121094,36.939998626708984,36.5,36.91999816894531,24.241931915283203,60900
2005-05-12,36.849998474121094,36.9900016784668,36.59000015258789,36.59000015258789,24.02526092529297,23200
2005-05-13,36.91999816894531,37.099998474121094,36.810001373291016,37.0,24.294464111328125,65800
2005-05-16,37.08000183105469,37.650001525878906,37.06999969482422,37.650001525878906,24.721271514892578,38400
2005-05-17,37.20000076293945,37.349998474121094,35.93000030517578,37.34000015258789,24.5177059173584,97000
2005-05-18,37.22999954223633,37.75,36.75,37.720001220703125,24.76722526550293,52600
2005-05-19,37.91999816894531,38.0,37.560001373291016,37.63999938964844,24.714696884155273,46800
2005-05-20,37.630001068115234,37.900001525878906,37.380001068115234,37.56999969482422,24.66874122619629,39300
2005-05-23,37.400001525878906,38.099998474121094,37.400001525878906,37.900001525878906,24.885412216186523,31800
2005-05-24,38.5,38.63999938964844,38.279998779296875,38.29999923706055,25.148073196411133,85600
2005-05-25,38.20000076293945,38.4900016784668,37.79999923706055,37.79999923706055,24.819759368896484,33200
2005-05-26,37.599998474121094,37.95000076293945,37.38999938964844,37.79999923706055,24.819759368896484,69700
2005-05-27,37.599998474121094,38.189998626708984,37.54999923706055,37.95000076293945,24.91825294494629,46300
2005-05-31,38.900001525878906,39.18000030517578,38.130001068115234,38.75,25.443531036376953,158100
2005-06-01,38.52000045776367,38.52000045776367,37.529998779296875,37.88999938964844,24.878843307495117,63600
2005-06-02,37.75,38.0,37.70000076293945,37.810001373291016,24.826326370239258,30600
2005-06-03,37.54999923706055,37.66999816894531,37.209999084472656,37.540000915527344,24.649044036865234,83600
2005-06-06,37.599998474121094,37.68000030517578,37.25,37.5,24.62277603149414,60300
2005-06-07,37.5,37.5,37.15999984741211,37.36000061035156,24.530853271484375,75100
2005-06-08,37.5,37.5,36.75,36.84000015258789,24.189422607421875,51100
2005-06-09,36.79999923706055,36.900001525878906,36.36000061035156,36.779998779296875,24.150014877319336,104800
2005-06-10,36.81999969482422,37.20000076293945,36.650001525878906,36.97999954223633,24.28133773803711,356100
2005-06-13,37.04999923706055,37.47999954223633,36.900001525878906,37.400001525878906,24.557111740112305,172900
2005-06-14,37.25,38.150001525878906,37.060001373291016,37.72999954223633,24.773786544799805,86700
2005-06-15,37.849998474121094,37.88999938964844,37.29999923706055,37.459999084472656,24.596506118774414,82100
2005-06-16,37.70000076293945,38.29999923706055,37.650001525878906,38.150001525878906,25.049571990966797,130900
2005-06-17,38.150001525878906,38.20000076293945,37.869998931884766,37.900001525878906,24.885412216186523,138600
2005-06-20,37.849998474121094,38.47999954223633,37.849998474121094,38.220001220703125,25.095529556274414,224700
2005-06-21,38.470001220703125,38.66999816894531,38.20000076293945,38.400001525878906,25.213722229003906,183900
2005-06-22,38.45000076293945,38.75,38.27000045776367,38.54999923706055,25.31221580505371,324000
2005-06-23,38.5,38.970001220703125,38.439998626708984,38.869998931884766,25.52233123779297,228300
2005-06-24,38.869998931884766,39.41999816894531,38.849998474121094,39.41999816894531,25.883451461791992,183300
2005-06-27,39.349998474121094,39.790000915527344,38.90999984741211,39.61000061035156,26.00820541381836,217800
2005-06-28,39.68000030517578,40.63999938964844,39.599998474121094,39.970001220703125,26.244596481323242,130400
2005-06-29,39.970001220703125,40.38999938964844,39.95000076293945,40.2400016784668,26.421878814697266,112400
2005-06-30,40.04999923706055,40.04999923706055,39.54999923706055,39.72999954223633,26.145477294921875,86700
2005-07-01,39.900001525878906,40.099998474121094,39.599998474121094,40.0,26.32317543029785,53300
2005-07-05,40.02000045776367,40.58000183105469,40.02000045776367,40.27000045776367,26.500858306884766,77300
2005-07-06,40.400001525878906,40.619998931884766,40.0,40.130001068115234,26.408714294433594,100300
2005-07-07,39.77000045776367,40.09000015258789,39.75,40.0,26.32317543029785,71200
2005-07-08,39.9900016784668,40.310001373291016,39.709999084472656,40.08000183105469,26.375822067260742,117600
2005-07-11,40.0,40.970001220703125,39.970001220703125,40.869998931884766,26.895694732666016,78200
2005-07-12,40.869998931884766,40.869998931884766,40.22999954223633,40.25,26.48768424987793,66400
2005-07-13,40.279998779296875,40.709999084472656,40.11000061035156,40.54999923706055,26.685110092163086,158900
2005-07-14,40.400001525878906,41.779998779296875,40.400001525878906,41.599998474121094,27.37609100341797,133300
2005-07-15,41.5,41.619998931884766,41.2400016784668,41.5,27.310293197631836,88000
2005-07-18,41.58000183105469,42.0099983215332,41.220001220703125,41.54999923706055,27.34317970275879,149200
2005-07-19,41.45000076293945,42.209999084472656,41.20000076293945,41.9900016784668,27.632747650146484,124000
2005-07-20,41.849998474121094,42.25,41.779998779296875,42.220001220703125,27.784103393554688,58700
2005-07-21,42.29999923706055,42.58000183105469,42.15999984741211,42.349998474121094,27.86964988708496,78500
2005-07-22,42.45000076293945,42.91999816894531,42.400001525878906,42.90999984741211,28.238178253173828,230200
2005-07-25,42.91999816894531,42.939998626708984,42.40999984741211,42.4900016784668,27.961793899536133,97800
2005-07-26,42.5,42.560001373291016,42.31999969482422,42.38999938964844,27.89596939086914,82900
2005-07-27,42.45000076293945,42.79999923706055,42.31999969482422,42.70000076293945,28.099979400634766,83000
2005-07-28,42.54999923706055,42.900001525878906,42.54999923706055,42.900001525878906,28.23159408569336,124300
2005-07-29,42.79999923706055,43.29999923706055,42.68000030517578,42.849998474121094,28.198688507080078,51200
2005-08-01,42.849998474121094,43.400001525878906,42.37699890136719,42.5,27.968374252319336,41700
2005-08-02,42.650001525878906,43.20000076293945,42.5099983215332,42.9900016784668,28.290828704833984,119800
2005-08-03,42.90999984741211,43.150001525878906,42.5,42.810001373291016,28.172374725341797,68100
2005-08-04,42.88999938964844,42.900001525878906,42.150001525878906,42.43000030517578,27.92228889465332,51800
2005-08-05,42.400001525878906,42.939998626708984,42.189998626708984,42.650001525878906,28.06707763671875,70000
2005-08-08,42.45000076293945,42.849998474121094,42.29999923706055,42.5099983215332,27.974958419799805,63800
2005-08-09,42.29999923706055,42.63999938964844,42.0,42.0,27.639310836791992,83600
2005-08-10,42.099998474121094,42.900001525878906,42.099998474121094,42.380001068115234,27.889389038085938,63300
2005-08-11,42.45000076293945,43.33000183105469,42.45000076293945,43.02000045776367,28.310562133789062,118700
2005-08-12,42.70000076293945,43.04999923706055,42.599998474121094,42.93000030517578,28.251340866088867,100800
2005-08-15,42.849998474121094,43.150001525878906,42.599998474121094,42.599998474121094,28.03416633605957,74300
2005-08-16,42.52000045776367,42.75,42.06999969482422,42.45000076293945,27.935461044311523,45600
2005-08-17,42.650001525878906,42.7400016784668,41.90999984741211,42.380001068115234,27.889389038085938,47100
2005-08-18,42.20000076293945,42.31999969482422,41.880001068115234,41.900001525878906,27.573518753051758,66200
2005-08-19,42.099998474121094,43.02000045776367,42.04999923706055,42.91999816894531,28.24476432800293,83500
2005-08-22,42.599998474121094,43.34000015258789,42.599998474121094,42.86000061035156,28.20526695251465,61300
2005-08-23,43.29999923706055,44.349998474121094,43.290000915527344,43.70000076293945,28.758066177368164,96600
2005-08-24,43.75,45.119998931884766,43.380001068115234,44.84000015258789,29.508272171020508,153300
2005-08-25,44.5,44.9900016784668,44.099998474121094,44.900001525878906,29.547758102416992,179100
2005-08-26,44.900001525878906,45.22999954223633,43.91999816894531,44.04999923706055,28.988393783569336,76000
2005-08-29,44.20000076293945,44.95000076293945,44.150001525878906,44.880001068115234,29.53459358215332,117700
2005-08-30,44.650001525878906,44.77000045776367,43.45000076293945,44.04999923706055,28.988393783569336,54200
2005-08-31,43.95000076293945,44.599998474121094,43.650001525878906,43.650001525878906,28.725156784057617,99500
2005-09-01,43.65999984741211,45.029998779296875,43.65999984741211,44.68000030517578,29.402976989746094,94200
2005-09-02,44.54999923706055,44.54999923706055,43.619998931884766,43.810001373291016,28.8304500579834,62200
2005-09-06,43.810001373291016,44.47999954223633,43.79999923706055,44.31999969482422,29.166067123413086,54900
2005-09-07,44.06999969482422,44.47999954223633,43.599998474121094,44.25,29.12001609802246,57100
2005-09-08,44.25,44.25,43.52000045776367,43.619998931884766,28.705419540405273,93500
2005-09-09,43.45000076293945,43.625,42.5099983215332,42.779998779296875,28.152620315551758,82000
2005-09-12,42.70000076293945,42.7400016784668,42.29999923706055,42.47999954223633,27.955215454101562,87400
2005-09-13,42.0,42.349998474121094,41.81999969482422,42.130001068115234,27.724870681762695,102800
2005-09-14,41.880001068115234,42.029998779296875,41.25,41.650001525878906,27.408998489379883,85900
2005-09-15,41.5,42.2400016784668,41.400001525878906,42.08000183105469,27.691980361938477,75500
2005-09-16,41.900001525878906,42.5,41.79999923706055,42.22999954223633,27.790691375732422,74000
2005-09-19,42.0,43.0,41.70000076293945,42.90999984741211,28.238178253173828,109300
2005-09-20,42.900001525878906,43.0,41.81999969482422,41.869998931884766,27.553781509399414,88200
2005-09-21,42.06999969482422,42.16999816894531,40.90999984741211,41.31999969482422,27.191829681396484,86400
2005-09-22,41.25,42.119998931884766,40.45000076293945,42.09000015258789,27.698545455932617,141300
2005-09-23,42.04999923706055,42.599998474121094,42.0099983215332,42.2599983215332,27.81043243408203,178200
2005-09-26,42.0099983215332,42.79999923706055,41.349998474121094,41.45000076293945,27.27737808227539,130100
2005-09-27,41.20000076293945,41.349998474121094,40.93000030517578,41.02000045776367,26.994409561157227,93600
2005-09-28,41.400001525878906,41.400001525878906,40.91999816894531,41.119998931884766,27.060211181640625,67500
2005-09-29,41.029998779296875,41.45000076293945,40.75,41.40999984741211,27.310850143432617,55800
2005-09-30,41.209999084472656,41.810001373291016,41.0,41.7400016784668,27.528480529785156,86000
2005-10-03,41.84000015258789,42.08000183105469,41.599998474121094,41.75,27.535064697265625,86900
2005-10-04,41.5,42.0,41.06999969482422,41.36000061035156,27.277856826782227,78800
2005-10-05,41.20000076293945,41.779998779296875,40.5,40.630001068115234,26.79642105102539,78100
2005-10-06,40.599998474121094,40.9900016784668,40.5,40.540000915527344,26.7370548248291,62200
2005-10-07,40.77000045776367,41.02000045776367,40.459999084472656,40.720001220703125,26.85577392578125,59900
2005-10-10,40.650001525878906,40.72999954223633,40.0,40.400001525878906,26.64472007751465,69300
2005-10-11,40.5,41.09000015258789,39.779998779296875,40.130001068115234,26.46665382385254,79700
2005-10-12,40.0,40.189998626708984,38.310001373291016,39.459999084472656,26.024763107299805,106400
2005-10-13,39.459999084472656,39.5,38.86000061035156,39.220001220703125,25.86648178100586,120000
2005-10-14,39.220001220703125,39.650001525878906,38.5,39.16999816894531,25.833511352539062,86700
2005-10-17,39.0,39.599998474121094,38.0,38.34000015258789,25.286108016967773,81800
2005-10-18,37.849998474121094,38.90999984741211,37.70000076293945,38.52000045776367,25.404813766479492,122900
2005-10-19,38.5099983215332,38.540000915527344,37.810001373291016,38.33000183105469,25.27950668334961,93700
2005-10-20,37.95000076293945,38.130001068115234,37.540000915527344,37.599998474121094,24.798053741455078,78400
2005-10-21,37.400001525878906,38.13999938964844,37.400001525878906,37.599998474121094,24.798053741455078,132100
2005-10-24,37.599998474121094,37.90999984741211,37.45000076293945,37.720001220703125,24.877185821533203,80100
2005-10-25,37.650001525878906,37.79999923706055,37.22999954223633,37.75,24.896987915039062,115100
2005-10-26,37.650001525878906,38.16999816894531,37.31999969482422,37.40999984741211,24.672744750976562,301700
2005-10-27,37.11000061035156,37.5,36.689998626708984,36.79999923706055,24.27043914794922,92100
2005-10-28,36.79999923706055,38.099998474121094,36.779998779296875,37.650001525878906,24.831035614013672,101200
2005-10-31,37.5,39.20000076293945,37.5,39.20000076293945,25.853290557861328,125300
2005-11-01,39.20000076293945,39.20000076293945,38.130001068115234,38.599998474121094,25.45757484436035,100300
2005-11-02,38.45000076293945,38.70000076293945,37.849998474121094,38.150001525878906,25.160791397094727,115300
2005-11-03,38.150001525878906,38.900001525878906,37.7599983215332,37.83000183105469,24.949739456176758,103000
2005-11-04,37.93000030517578,38.5099983215332,37.70000076293945,38.209999084472656,25.20035743713379,60900
2005-11-07,38.099998474121094,38.77000045776367,37.95000076293945,38.5,25.391643524169922,36900
2005-11-08,38.45000076293945,38.66999816894531,37.68000030517578,37.93000030517578,25.01569938659668,101000
2005-11-09,37.83000183105469,38.349998474121094,37.83000183105469,38.0,25.06186294555664,74300
2005-11-10,38.20000076293945,38.900001525878906,38.150001525878906,38.599998474121094,25.45757484436035,74100
2005-11-11,38.25,39.68000030517578,38.25,39.619998931884766,26.130287170410156,93400
2005-11-14,39.41999816894531,39.41999816894531,38.70000076293945,38.86000061035156,25.629043579101562,95700
2005-11-15,39.29999923706055,39.7599983215332,38.630001068115234,39.459999084472656,26.024763107299805,140000
2005-11-16,39.459999084472656,39.599998474121094,39.0,39.150001525878906,25.820310592651367,52500
2005-11-17,39.29999923706055,39.66999816894531,39.04999923706055,39.52000045776367,26.064332962036133,98300
2005-11-18,39.400001525878906,40.22999954223633,38.93000030517578,40.119998931884766,26.460052490234375,92300
2005-11-21,39.95000076293945,39.95000076293945,38.869998931884766,39.34000015258789,25.94562530517578,166700
2005-11-22,39.5,40.5,39.0099983215332,40.5,26.710681915283203,62400
2005-11-23,40.41999816894531,40.70000076293945,39.81999969482422,40.0099983215332,26.387493133544922,74100
2005-11-25,40.150001525878906,40.470001220703125,40.0099983215332,40.20000076293945,26.512813568115234,15400
2005-11-28,40.16999816894531,40.25,39.68000030517578,39.68000030517578,26.169858932495117,53000
2005-11-29,39.79999923706055,40.93000030517578,39.79999923706055,40.79999923706055,26.908527374267578,93300
2005-11-30,40.650001525878906,41.33000183105469,40.590999603271484,41.33000183105469,27.258081436157227,93900
2005-12-01,41.20000076293945,41.25,40.599998474121094,40.86000061035156,26.94809913635254,75400
2005-12-02,40.86000061035156,40.95000076293945,40.619998931884766,40.75,26.87554931640625,75000
2005-12-05,40.20000076293945,41.040000915527344,40.04999923706055,40.95000076293945,27.007455825805664,53600
2005-12-06,40.79999923706055,40.810001373291016,40.060001373291016,40.380001068115234,26.63153648376465,89200
2005-12-07,40.5,40.970001220703125,40.290000915527344,40.72999954223633,26.86236000061035,76600
2005-12-08,40.70000076293945,40.70000076293945,40.20000076293945,40.41999816894531,26.657915115356445,60300
2005-12-09,40.66999816894531,40.68000030517578,40.0,40.369998931884766,26.62493324279785,62100
2005-12-12,40.36000061035156,40.900001525878906,40.36000061035156,40.540000915527344,26.7370548248291,106700
2005-12-13,40.5,40.84000015258789,40.18000030517578,40.63999938964844,26.803001403808594,61700
2005-12-14,40.84000015258789,40.90999984741211,40.38999938964844,40.900001525878906,26.974491119384766,47900
2005-12-15,40.88999938964844,40.900001525878906,39.79999923706055,40.099998474121094,26.44685173034668,77000
2005-12-16,40.150001525878906,40.34000015258789,39.7400016784668,39.849998474121094,26.281984329223633,69000
2005-12-19,39.75,40.20000076293945,39.59000015258789,40.150001525878906,26.479846954345703,63100
2005-12-20,40.04999923706055,40.2400016784668,39.529998779296875,40.150001525878906,26.479846954345703,89000
2005-12-21,40.0,40.04999923706055,39.04999923706055,39.189998626708984,25.846696853637695,75900
2005-12-22,39.25,39.56999969482422,39.0,39.31999969482422,25.93243408203125,64200
2005-12-23,39.29999923706055,39.349998474121094,39.04999923706055,39.2400016784668,25.939048767089844,36100
2005-12-27,39.0,39.02000045776367,38.709999084472656,39.02000045776367,25.793621063232422,49000
2005-12-28,38.90999984741211,39.0,38.599998474121094,38.77000045776367,25.62835693359375,66800
2005-12-29,38.900001525878906,39.0,38.79999923706055,38.939998626708984,25.740745544433594,82200
2005-12-30,38.84000015258789,39.040000915527344,38.400001525878906,39.040000915527344,25.806835174560547,64000
2006-01-03,38.79999923706055,38.79999923706055,37.619998931884766,38.22999954223633,25.271400451660156,165700
2006-01-04,38.349998474121094,39.20000076293945,38.2599983215332,39.150001525878906,25.879545211791992,73700
2006-01-05,39.400001525878906,39.400001525878906,38.939998626708984,39.22999954223633,25.93242835998535,104300
2006-01-06,39.0,39.29999923706055,38.90999984741211,38.95000076293945,25.747346878051758,88100
2006-01-09,39.150001525878906,39.68000030517578,39.000999450683594,39.68000030517578,26.22989845275879,125600
2006-01-10,39.43000030517578,39.58000183105469,39.25,39.5,26.110910415649414,151100
2006-01-11,39.4900016784668,39.650001525878906,38.709999084472656,38.79999923706055,25.6481876373291,61900
2006-01-12,38.709999084472656,39.09000015258789,38.5099983215332,38.79999923706055,25.6481876373291,73800
2006-01-13,38.54999923706055,39.29999923706055,38.529998779296875,39.25,25.945653915405273,63300
2006-01-17,38.79999923706055,39.2400016784668,38.75,39.04999923706055,25.813453674316406,48500
2006-01-18,38.900001525878906,39.099998474121094,38.5099983215332,39.099998474121094,25.846494674682617,245200
2006-01-19,38.900001525878906,39.0,38.54999923706055,38.810001373291016,25.654796600341797,135600
2006-01-20,38.709999084472656,39.06999969482422,38.65999984741211,39.06999969482422,25.8266544342041,136000
2006-01-23,38.900001525878906,39.13999938964844,38.70000076293945,38.779998779296875,25.634971618652344,116200
2006-01-24,38.70000076293945,39.02000045776367,38.54999923706055,38.880001068115234,25.701074600219727,56300
2006-01-25,38.84000015258789,39.13999938964844,38.52000045776367,39.06999969482422,25.8266544342041,102200
2006-01-26,39.150001525878906,39.150001525878906,38.83000183105469,39.04999923706055,25.813453674316406,119200
2006-01-27,38.79999923706055,38.91999816894531,38.029998779296875,38.41999816894531,25.396995544433594,77300
2006-01-30,38.41999816894531,38.5,37.5,38.2400016784668,25.278013229370117,107900
2006-01-31,38.0,38.119998931884766,37.79999923706055,37.900001525878906,25.05325698852539,93900
2006-02-01,37.849998474121094,38.5,37.849998474121094,38.45000076293945,25.416826248168945,83300
2006-02-02,38.18000030517578,38.65999984741211,37.93000030517578,38.5,25.449886322021484,75000
2006-02-03,37.900001525878906,38.66999816894531,37.709999084472656,38.65999984741211,25.555648803710938,75600
2006-02-06,38.560001373291016,38.75,38.20000076293945,38.40999984741211,25.390380859375,67400
2006-02-07,38.15999984741211,38.5,38.13999938964844,38.349998474121094,25.350730895996094,71200
2006-02-08,38.099998474121094,38.45000076293945,37.810001373291016,38.04999923706055,25.152414321899414,373200
2006-02-09,38.099998474121094,38.63999938964844,37.52000045776367,38.04999923706055,25.152414321899414,117100
2006-02-10,38.20000076293945,38.560001373291016,38.11000061035156,38.45000076293945,25.416826248168945,233300
2006-02-13,38.5,38.7599983215332,38.2599983215332,38.70000076293945,25.58208656311035,116200
2006-02-14,38.900001525878906,39.18000030517578,38.630001068115234,39.150001525878906,25.879545211791992,149000
2006-02-15,39.0,39.54999923706055,38.959999084472656,39.290000915527344,25.972095489501953,107600
2006-02-16,39.25,39.630001068115234,39.0,39.15999984741211,25.886157989501953,55000
2006-02-17,38.959999084472656,39.099998474121094,38.869998931884766,39.099998474121094,25.846494674682617,46100
2006-02-21,39.0,39.599998474121094,38.47999954223633,38.599998474121094,25.51598358154297,109700
2006-02-22,38.349998474121094,39.130001068115234,38.349998474121094,39.119998931884766,25.859710693359375,69300
2006-02-23,39.369998931884766,39.380001068115234,38.91999816894531,39.04999923706055,25.813453674316406,43800
2006-02-24,39.20000076293945,39.380001068115234,38.97999954223633,39.349998474121094,26.01175308227539,137900
2006-02-27,39.33000183105469,39.47999954223633,38.689998626708984,38.900001525878906,25.71430015563965,47400
2006-02-28,38.70000076293945,38.70000076293945,37.63999938964844,37.650001525878906,24.888011932373047,82900
2006-03-01,37.75,37.81999969482422,37.400001525878906,37.66999816894531,24.901220321655273,96400
2006-03-02,37.25,38.099998474121094,37.20000076293945,37.70000076293945,24.921052932739258,60500
2006-03-03,37.45000076293945,37.939998626708984,37.36000061035156,37.70000076293945,24.921052932739258,49500
2006-03-06,37.599998474121094,37.619998931884766,37.150001525878906,37.45000076293945,24.755794525146484,41200
2006-03-07,37.29999923706055,37.31999969482422,36.45000076293945,36.95000076293945,24.425275802612305,59900
2006-03-08,36.849998474121094,37.41999816894531,36.79999923706055,37.130001068115234,24.54426383972168,50500
2006-03-09,37.0,37.66999816894531,36.97999954223633,37.5099983215332,24.79545021057129,66900
2006-03-10,37.5099983215332,37.959999084472656,37.400001525878906,37.7400016784668,24.947500228881836,54800
2006-03-13,37.20000076293945,37.970001220703125,37.20000076293945,37.72999954223633,24.940881729125977,35500
2006-03-14,37.47999954223633,38.08000183105469,37.20000076293945,37.83000183105469,25.006977081298828,93900
2006-03-15,37.79999923706055,38.27000045776367,37.70000076293945,38.15999984741211,25.225126266479492,108000
2006-03-16,38.20000076293945,38.45000076293945,38.0,38.099998474121094,25.185466766357422,131900
2006-03-17,38.400001525878906,38.5,38.13999938964844,38.290000915527344,25.311063766479492,130000
2006-03-20,38.040000915527344,38.08000183105469,37.54999923706055,37.97999954223633,25.106143951416016,80700
2006-03-21,37.900001525878906,38.25,37.779998779296875,37.79999923706055,24.987146377563477,126300
2006-03-22,37.02000045776367,38.029998779296875,37.02000045776367,37.650001525878906,24.888011932373047,71700
2006-03-23,37.400001525878906,38.02000045776367,37.400001525878906,37.84000015258789,25.013591766357422,63000
2006-03-24,37.70000076293945,38.0,37.5099983215332,37.68000030517578,24.907827377319336,137200
2006-03-27,37.93000030517578,38.20000076293945,37.560001373291016,37.720001220703125,24.93426513671875,196700
2006-03-28,37.52000045776367,38.029998779296875,37.5,37.900001525878906,25.05325698852539,133900
2006-03-29,38.150001525878906,38.25,37.900001525878906,38.04999923706055,25.152414321899414,128700
2006-03-30,38.04999923706055,38.09000015258789,37.880001068115234,37.88999938964844,25.04665184020996,75300
2006-03-31,37.79999923706055,38.029998779296875,37.54999923706055,37.849998474121094,25.07977294921875,138700
2006-04-03,37.79999923706055,38.0,37.75,37.81999969482422,25.059894561767578,115800
2006-04-04,37.75,37.95000076293945,37.599998474121094,37.689998626708984,24.973751068115234,420000
2006-04-05,37.689998626708984,37.869998931884766,37.369998931884766,37.790000915527344,25.040016174316406,110200
2006-04-06,37.849998474121094,38.029998779296875,37.0,37.29999923706055,24.7153377532959,137300
2006-04-07,37.54999923706055,37.689998626708984,37.209999084472656,37.29999923706055,24.7153377532959,96900
2006-04-10,37.150001525878906,37.81999969482422,37.099998474121094,37.7400016784668,25.006900787353516,158900
2006-04-11,37.650001525878906,37.650001525878906,36.849998474121094,37.04999923706055,24.5496883392334,109100
2006-04-12,36.900001525878906,37.689998626708984,36.900001525878906,37.15999984741211,24.622575759887695,133200
2006-04-13,37.119998931884766,37.91999816894531,37.099998474121094,37.869998931884766,25.09302520751953,138400
2006-04-17,37.650001525878906,37.869998931884766,37.36000061035156,37.5099983215332,24.854480743408203,106700
2006-04-18,37.5,37.54999923706055,37.20600128173828,37.31999969482422,24.728601455688477,163300
2006-04-19,37.20000076293945,37.310001373291016,37.099998474121094,37.25,24.68221664428711,127400
2006-04-20,37.150001525878906,37.33000183105469,37.099998474121094,37.150001525878906,24.61595344543457,86400
2006-04-21,37.11000061035156,37.34000015258789,36.43000030517578,36.79999923706055,24.384035110473633,187800
2006-04-24,36.75,36.79999923706055,36.5,36.70000076293945,24.317771911621094,84700
2006-04-25,36.599998474121094,36.66999816894531,35.83000183105469,35.939998626708984,23.814193725585938,77000
2006-04-26,35.939998626708984,36.4900016784668,35.849998474121094,36.4900016784668,24.178627014160156,112500
2006-04-27,36.349998474121094,36.61000061035156,36.0,36.54999923706055,24.218381881713867,79200
2006-04-28,36.29999923706055,36.63999938964844,36.20000076293945,36.63999938964844,24.27801513671875,56900
2006-05-01,36.5,37.137001037597656,36.18000030517578,36.25,24.01960563659668,66300
2006-05-02,36.25,36.5,36.150001525878906,36.380001068115234,24.105741500854492,62400
2006-05-03,36.0,36.5,35.959999084472656,36.38999938964844,24.112367630004883,65200
2006-05-04,36.25,36.63999938964844,36.16999816894531,36.16999816894531,23.966588973999023,41100
2006-05-05,35.849998474121094,36.400001525878906,35.849998474121094,36.290000915527344,24.04611587524414,60600
2006-05-08,36.04999923706055,36.279998779296875,36.04999923706055,36.189998626708984,23.97983741760254,33900
2006-05-09,35.95000076293945,36.4900016784668,35.900001525878906,36.09000015258789,23.913585662841797,62500
2006-05-10,35.95000076293945,36.040000915527344,35.27000045776367,35.400001525878906,23.456382751464844,65900
2006-05-11,35.45000076293945,35.97999954223633,35.380001068115234,35.779998779296875,23.70816421508789,79400
2006-05-12,35.779998779296875,35.779998779296875,35.369998931884766,35.380001068115234,23.443132400512695,65300
2006-05-15,34.5,35.33000183105469,34.5,34.689998626708984,22.985931396484375,241200
2006-05-16,34.75,34.90999984741211,34.599998474121094,34.65999984741211,22.966053009033203,222100
2006-05-17,33.900001525878906,34.5,33.810001373291016,34.439998626708984,22.82027816772461,97400
2006-05-18,34.349998474121094,34.84000015258789,34.349998474121094,34.75,23.02569580078125,95500
2006-05-19,35.0,35.119998931884766,34.599998474121094,35.0,23.191341400146484,96200
2006-05-22,35.099998474121094,35.099998474121094,34.439998626708984,34.720001220703125,23.005802154541016,110000
2006-05-23,34.91999816894531,34.91999816894531,34.5099983215332,34.52000045776367,22.873287200927734,129100
2006-05-24,34.54999923706055,34.849998474121094,34.41999816894531,34.650001525878906,22.959423065185547,168400
2006-05-25,34.29999923706055,34.529998779296875,34.15010070800781,34.47999954223633,22.846786499023438,142400
2006-05-26,34.08000183105469,34.75,34.08000183105469,34.58000183105469,22.913043975830078,123800
2006-05-30,34.47999954223633,34.839900970458984,34.29999923706055,34.41999816894531,22.807029724121094,98400
2006-05-31,34.5,34.91999816894531,34.25,34.83000183105469,23.078691482543945,195700
2006-06-01,34.81999969482422,34.90999984741211,34.529998779296875,34.70000076293945,22.9925537109375,67700
2006-06-02,35.150001525878906,35.150001525878906,34.560001373291016,34.619998931884766,22.939550399780273,48400
2006-06-05,34.45000076293945,34.709999084472656,34.33000183105469,34.5,22.86003303527832,68400
2006-06-06,34.400001525878906,34.40999984741211,33.20000076293945,33.560001373291016,22.237180709838867,145500
2006-06-07,33.5,34.29999923706055,33.5,34.0,22.528732299804688,99500
2006-06-08,33.5,34.369998931884766,33.4900016784668,34.29999923706055,22.727516174316406,138200
2006-06-09,34.27000045776367,34.470001220703125,33.099998474121094,33.619998931884766,22.276931762695312,138000
2006-06-12,33.709999084472656,33.869998931884766,33.11000061035156,33.380001068115234,22.117908477783203,188700
2006-06-13,33.380001068115234,33.40999984741211,32.209999084472656,32.65999984741211,21.640830993652344,127300
2006-06-14,32.599998474121094,33.0,32.599998474121094,33.0,21.86611557006836,128300
2006-06-15,33.150001525878906,33.41999816894531,32.84000015258789,32.84000015258789,21.760107040405273,186200
2006-06-16,32.599998474121094,33.54999923706055,32.599998474121094,33.380001068115234,22.117908477783203,80200
2006-06-19,33.22999954223633,33.75,32.68000030517578,33.11000061035156,21.93900489807129,216300
2006-06-20,33.029998779296875,33.310001373291016,32.849998474121094,32.95000076293945,21.832984924316406,212600
2006-06-21,32.91999816894531,33.33000183105469,32.52000045776367,33.290000915527344,22.058279037475586,106000
2006-06-22,33.20000076293945,33.349998474121094,32.79999923706055,33.04999923706055,21.899246215820312,167700
2006-06-23,32.70000076293945,32.900001525878906,32.5099983215332,32.79999923706055,21.73358917236328,95700
2006-06-26,32.779998779296875,33.41999816894531,32.63999938964844,32.95000076293945,21.832984924316406,181800
2006-06-27,33.0,33.20000076293945,32.90999984741211,32.90999984741211,21.806482315063477,99700
2006-06-28,33.0,33.5,32.79999923706055,33.16999816894531,21.978761672973633,137100
2006-06-29,33.099998474121094,33.279998779296875,32.900001525878906,33.040000915527344,21.892621994018555,161500
2006-06-30,32.84000015258789,33.20000076293945,32.84000015258789,33.20000076293945,22.0654296875,196300
2006-07-03,33.150001525878906,33.189998626708984,32.849998474121094,33.04999923706055,21.96573257446289,47900
2006-07-05,33.099998474121094,33.16999816894531,32.5,32.619998931884766,21.679943084716797,74100
2006-07-06,32.650001525878906,33.849998474121094,32.650001525878906,33.47999954223633,22.25151824951172,182000
2006-07-07,33.599998474121094,33.9900016784668,33.599998474121094,33.709999084472656,22.404376983642578,146100
2006-07-10,33.599998474121094,34.09000015258789,33.59000015258789,33.90999984741211,22.53730583190918,144700
2006-07-11,33.900001525878906,34.150001525878906,33.689998626708984,33.689998626708984,22.391090393066406,104400
2006-07-12,33.59000015258789,33.79999923706055,32.7400016784668,33.310001373291016,22.13853645324707,128300
2006-07-13,33.310001373291016,33.66999816894531,32.97999954223633,33.13999938964844,22.025543212890625,147700
2006-07-14,33.13999938964844,33.43000030517578,33.13999938964844,33.369998931884766,22.17841148376465,279700
2006-07-17,33.29999923706055,33.400001525878906,32.900001525878906,32.90999984741211,21.87268829345703,105500
2006-07-18,33.029998779296875,33.20000076293945,32.72999954223633,32.84000015258789,21.826162338256836,295400
2006-07-19,32.650001525878906,33.25,32.59000015258789,33.04999923706055,21.96573257446289,125800
2006-07-20,33.04999923706055,33.540000915527344,32.9900016784668,33.15999984741211,22.038843154907227,145700
2006-07-21,33.04999923706055,33.22999954223633,32.7400016784668,33.08000183105469,21.985675811767578,106800
2006-07-24,33.18000030517578,33.65999984741211,32.880001068115234,33.150001525878906,22.032194137573242,100500
2006-07-25,33.04999923706055,33.27000045776367,32.959999084472656,33.27000045776367,22.11195182800293,119000
2006-07-26,32.79999923706055,33.11000061035156,32.54999923706055,33.0,21.932498931884766,120600
2006-07-27,32.900001525878906,33.040000915527344,32.650001525878906,32.810001373291016,21.806224822998047,134900
2006-07-28,32.83000183105469,33.09000015258789,32.70000076293945,32.970001220703125,21.912559509277344,291100
2006-07-31,33.150001525878906,33.2400016784668,32.849998474121094,33.08000183105469,21.985675811767578,114700
2006-08-01,32.97999954223633,33.130001068115234,32.43000030517578,32.59000015258789,21.660009384155273,75200
2006-08-02,32.349998474121094,32.77000045776367,32.220001220703125,32.68000030517578,21.719825744628906,95600
2006-08-03,32.689998626708984,32.849998474121094,32.099998474121094,32.650001525878906,21.699874877929688,182300
2006-08-04,32.599998474121094,33.119998931884766,32.599998474121094,33.0,21.932498931884766,252100
2006-08-07,33.099998474121094,33.150001525878906,32.65999984741211,33.029998779296875,21.952442169189453,129000
2006-08-08,33.0,33.060001373291016,31.989999771118164,32.13999938964844,21.360931396484375,158600
2006-08-09,32.13999938964844,32.599998474121094,31.600000381469727,32.11000061035156,21.340980529785156,105800
2006-08-10,32.36000061035156,32.72999954223633,32.099998474121094,32.5,21.600189208984375,98600
2006-08-11,32.18000030517578,32.369998931884766,31.600000381469727,31.860000610351562,21.17483139038086,88500
2006-08-14,31.700000762939453,32.15999984741211,31.600000381469727,31.979999542236328,21.254592895507812,123600
2006-08-15,31.979999542236328,32.38999938964844,31.729999542236328,32.099998474121094,21.3343448638916,204400
2006-08-16,32.099998474121094,32.90999984741211,32.0,32.470001220703125,21.580251693725586,193300
2006-08-17,32.599998474121094,33.5,32.599998474121094,33.060001373291016,21.972381591796875,85800
2006-08-18,33.02000045776367,33.150001525878906,32.599998474121094,33.0099983215332,21.93914222717285,81900
2006-08-21,32.900001525878906,33.5,32.65999984741211,32.66999816894531,21.713172912597656,86700
2006-08-22,32.54999923706055,32.939998626708984,32.209999084472656,32.75,21.766345977783203,94100
2006-08-23,32.849998474121094,33.46989822387695,32.709999084472656,33.33000183105469,22.151823043823242,149800
2006-08-24,33.5,34.0099983215332,33.099998474121094,33.2599983215332,22.105304718017578,124200
2006-08-25,33.2599983215332,33.400001525878906,32.970001220703125,32.9900016784668,21.925853729248047,68500
2006-08-28,33.150001525878906,34.150001525878906,33.0099983215332,33.83000183105469,22.484142303466797,154600
2006-08-29,33.75,33.91999816894531,33.584999084472656,33.75,22.430967330932617,109000
2006-08-30,33.650001525878906,33.900001525878906,33.599998474121094,33.79999923706055,22.46419906616211,57800
2006-08-31,33.869998931884766,34.93000030517578,33.869998931884766,34.5,22.92943000793457,135900
2006-09-01,34.5,35.38999938964844,34.33000183105469,35.150001525878906,23.361433029174805,111500
2006-09-05,35.18000030517578,35.619998931884766,35.04999923706055,35.189998626708984,23.38802719116211,83100
2006-09-06,35.099998474121094,35.400001525878906,35.08000183105469,35.20000076293945,23.394678115844727,94800
2006-09-07,34.95000076293945,35.119998931884766,34.79999923706055,34.880001068115234,23.181995391845703,114100
2006-09-08,34.779998779296875,35.22999954223633,34.779998779296875,35.099998474121094,23.328203201293945,87400
2006-09-11,35.0,35.31999969482422,34.97999954223633,35.25,23.427902221679688,63400
2006-09-12,35.79999923706055,35.83000183105469,35.15800094604492,35.45000076293945,23.560832977294922,151900
2006-09-13,35.349998474121094,35.84000015258789,35.349998474121094,35.7599983215332,23.766860961914062,68100
2006-09-14,35.83000183105469,36.029998779296875,35.5099983215332,35.880001068115234,23.84661293029785,62000
2006-09-15,35.779998779296875,35.869998931884766,35.5,35.5099983215332,23.600696563720703,93900
2006-09-18,35.40999984741211,35.650001525878906,35.189998626708984,35.54999923706055,23.627286911010742,98400
2006-09-19,35.45000076293945,35.70000076293945,35.13999938964844,35.349998474121094,23.494361877441406,174200
2006-09-20,35.29999923706055,35.849998474121094,35.29999923706055,35.75,23.760208129882812,113100
2006-09-21,35.70000076293945,36.16999816894531,35.52000045776367,36.150001525878906,24.026058197021484,116300
2006-09-22,36.04999923706055,36.099998474121094,35.5,35.869998931884766,23.839962005615234,115400
2006-09-25,35.79999923706055,35.939998626708984,35.52000045776367,35.84000015258789,23.820018768310547,102900
2006-09-26,35.95000076293945,36.209999084472656,35.880001068115234,35.900001525878906,23.85990333557129,83600
2006-09-27,35.880001068115234,36.150001525878906,35.75,36.0099983215332,23.933008193969727,141000
2006-09-28,35.970001220703125,36.119998931884766,35.54999923706055,35.97999954223633,23.97966194152832,91100
2006-09-29,36.0,36.11000061035156,35.75,36.0099983215332,23.999650955200195,118500
2006-10-02,35.91999816894531,35.959999084472656,35.18000030517578,35.45000076293945,23.626441955566406,66400
2006-10-03,35.29999923706055,35.650001525878906,35.08000183105469,35.560001373291016,23.699743270874023,128100
2006-10-04,35.5,35.529998779296875,35.18000030517578,35.5,23.659751892089844,95100
2006-10-05,35.45000076293945,35.790000915527344,35.290000915527344,35.7599983215332,23.833044052124023,41800
2006-10-06,35.70000076293945,35.720001220703125,35.220001220703125,35.439998626708984,23.619768142700195,47200
2006-10-09,35.5,35.66999816894531,34.599998474121094,35.16999816894531,23.439821243286133,52600
2006-10-10,35.220001220703125,35.54999923706055,34.38999938964844,35.220001220703125,23.47315216064453,112900
2006-10-11,35.20000076293945,35.25,34.650001525878906,34.72999954223633,23.146575927734375,50600
2006-10-12,34.77000045776367,34.970001220703125,34.0,34.77000045776367,23.173233032226562,128800
2006-10-13,34.70000076293945,35.0,34.5,34.9900016784668,23.31985855102539,57600
2006-10-16,34.95000076293945,35.099998474121094,34.650001525878906,34.70000076293945,23.126585006713867,45000
2006-10-17,34.560001373291016,34.9900016784668,34.380001068115234,34.88999938964844,23.253204345703125,65800
2006-10-18,34.939998626708984,35.18000030517578,34.59000015258789,34.95000076293945,23.293195724487305,51400
2006-10-19,34.95000076293945,35.130001068115234,34.65999984741211,34.869998931884766,23.239879608154297,37400
2006-10-20,34.95000076293945,35.1150016784668,34.63999938964844,34.91999816894531,23.27321434020996,96700
2006-10-23,35.0,35.31999969482422,34.810001373291016,35.04999923706055,23.359846115112305,41800
2006-10-24,34.900001525878906,34.900001525878906,34.04999923706055,34.459999084472656,22.966625213623047,128300
2006-10-25,34.36000061035156,35.25,34.16999816894531,35.20000076293945,23.459821701049805,159700
2006-10-26,35.16999816894531,35.790000915527344,34.86000061035156,35.5,23.659751892089844,146400
2006-10-27,35.4900016784668,35.75,35.150001525878906,35.439998626708984,23.619768142700195,111800
2006-10-30,35.5,35.650001525878906,35.13010025024414,35.369998931884766,23.573122024536133,42500
2006-10-31,35.369998931884766,35.5,34.970001220703125,35.29999923706055,23.526466369628906,82800
2006-11-01,35.2599983215332,35.31999969482422,34.93000030517578,35.119998931884766,23.406496047973633,101600
2006-11-02,35.04999923706055,35.40999984741211,34.83000183105469,35.279998779296875,23.51313018798828,60300
2006-11-03,35.27000045776367,35.33000183105469,35.0099983215332,35.220001220703125,23.47315216064453,85000
2006-11-06,35.349998474121094,35.849998474121094,35.279998779296875,35.849998474121094,23.893024444580078,73100
2006-11-07,37.63999938964844,38.25,37.540000915527344,38.15999984741211,25.432573318481445,368900
2006-11-08,38.15999984741211,38.15999984741211,37.54999923706055,37.939998626708984,25.28593635559082,180000
2006-11-09,37.900001525878906,37.93000030517578,37.560001373291016,37.72999954223633,25.14598274230957,152100
2006-11-10,37.7400016784668,38.2400016784668,37.65999984741211,38.2400016784668,25.48589324951172,75600
2006-11-13,38.2400016784668,39.099998474121094,38.11000061035156,39.099998474121094,26.059057235717773,193300
2006-11-14,39.20000076293945,39.349998474121094,38.77000045776367,38.9900016784668,25.985748291015625,141000
2006-11-15,39.29999923706055,41.61000061035156,39.2599983215332,41.0,27.325359344482422,4292600
2006-11-16,41.54999923706055,41.79999923706055,40.61000061035156,40.95000076293945,27.292034149169922,469600
2006-11-17,40.0,40.70000076293945,40.0,40.27000045776367,26.838829040527344,497500
2006-11-20,40.220001220703125,40.560001373291016,40.099998474121094,40.15999984741211,26.765506744384766,148100
2006-11-21,40.06999969482422,40.45000076293945,39.7599983215332,40.29999923706055,26.858827590942383,232000
2006-11-22,40.400001525878906,40.77000045776367,40.099998474121094,40.650001525878906,27.092082977294922,97400
2006-11-24,40.54999923706055,40.90999984741211,40.5,40.779998779296875,27.1787166595459,17300
2006-11-27,40.68000030517578,40.709999084472656,39.5099983215332,39.75,26.49226951599121,206200
2006-11-28,39.54999923706055,39.91999816894531,39.0,39.650001525878906,26.42562484741211,259700
2006-11-29,39.79999923706055,40.119998931884766,39.5099983215332,40.099998474121094,26.72552490234375,225800
2006-11-30,40.130001068115234,40.130001068115234,39.68000030517578,39.779998779296875,26.51225471496582,249300
2006-12-01,39.900001525878906,40.119998931884766,39.63999938964844,40.040000915527344,26.685546875,269100
2006-12-04,40.099998474121094,40.36000061035156,39.689998626708984,40.08000183105469,26.712209701538086,250600
2006-12-05,40.130001068115234,40.36000061035156,39.72999954223633,40.34000015258789,26.885478973388672,105600
2006-12-06,40.400001525878906,40.400001525878906,39.27000045776367,39.93000030517578,26.612226486206055,153900
2006-12-07,39.849998474121094,39.88999938964844,39.099998474121094,39.59000015258789,26.38562774658203,186500
2006-12-08,39.47999954223633,39.4900016784668,39.189998626708984,39.209999084472656,26.132368087768555,128900
2006-12-11,39.130001068115234,39.529998779296875,39.0,39.060001373291016,26.032413482666016,183000
2006-12-12,39.099998474121094,39.189998626708984,38.84000015258789,39.099998474121094,26.059057235717773,236800
2006-12-13,39.099998474121094,39.34000015258789,38.970001220703125,39.0099983215332,25.99907684326172,142400
2006-12-14,39.08000183105469,39.4900016784668,38.79999923706055,39.0,25.99241065979004,209500
2006-12-15,38.75,39.0,38.439998626708984,38.77000045776367,25.83912467956543,257000
2006-12-18,38.849998474121094,39.0,38.619998931884766,38.83000183105469,25.879106521606445,159500
2006-12-19,38.790000915527344,39.06999969482422,38.5099983215332,39.029998779296875,26.01240348815918,101400
2006-12-20,39.130001068115234,39.279998779296875,38.84000015258789,38.95000076293945,25.959083557128906,80900
2006-12-21,38.959999084472656,38.959999084472656,37.779998779296875,38.150001525878906,25.425907135009766,167600
2006-12-22,38.099998474121094,38.18000030517578,37.779998779296875,38.11000061035156,25.399246215820312,73000
2006-12-26,37.88999938964844,38.650001525878906,37.72999954223633,38.459999084472656,25.699951171875,108100
2006-12-27,38.709999084472656,38.91999816894531,38.5,38.84000015258789,25.953876495361328,92900
2006-12-28,38.650001525878906,39.09000015258789,38.04999923706055,38.810001373291016,25.93382453918457,81200
2006-12-29,38.720001220703125,38.880001068115234,38.470001220703125,38.470001220703125,25.706623077392578,127800
2007-01-03,38.70000076293945,38.79999923706055,38.25,38.400001525878906,25.659854888916016,212200
2007-01-04,38.220001220703125,38.29999923706055,37.8120002746582,38.04999923706055,25.42597770690918,110600
2007-01-05,37.849998474121094,38.20000076293945,37.709999084472656,38.02000045776367,25.405929565429688,95400
2007-01-08,37.880001068115234,38.06999969482422,37.75,37.970001220703125,25.372516632080078,71200
2007-01-09,38.0099983215332,38.0099983215332,37.349998474121094,37.7599983215332,25.232196807861328,88000
2007-01-10,37.7400016784668,37.93000030517578,37.599998474121094,37.79999923706055,25.258922576904297,148100
2007-01-11,37.869998931884766,38.29999923706055,37.869998931884766,38.29999923706055,25.59303092956543,154200
2007-01-12,38.349998474121094,38.7400016784668,38.16999816894531,38.33000183105469,25.61308479309082,37800
2007-01-16,38.52000045776367,38.63999938964844,38.150001525878906,38.27000045776367,25.57298469543457,91900
2007-01-17,38.06999969482422,38.54999923706055,38.0,38.5,25.7266902923584,66400
2007-01-18,38.40999984741211,38.47999954223633,38.099998474121094,38.150001525878906,25.492809295654297,60400
2007-01-19,38.150001525878906,38.400001525878906,37.95000076293945,38.2599983215332,25.56630516052246,91500
2007-01-22,38.31999969482422,38.31999969482422,37.84000015258789,38.06999969482422,25.4393367767334,74800
2007-01-23,38.15999984741211,38.45000076293945,38.060001373291016,38.2400016784668,25.55294418334961,72500
2007-01-24,38.220001220703125,38.5,38.0,38.400001525878906,25.659854888916016,113400
2007-01-25,38.380001068115234,38.38999938964844,37.040000915527344,37.220001220703125,24.871360778808594,120700
2007-01-26,37.209999084472656,37.29999923706055,36.7599983215332,36.939998626708984,24.684242248535156,72000
2007-01-29,36.869998931884766,37.099998474121094,36.709999084472656,36.7400016784668,24.550617218017578,88200
2007-01-30,36.79999923706055,36.79999923706055,36.34000015258789,36.630001068115234,24.477094650268555,123000
2007-01-31,36.650001525878906,37.29999923706055,36.5,37.15999984741211,24.831260681152344,102500
2007-02-01,37.20000076293945,37.380001068115234,37.0,37.0099983215332,24.731021881103516,58000
2007-02-02,37.20000076293945,37.560001373291016,37.189998626708984,37.540000915527344,25.085176467895508,83100
2007-02-05,37.41999816894531,37.66999816894531,36.95000076293945,37.59000015258789,25.11859893798828,80800
2007-02-06,37.59000015258789,37.65999984741211,37.400001525878906,37.54999923706055,25.091859817504883,80300
2007-02-07,37.65999984741211,38.11000061035156,37.65999984741211,38.09000015258789,25.452699661254883,73800
2007-02-08,38.02000045776367,38.150001525878906,37.65999984741211,38.130001068115234,25.479433059692383,156700
2007-02-09,38.189998626708984,38.29999923706055,37.869998931884766,38.0,25.3925724029541,144100
2007-02-12,38.25,38.34000015258789,37.83000183105469,37.90999984741211,25.332429885864258,154200
2007-02-13,37.95000076293945,38.0099983215332,37.689998626708984,38.0,25.3925724029541,127700
2007-02-14,38.0099983215332,38.93000030517578,38.0099983215332,38.2599983215332,25.56630516052246,79497
2007-02-15,38.2599983215332,38.45000076293945,38.060001373291016,38.25,25.559633255004883,76200
2007-02-16,38.25,38.470001220703125,38.25,38.470001220703125,25.706623077392578,86000
2007-02-20,38.5,38.869998931884766,38.47999954223633,38.869998931884766,25.97392463684082,122600
2007-02-21,38.84000015258789,39.099998474121094,38.79999923706055,39.06999969482422,26.107566833496094,102800
2007-02-22,39.20000076293945,39.25,38.900001525878906,39.0099983215332,26.067476272583008,85500
2007-02-23,39.0099983215332,39.18000030517578,38.900001525878906,39.02000045776367,26.074153900146484,79600
2007-02-26,39.2400016784668,39.34000015258789,38.66999816894531,38.790000915527344,25.920459747314453,81700
2007-02-27,38.59000015258789,38.77000045776367,38.310001373291016,38.38999938964844,25.653169631958008,137800
2007-02-28,38.59000015258789,38.75,38.150001525878906,38.5099983215332,25.73335838317871,121800
2007-03-01,38.40999984741211,38.650001525878906,37.95000076293945,38.08000183105469,25.446025848388672,173099
2007-03-02,38.20000076293945,38.29999923706055,37.619998931884766,37.689998626708984,25.18541145324707,69700
2007-03-05,37.599998474121094,37.849998474121094,37.0,37.13999938964844,24.81789207458496,95702
2007-03-06,37.29999923706055,37.58000183105469,37.2599983215332,37.439998626708984,25.018356323242188,134800
2007-03-07,37.29999923706055,37.5,37.0,37.040000915527344,24.75105857849121,52900
2007-03-08,37.5,37.5,37.16999816894531,37.45000076293945,25.025047302246094,115500
2007-03-09,37.34000015258789,37.56999969482422,37.32500076293945,37.5,25.058446884155273,110700
2007-03-12,37.5,37.709999084472656,37.349998474121094,37.61000061035156,25.131967544555664,118800
2007-03-13,37.52000045776367,37.970001220703125,37.45000076293945,37.5,25.058446884155273,88400
2007-03-14,37.45000076293945,37.599998474121094,36.86000061035156,36.90999984741211,24.664203643798828,137100
2007-03-15,36.81999969482422,37.29999923706055,36.81999969482422,37.189998626708984,24.851293563842773,65300
2007-03-16,37.130001068115234,37.20000076293945,36.689998626708984,36.75,24.55727767944336,69800
2007-03-19,36.900001525878906,37.58000183105469,36.810001373291016,37.2599983215332,24.8980770111084,90100
2007-03-20,37.279998779296875,38.040000915527344,37.209999084472656,38.02000045776367,25.405929565429688,80500
2007-03-21,38.0,38.36000061035156,37.79999923706055,38.34000015258789,25.619766235351562,54700
2007-03-22,38.400001525878906,38.599998474121094,37.61000061035156,38.599998474121094,25.793498992919922,121600
2007-03-23,37.709999084472656,38.689998626708984,37.709999084472656,38.189998626708984,25.519527435302734,121200
2007-03-26,38.20000076293945,38.22999954223633,36.880001068115234,37.84000015258789,25.28563690185547,167200
2007-03-27,37.79999923706055,38.189998626708984,37.7400016784668,37.75,25.225513458251953,102600
2007-03-28,37.61000061035156,37.810001373291016,37.2599983215332,37.810001373291016,25.265602111816406,117000
2007-03-29,37.630001068115234,37.7400016784668,37.310001373291016,37.7400016784668,25.28571319580078,71000
2007-03-30,37.779998779296875,38.06999969482422,37.599998474121094,37.7599983215332,25.29910659790039,126800
2007-04-02,38.0,38.16999816894531,37.900001525878906,38.08000183105469,25.513505935668945,77200
2007-04-03,38.310001373291016,38.560001373291016,38.04999923706055,38.04999923706055,25.493406295776367,94300
2007-04-04,37.959999084472656,38.099998474121094,37.709999084472656,38.0099983215332,25.466598510742188,92800
2007-04-05,37.150001525878906,38.58000183105469,37.150001525878906,38.529998779296875,25.81500244140625,133300
2007-04-09,38.56999969482422,38.90999984741211,38.459999084472656,38.869998931884766,26.042804718017578,87300
2007-04-10,38.95000076293945,39.2400016784668,38.77000045776367,39.2400016784668,26.290708541870117,81800
2007-04-11,39.09000015258789,39.09000015258789,37.75,38.20000076293945,25.593900680541992,211500
2007-04-12,38.06999969482422,38.45000076293945,37.900001525878906,38.45000076293945,25.76140022277832,69500
2007-04-13,37.93000030517578,39.119998931884766,37.93000030517578,39.119998931884766,26.210296630859375,77800
2007-04-16,38.4900016784668,38.59000015258789,38.150001525878906,38.369998931884766,25.707801818847656,83200
2007-04-17,38.02000045776367,38.63999938964844,37.65999984741211,38.56999969482422,25.8418025970459,76100
2007-04-18,38.4900016784668,38.65999984741211,38.12009811401367,38.5,25.79490852355957,128100
2007-04-19,38.119998931884766,38.650001525878906,38.119998931884766,38.650001525878906,25.89540672302246,81500
2007-04-20,38.56999969482422,38.70000076293945,38.189998626708984,38.34000015258789,25.68770408630371,64600
2007-04-23,38.2400016784668,38.400001525878906,38.099998474121094,38.220001220703125,25.607297897338867,84800
2007-04-24,38.18000030517578,38.400001525878906,37.779998779296875,38.33000183105469,25.681001663208008,105000
2007-04-25,38.45000076293945,38.5,37.83000183105469,37.900001525878906,25.39291000366211,88600
2007-04-26,37.849998474121094,37.900001525878906,37.45000076293945,37.70000076293945,25.258899688720703,114400
2007-04-27,37.63999938964844,38.0,37.599998474121094,37.709999084472656,25.26559829711914,103700
2007-04-30,37.619998931884766,37.70000076293945,37.45000076293945,37.70000076293945,25.258899688720703,122100
2007-05-01,37.45000076293945,38.43000030517578,37.099998474121094,38.400001525878906,25.727895736694336,73900
2007-05-02,38.36000061035156,38.47999954223633,38.0099983215332,38.47999954223633,25.781505584716797,90500
2007-05-03,38.130001068115234,38.22999954223633,38.0,38.130001068115234,25.547000885009766,105000
2007-05-04,38.130001068115234,38.959999084472656,38.09000015258789,38.939998626708984,26.089698791503906,95800
2007-05-07,39.0,39.34000015258789,38.880001068115234,39.34000015258789,26.357694625854492,101400
2007-05-08,39.27000045776367,40.119998931884766,38.81999969482422,40.119998931884766,26.880287170410156,152900
2007-05-09,39.900001525878906,40.560001373291016,39.56999969482422,40.400001525878906,27.06789779663086,124400
2007-05-10,40.130001068115234,40.43000030517578,40.04999923706055,40.20000076293945,26.933897018432617,70600
2007-05-11,40.2400016784668,40.66999816894531,39.77000045776367,40.630001068115234,27.22199058532715,68100
2007-05-14,40.630001068115234,40.630001068115234,40.220001220703125,40.400001525878906,27.06789779663086,61800
2007-05-15,40.47999954223633,40.75,40.33000183105469,40.650001525878906,27.23539924621582,73700
2007-05-16,44.0,46.0099983215332,43.400001525878906,43.540000915527344,29.17167854309082,354200
2007-05-17,43.34000015258789,44.20000076293945,43.2400016784668,43.77000045776367,29.32579803466797,149600
2007-05-18,43.83000183105469,44.41999816894531,43.83000183105469,44.2400016784668,29.640689849853516,85200
2007-05-21,44.15999984741211,44.75,44.099998474121094,44.459999084472656,29.788097381591797,71300
2007-05-22,43.970001220703125,44.22999954223633,43.810001373291016,44.04999923706055,29.51338005065918,90100
2007-05-23,44.0099983215332,44.59000015258789,43.79999923706055,44.209999084472656,29.62058448791504,72400
2007-05-24,44.290000915527344,44.29999923706055,43.400001525878906,43.54999923706055,29.178394317626953,101500
2007-05-25,43.650001525878906,44.119998931884766,43.54999923706055,43.95000076293945,29.44638442993164,74000
2007-05-29,44.099998474121094,45.029998779296875,44.09000015258789,44.130001068115234,29.566991806030273,123300
2007-05-30,43.83000183105469,45.599998474121094,43.83000183105469,45.599998474121094,30.551889419555664,117400
2007-05-31,45.84000015258789,46.189998626708984,45.599998474121094,45.849998474121094,30.71938705444336,186800
2007-06-01,45.849998474121094,46.349998474121094,45.849998474121094,46.29999923706055,31.020872116088867,118500
2007-06-04,46.33000183105469,47.5,46.33000183105469,47.5,31.824878692626953,161200
2007-06-05,47.400001525878906,47.5,46.84000015258789,46.939998626708984,31.449676513671875,88100
2007-06-06,46.84000015258789,46.84000015258789,46.619998931884766,46.84000015258789,31.382678985595703,172100
2007-06-07,46.52000045776367,46.84000015258789,46.400001525878906,46.47999954223633,31.141477584838867,83300
2007-06-08,46.47999954223633,46.47999954223633,46.18000030517578,46.47999954223633,31.141477584838867,124600
2007-06-11,46.029998779296875,47.029998779296875,45.790000915527344,46.68000030517578,31.27547836303711,60600
2007-06-12,46.41999816894531,46.97999954223633,46.400001525878906,46.47999954223633,31.141477584838867,91600
2007-06-13,46.5,47.11000061035156,46.29999923706055,47.02000045776367,31.50328254699707,62900
2007-06-14,47.16999816894531,47.75,47.16999816894531,47.75,31.992366790771484,69900
2007-06-15,47.689998626708984,48.04999923706055,47.369998931884766,47.810001373291016,32.0325813293457,155800
2007-06-18,47.81999969482422,47.81999969482422,46.939998626708984,47.2599983215332,31.66407012939453,145200
2007-06-19,46.97999954223633,47.34000015258789,46.83000183105469,47.220001220703125,31.63728141784668,114700
2007-06-20,47.15999984741211,47.349998474121094,46.619998931884766,46.97999954223633,31.476472854614258,116200
2007-06-21,46.97999954223633,47.5,46.529998779296875,47.369998931884766,31.737768173217773,121300
2007-06-22,47.290000915527344,47.849998474121094,47.290000915527344,47.43000030517578,31.77798080444336,186100
2007-06-25,47.5,47.97999954223633,47.08000183105469,47.47999954223633,31.811473846435547,176500
2007-06-26,47.599998474121094,47.599998474121094,46.75,46.75,31.322389602661133,170300
2007-06-27,46.560001373291016,47.25,46.560001373291016,47.25,31.657384872436523,216500
2007-06-28,47.29999923706055,48.599998474121094,47.29999923706055,48.459999084472656,32.46809005737305,161700
2007-06-29,48.5,48.77000045776367,48.09000015258789,48.290000915527344,32.35416793823242,104200
2007-07-02,48.619998931884766,49.15999984741211,48.0099983215332,49.029998779296875,32.924964904785156,132900
2007-07-03,49.04999923706055,49.47999954223633,48.119998931884766,49.349998474121094,33.139869689941406,72900
2007-07-05,49.41999816894531,49.790000915527344,48.83000183105469,49.790000915527344,33.43532943725586,139100
2007-07-06,48.709999084472656,48.709999084472656,46.810001373291016,48.47999954223633,32.555633544921875,111200
2007-07-09,48.650001525878906,49.06999969482422,48.13999938964844,48.310001373291016,32.44147491455078,244800
2007-07-10,47.849998474121094,47.86000061035156,47.380001068115234,47.5,31.897531509399414,63600
2007-07-11,47.5,47.5,47.099998474121094,47.400001525878906,31.830392837524414,86500
2007-07-12,47.7599983215332,47.7599983215332,46.86000061035156,47.130001068115234,31.649057388305664,117900
2007-07-13,46.9900016784668,47.15999984741211,46.72999954223633,47.150001525878906,31.66250991821289,75200
2007-07-16,46.95000076293945,47.13999938964844,46.70009994506836,47.08000183105469,31.615489959716797,74000
2007-07-17,47.060001373291016,47.31999969482422,46.7599983215332,46.90999984741211,31.501338958740234,88800
2007-07-18,46.79999923706055,46.79999923706055,46.560001373291016,46.79999923706055,31.427471160888672,84900
2007-07-19,45.689998626708984,46.400001525878906,45.689998626708984,46.400001525878906,31.158849716186523,417500
2007-07-20,46.2599983215332,46.34000015258789,45.630001068115234,46.34000015258789,31.118555068969727,257100
2007-07-23,45.91999816894531,46.189998626708984,45.08000183105469,46.09000015258789,30.950679779052734,254400
2007-07-24,45.5099983215332,45.5099983215332,44.2599983215332,45.5099983215332,30.561189651489258,401100
2007-07-25,44.5,44.75,43.400001525878906,44.040000915527344,29.574054718017578,199700
2007-07-26,43.20000076293945,43.22999954223633,41.560001373291016,43.119998931884766,28.956256866455078,286700
2007-07-27,42.900001525878906,43.099998474121094,42.47999954223633,42.5099983215332,28.546613693237305,207900
2007-07-30,42.560001373291016,42.75,42.0,42.43000030517578,28.49290657043457,128600
2007-07-31,42.61000061035156,42.959999084472656,42.290000915527344,42.959999084472656,28.848800659179688,242300
2007-08-01,42.06999969482422,43.18000030517578,42.060001373291016,42.900001525878906,28.808504104614258,130800
2007-08-02,43.02000045776367,43.02000045776367,42.150001525878906,42.709999084472656,28.680927276611328,91300
2007-08-03,42.310001373291016,43.25,42.0,42.0099983215332,28.210845947265625,190200
2007-08-06,42.0099983215332,42.4900016784668,42.0099983215332,42.4900016784668,28.53319549560547,177200
2007-08-07,42.2400016784668,42.61000061035156,42.2400016784668,42.61000061035156,28.6137752532959,202200
2007-08-08,42.7400016784668,43.36000061035156,42.22999954223633,42.70000076293945,28.674205780029297,115600
2007-08-09,41.630001068115234,42.54999923706055,41.630001068115234,42.54999923706055,28.57347297668457,452900
2007-08-10,42.11000061035156,42.869998931884766,41.11000061035156,42.099998474121094,28.27128791809082,236900
2007-08-13,41.959999084472656,42.849998474121094,41.70000076293945,42.279998779296875,28.392162322998047,96500
2007-08-14,42.2599983215332,42.2599983215332,41.02000045776367,42.02000045776367,28.217571258544922,152900
2007-08-15,42.02000045776367,42.22999954223633,41.02000045776367,41.119998931884766,27.61318588256836,100600
2007-08-16,40.689998626708984,41.380001068115234,40.400001525878906,41.380001068115234,27.787796020507812,166300
2007-08-17,41.52000045776367,43.38999938964844,40.65999984741211,41.130001068115234,27.619909286499023,227100
2007-08-20,41.310001373291016,41.310001373291016,40.650001525878906,40.7400016784668,27.358013153076172,207000
2007-08-21,40.650001525878906,40.650001525878906,39.52000045776367,40.0,26.861087799072266,104500
2007-08-22,40.529998779296875,40.810001373291016,40.150001525878906,40.56999969482422,27.243865966796875,45200
2007-08-23,40.61000061035156,40.90999984741211,40.220001220703125,40.36000061035156,27.10283660888672,66300
2007-08-24,40.22999954223633,40.56999969482422,39.88999938964844,40.56999969482422,27.243865966796875,68100
2007-08-27,40.72999954223633,41.56999969482422,40.5,41.54999923706055,27.901941299438477,113200
2007-08-28,41.439998626708984,41.61000061035156,40.959999084472656,40.959999084472656,27.505746841430664,137900
2007-08-29,41.290000915527344,41.5,40.650001525878906,41.290000915527344,27.727365493774414,84400
2007-08-30,40.869998931884766,41.150001525878906,40.70000076293945,40.88999938964844,27.458736419677734,169200
2007-08-31,41.400001525878906,41.540000915527344,40.650001525878906,41.470001220703125,27.848224639892578,118600
2007-09-04,41.43000030517578,41.790000915527344,41.290000915527344,41.38999938964844,27.79450798034668,121100
2007-09-05,41.189998626708984,41.400001525878906,40.58000183105469,40.779998779296875,27.384870529174805,158600
2007-09-06,40.959999084472656,42.720001220703125,40.29999923706055,42.709999084472656,28.680927276611328,156800
2007-09-07,42.2599983215332,42.31999969482422,41.86000061035156,42.150001525878906,28.30486488342285,120100
2007-09-10,42.709999084472656,43.20000076293945,41.95000076293945,42.04999923706055,28.237714767456055,100400
2007-09-11,42.720001220703125,42.720001220703125,40.97999954223633,41.529998779296875,27.888525009155273,265300
2007-09-12,41.540000915527344,42.52000045776367,41.25,41.86000061035156,28.110136032104492,197800
2007-09-13,42.349998474121094,42.349998474121094,41.459999084472656,41.529998779296875,27.888525009155273,221800
2007-09-14,43.189998626708984,44.5,42.58000183105469,43.84000015258789,29.439746856689453,229600
2007-09-17,44.40999984741211,45.2400016784668,44.40999984741211,44.63999938964844,29.97696876525879,210900
2007-09-18,44.869998931884766,44.869998931884766,44.11000061035156,44.650001525878906,29.983694076538086,124400
2007-09-19,44.52000045776367,45.5,44.290000915527344,45.2400016784668,30.3798885345459,156500
2007-09-20,45.2400016784668,45.369998931884766,43.90999984741211,43.93000030517578,29.50018310546875,101600
2007-09-21,43.70000076293945,44.529998779296875,43.58000183105469,43.900001525878906,29.48004913330078,204200
2007-09-24,43.779998779296875,43.93000030517578,43.060001373291016,43.189998626708984,29.003244400024414,110000
2007-09-25,43.06999969482422,44.47999954223633,42.88999938964844,44.099998474121094,29.614341735839844,143300
2007-09-26,44.13999938964844,44.310001373291016,43.84000015258789,44.04999923706055,29.58077621459961,80300
2007-09-27,44.130001068115234,44.93000030517578,44.06999969482422,44.93000030517578,30.171722412109375,136500
2007-09-28,44.869998931884766,45.060001373291016,44.52000045776367,44.93000030517578,30.245765686035156,113900
2007-10-01,44.790000915527344,45.25,44.20009994506836,44.849998474121094,30.191904067993164,90400
2007-10-02,44.849998474121094,45.25,43.97999954223633,44.189998626708984,29.74761199951172,89800
2007-10-03,43.86000061035156,44.5099983215332,43.86000061035156,44.2400016784668,29.781269073486328,81400
2007-10-04,44.310001373291016,45.0,43.77000045776367,44.04999923706055,29.653366088867188,90500
2007-10-05,44.45000076293945,44.45000076293945,43.70000076293945,44.22999954223633,29.774547576904297,136800
2007-10-08,44.290000915527344,44.290000915527344,43.59000015258789,44.06999969482422,29.66682243347168,60600
2007-10-09,44.20000076293945,44.43000030517578,44.0,44.29999923706055,29.8216609954834,81500
2007-10-10,44.290000915527344,44.65999984741211,43.560001373291016,44.36000061035156,29.862049102783203,119600
2007-10-11,44.650001525878906,44.83000183105469,43.81999969482422,43.97999954223633,29.60625457763672,131100
2007-10-12,44.11000061035156,44.119998931884766,41.709999084472656,43.779998779296875,29.471609115600586,115300
2007-10-15,43.400001525878906,43.69990158081055,43.0,43.459999084472656,29.25618553161621,81700
2007-10-16,43.529998779296875,43.7400016784668,43.119998931884766,43.27000045776367,29.128299713134766,132200
2007-10-17,43.34000015258789,43.810001373291016,42.849998474121094,43.41999816894531,29.22927474975586,178400
2007-10-18,43.16999816894531,43.400001525878906,42.130001068115234,43.189998626708984,29.074438095092773,132100
2007-10-19,43.02000045776367,43.22999954223633,42.779998779296875,42.869998931884766,28.85902214050293,131900
2007-10-22,42.33000183105469,42.72999954223633,42.20000076293945,42.4900016784668,28.603221893310547,114800
2007-10-23,42.75,43.4900016784668,42.209999084472656,43.2599983215332,29.121559143066406,218300
2007-10-24,43.16999816894531,43.97999954223633,42.75,43.560001373291016,29.323511123657227,200800
2007-10-25,43.75,43.869998931884766,43.0,43.869998931884766,29.53219985961914,145100
2007-10-26,44.25,44.25,43.41999816894531,43.79999923706055,29.485061645507812,100200
2007-10-29,43.95000076293945,43.95000076293945,43.5,43.90999984741211,29.559123992919922,140300
2007-10-30,43.72999954223633,43.77000045776367,43.0,43.599998474121094,29.350439071655273,99400
2007-10-31,43.970001220703125,44.52000045776367,43.279998779296875,43.97999954223633,29.60625457763672,198700
2007-11-01,43.7400016784668,43.880001068115234,42.400001525878906,43.11000061035156,29.020586013793945,96200
2007-11-02,43.209999084472656,43.209999084472656,42.08000183105469,42.68000030517578,28.731111526489258,108700
2007-11-05,42.119998931884766,42.310001373291016,41.45000076293945,42.150001525878906,28.374343872070312,165100
2007-11-06,42.369998931884766,42.369998931884766,41.650001525878906,42.22999954223633,28.42818832397461,116300
2007-11-07,41.72999954223633,41.72999954223633,40.5,41.529998779296875,27.956968307495117,195700
2007-11-08,41.880001068115234,44.599998474121094,40.599998474121094,41.060001373291016,27.64058494567871,269900
2007-11-09,40.790000915527344,40.790000915527344,39.70000076293945,40.36000061035156,27.169361114501953,157300
2007-11-12,40.40999984741211,40.77000045776367,40.06999969482422,40.5099983215332,27.270328521728516,119900
2007-11-13,40.75,41.27000045776367,40.43000030517578,41.119998931884766,27.68096923828125,54800
2007-11-14,41.2599983215332,41.2599983215332,40.540000915527344,40.72999954223633,27.418426513671875,75500
2007-11-15,40.599998474121094,41.150001525878906,40.0,40.79999923706055,27.465545654296875,105900
2007-11-16,41.02000045776367,41.38999938964844,40.869998931884766,41.04999923706055,27.633840560913086,136400
2007-11-19,40.68000030517578,40.90999984741211,39.730098724365234,39.939998626708984,26.88661766052246,180000
2007-11-20,39.86000061035156,40.209999084472656,39.400001525878906,40.16999816894531,27.041452407836914,101300
2007-11-21,39.97999954223633,40.2400016784668,39.58000183105469,39.90999984741211,26.866418838500977,100600
2007-11-23,40.22999954223633,40.5,39.709999084472656,39.7599983215332,26.765445709228516,26000
2007-11-26,39.439998626708984,39.7599983215332,38.529998779296875,38.529998779296875,25.93744468688965,88900
2007-11-27,38.650001525878906,38.9900016784668,38.15999984741211,38.61000061035156,25.991302490234375,140800
2007-11-28,38.61000061035156,39.22999954223633,38.59000015258789,39.029998779296875,26.27402687072754,168400
2007-11-29,38.7599983215332,39.25,38.599998474121094,39.04999923706055,26.287490844726562,83500
2007-11-30,39.0,42.150001525878906,39.0,42.150001525878906,28.374343872070312,253100
2007-12-03,41.810001373291016,41.88999938964844,40.369998931884766,40.90999984741211,27.539594650268555,169400
2007-12-04,40.4900016784668,41.0,40.34000015258789,40.88999938964844,27.5261287689209,77500
2007-12-05,41.41999816894531,41.52000045776367,40.75,40.83000183105469,27.485740661621094,51800
2007-12-06,40.83000183105469,41.209999084472656,40.599998474121094,41.209999084472656,27.741539001464844,71900
2007-12-07,41.2599983215332,41.31999969482422,40.66999816894531,41.310001373291016,27.808866500854492,67400
2007-12-10,42.029998779296875,44.2400016784668,42.029998779296875,42.959999084472656,28.919601440429688,108800
2007-12-11,42.91999816894531,42.970001220703125,41.93000030517578,41.97999954223633,28.2598934173584,91100
2007-12-12,42.75,42.970001220703125,40.220001220703125,41.099998474121094,27.667491912841797,191800
2007-12-13,40.84000015258789,42.130001068115234,40.84000015258789,42.130001068115234,28.360885620117188,100700
2007-12-14,41.65999984741211,42.22999954223633,41.56999969482422,41.970001220703125,28.253162384033203,95000
2007-12-17,41.83000183105469,42.209999084472656,41.22999954223633,41.66999816894531,28.051212310791016,144300
2007-12-18,41.91999816894531,41.959999084472656,41.31999969482422,41.83000183105469,28.1589298248291,165200
2007-12-19,41.7400016784668,42.7400016784668,41.7400016784668,42.380001068115234,28.52915382385254,76400
2007-12-20,42.630001068115234,42.9900016784668,42.0,42.709999084472656,28.751317977905273,85000
2007-12-21,43.15999984741211,43.41999816894531,42.77000045776367,43.02000045776367,28.959989547729492,203900
2007-12-24,43.25,44.33000183105469,43.06999969482422,44.33000183105469,29.918363571166992,44000
2007-12-26,44.25,44.25,43.13999938964844,43.34000015258789,29.250213623046875,55100
2007-12-27,43.040000915527344,43.040000915527344,41.91999816894531,42.790000915527344,28.87900733947754,168100
2007-12-28,43.0,43.16999816894531,42.36000061035156,42.88999938964844,28.94650650024414,83000
2007-12-31,42.900001525878906,43.09000015258789,42.060001373291016,42.84000015258789,28.912748336791992,103000
2008-01-02,42.599998474121094,43.0,40.77000045776367,41.08000183105469,27.72492218017578,148148
2008-01-03,41.22999954223633,41.869998931884766,41.22999954223633,41.40999984741211,27.947654724121094,144760
2008-01-04,40.939998626708984,41.33000183105469,39.939998626708984,40.130001068115234,27.083776473999023,174234
2008-01-07,40.22999954223633,40.880001068115234,39.810001373291016,40.189998626708984,27.1242618560791,168000
2008-01-08,39.29999923706055,39.9900016784668,39.040000915527344,39.75,26.82731056213379,198700
2008-01-09,39.779998779296875,39.779998779296875,39.06999969482422,39.400001525878906,26.59110450744629,247100
2008-01-10,39.150001525878906,39.38999938964844,38.4900016784668,39.040000915527344,26.3481388092041,185400
2008-01-11,38.79999923706055,39.2400016784668,37.91999816894531,38.97999954223633,26.307640075683594,127500
2008-01-14,39.16999816894531,39.22999954223633,38.029998779296875,38.52000045776367,25.99717140197754,143625
2008-01-15,38.18000030517578,38.459999084472656,37.119998931884766,37.43000030517578,25.26154136657715,168500
2008-01-16,37.41999816894531,37.970001220703125,37.2599983215332,37.77000045776367,25.49100685119629,127900
2008-01-17,37.900001525878906,37.939998626708984,36.56999969482422,36.58000183105469,24.687881469726562,95220
2008-01-18,36.650001525878906,36.650001525878906,35.61000061035156,35.97999954223633,24.28293228149414,188500
2008-01-22,34.86000061035156,36.599998474121094,34.86000061035156,36.279998779296875,24.485403060913086,208825
2008-01-23,35.619998931884766,38.04999923706055,35.4900016784668,37.529998779296875,25.329030990600586,207466
2008-01-24,37.650001525878906,37.86000061035156,36.900001525878906,37.61000061035156,25.38302993774414,311904
2008-01-25,37.689998626708984,37.689998626708984,36.970001220703125,37.52000045776367,25.322290420532227,233980
2008-01-28,37.2400016784668,39.75,37.2400016784668,39.75,26.82731056213379,185500
2008-01-29,39.849998474121094,39.849998474121094,39.189998626708984,39.849998474121094,26.894807815551758,165400
2008-01-30,39.099998474121094,39.380001068115234,38.689998626708984,39.0,26.32113265991211,121500
2008-01-31,38.34000015258789,39.900001525878906,38.34000015258789,39.900001525878906,26.928546905517578,245951
2008-02-01,39.310001373291016,39.939998626708984,39.310001373291016,39.939998626708984,26.955541610717773,157600
2008-02-04,40.029998779296875,40.099998474121094,39.90999984741211,40.099998474121094,27.063520431518555,172270
2008-02-05,39.400001525878906,39.459999084472656,39.150001525878906,39.459999084472656,26.631593704223633,117368
2008-02-06,38.72999954223633,39.56999969482422,38.25,39.029998779296875,26.34137725830078,104709
2008-02-07,38.720001220703125,39.63999938964844,38.5099983215332,39.63999938964844,26.753068923950195,144714
2008-02-08,39.38999938964844,40.060001373291016,39.38999938964844,40.060001373291016,27.036537170410156,198150
2008-02-11,40.060001373291016,40.060001373291016,39.27000045776367,39.63999938964844,26.753068923950195,119600
2008-02-12,39.93000030517578,40.38999938964844,39.93000030517578,40.38999938964844,27.259244918823242,174600
2008-02-13,40.16999816894531,40.310001373291016,39.619998931884766,39.75,26.82731056213379,151700
2008-02-14,39.72999954223633,39.7400016784668,38.88999938964844,39.25,26.489856719970703,72200
2008-02-15,39.130001068115234,39.20000076293945,38.70000076293945,39.20000076293945,26.456113815307617,144300
2008-02-19,39.189998626708984,39.22999954223633,38.29999923706055,38.58000183105469,26.03767967224121,76417
2008-02-20,38.5,39.0,38.5,39.0,26.32113265991211,192236
2008-02-21,39.08000183105469,39.810001373291016,38.5,39.810001373291016,26.86781120300293,111000
2008-02-22,38.529998779296875,38.790000915527344,38.439998626708984,38.790000915527344,26.179397583007812,131200
2008-02-25,38.4900016784668,39.27000045776367,38.47999954223633,39.27000045776367,26.503353118896484,136200
2008-02-26,38.41999816894531,39.06999969482422,38.41999816894531,39.06999969482422,26.36837387084961,126748
2008-02-27,38.38999938964844,38.38999938964844,37.38999938964844,38.04999923706055,25.67997932434082,206836
2008-02-28,37.77000045776367,38.2400016784668,37.650001525878906,38.2400016784668,25.808212280273438,125600
2008-02-29,37.27000045776367,37.810001373291016,36.47999954223633,37.810001373291016,25.518007278442383,154050
2008-03-03,36.38999938964844,36.38999938964844,36.0099983215332,36.38999938964844,24.55964469909668,116300
2008-03-04,35.599998474121094,36.369998931884766,35.599998474121094,36.130001068115234,24.38416290283203,124447
2008-03-05,35.95000076293945,36.34000015258789,35.95000076293945,36.34000015258789,24.525896072387695,171400
2008-03-06,36.0,36.2400016784668,36.0,36.2400016784668,24.45840835571289,125400
2008-03-07,35.5,36.310001373291016,35.5,36.029998779296875,24.316680908203125,138200
2008-03-10,37.33000183105469,37.849998474121094,36.400001525878906,36.40999984741211,24.57313346862793,139900
2008-03-11,36.75,39.54999923706055,36.650001525878906,39.380001068115234,26.57758331298828,304600
2008-03-12,38.97999954223633,39.68000030517578,38.88999938964844,39.18000030517578,26.442626953125,190300
2008-03-13,38.79999923706055,41.59000015258789,38.79999923706055,41.34000015258789,27.900407791137695,191800
2008-03-14,41.25,42.209999084472656,39.5,40.119998931884766,27.07701873779297,188800
2008-03-17,39.15999984741211,40.56999969482422,39.15999984741211,40.099998474121094,27.063520431518555,161503
2008-03-18,40.70000076293945,40.97999954223633,40.0,40.400001525878906,27.266000747680664,195699
2008-03-19,40.599998474121094,40.93000030517578,39.459999084472656,39.56999969482422,26.705827713012695,150300
2008-03-20,39.41999816894531,40.70000076293945,39.41999816894531,40.529998779296875,27.353744506835938,221100
2008-03-24,40.529998779296875,40.689998626708984,39.81999969482422,40.25,27.164762496948242,224600
2008-03-25,40.08000183105469,40.630001068115234,39.68000030517578,40.619998931884766,27.414480209350586,160316
2008-03-26,40.400001525878906,40.400001525878906,39.529998779296875,39.97999954223633,26.9825382232666,127100
2008-03-27,40.060001373291016,40.08000183105469,39.03010177612305,39.119998931884766,26.402124404907227,98200
2008-03-28,39.0,39.70000076293945,38.29999923706055,38.439998626708984,26.016338348388672,208700
2008-03-31,38.650001525878906,39.70000076293945,38.349998474121094,39.70000076293945,26.869129180908203,380000
2008-04-01,40.72999954223633,40.72999954223633,39.15999984741211,40.38999938964844,27.336111068725586,243100
2008-04-02,40.2400016784668,41.54999923706055,40.23500061035156,41.400001525878906,28.019689559936523,179700
2008-04-03,41.20000076293945,41.560001373291016,40.7599983215332,41.54999923706055,28.12120819091797,189400
2008-04-04,41.40999984741211,42.189998626708984,41.40999984741211,41.86000061035156,28.331022262573242,231000
2008-04-07,42.0099983215332,42.060001373291016,41.439998626708984,42.060001373291016,28.46639060974121,145800
2008-04-08,41.5099983215332,42.900001525878906,41.15999984741211,42.58000183105469,28.818317413330078,300693
2008-04-09,42.65999984741211,42.959999084472656,42.0,42.22999954223633,28.581436157226562,152600
2008-04-10,42.060001373291016,43.04999923706055,41.630001068115234,42.970001220703125,29.082277297973633,148500
2008-04-11,42.959999084472656,43.849998474121094,42.58000183105469,43.4900016784668,29.434207916259766,266800
2008-04-14,43.439998626708984,43.52000045776367,42.91999816894531,43.099998474121094,29.17025375366211,151715
2008-04-15,43.29999923706055,43.599998474121094,42.59000015258789,43.38999938964844,29.36652374267578,197173
2008-04-16,43.79999923706055,45.040000915527344,43.439998626708984,45.040000915527344,30.483261108398438,156935
2008-04-17,44.95000076293945,44.95000076293945,43.869998931884766,44.029998779296875,29.7996826171875,133675
2008-04-18,44.75,45.5099983215332,44.439998626708984,44.84000015258789,30.34788703918457,101684
2008-04-21,44.310001373291016,44.790000915527344,44.150001525878906,44.70000076293945,30.253149032592773,104939
2008-04-22,44.45000076293945,44.630001068115234,43.65999984741211,43.869998931884766,29.69139289855957,143693
2008-04-23,43.849998474121094,44.470001220703125,43.380001068115234,44.18000030517578,29.901208877563477,120575
2008-04-24,44.400001525878906,45.439998626708984,44.08000183105469,45.349998474121094,30.69305419921875,86922
2008-04-25,45.22999954223633,45.22999954223633,44.33000183105469,44.939998626708984,30.415576934814453,94106
2008-04-28,44.880001068115234,46.97999954223633,44.75,46.540000915527344,31.49846839904785,191767
2008-04-29,46.540000915527344,46.970001220703125,45.380001068115234,45.75,30.96378517150879,247008
2008-04-30,45.939998626708984,46.5099983215332,45.90999984741211,46.04999923706055,31.166818618774414,134515
2008-05-01,46.15999984741211,47.02000045776367,45.45000076293945,46.52000045776367,31.484928131103516,132622
2008-05-02,46.529998779296875,47.27000045776367,46.0099983215332,46.349998474121094,31.369863510131836,107171
2008-05-05,46.810001373291016,47.08000183105469,46.36000061035156,46.630001068115234,31.559362411499023,198000
2008-05-06,46.45000076293945,47.36000061035156,46.38999938964844,46.93000030517578,31.76241683959961,210519
2008-05-07,46.900001525878906,47.52000045776367,46.7400016784668,46.90999984741211,31.748868942260742,169803
2008-05-08,47.189998626708984,47.4900016784668,46.4900016784668,47.130001068115234,31.89777374267578,107564
2008-05-09,46.560001373291016,47.439998626708984,46.38999938964844,47.04999923706055,31.8436279296875,118336
2008-05-12,47.040000915527344,47.400001525878906,46.790000915527344,47.27000045776367,31.992528915405273,113031
2008-05-13,47.189998626708984,47.81999969482422,46.65999984741211,47.689998626708984,32.27678680419922,201884
2008-05-14,47.61000061035156,48.0,47.060001373291016,47.15999984741211,31.918071746826172,144307
2008-05-15,47.279998779296875,47.41999816894531,46.45000076293945,47.15999984741211,31.918071746826172,109236
2008-05-16,47.29999923706055,47.65999984741211,46.689998626708984,47.0,31.809782028198242,150907
2008-05-19,47.5,47.5,46.40999984741211,46.90999984741211,31.748868942260742,114496
2008-05-20,46.91999816894531,46.95000076293945,46.08000183105469,46.400001525878906,31.403701782226562,110453
2008-05-21,46.58000183105469,47.029998779296875,46.18000030517578,46.279998779296875,31.322481155395508,243096
2008-05-22,46.20000076293945,46.63999938964844,45.4900016784668,46.0,31.13298988342285,255186
2008-05-23,45.900001525878906,45.900001525878906,45.18000030517578,45.310001373291016,30.665998458862305,102043
2008-05-27,45.29999923706055,46.40999984741211,45.02000045776367,46.40999984741211,31.41046714782715,193342
2008-05-28,46.5,46.61000061035156,44.939998626708984,45.08000183105469,30.510324478149414,122325
2008-05-29,45.09000015258789,46.459999084472656,45.08000183105469,46.439998626708984,31.430782318115234,224701
2008-05-30,46.22999954223633,47.25,46.029998779296875,47.25,31.978988647460938,211074
2008-06-02,47.5,47.93000030517578,46.47999954223633,46.849998474121094,31.70826530456543,162005
2008-06-03,46.959999084472656,48.060001373291016,46.59000015258789,47.65999984741211,32.2564811706543,170964
2008-06-04,47.59000015258789,48.630001068115234,47.15999984741211,47.86000061035156,32.391822814941406,215060
2008-06-05,47.849998474121094,49.29999923706055,47.63999938964844,49.29999923706055,33.366432189941406,160043
2008-06-06,49.0,49.75,47.040000915527344,47.47999954223633,32.134639739990234,137893
2008-06-09,48.02000045776367,48.54999923706055,47.189998626708984,48.5099983215332,32.83176040649414,175049
2008-06-10,48.09000015258789,48.81999969482422,47.91999816894531,48.22999954223633,32.64225769042969,152022
2008-06-11,48.150001525878906,48.4900016784668,46.880001068115234,46.88999938964844,31.735336303710938,138363
2008-06-12,47.0,47.310001373291016,46.27000045776367,46.380001068115234,31.390172958374023,95796
2008-06-13,46.599998474121094,47.0,45.959999084472656,46.689998626708984,31.599971771240234,166308
2008-06-16,46.20000076293945,47.0,45.97999954223633,46.34000015258789,31.363100051879883,87555
2008-06-17,46.38999938964844,47.11000061035156,46.13999938964844,46.939998626708984,31.769176483154297,200416
2008-06-18,46.599998474121094,47.02000045776367,46.47999954223633,46.790000915527344,31.66765022277832,167834
2008-06-19,48.65999984741211,49.7599983215332,47.709999084472656,49.7599983215332,33.67776107788086,368683
2008-06-20,49.0,49.099998474121094,48.16999816894531,48.79999923706055,33.02802658081055,332860
2008-06-23,49.15999984741211,49.2400016784668,47.97999954223633,48.4900016784668,32.81822204589844,342058
2008-06-24,49.22999954223633,49.22999954223633,47.650001525878906,47.650001525878906,32.24971008300781,214614
2008-06-25,48.0,48.77000045776367,46.88999938964844,47.72999954223633,32.3038444519043,234093
2008-06-26,47.470001220703125,48.16999816894531,47.130001068115234,47.54999923706055,32.18202590942383,178399
2008-06-27,47.7599983215332,47.7599983215332,45.0,45.349998474121094,30.69305419921875,434925
2008-06-30,45.130001068115234,45.70000076293945,44.88999938964844,45.029998779296875,30.476491928100586,188015
2008-07-01,44.5,44.5,43.630001068115234,44.09000015258789,29.84028434753418,236280
2008-07-02,43.88999938964844,44.900001525878906,43.459999084472656,43.56999969482422,29.5755615234375,161146
2008-07-03,43.5,44.33000183105469,43.349998474121094,43.38999938964844,29.453359603881836,112089
2008-07-07,43.540000915527344,43.939998626708984,43.0,43.459999084472656,29.500883102416992,222767
2008-07-08,43.5099983215332,44.56999969482422,43.369998931884766,44.54999923706055,30.240793228149414,181072
2008-07-09,44.470001220703125,44.59000015258789,43.790000915527344,44.08000183105469,29.921743392944336,164254
2008-07-10,44.029998779296875,44.970001220703125,43.68000030517578,44.369998931884766,30.11858367919922,178031
2008-07-11,44.0,44.939998626708984,43.79999923706055,44.63999938964844,30.301876068115234,244095
2008-07-14,44.720001220703125,44.959999084472656,44.400001525878906,44.70000076293945,30.342599868774414,204660
2008-07-15,44.5,45.13999938964844,44.279998779296875,44.68000030517578,30.32902717590332,194492
2008-07-16,44.5,45.13999938964844,44.220001220703125,45.119998931884766,30.627710342407227,173307
2008-07-17,45.189998626708984,45.86000061035156,44.720001220703125,45.77000045776367,31.068923950195312,157253
2008-07-18,46.11000061035156,46.34000015258789,44.779998779296875,45.31999969482422,30.763469696044922,117182
2008-07-21,45.279998779296875,45.75,45.0,45.70000076293945,31.021408081054688,130425
2008-07-22,45.34000015258789,46.59000015258789,44.400001525878906,45.130001068115234,30.634492874145508,240162
2008-07-23,44.939998626708984,46.220001220703125,44.599998474121094,46.11000061035156,31.29973030090332,146005
2008-07-24,46.31999969482422,46.619998931884766,45.5099983215332,46.209999084472656,31.367597579956055,177780
2008-07-25,46.31999969482422,47.130001068115234,46.2599983215332,46.849998474121094,31.802034378051758,247537
2008-07-28,46.65999984741211,47.18000030517578,45.7599983215332,45.849998474121094,31.12323570251465,254170
2008-07-29,45.849998474121094,47.13999938964844,45.72999954223633,46.52000045776367,31.578041076660156,157435
2008-07-30,46.279998779296875,46.720001220703125,45.65999984741211,46.650001525878906,31.66629409790039,200309
2008-07-31,46.2599983215332,46.849998474121094,45.34000015258789,45.34000015258789,30.77703285217285,154618
2008-08-01,45.849998474121094,46.220001220703125,44.810001373291016,45.58000183105469,30.939964294433594,272891
2008-08-04,45.66999816894531,46.130001068115234,45.310001373291016,45.869998931884766,31.136816024780273,187855
2008-08-05,46.310001373291016,47.09000015258789,45.63999938964844,47.040000915527344,31.93099594116211,207013
2008-08-06,46.779998779296875,48.5099983215332,46.27799987792969,48.38999938964844,32.8474006652832,209641
2008-08-07,48.2599983215332,48.380001068115234,46.7599983215332,46.86000061035156,31.80881690979004,127460
2008-08-08,46.970001220703125,47.97999954223633,46.810001373291016,47.7400016784668,32.40617370605469,146413
2008-08-11,47.5099983215332,48.04999923706055,47.22999954223633,47.900001525878906,32.51478576660156,153201
2008-08-12,48.099998474121094,48.099998474121094,47.290000915527344,47.70000076293945,32.37902069091797,260258
2008-08-13,47.470001220703125,47.689998626708984,46.90999984741211,47.099998474121094,31.97173309326172,150750
2008-08-14,47.0099983215332,47.459999084472656,46.68000030517578,47.279998779296875,32.09392166137695,159007
2008-08-15,47.54999923706055,49.18000030517578,47.5,48.880001068115234,33.18000793457031,183482
2008-08-18,48.439998626708984,48.88999938964844,47.4900016784668,48.099998474121094,32.650550842285156,107411
2008-08-19,48.04999923706055,48.810001373291016,46.41999816894531,46.70000076293945,31.700220108032227,91944
2008-08-20,46.5,46.599998474121094,45.0099983215332,45.54999923706055,30.919591903686523,172271
2008-08-21,45.189998626708984,45.65999984741211,44.83000183105469,45.630001068115234,30.973901748657227,97922
2008-08-22,45.58000183105469,46.40999984741211,45.58000183105469,46.40999984741211,31.503368377685547,82657
2008-08-25,46.04999923706055,46.36000061035156,44.5,44.70000076293945,30.342599868774414,145341
2008-08-26,44.75,45.439998626708984,44.400001525878906,45.040000915527344,30.57339859008789,145949
2008-08-27,45.040000915527344,46.150001525878906,44.599998474121094,46.11000061035156,31.29973030090332,106060
2008-08-28,46.11000061035156,47.029998779296875,45.474998474121094,47.029998779296875,31.92422103881836,91688
2008-08-29,46.70000076293945,47.58000183105469,46.38999938964844,47.58000183105469,32.297569274902344,161916
2008-09-02,51.25,53.20000076293945,47.7599983215332,48.650001525878906,33.02388381958008,226079
2008-09-03,48.65999984741211,49.220001220703125,48.22999954223633,48.70000076293945,33.057830810546875,248798
2008-09-04,48.34000015258789,48.56999969482422,47.5099983215332,47.88999938964844,32.507991790771484,148280
2008-09-05,47.18000030517578,54.75,45.7599983215332,46.099998474121094,31.292917251586914,267952
2008-09-08,47.209999084472656,48.0,46.119998931884766,47.11000061035156,31.978530883789062,211394
2008-09-09,45.849998474121094,46.400001525878906,44.56999969482422,46.11000061035156,31.29973030090332,411903
2008-09-10,45.90999984741211,45.939998626708984,43.380001068115234,43.88999938964844,29.79277801513672,375198
2008-09-11,43.61000061035156,43.970001220703125,42.7400016784668,43.63999938964844,29.62307357788086,190355
2008-09-12,43.400001525878906,44.040000915527344,43.0,43.65999984741211,29.63664436340332,212006
2008-09-15,42.66999816894531,42.88999938964844,42.25,42.88999938964844,29.11396598815918,194795
2008-09-16,42.0,42.599998474121094,40.65999984741211,41.439998626708984,28.12970733642578,312082
2008-09-17,40.65999984741211,41.15999984741211,39.619998931884766,39.619998931884766,26.8942813873291,244074
2008-09-18,39.34000015258789,42.130001068115234,38.83000183105469,41.77000045776367,28.353708267211914,310942
2008-09-19,42.4900016784668,45.72999954223633,39.7400016784668,41.41999816894531,28.11611557006836,369444
2008-09-22,40.79999923706055,41.5099983215332,39.369998931884766,39.5,26.81281089782715,216951
2008-09-23,39.040000915527344,40.65999984741211,39.02000045776367,40.13999938964844,27.247251510620117,169848
2008-09-24,40.349998474121094,40.9900016784668,39.11000061035156,40.099998474121094,27.2200984954834,201993
2008-09-25,40.209999084472656,41.220001220703125,40.0,40.90999984741211,27.769929885864258,197225
2008-09-26,40.41999816894531,41.22999954223633,40.13999938964844,40.630001068115234,27.579879760742188,224759
2008-09-29,39.849998474121094,40.099998474121094,38.16999816894531,39.45000076293945,26.77887535095215,266674
2008-09-30,40.29999923706055,40.45000076293945,38.27000045776367,40.45000076293945,27.54845428466797,278237
2008-10-01,40.060001373291016,40.630001068115234,39.70000076293945,40.619998931884766,27.664236068725586,222127
2008-10-02,40.54999923706055,41.150001525878906,39.790000915527344,40.0,27.24199104309082,193278
2008-10-03,40.38999938964844,41.65999984741211,38.439998626708984,39.150001525878906,26.66309928894043,329977
2008-10-06,38.380001068115234,39.18000030517578,35.959999084472656,37.5,25.539358139038086,321168
2008-10-07,37.97999954223633,38.099998474121094,34.59000015258789,34.619998931884766,23.57794189453125,227103
2008-10-08,33.630001068115234,34.939998626708984,33.06999969482422,34.41999816894531,23.44173240661621,443931
2008-10-09,34.540000915527344,34.540000915527344,32.75,32.849998474121094,22.372480392456055,392669
2008-10-10,31.559999465942383,31.790000915527344,18.739999771118164,29.75,20.26123046875,548327
2008-10-13,31.0,34.650001525878906,30.770000457763672,34.650001525878906,23.598363876342773,293861
2008-10-14,40.900001525878906,40.900001525878906,34.09000015258789,34.810001373291016,23.707347869873047,271972
2008-10-15,34.5,34.5,32.279998779296875,32.369998931884766,22.045574188232422,321737
2008-10-16,32.25,33.31999969482422,31.010000228881836,33.150001525878906,22.576793670654297,252935
2008-10-17,32.90999984741211,33.41999816894531,31.823999404907227,32.95000076293945,22.440584182739258,246038
2008-10-20,33.18000030517578,34.939998626708984,32.63999938964844,34.93000030517578,23.789064407348633,237909
2008-10-21,34.630001068115234,35.0,33.04999923706055,33.25,22.644901275634766,211972
2008-10-22,33.040000915527344,33.040000915527344,30.239999771118164,30.84000015258789,21.003570556640625,238342
2008-10-23,30.940000534057617,31.059999465942383,28.969999313354492,30.520000457763672,20.785634994506836,259546
2008-10-24,27.920000076293945,30.260000228881836,27.920000076293945,29.690000534057617,20.22036361694336,173414
2008-10-27,29.399999618530273,29.399999618530273,27.670000076293945,27.75,18.899124145507812,270129
2008-10-28,28.239999771118164,29.209999084472656,26.770000457763672,29.18000030517578,19.87303924560547,336475
2008-10-29,29.389999389648438,31.709999084472656,29.309999465942383,31.110000610351562,21.187463760375977,245374
2008-10-30,31.110000610351562,33.040000915527344,31.020000457763672,32.93000030517578,22.42697525024414,188640
2008-10-31,33.0,34.849998474121094,32.29999923706055,34.779998779296875,23.686904907226562,263899
2008-11-03,34.75,35.560001373291016,34.650001525878906,34.97999954223633,23.823123931884766,185494
2008-11-04,35.189998626708984,35.88999938964844,34.93000030517578,35.58000183105469,24.23175621032715,131276
2008-11-05,35.150001525878906,36.16999816894531,34.22999954223633,34.2599983215332,23.33275604248047,108880
2008-11-06,33.91999816894531,34.2400016784668,32.58000183105469,32.77000045776367,22.318002700805664,130852
2008-11-07,32.95000076293945,34.29999923706055,32.900001525878906,34.0,23.15569496154785,147760
2008-11-10,34.380001068115234,34.380001068115234,32.599998474121094,32.97999954223633,22.461023330688477,138067
2008-11-11,32.779998779296875,32.849998474121094,31.190000534057617,31.489999771118164,21.446250915527344,178486
2008-11-12,31.100000381469727,31.81999969482422,29.770000457763672,29.959999084472656,20.40424346923828,205176
2008-11-13,29.90999984741211,33.290000915527344,29.170000076293945,33.290000915527344,22.67214012145996,292707
2008-11-14,32.79999923706055,33.33000183105469,31.549999237060547,32.2599983215332,21.970666885375977,236595
2008-11-17,32.81999969482422,33.130001068115234,31.600000381469727,31.690000534057617,21.58246612548828,318886
2008-11-18,31.690000534057617,32.41999816894531,30.729999542236328,31.860000610351562,21.698246002197266,294229
2008-11-19,31.829999923706055,32.22999954223633,29.1299991607666,29.209999084472656,19.893455505371094,187852
2008-11-20,28.8799991607666,28.8799991607666,26.0,26.209999084472656,17.850317001342773,373900
2008-11-21,26.450000762939453,27.34000015258789,25.75,27.299999237060547,18.5926570892334,537245
2008-11-24,27.309999465942383,30.280000686645508,27.209999084472656,29.68000030517578,20.213558197021484,443232
2008-11-25,29.829999923706055,30.450000762939453,28.260000228881836,29.860000610351562,20.336151123046875,337531
2008-11-26,28.790000915527344,31.959999084472656,28.65999984741211,31.950000762939453,21.759540557861328,220908
2008-11-28,32.150001525878906,35.959999084472656,32.04999923706055,35.959999084472656,24.490550994873047,182301
2008-12-01,34.400001525878906,34.77000045776367,30.059999465942383,30.200000762939453,20.567707061767578,264930
2008-12-02,30.200000762939453,32.5099983215332,30.200000762939453,32.0099983215332,21.800395965576172,322302
2008-12-03,31.59000015258789,32.43000030517578,31.049999237060547,32.130001068115234,21.88213348388672,308396
2008-12-04,31.8799991607666,32.47999954223633,29.90999984741211,30.770000457763672,20.955900192260742,295562
2008-12-05,30.549999237060547,31.0,29.5,30.190000534057617,20.560894012451172,370233
2008-12-08,31.239999771118164,32.1161994934082,30.530000686645508,31.899999618530273,21.725488662719727,313343
2008-12-09,32.779998779296875,34.220001220703125,31.8799991607666,31.8799991607666,21.711868286132812,275190
2008-12-10,31.8799991607666,33.68000030517578,31.75,33.029998779296875,22.495075225830078,335885
2008-12-11,31.969999313354492,33.5,30.670000076293945,31.399999618530273,21.38495445251465,248740
2008-12-12,30.100000381469727,32.52000045776367,30.09000015258789,32.41999816894531,22.079635620117188,288521
2008-12-15,32.040000915527344,32.619998931884766,29.579999923706055,30.600000381469727,20.840118408203125,286251
2008-12-16,30.90999984741211,33.15999984741211,30.100000381469727,33.130001068115234,22.56317901611328,279693
2008-12-17,32.279998779296875,33.0099983215332,32.0,32.56999969482422,22.18178939819336,225300
2008-12-18,33.209999084472656,33.79999923706055,32.310001373291016,32.7599983215332,22.311193466186523,284979
2008-12-19,32.779998779296875,33.2599983215332,31.8700008392334,32.060001373291016,21.834453582763672,399460
2008-12-22,31.940000534057617,32.099998474121094,31.25,32.0099983215332,21.800395965576172,238602
2008-12-23,32.08000183105469,32.459999084472656,31.770000457763672,32.2599983215332,21.970666885375977,252777
2008-12-24,31.899999618530273,32.72249984741211,31.719999313354492,32.34000015258789,22.114259719848633,98372
2008-12-26,32.4900016784668,33.470001220703125,32.0,33.41999816894531,22.852773666381836,97973
2008-12-29,33.540000915527344,33.900001525878906,32.900001525878906,33.4900016784668,22.900638580322266,174425
2008-12-30,33.689998626708984,34.7599983215332,33.34000015258789,34.630001068115234,23.68017578125,117606
2008-12-31,35.38999938964844,35.849998474121094,34.54999923706055,35.58000183105469,24.32979965209961,266845
2009-01-02,35.540000915527344,37.810001373291016,35.06999969482422,37.560001373291016,25.68372344970703,230894
2009-01-05,37.7400016784668,38.220001220703125,36.68000030517578,37.599998474121094,25.711084365844727,288571
2009-01-06,37.939998626708984,38.61000061035156,36.54999923706055,36.81999969482422,25.177711486816406,236822
2009-01-07,36.0099983215332,36.72999954223633,35.380001068115234,36.18000030517578,24.740076065063477,215268
2009-01-08,35.540000915527344,36.150001525878906,35.27000045776367,35.959999084472656,24.589643478393555,194135
2009-01-09,35.75,35.970001220703125,34.5,34.540000915527344,23.618635177612305,192297
2009-01-12,34.290000915527344,34.939998626708984,32.9900016784668,34.209999084472656,23.392980575561523,309558
2009-01-13,34.29999923706055,35.34000015258789,33.959999084472656,35.119998931884766,24.01523780822754,277894
2009-01-14,34.77000045776367,35.11000061035156,33.790000915527344,34.13999938964844,23.345108032226562,210930
2009-01-15,34.15999984741211,34.650001525878906,32.47999954223633,34.650001525878906,23.693843841552734,275084
2009-01-16,34.66999816894531,35.84000015258789,34.66999816894531,35.58000183105469,24.32979965209961,412607
2009-01-20,35.0,36.040000915527344,34.75,35.380001068115234,24.193029403686523,271913
2009-01-21,35.75,36.7599983215332,35.439998626708984,36.63999938964844,25.054624557495117,242170
2009-01-22,36.060001373291016,36.18000030517578,34.93000030517578,35.34000015258789,24.16567611694336,228131
2009-01-23,34.900001525878906,35.849998474121094,34.45000076293945,35.470001220703125,24.254568099975586,189276
2009-01-26,35.689998626708984,36.619998931884766,35.3849983215332,35.7599983215332,24.452878952026367,134189
2009-01-27,35.86000061035156,36.25,34.59000015258789,35.220001220703125,24.083621978759766,148395
2009-01-28,35.22999954223633,36.47999954223633,35.22999954223633,36.36000061035156,24.8631649017334,198466
2009-01-29,35.75,36.27000045776367,35.5,36.189998626708984,24.746912002563477,186372
2009-01-30,36.40999984741211,36.65999984741211,35.06999969482422,35.43000030517578,24.227214813232422,169693
2009-02-02,34.7400016784668,35.599998474121094,34.7400016784668,35.09000015258789,23.994726181030273,182095
2009-02-03,35.08000183105469,35.95000076293945,34.2599983215332,35.619998931884766,24.357139587402344,191649
2009-02-04,35.540000915527344,35.91999816894531,34.900001525878906,35.16999816894531,24.049428939819336,125694
2009-02-05,35.060001373291016,35.52000045776367,34.47999954223633,35.2599983215332,24.11098289489746,80863
2009-02-06,35.209999084472656,37.2400016784668,35.0,36.720001220703125,25.109329223632812,156590
2009-02-09,36.61000061035156,36.869998931884766,35.9900016784668,36.41999816894531,24.904190063476562,143086
2009-02-10,35.900001525878906,36.70000076293945,34.36000061035156,34.650001525878906,23.693843841552734,257833
2009-02-11,34.619998931884766,35.314998626708984,34.54999923706055,35.119998931884766,24.01523780822754,130111
2009-02-12,34.59000015258789,36.439998626708984,33.97999954223633,36.31999969482422,24.835798263549805,289192
2009-02-13,36.56999969482422,37.47999954223633,36.209999084472656,36.310001373291016,24.8289737701416,167587
2009-02-17,35.13999938964844,35.34000015258789,34.5099983215332,34.560001373291016,23.632312774658203,171583
2009-02-18,34.65999984741211,34.65999984741211,32.970001220703125,33.06999969482422,22.61343765258789,313053
2009-02-19,32.75,32.900001525878906,31.6299991607666,31.649999618530273,21.64243507385254,307235
2009-02-20,31.170000076293945,31.420000076293945,30.299999237060547,30.950000762939453,21.163774490356445,396277
2009-02-23,31.299999237060547,31.530000686645508,29.760000228881836,30.0,20.514158248901367,221896
2009-02-24,30.190000534057617,31.149999618530273,29.829999923706055,31.040000915527344,21.225322723388672,208299
2009-02-25,31.0,31.389999389648438,30.260000228881836,30.770000457763672,21.040691375732422,232134
2009-02-26,30.940000534057617,31.229999542236328,30.25,30.260000228881836,20.69194793701172,167811
2009-02-27,29.770000457763672,32.25,29.770000457763672,31.389999389648438,21.46464729309082,283868
2009-03-02,31.25,31.25,29.309999465942383,29.56999969482422,20.220125198364258,213336
2009-03-03,29.719999313354492,30.09000015258789,28.18000030517578,29.1200008392334,19.91241455078125,285300
2009-03-04,29.450000762939453,30.40999984741211,28.950000762939453,30.010000228881836,20.520999908447266,189539
2009-03-05,29.18000030517578,30.190000534057617,28.84000015258789,29.719999313354492,20.322696685791016,262615
2009-03-06,29.920000076293945,29.920000076293945,27.420000076293945,28.3700008392334,19.399560928344727,294643
2009-03-09,28.010000228881836,28.549999237060547,27.420000076293945,27.860000610351562,19.050809860229492,408953
2009-03-10,27.399999618530273,27.81999969482422,26.190000534057617,27.549999237060547,18.838834762573242,366037
2009-03-11,27.770000457763672,29.0,27.770000457763672,28.530000686645508,19.508962631225586,307368
2009-03-12,28.389999389648438,30.209999084472656,28.170000076293945,29.889999389648438,20.438940048217773,322095
2009-03-13,30.290000915527344,30.290000915527344,29.360000610351562,29.84000015258789,20.404752731323242,230406
2009-03-16,30.020000457763672,30.200000762939453,28.81999969482422,28.979999542236328,19.816679000854492,293109
2009-03-17,28.829999923706055,29.709999084472656,28.729999542236328,29.549999237060547,20.20644187927246,235852
2009-03-18,29.3700008392334,30.030000686645508,29.190000534057617,29.719999313354492,20.322696685791016,256676
2009-03-19,30.049999237060547,30.049999237060547,29.309999465942383,29.690000534057617,20.30217933654785,212612
2009-03-20,29.719999313354492,29.860000610351562,28.739999771118164,28.799999237060547,19.693593978881836,203421
2009-03-23,29.399999618530273,30.520000457763672,29.200000762939453,30.479999542236328,20.84238624572754,337517
2009-03-24,30.059999465942383,31.06999969482422,30.059999465942383,30.559999465942383,20.8970947265625,220983
2009-03-25,30.670000076293945,31.899999618530273,30.280000686645508,31.18000030517578,21.321048736572266,203162
2009-03-26,31.350000381469727,32.380001068115234,30.899999618530273,32.380001068115234,22.141618728637695,251007
2009-03-27,32.060001373291016,32.25,31.030000686645508,31.09000015258789,21.25950813293457,327162
2009-03-30,30.350000381469727,30.440000534057617,29.43000030517578,29.530000686645508,20.27755355834961,268667
2009-03-31,29.729999542236328,30.200000762939453,29.0,29.780000686645508,20.449230194091797,390610
2009-04-01,29.059999465942383,30.760000228881836,29.059999465942383,30.559999465942383,20.98483657836914,249822
2009-04-02,31.5,33.040000915527344,30.8700008392334,32.380001068115234,22.234588623046875,284373
2009-04-03,32.470001220703125,32.869998931884766,32.25,32.869998931884766,22.57105827331543,177064
2009-04-06,32.75,33.459999084472656,32.68000030517578,32.970001220703125,22.639724731445312,170446
2009-04-07,32.40999984741211,32.56999969482422,31.770000457763672,31.84000015258789,21.86377716064453,192277
2009-04-08,31.84000015258789,32.2400016784668,31.520000457763672,31.950000762939453,21.939321517944336,131515
2009-04-09,32.529998779296875,33.41999816894531,32.11000061035156,33.2400016784668,22.825124740600586,209981
2009-04-13,33.18000030517578,33.41999816894531,32.849998474121094,33.22999954223633,22.81826400756836,198736
2009-04-14,32.720001220703125,32.93000030517578,32.34000015258789,32.529998779296875,22.337587356567383,97425
2009-04-15,32.650001525878906,33.119998931884766,32.130001068115234,33.040000915527344,22.687801361083984,215074
2009-04-16,33.0,33.939998626708984,32.7599983215332,33.84000015258789,23.237133026123047,211628
2009-04-17,33.97999954223633,34.45000076293945,33.54999923706055,34.33000183105469,23.573612213134766,126104
2009-04-20,33.7599983215332,33.970001220703125,32.599998474121094,33.060001373291016,22.70153045654297,121637
2009-04-21,32.849998474121094,33.529998779296875,32.58000183105469,33.45000076293945,22.969322204589844,145171
2009-04-22,33.0099983215332,33.95000076293945,33.0,33.4900016784668,22.996797561645508,153802
2009-04-23,33.54999923706055,33.54999923706055,32.79999923706055,33.34000015258789,22.893802642822266,120720
2009-04-24,33.5,33.77000045776367,33.0099983215332,33.36000061035156,22.907527923583984,149394
2009-04-27,33.18000030517578,33.56999969482422,32.810001373291016,33.22999954223633,22.81826400756836,177354
2009-04-28,32.849998474121094,33.38999938964844,32.720001220703125,33.09000015258789,22.722129821777344,170039
2009-04-29,33.5099983215332,34.81999969482422,33.16999816894531,34.34000015258789,23.58047103881836,200471
2009-04-30,34.400001525878906,35.040000915527344,33.810001373291016,33.900001525878906,23.278337478637695,130922
2009-05-01,33.41999816894531,33.97999954223633,33.209999084472656,33.939998626708984,23.305805206298828,130172
2009-05-04,34.220001220703125,34.529998779296875,33.599998474121094,34.439998626708984,23.649139404296875,100189
2009-05-05,34.4900016784668,34.540000915527344,32.959999084472656,33.66999816894531,23.120399475097656,183857
2009-05-06,34.099998474121094,34.540000915527344,33.619998931884766,34.290000915527344,23.5461368560791,98847
2009-05-07,34.59000015258789,34.97999954223633,33.560001373291016,33.90999984741211,23.28519630432129,114898
2009-05-08,34.18000030517578,34.970001220703125,33.689998626708984,33.790000915527344,23.20279884338379,183464
2009-05-11,33.470001220703125,33.650001525878906,33.08000183105469,33.22999954223633,22.81826400756836,151234
2009-05-12,33.54999923706055,33.83000183105469,32.7599983215332,33.02000045776367,22.674062728881836,126393
2009-05-13,32.630001068115234,32.630001068115234,31.200000762939453,31.229999542236328,21.444908142089844,145636
2009-05-14,31.450000762939453,31.5,30.799999237060547,30.8700008392334,21.19770050048828,201711
2009-05-15,30.93000030517578,31.31999969482422,30.760000228881836,31.030000686645508,21.307575225830078,177681
2009-05-18,31.110000610351562,32.040000915527344,30.979999542236328,32.029998779296875,21.994251251220703,248872
2009-05-19,32.29999923706055,32.43000030517578,31.639999389648438,32.119998931884766,22.056041717529297,146535
2009-05-20,32.52000045776367,33.04999923706055,32.130001068115234,32.279998779296875,22.16592025756836,309263
2009-05-21,31.84000015258789,32.0,30.920000076293945,31.1299991607666,21.37624168395996,169479
2009-05-22,31.170000076293945,31.510000228881836,30.889999389648438,30.93000030517578,21.23890495300293,105607
2009-05-26,30.559999465942383,31.959999084472656,30.5,31.719999313354492,21.78137969970703,288613
2009-05-27,31.579999923706055,31.940000534057617,30.700000762939453,30.84000015258789,21.177101135253906,195830
2009-05-28,31.209999084472656,31.450000762939453,30.469999313354492,31.139999389648438,21.38311195373535,214361
2009-05-29,31.049999237060547,31.610000610351562,30.670000076293945,31.610000610351562,21.70583724975586,484214
2009-06-01,32.119998931884766,33.25,32.0,32.86000061035156,22.564193725585938,198553
2009-06-02,32.709999084472656,34.18000030517578,32.709999084472656,33.959999084472656,23.319536209106445,198832
2009-06-03,33.47999954223633,33.779998779296875,32.4900016784668,32.880001068115234,22.57792854309082,125609
2009-06-04,32.58000183105469,32.7400016784668,32.060001373291016,32.150001525878906,22.076642990112305,208640
2009-06-05,32.349998474121094,32.900001525878906,32.0,32.849998474121094,22.557321548461914,262822
2009-06-08,32.38999938964844,32.83000183105469,32.130001068115234,32.650001525878906,22.41998863220215,129642
2009-06-09,32.880001068115234,33.65999984741211,32.459999084472656,33.56999969482422,23.051727294921875,192835
2009-06-10,33.79999923706055,34.349998474121094,33.619998931884766,34.2400016784668,23.51180648803711,243131
2009-06-11,34.349998474121094,34.86000061035156,33.90999984741211,34.59000015258789,23.752145767211914,151095
2009-06-12,34.290000915527344,34.779998779296875,33.63999938964844,34.33000183105469,23.573612213134766,114173
2009-06-15,33.97999954223633,33.97999954223633,33.15999984741211,33.83000183105469,23.230274200439453,122447
2009-06-16,33.689998626708984,34.040000915527344,32.97999954223633,33.060001373291016,22.70153045654297,128760
2009-06-17,33.189998626708984,33.599998474121094,32.779998779296875,33.470001220703125,22.983062744140625,191253
2009-06-18,30.010000228881836,33.959999084472656,30.010000228881836,33.81999969482422,23.223400115966797,146316
2009-06-19,34.34000015258789,34.349998474121094,33.47999954223633,33.56999969482422,23.051727294921875,295441
2009-06-22,33.150001525878906,33.54999923706055,32.939998626708984,33.36000061035156,22.907527923583984,223664
2009-06-23,33.58000183105469,33.58000183105469,32.79999923706055,33.08000183105469,22.71526527404785,173024
2009-06-24,33.310001373291016,33.599998474121094,32.95000076293945,33.4900016784668,22.996797561645508,152929
2009-06-25,33.4900016784668,35.11000061035156,33.25,35.040000915527344,24.06114387512207,230929
2009-06-26,34.720001220703125,35.0099983215332,32.84000015258789,32.84000015258789,22.550457000732422,391737
2009-06-29,33.0,33.75,32.7400016784668,33.20000076293945,22.797666549682617,226717
2009-06-30,33.349998474121094,33.45000076293945,33.02000045776367,33.25,22.83199119567871,227459
2009-07-01,33.220001220703125,33.81570053100586,33.06999969482422,33.66999816894531,23.218156814575195,177880
2009-07-02,33.08000183105469,33.40999984741211,32.2400016784668,32.59000015258789,22.47340965270996,131380
2009-07-06,32.41999816894531,32.579898834228516,31.979999542236328,32.5099983215332,22.418243408203125,124722
2009-07-07,32.40999984741211,32.61000061035156,31.540000915527344,31.540000915527344,21.749359130859375,131341
2009-07-08,31.670000076293945,31.969999313354492,31.360000610351562,31.700000762939453,21.85969352722168,98823
2009-07-09,31.850000381469727,32.189998626708984,31.459999084472656,32.04999923706055,22.10104751586914,138722
2009-07-10,32.0,32.369998931884766,31.700000762939453,31.920000076293945,22.011398315429688,152736
2009-07-13,32.08000183105469,32.290000915527344,31.40999984741211,32.290000915527344,22.266542434692383,73510
2009-07-14,32.29999923706055,32.41999816894531,31.889999389648438,32.40999984741211,22.349287033081055,132591
2009-07-15,32.61000061035156,33.150001525878906,32.59000015258789,33.0,22.756147384643555,105233
2009-07-16,31.719999313354492,32.779998779296875,31.3799991607666,32.369998931884766,22.32171058654785,295155
2009-07-17,32.4900016784668,32.4900016784668,31.6200008392334,32.060001373291016,22.107933044433594,171072
2009-07-20,32.099998474121094,32.22999954223633,31.75,32.06999969482422,22.114826202392578,196950
2009-07-21,32.25,32.39500045776367,32.060001373291016,32.290000915527344,22.266542434692383,269311
2009-07-22,32.56999969482422,32.58000183105469,32.20000076293945,32.5099983215332,22.418243408203125,143985
2009-07-23,32.27000045776367,33.0,32.099998474121094,32.869998931884766,22.666500091552734,225324
2009-07-24,32.650001525878906,33.40999984741211,32.099998474121094,32.97999954223633,22.742361068725586,165569
2009-07-27,32.97999954223633,33.220001220703125,32.689998626708984,33.0,22.756147384643555,95610
2009-07-28,32.95000076293945,33.39799880981445,32.79999923706055,32.970001220703125,22.73545265197754,137100
2009-07-29,32.599998474121094,32.939998626708984,32.34000015258789,32.65999984741211,22.521682739257812,105066
2009-07-30,32.779998779296875,33.20000076293945,32.349998474121094,32.439998626708984,22.36998176574707,187890
2009-07-31,32.275001525878906,32.400001525878906,31.809999465942383,31.889999389648438,21.990711212158203,352488
2009-08-03,32.040000915527344,32.220001220703125,30.829999923706055,31.170000076293945,21.49420738220215,441706
2009-08-04,31.34000015258789,31.399999618530273,30.81999969482422,31.079999923706055,21.432153701782227,363617
2009-08-05,30.93000030517578,31.43000030517578,30.510000228881836,30.6200008392334,21.11494255065918,274969
2009-08-06,30.450000762939453,30.709999084472656,30.34000015258789,30.559999465942383,21.07356834411621,234664
2009-08-07,30.920000076293945,31.170000076293945,30.739999771118164,31.040000915527344,21.40456199645996,251634
2009-08-10,30.649999618530273,31.479900360107422,30.649999618530273,31.020000457763672,21.390766143798828,302028
2009-08-11,31.0,31.18000030517578,30.56999969482422,31.09000015258789,21.439044952392578,292745
2009-08-12,31.010000228881836,31.268999099731445,29.350000381469727,29.770000457763672,20.528799057006836,457585
2009-08-13,29.989999771118164,30.3700008392334,29.850000381469727,30.06999969482422,20.735671997070312,174610
2009-08-14,30.1200008392334,30.43000030517578,29.739999771118164,30.18000030517578,20.811527252197266,132745
2009-08-17,29.940000534057617,30.1299991607666,29.670000076293945,29.950000762939453,20.65293312072754,167095
2009-08-18,29.989999771118164,30.600000381469727,29.738000869750977,30.450000762939453,20.99771499633789,231614
2009-08-19,30.200000762939453,31.84000015258789,30.09000015258789,31.6299991607666,21.81141471862793,236232
2009-08-20,31.6299991607666,31.829999923706055,31.3799991607666,31.700000762939453,21.85969352722168,163320
2009-08-21,32.02000045776367,32.779998779296875,32.0,32.709999084472656,22.556169509887695,152270
2009-08-24,32.650001525878906,33.02000045776367,32.650001525878906,32.90999984741211,22.69408416748047,99193
2009-08-25,33.040000915527344,33.099998474121094,32.36000061035156,32.5099983215332,22.418243408203125,187628
2009-08-26,32.31999969482422,32.63999938964844,31.920000076293945,32.33000183105469,22.294124603271484,109507
2009-08-27,32.47999954223633,32.47999954223633,31.510000228881836,32.2400016784668,22.232065200805664,185668
2009-08-28,32.5,32.61000061035156,32.150001525878906,32.5099983215332,22.418243408203125,129518
2009-08-31,32.369998931884766,32.369998931884766,31.520000457763672,32.06999969482422,22.114826202392578,188190
2009-09-01,32.02000045776367,32.20000076293945,31.399999618530273,31.639999389648438,21.818313598632812,196742
2009-09-02,31.510000228881836,31.670000076293945,30.239999771118164,31.270000457763672,21.56317138671875,276044
2009-09-03,31.299999237060547,31.549999237060547,31.09000015258789,31.510000228881836,21.728670120239258,253326
2009-09-04,31.389999389648438,31.760000228881836,31.299999237060547,31.68000030517578,21.84589958190918,134396
2009-09-08,31.829999923706055,32.9900016784668,31.65999984741211,32.599998474121094,22.480316162109375,272619
2009-09-09,32.689998626708984,33.099998474121094,32.2599983215332,33.029998779296875,22.77682876586914,270002
2009-09-10,32.90999984741211,33.07400131225586,32.90999984741211,33.02000045776367,22.769935607910156,262127
2009-09-11,33.0,34.439998626708984,32.97999954223633,34.369998931884766,23.70086669921875,287305
2009-09-14,34.130001068115234,34.63999938964844,33.97999954223633,34.630001068115234,23.880157470703125,219084
2009-09-15,34.5099983215332,34.880001068115234,34.40999984741211,34.84000015258789,24.024974822998047,176763
2009-09-16,34.900001525878906,35.79999923706055,34.880001068115234,35.790000915527344,24.680065155029297,214612
2009-09-17,35.79999923706055,35.810001373291016,34.95000076293945,35.040000915527344,24.16288185119629,236700
2009-09-18,35.25,35.779998779296875,34.95000076293945,35.0,24.135297775268555,216483
2009-09-21,34.83000183105469,34.849998474121094,34.45000076293945,34.630001068115234,23.880157470703125,152056
2009-09-22,34.75,35.150001525878906,34.70000076293945,35.150001525878906,24.23874855041504,362393
2009-09-23,35.119998931884766,35.119998931884766,34.220001220703125,34.220001220703125,23.59743309020996,211606
2009-09-24,34.20000076293945,34.369998931884766,33.380001068115234,33.939998626708984,23.404340744018555,242091
2009-09-25,34.0,34.0,33.130001068115234,33.45000076293945,23.066452026367188,158260
2009-09-28,33.4900016784668,34.939998626708984,32.61000061035156,34.2400016784668,23.611215591430664,253717
2009-09-29,35.79999923706055,35.79999923706055,34.11000061035156,34.59000015258789,23.95050621032715,180542
2009-09-30,34.560001373291016,34.849998474121094,34.20000076293945,34.779998779296875,24.08205223083496,201432
2009-10-01,34.369998931884766,34.79999923706055,33.83000183105469,34.58000183105469,23.94357681274414,304834
2009-10-02,34.470001220703125,34.7400016784668,33.939998626708984,34.20000076293945,23.680461883544922,185813
2009-10-05,34.22999954223633,34.5,33.93000030517578,34.4900016784668,23.881258010864258,133646
2009-10-06,34.5,34.75,34.349998474121094,34.63999938964844,23.985122680664062,142895
2009-10-07,34.38999938964844,34.38999938964844,33.869998931884766,34.29999923706055,23.74970054626465,195370
2009-10-08,34.34000015258789,34.79999923706055,34.08000183105469,34.779998779296875,24.08205223083496,170087
2009-10-09,35.13999938964844,35.13999938964844,34.41999816894531,34.529998779296875,23.908952713012695,122138
2009-10-12,33.029998779296875,34.650001525878906,33.0099983215332,34.34000015258789,23.777395248413086,65948
2009-10-13,34.36000061035156,34.58000183105469,33.869998931884766,34.54999923706055,23.922800064086914,125156
2009-10-14,34.709999084472656,34.95000076293945,34.59000015258789,34.91999816894531,24.178997039794922,123941
2009-10-15,34.81999969482422,35.150001525878906,34.400001525878906,35.150001525878906,24.338254928588867,84520
2009-10-16,35.02000045776367,35.189998626708984,34.77000045776367,35.08000183105469,24.2897891998291,104527
2009-10-19,35.130001068115234,35.61000061035156,35.06999969482422,35.369998931884766,24.490589141845703,145746
2009-10-20,35.5,35.61000061035156,35.04999923706055,35.22999954223633,24.39365005493164,215056
2009-10-21,35.22999954223633,35.689998626708984,34.849998474121094,35.36000061035156,24.483659744262695,131470
2009-10-22,35.36000061035156,35.939998626708984,35.220001220703125,35.900001525878906,24.857563018798828,91586
2009-10-23,35.939998626708984,35.959999084472656,35.43000030517578,35.54999923706055,24.615217208862305,127509
2009-10-26,35.61000061035156,36.11000061035156,35.31999969482422,35.47999954223633,24.56675148010254,157301
2009-10-27,35.75,35.83000183105469,35.290000915527344,35.41999816894531,24.52519989013672,141446
2009-10-28,35.470001220703125,35.619998931884766,35.16999816894531,35.16999816894531,24.352092742919922,138539
2009-10-29,35.189998626708984,35.63999938964844,35.11000061035156,35.630001068115234,24.67060661315918,145435
2009-10-30,35.38999938964844,35.59000015258789,34.959999084472656,35.220001220703125,24.386720657348633,169904
2009-11-02,35.25,35.709999084472656,35.040000915527344,35.349998474121094,24.47673225402832,137261
2009-11-03,35.06999969482422,35.68000030517578,34.959999084472656,35.5099983215332,24.587520599365234,98291
2009-11-04,35.83000183105469,35.97999954223633,35.38999938964844,35.47999954223633,24.56675148010254,85683
2009-11-05,35.720001220703125,36.279998779296875,35.650001525878906,36.279998779296875,25.120683670043945,111156
2009-11-06,35.90999984741211,36.65999984741211,35.90999984741211,36.5,25.273006439208984,94186
2009-11-09,36.84000015258789,37.029998779296875,36.720001220703125,37.0099983215332,25.626140594482422,91072
2009-11-10,36.90999984741211,37.040000915527344,36.630001068115234,36.81999969482422,25.494579315185547,294060
2009-11-11,36.900001525878906,36.97999954223633,36.63999938964844,36.93000030517578,25.57073402404785,107546
2009-11-12,36.810001373291016,36.97999954223633,36.380001068115234,36.47999954223633,25.259159088134766,171444
2009-11-13,36.4900016784668,37.040000915527344,36.400001525878906,37.040000915527344,25.64691162109375,92502
2009-11-16,37.15999984741211,37.20000076293945,36.880001068115234,37.13999938964844,25.716150283813477,106752
2009-11-17,36.939998626708984,37.5,36.86000061035156,37.25,25.792314529418945,154146
2009-11-18,37.25,37.54999923706055,36.880001068115234,37.2599983215332,25.799240112304688,118635
2009-11-19,36.88999938964844,37.38999938964844,36.45000076293945,37.31999969482422,25.840789794921875,125130
2009-11-20,37.04999923706055,37.4900016784668,36.97999954223633,37.2599983215332,25.799240112304688,73140
2009-11-23,37.5,37.58000183105469,37.36000061035156,37.40999984741211,25.903100967407227,155077
2009-11-24,37.52000045776367,37.790000915527344,37.279998779296875,37.72999954223633,26.124670028686523,116731
2009-11-25,37.599998474121094,38.52000045776367,37.599998474121094,38.16999816894531,26.429336547851562,108035
2009-11-27,37.13999938964844,38.060001373291016,37.13999938964844,37.75,26.138521194458008,42967
2009-11-30,37.61000061035156,37.90999984741211,37.1349983215332,37.45000076293945,25.930797576904297,180754
2009-12-01,37.45000076293945,37.959999084472656,37.349998474121094,37.52000045776367,25.979276657104492,192821
2009-12-02,37.790000915527344,38.290000915527344,37.540000915527344,37.86000061035156,26.214691162109375,54013
2009-12-03,37.93000030517578,38.150001525878906,37.619998931884766,37.650001525878906,26.069284439086914,47403
2009-12-04,38.0,38.099998474121094,37.7599983215332,38.0,26.31161880493164,105815
2009-12-07,37.959999084472656,39.189998626708984,37.959999084472656,38.97999954223633,26.990184783935547,134648
2009-12-08,38.7400016784668,39.08000183105469,38.2599983215332,39.029998779296875,27.024805068969727,121125
2009-12-09,38.9900016784668,39.189998626708984,38.630001068115234,39.16999816894531,27.121763229370117,190082
2009-12-10,39.290000915527344,41.31999969482422,39.13999938964844,40.91999816894531,28.333465576171875,248010
2009-12-11,40.97999954223633,42.40999984741211,40.939998626708984,42.029998779296875,29.102033615112305,303601
2009-12-14,42.09000015258789,42.38999938964844,41.68000030517578,42.16999816894531,29.198974609375,260594
2009-12-15,41.869998931884766,42.45000076293945,41.65999984741211,42.16999816894531,29.198974609375,301502
2009-12-16,42.4900016784668,43.470001220703125,42.380001068115234,43.16999816894531,29.891389846801758,390468
2009-12-17,43.16999816894531,43.16999816894531,42.59000015258789,42.77000045776367,29.61440658569336,149284
2009-12-18,43.0,43.560001373291016,42.5,42.5,29.427474975585938,392135
2009-12-21,42.880001068115234,43.349998474121094,42.470001220703125,42.810001373291016,29.642118453979492,208605
2009-12-22,43.0,43.22999954223633,42.36000061035156,42.56999969482422,29.47594451904297,172676
2009-12-23,42.52000045776367,42.70000076293945,42.13999938964844,42.4900016784668,29.51761817932129,443735
2009-12-24,42.459999084472656,42.63999938964844,42.349998474121094,42.4900016784668,29.51761817932129,28675
2009-12-28,42.52000045776367,42.650001525878906,42.310001373291016,42.56999969482422,29.573200225830078,199143
2009-12-29,42.4900016784668,42.84000015258789,42.400001525878906,42.529998779296875,29.545408248901367,163181
2009-12-30,42.2599983215332,42.7599983215332,41.970001220703125,42.18000030517578,29.30226707458496,115144
2009-12-31,42.27000045776367,42.349998474121094,41.779998779296875,41.880001068115234,29.0938663482666,85706
2010-01-04,42.029998779296875,42.08000183105469,41.650001525878906,41.81999969482422,29.05217742919922,250379
2010-01-05,41.81999969482422,41.81999969482422,41.459999084472656,41.58000183105469,28.88545036315918,134646
2010-01-06,41.470001220703125,42.0,41.45000076293945,41.93000030517578,29.12859344482422,185736
2010-01-07,42.0,42.11000061035156,41.540000915527344,41.97999954223633,29.163333892822266,114207
2010-01-08,41.79999923706055,42.209999084472656,41.599998474121094,42.209999084472656,29.3231258392334,85945
2010-01-11,42.150001525878906,42.54999923706055,41.97999954223633,42.2599983215332,29.357837677001953,99843
2010-01-12,42.0,42.36000061035156,41.709999084472656,41.849998474121094,29.073020935058594,94571
2010-01-13,41.849998474121094,42.16999816894531,41.52000045776367,41.619998931884766,28.913238525390625,94154
2010-01-14,41.599998474121094,42.279998779296875,41.5099983215332,42.0099983215332,29.184181213378906,52589
2010-01-15,42.08000183105469,42.290000915527344,41.2599983215332,41.869998931884766,29.086917877197266,169945
2010-01-19,41.95000076293945,42.619998931884766,41.880001068115234,42.290000915527344,29.37868309020996,116106
2010-01-20,41.65999984741211,41.880001068115234,41.40999984741211,41.720001220703125,28.982709884643555,81960
2010-01-21,42.130001068115234,42.43000030517578,41.72999954223633,42.08000183105469,29.232807159423828,143883
2010-01-22,42.189998626708984,42.220001220703125,41.540000915527344,41.849998474121094,29.073020935058594,110670
2010-01-25,41.9900016784668,41.9900016784668,41.439998626708984,41.689998626708984,28.961875915527344,70117
2010-01-26,41.7400016784668,42.11000061035156,41.619998931884766,41.97999954223633,29.163333892822266,58814
2010-01-27,41.720001220703125,42.599998474121094,41.689998626708984,42.5099983215332,29.53152084350586,132095
2010-01-28,42.5,42.56999969482422,42.0,42.209999084472656,29.3231258392334,90741
2010-01-29,42.25,42.59000015258789,41.59000015258789,41.75,29.0035457611084,276489
2010-02-01,41.790000915527344,42.15999984741211,41.70000076293945,42.09000015258789,29.2397403717041,81893
2010-02-02,42.2599983215332,42.2599983215332,41.560001373291016,41.66999816894531,28.94796371459961,258912
2010-02-03,41.630001068115234,41.7400016784668,41.345001220703125,41.529998779296875,28.850711822509766,154417
2010-02-04,41.40999984741211,41.40999984741211,40.5099983215332,40.65999984741211,28.246326446533203,99873
2010-02-05,40.459999084472656,40.52000045776367,39.68000030517578,40.060001373291016,27.82952117919922,257024
2010-02-08,40.0,40.0,39.400001525878906,39.72999954223633,27.600257873535156,74611
2010-02-09,39.939998626708984,40.47999954223633,39.5099983215332,40.13999938964844,27.88508415222168,98923
2010-02-10,39.880001068115234,40.27000045776367,39.619998931884766,40.09000015258789,27.850341796875,94062
2010-02-11,40.0,40.709999084472656,39.66999816894531,40.65999984741211,28.246326446533203,63033
2010-02-12,40.189998626708984,40.83000183105469,40.16999816894531,40.720001220703125,28.28801155090332,95178
2010-02-16,40.83000183105469,41.0099983215332,40.54999923706055,41.0,28.482528686523438,71975
2010-02-17,40.88999938964844,41.209999084472656,40.84000015258789,41.20000076293945,28.621471405029297,89376
2010-02-18,41.06999969482422,41.72999954223633,40.970001220703125,41.66999816894531,28.94796371459961,46053
2010-02-19,41.709999084472656,42.2599983215332,41.59000015258789,42.0099983215332,29.184181213378906,38001
2010-02-22,42.13999938964844,42.20000076293945,41.90999984741211,42.08000183105469,29.232807159423828,42318
2010-02-23,41.869998931884766,42.11000061035156,41.779998779296875,41.869998931884766,29.086917877197266,94768
2010-02-24,41.88999938964844,42.380001068115234,41.88999938964844,42.31999969482422,29.399526596069336,67536
2010-02-25,41.9900016784668,42.72999954223633,41.779998779296875,42.400001525878906,29.455089569091797,60746
2010-02-26,42.54999923706055,42.72999954223633,41.66999816894531,41.97999954223633,29.163333892822266,102290
2010-03-01,42.189998626708984,42.880001068115234,42.130001068115234,42.689998626708984,29.65656280517578,84048
2010-03-02,42.650001525878906,42.810001373291016,42.220001220703125,42.470001220703125,29.503732681274414,133008
2010-03-03,42.650001525878906,43.279998779296875,42.52000045776367,42.9900016784668,29.864973068237305,86950
2010-03-04,42.97999954223633,43.34000015258789,42.88999938964844,43.189998626708984,30.0039119720459,79272
2010-03-05,43.20000076293945,43.560001373291016,43.15999984741211,43.29999923706055,30.080324172973633,103469
2010-03-08,43.29999923706055,43.33000183105469,43.029998779296875,43.2400016784668,30.038646697998047,90030
2010-03-09,43.22999954223633,43.689998626708984,43.20000076293945,43.66999816894531,30.337379455566406,67067
2010-03-10,43.5,43.63999938964844,43.279998779296875,43.630001068115234,30.309589385986328,106662
2010-03-11,43.0099983215332,43.550899505615234,42.5,43.54999923706055,30.25400161743164,93236
2010-03-12,43.540000915527344,43.68000030517578,43.0099983215332,43.59000015258789,30.281789779663086,135220
2010-03-15,43.66999816894531,44.63999938964844,42.86000061035156,43.95000076293945,30.531879425048828,258392
2010-03-16,43.83000183105469,44.060001373291016,43.5,43.77000045776367,30.406843185424805,99332
2010-03-17,43.75,43.959999084472656,43.36000061035156,43.400001525878906,30.14980125427246,177270
2010-03-18,43.560001373291016,43.720001220703125,43.13999938964844,43.58000183105469,30.27484893798828,137940
2010-03-19,43.7400016784668,43.7400016784668,43.02000045776367,43.290000915527344,30.07338523864746,212908
2010-03-22,42.91999816894531,43.11000061035156,42.650001525878906,42.790000915527344,29.726028442382812,120666
2010-03-23,42.689998626708984,42.75,42.20000076293945,42.56999969482422,29.573200225830078,156788
2010-03-24,42.5099983215332,42.54999923706055,41.95000076293945,42.369998931884766,29.434255599975586,292796
2010-03-25,42.70000076293945,42.81999969482422,42.16999816894531,42.29999923706055,29.385622024536133,198257
2010-03-26,42.5099983215332,43.09000015258789,42.5099983215332,42.88999938964844,29.795499801635742,122456
2010-03-29,42.86000061035156,43.25,42.819000244140625,43.02000045776367,29.885814666748047,165925
2010-03-30,42.91999816894531,43.459999084472656,42.84000015258789,43.29999923706055,30.178546905517578,169112
2010-03-31,43.33000183105469,43.4900016784668,43.060001373291016,43.279998779296875,30.16459083557129,177244
2010-04-01,43.310001373291016,43.75,43.1510009765625,43.31999969482422,30.19247817993164,136799
2010-04-05,43.5,43.75,43.41999816894531,43.75,30.49216651916504,250632
2010-04-06,43.63999938964844,43.91999816894531,43.5,43.650001525878906,30.422468185424805,177381
2010-04-07,43.349998474121094,43.47999954223633,43.08000183105469,43.47999954223633,30.30398178100586,122825
2010-04-08,43.5099983215332,43.849998474121094,43.310001373291016,43.47999954223633,30.30398178100586,89860
2010-04-09,43.47999954223633,43.86000061035156,42.959999084472656,43.369998931884766,30.22731590270996,312672
2010-04-12,43.209999084472656,43.27000045776367,42.900001525878906,43.0099983215332,29.976423263549805,100251
2010-04-13,42.900001525878906,43.2400016784668,42.77000045776367,42.939998626708984,29.92762565612793,141745
2010-04-14,42.91999816894531,42.939998626708984,42.08000183105469,42.900001525878906,29.899755477905273,263595
2010-04-15,42.900001525878906,43.41999816894531,42.75,43.40999984741211,30.255216598510742,92826
2010-04-16,43.279998779296875,43.4900016784668,42.7599983215332,42.959999084472656,29.94156265258789,134616
2010-04-19,42.72999954223633,43.0,42.34000015258789,42.790000915527344,29.823089599609375,148892
2010-04-20,42.65999984741211,43.63999938964844,42.6349983215332,43.52000045776367,30.331865310668945,81447
2010-04-21,43.63999938964844,43.63999938964844,42.439998626708984,42.7599983215332,29.802183151245117,161010
2010-04-22,42.439998626708984,42.84000015258789,42.08000183105469,42.790000915527344,29.823089599609375,72565
2010-04-23,42.619998931884766,43.5099983215332,42.470001220703125,43.279998779296875,30.16459083557129,225141
2010-04-26,43.11000061035156,43.689998626708984,43.11000061035156,43.47999954223633,30.30398178100586,71858
2010-04-27,43.34000015258789,43.77000045776367,43.15999984741211,43.439998626708984,30.276111602783203,136111
2010-04-28,43.5,43.5,42.93000030517578,43.279998779296875,30.16459083557129,113738
2010-04-29,43.400001525878906,43.79999923706055,42.79999923706055,42.970001220703125,29.948545455932617,110909
2010-04-30,42.880001068115234,43.2400016784668,42.220001220703125,42.27000045776367,29.460660934448242,84261
2010-05-03,42.29999923706055,42.84000015258789,42.029998779296875,42.84000015258789,29.857929229736328,78056
2010-05-04,42.34000015258789,42.540000915527344,41.86000061035156,41.97999954223633,29.2585391998291,148400
2010-05-05,41.91999816894531,42.04999923706055,41.56999969482422,41.689998626708984,29.056419372558594,154167
2010-05-06,41.52000045776367,42.0,41.02000045776367,41.380001068115234,28.84036636352539,288500
2010-05-07,41.2400016784668,41.31999969482422,39.70000076293945,40.22999954223633,28.038860321044922,285055
2010-05-10,41.400001525878906,41.83000183105469,40.58000183105469,41.83000183105469,29.154003143310547,115295
2010-05-11,41.56999969482422,41.959999084472656,41.060001373291016,41.619998931884766,29.00764274597168,143275
2010-05-12,41.83000183105469,41.83000183105469,41.2599983215332,41.650001525878906,29.028545379638672,61548
2010-05-13,41.459999084472656,41.95500183105469,41.459999084472656,41.66999816894531,29.042484283447266,118173
2010-05-14,41.47999954223633,41.650001525878906,41.08000183105469,41.36000061035156,28.826433181762695,78416
2010-05-17,41.4900016784668,41.70000076293945,40.959999084472656,41.459999084472656,28.896129608154297,68723
2010-05-18,41.63999938964844,41.689998626708984,40.529998779296875,40.709999084472656,28.373401641845703,83290
2010-05-19,40.4900016784668,40.790000915527344,39.75,40.2599983215332,28.059755325317383,80304
2010-05-20,39.529998779296875,39.880001068115234,38.72999954223633,39.279998779296875,27.376741409301758,163688
2010-05-21,38.93000030517578,40.0,38.65999984741211,39.91999816894531,27.822803497314453,151021
2010-05-24,40.0,40.0,39.150001525878906,39.5,27.530061721801758,78242
2010-05-25,38.75,39.04999923706055,38.27000045776367,38.880001068115234,27.09795570373535,122963
2010-05-26,38.970001220703125,39.935001373291016,38.72999954223633,39.47999954223633,27.516130447387695,169611
2010-05-27,40.0,40.0,39.40999984741211,39.849998474121094,27.774019241333008,112462
2010-05-28,39.61000061035156,39.84000015258789,39.02000045776367,39.599998474121094,27.59976577758789,111257
2010-06-01,39.470001220703125,39.599998474121094,38.50120162963867,38.56999969482422,26.881893157958984,119554
2010-06-02,38.599998474121094,39.15999984741211,38.40999984741211,39.029998779296875,27.202499389648438,188184
2010-06-03,39.20000076293945,39.4900016784668,38.90999984741211,39.060001373291016,27.223411560058594,102381
2010-06-04,38.59000015258789,38.65999984741211,37.7400016784668,37.869998931884766,26.39402198791504,110163
2010-06-07,37.81999969482422,38.560001373291016,37.65999984741211,38.0,26.484634399414062,151650
2010-06-08,37.88999938964844,38.0,37.029998779296875,37.189998626708984,25.920082092285156,135673
2010-06-09,37.2400016784668,37.42499923706055,36.650001525878906,36.869998931884766,25.69705581665039,150846
2010-06-10,37.16999816894531,37.68000030517578,37.099998474121094,37.25,25.9619083404541,154739
2010-06-11,36.880001068115234,38.13999938964844,36.880001068115234,38.06999969482422,26.533424377441406,145108
2010-06-14,38.34000015258789,38.779998779296875,38.209999084472656,38.4900016784668,26.82614517211914,137389
2010-06-15,38.45000076293945,39.220001220703125,38.400001525878906,39.15999984741211,27.293100357055664,164468
2010-06-16,38.869998931884766,39.65999984741211,38.63999938964844,39.13999938964844,27.279165267944336,112178
2010-06-17,39.13999938964844,39.7599983215332,38.58000183105469,39.63999938964844,27.627647399902344,157988
2010-06-18,39.75,40.06999969482422,38.77000045776367,39.91999816894531,27.822803497314453,302897
2010-06-21,40.09000015258789,40.939998626708984,39.599998474121094,40.02000045776367,27.892498016357422,156727
2010-06-22,40.04999923706055,40.54999923706055,39.7400016784668,39.77000045776367,27.718263626098633,132330
2010-06-23,39.86000061035156,40.27000045776367,39.61000061035156,40.119998931884766,27.96219253540039,95407
2010-06-24,39.97999954223633,40.09000015258789,39.790000915527344,40.02000045776367,27.892498016357422,195744
2010-06-25,40.08000183105469,40.08000183105469,39.06999969482422,39.689998626708984,27.662504196166992,285663
2010-06-28,39.970001220703125,40.5099983215332,39.75,40.0099983215332,27.885530471801758,104142
2010-06-29,39.70000076293945,39.900001525878906,39.18000030517578,39.38999938964844,27.453418731689453,268780
2010-06-30,39.209999084472656,39.5,38.41999816894531,38.66999816894531,26.951581954956055,249203
2010-07-01,38.599998474121094,38.77000045776367,37.599998474121094,38.2599983215332,26.77661895751953,182218
2010-07-02,38.29999923706055,39.84000015258789,38.2400016784668,38.58000183105469,27.00057601928711,181038
2010-07-06,39.06999969482422,39.06999969482422,38.45000076293945,38.56999969482422,26.993595123291016,195240
2010-07-07,38.72999954223633,38.77000045776367,37.790000915527344,38.41999816894531,26.888595581054688,208922
2010-07-08,38.70000076293945,39.75,38.439998626708984,39.75,27.81942367553711,120638
2010-07-09,39.79999923706055,40.189998626708984,39.369998931884766,40.029998779296875,28.015378952026367,140355
2010-07-12,39.869998931884766,40.34000015258789,39.66999816894531,40.31999969482422,28.218334197998047,124257
2010-07-13,40.459999084472656,40.709999084472656,39.90999984741211,40.540000915527344,28.372310638427734,177827
2010-07-14,40.380001068115234,41.040000915527344,40.29999923706055,40.880001068115234,28.61026382446289,116967
2010-07-15,40.880001068115234,41.099998474121094,40.209999084472656,40.66999816894531,28.463287353515625,104081
2010-07-16,40.61000061035156,40.63999938964844,39.209999084472656,39.31999969482422,27.518484115600586,83393
2010-07-19,39.5,39.54999923706055,38.81999969482422,39.279998779296875,27.4904842376709,103189
2010-07-20,38.900001525878906,39.2400016784668,38.61000061035156,39.09000015258789,27.357511520385742,87688
2010-07-21,39.13999938964844,39.13999938964844,38.16999816894531,38.4900016784668,26.937597274780273,206242
2010-07-22,38.84000015258789,40.0099983215332,38.84000015258789,39.5099983215332,27.65145492553711,200602
2010-07-23,39.529998779296875,39.939998626708984,39.349998474121094,39.81999969482422,27.868412017822266,120822
2010-07-26,39.959999084472656,40.5099983215332,39.65999984741211,40.5099983215332,28.3513126373291,90813
2010-07-27,40.529998779296875,40.720001220703125,40.15999984741211,40.5099983215332,28.3513126373291,73862
2010-07-28,40.369998931884766,40.380001068115234,40.02000045776367,40.22999954223633,28.15534210205078,80121
2010-07-29,40.310001373291016,40.43000030517578,39.40999984741211,39.56999969482422,27.693431854248047,85526
2010-07-30,39.20000076293945,39.90399932861328,39.20000076293945,39.380001068115234,27.560474395751953,186983
2010-08-02,39.93000030517578,40.650001525878906,39.77000045776367,40.619998931884766,28.428295135498047,108505
2010-08-03,40.459999084472656,40.81999969482422,40.0,40.459999084472656,28.316316604614258,196740
2010-08-04,40.689998626708984,40.9900016784668,40.189998626708984,40.439998626708984,28.302318572998047,153771
2010-08-05,40.150001525878906,40.4900016784668,39.7400016784668,40.060001373291016,28.036373138427734,77097
2010-08-06,39.720001220703125,39.9900016784668,38.79999923706055,39.4900016784668,27.637462615966797,107226
2010-08-09,39.619998931884766,39.83000183105469,39.400001525878906,39.70000076293945,27.784425735473633,86810
2010-08-10,39.369998931884766,39.52000045776367,38.970001220703125,39.13999938964844,27.392499923706055,67533
2010-08-11,38.54999923706055,38.61000061035156,37.720001220703125,37.880001068115234,26.510683059692383,165107
2010-08-12,37.34000015258789,37.47999954223633,37.029998779296875,37.279998779296875,26.090763092041016,91815
2010-08-13,37.040000915527344,37.349998474121094,36.880001068115234,36.93000030517578,25.84581756591797,63944
2010-08-16,36.689998626708984,37.15999984741211,36.54999923706055,37.0,25.894804000854492,98068
2010-08-17,37.29999923706055,37.59000015258789,36.79880142211914,37.41999816894531,26.188749313354492,78183
2010-08-18,37.2599983215332,38.060001373291016,37.040000915527344,37.75,26.41970443725586,99514
2010-08-19,37.689998626708984,37.77000045776367,36.5,36.540000915527344,25.572874069213867,69486
2010-08-20,36.5,36.5,35.79999923706055,36.36000061035156,25.446897506713867,61524
2010-08-23,36.38999938964844,36.83000183105469,36.15999984741211,36.45000076293945,25.509883880615234,92130
2010-08-24,36.08000183105469,36.189998626708984,35.650001525878906,35.77000045776367,25.033979415893555,83532
2010-08-25,35.459999084472656,35.83000183105469,34.959999084472656,35.68000030517578,24.97098731994629,79859
2010-08-26,35.880001068115234,36.439998626708984,35.63999938964844,36.220001220703125,25.34892463684082,120200
2010-08-27,36.369998931884766,36.93000030517578,35.88460159301758,36.810001373291016,25.7618350982666,72952
2010-08-30,36.59000015258789,37.130001068115234,36.25,36.2599983215332,25.37690544128418,97824
2010-08-31,36.20000076293945,36.58000183105469,35.529998779296875,35.59000015258789,24.90799903869629,238956
2010-09-01,35.97999954223633,36.529998779296875,35.97999954223633,36.529998779296875,25.56587791442871,137146
2010-09-02,36.529998779296875,38.52000045776367,36.529998779296875,38.459999084472656,26.91660499572754,173508
2010-09-03,38.95000076293945,38.95000076293945,38.36000061035156,38.88999938964844,27.217544555664062,79704
2010-09-07,38.66999816894531,38.9900016784668,38.54999923706055,38.63999938964844,27.042591094970703,142286
2010-09-08,38.810001373291016,39.099998474121094,38.0,38.060001373291016,26.63665771484375,100131
2010-09-09,38.81999969482422,38.834999084472656,38.369998931884766,38.52000045776367,26.958599090576172,212261
2010-09-10,38.650001525878906,39.04999923706055,38.619998931884766,39.0,27.294523239135742,192445
2010-09-13,39.619998931884766,40.31999969482422,39.470001220703125,40.0099983215332,28.001392364501953,256654
2010-09-14,39.90999984741211,40.36000061035156,39.56999969482422,39.91999816894531,27.938405990600586,137968
2010-09-15,39.849998474121094,40.16999816894531,39.65999984741211,39.70000076293945,27.784425735473633,150765
2010-09-16,39.7599983215332,39.810001373291016,39.279998779296875,39.470001220703125,27.62346076965332,112628
2010-09-17,39.779998779296875,40.529998779296875,39.61000061035156,40.25,28.169353485107422,358316
2010-09-20,40.40999984741211,41.040000915527344,40.40999984741211,41.0,28.694244384765625,241104
2010-09-21,40.880001068115234,41.150001525878906,40.0,40.709999084472656,28.491283416748047,232798
2010-09-22,40.65999984741211,41.04999923706055,40.56999969482422,40.83000183105469,28.575271606445312,120277
2010-09-23,40.810001373291016,40.810001373291016,39.959999084472656,40.02000045776367,28.008380889892578,142197
2010-09-24,40.25,41.0,40.25,40.959999084472656,28.66624641418457,99707
2010-09-27,40.7599983215332,40.869998931884766,40.0,40.27000045776367,28.183351516723633,124423
2010-09-28,40.27000045776367,41.36000061035156,40.040000915527344,41.22999954223633,28.85520362854004,113062
2010-09-29,41.04999923706055,41.04999923706055,40.7400016784668,40.900001525878906,28.73578453063965,113599
2010-09-30,40.9900016784668,41.38999938964844,40.77000045776367,40.86000061035156,28.70767593383789,274536
2010-10-01,41.13999938964844,41.439998626708984,40.79999923706055,41.2599983215332,28.988697052001953,67383
2010-10-04,41.40999984741211,41.939998626708984,41.40999984741211,41.79999923706055,29.368101119995117,178824
2010-10-05,41.900001525878906,42.5099983215332,41.68000030517578,42.349998474121094,29.75452995300293,197579
2010-10-06,42.33000183105469,42.56999969482422,41.77000045776367,42.16999816894531,29.628049850463867,180985
2010-10-07,42.59000015258789,42.59000015258789,42.06999969482422,42.349998474121094,29.75452995300293,256144
2010-10-08,42.31999969482422,42.630001068115234,42.130001068115234,42.540000915527344,29.888019561767578,188603
2010-10-11,42.599998474121094,43.34000015258789,42.31999969482422,43.2599983215332,30.393882751464844,94289
2010-10-12,43.25,43.58000183105469,43.02000045776367,43.29999923706055,30.42197608947754,134183
2010-10-13,43.349998474121094,43.880001068115234,42.880001068115234,43.75,30.738134384155273,210726
2010-10-14,43.599998474121094,43.83000183105469,43.279998779296875,43.470001220703125,30.541425704956055,139162
2010-10-15,43.7400016784668,43.7400016784668,43.04999923706055,43.290000915527344,30.414962768554688,118418
2010-10-18,43.22999954223633,43.349998474121094,42.77000045776367,43.13999938964844,30.3095703125,94684
2010-10-19,42.619998931884766,42.939998626708984,42.220001220703125,42.529998779296875,29.880983352661133,100875
2010-10-20,42.7599983215332,43.650001525878906,42.58000183105469,43.36000061035156,30.464130401611328,83656
2010-10-21,43.599998474121094,43.7400016784668,43.38999938964844,43.40999984741211,30.499263763427734,90418
2010-10-22,43.45000076293945,43.689998626708984,43.2400016784668,43.380001068115234,30.47819709777832,50053
2010-10-25,43.459999084472656,43.7400016784668,43.349998474121094,43.439998626708984,30.52035140991211,118129
2010-10-26,43.13999938964844,43.22999954223633,42.86000061035156,42.86000061035156,30.11284637451172,183691
2010-10-27,42.70000076293945,42.72990036010742,41.900001525878906,42.40999984741211,29.796667098999023,90988
2010-10-28,42.790000915527344,42.880001068115234,42.2400016784668,42.5,29.859909057617188,115234
2010-10-29,42.290000915527344,43.33000183105469,42.290000915527344,43.15999984741211,30.32362174987793,152016
2010-11-01,43.38999938964844,43.439998626708984,42.209999084472656,42.75,30.035568237304688,172672
2010-11-02,43.099998474121094,43.56999969482422,42.7400016784668,43.4900016784668,30.555471420288086,95918
2010-11-03,43.40999984741211,43.45000076293945,42.5,43.31999969482422,30.4360294342041,121127
2010-11-04,43.540000915527344,43.7400016784668,43.220001220703125,43.61000061035156,30.639787673950195,116662
2010-11-05,43.58000183105469,43.7400016784668,43.40999984741211,43.619998931884766,30.64680290222168,58944
2010-11-08,43.209999084472656,43.599998474121094,43.0099983215332,43.310001373291016,30.428998947143555,56207
2010-11-09,43.45000076293945,43.54999923706055,43.060001373291016,43.25,30.386850357055664,189560
2010-11-10,43.290000915527344,43.380001068115234,42.619998931884766,43.29999923706055,30.42197608947754,104728
2010-11-11,42.90999984741211,43.2599983215332,42.650001525878906,42.7599983215332,30.042593002319336,59654
2010-11-12,42.5,42.54999923706055,41.72999954223633,42.16999816894531,29.628049850463867,205994
2010-11-15,42.459999084472656,43.20000076293945,42.29010009765625,42.84000015258789,30.09877586364746,85975
2010-11-16,42.52000045776367,42.849998474121094,41.5,41.720001220703125,29.311880111694336,66211
2010-11-17,41.68000030517578,41.779998779296875,41.34000015258789,41.61000061035156,29.234609603881836,53569
2010-11-18,42.06999969482422,42.22999954223633,41.79999923706055,41.97999954223633,29.494569778442383,66498
2010-11-19,41.83000183105469,42.15999984741211,41.720001220703125,41.939998626708984,29.46647071838379,76826
2010-11-22,41.63999938964844,42.06999969482422,41.63999938964844,41.849998474121094,29.403240203857422,79169
2010-11-23,41.400001525878906,41.810001373291016,40.79999923706055,41.209999084472656,28.953567504882812,102547
2010-11-24,41.61000061035156,42.099998474121094,41.43000030517578,41.79999923706055,29.368101119995117,52916
2010-11-26,41.41999816894531,42.279998779296875,41.38999938964844,42.040000915527344,29.536720275878906,19122
2010-11-29,41.72999954223633,41.97999954223633,41.34000015258789,41.880001068115234,29.4243106842041,152972
2010-11-30,41.529998779296875,41.959999084472656,41.220001220703125,41.5,29.15731430053711,168547
2010-12-01,41.5,42.400001525878906,41.5,42.279998779296875,29.70534324645996,123271
2010-12-02,42.22999954223633,43.0,42.13999938964844,42.75,30.035568237304688,117576
2010-12-03,42.689998626708984,43.13999938964844,42.41999816894531,43.09000015258789,30.274433135986328,102540
2010-12-06,42.939998626708984,43.459999084472656,42.77000045776367,43.34000015258789,30.450071334838867,123094
2010-12-07,43.709999084472656,44.439998626708984,43.4900016784668,44.290000915527344,31.117525100708008,115629
2010-12-08,44.529998779296875,45.75,44.470001220703125,45.2599983215332,31.799053192138672,178522
2010-12-09,45.29999923706055,45.439998626708984,44.40999984741211,45.27000045776367,31.80607795715332,168733
2010-12-10,45.40999984741211,45.900001525878906,45.0,45.790000915527344,32.17142868041992,83785
2010-12-13,45.790000915527344,46.25,45.58000183105469,46.130001068115234,32.4102897644043,134773
2010-12-14,46.099998474121094,46.439998626708984,45.935001373291016,46.08000183105469,32.37517166137695,229825
2010-12-15,45.93000030517578,46.209999084472656,45.380001068115234,45.380001068115234,31.88335418701172,157018
2010-12-16,45.279998779296875,46.22999954223633,45.18000030517578,46.0,32.31896209716797,130881
2010-12-17,46.0,46.0,45.380001068115234,45.689998626708984,32.10116958618164,193473
2010-12-20,45.70000076293945,45.880001068115234,45.130001068115234,45.599998474121094,32.03792190551758,107643
2010-12-21,45.75,45.900001525878906,44.90999984741211,44.95000076293945,31.581239700317383,196452
2010-12-22,44.88999938964844,46.11000061035156,44.88999938964844,45.900001525878906,32.24870681762695,150402
2010-12-23,45.959999084472656,46.25,45.72999954223633,45.959999084472656,32.29085922241211,64269
2010-12-27,45.93000030517578,46.209999084472656,45.93000030517578,46.0,32.31896209716797,52014
2010-12-28,45.959999084472656,46.06999969482422,45.15999984741211,45.33000183105469,31.959388732910156,225901
2010-12-29,45.380001068115234,46.16999816894531,45.380001068115234,45.93000030517578,32.382423400878906,64859
2010-12-30,45.959999084472656,46.25,45.77000045776367,45.79999923706055,32.290767669677734,87666
2010-12-31,45.59000015258789,46.06999969482422,45.189998626708984,45.2400016784668,31.89594268798828,151725
2011-01-03,45.65999984741211,45.869998931884766,45.310001373291016,45.77000045776367,32.26960754394531,101418
2011-01-04,45.939998626708984,46.0,45.040000915527344,45.65999984741211,32.19205093383789,98117
2011-01-05,45.41999816894531,46.38999938964844,44.95000076293945,46.33000183105469,32.66443634033203,168058
2011-01-06,46.279998779296875,46.380001068115234,45.45000076293945,45.630001068115234,32.17090606689453,166224
2011-01-07,45.529998779296875,45.83000183105469,45.209999084472656,45.290000915527344,31.931180953979492,137914
2011-01-10,45.189998626708984,46.20000076293945,44.91999816894531,45.97999954223633,32.417667388916016,122000
2011-01-11,46.439998626708984,46.439998626708984,45.84000015258789,46.09000015258789,32.49520492553711,75873
2011-01-12,46.66999816894531,46.66999816894531,45.61000061035156,45.97999954223633,32.417667388916016,139751
2011-01-13,45.810001373291016,46.689998626708984,45.660099029541016,46.38999938964844,32.70673370361328,116427
2011-01-14,46.2400016784668,46.970001220703125,46.13999938964844,46.790000915527344,32.988746643066406,109112
2011-01-18,46.59000015258789,46.91999816894531,46.27000045776367,46.77000045776367,32.974639892578125,269419
2011-01-19,46.599998474121094,46.959999084472656,46.34000015258789,46.45000076293945,32.7490348815918,234001
2011-01-20,46.20000076293945,46.59000015258789,45.58000183105469,45.869998931884766,32.340110778808594,117917
2011-01-21,46.029998779296875,46.38999938964844,44.900001525878906,45.439998626708984,32.036964416503906,116503
2011-01-24,45.439998626708984,46.459999084472656,45.439998626708984,46.27000045776367,32.62213134765625,103308
2011-01-25,46.11000061035156,46.310001373291016,45.900001525878906,46.310001373291016,32.65034103393555,138671
2011-01-26,46.31999969482422,46.90999984741211,46.150001525878906,46.560001373291016,32.826595306396484,55881
2011-01-27,46.41999816894531,47.40999984741211,46.2400016784668,46.650001525878906,32.890045166015625,61193
2011-01-28,46.970001220703125,47.0099983215332,45.810001373291016,46.09000015258789,32.49520492553711,256344
2011-01-31,46.34000015258789,46.65999984741211,45.810001373291016,45.95000076293945,32.396514892578125,429652
2011-02-01,46.369998931884766,47.0,45.970001220703125,46.880001068115234,33.05220413208008,201002
2011-02-02,46.939998626708984,47.970001220703125,46.86000061035156,47.0099983215332,33.14385223388672,154386
2011-02-03,47.040000915527344,47.150001525878906,46.5099983215332,46.970001220703125,33.115657806396484,213462
2011-02-04,47.20000076293945,47.41999816894531,46.630001068115234,47.040000915527344,33.16500473022461,198759
2011-02-07,46.97999954223633,47.540000915527344,46.97999954223633,47.349998474121094,33.38357925415039,109026
2011-02-08,47.41999816894531,47.61000061035156,47.20000076293945,47.5099983215332,33.49636459350586,94876
2011-02-09,47.2400016784668,48.65999984741211,47.18000030517578,47.650001525878906,33.5950813293457,109423
2011-02-10,47.560001373291016,47.75,46.869998931884766,46.970001220703125,33.115657806396484,79086
2011-02-11,46.86000061035156,48.099998474121094,46.540000915527344,47.97999954223633,33.8277473449707,110309
2011-02-14,48.08000183105469,48.56999969482422,47.720001220703125,48.29999923706055,34.05335998535156,68788
2011-02-15,48.0099983215332,48.150001525878906,47.63999938964844,47.81999969482422,33.714942932128906,70429
2011-02-16,47.95000076293945,48.209999084472656,47.77799987792969,47.900001525878906,33.77134704589844,94256
2011-02-17,47.75,48.25,47.63999938964844,48.25,34.01811218261719,173811
2011-02-18,48.36000061035156,48.779998779296875,48.09000015258789,48.77000045776367,34.384735107421875,62004
2011-02-22,48.099998474121094,48.290000915527344,47.63999938964844,47.810001373291016,33.707881927490234,115586
2011-02-23,47.720001220703125,47.91999816894531,46.779998779296875,46.900001525878906,33.06631088256836,95202
2011-02-24,47.060001373291016,47.27000045776367,46.369998931884766,46.880001068115234,33.05220413208008,151388
2011-02-25,47.04999923706055,47.630001068115234,46.77000045776367,47.630001068115234,33.580989837646484,91332
2011-02-28,47.720001220703125,48.20000076293945,47.619998931884766,47.810001373291016,33.707881927490234,130254
2011-03-01,47.849998474121094,48.220001220703125,46.439998626708984,46.7400016784668,32.9534912109375,172954
2011-03-02,46.7400016784668,46.75,46.470001220703125,46.709999084472656,32.932342529296875,175194
2011-03-03,46.75,47.349998474121094,46.529998779296875,47.20000076293945,33.2778205871582,311969
2011-03-04,47.22999954223633,47.279998779296875,46.79999923706055,47.279998779296875,33.33420944213867,133272
2011-03-07,47.4900016784668,47.72999954223633,46.75,47.31999969482422,33.36241912841797,182630
2011-03-08,47.33000183105469,48.68000030517578,47.18000030517578,48.41999816894531,34.137962341308594,125733
2011-03-09,48.45000076293945,48.869998931884766,48.130001068115234,48.54999923706055,34.2296142578125,108920
2011-03-10,48.150001525878906,48.999900817871094,47.77009963989258,48.720001220703125,34.34947204589844,131484
2011-03-11,48.599998474121094,50.279998779296875,48.599998474121094,50.0,35.25193786621094,242605
2011-03-14,49.540000915527344,50.040000915527344,48.87099838256836,49.209999084472656,34.6949462890625,267574
2011-03-15,48.15999984741211,48.95000076293945,48.08000183105469,48.52000045776367,34.208457946777344,139405
2011-03-16,48.349998474121094,49.380001068115234,48.209999084472656,48.58000183105469,34.250770568847656,270507
2011-03-17,49.220001220703125,49.400001525878906,48.790000915527344,48.849998474121094,34.44113540649414,150451
2011-03-18,49.15999984741211,49.79999923706055,48.9900016784668,49.7400016784668,35.068607330322266,221294
2011-03-21,50.0,50.97999954223633,49.7400016784668,50.560001373291016,35.64675521850586,135669
2011-03-22,50.5099983215332,50.849998474121094,49.939998626708984,49.970001220703125,35.230770111083984,76802
2011-03-23,49.81999969482422,49.970001220703125,49.340999603271484,49.709999084472656,35.047454833984375,103796
2011-03-24,49.95000076293945,49.95000076293945,49.380001068115234,49.63999938964844,34.998104095458984,102347
2011-03-25,49.70000076293945,50.88999938964844,49.37099838256836,50.38999938964844,35.526885986328125,100035
2011-03-28,50.41999816894531,50.939998626708984,50.16999816894531,50.43000030517578,35.55508804321289,76390
2011-03-29,50.40999984741211,50.90999984741211,50.04999923706055,50.13999938964844,35.35063171386719,121274
2011-03-30,50.20000076293945,50.91999816894531,50.20000076293945,50.65999984741211,35.83158493041992,94635
2011-03-31,50.709999084472656,50.869998931884766,50.33100128173828,50.84000015258789,35.95890808105469,305483
2011-04-01,50.959999084472656,51.310001373291016,50.20000076293945,50.849998474121094,35.965972900390625,164032
2011-04-04,50.81999969482422,51.099998474121094,50.66999816894531,50.95000076293945,36.036720275878906,106320
2011-04-05,50.97999954223633,52.2400016784668,50.45000076293945,52.029998779296875,36.80058288574219,211359
2011-04-06,52.15999984741211,53.0,51.91999816894531,52.63999938964844,37.2320442199707,196284
2011-04-07,52.63999938964844,52.959999084472656,51.83000183105469,51.83000183105469,36.65911865234375,128605
2011-04-08,51.68000030517578,52.25,51.22999954223633,51.5,36.42572021484375,123753
2011-04-11,51.45000076293945,51.45000076293945,50.0,50.119998931884766,35.449642181396484,136667
2011-04-12,50.02000045776367,50.150001525878906,49.70000076293945,49.9900016784668,35.35770034790039,124735
2011-04-13,50.27000045776367,50.4900016784668,49.939998626708984,50.0,35.36478042602539,87225
2011-04-14,49.619998931884766,50.099998474121094,49.599998474121094,49.9900016784668,35.35770034790039,95230
2011-04-15,50.130001068115234,50.5,49.779998779296875,50.400001525878906,35.647701263427734,74877
2011-04-18,50.099998474121094,50.369998931884766,49.29999923706055,49.88999938964844,35.2869758605957,92264
2011-04-19,49.54999923706055,50.150001525878906,49.49100112915039,50.02000045776367,35.378910064697266,88549
2011-04-20,50.470001220703125,50.880001068115234,50.38800048828125,50.630001068115234,35.81037521362305,162364
2011-04-21,50.720001220703125,50.779998779296875,50.31999969482422,50.58000183105469,35.77500915527344,97630
2011-04-25,50.400001525878906,50.439998626708984,49.77000045776367,50.369998931884766,35.626468658447266,89977
2011-04-26,50.540000915527344,50.540000915527344,49.959999084472656,50.290000915527344,35.569889068603516,79043
2011-04-27,50.43000030517578,50.95000076293945,49.83000183105469,50.880001068115234,35.9871940612793,173019
2011-04-28,50.86000061035156,51.439998626708984,50.13999938964844,50.619998931884766,35.80329895019531,121047
2011-04-29,50.7400016784668,51.5099983215332,50.65999984741211,50.93000030517578,36.022552490234375,44000
2011-05-02,50.40999984741211,50.9900016784668,50.380001068115234,50.68000030517578,35.84573745727539,130743
2011-05-03,50.63999938964844,50.939998626708984,50.5099983215332,50.90999984741211,36.008419036865234,93516
2011-05-04,50.869998931884766,50.869998931884766,50.09000015258789,50.58000183105469,35.77500915527344,82995
2011-05-05,50.11000061035156,50.779998779296875,49.88100051879883,50.209999084472656,35.51329803466797,94070
2011-05-06,50.52000045776367,51.0,50.15999984741211,50.36000061035156,35.61940383911133,68092
2011-05-09,50.18000030517578,51.0,50.18000030517578,50.900001525878906,36.001338958740234,47198
2011-05-10,51.0,51.31999969482422,50.79999923706055,51.15999984741211,36.18523406982422,100821
2011-05-11,51.18000030517578,51.189998626708984,50.29999923706055,50.56999969482422,35.76792907714844,58299
2011-05-12,50.4900016784668,51.380001068115234,50.4900016784668,51.380001068115234,36.34083938598633,58461
2011-05-13,51.45000076293945,51.45000076293945,50.529998779296875,50.779998779296875,35.91646194458008,38565
2011-05-16,50.560001373291016,50.91999816894531,50.33000183105469,50.810001373291016,35.937679290771484,62034
2011-05-17,50.68000030517578,51.099998474121094,50.349998474121094,51.099998474121094,36.142799377441406,79429
2011-05-18,51.040000915527344,51.790000915527344,50.81999969482422,51.77000045776367,36.61669921875,50850
2011-05-19,52.0,52.08000183105469,51.599998474121094,52.0099983215332,36.78644561767578,164266
2011-05-20,52.029998779296875,52.20000076293945,51.650001525878906,51.97999954223633,36.76520919799805,87410
2011-05-23,51.470001220703125,51.599998474121094,51.130001068115234,51.349998474121094,36.31962203979492,75443
2011-05-24,51.400001525878906,51.61000061035156,51.029998779296875,51.34000015258789,36.31256103515625,58395
2011-05-25,51.119998931884766,51.2599983215332,50.5,50.720001220703125,35.87403106689453,83588
2011-05-26,50.5,51.380001068115234,50.5,51.290000915527344,36.27718734741211,56806
2011-05-27,51.310001373291016,52.029998779296875,51.279998779296875,51.81999969482422,36.65204620361328,52188
2011-05-31,52.2599983215332,53.0,51.5099983215332,53.0,37.48666000366211,206306
2011-06-01,53.0,53.0,51.65999984741211,51.7599983215332,36.609622955322266,110398
2011-06-02,51.970001220703125,52.2599983215332,51.27000045776367,51.66999816894531,36.54595947265625,79375
2011-06-03,51.02000045776367,51.400001525878906,50.58000183105469,50.58000183105469,35.77500915527344,62059
2011-06-06,50.43000030517578,51.0,49.79999923706055,50.20000076293945,35.5062370300293,82856
2011-06-07,50.63999938964844,50.63999938964844,49.7599983215332,50.27000045776367,35.55573272705078,116907
2011-06-08,50.06999969482422,50.58000183105469,48.88999938964844,49.709999084472656,35.15964126586914,89436
2011-06-09,49.849998474121094,50.040000915527344,49.599998474121094,49.77000045776367,35.20209884643555,96514
2011-06-10,49.65999984741211,49.75,49.040000915527344,49.08000183105469,34.71406555175781,107428
2011-06-13,49.380001068115234,49.43000030517578,48.90999984741211,49.09000015258789,34.721126556396484,95231
2011-06-14,49.529998779296875,50.029998779296875,49.310001373291016,49.880001068115234,35.27989959716797,110962
2011-06-15,49.38999938964844,50.0,49.38999938964844,49.72999954223633,35.173805236816406,125989
2011-06-16,49.68000030517578,49.970001220703125,49.029998779296875,49.540000915527344,35.039424896240234,119891
2011-06-17,49.810001373291016,50.20000076293945,49.4900016784668,49.7400016784668,35.180877685546875,171419
2011-06-20,49.560001373291016,50.40999984741211,49.560001373291016,50.380001068115234,35.633548736572266,115089
2011-06-21,50.58000183105469,51.029998779296875,50.30500030517578,50.5,35.71841812133789,232032
2011-06-22,50.439998626708984,50.599998474121094,50.029998779296875,50.029998779296875,35.385986328125,213921
2011-06-23,49.56999969482422,49.720001220703125,48.88999938964844,49.54999923706055,35.04648971557617,152159
2011-06-24,49.529998779296875,49.755001068115234,49.060001373291016,49.08000183105469,34.71406555175781,180860
2011-06-27,48.95000076293945,50.9900016784668,48.88999938964844,50.619998931884766,35.80329895019531,250665
2011-06-28,50.86000061035156,51.40999984741211,50.689998626708984,51.2400016784668,36.2418212890625,131048
2011-06-29,51.4900016784668,51.790000915527344,51.0,51.54999923706055,36.461090087890625,116819
2011-06-30,51.91999816894531,52.7599983215332,51.900001525878906,52.0099983215332,36.92972183227539,212404
2011-07-01,51.15999984741211,52.97999954223633,51.09000015258789,52.4900016784668,37.270538330078125,156457
2011-07-05,52.310001373291016,52.650001525878906,52.16999816894531,52.34000015258789,37.16402816772461,85450
2011-07-06,52.25,52.720001220703125,52.0,52.709999084472656,37.4267578125,154389
2011-07-07,52.95000076293945,53.040000915527344,52.3921012878418,52.58000183105469,37.33445358276367,104892
2011-07-08,52.099998474121094,52.25,51.95000076293945,52.119998931884766,37.0078239440918,101096
2011-07-11,51.5,51.75,51.0,51.36000061035156,36.468196868896484,111696
2011-07-12,51.150001525878906,51.83000183105469,51.0,51.77000045776367,36.759315490722656,155502
2011-07-13,51.310001373291016,52.220001220703125,51.06999969482422,51.470001220703125,36.5462760925293,158906
2011-07-14,51.52000045776367,52.290000915527344,50.97999954223633,51.08000183105469,36.26935958862305,150301
2011-07-15,51.18000030517578,51.5099983215332,50.95000076293945,51.400001525878906,36.49658966064453,73525
2011-07-18,51.130001068115234,51.76639938354492,50.470001220703125,51.33000183105469,36.44688034057617,142530
2011-07-19,51.63999938964844,52.209999084472656,51.349998474121094,52.11000061035156,37.000732421875,72268
2011-07-20,52.099998474121094,52.27000045776367,51.869998931884766,52.20000076293945,37.06461715698242,100961
2011-07-21,52.34000015258789,53.0,51.970001220703125,52.91999816894531,37.575862884521484,124000
2011-07-22,52.900001525878906,52.900001525878906,52.4900016784668,52.75,37.45513916015625,63624
2011-07-25,52.290000915527344,52.529998779296875,51.63199996948242,52.349998474121094,37.171146392822266,51446
2011-07-26,52.220001220703125,52.61000061035156,51.63999938964844,51.9900016784668,36.91550827026367,58458
2011-07-27,51.630001068115234,51.80009841918945,49.97999954223633,50.560001373291016,35.9001579284668,155799
2011-07-28,50.619998931884766,51.02000045776367,50.13999938964844,50.279998779296875,35.70133590698242,112339
2011-07-29,49.650001525878906,50.13999938964844,49.38999938964844,50.060001373291016,35.545108795166016,128571
2011-08-01,50.52000045776367,50.52000045776367,48.900001525878906,49.72999954223633,35.3108024597168,83757
2011-08-02,49.52000045776367,50.56999969482422,49.43000030517578,50.20000076293945,35.644527435302734,180456
2011-08-03,50.22999954223633,50.29999923706055,48.7400016784668,50.0099983215332,35.50960922241211,114544
2011-08-04,49.33000183105469,49.904998779296875,48.31999969482422,48.349998474121094,34.3309211730957,146600
2011-08-05,48.939998626708984,48.939998626708984,45.689998626708984,46.040000915527344,32.69072341918945,256845
2011-08-08,45.0099983215332,45.959999084472656,43.349998474121094,43.43000030517578,30.837491989135742,292817
2011-08-09,44.189998626708984,44.84000015258789,43.45000076293945,44.47999954223633,31.58303451538086,558942
2011-08-10,43.400001525878906,44.04999923706055,42.20000076293945,42.349998474121094,30.070629119873047,405357
2011-08-11,42.4900016784668,44.70000076293945,42.2599983215332,44.36000061035156,31.497838973999023,357588
2011-08-12,44.77000045776367,45.38999938964844,44.290000915527344,45.209999084472656,32.10137939453125,114204
2011-08-15,45.599998474121094,47.15999984741211,45.13999938964844,47.0099983215332,33.37946701049805,145138
2011-08-16,46.689998626708984,47.175201416015625,46.31999969482422,46.79999923706055,33.2303466796875,66427
2011-08-17,47.13999938964844,47.45000076293945,46.65999984741211,47.119998931884766,33.45756912231445,70925
2011-08-18,45.810001373291016,45.810001373291016,43.439998626708984,43.81999969482422,31.114404678344727,100934
2011-08-19,43.59000015258789,45.040000915527344,43.130001068115234,43.209999084472656,30.681272506713867,85708
2011-08-22,44.08000183105469,44.599998474121094,43.0,43.790000915527344,31.09309959411621,84649
2011-08-23,43.849998474121094,45.470001220703125,43.359100341796875,45.470001220703125,32.28600311279297,84959
2011-08-24,45.22999954223633,46.43000030517578,45.22999954223633,46.189998626708984,32.797218322753906,69900
2011-08-25,46.65999984741211,46.810001373291016,44.43000030517578,44.470001220703125,31.5759334564209,99449
2011-08-26,44.18000030517578,46.31999969482422,43.70000076293945,46.060001373291016,32.70491409301758,140859
2011-08-29,46.220001220703125,47.900001525878906,45.81999969482422,46.84000015258789,33.25874710083008,229828
2011-08-30,46.7400016784668,47.88999938964844,46.599998474121094,47.47999954223633,33.71318435668945,87789
2011-08-31,47.65999984741211,49.060001373291016,47.5099983215332,48.790000915527344,34.64334487915039,187478
2011-09-01,48.47999954223633,49.38999938964844,48.130001068115234,48.880001068115234,34.70725631713867,232101
2011-09-02,47.939998626708984,48.97999954223633,47.540000915527344,47.9900016784668,34.075321197509766,219679
2011-09-06,46.18000030517578,47.380001068115234,45.900001525878906,46.810001373291016,33.23744583129883,136658
2011-09-07,47.40999984741211,48.279998779296875,47.2599983215332,48.0099983215332,34.089515686035156,74373
2011-09-08,48.02000045776367,48.33000183105469,44.90999984741211,45.16999816894531,32.07298278808594,160464
2011-09-09,45.22999954223633,45.22999954223633,43.029998779296875,43.75,31.0647029876709,189519
2011-09-12,43.2400016784668,45.11000061035156,43.102298736572266,45.09000015258789,32.01616668701172,170196
2011-09-13,45.45000076293945,46.349998474121094,44.810001373291016,46.27000045776367,32.854026794433594,216793
2011-09-14,46.380001068115234,48.540000915527344,46.189998626708984,47.54999923706055,33.76289749145508,140891
2011-09-15,47.9900016784668,48.58000183105469,47.19499969482422,48.47999954223633,34.4232292175293,125053
2011-09-16,48.650001525878906,48.93000030517578,48.290000915527344,48.59000015258789,34.5013427734375,214965
2011-09-19,47.869998931884766,48.47999954223633,47.2599983215332,48.15999984741211,34.196014404296875,66804
2011-09-20,48.22999954223633,48.720001220703125,46.4900016784668,46.4900016784668,33.0102424621582,149321
2011-09-21,46.310001373291016,46.959999084472656,44.779998779296875,44.95000076293945,31.91676139831543,112969
2011-09-22,43.52000045776367,44.31999969482422,43.45000076293945,44.11000061035156,31.320314407348633,144268
2011-09-23,43.56999969482422,44.41999816894531,43.56999969482422,44.04999923706055,31.277725219726562,115036
2011-09-26,44.380001068115234,45.61000061035156,43.72999954223633,45.459999084472656,32.27887725830078,150084
2011-09-27,46.86000061035156,47.20000076293945,45.65999984741211,45.810001373291016,32.52741622924805,86383
2011-09-28,45.70000076293945,46.31999969482422,44.33000183105469,44.349998474121094,31.628816604614258,90608
2011-09-29,45.22999954223633,46.0,43.93000030517578,44.83000183105469,31.971132278442383,75704
2011-09-30,44.11000061035156,44.75,43.72999954223633,44.41999816894531,31.678722381591797,231389
2011-10-03,44.349998474121094,44.880001068115234,41.88999938964844,42.5,30.309467315673828,204188
2011-10-04,42.029998779296875,45.2400016784668,42.029998779296875,45.2400016784668,32.26353454589844,128815
2011-10-05,45.279998779296875,45.93000030517578,44.650001525878906,44.779998779296875,31.93548011779785,116748
2011-10-06,44.72999954223633,46.41999816894531,44.43000030517578,46.34000015258789,33.048011779785156,96563
2011-10-07,46.40999984741211,47.060001373291016,45.619998931884766,46.540000915527344,33.19065475463867,96296
2011-10-10,47.029998779296875,48.310001373291016,46.7400016784668,48.130001068115234,34.3245735168457,133005
2011-10-11,47.650001525878906,48.959999084472656,47.650001525878906,48.4900016784668,34.581321716308594,81137
2011-10-12,49.040000915527344,49.65999984741211,48.49509811401367,49.150001525878906,35.052005767822266,142654
2011-10-13,48.63999938964844,49.619998931884766,48.52000045776367,49.459999084472656,35.2730712890625,89663
2011-10-14,49.720001220703125,50.0,49.029998779296875,49.65999984741211,35.41571807861328,101149
2011-10-17,49.2400016784668,49.599998474121094,47.97999954223633,48.45000076293945,34.552791595458984,134299
2011-10-18,48.650001525878906,49.56999969482422,48.189998626708984,49.459999084472656,35.2730712890625,95605
2011-10-19,49.5,49.849998474121094,48.66999816894531,49.0,34.945030212402344,86774
2011-10-20,49.189998626708984,49.41999816894531,47.9900016784668,48.900001525878906,34.87371826171875,61894
2011-10-21,49.209999084472656,49.86000061035156,49.0099983215332,49.47999954223633,35.28733825683594,105020
2011-10-24,49.59000015258789,50.9900016784668,49.439998626708984,50.41999816894531,35.957725524902344,70835
2011-10-25,49.959999084472656,50.33000183105469,49.119998931884766,49.2400016784668,35.11619186401367,35257
2011-10-26,50.150001525878906,50.150001525878906,48.369998931884766,49.310001373291016,35.16611862182617,132157
2011-10-27,50.0,51.209999084472656,49.56999969482422,50.36000061035156,35.91493606567383,79621
2011-10-28,50.25,50.880001068115234,48.95000076293945,49.189998626708984,35.080535888671875,92781
2011-10-31,48.400001525878906,48.970001220703125,47.560001373291016,47.560001373291016,33.91807556152344,107536
2011-11-01,45.689998626708984,46.95000076293945,45.25,46.38999938964844,33.083675384521484,145822
2011-11-02,47.25,47.529998779296875,46.439998626708984,46.7400016784668,33.333282470703125,90178
2011-11-03,47.22999954223633,47.68000030517578,46.7599983215332,46.95000076293945,33.48305130004883,110492
2011-11-04,46.560001373291016,47.290000915527344,46.22999954223633,47.290000915527344,33.725521087646484,72956
2011-11-07,47.290000915527344,48.25,46.880001068115234,47.97999954223633,34.21759796142578,102616
2011-11-08,48.220001220703125,49.33000183105469,48.220001220703125,49.11000061035156,35.02347183227539,71509
2011-11-09,48.0,48.150001525878906,47.29999923706055,47.849998474121094,34.1248893737793,71400
2011-11-10,48.41999816894531,48.41999816894531,47.4900016784668,47.83000183105469,34.11062240600586,36679
2011-11-11,48.349998474121094,49.15959930419922,47.970001220703125,48.959999084472656,34.916507720947266,49383
2011-11-14,48.5,49.790000915527344,48.13999938964844,49.43000030517578,35.2516975402832,93408
2011-11-15,49.11000061035156,50.0,48.709999084472656,49.43000030517578,35.2516975402832,78962
2011-11-16,48.93000030517578,49.43000030517578,48.58000183105469,48.75,34.76673889160156,68132
2011-11-17,48.75,49.02000045776367,47.59000015258789,47.86000061035156,34.13202667236328,58204
2011-11-18,47.93000030517578,48.0,47.040000915527344,47.619998931884766,33.960853576660156,40710
2011-11-21,46.810001373291016,47.599998474121094,46.470001220703125,47.209999084472656,33.6684684753418,71026
2011-11-22,47.0099983215332,47.0099983215332,46.04499816894531,46.369998931884766,33.06940460205078,57161
2011-11-23,45.779998779296875,46.040000915527344,44.7400016784668,44.900001525878906,32.021060943603516,70935
2011-11-25,44.400001525878906,45.2599983215332,44.400001525878906,44.59000015258789,31.799972534179688,51570
2011-11-28,46.0,46.2400016784668,45.0099983215332,45.400001525878906,32.37763977050781,75851
2011-11-29,45.45000076293945,45.84000015258789,45.06999969482422,45.380001068115234,32.36337661743164,62303
2011-11-30,47.099998474121094,48.15999984741211,46.689998626708984,48.099998474121094,34.30317306518555,171955
2011-12-01,48.22999954223633,48.66999816894531,47.099998474121094,47.099998474121094,33.59001159667969,116608
2011-12-02,47.77000045776367,48.2599983215332,47.380001068115234,47.58000183105469,33.932342529296875,54742
2011-12-05,48.220001220703125,48.2400016784668,46.66999816894531,47.41999816894531,33.81822204589844,99889
2011-12-06,47.310001373291016,47.869998931884766,46.93000030517578,47.47999954223633,33.86101531982422,45569
2011-12-07,47.029998779296875,47.40999984741211,46.4900016784668,46.75,33.34040832519531,92997
2011-12-08,45.970001220703125,46.4900016784668,45.40999984741211,45.459999084472656,32.4204216003418,189757
2011-12-09,45.54999923706055,46.31999969482422,44.98080062866211,46.2400016784668,32.97669219970703,114207
2011-12-12,45.83000183105469,46.209999084472656,45.18000030517578,45.81999969482422,32.67717361450195,142377
2011-12-13,46.27000045776367,46.56999969482422,43.93000030517578,44.209999084472656,31.528968811035156,145667
2011-12-14,43.86000061035156,44.18000030517578,43.70000076293945,43.88999938964844,31.300764083862305,190881
2011-12-15,44.20000076293945,44.45000076293945,43.900001525878906,44.189998626708984,31.514705657958984,138358
2011-12-16,44.189998626708984,45.06999969482422,44.0099983215332,44.150001525878906,31.486183166503906,331946
2011-12-19,44.189998626708984,44.650001525878906,43.5,43.91999816894531,31.322160720825195,225566
2011-12-20,44.459999084472656,44.68000030517578,43.90999984741211,44.099998474121094,31.450519561767578,225579
2011-12-21,43.86000061035156,44.209999084472656,43.599998474121094,43.9900016784668,31.372072219848633,128350
2011-12-22,44.0,44.31999969482422,44.0,44.08000183105469,31.436262130737305,114037
2011-12-23,44.06999969482422,44.15999984741211,43.599998474121094,43.9900016784668,31.372072219848633,195895
2011-12-27,43.400001525878906,44.29999923706055,43.369998931884766,44.2599983215332,31.708784103393555,218452
2011-12-28,44.220001220703125,44.27000045776367,43.459999084472656,43.880001068115234,31.436555862426758,159250
2011-12-29,43.75,44.560001373291016,43.650001525878906,44.38999938964844,31.801925659179688,108548
2011-12-30,44.380001068115234,44.7599983215332,44.20000076293945,44.400001525878906,31.80908966064453,193404
2012-01-03,45.52000045776367,45.540000915527344,44.599998474121094,45.13999938964844,32.33924102783203,174363
2012-01-04,45.13999938964844,45.369998931884766,44.040000915527344,44.20000076293945,31.665821075439453,127598
2012-01-05,43.79999923706055,45.02000045776367,43.52000045776367,44.97999954223633,32.22462463378906,230500
2012-01-06,44.900001525878906,45.560001373291016,44.4900016784668,45.310001373291016,32.461036682128906,221611
2012-01-09,45.4900016784668,45.619998931884766,44.5099983215332,44.529998779296875,31.902225494384766,160528
2012-01-10,44.93000030517578,45.18000030517578,44.34000015258789,44.61000061035156,31.959543228149414,181112
2012-01-11,44.4900016784668,44.9900016784668,44.34000015258789,44.97999954223633,32.22462463378906,187116
2012-01-12,44.959999084472656,45.25,44.41999816894531,44.77000045776367,32.074180603027344,116955
2012-01-13,44.47999954223633,44.77000045776367,44.29999923706055,44.59000015258789,31.945207595825195,100555
2012-01-17,44.81999969482422,45.060001373291016,43.5,43.5,31.16431427001953,199095
2012-01-18,43.380001068115234,44.560001373291016,43.2400016784668,44.439998626708984,31.83775520324707,303343
2012-01-19,44.470001220703125,44.7599983215332,43.43000030517578,44.540000915527344,31.90939712524414,404691
2012-01-20,44.43000030517578,45.650001525878906,44.32320022583008,45.56999969482422,32.647308349609375,358515
2012-01-23,45.47999954223633,46.2599983215332,45.369998931884766,46.16999816894531,33.077152252197266,233655
2012-01-24,45.86000061035156,45.9900016784668,45.060001373291016,45.83000183105469,32.83357238769531,146575
2012-01-25,45.720001220703125,46.5099983215332,45.65999984741211,46.25,33.13447189331055,103141
2012-01-26,46.529998779296875,46.58000183105469,46.209999084472656,46.45000076293945,33.27775573730469,100795
2012-01-27,46.20000076293945,46.47999954223633,46.005001068115234,46.41999816894531,33.25625991821289,94059
2012-01-30,46.02000045776367,46.02000045776367,45.5,45.7599983215332,32.7834358215332,102761
2012-01-31,46.09000015258789,46.099998474121094,45.2599983215332,45.38999938964844,32.51834487915039,201483
2012-02-01,45.709999084472656,46.5,45.59000015258789,46.36000061035156,33.21327590942383,141149
2012-02-02,46.290000915527344,46.9900016784668,46.279998779296875,46.439998626708984,33.27058792114258,132668
2012-02-03,46.86000061035156,47.349998474121094,46.689998626708984,46.900001525878906,33.60014724731445,176861
2012-02-06,46.810001373291016,47.02000045776367,46.36000061035156,46.439998626708984,33.27058792114258,76272
2012-02-07,46.29999923706055,46.52000045776367,45.369998931884766,45.849998474121094,32.847900390625,137107
2012-02-08,45.810001373291016,46.150001525878906,44.869998931884766,45.13999938964844,32.33924102783203,119495
2012-02-09,45.349998474121094,45.90999984741211,45.04999923706055,45.90999984741211,32.890892028808594,138412
2012-02-10,45.45000076293945,45.5099983215332,44.970001220703125,45.38999938964844,32.51834487915039,64803
2012-02-13,45.84000015258789,46.176300048828125,45.400001525878906,45.599998474121094,32.6688117980957,63663
2012-02-14,45.369998931884766,45.58000183105469,45.16999816894531,45.58000183105469,32.65447998046875,33680
2012-02-15,45.709999084472656,45.88999938964844,45.040000915527344,45.66999816894531,32.71894454956055,189992
2012-02-16,45.68000030517578,46.189998626708984,45.68000030517578,46.09000015258789,33.019840240478516,68286
2012-02-17,46.20000076293945,46.20000076293945,45.7400016784668,45.90999984741211,32.890892028808594,45730
2012-02-21,45.90999984741211,45.97999954223633,45.31999969482422,45.560001373291016,32.640140533447266,70273
2012-02-22,45.34000015258789,45.6150016784668,44.7599983215332,45.41999816894531,32.53983688354492,97587
2012-02-23,45.43000030517578,45.690101623535156,45.15999984741211,45.63999938964844,32.69746398925781,49107
2012-02-24,45.63999938964844,46.439998626708984,45.31999969482422,46.2400016784668,33.12731170654297,95383
2012-02-27,45.7599983215332,45.959999084472656,44.0,45.47999954223633,32.582847595214844,160539
2012-02-28,45.43000030517578,45.84000015258789,44.810001373291016,45.630001068115234,32.6902961730957,325780
2012-02-29,45.599998474121094,45.88990020751953,45.150001525878906,45.400001525878906,32.5255126953125,116279
2012-03-01,45.25,46.19900131225586,45.25,45.7599983215332,32.7834358215332,105028
2012-03-02,45.529998779296875,45.95000076293945,44.959999084472656,45.08000183105469,32.2962532043457,202582
2012-03-05,45.0,45.20000076293945,44.81999969482422,44.880001068115234,32.15297317504883,100442
2012-03-06,44.43000030517578,45.11000061035156,44.43000030517578,44.630001068115234,31.9738826751709,113363
2012-03-07,44.599998474121094,44.619998931884766,44.02000045776367,44.40999984741211,31.81625747680664,114592
2012-03-08,44.5,46.439998626708984,44.279998779296875,46.209999084472656,33.10581588745117,242338
2012-03-09,46.220001220703125,48.08000183105469,46.220001220703125,47.41999816894531,33.97268295288086,262020
2012-03-12,47.27000045776367,47.75,47.06999969482422,47.2400016784668,33.84373092651367,218517
2012-03-13,47.25,47.79999923706055,46.91999816894531,47.20000076293945,33.81507873535156,348716
2012-03-14,47.20000076293945,47.4900016784668,47.084999084472656,47.400001525878906,33.958377838134766,222545
2012-03-15,47.150001525878906,48.0099983215332,47.150001525878906,47.630001068115234,34.12314224243164,233918
2012-03-16,47.5,47.88999938964844,47.40999984741211,47.5,34.03000259399414,439743
2012-03-19,47.290000915527344,47.7599983215332,47.040000915527344,47.709999084472656,34.180442810058594,335878
2012-03-20,47.5,47.970001220703125,47.16999816894531,47.75,34.2091064453125,238372
2012-03-21,47.90999984741211,48.09000015258789,47.52000045776367,47.91999816894531,34.33088684082031,207545
2012-03-22,47.470001220703125,47.7400016784668,47.2400016784668,47.45000076293945,33.99418258666992,375745
2012-03-23,47.29999923706055,47.61000061035156,47.29999923706055,47.400001525878906,33.958377838134766,167998
2012-03-26,47.599998474121094,48.220001220703125,47.599998474121094,47.93000030517578,34.338069915771484,113393
2012-03-27,47.91999816894531,48.11000061035156,47.47999954223633,47.47999954223633,34.01566696166992,131533
2012-03-28,47.400001525878906,47.709999084472656,47.29999923706055,47.47999954223633,34.01566696166992,125462
2012-03-29,46.939998626708984,47.41999816894531,46.68009948730469,47.209999084472656,33.96530532836914,139766
2012-03-30,47.52000045776367,47.83000183105469,47.400001525878906,47.59000015258789,34.238712310791016,116614
2012-04-02,47.52000045776367,47.77989959716797,47.119998931884766,47.119998931884766,33.90054702758789,188800
2012-04-03,46.970001220703125,47.630001068115234,46.79999923706055,47.31999969482422,34.04444885253906,240548
2012-04-04,46.869998931884766,47.16999816894531,46.84000015258789,47.06999969482422,33.86458206176758,157720
2012-04-05,46.83000183105469,47.290000915527344,46.59000015258789,47.290000915527344,34.022865295410156,162611
2012-04-09,46.619998931884766,46.86000061035156,46.459999084472656,46.86000061035156,33.71349334716797,131614
2012-04-10,46.65999984741211,47.470001220703125,46.2400016784668,46.31999969482422,33.32499694824219,264219
2012-04-11,46.65999984741211,47.4900016784668,46.56999969482422,46.779998779296875,33.65594482421875,115597
2012-04-12,46.650001525878906,47.18000030517578,46.650001525878906,47.0,33.814231872558594,143883
2012-04-13,46.810001373291016,46.97719955444336,46.529998779296875,46.560001373291016,33.49766540527344,94499
2012-04-16,46.86000061035156,47.06999969482422,46.220001220703125,46.59000015258789,33.51924133300781,154994
2012-04-17,46.86000061035156,47.4900016784668,46.85499954223633,46.97999954223633,33.799835205078125,303009
2012-04-18,46.779998779296875,46.97999954223633,45.939998626708984,46.25,33.27464294433594,467841
2012-04-19,46.150001525878906,46.40999984741211,44.97999954223633,45.29999923706055,32.59115982055664,305715
2012-04-20,45.38999938964844,45.900001525878906,45.2400016784668,45.619998931884766,32.82139205932617,226273
2012-04-23,45.150001525878906,45.150001525878906,44.130001068115234,44.849998474121094,32.267398834228516,126173
2012-04-24,44.720001220703125,45.29999923706055,44.720001220703125,45.029998779296875,32.39691162109375,155035
2012-04-25,45.349998474121094,45.78990173339844,45.02000045776367,45.400001525878906,32.663108825683594,191237
2012-04-26,45.41999816894531,45.560001373291016,44.86000061035156,45.16999816894531,32.49762725830078,174539
2012-04-27,45.400001525878906,45.650001525878906,45.29999923706055,45.4900016784668,32.72786331176758,162770
2012-04-30,45.439998626708984,45.5619010925293,45.130001068115234,45.189998626708984,32.512020111083984,181221
2012-05-01,45.02000045776367,45.95000076293945,44.880001068115234,45.790000915527344,32.94369125366211,156240
2012-05-02,45.459999084472656,45.83000183105469,45.31999969482422,45.720001220703125,32.893333435058594,163698
2012-05-03,45.790000915527344,45.79999923706055,45.38999938964844,45.54999923706055,32.771034240722656,201121
2012-05-04,45.439998626708984,45.45000076293945,45.029998779296875,45.310001373291016,32.598350524902344,194296
2012-05-07,45.18000030517578,45.560001373291016,44.95000076293945,45.189998626708984,32.512020111083984,113438
2012-05-08,44.869998931884766,45.5,44.66999816894531,45.5,32.735042572021484,112257
2012-05-09,45.08000183105469,45.56999969482422,44.7599983215332,45.369998931884766,32.64152145385742,75960
2012-05-10,45.77000045776367,45.79999923706055,44.89099884033203,45.25,32.555179595947266,145632
2012-05-11,45.06999969482422,45.2599983215332,44.81010055541992,45.16999816894531,32.49762725830078,134463
2012-05-14,44.720001220703125,45.290000915527344,44.720001220703125,44.849998474121094,32.267398834228516,72706
2012-05-15,44.93000030517578,45.38999938964844,44.779998779296875,44.880001068115234,32.28898239135742,105979
2012-05-16,45.09000015258789,45.45000076293945,44.90999984741211,44.939998626708984,32.332157135009766,88633
2012-05-17,44.970001220703125,44.970001220703125,43.689998626708984,43.689998626708984,31.432836532592773,103904
2012-05-18,43.959999084472656,44.099998474121094,43.47999954223633,43.75,31.476003646850586,137722
2012-05-21,43.72999954223633,44.709999084472656,43.31999969482422,44.68000030517578,32.14509963989258,179159
2012-05-22,44.650001525878906,45.0099983215332,44.04999923706055,44.529998779296875,32.03717803955078,109655
2012-05-23,44.130001068115234,45.189998626708984,44.130001068115234,45.119998931884766,32.46165084838867,125104
2012-05-24,45.189998626708984,45.77000045776367,44.869998931884766,45.77000045776367,32.929298400878906,91363
2012-05-25,45.779998779296875,45.779998779296875,44.79999923706055,45.0099983215332,32.38252639770508,110503
2012-05-29,45.369998931884766,45.93000030517578,45.349998474121094,45.630001068115234,32.828590393066406,64163
2012-05-30,45.349998474121094,45.59000015258789,44.720001220703125,45.040000915527344,32.40409469604492,115867
2012-05-31,44.970001220703125,45.599998474121094,44.810001373291016,45.5,32.735042572021484,210003
2012-06-01,44.86000061035156,45.25,44.86000061035156,45.15999984741211,32.49042892456055,118366
2012-06-04,45.439998626708984,45.58000183105469,43.90999984741211,44.11000061035156,31.73501205444336,268883
2012-06-05,44.2599983215332,45.15999984741211,43.65999984741211,45.15999984741211,32.49042892456055,106002
2012-06-06,45.2599983215332,45.70000076293945,44.91999816894531,44.959999084472656,32.3465461730957,122299
2012-06-07,45.52000045776367,45.790000915527344,45.11000061035156,45.150001525878906,32.483238220214844,127829
2012-06-08,45.04999923706055,45.25,44.939998626708984,45.02000045776367,32.389713287353516,105218
2012-06-11,45.04999923706055,45.619998931884766,44.849998474121094,44.849998474121094,32.267398834228516,166384
2012-06-12,44.97999954223633,45.20309829711914,44.84000015258789,45.04999923706055,32.411293029785156,85477
2012-06-13,44.75,45.40999984741211,44.68000030517578,44.72999954223633,32.18107604980469,61861
2012-06-14,44.58000183105469,44.90999984741211,44.02000045776367,44.4900016784668,32.0084114074707,121187
2012-06-15,44.400001525878906,45.209999084472656,44.290000915527344,44.95000076293945,32.339351654052734,279457
2012-06-18,44.630001068115234,45.15999984741211,44.279998779296875,45.0,32.375328063964844,338412
2012-06-19,45.0099983215332,46.33000183105469,45.0099983215332,46.290000915527344,33.303409576416016,306221
2012-06-20,46.47999954223633,48.029998779296875,46.290000915527344,47.9900016784668,34.52648162841797,227506
2012-06-21,48.04999923706055,48.04999923706055,46.970001220703125,47.08000183105469,33.87178421020508,223232
2012-06-22,47.5,48.150001525878906,47.3650016784668,47.970001220703125,34.51210021972656,487173
2012-06-25,47.619998931884766,47.619998931884766,46.939998626708984,47.529998779296875,34.195518493652344,125140
2012-06-26,47.5,48.060001373291016,47.189998626708984,48.060001373291016,34.57685852050781,114597
2012-06-27,48.150001525878906,48.63999938964844,47.58000183105469,48.349998474121094,34.78548049926758,103995
2012-06-28,48.150001525878906,48.65999984741211,47.4900016784668,48.65999984741211,35.008522033691406,145077
2012-06-29,49.33000183105469,49.33000183105469,48.529998779296875,48.9900016784668,35.245933532714844,226201
2012-07-02,48.58000183105469,49.04999923706055,48.0,48.9900016784668,35.41945266723633,186835
2012-07-03,49.290000915527344,49.70000076293945,48.9900016784668,49.31999969482422,35.65803909301758,176955
2012-07-05,48.939998626708984,49.95000076293945,48.869998931884766,49.720001220703125,35.94723892211914,227022
2012-07-06,49.45000076293945,49.70000076293945,48.90999984741211,49.11000061035156,35.506202697753906,107854
2012-07-09,49.15999984741211,49.279998779296875,48.689998626708984,48.939998626708984,35.38330841064453,94758
2012-07-10,49.38999938964844,49.599998474121094,48.290000915527344,48.58000183105469,35.12303924560547,87557
2012-07-11,48.7400016784668,49.06999969482422,48.606998443603516,48.83000183105469,35.30377197265625,87378
2012-07-12,48.61000061035156,48.61000061035156,48.029998779296875,48.20000076293945,34.84828186035156,58541
2012-07-13,48.4900016784668,49.439998626708984,48.38999938964844,49.2400016784668,35.60020446777344,82165
2012-07-16,48.970001220703125,49.29999923706055,48.650001525878906,49.099998474121094,35.49898147583008,151233
2012-07-17,49.400001525878906,49.599998474121094,48.18000030517578,49.040000915527344,35.45560836791992,189634
2012-07-18,48.84000015258789,49.59000015258789,48.84000015258789,49.33000183105469,35.66526794433594,183143
2012-07-19,49.529998779296875,49.59000015258789,48.779998779296875,48.84000015258789,35.31101608276367,118461
2012-07-20,48.45000076293945,48.650001525878906,48.09000015258789,48.13999938964844,34.8049201965332,92543
2012-07-23,47.93000030517578,48.630001068115234,47.27000045776367,48.45000076293945,35.029048919677734,181022
2012-07-24,48.63999938964844,48.63999938964844,46.060001373291016,46.70000076293945,33.76380920410156,149060
2012-07-25,46.72999954223633,47.15999984741211,46.61000061035156,47.09000015258789,34.04575729370117,100429
2012-07-26,47.75,47.7599983215332,47.220001220703125,47.58000183105469,34.400028228759766,84368
2012-07-27,47.93000030517578,48.099998474121094,47.459999084472656,47.970001220703125,34.68201446533203,58351
2012-07-30,47.79999923706055,48.31999969482422,47.540000915527344,48.060001373291016,34.74707794189453,76957
2012-07-31,47.900001525878906,48.47999954223633,47.380001068115234,47.650001525878906,34.450645446777344,110081
2012-08-01,47.880001068115234,48.109901428222656,46.66999816894531,46.7400016784668,33.792724609375,97778
2012-08-02,46.41999816894531,46.625,45.31999969482422,46.43000030517578,33.56858825683594,122474
2012-08-03,46.900001525878906,47.619998931884766,46.900001525878906,47.459999084472656,34.31326675415039,95896
2012-08-06,47.7400016784668,47.88999938964844,47.369998931884766,47.56999969482422,34.39280319213867,167711
2012-08-07,47.709999084472656,48.400001525878906,47.45000076293945,47.529998779296875,34.36387634277344,118029
2012-08-08,47.45000076293945,48.09000015258789,47.369998931884766,47.540000915527344,34.371116638183594,64879
2012-08-09,47.540000915527344,48.119998931884766,47.119998931884766,47.27000045776367,34.175907135009766,57561
2012-08-10,47.119998931884766,48.25,47.119998931884766,47.59000015258789,34.40726089477539,65776
2012-08-13,47.619998931884766,47.709999084472656,47.2599983215332,47.58000183105469,34.400028228759766,50468
2012-08-14,47.68000030517578,48.0,47.439998626708984,47.93000030517578,34.6530876159668,57409
2012-08-15,47.72999954223633,47.995399475097656,47.599998474121094,47.849998474121094,34.595245361328125,50336
2012-08-16,47.65999984741211,48.150001525878906,47.41999816894531,48.060001373291016,34.74707794189453,55061
2012-08-17,47.95000076293945,48.34000015258789,47.95000076293945,48.209999084472656,34.85551452636719,63441
2012-08-20,48.040000915527344,48.41999816894531,47.83000183105469,48.349998474121094,34.956729888916016,42772
2012-08-21,48.36000061035156,48.63999938964844,48.06999969482422,48.20000076293945,34.84828186035156,93291
2012-08-22,48.040000915527344,48.18000030517578,47.70000076293945,48.13999938964844,34.8049201965332,82174
2012-08-23,48.15999984741211,48.310001373291016,47.70000076293945,48.06999969482422,34.754302978515625,135973
2012-08-24,48.119998931884766,48.27000045776367,47.83000183105469,48.02000045776367,34.71815872192383,69448
2012-08-27,48.290000915527344,48.470001220703125,47.540000915527344,47.68000030517578,34.47233200073242,101323
2012-08-28,47.7400016784668,48.2599983215332,47.20000076293945,48.189998626708984,34.84105682373047,85311
2012-08-29,48.130001068115234,49.47999954223633,47.90999984741211,49.38999938964844,35.708641052246094,99912
2012-08-30,48.790000915527344,49.540000915527344,48.779998779296875,48.939998626708984,35.38330841064453,111092
2012-08-31,48.939998626708984,49.83000183105469,48.83000183105469,49.34000015258789,35.67249298095703,136805
2012-09-04,49.20000076293945,49.494998931884766,48.61000061035156,49.099998474121094,35.49898147583008,228336
2012-09-05,49.38999938964844,50.58000183105469,49.27000045776367,50.41999816894531,36.453330993652344,322959
2012-09-06,50.22999954223633,50.900001525878906,49.90999984741211,50.470001220703125,36.48948287963867,265992
2012-09-07,50.65999984741211,51.959999084472656,50.5,51.31999969482422,37.1040153503418,133380
2012-09-10,50.5,51.0,48.0,48.959999084472656,35.39775848388672,324914
2012-09-11,49.06999969482422,49.06999969482422,47.02000045776367,48.060001373291016,34.74707794189453,263797
2012-09-12,48.20000076293945,48.72999954223633,47.0,47.36000061035156,34.2409782409668,286686
2012-09-13,47.439998626708984,47.439998626708984,46.81999969482422,47.0,33.980682373046875,219310
2012-09-14,47.0,47.040000915527344,46.72999954223633,47.0,33.980682373046875,179181
2012-09-17,46.79999923706055,47.15999984741211,46.72999954223633,46.970001220703125,33.959007263183594,216796
2012-09-18,47.029998779296875,47.34000015258789,46.900001525878906,46.97999954223633,33.96623229980469,183528
2012-09-19,46.95000076293945,47.40999984741211,46.95000076293945,47.33000183105469,34.21928405761719,153470
2012-09-20,46.900001525878906,47.06999969482422,46.4900016784668,46.869998931884766,33.88671875,159608
2012-09-21,47.31999969482422,47.59000015258789,46.7400016784668,47.18000030517578,34.1108283996582,336810
2012-09-24,46.9900016784668,47.54999923706055,46.849998474121094,47.54999923706055,34.378334045410156,162635
2012-09-25,47.70000076293945,47.90999984741211,47.0,47.02000045776367,33.99516296386719,157095
2012-09-26,46.91999816894531,47.02000045776367,46.380001068115234,46.650001525878906,33.72765350341797,131371
2012-09-27,46.2400016784668,46.599998474121094,45.959999084472656,46.41999816894531,33.73490905761719,127602
2012-09-28,46.25,46.31999969482422,45.7599983215332,45.95000076293945,33.393348693847656,157588
2012-10-01,45.86000061035156,46.41999816894531,45.150001525878906,45.47999954223633,33.05178451538086,311209
2012-10-02,45.630001068115234,45.869998931884766,45.119998931884766,45.75,33.248016357421875,284843
2012-10-03,45.869998931884766,46.209999084472656,45.58000183105469,45.599998474121094,33.138999938964844,278416
2012-10-04,45.650001525878906,45.83000183105469,45.41999816894531,45.83000183105469,33.30614471435547,317480
2012-10-05,45.84000015258789,46.29999923706055,45.66999816894531,45.88999938964844,33.3497428894043,88077
2012-10-08,45.810001373291016,45.959999084472656,45.54999923706055,45.790000915527344,33.27708435058594,92148
2012-10-09,45.869998931884766,45.869998931884766,45.29999923706055,45.380001068115234,32.979103088378906,155120
2012-10-10,45.77000045776367,45.77000045776367,45.15999984741211,45.36000061035156,32.96456527709961,208917
2012-10-11,45.650001525878906,45.97999954223633,45.209999084472656,45.27000045776367,32.89918518066406,112339
2012-10-12,45.38999938964844,45.5260009765625,44.81999969482422,45.060001373291016,32.74657440185547,112550
2012-10-15,45.040000915527344,45.2599983215332,44.779998779296875,45.029998779296875,32.724761962890625,131998
2012-10-16,45.099998474121094,45.415000915527344,45.070098876953125,45.119998931884766,32.79015350341797,79322
2012-10-17,45.06999969482422,45.149898529052734,44.88999938964844,44.970001220703125,32.68115234375,173683
2012-10-18,44.880001068115234,44.939998626708984,44.130001068115234,44.27000045776367,32.17243957519531,255802
2012-10-19,43.959999084472656,44.13999938964844,43.84000015258789,44.0,31.976221084594727,277012
2012-10-22,43.849998474121094,44.11000061035156,43.470001220703125,44.04999923706055,32.01255416870117,341994
2012-10-23,43.560001373291016,43.66999816894531,42.56999969482422,42.91999816894531,31.191341400146484,174152
2012-10-24,42.970001220703125,43.040000915527344,42.459999084472656,42.880001068115234,31.16228675842285,144163
2012-10-25,42.9900016784668,43.22999954223633,42.81999969482422,43.09000015258789,31.314889907836914,154391
2012-10-26,43.15999984741211,43.290000915527344,42.84000015258789,43.20000076293945,31.39483642578125,154403
2012-10-31,43.29999923706055,43.51499938964844,43.20000076293945,43.380001068115234,31.52566146850586,147565
2012-11-01,43.29999923706055,44.54999923706055,42.72999954223633,44.43000030517578,32.28873062133789,219884
2012-11-02,44.619998931884766,44.849998474121094,43.7599983215332,43.79999923706055,31.830869674682617,159818
2012-11-05,43.650001525878906,43.650001525878906,42.869998931884766,43.25,31.43116569519043,115914
2012-11-06,43.290000915527344,44.529998779296875,43.20000076293945,44.290000915527344,32.186981201171875,79914
2012-11-07,43.93000030517578,43.93000030517578,43.0099983215332,43.04999923706055,31.28583335876465,102058
2012-11-08,43.09000015258789,43.209999084472656,42.779998779296875,42.790000915527344,31.09687614440918,117044
2012-11-09,42.47999954223633,43.08000183105469,42.02000045776367,42.34000015258789,30.769855499267578,228460
2012-11-12,42.5,43.09000015258789,42.34000015258789,42.70000076293945,31.03147315979004,134223
2012-11-13,42.45000076293945,42.65999984741211,42.25,42.47999954223633,30.871599197387695,330545
2012-11-14,42.470001220703125,42.74599838256836,41.58000183105469,41.61000061035156,30.23933982849121,121494
2012-11-15,41.52000045776367,41.91999816894531,41.150001525878906,41.33000183105469,30.035850524902344,199390
2012-11-16,41.209999084472656,41.59000015258789,40.619998931884766,40.81999969482422,29.66521644592285,131054
2012-11-19,41.189998626708984,41.65999984741211,41.0,41.27000045776367,29.99224090576172,211077
2012-11-20,41.27000045776367,41.630001068115234,40.79999923706055,41.529998779296875,30.181196212768555,75556
2012-11-21,41.5099983215332,41.630001068115234,40.970001220703125,41.43000030517578,30.108518600463867,108088
2012-11-23,41.41999816894531,41.814998626708984,41.349998474121094,41.720001220703125,30.319272994995117,63914
2012-11-26,41.70000076293945,42.2599983215332,41.5,42.060001373291016,30.56635284423828,188877
2012-11-27,41.900001525878906,42.45000076293945,41.54999923706055,42.099998474121094,30.595434188842773,99211
2012-11-28,41.90999984741211,42.04999923706055,41.52000045776367,41.63999938964844,30.261137008666992,77672
2012-11-29,41.90999984741211,42.2599983215332,41.75510025024414,42.22999954223633,30.689908981323242,59301
2012-11-30,42.31999969482422,42.709999084472656,41.86000061035156,42.70000076293945,31.03147315979004,175354
2012-12-03,42.75,43.189998626708984,41.75,42.04999923706055,30.5590877532959,144796
2012-12-04,41.91999816894531,42.18000030517578,41.540000915527344,42.06999969482422,30.573637008666992,106153
2012-12-05,42.27000045776367,42.31999969482422,41.7400016784668,42.16999816894531,30.646303176879883,178711
2012-12-06,42.209999084472656,43.099998474121094,41.779998779296875,42.849998474121094,31.140485763549805,104822
2012-12-07,43.0099983215332,43.0099983215332,42.189998626708984,42.720001220703125,31.046010971069336,72133
2012-12-10,42.400001525878906,42.400001525878906,40.27000045776367,40.5,29.598949432373047,294492
2012-12-11,40.560001373291016,40.720001220703125,36.900001525878906,37.06999969482422,27.092172622680664,753433
2012-12-12,37.31999969482422,37.72999954223633,37.150001525878906,37.400001525878906,27.33334732055664,286385
2012-12-13,37.5,37.61000061035156,36.77000045776367,36.91999816894531,26.982553482055664,300928
2012-12-14,36.849998474121094,37.1349983215332,36.45000076293945,36.529998779296875,26.697525024414062,203925
2012-12-17,36.06999969482422,37.150001525878906,36.06999969482422,36.95000076293945,27.00446891784668,400924
2012-12-18,36.0,37.34000015258789,35.619998931884766,37.189998626708984,27.179866790771484,491068
2012-12-19,37.5,37.5,37.22999954223633,37.29999923706055,27.260269165039062,359972
2012-12-20,37.31999969482422,37.94499969482422,37.0099983215332,37.560001373291016,27.45028305053711,425829
2012-12-21,37.29999923706055,38.77000045776367,37.2869987487793,38.77000045776367,28.334604263305664,1161869
2012-12-24,38.400001525878906,38.75,37.7599983215332,37.7599983215332,27.59645652770996,195453
2012-12-26,37.79999923706055,38.41999816894531,37.61000061035156,38.349998474121094,28.02764320373535,306370
2012-12-27,38.22999954223633,38.61000061035156,38.08000183105469,38.56999969482422,28.188434600830078,447473
2012-12-28,38.4900016784668,39.060001373291016,38.4900016784668,38.560001373291016,28.181114196777344,344888
2012-12-31,38.61000061035156,39.02000045776367,38.47999954223633,38.93000030517578,28.451534271240234,215881
2013-01-02,39.470001220703125,40.060001373291016,39.40999984741211,39.83000183105469,29.109281539916992,257255
2013-01-03,39.9900016784668,40.119998931884766,39.650001525878906,39.93000030517578,29.182361602783203,276753
2013-01-04,39.77000045776367,40.279998779296875,39.77000045776367,40.08000183105469,29.292007446289062,341962
2013-01-07,39.849998474121094,40.310001373291016,39.77000045776367,39.77000045776367,29.06543731689453,179759
2013-01-08,39.75,40.83000183105469,39.630001068115234,40.20000076293945,29.37969398498535,232601
2013-01-09,40.349998474121094,40.5,40.220001220703125,40.470001220703125,29.577024459838867,232270
2013-01-10,40.65999984741211,41.0,40.619998931884766,40.72999954223633,29.767032623291016,273489
2013-01-11,40.720001220703125,41.0,40.0,40.25,29.41623306274414,155098
2013-01-14,40.2599983215332,40.63999938964844,40.25,40.45000076293945,29.56241226196289,182019
2013-01-15,40.22999954223633,41.689998626708984,40.189998626708984,40.58000183105469,29.657419204711914,210278
2013-01-16,40.41999816894531,40.81990051269531,40.38010025024414,40.5,29.598949432373047,101009
2013-01-17,40.459999084472656,40.529998779296875,40.130001068115234,40.20000076293945,29.37969398498535,185332
2013-01-18,40.279998779296875,40.33000183105469,40.060001373291016,40.189998626708984,29.372386932373047,167500
2013-01-22,38.2599983215332,38.7599983215332,37.75,38.439998626708984,28.093416213989258,701749
2013-01-23,38.65999984741211,38.65999984741211,38.27000045776367,38.40999984741211,28.071496963500977,269060
2013-01-24,38.5,38.810001373291016,38.5,38.68000030517578,28.268814086914062,310827
2013-01-25,38.83000183105469,38.83000183105469,37.9900016784668,38.29999923706055,27.991100311279297,305191
2013-01-28,38.400001525878906,38.400001525878906,38.18000030517578,38.290000915527344,27.98379898071289,632481
2013-01-29,38.470001220703125,38.470001220703125,37.95000076293945,38.220001220703125,27.932641983032227,533253
2013-01-30,38.20000076293945,38.290000915527344,38.060001373291016,38.220001220703125,27.932641983032227,396993
2013-01-31,38.34000015258789,38.77000045776367,37.9900016784668,38.29999923706055,27.991100311279297,411607
2013-02-01,38.31999969482422,38.81999969482422,38.119998931884766,38.79999923706055,28.35652732849121,367815
2013-02-04,38.720001220703125,38.720001220703125,38.22999954223633,38.380001068115234,28.049570083618164,395228
2013-02-05,38.43000030517578,38.59000015258789,38.09000015258789,38.130001068115234,27.86686897277832,445956
2013-02-06,38.0,38.459999084472656,37.81999969482422,38.459999084472656,28.108036041259766,406489
2013-02-07,38.540000915527344,38.64799880981445,38.290000915527344,38.369998931884766,28.04227066040039,290248
2013-02-08,38.5,39.18000030517578,38.25,38.79999923706055,28.35652732849121,373569
2013-02-11,38.810001373291016,38.95989990234375,38.5099983215332,38.86000061035156,28.400367736816406,135140
2013-02-12,38.709999084472656,38.959999084472656,38.689998626708984,38.869998931884766,28.40768051147461,147414
2013-02-13,38.869998931884766,38.869998931884766,38.5,38.83000183105469,28.378446578979492,149541
2013-02-14,38.689998626708984,39.56999969482422,38.59000015258789,39.5099983215332,28.87541961669922,228847
2013-02-15,39.459999084472656,39.883399963378906,39.459999084472656,39.68000030517578,28.999662399291992,154063
2013-02-19,39.5099983215332,39.97990036010742,39.5099983215332,39.650001525878906,28.97773551940918,535045
2013-02-20,39.75,39.93000030517578,39.220001220703125,39.27000045776367,28.700027465820312,192107
2013-02-21,39.08000183105469,39.08000183105469,37.849998474121094,37.939998626708984,27.72800636291504,390819
2013-02-22,37.939998626708984,38.38999938964844,37.939998626708984,38.04999923706055,27.808382034301758,159144
2013-02-25,38.04999923706055,38.220001220703125,37.599998474121094,37.619998931884766,27.494125366210938,220755
2013-02-26,37.79999923706055,37.79999923706055,37.5099983215332,37.56999969482422,27.457592010498047,220348
2013-02-27,37.630001068115234,37.63999938964844,37.06999969482422,37.150001525878906,27.15064239501953,354036
2013-02-28,37.18000030517578,37.189998626708984,36.56999969482422,36.58000183105469,26.734058380126953,517009
2013-03-01,36.4900016784668,36.599998474121094,36.06999969482422,36.2400016784668,26.485586166381836,559151
2013-03-04,36.13999938964844,36.34000015258789,35.959999084472656,36.09000015258789,26.375938415527344,425717
2013-03-05,36.33000183105469,36.79990005493164,36.13999938964844,36.470001220703125,26.653671264648438,180983
2013-03-06,36.68000030517578,36.95000076293945,36.470001220703125,36.56999969482422,26.726749420166016,300270
2013-03-07,36.79999923706055,39.63399887084961,36.650001525878906,39.2400016784668,28.67808723449707,808859
2013-03-08,39.599998474121094,39.599998474121094,38.34000015258789,38.47999954223633,28.12265396118164,389906
2013-03-11,38.45000076293945,38.70000076293945,38.290000915527344,38.380001068115234,28.049570083618164,455544
2013-03-12,38.619998931884766,39.757999420166016,38.43000030517578,39.4900016784668,28.860807418823242,477007
2013-03-13,39.52000045776367,40.29999923706055,39.52000045776367,39.970001220703125,29.211599349975586,271793
2013-03-14,39.959999084472656,40.2599983215332,39.90999984741211,39.9900016784668,29.226226806640625,299158
2013-03-15,39.93000030517578,40.189998626708984,39.529998779296875,39.540000915527344,28.8973388671875,594056
2013-03-18,39.45000076293945,39.58000183105469,39.02199935913086,39.31999969482422,28.73655891418457,203443
2013-03-19,39.33000183105469,39.529998779296875,38.970001220703125,38.9900016784668,28.495389938354492,182585
2013-03-20,39.06999969482422,39.27000045776367,38.790000915527344,38.88999938964844,28.422300338745117,237372
2013-03-21,38.709999084472656,39.05500030517578,38.599998474121094,38.84000015258789,28.385757446289062,328267
2013-03-22,38.7599983215332,38.97999954223633,38.400001525878906,38.630001068115234,28.40781593322754,241902
2013-03-25,38.779998779296875,38.900001525878906,38.599998474121094,38.7599983215332,28.5034122467041,248769
2013-03-26,38.9900016784668,39.029998779296875,38.630001068115234,38.709999084472656,28.466644287109375,145929
2013-03-27,38.43000030517578,38.57500076293945,38.22999954223633,38.40999984741211,28.24603271484375,304432
2013-03-28,38.58000183105469,39.012001037597656,38.25,38.959999084472656,28.650493621826172,653118
2013-04-01,38.79999923706055,39.0099983215332,38.0099983215332,38.18000030517578,28.076902389526367,419375
2013-04-02,38.20000076293945,38.380001068115234,37.54999923706055,37.88999938964844,27.863637924194336,380664
2013-04-03,37.95000076293945,37.95000076293945,37.27000045776367,37.29999923706055,27.42976951599121,337132
2013-04-04,37.2599983215332,37.470001220703125,36.790000915527344,36.849998474121094,27.098833084106445,230828
2013-04-05,36.54999923706055,37.41999816894531,36.13999938964844,37.36000061035156,27.473878860473633,662912
2013-04-08,37.470001220703125,37.68000030517578,37.25,37.68000030517578,27.709211349487305,316176
2013-04-09,37.650001525878906,37.91999816894531,37.5099983215332,37.709999084472656,27.731258392333984,356650
2013-04-10,37.88999938964844,38.40999984741211,37.7400016784668,38.310001373291016,28.1724910736084,225423
2013-04-11,38.349998474121094,38.68000030517578,38.23099899291992,38.630001068115234,28.40781593322754,248154
2013-04-12,38.58000183105469,38.724998474121094,38.349998474121094,38.720001220703125,28.4739990234375,279988
2013-04-15,38.63999938964844,38.63999938964844,37.06999969482422,37.099998474121094,27.282691955566406,291186
2013-04-16,37.40999984741211,37.88999938964844,37.16999816894531,37.86000061035156,27.841571807861328,239653
2013-04-17,37.790000915527344,37.790000915527344,36.70000076293945,36.900001525878906,27.135610580444336,274136
2013-04-18,36.810001373291016,36.88999938964844,36.459999084472656,36.54999923706055,26.878223419189453,281173
2013-04-19,36.72999954223633,37.29999923706055,36.560001373291016,37.25,27.392993927001953,195107
2013-04-22,37.33000183105469,37.33000183105469,36.779998779296875,37.130001068115234,27.304744720458984,103679
2013-04-23,37.290000915527344,37.40599822998047,37.060001373291016,37.27000045776367,27.407695770263672,81431
2013-04-24,37.27000045776367,37.5099983215332,37.20000076293945,37.34000015258789,27.45917510986328,185752
2013-04-25,37.380001068115234,37.970001220703125,37.369998931884766,37.91999816894531,27.885692596435547,105388
2013-04-26,37.79999923706055,38.0099983215332,37.439998626708984,37.75,27.76067352294922,93048
2013-04-29,37.779998779296875,38.369998931884766,37.65599822998047,38.2400016784668,28.121013641357422,117219
2013-04-30,38.13999938964844,38.310001373291016,37.849998474121094,38.16999816894531,28.069536209106445,208293
2013-05-01,37.959999084472656,38.400001525878906,37.720001220703125,38.150001525878906,28.054824829101562,229936
2013-05-02,38.11000061035156,38.43000030517578,37.82099914550781,38.209999084472656,28.098955154418945,200301
2013-05-03,38.36000061035156,38.90999984741211,38.290000915527344,38.61000061035156,28.393108367919922,187315
2013-05-06,38.54999923706055,38.5791015625,38.209999084472656,38.38999938964844,28.231325149536133,112956
2013-05-07,38.349998474121094,38.599998474121094,38.189998626708984,38.310001373291016,28.1724910736084,160905
2013-05-08,38.2599983215332,38.388999938964844,38.119998931884766,38.29999923706055,28.165142059326172,179985
2013-05-09,38.29999923706055,38.40999984741211,38.18989944458008,38.400001525878906,28.238693237304688,105194
2013-05-10,38.45000076293945,39.099998474121094,38.45000076293945,38.97999954223633,28.66520118713379,148375
2013-05-13,38.869998931884766,39.16999816894531,38.65999984741211,38.77000045776367,28.510765075683594,234907
2013-05-14,38.709999084472656,38.83000183105469,38.59000015258789,38.7400016784668,28.488706588745117,283917
2013-05-15,38.790000915527344,39.189998626708984,38.529998779296875,38.95000076293945,28.643146514892578,344254
2013-05-16,38.880001068115234,39.220001220703125,38.72999954223633,38.91999816894531,28.62108039855957,218443
2013-05-17,39.130001068115234,39.47999954223633,38.810001373291016,39.040000915527344,28.709327697753906,174058
2013-05-20,39.060001373291016,39.68000030517578,38.95100021362305,39.65999984741211,29.165267944335938,163644
2013-05-21,39.4900016784668,39.834999084472656,39.0099983215332,39.5099983215332,29.05495262145996,314079
2013-05-22,39.33000183105469,39.459999084472656,38.7400016784668,39.0,28.679912567138672,424981
2013-05-23,38.849998474121094,39.369998931884766,38.439998626708984,39.33000183105469,28.922582626342773,156139
2013-05-24,39.310001373291016,39.599998474121094,38.689998626708984,39.560001373291016,29.091716766357422,392836
2013-05-28,39.599998474121094,40.33000183105469,39.400001525878906,39.5,29.0476016998291,225605
2013-05-29,39.27000045776367,39.61000061035156,38.7400016784668,39.5099983215332,29.05495262145996,118492
2013-05-30,39.47999954223633,39.84000015258789,39.38999938964844,39.84000015258789,29.29762077331543,119033
2013-05-31,39.650001525878906,40.0,39.529998779296875,39.70000076293945,29.194679260253906,136615
2013-06-03,39.650001525878906,39.86000061035156,38.93000030517578,39.150001525878906,28.79021644592285,276687
2013-06-04,39.16999816894531,39.779998779296875,39.119998931884766,39.5,29.0476016998291,182940
2013-06-05,39.29999923706055,39.54520034790039,38.650001525878906,39.27000045776367,28.87846565246582,164258
2013-06-06,39.33000183105469,39.689998626708984,39.08000183105469,39.63999938964844,29.150541305541992,249417
2013-06-07,39.70000076293945,40.2400016784668,39.540000915527344,40.189998626708984,29.55501365661621,278913
2013-06-10,40.20000076293945,40.84000015258789,40.040000915527344,40.7400016784668,29.95946502685547,208565
2013-06-11,40.27000045776367,40.810001373291016,40.04999923706055,40.349998474121094,29.67266845703125,185069
2013-06-12,40.650001525878906,42.0099983215332,39.880001068115234,40.220001220703125,29.57707977294922,290379
2013-06-13,40.369998931884766,41.189998626708984,40.25,41.13999938964844,30.253629684448242,126781
2013-06-14,41.2400016784668,41.70000076293945,40.90999984741211,41.38999938964844,30.437477111816406,257661
2013-06-17,41.5,41.77000045776367,40.58000183105469,41.45000076293945,30.48158836364746,439592
2013-06-18,40.970001220703125,40.970001220703125,37.41999816894531,39.61000061035156,29.128488540649414,997855
2013-06-19,39.61000061035156,41.04999923706055,39.61000061035156,39.95000076293945,29.378536224365234,437887
2013-06-20,39.47999954223633,40.0,39.209999084472656,39.470001220703125,29.02553939819336,482187
2013-06-21,39.58000183105469,39.959999084472656,38.959999084472656,38.9900016784668,28.672563552856445,826066
2013-06-24,38.97999954223633,39.63999938964844,38.810001373291016,39.45000076293945,29.010833740234375,382305
2013-06-25,39.52000045776367,39.928001403808594,39.310001373291016,39.529998779296875,29.069652557373047,315816
2013-06-26,39.81999969482422,39.880001068115234,39.38999938964844,39.7599983215332,29.23880958557129,160273
2013-06-27,39.720001220703125,40.2400016784668,39.720001220703125,40.02000045776367,29.616212844848633,166515
2013-06-28,39.959999084472656,40.709999084472656,39.849998474121094,40.09000015258789,29.66802978515625,524585
2013-07-01,40.20000076293945,41.18000030517578,40.0,40.709999084472656,30.126848220825195,321199
2013-07-02,40.619998931884766,41.119998931884766,40.47999954223633,40.91999816894531,30.282249450683594,181919
2013-07-03,41.13999938964844,41.22999954223633,40.70000076293945,41.209999084472656,30.496870040893555,295562
2013-07-05,41.599998474121094,42.06999969482422,41.20000076293945,42.06999969482422,31.133283615112305,207221
2013-07-08,42.0,42.779998779296875,41.72999954223633,42.470001220703125,31.429304122924805,279166
2013-07-09,42.58000183105469,42.83000183105469,42.2400016784668,42.619998931884766,31.540311813354492,165177
2013-07-10,42.720001220703125,43.040000915527344,42.5099983215332,42.97999954223633,31.806724548339844,175958
2013-07-11,43.38999938964844,43.88999938964844,43.150001525878906,43.779998779296875,32.39875030517578,189142
2013-07-12,43.75,44.099998474121094,43.599998474121094,43.880001068115234,32.472755432128906,185660
2013-07-15,43.59000015258789,44.0099983215332,43.59000015258789,43.900001525878906,32.48755645751953,131652
2013-07-16,43.84000015258789,44.0,43.65999984741211,43.720001220703125,32.3543586730957,135417
2013-07-17,43.7400016784668,44.27000045776367,43.099998474121094,43.900001525878906,32.48755645751953,189469
2013-07-18,43.880001068115234,44.56999969482422,43.59000015258789,44.060001373291016,32.60595703125,168383
2013-07-19,44.06999969482422,44.15999984741211,43.45000076293945,43.54999923706055,32.22854232788086,145098
2013-07-22,43.560001373291016,44.099998474121094,43.440101623535156,43.529998779296875,32.21373748779297,186747
2013-07-23,43.66999816894531,44.18000030517578,43.36000061035156,44.15999984741211,32.679962158203125,205208
2013-07-24,44.31999969482422,44.31999969482422,43.619998931884766,43.970001220703125,32.53935241699219,114389
2013-07-25,43.7599983215332,44.65999984741211,43.7599983215332,44.529998779296875,32.953773498535156,166329
2013-07-26,44.2599983215332,44.6349983215332,44.21369934082031,44.41999816894531,32.872371673583984,275362
2013-07-29,44.27000045776367,44.540000915527344,44.27000045776367,44.4900016784668,32.92417526245117,98059
2013-07-30,44.72999954223633,45.209999084472656,43.84000015258789,45.119998931884766,33.3903923034668,210480
2013-07-31,45.27000045776367,45.790000915527344,45.0,45.130001068115234,33.39779281616211,213206
2013-08-01,45.459999084472656,46.65999984741211,45.130001068115234,46.47999954223633,34.396846771240234,326197
2013-08-02,46.27000045776367,46.290000915527344,45.16999816894531,45.529998779296875,33.69381332397461,173647
2013-08-05,45.58000183105469,45.97999954223633,45.290000915527344,45.7400016784668,33.849220275878906,142195
2013-08-06,45.099998474121094,45.970001220703125,45.099998474121094,45.63999938964844,33.775211334228516,165184
2013-08-07,45.68000030517578,45.900001525878906,45.09000015258789,45.650001525878906,33.78261947631836,190467
2013-08-08,45.869998931884766,45.989601135253906,45.290000915527344,45.66999816894531,33.79741287231445,131760
2013-08-09,45.52000045776367,46.369998931884766,45.16999816894531,45.869998931884766,33.9454231262207,122097
2013-08-12,45.779998779296875,46.279998779296875,45.459999084472656,46.13999938964844,34.14523696899414,87540
2013-08-13,46.09000015258789,46.5099983215332,45.33000183105469,45.970001220703125,34.01942825317383,118406
2013-08-14,45.79999923706055,46.064998626708984,45.31010055541992,45.91999816894531,33.9824333190918,93337
2013-08-15,45.470001220703125,45.72999954223633,43.75,43.880001068115234,32.472755432128906,201352
2013-08-16,43.900001525878906,44.68000030517578,43.801998138427734,44.150001525878906,32.672569274902344,124423
2013-08-19,44.0,44.5099983215332,43.65999984741211,43.7599983215332,32.38395690917969,118601
2013-08-20,43.81999969482422,44.65999984741211,43.810001373291016,44.369998931884766,32.83537673950195,121924
2013-08-21,44.16999816894531,44.53099822998047,43.529998779296875,43.63999938964844,32.29514694213867,124331
2013-08-22,43.72999954223633,44.9900016784668,43.72999954223633,44.68000030517578,33.064796447753906,118322
2013-08-23,44.619998931884766,44.7599983215332,44.02000045776367,44.59000015258789,32.9981803894043,138032
2013-08-26,44.689998626708984,45.220001220703125,44.400001525878906,44.709999084472656,33.08698272705078,166736
2013-08-27,44.349998474121094,44.79999923706055,44.099998474121094,44.34000015258789,32.813175201416016,174835
2013-08-28,44.400001525878906,44.68000030517578,44.04999923706055,44.43000030517578,32.879783630371094,167302
2013-08-29,44.439998626708984,44.5099983215332,44.0099983215332,44.290000915527344,32.77617263793945,172041
2013-08-30,44.209999084472656,44.349998474121094,43.650001525878906,43.79999923706055,32.41354751586914,179004
2013-09-03,43.93000030517578,44.540000915527344,43.45000076293945,43.720001220703125,32.3543586730957,609268
2013-09-04,43.86000061035156,44.209999084472656,43.709999084472656,44.099998474121094,32.635555267333984,235800
2013-09-05,44.25,44.31800079345703,43.630001068115234,43.7400016784668,32.36916732788086,224552
2013-09-06,43.790000915527344,43.9900016784668,43.279998779296875,43.70000076293945,32.33955001831055,196601
2013-09-09,44.54999923706055,45.70000076293945,44.400001525878906,45.209999084472656,33.457000732421875,305099
2013-09-10,45.279998779296875,45.56999969482422,45.20000076293945,45.5,33.67161178588867,226475
2013-09-11,45.400001525878906,45.599998474121094,45.06999969482422,45.25,33.48660659790039,194102
2013-09-12,45.2599983215332,45.83000183105469,45.2599983215332,45.81999969482422,33.90842819213867,233756
2013-09-13,45.939998626708984,45.939998626708984,45.59000015258789,45.81999969482422,33.90842819213867,138422
2013-09-16,45.93000030517578,46.29999923706055,45.63999938964844,45.959999084472656,34.01205062866211,165114
2013-09-17,45.959999084472656,46.40999984741211,45.720001220703125,46.060001373291016,34.086029052734375,213141
2013-09-18,46.130001068115234,47.119998931884766,45.84000015258789,46.90999984741211,34.715057373046875,180720
2013-09-19,46.88999938964844,47.150001525878906,46.43000030517578,46.72999954223633,34.58185577392578,117289
2013-09-20,47.099998474121094,47.599998474121094,46.31999969482422,46.36000061035156,34.30803680419922,345272
2013-09-23,46.36000061035156,46.84000015258789,46.08000183105469,46.79999923706055,34.633663177490234,143089
2013-09-24,46.79999923706055,47.459999084472656,46.68000030517578,47.189998626708984,34.922264099121094,222871
2013-09-25,47.119998931884766,47.900001525878906,46.900001525878906,47.459999084472656,35.12207794189453,155822
2013-09-26,47.400001525878906,47.560001373291016,46.939998626708984,47.45000076293945,35.114681243896484,91676
2013-09-27,46.959999084472656,47.52000045776367,45.869998931884766,47.45000076293945,35.3006706237793,115792
2013-09-30,47.2400016784668,47.86000061035156,46.880001068115234,47.689998626708984,35.47922897338867,283767
2013-10-01,47.790000915527344,48.68000030517578,47.380001068115234,48.5099983215332,36.08926010131836,469938
2013-10-02,48.349998474121094,48.939998626708984,47.959999084472656,48.790000915527344,36.297576904296875,296324
2013-10-03,48.83000183105469,48.93000030517578,48.400001525878906,48.650001525878906,36.19340133666992,480008
2013-10-04,48.560001373291016,48.84000015258789,48.36000061035156,48.70000076293945,36.23060989379883,177225
2013-10-07,48.310001373291016,48.83000183105469,47.720001220703125,48.380001068115234,35.9925537109375,301320
2013-10-08,48.31999969482422,48.650001525878906,48.18000030517578,48.25,35.895835876464844,193937
2013-10-09,48.38999938964844,48.470001220703125,47.93870162963867,48.34000015258789,35.96278762817383,176226
2013-10-10,48.720001220703125,49.529998779296875,48.720001220703125,49.5099983215332,36.833213806152344,130532
2013-10-11,49.150001525878906,49.54999923706055,49.0,49.36000061035156,36.721614837646484,261878
2013-10-14,48.869998931884766,49.709999084472656,48.869998931884766,49.459999084472656,36.796016693115234,192674
2013-10-15,49.5099983215332,49.529998779296875,48.779998779296875,48.81999969482422,36.31987762451172,129757
2013-10-16,49.0,49.13999938964844,48.689998626708984,48.86000061035156,36.349647521972656,165371
2013-10-17,48.84000015258789,49.470001220703125,48.779998779296875,49.459999084472656,36.796016693115234,187761
2013-10-18,49.459999084472656,49.58000183105469,48.86000061035156,49.41999816894531,36.766258239746094,192315
2013-10-21,49.31999969482422,49.66999816894531,49.06999969482422,49.4900016784668,36.81834030151367,155485
2013-10-22,49.70000076293945,49.7599983215332,49.36000061035156,49.66999816894531,36.95224380493164,106337
2013-10-23,49.41999816894531,49.79999923706055,49.209999084472656,49.63999938964844,36.92992401123047,100975
2013-10-24,49.560001373291016,49.79999923706055,49.2599983215332,49.59000015258789,36.89272689819336,101082
2013-10-25,49.47999954223633,50.4900016784668,48.81999969482422,50.099998474121094,37.27214431762695,117921
2013-10-28,49.97999954223633,50.560001373291016,49.67100143432617,50.47999954223633,37.55485534667969,212136
2013-10-29,50.2599983215332,51.040000915527344,50.099998474121094,50.95000076293945,37.904518127441406,136592
2013-10-30,50.86000061035156,50.95000076293945,50.369998931884766,50.40999984741211,37.50278091430664,89277
2013-10-31,50.5099983215332,50.790000915527344,50.2599983215332,50.290000915527344,37.41350173950195,87785
2013-11-01,50.2599983215332,50.880001068115234,49.29100036621094,49.959999084472656,37.167999267578125,165717
2013-11-04,50.0,50.0,49.279998779296875,49.34000015258789,36.706756591796875,275096
2013-11-05,49.099998474121094,49.63999938964844,49.0,49.15999984741211,36.57283401489258,271446
2013-11-06,49.439998626708984,49.46500015258789,48.959999084472656,49.150001525878906,36.565391540527344,82276
2013-11-07,49.08000183105469,49.5,47.70000076293945,48.810001373291016,36.31245422363281,255324
2013-11-08,48.75,49.349998474121094,48.75,49.22999954223633,36.62491226196289,155507
2013-11-11,48.939998626708984,49.380001068115234,48.939998626708984,49.189998626708984,36.595157623291016,181290
2013-11-12,49.0,49.290000915527344,48.880001068115234,49.16999816894531,36.58027648925781,165714
2013-11-13,48.880001068115234,49.599998474121094,48.880001068115234,49.45000076293945,36.788578033447266,157888
2013-11-14,49.29999923706055,49.70000076293945,49.29999923706055,49.56999969482422,36.87786102294922,96137
2013-11-15,49.45000076293945,50.16999816894531,49.190101623535156,50.16999816894531,37.324222564697266,101822
2013-11-18,50.06999969482422,50.25,49.939998626708984,50.08000183105469,37.25727462768555,93893
2013-11-19,49.83000183105469,50.20000076293945,49.5,49.83000183105469,37.07128143310547,81557
2013-11-20,49.83000183105469,49.83000183105469,49.22999954223633,49.470001220703125,36.803436279296875,69268
2013-11-21,49.59000015258789,50.5098991394043,49.47999954223633,50.43000030517578,37.51765441894531,45438
2013-11-22,50.709999084472656,51.0,50.349998474121094,50.93000030517578,37.88962173461914,51728
2013-11-25,50.75,51.0,50.70000076293945,50.91999816894531,37.882198333740234,55041
2013-11-26,50.77000045776367,51.0,50.5,50.72999954223633,37.7408332824707,94501
2013-11-27,50.68000030517578,50.75,50.349998474121094,50.5,37.569732666015625,69092
2013-11-29,50.4900016784668,51.15999984741211,50.380001068115234,50.959999084472656,37.91196060180664,48589
2013-12-02,50.869998931884766,51.4900016784668,50.38999938964844,50.86000061035156,37.837554931640625,151593
2013-12-03,50.88999938964844,51.65999984741211,50.060001373291016,50.209999084472656,37.35398483276367,75287
2013-12-04,49.900001525878906,50.43000030517578,48.900001525878906,49.310001373291016,36.68442916870117,180664
2013-12-05,49.290000915527344,50.2599983215332,49.099998474121094,50.2599983215332,37.39118957519531,140547
2013-12-06,50.400001525878906,50.959999084472656,50.029998779296875,50.45000076293945,37.532535552978516,97267
2013-12-09,50.619998931884766,50.959999084472656,50.2400016784668,50.5099983215332,37.577171325683594,85198
2013-12-10,50.7599983215332,51.70000076293945,50.63999938964844,51.20000076293945,38.09050750732422,102109
2013-12-11,51.130001068115234,52.650001525878906,51.125999450683594,52.18000030517578,38.81957244873047,256689
2013-12-12,52.0099983215332,52.65999984741211,51.869998931884766,52.65999984741211,39.176673889160156,295749
2013-12-13,52.099998474121094,52.9900016784668,51.599998474121094,51.880001068115234,38.59639358520508,375052
2013-12-16,51.849998474121094,52.650001525878906,51.70000076293945,52.400001525878906,38.983245849609375,198201
2013-12-17,52.22999954223633,52.9900016784668,52.0,52.56999969482422,39.10972595214844,173940
2013-12-18,52.470001220703125,52.97999954223633,52.310001373291016,52.70000076293945,39.20642852783203,126128
2013-12-19,52.65999984741211,52.9900016784668,52.560001373291016,52.75,39.243629455566406,133134
2013-12-20,52.810001373291016,53.65999984741211,52.52000045776367,53.65999984741211,39.92062759399414,270970
2013-12-23,53.599998474121094,54.54999923706055,53.599998474121094,54.54999923706055,40.582759857177734,152641
2013-12-24,54.630001068115234,55.11000061035156,54.0099983215332,55.099998474121094,40.991920471191406,60584
2013-12-26,55.040000915527344,55.290000915527344,54.52000045776367,55.13999938964844,41.208648681640625,105292
2013-12-27,55.06999969482422,56.15999984741211,54.790000915527344,54.83000183105469,40.97697448730469,118753
2013-12-30,54.70000076293945,55.20000076293945,54.70000076293945,55.20000076293945,41.25349044799805,162577
2013-12-31,55.150001525878906,55.349998474121094,54.380001068115234,55.20000076293945,41.25349044799805,109329
2014-01-02,54.849998474121094,55.04999923706055,53.45000076293945,53.7599983215332,40.177303314208984,222134
2014-01-03,53.709999084472656,53.900001525878906,53.34000015258789,53.560001373291016,40.02785873413086,174329
2014-01-06,53.540000915527344,53.959999084472656,52.88999938964844,52.97999954223633,39.594398498535156,213450
2014-01-07,53.11000061035156,53.900001525878906,53.060001373291016,53.72999954223633,40.15489959716797,224698
2014-01-08,53.56999969482422,53.90999984741211,53.30500030517578,53.619998931884766,40.07269287109375,156694
2014-01-09,53.52000045776367,53.65999984741211,53.119998931884766,53.36000061035156,39.87839126586914,164062
2014-01-10,53.400001525878906,53.63999938964844,52.84000015258789,53.5,39.983001708984375,279742
2014-01-13,53.38999938964844,56.43000030517578,53.38999938964844,54.7599983215332,40.92466354370117,559034
2014-01-14,54.97999954223633,56.03499984741211,54.79999923706055,55.779998779296875,41.686973571777344,409189
2014-01-15,55.77000045776367,56.439998626708984,54.970001220703125,56.279998779296875,42.06062698364258,420363
2014-01-16,56.02000045776367,56.75,55.81999969482422,56.75,42.41188430786133,278181
2014-01-17,56.81999969482422,56.880001068115234,55.86000061035156,55.86000061035156,41.74674987792969,1421265
2014-01-21,55.90999984741211,56.18000030517578,53.66999816894531,53.93000030517578,40.30436325073242,295849
2014-01-22,54.18000030517578,54.43000030517578,53.6245002746582,54.25,40.54352569580078,162567
2014-01-23,53.81999969482422,53.90999984741211,52.7599983215332,53.06999969482422,39.66165542602539,284884
2014-01-24,52.75,53.119998931884766,52.16999816894531,52.45000076293945,39.198307037353516,279147
2014-01-27,52.4900016784668,53.16999816894531,52.349998474121094,52.83000183105469,39.4822998046875,191306
2014-01-28,52.97999954223633,53.88999938964844,52.29999923706055,53.81999969482422,40.22215270996094,199958
2014-01-29,53.439998626708984,53.66999816894531,52.82500076293945,53.29999923706055,39.83354568481445,183637
2014-01-30,53.54999923706055,54.5,53.439998626708984,54.459999084472656,40.700462341308594,183091
2014-01-31,54.38999938964844,54.38999938964844,53.20000076293945,54.13999938964844,40.4613037109375,243224
2014-02-03,53.90999984741211,54.38999938964844,51.189998626708984,51.630001068115234,38.58546447753906,505945
2014-02-04,51.77000045776367,52.81999969482422,51.689998626708984,52.70000076293945,39.38513946533203,265618
2014-02-05,52.689998626708984,53.25,52.060001373291016,53.099998474121094,39.684078216552734,125335
2014-02-06,53.310001373291016,54.310001373291016,52.90999984741211,54.22999954223633,40.5285758972168,201516
2014-02-07,54.33000183105469,54.91999816894531,54.31999969482422,54.869998931884766,41.00688171386719,114168
2014-02-10,54.7400016784668,54.970001220703125,54.435001373291016,54.83000183105469,40.97697448730469,100222
2014-02-11,54.97999954223633,56.220001220703125,54.18519973754883,55.689998626708984,41.61969757080078,183614
2014-02-12,55.689998626708984,56.310001373291016,54.900001525878906,55.630001068115234,41.574851989746094,230022
2014-02-13,55.20000076293945,55.869998931884766,54.880001068115234,55.84000015258789,41.73179244995117,121159
2014-02-14,55.599998474121094,56.13999938964844,55.599998474121094,55.88999938964844,41.769161224365234,93742
2014-02-18,55.7599983215332,56.34000015258789,55.349998474121094,56.099998474121094,41.926116943359375,108204
2014-02-19,55.90999984741211,56.650001525878906,55.676998138427734,55.970001220703125,41.82896041870117,124795
2014-02-20,55.95000076293945,57.25,55.939998626708984,56.439998626708984,42.180206298828125,280293
2014-02-21,56.61000061035156,57.22999954223633,56.47999954223633,56.70000076293945,42.37451934814453,126464
2014-02-24,56.63999938964844,57.52899932861328,56.63999938964844,56.84000015258789,42.47915267944336,99653
2014-02-25,56.97999954223633,57.29999923706055,56.7599983215332,57.130001068115234,42.69586181640625,271923
2014-02-26,57.380001068115234,57.66999816894531,57.099998474121094,57.2400016784668,42.77808380126953,129034
2014-02-27,57.09000015258789,57.59000015258789,56.672000885009766,56.95000076293945,42.561344146728516,180296
2014-02-28,57.08000183105469,58.18000030517578,57.08000183105469,58.029998779296875,43.36848831176758,200234
2014-03-03,57.939998626708984,57.939998626708984,56.7400016784668,57.08000183105469,42.658512115478516,165730
2014-03-04,57.5,57.869998931884766,56.939998626708984,57.150001525878906,42.71082305908203,306930
2014-03-05,57.150001525878906,57.33000183105469,56.970001220703125,57.130001068115234,42.69586181640625,393187
2014-03-06,57.099998474121094,57.599998474121094,57.060001373291016,57.29999923706055,42.82292175292969,271238
2014-03-07,57.27000045776367,57.650001525878906,57.14500045776367,57.41999816894531,42.912593841552734,118569
2014-03-10,57.25,57.720001220703125,57.09349822998047,57.47999954223633,42.95744705200195,193912
2014-03-11,58.0,58.279998779296875,57.25,57.630001068115234,43.069549560546875,316799
2014-03-12,57.15999984741211,58.68000030517578,57.15999984741211,58.619998931884766,43.809417724609375,422879
2014-03-13,58.61000061035156,58.9900016784668,57.64099884033203,57.7599983215332,43.16670608520508,248063
2014-03-14,57.47999954223633,58.5,56.5,56.93000030517578,42.546409606933594,252211
2014-03-17,57.25,57.59000015258789,56.70009994506836,57.0,42.59871292114258,181193
2014-03-18,56.97999954223633,57.56999969482422,56.77000045776367,57.20000076293945,42.748191833496094,157293
2014-03-19,57.040000915527344,57.52000045776367,56.869998931884766,57.06999969482422,42.65104675292969,115390
2014-03-20,57.02000045776367,57.38999938964844,56.38999938964844,56.630001068115234,42.32221603393555,146862
2014-03-21,56.59000015258789,57.0099983215332,56.380001068115234,56.7400016784668,42.592445373535156,438354
2014-03-24,56.959999084472656,56.9900016784668,55.86000061035156,56.0099983215332,42.04445266723633,126702
2014-03-25,56.220001220703125,56.38999938964844,55.56999969482422,56.279998779296875,42.24713134765625,221734
2014-03-26,56.40999984741211,56.599998474121094,55.869998931884766,56.220001220703125,42.202091217041016,204209
2014-03-27,56.22999954223633,56.59000015258789,55.970001220703125,56.5,42.41227722167969,173753
2014-03-28,56.5099983215332,57.54999923706055,56.5099983215332,57.04999923706055,42.825157165527344,152714
2014-03-31,57.04999923706055,58.02000045776367,57.040000915527344,57.63999938964844,43.26803207397461,226760
2014-04-01,57.36000061035156,58.400001525878906,57.34000015258789,58.290000915527344,43.75596237182617,265644
2014-04-02,58.470001220703125,59.0,58.040000915527344,58.83000183105469,44.161319732666016,202615
2014-04-03,59.0,59.0,57.95000076293945,58.04999923706055,43.575809478759766,128090
2014-04-04,58.4900016784668,58.86000061035156,57.15999984741211,57.5099983215332,43.17044448852539,192701
2014-04-07,57.27000045776367,57.900001525878906,56.417701721191406,57.56999969482422,43.215484619140625,269620
2014-04-08,57.43000030517578,58.0,57.23500061035156,57.84000015258789,43.418174743652344,176504
2014-04-09,56.849998474121094,57.25,56.04999923706055,56.5099983215332,42.4197883605957,283071
2014-04-10,56.54999923706055,56.70000076293945,55.72999954223633,55.869998931884766,41.939369201660156,213573
2014-04-11,55.41999816894531,56.209999084472656,53.779998779296875,53.88999938964844,40.453067779541016,269844
2014-04-14,54.400001525878906,55.7400016784668,54.189998626708984,54.810001373291016,41.143672943115234,328639
2014-04-15,54.900001525878906,55.66999816894531,54.68000030517578,55.5099983215332,41.66913604736328,296279
2014-04-16,55.880001068115234,57.290000915527344,55.880001068115234,56.560001373291016,42.45732116699219,306207
2014-04-17,56.63999938964844,56.68000030517578,55.7599983215332,56.29999923706055,42.26214599609375,878395
2014-04-21,56.380001068115234,56.65999984741211,55.22999954223633,56.56999969482422,42.4648323059082,135390
2014-04-22,56.56999969482422,57.59000015258789,56.56999969482422,57.27000045776367,42.99028778076172,187806
2014-04-23,57.36000061035156,57.779998779296875,57.20000076293945,57.459999084472656,43.13291931152344,124419
2014-04-24,57.59000015258789,57.970001220703125,57.08000183105469,57.380001068115234,43.0728645324707,130169
2014-04-25,57.310001373291016,57.380001068115234,56.93000030517578,57.0099983215332,42.795127868652344,68701
2014-04-28,56.880001068115234,57.709999084472656,56.34429931640625,56.95000076293945,42.75007629394531,117571
2014-04-29,57.150001525878906,57.91999816894531,56.939998626708984,57.630001068115234,43.26052474975586,140312
2014-04-30,57.630001068115234,57.779998779296875,56.72800064086914,57.459999084472656,43.13291931152344,163053
2014-05-01,57.31999969482422,57.83000183105469,56.814998626708984,57.130001068115234,42.88518524169922,107261
2014-05-02,57.06999969482422,57.470001220703125,56.65999984741211,56.81999969482422,42.652496337890625,82216
2014-05-05,56.540000915527344,57.08000183105469,56.290000915527344,56.849998474121094,42.67500686645508,99177
2014-05-06,56.619998931884766,56.900001525878906,56.029998779296875,56.11000061035156,42.11952209472656,162013
2014-05-07,56.31999969482422,56.54999923706055,55.349998474121094,55.5099983215332,41.66913604736328,177947
2014-05-08,55.33000183105469,56.43000030517578,55.15999984741211,55.47999954223633,41.6466178894043,141291
2014-05-09,55.310001373291016,56.29999923706055,55.09000015258789,56.20000076293945,42.18708801269531,82085
2014-05-12,56.540000915527344,56.97999954223633,56.06999969482422,56.790000915527344,42.629974365234375,166585
2014-05-13,56.68000030517578,56.79999923706055,56.380001068115234,56.40999984741211,42.344722747802734,88853
2014-05-14,56.25,56.40999984741211,54.869998931884766,55.0099983215332,41.29378890991211,141647
2014-05-15,54.83000183105469,55.10499954223633,53.90999984741211,54.630001068115234,41.00855255126953,113770
2014-05-16,54.54999923706055,55.040000915527344,54.119998931884766,54.779998779296875,41.12113952636719,116269
2014-05-19,54.79999923706055,55.31999969482422,54.79999923706055,54.900001525878906,41.21123123168945,157616
2014-05-20,54.900001525878906,54.94499969482422,54.189998626708984,54.52000045776367,40.92597198486328,202175
2014-05-21,54.54999923706055,54.98500061035156,54.540000915527344,54.72999954223633,41.0836181640625,126051
2014-05-22,54.72999954223633,55.11000061035156,54.5099983215332,54.65999984741211,41.03107452392578,96120
2014-05-23,54.61000061035156,55.060001373291016,53.81999969482422,54.779998779296875,41.12113952636719,132604
2014-05-27,54.7400016784668,55.0099983215332,54.69200134277344,54.83000183105469,41.15867614746094,125523
2014-05-28,54.79999923706055,55.18000030517578,54.79999923706055,54.95000076293945,41.24876403808594,174789
2014-05-29,55.09000015258789,55.18989944458008,54.79999923706055,55.0,41.28628921508789,121093
2014-05-30,55.060001373291016,55.060001373291016,54.77000045776367,54.779998779296875,41.12113952636719,113126
2014-06-02,54.939998626708984,55.40999984741211,54.61000061035156,55.29999923706055,41.51149368286133,230699
2014-06-03,55.279998779296875,55.5,55.18000030517578,55.34000015258789,41.54153823852539,298543
2014-06-04,55.209999084472656,55.5,54.77000045776367,55.34000015258789,41.54153823852539,181084
2014-06-05,55.41999816894531,55.84989929199219,55.04999923706055,55.599998474121094,41.7366828918457,251669
2014-06-06,55.720001220703125,56.189998626708984,55.720001220703125,56.04999923706055,42.07448196411133,115994
2014-06-09,56.099998474121094,57.27000045776367,56.099998474121094,56.83000183105469,42.65999984741211,154714
2014-06-10,56.88999938964844,57.150001525878906,56.439998626708984,57.099998474121094,42.86267852783203,230275
2014-06-11,57.02000045776367,57.779998779296875,56.93000030517578,57.58000183105469,43.222999572753906,234575
2014-06-12,57.47999954223633,57.821998596191406,57.25,57.560001373291016,43.207969665527344,100459
2014-06-13,57.630001068115234,57.630001068115234,56.63999938964844,56.84000015258789,42.66750717163086,116966
2014-06-16,56.650001525878906,56.849998474121094,56.529998779296875,56.7599983215332,42.607452392578125,102517
2014-06-17,56.599998474121094,60.22999954223633,56.459999084472656,60.099998474121094,45.11465835571289,498199
2014-06-18,59.95000076293945,60.83000183105469,59.709999084472656,60.72999954223633,45.58757019042969,250282
2014-06-19,60.5,60.54499816894531,59.70000076293945,60.2400016784668,45.21975326538086,214118
2014-06-20,60.119998931884766,60.119998931884766,59.029998779296875,59.27000045776367,44.491607666015625,463108
2014-06-23,59.439998626708984,59.63800048828125,59.2400016784668,59.47999954223633,44.64925003051758,274730
2014-06-24,59.5,60.0099983215332,59.27000045776367,59.70000076293945,44.81439208984375,227729
2014-06-25,59.5099983215332,60.369998931884766,59.380001068115234,60.209999084472656,45.19721984863281,290167
2014-06-26,60.310001373291016,60.439998626708984,59.81999969482422,60.209999084472656,45.19721984863281,168438
2014-06-27,59.77000045776367,60.36000061035156,59.77000045776367,59.9900016784668,45.250038146972656,320547
2014-06-30,59.939998626708984,60.7400016784668,59.68000030517578,60.59000015258789,45.70260238647461,206337
2014-07-01,60.68000030517578,61.0,60.54999923706055,60.65999984741211,45.755401611328125,345260
2014-07-02,60.59000015258789,61.5,60.59000015258789,61.099998474121094,46.08729553222656,289037
2014-07-03,61.11000061035156,62.15999984741211,61.11000061035156,62.04999923706055,46.80387878417969,149606
2014-07-07,61.650001525878906,62.27000045776367,60.91999816894531,61.33000183105469,46.26077651977539,246604
2014-07-08,61.099998474121094,61.47999954223633,60.52000045776367,61.02000045776367,46.02694320678711,245554
2014-07-09,60.97999954223633,61.790000915527344,60.93000030517578,61.63999938964844,46.4946174621582,229527
2014-07-10,60.84000015258789,61.40999984741211,60.84000015258789,61.13999938964844,46.11747741699219,378191
2014-07-11,61.2599983215332,61.529998779296875,60.70000076293945,60.81999969482422,45.87609100341797,149155
2014-07-14,61.0099983215332,61.95000076293945,61.0,61.91999816894531,46.7058219909668,168315
2014-07-15,62.0,62.25,61.68000030517578,61.88999938964844,46.683170318603516,237217
2014-07-16,61.939998626708984,62.290000915527344,60.779998779296875,60.900001525878906,45.936439514160156,252034
2014-07-17,60.79999923706055,61.194000244140625,59.84000015258789,60.060001373291016,45.30283737182617,165060
2014-07-18,60.099998474121094,61.959999084472656,60.099998474121094,61.56999969482422,46.441810607910156,555135
2014-07-21,61.2400016784668,61.54999923706055,60.91999816894531,61.0,46.011863708496094,151046
2014-07-22,61.4900016784668,61.779998779296875,61.060001373291016,61.220001220703125,46.17781448364258,184972
2014-07-23,61.220001220703125,61.63999938964844,60.97999954223633,61.08000183105469,46.07221603393555,171323
2014-07-24,61.060001373291016,61.59000015258789,60.869998931884766,61.119998931884766,46.102386474609375,189149
2014-07-25,60.68000030517578,61.43000030517578,60.52000045776367,60.56999969482422,45.68752670288086,150426
2014-07-28,60.61000061035156,61.060001373291016,60.08000183105469,60.119998931884766,45.34808349609375,181448
2014-07-29,60.20000076293945,60.849998474121094,60.16999816894531,60.25,45.44614791870117,166233
2014-07-30,60.54999923706055,60.91999816894531,60.20000076293945,60.709999084472656,45.79312515258789,67806
2014-07-31,60.29999923706055,60.91999816894531,59.85499954223633,60.09000015258789,45.32545852661133,177133
2014-08-01,59.97999954223633,60.419898986816406,58.689998626708984,59.470001220703125,44.8577995300293,192959
2014-08-04,59.84000015258789,60.25,59.09000015258789,60.060001373291016,45.30283737182617,123849
2014-08-05,59.83000183105469,60.2400016784668,59.63999938964844,59.7400016784668,45.06145095825195,94595
2014-08-06,59.41999816894531,59.97999954223633,59.08000183105469,59.459999084472656,44.850242614746094,46916
2014-08-07,59.540000915527344,59.83000183105469,58.790000915527344,58.939998626708984,44.45802307128906,134370
2014-08-08,58.83000183105469,59.4900016784668,58.70000076293945,59.400001525878906,44.80500030517578,97513
2014-08-11,59.689998626708984,60.16999816894531,59.11289978027344,59.33000183105469,44.752197265625,127778
2014-08-12,59.25,59.79499816894531,58.619998931884766,58.939998626708984,44.45802307128906,164301
2014-08-13,59.060001373291016,59.970001220703125,59.060001373291016,59.5099983215332,44.887969970703125,114845
2014-08-14,58.79999923706055,59.939998626708984,58.79999923706055,59.45000076293945,44.84271240234375,127944
2014-08-15,59.75,59.79999923706055,58.79999923706055,59.279998779296875,44.7144775390625,86367
2014-08-18,59.70000076293945,60.09000015258789,59.279998779296875,59.599998474121094,44.955848693847656,143978
2014-08-19,59.630001068115234,60.380001068115234,59.54999923706055,59.95000076293945,45.2198600769043,83381
2014-08-20,59.72999954223633,60.290000915527344,59.15999984741211,59.630001068115234,44.97848129272461,47300
2014-08-21,59.540000915527344,60.09000015258789,59.040000915527344,59.790000915527344,45.09916305541992,74217
2014-08-22,59.900001525878906,59.970001220703125,59.38999938964844,59.439998626708984,44.83517837524414,52459
2014-08-25,59.5099983215332,59.97999954223633,59.334999084472656,59.529998779296875,44.9030647277832,155576
2014-08-26,59.439998626708984,59.72999954223633,58.720001220703125,59.08000183105469,44.563621520996094,166894
2014-08-27,58.939998626708984,59.72999954223633,58.93000030517578,59.4900016784668,44.872886657714844,107265
2014-08-28,59.459999084472656,59.9900016784668,58.88999938964844,59.47999954223633,44.86534118652344,185904
2014-08-29,59.47999954223633,60.099998474121094,59.36000061035156,59.95000076293945,45.2198600769043,136518
2014-09-02,60.060001373291016,60.900001525878906,59.97999954223633,60.41999816894531,45.57438278198242,182442
2014-09-03,60.459999084472656,60.97999954223633,59.849998474121094,60.08000183105469,45.31791305541992,93597
2014-09-04,60.040000915527344,60.33000183105469,59.59000015258789,59.79999923706055,45.10670852661133,78034
2014-09-05,59.689998626708984,60.12910079956055,59.505001068115234,59.849998474121094,45.1444206237793,71405
2014-09-08,59.93000030517578,60.0,59.27000045776367,59.689998626708984,45.02373504638672,138399
2014-09-09,59.9900016784668,59.9900016784668,56.43000030517578,57.709999084472656,43.530235290527344,296223
2014-09-10,57.56999969482422,57.88999938964844,56.470001220703125,57.56999969482422,43.42464065551758,137460
2014-09-11,57.33000183105469,58.040000915527344,57.290000915527344,57.90999984741211,43.68110275268555,153326
2014-09-12,57.900001525878906,58.11000061035156,57.45000076293945,57.709999084472656,43.530235290527344,112589
2014-09-15,57.72999954223633,58.619998931884766,57.72999954223633,57.91999816894531,43.68864059448242,114309
2014-09-16,57.70000076293945,58.43000030517578,57.529998779296875,57.709999084472656,43.530235290527344,183956
2014-09-17,57.619998931884766,57.959999084472656,57.279998779296875,57.5099983215332,43.37937927246094,158137
2014-09-18,57.72999954223633,58.220001220703125,57.439998626708984,57.709999084472656,43.530235290527344,174719
2014-09-19,57.68000030517578,57.88999938964844,57.41999816894531,57.470001220703125,43.349220275878906,260582
2014-09-22,57.31999969482422,57.599998474121094,56.689998626708984,57.4900016784668,43.364288330078125,162357
2014-09-23,57.31999969482422,57.75,57.20000076293945,57.5,43.37183380126953,201631
2014-09-24,57.650001525878906,58.0,57.33000183105469,57.84000015258789,43.62830352783203,153753
2014-09-25,57.81999969482422,57.86000061035156,57.349998474121094,57.45000076293945,43.334129333496094,152908
2014-09-26,57.400001525878906,57.70000076293945,57.060001373291016,57.5099983215332,43.37937927246094,156884
2014-09-29,56.779998779296875,57.29999923706055,56.2599983215332,56.45000076293945,42.7956428527832,202053
2014-09-30,56.310001373291016,56.66999816894531,55.81999969482422,56.11000061035156,42.537879943847656,252446
2014-10-01,56.150001525878906,56.34000015258789,54.88999938964844,55.400001525878906,41.999610900878906,281513
2014-10-02,55.099998474121094,55.58000183105469,54.91999816894531,55.439998626708984,42.029945373535156,285338
2014-10-03,55.779998779296875,56.34000015258789,55.290000915527344,56.2400016784668,42.636417388916016,443190
2014-10-06,56.290000915527344,56.439998626708984,55.279998779296875,55.310001373291016,41.9313850402832,127147
2014-10-07,55.04999923706055,55.18000030517578,54.22999954223633,54.279998779296875,41.15052032470703,142222
2014-10-08,54.369998931884766,54.599998474121094,53.81999969482422,54.439998626708984,41.27183151245117,191369
2014-10-09,54.11000061035156,54.11000061035156,53.2599983215332,53.310001373291016,40.41515350341797,180470
2014-10-10,53.310001373291016,54.04999923706055,52.4900016784668,52.54999923706055,39.83898162841797,187086
2014-10-13,52.290000915527344,52.68000030517578,51.34000015258789,51.45000076293945,39.00506591796875,172545
2014-10-14,51.83000183105469,52.08000183105469,50.81999969482422,51.70000076293945,39.1945915222168,198524
2014-10-15,50.90999984741211,53.029998779296875,50.90999984741211,52.4900016784668,39.793495178222656,290734
2014-10-16,53.380001068115234,53.380001068115234,51.34000015258789,53.040000915527344,40.21046447753906,182936
2014-10-17,54.060001373291016,54.904998779296875,53.400001525878906,54.279998779296875,41.15052032470703,219790
2014-10-20,54.02000045776367,54.7400016784668,54.02000045776367,54.5,41.31730651855469,111741
2014-10-21,54.939998626708984,56.0,54.939998626708984,55.849998474121094,42.340763092041016,78713
2014-10-22,55.91999816894531,56.0,55.040000915527344,55.119998931884766,41.7873420715332,69502
2014-10-23,55.900001525878906,56.11000061035156,55.599998474121094,55.689998626708984,42.21946716308594,73494
2014-10-24,56.0,56.290000915527344,55.56999969482422,55.779998779296875,42.28770065307617,58145
2014-10-27,55.689998626708984,56.189998626708984,55.130001068115234,56.15999984741211,42.57577896118164,124156
2014-10-28,56.16999816894531,57.099998474121094,56.16999816894531,57.060001373291016,43.258087158203125,119376
2014-10-29,57.25,57.30500030517578,56.54999923706055,57.08000183105469,43.27324676513672,95826
2014-10-30,56.790000915527344,57.650001525878906,56.349998474121094,57.619998931884766,43.6826286315918,92979
2014-10-31,58.599998474121094,58.95000076293945,57.380001068115234,58.38999938964844,44.26637649536133,382684
2014-11-03,58.369998931884766,59.15999984741211,58.13010025024414,58.38999938964844,44.26637649536133,227753
2014-11-04,58.599998474121094,59.724998474121094,58.029998779296875,58.54999923706055,44.3876838684082,217423
2014-11-05,59.22999954223633,59.630001068115234,58.81999969482422,59.08000183105469,44.78948974609375,238102
2014-11-06,59.02000045776367,59.689998626708984,58.689998626708984,59.36000061035156,45.00175857543945,182892
2014-11-07,59.4900016784668,59.93000030517578,59.119998931884766,59.68000030517578,45.244346618652344,297701
2014-11-10,59.56999969482422,60.099998474121094,59.2599983215332,59.70000076293945,45.259517669677734,186415
2014-11-11,59.54999923706055,59.889801025390625,58.5099983215332,58.970001220703125,44.70608901977539,322623
2014-11-12,58.72999954223633,59.5099983215332,58.560001373291016,59.349998474121094,44.99416732788086,212543
2014-11-13,59.70000076293945,59.70000076293945,58.7599983215332,58.91999816894531,44.668190002441406,215709
2014-11-14,59.02000045776367,59.689998626708984,58.72999954223633,59.11000061035156,44.81222915649414,187187
2014-11-17,59.119998931884766,59.689998626708984,58.65999984741211,58.880001068115234,44.63785171508789,224098
2014-11-18,58.619998931884766,59.45000076293945,58.2599983215332,58.790000915527344,44.56962966918945,135252
2014-11-19,58.599998474121094,58.83000183105469,58.20000076293945,58.33000183105469,44.22090148925781,153487
2014-11-20,58.029998779296875,59.0099983215332,58.029998779296875,58.790000915527344,44.56962966918945,83796
2014-11-21,59.459999084472656,59.54999923706055,58.68000030517578,58.849998474121094,44.6151123046875,80246
2014-11-24,58.5,59.43989944458008,58.5,58.9900016784668,44.721256256103516,112175
2014-11-25,59.41999816894531,59.470001220703125,58.7400016784668,59.099998474121094,44.80464172363281,139030
2014-11-26,58.97999954223633,59.65999984741211,58.90999984741211,59.560001373291016,45.153385162353516,62070
2014-11-28,59.70000076293945,59.95000076293945,59.5,59.720001220703125,45.27467346191406,45621
2014-12-01,59.34000015258789,59.720001220703125,58.88999938964844,59.29999923706055,44.956260681152344,117655
2014-12-02,59.29999923706055,59.380001068115234,58.810001373291016,59.029998779296875,44.75157928466797,241279
2014-12-03,59.0,59.689998626708984,58.970001220703125,59.040000915527344,44.759159088134766,192410
2014-12-04,58.75,59.38999938964844,58.400001525878906,58.849998474121094,44.6151123046875,225062
2014-12-05,58.88999938964844,59.439998626708984,58.4900016784668,58.84000015258789,44.6075439453125,160034
2014-12-08,58.529998779296875,59.25,58.354000091552734,58.79999923706055,44.57720184326172,200991
2014-12-09,59.349998474121094,59.474998474121094,57.720001220703125,59.06999969482422,44.78190994262695,156786
2014-12-10,58.540000915527344,59.38999938964844,57.0,57.04999923706055,43.250511169433594,155249
2014-12-11,57.529998779296875,58.02000045776367,57.060001373291016,57.380001068115234,43.500675201416016,107018
2014-12-12,57.130001068115234,57.77000045776367,57.060001373291016,57.20000076293945,43.364227294921875,180382
2014-12-15,57.56999969482422,58.08000183105469,57.0099983215332,57.380001068115234,43.500675201416016,163905
2014-12-16,57.0099983215332,58.14500045776367,57.0099983215332,57.68000030517578,43.72811508178711,188776
2014-12-17,57.959999084472656,59.66999816894531,57.68000030517578,59.0,44.728824615478516,175496
2014-12-18,59.5,60.13999938964844,59.2599983215332,59.56999969482422,45.160972595214844,156154
2014-12-19,59.650001525878906,59.650001525878906,58.97999954223633,59.310001373291016,44.96384048461914,367772
2014-12-22,59.209999084472656,59.79999923706055,59.18000030517578,59.4900016784668,45.100311279296875,90454
2014-12-23,59.869998931884766,59.939998626708984,59.260101318359375,59.720001220703125,45.27467346191406,107586
2014-12-24,59.38999938964844,59.880001068115234,58.93000030517578,59.45000076293945,45.28990173339844,50891
2014-12-26,59.7599983215332,59.939998626708984,59.459999084472656,59.75,45.51846694946289,66653
2014-12-29,59.86000061035156,60.95000076293945,59.86000061035156,60.709999084472656,46.24980163574219,149175
2014-12-30,60.4900016784668,60.70000076293945,60.02000045776367,60.4900016784668,46.08220291137695,85823
2014-12-31,60.38999938964844,60.63999938964844,59.150001525878906,59.2400016784668,45.12993621826172,120909
2015-01-02,59.650001525878906,60.119998931884766,58.21440124511719,58.90999984741211,44.87853240966797,121624
2015-01-05,58.380001068115234,58.900001525878906,57.119998931884766,57.599998474121094,43.880550384521484,192637
2015-01-06,57.4900016784668,57.5,56.11000061035156,56.47999954223633,43.02731704711914,284784
2015-01-07,57.0,57.29999923706055,56.869998931884766,57.189998626708984,43.56819534301758,163943
2015-01-08,57.779998779296875,58.310001373291016,57.380001068115234,57.540000915527344,43.83484649658203,233699
2015-01-09,57.650001525878906,58.0,57.439998626708984,57.61000061035156,43.88816833496094,105336
2015-01-12,57.869998931884766,58.04999923706055,57.20000076293945,57.88999938964844,44.101478576660156,115138
2015-01-13,58.220001220703125,59.459999084472656,57.810001373291016,58.4900016784668,44.55856704711914,187117
2015-01-14,58.04999923706055,59.029998779296875,57.75,58.25,44.37574005126953,127766
2015-01-15,58.290000915527344,58.5,57.86000061035156,58.06999969482422,44.23860549926758,137320
2015-01-16,58.08000183105469,59.31999969482422,58.08000183105469,59.130001068115234,45.0461311340332,106341
2015-01-20,59.0,59.119998931884766,57.84000015258789,58.560001373291016,44.611900329589844,152946
2015-01-21,58.599998474121094,59.38999938964844,58.33000183105469,58.91999816894531,44.88615798950195,83964
2015-01-22,59.369998931884766,60.849998474121094,58.95000076293945,60.72999954223633,46.265037536621094,150927
2015-01-23,60.81999969482422,61.470001220703125,60.56999969482422,61.22999954223633,46.64594650268555,337897
2015-01-26,61.02000045776367,62.959999084472656,60.900001525878906,62.849998474121094,47.88008117675781,262304
2015-01-27,62.40999984741211,62.58000183105469,61.560001373291016,62.20000076293945,47.3848991394043,232298
2015-01-28,62.36000061035156,62.41360092163086,61.65999984741211,61.900001525878906,47.15635299682617,168402
2015-01-29,61.79999923706055,62.400001525878906,61.330101013183594,62.27000045776367,47.43822479248047,127972
2015-01-30,61.84000015258789,62.38999938964844,61.59000015258789,61.959999084472656,47.202056884765625,493638
2015-02-02,61.810001373291016,62.20000076293945,61.209999084472656,62.15999984741211,47.354427337646484,209105
2015-02-03,62.20000076293945,62.9900016784668,60.9900016784668,62.59000015258789,47.6820068359375,176183
2015-02-04,62.130001068115234,62.91939926147461,61.91999816894531,62.47999954223633,47.59820556640625,134370
2015-02-05,62.61000061035156,62.91999816894531,62.290000915527344,62.41999816894531,47.5525016784668,94033
2015-02-06,62.369998931884766,62.79999923706055,61.4900016784668,61.81999969482422,47.09540557861328,136341
2015-02-09,61.880001068115234,62.099998474121094,61.279998779296875,61.349998474121094,46.737361907958984,167394
2015-02-10,61.43000030517578,61.63999938964844,61.040000915527344,61.47999954223633,46.83639907836914,137641
2015-02-11,61.279998779296875,61.59000015258789,60.99100112915039,61.27000045776367,46.676414489746094,143036
2015-02-12,60.560001373291016,61.849998474121094,60.560001373291016,61.81999969482422,47.09540557861328,205816
2015-02-13,61.93000030517578,62.4900016784668,61.810001373291016,62.34000015258789,47.49156188964844,106402
2015-02-17,62.41999816894531,63.05500030517578,62.2400016784668,62.93000030517578,47.94101333618164,132894
2015-02-18,62.970001220703125,64.20999908447266,62.970001220703125,64.05000305175781,48.79425048828125,172638
2015-02-19,63.81999969482422,64.27999877929688,63.650001525878906,64.0999984741211,48.83234405517578,97449
2015-02-20,64.22000122070312,64.7699966430664,63.5,64.66000366210938,49.25897216796875,115838
2015-02-23,64.7300033569336,65.16000366210938,64.30000305175781,64.98999786376953,49.51036834716797,69713
2015-02-24,64.70999908447266,65.47000122070312,64.70999908447266,65.18000030517578,49.65510559082031,264849
2015-02-25,64.94999694824219,65.5,64.5199966430664,64.91999816894531,49.457035064697266,184253
2015-02-26,64.94999694824219,65.25,64.70999908447266,65.20999908447266,49.6779670715332,211566
2015-02-27,65.25,65.25,64.52999877929688,64.66000366210938,49.25897216796875,80965
2015-03-02,65.25,65.25,64.20500183105469,64.47000122070312,49.11422348022461,166258
2015-03-03,64.08999633789062,64.45999908447266,63.75400161743164,63.95000076293945,48.71807861328125,148577
2015-03-04,63.619998931884766,64.01000213623047,63.435001373291016,63.709999084472656,48.53524398803711,125438
2015-03-05,64.0,64.05999755859375,62.97999954223633,63.099998474121094,48.07054138183594,234180
2015-03-06,62.790000915527344,63.47999954223633,62.529998779296875,62.97999954223633,47.9791259765625,109697
2015-03-09,63.209999084472656,63.749900817871094,62.880001068115234,63.0099983215332,48.00196838378906,180374
2015-03-10,63.11000061035156,63.11000061035156,61.18000030517578,61.189998626708984,46.61545944213867,286226
2015-03-11,61.150001525878906,61.54999923706055,60.66999816894531,61.119998931884766,46.562137603759766,413121
2015-03-12,61.0,61.27000045776367,60.34000015258789,60.45000076293945,46.05173110961914,380357
2015-03-13,60.34000015258789,60.654998779296875,60.08000183105469,60.09000015258789,45.777469635009766,242904
2015-03-16,60.400001525878906,60.70899963378906,60.25,60.65999984741211,46.21171188354492,425958
2015-03-17,60.58000183105469,61.13999938964844,59.95000076293945,60.689998626708984,46.234554290771484,246903
2015-03-18,60.72999954223633,61.095001220703125,60.400001525878906,60.79999923706055,46.3183708190918,305571
2015-03-19,60.75,61.060001373291016,60.42499923706055,60.83000183105469,46.34121322631836,256373
2015-03-20,60.70000076293945,61.630001068115234,60.70000076293945,61.380001068115234,46.76021194458008,430922
2015-03-23,61.59000015258789,62.20000076293945,61.09000015258789,61.650001525878906,46.965904235839844,214457
2015-03-24,61.459999084472656,62.28990173339844,61.459999084472656,61.97999954223633,47.21730422973633,132797
2015-03-25,62.2400016784668,62.2400016784668,60.5099983215332,60.630001068115234,46.18885040283203,161800
2015-03-26,60.619998931884766,61.040000915527344,60.099998474121094,60.65999984741211,46.21171188354492,140989
2015-03-27,60.439998626708984,61.900001525878906,60.43000030517578,61.54999923706055,46.889713287353516,139804
2015-03-30,62.369998931884766,62.47999954223633,61.2599983215332,61.439998626708984,46.8059196472168,103956
2015-03-31,61.369998931884766,61.54899978637695,60.98500061035156,61.13999938964844,46.57737731933594,141220
2015-04-01,61.220001220703125,61.619998931884766,60.4900016784668,61.13999938964844,46.57737731933594,138872
2015-04-02,61.34000015258789,61.54999923706055,60.56999969482422,60.84000015258789,46.348838806152344,170713
2015-04-06,60.7599983215332,61.130001068115234,60.130001068115234,60.91999816894531,46.4097785949707,407159
2015-04-07,61.13999938964844,61.2599983215332,60.77000045776367,60.869998931884766,46.371681213378906,180854
2015-04-08,60.81999969482422,61.09000015258789,60.400001525878906,60.599998474121094,46.16600799560547,133326
2015-04-09,60.720001220703125,60.90999984741211,60.27000045776367,60.86000061035156,46.36406707763672,174777
2015-04-10,60.810001373291016,61.02000045776367,60.5099983215332,60.79999923706055,46.3183708190918,101772
2015-04-13,60.59000015258789,61.099998474121094,60.04999923706055,60.25,45.89936065673828,199799
2015-04-14,60.11000061035156,60.5099983215332,59.560001373291016,60.09000015258789,45.998878479003906,151593
2015-04-15,60.689998626708984,60.70399856567383,59.45000076293945,59.470001220703125,45.5242805480957,170443
2015-04-16,59.540000915527344,60.2599983215332,58.290000915527344,58.41999816894531,44.72049331665039,195334
2015-04-17,58.13999938964844,58.375,57.0,57.630001068115234,44.115745544433594,178413
2015-04-20,58.16999816894531,58.34000015258789,57.5989990234375,58.2599983215332,44.59800720214844,84672
2015-04-21,58.689998626708984,59.02000045776367,58.2599983215332,58.7599983215332,44.98076248168945,69472
2015-04-22,58.630001068115234,58.91999816894531,58.34000015258789,58.7400016784668,44.9654541015625,61432
2015-04-23,58.470001220703125,59.75,58.38999938964844,59.599998474121094,45.62378692626953,97960
2015-04-24,59.75,60.189998626708984,59.15999984741211,59.459999084472656,45.51661682128906,111545
2015-04-27,59.650001525878906,60.040000915527344,58.93000030517578,59.04999923706055,45.2027587890625,88332
2015-04-28,59.0,59.0,57.90999984741211,58.040000915527344,44.42960739135742,154183
2015-04-29,57.9900016784668,58.0,57.279998779296875,57.400001525878906,43.93968200683594,85047
2015-04-30,56.40999984741211,57.400001525878906,56.40999984741211,56.880001068115234,43.541629791259766,515339
2015-05-01,56.849998474121094,58.01499938964844,56.75,57.720001220703125,44.18465042114258,208454
2015-05-04,57.939998626708984,58.099998474121094,57.63999938964844,57.88999938964844,44.31477355957031,103650
2015-05-05,57.470001220703125,57.88999938964844,57.08000183105469,57.45000076293945,43.97795486450195,143595
2015-05-06,57.689998626708984,57.689998626708984,57.11000061035156,57.290000915527344,43.85547637939453,143548
2015-05-07,57.25,57.4900016784668,57.130001068115234,57.45000076293945,43.97795486450195,86318
2015-05-08,57.5,57.63999938964844,57.25,57.36000061035156,43.90906524658203,189965
2015-05-11,57.279998779296875,57.93000030517578,57.25,57.65999984741211,44.138702392578125,153476
2015-05-12,57.5,57.5,56.650001525878906,57.130001068115234,43.732994079589844,115111
2015-05-13,57.29999923706055,57.29999923706055,56.849998474121094,57.0,43.633480072021484,120428
2015-05-14,57.08000183105469,57.36000061035156,56.775001525878906,57.25,43.82485580444336,154677
2015-05-15,57.36000061035156,57.59000015258789,57.040000915527344,57.529998779296875,44.03919219970703,176746
2015-05-18,57.38999938964844,58.369998931884766,57.29100036621094,58.0,44.398990631103516,172808
2015-05-19,57.650001525878906,58.33000183105469,57.650001525878906,58.290000915527344,44.620975494384766,110625
2015-05-20,58.290000915527344,58.41999816894531,58.0,58.18000030517578,44.53677749633789,83591
2015-05-21,57.84000015258789,58.900001525878906,57.84000015258789,58.65999984741211,44.90422439575195,103248
2015-05-22,58.41999816894531,58.83000183105469,57.95000076293945,58.529998779296875,44.804691314697266,74521
2015-05-26,58.58000183105469,58.869998931884766,57.36000061035156,57.900001525878906,44.32243728637695,83371
2015-05-27,57.099998474121094,58.77000045776367,57.099998474121094,58.349998474121094,44.666908264160156,265372
2015-05-28,58.63999938964844,58.77000045776367,57.869998931884766,58.16999816894531,44.52911376953125,287262
2015-05-29,58.040000915527344,58.5,57.689998626708984,58.02000045776367,44.4142951965332,168065
2015-06-01,57.720001220703125,58.439998626708984,57.41999816894531,58.099998474121094,44.47553634643555,197598
2015-06-02,57.83000183105469,58.41999816894531,57.83000183105469,58.15999984741211,44.52146911621094,143770
2015-06-03,58.029998779296875,59.154998779296875,58.029998779296875,58.41999816894531,44.72049331665039,279857
2015-06-04,58.439998626708984,58.790000915527344,57.81999969482422,57.970001220703125,44.37601852416992,192729
2015-06-05,57.900001525878906,58.0099983215332,57.41999816894531,57.83000183105469,44.268856048583984,134717
2015-06-08,57.65999984741211,58.290000915527344,57.65999984741211,57.84000015258789,44.27650833129883,290904
2015-06-09,57.720001220703125,58.119998931884766,57.5,57.68000030517578,44.15402603149414,161029
2015-06-10,57.810001373291016,58.130001068115234,57.58000183105469,58.0,44.398990631103516,268490
2015-06-11,57.7599983215332,58.380001068115234,57.529998779296875,57.790000915527344,44.238224029541016,276661
2015-06-12,57.70000076293945,57.849998474121094,57.599998474121094,57.72999954223633,44.19229507446289,111488
2015-06-15,57.400001525878906,58.189998626708984,56.959999084472656,57.65999984741211,44.138702392578125,176005
2015-06-16,57.959999084472656,58.18989944458008,57.250999450683594,57.81999969482422,44.261192321777344,262164
2015-06-17,58.040000915527344,58.59000015258789,57.040000915527344,57.470001220703125,43.99327087402344,605200
2015-06-18,57.290000915527344,57.809898376464844,54.880001068115234,56.52000045776367,43.266056060791016,882881
2015-06-19,56.900001525878906,57.07500076293945,55.939998626708984,56.189998626708984,43.01343536376953,725025
2015-06-22,57.41999816894531,57.630001068115234,56.66999816894531,56.849998474121094,43.51866149902344,227468
2015-06-23,57.06999969482422,57.38999938964844,55.9900016784668,56.36000061035156,43.1435661315918,243841
2015-06-24,56.34000015258789,56.755001068115234,55.92499923706055,55.9900016784668,42.86033630371094,190127
2015-06-25,56.970001220703125,56.970001220703125,55.400001525878906,55.43000030517578,42.43164825439453,152034
2015-06-26,55.68000030517578,55.86000061035156,55.04999923706055,55.189998626708984,42.247928619384766,305028
2015-06-29,55.20000076293945,55.20000076293945,54.54999923706055,54.59000015258789,41.78862380981445,204070
2015-06-30,54.720001220703125,55.060001373291016,53.959999084472656,54.369998931884766,41.62022399902344,353353
2015-07-01,54.369998931884766,55.459999084472656,54.11000061035156,55.220001220703125,42.270896911621094,226264
2015-07-02,55.45000076293945,55.7400016784668,54.83000183105469,55.04999923706055,42.37094497680664,166942
2015-07-06,54.849998474121094,55.529998779296875,54.435001373291016,55.29999923706055,42.56337356567383,418956
2015-07-07,55.209999084472656,55.68000030517578,54.75,55.56999969482422,42.771175384521484,218893
2015-07-08,55.02000045776367,55.79999923706055,54.7599983215332,54.95000076293945,42.29397964477539,301230
2015-07-09,55.040000915527344,55.29499816894531,54.4900016784668,54.560001373291016,41.99380874633789,111534
2015-07-10,55.22999954223633,55.349998474121094,54.619998931884766,54.689998626708984,42.09386444091797,150884
2015-07-13,54.97999954223633,55.34000015258789,54.584999084472656,55.099998474121094,42.409427642822266,142213
2015-07-14,55.099998474121094,55.2400016784668,54.81999969482422,55.0099983215332,42.340171813964844,129955
2015-07-15,55.0099983215332,55.09000015258789,54.41999816894531,54.529998779296875,41.97071075439453,136014
2015-07-16,54.61000061035156,55.130001068115234,54.380001068115234,54.54999923706055,41.98611068725586,197027
2015-07-17,54.65999984741211,54.65999984741211,53.5,53.529998779296875,41.20103454589844,172051
2015-07-20,53.72999954223633,54.560001373291016,53.58000183105469,53.77000045776367,41.38575744628906,170462
2015-07-21,53.529998779296875,54.38990020751953,53.060001373291016,53.16999816894531,40.923954010009766,165254
2015-07-22,53.08000183105469,53.79999923706055,53.04999923706055,53.439998626708984,41.13176727294922,165574
2015-07-23,53.630001068115234,53.97999954223633,52.52000045776367,52.77000045776367,40.61608123779297,140022
2015-07-24,52.849998474121094,53.290000915527344,52.345001220703125,52.4900016784668,40.40057373046875,126821
2015-07-27,52.20000076293945,52.54999923706055,51.52000045776367,51.68000030517578,39.777122497558594,139751
2015-07-28,51.790000915527344,52.749900817871094,51.38999938964844,52.34000015258789,40.285099029541016,187751
2015-07-29,52.33000183105469,53.2599983215332,52.33000183105469,53.0099983215332,40.80079650878906,124191
2015-07-30,52.939998626708984,53.2400016784668,51.97999954223633,53.02000045776367,40.808502197265625,173824
2015-07-31,53.290000915527344,53.54999923706055,52.77000045776367,53.0099983215332,40.80079650878906,409351
2015-08-03,53.150001525878906,53.18000030517578,52.38999938964844,52.66999816894531,40.539100646972656,116566
2015-08-04,52.7599983215332,53.400001525878906,52.290000915527344,52.849998474121094,40.67765426635742,97737
2015-08-05,53.09000015258789,53.25,52.209999084472656,52.27000045776367,40.231239318847656,179587
2015-08-06,52.45000076293945,52.45000076293945,50.86000061035156,51.720001220703125,39.807918548583984,129799
2015-08-07,51.77000045776367,51.880001068115234,51.310001373291016,51.5,39.638587951660156,121091
2015-08-10,51.79999923706055,52.099998474121094,51.619998931884766,51.83000183105469,39.892578125,174025
2015-08-11,51.61000061035156,51.809898376464844,51.0,51.099998474121094,39.330711364746094,73404
2015-08-12,50.869998931884766,51.9900016784668,50.14500045776367,51.810001373291016,39.87718963623047,209918
2015-08-13,51.86000061035156,52.209999084472656,51.56999969482422,52.0,40.023433685302734,100659
2015-08-14,51.869998931884766,52.72999954223633,51.61000061035156,52.59000015258789,40.477542877197266,104229
2015-08-17,51.36000061035156,53.22990036010742,51.36000061035156,53.18000030517578,40.931644439697266,219092
2015-08-18,53.459999084472656,53.52000045776367,52.290000915527344,52.779998779296875,40.623775482177734,122555
2015-08-19,52.150001525878906,52.970001220703125,51.93000030517578,52.81999969482422,40.65455627441406,139823
2015-08-20,52.52000045776367,52.7400016784668,51.36000061035156,51.45000076293945,39.600101470947266,156144
2015-08-21,51.2400016784668,51.72999954223633,50.27000045776367,50.36000061035156,38.761146545410156,163619
2015-08-24,48.349998474121094,50.83000183105469,48.349998474121094,48.709999084472656,37.491180419921875,294653
2015-08-25,49.380001068115234,49.915000915527344,48.16999816894531,48.31999969482422,37.191001892089844,247444
2015-08-26,48.93000030517578,49.83000183105469,48.40999984741211,49.65999984741211,38.22236633300781,163856
2015-08-27,49.88999938964844,51.61000061035156,49.88999938964844,51.54999923706055,39.67707061767578,154252
2015-08-28,51.34000015258789,52.59000015258789,51.130001068115234,52.04999923706055,40.06190490722656,163551
2015-08-31,51.790000915527344,51.88999938964844,51.04999923706055,51.560001373291016,39.684757232666016,202642
2015-09-01,50.790000915527344,51.08000183105469,50.130001068115234,50.18000030517578,38.62260055541992,220879
2015-09-02,50.47999954223633,51.11000061035156,50.029998779296875,50.560001373291016,38.91508102416992,166599
2015-09-03,50.70000076293945,51.560001373291016,50.70000076293945,51.119998931884766,39.34611129760742,137222
2015-09-04,50.68000030517578,51.25,50.56999969482422,50.939998626708984,39.207557678222656,142704
2015-09-08,51.560001373291016,52.540000915527344,51.560001373291016,52.470001220703125,40.38517761230469,168711
2015-09-09,53.72999954223633,53.72999954223633,49.68000030517578,49.95000076293945,38.44557571411133,280988
2015-09-10,49.93000030517578,49.93000030517578,48.56999969482422,49.2400016784668,37.89910125732422,225815
2015-09-11,49.209999084472656,49.290000915527344,48.13999938964844,48.900001525878906,37.637413024902344,224826
2015-09-14,48.810001373291016,49.349998474121094,48.54999923706055,49.279998779296875,37.92990493774414,174289
2015-09-15,49.400001525878906,50.27000045776367,49.20000076293945,50.09000015258789,38.55333709716797,124561
2015-09-16,50.220001220703125,51.849998474121094,49.790000915527344,51.61000061035156,39.7232551574707,151343
2015-09-17,51.77000045776367,51.77000045776367,51.13999938964844,51.209999084472656,39.415374755859375,157410
2015-09-18,50.43000030517578,51.119998931884766,50.26499938964844,50.689998626708984,39.015140533447266,585786
2015-09-21,51.0,51.58000183105469,50.34000015258789,50.400001525878906,38.79194259643555,146367
2015-09-22,49.72999954223633,50.617801666259766,49.72999954223633,50.209999084472656,38.645694732666016,140159
2015-09-23,50.209999084472656,50.58000183105469,49.7400016784668,50.2599983215332,38.68416976928711,141402
2015-09-24,49.880001068115234,50.470001220703125,49.54999923706055,50.310001373291016,38.72266387939453,153961
2015-09-25,50.72999954223633,50.79999923706055,49.72999954223633,50.08000183105469,38.54564666748047,136544
2015-09-28,50.11000061035156,50.11000061035156,48.93000030517578,49.150001525878906,37.829830169677734,161395
2015-09-29,49.13999938964844,49.439998626708984,48.77000045776367,49.18000030517578,37.85293197631836,185176
2015-09-30,49.540000915527344,50.2599983215332,49.099998474121094,50.029998779296875,38.507144927978516,232353
2015-10-01,50.25,50.560001373291016,48.2599983215332,48.40999984741211,37.26027297973633,266056
2015-10-02,48.06999969482422,48.380001068115234,47.84000015258789,48.15999984741211,37.06785583496094,454601
2015-10-05,48.099998474121094,48.790000915527344,48.099998474121094,48.560001373291016,37.3757209777832,375372
2015-10-06,48.619998931884766,48.79899978637695,48.43000030517578,48.529998779296875,37.352630615234375,255149
2015-10-07,48.95000076293945,49.599998474121094,48.59000015258789,49.279998779296875,37.92990493774414,307650
2015-10-08,49.36000061035156,51.47999954223633,49.279998779296875,51.43000030517578,39.82716751098633,200743
2015-10-09,51.56999969482422,51.63999938964844,50.66999816894531,51.369998931884766,39.78070068359375,227637
2015-10-12,51.290000915527344,51.650001525878906,50.95000076293945,51.369998931884766,39.78070068359375,122029
2015-10-13,51.15999984741211,51.689998626708984,50.72999954223633,51.47999954223633,39.86588668823242,185858
2015-10-14,51.47999954223633,52.119998931884766,50.66999816894531,50.79999923706055,39.33929443359375,234571
2015-10-15,50.88999938964844,51.150001525878906,50.54999923706055,50.90999984741211,39.42448043823242,175052
2015-10-16,50.779998779296875,51.41999816894531,50.599998474121094,50.869998931884766,39.39350891113281,161787
2015-10-19,50.630001068115234,51.58000183105469,50.630001068115234,51.54999923706055,39.92009353637695,135932
2015-10-20,51.36000061035156,51.62990188598633,51.36000061035156,51.5,39.88136291503906,144504
2015-10-21,51.38999938964844,51.4900016784668,49.900001525878906,50.11000061035156,38.80495834350586,224206
2015-10-22,50.11000061035156,51.16999816894531,50.029998779296875,51.0099983215332,39.50190734863281,239856
2015-10-23,51.0,51.83000183105469,50.68000030517578,51.77000045776367,40.090457916259766,254074
2015-10-26,51.5,51.97999954223633,51.130001068115234,51.20000076293945,39.649051666259766,165912
2015-10-27,51.20000076293945,51.65999984741211,50.33000183105469,50.790000915527344,39.33155059814453,221480
2015-10-28,50.7400016784668,52.040000915527344,50.70000076293945,52.040000915527344,40.2995491027832,246112
2015-10-29,51.95000076293945,52.349998474121094,51.02000045776367,52.310001373291016,40.50863265991211,277230
2015-10-30,52.2400016784668,52.849998474121094,51.869998931884766,52.33000183105469,40.52412033081055,580707
2015-11-02,52.40999984741211,54.33000183105469,52.33000183105469,54.290000915527344,42.04194259643555,169778
2015-11-03,54.189998626708984,54.189998626708984,53.380001068115234,53.599998474121094,41.50760269165039,153249
2015-11-04,53.7400016784668,53.959999084472656,52.81999969482422,52.900001525878906,40.96552276611328,162502
2015-11-05,53.209999084472656,53.209999084472656,52.369998931884766,53.02000045776367,41.058441162109375,140375
2015-11-06,53.08000183105469,53.08000183105469,52.31999969482422,53.04999923706055,41.081687927246094,140983
2015-11-09,52.38999938964844,53.339900970458984,52.040000915527344,52.279998779296875,40.485389709472656,171127
2015-11-10,52.20000076293945,52.47999954223633,51.970001220703125,52.459999084472656,40.62479019165039,155617
2015-11-11,52.709999084472656,52.7400016784668,52.09000015258789,52.38999938964844,40.570579528808594,167434
2015-11-12,51.95000076293945,52.08000183105469,51.29999923706055,51.349998474121094,39.765201568603516,136267
2015-11-13,51.0,51.720001220703125,50.09199905395508,50.369998931884766,39.00629806518555,159594
2015-11-16,50.27000045776367,50.65999984741211,49.75,50.59000015258789,39.176666259765625,170740
2015-11-17,50.61000061035156,50.61000061035156,49.66999816894531,49.709999084472656,38.495201110839844,135395
2015-11-18,49.630001068115234,51.86000061035156,49.630001068115234,51.5,39.88136291503906,374835
2015-11-19,51.459999084472656,51.66999816894531,50.689998626708984,50.95000076293945,39.455467224121094,108754
2015-11-20,51.16999816894531,51.68000030517578,50.779998779296875,51.290000915527344,39.7187385559082,175652
2015-11-23,51.040000915527344,51.584999084472656,51.040000915527344,51.189998626708984,39.641300201416016,106570
2015-11-24,50.959999084472656,51.97999954223633,50.900001525878906,51.63999938964844,39.989776611328125,221096
2015-11-25,51.790000915527344,51.959999084472656,51.459999084472656,51.880001068115234,40.17564392089844,209032
2015-11-27,51.970001220703125,53.0,51.7400016784668,52.88999938964844,40.95777130126953,104349
2015-11-30,53.369998931884766,53.369998931884766,51.540000915527344,51.59000015258789,39.95106506347656,259622
2015-12-01,51.65999984741211,52.19499969482422,51.439998626708984,51.880001068115234,40.17564392089844,203545
2015-12-02,51.70000076293945,51.83000183105469,50.79999923706055,50.81999969482422,39.35478591918945,149462
2015-12-03,50.83000183105469,51.119998931884766,50.29999923706055,50.709999084472656,39.26960372924805,237712
2015-12-04,50.72999954223633,51.290000915527344,50.599998474121094,50.84000015258789,39.370269775390625,136268
2015-12-07,50.709999084472656,50.79999923706055,49.88999938964844,50.33000183105469,38.975318908691406,226229
2015-12-08,48.84000015258789,49.04999923706055,45.09000015258789,45.09000015258789,34.91749954223633,498860
2015-12-09,44.84000015258789,47.09000015258789,44.63999938964844,45.900001525878906,35.54475021362305,609341
2015-12-10,46.31999969482422,46.380001068115234,45.209999084472656,45.529998779296875,35.25822448730469,229364
2015-12-11,45.11000061035156,45.52989959716797,44.619998931884766,45.290000915527344,35.0723762512207,290020
2015-12-14,45.189998626708984,45.51499938964844,44.31999969482422,44.540000915527344,34.491580963134766,181465
2015-12-15,45.02000045776367,45.34000015258789,44.732200622558594,44.970001220703125,34.82456588745117,236066
2015-12-16,44.84000015258789,45.75,44.72999954223633,44.9900016784668,34.840057373046875,239284
2015-12-17,44.959999084472656,45.10499954223633,44.630001068115234,44.63999938964844,34.56901931762695,267719
2015-12-18,44.369998931884766,44.369998931884766,43.27000045776367,43.38999938964844,33.601016998291016,727034
2015-12-21,43.63999938964844,43.93000030517578,43.185001373291016,43.56999969482422,33.740421295166016,306610
2015-12-22,43.68000030517578,44.11000061035156,43.15999984741211,43.869998931884766,33.97272872924805,343285
2015-12-23,43.720001220703125,44.709999084472656,43.4900016784668,44.66999816894531,34.83042526245117,263920
2015-12-24,44.93000030517578,45.060001373291016,44.58000183105469,44.689998626708984,34.84602355957031,106248
2015-12-28,44.709999084472656,44.86000061035156,44.18000030517578,44.79999923706055,34.93180465698242,205631
2015-12-29,44.88999938964844,45.68000030517578,44.88999938964844,45.349998474121094,35.36063766479492,143757
2015-12-30,45.36000061035156,45.779998779296875,45.20000076293945,45.209999084472656,35.25147247314453,159279
2015-12-31,45.09000015258789,45.790000915527344,44.79999923706055,45.029998779296875,35.111141204833984,198657
2016-01-04,44.310001373291016,44.619998931884766,43.619998931884766,44.04999923706055,34.346988677978516,266729
2016-01-05,44.27000045776367,45.189998626708984,44.189998626708984,44.619998931884766,34.79144287109375,333226
2016-01-06,43.900001525878906,44.529998779296875,43.439998626708984,43.70000076293945,34.07410430908203,454030
2016-01-07,42.77000045776367,43.19300079345703,41.95000076293945,42.029998779296875,32.77194595336914,292586
2016-01-08,42.439998626708984,42.52000045776367,41.630001068115234,41.720001220703125,32.530235290527344,254339
2016-01-11,41.880001068115234,42.15999984741211,41.08000183105469,41.279998779296875,32.18716049194336,201232
2016-01-12,41.529998779296875,42.43000030517578,41.380001068115234,42.09000015258789,32.81873321533203,286979
2016-01-13,42.220001220703125,42.4900016784668,41.619998931884766,41.70000076293945,32.5146369934082,484574
2016-01-14,41.81999969482422,43.345001220703125,41.53499984741211,43.0,33.52827835083008,403865
2016-01-15,42.06999969482422,42.28850173950195,40.52000045776367,41.7599983215332,32.56142807006836,320899
2016-01-19,42.08000183105469,42.529998779296875,41.599998474121094,42.41999816894531,33.0760498046875,322182
2016-01-20,41.4900016784668,41.810001373291016,40.81999969482422,41.18000030517578,32.109188079833984,415190
2016-01-21,41.13999938964844,41.779998779296875,40.790000915527344,41.36000061035156,32.24954605102539,470256
2016-01-22,41.970001220703125,41.97999954223633,40.439998626708984,40.709999084472656,31.742706298828125,571436
2016-01-25,40.439998626708984,41.209999084472656,40.16999816894531,40.290000915527344,31.415224075317383,359114
2016-01-26,40.599998474121094,41.72999954223633,40.330101013183594,41.66999816894531,32.491249084472656,282590
2016-01-27,41.56999969482422,41.810001373291016,40.810001373291016,41.029998779296875,31.992212295532227,237906
2016-01-28,41.439998626708984,41.56999969482422,40.189998626708984,41.11000061035156,32.054595947265625,372914
2016-01-29,41.220001220703125,41.88999938964844,41.02009963989258,41.79999923706055,32.59261703491211,949970
2016-02-01,41.45000076293945,41.880001068115234,40.970001220703125,41.58000183105469,32.42107009887695,281424
2016-02-02,41.08000183105469,41.209999084472656,40.59000015258789,40.66999816894531,31.71151351928711,166452
2016-02-03,41.040000915527344,41.41999816894531,39.9900016784668,41.380001068115234,32.26513671875,241162
2016-02-04,41.40999984741211,42.63999938964844,41.40999984741211,42.0099983215332,32.75635528564453,180908
2016-02-05,42.0099983215332,42.400001525878906,41.040000915527344,41.189998626708984,32.116973876953125,157102
2016-02-08,40.709999084472656,40.86000061035156,40.189998626708984,40.59000015258789,31.64914321899414,233622
2016-02-09,40.22999954223633,40.68000030517578,39.970001220703125,40.209999084472656,31.35283088684082,182629
2016-02-10,40.34000015258789,41.23080062866211,40.290000915527344,40.650001525878906,31.695932388305664,183008
2016-02-11,39.939998626708984,40.779998779296875,39.939998626708984,40.439998626708984,31.532180786132812,164370
2016-02-12,40.790000915527344,41.48500061035156,39.880001068115234,40.5099983215332,31.586763381958008,229144
2016-02-16,40.90999984741211,41.7400016784668,40.83000183105469,41.470001220703125,32.335304260253906,204533
2016-02-17,41.63999938964844,43.119998931884766,41.45000076293945,42.97999954223633,33.5126838684082,207358
2016-02-18,42.9900016784668,43.09000015258789,42.290000915527344,42.68000030517578,33.27877426147461,224146
2016-02-19,42.599998474121094,43.249900817871094,42.36000061035156,42.779998779296875,33.35673904418945,191418
2016-02-22,43.130001068115234,43.779998779296875,43.130001068115234,43.470001220703125,33.894752502441406,130697
2016-02-23,43.2599983215332,43.630001068115234,42.97999954223633,43.06999969482422,33.58286666870117,189165
2016-02-24,42.65999984741211,43.439998626708984,42.040000915527344,43.06999969482422,33.58286666870117,214745
2016-02-25,43.119998931884766,43.79999923706055,42.58000183105469,43.72999954223633,34.09748458862305,131633
2016-02-26,43.88999938964844,43.88999938964844,43.13999938964844,43.68000030517578,34.058502197265625,229022
2016-02-29,43.75,43.91999816894531,43.20000076293945,43.529998779296875,33.9415397644043,172297
2016-03-01,43.869998931884766,44.150001525878906,43.380001068115234,44.09000015258789,34.3781852722168,342337
2016-03-02,43.84000015258789,44.169898986816406,43.279998779296875,44.0,34.30801773071289,238926
2016-03-03,43.9900016784668,45.09000015258789,43.900001525878906,45.08000183105469,35.150123596191406,168397
2016-03-04,45.2400016784668,45.489898681640625,44.75,45.02000045776367,35.10333251953125,184650
2016-03-07,44.810001373291016,45.349998474121094,44.810001373291016,45.16999816894531,35.22029113769531,313989
2016-03-08,44.54999923706055,45.099998474121094,43.5099983215332,44.88999938964844,35.00197219848633,293034
2016-03-09,44.93000030517578,45.400001525878906,44.41999816894531,44.88999938964844,35.00197219848633,223986
2016-03-10,44.91999816894531,45.099998474121094,44.060001373291016,44.4900016784668,34.69007873535156,142776
2016-03-11,44.900001525878906,46.189998626708984,44.900001525878906,46.060001373291016,35.914249420166016,202189
2016-03-14,45.869998931884766,46.630001068115234,45.40999984741211,46.27000045776367,36.07799530029297,238127
2016-03-15,45.86000061035156,46.810001373291016,45.86000061035156,46.630001068115234,36.35870361328125,239049
2016-03-16,46.380001068115234,47.2400016784668,46.380001068115234,47.040000915527344,36.67837905883789,216132
2016-03-17,46.93000030517578,48.25,46.90999984741211,47.91999816894531,37.36453628540039,225316
2016-03-18,47.470001220703125,49.5099983215332,47.369998931884766,49.310001373291016,38.4483757019043,648980
2016-03-21,48.0,49.38990020751953,46.81999969482422,46.880001068115234,36.55362319946289,324899
2016-03-22,46.59000015258789,47.7599983215332,46.59000015258789,47.70000076293945,37.193016052246094,333783
2016-03-23,47.720001220703125,47.86000061035156,47.209999084472656,47.70000076293945,37.193016052246094,235549
2016-03-24,47.279998779296875,48.130001068115234,47.189998626708984,48.11000061035156,37.512691497802734,184413
2016-03-28,48.29999923706055,48.887001037597656,47.970001220703125,48.36000061035156,37.7076301574707,197510
2016-03-29,48.36000061035156,49.36000061035156,47.880001068115234,49.209999084472656,38.37040710449219,177550
2016-03-30,49.45000076293945,49.61000061035156,49.029998779296875,49.41999816894531,38.53414535522461,291521
2016-03-31,49.31999969482422,49.72999954223633,48.529998779296875,48.88999938964844,38.12088394165039,216001
2016-04-01,48.470001220703125,49.22999954223633,48.02000045776367,49.15999984741211,38.331424713134766,315433
2016-04-04,49.34000015258789,49.73400115966797,48.084999084472656,48.150001525878906,37.54387664794922,243836
2016-04-05,47.68000030517578,48.12990188598633,47.400001525878906,47.560001373291016,37.0838508605957,360446
2016-04-06,47.70000076293945,47.93000030517578,47.45000076293945,47.56999969482422,37.09164810180664,220691
2016-04-07,47.16999816894531,47.749900817871094,46.619998931884766,46.790000915527344,36.48344421386719,254680
2016-04-08,47.040000915527344,47.349998474121094,46.75,47.06999969482422,36.70177459716797,175588
2016-04-11,46.81999969482422,47.91999816894531,46.689998626708984,47.40999984741211,37.204002380371094,123820
2016-04-12,47.529998779296875,48.119998931884766,47.529998779296875,47.689998626708984,37.4237174987793,130082
2016-04-13,48.11000061035156,48.939998626708984,47.58000183105469,48.84000015258789,38.326168060302734,202921
2016-04-14,48.97999954223633,48.9900016784668,47.95000076293945,48.0,37.666988372802734,142887
2016-04-15,48.060001373291016,48.43000030517578,47.79999923706055,48.34000015258789,37.93380355834961,231662
2016-04-18,48.41999816894531,48.86000061035156,48.0,48.54999923706055,38.098594665527344,152081
2016-04-19,48.7400016784668,49.439998626708984,48.689998626708984,49.18000030517578,38.59297561645508,204998
2016-04-20,49.130001068115234,49.90999984741211,49.0,49.66999816894531,38.97748565673828,198960
2016-04-21,49.77000045776367,50.4900016784668,49.5,49.97999954223633,39.22075653076172,264318
2016-04-22,50.11000061035156,51.0099983215332,50.11000061035156,50.52000045776367,39.64451217651367,221747
2016-04-25,50.5099983215332,50.899898529052734,50.04999923706055,50.310001373291016,39.47972106933594,198012
2016-04-26,50.630001068115234,51.099998474121094,50.56999969482422,50.7400016784668,39.81715393066406,190676
2016-04-27,50.779998779296875,51.329898834228516,50.16999816894531,50.41999816894531,39.56604766845703,123969
2016-04-28,50.45000076293945,50.86000061035156,49.790000915527344,49.939998626708984,39.18937301635742,147831
2016-04-29,49.849998474121094,49.849998474121094,49.02000045776367,49.59000015258789,38.91470718383789,243070
2016-05-02,49.7400016784668,51.15999984741211,49.61000061035156,51.11000061035156,40.107505798339844,220288
2016-05-03,50.619998931884766,51.029998779296875,49.33000183105469,49.38999938964844,38.757774353027344,156372
2016-05-04,49.34000015258789,49.75,48.7599983215332,48.810001373291016,38.30263137817383,133593
2016-05-05,48.959999084472656,50.04999923706055,48.810001373291016,50.040000915527344,39.26784133911133,237939
2016-05-06,49.7599983215332,50.880001068115234,49.7599983215332,50.83000183105469,39.88777160644531,158889
2016-05-09,50.59000015258789,50.93000030517578,50.150001525878906,50.83000183105469,39.88777160644531,131118
2016-05-10,51.130001068115234,51.279998779296875,50.7400016784668,51.18000030517578,40.162437438964844,128042
2016-05-11,51.15999984741211,51.349998474121094,50.41999816894531,50.59000015258789,39.69943618774414,109444
2016-05-12,50.900001525878906,50.900001525878906,49.9900016784668,50.459999084472656,39.59741973876953,136262
2016-05-13,50.13999938964844,50.429901123046875,49.959999084472656,50.2599983215332,39.44047546386719,79669
2016-05-16,50.380001068115234,50.790000915527344,49.939998626708984,50.599998474121094,39.7072868347168,88397
2016-05-17,50.0,51.02000045776367,49.790000915527344,50.61000061035156,39.71513748168945,138753
2016-05-18,50.61000061035156,50.869998931884766,50.029998779296875,50.529998779296875,39.6523551940918,126860
2016-05-19,50.18000030517578,50.86000061035156,50.029998779296875,50.61000061035156,39.71513748168945,121235
2016-05-20,50.849998474121094,51.86000061035156,50.380001068115234,51.5099983215332,40.4213981628418,134034
2016-05-23,51.66999816894531,51.81999969482422,50.959999084472656,51.52000045776367,40.42924880981445,116375
2016-05-24,51.529998779296875,51.810001373291016,50.8849983215332,51.59000015258789,40.48417663574219,192499
2016-05-25,51.619998931884766,52.380001068115234,51.619998931884766,52.349998474121094,41.08057403564453,137825
2016-05-26,52.540000915527344,52.86000061035156,52.2400016784668,52.79999923706055,41.433685302734375,96935
2016-05-27,52.9900016784668,53.47999954223633,52.82500076293945,53.470001220703125,41.9594612121582,150312
2016-05-31,53.66999816894531,54.0,52.91999816894531,53.880001068115234,42.28120422363281,157528
2016-06-01,53.5099983215332,54.13999938964844,53.5099983215332,53.91999816894531,42.312583923339844,225231
2016-06-02,53.650001525878906,54.36000061035156,53.54999923706055,54.150001525878906,42.49308395385742,207790
2016-06-03,54.119998931884766,54.119998931884766,53.27000045776367,53.38999938964844,41.89667892456055,245670
2016-06-06,53.31999969482422,54.08000183105469,53.31999969482422,53.81999969482422,42.23410415649414,198268
2016-06-07,53.779998779296875,53.91999816894531,53.659000396728516,53.91999816894531,42.312583923339844,239778
2016-06-08,54.060001373291016,54.130001068115234,53.56999969482422,53.66999816894531,42.116416931152344,210656
2016-06-09,53.209999084472656,53.27000045776367,52.83000183105469,52.939998626708984,41.54356002807617,244248
2016-06-10,52.790000915527344,53.310001373291016,52.099998474121094,52.220001220703125,40.97854232788086,271183
2016-06-13,51.97999954223633,52.279998779296875,51.459999084472656,51.84000015258789,40.68034744262695,249401
2016-06-14,50.5,51.29999923706055,47.68000030517578,48.5099983215332,38.067203521728516,501965
2016-06-15,48.939998626708984,51.16999816894531,48.779998779296875,50.7599983215332,39.832847595214844,530050
2016-06-16,50.4900016784668,50.7598991394043,49.029998779296875,49.63999938964844,38.953948974609375,282432
2016-06-17,49.560001373291016,50.27000045776367,49.47999954223633,50.0,39.2364501953125,470157
2016-06-20,50.41999816894531,51.279998779296875,50.400001525878906,50.68000030517578,39.77007293701172,225176
2016-06-21,50.68000030517578,51.150001525878906,50.33000183105469,50.790000915527344,39.85639190673828,154889
2016-06-22,50.880001068115234,51.45000076293945,50.880001068115234,51.040000915527344,40.052574157714844,228248
2016-06-23,52.43000030517578,52.5,51.939998626708984,51.97999954223633,40.790225982666016,349563
2016-06-24,50.0,50.54999923706055,49.439998626708984,49.459999084472656,38.81269073486328,357315
2016-06-27,48.88999938964844,48.91999816894531,48.084999084472656,48.459999084472656,38.02797317504883,192691
2016-06-28,48.86000061035156,49.2599983215332,48.529998779296875,48.77000045776367,38.2712287902832,470290
2016-06-29,49.380001068115234,50.81999969482422,49.380001068115234,50.7400016784668,39.81715393066406,244847
2016-06-30,50.95000076293945,52.220001220703125,50.939998626708984,52.18000030517578,40.94715118408203,240971
2016-07-01,52.02000045776367,52.619998931884766,51.88999938964844,52.33000183105469,41.3102912902832,249484
2016-07-05,51.900001525878906,52.11000061035156,51.130001068115234,51.66999816894531,40.78925704956055,221555
2016-07-06,51.52000045776367,52.33000183105469,51.189998626708984,52.15999984741211,41.17609405517578,195553
2016-07-07,52.15999984741211,52.75,51.849998474121094,52.06999969482422,41.105037689208984,173314
2016-07-08,52.29999923706055,53.06999969482422,52.2400016784668,53.06999969482422,41.89445877075195,221238
2016-07-11,53.34000015258789,53.77000045776367,53.06999969482422,53.63999938964844,42.34443283081055,209709
2016-07-12,54.060001373291016,54.970001220703125,54.060001373291016,54.90999984741211,43.346988677978516,187114
2016-07-13,55.0,55.380001068115234,54.81999969482422,54.91999816894531,43.35487365722656,513706
2016-07-14,55.349998474121094,55.459999084472656,54.900001525878906,55.349998474121094,43.694332122802734,171905
2016-07-15,55.18000030517578,55.4900016784668,54.37009811401367,55.459999084472656,43.78117752075195,132257
2016-07-18,55.459999084472656,56.16999816894531,55.290000915527344,56.029998779296875,44.23114013671875,309113
2016-07-19,55.77000045776367,56.349998474121094,55.59000015258789,56.22999954223633,44.38903045654297,269731
2016-07-20,56.2400016784668,56.869998931884766,55.9900016784668,56.720001220703125,44.775848388671875,376937
2016-07-21,56.7599983215332,57.27000045776367,56.15999984741211,56.27000045776367,44.42060089111328,301977
2016-07-22,56.459999084472656,57.04999923706055,55.959999084472656,57.02000045776367,45.01266860961914,212939
2016-07-25,57.040000915527344,57.20000076293945,56.25,56.380001068115234,44.507450103759766,217501
2016-07-26,56.40999984741211,56.869998931884766,56.34000015258789,56.689998626708984,44.75215530395508,133692
2016-07-27,56.959999084472656,57.209999084472656,56.529998779296875,56.880001068115234,44.90214538574219,283784
2016-07-28,56.880001068115234,56.970001220703125,56.540000915527344,56.540000915527344,44.63373565673828,189529
2016-07-29,56.619998931884766,57.779998779296875,56.47999954223633,57.70000076293945,45.54948425292969,626818
2016-08-01,57.61000061035156,57.650001525878906,56.93000030517578,57.439998626708984,45.34422302246094,270317
2016-08-02,57.470001220703125,57.58000183105469,56.77000045776367,56.77000045776367,44.81531524658203,223254
2016-08-03,56.900001525878906,57.130001068115234,56.31999969482422,56.439998626708984,44.5548095703125,281540
2016-08-04,56.20000076293945,56.91999816894531,56.20000076293945,56.720001220703125,44.775848388671875,136272
2016-08-05,56.88999938964844,57.698001861572266,56.16999816894531,57.040000915527344,45.02845001220703,276907
2016-08-08,57.18000030517578,58.2598991394043,56.83000183105469,56.97999954223633,44.98108673095703,179576
2016-08-09,57.060001373291016,57.560001373291016,56.77000045776367,56.83000183105469,44.8626823425293,155336
2016-08-10,56.900001525878906,56.900001525878906,56.470001220703125,56.72999954223633,44.78373718261719,177700
2016-08-11,56.97999954223633,57.06999969482422,56.709999084472656,56.7599983215332,44.80742263793945,118027
2016-08-12,56.540000915527344,56.93000030517578,56.5,56.849998474121094,44.87846755981445,169541
2016-08-15,57.18000030517578,57.68000030517578,56.790000915527344,57.41999816894531,45.32843017578125,97168
2016-08-16,57.43000030517578,57.66999816894531,56.95000076293945,57.380001068115234,45.2968635559082,137729
2016-08-17,57.439998626708984,57.79999923706055,57.12990188598633,57.650001525878906,45.50999450683594,143102
2016-08-18,57.63999938964844,58.10499954223633,57.47999954223633,57.939998626708984,45.738929748535156,261809
2016-08-19,57.95000076293945,58.400001525878906,57.779998779296875,58.25,45.98365020751953,129734
2016-08-22,58.13999938964844,58.220001220703125,57.76499938964844,58.040000915527344,45.81787872314453,117725
2016-08-23,58.40999984741211,58.75,58.150001525878906,58.220001220703125,45.9599723815918,105378
2016-08-24,58.33000183105469,58.5098991394043,57.959999084472656,58.22999954223633,45.967864990234375,127802
2016-08-25,58.06999969482422,58.52000045776367,58.06999969482422,58.43000030517578,46.1257438659668,82603
2016-08-26,58.59000015258789,58.75,57.9900016784668,58.529998779296875,46.204681396484375,125592
2016-08-29,58.86000061035156,58.86000061035156,58.23500061035156,58.40999984741211,46.10996627807617,126756
2016-08-30,58.08000183105469,58.54999923706055,58.08000183105469,58.380001068115234,46.08627700805664,88893
2016-08-31,58.47999954223633,58.630001068115234,57.810001373291016,58.130001068115234,45.88892364501953,163124
2016-09-01,58.2400016784668,58.31999969482422,57.63999938964844,58.29999923706055,46.02311706542969,171686
2016-09-02,58.459999084472656,58.83000183105469,58.349998474121094,58.79999923706055,46.41783142089844,188820
2016-09-06,58.560001373291016,58.650001525878906,57.459999084472656,58.31999969482422,46.038917541503906,304245
2016-09-07,57.0,58.029998779296875,54.09000015258789,54.380001068115234,42.92860412597656,514459
2016-09-08,54.040000915527344,54.130001068115234,51.369998931884766,52.22999954223633,41.23133850097656,676002
2016-09-09,51.79999923706055,51.849998474121094,50.150001525878906,50.189998626708984,39.62094497680664,396146
2016-09-12,50.040000915527344,50.310001373291016,49.59000015258789,49.90999984741211,39.39988708496094,375746
2016-09-13,49.599998474121094,49.689998626708984,48.97999954223633,49.060001373291016,38.728885650634766,407453
2016-09-14,49.4900016784668,49.4900016784668,48.94660186767578,49.060001373291016,38.728885650634766,188605
2016-09-15,49.04999923706055,49.77000045776367,48.650001525878906,49.599998474121094,39.155181884765625,232649
2016-09-16,49.599998474121094,49.599998474121094,48.7599983215332,48.81999969482422,38.539424896240234,739706
2016-09-19,49.11000061035156,49.619998931884766,48.7599983215332,49.380001068115234,38.981502532958984,291220
2016-09-20,49.7599983215332,49.7599983215332,49.130001068115234,49.439998626708984,39.02886199951172,173985
2016-09-21,49.529998779296875,49.90999984741211,48.400001525878906,49.13999938964844,38.79204559326172,355132
2016-09-22,49.25,50.279998779296875,49.220001220703125,50.130001068115234,39.573570251464844,220541
2016-09-23,49.849998474121094,50.2400016784668,49.54999923706055,50.119998931884766,39.565673828125,182720
2016-09-26,49.72999954223633,50.220001220703125,49.27000045776367,49.709999084472656,39.24201202392578,204472
2016-09-27,49.70000076293945,50.13999938964844,49.540000915527344,49.88999938964844,39.38411331176758,167655
2016-09-28,51.06999969482422,52.38999938964844,50.72999954223633,51.02000045776367,40.276153564453125,297164
2016-09-29,51.18000030517578,51.18000030517578,50.20000076293945,50.20000076293945,39.62883758544922,183004
2016-09-30,50.400001525878906,51.77000045776367,50.185001373291016,51.61000061035156,40.99506759643555,296815
2016-10-03,51.18000030517578,51.779998779296875,50.97999954223633,51.779998779296875,41.130104064941406,228954
2016-10-04,51.86000061035156,52.22999954223633,50.290000915527344,50.47999954223633,40.09748458862305,169598
2016-10-05,50.650001525878906,50.66999816894531,50.189998626708984,50.29999923706055,39.95450210571289,167960
2016-10-06,50.29999923706055,51.65999984741211,49.893001556396484,51.54999923706055,40.9473991394043,188108
2016-10-07,51.41999816894531,51.89799880981445,50.56999969482422,51.20000076293945,40.66939163208008,185251
2016-10-10,51.290000915527344,52.04999923706055,51.279998779296875,52.029998779296875,41.32868576049805,209850
2016-10-11,51.599998474121094,51.88999938964844,50.900001525878906,51.099998474121094,40.58995819091797,177876
2016-10-12,51.2400016784668,51.93000030517578,51.029998779296875,51.369998931884766,40.80442810058594,130477
2016-10-13,50.88999938964844,51.56999969482422,50.880001068115234,51.130001068115234,40.61379623413086,133652
2016-10-14,51.45000076293945,52.03499984741211,51.310001373291016,51.43000030517578,40.852088928222656,142283
2016-10-17,51.290000915527344,51.45000076293945,50.790000915527344,51.08000183105469,40.57406997680664,173851
2016-10-18,51.5,51.91999816894531,51.22999954223633,51.29999923706055,40.74883270263672,119083
2016-10-19,51.529998779296875,51.79999923706055,51.150001525878906,51.380001068115234,40.81236267089844,110942
2016-10-20,51.209999084472656,52.150001525878906,51.209999084472656,51.779998779296875,41.130104064941406,160356
2016-10-21,51.86000061035156,52.27000045776367,51.06999969482422,51.720001220703125,41.08245086669922,155145
2016-10-24,52.45000076293945,52.45000076293945,51.400001525878906,51.650001525878906,41.0268440246582,65995
2016-10-25,51.650001525878906,51.95000076293945,51.20000076293945,51.599998474121094,40.98712921142578,185199
2016-10-26,51.29999923706055,51.650001525878906,51.150001525878906,51.599998474121094,40.98712921142578,224333
2016-10-27,51.95000076293945,51.95000076293945,50.04999923706055,50.5,40.11336898803711,179301
2016-10-28,50.45000076293945,51.400001525878906,50.400001525878906,50.650001525878906,40.232521057128906,199610
2016-10-31,50.54999923706055,51.70000076293945,50.04999923706055,51.599998474121094,40.98712921142578,760312
2016-11-01,51.79999923706055,51.849998474121094,50.900001525878906,51.650001525878906,41.0268440246582,160854
2016-11-02,51.349998474121094,51.79999923706055,50.45000076293945,50.5,40.11336898803711,172764
2016-11-03,50.599998474121094,50.75,49.75,49.79999923706055,39.557342529296875,149266
2016-11-04,49.900001525878906,51.29999923706055,49.45000076293945,50.0,39.716209411621094,145776
2016-11-07,51.20000076293945,51.900001525878906,50.79999923706055,51.29999923706055,40.74883270263672,125651
2016-11-08,51.45000076293945,51.79999923706055,51.20000076293945,51.5,40.907691955566406,94348
2016-11-09,50.900001525878906,52.54999923706055,50.849998474121094,52.5,41.70201873779297,121778
2016-11-10,52.95000076293945,53.29999923706055,52.150001525878906,52.25,41.50343704223633,132521
2016-11-11,52.29999923706055,53.79999923706055,51.900001525878906,53.75,42.694923400878906,175431
2016-11-14,53.5,55.20000076293945,53.5,55.04999923706055,43.727535247802734,116589
2016-11-15,55.29999923706055,55.29999923706055,54.29999923706055,54.400001525878906,43.21123504638672,121556
2016-11-16,54.400001525878906,55.150001525878906,54.150001525878906,54.599998474121094,43.37009811401367,164422
2016-11-17,54.20000076293945,54.79999923706055,53.900001525878906,54.5,43.29065704345703,118858
2016-11-18,54.70000076293945,54.70000076293945,53.75,53.849998474121094,42.774349212646484,136828
2016-11-21,53.849998474121094,54.54999923706055,53.849998474121094,54.400001525878906,43.21123504638672,113510
2016-11-22,54.599998474121094,55.04999923706055,54.349998474121094,54.95000076293945,43.648101806640625,121891
2016-11-23,54.5,54.900001525878906,54.099998474121094,54.70000076293945,43.449527740478516,120156
2016-11-25,54.849998474121094,55.79999923706055,54.45000076293945,55.650001525878906,44.204139709472656,69335
2016-11-28,55.45000076293945,55.650001525878906,54.900001525878906,55.20000076293945,43.84669494628906,107524
2016-11-29,55.349998474121094,56.0,54.85499954223633,55.29999923706055,43.92612075805664,131242
2016-11-30,55.29999923706055,55.900001525878906,54.599998474121094,54.849998474121094,43.56867980957031,138770
2016-12-01,55.04999923706055,55.599998474121094,54.525001525878906,54.849998474121094,43.56867980957031,222919
2016-12-02,54.75,55.900001525878906,53.849998474121094,54.0,42.89350128173828,147196
2016-12-05,54.45000076293945,54.900001525878906,54.0,54.25,43.09208297729492,297564
2016-12-06,54.45000076293945,55.400001525878906,53.79999923706055,54.599998474121094,43.37009811401367,588702
2016-12-07,54.54999923706055,56.75,53.349998474121094,56.04999923706055,44.52186965942383,434771
2016-12-08,56.150001525878906,57.04999923706055,54.95000076293945,56.79999923706055,45.11760711669922,183324
2016-12-09,56.849998474121094,57.45000076293945,56.29999923706055,57.400001525878906,45.594200134277344,142076
2016-12-12,57.099998474121094,57.20000076293945,55.900001525878906,56.349998474121094,44.76016616821289,153690
2016-12-13,56.599998474121094,57.0,55.650001525878906,56.150001525878906,44.60129165649414,197410
2016-12-14,56.0,56.20000076293945,55.099998474121094,55.5,44.084991455078125,195255
2016-12-15,55.349998474121094,56.70000076293945,55.349998474121094,56.04999923706055,44.52186965942383,128089
2016-12-16,56.0,56.349998474121094,55.20000076293945,55.29999923706055,43.92612075805664,740797
2016-12-19,55.25,56.099998474121094,55.25,55.599998474121094,44.1644172668457,174422
2016-12-20,55.75,56.54999923706055,55.724998474121094,56.349998474121094,44.76016616821289,200033
2016-12-21,56.0,56.5,55.29999923706055,55.349998474121094,43.96583557128906,132738
2016-12-22,55.20000076293945,55.5,54.150001525878906,54.25,43.33478927612305,114582
2016-12-23,54.150001525878906,55.099998474121094,54.04999923706055,54.70000076293945,43.69425582885742,119838
2016-12-27,54.75,55.400001525878906,54.70000076293945,54.849998474121094,43.81407165527344,140925
2016-12-28,54.599998474121094,54.94499969482422,53.95000076293945,54.099998474121094,43.21497344970703,132224
2016-12-29,54.25,54.900001525878906,53.79999923706055,54.29999923706055,43.37472152709961,186652
2016-12-30,54.20000076293945,54.79999923706055,53.79999923706055,54.5,43.534481048583984,230043
2017-01-03,55.0,55.650001525878906,54.150001525878906,54.5,43.534481048583984,174763
2017-01-04,54.54999923706055,55.70000076293945,54.20000076293945,55.099998474121094,44.013771057128906,206083
2017-01-05,54.95000076293945,55.375,54.20000076293945,55.20000076293945,44.09364700317383,218939
2017-01-06,55.04999923706055,55.70000076293945,54.650001525878906,55.099998474121094,44.013771057128906,196626
2017-01-09,55.099998474121094,56.0,54.900001525878906,55.849998474121094,44.61286926269531,227447
2017-01-10,56.04999923706055,57.5,55.849998474121094,57.400001525878906,45.85100555419922,182513
2017-01-11,57.150001525878906,57.75,57.04999923706055,57.5,45.93088150024414,150546
2017-01-12,57.25,57.25,56.099998474121094,57.0,45.53147506713867,116608
2017-01-13,57.400001525878906,57.75,57.099998474121094,57.29999923706055,45.7711181640625,114983
2017-01-17,56.849998474121094,57.599998474121094,56.25,56.650001525878906,45.25190734863281,131721
2017-01-18,56.599998474121094,56.95000076293945,55.5,55.849998474121094,44.61286926269531,261427
2017-01-19,55.650001525878906,56.20000076293945,55.20000076293945,56.04999923706055,44.77263259887695,187693
2017-01-20,55.900001525878906,56.5,54.54999923706055,54.79999923706055,43.774139404296875,225473
2017-01-23,54.5,54.75,53.849998474121094,54.25,43.33478927612305,238458
2017-01-24,54.349998474121094,54.54999923706055,53.400001525878906,54.0,43.13508605957031,251896
2017-01-25,54.29999923706055,55.349998474121094,53.45000076293945,54.150001525878906,43.254913330078125,295701
2017-01-26,54.349998474121094,54.400001525878906,54.0,54.400001525878906,43.454612731933594,215530
2017-01-27,54.400001525878906,54.5,53.900001525878906,54.5,43.534481048583984,173848
2017-01-30,54.099998474121094,55.0,53.70000076293945,54.900001525878906,43.8540153503418,239125
2017-01-31,55.0,55.29999923706055,54.099998474121094,55.099998474121094,44.013771057128906,821459
2017-02-01,55.400001525878906,55.650001525878906,54.0,54.400001525878906,43.454612731933594,178932
2017-02-02,54.599998474121094,55.0,53.79999923706055,54.20000076293945,43.29485321044922,179626
2017-02-03,54.45000076293945,55.04999923706055,54.25,54.900001525878906,43.8540153503418,115440
2017-02-06,54.95000076293945,55.150001525878906,54.45000076293945,54.599998474121094,43.61437225341797,129473
2017-02-07,54.599998474121094,54.849998474121094,54.25,54.5,43.534481048583984,94240
2017-02-08,54.349998474121094,54.54999923706055,53.349998474121094,54.349998474121094,43.414669036865234,100533
2017-02-09,54.650001525878906,55.099998474121094,54.29999923706055,55.04999923706055,43.973819732666016,90355
2017-02-10,55.099998474121094,55.599998474121094,54.099998474121094,55.5,44.33329391479492,122603
2017-02-13,55.599998474121094,56.25,55.29999923706055,56.25,44.9323844909668,133123
2017-02-14,55.95000076293945,56.099998474121094,55.400001525878906,55.849998474121094,44.61286926269531,122630
2017-02-15,55.54999923706055,56.400001525878906,55.5,56.29999923706055,44.97232437133789,78926
2017-02-16,56.25,56.54999923706055,55.75,56.5,45.13208770751953,142177
2017-02-17,55.900001525878906,56.75,55.900001525878906,56.75,45.33177947998047,95107
2017-02-21,56.599998474121094,57.349998474121094,56.599998474121094,57.04999923706055,45.57142639160156,141222
2017-02-22,56.599998474121094,56.599998474121094,54.150001525878906,54.29999923706055,43.37472152709961,347972
2017-02-23,54.70000076293945,54.70000076293945,53.0,53.04999923706055,42.37622833251953,250319
2017-02-24,53.04999923706055,53.099998474121094,52.099998474121094,52.5,41.936893463134766,301611
2017-02-27,52.29999923706055,52.849998474121094,52.25,52.79999923706055,42.17654037475586,308638
2017-02-28,53.29999923706055,53.29999923706055,52.150001525878906,52.20000076293945,41.697265625,216323
2017-03-01,52.70000076293945,53.04999923706055,52.349998474121094,52.54999923706055,41.97684097290039,312862
2017-03-02,52.349998474121094,52.54999923706055,52.150001525878906,52.5,41.936893463134766,186427
2017-03-03,52.20000076293945,52.525001525878906,51.849998474121094,52.5,41.936893463134766,312194
2017-03-06,52.150001525878906,52.54999923706055,51.974998474121094,52.349998474121094,41.817073822021484,284880
2017-03-07,52.349998474121094,53.900001525878906,51.29999923706055,51.75,41.337799072265625,435406
2017-03-08,50.5,52.54999923706055,49.0,52.29999923706055,41.77713394165039,318059
2017-03-09,52.099998474121094,52.900001525878906,51.95000076293945,52.70000076293945,42.09665298461914,199530
2017-03-10,53.0,53.9109001159668,52.25,52.95000076293945,42.296356201171875,200317
2017-03-13,52.75,53.0,52.099998474121094,52.650001525878906,42.05670928955078,190570
2017-03-14,52.5,52.849998474121094,52.0,52.54999923706055,41.97684097290039,156698
2017-03-15,53.0,53.79999923706055,52.79999923706055,53.400001525878906,42.65582275390625,190056
2017-03-16,53.79999923706055,54.04999923706055,53.54999923706055,53.95000076293945,43.095149993896484,147828
2017-03-17,54.099998474121094,54.349998474121094,53.79999923706055,53.95000076293945,43.095149993896484,387878
2017-03-20,53.79999923706055,54.45000076293945,53.650001525878906,53.79999923706055,42.97532272338867,121451
2017-03-21,53.79999923706055,54.0,52.5,53.099998474121094,42.41616439819336,193751
2017-03-22,52.849998474121094,53.5,52.599998474121094,53.20000076293945,42.496055603027344,262325
2017-03-23,53.0,53.70000076293945,52.75,52.849998474121094,42.21647644042969,152130
2017-03-24,53.099998474121094,53.349998474121094,52.400001525878906,52.5,41.936893463134766,153521
2017-03-27,52.099998474121094,52.599998474121094,51.70000076293945,52.45000076293945,41.896949768066406,161480
2017-03-28,52.099998474121094,53.45000076293945,52.099998474121094,52.95000076293945,42.296356201171875,111439
2017-03-29,52.70000076293945,53.599998474121094,52.650001525878906,53.29999923706055,42.57592010498047,183418
2017-03-30,53.0,53.5,52.79999923706055,53.0,42.33629608154297,214891
2017-03-31,52.79999923706055,54.900001525878906,52.75,53.79999923706055,43.22816848754883,270892
2017-04-03,54.0,54.0,52.900001525878906,53.29999923706055,42.826412200927734,167540
2017-04-04,53.04999923706055,53.95000076293945,52.79999923706055,53.349998474121094,42.866607666015625,178684
2017-04-05,53.599998474121094,54.150001525878906,52.650001525878906,52.650001525878906,42.30414962768555,182331
2017-04-06,52.70000076293945,53.099998474121094,52.150001525878906,52.650001525878906,42.30414962768555,158724
2017-04-07,52.54999923706055,53.04999923706055,52.099998474121094,52.29999923706055,42.02293014526367,177902
2017-04-10,52.150001525878906,52.900001525878906,51.95000076293945,52.25,41.982749938964844,261976
2017-04-11,52.04999923706055,52.650001525878906,51.849998474121094,52.650001525878906,42.30414962768555,297938
2017-04-12,52.400001525878906,52.5,51.5,51.95000076293945,41.74170684814453,150199
2017-04-13,51.900001525878906,52.07500076293945,51.099998474121094,51.20000076293945,41.13908004760742,139692
2017-04-17,51.45000076293945,52.099998474121094,51.349998474121094,51.95000076293945,41.74170684814453,168514
2017-04-18,51.54999923706055,52.400001525878906,51.25,52.099998474121094,41.86222457885742,171511
2017-04-19,52.400001525878906,53.349998474121094,52.400001525878906,53.25,42.786251068115234,186001
2017-04-20,53.599998474121094,54.5,53.349998474121094,54.20000076293945,43.54957580566406,209198
2017-04-21,54.29999923706055,54.29999923706055,53.54999923706055,53.54999923706055,43.02729415893555,129693
2017-04-24,54.04999923706055,54.25,53.70000076293945,54.04999923706055,43.429054260253906,122727
2017-04-25,54.45000076293945,55.0,54.150001525878906,54.5,43.790626525878906,225391
2017-04-26,54.70000076293945,55.04999923706055,54.5,54.599998474121094,43.870975494384766,169152
2017-04-27,54.599998474121094,54.900001525878906,54.0,54.25,43.58975601196289,130625
2017-04-28,54.29999923706055,54.29999923706055,52.650001525878906,52.70000076293945,42.344329833984375,446472
2017-05-01,52.70000076293945,53.29999923706055,52.349998474121094,52.95000076293945,42.545204162597656,147215
2017-05-02,52.79999923706055,53.900001525878906,52.79999923706055,53.70000076293945,43.1478271484375,202693
2017-05-03,53.849998474121094,54.70000076293945,53.54999923706055,54.45000076293945,43.750450134277344,224773
2017-05-04,54.400001525878906,54.599998474121094,53.25,53.45000076293945,42.946956634521484,106088
2017-05-05,53.79999923706055,54.45000076293945,53.150001525878906,53.75,43.18799591064453,86801
2017-05-08,53.349998474121094,53.5,51.25,51.5,41.380130767822266,292290
2017-05-09,51.5,52.54999923706055,51.5,52.54999923706055,42.22381591796875,221345
2017-05-10,52.29999923706055,52.849998474121094,51.54999923706055,52.5,42.18363571166992,170620
2017-05-11,52.099998474121094,52.400001525878906,51.349998474121094,52.25,41.982749938964844,105224
2017-05-12,52.25,52.25,51.650001525878906,51.95000076293945,41.74170684814453,79062
2017-05-15,52.099998474121094,52.29999923706055,51.54999923706055,51.650001525878906,41.50065994262695,107202
2017-05-16,51.599998474121094,51.70000076293945,50.75,50.79999923706055,40.81768798828125,130262
2017-05-17,50.400001525878906,50.5,49.900001525878906,50.0,40.17489242553711,146482
2017-05-18,49.650001525878906,50.29999923706055,49.5,49.75,39.97400665283203,208561
2017-05-19,50.099998474121094,51.099998474121094,49.75,50.70000076293945,40.737327575683594,127770
2017-05-22,50.75,51.20000076293945,50.54999923706055,50.650001525878906,40.69715881347656,85479
2017-05-23,50.900001525878906,51.20000076293945,50.54999923706055,51.150001525878906,41.09891128540039,102574
2017-05-24,51.29999923706055,51.349998474121094,50.150001525878906,50.349998474121094,40.45610427856445,127076
2017-05-25,50.349998474121094,50.599998474121094,50.07500076293945,50.400001525878906,40.49628448486328,95279
2017-05-26,50.25,51.025001525878906,50.25,50.900001525878906,40.89802932739258,131317
2017-05-30,50.599998474121094,51.45000076293945,50.5,50.900001525878906,40.89802932739258,126532
2017-05-31,50.849998474121094,51.400001525878906,50.25,50.70000076293945,40.737327575683594,168253
2017-06-01,50.75,51.45000076293945,50.650001525878906,51.45000076293945,41.33995819091797,220003
2017-06-02,51.349998474121094,51.5,50.78300094604492,51.25,41.179256439208984,168921
2017-06-05,51.29999923706055,52.099998474121094,50.849998474121094,51.54999923706055,41.4202995300293,164004
2017-06-06,51.20000076293945,51.849998474121094,51.20000076293945,51.45000076293945,41.33995819091797,214088
2017-06-07,51.20000076293945,51.349998474121094,50.82500076293945,51.29999923706055,41.21943283081055,317338
2017-06-08,51.25,52.775001525878906,51.04999923706055,52.0,41.7818717956543,166290
2017-06-09,52.70000076293945,52.70000076293945,51.775001525878906,51.849998474121094,41.661354064941406,143276
2017-06-12,51.900001525878906,52.32500076293945,51.349998474121094,52.0,41.7818717956543,415355
2017-06-13,52.0,54.625,51.0,54.400001525878906,43.71028137207031,351234
2017-06-14,54.20000076293945,54.25,52.5,52.599998474121094,42.263973236083984,297519
2017-06-15,52.150001525878906,53.0,51.150001525878906,52.75,42.384498596191406,256536
2017-06-16,52.5,53.29999923706055,51.70000076293945,53.20000076293945,42.7460823059082,721830
2017-06-19,53.150001525878906,53.5,52.04999923706055,52.5,42.18363571166992,265527
2017-06-20,52.29999923706055,52.75,51.29999923706055,51.349998474121094,41.259605407714844,167588
2017-06-21,51.45000076293945,52.5,51.349998474121094,51.75,41.58100891113281,246378
2017-06-22,52.150001525878906,52.20000076293945,51.20000076293945,51.95000076293945,41.74170684814453,251934
2017-06-23,51.5,52.599998474121094,51.275001525878906,52.20000076293945,41.94257736206055,437096
2017-06-26,51.95000076293945,53.0,51.599998474121094,52.75,42.384498596191406,197027
2017-06-27,52.599998474121094,52.849998474121094,52.099998474121094,52.20000076293945,41.94257736206055,142419
2017-06-28,52.70000076293945,53.849998474121094,52.32500076293945,53.79999923706055,43.22816848754883,229589
2017-06-29,53.95000076293945,53.95000076293945,52.45000076293945,52.95000076293945,42.545204162597656,318731
2017-06-30,52.75,53.20000076293945,52.0,52.75,42.64220428466797,351272
2017-07-03,52.75,53.75,52.54999923706055,53.45000076293945,43.20808029174805,222871
2017-07-05,53.45000076293945,53.45000076293945,52.400001525878906,52.599998474121094,42.52094650268555,271578
2017-07-06,52.400001525878906,53.400001525878906,52.150001525878906,52.5,42.440120697021484,251204
2017-07-07,51.900001525878906,52.852500915527344,51.900001525878906,52.75,42.64220428466797,117117
2017-07-10,52.79999923706055,53.0,52.54999923706055,52.79999923706055,42.68263244628906,151075
2017-07-11,52.95000076293945,52.95000076293945,52.400001525878906,52.5,42.440120697021484,169833
2017-07-12,52.70000076293945,53.29999923706055,52.45000076293945,52.54999923706055,42.48054504394531,123954
2017-07-13,52.5,52.79999923706055,52.29999923706055,52.70000076293945,42.60178756713867,88287
2017-07-14,52.79999923706055,53.54999923706055,52.79999923706055,53.25,43.0463981628418,112035
2017-07-17,53.400001525878906,53.849998474121094,53.0,53.45000076293945,43.20808029174805,121729
2017-07-18,53.400001525878906,53.400001525878906,52.900001525878906,53.150001525878906,42.96556091308594,151903
2017-07-19,53.349998474121094,54.29999923706055,53.25,54.150001525878906,43.77394104003906,141127
2017-07-20,54.20000076293945,54.849998474121094,54.099998474121094,54.45000076293945,44.01646041870117,120730
2017-07-21,54.20000076293945,54.349998474121094,53.5,54.20000076293945,43.814361572265625,143558
2017-07-24,54.29999923706055,54.900001525878906,53.95000076293945,54.599998474121094,44.13772201538086,157672
2017-07-25,55.20000076293945,55.70000076293945,53.650001525878906,55.400001525878906,44.78443145751953,257092
2017-07-26,54.0,55.54999923706055,54.0,54.650001525878906,44.17813491821289,149884
2017-07-27,54.75,55.5,54.0,55.45000076293945,44.824851989746094,130348
2017-07-28,55.45000076293945,55.650001525878906,55.150001525878906,55.25,44.66316223144531,124315
2017-07-31,55.20000076293945,55.349998474121094,54.900001525878906,55.25,44.66316223144531,290132
2017-08-01,55.25,55.900001525878906,54.70000076293945,54.95000076293945,44.4206428527832,174323
2017-08-02,54.95000076293945,54.95000076293945,54.20000076293945,54.54999923706055,44.09729766845703,182850
2017-08-03,54.70000076293945,54.95000076293945,54.375,54.599998474121094,44.13772201538086,87988
2017-08-04,54.54999923706055,54.900001525878906,54.29999923706055,54.75,44.25897979736328,100669
2017-08-07,54.75,54.900001525878906,54.29999923706055,54.54999923706055,44.09729766845703,79308
2017-08-08,54.099998474121094,54.900001525878906,54.04999923706055,54.400001525878906,43.97604751586914,93230
2017-08-09,54.20000076293945,54.45000076293945,53.849998474121094,54.04999923706055,43.69310760498047,116778
2017-08-10,54.099998474121094,54.150001525878906,53.599998474121094,53.70000076293945,43.41017150878906,131284
2017-08-11,53.29999923706055,54.349998474121094,53.04999923706055,53.900001525878906,43.57184982299805,102409
2017-08-14,54.45000076293945,54.5,53.900001525878906,54.0,43.65269088745117,188946
2017-08-15,54.04999923706055,54.349998474121094,53.54999923706055,53.54999923706055,43.28891372680664,76869
2017-08-16,53.70000076293945,54.474998474121094,53.70000076293945,54.099998474121094,43.7335205078125,127675
2017-08-17,54.25,54.25,53.349998474121094,53.400001525878906,43.16765594482422,105558
2017-08-18,53.25,53.400001525878906,53.04999923706055,53.099998474121094,42.92514419555664,83258
2017-08-21,53.150001525878906,53.599998474121094,53.0,53.20000076293945,43.005985260009766,85677
2017-08-22,54.20000076293945,54.20000076293945,53.150001525878906,53.79999923706055,43.49100112915039,85754
2017-08-23,53.29999923706055,53.75,53.20000076293945,53.29999923706055,43.08680725097656,91142
2017-08-24,53.400001525878906,56.0,52.900001525878906,53.29999923706055,43.08680725097656,168909
2017-08-25,53.25,53.849998474121094,53.25,53.400001525878906,43.16765594482422,88265
2017-08-28,53.5,53.70000076293945,52.95000076293945,53.20000076293945,43.005985260009766,93753
2017-08-29,53.150001525878906,53.29999923706055,52.70000076293945,53.20000076293945,43.005985260009766,82364
2017-08-30,53.849998474121094,53.849998474121094,52.849998474121094,53.70000076293945,43.41017150878906,100647
2017-08-31,54.20000076293945,54.20000076293945,53.150001525878906,53.95000076293945,43.61227035522461,177580
2017-09-01,54.04999923706055,54.75,53.29999923706055,54.54999923706055,44.09729766845703,119835
2017-09-05,54.54999923706055,54.70000076293945,53.54999923706055,53.75,43.45059585571289,132599
2017-09-06,53.75,54.20000076293945,53.04999923706055,53.400001525878906,43.16765594482422,238063
2017-09-07,54.20000076293945,54.20000076293945,51.54999923706055,51.95000076293945,41.99550247192383,246402
2017-09-08,52.20000076293945,52.900001525878906,51.5,52.400001525878906,42.359275817871094,208273
2017-09-11,52.70000076293945,53.0,52.29999923706055,52.79999923706055,42.68263244628906,145511
2017-09-12,52.79999923706055,52.90079879760742,52.224998474121094,52.29999923706055,42.27843475341797,277070
2017-09-13,52.20000076293945,52.57500076293945,52.150001525878906,52.45000076293945,42.39969253540039,281572
2017-09-14,52.5,54.0,52.20000076293945,53.95000076293945,43.61227035522461,212825
2017-09-15,53.70000076293945,54.5,53.70000076293945,54.20000076293945,43.814361572265625,434232
2017-09-18,54.04999923706055,54.25,53.45000076293945,53.79999923706055,43.49100112915039,255608
2017-09-19,53.599998474121094,53.900001525878906,53.0,53.45000076293945,43.20808029174805,229256
2017-09-20,53.54999923706055,53.79999923706055,53.099998474121094,53.25,43.0463981628418,382325
2017-09-21,53.29999923706055,54.20000076293945,52.95000076293945,53.0,42.84429931640625,114939
2017-09-22,52.79999923706055,53.650001525878906,52.79999923706055,53.45000076293945,43.20808029174805,148711
2017-09-25,53.45000076293945,53.70000076293945,53.150001525878906,53.54999923706055,43.28891372680664,183265
2017-09-26,53.5,53.900001525878906,53.20000076293945,53.54999923706055,43.28891372680664,262208
2017-09-27,54.0,54.04999923706055,53.29999923706055,53.5,43.24849319458008,338852
2017-09-28,53.349998474121094,53.650001525878906,53.20000076293945,53.5,43.24849319458008,249981
2017-09-29,53.70000076293945,53.70000076293945,53.20000076293945,53.5,43.24849319458008,206955
2017-10-02,53.45000076293945,53.650001525878906,53.25,53.349998474121094,43.12724685668945,232601
2017-10-03,53.20000076293945,53.95000076293945,52.79999923706055,53.400001525878906,43.16765594482422,313397
2017-10-04,53.20000076293945,53.5,53.20000076293945,53.349998474121094,43.12724685668945,231641
2017-10-05,53.45000076293945,53.54999923706055,53.20000076293945,53.29999923706055,43.08680725097656,172798
2017-10-06,52.900001525878906,53.29999923706055,52.70000076293945,52.75,42.8997688293457,322139
2017-10-09,51.900001525878906,53.400001525878906,51.900001525878906,52.75,42.8997688293457,206430
2017-10-10,53.0,53.349998474121094,53.0,53.099998474121094,43.18440628051758,316287
2017-10-11,53.150001525878906,53.150001525878906,52.5,52.75,42.8997688293457,130047
2017-10-12,53.099998474121094,53.099998474121094,52.400001525878906,52.599998474121094,42.77777862548828,181788
2017-10-13,52.650001525878906,53.0,52.5,52.849998474121094,42.98109817504883,435322
2017-10-16,52.54999923706055,53.099998474121094,52.54999923706055,52.75,42.8997688293457,149114
2017-10-17,53.150001525878906,53.17499923706055,52.54999923706055,52.900001525878906,43.021759033203125,252558
2017-10-18,53.20000076293945,55.0,53.04999923706055,54.900001525878906,44.64830017089844,369865
2017-10-19,53.95000076293945,55.75,53.95000076293945,54.54999923706055,44.363643646240234,184793
2017-10-20,54.900001525878906,55.349998474121094,54.54999923706055,55.0,44.7296142578125,241401
2017-10-23,55.0,55.04999923706055,54.04999923706055,54.099998474121094,43.99767303466797,119267
2017-10-24,53.400001525878906,54.900001525878906,53.400001525878906,54.29999923706055,44.16033172607422,116726
2017-10-25,54.29999923706055,54.29999923706055,53.45000076293945,54.04999923706055,43.95701599121094,104775
2017-10-26,54.20000076293945,54.900001525878906,53.900001525878906,54.599998474121094,44.40431594848633,170846
2017-10-27,54.54999923706055,55.20000076293945,53.650001525878906,55.04999923706055,44.770267486572266,205271
2017-10-30,54.79999923706055,55.125,54.599998474121094,54.900001525878906,44.64830017089844,111321
2017-10-31,55.29999923706055,55.29999923706055,54.54999923706055,54.650001525878906,44.444969177246094,368189
2017-11-01,54.95000076293945,55.5,54.400001525878906,55.45000076293945,45.095584869384766,171582
2017-11-02,55.45000076293945,55.45000076293945,54.599998474121094,55.04999923706055,44.770267486572266,114959
2017-11-03,55.04999923706055,55.25,54.775001525878906,55.04999923706055,44.770267486572266,91319
2017-11-06,54.75,55.45000076293945,54.75,55.25,44.93292999267578,141900
2017-11-07,55.29999923706055,55.375,54.724998474121094,55.20000076293945,44.89227294921875,171093
2017-11-08,55.150001525878906,56.04999923706055,55.150001525878906,55.45000076293945,45.095584869384766,346585
2017-11-09,55.150001525878906,55.849998474121094,55.0,55.75,45.33957290649414,207015
2017-11-10,55.5,56.099998474121094,55.5,55.900001525878906,45.461551666259766,314112
2017-11-13,55.75,56.400001525878906,55.599998474121094,56.25,45.746192932128906,169897
2017-11-14,55.900001525878906,56.0,55.25,55.400001525878906,45.05492401123047,170656
2017-11-15,55.20000076293945,55.599998474121094,54.67499923706055,55.400001525878906,45.05492401123047,167716
2017-11-16,55.5,56.5,55.5,56.099998474121094,45.624210357666016,164936
2017-11-17,56.0,56.54999923706055,56.0,56.29999923706055,45.786861419677734,482466
2017-11-20,56.25,56.900001525878906,55.95000076293945,56.70000076293945,46.11216735839844,122157
2017-11-21,57.0,57.150001525878906,56.650001525878906,57.0,46.35614776611328,160855
2017-11-22,56.95000076293945,57.54999923706055,56.900001525878906,57.04999923706055,46.396812438964844,80744
2017-11-24,57.0,57.5,56.724998474121094,56.95000076293945,46.31548309326172,58122
2017-11-27,57.0,58.599998474121094,57.0,58.400001525878906,47.49471664428711,286507
2017-11-28,58.150001525878906,59.849998474121094,58.150001525878906,59.45000076293945,48.34864807128906,299635
2017-11-29,58.0,59.95000076293945,58.0,58.650001525878906,47.698028564453125,351354
2017-11-30,58.5,59.5,58.150001525878906,59.150001525878906,48.10466766357422,258044
2017-12-01,59.150001525878906,59.29999923706055,57.849998474121094,59.0,47.98267364501953,244089
2017-12-04,59.150001525878906,59.54999923706055,58.900001525878906,59.150001525878906,48.10466766357422,341936
2017-12-05,58.95000076293945,59.349998474121094,58.5,58.95000076293945,47.94200897216797,514850
2017-12-06,60.150001525878906,61.0,59.400001525878906,60.54999923706055,49.24324417114258,378039
2017-12-07,61.29999923706055,64.0999984741211,61.29999923706055,63.5,51.64237594604492,395117
2017-12-08,63.5,63.54999923706055,62.275001525878906,63.45000076293945,51.60171127319336,253044
2017-12-11,62.400001525878906,63.599998474121094,62.400001525878906,63.20000076293945,51.398399353027344,254686
2017-12-12,63.5,64.05000305175781,62.92499923706055,63.70000076293945,51.805030822753906,244483
2017-12-13,63.900001525878906,64.5,63.650001525878906,64.25,52.252323150634766,297960
2017-12-14,64.4000015258789,64.5999984741211,64.05000305175781,64.19999694824219,52.21166229248047,335614
2017-12-15,64.4000015258789,65.4000015258789,63.95000076293945,65.05000305175781,52.90293502807617,698767
2017-12-18,65.25,66.25,65.25,65.6500015258789,53.390892028808594,313943
2017-12-19,65.44999694824219,66.19999694824219,65.44999694824219,66.05000305175781,53.71620559692383,262543
2017-12-20,66.44999694824219,66.9000015258789,65.9000015258789,66.0,53.675537109375,351070
2017-12-21,66.19999694824219,66.2750015258789,65.5,66.1500015258789,53.79751968383789,230340
2017-12-22,65.94999694824219,66.0,65.44999694824219,65.69999694824219,53.69129180908203,129510
2017-12-26,65.5,66.0,65.4000015258789,65.44999694824219,53.48698425292969,82498
2017-12-27,65.5999984741211,65.80000305175781,65.25,65.75,53.732154846191406,140050
2017-12-28,66.05000305175781,66.05000305175781,65.3499984741211,65.6500015258789,53.65043258666992,108517
2017-12-29,65.9000015258789,66.3499984741211,65.55000305175781,65.75,53.732154846191406,157039
2018-01-02,65.6500015258789,66.75,65.30000305175781,66.5999984741211,54.426780700683594,372388
2018-01-03,66.55000305175781,66.94999694824219,65.20500183105469,65.55000305175781,53.5687141418457,307735
2018-01-04,66.0,66.0999984741211,65.6500015258789,66.05000305175781,53.97732162475586,376216
2018-01-05,66.0,66.80000305175781,65.8499984741211,66.6500015258789,54.467647552490234,219156
2018-01-08,66.6500015258789,67.0999984741211,66.3499984741211,66.4000015258789,54.263343811035156,203520
2018-01-09,66.69999694824219,67.05000305175781,66.19999694824219,66.19999694824219,54.099891662597656,171825
2018-01-10,66.0,66.05000305175781,64.55000305175781,64.9000015258789,53.03752136230469,258029
2018-01-11,65.19999694824219,65.69999694824219,64.69999694824219,65.0,53.119239807128906,188581
2018-01-12,65.44999694824219,65.44999694824219,64.80000305175781,65.19999694824219,53.282676696777344,302775
2018-01-16,66.5999984741211,66.6500015258789,65.0,65.1500015258789,53.241817474365234,261874
2018-01-17,65.30000305175781,65.44999694824219,64.80000305175781,65.0999984741211,53.20096969604492,169104
2018-01-18,64.9000015258789,65.80000305175781,64.69999694824219,65.80000305175781,53.773014068603516,194702
2018-01-19,65.69999694824219,66.1500015258789,65.44999694824219,66.1500015258789,54.05903625488281,186275
2018-01-22,65.75,66.05000305175781,65.1500015258789,66.0,53.93645477294922,191700
2018-01-23,65.9000015258789,67.44999694824219,65.69999694824219,67.4000015258789,55.080570220947266,309422
2018-01-24,67.55000305175781,68.19999694824219,67.55000305175781,67.8499984741211,55.44831085205078,328366
2018-01-25,68.4000015258789,68.4000015258789,65.30000305175781,65.80000305175781,53.773014068603516,219622
2018-01-26,66.1500015258789,67.0,65.3499984741211,65.69999694824219,53.69129180908203,142747
2018-01-29,65.94999694824219,66.0999984741211,65.5,65.69999694824219,53.69129180908203,211937
2018-01-30,65.75,65.9000015258789,64.6500015258789,64.69999694824219,52.87406921386719,236056
2018-01-31,64.94999694824219,65.44999694824219,63.150001525878906,63.400001525878906,51.81169509887695,1027871
2018-02-01,63.349998474121094,64.80000305175781,63.25,64.55000305175781,52.751495361328125,258156
2018-02-02,64.25,64.3499984741211,62.73429870605469,63.0,51.48479461669922,131276
2018-02-05,62.349998474121094,62.95000076293945,61.35499954223633,61.75,50.46327209472656,208367
2018-02-06,61.099998474121094,63.45000076293945,60.75,63.04999923706055,51.52566146850586,331818
2018-02-07,63.04999923706055,63.36199951171875,62.54999923706055,62.900001525878906,51.403072357177734,226570
2018-02-08,63.0,63.04999923706055,61.25,61.25,50.054656982421875,167191
2018-02-09,61.650001525878906,63.0,60.70000076293945,62.650001525878906,51.19878005981445,228947
2018-02-12,62.849998474121094,63.75,62.25,63.5,51.89341354370117,208878
2018-02-13,63.0,63.82500076293945,62.400001525878906,63.650001525878906,52.0159912109375,163971
2018-02-14,63.54999923706055,64.8499984741211,63.20000076293945,64.75,52.91493606567383,200795
2018-02-15,65.0999984741211,65.25,63.849998474121094,64.8499984741211,52.996646881103516,199485
2018-02-16,65.44999694824219,65.55000305175781,64.80000305175781,64.94999694824219,53.078372955322266,515001
2018-02-20,64.55000305175781,65.19999694824219,64.3499984741211,64.9000015258789,53.03752136230469,145526
2018-02-21,65.05000305175781,65.8499984741211,64.05000305175781,65.25,53.323543548583984,167287
2018-02-22,65.5,65.92500305175781,64.9000015258789,65.0999984741211,53.20096969604492,136419
2018-02-23,65.4000015258789,65.6500015258789,64.9000015258789,65.5,53.52784729003906,222623
2018-02-26,65.69999694824219,65.80000305175781,65.25,65.5,53.52784729003906,216194
2018-02-27,65.6500015258789,65.8499984741211,64.4000015258789,64.8499984741211,52.996646881103516,194753
2018-02-28,65.25,65.25,64.1500015258789,64.25,52.50632095336914,344569
2018-03-01,64.5,65.0999984741211,63.599998474121094,64.05000305175781,52.34288024902344,209146
2018-03-02,62.75,65.0,62.75,64.80000305175781,52.95580291748047,199244
2018-03-05,64.75,65.3499984741211,64.19999694824219,65.05000305175781,53.160091400146484,217389
2018-03-06,64.9000015258789,66.94999694824219,64.3499984741211,65.5,53.52784729003906,439699
2018-03-07,64.9000015258789,65.55000305175781,64.9000015258789,65.30000305175781,53.36440658569336,339106
2018-03-08,65.30000305175781,65.44999694824219,64.8499984741211,65.19999694824219,53.282676696777344,233310
2018-03-09,65.30000305175781,65.9000015258789,64.9000015258789,65.05000305175781,53.160091400146484,331685
2018-03-12,65.4000015258789,66.1500015258789,65.25,65.44999694824219,53.48698425292969,253322
2018-03-13,65.94999694824219,66.1500015258789,64.94999694824219,65.05000305175781,53.160091400146484,466677
2018-03-14,65.5,65.55000305175781,64.9000015258789,65.1500015258789,53.241817474365234,199949
2018-03-15,65.25,65.75,64.9000015258789,65.1500015258789,53.241817474365234,236028
2018-03-16,65.3499984741211,66.0999984741211,64.5,64.55000305175781,52.751495361328125,376749
2018-03-19,64.5,65.05000305175781,64.25,64.75,52.91493606567383,157707
2018-03-20,65.0,65.4000015258789,64.25,64.80000305175781,52.95580291748047,212462
2018-03-21,64.75,65.6500015258789,64.69999694824219,64.94999694824219,53.078372955322266,107073
2018-03-22,64.69999694824219,65.0999984741211,63.70000076293945,63.75,52.09771728515625,161616
2018-03-23,63.849998474121094,64.55000305175781,63.54999923706055,63.900001525878906,52.22030258178711,261274
2018-03-26,64.55000305175781,64.75,64.05000305175781,64.5,52.71062088012695,227339
2018-03-27,64.55000305175781,64.8499984741211,63.29999923706055,63.54999923706055,51.93427276611328,190014
2018-03-28,63.900001525878906,64.3499984741211,62.599998474121094,62.75,51.28049850463867,431593
2018-03-29,63.349998474121094,64.1500015258789,63.349998474121094,63.70000076293945,52.056854248046875,188832
2018-04-02,63.20000076293945,63.70000076293945,61.95000076293945,62.400001525878906,51.25193405151367,180449
2018-04-03,62.79999923706055,64.19999694824219,62.67499923706055,63.79999923706055,52.401817321777344,340667
2018-04-04,63.29999923706055,64.5999984741211,63.25,64.4000015258789,52.89461898803711,209000
2018-04-05,64.5,64.94999694824219,64.19999694824219,64.5,52.97675323486328,188187
2018-04-06,64.5,64.9000015258789,63.349998474121094,63.75,52.360755920410156,201977
2018-04-09,64.0,64.75,63.70000076293945,63.70000076293945,52.31968307495117,173183
2018-04-10,64.44999694824219,66.05000305175781,64.30000305175781,65.55000305175781,53.839176177978516,423186
2018-04-11,65.4000015258789,66.2750015258789,65.4000015258789,65.75,54.00344467163086,265967
2018-04-12,65.80000305175781,66.30000305175781,65.5999984741211,66.0999984741211,54.29091262817383,289217
2018-04-13,66.30000305175781,66.6500015258789,65.5999984741211,65.8499984741211,54.0855712890625,188032
2018-04-16,66.0,66.5250015258789,65.75,66.3499984741211,54.49625015258789,192846
2018-04-17,66.69999694824219,67.25,66.69999694824219,66.8499984741211,54.906917572021484,549749
2018-04-18,67.1500015258789,67.8499984741211,66.9000015258789,67.0,55.030128479003906,195153
2018-04-19,67.25,67.4000015258789,66.1500015258789,66.19999694824219,54.3730354309082,150913
2018-04-20,66.44999694824219,66.5,65.8499984741211,65.94999694824219,54.16770553588867,148928
2018-04-23,66.05000305175781,67.0,65.19999694824219,66.44999694824219,54.57838439941406,131970
2018-04-24,66.75,67.1500015258789,66.0,66.44999694824219,54.57838439941406,133971
2018-04-25,66.4000015258789,66.94989776611328,66.0999984741211,66.55000305175781,54.6605224609375,177173
2018-04-26,66.69999694824219,66.75,66.25,66.5,54.61945343017578,89267
2018-04-27,66.55000305175781,66.75,65.7249984741211,66.55000305175781,54.6605224609375,275114
2018-04-30,66.5,67.0,65.9000015258789,65.94999694824219,54.16770553588867,338718
2018-05-01,65.75,65.75,64.9000015258789,65.55000305175781,53.839176177978516,157998
2018-05-02,65.44999694824219,65.94999694824219,65.0,65.0,53.38743209838867,374796
2018-05-03,64.94999694824219,66.0,64.5,65.75,54.00344467163086,264600
2018-05-04,65.75,66.5999984741211,65.55000305175781,66.30000305175781,54.45518112182617,159661
2018-05-07,66.4000015258789,67.4000015258789,66.0999984741211,66.80000305175781,54.8658561706543,128021
2018-05-08,66.80000305175781,67.0999984741211,66.55000305175781,66.8499984741211,54.906917572021484,195150
2018-05-09,66.9000015258789,67.05000305175781,66.25,66.5999984741211,54.701576232910156,144655
2018-05-10,66.5999984741211,67.30000305175781,66.5999984741211,66.75,54.82478713989258,400644
2018-05-11,66.75,67.25,66.7249984741211,66.9000015258789,54.94798278808594,125848
2018-05-14,67.0,67.0,66.0999984741211,66.1500015258789,54.33197784423828,173602
2018-05-15,66.1500015258789,66.25,65.7750015258789,66.0999984741211,54.29091262817383,230582
2018-05-16,66.55000305175781,67.1500015258789,66.55000305175781,66.9000015258789,54.94798278808594,193827
2018-05-17,66.9000015258789,67.3499984741211,66.55000305175781,67.0,55.030128479003906,145085
2018-05-18,67.0,67.9000015258789,66.55000305175781,67.19999694824219,55.19438552856445,589513
2018-05-21,67.0,67.94999694824219,67.0,67.94999694824219,55.810401916503906,242010
2018-05-22,67.8499984741211,68.25,67.4000015258789,67.5,55.440799713134766,107374
2018-05-23,67.30000305175781,67.6500015258789,67.0999984741211,67.55000305175781,55.48186111450195,121057
2018-05-24,67.55000305175781,67.7750015258789,66.94999694824219,67.55000305175781,55.48186111450195,154187
2018-05-25,67.5999984741211,67.80000305175781,67.25,67.55000305175781,55.48186111450195,123620
2018-05-29,67.55000305175781,67.5999984741211,66.82499694824219,67.4000015258789,55.358665466308594,237915
2018-05-30,67.5999984741211,68.69999694824219,67.55000305175781,68.5,56.262142181396484,177716
2018-05-31,68.6500015258789,68.6500015258789,67.5,67.80000305175781,55.68719482421875,122954
2018-06-01,68.30000305175781,68.8499984741211,67.80000305175781,67.9000015258789,55.76933288574219,125950
2018-06-04,67.94999694824219,68.6500015258789,67.94999694824219,68.5,56.262142181396484,128257
2018-06-05,68.55000305175781,68.8499984741211,67.25,68.6500015258789,56.38534164428711,145138
2018-06-06,68.6500015258789,68.80000305175781,68.30999755859375,68.75,56.46747970581055,188407
2018-06-07,68.69999694824219,68.9000015258789,68.55000305175781,68.8499984741211,56.54960250854492,203581
2018-06-08,68.75,69.1500015258789,68.4000015258789,68.55000305175781,56.30321502685547,159877
2018-06-11,68.5,68.94999694824219,68.5,68.9000015258789,56.59069061279297,221114
2018-06-12,69.19999694824219,70.9000015258789,68.8499984741211,70.80000305175781,58.15122985839844,409609
2018-06-13,70.75,71.75,69.94999694824219,70.25,57.69948959350586,474567
2018-06-14,70.19999694824219,70.9000015258789,70.0999984741211,70.4000015258789,57.82269287109375,335866
2018-06-15,70.3499984741211,70.3499984741211,67.69999694824219,67.9000015258789,55.76933288574219,1099596
2018-06-18,67.8499984741211,68.3499984741211,67.69999694824219,67.94999694824219,55.810401916503906,394719
2018-06-19,67.1500015258789,67.19999694824219,65.57499694824219,66.05000305175781,54.249847412109375,410060
2018-06-20,66.19999694824219,66.55000305175781,64.69999694824219,66.4000015258789,54.537315368652344,490268
2018-06-21,66.5,66.55000305175781,64.55000305175781,64.9000015258789,53.305301666259766,408429
2018-06-22,64.94999694824219,65.25,64.19999694824219,64.25,52.77141571044922,489920
2018-06-25,64.0,64.3499984741211,62.75,62.849998474121094,51.621543884277344,313753
2018-06-26,62.849998474121094,63.5,62.75,63.0,51.74473190307617,684245
2018-06-27,62.95000076293945,63.20000076293945,62.0,62.099998474121094,51.005531311035156,335536
2018-06-28,62.150001525878906,62.599998474121094,61.79999923706055,62.599998474121094,51.416194915771484,239177
2018-06-29,62.79999923706055,63.150001525878906,62.29999923706055,62.400001525878906,51.25193405151367,220899
2018-07-02,61.599998474121094,62.900001525878906,61.599998474121094,62.75,51.813411712646484,429189
2018-07-03,63.099998474121094,63.95000076293945,62.92499923706055,62.95000076293945,51.97856521606445,150937
2018-07-05,63.45000076293945,63.849998474121094,62.400001525878906,63.79999923706055,52.680423736572266,346812
2018-07-06,63.900001525878906,64.19999694824219,63.45000076293945,63.79999923706055,52.680423736572266,180076
2018-07-09,64.0,64.875,63.95000076293945,64.6500015258789,53.38227462768555,277240
2018-07-10,64.9000015258789,65.5,64.80000305175781,65.4000015258789,54.00156021118164,574433
2018-07-11,65.3499984741211,65.3499984741211,64.9000015258789,65.0999984741211,53.75384521484375,272763
2018-07-12,65.44999694824219,66.0,64.9749984741211,65.9000015258789,54.41441345214844,265329
2018-07-13,65.94999694824219,66.5999984741211,65.94999694824219,66.4000015258789,54.827266693115234,211500
2018-07-16,66.55000305175781,67.5,65.94999694824219,67.44999694824219,55.69425582885742,279819
2018-07-17,67.1500015258789,68.5999984741211,67.07499694824219,68.25,56.35483169555664,332444
2018-07-18,68.19999694824219,69.0,67.44999694824219,67.5999984741211,55.818119049072266,236204
2018-07-19,67.55000305175781,68.44999694824219,66.44999694824219,66.69999694824219,55.074981689453125,236857
2018-07-20,66.9000015258789,67.69999694824219,65.75,66.0,54.49698257446289,299769
2018-07-23,66.0,67.0,64.25,64.4000015258789,53.17584228515625,387302
2018-07-24,64.80000305175781,64.9000015258789,63.650001525878906,63.75,52.639137268066406,503882
2018-07-25,63.75,64.19999694824219,63.04999923706055,63.54999923706055,52.47399139404297,228221
2018-07-26,63.79999923706055,64.1500015258789,63.150001525878906,63.5,52.43270492553711,143410
2018-07-27,63.75,63.75,61.79999923706055,62.25,51.400569915771484,142784
2018-07-30,62.25,62.650001525878906,61.5,62.04999923706055,51.23542785644531,169703
2018-07-31,62.150001525878906,63.25,61.45000076293945,63.150001525878906,52.14370346069336,526823
2018-08-01,62.900001525878906,63.04999923706055,61.75,62.150001525878906,51.317989349365234,290875
2018-08-02,61.79999923706055,63.650001525878906,61.79999923706055,62.650001525878906,51.73084259033203,243645
2018-08-03,62.75,63.07500076293945,62.25,62.849998474121094,51.89598846435547,62581
2018-08-06,62.75,63.5,62.349998474121094,63.25,52.22627639770508,83099
2018-08-07,63.650001525878906,64.19999694824219,62.54999923706055,62.650001525878906,51.73084259033203,156286
2018-08-08,62.29999923706055,62.95000076293945,62.29999923706055,62.45000076293945,51.565704345703125,407519
2018-08-09,62.5,63.04999923706055,62.20000076293945,63.04999923706055,52.06113052368164,133549
2018-08-10,62.650001525878906,63.04999923706055,62.099998474121094,62.5,51.60700225830078,92319
2018-08-13,62.70000076293945,62.900001525878906,62.099998474121094,62.75,51.813411712646484,288833
2018-08-14,63.04999923706055,63.95000076293945,63.04999923706055,63.099998474121094,52.1024169921875,152291
2018-08-15,62.75,63.20000076293945,61.67499923706055,63.099998474121094,52.1024169921875,123966
2018-08-16,63.400001525878906,64.25,63.349998474121094,63.70000076293945,52.59785079956055,205090
2018-08-17,63.70000076293945,64.19999694824219,63.349998474121094,63.75,52.639137268066406,151079
2018-08-20,63.79999923706055,64.5,63.0,64.30000305175781,53.0932731628418,97325
2018-08-21,64.5,65.05000305175781,64.4000015258789,64.8499984741211,53.54740524291992,444685
2018-08-22,64.80000305175781,65.19999694824219,64.0999984741211,64.25,53.05198669433594,89611
2018-08-23,64.0999984741211,64.4000015258789,63.75,63.79999923706055,52.680423736572266,74079
2018-08-24,63.849998474121094,64.69999694824219,63.75,64.44999694824219,53.21712875366211,70415
2018-08-27,64.6500015258789,64.9000015258789,63.849998474121094,64.19999694824219,53.01070785522461,300366
2018-08-28,64.25,64.80000305175781,64.0,64.69999694824219,53.42355728149414,138275
2018-08-29,64.8499984741211,65.4000015258789,64.5,65.1500015258789,53.79513168334961,188478
2018-08-30,65.0999984741211,65.4000015258789,64.32499694824219,64.75,53.46484375,292896
2018-08-31,64.5999984741211,65.19999694824219,63.95000076293945,64.55000305175781,53.29970169067383,378577
2018-09-04,64.5,64.5,62.400001525878906,62.599998474121094,51.689552307128906,209296
2018-09-05,62.75,62.95000076293945,61.900001525878906,62.599998474121094,51.689552307128906,280373
2018-09-06,61.75,61.79999923706055,55.35499954223633,55.70000076293945,45.992156982421875,455904
2018-09-07,55.650001525878906,55.95000076293945,53.0,54.099998474121094,44.6710090637207,373721
2018-09-10,54.599998474121094,56.150001525878906,54.349998474121094,55.45000076293945,45.78571701049805,468968
2018-09-11,55.54999923706055,55.900001525878906,55.0,55.20000076293945,45.57929229736328,744899
2018-09-12,55.0,56.20000076293945,54.849998474121094,56.150001525878906,46.36372756958008,445262
2018-09-13,56.20000076293945,56.75,55.599998474121094,55.849998474121094,46.116004943847656,260824
2018-09-14,55.75,56.79999923706055,55.75,56.25,46.446292877197266,222457
2018-09-17,56.54999923706055,57.0,54.95000076293945,55.04999923706055,45.45543670654297,214704
2018-09-18,55.20000076293945,56.70000076293945,55.20000076293945,56.5,46.652713775634766,249488
2018-09-19,56.54999923706055,57.849998474121094,56.45000076293945,57.54999923706055,47.519718170166016,257735
2018-09-20,58.0,58.650001525878906,57.79999923706055,58.400001525878906,48.221580505371094,295143
2018-09-21,58.95000076293945,59.400001525878906,58.54999923706055,59.099998474121094,48.7995719909668,917014
2018-09-24,58.599998474121094,59.04999923706055,58.20000076293945,58.5,48.30414962768555,576547
2018-09-25,58.650001525878906,58.95000076293945,57.900001525878906,58.099998474121094,47.97385025024414,353257
2018-09-26,58.5,59.70000076293945,57.75,58.95000076293945,48.67571258544922,364543
2018-09-27,58.95000076293945,61.349998474121094,58.95000076293945,60.79999923706055,50.20328140258789,421962
2018-09-28,60.70000076293945,61.599998474121094,60.150001525878906,60.599998474121094,50.03813552856445,471991
2018-10-01,60.95000076293945,61.97999954223633,60.68000030517578,61.22999954223633,50.55833435058594,315720
2018-10-02,61.25,61.869998931884766,60.22999954223633,60.27000045776367,49.76565933227539,226956
2018-10-03,60.880001068115234,61.060001373291016,60.100101470947266,60.79999923706055,50.20328140258789,176056
2018-10-04,60.959999084472656,61.130001068115234,60.369998931884766,61.0,50.36841583251953,288736
2018-10-05,60.95000076293945,60.99549865722656,58.81999969482422,59.43000030517578,49.33897018432617,216168
2018-10-08,59.25,59.470001220703125,58.849998474121094,59.25,49.189544677734375,236408
2018-10-09,59.11000061035156,59.630001068115234,57.13999938964844,57.22999954223633,47.51252365112305,371361
2018-10-10,56.470001220703125,57.439998626708984,55.630001068115234,55.709999084472656,46.2506217956543,394178
2018-10-11,55.790000915527344,56.52000045776367,54.06999969482422,54.13999938964844,44.94720458984375,597686
2018-10-12,54.900001525878906,55.18000030517578,53.099998474121094,53.470001220703125,44.390953063964844,646270
2018-10-15,53.099998474121094,56.14500045776367,53.099998474121094,55.36000061035156,45.96004867553711,321923
2018-10-16,55.88999938964844,56.040000915527344,54.90999984741211,55.97999954223633,46.47477722167969,536290
2018-10-17,56.11000061035156,56.349998474121094,55.810001373291016,56.130001068115234,46.59929656982422,481400
2018-10-18,56.029998779296875,56.439998626708984,54.689998626708984,55.25,45.86872100830078,543036
2018-10-19,55.470001220703125,56.5,55.369998931884766,55.529998779296875,46.10116958618164,187753
2018-10-22,55.81999969482422,56.56999969482422,55.790000915527344,56.150001525878906,46.61591339111328,309475
2018-10-23,55.220001220703125,55.91999816894531,54.779998779296875,55.77000045776367,46.30043029785156,191730
2018-10-24,55.560001373291016,56.279998779296875,54.869998931884766,54.91999816894531,45.59475326538086,321272
2018-10-25,55.5099983215332,55.81999969482422,54.599998474121094,55.08000183105469,45.72758483886719,212184
2018-10-26,54.40999984741211,55.650001525878906,53.255001068115234,53.68000030517578,44.5653076171875,314795
2018-10-29,54.20000076293945,55.66999816894531,52.4900016784668,52.970001220703125,43.97585678100586,236905
2018-10-30,53.04999923706055,54.20000076293945,52.91999816894531,54.119998931884766,44.93059158325195,345683
2018-10-31,54.380001068115234,55.09000015258789,53.470001220703125,54.2400016784668,45.03022003173828,1221531
2018-11-01,54.25,56.29999923706055,54.04999923706055,55.900001525878906,46.408355712890625,270943
2018-11-02,55.90999984741211,56.540000915527344,55.400001525878906,55.86000061035156,46.37514877319336,234818
2018-11-05,55.84000015258789,56.5,55.4900016784668,55.65999984741211,46.209102630615234,246861
2018-11-06,55.63999938964844,56.34000015258789,55.43000030517578,56.0099983215332,46.49967575073242,127019
2018-11-07,56.36000061035156,56.75,55.970001220703125,56.630001068115234,47.014408111572266,142647
2018-11-08,56.20000076293945,56.61000061035156,55.7400016784668,56.150001525878906,46.61591339111328,185132
2018-11-09,55.88999938964844,56.88999938964844,55.84000015258789,56.15999984741211,46.624202728271484,499371
2018-11-12,56.189998626708984,56.189998626708984,54.11000061035156,54.22999954223633,45.02191925048828,230978
2018-11-13,54.279998779296875,54.97999954223633,53.900001525878906,54.119998931884766,44.93059158325195,170532
2018-11-14,54.709999084472656,54.900001525878906,53.869998931884766,54.59000015258789,45.32078552246094,274132
2018-11-15,54.34000015258789,55.2130012512207,53.439998626708984,55.029998779296875,45.68608093261719,288732
2018-11-16,54.61000061035156,55.18000030517578,53.814998626708984,54.619998931884766,45.34569549560547,608645
2018-11-19,54.599998474121094,55.54899978637695,54.209999084472656,54.470001220703125,45.22116470336914,220726
2018-11-20,53.79999923706055,53.970001220703125,52.380001068115234,52.529998779296875,43.610565185546875,252484
2018-11-21,52.709999084472656,54.369998931884766,52.52000045776367,53.869998931884766,44.72303771972656,196233
2018-11-23,53.290000915527344,53.9900016784668,52.79999923706055,53.630001068115234,44.5237922668457,76091
2018-11-26,54.2599983215332,54.72999954223633,53.560001373291016,53.83000183105469,44.68983459472656,143226
2018-11-27,53.7400016784668,54.93000030517578,53.7400016784668,54.31999969482422,45.096641540527344,117078
2018-11-28,54.29999923706055,54.56999969482422,52.380001068115234,54.529998779296875,45.27098083496094,354704
2018-11-29,54.130001068115234,55.83000183105469,53.810001373291016,55.18000030517578,45.81061553955078,179926
2018-11-30,54.95000076293945,55.7400016784668,54.7599983215332,55.290000915527344,45.90193176269531,262731
2018-12-03,55.91999816894531,55.91999816894531,54.09000015258789,55.20000076293945,45.82722091674805,245075
2018-12-04,55.349998474121094,55.369998931884766,53.84000015258789,53.9900016784668,44.822669982910156,464688
2018-12-06,52.900001525878906,54.59000015258789,50.2400016784668,51.79999923706055,43.004520416259766,298095
2018-12-07,51.41999816894531,52.7599983215332,50.849998474121094,51.45000076293945,42.71396255493164,277725
2018-12-10,51.27000045776367,51.33000183105469,50.02000045776367,50.7400016784668,42.1245002746582,466524
2018-12-11,51.4900016784668,51.97999954223633,50.790000915527344,51.11000061035156,42.43168640136719,153319
2018-12-12,52.0,52.5,51.40999984741211,52.060001373291016,43.22037124633789,118842
2018-12-13,51.97999954223633,52.062801361083984,50.7400016784668,50.880001068115234,42.24073791503906,224175
2018-12-14,50.04999923706055,50.9900016784668,49.540000915527344,49.630001068115234,41.202972412109375,221522
2018-12-17,49.7599983215332,51.0099983215332,49.060001373291016,49.540000915527344,41.128265380859375,205200
2018-12-18,49.849998474121094,50.84000015258789,49.68000030517578,49.9900016784668,41.50185775756836,222715
2018-12-19,49.880001068115234,50.630001068115234,47.90999984741211,48.150001525878906,39.974281311035156,418529
2018-12-20,48.2400016784668,48.77000045776367,47.380001068115234,48.08000183105469,39.91616439819336,212400
2018-12-21,48.2400016784668,48.93000030517578,46.290000915527344,46.36000061035156,38.48822021484375,601887
2018-12-24,46.22999954223633,46.88999938964844,45.25,45.2599983215332,37.57499313354492,111545
2018-12-26,45.27000045776367,46.22999954223633,44.66999816894531,46.209999084472656,38.363685607910156,201496
2018-12-27,45.599998474121094,46.63999938964844,44.939998626708984,46.61000061035156,38.695770263671875,191407
2018-12-28,46.439998626708984,47.52000045776367,46.31999969482422,46.849998474121094,38.8950080871582,188770
2018-12-31,46.91999816894531,47.56769943237305,46.45000076293945,46.970001220703125,39.271270751953125,183723
2019-01-02,46.189998626708984,47.720001220703125,45.83000183105469,47.61000061035156,39.80635452270508,357706
2019-01-03,47.61000061035156,47.77000045776367,46.68000030517578,46.75,39.08731460571289,128604
2019-01-04,47.099998474121094,48.779998779296875,47.099998474121094,48.41999816894531,40.48359298706055,730830
2019-01-07,48.369998931884766,49.720001220703125,48.22999954223633,48.959999084472656,40.935081481933594,201728
2019-01-08,49.77000045776367,50.43000030517578,49.415000915527344,49.91999816894531,41.73773193359375,525185
2019-01-09,49.77000045776367,50.709999084472656,49.77000045776367,50.459999084472656,42.18921661376953,235276
2019-01-10,50.29999923706055,50.7599983215332,49.90999984741211,50.72999954223633,42.414974212646484,305080
2019-01-11,50.459999084472656,51.34000015258789,49.540000915527344,50.970001220703125,42.615638732910156,193996
2019-01-14,50.619998931884766,50.95000076293945,49.959999084472656,50.599998474121094,42.306278228759766,585604
2019-01-15,50.45000076293945,50.97999954223633,50.06999969482422,50.52000045776367,42.23938751220703,273192
2019-01-16,50.630001068115234,51.27000045776367,50.540000915527344,51.25,42.849735260009766,458239
2019-01-17,50.9900016784668,52.34000015258789,50.86000061035156,52.15999984741211,43.61057662963867,421726
2019-01-18,52.470001220703125,52.470001220703125,51.0099983215332,51.29999923706055,42.89154052734375,252205
2019-01-22,51.0,51.130001068115234,50.099998474121094,50.369998931884766,42.113975524902344,112073
2019-01-23,50.65999984741211,50.94770050048828,49.95000076293945,50.459999084472656,42.18921661376953,171727
2019-01-24,50.38999938964844,51.04999923706055,49.54999923706055,50.939998626708984,42.59054946899414,131554
2019-01-25,51.060001373291016,51.959999084472656,51.060001373291016,51.70000076293945,43.22596740722656,119043
2019-01-28,51.54999923706055,52.130001068115234,50.130001068115234,51.52000045776367,43.07548141479492,97113
2019-01-29,51.439998626708984,51.72999954223633,51.23500061035156,51.4900016784668,43.05039596557617,84438
2019-01-30,51.4900016784668,51.88999938964844,50.33000183105469,51.65999984741211,43.192535400390625,89140
2019-01-31,51.66999816894531,52.560001373291016,51.17679977416992,51.779998779296875,43.29286193847656,461179
2019-02-01,51.650001525878906,52.25,51.59000015258789,52.16999816894531,43.61894226074219,290919
2019-02-04,51.91999816894531,52.810001373291016,51.91999816894531,52.150001525878906,43.60221862792969,165792
2019-02-05,52.15999984741211,52.79999923706055,51.849998474121094,52.22999954223633,43.669105529785156,299323
2019-02-06,52.25,52.67499923706055,51.90999984741211,51.959999084472656,43.4433708190918,183401
2019-02-07,51.7599983215332,52.25,51.27000045776367,51.70000076293945,43.22596740722656,141594
2019-02-08,51.560001373291016,51.59000015258789,50.529998779296875,50.7400016784668,42.42332458496094,165344
2019-02-11,50.880001068115234,51.560001373291016,50.16999816894531,50.38999938964844,42.13068389892578,280137
2019-02-12,50.79999923706055,51.66999816894531,50.709999084472656,51.369998931884766,42.95006561279297,387960
2019-02-13,51.619998931884766,52.04499816894531,51.04999923706055,51.65999984741211,43.192535400390625,210539
2019-02-14,51.68000030517578,52.22999954223633,51.38999938964844,52.060001373291016,43.52696228027344,169008
2019-02-15,52.290000915527344,52.58000183105469,51.41999816894531,51.599998474121094,43.14236068725586,253261
2019-02-19,51.56999969482422,51.56999969482422,50.369998931884766,51.029998779296875,42.66579055786133,425435
2019-02-20,50.79999923706055,51.900001525878906,50.7400016784668,51.540000915527344,43.09220886230469,219475
2019-02-21,51.61000061035156,52.099998474121094,51.20000076293945,51.970001220703125,43.451717376708984,159212
2019-02-22,51.93000030517578,52.630001068115234,51.93000030517578,52.40999984741211,43.81959533691406,184094
2019-02-25,52.66999816894531,52.66999816894531,52.0,52.31999969482422,43.744361877441406,168621
2019-02-26,52.22999954223633,52.310001373291016,51.689998626708984,51.75,43.267791748046875,430357
2019-02-27,51.709999084472656,52.380001068115234,51.31999969482422,52.16999816894531,43.61894226074219,330901
2019-02-28,52.15999984741211,52.15999984741211,51.529998779296875,51.88999938964844,43.38483810424805,287955
2019-03-01,52.4900016784668,52.88999938964844,51.79999923706055,52.68000030517578,44.045352935791016,361826
2019-03-04,52.779998779296875,52.970001220703125,51.36000061035156,51.70000076293945,43.22596740722656,357233
2019-03-05,50.060001373291016,50.060001373291016,42.63999938964844,43.209999084472656,36.12754440307617,971066
2019-03-06,43.040000915527344,45.22999954223633,43.040000915527344,44.15999984741211,36.92184066772461,808344
2019-03-07,44.470001220703125,45.029998779296875,43.810001373291016,44.810001373291016,37.46529769897461,441882
2019-03-08,44.81999969482422,44.95000076293945,43.95000076293945,44.65999984741211,37.339874267578125,388390
2019-03-11,44.54999923706055,45.130001068115234,43.91999816894531,44.16999816894531,36.93020248413086,486187
2019-03-12,44.18000030517578,44.65999984741211,43.90999984741211,44.22999954223633,36.9803581237793,429409
2019-03-13,44.220001220703125,44.5,43.599998474121094,44.47999954223633,37.18939208984375,435318
2019-03-14,44.5,45.43000030517578,44.459999084472656,44.849998474121094,37.49874496459961,490325
2019-03-15,44.849998474121094,45.93000030517578,44.790000915527344,45.90999984741211,38.3849983215332,616236
2019-03-18,46.04999923706055,46.08000183105469,45.11000061035156,45.529998779296875,38.067291259765625,422249
2019-03-19,45.65999984741211,45.86000061035156,44.9900016784668,45.0099983215332,37.63251876831055,492513
2019-03-20,44.86000061035156,45.029998779296875,43.939998626708984,44.349998474121094,37.08070373535156,416540
2019-03-21,44.25,45.79999923706055,44.25,45.439998626708984,37.992034912109375,250272
2019-03-22,45.220001220703125,45.2400016784668,44.27000045776367,44.290000915527344,37.03054428100586,209513
2019-03-25,44.11000061035156,44.31999969482422,43.54999923706055,43.880001068115234,36.68773651123047,296229
2019-03-26,44.04999923706055,44.70000076293945,43.900001525878906,44.31999969482422,37.05561065673828,269324
2019-03-27,44.27000045776367,44.72999954223633,43.77000045776367,43.849998474121094,36.66264724731445,311629
2019-03-28,44.15999984741211,44.16999816894531,43.060001373291016,43.5,36.370018005371094,434863
2019-03-29,43.709999084472656,44.29999923706055,43.529998779296875,44.220001220703125,36.97200012207031,471585
2019-04-01,44.150001525878906,44.529998779296875,43.83000183105469,44.2599983215332,37.283687591552734,170564
2019-04-02,43.97999954223633,44.28450012207031,43.81999969482422,44.06999969482422,37.123626708984375,228491
2019-04-03,44.400001525878906,44.685001373291016,44.060001373291016,44.09000015258789,37.140480041503906,221040
2019-04-04,44.18000030517578,45.0,43.93000030517578,44.72999954223633,37.67959976196289,348427
2019-04-05,44.900001525878906,45.34000015258789,44.599998474121094,45.0099983215332,37.91545867919922,242616
2019-04-08,44.95000076293945,45.18000030517578,44.709999084472656,45.09000015258789,37.98285675048828,261458
2019-04-09,44.689998626708984,45.150001525878906,44.2599983215332,44.47999954223633,37.46901321411133,313886
2019-04-10,44.529998779296875,46.0099983215332,44.529998779296875,45.97999954223633,38.732582092285156,274929
2019-04-11,46.099998474121094,46.36000061035156,45.61000061035156,45.939998626708984,38.69887924194336,531819
2019-04-12,46.2599983215332,46.7599983215332,46.08000183105469,46.36000061035156,39.05268478393555,178728
2019-04-15,46.40999984741211,46.439998626708984,45.7599983215332,45.959999084472656,38.71572494506836,317495
2019-04-16,46.099998474121094,46.52000045776367,45.95000076293945,46.40999984741211,39.09479522705078,152168
2019-04-17,46.630001068115234,46.84700012207031,45.83000183105469,46.29999923706055,39.002132415771484,181325
2019-04-18,46.40999984741211,46.4900016784668,45.709999084472656,46.459999084472656,39.13692092895508,121011
2019-04-22,46.36000061035156,46.72999954223633,45.96500015258789,46.11000061035156,38.842079162597656,253700
2019-04-23,46.16999816894531,46.90999984741211,46.16999816894531,46.880001068115234,39.49071502685547,181441
2019-04-24,46.81999969482422,47.84000015258789,46.54999923706055,46.7599983215332,39.3896369934082,396314
2019-04-25,46.5099983215332,46.72999954223633,45.61000061035156,45.84000015258789,38.61463928222656,260128
2019-04-26,45.91999816894531,47.150001525878906,45.689701080322266,47.11000061035156,39.68447494506836,233475
2019-04-29,47.13999938964844,47.36000061035156,46.560001373291016,46.86000061035156,39.47386932373047,156793
2019-04-30,46.849998474121094,47.040000915527344,45.80500030517578,46.18000030517578,38.901058197021484,831295
2019-05-01,46.15999984741211,47.5,46.07680130004883,46.93000030517578,39.5328483581543,235832
2019-05-02,46.95000076293945,47.439998626708984,46.459999084472656,47.2599983215332,39.810813903808594,306066
2019-05-03,47.369998931884766,48.369998931884766,47.34000015258789,48.290000915527344,40.678466796875,188011
2019-05-06,47.630001068115234,48.66999816894531,47.459999084472656,48.40999984741211,40.7795524597168,191098
2019-05-07,48.0,48.2400016784668,46.95000076293945,47.29999923706055,39.84450912475586,126859
2019-05-08,47.150001525878906,47.470001220703125,46.88999938964844,47.060001373291016,39.64234924316406,317699
2019-05-09,46.790000915527344,47.380001068115234,46.33000183105469,47.25,39.80238342285156,218979
2019-05-10,47.25,47.41999816894531,45.875,46.63999938964844,39.288543701171875,268754
2019-05-13,45.93000030517578,45.93000030517578,44.209999084472656,44.709999084472656,37.662750244140625,423342
2019-05-14,44.90999984741211,46.2599983215332,44.560001373291016,45.97999954223633,38.732582092285156,837586
2019-05-15,45.560001373291016,46.279998779296875,45.439998626708984,46.15999984741211,38.88420867919922,426749
2019-05-16,46.290000915527344,46.88999938964844,45.34000015258789,45.52000045776367,38.3450813293457,317191
2019-05-17,45.08000183105469,45.310001373291016,44.33000183105469,44.84000015258789,37.77226257324219,636872
2019-05-20,44.709999084472656,45.970001220703125,44.64550018310547,45.83000183105469,38.606224060058594,244919
2019-05-21,45.970001220703125,46.72999954223633,45.77000045776367,46.529998779296875,39.19588088989258,287314
2019-05-22,46.5,46.560001373291016,45.880001068115234,46.02000045776367,38.76627731323242,150718
2019-05-23,45.540000915527344,45.540000915527344,44.220001220703125,44.58000183105469,37.553253173828125,183535
2019-05-24,44.939998626708984,45.11000061035156,44.560001373291016,44.880001068115234,37.80595779418945,142838
2019-05-28,44.79999923706055,45.43000030517578,43.689998626708984,43.72999954223633,36.83722686767578,376230
2019-05-29,43.5,43.775001525878906,42.17499923706055,42.31999969482422,35.64945983886719,362554
2019-05-30,42.22999954223633,42.630001068115234,42.040000915527344,42.38999938964844,35.708438873291016,240616
2019-05-31,41.880001068115234,42.29999923706055,40.65999984741211,41.779998779296875,35.19458770751953,470522
2019-06-03,41.709999084472656,42.810001373291016,41.69499969482422,42.380001068115234,35.70000457763672,402143
2019-06-04,43.04999923706055,44.470001220703125,42.907798767089844,44.22999954223633,37.258419036865234,210578
2019-06-05,44.36000061035156,44.36000061035156,42.779998779296875,43.2400016784668,36.424461364746094,422373
2019-06-06,43.08000183105469,43.29999923706055,42.65999984741211,42.86000061035156,36.10435104370117,266829
2019-06-07,43.22999954223633,43.33000183105469,42.869998931884766,43.02000045776367,36.2391357421875,474500
2019-06-10,43.02000045776367,43.33000183105469,42.86050033569336,43.08000183105469,36.28968811035156,772703
2019-06-11,44.7400016784668,46.95000076293945,44.0,45.290000915527344,38.151344299316406,800531
2019-06-12,45.25,47.33000183105469,45.25,47.2599983215332,39.810813903808594,555834
2019-06-13,47.22999954223633,47.346500396728516,45.43000030517578,45.70000076293945,38.49671173095703,297978
2019-06-14,45.709999084472656,46.08000183105469,45.404998779296875,45.58000183105469,38.395633697509766,306429
2019-06-17,45.58000183105469,46.119998931884766,45.31999969482422,45.47999954223633,38.31138610839844,290315
2019-06-18,45.709999084472656,46.900001525878906,45.53499984741211,45.880001068115234,38.648345947265625,357509
2019-06-19,45.91999816894531,46.310001373291016,45.779998779296875,46.0,38.749427795410156,232131
2019-06-20,47.220001220703125,47.650001525878906,46.2400016784668,46.59000015258789,39.246421813964844,223595
2019-06-21,46.2599983215332,47.189998626708984,45.9900016784668,46.2400016784668,38.951595306396484,501218
2019-06-24,46.209999084472656,46.4900016784668,45.61000061035156,45.790000915527344,38.57252502441406,197789
2019-06-25,45.83000183105469,45.83000183105469,45.20000076293945,45.25,38.117637634277344,346687
2019-06-26,45.349998474121094,45.650001525878906,45.029998779296875,45.22999954223633,38.10078811645508,281924
2019-06-27,45.29999923706055,45.61000061035156,45.13999938964844,45.310001373291016,38.168190002441406,203897
2019-06-28,45.599998474121094,46.31999969482422,45.599998474121094,45.86000061035156,38.631492614746094,378655
2019-07-01,46.33000183105469,46.599998474121094,45.34000015258789,45.93000030517578,38.690460205078125,239579
2019-07-02,45.849998474121094,46.04999923706055,45.5099983215332,46.040000915527344,38.78311538696289,177032
2019-07-03,46.189998626708984,46.349998474121094,45.68000030517578,45.83000183105469,38.606224060058594,138668
2019-07-05,45.5099983215332,46.150001525878906,45.47079849243164,46.150001525878906,38.87578201293945,189165
2019-07-08,46.099998474121094,46.31999969482422,45.540000915527344,46.189998626708984,38.909481048583984,269156
2019-07-09,45.63999938964844,46.220001220703125,45.57500076293945,46.04999923706055,39.079193115234375,430511
2019-07-10,46.15999984741211,46.349998474121094,45.61000061035156,45.810001373291016,38.87553405761719,225332
2019-07-11,45.81999969482422,46.0099983215332,44.54999923706055,44.79999923706055,38.01842498779297,261355
2019-07-12,45.09000015258789,45.84000015258789,44.959999084472656,45.790000915527344,38.85856246948242,289312
2019-07-15,45.86000061035156,45.86000061035156,45.310001373291016,45.83000183105469,38.89250183105469,191943
2019-07-16,45.869998931884766,46.279998779296875,45.85449981689453,45.91999816894531,38.968868255615234,227792
2019-07-17,45.90999984741211,45.95000076293945,44.79999923706055,44.81999969482422,38.0353889465332,202342
2019-07-18,44.810001373291016,45.099998474121094,44.3650016784668,44.900001525878906,38.10327911376953,140457
2019-07-19,45.150001525878906,45.68000030517578,44.56999969482422,44.58000183105469,37.83172607421875,167814
2019-07-22,44.689998626708984,45.150001525878906,44.25,44.2599983215332,37.56016540527344,172940
2019-07-23,44.45000076293945,45.029998779296875,44.220001220703125,45.0099983215332,38.19662857055664,166776
2019-07-24,44.97999954223633,45.38999938964844,44.599998474121094,44.88999938964844,38.09479522705078,195020
2019-07-25,45.029998779296875,45.349998474121094,44.709999084472656,45.18000030517578,38.34088897705078,179755
2019-07-26,45.38999938964844,45.689998626708984,44.9900016784668,45.47999954223633,38.59547424316406,138484
2019-07-29,45.470001220703125,45.470001220703125,44.560001373291016,44.7400016784668,37.96750259399414,140820
2019-07-30,44.5,45.790000915527344,44.5,45.720001220703125,38.799156188964844,181698
2019-07-31,45.70000076293945,46.459999084472656,45.25,45.5099983215332,38.62093734741211,413995
2019-08-01,45.58000183105469,45.75,43.900001525878906,44.08000183105469,37.407413482666016,234799
2019-08-02,43.63999938964844,43.900001525878906,42.7400016784668,43.790000915527344,37.16130065917969,242258
2019-08-05,43.130001068115234,43.130001068115234,42.25,42.529998779296875,36.092041015625,188487
2019-08-06,42.540000915527344,43.189998626708984,42.29999923706055,42.95000076293945,36.44845962524414,174382
2019-08-07,42.52000045776367,42.97999954223633,42.099998474121094,42.939998626708984,36.43997573852539,331666
2019-08-08,43.130001068115234,44.66999816894531,43.130001068115234,44.150001525878906,37.46680450439453,243490
2019-08-09,44.04999923706055,44.04999923706055,42.79999923706055,43.150001525878906,36.618186950683594,137740
2019-08-12,43.0,43.2400016784668,42.22999954223633,42.290000915527344,35.88836669921875,232386
2019-08-13,42.2400016784668,43.5099983215332,42.0,42.779998779296875,36.30419158935547,224961
2019-08-14,42.09000015258789,42.13999938964844,41.130001068115234,41.22999954223633,34.98881530761719,158319
2019-08-15,41.45000076293945,41.72999954223633,41.040000915527344,41.439998626708984,35.16703414916992,170117
2019-08-16,41.7400016784668,42.68000030517578,41.7400016784668,42.290000915527344,35.88836669921875,115359
2019-08-19,42.88999938964844,43.75,42.88999938964844,43.33000183105469,36.77093505859375,150217
2019-08-20,43.38999938964844,44.959999084472656,43.18000030517578,44.150001525878906,37.46680450439453,452156
2019-08-21,44.61000061035156,44.77000045776367,43.970001220703125,44.529998779296875,37.78929138183594,266462
2019-08-22,44.61000061035156,44.939998626708984,44.08000183105469,44.29999923706055,37.594112396240234,152414
2019-08-23,43.91999816894531,44.165000915527344,42.970001220703125,43.18000030517578,36.64363479614258,172843
2019-08-26,43.61000061035156,43.779998779296875,43.15999984741211,43.66999816894531,37.059471130371094,123296
2019-08-27,43.9900016784668,44.279998779296875,42.779998779296875,43.08000183105469,36.55878829956055,166388
2019-08-28,43.0099983215332,43.619998931884766,43.0099983215332,43.52000045776367,36.93217849731445,157582
2019-08-29,43.88999938964844,44.775001525878906,43.88999938964844,44.41999816894531,37.69594192504883,155549
2019-08-30,44.5,44.65999984741211,43.93000030517578,44.5,37.76383972167969,158961
2019-09-03,44.11000061035156,44.79999923706055,43.869998931884766,44.7400016784668,37.96750259399414,250491
2019-09-04,45.2599983215332,45.779998779296875,44.880001068115234,45.619998931884766,38.71428680419922,188723
2019-09-05,43.0,45.40999984741211,41.959999084472656,43.5,36.91520309448242,360515
2019-09-06,43.5,43.900001525878906,43.36000061035156,43.54999923706055,36.957637786865234,406853
2019-09-09,43.86000061035156,45.31999969482422,43.834999084472656,45.060001373291016,38.23905944824219,325967
2019-09-10,45.029998779296875,45.58000183105469,44.709999084472656,45.040000915527344,38.222084045410156,295669
2019-09-11,44.86000061035156,46.59000015258789,44.72159957885742,46.36000061035156,39.34226989746094,202000
2019-09-12,46.4900016784668,46.904998779296875,46.209999084472656,46.5099983215332,39.46957015991211,189288
2019-09-13,46.47999954223633,46.70000076293945,46.18000030517578,46.369998931884766,39.35076141357422,249144
2019-09-16,46.11000061035156,46.77000045776367,45.974998474121094,46.540000915527344,39.49502182006836,269204
2019-09-17,46.209999084472656,46.59000015258789,45.915000915527344,46.20000076293945,39.20649719238281,250472
2019-09-18,46.0,46.23500061035156,45.290000915527344,45.470001220703125,38.58699417114258,281039
2019-09-19,45.5,45.970001220703125,45.150001525878906,45.189998626708984,38.34938049316406,697345
2019-09-20,45.36000061035156,45.91999816894531,44.9900016784668,45.29999923706055,38.442726135253906,923300
2019-09-23,45.209999084472656,45.900001525878906,45.0,45.349998474121094,38.48516845703125,334325
2019-09-24,45.459999084472656,45.7599983215332,44.84000015258789,45.279998779296875,38.425758361816406,344748
2019-09-25,45.13999938964844,46.130001068115234,44.709999084472656,46.0,39.03676986694336,350471
2019-09-26,45.77000045776367,45.77000045776367,43.849998474121094,43.900001525878906,37.254661560058594,306305
2019-09-27,43.869998931884766,44.7599983215332,43.66999816894531,43.869998931884766,37.22919845581055,219361
2019-09-30,43.81999969482422,44.15999984741211,43.48500061035156,43.939998626708984,37.28860092163086,369522
2019-10-01,44.380001068115234,45.029998779296875,43.650001525878906,43.79999923706055,37.1697883605957,343553
2019-10-02,43.34000015258789,43.61000061035156,42.720001220703125,42.83000183105469,36.34663009643555,358953
2019-10-03,43.02000045776367,43.15999984741211,42.15999984741211,43.11000061035156,36.58424377441406,352107
2019-10-04,43.47999954223633,44.0,43.11000061035156,44.0,37.339515686035156,385051
2019-10-07,43.31999969482422,44.0099983215332,43.029998779296875,43.560001373291016,37.253997802734375,457321
2019-10-08,43.18000030517578,43.630001068115234,42.45000076293945,42.86000061035156,36.65533447265625,590122
2019-10-09,43.33000183105469,43.36000061035156,42.63999938964844,42.849998474121094,36.64677810668945,374300
2019-10-10,42.70000076293945,43.27000045776367,42.56999969482422,42.9900016784668,36.766510009765625,548528
2019-10-11,43.630001068115234,44.560001373291016,43.25,44.029998779296875,37.65595245361328,216964
2019-10-14,43.790000915527344,44.27000045776367,43.11000061035156,44.06999969482422,37.69016647338867,199663
2019-10-15,44.189998626708984,44.66999816894531,43.900001525878906,44.310001373291016,37.895423889160156,182428
2019-10-16,44.27000045776367,44.435001373291016,43.81340026855469,44.150001525878906,37.75857925415039,195066
2019-10-17,44.38999938964844,44.540000915527344,43.77000045776367,44.220001220703125,37.818450927734375,174417
2019-10-18,44.130001068115234,44.400001525878906,43.560001373291016,44.040000915527344,37.66450119018555,156024
2019-10-21,44.349998474121094,44.81999969482422,44.040000915527344,44.27000045776367,37.86121368408203,205163
2019-10-22,44.439998626708984,44.77000045776367,43.72999954223633,44.380001068115234,37.95528793334961,328010
2019-10-23,44.47999954223633,44.61000061035156,44.0099983215332,44.459999084472656,38.023704528808594,321283
2019-10-24,44.709999084472656,44.869998931884766,43.97999954223633,44.40999984741211,37.98093795776367,254275
2019-10-25,44.54999923706055,45.31999969482422,44.130001068115234,44.599998474121094,38.14344024658203,299060
2019-10-28,44.619998931884766,45.70000076293945,44.619998931884766,45.459999084472656,38.878936767578125,210992
2019-10-29,45.2400016784668,46.15999984741211,45.2400016784668,46.02000045776367,39.35787582397461,236390
2019-10-30,46.02000045776367,46.02000045776367,45.189998626708984,45.75,39.126949310302734,178214
2019-10-31,45.72999954223633,46.25,45.119998931884766,46.06999969482422,39.400634765625,1314449
2019-11-01,46.25,47.099998474121094,46.18000030517578,47.029998779296875,40.221656799316406,180630
2019-11-04,47.290000915527344,47.650001525878906,47.04999923706055,47.4900016784668,40.61506652832031,173064
2019-11-05,47.4900016784668,47.90999984741211,47.34000015258789,47.5,40.623619079589844,204883
2019-11-06,47.5,48.43000030517578,46.940101623535156,48.15999984741211,41.188072204589844,226303
2019-11-07,48.41999816894531,48.880001068115234,47.540000915527344,47.72999954223633,40.82032012939453,169604
2019-11-08,47.630001068115234,48.70000076293945,47.540000915527344,48.70000076293945,41.64990234375,253066
2019-11-11,48.45000076293945,48.720001220703125,47.75,47.90999984741211,40.97425842285156,241193
2019-11-12,47.83000183105469,47.970001220703125,46.86000061035156,47.11000061035156,40.290077209472656,254676
2019-11-13,46.849998474121094,47.720001220703125,46.22999954223633,46.4900016784668,39.759830474853516,284144
2019-11-14,46.47999954223633,47.130001068115234,46.08000183105469,46.400001525878906,39.682865142822266,179490
2019-11-15,46.58000183105469,46.709999084472656,45.91999816894531,46.11000061035156,39.434837341308594,139186
2019-11-18,46.0099983215332,46.32160186767578,45.560001373291016,46.11000061035156,39.434837341308594,134848
2019-11-19,46.36000061035156,46.8849983215332,45.86000061035156,46.7400016784668,39.973636627197266,192809
2019-11-20,46.540000915527344,46.9900016784668,46.15999984741211,46.369998931884766,39.657203674316406,367125
2019-11-21,46.40999984741211,46.40999984741211,45.63999938964844,45.79999923706055,39.16972351074219,163241
2019-11-22,46.119998931884766,46.220001220703125,45.709999084472656,45.849998474121094,39.21247863769531,86486
2019-11-25,46.0,47.040000915527344,45.90950012207031,46.83000183105469,40.050601959228516,372335
2019-11-26,46.779998779296875,47.40999984741211,46.54999923706055,47.29999923706055,40.45256805419922,199496
2019-11-27,47.529998779296875,48.0,47.33000183105469,47.7599983215332,40.84597396850586,208539
2019-11-29,47.72999954223633,48.02000045776367,47.16999816894531,47.2599983215332,40.418357849121094,107428
2019-12-02,47.34000015258789,47.68000030517578,47.0,47.22999954223633,40.392704010009766,185118
2019-12-03,46.7400016784668,47.400001525878906,46.47999954223633,47.400001525878906,40.53810119628906,263523
2019-12-04,47.95000076293945,49.720001220703125,47.86029815673828,48.22999954223633,41.24793243408203,440126
2019-12-05,48.2400016784668,48.68000030517578,48.029998779296875,48.5099983215332,41.487403869628906,270664
2019-12-06,49.209999084472656,49.209999084472656,48.369998931884766,48.61000061035156,41.57292556762695,283427
2019-12-09,48.529998779296875,48.900001525878906,48.400001525878906,48.5099983215332,41.487403869628906,267072
2019-12-10,48.599998474121094,49.459999084472656,48.41999816894531,48.650001525878906,41.607139587402344,298805
2019-12-11,48.75,49.154998779296875,48.5099983215332,48.90999984741211,41.829498291015625,176716
2019-12-12,48.970001220703125,49.744998931884766,48.95000076293945,49.41999816894531,42.26566696166992,348649
2019-12-13,49.38999938964844,50.04999923706055,48.7400016784668,48.86000061035156,41.786739349365234,210603
2019-12-16,49.099998474121094,49.459999084472656,48.70000076293945,48.75,41.692665100097656,243828
2019-12-17,48.81999969482422,49.0,48.18000030517578,48.40999984741211,41.40188217163086,232967
2019-12-18,48.5099983215332,48.5099983215332,48.130001068115234,48.380001068115234,41.376224517822266,196191
2019-12-19,48.439998626708984,48.52000045776367,47.7400016784668,48.29999923706055,41.307796478271484,292050
2019-12-20,48.540000915527344,49.189998626708984,48.25,48.369998931884766,41.3676643371582,1083262
2019-12-23,48.58000183105469,49.22999954223633,48.38999938964844,48.9900016784668,41.89791488647461,455451
2019-12-24,49.06999969482422,49.28499984741211,48.58000183105469,48.630001068115234,41.590030670166016,149273
2019-12-26,48.75,49.150001525878906,48.5,48.709999084472656,41.658451080322266,140589
2019-12-27,48.849998474121094,48.91999816894531,48.38999938964844,48.43000030517578,41.418983459472656,131829
2019-12-30,48.5099983215332,48.8849983215332,48.44499969482422,48.66999816894531,41.62423324584961,127663
2019-12-31,48.290000915527344,48.89500045776367,48.290000915527344,48.52000045776367,41.78788375854492,212079
2020-01-02,48.689998626708984,49.06999969482422,48.154998779296875,48.5099983215332,41.779266357421875,400031
2020-01-03,48.0,48.41749954223633,47.77000045776367,48.20000076293945,41.51227951049805,142670
2020-01-06,47.939998626708984,48.130001068115234,47.404998779296875,47.7400016784668,41.11610794067383,447837
2020-01-07,47.79999923706055,48.52000045776367,47.599998474121094,48.400001525878906,41.68452835083008,289869
2020-01-08,48.43000030517578,48.59000015258789,47.86000061035156,47.86000061035156,41.21945571899414,276922
2020-01-09,47.9900016784668,47.9900016784668,47.25,47.5099983215332,40.91801071166992,209914
2020-01-10,47.63999938964844,47.63999938964844,46.5,47.470001220703125,40.88357162475586,226760
2020-01-13,47.47999954223633,48.369998931884766,47.08000183105469,48.290000915527344,41.58978271484375,149874
2020-01-14,48.189998626708984,48.650001525878906,47.95000076293945,48.58000183105469,41.83955764770508,142115
2020-01-15,48.63999938964844,49.2400016784668,48.599998474121094,48.86000061035156,42.08070755004883,220755
2020-01-16,49.099998474121094,49.790000915527344,48.940101623535156,49.54999923706055,42.67497253417969,156180
2020-01-17,49.7400016784668,49.7400016784668,49.0,49.16999816894531,42.34769058227539,163961
2020-01-21,49.04999923706055,49.08000183105469,48.45000076293945,48.61000061035156,41.86539077758789,150627
2020-01-22,48.560001373291016,49.130001068115234,47.779998779296875,47.849998474121094,41.21083450317383,136574
2020-01-23,47.66999816894531,48.599998474121094,47.2599983215332,48.33000183105469,41.62424850463867,210266
2020-01-24,48.34000015258789,48.34000015258789,46.849998474121094,47.060001373291016,40.53045654296875,121549
2020-01-27,46.25,47.04999923706055,46.25,46.29999923706055,39.87589645385742,204771
2020-01-28,46.380001068115234,46.5,45.88999938964844,45.970001220703125,39.591697692871094,135257
2020-01-29,45.90999984741211,45.98809814453125,44.869998931884766,44.88999938964844,38.66154098510742,158542
2020-01-30,44.61000061035156,44.88999938964844,43.91999816894531,44.56999969482422,38.38594436645508,176313
2020-01-31,44.290000915527344,44.5,43.29999923706055,43.619998931884766,37.567745208740234,776504
2020-02-03,43.61000061035156,44.16999816894531,43.31999969482422,43.790000915527344,37.71416091918945,242890
2020-02-04,44.209999084472656,44.4900016784668,43.97999954223633,44.0099983215332,37.90363311767578,129947
2020-02-05,44.29999923706055,45.029998779296875,44.25,44.54999923706055,38.368709564208984,169163
2020-02-06,44.70000076293945,45.08000183105469,44.560001373291016,44.709999084472656,38.506507873535156,417600
2020-02-07,44.599998474121094,44.599998474121094,43.54999923706055,43.79999923706055,37.72277069091797,141597
2020-02-10,43.58000183105469,44.099998474121094,43.15999984741211,43.22999954223633,37.231868743896484,311264
2020-02-11,43.29999923706055,44.40999984741211,43.29999923706055,43.41999816894531,37.3955078125,156137
2020-02-12,43.869998931884766,44.33000183105469,43.52000045776367,43.93000030517578,37.83473205566406,149866
2020-02-13,43.54999923706055,44.439998626708984,43.43000030517578,44.2599983215332,38.118953704833984,155249
2020-02-14,44.130001068115234,44.380001068115234,42.93000030517578,43.029998779296875,37.05961227416992,139652
2020-02-18,42.91999816894531,43.29999923706055,42.4900016784668,42.93000030517578,36.97348403930664,208708
2020-02-19,42.81999969482422,43.20000076293945,42.709999084472656,42.83000183105469,36.887367248535156,202077
2020-02-20,42.58000183105469,43.06999969482422,42.20000076293945,42.380001068115234,36.49979019165039,151058
2020-02-21,42.02000045776367,42.18000030517578,41.38999938964844,41.5099983215332,35.750511169433594,147612
2020-02-24,40.52000045776367,40.97999954223633,40.31999969482422,40.790000915527344,35.130409240722656,282900
2020-02-25,40.9900016784668,40.9900016784668,39.77000045776367,39.88999938964844,34.355289459228516,440791
2020-02-26,40.04999923706055,40.3484001159668,38.540000915527344,38.79999923706055,33.41652297973633,273324
2020-02-27,37.9900016784668,38.95000076293945,37.099998474121094,37.52000045776367,32.314125061035156,431395
2020-02-28,36.790000915527344,37.68000030517578,36.43000030517578,37.189998626708984,32.0299072265625,408074
2020-03-02,37.41999816894531,38.060001373291016,36.459999084472656,38.060001373291016,32.779205322265625,490062
2020-03-03,37.90999984741211,39.04999923706055,36.380001068115234,36.939998626708984,31.814603805541992,254603
2020-03-04,38.849998474121094,39.630001068115234,37.444801330566406,38.93000030517578,33.528480529785156,376874
2020-03-05,38.0,39.29999923706055,37.95000076293945,38.90999984741211,33.51126480102539,397769
2020-03-06,37.95000076293945,39.375,37.90999984741211,39.279998779296875,33.829925537109375,391464
2020-03-09,37.34000015258789,38.5099983215332,37.02000045776367,37.72999954223633,32.49498748779297,420412
2020-03-10,38.72999954223633,39.20000076293945,37.79999923706055,38.79999923706055,33.41652297973633,491906
2020-03-11,37.9900016784668,37.9900016784668,35.310001373291016,35.77000045776367,30.80693244934082,425995
2020-03-12,34.04999923706055,36.97999954223633,31.8799991607666,34.31999969482422,29.55811882019043,874235
2020-03-13,35.540000915527344,38.060001373291016,34.40999984741211,37.93000030517578,32.667240142822266,821368
2020-03-16,33.20000076293945,35.650001525878906,33.20000076293945,34.459999084472656,29.678693771362305,552449
2020-03-17,35.02000045776367,35.09000015258789,33.02000045776367,34.040000915527344,29.316972732543945,635417
2020-03-18,33.040000915527344,34.25,30.420000076293945,31.639999389648438,27.24996566772461,412075
2020-03-19,31.549999237060547,36.84000015258789,30.90999984741211,34.630001068115234,29.825103759765625,511011
2020-03-20,34.75,35.619998931884766,31.8710994720459,32.83000183105469,28.274856567382812,801856
2020-03-23,32.9900016784668,34.380001068115234,30.75,33.83000183105469,29.1361083984375,391181
2020-03-24,34.83000183105469,36.334999084472656,34.83000183105469,36.029998779296875,31.03085708618164,418649
2020-03-25,36.38999938964844,37.209999084472656,34.65999984741211,35.939998626708984,30.953350067138672,274321
2020-03-26,36.279998779296875,38.540000915527344,36.13999938964844,37.75,32.512210845947266,369986
2020-03-27,35.869998931884766,37.97999954223633,35.05500030517578,37.939998626708984,32.675838470458984,310298
2020-03-30,37.58000183105469,38.2400016784668,36.2400016784668,37.2400016784668,32.36299133300781,334655
2020-03-31,37.09000015258789,38.099998474121094,37.0,37.4900016784668,32.58024978637695,477258
2020-04-01,36.150001525878906,38.029998779296875,35.93000030517578,37.4900016784668,32.58024978637695,850165
2020-04-02,37.630001068115234,38.349998474121094,36.84000015258789,37.849998474121094,32.893104553222656,255824
2020-04-03,37.47999954223633,38.22999954223633,35.369998931884766,36.130001068115234,31.398361206054688,383265
2020-04-06,37.13999938964844,38.220001220703125,36.18000030517578,36.97999954223633,32.13704299926758,486602
2020-04-07,37.900001525878906,39.0,37.209999084472656,37.86000061035156,32.901798248291016,320008
2020-04-08,38.2400016784668,41.56999969482422,37.90999984741211,41.040000915527344,35.66534423828125,333263
2020-04-09,41.66999816894531,42.310001373291016,36.01900100708008,37.470001220703125,32.562862396240234,548917
2020-04-13,37.099998474121094,37.31959915161133,35.90999984741211,36.02000045776367,31.302759170532227,278213
2020-04-14,36.58000183105469,37.91999816894531,36.099998474121094,37.29999923706055,32.415130615234375,240931
2020-04-15,36.529998779296875,36.650001525878906,33.58000183105469,33.810001373291016,29.382192611694336,568711
2020-04-16,33.9900016784668,36.0099983215332,33.9900016784668,35.619998931884766,30.955148696899414,283355
2020-04-17,36.630001068115234,37.470001220703125,36.334999084472656,36.650001525878906,31.850261688232422,225923
2020-04-20,36.29999923706055,36.43000030517578,35.2599983215332,35.349998474121094,30.720508575439453,240026
2020-04-21,34.650001525878906,35.220001220703125,34.209999084472656,34.68000030517578,30.138248443603516,298991
2020-04-22,35.25,35.25,33.90999984741211,33.93000030517578,29.486473083496094,182117
2020-04-23,33.7599983215332,35.38999938964844,33.709999084472656,34.7400016784668,30.190399169921875,269979
2020-04-24,35.040000915527344,35.33000183105469,33.63999938964844,34.619998931884766,30.08610725402832,541815
2020-04-27,35.040000915527344,37.2400016784668,34.7599983215332,36.630001068115234,31.8328800201416,341784
2020-04-28,37.25,38.189998626708984,36.9900016784668,37.47999954223633,32.571556091308594,317632
2020-04-29,38.77000045776367,39.26499938964844,38.45000076293945,39.0,33.892494201660156,257510
2020-04-30,38.689998626708984,39.130001068115234,37.45000076293945,37.54999923706055,32.632389068603516,664469
2020-05-01,36.400001525878906,37.220001220703125,35.79999923706055,36.29999923706055,31.54609489440918,239580
2020-05-04,35.91999816894531,36.959999084472656,35.56999969482422,36.959999084472656,32.119667053222656,233463
2020-05-05,37.689998626708984,37.91999816894531,36.7599983215332,36.84000015258789,32.015377044677734,191464
2020-05-06,37.029998779296875,37.529998779296875,36.68000030517578,36.869998931884766,32.04144287109375,168217
2020-05-07,37.27000045776367,37.880001068115234,36.18000030517578,36.70000076293945,31.89371681213379,209912
2020-05-08,37.2599983215332,38.43000030517578,37.025001525878906,38.34000015258789,33.31893539428711,210308
2020-05-11,38.0,38.525001525878906,37.61000061035156,38.0,33.023468017578125,379408
2020-05-12,38.16999816894531,38.636600494384766,36.709999084472656,36.75,31.937164306640625,244310
2020-05-13,36.290000915527344,36.7400016784668,35.650001525878906,36.310001373291016,31.554784774780273,190255
2020-05-14,35.4900016784668,36.40999984741211,34.834999084472656,35.75,31.068117141723633,241355
2020-05-15,35.72999954223633,35.9900016784668,34.099998474121094,35.459999084472656,30.81609344482422,1626490
2020-05-18,36.58000183105469,37.650001525878906,36.58000183105469,37.310001373291016,32.423828125,303688
2020-05-19,37.189998626708984,38.06999969482422,36.810001373291016,37.2599983215332,32.38037872314453,212732
2020-05-20,37.5099983215332,37.83000183105469,36.83000183105469,37.43000030517578,32.528106689453125,192241
2020-05-21,37.130001068115234,38.15999984741211,36.90999984741211,38.099998474121094,33.11035919189453,443458
2020-05-22,38.27000045776367,38.27000045776367,37.650001525878906,38.209999084472656,33.205955505371094,148205
2020-05-26,39.25,39.970001220703125,38.81999969482422,39.849998474121094,34.63117980957031,419303
2020-05-27,40.29999923706055,41.599998474121094,40.22999954223633,41.56999969482422,36.125938415527344,231526
2020-05-28,41.7400016784668,41.7400016784668,40.36000061035156,40.7599983215332,35.42200469970703,353125
2020-05-29,40.13999938964844,40.529998779296875,39.540000915527344,40.20000076293945,34.93534469604492,244964
2020-06-01,40.20000076293945,40.4900016784668,40.02000045776367,40.099998474121094,34.848445892333984,169896
2020-06-02,40.619998931884766,40.86000061035156,40.189998626708984,40.43000030517578,35.135231018066406,157769
2020-06-03,40.31999969482422,41.77669906616211,40.31999969482422,41.2599983215332,35.856529235839844,232499
2020-06-04,41.279998779296875,42.0099983215332,40.724998474121094,41.900001525878906,36.412715911865234,325404
2020-06-05,42.02000045776367,43.20000076293945,41.790000915527344,42.439998626708984,36.88199996948242,250885
2020-06-08,42.9900016784668,43.33000183105469,42.5,43.29999923706055,37.629364013671875,187748
2020-06-09,42.779998779296875,43.209999084472656,42.150001525878906,42.779998779296875,37.17746353149414,219609
2020-06-10,42.7400016784668,42.7400016784668,40.5099983215332,40.5099983215332,35.204750061035156,333846
2020-06-11,40.13999938964844,40.13999938964844,35.790000915527344,35.869998931884766,31.172412872314453,300676
2020-06-12,36.880001068115234,37.38999938964844,35.44499969482422,36.22999954223633,31.48526382446289,305112
2020-06-15,35.70000076293945,40.619998931884766,35.44499969482422,40.15999984741211,34.90058898925781,741104
2020-06-16,41.41999816894531,41.75,39.720001220703125,40.380001068115234,35.091773986816406,466566
2020-06-17,40.31999969482422,41.25,39.650001525878906,40.939998626708984,35.578433990478516,465265
2020-06-18,40.439998626708984,41.5099983215332,40.29499816894531,40.9900016784668,35.621891021728516,519498
2020-06-19,41.08000183105469,41.93000030517578,40.279998779296875,40.869998931884766,35.51761245727539,1864536
2020-06-22,40.4900016784668,40.4900016784668,39.2400016784668,39.70000076293945,34.500823974609375,303806
2020-06-23,40.040000915527344,40.52000045776367,39.63999938964844,40.2400016784668,34.97010803222656,442482
2020-06-24,39.72999954223633,39.72999954223633,38.290000915527344,38.689998626708984,33.62310028076172,324342
2020-06-25,38.529998779296875,39.040000915527344,37.869998931884766,38.97999954223633,33.8751220703125,162331
2020-06-26,39.18000030517578,39.18000030517578,38.060001373291016,38.880001068115234,33.78821563720703,365484
2020-06-29,39.08000183105469,39.61000061035156,38.82500076293945,39.38999938964844,34.23141860961914,213948
2020-06-30,38.9900016784668,39.470001220703125,38.529998779296875,39.0,33.892494201660156,318501
2020-07-01,38.95000076293945,39.8494987487793,38.76100158691406,38.939998626708984,33.84034729003906,242758
2020-07-02,39.599998474121094,39.709999084472656,37.53499984741211,37.63999938964844,32.710609436035156,270421
2020-07-06,37.900001525878906,38.0,36.625,36.77000045776367,32.24798583984375,339193
2020-07-07,36.560001373291016,37.25,36.040000915527344,36.06999969482422,31.63406753540039,202790
2020-07-08,36.060001373291016,36.400001525878906,35.16999816894531,35.70000076293945,31.309568405151367,276624
2020-07-09,35.720001220703125,35.720001220703125,34.54999923706055,34.56999969482422,30.318538665771484,260218
2020-07-10,34.599998474121094,35.5,34.54999923706055,35.36000061035156,31.011388778686523,263896
2020-07-13,35.52000045776367,35.59000015258789,34.970001220703125,35.040000915527344,30.730735778808594,234958
2020-07-14,34.90999984741211,35.290000915527344,34.439998626708984,34.880001068115234,30.590417861938477,184440
2020-07-15,35.72999954223633,36.44499969482422,35.459999084472656,36.11000061035156,31.669147491455078,237481
2020-07-16,35.9900016784668,36.61000061035156,35.70000076293945,36.0099983215332,31.581439971923828,163474
2020-07-17,35.93000030517578,36.01499938964844,35.5099983215332,35.77000045776367,31.37096405029297,190717
2020-07-20,35.689998626708984,35.78689956665039,35.02000045776367,35.04999923706055,30.739503860473633,131562
2020-07-21,35.38999938964844,35.869998931884766,35.2599983215332,35.369998931884766,31.02014923095703,151099
2020-07-22,35.41999816894531,35.654998779296875,35.189998626708984,35.33000183105469,30.985071182250977,214558
2020-07-23,35.33000183105469,35.68000030517578,34.92430114746094,35.04999923706055,30.739503860473633,282536
2020-07-24,35.09000015258789,35.619998931884766,34.68000030517578,34.83000183105469,30.54656982421875,246454
2020-07-27,35.15999984741211,36.4900016784668,34.79999923706055,35.0,30.69565773010254,378216
2020-07-28,34.83000183105469,35.599998474121094,34.83000183105469,34.90999984741211,30.616729736328125,283020
2020-07-29,35.08000183105469,35.72999954223633,35.0,35.13999938964844,30.818439483642578,268336
2020-07-30,34.81999969482422,35.2599983215332,34.46009826660156,34.59000015258789,30.336082458496094,258971
2020-07-31,34.5,34.63999938964844,33.56999969482422,33.83000183105469,29.669546127319336,1036245
2020-08-03,34.279998779296875,34.84989929199219,34.2599983215332,34.599998474121094,30.344846725463867,428402
2020-08-04,34.38999938964844,34.904998779296875,34.189998626708984,34.2400016784668,30.029125213623047,292262
2020-08-05,34.38999938964844,34.529998779296875,33.54999923706055,33.65999984741211,29.520456314086914,253873
2020-08-06,33.650001525878906,34.06100082397461,33.650001525878906,33.709999084472656,29.564300537109375,283004
2020-08-07,33.720001220703125,34.130001068115234,33.52000045776367,34.06999969482422,29.880029678344727,202043
2020-08-10,34.33000183105469,34.90999984741211,34.15999984741211,34.41999816894531,30.18698501586914,262335
2020-08-11,34.75,36.060001373291016,34.709999084472656,34.79999923706055,30.52025604248047,300264
2020-08-12,35.25,35.25,34.33000183105469,34.47999954223633,30.23960304260254,211279
2020-08-13,34.380001068115234,34.97999954223633,34.099998474121094,34.58000183105469,30.327312469482422,277703
2020-08-14,34.380001068115234,35.03499984741211,34.05500030517578,34.58000183105469,30.327312469482422,253603
2020-08-17,34.619998931884766,34.65999984741211,33.95000076293945,34.279998779296875,30.064199447631836,244508
2020-08-18,34.209999084472656,34.244998931884766,33.310001373291016,33.41999816894531,29.309972763061523,232815
2020-08-19,33.66999816894531,33.95000076293945,33.130001068115234,33.189998626708984,29.10825538635254,159002
2020-08-20,32.880001068115234,32.91999816894531,32.380001068115234,32.54999923706055,28.546958923339844,147280
2020-08-21,32.25,32.5,31.84000015258789,32.02000045776367,28.082143783569336,266057
2020-08-24,32.189998626708984,32.84000015258789,32.0,32.810001373291016,28.774988174438477,145330
2020-08-25,32.65999984741211,33.099998474121094,32.34000015258789,33.060001373291016,28.994243621826172,177009
2020-08-26,33.0,33.13999938964844,32.2400016784668,32.290000915527344,28.318937301635742,180821
2020-08-27,32.369998931884766,32.75,32.0,32.18000030517578,28.22246742248535,169995
2020-08-28,32.220001220703125,32.369998931884766,31.850000381469727,32.33000183105469,28.35401725769043,180484
2020-08-31,32.04999923706055,32.209999084472656,31.649999618530273,31.649999618530273,27.757648468017578,208394
2020-09-01,31.440000534057617,31.860000610351562,31.280000686645508,31.56999969482422,27.687480926513672,226072
2020-09-02,31.579999923706055,32.13999938964844,31.5,31.579999923706055,27.69625473022461,178654
2020-09-03,33.380001068115234,33.93000030517578,32.52000045776367,33.18000030517578,29.0994873046875,371756
2020-09-04,33.310001373291016,33.939998626708984,33.220001220703125,33.619998931884766,29.48537254333496,270541
2020-09-08,33.38999938964844,33.61000061035156,32.709999084472656,32.709999084472656,28.687284469604492,380034
2020-09-09,32.650001525878906,33.19499969482422,32.369998931884766,33.040000915527344,28.976699829101562,305125
2020-09-10,33.189998626708984,33.84000015258789,33.04999923706055,33.34000015258789,29.239805221557617,232902
2020-09-11,33.20000076293945,34.0,33.119998931884766,33.20000076293945,29.117029190063477,228671
2020-09-14,33.810001373291016,34.599998474121094,33.5,34.34000015258789,30.116825103759766,309385
2020-09-15,34.45000076293945,34.45000076293945,33.470001220703125,33.72999954223633,29.581844329833984,188811
2020-09-16,33.790000915527344,34.54499816894531,33.7599983215332,33.959999084472656,29.783559799194336,370318
2020-09-17,33.689998626708984,34.16999816894531,33.2400016784668,33.279998779296875,29.18718147277832,278579
2020-09-18,33.189998626708984,33.40999984741211,32.40999984741211,32.9900016784668,28.93284797668457,1098008
2020-09-21,32.5,33.11000061035156,32.08000183105469,33.040000915527344,28.976699829101562,475713
2020-09-22,33.13999938964844,33.4900016784668,32.029998779296875,32.04999923706055,28.108449935913086,370227
2020-09-23,32.0,32.38999938964844,31.575000762939453,31.690000534057617,27.792726516723633,340601
2020-09-24,31.690000534057617,31.690000534057617,30.639999389648438,31.030000686645508,27.213895797729492,256958
2020-09-25,30.780000686645508,31.959999084472656,30.600000381469727,31.670000076293945,27.77518653869629,313597
2020-09-28,31.959999084472656,32.25,31.329999923706055,31.700000762939453,27.801498413085938,291019
2020-09-29,31.459999084472656,31.639999389648438,31.06999969482422,31.329999923706055,27.476999282836914,185034
2020-09-30,31.43000030517578,31.850000381469727,31.100000381469727,31.709999084472656,27.810266494750977,340648
2020-10-01,31.6299991607666,32.529998779296875,31.610000610351562,32.5099983215332,28.511882781982422,240412
2020-10-02,32.18000030517578,33.349998474121094,31.860000610351562,32.88999938964844,28.845144271850586,268594
2020-10-05,32.869998931884766,33.11000061035156,32.36000061035156,32.65999984741211,28.94485092163086,238437
2020-10-06,32.70000076293945,33.04999923706055,32.0099983215332,32.099998474121094,28.448551177978516,282823
2020-10-07,32.130001068115234,32.66999816894531,31.80500030517578,32.15999984741211,28.501728057861328,254545
2020-10-08,32.4900016784668,32.5,31.850000381469727,32.22999954223633,28.563762664794922,186653
2020-10-09,32.54999923706055,32.959999084472656,32.08000183105469,32.40999984741211,28.72329330444336,164779
2020-10-12,32.439998626708984,32.709999084472656,32.18000030517578,32.650001525878906,28.935991287231445,135953
2020-10-13,32.540000915527344,32.775001525878906,32.2599983215332,32.5099983215332,28.811914443969727,130373
2020-10-14,32.560001373291016,33.059898376464844,32.369998931884766,32.380001068115234,28.69670295715332,173421
2020-10-15,32.099998474121094,32.689998626708984,31.719999313354492,32.58000183105469,28.873950958251953,224263
2020-10-16,32.41999816894531,32.599998474121094,32.0,32.22999954223633,28.563762664794922,199976
2020-10-19,32.470001220703125,32.5099983215332,30.969999313354492,31.010000228881836,27.482542037963867,492233
2020-10-20,31.100000381469727,32.25,30.989999771118164,31.860000610351562,28.23585319519043,679056
2020-10-21,31.690000534057617,32.327301025390625,31.540000915527344,31.600000381469727,28.005430221557617,502474
2020-10-22,31.75,32.71500015258789,31.360000610351562,32.59000015258789,28.8828125,444365
2020-10-23,32.880001068115234,33.099998474121094,31.860000610351562,32.93000030517578,29.184141159057617,419575
2020-10-26,32.720001220703125,33.11000061035156,31.989999771118164,32.470001220703125,28.77646827697754,393933
2020-10-27,32.31999969482422,32.66999816894531,31.760000228881836,32.470001220703125,28.77646827697754,407623
2020-10-28,32.08000183105469,32.27000045776367,30.780000686645508,30.81999969482422,27.314157485961914,280805
2020-10-29,30.799999237060547,30.989999771118164,30.0,30.59000015258789,27.110319137573242,366975
2020-10-30,30.479999542236328,31.290000915527344,30.260000228881836,30.959999084472656,27.438228607177734,1578385
2020-11-02,31.209999084472656,31.85449981689453,30.93000030517578,31.510000228881836,27.925668716430664,190371
2020-11-03,31.90999984741211,32.400001525878906,31.90999984741211,32.150001525878906,28.49286651611328,203426
2020-11-04,31.670000076293945,32.14500045776367,31.420000076293945,31.459999084472656,27.881351470947266,187018
2020-11-05,31.920000076293945,32.560001373291016,31.760000228881836,32.150001525878906,28.49286651611328,150850
2020-11-06,32.380001068115234,32.83000183105469,31.25,31.299999237060547,27.73955726623535,216928
2020-11-09,32.79999923706055,34.060001373291016,32.79999923706055,33.560001373291016,29.742481231689453,256874
2020-11-10,33.86000061035156,35.0,33.38999938964844,34.79999923706055,30.84142303466797,228296
2020-11-11,34.939998626708984,35.0,33.119998931884766,33.40999984741211,29.609533309936523,162606
2020-11-12,33.310001373291016,33.5,32.849998474121094,33.16999816894531,29.396841049194336,142226
2020-11-13,33.459999084472656,34.135799407958984,33.40999984741211,33.720001220703125,29.884273529052734,206034
2020-11-16,34.650001525878906,35.720001220703125,34.16239929199219,35.119998931884766,31.125022888183594,296243
2020-11-17,34.68000030517578,35.16999816894531,34.189998626708984,34.970001220703125,30.992082595825195,158951
2020-11-18,35.279998779296875,35.290000915527344,34.209999084472656,34.40999984741211,30.495784759521484,414162
2020-11-19,34.279998779296875,34.72999954223633,34.060001373291016,34.33000183105469,30.424890518188477,129878
2020-11-20,33.95000076293945,34.72999954223633,33.95000076293945,34.650001525878906,30.70848846435547,183466
2020-11-23,34.790000915527344,35.2599983215332,34.66999816894531,35.0099983215332,31.02753257751465,131508
2020-11-24,35.43000030517578,36.07429885864258,35.25,35.959999084472656,31.86947250366211,173333
2020-11-25,35.959999084472656,36.13999938964844,35.130001068115234,35.40999984741211,31.38203239440918,128714
2020-11-27,35.36000061035156,35.59000015258789,34.959999084472656,35.209999084472656,31.204792022705078,65218
2020-11-30,35.060001373291016,35.54999923706055,34.40999984741211,34.540000915527344,30.611003875732422,354907
2020-12-01,35.029998779296875,35.63999938964844,34.790000915527344,35.25,31.240238189697266,229701
2020-12-02,35.150001525878906,35.70000076293945,34.810001373291016,34.959999084472656,30.983224868774414,160785
2020-12-03,34.5099983215332,35.439998626708984,34.20000076293945,35.380001068115234,31.35544204711914,355734
2020-12-04,35.560001373291016,36.869998931884766,35.439998626708984,36.790000915527344,32.60505676269531,196447
2020-12-07,36.650001525878906,37.12990188598633,36.2599983215332,36.56999969482422,32.41007995605469,254162
2020-12-08,41.040000915527344,43.959999084472656,40.0,41.599998474121094,36.86790084838867,624184
2020-12-09,41.63999938964844,42.08000183105469,40.06999969482422,40.849998474121094,36.20322036743164,370115
2020-12-10,40.83000183105469,43.58000183105469,40.756900787353516,43.459999084472656,38.51632308959961,318108
2020-12-11,43.459999084472656,44.630001068115234,43.29999923706055,43.459999084472656,38.51632308959961,276296
2020-12-14,43.790000915527344,44.59000015258789,43.220001220703125,43.2599983215332,38.339080810546875,274439
2020-12-15,43.220001220703125,45.119998931884766,43.0,45.04999923706055,39.92545700073242,255122
2020-12-16,45.400001525878906,46.22999954223633,44.459999084472656,45.0099983215332,39.890010833740234,266140
2020-12-17,45.09000015258789,46.869998931884766,45.09000015258789,45.959999084472656,40.73194885253906,406784
2020-12-18,46.2400016784668,46.630001068115234,44.52000045776367,44.630001068115234,39.55323791503906,1419579
2020-12-21,44.04999923706055,44.54169845581055,43.36000061035156,43.95000076293945,38.95058822631836,372609
2020-12-22,43.91999816894531,44.630001068115234,43.86000061035156,44.38999938964844,39.34053039550781,142604
2020-12-23,44.34000015258789,45.11000061035156,43.91999816894531,44.959999084472656,39.845699310302734,214766
2020-12-24,45.20000076293945,45.529998779296875,44.869998931884766,45.25,40.10271453857422,111422
2020-12-28,45.27000045776367,46.099998474121094,45.0,45.880001068115234,40.661048889160156,209972
2020-12-29,45.369998931884766,46.130001068115234,44.737998962402344,46.099998474121094,41.16331100463867,292351
2020-12-30,46.18000030517578,46.92499923706055,46.150001525878906,46.2400016784668,41.2883186340332,232653
2020-12-31,46.04999923706055,46.25,45.63999938964844,45.65999984741211,40.770423889160156,274791
2021-01-04,46.02000045776367,46.05400085449219,44.849998474121094,45.68000030517578,40.78828430175781,313361
2021-01-05,45.45000076293945,47.619998931884766,45.45000076293945,47.470001220703125,42.3866081237793,372730
2021-01-06,47.939998626708984,49.970001220703125,47.56999969482422,49.970001220703125,44.6188850402832,704957
2021-01-07,49.720001220703125,49.77000045776367,47.744998931884766,48.06999969482422,42.92235565185547,291167
2021-01-08,48.029998779296875,48.560001373291016,47.63999938964844,47.9900016784668,42.850921630859375,300328
2021-01-11,47.33000183105469,48.4900016784668,47.27000045776367,47.720001220703125,42.609832763671875,167129
2021-01-12,47.65999984741211,48.88999938964844,47.65999984741211,48.4900016784668,43.29737091064453,164456
2021-01-13,48.689998626708984,48.880001068115234,47.459999084472656,47.5099983215332,42.422306060791016,166945
2021-01-14,47.779998779296875,48.755001068115234,47.68000030517578,47.9900016784668,42.850921630859375,131122
2021-01-15,47.4900016784668,48.099998474121094,47.220001220703125,47.779998779296875,42.66340255737305,173545
2021-01-19,47.7599983215332,48.310001373291016,47.36000061035156,47.560001373291016,42.466957092285156,176030
2021-01-20,47.709999084472656,48.099998474121094,47.19499969482422,47.68000030517578,42.57411193847656,179402
2021-01-21,47.369998931884766,48.43000030517578,47.290000915527344,48.08000183105469,42.931278228759766,268029
2021-01-22,47.83000183105469,48.7599983215332,47.599998474121094,48.59000015258789,43.386661529541016,271956
2021-01-25,48.15999984741211,49.119998931884766,46.400001525878906,46.68000030517578,41.681209564208984,255606
2021-01-26,46.66999816894531,47.11000061035156,45.70000076293945,46.5,41.52048110961914,222097
2021-01-27,46.099998474121094,47.220001220703125,45.77000045776367,46.5,41.52048110961914,229780
2021-01-28,46.45000076293945,46.810001373291016,45.29999923706055,46.0,41.07402038574219,254796
2021-01-29,46.400001525878906,47.279998779296875,45.41999816894531,45.61000061035156,40.72578430175781,835875
2021-02-01,46.29999923706055,46.93989944458008,45.31999969482422,46.31999969482422,41.3597526550293,250612
2021-02-02,46.88999938964844,47.72999954223633,46.11000061035156,47.43000030517578,42.350887298583984,257330
2021-02-03,47.15999984741211,47.68000030517578,46.869998931884766,47.63999938964844,42.538394927978516,187402
2021-02-04,48.16999816894531,48.900001525878906,47.619998931884766,48.400001525878906,43.217010498046875,288448
2021-02-05,48.79999923706055,50.38999938964844,48.79999923706055,49.97999954223633,44.6278076171875,251879
2021-02-08,50.34000015258789,50.959999084472656,49.41999816894531,50.88999938964844,45.440364837646484,150002
2021-02-09,50.84000015258789,51.380001068115234,50.290000915527344,51.349998474121094,45.85110855102539,235305
2021-02-10,51.540000915527344,52.209999084472656,50.880001068115234,51.5099983215332,45.99397277832031,228831
2021-02-11,52.0,52.5099983215332,51.529998779296875,52.31999969482422,46.71724319458008,230305
2021-02-12,52.08000183105469,53.11000061035156,52.08000183105469,53.11000061035156,47.422630310058594,243727
2021-02-16,53.16999816894531,53.53499984741211,52.744998931884766,53.119998931884766,47.43156433105469,234371
2021-02-17,53.09000015258789,53.619998931884766,52.130001068115234,53.290000915527344,47.58335876464844,178755
2021-02-18,53.36000061035156,54.220001220703125,52.8129997253418,53.7599983215332,48.00302505493164,282563
2021-02-19,53.75,54.599998474121094,53.61000061035156,54.25,48.440555572509766,691069
2021-02-22,54.02000045776367,54.84000015258789,54.02000045776367,54.40999984741211,48.58342361450195,140973
2021-02-23,54.119998931884766,54.459999084472656,52.810001373291016,54.33000183105469,48.511993408203125,191391
2021-02-24,54.40999984741211,55.540000915527344,54.290000915527344,55.33000183105469,49.404903411865234,175998
2021-02-25,55.02000045776367,55.459999084472656,53.33000183105469,53.33000183105469,47.61907958984375,285779
2021-02-26,53.41999816894531,54.22999954223633,52.220001220703125,52.68000030517578,47.03868103027344,386017
2021-03-01,53.099998474121094,53.709999084472656,52.91999816894531,53.400001525878906,47.68157958984375,195348
2021-03-02,53.09000015258789,53.849998474121094,50.779998779296875,50.880001068115234,45.431434631347656,381329
2021-03-03,51.119998931884766,52.400001525878906,51.0099983215332,51.20000076293945,45.71717071533203,177634
2021-03-04,51.369998931884766,51.380001068115234,50.099998474121094,50.95000076293945,45.49394607543945,416202
2021-03-05,51.25,53.02000045776367,51.0098991394043,52.970001220703125,47.297630310058594,294862
2021-03-08,53.369998931884766,56.279998779296875,53.08000183105469,56.06999969482422,50.06565475463867,275125
2021-03-09,54.9900016784668,55.630001068115234,53.560001373291016,55.029998779296875,49.13703536987305,336657
2021-03-10,55.33000183105469,56.11410140991211,54.459999084472656,55.08000183105469,49.18167495727539,364580
2021-03-11,54.70000076293945,54.959999084472656,53.18000030517578,53.54999923706055,47.815513610839844,370592
2021-03-12,53.369998931884766,54.29999923706055,53.150001525878906,53.540000915527344,47.80658721923828,488775
2021-03-15,53.02000045776367,53.25,48.459999084472656,50.2599983215332,44.877830505371094,1104057
2021-03-16,50.099998474121094,50.900001525878906,49.255001068115234,50.290000915527344,44.90461349487305,655935
2021-03-17,50.380001068115234,50.720001220703125,48.69499969482422,50.720001220703125,45.288570404052734,700147
2021-03-18,50.95000076293945,52.709999084472656,50.880001068115234,51.779998779296875,46.23506164550781,472843
2021-03-19,51.869998931884766,53.25,50.59000015258789,53.040000915527344,47.360137939453125,3391654
2021-03-22,53.150001525878906,53.779998779296875,52.41999816894531,53.029998779296875,47.35120391845703,427154
2021-03-23,52.810001373291016,53.90999984741211,52.040000915527344,52.33000183105469,46.726165771484375,345959
2021-03-24,52.91999816894531,53.5,52.119998931884766,52.119998931884766,46.53864669799805,258250
2021-03-25,51.9900016784668,53.47999954223633,51.880001068115234,53.27000045776367,47.56549835205078,214153
2021-03-26,53.86000061035156,54.959999084472656,53.630001068115234,54.83000183105469,48.95845031738281,298041
2021-03-29,54.72999954223633,55.43000030517578,53.33000183105469,53.630001068115234,47.8869514465332,259561
2021-03-30,53.81999969482422,55.349998474121094,53.73680114746094,55.04999923706055,49.15489196777344,323340
2021-03-31,54.939998626708984,55.40999984741211,54.11000061035156,54.20000076293945,48.39590835571289,322636
2021-04-01,53.869998931884766,55.5,53.36000061035156,55.5,49.556705474853516,326320
2021-04-05,54.880001068115234,55.400001525878906,54.77000045776367,55.290000915527344,49.675743103027344,255242
2021-04-06,55.040000915527344,55.86000061035156,55.040000915527344,55.70000076293945,50.04411697387695,395790
2021-04-07,55.810001373291016,55.810001373291016,54.599998474121094,54.959999084472656,49.37924575805664,368152
2021-04-08,54.790000915527344,56.150001525878906,54.33000183105469,56.09000015258789,50.394508361816406,293841
2021-04-09,55.83000183105469,56.58000183105469,55.560001373291016,56.040000915527344,50.34959030151367,649593
2021-04-12,56.540000915527344,57.59000015258789,56.150001525878906,57.400001525878906,51.57148361206055,274331
2021-04-13,57.220001220703125,57.29999923706055,55.13999938964844,55.529998779296875,49.89137268066406,235555
2021-04-14,55.77000045776367,56.540000915527344,55.220001220703125,56.2599983215332,50.54724884033203,185647
2021-04-15,56.79999923706055,57.11000061035156,56.54999923706055,56.7400016784668,50.978511810302734,151556
2021-04-16,57.22999954223633,57.349998474121094,56.400001525878906,57.04999923706055,51.25703430175781,134328
2021-04-19,57.349998474121094,57.599998474121094,56.13999938964844,56.33000183105469,50.610145568847656,194535
2021-04-20,56.27000045776367,56.869998931884766,55.91999816894531,56.58000183105469,50.83475112915039,197757
2021-04-21,56.72999954223633,57.369998931884766,56.5,57.040000915527344,51.248043060302734,223044
2021-04-22,56.88999938964844,57.72999954223633,56.625,56.81999969482422,51.050384521484375,245848
2021-04-23,56.90999984741211,57.9900016784668,56.45000076293945,57.400001525878906,51.57148361206055,258744
2021-04-26,57.900001525878906,57.9900016784668,57.08000183105469,57.380001068115234,51.553524017333984,236584
2021-04-27,57.400001525878906,58.34000015258789,57.15999984741211,57.29999923706055,51.48164367675781,323766
2021-04-28,57.56999969482422,58.25,56.9900016784668,57.45000076293945,51.61641311645508,323788
2021-04-29,57.869998931884766,58.78499984741211,57.650001525878906,58.119998931884766,52.218379974365234,411414
2021-04-30,57.70000076293945,58.720001220703125,56.279998779296875,56.939998626708984,51.15819549560547,2093683
2021-05-03,57.34000015258789,59.4900016784668,57.34000015258789,59.380001068115234,53.350440979003906,363337
2021-05-04,59.0,60.70000076293945,58.81999969482422,60.11000061035156,54.00630569458008,401865
2021-05-05,59.810001373291016,61.29999923706055,59.95000076293945,61.20000076293945,54.98563003540039,261515
2021-05-06,61.75,61.959999084472656,60.15999984741211,61.93000030517578,55.641502380371094,355504
2021-05-07,61.459999084472656,62.63999938964844,61.11000061035156,62.34000015258789,56.00987243652344,226749
2021-05-10,62.439998626708984,62.529998779296875,61.20000076293945,61.619998931884766,55.36298751831055,615981
2021-05-11,61.0,61.529998779296875,59.96500015258789,61.119998931884766,54.91374969482422,297832
2021-05-12,61.13999938964844,61.65999984741211,59.68000030517578,59.75,53.682865142822266,210272
2021-05-13,59.7400016784668,61.599998474121094,59.45249938964844,61.2599983215332,55.03953552246094,363406
2021-05-14,61.11000061035156,61.86000061035156,60.0,61.720001220703125,55.45282745361328,243168
2021-05-17,61.56999969482422,62.220001220703125,61.51499938964844,62.060001373291016,55.75830078125,184487
2021-05-18,61.97999954223633,62.79999923706055,61.83639907836914,62.25,55.92900848388672,192813
2021-05-19,61.7599983215332,61.994998931884766,61.279998779296875,61.90999984741211,55.62353515625,209090
2021-05-20,61.52000045776367,62.70000076293945,61.04999923706055,62.5099983215332,56.16261291503906,198092
2021-05-21,62.79999923706055,63.20500183105469,62.5,62.619998931884766,56.26144027709961,805623
2021-05-24,62.93000030517578,63.63999938964844,62.130001068115234,63.560001373291016,57.105995178222656,168314
2021-05-25,63.779998779296875,63.779998779296875,61.404998779296875,61.720001220703125,55.45282745361328,244475
2021-05-26,61.88999938964844,62.93000030517578,61.79999923706055,62.470001220703125,56.12667465209961,136132
2021-05-27,62.959999084472656,63.3849983215332,62.415000915527344,63.290000915527344,56.863407135009766,251931
2021-05-28,63.290000915527344,63.47999954223633,62.31999969482422,63.380001068115234,56.94426727294922,153284
2021-06-01,63.56999969482422,65.17500305175781,63.25,64.95999908447266,58.363834381103516,203003
2021-06-02,65.41000366210938,65.41000366210938,63.68000030517578,64.16000366210938,57.64506912231445,132472
2021-06-03,63.59000015258789,64.7699966430664,63.59000015258789,64.55000305175781,57.99547576904297,160796
2021-06-04,64.41999816894531,65.58999633789062,64.12999725341797,65.43000030517578,58.78609848022461,143365
2021-06-07,65.62999725341797,65.88999938964844,64.73999786376953,65.52999877929688,58.875946044921875,184767
2021-06-08,65.43000030517578,66.04000091552734,65.0999984741211,65.62999725341797,58.96579360961914,241772
2021-06-09,65.62000274658203,65.86990356445312,64.55000305175781,64.55000305175781,57.99547576904297,260136
2021-06-10,65.72000122070312,65.72000122070312,61.25,61.400001525878906,55.165321350097656,741926
2021-06-11,61.54999923706055,63.47999954223633,61.54999923706055,62.040000915527344,55.74033737182617,694422
2021-06-14,61.34000015258789,62.029998779296875,55.709999084472656,56.16999816894531,50.46638488769531,1520462
2021-06-15,55.959999084472656,57.150001525878906,55.849998474121094,56.790000915527344,51.02342987060547,996192
2021-06-16,56.61000061035156,56.83000183105469,54.849998474121094,55.380001068115234,49.7566032409668,778333
2021-06-17,54.7599983215332,55.939998626708984,54.150001525878906,55.619998931884766,49.972232818603516,646482
2021-06-18,55.540000915527344,55.95000076293945,52.560001373291016,55.11000061035156,49.51401901245117,3065282
2021-06-21,55.79999923706055,57.48500061035156,55.029998779296875,57.369998931884766,51.544532775878906,527906
2021-06-22,57.15999984741211,57.54999923706055,56.33000183105469,57.18000030517578,51.37383270263672,434708
2021-06-23,57.68000030517578,58.209999084472656,57.21500015258789,57.59000015258789,51.7421989440918,349488
2021-06-24,58.040000915527344,58.07500076293945,57.18000030517578,57.34000015258789,51.51758575439453,371702
2021-06-25,57.400001525878906,59.41999816894531,56.83000183105469,58.790000915527344,52.82034683227539,6779908
2021-06-28,58.47999954223633,59.27000045776367,57.76499938964844,59.25,53.23363494873047,436166
2021-06-29,59.58000183105469,60.78519821166992,58.619998931884766,58.83000183105469,52.85628890991211,480595
2021-06-30,58.459999084472656,60.31999969482422,58.459999084472656,60.18000030517578,54.0692024230957,430279
2021-07-01,60.58000183105469,60.70000076293945,59.869998931884766,60.0,53.90747833251953,348653
2021-07-02,59.779998779296875,60.54999923706055,59.31999969482422,60.540000915527344,54.707218170166016,222692
2021-07-06,60.529998779296875,60.77000045776367,59.189998626708984,59.88999938964844,54.119834899902344,410548
2021-07-07,59.650001525878906,60.29999923706055,59.5,59.5,53.76740646362305,250104
2021-07-08,58.619998931884766,59.68000030517578,58.23500061035156,58.619998931884766,52.97219467163086,241638
2021-07-09,59.599998474121094,59.779998779296875,58.630001068115234,59.18000030517578,53.478248596191406,207552
2021-07-12,58.4900016784668,59.61000061035156,57.90999984741211,58.959999084472656,53.279441833496094,278647
2021-07-13,58.5099983215332,58.76499938964844,57.93000030517578,58.20000076293945,52.59267044067383,279747
2021-07-14,58.540000915527344,59.060001373291016,56.97999954223633,57.029998779296875,51.5353889465332,199040
2021-07-15,56.65999984741211,57.470001220703125,55.939998626708984,56.529998779296875,51.08355712890625,256430
2021-07-16,56.9900016784668,57.43000030517578,55.56999969482422,55.61000061035156,50.252197265625,196244
2021-07-19,54.45000076293945,55.35499954223633,54.31999969482422,55.16999816894531,49.854591369628906,215657
2021-07-20,55.13999938964844,57.060001373291016,54.83000183105469,56.97999954223633,51.490203857421875,375006
2021-07-21,57.40999984741211,58.13999938964844,56.40999984741211,56.5099983215332,51.065494537353516,176507
2021-07-22,56.310001373291016,57.400001525878906,55.4900016784668,55.529998779296875,50.17990493774414,129688
2021-07-23,55.84000015258789,56.22999954223633,55.5099983215332,55.880001068115234,50.496185302734375,119126
2021-07-26,56.720001220703125,57.650001525878906,56.45000076293945,56.720001220703125,51.25525665283203,180824
2021-07-27,56.15999984741211,57.709999084472656,56.13999938964844,57.599998474121094,52.05047607421875,323279
2021-07-28,58.0,60.119998931884766,57.11000061035156,58.400001525878906,52.77339553833008,327316
2021-07-29,58.75,59.529998779296875,58.650001525878906,59.2599983215332,53.550533294677734,161123
2021-07-30,58.93000030517578,59.619998931884766,58.29999923706055,58.779998779296875,53.116783142089844,395463
2021-08-02,59.22999954223633,59.68000030517578,58.310001373291016,58.41999816894531,52.791465759277344,241622
2021-08-03,59.060001373291016,59.459999084472656,57.71500015258789,59.45000076293945,53.722232818603516,170158
2021-08-04,58.75,59.459999084472656,57.81999969482422,57.81999969482422,52.24927520751953,157662
2021-08-05,58.40999984741211,58.79499816894531,58.12419891357422,58.56999969482422,52.92702102661133,103599
2021-08-06,59.61000061035156,59.61000061035156,58.84000015258789,58.86000061035156,53.1890754699707,133354
2021-08-09,58.65999984741211,58.689998626708984,57.709999084472656,57.77000045776367,52.20409393310547,121820
2021-08-10,57.599998474121094,58.6150016784668,57.02000045776367,58.540000915527344,52.899906158447266,91323
2021-08-11,58.45000076293945,59.20000076293945,57.90999984741211,58.02000045776367,52.43001174926758,170556
2021-08-12,58.0099983215332,58.65999984741211,57.459999084472656,57.880001068115234,52.303497314453125,318616
2021-08-13,57.7400016784668,59.58000183105469,57.38999938964844,59.290000915527344,53.5776481628418,147692
2021-08-16,58.77000045776367,59.5,58.5,59.130001068115234,53.43306350708008,114890
2021-08-17,58.540000915527344,58.959999084472656,57.279998779296875,58.36000061035156,52.737247467041016,155200
2021-08-18,58.220001220703125,58.470001220703125,56.9900016784668,57.0,51.508277893066406,153276
2021-08-19,56.34000015258789,57.09000015258789,56.20000076293945,56.5099983215332,51.065494537353516,125867
2021-08-20,56.33000183105469,57.31999969482422,56.2599983215332,57.20000076293945,51.68901062011719,141887
2021-08-23,57.290000915527344,58.09000015258789,56.869998931884766,57.97999954223633,52.39385986328125,123471
2021-08-24,57.970001220703125,58.279998779296875,57.709999084472656,58.22999954223633,52.61977767944336,117885
2021-08-25,58.459999084472656,58.970001220703125,58.189998626708984,58.380001068115234,52.75532531738281,145753
2021-08-26,57.790000915527344,58.724998474121094,56.90999984741211,56.90999984741211,51.42694854736328,158466
2021-08-27,56.84000015258789,58.77000045776367,56.84000015258789,58.70000076293945,53.04449462890625,215690
2021-08-30,58.95000076293945,59.209999084472656,58.25,58.25,52.637847900390625,150586
2021-08-31,58.029998779296875,58.619998931884766,57.79999923706055,58.099998474121094,52.50230026245117,167288
2021-09-01,58.04999923706055,58.2599983215332,57.130001068115234,57.56999969482422,52.02336502075195,131968
2021-09-02,57.0099983215332,58.2599983215332,56.58000183105469,56.91999816894531,51.43598556518555,175480
2021-09-03,56.86000061035156,57.15999984741211,55.91999816894531,57.13999938964844,51.63479995727539,181188
2021-09-07,57.560001373291016,59.8650016784668,57.18000030517578,58.75,53.08967590332031,256597
2021-09-08,58.34000015258789,58.654998779296875,57.2599983215332,57.29999923706055,51.77936935424805,257298
2021-09-09,57.459999084472656,58.56999969482422,57.2400016784668,57.459999084472656,51.923954010009766,210367
2021-09-10,57.59000015258789,57.68000030517578,56.41999816894531,56.41999816894531,50.98415756225586,256735
2021-09-13,57.09000015258789,57.09000015258789,56.13999938964844,56.70000076293945,51.23717498779297,177830
2021-09-14,57.599998474121094,57.599998474121094,56.47999954223633,56.790000915527344,51.318519592285156,221386
2021-09-15,56.47999954223633,57.459999084472656,56.380001068115234,57.34000015258789,51.81552505493164,170695
2021-09-16,57.45000076293945,57.540000915527344,56.560001373291016,56.61000061035156,51.15584945678711,175850
2021-09-17,56.869998931884766,56.869998931884766,55.779998779296875,56.11000061035156,50.70402908325195,614088
2021-09-20,54.959999084472656,56.36000061035156,54.119998931884766,54.880001068115234,49.592533111572266,216289
2021-09-21,55.41999816894531,55.41999816894531,54.0099983215332,54.29999923706055,49.06840896606445,162018
2021-09-22,55.130001068115234,55.808998107910156,54.65999984741211,55.02000045776367,49.71904373168945,164700
2021-09-23,55.38999938964844,56.095001220703125,55.27000045776367,55.369998931884766,50.03532028198242,136256
2021-09-24,55.66999816894531,55.66999816894531,54.86000061035156,55.369998931884766,50.03532028198242,161084
2021-09-27,55.36000061035156,56.119998931884766,54.7599983215332,55.400001525878906,50.062442779541016,155458
2021-09-28,55.45000076293945,55.459999084472656,53.7400016784668,53.790000915527344,48.60755157470703,223411
2021-09-29,54.08000183105469,54.689998626708984,53.150001525878906,53.290000915527344,48.15572738647461,178307
2021-09-30,53.619998931884766,53.630001068115234,52.13999938964844,52.209999084472656,47.179779052734375,262524
2021-10-01,52.650001525878906,52.83000183105469,51.13999938964844,52.310001373291016,47.270145416259766,415872
2021-10-04,52.38999938964844,53.272499084472656,52.2400016784668,52.470001220703125,47.41472244262695,225977
2021-10-05,52.349998474121094,53.224998474121094,52.20000076293945,52.65999984741211,47.5864143371582,181047
2021-10-06,52.209999084472656,52.40999984741211,51.16999816894531,51.95000076293945,46.944828033447266,157364
2021-10-07,52.27000045776367,53.619998931884766,52.27000045776367,53.11000061035156,47.993064880371094,212324
2021-10-08,52.810001373291016,53.119998931884766,52.31999969482422,52.52000045776367,47.770225524902344,222132
2021-10-11,52.15999984741211,53.09000015258789,52.15999984741211,52.529998779296875,47.779319763183594,180743
2021-10-12,52.720001220703125,53.09000015258789,52.290000915527344,52.459999084472656,47.71564483642578,157269
2021-10-13,52.47999954223633,52.47999954223633,51.84000015258789,52.20000076293945,47.47916793823242,139989
2021-10-14,52.349998474121094,53.15999984741211,52.349998474121094,53.15999984741211,48.35234451293945,129246
2021-10-15,54.459999084472656,54.459999084472656,52.66999816894531,52.709999084472656,47.94303894042969,189830
2021-10-18,52.43000030517578,53.27000045776367,52.0,53.040000915527344,48.243194580078125,247095
2021-10-19,53.34000015258789,53.34000015258789,52.220001220703125,52.88999938964844,48.10676193237305,231182
2021-10-20,53.06999969482422,53.689998626708984,52.91999816894531,53.02000045776367,48.224998474121094,204998
2021-10-21,52.86000061035156,54.790000915527344,52.86000061035156,54.68000030517578,49.7348747253418,245043
2021-10-22,54.61000061035156,55.44499969482422,54.38999938964844,54.5099983215332,49.58025360107422,209311
2021-10-25,54.31999969482422,54.41999816894531,53.040000915527344,53.81999969482422,48.95265197753906,368759
2021-10-26,54.189998626708984,54.619998931884766,53.45000076293945,53.4900016784668,48.65250015258789,298593
2021-10-27,53.36000061035156,53.36000061035156,52.060001373291016,53.099998474121094,48.29776382446289,332048
2021-10-28,52.900001525878906,55.0099983215332,52.900001525878906,54.65999984741211,49.71668243408203,306013
2021-10-29,54.560001373291016,54.81999969482422,53.275001525878906,54.16999816894531,49.270999908447266,1887733
2021-11-01,54.459999084472656,55.904998779296875,54.459999084472656,54.5099983215332,49.58025360107422,343273
2021-11-02,54.63999938964844,54.63999938964844,52.73500061035156,52.810001373291016,48.033992767333984,164938
2021-11-03,53.0,54.150001525878906,52.91999816894531,53.650001525878906,48.79802703857422,184014
2021-11-04,53.720001220703125,54.54999923706055,53.470001220703125,53.91999816894531,49.04361343383789,289540
2021-11-05,54.810001373291016,55.72999954223633,53.939998626708984,54.40999984741211,49.489295959472656,410999
2021-11-08,54.68000030517578,54.68000030517578,53.0099983215332,53.189998626708984,48.37963104248047,225615
2021-11-09,53.09000015258789,53.92900085449219,53.09000015258789,53.45000076293945,48.61611557006836,166381
2021-11-10,53.2400016784668,54.47999954223633,53.09000015258789,54.279998779296875,49.37105178833008,169420
2021-11-11,54.540000915527344,55.18000030517578,54.150001525878906,54.400001525878906,49.480194091796875,113603
2021-11-12,54.619998931884766,55.2400016784668,54.279998779296875,54.86000061035156,49.89859390258789,141510
2021-11-15,55.220001220703125,55.22999954223633,54.02000045776367,54.209999084472656,49.30738067626953,152756
2021-11-16,54.0,54.41999816894531,53.68000030517578,54.16999816894531,49.270999908447266,158289
2021-11-17,53.81999969482422,54.459999084472656,53.220001220703125,54.27000045776367,49.36195373535156,201061
2021-11-18,54.13999938964844,54.79999923706055,53.5,54.209999084472656,49.30738067626953,177733
2021-11-19,53.86000061035156,54.95000076293945,53.2400016784668,54.0099983215332,49.12546157836914,290871
2021-11-22,54.25,55.849998474121094,54.119998931884766,55.47999954223633,50.462528228759766,178013
2021-11-23,55.15999984741211,55.790000915527344,54.84000015258789,55.619998931884766,50.58986282348633,169956
2021-11-24,55.209999084472656,55.63999938964844,54.79999923706055,54.97999954223633,50.00774383544922,116371
2021-11-26,53.970001220703125,54.66999816894531,52.439998626708984,52.439998626708984,47.69746017456055,114604
2021-11-29,53.439998626708984,53.439998626708984,51.9900016784668,52.29999923706055,47.57011413574219,126277
2021-11-30,51.77000045776367,52.380001068115234,51.29999923706055,51.97999954223633,47.279056549072266,229655
2021-12-01,53.119998931884766,53.935001373291016,52.310001373291016,52.310001373291016,47.5792121887207,373629
2021-12-02,52.970001220703125,54.40999984741211,52.970001220703125,54.2599983215332,49.35285949707031,204620
2021-12-03,54.43000030517578,54.90999984741211,54.18000030517578,54.529998779296875,49.59844207763672,275052
2021-12-06,55.119998931884766,56.290000915527344,55.0,55.5,50.48072052001953,363515
2021-12-07,56.06999969482422,56.43000030517578,55.45000076293945,55.540000915527344,50.5171012878418,181914
2021-12-08,55.869998931884766,57.25,55.54999923706055,56.970001220703125,51.817771911621094,227807
2021-12-09,56.13999938964844,56.93000030517578,55.28499984741211,55.619998931884766,50.58986282348633,216792
2021-12-10,55.959999084472656,56.72999954223633,55.52000045776367,55.65999984741211,50.62624740600586,173222
2021-12-13,54.779998779296875,55.040000915527344,54.45000076293945,54.83000183105469,49.87131118774414,202023
2021-12-14,54.52000045776367,55.5099983215332,54.22999954223633,55.029998779296875,50.05322265625,421331
2021-12-15,55.0099983215332,55.0099983215332,53.72999954223633,54.5,49.5711555480957,291182
2021-12-16,54.7599983215332,55.18000030517578,52.54999923706055,52.54999923706055,47.79751205444336,320407
2021-12-17,52.689998626708984,54.209999084472656,51.95000076293945,54.04999923706055,49.16184997558594,1069722
2021-12-20,53.13999938964844,53.89680099487305,51.494998931884766,52.59000015258789,47.833892822265625,391170
2021-12-21,52.68000030517578,54.060001373291016,52.68000030517578,53.91999816894531,49.04361343383789,192739
2021-12-22,53.77000045776367,54.779998779296875,53.59000015258789,54.709999084472656,49.76215744018555,145435
2021-12-23,55.2400016784668,55.7400016784668,55.06999969482422,55.43000030517578,50.41704559326172,115662
2021-12-27,55.349998474121094,56.15999984741211,55.150001525878906,55.9900016784668,51.245357513427734,160802
2021-12-28,55.58000183105469,56.540000915527344,55.53499984741211,56.369998931884766,51.59315872192383,148403
2021-12-29,56.52000045776367,57.09000015258789,56.5,56.91999816894531,52.09654998779297,149240
2021-12-30,56.79999923706055,57.650001525878906,56.70000076293945,56.84000015258789,52.02333068847656,156724
2021-12-31,56.58000183105469,57.540000915527344,56.58000183105469,57.27000045776367,52.41688919067383,133311
2022-01-03,57.40999984741211,58.20249938964844,56.970001220703125,57.36000061035156,52.499267578125,185523
2022-01-04,57.0099983215332,58.084999084472656,56.290000915527344,57.619998931884766,52.73723220825195,154981
2022-01-05,57.810001373291016,58.005001068115234,56.47999954223633,56.63999938964844,51.84027862548828,154358
2022-01-06,56.709999084472656,57.34000015258789,56.189998626708984,56.47999954223633,51.69383239746094,181178
2022-01-07,56.279998779296875,56.50849914550781,55.900001525878906,56.220001220703125,51.455867767333984,121756
2022-01-10,55.709999084472656,56.529998779296875,55.709999084472656,56.2599983215332,51.49247360229492,150944
2022-01-11,56.52000045776367,56.52000045776367,55.310001373291016,56.0099983215332,51.2636604309082,123060
2022-01-12,55.900001525878906,56.38999938964844,54.41999816894531,55.029998779296875,50.3667106628418,220425
2022-01-13,55.75,56.72999954223633,55.31999969482422,56.560001373291016,51.76705551147461,181304
2022-01-14,56.209999084472656,57.11000061035156,56.0,56.849998474121094,52.03247833251953,152681
2022-01-18,56.0,57.040000915527344,54.810001373291016,55.220001220703125,50.54061508178711,180181
2022-01-19,55.61000061035156,55.970001220703125,54.54999923706055,54.619998931884766,49.991451263427734,110985
2022-01-20,54.43000030517578,54.849998474121094,52.849998474121094,53.0,48.50873565673828,184585
2022-01-21,52.709999084472656,53.65999984741211,52.310001373291016,52.349998474121094,47.913814544677734,176744
2022-01-24,51.84000015258789,53.45000076293945,51.310001373291016,53.2400016784668,48.72840118408203,250717
2022-01-25,52.68000030517578,53.30500030517578,51.15999984741211,51.88999938964844,47.492794036865234,349504
2022-01-26,51.88999938964844,52.275001525878906,49.86000061035156,50.189998626708984,45.93685531616211,240283
2022-01-27,50.41999816894531,50.8849983215332,49.09000015258789,49.29999923706055,45.122276306152344,201193
2022-01-28,49.08000183105469,49.23210144042969,47.93000030517578,49.209999084472656,45.03990173339844,232098
2022-01-31,48.29999923706055,50.900001525878906,48.29999923706055,50.75,46.44940185546875,1047275
2022-02-01,50.38999938964844,52.58000183105469,50.38999938964844,52.27000045776367,47.840599060058594,263471
2022-02-02,52.029998779296875,52.41999816894531,51.5,52.0,47.59347915649414,227755
2022-02-03,51.310001373291016,51.96500015258789,51.09000015258789,51.130001068115234,46.79720687866211,132105
2022-02-04,50.52000045776367,51.13999938964844,49.91999816894531,50.77000045776367,46.467708587646484,92263
2022-02-07,50.52000045776367,50.834999084472656,50.09000015258789,50.15999984741211,45.909400939941406,96938
2022-02-08,50.369998931884766,51.27000045776367,50.31999969482422,51.220001220703125,46.879573822021484,280460
2022-02-09,51.400001525878906,52.15999984741211,51.400001525878906,52.150001525878906,47.73076629638672,128699
2022-02-10,51.04999923706055,52.492000579833984,50.91999816894531,51.06999969482422,46.742286682128906,205115
2022-02-11,51.02000045776367,51.529998779296875,50.25170135498047,50.58000183105469,46.29380798339844,115507
2022-02-14,50.0099983215332,51.26499938964844,50.0099983215332,51.13999938964844,46.80635452270508,144869
2022-02-15,51.4900016784668,52.529998779296875,51.30500030517578,52.099998474121094,47.68500518798828,118738
2022-02-16,51.95000076293945,52.36000061035156,51.810001373291016,51.9900016784668,47.58432388305664,124732
2022-02-17,51.36000061035156,51.56999969482422,50.38999938964844,50.459999084472656,46.18397521972656,144161
2022-02-18,50.380001068115234,51.47999954223633,50.06999969482422,50.27000045776367,46.01008224487305,182963
2022-02-22,50.029998779296875,51.279998779296875,49.81999969482422,50.70000076293945,46.40364074707031,168672
2022-02-23,51.2400016784668,51.400001525878906,49.81999969482422,49.880001068115234,45.65312957763672,104995
2022-02-24,48.880001068115234,49.7599983215332,48.470001220703125,49.58000183105469,45.3785514831543,149988
2022-02-25,49.79999923706055,50.97999954223633,49.54999923706055,50.91999816894531,46.60499954223633,110109
2022-02-28,50.0099983215332,51.154998779296875,50.0099983215332,50.310001373291016,46.046695709228516,205095
2022-03-01,49.91999816894531,50.529998779296875,48.86000061035156,49.34000015258789,45.15888595581055,271497
2022-03-02,49.470001220703125,50.755001068115234,49.380001068115234,50.459999084472656,46.18397521972656,134739
2022-03-03,50.849998474121094,50.849998474121094,50.099998474121094,50.540000915527344,46.25719451904297,103422
2022-03-04,49.83000183105469,50.2400016784668,49.38999938964844,49.7599983215332,45.543296813964844,117513
2022-03-07,50.0,50.22999954223633,49.04999923706055,49.56999969482422,45.36940002441406,225302
2022-03-08,49.880001068115234,51.060001373291016,48.81999969482422,49.2400016784668,45.06735610961914,188627
2022-03-09,49.84000015258789,50.369998931884766,49.63999938964844,49.81999969482422,45.598209381103516,174704
2022-03-10,48.849998474121094,50.43000030517578,48.849998474121094,50.25,45.99177169799805,167437
2022-03-11,50.88999938964844,51.88999938964844,50.13999938964844,51.369998931884766,47.01686096191406,263141
2022-03-14,51.47999954223633,52.58000183105469,51.27000045776367,52.13999938964844,47.72161102294922,152442
2022-03-15,52.11000061035156,53.22999954223633,51.130001068115234,52.29999923706055,47.86804962158203,134280
2022-03-16,52.470001220703125,53.54930114746094,52.209999084472656,53.38999938964844,48.86568069458008,210569
2022-03-17,52.72999954223633,54.2400016784668,52.72999954223633,54.029998779296875,49.45145034790039,144220
2022-03-18,53.90999984741211,55.27000045776367,52.7400016784668,55.2400016784668,50.558921813964844,670255
2022-03-21,55.220001220703125,56.34000015258789,54.59000015258789,54.900001525878906,50.24773025512695,180023
2022-03-22,55.209999084472656,55.209999084472656,53.5,54.61000061035156,49.982303619384766,189281
2022-03-23,54.08000183105469,54.29999923706055,52.8650016784668,52.970001220703125,48.48128128051758,168135
2022-03-24,52.959999084472656,53.630001068115234,52.724998474121094,53.599998474121094,49.057891845703125,132064
2022-03-25,53.790000915527344,54.630001068115234,53.70000076293945,54.52000045776367,49.899925231933594,166694
2022-03-28,54.4900016784668,54.7599983215332,53.68000030517578,54.040000915527344,49.460609436035156,154964
2022-03-29,54.54999923706055,55.43000030517578,53.79999923706055,54.5,49.88162612915039,187838
2022-03-30,54.349998474121094,54.380001068115234,52.95500183105469,53.04999923706055,48.55449676513672,168954
2022-03-31,52.959999084472656,53.476600646972656,52.54999923706055,53.029998779296875,48.536197662353516,271205
2022-04-01,53.58000183105469,55.150001525878906,52.470001220703125,54.880001068115234,50.22941970825195,348031
2022-04-04,54.5,56.11000061035156,52.02000045776367,52.279998779296875,48.1524543762207,282736
2022-04-05,52.27000045776367,52.880001068115234,51.06999969482422,52.15999984741211,48.041927337646484,250677
2022-04-06,51.5,52.2400016784668,50.380001068115234,51.869998931884766,47.774818420410156,145946
2022-04-07,51.63999938964844,52.04999923706055,50.63999938964844,51.849998474121094,47.756404876708984,166517
2022-04-08,51.38999938964844,52.6150016784668,51.21500015258789,52.459999084472656,48.318241119384766,172773
2022-04-11,52.560001373291016,52.92499923706055,51.040000915527344,52.709999084472656,48.54850769042969,243956
2022-04-12,53.43000030517578,53.97779846191406,52.7400016784668,53.25,49.045875549316406,220199
2022-04-13,53.540000915527344,54.08000183105469,52.900001525878906,53.95000076293945,49.69061279296875,151929
2022-04-14,54.08000183105469,54.779998779296875,53.400001525878906,53.619998931884766,49.386661529541016,161419
2022-04-18,53.63999938964844,54.339900970458984,53.189998626708984,53.5,49.27614212036133,130914
2022-04-19,53.83000183105469,54.68000030517578,53.75,54.560001373291016,50.2524528503418,134117
2022-04-20,54.900001525878906,55.709999084472656,54.65999984741211,54.90999984741211,50.57481002807617,167428
2022-04-21,55.20000076293945,55.29999923706055,54.209999084472656,54.439998626708984,50.14191818237305,188145
2022-04-22,53.79999923706055,53.97999954223633,52.20000076293945,52.380001068115234,48.24456024169922,167629
2022-04-25,52.18000030517578,52.18000030517578,50.26499938964844,51.619998931884766,47.54456329345703,311572
2022-04-26,51.04999923706055,51.630001068115234,50.349998474121094,50.400001525878906,46.42089080810547,227561
2022-04-27,50.459999084472656,51.35499954223633,50.040000915527344,50.43000030517578,46.448516845703125,230552
2022-04-28,50.709999084472656,51.79999923706055,49.720001220703125,51.56999969482422,47.498504638671875,204551
2022-04-29,51.369998931884766,52.31999969482422,50.630001068115234,50.88999938964844,46.872196197509766,1354845
2022-05-02,51.36000061035156,51.790000915527344,49.1349983215332,50.150001525878906,46.19062042236328,242919
2022-05-03,49.9900016784668,51.22999954223633,49.47999954223633,49.84000015258789,45.905094146728516,445857
2022-05-04,49.88999938964844,51.25,49.41999816894531,51.189998626708984,47.14850997924805,236381
2022-05-05,50.810001373291016,51.02000045776367,49.939998626708984,50.459999084472656,46.47614669799805,176752
2022-05-06,50.47999954223633,50.52000045776367,48.93000030517578,49.790000915527344,45.85904312133789,212093
2022-05-09,49.209999084472656,50.52000045776367,49.19499969482422,50.08000183105469,46.12615203857422,209684
2022-05-10,50.779998779296875,50.779998779296875,48.95000076293945,50.22999954223633,46.264305114746094,203345
2022-05-11,50.58000183105469,51.52000045776367,50.08000183105469,50.130001068115234,46.172203063964844,175548
2022-05-12,50.31999969482422,50.689998626708984,49.310001373291016,50.29999923706055,46.32878112792969,208245
2022-05-13,50.70000076293945,51.40999984741211,50.419498443603516,50.83000183105469,46.81693649291992,152962
2022-05-16,50.459999084472656,51.08000183105469,50.29999923706055,50.650001525878906,46.65114974975586,136131
2022-05-17,51.29999923706055,51.900001525878906,51.255001068115234,51.68000030517578,47.59982681274414,103844
2022-05-18,51.369998931884766,51.650001525878906,50.599998474121094,50.869998931884766,46.85377502441406,120113
2022-05-19,50.709999084472656,51.255001068115234,50.400001525878906,50.66999816894531,46.669559478759766,139506
2022-05-20,51.16999816894531,51.272499084472656,49.970001220703125,50.79999923706055,46.789302825927734,136471
2022-05-23,51.380001068115234,51.77000045776367,50.810001373291016,51.22999954223633,47.18535614013672,133079
2022-05-24,50.869998931884766,51.13999938964844,49.7400016784668,50.97999954223633,46.95509338378906,112864
2022-05-25,50.86000061035156,51.720001220703125,50.86000061035156,51.5,47.43404006958008,88683
2022-05-26,51.970001220703125,52.58000183105469,51.790000915527344,52.380001068115234,48.24456024169922,109109
2022-05-27,52.81999969482422,53.935001373291016,52.689998626708984,53.86000061035156,49.60770797729492,128665
2022-05-31,53.400001525878906,54.0099983215332,52.38999938964844,52.959999084472656,48.77876663208008,184000
2022-06-01,53.18000030517578,53.75,52.65999984741211,53.150001525878906,48.95377731323242,161531
2022-06-02,53.47999954223633,54.380001068115234,52.869998931884766,54.380001068115234,50.0866584777832,137864
2022-06-03,54.220001220703125,54.36000061035156,53.41999816894531,53.81999969482422,49.57087326049805,115149
2022-06-06,54.29999923706055,54.29999923706055,53.439998626708984,53.5099983215332,49.285343170166016,124952
2022-06-07,53.349998474121094,53.8849983215332,53.130001068115234,53.779998779296875,49.534027099609375,144188
2022-06-08,53.619998931884766,53.689998626708984,52.35499954223633,52.59000015258789,48.437984466552734,136548
2022-06-09,52.40999984741211,53.02000045776367,52.16999816894531,52.630001068115234,48.474830627441406,130564
2022-06-10,52.060001373291016,52.37269973754883,50.88999938964844,51.47999954223633,47.415618896484375,141045
2022-06-13,50.45000076293945,50.779998779296875,49.1349983215332,49.369998931884766,45.47220230102539,256136
2022-06-14,49.13999938964844,49.22999954223633,47.709999084472656,48.11000061035156,44.31167984008789,201585
2022-06-15,48.86000061035156,50.18389892578125,47.13999938964844,49.65999984741211,45.739315032958984,261803
2022-06-16,48.290000915527344,48.310001373291016,45.970001220703125,46.150001525878906,42.50642395019531,295708
2022-06-17,46.41999816894531,47.36000061035156,46.150001525878906,46.75,43.05905532836914,308489
2022-06-21,47.33000183105469,47.33000183105469,46.11000061035156,46.2599983215332,42.60773849487305,283344
2022-06-22,45.959999084472656,46.84000015258789,45.774898529052734,45.9900016784668,42.35906219482422,231398
2022-06-23,46.279998779296875,46.77989959716797,45.63999938964844,46.290000915527344,42.63536834716797,200702
2022-06-24,46.56999969482422,47.70000076293945,46.56999969482422,47.619998931884766,43.86036682128906,1394184
2022-06-27,48.060001373291016,48.970001220703125,47.47999954223633,48.66999816894531,44.82746505737305,223254
2022-06-28,49.150001525878906,49.52000045776367,48.06999969482422,48.099998474121094,44.30247116088867,250656
2022-06-29,47.81999969482422,48.310001373291016,47.38999938964844,48.119998931884766,44.32088851928711,141202
2022-06-30,47.709999084472656,48.11000061035156,47.380001068115234,47.7599983215332,43.98930740356445,178398
2022-07-01,47.400001525878906,48.220001220703125,47.22999954223633,48.06999969482422,44.274837493896484,166198
2022-07-05,46.83000183105469,46.939998626708984,46.0099983215332,46.369998931884766,43.020042419433594,273119
2022-07-06,46.47999954223633,46.529998779296875,45.22999954223633,46.20000076293945,42.862335205078125,200948
2022-07-07,46.09000015258789,47.060001373291016,46.09000015258789,46.720001220703125,43.34476089477539,192696
2022-07-08,46.540000915527344,47.459999084472656,46.34000015258789,47.029998779296875,43.63236999511719,134561
2022-07-11,46.45000076293945,47.06999969482422,46.45000076293945,46.619998931884766,43.25198745727539,143100
2022-07-12,46.119998931884766,47.04999923706055,45.8650016784668,46.13999938964844,42.806663513183594,182261
2022-07-13,45.709999084472656,46.709999084472656,45.13999938964844,46.150001525878906,42.81594467163086,165232
2022-07-14,45.43000030517578,46.079898834228516,45.2599983215332,45.63999938964844,42.34278106689453,164696
2022-07-15,46.09000015258789,46.44499969482422,45.779998779296875,45.970001220703125,42.64894485473633,176454
2022-07-18,46.540000915527344,46.814998626708984,45.900001525878906,46.029998779296875,42.70460891723633,140517
2022-07-19,46.27000045776367,47.439998626708984,46.27000045776367,47.25,43.83647155761719,193617
2022-07-20,47.13999938964844,47.65999984741211,46.880001068115234,47.560001373291016,44.12407684326172,169908
2022-07-21,47.15999984741211,47.939998626708984,46.709999084472656,47.93000030517578,44.46734619140625,174317
2022-07-22,48.06999969482422,48.619998931884766,47.47999954223633,48.130001068115234,44.65290069580078,172573
2022-07-25,48.130001068115234,49.11000061035156,48.130001068115234,48.619998931884766,45.10750198364258,184083
2022-07-26,48.75,49.849998474121094,48.310001373291016,49.790000915527344,46.1929817199707,213473
2022-07-27,49.70000076293945,51.72999954223633,49.70000076293945,51.38999938964844,47.67738342285156,179366
2022-07-28,51.380001068115234,52.430198669433594,51.1349983215332,52.189998626708984,48.419586181640625,218547
2022-07-29,52.0,52.560001373291016,51.45500183105469,52.220001220703125,48.44742202758789,832141
2022-08-01,51.810001373291016,53.79999923706055,51.709999084472656,53.560001373291016,49.690616607666016,240436
2022-08-02,53.040000915527344,53.18000030517578,51.45000076293945,51.470001220703125,47.75160598754883,271885
2022-08-03,51.75,52.63999938964844,51.15999984741211,52.31999969482422,48.540199279785156,169660
2022-08-04,52.72999954223633,53.0,52.130001068115234,52.150001525878906,48.38248062133789,145243
2022-08-05,51.470001220703125,52.13999938964844,51.31999969482422,51.849998474121094,48.104148864746094,152850
2022-08-08,52.47999954223633,52.709999084472656,51.869998931884766,51.959999084472656,48.20620346069336,125225
2022-08-09,51.90999984741211,52.34000015258789,51.599998474121094,52.060001373291016,48.29898452758789,146541
2022-08-10,52.91999816894531,53.43000030517578,52.66999816894531,53.25,49.403011322021484,136432
2022-08-11,53.83000183105469,54.150001525878906,53.06999969482422,53.119998931884766,49.28239822387695,235776
2022-08-12,53.5099983215332,53.5099983215332,52.38999938964844,53.47999954223633,49.616390228271484,250385
2022-08-15,53.09000015258789,53.63999938964844,53.0,53.630001068115234,49.755558013916016,181096
2022-08-16,53.08000183105469,53.73500061035156,53.02000045776367,53.11000061035156,49.27312088012695,157134
2022-08-17,52.56999969482422,53.029998779296875,52.06999969482422,52.83000183105469,49.01335525512695,157904
2022-08-18,53.13999938964844,53.13999938964844,52.415000915527344,52.970001220703125,49.14324188232422,129418
2022-08-19,52.779998779296875,53.02000045776367,52.1870002746582,52.95000076293945,49.12468719482422,463068
2022-08-22,52.29999923706055,52.63999938964844,51.983299255371094,52.290000915527344,48.51236343383789,130090
2022-08-23,51.95000076293945,52.11000061035156,51.08000183105469,51.099998474121094,47.4083366394043,162157
2022-08-24,50.619998931884766,51.27000045776367,50.27000045776367,51.13999938964844,47.4454460144043,128052
2022-08-25,51.45000076293945,52.18000030517578,51.349998474121094,51.88999938964844,48.141258239746094,113128
2022-08-26,51.779998779296875,51.880001068115234,49.779998779296875,49.86000061035156,46.25791549682617,101226
2022-08-29,49.310001373291016,49.310001373291016,47.06999969482422,47.70000076293945,44.25396728515625,261054
2022-08-30,47.650001525878906,47.65999984741211,45.994998931884766,46.2400016784668,42.899436950683594,261998
2022-08-31,46.279998779296875,46.46500015258789,45.68000030517578,46.029998779296875,42.70460891723633,234962
2022-09-01,45.63999938964844,46.29999923706055,45.560001373291016,46.11000061035156,42.778831481933594,166178
2022-09-02,46.63999938964844,46.849998474121094,45.880001068115234,46.27000045776367,42.92727279663086,185893
2022-09-06,46.22999954223633,46.380001068115234,45.5,46.11000061035156,42.778831481933594,197267
2022-09-07,43.15999984741211,43.15999984741211,39.43000030517578,41.58000183105469,38.57609558105469,639313
2022-09-08,42.900001525878906,46.66999816894531,41.84000015258789,46.08000183105469,42.75100326538086,779771
2022-09-09,45.93000030517578,46.279998779296875,44.83000183105469,45.650001525878906,42.3520622253418,416423
2022-09-12,46.15999984741211,48.0,46.15999984741211,46.470001220703125,43.112823486328125,405770
2022-09-13,45.7400016784668,46.59000015258789,44.779998779296875,44.880001068115234,41.63768768310547,257108
2022-09-14,44.970001220703125,45.09000015258789,44.33000183105469,44.66999816894531,41.4428596496582,170826
2022-09-15,44.209999084472656,44.88999938964844,43.54999923706055,43.560001373291016,40.41305160522461,261503
2022-09-16,43.29999923706055,44.130001068115234,42.65999984741211,43.900001525878906,40.728492736816406,553876
2022-09-19,43.52000045776367,44.540000915527344,43.22999954223633,43.279998779296875,40.15327835083008,303668
2022-09-20,42.63999938964844,43.040000915527344,42.5,42.900001525878906,39.80073547363281,221654
2022-09-21,43.380001068115234,43.744998931884766,42.369998931884766,42.380001068115234,39.31830596923828,171533
2022-09-22,42.52000045776367,42.52000045776367,41.36000061035156,41.36000061035156,38.37199401855469,164819
2022-09-23,40.90999984741211,41.15999984741211,39.99100112915039,40.209999084472656,37.30506896972656,187097
2022-09-26,39.90999984741211,40.310001373291016,38.415000915527344,38.61000061035156,35.820655822753906,228689
2022-09-27,38.97999954223633,39.51499938964844,38.51499938964844,38.72999954223633,35.93198776245117,153383
2022-09-28,39.2400016784668,40.13999938964844,39.189998626708984,39.459999084472656,36.609256744384766,444422
2022-09-29,38.54999923706055,38.880001068115234,38.040000915527344,38.220001220703125,35.45883560180664,288197
2022-09-30,37.959999084472656,38.70000076293945,37.47999954223633,37.560001373291016,34.846519470214844,373354
2022-10-03,38.029998779296875,38.34000015258789,37.33000183105469,38.060001373291016,35.31039810180664,315254
2022-10-04,38.689998626708984,39.279998779296875,38.650001525878906,39.150001525878906,36.321651458740234,214660
2022-10-05,38.56999969482422,39.11899948120117,38.15999984741211,38.91999816894531,36.1082649230957,223152
2022-10-06,38.77000045776367,39.11000061035156,38.119998931884766,38.47999954223633,35.700050354003906,204633
2022-10-07,37.720001220703125,37.99190139770508,36.939998626708984,37.15999984741211,34.789588928222656,266608
2022-10-10,37.220001220703125,37.560001373291016,36.900001525878906,37.13999938964844,34.7708625793457,243376
2022-10-11,36.91999816894531,37.7599983215332,36.56999969482422,37.16999816894531,34.798946380615234,331145
2022-10-12,37.349998474121094,37.692501068115234,37.0099983215332,37.400001525878906,35.01427459716797,245359
2022-10-13,36.90999984741211,38.669898986816406,36.61000061035156,38.5,36.04411315917969,215110
2022-10-14,38.63999938964844,38.7400016784668,37.43000030517578,37.5,35.10789489746094,167073
2022-10-17,37.9900016784668,38.939998626708984,37.38999938964844,38.59000015258789,36.12837219238281,214580
2022-10-18,39.189998626708984,39.779998779296875,38.70000076293945,38.900001525878906,36.41859436035156,216485
2022-10-19,38.61000061035156,38.880001068115234,37.75,38.4900016784668,36.034751892089844,224475
2022-10-20,38.52000045776367,38.779998779296875,37.720001220703125,38.0,35.57600402832031,213000
2022-10-21,38.27000045776367,38.689998626708984,37.599998474121094,38.45000076293945,35.9973030090332,288780
2022-10-24,38.400001525878906,39.18000030517578,38.255001068115234,38.90999984741211,36.42795181274414,175700
2022-10-25,39.220001220703125,40.59000015258789,38.7599983215332,40.27000045776367,37.701210021972656,264642
2022-10-26,40.415000915527344,41.939998626708984,40.150001525878906,41.0,38.38463592529297,241862
2022-10-27,41.380001068115234,42.185001373291016,40.779998779296875,41.08000183105469,38.459537506103516,240547
2022-10-28,41.099998474121094,41.9900016784668,40.4900016784668,41.939998626708984,39.26467514038086,239899
2022-10-31,41.47999954223633,42.25,41.369998931884766,42.189998626708984,39.49872589111328,966285
2022-11-01,42.369998931884766,42.880001068115234,41.849998474121094,41.88999938964844,39.21786117553711,260775
2022-11-02,41.880001068115234,42.41999816894531,40.90999984741211,40.959999084472656,38.347190856933594,203547
2022-11-03,40.5,40.939998626708984,39.994998931884766,40.7400016784668,38.14121627807617,149755
2022-11-04,41.209999084472656,41.900001525878906,40.91999816894531,41.86000061035156,39.18977737426758,144179
2022-11-07,42.0,42.779998779296875,41.83000183105469,42.7599983215332,40.03236770629883,177460
2022-11-08,43.150001525878906,43.279998779296875,41.880001068115234,42.189998626708984,39.49872589111328,188963
2022-11-09,41.810001373291016,42.31999969482422,41.349998474121094,42.22999954223633,39.53617858886719,171780
2022-11-10,43.849998474121094,45.32899856567383,43.19240188598633,45.27000045776367,42.382259368896484,222805
2022-11-11,45.27000045776367,46.810001373291016,45.27000045776367,46.630001068115234,43.65550231933594,198719
2022-11-14,46.27000045776367,47.28499984741211,45.959999084472656,46.58000183105469,43.60868835449219,189685
2022-11-15,47.400001525878906,47.93000030517578,46.16999816894531,47.09000015258789,44.08616256713867,242131
2022-11-16,46.65999984741211,47.060001373291016,45.84000015258789,47.029998779296875,44.02998733520508,183690
2022-11-17,46.310001373291016,46.779998779296875,45.86000061035156,46.72999954223633,43.749122619628906,142984
2022-11-18,47.43000030517578,47.58000183105469,46.310001373291016,46.7599983215332,43.77720642089844,587008
2022-11-21,46.939998626708984,46.95000076293945,46.06999969482422,46.18000030517578,43.23421096801758,191470
2022-11-22,46.150001525878906,47.61000061035156,46.150001525878906,47.5099983215332,44.479366302490234,208840
2022-11-23,47.279998779296875,48.005001068115234,46.959999084472656,47.4900016784668,44.46064376831055,115277
2022-11-25,47.79999923706055,47.93000030517578,47.310001373291016,47.52000045776367,44.488731384277344,75489
2022-11-28,46.91999816894531,47.1150016784668,46.08000183105469,46.34000015258789,43.384002685546875,189659
2022-11-29,46.279998779296875,46.33000183105469,45.459999084472656,46.040000915527344,43.1031379699707,142274
2022-11-30,45.90999984741211,47.439998626708984,45.15999984741211,47.40999984741211,44.3857421875,279978
2022-12-01,47.619998931884766,47.709999084472656,46.869998931884766,46.95000076293945,43.9550895690918,140931
2022-12-02,46.4900016784668,47.08000183105469,46.025001525878906,46.779998779296875,43.79593276977539,171938
2022-12-05,46.150001525878906,46.43000030517578,45.52000045776367,46.41999816894531,43.45889663696289,154974
2022-12-06,46.189998626708984,46.63999938964844,44.72999954223633,45.13999938964844,42.26054763793945,166940
2022-12-07,44.40999984741211,44.67499923706055,40.04999923706055,42.79999923706055,40.06980895996094,407456
2022-12-08,43.15999984741211,43.9900016784668,42.7400016784668,43.209999084472656,40.45365905761719,271165
2022-12-09,42.720001220703125,43.152400970458984,40.88999938964844,41.08000183105469,38.459537506103516,427303
2022-12-12,41.04999923706055,41.83000183105469,40.68000030517578,41.630001068115234,38.97445297241211,280318
2022-12-13,43.20000076293945,43.45000076293945,41.93000030517578,42.189998626708984,39.49872589111328,325053
2022-12-14,42.2400016784668,42.900001525878906,41.84000015258789,41.959999084472656,39.28339767456055,218262
2022-12-15,41.529998779296875,41.529998779296875,40.279998779296875,40.34000015258789,37.76674270629883,216510
2022-12-16,39.880001068115234,40.5099983215332,38.65999984741211,38.91999816894531,36.437313079833984,728841
2022-12-19,39.06999969482422,39.470001220703125,38.310001373291016,39.220001220703125,36.718177795410156,395362
2022-12-20,39.25,39.76499938964844,38.91999816894531,38.97999954223633,36.49348068237305,295513
2022-12-21,39.31999969482422,39.779998779296875,39.20000076293945,39.47999954223633,36.96159744262695,307573
2022-12-22,39.20000076293945,39.7400016784668,38.755001068115234,39.720001220703125,37.1862907409668,277422
2022-12-23,39.439998626708984,39.88999938964844,39.2599983215332,39.400001525878906,37.212257385253906,177356
2022-12-27,39.5099983215332,39.71860122680664,39.09000015258789,39.41999816894531,37.23114776611328,136048
2022-12-28,39.52000045776367,39.79999923706055,38.720001220703125,38.79999923706055,36.645572662353516,113422
2022-12-29,39.290000915527344,40.27000045776367,39.11000061035156,40.04999923706055,37.826168060302734,183119
2022-12-30,39.810001373291016,40.16999816894531,39.599998474121094,40.060001373291016,37.83561706542969,248413
2023-01-03,40.470001220703125,41.06999969482422,40.375,41.060001373291016,38.780094146728516,231133
2023-01-04,41.2599983215332,42.439998626708984,40.849998474121094,42.029998779296875,39.69622802734375,205000
2023-01-05,41.970001220703125,41.970001220703125,41.25,41.290000915527344,38.997314453125,152126
2023-01-06,41.84000015258789,42.5099983215332,41.63880157470703,42.22999954223633,39.88512420654297,127546
2023-01-09,42.290000915527344,43.13999938964844,42.189998626708984,42.599998474121094,40.23457336425781,207382
2023-01-10,42.470001220703125,43.17499923706055,42.470001220703125,42.86000061035156,40.480133056640625,295993
2023-01-11,43.22999954223633,43.7400016784668,42.9900016784668,43.72999954223633,41.30182647705078,148154
2023-01-12,43.86000061035156,44.314998626708984,43.21500015258789,43.5099983215332,41.09404373168945,247073
2023-01-13,43.5,44.2400016784668,43.349998474121094,44.09000015258789,41.64183807373047,110040
2023-01-17,44.189998626708984,44.43000030517578,43.86000061035156,44.04999923706055,41.60406494140625,185564
2023-01-18,44.060001373291016,44.40999984741211,42.86000061035156,42.970001220703125,40.58403396606445,179541
2023-01-19,42.93000030517578,43.36000061035156,42.709999084472656,43.29999923706055,40.89570617675781,153304
2023-01-20,43.599998474121094,44.95000076293945,43.040000915527344,44.900001525878906,42.40686798095703,236604
2023-01-23,44.900001525878906,45.61000061035156,44.349998474121094,44.90999984741211,42.41631317138672,178618
2023-01-24,44.8650016784668,44.963401794433594,44.47999954223633,44.630001068115234,42.15185546875,191661
2023-01-25,44.29999923706055,44.584999084472656,44.13999938964844,44.38999938964844,41.92517852783203,235745
2023-01-26,44.720001220703125,45.02000045776367,44.09000015258789,44.95000076293945,42.4540901184082,179264
2023-01-27,44.959999084472656,45.36000061035156,44.650001525878906,45.16999816894531,42.661869049072266,129381
2023-01-30,44.72999954223633,45.619998931884766,44.72999954223633,45.0,42.501312255859375,169717
2023-01-31,44.880001068115234,46.08000183105469,44.880001068115234,45.79999923706055,43.25689697265625,909796
2023-02-01,45.619998931884766,47.685001373291016,45.54999923706055,47.45000076293945,44.815277099609375,236998
2023-02-02,47.90999984741211,49.279998779296875,47.90999984741211,48.9900016784668,46.2697639465332,196168
2023-02-03,48.54999923706055,49.58000183105469,48.4900016784668,48.849998474121094,46.137535095214844,159110
2023-02-06,48.56999969482422,48.56999969482422,47.31999969482422,47.43000030517578,44.796382904052734,133262
2023-02-07,47.060001373291016,47.9900016784668,46.81999969482422,47.90999984741211,45.249725341796875,170296
2023-02-08,47.43000030517578,47.81999969482422,47.04999923706055,47.189998626708984,44.569705963134766,128193
2023-02-09,47.630001068115234,47.630001068115234,46.29999923706055,46.560001373291016,43.974693298339844,117164
2023-02-10,46.150001525878906,46.4900016784668,45.869998931884766,46.29999923706055,43.7291259765625,96590
2023-02-13,46.27000045776367,46.88999938964844,46.27000045776367,46.880001068115234,44.276920318603516,131439
2023-02-14,46.540000915527344,46.75,45.73500061035156,46.40999984741211,43.83302307128906,173467
2023-02-15,45.91999816894531,46.400001525878906,45.81999969482422,46.290000915527344,43.71968078613281,199615
2023-02-16,45.5,46.33100128173828,45.36000061035156,45.81999969482422,43.27578353881836,160777
2023-02-17,46.02000045776367,46.189998626708984,44.970001220703125,45.279998779296875,42.76576614379883,238504
2023-02-21,44.75,45.0,44.04999923706055,44.060001373291016,41.61350631713867,240839
2023-02-22,44.22999954223633,44.689998626708984,44.0099983215332,44.20000076293945,41.745731353759766,305558
2023-02-23,44.40999984741211,44.709999084472656,43.84000015258789,44.619998931884766,42.14241409301758,228905
2023-02-24,43.93000030517578,44.9900016784668,43.779998779296875,44.849998474121094,42.35963821411133,168371
2023-02-27,45.27000045776367,45.599998474121094,44.45000076293945,44.70000076293945,42.21797180175781,140813
2023-02-28,44.630001068115234,45.150001525878906,44.47999954223633,44.4900016784668,42.019630432128906,350609
2023-03-01,44.459999084472656,44.56999969482422,43.939998626708984,44.400001525878906,41.93463134765625,153839
2023-03-02,44.02000045776367,44.95000076293945,43.9900016784668,44.83000183105469,42.340755462646484,225831
2023-03-03,45.189998626708984,45.189998626708984,44.75,45.060001373291016,42.557979583740234,249993
2023-03-06,45.040000915527344,45.310001373291016,43.93000030517578,44.11000061035156,41.660728454589844,179615
2023-03-07,44.2400016784668,44.31999969482422,43.2599983215332,43.38999938964844,40.980709075927734,184262
2023-03-08,43.400001525878906,43.82500076293945,43.099998474121094,43.5099983215332,41.09404373168945,143616
2023-03-09,39.869998931884766,40.939998626708984,35.82899856567383,35.959999084472656,33.96327209472656,674448
2023-03-10,35.72999954223633,36.88999938964844,35.04010009765625,36.08000183105469,34.07661437988281,530110
2023-03-13,35.34000015258789,36.45000076293945,35.25,35.61000061035156,33.63270568847656,394341
2023-03-14,36.779998779296875,36.790000915527344,35.06999969482422,35.41999816894531,33.453250885009766,336673
2023-03-15,34.4900016784668,36.310001373291016,34.4900016784668,36.16999816894531,34.1616096496582,429204
2023-03-16,35.650001525878906,36.7400016784668,35.43000030517578,36.41999816894531,34.39772415161133,344900
2023-03-17,36.2400016784668,36.810001373291016,35.86000061035156,36.599998474121094,34.5677375793457,786895
2023-03-20,36.900001525878906,37.70000076293945,36.900001525878906,37.40999984741211,35.332759857177734,343592
2023-03-21,37.939998626708984,38.2400016784668,37.125,37.43000030517578,35.351646423339844,280667
2023-03-22,37.380001068115234,37.685001373291016,36.40999984741211,36.47999954223633,34.45439529418945,216355
2023-03-23,36.5,37.18000030517578,36.02000045776367,36.29999923706055,34.28438949584961,235156
2023-03-24,35.959999084472656,36.31999969482422,35.459999084472656,36.22999954223633,34.21827697753906,344360
2023-03-27,36.689998626708984,37.09000015258789,36.5099983215332,36.72999954223633,34.690513610839844,244832
2023-03-28,36.52000045776367,37.13999938964844,36.52000045776367,36.970001220703125,34.91718673706055,175226
2023-03-29,37.279998779296875,38.040000915527344,37.25,37.9900016784668,35.88055419921875,224289
2023-03-30,38.43000030517578,38.63050079345703,37.95000076293945,38.27000045776367,36.1450080871582,236280
2023-03-31,38.66999816894531,39.209999084472656,38.45000076293945,38.77000045776367,36.61724090576172,321797
2023-04-03,38.63999938964844,39.0099983215332,38.29999923706055,38.68000030517578,36.53223419189453,225168
2023-04-04,38.560001373291016,38.779998779296875,37.4900016784668,37.869998931884766,35.767215728759766,204247
2023-04-05,37.75,38.10499954223633,37.560001373291016,37.93000030517578,35.82387924194336,184491
2023-04-06,38.04999923706055,38.209999084472656,37.849998474121094,37.939998626708984,35.83332824707031,179592
2023-04-10,37.369998931884766,38.2599983215332,37.33000183105469,37.95000076293945,36.174102783203125,273379
2023-04-11,37.959999084472656,38.90999984741211,37.959999084472656,38.68000030517578,36.869937896728516,142912
2023-04-12,38.93000030517578,39.04499816894531,38.0,38.029998779296875,36.25035858154297,201151
2023-04-13,38.27000045776367,38.709999084472656,38.025001525878906,38.630001068115234,36.82228088378906,358167
2023-04-14,38.79999923706055,39.22999954223633,37.959999084472656,38.150001525878906,36.364742279052734,204361
2023-04-17,38.290000915527344,38.75,38.029998779296875,38.540000915527344,36.73649215698242,180813
2023-04-18,38.68000030517578,38.68000030517578,38.099998474121094,38.45000076293945,36.65070724487305,192266
2023-04-19,38.36000061035156,38.68000030517578,38.224998474121094,38.61000061035156,36.803218841552734,169974
2023-04-20,38.20000076293945,38.939998626708984,38.20000076293945,38.720001220703125,36.90806198120117,247184
2023-04-21,38.810001373291016,39.290000915527344,38.810001373291016,38.900001525878906,37.079647064208984,154337
2023-04-24,38.7599983215332,39.22999954223633,38.36000061035156,38.560001373291016,36.75555419921875,121524
2023-04-25,38.099998474121094,38.255001068115234,37.47999954223633,37.5099983215332,35.75468826293945,110614
2023-04-26,37.060001373291016,37.66999816894531,36.82500076293945,37.060001373291016,35.325748443603516,167765
2023-04-27,37.130001068115234,38.0,37.0099983215332,37.90999984741211,36.13597106933594,155841
2023-04-28,37.93000030517578,38.900001525878906,37.93000030517578,38.56999969482422,36.76509094238281,622137
2023-05-01,38.380001068115234,38.72999954223633,38.06999969482422,38.209999084472656,36.42193603515625,145952
2023-05-02,37.95000076293945,37.95000076293945,34.9900016784668,35.38999938964844,33.733890533447266,362131
2023-05-03,35.279998779296875,37.290000915527344,35.279998779296875,36.290000915527344,34.5917854309082,436463
2023-05-04,35.7599983215332,35.915000915527344,34.91999816894531,35.31999969482422,33.66716766357422,237808
2023-05-05,35.9900016784668,36.220001220703125,35.18000030517578,35.91999816894531,34.23909378051758,221172
2023-05-08,36.189998626708984,36.31999969482422,35.2400016784668,35.349998474121094,33.69576644897461,179725
2023-05-09,35.16999816894531,35.290000915527344,34.95000076293945,35.150001525878906,33.505123138427734,169246
2023-05-10,35.65999984741211,35.79999923706055,35.314998626708984,35.61000061035156,33.943599700927734,238138
2023-05-11,35.279998779296875,35.54999923706055,34.47999954223633,35.04999923706055,33.409812927246094,159475
2023-05-12,35.2400016784668,35.31380081176758,34.665000915527344,35.02000045776367,33.3812141418457,161268
2023-05-15,35.29999923706055,35.75,35.029998779296875,35.43000030517578,33.77202606201172,115737
2023-05-16,35.2400016784668,35.4900016784668,34.88999938964844,35.2400016784668,33.59091567993164,192448
2023-05-17,35.540000915527344,36.314998626708984,35.380001068115234,36.290000915527344,34.5917854309082,186989
2023-05-18,36.16999816894531,36.52000045776367,35.65999984741211,36.220001220703125,34.52505874633789,198906
2023-05-19,36.47999954223633,36.47999954223633,35.88999938964844,35.90999984741211,34.22956085205078,156247
2023-05-22,36.029998779296875,36.83000183105469,35.90999984741211,36.72999954223633,35.01118850708008,120297
2023-05-23,36.529998779296875,37.40999984741211,36.459999084472656,36.650001525878906,34.934940338134766,154664
2023-05-24,36.599998474121094,36.599998474121094,35.599998474121094,36.119998931884766,34.42973327636719,174960
2023-05-25,36.290000915527344,36.290000915527344,34.88999938964844,35.33000183105469,33.676700592041016,162828
2023-05-26,35.29999923706055,36.65999984741211,35.25,36.20000076293945,34.5059928894043,163057
2023-05-30,36.40999984741211,36.56999969482422,35.52000045776367,36.16999816894531,34.477394104003906,169681
2023-05-31,36.13999938964844,36.34000015258789,35.59000015258789,36.0,34.31535339355469,235594
2023-06-01,36.13999938964844,37.150001525878906,35.7599983215332,36.880001068115234,35.154170989990234,196333
2023-06-02,37.540000915527344,38.33000183105469,37.2400016784668,38.209999084472656,36.42193603515625,211319
2023-06-05,38.0099983215332,38.58000183105469,37.5099983215332,38.0,36.22175598144531,376020
2023-06-06,37.849998474121094,38.85499954223633,37.849998474121094,38.77000045776367,36.955726623535156,274530
2023-06-07,38.709999084472656,40.22999954223633,38.709999084472656,40.099998474121094,38.223487854003906,706461
2023-06-08,40.0,40.08000183105469,39.01499938964844,39.34000015258789,37.49905014038086,429020
2023-06-09,39.2599983215332,39.459999084472656,38.75,39.279998779296875,37.44186019897461,324989
2023-06-12,39.290000915527344,39.689998626708984,37.09000015258789,37.81999969482422,36.0501823425293,613793
2023-06-13,37.97999954223633,38.61000061035156,37.20000076293945,37.25,35.506858825683594,525271
2023-06-14,37.36000061035156,38.08000183105469,36.380001068115234,36.619998931884766,34.90633773803711,898056
2023-06-15,33.7400016784668,34.68000030517578,30.049999237060547,32.45000076293945,30.93147850036621,2398665
2023-06-16,33.02000045776367,34.33000183105469,32.439998626708984,33.459999084472656,31.89421272277832,8442986
2023-06-20,32.849998474121094,33.22999954223633,32.31999969482422,32.68000030517578,31.150714874267578,1141784
2023-06-21,32.7599983215332,33.5,32.40999984741211,32.7599983215332,31.226970672607422,690208
2023-06-22,32.7599983215332,32.79999923706055,32.189998626708984,32.33000183105469,30.817094802856445,506894
2023-06-23,31.770000457763672,32.47999954223633,30.549999237060547,30.790000915527344,29.349157333374023,1968094
2023-06-26,30.90999984741211,31.850000381469727,30.760000228881836,31.3799991607666,29.911548614501953,382078
2023-06-27,31.600000381469727,33.029998779296875,31.350000381469727,32.79999923706055,31.265098571777344,549585
2023-06-28,32.81999969482422,33.415000915527344,32.54999923706055,33.22999954223633,31.67498016357422,456618
2023-06-29,33.13999938964844,34.150001525878906,33.13999938964844,34.040000915527344,32.44707489013672,316984
2023-06-30,34.18000030517578,34.4900016784668,33.720001220703125,34.029998779296875,32.43753433227539,426731
2023-07-03,33.90999984741211,34.400001525878906,33.90999984741211,34.189998626708984,32.59005355834961,184423
2023-07-05,33.59000015258789,33.630001068115234,32.65999984741211,32.70000076293945,31.49216079711914,408061
2023-07-06,32.5,33.25,32.13999938964844,33.20000076293945,31.97369384765625,323270
2023-07-07,32.79999923706055,33.040000915527344,32.221099853515625,32.4900016784668,31.289918899536133,731251
2023-07-10,32.439998626708984,33.099998474121094,32.209999084472656,32.540000915527344,31.33807373046875,607238
2023-07-11,32.45000076293945,33.560001373291016,32.349998474121094,33.540000915527344,32.30113220214844,474155
2023-07-12,34.02000045776367,34.31999969482422,33.619998931884766,33.970001220703125,32.71525192260742,404819
2023-07-13,34.11000061035156,34.93000030517578,33.869998931884766,34.650001525878906,33.37013244628906,452310
2023-07-14,34.650001525878906,34.650001525878906,33.66999816894531,34.52000045776367,33.24493408203125,431638
2023-07-17,34.63999938964844,35.18000030517578,34.40999984741211,34.810001373291016,33.52422332763672,452818
2023-07-18,34.91999816894531,35.349998474121094,34.470001220703125,34.88999938964844,33.60126876831055,549819
2023-07-19,34.959999084472656,35.0099983215332,34.5099983215332,34.810001373291016,33.52422332763672,474117
2023-07-20,34.77000045776367,34.77000045776367,33.61000061035156,33.81999969482422,32.57079315185547,396359
2023-07-21,33.91999816894531,34.06829833984375,33.25,33.43000030517578,32.195194244384766,537136
2023-07-24,33.31999969482422,33.869998931884766,33.04999923706055,33.36000061035156,32.12778091430664,475605
2023-07-25,33.22999954223633,33.97999954223633,33.220001220703125,33.7400016784668,32.49374771118164,461465
2023-07-26,33.65999984741211,34.279998779296875,32.91999816894531,34.040000915527344,32.78266143798828,667189
2023-07-27,34.400001525878906,34.61000061035156,33.41999816894531,33.599998474121094,32.35891342163086,382698
2023-07-28,33.86000061035156,34.0099983215332,33.470001220703125,33.95000076293945,32.695987701416016,453878
2023-07-31,34.18000030517578,34.5099983215332,34.029998779296875,34.22999954223633,32.96564483642578,4075865
2023-08-01,34.290000915527344,34.76499938964844,33.689998626708984,34.63999938964844,33.36050033569336,591406
2023-08-02,34.4900016784668,35.150001525878906,34.294898986816406,34.75,33.4664421081543,342645
2023-08-03,34.61000061035156,34.630001068115234,33.845001220703125,34.54999923706055,33.273826599121094,252908
2023-08-04,34.810001373291016,35.150001525878906,34.58000183105469,34.65999984741211,33.3797607421875,316522
2023-08-07,34.79999923706055,35.63999938964844,34.72999954223633,35.630001068115234,34.313934326171875,466678
2023-08-08,35.40999984741211,35.45000076293945,34.81999969482422,35.2400016784668,33.9383430480957,253795
2023-08-09,35.25,35.72999954223633,35.154998779296875,35.709999084472656,34.3909797668457,316568
2023-08-10,35.81999969482422,36.25,35.81999969482422,36.18000030517578,34.84362030029297,252004
2023-08-11,35.86000061035156,36.279998779296875,35.86000061035156,36.150001525878906,34.814727783203125,321441
2023-08-14,35.97999954223633,36.310001373291016,35.720001220703125,36.04999923706055,34.718421936035156,240462
2023-08-15,35.84000015258789,36.07500076293945,35.529998779296875,35.900001525878906,34.5739631652832,247394
2023-08-16,35.84000015258789,36.310001373291016,35.7400016784668,35.79999923706055,34.47765350341797,218999
2023-08-17,35.91999816894531,36.650001525878906,35.91999816894531,36.47999954223633,35.132537841796875,296702
2023-08-18,36.349998474121094,36.810001373291016,36.16999816894531,36.27000045776367,34.930294036865234,298834
2023-08-21,36.18000030517578,36.36000061035156,35.689998626708984,36.060001373291016,34.72805404663086,257057
2023-08-22,36.31999969482422,36.369998931884766,35.970001220703125,36.189998626708984,34.853248596191406,347726
2023-08-23,36.400001525878906,36.9900016784668,36.220001220703125,36.86000061035156,35.49850082397461,220303
2023-08-24,36.7599983215332,37.220001220703125,36.400001525878906,36.43000030517578,35.08438491821289,301999
2023-08-25,36.720001220703125,36.83000183105469,36.11000061035156,36.599998474121094,35.24810028076172,296522
2023-08-28,36.720001220703125,37.060001373291016,36.27000045776367,36.369998931884766,35.02660369873047,235358
2023-08-29,36.459999084472656,36.959999084472656,36.2599983215332,36.79999923706055,35.44071960449219,261162
2023-08-30,36.79999923706055,37.189998626708984,36.775001525878906,37.119998931884766,35.748897552490234,228791
2023-08-31,37.11000061035156,37.525001525878906,37.01499938964844,37.15999984741211,35.787418365478516,416411
2023-09-01,37.31999969482422,37.529998779296875,36.31999969482422,36.36000061035156,35.016971588134766,296601
2023-09-05,35.970001220703125,36.029998779296875,34.90999984741211,35.279998779296875,33.97686004638672,370657
2023-09-06,35.31999969482422,35.63999938964844,34.869998931884766,35.0,33.70720672607422,455073
2023-09-07,38.43000030517578,38.43000030517578,35.04999923706055,35.5099983215332,34.198360443115234,861961
2023-09-08,35.45000076293945,36.209999084472656,34.959999084472656,35.90999984741211,34.58359146118164,466826
2023-09-11,35.959999084472656,36.07500076293945,35.189998626708984,35.97999954223633,34.651004791259766,532205
2023-09-12,35.709999084472656,35.959999084472656,35.439998626708984,35.79999923706055,34.47765350341797,357800
2023-09-13,35.560001373291016,35.779998779296875,35.290000915527344,35.459999084472656,34.15021896362305,465366
2023-09-14,35.83000183105469,36.56999969482422,35.83000183105469,36.369998931884766,35.02660369873047,305392
2023-09-15,36.650001525878906,37.11000061035156,36.40999984741211,36.650001525878906,35.296260833740234,912118
2023-09-18,36.68000030517578,37.45500183105469,36.52000045776367,37.2599983215332,35.88372802734375,412566
2023-09-19,37.119998931884766,38.040000915527344,37.119998931884766,37.900001525878906,36.500091552734375,440429
2023-09-20,38.029998779296875,38.5099983215332,37.47999954223633,37.47999954223633,36.09560012817383,309125
2023-09-21,37.31999969482422,37.650001525878906,37.060001373291016,37.41999816894531,36.037818908691406,307306
2023-09-22,37.45000076293945,37.77000045776367,37.02000045776367,37.06999969482422,35.700740814208984,281171
2023-09-25,36.88999938964844,37.45000076293945,36.52000045776367,37.31999969482422,35.94150924682617,466031
2023-09-26,37.09000015258789,37.70000076293945,36.65999984741211,36.720001220703125,35.36367416381836,277202
2023-09-27,36.720001220703125,37.21500015258789,36.61000061035156,36.7599983215332,35.40219497680664,346213
2023-09-28,36.779998779296875,37.459999084472656,36.619998931884766,37.290000915527344,35.912620544433594,391142
2023-09-29,37.59000015258789,37.89500045776367,37.119998931884766,37.16999816894531,35.79705047607422,381103
2023-10-02,37.09000015258789,37.09000015258789,36.349998474121094,36.790000915527344,35.43109130859375,327266
2023-10-03,36.63999938964844,36.72999954223633,35.400001525878906,35.41999816894531,34.111690521240234,300578
2023-10-04,35.43000030517578,35.90999984741211,35.38999938964844,35.47999954223633,34.16947555541992,310319
2023-10-05,35.29999923706055,35.38999938964844,34.689998626708984,34.91999816894531,33.63015365600586,356139
2023-10-06,34.5,34.720001220703125,34.04999923706055,34.27000045776367,33.33831787109375,382874
2023-10-09,34.08000183105469,34.88999938964844,34.08000183105469,34.630001068115234,33.688533782958984,388384
2023-10-10,33.45000076293945,33.52000045776367,30.770000457763672,30.950000762939453,30.108577728271484,2306380
2023-10-11,30.950000762939453,31.31999969482422,30.3700008392334,30.829999923706055,29.991838455200195,889784
2023-10-12,30.889999389648438,31.219999313354492,29.93000030517578,30.110000610351562,29.291414260864258,722593
2023-10-13,29.93000030517578,30.040000915527344,29.049999237060547,29.350000381469727,28.55207633972168,599113
2023-10-16,29.5,30.040000915527344,29.260000228881836,29.5,28.697998046875,570679
2023-10-17,29.420000076293945,29.93000030517578,29.09000015258789,29.139999389648438,28.3477840423584,405741
2023-10-18,28.989999771118164,29.600000381469727,28.834999084472656,29.549999237060547,28.74663734436035,522453
2023-10-19,30.100000381469727,31.133499145507812,30.020099639892578,30.739999771118164,29.904285430908203,674067
2023-10-20,31.0,31.299999237060547,30.43000030517578,31.06999969482422,30.225313186645508,634335
2023-10-23,30.799999237060547,31.09000015258789,30.551000595092773,30.709999084472656,29.87510108947754,687281
2023-10-24,30.799999237060547,31.209999084472656,30.540000915527344,30.809999465942383,29.972381591796875,476549
2023-10-25,30.639999389648438,30.90999984741211,30.030000686645508,30.3799991607666,29.55406951904297,1013877
2023-10-26,30.34000015258789,30.510000228881836,29.799999237060547,29.920000076293945,29.106576919555664,409028
2023-10-27,29.81999969482422,30.219999313354492,29.575000762939453,30.09000015258789,29.271957397460938,333347
2023-10-30,30.34000015258789,30.56999969482422,29.969999313354492,30.219999313354492,29.398422241210938,209816
2023-10-31,30.1299991607666,30.469999313354492,30.06999969482422,30.270000457763672,29.447063446044922,469513
2023-11-01,30.260000228881836,30.665000915527344,30.070100784301758,30.219999313354492,29.398422241210938,417348
2023-11-02,30.450000762939453,30.6299991607666,30.100000381469727,30.229999542236328,29.40814971923828,370012
2023-11-03,30.610000610351562,31.155000686645508,30.479999542236328,30.760000228881836,29.923742294311523,419340
2023-11-06,30.459999084472656,30.809999465942383,30.1200008392334,30.329999923706055,29.505430221557617,275250
2023-11-07,30.049999237060547,30.575000762939453,30.049999237060547,30.540000915527344,29.70972442626953,246887
2023-11-08,30.450000762939453,30.5049991607666,29.971900939941406,30.299999237060547,29.476247787475586,229794
2023-11-09,30.510000228881836,30.510000228881836,29.739999771118164,29.850000381469727,29.038482666015625,236748
2023-11-10,29.829999923706055,30.0,29.549999237060547,29.90999984741211,29.096851348876953,235317
2023-11-13,29.670000076293945,30.25,29.5,30.030000686645508,29.213586807250977,346807
2023-11-14,30.68000030517578,31.399999618530273,30.610000610351562,31.360000610351562,30.507429122924805,370336
2023-11-15,31.280000686645508,31.989999771118164,31.280000686645508,31.68000030517578,30.8187313079834,346714
2023-11-16,31.510000228881836,31.594999313354492,30.989999771118164,31.1200008392334,30.273954391479492,539853
2023-11-17,31.239999771118164,31.549999237060547,30.899999618530273,31.389999389648438,30.5366153717041,363451
2023-11-20,31.290000915527344,31.559999465942383,30.479999542236328,30.59000015258789,29.758363723754883,384954
2023-11-21,30.420000076293945,30.420000076293945,30.1200008392334,30.149999618530273,29.330326080322266,556260
2023-11-22,30.360000610351562,30.43000030517578,30.059999465942383,30.209999084472656,29.388694763183594,316033
2023-11-24,30.280000686645508,30.389999389648438,30.010000228881836,30.34000015258789,29.515161514282227,185474
2023-11-27,30.309999465942383,30.530000686645508,30.040000915527344,30.149999618530273,29.330326080322266,399485
2023-11-28,30.059999465942383,30.209999084472656,29.68000030517578,30.09000015258789,29.271957397460938,592210
2023-11-29,30.209999084472656,30.440000534057617,29.889999389648438,30.09000015258789,29.271957397460938,421324
2023-11-30,30.239999771118164,30.360000610351562,29.950000762939453,30.209999084472656,29.388694763183594,663430
2023-12-01,30.149999618530273,31.219999313354492,29.81999969482422,31.219999313354492,30.371234893798828,617330
2023-12-04,31.09000015258789,31.469999313354492,30.389999389648438,30.559999465942383,29.72917938232422,474273
2023-12-05,30.530000686645508,31.0,30.280000686645508,30.399999618530273,29.573528289794922,566213
2023-12-06,29.139999389648438,30.829999923706055,29.03689956665039,30.079999923706055,29.26222801208496,601601
2023-12-07,30.31999969482422,30.350000381469727,29.5049991607666,30.299999237060547,29.476247787475586,541930
2023-12-08,30.31999969482422,30.65999984741211,29.989999771118164,30.479999542236328,29.651351928710938,451457
2023-12-11,30.399999618530273,30.790000915527344,30.139999389648438,30.760000228881836,29.923742294311523,440852
2023-12-12,30.899999618530273,31.138999938964844,30.55500030517578,30.780000686645508,29.943199157714844,403712
2023-12-13,30.780000686645508,32.25,30.530000686645508,32.150001525878906,31.275955200195312,847350
2023-12-14,32.439998626708984,33.86000061035156,32.310001373291016,32.75,31.85964012145996,753206
2023-12-15,32.869998931884766,33.130001068115234,32.23500061035156,32.619998931884766,31.73317527770996,1912086
2023-12-18,32.56999969482422,32.720001220703125,32.099998474121094,32.290000915527344,31.412147521972656,436726
2023-12-19,32.34000015258789,33.369998931884766,32.34000015258789,33.2400016784668,32.33631896972656,390776
2023-12-20,33.16999816894531,33.91999816894531,32.959999084472656,33.25,32.346046447753906,567941
2023-12-21,33.529998779296875,33.709999084472656,33.12009811401367,33.58000183105469,32.667076110839844,369661
2023-12-22,33.77000045776367,34.224998474121094,33.31999969482422,33.54999923706055,32.63788986206055,300812
2023-12-26,33.29999923706055,33.29999923706055,32.189998626708984,32.209999084472656,31.66465187072754,372697
2023-12-27,32.20000076293945,32.5260009765625,31.809999465942383,31.940000534057617,31.39922523498535,365612
2023-12-28,31.8799991607666,32.130001068115234,31.770000457763672,31.860000610351562,31.320579528808594,460809
2023-12-29,31.68000030517578,31.950000762939453,31.489999771118164,31.739999771118164,31.20261001586914,501811
2024-01-02,31.65999984741211,31.889999389648438,31.049999237060547,31.25,30.72090721130371,427734
2024-01-03,31.219999313354492,31.219999313354492,30.489999771118164,30.670000076293945,30.150726318359375,495127
2024-01-04,30.84000015258789,31.0,30.610000610351562,30.709999084472656,30.190048217773438,420193
2024-01-05,30.600000381469727,31.25,30.450000762939453,31.09000015258789,30.563615798950195,486534
2024-01-08,31.079999923706055,32.369998931884766,31.020000457763672,32.349998474121094,31.80228042602539,457459
2024-01-09,32.0099983215332,32.0099983215332,30.934999465942383,31.270000457763672,30.740568161010742,649792
2024-01-10,31.239999771118164,31.795000076293945,31.170000076293945,31.719999313354492,31.182947158813477,354480
2024-01-11,31.440000534057617,31.904199600219727,31.399999618530273,31.709999084472656,31.17311668395996,555090
2024-01-12,32.060001373291016,32.224998474121094,31.84000015258789,32.20000076293945,31.654823303222656,298987
2024-01-16,32.0,32.77000045776367,31.899999618530273,32.75,32.19551086425781,413334
2024-01-17,32.380001068115234,32.66999816894531,31.8700008392334,32.029998779296875,31.487699508666992,461777
2024-01-18,32.220001220703125,32.50699996948242,31.920000076293945,32.4900016784668,31.939912796020508,336916
2024-01-19,32.63999938964844,32.810001373291016,32.099998474121094,32.75,32.19551086425781,370181
2024-01-22,33.0,33.45000076293945,32.90010070800781,33.20000076293945,32.63789367675781,395569
2024-01-23,33.47999954223633,34.029998779296875,33.47999954223633,33.68000030517578,33.109764099121094,406888
2024-01-24,34.0,34.369998931884766,33.81999969482422,34.04999923706055,33.4734992980957,370659
2024-01-25,34.470001220703125,35.119998931884766,34.2400016784668,34.95000076293945,34.35826110839844,467965
2024-01-26,35.130001068115234,35.810001373291016,34.970001220703125,35.150001525878906,34.55487823486328,545038
2024-01-29,35.25,35.310001373291016,34.435001373291016,34.52000045776367,33.935543060302734,333630
2024-01-30,34.31999969482422,34.47999954223633,34.04999923706055,34.119998931884766,33.54231262207031,292930
2024-01-31,34.209999084472656,34.4900016784668,33.63999938964844,33.84000015258789,33.26705551147461,2023914
2024-02-01,34.15999984741211,34.724998474121094,34.070098876953125,34.47999954223633,33.896217346191406,354629
2024-02-02,34.15999984741211,34.314998626708984,33.79999923706055,34.04999923706055,33.4734992980957,255060
2024-02-05,33.63999938964844,33.91999816894531,33.349998474121094,33.650001525878906,33.08027267456055,258597
2024-02-06,33.619998931884766,34.29999923706055,33.599998474121094,33.689998626708984,33.119590759277344,312488
2024-02-07,33.61000061035156,33.630001068115234,33.150001525878906,33.529998779296875,32.962303161621094,321321
2024-02-08,33.619998931884766,33.76499938964844,33.35499954223633,33.650001525878906,33.08027267456055,232300
2024-02-09,33.70000076293945,34.599998474121094,33.70000076293945,34.529998779296875,33.94537353515625,426825
2024-02-12,34.5099983215332,35.040000915527344,34.5099983215332,34.779998779296875,34.191139221191406,334386
2024-02-13,33.97999954223633,34.220001220703125,32.63800048828125,32.939998626708984,32.382293701171875,392673
2024-02-14,33.18000030517578,33.435001373291016,32.994998931884766,33.189998626708984,32.62805938720703,350368
2024-02-15,33.45000076293945,33.939998626708984,33.45000076293945,33.84000015258789,33.26705551147461,202202
2024-02-16,33.59000015258789,34.029998779296875,33.369998931884766,33.63999938964844,33.07044219970703,297378
2024-02-20,33.25,33.579898834228516,33.029998779296875,33.290000915527344,32.72636795043945,291805
2024-02-21,33.36000061035156,33.400001525878906,32.5,33.0099983215332,32.451107025146484,250823
2024-02-22,33.0,33.72999954223633,32.79999923706055,33.58000183105469,33.01145935058594,220604
2024-02-23,33.439998626708984,33.720001220703125,33.34000015258789,33.43000030517578,32.86399841308594,325750
2024-02-26,33.29999923706055,33.79999923706055,33.18000030517578,33.459999084472656,32.89348602294922,205874
2024-02-27,33.5099983215332,33.7400016784668,33.38999938964844,33.61000061035156,33.040950775146484,249298
2024-02-28,33.34000015258789,33.45000076293945,32.900001525878906,32.900001525878906,32.34297561645508,380137
2024-02-29,33.25,33.70000076293945,32.983001708984375,33.349998474121094,32.78535079956055,1666177
2024-03-01,33.27000045776367,33.404998779296875,32.90999984741211,33.220001220703125,32.657554626464844,291878
2024-03-04,33.13999938964844,33.25,32.88999938964844,32.97999954223633,32.42161560058594,235620
2024-03-05,32.93000030517578,33.20000076293945,32.81999969482422,32.97999954223633,32.42161560058594,342624
2024-03-06,33.20000076293945,33.27000045776367,32.79999923706055,33.119998931884766,32.55924606323242,385032
2024-03-07,35.400001525878906,37.47999954223633,35.400001525878906,37.310001373291016,36.678306579589844,608773
2024-03-08,37.650001525878906,37.93000030517578,36.75,36.97999954223633,36.3538932800293,651495
2024-03-11,37.029998779296875,37.650001525878906,36.65999984741211,37.4900016784668,36.85525894165039,492125
2024-03-12,37.43000030517578,37.720001220703125,37.099998474121094,37.369998931884766,36.73728561401367,306229
2024-03-13,37.22999954223633,37.650001525878906,37.060001373291016,37.650001525878906,37.012550354003906,330028
2024-03-14,37.65999984741211,37.91999816894531,36.83000183105469,37.04999923706055,36.422706604003906,568040
2024-03-15,36.529998779296875,37.625,36.529998779296875,37.34000015258789,36.70779800415039,1405043
2024-03-18,37.279998779296875,37.665000915527344,36.959999084472656,36.970001220703125,36.34406280517578,297448
2024-03-19,36.84000015258789,37.34000015258789,36.54999923706055,37.0,36.37355422973633,261762
2024-03-20,36.869998931884766,37.2599983215332,36.619998931884766,37.0099983215332,36.383384704589844,266698
2024-03-21,37.22999954223633,37.560001373291016,37.04999923706055,37.31999969482422,36.68813705444336,301628
2024-03-22,37.52000045776367,37.52000045776367,36.96500015258789,36.9900016784668,36.36372756958008,197134
2024-03-25,36.970001220703125,37.310001373291016,36.88999938964844,36.939998626708984,36.31456756591797,221783
2024-03-26,37.150001525878906,37.185001373291016,36.75,36.93000030517578,36.30473709106445,209356
2024-03-27,37.2400016784668,37.959999084472656,37.06999969482422,37.95000076293945,37.30746841430664,280765
2024-03-28,37.95000076293945,38.525001525878906,37.81999969482422,38.130001068115234,37.48442077636719,301101
2024-04-01,38.45000076293945,38.665000915527344,38.119998931884766,38.41999816894531,37.769508361816406,285332
2024-04-02,37.9900016784668,38.459999084472656,37.5099983215332,38.400001525878906,37.74985122680664,363513
2024-04-03,38.27000045776367,38.66999816894531,38.2599983215332,38.439998626708984,37.78916931152344,260412
2024-04-04,38.77000045776367,38.86000061035156,37.720001220703125,37.900001525878906,37.25831985473633,336494
2024-04-05,37.900001525878906,38.540000915527344,37.900001525878906,38.38999938964844,37.740020751953125,219966
2024-04-08,38.06999969482422,38.45000076293945,37.9900016784668,38.31999969482422,38.0178108215332,280309
2024-04-09,38.4900016784668,39.84000015258789,38.4900016784668,39.599998474121094,39.287715911865234,474694
2024-04-10,38.65999984741211,39.18000030517578,38.5099983215332,39.150001525878906,38.84126663208008,375123
2024-04-11,39.29999923706055,39.48500061035156,38.0099983215332,38.029998779296875,37.73009490966797,400214
2024-04-12,37.68000030517578,37.73500061035156,36.90999984741211,37.119998931884766,36.827274322509766,238031
2024-04-15,37.31999969482422,37.54520034790039,36.689998626708984,37.02000045776367,36.72806167602539,232441
2024-04-16,36.849998474121094,36.900001525878906,36.279998779296875,36.630001068115234,36.34114074707031,182284
2024-04-17,37.150001525878906,37.150001525878906,35.939998626708984,36.31999969482422,36.0335807800293,302975
2024-04-18,36.54999923706055,36.7400016784668,36.13999938964844,36.59000015258789,36.30145263671875,186550
2024-04-19,36.45000076293945,37.7400016784668,36.45000076293945,37.529998779296875,37.234039306640625,326488
2024-04-22,37.619998931884766,38.27000045776367,37.32820129394531,38.09000015258789,37.78962326049805,262278
2024-04-23,38.0099983215332,38.76499938964844,37.779998779296875,38.70000076293945,38.394813537597656,198488
2024-04-24,38.4900016784668,38.654998779296875,38.0099983215332,38.380001068115234,38.07733917236328,178082
2024-04-25,38.150001525878906,38.16999816894531,37.76499938964844,37.95000076293945,37.65073013305664,177984
2024-04-26,37.959999084472656,38.77000045776367,37.83000183105469,38.349998474121094,38.04757308959961,255240
2024-04-29,38.36000061035156,38.75,38.119998931884766,38.52000045776367,38.21623611450195,214952
2024-04-30,38.29999923706055,38.38990020751953,37.529998779296875,37.56999969482422,37.27372360229492,325313
2024-05-01,37.38999938964844,38.290000915527344,37.369998931884766,37.65999984741211,37.363014221191406,197357
2024-05-02,38.08000183105469,38.369998931884766,37.87009811401367,38.31999969482422,38.0178108215332,186683
2024-05-03,38.86000061035156,38.875,37.69499969482422,37.810001373291016,37.51183319091797,262018
2024-05-06,38.06999969482422,39.220001220703125,37.93000030517578,39.06999969482422,38.761898040771484,268129
2024-05-07,39.13999938964844,39.31999969482422,38.68000030517578,38.70000076293945,38.394813537597656,261635
2024-05-08,38.369998931884766,39.02000045776367,38.040000915527344,38.869998931884766,38.563472747802734,455757
2024-05-09,38.939998626708984,39.2400016784668,38.560001373291016,39.06999969482422,38.761898040771484,367626
2024-05-10,39.15999984741211,39.20000076293945,37.88999938964844,38.029998779296875,37.73009490966797,181554
2024-05-13,38.279998779296875,38.72999954223633,38.189998626708984,38.22999954223633,37.92852020263672,237320
2024-05-14,38.77000045776367,38.77000045776367,37.7599983215332,38.310001373291016,38.00789260864258,203374
2024-05-15,38.72999954223633,38.72999954223633,38.09000015258789,38.150001525878906,37.849151611328125,186159
2024-05-16,37.9900016784668,38.650001525878906,37.869998931884766,38.5099983215332,38.2063102722168,139714
2024-05-17,38.75,38.83000183105469,38.404998779296875,38.689998626708984,38.384891510009766,167951
2024-05-20,38.619998931884766,38.779998779296875,38.209999084472656,38.22999954223633,37.92852020263672,152000
2024-05-21,38.099998474121094,38.310001373291016,37.665000915527344,37.970001220703125,37.67057418823242,195584
2024-05-22,37.869998931884766,37.869998931884766,37.14099884033203,37.599998474121094,37.30348587036133,185030
2024-05-23,37.650001525878906,37.650001525878906,37.04999923706055,37.31999969482422,37.02569580078125,175519
2024-05-24,37.61000061035156,38.0099983215332,37.375,37.900001525878906,37.60112380981445,146033
2024-05-28,38.099998474121094,38.20000076293945,36.959999084472656,37.31999969482422,37.02569580078125,209633
2024-05-29,37.11000061035156,37.220001220703125,36.20000076293945,36.22999954223633,35.94429397583008,140414
2024-05-30,36.47999954223633,36.900001525878906,36.31549835205078,36.65999984741211,36.37090301513672,194026
2024-05-31,36.709999084472656,36.929901123046875,36.08000183105469,36.45000076293945,36.162559509277344,283143
2024-06-03,36.86000061035156,36.86000061035156,36.04999923706055,36.2400016784668,35.95421600341797,221977
2024-06-04,36.2599983215332,36.43000030517578,35.54999923706055,35.7400016784668,35.45815658569336,208368
2024-06-05,36.0099983215332,36.2599983215332,35.54999923706055,35.900001525878906,35.61689758300781,208214
2024-06-06,35.709999084472656,36.060001373291016,35.59000015258789,35.599998474121094,35.31925964355469,187051
2024-06-07,35.279998779296875,35.915000915527344,35.279998779296875,35.529998779296875,35.249813079833984,238606
2024-06-10,35.18000030517578,36.02000045776367,34.849998474121094,35.91999816894531,35.63673400878906,316620
2024-06-11,35.689998626708984,35.84000015258789,35.290000915527344,35.68000030517578,35.39863204956055,273196
2024-06-12,36.560001373291016,37.400001525878906,36.25,36.47999954223633,36.19232177734375,314741
2024-06-13,41.97999954223633,43.720001220703125,40.794700622558594,40.900001525878906,40.57746505737305,1334940
2024-06-14,40.33000183105469,40.56999969482422,38.459999084472656,40.130001068115234,39.81353759765625,540113
2024-06-17,39.2599983215332,40.185001373291016,39.2599983215332,39.97999954223633,39.66471862792969,394466
2024-06-18,39.540000915527344,40.279998779296875,39.540000915527344,39.880001068115234,39.56550979614258,347945
2024-06-20,39.97999954223633,40.52000045776367,39.709999084472656,39.869998931884766,39.55558776855469,358171
2024-06-21,39.790000915527344,40.27000045776367,39.77000045776367,39.93000030517578,39.615116119384766,788126
2024-06-24,40.04999923706055,40.86000061035156,40.04999923706055,40.650001525878906,40.329437255859375,335261
2024-06-25,40.709999084472656,40.95000076293945,40.51499938964844,40.68000030517578,40.35919952392578,316419
2024-06-26,40.310001373291016,40.720001220703125,39.810001373291016,39.9900016784668,39.674644470214844,229136
2024-06-27,40.27000045776367,40.65999984741211,39.900001525878906,40.040000915527344,39.724246978759766,366749
2024-06-28,40.349998474121094,40.810001373291016,40.18000030517578,40.70000076293945,40.37904357910156,1146409
2024-07-01,40.7400016784668,41.04999923706055,40.11000061035156,40.689998626708984,40.36912155151367,233648
2024-07-02,40.81999969482422,41.86000061035156,40.599998474121094,41.84000015258789,41.51005172729492,315630
2024-07-03,42.0,43.189998626708984,42.0,43.119998931884766,42.77995681762695,276682
2024-07-05,42.970001220703125,43.52000045776367,42.432098388671875,43.29999923706055,42.95853805541992,305819
2024-07-08,43.599998474121094,44.80500030517578,43.41999816894531,44.70000076293945,44.34749984741211,480324
2024-07-09,44.189998626708984,44.529998779296875,43.88999938964844,44.29999923706055,44.29999923706055,468353
2024-07-10,44.459999084472656,44.849998474121094,43.595001220703125,44.689998626708984,44.689998626708984,425554
2024-07-11,45.29999923706055,46.2400016784668,45.22999954223633,45.88999938964844,45.88999938964844,529918
2024-07-12,46.400001525878906,46.849998474121094,45.82500076293945,46.15999984741211,46.15999984741211,437311
2024-07-15,46.5,47.599998474121094,46.435001373291016,46.650001525878906,46.650001525878906,348477
2024-07-16,46.900001525878906,48.41999816894531,46.68899917602539,48.31999969482422,48.31999969482422,371521
2024-07-17,47.88999938964844,49.20000076293945,47.88999938964844,48.34000015258789,48.34000015258789,437752
2024-07-18,48.029998779296875,48.720001220703125,46.70000076293945,47.09000015258789,47.09000015258789,270079
2024-07-19,47.09000015258789,47.09000015258789,46.5,46.529998779296875,46.529998779296875,247956
2024-07-22,46.560001373291016,47.13999938964844,46.11000061035156,47.0,47.0,163944
2024-07-23,46.7400016784668,47.77000045776367,46.7400016784668,47.43000030517578,47.43000030517578,233409
2024-07-24,47.27000045776367,47.66999816894531,46.650001525878906,46.68000030517578,46.68000030517578,175657
2024-07-25,46.90999984741211,47.38999938964844,46.470001220703125,46.68000030517578,46.68000030517578,275166
2024-07-26,47.470001220703125,47.470001220703125,46.81999969482422,47.400001525878906,47.400001525878906,282428
2024-07-29,47.400001525878906,47.61000061035156,46.619998931884766,47.40999984741211,47.40999984741211,209134
2024-07-30,47.59000015258789,47.959999084472656,46.540000915527344,47.41999816894531,47.41999816894531,345119
2024-07-31,47.7599983215332,48.31999969482422,46.939998626708984,47.75,47.75,229351
2024-08-01,47.790000915527344,48.150001525878906,46.150001525878906,47.220001220703125,47.220001220703125,305830
2024-08-02,45.61000061035156,46.40999984741211,45.25,46.02000045776367,46.02000045776367,257472
2024-08-05,44.02000045776367,44.66999816894531,43.0,44.20000076293945,44.20000076293945,234336
2024-08-06,44.119998931884766,44.720001220703125,43.68000030517578,44.2400016784668,44.2400016784668,275717
2024-08-07,44.7599983215332,45.29499816894531,43.95000076293945,44.09000015258789,44.09000015258789,200676
2024-08-08,44.369998931884766,45.150001525878906,44.349998474121094,45.029998779296875,45.029998779296875,171730
2024-08-09,44.97999954223633,45.439998626708984,44.630001068115234,45.25,45.25,197306
2024-08-12,45.279998779296875,45.279998779296875,44.314998626708984,44.5,44.5,174198
2024-08-13,45.029998779296875,45.23500061035156,44.45000076293945,45.040000915527344,45.040000915527344,174131
2024-08-14,45.45000076293945,45.45000076293945,44.63999938964844,44.689998626708984,44.689998626708984,254754
2024-08-15,45.709999084472656,45.880001068115234,45.38999938964844,45.77000045776367,45.77000045776367,281431
2024-08-16,45.7599983215332,45.9640998840332,45.29999923706055,45.84000015258789,45.84000015258789,227259
2024-08-19,45.97999954223633,46.369998931884766,45.75,45.959999084472656,45.959999084472656,165485
2024-08-20,45.7599983215332,45.77000045776367,45.2599983215332,45.29999923706055,45.29999923706055,124163
2024-08-21,45.709999084472656,46.0099983215332,45.44269943237305,45.849998474121094,45.849998474121094,126222
2024-08-22,45.95000076293945,46.209999084472656,45.72999954223633,45.849998474121094,45.849998474121094,111836
2024-08-23,46.189998626708984,48.0,46.16709899902344,46.939998626708984,46.939998626708984,268314
2024-08-26,47.29999923706055,47.724998474121094,47.15999984741211,47.209999084472656,47.209999084472656,130467
2024-08-27,47.06999969482422,47.29999923706055,46.63999938964844,47.290000915527344,47.290000915527344,132643
2024-08-28,47.189998626708984,47.67499923706055,46.810001373291016,46.83000183105469,46.83000183105469,176511
2024-08-29,47.29999923706055,48.26499938964844,46.880001068115234,47.61000061035156,47.61000061035156,179424
2024-08-30,47.959999084472656,48.47999954223633,47.599998474121094,48.310001373291016,48.310001373291016,260245
2024-09-03,47.91999816894531,48.290000915527344,47.2400016784668,47.54999923706055,47.54999923706055,268063
2024-09-04,47.43000030517578,48.029998779296875,47.22999954223633,47.650001525878906,47.650001525878906,228967
2024-09-05,44.04999923706055,45.18000030517578,41.400001525878906,44.65999984741211,44.65999984741211,1293341
2024-09-06,44.810001373291016,45.275001525878906,42.790000915527344,43.209999084472656,43.209999084472656,721012
2024-09-09,43.5,43.5,42.04499816894531,42.970001220703125,42.970001220703125,853214
2024-09-10,42.810001373291016,43.375,42.650001525878906,42.97999954223633,42.97999954223633,506111
2024-09-11,42.90999984741211,43.400001525878906,42.04999923706055,43.150001525878906,43.150001525878906,398278
2024-09-12,43.529998779296875,45.314998626708984,43.31999969482422,45.18000030517578,45.18000030517578,410084
2024-09-13,45.709999084472656,46.95500183105469,45.63999938964844,46.86000061035156,46.86000061035156,335986
